# This file was generated by Animated Java via MC-Build. It is not recommended to edit this file directly.
$data merge entity $(bone_jaw) { transformation: [-0.9991457868667052f,-0.017742058472025916f,-0.03732178918122564f,0.031199538547020123f,-0.01590784006069257f,0.9986778891346346f,-0.04888163641076059f,0.654541193784955f,0.03813970648964229f,-0.04824617202188775f,-0.9981070431943252f,3.229945750769436f,0f,0f,0f,1f], start_interpolation: 0, interpolation_duration: 1 }
$data merge entity $(bone_head) { transformation: [-1.1240390102250433f,-0.019419571724549174f,-0.0422395990314793f,0.021812960984469165f,-0.01789632006827914f,1.124125608168948f,-0.04057510057666522f,0.6455245047679183f,0.04290716980084757f,-0.039868500007247315f,-1.1234742887520184f,2.980284797713432f,0f,0f,0f,1f], start_interpolation: 0, interpolation_duration: 1 }
$data merge entity $(bone_neck) { transformation: [-0.9991457868667052f,-0.0172618415329326f,-0.03754631025020382f,0.5092201839682721f,-0.01590784006069257f,0.9992227628168426f,-0.03606675606814686f,-0.4375f,0.03813970648964229f,-0.03543866667310872f,-0.9986438122240163f,2.1874704303767754f,0f,0f,0f,1f], start_interpolation: 0, interpolation_duration: 1 }
$data merge entity $(bone_right_arm2) { transformation: [-0.9999794298273219f,0f,-0.00641404102140671f,-0.8645488993527817f,0f,1f,0f,-1.875f,0.00641404102140671f,0f,-0.9999794298273219f,2.3837858798738325f,0f,0f,0f,1f], start_interpolation: 0, interpolation_duration: 1 }
$data merge entity $(bone_right_arm1) { transformation: [-1.1353933109497716f,0f,-0.007282609076388868f,-0.5564649807339607f,0f,1.1354166666666665f,0f,-0.5625f,0.007282609076388868f,0f,-1.1353933109497716f,1.694295634048359f,0f,0f,0f,1f], start_interpolation: 0, interpolation_duration: 1 }
$data merge entity $(bone_left_arm2) { transformation: [-0.9999794298273219f,0f,-0.00641404102140671f,0.8854151028450314f,0f,1f,0f,-1.875f,0.00641404102140671f,0f,-0.9999794298273219f,2.372561308086371f,0f,0f,0f,1f], start_interpolation: 0, interpolation_duration: 1 }
$data merge entity $(bone_left_arm1) { transformation: [-1.1353933109497716f,0f,-0.007282609076388868f,0.5685118778217763f,0f,1.1354166666666665f,0f,-0.5625f,0.007282609076388868f,0f,-1.1353933109497716f,1.6870798378992764f,0f,0f,0f,1f], start_interpolation: 0, interpolation_duration: 1 }
$data merge entity $(bone_body2) { transformation: [-1.58330076389326f,0f,-0.010155564950560626f,0.4999999999999999f,0f,1.5833333333333335f,0f,-0.5f,0.010155564950560626f,0f,-1.58330076389326f,0.75f,0f,0f,0f,1f], start_interpolation: 0, interpolation_duration: 1 }
$data merge entity $(bone_right_leg2) { transformation: [-1f,4.7118299167703426e-18f,1.2237400249012861e-16f,-1f,0f,0.9992595626374083f,-0.03847501108116154f,-2.5734590622541376f,-1.2246467991473532e-16f,-0.03847501108116154f,-0.9992595626374083f,-0.3819607848950205f,0f,0f,0f,1f], start_interpolation: 0, interpolation_duration: 1 }
$data merge entity $(bone_right_leg1) { transformation: [-1.3333333333333333f,6.2824398890271234e-18f,1.6316533665350482e-16f,-0.625f,0f,1.3323460835165444f,-0.05130001477488205f,-1.125f,-1.6328623988631375e-16f,-0.05130001477488205f,-1.3323460835165444f,-0.12500000000000008f,0f,0f,0f,1f], start_interpolation: 0, interpolation_duration: 1 }
$data merge entity $(bone_left_leg2) { transformation: [-1f,-4.7118299167703426e-18f,1.2237400249012861e-16f,1f,0f,0.9992595626374083f,0.03847501108116154f,-2.5494121803284115f,-1.2246467991473532e-16f,0.03847501108116154f,-0.9992595626374083f,-0.4925764417533597f,0f,0f,0f,1f], start_interpolation: 0, interpolation_duration: 1 }
$data merge entity $(bone_left_leg1) { transformation: [-1.3333333333333333f,-6.2824398890271234e-18f,1.6316533665350482e-16f,0.625f,0f,1.3323460835165444f,0.05130001477488205f,-1.125f,-1.6328623988631375e-16f,0.05130001477488205f,-1.3323460835165444f,-0.12499999999999993f,0f,0f,0f,1f], start_interpolation: 0, interpolation_duration: 1 }
$data merge entity $(bone_tail3) { transformation: [-0.9959709407963653f,0f,0.0896765581922235f,0.2154546167215921f,0f,1f,0f,-0.5625f,-0.0896765581922235f,0f,-0.9959709407963653f,-3.798275624761372f,0f,0f,0f,1f], start_interpolation: 0, interpolation_duration: 1 }
$data merge entity $(bone_tail2) { transformation: [-1.5354552003943964f,0f,0.13825136054634454f,-0.0771852974883726f,0f,1.5416666666666665f,0f,-0.75f,-0.13825136054634454f,0f,-1.5354552003943964f,-1.9420396805422147f,0f,0f,0f,1f], start_interpolation: 0, interpolation_duration: 1 }
$data merge entity $(bone_tail1) { transformation: [-0.9989922273962809f,0f,0.04488351146932932f,1.1102230246251565e-16f,0f,1f,0f,-0.75f,-0.04488351146932932f,0f,-0.9989922273962809f,-0.875f,0f,0f,0f,1f], start_interpolation: 0, interpolation_duration: 1 }
data modify entity @s data merge value {"locators":{"head":{"posx":0.044334833895740736,"posy":0.03228113927868759,"posz":3.31451015570413,"roty":357.8468475843556,"rotx":-2.0669211809654504},"neck":{"posx":0.020813769891044664,"posy":-0.8156541115781439,"posz":2.3446602601520143,"roty":357.8468475843556,"rotx":-2.0669211809654504},"right_arm":{"posx":-0.923840593206286,"posy":-2.875,"posz":2.8841764723513315,"roty":359.63250000000005,"rotx":0},"left_arm":{"posx":0.9511208377199424,"posy":-2.875,"posz":2.8721501454361937,"roty":359.63250000000005,"rotx":0},"tail1":{"posx":0.10896370386832671,"posy":-1.5,"posz":-2.6155601325656876,"roty":5.14500000000001,"rotx":0},"tail2":{"posx":0.2658976807047178,"posy":-1.875,"posz":-4.358509278959327,"roty":5.14500000000001,"rotx":0}},"cameras":{}}