# This file was generated by Animated Java via MC-Build. It is not recommended to edit this file directly.
$data merge entity $(bone_jaw) { transformation: [-0.9998430801234502f,-0.007158935530410359f,-0.016203850509163883f,0.013776537062706361f,-0.006820684583168651f,0.9997596699765879f,-0.020834599831066697f,0.6377364183835372f,0.016349109794384156f,-0.02072080911487742f,-0.9996516166538001f,3.2417277599871768f,0f,0f,0f,1f], start_interpolation: 0, interpolation_duration: 1 }
$data merge entity $(bone_head) { transformation: [-1.1248234651388815f,-0.007953460274994974f,-0.018273334195310825f,0.009715796130415066f,-0.007673270156064733f,1.1248414924871724f,-0.017255077639426995f,0.6339019566858868f,0.018392748518682174f,-0.017127733325944916f,-1.1247192305429137f,2.9917901531998625f,0f,0f,0f,1f], start_interpolation: 0, interpolation_duration: 1 }
$data merge entity $(bone_neck) { transformation: [-0.9998430801234502f,-0.007069742466662199f,-0.01624296372916518f,0.503951529533022f,-0.006820684583168651f,0.999859104433042f,-0.015337846790601774f,-0.4375f,0.016349109794384156f,-0.015224651845284369f,-0.9997504271492567f,2.1874945688295138f,0f,0f,0f,1f], start_interpolation: 0, interpolation_duration: 1 }
$data merge entity $(bone_right_arm2) { transformation: [-0.9999962217944444f,0f,-0.0027488901099284114f,-0.8705278585387275f,0f,1f,0f,-1.875f,0.0027488901099284114f,0f,-0.9999962217944444f,2.378773584317124f,0f,0f,0f,1f], start_interpolation: 0, interpolation_duration: 1 }
$data merge entity $(bone_right_arm1) { transformation: [-1.1354123768291084f,0f,-0.0031211356456478834f,-0.5599189011785394f,0f,1.1354166666666665f,0f,-0.5625f,0.0031211356456478834f,0f,-1.1354123768291084f,1.6904171536740906f,0f,0f,0f,1f], start_interpolation: 0, interpolation_duration: 1 }
$data merge entity $(bone_left_arm2) { transformation: [-0.9999962217944444f,0f,-0.0027488901099284114f,0.8794655296015501f,0f,1f,0f,-1.875f,0.0027488901099284114f,0f,-0.9999962217944444f,2.373963026624749f,0f,0f,0f,1f], start_interpolation: 0, interpolation_duration: 1 }
$data merge entity $(bone_left_arm1) { transformation: [-1.1354123768291084f,0f,-0.0031211356456478834f,0.5650768483402105f,0f,1.1354166666666665f,0f,-0.5625f,0.0031211356456478834f,0f,-1.1354123768291084f,1.687324652300421f,0f,0f,0f,1f], start_interpolation: 0, interpolation_duration: 1 }
$data merge entity $(bone_body2) { transformation: [-1.5833273511745372f,0f,-0.004352409340719985f,0.4999999999999999f,0f,1.5833333333333335f,0f,-0.5f,0.004352409340719985f,0f,-1.5833273511745372f,0.75f,0f,0f,0f,1f], start_interpolation: 0, interpolation_duration: 1 }
$data merge entity $(bone_right_leg2) { transformation: [-1f,2.0197626525021885e-18f,1.2244802319942179e-16f,-1f,0f,0.9998639875976882f,-0.016492613657329003f,-2.567458423939592f,-1.2246467991473532e-16f,-0.016492613657329003f,-0.9998639875976882f,-0.41374936399186724f,0f,0f,0f,1f], start_interpolation: 0, interpolation_duration: 1 }
$data merge entity $(bone_right_leg1) { transformation: [-1.3333333333333333f,2.6930168700029177e-18f,1.6326403093256237e-16f,-0.625f,0f,1.3331519834635843f,-0.021990151543105338f,-1.125f,-1.6328623988631375e-16f,-0.021990151543105338f,-1.3331519834635843f,-0.12500000000000008f,0f,0f,0f,1f], start_interpolation: 0, interpolation_duration: 1 }
$data merge entity $(bone_left_leg2) { transformation: [-1f,-2.0197626525021885e-18f,1.2244802319942179e-16f,1f,0f,0.9998639875976882f,0.016492613657329003f,-2.5571505404037618f,-1.2246467991473532e-16f,0.016492613657329003f,-0.9998639875976882f,-0.46116562825668794f,0f,0f,0f,1f], start_interpolation: 0, interpolation_duration: 1 }
$data merge entity $(bone_left_leg1) { transformation: [-1.3333333333333333f,-2.6930168700029177e-18f,1.6326403093256237e-16f,0.625f,0f,1.3331519834635843f,0.021990151543105338f,-1.125f,-1.6328623988631375e-16f,0.021990151543105338f,-1.3331519834635843f,-0.12499999999999993f,0f,0f,0f,1f], start_interpolation: 0, interpolation_duration: 1 }
$data merge entity $(bone_tail3) { transformation: [-0.9992595626374082f,0f,0.038475011081161636f,0.09251486621127564f,0f,1f,0f,-0.5625f,-0.038475011081161636f,0f,-0.9992595626374082f,-3.8085107401251097f,0f,0f,0f,1f], start_interpolation: 0, interpolation_duration: 1 }
$data merge entity $(bone_tail2) { transformation: [-1.5405251590660043f,0f,0.05931564208345752f,-0.10453322489557848f,0f,1.5416666666666665f,0f,-0.75f,-0.05931564208345752f,0f,-1.5405251590660043f,-1.9397084365651145f,0f,0f,0f,1f], start_interpolation: 0, interpolation_duration: 1 }
$data merge entity $(bone_tail1) { transformation: [-0.9998148735234459f,0f,0.019241067571625553f,1.1102230246251565e-16f,0f,1f,0f,-0.75f,-0.019241067571625553f,0f,-0.9998148735234459f,-0.875f,0f,0f,0f,1f], start_interpolation: 0, interpolation_duration: 1 }
data modify entity @s data merge value {"locators":{"head":{"posx":0.01921031133744306,"posy":0.013783093537298452,"posz":3.313727569087308,"roty":359.0691963020554,"rotx":-0.8788283475447819},"neck":{"posx":0.00871151336244086,"posy":-0.8139402756051499,"posz":2.3263471715623445,"roty":359.0691963020554,"rotx":-0.8788283475447819},"right_arm":{"posx":-0.931653177345916,"posy":-2.875,"posz":2.8789435008462165,"roty":359.84250000000003,"rotx":0},"left_arm":{"posx":0.943339738518667,"posy":-2.875,"posz":2.8737893318901007,"roty":359.84250000000003,"rotx":0},"tail1":{"posx":0.04682579055239616,"posy":-1.5,"posz":-2.621890009493187,"roty":2.204999999999984,"rotx":0},"tail2":{"posx":0.11415705994442905,"posy":-1.875,"posz":-4.370594244108652,"roty":2.204999999999984,"rotx":0}},"cameras":{}}