# This file was generated by Animated Java via MC-Build. It is not recommended to edit this file directly.
$data merge entity $(bone_jaw) { transformation: [-0.43818242356081577f,0.2193053301485747f,-0.87172319910095f,1.4949454762109289f,-0.13482396450543865f,0.9427762440673871f,0.3049515571647844f,0.1121366272482306f,0.8887174254381458f,0.25115359004126375f,-0.3835403654532059f,3.1320794317916136f,0f,0f,0f,1f], start_interpolation: 0, interpolation_duration: 1 }
$data merge entity $(bone_head) { transformation: [-0.4929552265059177f,0.08061694570265496f,-1.0080282995660759f,1.2709391874184677f,-0.15167696006861847f,1.1028389840019668f,0.16237387459148767f,0.14821971049078342f,0.999807103617914f,0.2070557495726323f,-0.472375562581378f,3.0271070845513073f,0f,0f,0f,1f], start_interpolation: 0, interpolation_duration: 1 }
$data merge entity $(bone_neck) { transformation: [-0.9680819554612707f,0.07165950729124886f,-0.24017127747725758f,1.4837027757018793f,0.02392517463902566f,0.9803013191128594f,0.19605333397848615f,-0.7460196945286226f,0.24948930543968123f,0.18404955517567317f,-0.9507264841745298f,1.9343445110655086f,0f,0f,0f,1f], start_interpolation: 0, interpolation_duration: 1 }
$data merge entity $(bone_right_arm2) { transformation: [-0.9317191894024073f,0.08254714223990858f,-0.35367403270150555f,0.150241254435233f,0.005462245421907222f,0.9769019688353768f,0.21361813396927556f,-2.1828590873935934f,0.36313842536183394f,0.197100260257537f,-0.9106492032787044f,2.321074947432578f,0f,0f,0f,1f], start_interpolation: 0, interpolation_duration: 1 }
$data merge entity $(bone_right_arm1) { transformation: [-1.0578894963006498f,0.09372540108489619f,-0.40156739129650104f,0.30659572783108024f,0.006201924489457157f,1.1091907771151672f,0.24254558961094827f,-0.7555197378876305f,0.4123134204629156f,0.2237909205007451f,-1.033966282889362f,1.840216953840913f,0f,0f,0f,1f], start_interpolation: 0, interpolation_duration: 1 }
$data merge entity $(bone_left_arm2) { transformation: [-0.9317191894024073f,0.08254714223990858f,-0.35367403270150555f,1.7807498358894458f,0.005462245421907222f,0.9769019688353768f,0.21361813396927556f,-2.192418016881931f,0.36313842536183394f,0.197100260257537f,-0.9106492032787044f,1.6855827030493686f,0f,0f,0f,1f], start_interpolation: 0, interpolation_duration: 1 }
$data merge entity $(bone_left_arm1) { transformation: [-1.0578894963006498f,0.09372540108489619f,-0.40156739129650104f,1.3547798159087885f,0.006201924489457157f,1.1091907771151672f,0.24254558961094827f,-0.7616647639872761f,0.4123134204629156f,0.2237909205007451f,-1.033966282889362f,1.4316862253088498f,0f,0f,0f,1f], start_interpolation: 0, interpolation_duration: 1 }
$data merge entity $(bone_body2) { transformation: [-1.475222049887145f,0.13069964187985528f,-0.5599838851107172f,0.9701371573034708f,0.008648555251353102f,1.5467614506560134f,0.3382287121180197f,-0.5f,0.5749691734895704f,0.3120754120744336f,-1.4418612385246155f,0.6129675150862752f,0f,0f,0f,1f], start_interpolation: 0, interpolation_duration: 1 }
$data merge entity $(bone_right_leg2) { transformation: [-0.8545242263322781f,0.15248877812354827f,-0.49652343263697946f,-1.219241341529517f,0f,0.9559345443292996f,0.29357988173227123f,-2.313925101920706f,0.5194115387736604f,0.25087112130399075f,-0.8168692269172935f,-0.06605460808391211f,0f,0f,0f,1f], start_interpolation: 0, interpolation_duration: 1 }
$data merge entity $(bone_right_leg1) { transformation: [-1.1393656351097041f,0.27963681961119596f,-0.6335826516142737f,-0.44881537653949655f,0f,1.2198085801293002f,0.5383723670664369f,-1.125f,0.6925487183648805f,0.46005223044612414f,-1.0423559832084648f,0.4794620593901768f,0f,0f,0f,1f], start_interpolation: 0, interpolation_duration: 1 }
$data merge entity $(bone_left_leg2) { transformation: [0.04361938736533566f,-0.1345930003216197f,-0.9899404392741502f,1.4369731043602867f,0f,0.9908835408432171f,-0.13472122507611278f,-2.326560091200675f,0.9990482215818578f,0.005876457302927539f,0.04322173300197572f,-0.6038259289752379f,0f,0f,0f,1f], start_interpolation: 0, interpolation_duration: 1 }
$data merge entity $(bone_left_leg1) { transformation: [0.05815918315378088f,-0.9821008162036838f,-0.8999295939153911f,0.6054239307266107f,0f,0.9007869434875468f,-0.9830364490801654f,-1.125f,1.332064295442477f,0.042879447666671844f,0.03929177462162007f,-0.19216245104335292f,0f,0f,0f,1f], start_interpolation: 0, interpolation_duration: 1 }
$data merge entity $(bone_tail3) { transformation: [0.30139465693699413f,0.014142502077770906f,-0.9533945932324202f,-3.1778963151800266f,-0.01180002242734254f,0.9998687486316082f,0.01110157558980696f,-0.5200359577260659f,0.9534264629432865f,0.007904122015899701f,0.30152198031754157f,-0.2969664063011818f,0f,0f,0f,1f], start_interpolation: 0, interpolation_duration: 1 }
$data merge entity $(bone_tail2) { transformation: [0.46465009611119923f,0.02180302403656348f,-1.4698166645666475f,-1.3579477105804223f,-0.01819170124215308f,1.5414643208070626f,0.017114929034285728f,-0.7297704952163927f,1.4698657970375666f,0.012185521441178704f,0.46484638632287656f,-0.7437734481965284f,0f,0f,0f,1f], start_interpolation: 0, interpolation_duration: 1 }
$data merge entity $(bone_tail1) { transformation: [-0.351371906154446f,0.01789675445476604f,-0.9360648961185207f,-0.32391275276572795f,0f,0.9998172793627159f,0.01911564510386377f,-0.75f,0.9362359657508311f,0.006716700657516518f,-0.3513077032558297f,-0.48770446646774285f,0f,0f,0f,1f], start_interpolation: 0, interpolation_duration: 1 }
data modify entity @s data merge value {"locators":{"head":{"posx":1.5061598563520138,"posy":-0.5095724680079448,"posz":3.0432915466168944,"roty":295.1084175746163,"rotx":8.298617989508577},"neck":{"posx":1.0028108924216828,"posy":-1.126176768623743,"posz":2.1089113911162882,"roty":345.82262985053967,"rotx":11.30626299689683},"right_arm":{"posx":0.18629867920842674,"posy":-3.2662287328747386,"posz":2.6019954403995076,"roty":338.77503921410386,"rotx":12.33446888655813},"left_arm":{"posx":1.9332721593379405,"posy":-3.2764704430408145,"posz":1.9211108928460692,"roty":338.77503921410386,"rotx":12.33446888655813},"tail1":{"posx":-2.0616877021031637,"posy":-1.4705647206686887,"posz":-0.6615834861080541,"roty":252.4498436007164,"rotx":0.6360864934422615},"tail2":{"posx":-3.7327428078503373,"posy":-1.826119054035785,"posz":-0.13773445251843305,"roty":252.4498436007164,"rotx":0.6360864934422615}},"cameras":{}}