# This file was generated by Animated Java via MC-Build. It is not recommended to edit this file directly.
$data merge entity $(bone_jaw) { transformation: [-0.9410493833096744f,0.13598682196817194f,-0.30973156510675204f,1.3686015359320907f,0.010726590396574944f,0.9271720872020743f,0.37448212370126954f,0.08146023807825442f,0.33809909557842005f,0.3490838079377867f,-0.8739733958220404f,3.264915680340322f,0f,0f,0f,1f], start_interpolation: 0, interpolation_duration: 1 }
$data merge entity $(bone_head) { transformation: [-1.0586805562233836f,0.09221711272944154f,-0.36921062280816397f,1.2865547308636098f,0.012067414196146813f,1.0990559525157697f,0.23990704607049895f,0.13477291498280974f,0.38036148252572255f,0.22180400663536118f,-1.0352551015335956f,3.0348589911106343f,0f,0f,0f,1f], start_interpolation: 0, interpolation_duration: 1 }
$data merge entity $(bone_neck) { transformation: [-0.9683447529280638f,0.0819707668706147f,-0.23577368991329473f,1.4920670444730617f,0.03127062439333517f,0.976938624458462f,0.21121806762504705f,-0.747245005755623f,0.24765013128754465f,0.19715911700920993f,-0.9485766679891566f,1.9308338209033866f,0f,0f,0f,1f], start_interpolation: 0, interpolation_duration: 1 }
$data merge entity $(bone_right_arm2) { transformation: [-0.9294840448440134f,0.08262488796276135f,-0.35948927420655175f,0.16265744527980222f,0.003878140991504058f,0.9767244568764236f,0.21446280647679966f,-2.186165744866564f,0.36884193145961897f,0.19794560674234812f,-0.9081702298404972f,2.3237265850633304f,0f,0f,0f,1f], start_interpolation: 0, interpolation_duration: 1 }
$data merge entity $(bone_right_arm1) { transformation: [-1.0553516759166401f,0.09381367487438527f,-0.40817011342202225f,0.3144174987276763f,0.004403305917436899f,1.1089892270784392f,0.24350464485386625f,-0.7579836348233031f,0.41878927634477564f,0.22475074098870773f,-1.0311516151313977f,1.8439000573161897f,0f,0f,0f,1f], start_interpolation: 0, interpolation_duration: 1 }
$data merge entity $(bone_left_arm2) { transformation: [-0.9294840448440134f,0.08262488796276135f,-0.35948927420655175f,1.7892545237568256f,0.003878140991504058f,0.9767244568764236f,0.21446280647679966f,-2.192952491601696f,0.36884193145961897f,0.19794560674234812f,-0.9081702298404972f,1.6782532050089973f,0f,0f,0f,1f], start_interpolation: 0, interpolation_duration: 1 }
$data merge entity $(bone_left_arm1) { transformation: [-1.0553516759166401f,0.09381367487438527f,-0.40817011342202225f,1.3600870491771913f,0.004403305917436899f,1.1089892270784392f,0.24350464485386625f,-0.7623465434387451f,0.41878927634477564f,0.22475074098870773f,-1.0311516151313977f,1.4289528844241184f,0f,0f,0f,1f], start_interpolation: 0, interpolation_duration: 1 }
$data merge entity $(bone_body2) { transformation: [-1.4716830710030213f,0.13082273927437216f,-0.5691913508270403f,0.9701371573034708f,0.0061403899032147595f,1.5464803900543376f,0.33956611025493283f,-0.5f,0.5839997248110634f,0.31341387734205123f,-1.437936197247454f,0.6129675150862752f,0f,0f,0f,1f], start_interpolation: 0, interpolation_duration: 1 }
$data merge entity $(bone_right_leg2) { transformation: [-0.9643037514995729f,0.002997916938254408f,-0.26478158421212294f,-0.7211306745210242f,0f,0.9999359097610172f,0.011321500360235992f,-2.5568997587431364f,0.26479855521480905f,0.010917365269979329f,-0.9642419490416871f,0.9039558277738593f,0f,0f,0f,1f], start_interpolation: 0, interpolation_duration: 1 }
$data merge entity $(bone_right_leg1) { transformation: [-1.2857383353327638f,-0.15209407228868388f,-0.31862533484981403f,-0.44881537653949655f,0f,1.2032744460835139f,-0.5743765186532178f,-1.125f,0.35306474028641205f,-0.5538734317105622f,-1.1603220624419028f,0.4794620593901768f,0f,0f,0f,1f], start_interpolation: 0, interpolation_duration: 1 }
$data merge entity $(bone_left_leg2) { transformation: [-0.6386978169148576f,-0.0771628720393173f,-0.7655788593259608f,0.8490970791149157f,-6.938893903907228e-18f,0.9949590391576341f,-0.10028215393836336f,-2.5960653453067364f,0.7694576652865285f,-0.06404999279595236f,-0.6354781662296851f,-0.47725479852413655f,0f,0f,0f,1f], start_interpolation: 0, interpolation_duration: 1 }
$data merge entity $(bone_left_leg1) { transformation: [-0.8515970892198101f,-0.2216250790838442f,-1.001719771059354f,0.6054239307266107f,-9.25185853854297e-18f,1.3018517018559252f,-0.2880276447714847f,-1.125f,1.0259435537153712f,-0.1839626279266754f,-0.8314898399222714f,-0.19216245104335292f,0f,0f,0f,1f], start_interpolation: 0, interpolation_duration: 1 }
$data merge entity $(bone_tail3) { transformation: [0.16396033984708663f,0.29242790588265544f,-0.9421268103701926f,-2.999065368867716f,-0.20727385697417472f,0.9439437923305665f,0.25691956939018423f,0.28603376588235174f,0.9644452058941853f,0.15315363783362493f,0.21538200492624648f,-0.525299151715658f,0f,0f,0f,1f], start_interpolation: 0, interpolation_duration: 1 }
$data merge entity $(bone_tail2) { transformation: [0.2527721905975919f,0.45082635490242706f,-1.4524454993207134f,-1.2687970429164568f,-0.31954719616851934f,1.4552466798429564f,0.39608433614320065f,-0.3980752807692164f,1.4868530257535355f,0.2361118583268384f,0.33204725759462994f,-0.8368703032995493f,0f,0f,0f,1f], start_interpolation: 0, interpolation_duration: 1 }
$data merge entity $(bone_tail1) { transformation: [-0.45926981452380256f,0.295057676627442f,-0.8378616860380286f,-0.32413312955821394f,0f,0.943222657947601f,0.3321611318837032f,-0.75f,0.8882968183367945f,0.15255158143224468f,-0.4331936951702428f,-0.48805038874043954f,0f,0f,0f,1f], start_interpolation: 0, interpolation_duration: 1 }
data modify entity @s data merge value {"locators":{"head":{"posx":1.3378815079050768,"posy":-0.5424545714344232,"posz":3.199205404516988,"roty":340.37186772091036,"rotx":12.312920373299667},"neck":{"posx":1.006627341671711,"posy":-1.1243639361840096,"posz":2.09929630116735,"roty":346.0416929475811,"rotx":12.193743666953441},"right_arm":{"posx":0.2016844416175659,"posy":-3.2698792211694183,"posz":2.602918713957457,"roty":338.4044045691054,"rotx":12.384013259101861},"left_arm":{"posx":1.944467025700091,"posy":-3.277150735528488,"posz":1.9113400924706716,"roty":338.4044045691054,"rotx":12.384013259101861},"tail1":{"posx":-2.1563251969388415,"posy":-0.9034916889396177,"posz":-0.9242160540247466,"roty":257.1227597979288,"rotx":14.88735847920435},"tail2":{"posx":-3.9128233261719343,"posy":-0.808375203769538,"posz":-0.605160923601277,"roty":257.1227597979288,"rotx":14.88735847920435}},"cameras":{}}