# This file was generated by Animated Java via MC-Build. It is not recommended to edit this file directly.
$data merge entity $(bone_jaw) { transformation: [0.4243673820435463f,0.5285473817754327f,-0.7352210485805218f,3.3970600037089387f,-0.19754222446245032f,0.8464418690394572f,0.49448279231073117f,0.29966514607232264f,0.8836794637264882f,-0.0646051666302761f,0.4636127455460436f,1.4591517326802266f,0f,0f,0f,1f], start_interpolation: 0, interpolation_duration: 1 }
$data merge entity $(bone_head) { transformation: [0.4774133047989896f,0.057524431547477356f,-1.0170508719705456f,3.171048698826595f,-0.2222350025202566f,1.1020315734088768f,-0.04198827056187458f,0.29033441928079495f,0.9941393966922992f,0.2187289440954151f,0.4790297579056819f,1.5656027899926004f,0f,0f,0f,1f], start_interpolation: 0, interpolation_duration: 1 }
$data merge entity $(bone_neck) { transformation: [-0.20504551730981746f,0.051132828042202094f,-0.9774158632473469f,2.425092438798195f,-0.18023552807344434f,0.9795836208078905f,0.08905663515420892f,-0.5879968977280718f,0.9620142879662631f,0.19442572808481343f,-0.19164327801270298f,0.7223081465340333f,0f,0f,0f,1f], start_interpolation: 0, interpolation_duration: 1 }
$data merge entity $(bone_right_arm2) { transformation: [-0.0967199010849259f,0.08762774267194662f,-0.9914467406009975f,2.3520339585781853f,-0.176977899458436f,0.9787292192784084f,0.10376867751858945f,-2.257721389230869f,0.979450909355544f,0.18550065780178893f,-0.07915441944516888f,1.8172374049538038f,0f,0f,0f,1f], start_interpolation: 0, interpolation_duration: 1 }
$data merge entity $(bone_right_arm1) { transformation: [-0.10981738769017627f,0.09949399949210604f,-1.1257051533907156f,1.815650705760969f,-0.20094365667676586f,1.1112654677223595f,0.11782068593256509f,-0.8464927295531663f,1.112084886664107f,0.21062053854578114f,-0.08987324707836881f,1.7002099457764908f,0f,0f,0f,1f], start_interpolation: 0, interpolation_duration: 1 }
$data merge entity $(bone_left_arm2) { transformation: [-0.0967199010849259f,0.08762774267194662f,-0.9914467406009975f,2.521293785476806f,-0.176977899458436f,0.9787292192784084f,0.10376867751858945f,-1.948010065178606f,0.979450909355544f,0.18550065780178893f,-0.07915441944516888f,0.10319831358160192f,0f,0f,0f,1f], start_interpolation: 0, interpolation_duration: 1 }
$data merge entity $(bone_left_arm1) { transformation: [-0.10981738769017627f,0.09949399949210604f,-1.1257051533907156f,1.9244605944815107f,-0.20094365667676586f,1.1112654677223595f,0.11782068593256509f,-0.6473925926624259f,1.112084886664107f,0.21062053854578114f,-0.08987324707836881f,0.5983276727515038f,0f,0f,0f,1f], start_interpolation: 0, interpolation_duration: 1 }
$data merge entity $(bone_body2) { transformation: [-0.153139843384466f,0.13874392589724882f,-1.5697906726182462f,0.9944110152672644f,-0.28021500747585704f,1.5496545971908133f,0.16430040607109997f,-0.5f,1.5507972731462782f,0.2937093748528325f,-0.12532783078818407f,0.5969298774689913f,0f,0f,0f,1f], start_interpolation: 0, interpolation_duration: 1 }
$data merge entity $(bone_right_leg2) { transformation: [-0.8250627171074186f,-0.04896332165538009f,-0.5629157183555948f,-0.2982794598097571f,0f,0.9962384298717262f,-0.08665443350872337f,-2.373827328753968f,0.565041160305445f,-0.0714953423601114f,-0.821959185836795f,1.3640408681440115f,0f,0f,0f,1f], start_interpolation: 0, interpolation_duration: 1 }
$data merge entity $(bone_right_leg1) { transformation: [-1.1000836228098914f,-0.5249552011122209f,-0.5403848974837007f,-0.428195556745846f,0f,0.9563637756788976f,-0.9290565678940013f,-1.125f,0.7533882137405934f,-0.7665299362531176f,-0.7890600953047411f,0.5106713053436258f,0f,0f,0f,1f], start_interpolation: 0, interpolation_duration: 1 }
$data merge entity $(bone_left_leg2) { transformation: [-0.8461534918810819f,0.27096785460931194f,-0.4589125079422858f,0.33466183657703885f,0f,0.86109718614995f,0.5084403957246497f,-2.102721093944425f,0.5329392725043368f,0.43021861625581154f,-0.7286203909097542f,-1.325529380798312f,0f,0f,0f,1f], start_interpolation: 0, interpolation_duration: 1 }
$data merge entity $(bone_left_leg1) { transformation: [-1.1282046558414425f,0.41848672328440284f,-0.5742829396300688f,0.6031328396384273f,0f,1.0775766944917644f,0.7852427938325702f,-1.125f,0.7105856966724491f,0.6644359319758858f,-0.9117952828138802f,-0.19563014503818058f,0f,0f,0f,1f], start_interpolation: 0, interpolation_duration: 1 }
$data merge entity $(bone_tail3) { transformation: [-0.05288094329725013f,0.02764348243774855f,0.9982181343347285f,2.17109269984141f,-0.30197003566982383f,0.9523753471078521f,-0.04237093082248314f,-1.0963049175386854f,-0.9518496222584522f,-0.30367258042159856f,-0.04201500335034419f,-1.6111526927585644f,0f,0f,0f,1f], start_interpolation: 0, interpolation_duration: 1 }
$data merge entity $(bone_tail2) { transformation: [-0.08152478758326061f,0.042617035424862344f,1.5389196237660396f,0.14985483070576466f,-0.4655371383243117f,1.4682453267912718f,-0.0653218516846615f,-1.2273275290287036f,-1.4674348343151136f,-0.46816189481663106f,-0.06477313016511396f,-1.588617759391341f,0f,0f,0f,1f], start_interpolation: 0, interpolation_duration: 1 }
$data merge entity $(bone_tail1) { transformation: [-0.8141273920643697f,0.2183278681681371f,0.5380794843437392f,-0.37530898238754995f,0f,0.9266267793468239f,-0.3759824620874391f,-0.75f,-0.5806863090261968f,-0.30609762132118756f,-0.7543922432866359f,-0.5182188005509101f,0f,0f,0f,1f], start_interpolation: 0, interpolation_duration: 1 }
$data merge entity $(bone_body1) { transformation: [-1.1000836228098914f,0f,-0.7533882137405934f,0.5f,0f,1.3333333333333333f,0f,-1.1875f,0.7533882137405934f,0f,-1.1000836228098914f,-0.12499999999999994f,0f,0f,0f,1f], start_interpolation: 0, interpolation_duration: 1 }
data modify entity @s data merge value {"locators":{"head":{"posx":3.421604812403148,"posy":-0.310241935234727,"posz":1.3110228882991248,"roty":244.7796198680547,"rotx":-2.138941846697812},"neck":{"posx":2.4255718525333787,"posy":-1.0565905989620292,"posz":1.1543610522369476,"roty":281.0933340043089,"rotx":5.109338336295025},"right_arm":{"posx":2.7540845923889297,"posy":-3.299396065984724,"posz":1.7325296387093208,"roty":274.5646577427233,"rotx":5.956229446956847},"left_arm":{"posx":2.9354344069231657,"posy":-2.9675625045001572,"posz":-0.10394081633232408,"roty":274.5646577427233,"rotx":5.956229446956847},"tail1":{"posx":0.8220073041447353,"posy":-1.9329927998413219,"posz":-1.2707674360961974,"roty":87.58984310187715,"rotx":-2.42840249690858},"tail2":{"posx":2.6963083297051496,"posy":-2.370131209205388,"posz":-1.236215870339785,"roty":87.58984310187715,"rotx":-2.42840249690858}},"cameras":{}}