# This file was generated by Animated Java via MC-Build. It is not recommended to edit this file directly.
$data merge entity $(bone_jaw) { transformation: [0.23786103211519363f,0.5372421892815625f,-0.8091927826278784f,3.375383031636727f,-0.20374257544900345f,0.8421663257717406f,0.49924427156005846f,0.26810482189462564f,0.9496899980259358f,0.046116263856476034f,0.3097776587448132f,1.5733416314006368f,0f,0f,0f,1f], start_interpolation: 0, interpolation_duration: 1 }
$data merge entity $(bone_head) { transformation: [0.2675936611295928f,0.0682526166622447f,-1.090577926074986f,3.133032381397841f,-0.22921039738012888f,1.1013295141239277f,0.012684441351372014f,0.270923586639375f,1.0684012477791778f,0.21918002107470858f,0.2758693388283415f,1.634645928918046f,0f,0f,0f,1f], start_interpolation: 0, interpolation_duration: 1 }
$data merge entity $(bone_neck) { transformation: [-0.23350775634451992f,0.06066899258866196f,-0.9704604067478618f,2.3968263744620097f,-0.17585023373587055f,0.9789595681101579f,0.1035126045494578f,-0.5971918464132983f,0.9563215060961392f,0.19482668539974096f,-0.21792599577416716f,0.7724169510662406f,0f,0f,0f,1f], start_interpolation: 0, interpolation_duration: 1 }
$data merge entity $(bone_right_arm2) { transformation: [-0.12123187557255749f,0.08934981393095534f,-0.9885946808958987f,2.2870536906919763f,-0.17729973126995918f,0.9779752876747331f,0.1101323839255437f,-2.2674682749279604f,0.9766614754543972f,0.18862912672232454f,-0.10272008038944008f,1.863432125225715f,0f,0f,0f,1f], start_interpolation: 0, interpolation_duration: 1 }
$data merge entity $(bone_right_arm1) { transformation: [-0.1376486920563413f,0.1014492679007722f,-1.1224668772672182f,1.762551439476849f,-0.20130906987943278f,1.1104094412140197f,0.1250461442487944f,-0.8527535298841997f,1.10891771692218f,0.21417265429930596f,-0.11663009127551008f,1.7351810877015268f,0f,0f,0f,1f], start_interpolation: 0, interpolation_duration: 1 }
$data merge entity $(bone_left_arm2) { transformation: [-0.12123187557255749f,0.08934981393095534f,-0.9885946808958987f,2.499209472943952f,-0.17729973126995918f,0.9779752876747331f,0.1101323839255437f,-1.9571937452055317f,0.9766614754543972f,0.18862912672232454f,-0.10272008038944008f,0.15427454318052025f,0f,0f,0f,1f], start_interpolation: 0, interpolation_duration: 1 }
$data merge entity $(bone_left_arm1) { transformation: [-0.1376486920563413f,0.1014492679007722f,-1.1224668772672182f,1.8989372994959761f,-0.20130906987943278f,1.1104094412140197f,0.1250461442487944f,-0.6532913322054956f,1.10891771692218f,0.21417265429930596f,-0.11663009127551008f,0.6364369278153302f,0f,0f,0f,1f], start_interpolation: 0, interpolation_duration: 1 }
$data merge entity $(bone_body2) { transformation: [-0.19195046965654938f,0.14147053872401263f,-1.5652749114185065f,0.9701371573034708f,-0.2807245745107687f,1.5484608721516608f,0.17437627454877755f,-0.5f,1.5463806694694624f,0.2986627839770139f,-0.16264012728328014f,0.6129675150862752f,0f,0f,0f,1f], start_interpolation: 0, interpolation_duration: 1 }
$data merge entity $(bone_right_leg2) { transformation: [-0.8433914458128858f,-0.053827569498226674f,-0.5345965412267122f,-0.3358772499639144f,0f,0.9949691623107106f,-0.10018166524231165f,-2.3602880163589575f,0.5372996083468238f,-0.08449235949265577f,-0.8391484803404661f,1.3546740315463797f,0f,0f,0f,1f], start_interpolation: 0, interpolation_duration: 1 }
$data merge entity $(bone_right_leg1) { transformation: [-1.1245219277505143f,-0.5079346124977325f,-0.5052035641331354f,-0.44881537653949655f,0f,0.940264158553098f,-0.9453470737873007f,-1.125f,0.716399477795765f,-0.7972976353564524f,-0.7930107481281339f,0.4794620593901768f,0f,0f,0f,1f], start_interpolation: 0, interpolation_duration: 1 }
$data merge entity $(bone_left_leg2) { transformation: [-0.855323881184673f,0.27819618309027927f,-0.4370674341439631f,0.33955836332059863f,0f,0.8436069642284196f,0.5369611623807724f,-2.0641860520402098f,0.5180936771233438f,0.45927570545295576f,-0.7215571828382715f,-1.354888798780001f,0f,0f,0f,1f], start_interpolation: 0, interpolation_duration: 1 }
$data merge entity $(bone_left_leg1) { transformation: [-1.1404318415795638f,0.4258635763960044f,-0.5439055127395078f,0.6054239307266107f,0f,1.0498207887026942f,0.8219818059941659f,-1.125f,0.6907915694977916f,0.703060668566117f,-0.897936791541543f,-0.19216245104335292f,0f,0f,0f,1f], start_interpolation: 0, interpolation_duration: 1 }
$data merge entity $(bone_tail3) { transformation: [0.01359622850175407f,0.04433237052439391f,0.9989243131960581f,2.2381772931384267f,-0.30888552441862205f,0.9503409164495947f,-0.03797203347698597f,-1.0929701620988308f,-0.9510020375241902f,-0.30803698389224693f,0.02661467977276305f,-1.4742106849347674f,0f,0f,0f,1f], start_interpolation: 0, interpolation_duration: 1 }
$data merge entity $(bone_tail2) { transformation: [0.020960852273537525f,0.06834573789177394f,1.5400083161772562f,0.21915679376751918f,-0.4761985168120423f,1.4651089128597918f,-0.05854021827702003f,-1.2332722742589302f,-1.4661281411831264f,-0.474890350167214f,0.041030964649676364f,-1.5889462672597254f,0f,0f,0f,1f], start_interpolation: 0, interpolation_duration: 1 }
$data merge entity $(bone_tail1) { transformation: [-0.7817728363247907f,0.2369367413715328f,0.5767947754383113f,-0.362167161093371f,0f,0.9249979005163127f,-0.3799722148268393f,-0.75f,-0.6235633347020112f,-0.29705195610979085f,-0.7231382322811144f,-0.5477518594808073f,0f,0f,0f,1f], start_interpolation: 0, interpolation_duration: 1 }
$data merge entity $(bone_body1) { transformation: [-1.1245219277505143f,0f,-0.716399477795765f,0.5f,0f,1.3333333333333333f,0f,-1.1875f,0.716399477795765f,0f,-1.1245219277505143f,-0.12499999999999994f,0f,0f,0f,1f], start_interpolation: 0, interpolation_duration: 1 }
data modify entity @s data merge value {"locators":{"head":{"posx":3.3980525738285343,"posy":-0.3444495993604104,"posz":1.4362488786464462,"roty":255.80440937828934,"rotx":0.6460269816578585},"neck":{"posx":2.378629174912484,"posy":-1.0651658768912249,"posz":1.2047584465611783,"roty":282.6563525157605,"rotx":5.941478107751646},"right_arm":{"posx":2.6844242249856856,"posy":-3.3115909877698377,"posz":1.7872043809140103,"roty":275.9320397951498,"rotx":6.32294697601966},"left_arm":{"posx":2.9117339916842306,"posy":-2.9791539916386642,"posz":-0.04403588556298407,"roty":275.9320397951498,"rotx":6.32294697601966},"tail1":{"posx":0.8709684526337944,"posy":-1.9335230440592261,"posz":-1.220745682306242,"roty":91.52618985219911,"rotx":-2.17616043023602},"tail2":{"posx":2.7418859829979425,"posy":-2.3616518837697287,"posz":-1.054941386204014,"roty":91.52618985219911,"rotx":-2.17616043023602}},"cameras":{}}