# This file was generated by Animated Java via MC-Build. It is not recommended to edit this file directly.
$data merge entity $(bone_jaw) { transformation: [0.16406281049071808f,0.5340781016802238f,-0.8293635966929914f,3.331600999735001f,-0.20449063286687605f,0.8409061996925973f,0.5010592224360889f,0.2540095431344923f,0.965021748606523f,0.0873919025093398f,0.24717540349356532f,1.6752839453884611f,0f,0f,0f,1f], start_interpolation: 0, interpolation_duration: 1 }
$data merge entity $(bone_head) { transformation: [0.18457066180205783f,0.06877946135586721f,-1.1076227049395238f,3.085462620859551f,-0.23005196197523556f,1.1008177811027817f,0.030021785411481594f,0.2606810510037104f,1.0856494671823385f,0.22157300942024744f,0.19466801458678257f,1.718543504185524f,0f,0f,0f,1f], start_interpolation: 0, interpolation_duration: 1 }
$data merge entity $(bone_neck) { transformation: [-0.2683593338687058f,0.06113729898299308f,-0.9613768764634443f,2.3735651954979256f,-0.17394287768640063f,0.9785046943135837f,0.11078103857815194f,-0.6019991540165234f,0.9474846401012095f,0.19695378615133105f,-0.2519564702343193f,0.8308231542837456f,0f,0f,0f,1f], start_interpolation: 0, interpolation_duration: 1 }
$data merge entity $(bone_right_arm2) { transformation: [-0.15472957111668612f,0.08609975155104455f,-0.9841979438125721f,2.2215807568227133f,-0.17772838614948405f,0.9775173659040102f,0.11345668826819064f,-2.272830027509364f,0.9718391742355041f,0.19247501692150573f,-0.13594847289440154f,1.9159095207005998f,0f,0f,0f,1f], start_interpolation: 0, interpolation_duration: 1 }
$data merge entity $(bone_right_arm1) { transformation: [-0.17568253387207067f,0.09775909290691515f,-1.1174747487038577f,1.70630358533628f,-0.20179577177389332f,1.1098895092035115f,0.1288206148045081f,-0.8562968909042561f,1.1034423957465618f,0.21853934212962628f,-0.15435816193218507f,1.77136866334658f,0f,0f,0f,1f], start_interpolation: 0, interpolation_duration: 1 }
$data merge entity $(bone_left_arm2) { transformation: [-0.15472957111668612f,0.08609975155104455f,-0.9841979438125721f,2.492357506276914f,-0.17772838614948405f,0.9775173659040102f,0.11345668826819064f,-1.9618053517477672f,0.9718391742355041f,0.19247501692150573f,-0.13594847289440154f,0.21519096578846741f,0f,0f,0f,1f], start_interpolation: 0, interpolation_duration: 1 }
$data merge entity $(bone_left_arm1) { transformation: [-0.17568253387207067f,0.09775909290691515f,-1.1174747487038577f,1.8803743528425518f,-0.20179577177389332f,1.1098895092035115f,0.1288206148045081f,-0.6563524564860865f,1.1034423957465618f,0.21853934212962628f,-0.15435816193218507f,0.6780495923316376f,0f,0f,0f,1f], start_interpolation: 0, interpolation_duration: 1 }
$data merge entity $(bone_body2) { transformation: [-0.2449884876014197f,0.13632460662248722f,-1.5583134110365726f,0.953399416795413f,-0.2814032780700164f,1.5477358293480163f,0.1796397564246352f,-0.5f,1.538745359206215f,0.30475211012571746f,-0.21525174874946912f,0.6233675359404494f,0f,0f,0f,1f], start_interpolation: 0, interpolation_duration: 1 }
$data merge entity $(bone_right_leg2) { transformation: [-0.855277183931942f,-0.049683218210890556f,-0.5157834007348979f,-0.3776467736215279f,0f,0.9953927131906307f,-0.09588194056752697f,-2.3709369963784455f,0.5181707620519005f,-0.0820056361185244f,-0.8513366766440578f,1.3211810542968612f,0f,0f,0f,1f], start_interpolation: 0, interpolation_duration: 1 }
$data merge entity $(bone_right_leg1) { transformation: [-1.1403695785759225f,-0.48324342399103665f,-0.49377200731285875f,-0.4621868319234347f,0f,0.9529136791847821f,-0.9325949269647029f,-1.125f,0.6908943494025339f,-0.7976271628835863f,-0.8150053280633864f,0.4579421073083881f,0f,0f,0f,1f], start_interpolation: 0, interpolation_duration: 1 }
$data merge entity $(bone_left_leg2) { transformation: [-0.8635457227313449f,0.2691525429959753f,-0.4264336916229756f,0.36209821609564063f,0f,0.8456446524754989f,0.5337463084083978f,-2.0697042971963286f,0.5042705471791896f,0.4609143416497172f,-0.7302528225958518f,-1.3526508117842502f,0f,0f,0f,1f], start_interpolation: 0, interpolation_duration: 1 }
$data merge entity $(bone_left_leg1) { transformation: [-1.1513942969751265f,0.4119109324789921f,-0.5314116430557572f,0.6069096479914927f,0f,1.0538224887977108f,0.816845113765135f,-1.125f,0.6723607295722528f,0.7053831041258811f,-0.910023902719364f,-0.1897713452564875f,0f,0f,0f,1f], start_interpolation: 0, interpolation_duration: 1 }
$data merge entity $(bone_tail3) { transformation: [-0.0006400122801835106f,0.044528286875867726f,0.99900791891365f,2.251449859440726f,-0.30176234096623733f,0.9524289231541178f,-0.04264546768490443f,-1.09687348523367f,-0.9533829660523927f,-0.3014902618782045f,0.01282739388005727f,-1.5173949174469281f,0f,0f,0f,1f], start_interpolation: 0, interpolation_duration: 1 }
$data merge entity $(bone_tail2) { transformation: [-0.0009866855986162455f,0.06864777560029607f,1.5401372083252103f,0.23198634457493972f,-0.4652169423229492f,1.4683279231959314f,-0.06574509601422766f,-1.2273275290287036f,-1.4697987393307719f,-0.4647974870622319f,0.019775565565088287f,-1.605860312687026f,0f,0f,0f,1f], start_interpolation: 0, interpolation_duration: 1 }
$data merge entity $(bone_tail1) { transformation: [-0.7804920766239933f,0.2350513288357164f,0.5792952538556919f,-0.35202862024801873f,0f,0.9266267793468239f,-0.3759824620874392f,-0.75f,-0.6251656727037774f,-0.2934513326088273f,-0.7232248592678056f,-0.5664001246412171f,0f,0f,0f,1f], start_interpolation: 0, interpolation_duration: 1 }
$data merge entity $(bone_body1) { transformation: [-1.1403695785759225f,0f,-0.6908943494025339f,0.5f,0f,1.3333333333333333f,0f,-1.1875f,0.6908943494025339f,0f,-1.1403695785759225f,-0.12499999999999994f,0f,0f,0f,1f], start_interpolation: 0, interpolation_duration: 1 }
data modify entity @s data merge value {"locators":{"head":{"posx":3.3549247825894923,"posy":-0.35922376777880205,"posz":1.5413729393446136,"roty":260.03189807881415,"rotx":1.529178511500671},"neck":{"posx":2.336631151002881,"posy":-1.0697574830495866,"posz":1.262202363306891,"roty":284.68572274204416,"rotx":6.360340966883078},"right_arm":{"posx":2.617909378983162,"posy":-3.318183761681812,"posz":1.852148688616014,"roty":277.86456922610944,"rotx":6.514617191729685},"left_arm":{"posx":2.908027324826948,"posy":-2.98494303765153,"posz":0.029950236924443457,"roty":277.86456922610944,"rotx":6.514617191729685},"tail1":{"posx":0.8854880752061962,"posy":-1.933247687806884,"posz":-1.251750912229284,"roty":90.73564496446897,"rotx":-2.4441465312451274},"tail2":{"posx":2.754948437305078,"posy":-2.3709245224462085,"posz":-1.1144735396742524,"roty":90.73564496446897,"rotx":-2.4441465312451274}},"cameras":{}}