# This file was generated by Animated Java via MC-Build. It is not recommended to edit this file directly.
$data merge entity $(bone_jaw) { transformation: [0.03025617169222733f,0.5163656742346225f,-0.855833543714404f,3.224634395482267f,-0.20359329567382425f,0.841459465657846f,0.5004954920990626f,0.23133007005966805f,0.9785879286151047f,0.15909889417288833f,0.13058793145525682f,1.8798689137643103f,0f,0f,0f,1f], start_interpolation: 0, interpolation_duration: 1 }
$data merge entity $(bone_head) { transformation: [0.034038193153755746f,0.06661613216810405f,-1.1225099965442578f,2.975187729583543f,-0.22904245763305228f,1.0998919652775914f,0.05832852920491696f,0.24429196543853848f,1.1009114196919927f,0.22677071162907944f,0.04684111803748757f,1.8902780511059742f,0f,0f,0f,1f], start_interpolation: 0, interpolation_duration: 1 }
$data merge entity $(bone_neck) { transformation: [-0.34024739119336656f,0.05921433970498138f,-0.9384696983703904f,2.3198895593177413f,-0.17006951311886648f,0.9776817469134146f,0.12334813521024729f,-0.6092397742392053f,0.9248286725083841f,0.20157396589251506f,-0.32258310988138117f,0.9515925993123628f,0f,0f,0f,1f], start_interpolation: 0, interpolation_duration: 1 }
$data merge entity $(bone_right_arm2) { transformation: [-0.22465958954681886f,0.0768135576226845f,-0.9714050371446514f,2.0827015790728782f,-0.17823623001062677f,0.9768306802208158f,0.1184637855673087f,-2.28072065311511f,0.9579978680228124f,0.19975359707570947f,-0.20576342075077697f,2.020274513438168f,0f,0f,0f,1f], start_interpolation: 0, interpolation_duration: 1 }
$data merge entity $(bone_right_arm1) { transformation: [-0.25508224229795057f,0.08721539355075636f,-1.1029494692579895f,1.5858845321490849f,-0.20237238615789913f,1.1091098348340511f,0.1345057565295484f,-0.8614877108694439f,1.0877267459842348f,0.22680356334637844f,-0.23362721731077798f,1.841614424076749f,0f,0f,0f,1f], start_interpolation: 0, interpolation_duration: 1 }
$data merge entity $(bone_left_arm2) { transformation: [-0.22465958954681886f,0.0768135576226845f,-0.9714050371446514f,2.4758558607798116f,-0.17823623001062677f,0.9768306802208158f,0.1184637855673087f,-1.9688072505965133f,0.9579978680228124f,0.19975359707570947f,-0.20576342075077697f,0.34377824439824645f,0f,0f,0f,1f], start_interpolation: 0, interpolation_duration: 1 }
$data merge entity $(bone_left_arm1) { transformation: [-0.25508224229795057f,0.08721539355075636f,-1.1029494692579895f,1.8386265703892561f,-0.20237238615789913f,1.1091098348340511f,0.1345057565295484f,-0.6609719521074887f,1.0877267459842348f,0.22680356334637844f,-0.23362721731077798f,0.7638668225510848f,0f,0f,0f,1f], start_interpolation: 0, interpolation_duration: 1 }
$data merge entity $(bone_body2) { transformation: [-0.35571101678246325f,0.12162146623591714f,-1.5380579754790316f,0.918693971070887f,-0.2822073641834924f,1.5466485770162917f,0.18756766048157214f,-0.5f,1.5168299577027864f,0.3162765287032067f,-0.3257920828553969f,0.6433230821658891f,0f,0f,0f,1f], start_interpolation: 0, interpolation_duration: 1 }
$data merge entity $(bone_right_leg2) { transformation: [-0.8780835224753016f,-0.03985193117772348f,-0.4768449969736209f,-0.4624240100531749f,0f,0.9965258665768502f,-0.0832838354259568f,-2.3956640721846028f,0.47850739550958515f,-0.07313016357607749f,-0.8750329431615529f,1.243654573123697f,0f,0f,0f,1f], start_interpolation: 0, interpolation_duration: 1 }
$data merge entity $(bone_right_leg1) { transformation: [-1.1707780299670687f,-0.43121983433619915f,-0.470219136998132f,-0.4878439627847143f,0f,0.982678933305458f,-0.9011769481158651f,-1.125f,0.6380098606794469f,-0.791308628975121f,-0.8628741792191286f,0.41332081994828335f,0f,0f,0f,1f], start_interpolation: 0, interpolation_duration: 1 }
$data merge entity $(bone_left_leg2) { transformation: [-0.8815604844778309f,0.24510404208756262f,-0.40345398840456453f,0.41686242180649935f,0f,0.8546466805241022f,0.5192100263565154f,-2.0916367027867095f,0.4720710880865424f,0.457715042380597f,-0.7534227417401975f,-1.3394091715654959f,0f,0f,0f,1f], start_interpolation: 0, interpolation_duration: 1 }
$data merge entity $(bone_left_leg1) { transformation: [-1.1754139793037743f,0.3757788651299639f,-0.5049455411791257f,0.6097604403094127f,0f,1.0696387767059283f,0.7960217742906428f,-1.125f,0.6294281174487232f,0.7017413409985617f,-0.9429512782091526f,-0.18481342443869808f,0f,0f,0f,1f], start_interpolation: 0, interpolation_duration: 1 }
$data merge entity $(bone_tail3) { transformation: [-0.040188205346762484f,0.043121241359858745f,0.9982612216722591f,2.2721181604964134f,-0.2851513059178696f,0.9570260241206598f,-0.05281971117997508f,-1.104545381982837f,-0.9576396195251845f,-0.28677822040627005f,-0.02616508009299351f,-1.6292569175917402f,0f,0f,0f,1f], start_interpolation: 0, interpolation_duration: 1 }
$data merge entity $(bone_tail2) { transformation: [-0.06195681657625882f,0.06647858042978222f,1.5389860500780659f,0.25307262964901944f,-0.4396082632900489f,1.4754151205193504f,-0.08143038806912824f,-1.2134941241076553f,-1.476361080101326f,-0.4421164231263329f,-0.04033783181003166f,-1.6426140377923253f,0f,0f,0f,1f], start_interpolation: 0, interpolation_duration: 1 }
$data merge entity $(bone_tail1) { transformation: [-0.781744843681957f,0.22863987741185127f,0.5801713590257331f,-0.33008535640203407f,2.7755575615628914e-17f,0.9303605220861325f,-0.3666460131293111f,-0.75f,-0.6235984279780318f,-0.28662363022038606f,-0.7273045409060875f,-0.6033296472584597f,0f,0f,0f,1f], start_interpolation: 0, interpolation_duration: 1 }
$data merge entity $(bone_body1) { transformation: [-1.1707780299670687f,0f,-0.6380098606794469f,0.5f,0f,1.3333333333333333f,0f,-1.1875f,0.6380098606794469f,0f,-1.1707780299670687f,-0.12499999999999994f,0f,0f,0f,1f], start_interpolation: 0, interpolation_duration: 1 }
data modify entity @s data merge value {"locators":{"head":{"posx":3.2499870996413347,"posy":-0.38296149560593373,"posz":1.7512829007460724,"roty":267.6104959089343,"rotx":2.9719801465192295},"neck":{"posx":2.2448691986279887,"posy":-1.07632370279245,"posz":1.3787395870920345,"roty":288.96954244384904,"rotx":7.085372666866523},"right_arm":{"posx":2.4775493156758435,"posy":-3.327922990495244,"posz":1.983277493489273,"roty":281.9596392606198,"rotx":6.803451568931738},"left_arm":{"posx":2.898786046076129,"posy":-2.993730059225319,"posz":0.1870314909464997,"roty":281.9596392606198,"rotx":6.803451568931738},"tail1":{"posx":0.9120598141971489,"posy":-1.9319332803946492,"posz":-1.3258139126109079,"roty":88.49858387303807,"rotx":-3.027755507092942},"tail2":{"posx":2.7770434684022445,"posy":-2.390353126179939,"posz":-1.2675783608608195,"roty":88.49858387303807,"rotx":-3.027755507092942}},"cameras":{}}