# This file was generated by Animated Java via MC-Build. It is not recommended to edit this file directly.
$data merge entity $(bone_jaw) { transformation: [-0.47116666608831304f,0.3996065524232496f,-0.7863310855025564f,2.589685390530589f,-0.1668925971434108f,0.8349946800267652f,0.5243383882052955f,0.14173059766778806f,0.8661113287481877f,0.3782836073469278f,-0.32673028422024797f,2.6805411705791973f,0f,0f,0f,1f], start_interpolation: 0, interpolation_duration: 1 }
$data merge entity $(bone_head) { transformation: [-0.5300624993493521f,0.08211014850240562f,-0.9888966934399319f,2.3699305697661597f,-0.18775417178633713f,1.0925910096854066f,0.19135897295776533f,0.1842548138806248f,0.9743752448417112f,0.2552015067893156f,-0.5010888874961391f,2.5691880844689443f,0f,0f,0f,1f], start_interpolation: 0, interpolation_duration: 1 }
$data merge entity $(bone_neck) { transformation: [-0.6563472596089686f,0.072986798668805f,-0.750920236792082f,2.0104330335914717f,-0.12448156451750159f,0.9711920086092503f,0.20320044908613094f,-0.6202955481254715f,0.7441186833422961f,0.22684578381272494f,-0.6283537025173944f,1.4455677142013932f,0f,0f,0f,1f], start_interpolation: 0, interpolation_duration: 1 }
$data merge entity $(bone_right_arm2) { transformation: [-0.522752865811776f,0.01811755266363268f,-0.8522917314928355f,1.4254085608012144f,-0.1718332953204028f,0.9770139634613533f,0.12616272754212596f,-2.284679413080869f,0.8349866824715868f,0.2124040241780225f,-0.5076236505602114f,2.383523052323958f,0f,0f,0f,1f], start_interpolation: 0, interpolation_duration: 1 }
$data merge entity $(bone_right_arm1) { transformation: [-0.593542316390454f,0.0205709712534996f,-0.9677062367991569f,1.026597553837088f,-0.19510238739504066f,1.1093179376800781f,0.1432472635634555f,-0.8619138060650057f,0.9480577957229473f,0.24116706911879637f,-0.5763643532402399f,2.052378736025096f,0f,0f,0f,1f], start_interpolation: 0, interpolation_duration: 1 }
$data merge entity $(bone_left_arm2) { transformation: [-0.522752865811776f,0.01811755266363268f,-0.8522917314928355f,2.3402260759718225f,-0.1718332953204028f,0.9770139634613533f,0.12616272754212596f,-1.9839711462701644f,0.8349866824715868f,0.2124040241780225f,-0.5076236505602114f,0.9222963579986805f,0f,0f,0f,1f], start_interpolation: 0, interpolation_duration: 1 }
$data merge entity $(bone_left_arm1) { transformation: [-0.593542316390454f,0.0205709712534996f,-0.9677062367991569f,1.614694527875336f,-0.19510238739504066f,1.1093179376800781f,0.1432472635634555f,-0.6686013488295525f,0.9480577957229473f,0.24116706911879637f,-0.5763643532402399f,1.1130187182445606f,0f,0f,0f,1f], start_interpolation: 0, interpolation_duration: 1 }
$data merge entity $(bone_body2) { transformation: [-0.8276920375353122f,0.028686125050751743f,-1.3494619081969896f,0.7841313225290436f,-0.2720693842573045f,1.5469387754804762f,0.19975765194169945f,-0.5f,1.3220622472466792f,0.3363063716152023f,-0.8037374467203349f,0.7025834650099629f,0f,0f,0f,1f], start_interpolation: 0, interpolation_duration: 1 }
$data merge entity $(bone_right_leg2) { transformation: [-0.9458096742971005f,0.006865969728242133f,-0.3246489157007975f,-0.7724049012164047f,0f,0.9997764368592648f,0.021144178891427057f,-2.525374814976689f,0.3247215114617642f,0.01999836895058027f,-0.9455982261157768f,0.7882352626456537f,0f,0f,0f,1f], start_interpolation: 0, interpolation_duration: 1 }
$data merge entity $(bone_right_leg1) { transformation: [-1.2610795657294673f,-0.2171371424475091f,-0.37457651828042554f,-0.5640358835842381f,0f,1.153531580320116f,-0.6686872744280044f,-1.125f,0.43296201528235223f,-0.6324508932333667f,-1.0910213282739885f,0.2403117003944848f,0f,0f,0f,1f], start_interpolation: 0, interpolation_duration: 1 }
$data merge entity $(bone_left_leg2) { transformation: [-0.9458096742971005f,0.11718450976584392f,-0.3028396451539188f,0.6795199568570008f,0f,0.932613437867599f,0.3608769534187215f,-2.285928871348644f,0.3247215114617642f,0.3413209137742909f,-0.8820748119146529f,-1.141896868300431f,0f,0f,0f,1f], start_interpolation: 0, interpolation_duration: 1 }
$data merge entity $(bone_left_leg1) { transformation: [-1.2610795657294673f,0.1872619728591472f,-0.3903704140918671f,0.6182262092871376f,0f,1.2021698603661282f,0.5766848399299755f,-1.125f,0.43296201528235223f,0.5454341006262458f,-1.1370238840826783f,-0.16559018893272048f,0f,0f,0f,1f], start_interpolation: 0, interpolation_duration: 1 }
$data merge entity $(bone_tail3) { transformation: [-0.40627248099806623f,0.014988608326908265f,0.9136290345671476f,2.0764847860119513f,-0.18160575697997133f,0.9785944059002044f,-0.09681083499566245f,-1.1141291504612778f,-0.8955233219829664f,-0.20525187054262944f,-0.39485395961462033f,-2.5349144001643067f,0f,0f,0f,1f], start_interpolation: 0, interpolation_duration: 1 }
$data merge entity $(bone_tail2) { transformation: [-0.6263367415386853f,0.023107437837316905f,1.4085114282910192f,0.20766650013129195f,-0.2799755420107891f,1.508666375762815f,-0.1492500372849796f,-1.127969831415946f,-1.3805984547237398f,-0.3164299670865537f,-0.6087331877392063f,-1.8238631374554928f,0f,0f,0f,1f], start_interpolation: 0, interpolation_duration: 1 }
$data merge entity $(bone_tail1) { transformation: [-0.8597989473640032f,0.15688273686594978f,0.48593577454762615f,-0.23460246963184095f,-1.3877787807814457e-17f,0.9516346286138547f,-0.30723205175074214f,-0.75f,-0.5106327154734136f,-0.26415779469177103f,-0.8182144519573264f,-0.7248805612336959f,0f,0f,0f,1f], start_interpolation: 0, interpolation_duration: 1 }
$data merge entity $(bone_body1) { transformation: [-1.2610795657294673f,0f,-0.43296201528235223f,0.5f,0f,1.3333333333333333f,0f,-1.1875f,0.43296201528235223f,0f,-1.2610795657294673f,-0.12499999999999994f,0f,0f,0f,1f], start_interpolation: 0, interpolation_duration: 1 }
data modify entity @s data merge value {"locators":{"head":{"posx":2.599007346553693,"posy":-0.47589546176620257,"posz":2.5666008272238074,"roty":296.8720212366603,"rotx":9.793451029590617},"neck":{"posx":1.748754383885196,"posy":-1.0721333897484575,"posz":1.8111040997574437,"roty":309.9218591321988,"rotx":11.724175294639249},"right_arm":{"posx":1.8007648197707635,"posy":-3.3355143212708107,"posz":2.4771175210805154,"roty":300.7779632076166,"rotx":7.247906779056107},"left_arm":{"posx":2.7809264431678438,"posy":-3.0133268925450554,"posz":0.9115174914462896,"roty":300.7779632076166,"rotx":7.247906779056107},"tail1":{"posx":0.875329065275783,"posy":-1.9057723652781209,"posz":-1.8294459165357013,"roty":66.62687166298726,"rotx":-5.555553500010242},"tail2":{"posx":2.5707285695269046,"posy":-2.4529904028903564,"posz":-2.4876266723603293,"roty":66.62687166298726,"rotx":-5.555553500010242}},"cameras":{}}