# This file was generated by Animated Java via MC-Build. It is not recommended to edit this file directly.
$data merge entity $(bone_jaw) { transformation: [-0.7199089215969461f,0.33100569437922117f,-0.6100544032245415f,2.0878760426187353f,-0.11228898656050755f,0.8118299228891905f,0.5729950783374542f,0.07478658267147631f,0.6849250529089559f,0.4810066596111333f,-0.5472753103396892f,3.0713099919295908f,0f,0f,0f,1f], start_interpolation: 0, interpolation_duration: 1 }
$data merge entity $(bone_head) { transformation: [-0.8098975367965644f,0.11746773431246231f,-0.7719406138339621f,1.9163336839889658f,-0.126325109880571f,1.0778327980193556f,0.2965525689105201f,0.14068715354048078f,0.7705406845225754f,0.3001712692934883f,-0.762751114444428f,2.9018097442752735f,0f,0f,0f,1f], start_interpolation: 0, interpolation_duration: 1 }
$data merge entity $(bone_neck) { transformation: [-0.8279238605076419f,0.10441576383329983f,-0.5510348713695269f,1.771638032182165f,-0.06491038080665318f,0.9580735982394273f,0.27907279125721307f,-0.6180642112890985f,0.5570715606326155f,0.26681890603865627f,-0.786434325112197f,1.7008009871392336f,0f,0f,0f,1f], start_interpolation: 0, interpolation_duration: 1 }
$data merge entity $(bone_right_arm2) { transformation: [-0.6844759861213034f,-0.016480400890294518f,-0.7288491070240563f,0.9908333351121817f,-0.15640769620963527f,0.9797850866305461f,0.12473097683722267f,-2.264952913765736f,0.7120598689644457f,0.19937296808461397f,-0.673217024894252f,2.5195128575113865f,0f,0f,0f,1f], start_interpolation: 0, interpolation_duration: 1 }
$data merge entity $(bone_right_arm1) { transformation: [-0.7771654425752299f,-0.018712121844188565f,-0.8275474236002305f,0.6820177935275389f,-0.1775879050713567f,1.1124643171117656f,0.14162162995059657f,-0.8443550359220429f,0.8084846428867143f,0.22637139084607208f,-0.7643818303486818f,2.0958344644562548f,0f,0f,0f,1f], start_interpolation: 0, interpolation_duration: 1 }
$data merge entity $(bone_left_arm2) { transformation: [-0.6844759861213034f,-0.016480400890294518f,-0.7288491070240563f,2.1886663108244626f,-0.15640769620963527f,0.9797850866305461f,0.12473097683722267f,-1.9912394453988747f,0.7120598689644457f,0.19937296808461397f,-0.673217024894252f,1.273408086823606f,0f,0f,0f,1f], start_interpolation: 0, interpolation_duration: 1 }
$data merge entity $(bone_left_arm1) { transformation: [-0.7771654425752299f,-0.018712121844188565f,-0.8275474236002305f,1.4520532779140052f,-0.1775879050713567f,1.1124643171117656f,0.14162162995059657f,-0.6683963776862032f,0.8084846428867143f,0.22637139084607208f,-0.7643818303486818f,1.294767111871253f,0f,0f,0f,1f], start_interpolation: 0, interpolation_duration: 1 }
$data merge entity $(bone_body2) { transformation: [-1.083753644692064f,-0.026093968076299656f,-1.1540110861214226f,0.7249474658907276f,-0.2476455189985892f,1.5513263871650314f,0.19749071332560258f,-0.5f,1.1274281258603724f,0.31567386613397214f,-1.0659269560825657f,0.720590703348458f,0f,0f,0f,1f], start_interpolation: 0, interpolation_duration: 1 }
$data merge entity $(bone_right_leg2) { transformation: [-0.9663893752553806f,0.030573283023136888f,-0.25525839801797373f,-0.9043120724844443f,0f,0.9929033758229756f,0.11892386757644063f,-2.585497070387218f,0.25708281816083145f,0.11492676209015013f,-0.9595312730505238f,0.4308042915134775f,0f,0f,0f,1f], start_interpolation: 0, interpolation_duration: 1 }
$data merge entity $(bone_right_leg1) { transformation: [-1.288519167007174f,-0.11238890177703328f,-0.3238284558068795f,-0.5871880471623032f,0f,1.2596269876125752f,-0.43717002396761734f,-1.125f,0.3427770908811086f,-0.42247646634244546f,-1.2172901376137335f,0.16421817043093545f,0f,0f,0f,1f], start_interpolation: 0, interpolation_duration: 1 }
$data merge entity $(bone_left_leg2) { transformation: [-0.9663893752553806f,0.052221000511374696f,-0.25172314653028266f,0.807427464006527f,0f,0.979151964845835f,0.20312909623818248f,-2.4275430515644563f,0.25708281816083145f,0.19630180040980724f,-0.9462420555874449f,-0.914260700399855f,0f,0f,0f,1f], start_interpolation: 0, interpolation_duration: 1 }
$data merge entity $(bone_left_leg1) { transformation: [-1.288519167007174f,0.09119957452425548f,-0.3304221113053885f,0.6207986719069226f,0f,1.2852749696351775f,0.35474784031346995f,-1.125f,0.3427770908811086f,0.34282454377372973f,-1.2420760749371174f,-0.1571353522701039f,0f,0f,0f,1f], start_interpolation: 0, interpolation_duration: 1 }
$data merge entity $(bone_tail3) { transformation: [-0.7387410673125137f,-0.001598656412751101f,0.6739874477789938f,1.4563472535814443f,-0.10113286190811255f,0.9889383830732983f,-0.10850354246127185f,-1.0732012860195992f,-0.6663585969342952f,-0.14831830224906276f,-0.7307310733161093f,-3.3006417546637525f,0f,0f,0f,1f], start_interpolation: 0, interpolation_duration: 1 }
$data merge entity $(bone_tail2) { transformation: [-1.1388924787734584f,-0.0024645953029912805f,1.0390639819926153f,0.038065567877656f,-0.15591316210834016f,1.5246133405713347f,-0.1672762946277941f,-1.057760994906189f,-1.0273028369403716f,-0.22865738263397173f,-1.1265437380290018f,-1.9182308280910658f,0f,0f,0f,1f], start_interpolation: 0, interpolation_duration: 1 }
$data merge entity $(bone_tail1) { transformation: [-0.9426970410853301f,0.08545464714460294f,0.3225209946815162f,-0.18792901694052244f,-1.3877787807814457e-17f,0.9666448182285092f,-0.25612066568703973f,-0.75f,-0.33364994939151893f,-0.2414441937039774f,-0.9112532099244826f,-0.766066929638588f,0f,0f,0f,1f], start_interpolation: 0, interpolation_duration: 1 }
$data merge entity $(bone_body1) { transformation: [-1.288519167007174f,0f,-0.3427770908811086f,0.5f,0f,1.3333333333333333f,0f,-1.1875f,0.3427770908811086f,0f,-1.288519167007174f,-0.12499999999999994f,0f,0f,0f,1f], start_interpolation: 0, interpolation_duration: 1 }
data modify entity @s data merge value {"locators":{"head":{"posx":2.065501779880365,"posy":-0.5404845589454169,"posz":2.94692323756901,"roty":314.65692573392636,"rotx":15.283916787808778},"neck":{"posx":1.3873995494120475,"posy":-1.0446810999393619,"posz":1.97758396833007,"roty":324.9820318595671,"rotx":16.204873796576095},"right_arm":{"posx":1.3289585403819228,"posy":-3.3168789698279957,"posz":2.7012521436841763,"roty":312.7277731544371,"rotx":7.165220303960561},"left_arm":{"posx":2.612351014359367,"posy":-3.02361453943493,"posz":1.36613988937584,"roty":312.7277731544371,"rotx":7.165220303960561},"tail1":{"posx":0.5949735639493418,"posy":-1.861419359914773,"posz":-2.226074889692307,"roty":42.686793784983564,"rotx":-6.229058534638631},"tail2":{"posx":1.837563429498864,"posy":-2.4322161564377685,"posz":-3.517010211702169,"roty":42.686793784983564,"rotx":-6.229058534638631}},"cameras":{}}