# This file was generated by Animated Java via MC-Build. It is not recommended to edit this file directly.
$data merge entity $(bone_jaw) { transformation: [-0.8161184146945485f,-0.10226717754824405f,0.56876370980643f,-0.7042035338523301f,0.20858241254591744f,0.8657394898372553f,0.45495990253301843f,0.3009991276852716f,-0.5389286690954395f,0.48993526116482444f,-0.6852148053671735f,3.1522512735307013f,0f,0f,0f,1f], start_interpolation: 0, interpolation_duration: 1 }
$data merge entity $(bone_head) { transformation: [-0.918133216531367f,-0.02643868576737322f,0.64958247559233f,-0.5598518726095901f,0.23465521411415713f,1.0348173591614758f,0.37378464878470935f,0.38406238297076256f,-0.6062947527323694f,0.4405440149099332f,-0.8390188577953606f,2.9658026384650658f,0f,0f,0f,1f], start_interpolation: 0, interpolation_duration: 1 }
$data merge entity $(bone_neck) { transformation: [-0.8425000701937284f,-0.023501054015442863f,0.5381833629755997f,0.3236420147963569f,0.1926436847163196f,0.9198376525879784f,0.3417412817035086f,-0.41192217387802355f,-0.5030726015820004f,0.3915946799199406f,-0.7704359572319539f,2.1752903765901666f,0f,0f,0f,1f], start_interpolation: 0, interpolation_duration: 1 }
$data merge entity $(bone_right_arm2) { transformation: [-0.99224398582207f,0.015367609551728988f,0.12335197273087029f,-1.0859128993266378f,0.013270589738480908f,0.9997534242759155f,-0.017803991029378574f,-1.8274824120662323f,-0.1235951619114789f,-0.01602894959898731f,-0.9922032597844196f,2.2144267552200056f,0f,0f,0f,1f], start_interpolation: 0, interpolation_duration: 1 }
$data merge entity $(bone_right_arm1) { transformation: [-1.126610358902142f,0.017448640011858953f,0.1400558857048423f,-0.6708621849681234f,0.015067648765566861f,1.1351367004799455f,-0.020214948147940254f,-0.5316933458300663f,-0.1403320067536583f,-0.01819953652385017f,-1.1265641178802264f,1.5498725058668836f,0f,0f,0f,1f], start_interpolation: 0, interpolation_duration: 1 }
$data merge entity $(bone_left_arm2) { transformation: [-0.99224398582207f,0.015367609551728988f,0.12335197273087029f,0.6505140758619845f,0.013270589738480908f,0.9997534242759155f,-0.017803991029378574f,-1.850705944108574f,-0.1235951619114789f,-0.01602894959898731f,-0.9922032597844196f,2.430718288565094f,0f,0f,0f,1f], start_interpolation: 0, interpolation_duration: 1 }
$data merge entity $(bone_left_arm1) { transformation: [-1.126610358902142f,0.017448640011858953f,0.1400558857048423f,0.4454122990817053f,0.015067648765566861f,1.1351367004799455f,-0.020214948147940254f,-0.5466227592858574f,-0.1403320067536583f,-0.01819953652385017f,-1.1265641178802264f,1.6889170630172976f,0f,0f,0f,1f], start_interpolation: 0, interpolation_duration: 1 }
$data merge entity $(bone_body2) { transformation: [-1.5710529775516109f,0.02433204845690423f,0.1953072901572113f,0.4999999999999999f,0.021011767085928106f,1.5829429217701998f,-0.028189652463182745f,-0.5f,-0.19569233969317495f,-0.025379170198396573f,-1.5709884946586645f,0.75f,0f,0f,0f,1f], start_interpolation: 0, interpolation_duration: 1 }
$data merge entity $(bone_right_leg2) { transformation: [-1f,-5.862255193976152e-17f,1.0752206392498488e-16f,-0.9999999999999998f,0f,0.8779842808542507f,0.47868946361168646f,-2.205048827942165f,-1.2246467991473532e-16f,0.47868946361168646f,-0.8779842808542507f,-1.1237777677044853f,0f,0f,0f,1f], start_interpolation: 0, interpolation_duration: 1 }
$data merge entity $(bone_right_leg1) { transformation: [-1.3333333333333333f,-8.286520611928617e-17f,1.4069738359692058e-16f,-0.625f,0f,1.148881323944827f,0.676645757592966f,-1.125f,-1.6328623988631375e-16f,0.676645757592966f,-1.148881323944827f,-0.12500000000000008f,0f,0f,0f,1f], start_interpolation: 0, interpolation_duration: 1 }
$data merge entity $(bone_left_leg2) { transformation: [-1f,6.114815561955869e-17f,1.0610608319481408e-16f,1f,0f,0.8664219207422849f,-0.4993125827147259f,-2.5243872558727998f,-1.2246467991473532e-16f,-0.4993125827147259f,-0.8664219207422849f,0.3286273890549324f,0f,0f,0f,1f], start_interpolation: 0, interpolation_duration: 1 }
$data merge entity $(bone_left_leg1) { transformation: [-1.3333333333333333f,8.219895916680653e-17f,1.4108765802898731e-16f,0.625f,0f,1.1520681565265842f,-0.671205438368325f,-1.125f,-1.6328623988631375e-16f,-0.671205438368325f,-1.1520681565265842f,-0.12499999999999993f,0f,0f,0f,1f], start_interpolation: 0, interpolation_duration: 1 }
$data merge entity $(bone_tail3) { transformation: [-0.3073095747410919f,0.002240114191430308f,-0.9516069604415778f,-2.477248905584588f,-0.011022780915023372f,0.9999217612412752f,0.005913518161453277f,-0.5299529803367935f,0.9515457548501536f,0.012306635793578758f,-0.3072608389334632f,-2.3478571712251037f,0f,0f,0f,1f], start_interpolation: 0, interpolation_duration: 1 }
$data merge entity $(bone_tail2) { transformation: [-0.47376892772584994f,0.0034535093784550577f,-1.4670607306807657f,-0.7318195730101595f,-0.01699345391066103f,1.5415460485802992f,0.009116673832240468f,-0.7299040047366354f,1.4669663720606534f,0.01897273018176725f,-0.4736937933557557f,-1.6551073730798873f,0f,0f,0f,1f], start_interpolation: 0, interpolation_duration: 1 }
$data merge entity $(bone_tail1) { transformation: [-0.8042751705136553f,0.011239705419088258f,-0.5941507545373673f,1.1102230246251565e-16f,8.673617379884035e-19f,0.9998211166118546f,0.018913877894931416f,-0.75f,0.5942570572531981f,0.015211962369020421f,-0.8041312990461525f,-0.875f,0f,0f,0f,1f], start_interpolation: 0, interpolation_duration: 1 }
data modify entity @s data merge value {"locators":{"head":{"posx":-0.7256032904033634,"posy":-0.29466521900358766,"posz":2.9541167573471476,"roty":37.74763750187651,"rotx":19.40558188139286},"neck":{"posx":-0.1560680454166662,"posy":-0.7032571114532942,"posz":1.8732105654831828,"roty":34.93599091802969,"rotx":19.98299791749704},"right_arm":{"posx":-1.2249717443576813,"posy":-2.8175044289688036,"posz":2.7188326370917353,"roty":7.0867232658388275,"rotx":-1.0201474440592708},"left_arm":{"posx":0.6354857290586997,"posy":-2.8423867847284554,"posz":2.9505735656757586,"roty":7.0867232658388275,"rotx":-1.0201474440592708},"tail1":{"posx":-1.3493157471146806,"posy":-1.474401934317215,"posz":-1.9945223960480964,"roty":287.89455669256296,"rotx":0.3388216074929626},"tail2":{"posx":-3.015467970709228,"posy":-1.8390239380001496,"posz":-2.5368438526042487,"roty":287.89455669256296,"rotx":0.3388216074929626}},"cameras":{}}