# This file was generated by Animated Java via MC-Build. It is not recommended to edit this file directly.
$data merge entity $(bone_jaw) { transformation: [-0.9993823054816897f,-0.014856861231107797f,-0.03184778115445953f,0.026742232669712894f,-0.01352912011653431f,0.9990465759239018f,-0.041507855203562274f,0.6501610185190644f,0.0324340931578968f,-0.04105134357225243f,-0.9986304705905672f,3.2331127093690153f,0f,0f,0f,1f], start_interpolation: 0, interpolation_duration: 1 }
$data merge entity $(bone_head) { transformation: [-1.124305093666901f,-0.01632215116286048f,-0.036008939668893535f,0.018740246076625444f,-0.0152202601311011f,1.1243698977715926f,-0.034433656016170065f,0.6425090949599155f,0.0364883548026339f,-0.033925217265553996f,-1.1238962049928285f,2.983357997148387f,0f,0f,0f,1f], start_interpolation: 0, interpolation_duration: 1 }
$data merge entity $(bone_neck) { transformation: [-0.9993823054816897f,-0.014508578811431536f,-0.032007946372349806f,0.5078403073770821f,-0.01352912011653431f,0.9994399091303046f,-0.030607694236595616f,-0.4375f,0.0324340931578968f,-0.03015574868049244f,-0.9990188488825142f,2.1874786188254185f,0f,0f,0f,1f], start_interpolation: 0, interpolation_duration: 1 }
$data merge entity $(bone_right_arm2) { transformation: [-0.9999851261394216f,0f,-0.0054541268710137205f,-0.8661165922763077f,0f,1f,0f,-1.875f,0.0054541268710137205f,0f,-0.9999851261394216f,2.382475254424204f,0f,0f,0f,1f], start_interpolation: 0, interpolation_duration: 1 }
$data merge entity $(bone_right_arm1) { transformation: [-1.135399778637468f,0f,-0.006192706551463494f,-0.5573709525815603f,0f,1.1354166666666665f,0f,-0.5625f,0.006192706551463494f,0f,-1.135399778637468f,1.6932810655561599f,0f,0f,0f,1f], start_interpolation: 0, interpolation_duration: 1 }
$data merge entity $(bone_left_arm2) { transformation: [-0.9999851261394216f,0f,-0.0054541268710137205f,0.8838573784676803f,0f,1f,0f,-1.875f,0.0054541268710137205f,0f,-0.9999851261394216f,2.3729305323999297f,0f,0f,0f,1f], start_interpolation: 0, interpolation_duration: 1 }
$data merge entity $(bone_left_arm1) { transformation: [-1.135399778637468f,0f,-0.006192706551463494f,0.5676123143252891f,0f,1.1354166666666665f,0f,-0.5625f,0.006192706551463494f,0f,-1.135399778637468f,1.6871451728262694f,0f,0f,0f,1f], start_interpolation: 0, interpolation_duration: 1 }
$data merge entity $(bone_body2) { transformation: [-1.5833097830540843f,0f,-0.008635700879105057f,0.4999999999999999f,0f,1.5833333333333335f,0f,-0.5f,0.008635700879105057f,0f,-1.5833097830540843f,0.75f,0f,0f,0f,1f], start_interpolation: 0, interpolation_duration: 1 }
$data merge entity $(bone_right_leg2) { transformation: [-1f,4.006932004872529e-18f,1.223991107914061e-16f,-1f,0f,0.9994645874763657f,-0.03271908282177614f,-2.5719550578790806f,-1.2246467991473532e-16f,-0.03271908282177614f,-0.9994645874763657f,-0.3902990020300612f,0f,0f,0f,1f], start_interpolation: 0, interpolation_duration: 1 }
$data merge entity $(bone_right_leg1) { transformation: [-1.3333333333333333f,5.342576006496705e-18f,1.6319881438854147e-16f,-0.625f,0f,1.3326194499684876f,-0.04362544376236818f,-1.125f,-1.6328623988631375e-16f,-0.04362544376236818f,-1.3326194499684876f,-0.12500000000000008f,0f,0f,0f,1f], start_interpolation: 0, interpolation_duration: 1 }
$data merge entity $(bone_left_leg2) { transformation: [-1f,-4.006932004872529e-18f,1.223991107914061e-16f,1f,0f,0.9994645874763657f,0.03271908282177614f,-2.5515056311154707f,-1.2246467991473532e-16f,0.03271908282177614f,-0.9994645874763657f,-0.4843663651426674f,0f,0f,0f,1f], start_interpolation: 0, interpolation_duration: 1 }
$data merge entity $(bone_left_leg1) { transformation: [-1.3333333333333333f,-5.342576006496705e-18f,1.6319881438854147e-16f,0.625f,0f,1.3326194499684876f,0.04362544376236818f,-1.125f,-1.6328623988631375e-16f,0.04362544376236818f,-1.3326194499684876f,-0.12499999999999993f,0f,0f,0f,1f], start_interpolation: 0, interpolation_duration: 1 }
$data merge entity $(bone_tail3) { transformation: [-0.9970861323044665f,0f,0.07628397450395243f,0.18331472579164038f,0f,1f,0f,-0.5625f,-0.07628397450395243f,0f,-0.9970861323044665f,-3.801497948383655f,0f,0f,0f,1f], start_interpolation: 0, interpolation_duration: 1 }
$data merge entity $(bone_tail2) { transformation: [-1.5371744539693857f,0f,0.11760446069359332f,-0.0843534929413287f,0f,1.5416666666666665f,0f,-0.75f,-0.11760446069359332f,0f,-1.5371744539693857f,-1.9414969471257746f,0f,0f,0f,1f], start_interpolation: 0, interpolation_duration: 1 }
$data merge entity $(bone_tail1) { transformation: [-0.9992712675506252f,0f,0.038169802825881734f,1.1102230246251565e-16f,0f,1f,0f,-0.75f,-0.038169802825881734f,0f,-0.9992712675506252f,-0.875f,0f,0f,0f,1f], start_interpolation: 0, interpolation_duration: 1 }
data modify entity @s data merge value {"locators":{"head":{"posx":0.03781059107512947,"posy":0.027424056202411284,"posz":3.31439873034948,"roty":358.1649063914409,"rotx":-1.753965634659009},"neck":{"posx":0.0175908649870678,"posy":-0.815228564202557,"posz":2.339881427269866,"roty":358.1649063914409,"rotx":-1.753965634659009},"right_arm":{"posx":-0.9258885992245146,"posy":-2.875,"posz":2.882808700423353,"roty":359.6875,"rotx":0},"left_arm":{"posx":0.949083512286901,"posy":-2.875,"posz":2.8725822125402023,"roty":359.6875,"rotx":0},"tail1":{"posx":0.09272750606819692,"posy":-1.5,"posz":-2.617458166272101,"roty":4.375,"rotx":0},"tail2":{"posx":0.2262244614501136,"posy":-1.875,"posz":-4.362358897804917,"roty":4.375,"rotx":0}},"cameras":{}}