# This file was generated by Animated Java via MC-Build. It is not recommended to edit this file directly.
$data merge entity $(bone_jaw) { transformation: [-0.502867810810977f,0.2039897239974215f,-0.839947711083036f,1.3979750969885818f,-0.12012490096376204f,0.9458299532197528f,0.3016217958980525f,0.12667214327928022f,0.8559754511775568f,0.25257452780471723f,-0.45112319258225037f,3.154461245749873f,0f,0f,0f,1f], start_interpolation: 0, interpolation_duration: 1 }
$data merge entity $(bone_head) { transformation: [-0.5657262871623491f,0.08357716879150692f,-0.9688104174038898f,1.1826838931210508f,-0.1351405135842323f,1.103202857090063f,0.1740847428596533f,0.16535764169253653f,0.9629723825747514f,0.20391986898072895f,-0.5447255065013836f,3.0334111331940097f,0f,0f,0f,1f], start_interpolation: 0, interpolation_duration: 1 }
$data merge entity $(bone_neck) { transformation: [-0.9771420755613917f,0.0742908167035617f,-0.19918393188481245f,1.4304839934978022f,0.03527637814081119f,0.9806247618578338f,0.19269315913268176f,-0.7376311650565136f,0.2096400279356076f,0.18126210576064794f,-0.9608304260910837f,1.9553254106565117f,0f,0f,0f,1f], start_interpolation: 0, interpolation_duration: 1 }
$data merge entity $(bone_right_arm2) { transformation: [-0.944972893138763f,0.08213546457000598f,-0.3166701701973607f,0.0724521920246248f,0.015363191807182482f,0.9780438207646371f,0.20783228094212414f,-2.161413321347452f,0.32678770412984004f,0.19153080724515206f,-0.92548676182081f,2.3028617362615376f,0f,0f,0f,1f], start_interpolation: 0, interpolation_duration: 1 }
$data merge entity $(bone_right_arm1) { transformation: [-1.0729379724179704f,0.09325797539719427f,-0.35955258907825327f,0.2578482763679356f,0.017443624031071775f,1.110487254826515f,0.23597623565303674f,-0.7396471108858998f,0.37104020573075586f,0.21746727072626637f,-1.0508130941507112f,1.8158526144784177f,0f,0f,0f,1f], start_interpolation: 0, interpolation_duration: 1 }
$data merge entity $(bone_left_arm2) { transformation: [-0.944972893138763f,0.08213546457000598f,-0.3166701701973607f,1.7261547550174599f,0.015363191807182482f,0.9780438207646371f,0.20783228094212414f,-2.1882989070100214f,0.32678770412984004f,0.19153080724515206f,-0.92548676182081f,1.7309832540343173f,0f,0f,0f,1f], start_interpolation: 0, interpolation_duration: 1 }
$data merge entity $(bone_left_arm1) { transformation: [-1.0729379724179704f,0.09325797539719427f,-0.35955258907825327f,1.3209427811490437f,0.017443624031071775f,1.110487254826515f,0.23597623565303674f,-0.7569307016689801f,0.37104020573075586f,0.21746727072626637f,-1.0508130941507112f,1.4482164473323476f,0f,0f,0f,1f], start_interpolation: 0, interpolation_duration: 1 }
$data merge entity $(bone_body2) { transformation: [-1.4962070808030414f,0.13004781890250947f,-0.5013944361458211f,0.9701371573034708f,0.024325053694705598f,1.5485693828773424f,0.32906777815836324f,-0.5f,0.5174138648722468f,0.3032571114714908f,-1.465354039549616f,0.6129675150862752f,0f,0f,0f,1f], start_interpolation: 0, interpolation_duration: 1 }
$data merge entity $(bone_right_leg2) { transformation: [-0.8772440696953371f,0.12481479502325661f,-0.4635343667169297f,-1.1324610723739412f,1.734723475976807e-18f,0.9656068256630281f,0.26000665036296755f,-2.3970726093138737f,0.4800446252009938f,0.22808929211226225f,-0.8470728614702306f,0.011330305286238518f,0f,0f,0f,1f], start_interpolation: 0, interpolation_duration: 1 }
$data merge entity $(bone_right_leg1) { transformation: [-1.1696587595937826f,0.19655789393934253f,-0.6091314785934491f,-0.44881537653949655f,2.3129646346357427e-18f,1.2689059446054767f,0.409457545445997f,-1.125f,0.6400595002679916f,0.3591942035345098f,-1.1131402149063143f,0.4794620593901768f,0f,0f,0f,1f], start_interpolation: 0, interpolation_duration: 1 }
$data merge entity $(bone_left_leg2) { transformation: [-0.09784344633609598f,-0.4345620231502277f,-0.8953114028340399f,1.76535649668981f,5.551115123125783e-17f,0.8996279809597287f,-0.43665718346813204f,-2.068502192851926f,0.9952018187328013f,-0.042724043697935025f,-0.08802270207748358f,-0.4549314646306373f,0f,0f,0f,1f], start_interpolation: 0, interpolation_duration: 1 }
$data merge entity $(bone_left_leg1) { transformation: [-0.13045792844812798f,-1.1756216523332033f,-0.6153635000941714f,0.6054239307266107f,7.401486830834377e-17f,0.6183303612504637f,-1.1812896944160853f,-1.125f,1.3269357583104018f,-0.1155814548229835f,-0.06049957351898856f,-0.19216245104335292f,0f,0f,0f,1f], start_interpolation: 0, interpolation_duration: 1 }
$data merge entity $(bone_tail3) { transformation: [0.40588162841422293f,0.06794435270274005f,-0.9113965485186043f,-3.0967809395375507f,-0.05444388738946516f,0.9972592040945973f,0.050099331078702646f,-0.376596558868784f,0.9123025632112092f,0.029285572974006996f,0.4084683443962852f,-0.03196969263448379f,0f,0f,0f,1f], start_interpolation: 0, interpolation_duration: 1 }
$data merge entity $(bone_tail2) { transformation: [0.6257341771385936f,0.10474754375005756f,-1.4050696789661814f,-1.3572079460333026f,-0.08393432639209211f,1.5374412729791707f,0.07723646874633323f,-0.663923596684142f,1.4064664516172807f,0.04514859166826078f,0.6297220309442729f,-0.6860333161535735f,0f,0f,0f,1f], start_interpolation: 0, interpolation_duration: 1 }
$data merge entity $(bone_tail1) { transformation: [-0.3017043644967038f,0.07812029945243038f,-0.9501956089443389f,-0.3225212307331735f,0f,0.9966373868180366f,0.08193850863004092f,-0.75f,0.9534015294951232f,0.02472120567403418f,-0.3006898494235912f,-0.4855202144030009f,0f,0f,0f,1f], start_interpolation: 0, interpolation_duration: 1 }
data modify entity @s data merge value {"locators":{"head":{"posx":1.4053661375157387,"posy":-0.4958897074851799,"posz":3.0714349577884335,"roty":299.3474037314296,"rotx":8.90183304257578},"neck":{"posx":0.9389518909388723,"posy":-1.1118139065743808,"posz":2.112275938225458,"roty":348.28824922095225,"rotx":11.109995776109317},"right_arm":{"posx":0.0895910067321265,"posy":-3.242413083095202,"posz":2.5944985414349055,"roty":341.1107936273854,"rotx":11.995348543030422},"left_arm":{"posx":1.861415181367307,"posy":-3.2712190677336697,"posz":1.9817715961914553,"roty":341.1107936273854,"rotx":11.995348543030422},"tail1":{"posx":-2.085486541218676,"posy":-1.3706192237147987,"posz":-0.5412133295130339,"roty":245.85910288882235,"rotx":2.871682375809789},"tail2":{"posx":-3.6986184610016117,"posy":-1.657318390511173,"posz":0.15935643656004245,"roty":245.85910288882235,"rotx":2.871682375809789}},"cameras":{}}