# This file was generated by Animated Java via MC-Build. It is not recommended to edit this file directly.
$data merge entity $(bone_jaw) { transformation: [-0.2620144657748805f,0.317880571008637f,-0.911208188231387f,1.9454000240134341f,-0.18031712828855692f,0.911441308363218f,0.369811404170982f,0.049438703274232554f,0.9480686435962705f,0.2612023812762208f,-0.18149149579294246f,3.0090682733270415f,0f,0f,0f,1f], start_interpolation: 0, interpolation_duration: 1 }
$data merge entity $(bone_head) { transformation: [-0.2947662739967406f,0.0770885164582565f,-1.0829566955074166f,1.7047429805673415f,-0.20285676932462654f,1.0984881308640357f,0.13340898579185947f,0.07908514456131244f,1.0665772240458042f,0.23023072553658525f,-0.2739194008566092f,2.948197295358906f,0f,0f,0f,1f], start_interpolation: 0, interpolation_duration: 1 }
$data merge entity $(bone_neck) { transformation: [-0.901384237085424f,0.06852312574067244f,-0.427564075166116f,1.7352334669381198f,-0.027318973471038042f,0.976433894101365f,0.21408064867832638f,-0.7707758541347287f,0.43215753010032915f,0.204649533810298f,-0.8782701392446466f,1.8010839124990246f,0f,0f,0f,1f], start_interpolation: 0, interpolation_duration: 1 }
$data merge entity $(bone_right_arm2) { transformation: [-0.8445520241569677f,0.08617229502072352f,-0.5284942895275504f,0.5491944389164147f,-0.045143167371663205f,0.9719946174397066f,0.230626447112842f,-2.273332430674002f,0.53356721500859f,0.218633938900391f,-0.8170099312914607f,2.3736419080836724f,0f,0f,0f,1f], start_interpolation: 0, interpolation_duration: 1 }
$data merge entity $(bone_right_arm1) { transformation: [-0.9589184440948904f,0.09784145997144648f,-0.6000612245677395f,0.5628782596299758f,-0.05125630461990926f,1.1036188885513334f,0.2618571118260393f,-0.8249265730906632f,0.6058211087076698f,0.2482406181264856f,-0.9276466928205126f,1.9321648704373722f,0f,0f,0f,1f], start_interpolation: 0, interpolation_duration: 1 }
$data merge entity $(bone_left_arm2) { transformation: [-0.8445520241569677f,0.08617229502072352f,-0.5284942895275504f,2.027160481191108f,-0.045143167371663205f,0.9719946174397066f,0.230626447112842f,-2.194331887773591f,0.53356721500859f,0.218633938900391f,-0.8170099312914607f,1.43989928181864f,0f,0f,0f,1f], start_interpolation: 0, interpolation_duration: 1 }
$data merge entity $(bone_left_arm1) { transformation: [-0.9589184440948904f,0.09784145997144648f,-0.6000612245677395f,1.5129992868065645f,-0.05125630461990926f,1.1036188885513334f,0.2618571118260393f,-0.7741405097975421f,0.6058211087076698f,0.2482406181264856f,-0.9276466928205126f,1.3319017535527085f,0f,0f,0f,1f], start_interpolation: 0, interpolation_duration: 1 }
$data merge entity $(bone_body2) { transformation: [-1.3372073715818658f,0.13643946711614557f,-0.8367826250852882f,0.9701371573034708f,-0.07147668167180009f,1.538991477612869f,0.36515854126199987f,-0.5f,0.8448147570969342f,0.3461704032589525f,-1.2935990578781462f,0.6129675150862752f,0f,0f,0f,1f], start_interpolation: 0, interpolation_duration: 1 }
$data merge entity $(bone_right_leg2) { transformation: [-0.8323663530101738f,0.15508846345389743f,-0.532084413303051f,-1.2075502536361706f,-4.336808689942018e-19f,0.9600498543859287f,0.279829014030992f,-2.3557485839064976f,0.5542258153285022f,0.2329202558754096f,-0.7991131960031638f,0.016572429468263816f,0f,0f,0f,1f], start_interpolation: 0, interpolation_duration: 1 }
$data merge entity $(bone_right_leg1) { transformation: [-1.109821804013565f,0.2642090663436192f,-0.6901209389488825f,-0.44881537653949655f,-5.782411586589357e-19f,1.2451981121446538f,0.47671735786435077f,-1.125f,0.7389677537713363f,0.3968034885821956f,-1.0364610113809989f,0.4794620593901768f,0f,0f,0f,1f], start_interpolation: 0, interpolation_duration: 1 }
$data merge entity $(bone_left_leg2) { transformation: [-0.25725772763061644f,0.16174702862299362f,-0.9527100085051925f,0.5883742347703202f,0f,0.9858923569597109f,0.16738058575720724f,-2.591377192562282f,0.9663428281796951f,0.04305994914138067f,-0.2536284274398478f,-0.5847624217526713f,0f,0f,0f,1f], start_interpolation: 0, interpolation_duration: 1 }
$data merge entity $(bone_left_leg1) { transformation: [-0.34301030350748857f,-0.17228878977176176f,-1.2768861665725961f,0.6054239307266107f,0f,1.3213593864797168f,-0.17828951045903968f,-1.125f,1.2884571042395934f,-0.04586635432106757f,-0.33992991314915744f,-0.19216245104335292f,0f,0f,0f,1f], start_interpolation: 0, interpolation_duration: 1 }
$data merge entity $(bone_tail3) { transformation: [-0.31138119118366925f,-0.039710829822513186f,-0.9494550035530102f,-3.0322406802836444f,0.03289213122919565f,0.9980774165978119f,-0.05253168739569562f,-0.7659954096367145f,0.9497156740205148f,-0.04758697796924187f,-0.3094763610480038f,-1.800935352395509f,0f,0f,0f,1f], start_interpolation: 0, interpolation_duration: 1 }
$data merge entity $(bone_tail2) { transformation: [-0.48004600307482337f,-0.061220862643041156f,-1.4637431304775572f,-1.2617733887402138f,0.050708702311676616f,1.5387026839216265f,-0.08098635140169741f,-0.8493249850594118f,1.4641449974482936f,-0.0733632577025812f,-0.4771093899490058f,-1.0859517840523722f,0f,0f,0f,1f], start_interpolation: 0, interpolation_duration: 1 }
$data merge entity $(bone_tail1) { transformation: [-0.6343357113803259f,-0.07000672317589783f,-0.769881331100962f,-0.33081501390015833f,0f,0.9958911638261442f,-0.09055821228915686f,-0.75f,0.7730576985371894f,-0.05744430801377288f,-0.6317293298630379f,-0.49853884621995687f,0f,0f,0f,1f], start_interpolation: 0, interpolation_duration: 1 }
data modify entity @s data merge value {"locators":{"head":{"posx":1.962737331287037,"posy":-0.5682440908608907,"posz":2.896380059187639,"roty":284.19449198034096,"rotx":6.8104900980360155},"neck":{"posx":1.31229068563842,"posy":-1.1773581322430504,"posz":2.0502028697759083,"roty":334.04201170220034,"rotx":12.361596582308163},"right_arm":{"posx":0.674484787149656,"posy":-3.363461719630859,"posz":2.5968608857670485,"roty":327.10262714461214,"rotx":13.33395610231908},"left_arm":{"posx":2.25801983244397,"posy":-3.2788182808089896,"posz":1.5964223576259424,"roty":327.10262714461214,"rotx":13.33395610231908},"tail1":{"posx":-1.8458179324180648,"posy":-1.638110098995961,"posz":-1.3817410080485077,"roty":288.0534607886011,"rotx":-3.0112300169898303},"tail2":{"posx":-3.514188655640164,"posy":-2.105521093081421,"posz":-1.9125578969003811,"roty":288.0534607886011,"rotx":-3.0112300169898303}},"cameras":{}}