# This file was generated by Animated Java via MC-Build. It is not recommended to edit this file directly.
$data merge entity $(bone_jaw) { transformation: [0.4173424731623046f,0.5307577371218263f,-0.7376459073160301f,3.4103455326377485f,-0.19787659336901836f,0.8453144179144181f,0.49627450938233825f,0.29981675534517666f,0.8869442563608173f,-0.061153571860739636f,0.4578101426980731f,1.43646983512498f,0f,0f,0f,1f], start_interpolation: 0, interpolation_duration: 1 }
$data merge entity $(bone_head) { transformation: [0.4695102823075927f,0.059493528879404706f,-1.0206104128554245f,3.183543218669876f,-0.22261116754014565f,1.1020947172500783f,-0.038164149353586245f,0.29133583326660195f,0.9978122884059195f,0.21788243213014002f,0.4717233117784163f,1.541297237742406f,0f,0f,0f,1f], start_interpolation: 0, interpolation_duration: 1 }
$data merge entity $(bone_neck) { transformation: [-0.1953225023756876f,0.05288313678169307f,-0.979312255570116f,2.429324929376452f,-0.1800511855392111f,0.9796397486667363f,0.08881178648185233f,-0.5873462304056948f,0.9640698577653095f,0.1936732730045689f,-0.1818240156637006f,0.7057524435656398f,0f,0f,0f,1f], start_interpolation: 0, interpolation_duration: 1 }
$data merge entity $(bone_right_arm2) { transformation: [-0.08670809164945298f,0.0890717666191801f,-0.9922438849566413f,2.3681063672727527f,-0.1768499413605355f,0.9787999076284771f,0.10331911278780842f,-2.256912100640081f,0.9804110388420182f,0.18443687597067737f,-0.06911753539364485f,1.8016491506518744f,0f,0f,0f,1f], start_interpolation: 0, interpolation_duration: 1 }
$data merge entity $(bone_right_arm1) { transformation: [-0.09844981239364972f,0.10113356834886074f,-1.126610244377853f,1.82994166869319f,-0.20079837091977465f,1.1113457284531667f,0.11731024264449079f,-0.8459397251609192f,1.113175033685208f,0.2094127029250399f,-0.07847720164486757f,1.689825795142127f,0f,0f,0f,1f], start_interpolation: 0, interpolation_duration: 1 }
$data merge entity $(bone_left_arm2) { transformation: [-0.08670809164945298f,0.0890717666191801f,-0.9922438849566413f,2.519845527659296f,-0.1768499413605355f,0.9787999076284771f,0.10331911278780842f,-1.947424703259144f,0.9804110388420182f,0.18443687597067737f,-0.06911753539364485f,0.08592983267834275f,0f,0f,0f,1f], start_interpolation: 0, interpolation_duration: 1 }
$data merge entity $(bone_left_arm1) { transformation: [-0.09844981239364972f,0.10113356834886074f,-1.126610244377853f,1.9274882717988246f,-0.20079837091977465f,1.1113457284531667f,0.11731024264449079f,-0.6469835411303168f,1.113175033685208f,0.2094127029250399f,-0.07847720164486757f,0.5868633764448565f,0f,0f,0f,1f], start_interpolation: 0, interpolation_duration: 1 }
$data merge entity $(bone_body2) { transformation: [-0.13728781177830057f,0.1410302971470352f,-1.5710528178480154f,0.9974073593375814f,-0.28001240715418124f,1.5497665204117557f,0.16358859524736336f,-0.5f,1.552317478166529f,0.29202505362023917f,-0.10943609770660435f,0.594868681689108f,0f,0f,0f,1f], start_interpolation: 0, interpolation_duration: 1 }
$data merge entity $(bone_right_leg2) { transformation: [-0.822707064787552f,-0.05137511648608439f,-0.5661392787598226f,-0.2864056007045485f,0f,0.9959077999460093f,-0.09037507403426842f,-2.367553203422982f,0.5684655535286645f,-0.07435221188869057f,-0.8193403828926098f,1.375563316839314f,0f,0f,0f,1f], start_interpolation: 0, interpolation_duration: 1 }
$data merge entity $(bone_right_leg1) { transformation: [-1.0969427530500693f,-0.5324787828381893f,-0.5394077494214122f,-0.4255454478859959f,0f,0.9488837908878027f,-0.936694896520831f,-1.125f,0.7579540713715526f,-0.7706255089181325f,-0.7806533984257894f,0.5145237477197475f,0f,0f,0f,1f], start_interpolation: 0, interpolation_duration: 1 }
$data merge entity $(bone_left_leg2) { transformation: [-0.844130812884512f,0.27553674101106074f,-0.45991594350700293f,0.3264466598003711f,0f,0.8578324441841494f,0.5139294676364143f,-2.0950196199233577f,0.5361372685599585f,0.4338236992812309f,-0.7241227984278739f,-1.3306757739315287f,0f,0f,0f,1f], start_interpolation: 0, interpolation_duration: 1 }
$data merge entity $(bone_left_leg1) { transformation: [-1.1255077505126825f,0.42502313548431103f,-0.5747742301258327f,0.602838383098444f,0f,1.0720654277022215f,0.7927505890905603f,-1.125f,0.7148496914132779f,0.6691851991836903f,-0.9049634609516584f,-0.196058194191083f,0f,0f,0f,1f], start_interpolation: 0, interpolation_duration: 1 }
$data merge entity $(bone_tail3) { transformation: [-0.037092108634139975f,0.02989850854132064f,0.9988644826321926f,2.1772177480779766f,-0.30589824706665614f,0.9512306096977773f,-0.0398320174676334f,-1.094253223624892f,-0.9513413887341498f,-0.30702834781335664f,-0.026137247758331983f,-1.5730866061698563f,0f,0f,0f,1f], start_interpolation: 0, interpolation_duration: 1 }
$data merge entity $(bone_tail2) { transformation: [-0.057183667477632455f,0.04609353400120265f,1.5399160773912968f,0.15537318106849052f,-0.47159313089442817f,1.4664805232840732f,-0.06140769359593482f,-1.2306289864264623f,-1.466651307631814f,-0.47333536954559147f,-0.04029492362742847f,-1.5817989516999797f,0f,0f,0f,1f], start_interpolation: 0, interpolation_duration: 1 }
$data merge entity $(bone_tail1) { transformation: [-0.8099161284349436f,0.22183150271525703f,0.5429794188586186f,-0.377179472090876f,0f,0.9257239692688903f,-0.37819985817164253f,-0.75f,-0.5865457057220281f,-0.30631016490502155f,-0.7497587731896886f,-0.5149299568810228f,0f,0f,0f,1f], start_interpolation: 0, interpolation_duration: 1 }
$data merge entity $(bone_body1) { transformation: [-1.0969427530500693f,0f,-0.7579540713715526f,0.5f,0f,1.3333333333333333f,0f,-1.1875f,0.7579540713715526f,0f,-1.0969427530500693f,-0.12499999999999994f,0f,0f,0f,1f], start_interpolation: 0, interpolation_duration: 1 }
data modify entity @s data merge value {"locators":{"head":{"posx":3.433994150641158,"posy":-0.3103378570518899,"posz":1.289217188842768,"roty":245.19375062864407,"rotx":-1.94405716313192},"neck":{"posx":2.434246533841738,"posy":-1.055838202235558,"posz":1.1378878970295438,"roty":280.5180548979095,"rotx":5.0952537304964824},"right_arm":{"posx":2.769737287403802,"posy":-3.298424685997496,"posz":1.7130467323056455,"roty":273.9846619992322,"rotx":5.930332083732134},"left_arm":{"posx":2.9323149592465274,"posy":-2.966831045946492,"posz":-0.12522396552313833,"roty":273.9846619992322,"rotx":5.930332083732134},"tail1":{"posx":0.8243051450514,"posy":-1.9331991748254613,"posz":-1.2505793750820469,"roty":88.50108562835608,"rotx":-2.282810409182975},"tail2":{"posx":2.6998372270981017,"posy":-2.3651489086787683,"posz":-1.1848141015288873,"roty":88.50108562835608,"rotx":-2.282810409182975}},"cameras":{}}