# This file was generated by Animated Java via MC-Build. It is not recommended to edit this file directly.
$data merge entity $(bone_jaw) { transformation: [0.33604632540448975f,0.5395832995591612f,-0.7719603163498683f,3.4276372215332125f,-0.2015154374265937f,0.8418364698414025f,0.500702393167572f,0.28570578512357286f,0.9200349969761522f,-0.012697278519981314f,0.39163041692043987f,1.440822330589437f,0f,0f,0f,1f], start_interpolation: 0, interpolation_duration: 1 }
$data merge entity $(bone_head) { transformation: [0.37805211608005096f,0.06796540573463389f,-1.0573941087176166f,3.1926607529292976f,-0.2267048671049179f,1.1018735197736964f,-0.010229841272816535f,0.283432487062947f,1.0350393715981712f,0.2165189369197348f,0.3839766258469526f,1.5261504696665376f,0f,0f,0f,1f], start_interpolation: 0, interpolation_duration: 1 }
$data merge entity $(bone_neck) { transformation: [-0.19020229300205632f,0.06041369398634123f,-0.979884316292329f,2.4274163425823208f,-0.1779847907860776f,0.9794431286877301f,0.0949345664930678f,-0.5910991064991098f,0.965476308350234f,0.1924612772619865f,-0.17553961025674136f,0.6962962750669575f,0f,0f,0f,1f], start_interpolation: 0, interpolation_duration: 1 }
$data merge entity $(bone_right_arm2) { transformation: [-0.07952825902868788f,0.09305795309481843f,-0.9924794574104134f,2.370384077108526f,-0.17681222937155688f,0.9785288995537653f,0.10591802624084878f,-2.2607108449136977f,0.9810263460073465f,0.1839059816968979f,-0.06136691564332014f,1.7923489488208908f,0f,0f,0f,1f], start_interpolation: 0, interpolation_duration: 1 }
$data merge entity $(bone_right_arm1) { transformation: [-0.09029771077215601f,0.10565955090974175f,-1.1268777172680735f,1.8350455945222808f,-0.20075555209895518f,1.1110380213683375f,0.12026109229429705f,-0.8483191995301853f,1.1138736636958413f,0.2088099167183528f,-0.06967701880335307f,1.6849650621659908f,0f,0f,0f,1f], start_interpolation: 0, interpolation_duration: 1 }
$data merge entity $(bone_left_arm2) { transformation: [-0.07952825902868788f,0.09305795309481843f,-0.9924794574104134f,2.50955853040873f,-0.17681222937155688f,0.9785288995537653f,0.10591802624084878f,-1.9512894435134727f,0.9810263460073465f,0.1839059816968979f,-0.06136691564332014f,0.07555284330803436f,0f,0f,0f,1f], start_interpolation: 0, interpolation_duration: 1 }
$data merge entity $(bone_left_arm1) { transformation: [-0.09029771077215601f,0.10565955090974175f,-1.1268777172680735f,1.9245148859295549f,-0.20075555209895518f,1.1110380213683375f,0.12026109229429705f,-0.6494054414871837f,1.1138736636958413f,0.2088099167183528f,-0.06967701880335307f,0.581310422907726f,0f,0f,0f,1f], start_interpolation: 0, interpolation_duration: 1 }
$data merge entity $(bone_body2) { transformation: [-0.12591974346208915f,0.14734175906679586f,-1.571425807566488f,0.9949110004864253f,-0.27995269650496507f,1.5493374242934619f,0.1677035415480106f,-0.5f,1.553291714511632f,0.2911844710200884f,-0.09716428310192357f,0.5965872099736287f,0f,0f,0f,1f], start_interpolation: 0, interpolation_duration: 1 }
$data merge entity $(bone_right_leg2) { transformation: [-0.8246710971127184f,-0.05721414767192712f,-0.5627114028461484f,-0.27945168158500194f,0f,0.9948707484910411f,-0.1011543068627131f,-2.3536800839641447f,0.5656125719844861f,-0.08341903321815014f,-0.820441151643458f,1.390540440682523f,0f,0f,0f,1f], start_interpolation: 0, interpolation_duration: 1 }
$data merge entity $(bone_right_leg1) { transformation: [-1.0995614628169577f,-0.5390536196820835f,-0.5274121371121955f,-0.42775498425180813f,0f,0.9324618356019526f,-0.9530439144780343f,-1.125f,0.7541500959793148f,-0.7859477705492002f,-0.7689743249816015f,0.511314143482547f,0f,0f,0f,1f], start_interpolation: 0, interpolation_duration: 1 }
$data merge entity $(bone_left_leg2) { transformation: [-0.842059477086517f,0.2880108558502732f,-0.45605436513772646f,0.3095750388292138f,-1.734723475976807e-18f,0.8455085561181785f,0.5339618727315211f,-2.067390021960768f,0.5393846837358116f,0.44962765533644206f,-0.7119684926370494f,-1.3491490572868998f,0f,0f,0f,1f], start_interpolation: 0, interpolation_duration: 1 }
$data merge entity $(bone_left_leg1) { transformation: [-1.1227459694486892f,0.4417583742476204f,-0.5675110612548445f,0.6030838871390898f,-2.3129646346357427e-18f,1.0521453025403462f,0.8190042979863176f,-1.125f,0.7191795783144155f,0.6896503308939687f,-0.8859689232761592f,-0.19570157149806072f,0f,0f,0f,1f], start_interpolation: 0, interpolation_duration: 1 }
$data merge entity $(bone_tail3) { transformation: [0.005286919166229642f,0.03829305417795707f,0.9992525659148711f,2.203991009770208f,-0.3136656672140715f,0.9488990944423964f,-0.0347038582516577f,-1.0900631449500204f,-0.949518771640077f,-0.3132477463097283f,0.017027969197618953f,-1.4775121134023461f,0f,0f,0f,1f], start_interpolation: 0, interpolation_duration: 1 }
$data merge entity $(bone_tail2) { transformation: [0.008150667047937364f,0.05903512519101715f,1.5405143724520929f,0.18337489128585915f,-0.48356790362169355f,1.4628861039320276f,-0.05350178147130561f,-1.2372407130953536f,-1.4638414396117854f,-0.4829236088941644f,0.026251452512995883f,-1.5717896428697569f,0f,0f,0f,1f], start_interpolation: 0, interpolation_duration: 1 }
$data merge entity $(bone_tail1) { transformation: [-0.7942675618043913f,0.23247266240869763f,0.5613336810649431f,-0.37630854999219276f,0f,0.9239024358148609f,-0.3826281342182861f,-0.75f,-0.6075681363150206f,-0.30390911524332154f,-0.7338257350398076f,-0.5186728855762145f,0f,0f,0f,1f], start_interpolation: 0, interpolation_duration: 1 }
$data merge entity $(bone_body1) { transformation: [-1.0995614628169577f,0f,-0.7541500959793148f,0.5f,0f,1.3333333333333333f,0f,-1.1875f,0.7541500959793148f,0f,-1.0995614628169577f,-0.12499999999999994f,0f,0f,0f,1f], start_interpolation: 0, interpolation_duration: 1 }
data modify entity @s data merge value {"locators":{"head":{"posx":3.448622779942728,"posy":-0.325877845791102,"posz":1.2992019975314202,"roty":250.04227751919876,"rotx":-0.521008717998526},"neck":{"posx":2.4321456003729556,"posy":-1.059249495961681,"posz":1.1288039015509221,"roty":280.1564161354961,"rotx":5.447553727411264},"right_arm":{"posx":2.768595336529621,"posy":-3.3032495219236098,"posz":1.7004405715711122,"roty":273.5382038734063,"rotx":6.080060546502533},"left_arm":{"posx":2.917710822208411,"posy":-2.97172659185194,"posz":-0.13898382719266264,"roty":273.5382038734063,"rotx":6.080060546502533},"tail1":{"posx":0.8409803748230865,"posy":-1.9335657280734067,"posz":-1.206457257859088,"roty":90.97626604327436,"rotx":-1.988783948181923},"tail2":{"posx":2.715810944488754,"posy":-2.355014126672223,"posz":-1.0567962136971671,"roty":90.97626604327436,"rotx":-1.988783948181923}},"cameras":{}}