# This file was generated by Animated Java via MC-Build. It is not recommended to edit this file directly.
$data merge entity $(bone_jaw) { transformation: [-0.8955867963786627f,0.15118993502805794f,-0.4184087638881567f,1.3625354826869789f,-0.014082175601114737f,0.9303784446640819f,0.3663299633319435f,0.0902047267644206f,0.4446638983350717f,0.3339723839640867f,-0.8311055674622817f,3.255038888796349f,0f,0f,0f,1f], start_interpolation: 0, interpolation_duration: 1 }
$data merge entity $(bone_head) { transformation: [-1.0075351459259956f,0.09118329960524726f,-0.49212146427176134f,1.2531751572932541f,-0.01584244755125408f,1.0998077198694898f,0.23621387802383573f,0.14269669965860632f,0.5002468856269556f,0.21848017115649998f,-0.9836892132335078f,3.0364412858555694f,0f,0f,0f,1f], start_interpolation: 0, interpolation_duration: 1 }
$data merge entity $(bone_neck) { transformation: [-0.9716137728380005f,0.0810518218713309f,-0.22225498555228015f,1.4722823072127378f,0.034048320105947764f,0.9776068621062132f,0.20766688484398854f,-0.7443054074464783f,0.23410977837217545f,0.19420459658355554f,-0.952615970019582f,1.9390435371585433f,0f,0f,0f,1f], start_interpolation: 0, interpolation_duration: 1 }
$data merge entity $(bone_right_arm2) { transformation: [-0.9347035610115635f,0.08244659157480495f,-0.3457337307379767f,0.13337300994642642f,0.007613055967551718f,0.9771452895683578f,0.21243616559617443f,-2.1783155902948916f,0.3553467242161343f,0.19593275022840778f,-0.9139688523012122f,2.317361114308869f,0f,0f,0f,1f], start_interpolation: 0, interpolation_duration: 1 }
$data merge entity $(bone_right_arm1) { transformation: [-1.0612780015652126f,0.09361123418389311f,-0.39255184010874433f,0.2959870843221125f,0.008643990629824346f,1.1094670475307393f,0.24120356302065635f,-0.7521416138789122f,0.4034665931204024f,0.22246531015517132f,-1.0377354677170012f,1.835123411709029f,0f,0f,0f,1f], start_interpolation: 0, interpolation_duration: 1 }
$data merge entity $(bone_left_arm2) { transformation: [-0.9347035610115635f,0.08244659157480495f,-0.3457337307379767f,1.7691042417166623f,0.007613055967551718f,0.9771452895683578f,0.21243616559617443f,-2.1916384382381073f,0.3553467242161343f,0.19593275022840778f,-0.9139688523012122f,1.695504346930634f,0f,0f,0f,1f], start_interpolation: 0, interpolation_duration: 1 }
$data merge entity $(bone_left_arm1) { transformation: [-1.0612780015652126f,0.09361123418389311f,-0.39255184010874433f,1.3475285904601213f,0.008643990629824346f,1.1094670475307393f,0.24120356302065635f,-0.7607063018424078f,0.4034665931204024f,0.22246531015517132f,-1.0377354677170012f,1.4353583469658777f,0f,0f,0f,1f], start_interpolation: 0, interpolation_duration: 1 }
$data merge entity $(bone_body2) { transformation: [-1.4799473049349756f,0.13054043666010787f,-0.5474117403351298f,0.9701371573034708f,0.012054005281956888f,1.5471467084832333f,0.33635726219394285f,-0.5f,0.5626323133422126f,0.31022685452831233f,-1.4471173494769194f,0.6129675150862752f,0f,0f,0f,1f], start_interpolation: 0, interpolation_duration: 1 }
$data merge entity $(bone_right_leg2) { transformation: [-0.954554779878569f,0.015196630027956112f,-0.2976478366237023f,-0.7579465214479895f,0f,0.9986991983342466f,0.050989324829157356f,-2.5869242521821043f,0.29803552172681835f,0.04867210373845321f,-0.95331309343085f,0.7476092505545793f,0f,0f,0f,1f], start_interpolation: 0, interpolation_duration: 1 }
$data merge entity $(bone_right_leg1) { transformation: [-1.2727397065047585f,-0.12713532340517864f,-0.3764943914676809f,-0.44881537653949655f,0f,1.2632534178686883f,-0.42657775378101365f,-1.125f,0.3973806956357578f,-0.4071918338615298f,-1.2058445882244957f,0.4794620593901768f,0f,0f,0f,1f], start_interpolation: 0, interpolation_duration: 1 }
$data merge entity $(bone_left_leg2) { transformation: [-0.6489563723892691f,-0.40474318153755573f,-0.6442348824258258f,1.432821303442862f,2.7755575615628914e-17f,0.8467576064678219f,-0.5319789054923938f,-2.3799080646663833f,0.7608256217658292f,-0.3452311006959576f,-0.5495087445863779f,0.02069157606799263f,0f,0f,0f,1f], start_interpolation: 0, interpolation_duration: 1 }
$data merge entity $(bone_left_leg1) { transformation: [-0.8652751631856921f,-0.7011012044634457f,-0.7331669460986753f,0.6054239307266107f,3.700743415417188e-17f,0.9636464981253394f,-0.9215005178666738f,-1.125f,1.0144341623544388f,-0.5980136332295892f,-0.6253645356890427f,-0.19216245104335292f,0f,0f,0f,1f], start_interpolation: 0, interpolation_duration: 1 }
$data merge entity $(bone_tail3) { transformation: [0.22688659022477425f,0.2645822206422705f,-0.9372932965172536f,-3.021848578358065f,-0.19036700776056154f,0.9558755038435796f,0.2237463374182321f,0.18631048737737899f,0.9551350048723299f,0.12766467667991782f,0.26724305939677134f,-0.3986546431290581f,0f,0f,0f,1f], start_interpolation: 0, interpolation_duration: 1 }
$data merge entity $(bone_tail2) { transformation: [0.34978349326319363f,0.40789759015683363f,-1.4449938321307658f,-1.2893625823355799f,-0.2934824702975323f,1.4736414017588517f,0.34494227018644114f,-0.43535542701896335f,1.4724997991781752f,0.19681637654820663f,0.41199971657002243f,-0.8032283612200729f,0f,0f,0f,1f], start_interpolation: 0, interpolation_duration: 1 }
$data merge entity $(bone_tail1) { transformation: [-0.4237647320798039f,0.26973123514234143f,-0.8646782711702191f,-0.32361262056262796f,1.3877787807814457e-17f,0.9546309543537911f,0.2977914387445853f,-0.75f,0.9057722958036043f,0.12619350925525855f,-0.4045389306068219f,-0.4872333532773084f,0f,0f,0f,1f], start_interpolation: 0, interpolation_duration: 1 }
data modify entity @s data merge value {"locators":{"head":{"posx":1.3392181753658283,"posy":-0.533922555275509,"posz":3.1883104166668215,"roty":333.422049635612,"rotx":12.120470616433103},"neck":{"posx":0.9838628607860235,"posy":-1.119842181288833,"posz":2.1023486988782456,"roty":346.8672368123123,"rotx":11.985660675169827},"right_arm":{"posx":0.1653743111773871,"posy":-3.2612031466633646,"posz":2.6006219604945757,"roty":339.2795040145088,"rotx":12.265156096166864},"left_arm":{"posx":1.9179434880740684,"posy":-3.275477626602524,"posz":1.9343468525893237,"roty":339.2795040145088,"rotx":12.265156096166864},"tail1":{"posx":-2.1605492129509916,"posy":-0.9746405719565433,"posz":-0.8346391410037722,"roty":254.08597651929028,"rotx":12.929169248197667},"tail2":{"posx":-3.8963402222420003,"posy":-0.9424187966195637,"posz":-0.41589031036076635,"roty":254.08597651929028,"rotx":12.929169248197667}},"cameras":{}}