# This file was generated by Animated Java via MC-Build. It is not recommended to edit this file directly.
$data merge entity $(bone_jaw) { transformation: [-0.7934044308524827f,0.3003462324167711f,-0.5294351232934013f,1.882805993331509f,-0.08806314495755281f,0.8039980510975614f,0.5880748390566527f,0.05581488740389219f,0.6022908696002565f,0.5132049049886155f,-0.6114461823347929f,3.186170601302778f,0f,0f,0f,1f], start_interpolation: 0, interpolation_duration: 1 }
$data merge entity $(bone_head) { transformation: [-0.892579984709043f,0.12515645164628708f,-0.6732472305981773f,1.7331954976430253f,-0.09907103807724692f,1.0708122596112104f,0.3304104025006326f,0.12923942129292165f,0.6775772283002885f,0.32143734580419236f,-0.8385655206429934f,2.9998227078265574f,0f,0f,0f,1f], start_interpolation: 0, interpolation_duration: 1 }
$data merge entity $(bone_neck) { transformation: [-0.877529256815113f,0.11125017924114408f,-0.46643949345261165f,1.6747747221766192f,-0.040854725779184364f,0.9518331196544093f,0.30388254920357366f,-0.6147513342223924f,0.4777795462501752f,0.2857220851592821f,-0.830716314536562f,1.782396213658776f,0f,0f,0f,1f], start_interpolation: 0, interpolation_duration: 1 }
$data merge entity $(bone_right_arm2) { transformation: [-0.7366029147235365f,-0.02705794407276689f,-0.6757839992803509f,0.8275510089014246f,-0.14842556475445895f,0.9813080145077926f,0.12249258095939437f,-2.2524341155446117f,0.6598378571650085f,0.19053201391191166f,-0.7268504343581014f,2.5520679537044337f,0f,0f,0f,1f], start_interpolation: 0, interpolation_duration: 1 }
$data merge entity $(bone_right_arm1) { transformation: [-0.8363512260923486f,-0.03072204066595407f,-0.767296415849565f,0.557624368651782f,-0.16852485998162525f,1.1141934748057227f,0.13908011796431236f,-0.8338707081077819f,0.74919090032277f,0.21633322412914965f,-0.8252780973440942f,2.096232217978558f,0f,0f,0f,1f], start_interpolation: 0, interpolation_duration: 1 }
$data merge entity $(bone_left_arm2) { transformation: [-0.7366029147235365f,-0.02705794407276689f,-0.6757839992803509f,2.1166061096676136f,-0.14842556475445895f,0.9813080145077926f,0.12249258095939437f,-1.9926893772243084f,0.6598378571650085f,0.19053201391191166f,-0.7268504343581014f,1.3973517036656689f,0f,0f,0f,1f], start_interpolation: 0, interpolation_duration: 1 }
$data merge entity $(bone_left_arm1) { transformation: [-0.8363512260923486f,-0.03072204066595407f,-0.767296415849565f,1.3863026477157605f,-0.16852485998162525f,1.1141934748057227f,0.13908011796431236f,-0.6668919477590156f,0.74919090032277f,0.21633322412914965f,-0.8252780973440942f,1.3539146286679233f,0f,0f,0f,1f], start_interpolation: 0, interpolation_duration: 1 }
$data merge entity $(bone_body2) { transformation: [-1.1662879483122661f,-0.042841744781880915f,-1.069991332193889f,0.7050263447156626f,-0.23500714419456004f,1.5537376896373385f,0.19394658651904112f,-0.5f,1.044743273844597f,0.30167568869386013f,-1.150846521066994f,0.7256404633995108f,0f,0f,0f,1f], start_interpolation: 0, interpolation_duration: 1 }
$data merge entity $(bone_right_leg2) { transformation: [-0.9721605295994408f,0.03649475450605026f,-0.23145634055363f,-0.9418874659694421f,0f,0.987796462280463f,0.15575027802929228f,-2.5944187971548276f,0.23431582253218586f,0.15141427277421696f,-0.9602967319070291f,0.29432258948008233f,0f,0f,0f,1f], start_interpolation: 0, interpolation_duration: 1 }
$data merge entity $(bone_right_leg1) { transformation: [-1.296214039465921f,-0.08077658433237961f,-0.3017980866288112f,-0.5936805957993709f,0f,1.2879970433381889f,-0.34473380183826063f,-1.125f,0.3124210967095811f,-0.3351365953659121f,-1.2521398877741676f,0.13860530034870916f,0f,0f,0f,1f], start_interpolation: 0, interpolation_duration: 1 }
$data merge entity $(bone_left_leg2) { transformation: [-0.9721605295994408f,0.03318871736859737f,-0.23195347319745435f,0.8468244571056771f,0f,0.9899180972535178f,0.14164095710625144f,-2.470682094350878f,0.23431582253218586f,0.1376977478733851f,-0.9623593016860506f,-0.8199208565705789f,0f,0f,0f,1f], start_interpolation: 0, interpolation_duration: 1 }
$data merge entity $(bone_left_leg1) { transformation: [-1.296214039465921f,0.0626256767437667f,-0.3060799998065909f,0.62152006619993f,0f,1.3062711536031564f,0.2672703706774406f,-1.125f,0.3124210967095811f,0.2598297051040195f,-1.269905256487317f,-0.1542894778165232f,0f,0f,0f,1f], start_interpolation: 0, interpolation_duration: 1 }
$data merge entity $(bone_tail3) { transformation: [-0.8373221925772745f,-0.003739135997857291f,0.5466969587253758f,1.1422984274852055f,-0.07441550913138502f,0.991449340221122f,-0.10719392602110833f,-1.0466238836742052f,-0.5416215263616304f,-0.1304385856910892f,-0.8304407850922341f,-3.5242398910628165f,0f,0f,0f,1f], start_interpolation: 0, interpolation_duration: 1 }
$data merge entity $(bone_tail2) { transformation: [-1.2908717135566314f,-0.0057645013300299894f,0.8428244780349543f,-0.03347368830843497f,-0.11472390991088523f,1.528484399507563f,-0.16525730261587532f,-1.0316672067376118f,-0.8349998531408468f,-0.20109281960709585f,-1.280262877017194f,-1.9393932122303492f,0f,0f,0f,1f], start_interpolation: 0, interpolation_duration: 1 }
$data merge entity $(bone_tail1) { transformation: [-0.9657125510284236f,0.06140938401677355f,0.25224622165823407f,-0.1718359637044743f,6.938893903907228e-18f,0.971621412774313f,-0.23654139223072135f,-0.75f,-0.2596136914459145f,-0.22843099131494482f,-0.9383069931641228f,-0.7785299435780013f,0f,0f,0f,1f], start_interpolation: 0, interpolation_duration: 1 }
$data merge entity $(bone_body1) { transformation: [-1.296214039465921f,0f,-0.3124210967095811f,0.5f,0f,1.3333333333333333f,0f,-1.1875f,0.3124210967095811f,0f,-1.296214039465921f,-0.12499999999999994f,0f,0f,0f,1f], start_interpolation: 0, interpolation_duration: 1 }
data modify entity @s data merge value {"locators":{"head":{"posx":1.850677255227915,"posy":-0.557436945852371,"posz":3.054181271447282,"roty":321.2405575188711,"rotx":17.079488294258056},"neck":{"posx":1.25259621323521,"posy":-1.0301014356328348,"posz":2.0179797441662033,"roty":330.68619412361676,"rotx":17.69094802378294},"right_arm":{"posx":1.146463270444146,"posy":-3.3042650183292555,"posz":2.7662010230443856,"roty":317.08507605294847,"rotx":7.035978438321878},"left_arm":{"posx":2.527593735550777,"posy":-3.0259670844146447,"posz":1.529005040859995,"roty":317.08507605294847,"rotx":7.035978438321878},"tail1":{"posx":0.44985009688581323,"posy":-1.8396480974015421,"posz":-2.3447896219177395,"roty":33.357766285719634,"rotx":-6.153582808093079},"tail2":{"posx":1.4547230827654172,"posy":-2.4081977261013012,"posz":-3.8201621889576436,"roty":33.357766285719634,"rotx":-6.153582808093079}},"cameras":{}}