# This file was generated by Animated Java via MC-Build. It is not recommended to edit this file directly.
$data merge entity $(bone_jaw) { transformation: [-0.9797839471680848f,0.14310984152048944f,-0.139796245055825f,0.9439402525028242f,0.02564200411699364f,0.7828464831243527f,0.6216863127693069f,0.02613812412037818f,0.1984084284918156f,0.6055336135342223f,-0.7706900404076824f,3.471149442628037f,0f,0f,0f,1f], start_interpolation: 0, interpolation_duration: 1 }
$data merge entity $(bone_head) { transformation: [-1.1022569405640954f,0.11177024638617368f,-0.19535109163005623f,0.9005288988072562f,0.028847254631617844f,1.038576413230333f,0.4314532069435051f,0.1220166145522682f,0.22320948205329255f,0.4177217326215989f,-1.0204465107084792f,3.244383551359486f,0f,0f,0f,1f], start_interpolation: 0, interpolation_duration: 1 }
$data merge entity $(bone_neck) { transformation: [-0.991987398824542f,0.09935133012104327f,-0.07804046243134738f,1.227553934240449f,0.06262524671288458f,0.9231790339825182f,0.379234162080969f,-0.5820459757198124f,0.10972273714900377f,0.37130820677475457f,-0.9220038701297553f,2.0458790686063812f,0f,0f,0f,1f], start_interpolation: 0, interpolation_duration: 1 }
$data merge entity $(bone_right_arm2) { transformation: [-0.9061689712723079f,-0.052499505248242206f,-0.41964460851055496f,0.13572300163110307f,-0.10368679746829701f,0.9895600415678646f,0.10009981100368975f,-2.165876596555718f,0.4100083456882987f,0.1342189482930627f,-0.9021521104475945f,2.585854326465438f,0f,0f,0f,1f], start_interpolation: 0, interpolation_duration: 1 }
$data merge entity $(bone_right_arm1) { transformation: [-1.028879352798766f,-0.05960881325060833f,-0.4764714825796926f,0.0614895361643748f,-0.11772771795879555f,1.1235629638635127f,0.11365499374377272f,-0.7658582977240163f,0.4655303091669224f,0.1523944308744149f,-1.0243185420707062f,2.0136595121397685f,0f,0f,0f,1f], start_interpolation: 0, interpolation_duration: 1 }
$data merge entity $(bone_left_arm2) { transformation: [-0.9061689712723079f,-0.052499505248242206f,-0.41964460851055496f,1.7215187013576418f,-0.10368679746829701f,0.9895600415678646f,0.10009981100368975f,-1.9844247009861984f,0.4100083456882987f,0.1342189482930627f,-0.9021521104475945f,1.8683397215109154f,0f,0f,0f,1f], start_interpolation: 0, interpolation_duration: 1 }
$data merge entity $(bone_left_arm1) { transformation: [-1.028879352798766f,-0.05960881325060833f,-0.4764714825796926f,1.080929628845721f,-0.11772771795879555f,1.1235629638635127f,0.11365499374377272f,-0.6492106505721822f,0.4655303091669224f,0.1523944308744149f,-1.0243185420707062f,1.5524001232404323f,0f,0f,0f,1f], start_interpolation: 0, interpolation_duration: 1 }
$data merge entity $(bone_body2) { transformation: [-1.4347675378478209f,-0.08312421664305017f,-0.6644372968083787f,0.6275960285845414f,-0.16417076265813696f,1.566803399149119f,0.1584913674225088f,-0.5f,0.6491798806731397f,0.21251333479734927f,-1.4284075082086913f,0.7406467255696476f,0f,0f,0f,1f], start_interpolation: 0, interpolation_duration: 1 }
$data merge entity $(bone_right_leg2) { transformation: [-0.9893105435081687f,0.04462391332163132f,-0.13882850882810518f,-1.0386439578147955f,0f,0.9520276341838199f,0.30601206471372816f,-2.5474864453917556f,0.1458240326680474f,0.3027409620619953f,-0.9418509762091908f,-0.2772155831600366f,0f,0f,0f,1f], start_interpolation: 0, interpolation_duration: 1 }
$data merge entity $(bone_right_leg1) { transformation: [-1.3190807246775582f,0.008488422788742676f,-0.19424666339596386f,-0.6129743614466898f,0f,1.3320620740076867f,0.05821004009720161f,-1.125f,0.19443204355739652f,0.057587806406194826f,-1.317823054423163f,0.03905203675155336f,0f,0f,0f,1f], start_interpolation: 0, interpolation_duration: 1 }
$data merge entity $(bone_left_leg2) { transformation: [-0.9893105435081687f,-0.01746435561727078f,-0.14477446178952025f,0.9663786593820769f,0f,0.9928024835184995f,-0.11976321939351722f,-2.583239262423099f,0.1458240326680474f,-0.11848301567048856f,-0.9821899645659464f,-0.38974837034571846f,0f,0f,0f,1f], start_interpolation: 0, interpolation_duration: 1 }
$data merge entity $(bone_left_leg1) { transformation: [-1.3190807246775582f,-0.015898707664054112f,-0.19378093470854732f,0.6236638179385211f,0f,1.32886830217944f,-0.10902666297979702f,-1.125f,0.19443204355739652f,-0.10786122720942493f,-1.3146634222799192f,-0.14322800408350586f,0f,0f,0f,1f], start_interpolation: 0, interpolation_duration: 1 }
$data merge entity $(bone_tail3) { transformation: [-0.9934780318344464f,-0.0024337814027792825f,-0.11399770598761212f,-0.43891637905467695f,0.006298271564644663f,0.9970745174912952f,-0.07617570705151852f,-0.8849952058246839f,0.11384960271187847f,-0.07639688002519648f,-0.9905563006133287f,-3.878225043370398f,0f,0f,0f,1f], start_interpolation: 0, interpolation_duration: 1 }
$data merge entity $(bone_tail2) { transformation: [-1.5316119657447713f,-0.00375207966261806f,-0.17574646339756866f,-0.3426630695338353f,0.009709835328827188f,1.5371565477990798f,-0.11743754837109104f,-0.9241628939623213f,0.17551813751414597f,-0.1177785233721779f,-1.5271076301122148f,-1.938189839244709f,0f,0f,0f,1f], start_interpolation: 0, interpolation_duration: 1 }
$data merge entity $(bone_tail1) { transformation: [-0.997323656782459f,-0.011125363526970944f,-0.07226167662361864f,-0.10801181139864202f,-1.734723475976807e-18f,0.9883548718920167f,-0.1521665114514865f,-0.75f,0.07311308789856773f,-0.15175926164062645f,-0.9857096950341049f,-0.8211300804597754f,0f,0f,0f,1f], start_interpolation: 0, interpolation_duration: 1 }
$data merge entity $(bone_body1) { transformation: [-1.3190807246775582f,0f,-0.19443204355739652f,0.5f,0f,1.3333333333333333f,0f,-1.1875f,0.19443204355739652f,0f,-1.3190807246775582f,-0.12499999999999994f,0f,0f,0f,1f], start_interpolation: 0, interpolation_duration: 1 }
data modify entity @s data merge value {"locators":{"head":{"posx":0.8926985096010642,"posy":-0.5748183947266682,"posz":3.2957732862109532,"roty":349.16259544182816,"rotx":22.551516128261238},"neck":{"posx":0.7040585438367051,"posy":-0.9443297603669356,"posz":2.0767503434065695,"roty":355.1618894391646,"rotx":22.286252964147916},"right_arm":{"posx":0.3414092504301035,"posy":-3.211966968467196,"posz":2.9283369550016913,"roty":335.0540596749711,"rotx":5.744918065512608},"left_arm":{"posx":2.040476071565681,"posy":-3.0175542232141392,"posz":2.1595713068361313,"roty":335.0540596749711,"rotx":5.744918065512608},"tail1":{"posx":-0.29502640236892835,"posy":-1.725126864624292,"posz":-2.57613083623646,"roty":353.43502366604025,"rotx":-4.368778629420312},"tail2":{"posx":-0.49984575058156094,"posy":-2.2365043452484876,"posz":-4.335142057432325,"roty":353.43502366604025,"rotx":-4.368778629420312}},"cameras":{}}