# This file was generated by Animated Java via MC-Build. It is not recommended to edit this file directly.
$data merge entity $(bone_jaw) { transformation: [-0.9707861482602528f,-0.0224326708117152f,0.23889543659575335f,0.03667208575318836f,0.12959381856653251f,0.7888994563066095f,0.6007021641616421f,0.08704002948379538f,-0.20193983394904302f,0.6141127120646412f,-0.7629455290813649f,3.431744714491392f,0f,0f,0f,1f], start_interpolation: 0, interpolation_duration: 1 }
$data merge entity $(bone_head) { transformation: [-1.0921344167927844f,0.035802458532364266f,0.2675548534781661f,0.09612871985944749f,0.1457930458873491f,1.0166734228208083f,0.45906920948884244f,0.18905540937020482f,-0.2271823131926734f,0.48033148480279714f,-0.9916122534940591f,3.2113864359371567f,0f,0f,0f,1f], start_interpolation: 0, interpolation_duration: 1 }
$data merge entity $(bone_neck) { transformation: [-0.9587910585236423f,0.03182440758432379f,0.28232412786905103f,0.7710991699565285f,0.14826650140526185f,0.9037097091740519f,0.4016538386541248f,-0.5189256634233799f,-0.24235666002022094f,0.4269613198247086f,-0.8711872822289051f,2.171078696822529f,0f,0f,0f,1f], start_interpolation: 0, interpolation_duration: 1 }
$data merge entity $(bone_right_arm2) { transformation: [-0.9880072339329369f,-0.04106135739569988f,-0.14884781027952515f,-0.5004761110175301f,-0.04995637082710134f,0.9971508628845537f,0.05652006424602744f,-2.03161755075332f,0.1461029319006708f,0.06327812874455543f,-0.9872435422491329f,2.4661160822873653f,0f,0f,0f,1f], start_interpolation: 0, interpolation_duration: 1 }
$data merge entity $(bone_right_arm1) { transformation: [-1.1217998801946887f,-0.04662174954303423f,-0.16900428458821082f,-0.34794975156251695f,-0.05672129604327131f,1.1321817089001702f,0.06417382294601032f,-0.6683881331647306f,0.16588770392888663f,0.07184704201204731f,-1.1209327719287028f,1.824781524749356f,0f,0f,0f,1f], start_interpolation: 0, interpolation_duration: 1 }
$data merge entity $(bone_left_arm2) { transformation: [-0.9880072339329369f,-0.04106135739569988f,-0.14884781027952515f,1.2285365483651094f,-0.04995637082710134f,0.9971508628845537f,0.05652006424602744f,-1.944193901805893f,0.1461029319006708f,0.06327812874455543f,-0.9872435422491329f,2.2104359514611915f,0f,0f,0f,1f], start_interpolation: 0, interpolation_duration: 1 }
$data merge entity $(bone_left_arm1) { transformation: [-1.1217998801946887f,-0.04662174954303423f,-0.16900428458821082f,0.763558386612037f,-0.05672129604327131f,1.1321817089001702f,0.06417382294601032f,-0.6121872159842415f,0.16588770392888663f,0.07184704201204731f,-1.1209327719287028f,1.6604157263611012f,0f,0f,0f,1f], start_interpolation: 0, interpolation_duration: 1 }
$data merge entity $(bone_body2) { transformation: [-1.5643447870604836f,-0.06501381587652481f,-0.23567569960924817f,0.5596967775169424f,-0.07909758714291046f,1.57882219956721f,0.08949010172287679f,-0.5f,0.23132964217606214f,0.10019037051221279f,-1.5631356085611272f,0.7479612217928657f,0f,0f,0f,1f], start_interpolation: 0, interpolation_duration: 1 }
$data merge entity $(bone_right_leg2) { transformation: [-0.997669967763275f,0.02937996784743612f,-0.06157477496921525f,-1.0476896329518257f,0f,0.9025265741148663f,0.43063416378230224f,-2.3903894026421373f,0.06822488859079125f,0.42963077229845437f,-0.9004236581026777f,-0.7711493323794575f,0f,0f,0f,1f], start_interpolation: 0, interpolation_duration: 1 }
$data merge entity $(bone_right_leg1) { transformation: [-1.3302266236843665f,0.02871113992636772f,-0.08631672991487084f,-0.6223787137336845f,0f,1.2651794923784099f,0.42083088033423405f,-1.125f,0.090966518121055f,0.41985033081684586f,-1.2622315833759248f,-0.048247000335359794f,0f,0f,0f,1f], start_interpolation: 0, interpolation_duration: 1 }
$data merge entity $(bone_left_leg2) { transformation: [-0.997669967763275f,-0.02381441915548091f,-0.0639336285808411f,1.0113257875866428f,0f,0.9371012529505344f,-0.3490576481307043f,-2.5846380331976535f,0.06822488859079125f,-0.3482443325580843f,-0.9349177768220842f,0.023543767933172227f,0f,0f,0f,1f], start_interpolation: 0, interpolation_duration: 1 }
$data merge entity $(bone_left_leg1) { transformation: [-1.3302266236843665f,-0.030236599613153434f,-0.08579426241248347f,0.6247087459704094f,0f,1.2575214732422983f,-0.44319016472875067f,-1.125f,0.090966518121055f,-0.4421575173579332f,-1.2545914076712699f,-0.13352811107384885f,0f,0f,0f,1f], start_interpolation: 0, interpolation_duration: 1 }
$data merge entity $(bone_tail3) { transformation: [-0.7282695687673846f,-0.002337846839404278f,-0.6852867791512713f,-1.8027896520607325f,0.02563175823748974f,0.999201531475341f,-0.030648204955399945f,-0.7020678206692916f,0.6848112500368424f,-0.03988526005291694f,-0.7276281453142729f,-3.293246655404866f,0f,0f,0f,1f], start_interpolation: 0, interpolation_duration: 1 }
$data merge entity $(bone_tail2) { transformation: [-1.1227489185163844f,-0.003604180544081595f,-1.0564837845248765f,-0.5910724313387459f,0.03951562728279668f,1.5404356943578172f,-0.04724931597290825f,-0.8279705766709112f,1.055750677140132f,-0.061489775914913614f,-1.121760057359504f,-1.8173890570489566f,0f,0f,0f,1f], start_interpolation: 0, interpolation_duration: 1 }
$data merge entity $(bone_tail1) { transformation: [-0.9266854891115244f,-0.026626076220612954f,-0.3748933932936523f,-0.050869786605668654f,0f,0.9974873642595198f,-0.07084460559983413f,-0.75f,0.3758377366233132f,-0.06565066799119533f,-0.9243570660313984f,-0.8518057635396803f,0f,0f,0f,1f], start_interpolation: 0, interpolation_duration: 1 }
$data merge entity $(bone_body1) { transformation: [-1.3302266236843665f,0f,-0.090966518121055f,0.5f,0f,1.3333333333333333f,0f,-1.1875f,0.090966518121055f,0f,-1.3302266236843665f,-0.12499999999999994f,0f,0f,0f,1f], start_interpolation: 0, interpolation_duration: 1 }
data modify entity @s data merge value {"locators":{"head":{"posx":0.0019176724864212041,"posy":-0.5032823837215894,"posz":3.219983459239508,"roty":15.099856376519284,"rotx":24.083120527062793},"neck":{"posx":0.24447897186695455,"posy":-0.8338902834927839,"posz":1.998688282156766,"roty":17.9558625709424,"rotx":23.681608705076826},"right_arm":{"posx":-0.4467413006028762,"posy":-3.0601507189375816,"posz":2.9055911579111684,"roty":351.4260298264145,"rotx":3.240087789351699},"left_arm":{"posx":1.4057722630213805,"posy":-2.9664825236367665,"posz":2.6316481605974107,"roty":351.4260298264145,"rotx":3.240087789351699},"tail1":{"posx":-0.9694200107797686,"posy":-1.6016463359639406,"posz":-2.3733208681674367,"roty":316.71649100460786,"rotx":-1.7562878173136978},"tail2":{"posx":-2.1851950413566046,"posy":-2.0307594460180893,"posz":-3.6501880833246907,"roty":316.71649100460786,"rotx":-1.7562878173136978}},"cameras":{}}