# This file was generated by Animated Java via MC-Build. It is not recommended to edit this file directly.
$data merge entity $(bone_jaw) { transformation: [-0.8930700013487389f,-0.10507409199284347f,0.43747617978907444f,-0.4533743992267173f,0.17866321655664885f,0.8095724836859675f,0.5591706794067139f,0.16970231772356634f,-0.41292302883297155f,0.5775394608599602f,-0.7042320238451181f,3.2804516026417154f,0f,0f,0f,1f], start_interpolation: 0, interpolation_duration: 1 }
$data merge entity $(bone_head) { transformation: [-1.0047037515173314f,-0.021382541521856115f,0.5057056046802985f,-0.34099537596442875f,0.20099611862622996f,1.0147201738059362f,0.4422313073137646f,0.2679759415710696f,-0.464538407437093f,0.48529450418206566f,-0.9023958733430091f,3.079919186343269f,0f,0f,0f,1f], start_interpolation: 0, interpolation_duration: 1 }
$data merge entity $(bone_neck) { transformation: [-0.885814100056751f,-0.019006703574983214f,0.4636508658029886f,0.4988226250772946f,0.18488721466861602f,0.9019734878274989f,0.3902057727768492f,-0.46577230619876603f,-0.42561731401897795f,0.4313728926062806f,-0.7954667369109539f,2.188077421218435f,0f,0f,0f,1f], start_interpolation: 0, interpolation_duration: 1 }
$data merge entity $(bone_right_arm2) { transformation: [-0.9997754449224986f,-0.016057327061466693f,0.013828303499020596f,-0.855379010946349f,-0.01578398937954127f,0.9996822449378989f,0.019653875831224136f,-1.9282036204122195f,-0.014139498197830933f,0.01943119665804804f,-0.9997112098937121f,2.3281491178555442f,0f,0f,0f,1f], start_interpolation: 0, interpolation_duration: 1 }
$data merge entity $(bone_right_arm1) { transformation: [-1.1351617030890868f,-0.018231756767706973f,0.015700886264512968f,-0.5545174675206667f,-0.017921404608020816f,1.1350558822732393f,0.022315338183369067f,-0.5976761376161539f,-0.016054221912120536f,0.022062504538825377f,-1.1350887695668188f,1.6707696998541275f,0f,0f,0f,1f], start_interpolation: 0, interpolation_duration: 1 }
$data merge entity $(bone_left_arm2) { transformation: [-0.9997754449224986f,-0.016057327061466693f,0.013828303499020596f,0.8942280176680235f,-0.01578398937954127f,0.9996822449378989f,0.019653875831224136f,-1.9005816389980223f,-0.014139498197830933f,0.01943119665804804f,-0.9997112098937121f,2.352893239701748f,0f,0f,0f,1f], start_interpolation: 0, interpolation_duration: 1 }
$data merge entity $(bone_left_arm1) { transformation: [-1.1351617030890868f,-0.018231756767706973f,0.015700886264512968f,0.5702299080171443f,-0.017921404608020816f,1.1350558822732393f,0.022315338183369067f,-0.57991914956417f,-0.016054221912120536f,0.022062504538825377f,-1.1350887695668188f,1.686676635326687f,0f,0f,0f,1f], start_interpolation: 0, interpolation_duration: 1 }
$data merge entity $(bone_body2) { transformation: [-1.5829777877939561f,-0.0254241011806556f,0.021894813873449277f,0.5197043942984784f,-0.024991316517607016f,1.5828302211516734f,0.03111863673277155f,-0.5f,-0.022387538813232313f,0.030766061375242734f,-1.582876082331711f,0.7497781072050957f,0f,0f,0f,1f], start_interpolation: 0, interpolation_duration: 1 }
$data merge entity $(bone_right_leg2) { transformation: [-0.9997464082343952f,0.010963953906800664f,-0.01967005178324527f,-1.0205391954572838f,0f,0.8734749746491184f,0.4868690467278877f,-2.2656541737258244f,0.022519307769689547f,0.48674558074670965f,-0.8732534685880854f,-1.0199475465299472f,0f,0f,0f,1f], start_interpolation: 0, interpolation_duration: 1 }
$data merge entity $(bone_right_leg1) { transformation: [-1.3329952109791936f,0.013582351843901903f,-0.026778069435665883f,-0.6247147092636947f,0f,1.1891160114481196f,0.6031425114311652f,-1.125f,0.030025743692919396f,0.60298955945678f,-1.1888144614192675f,-0.09966577875909921f,0f,0f,0f,1f], start_interpolation: 0, interpolation_duration: 1 }
$data merge entity $(bone_left_leg2) { transformation: [-0.9997464082343952f,-0.010410459146508486f,-0.019968514285867083f,1.0084194560909645f,0f,0.8867286015223004f,-0.46229037113302024f,-2.5462798326213436f,0.022519307769689547f,-0.4621731381015825f,-0.886503734450628f,0.2431518627577657f,0f,0f,0f,1f], start_interpolation: 0, interpolation_duration: 1 }
$data merge entity $(bone_left_leg1) { transformation: [-1.3329952109791936f,-0.013731696184256254f,-0.026701794026173054f,0.6249683010292995f,0f,1.1857288998071707f,-0.6097743467380818f,-1.125f,0.030025743692919396f,-0.6096197129848719f,-1.1854282087219399f,-0.12781491347121113f,0f,0f,0f,1f], start_interpolation: 0, interpolation_duration: 1 }
$data merge entity $(bone_tail3) { transformation: [-0.455218656131267f,-0.001768937636251227f,-0.8903779231144955f,-2.3100309738541043f,0.011604370123025298f,0.9999013057126139f,-0.007919433581866166f,-0.6028839086089121f,0.8903040568839902f,-0.01393734888164911f,-0.4551532012433395f,-2.6855345693869808f,0f,0f,0f,1f], start_interpolation: 0, interpolation_duration: 1 }
$data merge entity $(bone_tail2) { transformation: [-0.7017954282023698f,-0.002727112189220641f,-1.3726659648015138f,-0.6900200008391206f,0.017890070606330664f,1.541514512973613f,-0.012209126772043673f,-0.774002563729995f,1.3725520876961514f,-0.021486746192542375f,-0.7016945185834816f,-1.7145798314199643f,0f,0f,0f,1f], start_interpolation: 0, interpolation_duration: 1 }
$data merge entity $(bone_tail1) { transformation: [-0.8514719510668518f,-0.01171423732218632f,-0.5242692945332277f,-0.016852762175543545f,0f,0.9997504677881222f,-0.02233835619357372f,-0.75f,0.5244001492623823f,-0.019020483731768505f,-0.85125948138755f,-0.8675491379238891f,0f,0f,0f,1f], start_interpolation: 0, interpolation_duration: 1 }
$data merge entity $(bone_body1) { transformation: [-1.3329952109791936f,0f,-0.030025743692919396f,0.5f,0f,1.3333333333333333f,0f,-1.1875f,0.030025743692919396f,0f,-1.3329952109791936f,-0.12499999999999994f,0f,0f,0f,1f], start_interpolation: 0, interpolation_duration: 1 }
data modify entity @s data merge value {"locators":{"head":{"posx":-0.46958996530792496,"posy":-0.4185995181304963,"posz":3.0609766488374017,"roty":29.26641320046909,"rotx":23.147185498438876},"neck":{"posx":0.005086730664164207,"posy":-0.7603444783968762,"posz":1.9129372715954602,"roty":30.236473838029724,"rotx":22.967303788355892},"right_arm":{"posx":-0.9087218009420488,"posy":-2.938699302601952,"posz":2.807689807506988,"roty":0.7924817638884463,"rotx":1.1261566451351455},"left_arm":{"posx":0.9658571582876361,"posy":-2.9091043225153124,"posz":2.8342013666279207,"roty":0.7924817638884463,"rotx":1.1261566451351455},"tail1":{"posx":-1.2439257877367393,"posy":-1.5308236998673665,"posz":-2.1283326527240223,"roty":297.0757103774064,"rotx":-0.45375486351574007},"tail2":{"posx":-2.8085468249584284,"posy":-1.9197090537465176,"posz":-2.923265474679195,"roty":297.0757103774064,"rotx":-0.45375486351574007}},"cameras":{}}