# This file was generated by Animated Java via MC-Build. It is not recommended to edit this file directly.
$data merge entity $(bone_jaw) { transformation: [-0.8191079546352755f,-0.08572552584521131f,0.5671977546427505f,-0.6932638526831683f,0.20607196886241322f,0.8787932647377649f,0.43041461580749f,0.3248744029163251f,-0.535347085825994f,0.46943959363277254f,-0.7021609257339184f,3.1554434359012156f,0f,0f,0f,1f], start_interpolation: 0, interpolation_duration: 1 }
$data merge entity $(bone_head) { transformation: [-0.921496448964685f,-0.015705929035304607f,0.6451531743226674f,-0.5498964806114643f,0.23183096497021488f,1.0415350945518445f,0.35648849981150776f,0.4040940695411046f,-0.6022654715542433f,0.4249505507821096f,-0.8498931292601011f,2.9665782960656375f,0f,0f,0f,1f], start_interpolation: 0, interpolation_duration: 1 }
$data merge entity $(bone_neck) { transformation: [-0.8498427020774134f,-0.013960825809159652f,0.5268514753405243f,0.3179250715636506f,0.18806201000326564f,0.9258089729349729f,0.32788782537115074f,-0.40720011108987686f,-0.49234140808923677f,0.37773382291743074f,-0.7841664982035963f,2.1742715334700637f,0f,0f,0f,1f], start_interpolation: 0, interpolation_duration: 1 }
$data merge entity $(bone_right_arm2) { transformation: [-0.9916770234134948f,0.01822940901261307f,0.1274534027823566f,-1.0957331241072277f,0.015665096880370565f,0.9996547813844534f,-0.021093193094674657f,-1.8187093774142677f,-0.12779391993940623f,-0.01892106504009454f,-0.9916202435026572f,2.2116827202052645f,0f,0f,0f,1f], start_interpolation: 0, interpolation_duration: 1 }
$data merge entity $(bone_right_arm1) { transformation: [-1.1259666203340721f,0.02069797481640442f,0.14471271774246736f,-0.6742837405485859f,0.01778641208292074f,1.1350246996969313f,-0.023949562992911847f,-0.5260593898748771f,-0.14509934659786747f,-0.02148329259760734f,-1.1259021514769751f,1.545045504913128f,0f,0f,0f,1f], start_interpolation: 0, interpolation_duration: 1 }
$data merge entity $(bone_left_arm2) { transformation: [-0.9916770234134948f,0.01822940901261307f,0.1274534027823566f,0.639701666866388f,0.015665096880370565f,0.9996547813844534f,-0.021093193094674657f,-1.8461232969549162f,-0.12779391993940623f,-0.01892106504009454f,-0.9916202435026572f,2.4353220800992252f,0f,0f,0f,1f], start_interpolation: 0, interpolation_duration: 1 }
$data merge entity $(bone_left_arm1) { transformation: [-1.1259666203340721f,0.02069797481640442f,0.14471271774246736f,0.4413529107915957f,0.01778641208292074f,1.1350246996969313f,-0.023949562992911847f,-0.543682623865294f,-0.14509934659786747f,-0.02148329259760734f,-1.1259021514769751f,1.6888136648449599f,0f,0f,0f,1f], start_interpolation: 0, interpolation_duration: 1 }
$data merge entity $(bone_body2) { transformation: [-1.5701552870713669f,0.02886323093663736f,0.2018012210720646f,0.4999999999999999f,0.02480307006058673f,1.5827867371920514f,-0.03339755573323488f,-0.5f,-0.2023403732373932f,-0.02995835298014969f,-1.5700653855458742f,0.75f,0f,0f,0f,1f], start_interpolation: 0, interpolation_duration: 1 }
$data merge entity $(bone_right_leg2) { transformation: [-1f,-5.658581082492091e-17f,1.0860775220906121e-16f,-0.9999999999999998f,0f,0.8868495984693558f,0.46205821028820854f,-2.2177962725895384f,-1.2246467991473532e-16f,0.46205821028820854f,-0.8868495984693558f,-1.109814097489679f,0f,0f,0f,1f], start_interpolation: 0, interpolation_duration: 1 }
$data merge entity $(bone_right_leg1) { transformation: [-1.3333333333333333f,-8.105006846660537e-17f,1.417507761452098e-16f,-0.625f,0f,1.157482926864319f,0.6618240338605024f,-1.125f,-1.6328623988631375e-16f,0.6618240338605024f,-1.157482926864319f,-0.12500000000000008f,0f,0f,0f,1f], start_interpolation: 0, interpolation_duration: 1 }
$data merge entity $(bone_left_leg2) { transformation: [-1f,5.959625528811121e-17f,1.0698543911324033e-16f,1f,0f,0.8736024067325188f,-0.4866403548321398f,-2.5304743498122297f,-1.2246467991473532e-16f,-0.4866403548321398f,-0.8736024067325188f,0.30940114182618267f,0f,0f,0f,1f], start_interpolation: 0, interpolation_duration: 1 }
$data merge entity $(bone_left_leg1) { transformation: [-1.3333333333333333f,8.025712281193448e-17f,1.4220123197131895e-16f,0.625f,0f,1.161161177821434f,-0.6553491412202492f,-1.125f,-1.6328623988631375e-16f,-0.6553491412202492f,-1.161161177821434f,-0.12499999999999993f,0f,0f,0f,1f], start_interpolation: 0, interpolation_duration: 1 }
$data merge entity $(bone_tail3) { transformation: [-0.3329027685176528f,0.00252177786632791f,-0.942957786621265f,-2.448154991431645f,-0.012748802959440081f,0.9998929887518277f,0.007174891500134407f,-0.5237390392206782f,0.9428749730141232f,0.014410124264912765f,-0.3328349945277484f,-2.403148029975263f,0f,0f,0f,1f], start_interpolation: 0, interpolation_duration: 1 }
$data merge entity $(bone_tail2) { transformation: [-0.5132251014647147f,0.003887740877255527f,-1.4537265877077834f,-0.7221948209314163f,-0.019654404562470123f,1.5415016909924009f,0.01106129106270721f,-0.7262654965443279f,1.4535989167301064f,0.02221560824174051f,-0.5131206165636121f,-1.6639249419086406f,0f,0f,0f,1f], start_interpolation: 0, interpolation_duration: 1 }
$data merge entity $(bone_tail1) { transformation: [-0.8114719988013611f,0.01305434108550277f,-0.5842454786647024f,1.1102230246251565e-16f,-8.673617379884035e-19f,0.9997504677881222f,0.02233835619357372f,-0.75f,0.5843913031191719f,0.018126950550336026f,-0.8112695103986232f,-0.875f,0f,0f,0f,1f], start_interpolation: 0, interpolation_duration: 1 }
data modify entity @s data merge value {"locators":{"head":{"posx":-0.7203801795703694,"posy":-0.27356112182422787,"posz":2.966576081536716,"roty":37.20210337716489,"rotx":18.47426449244772},"neck":{"posx":-0.1676174042141868,"posy":-0.7013334491102527,"posz":1.8844714581068582,"roty":33.895643484224905,"rotx":19.140625128317435},"right_arm":{"posx":-1.2396690484743624,"posy":-2.8068384936963606,"posz":2.7184267870004746,"roty":7.324097308385916,"rotx":-1.2086405773708542},"left_arm":{"posx":0.61972537042594,"posy":-2.8362105503470554,"posz":2.958040386886861,"roty":7.324097308385916,"rotx":-1.2086405773708542},"tail1":{"posx":-1.3307567865685752,"posy":-1.4696588998319262,"posz":-2.0214159654719177,"roty":289.441459292651,"rotx":0.4110945286006381},"tail2":{"posx":-2.9818785798556617,"posy":-1.8320627104886267,"posz":-2.6092810024948196,"roty":289.441459292651,"rotx":0.4110945286006381}},"cameras":{}}