# This file was generated by Animated Java via MC-Build. It is not recommended to edit this file directly.
$data merge entity $(bone_jaw) { transformation: [-0.9661475026274097f,0.04003041592107412f,0.25486578618560246f,-0.262085460563945f,0.08893721837982534f,0.9790114717677183f,0.18337586900698033f,0.5154911028323719f,-0.2421759161305655f,0.19983519196675992f,-0.9494296823345736f,3.273158216231974f,0f,0f,0f,1f], start_interpolation: 0, interpolation_duration: 1 }
$data merge entity $(bone_head) { transformation: [-1.086915940455836f,0.056815196853522515f,0.2846239128912069f,-0.1988357021436768f,0.10005437067730351f,1.1089557044781184f,0.1607213999870856f,0.5512069694961687f,-0.2724479056468862f,0.18059423831322943f,-1.0764677699758083f,3.03394315623735f,0f,0f,0f,1f], start_interpolation: 0, interpolation_duration: 1 }
$data merge entity $(bone_neck) { transformation: [-0.974352623024128f,0.05050239720313113f,0.2192862829333809f,0.41285191722343234f,0.08392104563139258f,0.9857384039805497f,0.14586657265464303f,-0.41958401726696415f,-0.20879229896271398f,0.16052821183398172f,-0.9646950135142447f,2.1839633821647775f,0f,0f,0f,1f], start_interpolation: 0, interpolation_duration: 1 }
$data merge entity $(bone_right_arm2) { transformation: [-0.9980768887554964f,0.010551283619076486f,0.06108350469757204f,-0.9861244321485925f,0.009807180450093279f,0.999874166659045f,-0.012468763350849094f,-1.841080365592179f,-0.06120737981459266f,-0.01184572757875081f,-0.9980547757484868f,2.3039667387670084f,0f,0f,0f,1f], start_interpolation: 0, interpolation_duration: 1 }
$data merge entity $(bone_right_arm1) { transformation: [-1.133233134107803f,0.011980103275826425f,0.06935522929203491f,-0.6183819351828811f,0.011135236136043409f,1.135273793394124f,-0.014157241721276572f,-0.5403825405465452f,-0.06949587916448541f,-0.013449836521706646f,-1.1332080266310942f,1.6213838691848736f,0f,0f,0f,1f], start_interpolation: 0, interpolation_duration: 1 }
$data merge entity $(bone_left_arm2) { transformation: [-0.9980768887554964f,0.010551283619076486f,0.06108350469757204f,0.7605101231735263f,0.009807180450093279f,0.999874166659045f,-0.012468763350849094f,-1.8582429313798423f,-0.06120737981459266f,-0.01184572757875081f,-0.9980547757484868f,2.4110796534425454f,0f,0f,0f,1f], start_interpolation: 0, interpolation_duration: 1 }
$data merge entity $(bone_left_arm1) { transformation: [-1.133233134107803f,0.011980103275826425f,0.06935522929203491f,0.5044545646670523f,0.011135236136043409f,1.135273793394124f,-0.014157241721276572f,-0.5514156185529001f,-0.06949587916448541f,-0.013449836521706646f,-1.1332080266310942f,1.6902421714762903f,0f,0f,0f,1f], start_interpolation: 0, interpolation_duration: 1 }
$data merge entity $(bone_body2) { transformation: [-1.5802884071962027f,0.01670619906353777f,0.09671554910448907f,0.4999999999999999f,0.015528035712647693f,1.5831340972101549f,-0.0197422086388444f,-0.5f,-0.09691168470643839f,-0.018755735333022116f,-1.5802533949351043f,0.75f,0f,0f,0f,1f], start_interpolation: 0, interpolation_duration: 1 }
$data merge entity $(bone_right_leg2) { transformation: [-1f,-2.2884931084485545e-17f,1.2030743017734576e-16f,-0.9999999999999999f,0f,0.9823847190970365f,0.18686964356105717f,-2.4643831838235752f,-1.2246467991473532e-16f,0.18686964356105717f,-0.9823847190970365f,-0.7333709287027305f,0f,0f,0f,1f], start_interpolation: 0, interpolation_duration: 1 }
$data merge entity $(bone_right_leg1) { transformation: [-1.3333333333333333f,-3.440501409457778e-17f,1.5962045965778542e-16f,-0.625f,0f,1.3033999661691795f,0.280938260064305f,-1.125f,-1.6328623988631375e-16f,0.280938260064305f,-1.3033999661691795f,-0.12500000000000008f,0f,0f,0f,1f], start_interpolation: 0, interpolation_duration: 1 }
$data merge entity $(bone_left_leg2) { transformation: [-1f,2.497129122998972e-17f,1.1989175301464907e-16f,1f,0f,0.9789904574782083f,-0.20390606701765526f,-2.5960550892459966f,-1.2246467991473532e-16f,-0.20390606701765526f,-0.9789904574782083f,-0.13270872255648558f,0f,0f,0f,1f], start_interpolation: 0, interpolation_duration: 1 }
$data merge entity $(bone_left_leg1) { transformation: [-1.3333333333333333f,3.385023883234048e-17f,1.5973902925460739e-16f,0.625f,0f,1.3043681604020352f,-0.27640817626689046f,-1.125f,-1.6328623988631375e-16f,-0.27640817626689046f,-1.3043681604020352f,-0.12499999999999993f,0f,0f,0f,1f], start_interpolation: 0, interpolation_duration: 1 }
$data merge entity $(bone_tail3) { transformation: [-0.8739612700611332f,0.00018177541828173337f,-0.4859955405050833f,-1.1948569420956925f,-0.0034185236062584203f,0.9999728913948677f,0.006521516061586412f,-0.5350846419024465f,0.48598355129518966f,0.007360939687661084f,-0.8739369567866039f,-3.5679604215771388f,0f,0f,0f,1f], start_interpolation: 0, interpolation_duration: 1 }
$data merge entity $(bone_tail2) { transformation: [-1.3473569580109135f,0.0002802371031843389f,-0.7492431249453367f,-0.3928945452972308f,-0.005270223892981731f,1.5416248742337542f,0.010054003928279051f,-0.735234717105241f,0.749224641580084f,0.011348115351810836f,-1.3473194750460142f,-1.8699608598817945f,0f,0f,0f,1f], start_interpolation: 0, interpolation_duration: 1 }
$data merge entity $(bone_tail1) { transformation: [-0.9666545959747117f,0.003558728620776065f,-0.25605903134154534f,1.1102230246251565e-16f,-2.168404344971009e-19f,0.9999034356902374f,0.013896736842126068f,-0.75f,0.2560837598930608f,0.013433344537492264f,-0.9665612516408726f,-0.875f,0f,0f,0f,1f], start_interpolation: 0, interpolation_duration: 1 }
data modify entity @s data merge value {"locators":{"head":{"posx":-0.309461898420969,"posy":-0.10952436632142093,"posz":3.2326318488343917,"roty":14.810390823080269,"rotx":8.213576783629016},"neck":{"posx":-0.12067357860647848,"posy":-0.7655087175258044,"posz":2.139956029934958,"roty":12.806379148077525,"rotx":8.38746370508576},"right_arm":{"posx":-1.0895972736636734,"posy":-2.8341072017976687,"posz":2.8110143929815905,"roty":3.502279702010867,"rotx":-0.7144260285427604},"left_arm":{"posx":0.7817968927528823,"posy":-2.8524956651415936,"posz":2.9257782301339517,"roty":3.502279702010867,"rotx":-0.7144260285427604},"tail1":{"posx":-0.6179076522005452,"posy":-1.4803035279082688,"posz":-2.537061166350229,"roty":330.9216043224769,"rotx":0.3736579950107139},"tail2":{"posx":-1.4684680138662967,"posy":-1.8438807090735678,"posz":-4.069211193109659,"roty":330.9216043224769,"rotx":0.3736579950107139}},"cameras":{}}