# This file was generated by Animated Java via MC-Build. It is not recommended to edit this file directly.
$data merge entity $(bone_jaw) { transformation: [-0.9968795447724836f,0.02246646008494073f,0.0756731880222922f,-0.0716177569609745f,0.027502206646876602f,0.9974289291066968f,0.0661752220292496f,0.5863640455248053f,-0.0739919039068324f,0.06804990486635341f,-0.9949343740186699f,3.2692036809135883f,0f,0f,0f,1f], start_interpolation: 0, interpolation_duration: 1 }
$data merge entity $(bone_head) { transformation: [-1.121489487869044f,0.02655339216332133f,0.08474223246911544f,-0.05278614974561552f,0.03093998247773618f,1.123101053891334f,0.05754772134891302f,0.5991524280467859f,-0.08324089189518645f,0.059698744650081445f,-1.1203267442151412f,3.0202421821991123f,0f,0f,0f,1f], start_interpolation: 0, interpolation_duration: 1 }
$data merge entity $(bone_neck) { transformation: [-0.9974734161840294f,0.023603015256285626f,0.06700508694848084f,0.4753139877822364f,0.027074385210250237f,0.998312047903408f,0.05138124829537035f,-0.4333440512157219f,-0.0656792331840812f,0.05306555080007239f,-0.996428765967059f,2.1871012787178405f,0f,0f,0f,1f], start_interpolation: 0, interpolation_duration: 1 }
$data merge entity $(bone_right_arm2) { transformation: [-0.9998478278271661f,0.0024092930629911373f,0.017277629936835102f,-0.9061796898713235f,0.0023596788640956414f,0.9999930358435507f,-0.0028913975958651706f,-1.8670473447534697f,-0.017284475836887216f,-0.002850187947426865f,-0.9998465498883858f,2.3549034977206187f,0f,0f,0f,1f], start_interpolation: 0, interpolation_duration: 1 }
$data merge entity $(bone_right_arm1) { transformation: [-1.135243887845428f,0.00273555149860452f,0.01961730899078152f,-0.5786866759485841f,0.0026792187102752593f,1.1354087594473647f,-0.0032829410203052455f,-0.5572817207009967f,-0.019625081939799026f,-0.003236150898640919f,-1.1352424368524379f,1.6691695216903832f,0f,0f,0f,1f], start_interpolation: 0, interpolation_duration: 1 }
$data merge entity $(bone_left_arm2) { transformation: [-0.9998478278271661f,0.0024092930629911373f,0.017277629936835102f,0.8435540088262172f,0.0023596788640956414f,0.9999930358435507f,-0.0028913975958651706f,-1.8711767827656374f,-0.017284475836887216f,-0.002850187947426865f,-0.9998465498883858f,2.3851513304351717f,0f,0f,0f,1f], start_interpolation: 0, interpolation_duration: 1 }
$data merge entity $(bone_left_arm1) { transformation: [-1.135243887845428f,0.00273555149860452f,0.01961730899078152f,0.5461421303569779f,0.0026792187102752593f,1.1354087594473647f,-0.0032829410203052455f,-0.5599363594231043f,-0.019625081939799026f,-0.003236150898640919f,-1.1352424368524379f,1.6886145570068813f,0f,0f,0f,1f], start_interpolation: 0, interpolation_duration: 1 }
$data merge entity $(bone_body2) { transformation: [-1.5830923940596797f,0.0038147140164026343f,0.027356247399988914f,0.4999999999999999f,0.0037361582014847658f,1.5833223067522888f,-0.004578046193453187f,-0.5f,-0.027367086741738093f,-0.00451279758342587f,-1.583090370656611f,0.75f,0f,0f,0f,1f], start_interpolation: 0, interpolation_duration: 1 }
$data merge entity $(bone_right_leg2) { transformation: [-1f,-7.416619729571398e-18f,1.2223989356345787e-16f,-1f,0f,0.9981644801469782f,0.060561295997630805f,-2.538581270922372f,-1.2246467991473532e-16f,0.060561295997630805f,-0.9981644801469782f,-0.5322474560970171f,0f,0f,0f,1f], start_interpolation: 0, interpolation_duration: 1 }
$data merge entity $(bone_right_leg1) { transformation: [-1.3333333333333333f,-1.0840721475866072e-17f,1.6292597980093137e-16f,-0.625f,0f,1.3303915864914422f,0.0885212085918471f,-1.125f,-1.6328623988631375e-16f,0.0885212085918471f,-1.3303915864914422f,-0.12500000000000008f,0f,0f,0f,1f], start_interpolation: 0, interpolation_duration: 1 }
$data merge entity $(bone_left_leg2) { transformation: [-1f,7.926590814457321e-18f,1.2220788429834932e-16f,1f,0f,0.9979031046619745f,-0.06472552592287116f,-2.5798945201957473f,-1.2246467991473532e-16f,-0.06472552592287116f,-0.9979031046619745f,-0.34258776414216335f,0f,0f,0f,1f], start_interpolation: 0, interpolation_duration: 1 }
$data merge entity $(bone_left_leg1) { transformation: [-1.3333333333333333f,1.0704758341453276e-17f,1.6293496949722572e-16f,0.625f,0f,1.3304649929323902f,-0.08741098534619407f,-1.125f,-1.6328623988631375e-16f,-0.08741098534619407f,-1.3304649929323902f,-0.12499999999999993f,0f,0f,0f,1f], start_interpolation: 0, interpolation_duration: 1 }
$data merge entity $(bone_tail3) { transformation: [-0.9875523422722468f,0.000004985718984109954f,-0.15729072206504f,-0.3812204297991455f,-0.00025916892827434264f,0.9999985904505203f,0.0016588937395182965f,-0.5558108854171857f,0.15729050862676258f,0.0016790092659071537f,-0.9875509489762132f,-3.7950639071524632f,0f,0f,0f,1f], start_interpolation: 0, interpolation_duration: 1 }
$data merge entity $(bone_tail2) { transformation: [-1.5224765276697136f,0.000007686316767169512f,-0.2424898631836033f,-0.20974530353353588f,-0.0003995520977562782f,1.5416644936112187f,0.0025574611817573735f,-0.7464534430042894f,0.24248953413292562f,0.0025884726182735284f,-1.5224743796716618f,-1.9240593784810758f,0f,0f,0f,1f], start_interpolation: 0, interpolation_duration: 1 }
$data merge entity $(bone_tail1) { transformation: [-0.9967836882523458f,0.0002674992591572903f,-0.0801386752959932f,1.1102230246251565e-16f,0f,0.9999944290761258f,0.003337935995962932f,-0.75f,0.08013912174493978f,0.0033272001532061984f,-0.9967781352462995f,-0.875f,0f,0f,0f,1f], start_interpolation: 0, interpolation_duration: 1 }
data modify entity @s data merge value {"locators":{"head":{"posx":-0.09107754329999276,"posy":-0.04077808004531991,"posz":3.2982780863421617,"roty":4.325652258838687,"rotx":2.932161086897114},"neck":{"posx":-0.04064948689944553,"posy":-0.800596532611296,"posz":2.258915676321655,"roty":3.8470764317706596,"rotx":2.945225559398744},"right_arm":{"posx":-0.97971828714193,"posy":-2.865447201870082,"posz":2.856596680872433,"roty":0.9899886726507816,"rotx":-0.16566510996958533},"left_arm":{"posx":0.8949963900340064,"posy":-2.8698715997402617,"posz":2.889005073066597,"roty":0.9899886726507816,"rotx":-0.16566510996958533},"tail1":{"posx":-0.1944423714584581,"posy":-1.4952795002802266,"posz":-2.623921226429998,"roty":350.95031257481526,"rotx":0.09504765352916374},"tail2":{"posx":-0.46970300471689713,"posy":-1.8673759076550147,"posz":-4.352765015613087,"roty":350.95031257481526,"rotx":0.09504765352916374}},"cameras":{}}