# This file was generated by Animated Java via MC-Build. It is not recommended to edit this file directly.
$data merge entity $(bone_jaw) { transformation: [-0.9719583119890117f,0.11526548865699379f,-0.2049656236546389f,0.3777216018186706f,-0.07224581384990965f,0.6830983547634231f,0.7267442329325144f,0.25057841731415653f,0.22378020943916122f,0.7211730061810198f,-0.655615674781496f,3.45877472212644f,0f,0f,0f,1f], start_interpolation: 0, interpolation_duration: 1 }
$data merge entity $(bone_head) { transformation: [-1.0934531009876383f,0.045568681103553166f,-0.26059319109101875f,0.3198120037984442f,-0.08127654058114836f,0.9967218863036174f,0.515329608420203f,0.3650961080742017f,0.25175273561905637f,0.5197056634921746f,-0.9654799756817747f,3.244223616419379f,0f,0f,0f,1f], start_interpolation: 0, interpolation_duration: 1 }
$data merge entity $(bone_neck) { transformation: [-0.9728038206620422f,-0.035862932112393914f,-0.22883744581172655f,0.658387854776856f,-0.07169543952930703f,0.9860447699273122f,0.15025137486789805f,-0.5246494981287467f,0.22025551174949637f,0.16257171278945168f,-0.9617993282097216f,2.1799014615354397f,0f,0f,0f,1f], start_interpolation: 0, interpolation_duration: 1 }
$data merge entity $(bone_right_arm2) { transformation: [-0.9926632133526522f,-0.045195153170518f,-0.11214786215653115f,-0.6205283067460714f,-0.05221719138645603f,0.9968022489045163f,0.06048670517236797f,-2.0406926263051846f,0.10905553530241881f,0.06589897350332675f,-0.9918488874375525f,2.421094714559774f,0f,0f,0f,1f], start_interpolation: 0, interpolation_duration: 1 }
$data merge entity $(bone_right_arm1) { transformation: [-1.1270863568274903f,-0.05131533016235897f,-0.1273345518235614f,-0.4467413463422877f,-0.059288269386705277f,1.1317858867770028f,0.06867761316445946f,-0.6744871925037368f,0.12382347237462134f,0.07482279283190224f,-1.1261617576113876f,1.7916111523875675f,0f,0f,0f,1f], start_interpolation: 0, interpolation_duration: 1 }
$data merge entity $(bone_left_arm2) { transformation: [-0.9926632133526522f,-0.045195153170518f,-0.11214786215653115f,1.1166323166210699f,-0.05221719138645603f,0.9968022489045163f,0.06048670517236797f,-1.9493125413788865f,0.10905553530241881f,0.06589897350332675f,-0.9918488874375525f,2.2302475277805414f,0f,0f,0f,1f], start_interpolation: 0, interpolation_duration: 1 }
$data merge entity $(bone_left_arm1) { transformation: [-1.1270863568274903f,-0.05131533016235897f,-0.1273345518235614f,0.6700047686794459f,-0.059288269386705277f,1.1317858867770028f,0.06867761316445946f,-0.6157428521939737f,0.12382347237462134f,0.07482279283190224f,-1.1261617576113876f,1.6689236751723464f,0f,0f,0f,1f], start_interpolation: 0, interpolation_duration: 1 }
$data merge entity $(bone_body2) { transformation: [-1.5717167544750328f,-0.07155899251998683f,-0.17756744841450767f,0.4999999999999999f,-0.08267721969522206f,1.578270227432151f,0.09577061652291596f,-0.5f,0.1726712642288298f,0.10434004138026737f,-1.5704274051094582f,0.75f,0f,0f,0f,1f], start_interpolation: 0, interpolation_duration: 1 }
$data merge entity $(bone_right_leg2) { transformation: [-1f,1.9741323049931055e-18f,1.2244876736113339e-16f,-1f,0f,0.999870064139203f,-0.016120013593858843f,-2.5615641802414126f,-1.2246467991473532e-16f,-0.016120013593858843f,-0.999870064139203f,-0.441774140433397f,0f,0f,0f,1f], start_interpolation: 0, interpolation_duration: 1 }
$data merge entity $(bone_right_leg1) { transformation: [-1.3333333333333333f,-4.856584494039051e-19f,1.6328551764342522e-16f,-0.625f,0f,1.3333274357725913f,0.003965702190558449f,-1.125f,-1.6328623988631375e-16f,0.003965702190558449f,-1.3333274357725913f,-0.12500000000000008f,0f,0f,0f,1f], start_interpolation: 0, interpolation_duration: 1 }
$data merge entity $(bone_left_leg2) { transformation: [-1f,-2.5340060300902932e-17f,1.198143529405604e-16f,1f,0f,0.9783584379102598f,0.20691729499922484f,-2.56300495673936f,-1.2246467991473532e-16f,0.20691729499922484f,-0.9783584379102598f,-0.43516809054612726f,0f,0f,0f,1f], start_interpolation: 0, interpolation_duration: 1 }
$data merge entity $(bone_left_leg1) { transformation: [-1.3333333333333333f,2.648359031155467e-19f,1.6328602511591499e-16f,0.625f,0f,1.3333315795999392f,-0.0021625492615498262f,-1.125f,-1.6328623988631375e-16f,-0.0021625492615498262f,-1.3333315795999392f,-0.12499999999999993f,0f,0f,0f,1f], start_interpolation: 0, interpolation_duration: 1 }
$data merge entity $(bone_tail3) { transformation: [-0.9632563179573702f,0.07579935358840542f,-0.2576659153066029f,-0.7001333894365727f,0.062073774717482516f,0.9962054510394877f,0.06100447370098355f,-1.3914704306787196f,0.2613122890480522f,0.04276864873702074f,-0.9643063466957358f,-4.055475475261212f,0f,0f,0f,1f], start_interpolation: 0, interpolation_duration: 1 }
$data merge entity $(bone_tail2) { transformation: [-1.4850201568509456f,0.007193771949833437f,-0.4140042203923011f,-0.284328791206752f,0.09569706935611887f,1.5056645967324664f,-0.31709983313496076f,-1.1554598222124932f,0.4028564456157471f,-0.33114722239919747f,-1.4507874801066674f,-2.100434100051383f,0f,0f,0f,1f], start_interpolation: 0, interpolation_duration: 1 }
$data merge entity $(bone_tail1) { transformation: [-0.9965968204843924f,-0.026737785162690993f,-0.07797350989274282f,1.1102230246251565e-16f,0f,0.945931019073645f,-0.32436785776999466f,-0.75f,0.08243043976832758f,-0.32326397572091026f,-0.9427118460063557f,-0.9375f,0f,0f,0f,1f], start_interpolation: 0, interpolation_duration: 1 }
data modify entity @s data merge value {"locators":{"head":{"posx":0.3668830673773088,"posy":-0.33178538665564217,"posz":3.2236871299464416,"roty":344.89520407997827,"rotx":27.262687267711662},"neck":{"posx":0.21403922471444847,"posy":-0.9490454284746295,"posz":2.3492897411403586,"roty":346.6166576599036,"rotx":8.641494375970504},"right_arm":{"posx":-0.5813006733318286,"posy":-3.0710018022575385,"posz":2.857936155731625,"roty":353.54899292688964,"rotx":3.46774966126536},"left_arm":{"posx":1.2799428517043943,"posy":-2.9730945684079333,"posz":2.6534570270395896,"roty":353.54899292688964,"rotx":3.46774966126536},"tail1":{"posx":-0.35204492799099885,"posy":-2.0371139085903205,"posz":-2.618972282630348,"roty":344.0730988471729,"rotx":-11.86968192228334},"tail2":{"posx":-0.9445571183813188,"posy":-2.6646750687112437,"posz":-4.654031646744903,"roty":345.0398768321769,"rotx":3.4974704990771315}},"cameras":{}}