# This file was generated by Animated Java via MC-Build. It is not recommended to edit this file directly.
$data merge entity $(bone_jaw) { transformation: [-0.8184546410691091f,0.2859926621181864f,-0.4983374335999538f,0.8265142997108401f,-0.012769126808369825f,0.8580528294018375f,0.5134026600593856f,0.5090219557538477f,0.5744292383862325f,0.42656012374582586f,-0.6986254439375641f,3.349495360277831f,0f,0f,0f,1f], start_interpolation: 0, interpolation_duration: 1 }
$data merge entity $(bone_head) { transformation: [-0.9207614712027478f,0.20152909004640854f,-0.6141737042674635f,0.6900312543180704f,-0.014365267659416052f,1.0622816387681804f,0.3701031734814798f,0.5912671054163987f,0.6462328931845116f,0.31075512192248045f,-0.8668559868659383f,3.1568606965298445f,0f,0f,0f,1f], start_interpolation: 0, interpolation_duration: 1 }
$data merge entity $(bone_neck) { transformation: [-0.8187625883496183f,-0.00042631593102888075f,-0.5741320772903742f,0.6333831963711688f,-0.012759770318327084f,0.999766242558775f,0.017454182917921484f,-0.45042311852232514f,0.5739904286488205f,0.021616625422014278f,-0.818576636195358f,2.1818043007858154f,0f,0f,0f,1f], start_interpolation: 0, interpolation_duration: 1 }
$data merge entity $(bone_right_arm2) { transformation: [-0.9956352271856341f,-0.006782944100753666f,-0.0930832211321503f,-0.7084116549019666f,-0.007652408389814375f,0.9999303351121139f,0.008986966585622428f,-1.900030093016788f,0.09301577840800042f,0.009660051340528504f,-0.995617772227501f,2.482493004587463f,0f,0f,0f,1f], start_interpolation: 0, interpolation_duration: 1 }
$data merge entity $(bone_right_arm1) { transformation: [-1.1304608308670219f,-0.007701467781064057f,-0.1056882406604623f,-0.47017297506704847f,-0.00868867202593507f,1.1353375679918791f,0.010203951644092131f,-0.579051611032706f,0.10561166506741713f,0.010968183292891738f,-1.1304410122166417f,1.7816171728129997f,0f,0f,0f,1f], start_interpolation: 0, interpolation_duration: 1 }
$data merge entity $(bone_left_arm2) { transformation: [-0.9956352271856341f,-0.006782944100753666f,-0.0930832211321503f,1.0339499926728932f,-0.007652408389814375f,0.9999303351121139f,0.008986966585622428f,-1.8866383783346128f,0.09301577840800042f,0.009660051340528504f,-0.995617772227501f,2.319715392373462f,0f,0f,0f,1f], start_interpolation: 0, interpolation_duration: 1 }
$data merge entity $(bone_left_arm1) { transformation: [-1.1304608308670219f,-0.007701467781064057f,-0.1056882406604623f,0.64991665551679f,-0.00868867202593507f,1.1353375679918791f,0.010203951644092131f,-0.5704426515941647f,0.10561166506741713f,0.010968183292891738f,-1.1304410122166417f,1.6769744221039993f,0f,0f,0f,1f], start_interpolation: 0, interpolation_duration: 1 }
$data merge entity $(bone_body2) { transformation: [-1.5764224430439209f,-0.010739661492859973f,-0.1473817667925713f,0.4999999999999999f,-0.01211631328387276f,1.5832230305941806f,0.014229363760568846f,-0.5f,0.14727498247933402f,0.015295081289170133f,-1.5763948060268769f,0.75f,0f,0f,0f,1f], start_interpolation: 0, interpolation_duration: 1 }
$data merge entity $(bone_right_leg2) { transformation: [-1f,6.32308418013823e-17f,1.048783031503997e-16f,-1f,0f,0.8563963358530808f,-0.5163190059812026f,-2.5187392817924845f,-1.2246467991473532e-16f,-0.5163190059812026f,-0.8563963358530808f,0.3456945021864706f,0f,0f,0f,1f], start_interpolation: 0, interpolation_duration: 1 }
$data merge entity $(bone_right_leg1) { transformation: [-1.3333333333333333f,8.391696022134527e-17f,1.400726237471832e-16f,-0.625f,0f,1.1437797726226633f,-0.6852339815836822f,-1.125f,-1.6328623988631375e-16f,-0.6852339815836822f,-1.1437797726226633f,-0.12500000000000008f,0f,0f,0f,1f], start_interpolation: 0, interpolation_duration: 1 }
$data merge entity $(bone_left_leg2) { transformation: [-1f,-5.801291022068794e-17f,1.0785221404470553e-16f,1f,0f,0.8806801611680727f,0.4737113611947444f,-2.2717824327308027f,-1.2246467991473532e-16f,0.4737113611947444f,-0.8806801611680727f,-1.0463862121716505f,0f,0f,0f,1f], start_interpolation: 0, interpolation_duration: 1 }
$data merge entity $(bone_left_leg1) { transformation: [-1.3333333333333333f,-7.289744157505813e-17f,1.4611077697425946e-16f,0.625f,0f,1.193085035423989f,0.5952527832989247f,-1.125f,-1.6328623988631375e-16f,0.5952527832989247f,-1.193085035423989f,-0.12499999999999993f,0f,0f,0f,1f], start_interpolation: 0, interpolation_duration: 1 }
$data merge entity $(bone_tail3) { transformation: [-0.9106372185792652f,0.08149648840254985f,-0.40509033377294107f,-1.0575386046944024f,0.014190709732681307f,0.9859472109753636f,0.16645335961519192f,-0.6828370515375719f,0.4129630490679553f,0.14583010508106575f,-0.8989967188797425f,-4.0299822615293515f,0f,0f,0f,1f], start_interpolation: 0, interpolation_duration: 1 }
$data merge entity $(bone_tail2) { transformation: [-1.4038990453097002f,0.0014173806948398861f,-0.6370255667723147f,-0.3451290950723693f,0.021877344171217013f,1.54086071387423f,-0.04478563790014696f,-0.8103649045298241f,0.6366513673130977f,-0.04982331364005065f,-1.403185228338511f,-2.1519538838653496f,0f,0f,0f,1f], start_interpolation: 0, interpolation_duration: 1 }
$data merge entity $(bone_tail1) { transformation: [-0.9918416871014265f,-0.006156049351424055f,-0.12732702299268153f,1.1102230246251565e-16f,0f,0.9988332644203973f,-0.04829192362385934f,-0.75f,0.12747575348981474f,-0.04789794300046188f,-0.9906844701157521f,-0.9375f,0f,0f,0f,1f], start_interpolation: 0, interpolation_duration: 1 }
data modify entity @s data merge value {"locators":{"head":{"posx":0.7486744554776945,"posy":-0.10169579764411252,"posz":3.2250122918134494,"roty":324.6821537313924,"rotx":19.206913663876733},"neck":{"posx":0.29592828033179225,"posy":-0.8338971175057694,"posz":2.56301536010139,"roty":324.95500478511303,"rotx":1.000101800349207},"right_arm":{"posx":-0.7173143019342398,"posy":-2.9049321869460765,"posz":2.976455325511185,"roty":354.6587760938555,"rotx":0.5149221874704076},"left_arm":{"posx":1.1495017490388242,"posy":-2.8905839212151747,"posz":2.802050740996184,"roty":354.6587760938555,"rotx":0.5149221874704076},"tail1":{"posx":-0.5160679482702398,"posy":-1.5817186317623166,"posz":-2.805080660189777,"roty":335.5826463078066,"rotx":-1.6646848138949197},"tail2":{"posx":-1.3923660584700284,"posy":-1.8832627511591913,"posz":-4.727069928818105,"roty":335.74354497872196,"rotx":9.581673494988948}},"cameras":{}}