# This file was generated by Animated Java via MC-Build. It is not recommended to edit this file directly.
$data merge entity $(bone_jaw) { transformation: [-0.7899176888591607f,0.27131311740677916f,-0.5499265743264438f,0.8707305424927219f,0.004567949146849186f,0.8993741075886001f,0.4371559772435929f,0.5649733536144721f,0.6131958730030675f,0.34280520258920255f,-0.7116708610093444f,3.3120403873417263f,0f,0f,0f,1f], start_interpolation: 0, interpolation_duration: 1 }
$data merge entity $(bone_head) { transformation: [-0.8886573999665558f,0.20166808336009914f,-0.659729497323369f,0.7241239875319732f,0.005138942790205335f,1.0777625095389927f,0.3225314934997999f,0.6366470188366499f,0.689845357128451f,0.2517597211352058f,-0.8522648802234216f,3.1226481917365216f,0f,0f,0f,1f], start_interpolation: 0, interpolation_duration: 1 }
$data merge entity $(bone_neck) { transformation: [-0.789801765765132f,-0.000016713478800895864f,-0.613362185429571f,0.6206858528242387f,0.004569066454725159f,0.9999720935293256f,-0.005910650921017908f,-0.43291026763894813f,0.6133451674432694f,-0.007470735120284412f,-0.7897796488203216f,2.182217299413678f,0f,0f,0f,1f], start_interpolation: 0, interpolation_duration: 1 }
$data merge entity $(bone_right_arm2) { transformation: [-0.9964754393696476f,0.0024227547359023265f,-0.08385003871530079f,-0.7372287039827674f,0.0027000029601373793f,0.9999912565710979f,-0.003193237443727487f,-1.8660864628690135f,0.08384156914730918f,-0.003408378037488904f,-0.9964732682024493f,2.4892377382080775f,0f,0f,0f,1f], start_interpolation: 0, interpolation_duration: 1 }
$data merge entity $(bone_right_arm1) { transformation: [-1.1314148217842872f,0.0027508361063890998f,-0.09520473145799777f,-0.48029716520565f,0.0030656283609893156f,1.1354067392317673f,-0.00362565501423225f,-0.5566370402870531f,0.09519511496934062f,-0.003869929230065526f,-1.1314123566048642f,1.7734883797861554f,0f,0f,0f,1f], start_interpolation: 0, interpolation_duration: 1 }
$data merge entity $(bone_left_arm2) { transformation: [-0.9964754393696476f,0.0024227547359023265f,-0.08385003871530079f,1.0066033149141158f,0.0027000029601373793f,0.9999912565710979f,-0.003193237443727487f,-1.870811468049254f,0.08384156914730918f,-0.003408378037488904f,-0.9964732682024493f,2.3425149922002864f,0f,0f,0f,1f], start_interpolation: 0, interpolation_duration: 1 }
$data merge entity $(bone_left_arm1) { transformation: [-1.1314148217842872f,0.0027508361063890998f,-0.09520473145799777f,0.6407377040852035f,0.0030656283609893156f,1.1354067392317673f,-0.00362565501423225f,-0.5596745436172077f,0.09519511496934062f,-0.003869929230065526f,-1.1314123566048642f,1.6791666144954325f,0f,0f,0f,1f], start_interpolation: 0, interpolation_duration: 1 }
$data merge entity $(bone_body2) { transformation: [-1.577752779001942f,0.0038360283318453507f,-0.13276256129922626f,0.4999999999999999f,0.004275004686884184f,1.583319489570905f,-0.005055959285901855f,-0.5f,0.1327491511499062f,-0.005396598559357432f,-1.5777493413205448f,0.75f,0f,0f,0f,1f], start_interpolation: 0, interpolation_duration: 1 }
$data merge entity $(bone_right_leg2) { transformation: [-1f,7.177147257947244e-17f,9.92292978428882e-17f,-1f,0f,0.81026870696086f,-0.5860585487133312f,-2.4723238076800174f,-1.2246467991473532e-16f,-0.5860585487133312f,-0.81026870696086f,0.4655768851374217f,0f,0f,0f,1f], start_interpolation: 0, interpolation_duration: 1 }
$data merge entity $(bone_right_leg1) { transformation: [-1.3333333333333333f,9.582550203314681e-17f,1.3221145675132009e-16f,-0.625f,0f,1.079588472720223f,-0.7824746049217151f,-1.125f,-1.6328623988631375e-16f,-0.7824746049217151f,-1.079588472720223f,-0.12500000000000008f,0f,0f,0f,1f], start_interpolation: 0, interpolation_duration: 1 }
$data merge entity $(bone_left_leg2) { transformation: [-1f,-6.156069180606879e-17f,1.058672709149376e-16f,1.0000000000000002f,0f,0.8644718704907122f,0.5026811963166011f,-2.199776267100091f,-1.2246467991473532e-16f,0.5026811963166011f,-0.8644718704907122f,-1.1294493395280791f,0f,0f,0f,1f], start_interpolation: 0, interpolation_duration: 1 }
$data merge entity $(bone_left_leg1) { transformation: [-1.3333333333333333f,-8.360469333461397e-17f,1.4025922924583593e-16f,0.625f,0f,1.1453035221542232f,0.6826841289490392f,-1.125f,-1.6328623988631375e-16f,0.6826841289490392f,-1.1453035221542232f,-0.12499999999999993f,0f,0f,0f,1f], start_interpolation: 0, interpolation_duration: 1 }
$data merge entity $(bone_tail3) { transformation: [-0.9074281768827399f,0.06812930529172051f,-0.4146474424854619f,-1.0751129517302824f,-0.005091112780035278f,0.9849140367419075f,0.17296942157335676f,-0.5201563182214799f,0.4201763729315677f,0.15906834376841986f,-0.8933918947700632f,-4.017553548320848f,0f,0f,0f,1f], start_interpolation: 0, interpolation_duration: 1 }
$data merge entity $(bone_tail2) { transformation: [-1.398951772694224f,-0.0005043693911842873f,-0.6478192605953581f,-0.3480659557098811f,-0.007848798869221052f,1.5415662402964954f,0.015749103007762166f,-0.7287117620678172f,0.6477719082695002f,0.017589300746642132f,-1.3988632107776817f,-2.1524292783538925f,0f,0f,0f,1f], start_interpolation: 0, interpolation_duration: 1 }
$data merge entity $(bone_tail1) { transformation: [-0.9915481320692623f,0.002209537908730602f,-0.1297205447575156f,1.1102230246251565e-16f,0f,0.9998549689792392f,0.017030590345746256f,-0.75f,0.12973936098947275f,0.01688665004536151f,-0.9914043268315348f,-0.9375f,0f,0f,0f,1f], start_interpolation: 0, interpolation_duration: 1 }
data modify entity @s data merge value {"locators":{"head":{"posx":0.795344357143965,"posy":-0.0517020124349572,"posz":3.2195219245012465,"roty":322.2569137081057,"rotx":16.6601732744113},"neck":{"posx":0.30246151067491944,"posy":-0.8048764381199554,"posz":2.5904138649079593,"roty":322.1662127956823,"rotx":-0.3386573238460592},"right_arm":{"posx":-0.7600061543216223,"posy":-2.864312350533239,"posz":2.996122848418498,"roty":355.1900745552749,"rotx":-0.18295933944186984},"left_arm":{"posx":1.108385294496467,"posy":-2.8693748560834966,"posz":2.838919906267293,"roty":355.1900745552749,"rotx":-0.18295933944186984},"tail1":{"posx":-0.5232844376747303,"posy":-1.4710032682597411,"posz":-2.8373256598695633,"roty":335.15095293707,"rotx":0.5853229161565182},"tail2":{"posx":-1.3977718513237378,"posy":-1.7155606918102202,"posz":-4.72886369032506,"roty":335.10270516119886,"rotx":9.960512597917814}},"cameras":{}}