# This file was generated by Animated Java via MC-Build. It is not recommended to edit this file directly.
$data merge entity $(bone_jaw) { transformation: [-0.7996504691049f,0.23977539409535265f,-0.5505151111883592f,0.8429083511108669f,0.0109810873490676f,0.9224996478296202f,0.3858416974289569f,0.5890468963057339f,0.6003653412555937f,0.30249323982635523f,-0.740310270682779f,3.307039314755689f,0f,0f,0f,1f], start_interpolation: 0, interpolation_duration: 1 }
$data merge entity $(bone_head) { transformation: [-0.8996067777430126f,0.18248953944806798f,-0.6504077286063457f,0.6983733003094568f,0.01235372326770105f,1.087435249083658f,0.28802250705767324f,0.6530518978741058f,0.6754110089125429f,0.22317514880110279f,-0.8715720406239214f,3.113356639061484f,0f,0f,0f,1f], start_interpolation: 0, interpolation_duration: 1 }
$data merge entity $(bone_neck) { transformation: [-0.7993777992114016f,0.00017782582285457555f,-0.6008286798297103f,0.609699957616735f,0.010987590378128447f,0.9998370544766352f,-0.014322616840812064f,-0.4264058938795429f,0.6007282305548978f,-0.018050841350557054f,-0.799249498054843f,2.1827813255494424f,0f,0f,0f,1f], start_interpolation: 0, interpolation_duration: 1 }
$data merge entity $(bone_right_arm2) { transformation: [-0.9970860990748132f,0.005882785861835668f,-0.07605724069590984f,-0.7554892006570388f,0.006488544179958412f,0.99994915006306f,-0.0077198499071414435f,-1.8534635769901597f,0.0760079589661274f,-0.008190855795815863f,-0.9970735680255172f,2.4860179183391375f,0f,0f,0f,1f], start_interpolation: 0, interpolation_duration: 1 }
$data merge entity $(bone_right_arm1) { transformation: [-1.1321081749911939f,0.006679413113959247f,-0.08635665870681429f,-0.4884679912309384f,0.007367201204327779f,1.1353589308007659f,-0.008765246248733512f,-0.5483653843997903f,0.08630070340945714f,-0.009300034184832594f,-1.1320939470289724f,1.7660268549126712f,0f,0f,0f,1f], start_interpolation: 0, interpolation_duration: 1 }
$data merge entity $(bone_left_arm2) { transformation: [-0.9970860990748132f,0.005882785861835668f,-0.07605724069590984f,0.9894114727238843f,0.006488544179958412f,0.99994915006306f,-0.0077198499071414435f,-1.864818529305087f,0.0760079589661274f,-0.008190855795815863f,-0.9970735680255172f,2.3530039901484145f,0f,0f,0f,1f], start_interpolation: 0, interpolation_duration: 1 }
$data merge entity $(bone_left_arm1) { transformation: [-1.1321081749911939f,0.006679413113959247f,-0.08635665870681429f,0.6332538702282264f,0.007367201204327779f,1.1353589308007659f,-0.008765246248733512f,-0.5556649966022436f,0.08630070340945714f,-0.009300034184832594f,-1.1320939470289724f,1.680517901075778f,0f,0f,0f,1f], start_interpolation: 0, interpolation_duration: 1 }
$data merge entity $(bone_body2) { transformation: [-1.5787196568684543f,0.009314410947906474f,-0.1204239644351906f,0.4999999999999999f,0.010273528284934153f,1.5832528209331784f,-0.012223095686307287f,-0.5f,0.12034593502970173f,-0.012968855010041785f,-1.5786998160404022f,0.75f,0f,0f,0f,1f], start_interpolation: 0, interpolation_duration: 1 }
$data merge entity $(bone_right_leg2) { transformation: [-1f,7.168212840705857e-17f,9.929385828767327e-17f,-1f,0f,0.810795882999127f,-0.5853289981810794f,-2.4720402862348116f,-1.2246467991473532e-16f,-0.5853289981810794f,-0.810795882999127f,0.4662232803775893f,0f,0f,0f,1f], start_interpolation: 0, interpolation_duration: 1 }
$data merge entity $(bone_right_leg1) { transformation: [-1.3333333333333333f,9.588892775317902e-17f,1.3216546322907665e-16f,-0.625f,0f,1.079212907109996f,-0.7829925152292124f,-1.125f,-1.6328623988631375e-16f,-0.7829925152292124f,-1.079212907109996f,-0.12500000000000008f,0f,0f,0f,1f], start_interpolation: 0, interpolation_duration: 1 }
$data merge entity $(bone_left_leg2) { transformation: [-1f,-5.99834701843006e-17f,1.0676882096973675e-16f,1.0000000000000002f,0f,0.8718335853576179f,0.4898022044075355f,-2.199430427385714f,-1.2246467991473532e-16f,0.4898022044075355f,-0.8718335853576179f,-1.1298192656929662f,0f,0f,0f,1f], start_interpolation: 0, interpolation_duration: 1 }
$data merge entity $(bone_left_leg1) { transformation: [-1.3333333333333333f,-8.365297183108529e-17f,1.4023044049006781e-16f,0.625f,0f,1.1450684441236585f,0.6830783527897819f,-1.125f,-1.6328623988631375e-16f,0.6830783527897819f,-1.1450684441236585f,-0.12499999999999993f,0f,0f,0f,1f], start_interpolation: 0, interpolation_duration: 1 }
$data merge entity $(bone_tail3) { transformation: [-0.9155496471339587f,0.056145717266457354f,-0.3982668729200543f,-1.0308847667058805f,-0.011685338377508079f,0.9860775425516531f,0.16587505219982884f,-0.46059933597954655f,0.40203519311110913f,0.15652072868450312f,-0.9021468644251807f,-4.029173525447583f,0f,0f,0f,1f], start_interpolation: 0, interpolation_duration: 1 }
$data merge entity $(bone_tail2) { transformation: [-1.4114723726648528f,-0.0011800363025246511f,-0.6200648835640397f,-0.3407764570723479f,-0.018014896665324954f,1.5410911287589708f,0.03807502422388957f,-0.6988846314432775f,0.6198042560462932f,0.042105242973254985f,-1.4109592282600425f,-2.153606440819441f,0f,0f,0f,1f], start_interpolation: 0, interpolation_duration: 1 }
$data merge entity $(bone_tail1) { transformation: [-0.992297180453036f,0.005065745946617092f,-0.123776588589923f,1.1102230246251565e-16f,0f,0.9991635602954496f,0.040892294845377965f,-0.75f,0.12388020691359346f,0.04057730887732277f,-0.9914671836925918f,-0.9375f,0f,0f,0f,1f], start_interpolation: 0, interpolation_duration: 1 }
data modify entity @s data merge value {"locators":{"head":{"posx":0.7776590363400706,"posy":-0.031085048021724626,"posz":3.23147378990085,"roty":323.2679826573797,"rotx":14.834033713412122},"neck":{"posx":0.2850479583061775,"posy":-0.7940606670141154,"posz":2.5898206935902053,"roty":323.06631155587286,"rotx":-0.8206535559755381},"right_arm":{"posx":-0.7856612473630954,"posy":-2.8491472680884016,"posz":2.997496055583095,"roty":355.63789850568367,"rotx":-0.44231921164323074},"left_arm":{"posx":1.0838751884021793,"posy":-2.8613132884258237,"posz":2.854981132521606,"roty":355.63789850568367,"rotx":-0.44231921164323074},"tail1":{"posx":-0.5022741005146898,"posy":-1.430164570037097,"posz":-2.853556019412635,"roty":336.2762706520555,"rotx":1.4151956938132952},"tail2":{"posx":-1.3286011366356363,"posy":-1.6615213937161877,"posz":-4.742064593085158,"roty":336.18018755776916,"rotx":9.548071792702462}},"cameras":{}}