# This file was generated by Animated Java via MC-Build. It is not recommended to edit this file directly.
$data merge entity $(bone_jaw) { transformation: [-0.8639566412202562f,0.15201067428546863f,-0.4800746577301189f,0.6855212208207302f,0.014711258805962388f,0.960561806709253f,0.2776771404991766f,0.6178820810343548f,0.5033512699455099f,0.23283850711326223f,-0.8321200205796696f,3.3231091139232958f,0f,0f,0f,1f], start_interpolation: 0, interpolation_duration: 1 }
$data merge entity $(bone_head) { transformation: [-0.9719512213727882f,0.11978908091452634f,-0.5537024465952796f,0.5624762326884458f,0.016550166156707687f,1.1050971167700672f,0.21002727086421388f,0.664554807893069f,0.5662701786886987f,0.1733087955071455f,-0.9565182413983184f,3.1105495047236693f,0f,0f,0f,1f], start_interpolation: 0, interpolation_duration: 1 }
$data merge entity $(bone_neck) { transformation: [-0.8636445604824079f,0.00206683042685782f,-0.5040970158224855f,0.5825236802453438f,0.014724348552849788f,0.999668349916407f,-0.021127795320439367f,-0.42212132186739537f,0.5038861644348281f,-0.02566940566890484f,-0.863388565423334f,2.184376956623008f,0f,0f,0f,1f], start_interpolation: 0, interpolation_duration: 1 }
$data merge entity $(bone_right_arm2) { transformation: [-0.9983373443586012f,0.008240165302696131f,-0.057049509505339414f,-0.7913386228381074f,0.008864675688598524f,0.9999034333161414f,-0.010702409426327502f,-1.8452868764200892f,0.056955810800580646f,-0.011190340404876712f,-0.9983139846249132f,2.465961182922988f,0f,0f,0f,1f], start_interpolation: 0, interpolation_duration: 1 }
$data merge entity $(bone_right_arm1) { transformation: [-1.1335288597404949f,0.009356021020769564f,-0.06477496391752079f,-0.5077645235511766f,0.010065100521429574f,1.1353070232443687f,-0.012151694036142684f,-0.5430417378259409f,0.0646685768464926f,-0.012705699001370432f,-1.1335023367095367f,1.7471343058367779f,0f,0f,0f,1f], start_interpolation: 0, interpolation_duration: 1 }
$data merge entity $(bone_left_arm2) { transformation: [-0.9983373443586012f,0.008240165302696131f,-0.057049509505339414f,0.9557517297894447f,0.008864675688598524f,0.9999034333161414f,-0.010702409426327502f,-1.8608000588751366f,0.056955810800580646f,-0.011190340404876712f,-0.9983139846249132f,2.3662885140219716f,0f,0f,0f,1f], start_interpolation: 0, interpolation_duration: 1 }
$data merge entity $(bone_left_arm1) { transformation: [-1.1335288597404949f,0.009356021020769564f,-0.06477496391752079f,0.6153649888522497f,0.010065100521429574f,1.1353070232443687f,-0.012151694036142684f,-0.5530144979756142f,0.0646685768464926f,-0.012705699001370432f,-1.1335023367095367f,1.6830590186861247f,0f,0f,0f,1f], start_interpolation: 0, interpolation_duration: 1 }
$data merge entity $(bone_body2) { transformation: [-1.580700795234452f,0.013046928395935542f,-0.09032839005012075f,0.4999999999999999f,0.014035736506947664f,1.5831804360838906f,-0.016945481591685213f,-0.5f,0.09018003376758603f,-0.017718038974388128f,-1.580663808989446f,0.75f,0f,0f,0f,1f], start_interpolation: 0, interpolation_duration: 1 }
$data merge entity $(bone_right_leg2) { transformation: [-1f,6.142494842498219e-17f,1.0594608788250209e-16f,-1f,0f,0.8651154598719066f,-0.5015727674930325f,-2.523883782596263f,-1.2246467991473532e-16f,-0.5015727674930325f,-0.8651154598719066f,0.3301776167488585f,0f,0f,0f,1f], start_interpolation: 0, interpolation_duration: 1 }
$data merge entity $(bone_right_leg1) { transformation: [-1.3333333333333333f,8.235523233025661e-17f,1.4099649585730934e-16f,-0.625f,0f,1.1513237609037692f,-0.6724815055867173f,-1.125f,-1.6328623988631375e-16f,-0.6724815055867173f,-1.1513237609037692f,-0.12500000000000008f,0f,0f,0f,1f], start_interpolation: 0, interpolation_duration: 1 }
$data merge entity $(bone_left_leg2) { transformation: [-1f,-4.96540270946469e-17f,1.1194675260990222e-16f,1f,0f,0.9141146058426308f,0.4054559006663633f,-2.28077270084221f,-1.2246467991473532e-16f,0.4054559006663633f,-0.9141146058426308f,-1.0350834928663983f,0f,0f,0f,1f], start_interpolation: 0, interpolation_duration: 1 }
$data merge entity $(bone_left_leg1) { transformation: [-1.3333333333333333f,-7.145951401688209e-17f,1.4681939242716487e-16f,0.625f,0f,1.1988713197093745f,0.5835112137363605f,-1.125f,-1.6328623988631375e-16f,0.5835112137363605f,-1.1988713197093745f,-0.12499999999999993f,0f,0f,0f,1f], start_interpolation: 0, interpolation_duration: 1 }
$data merge entity $(bone_tail3) { transformation: [-0.9458288689102308f,0.031535358585748824f,-0.3231304255170993f,-0.8414871928244047f,-0.012800762572024995f,0.9908754253593237f,0.1341716508676625f,-0.42223150406474225f,0.3244131489529487f,0.1310397366368214f,-0.936794906160673f,-4.084884455647132f,0f,0f,0f,1f], start_interpolation: 0, interpolation_duration: 1 }
$data merge entity $(bone_tail2) { transformation: [-1.458152839569939f,-0.0013816234212999812f,-0.5005242238712889f,-0.3102190432971641f,-0.0197345089652052f,1.5406207440269835f,0.053238926930930186f,-0.6802711085972204f,0.5001369379691292f,0.056762005792399574f,-1.4571812615760598f,-2.1608389869040927f,0f,0f,0f,1f], start_interpolation: 0, interpolation_duration: 1 }
$data merge entity $(bone_tail1) { transformation: [-0.9950807272507667f,0.005526286998718765f,-0.09891312555011636f,1.1102230246251565e-16f,0f,0.9984429098803763f,0.055783113122223685f,-0.75f,0.09906738239241658f,0.05550870077397413f,-0.9935312968821365f,-0.9375f,0f,0f,0f,1f], start_interpolation: 0, interpolation_duration: 1 }
data modify entity @s data merge value {"locators":{"head":{"posx":0.6497329784568422,"posy":-0.0077289433303611155,"posz":3.2799663520525657,"roty":329.9346147711117,"rotx":10.759731974938028},"neck":{"posx":0.2129384655718789,"posy":-0.7869938043945682,"posz":2.553869636644178,"roty":329.72110450134613,"rotx":-1.2106235807839465},"right_arm":{"posx":-0.8334501174105464,"posy":-2.8392850627925292,"posz":2.9798682538153574,"roty":356.72934068280125,"rotx":-0.6132145975564033},"left_arm":{"posx":1.0384324032618308,"posy":-2.8559063297086515,"posz":2.873076108564269,"roty":356.72934068280125,"rotx":-0.6132145975564033},"tail1":{"posx":-0.41452504204265195,"posy":-1.4044205024142404,"posz":-2.878828655395324,"roty":341.04302027414076,"rotx":1.9790091448213545},"tail2":{"posx":-1.0646382153215683,"posy":-1.6472839462357944,"posz":-4.783821244698339,"roty":340.96905371013077,"rotx":7.710723211057837}},"cameras":{}}