# This file was generated by Animated Java via MC-Build. It is not recommended to edit this file directly.
$data merge entity $(bone_jaw) { transformation: [-0.9989075015363088f,0.0019852994497580913f,-0.046688991856584296f,0.05870775309494418f,0.0007022499983431976f,0.9996220756908487f,0.02748113237221802f,0.6232054352803932f,0.04672590522856922f,0.027418321932866942f,-0.9985313842854198f,3.27031555513157f,0f,0f,0f,1f], start_interpolation: 0, interpolation_duration: 1 }
$data merge entity $(bone_head) { transformation: [-1.1237709392283475f,0.0017291618058027107f,-0.05254413521305214f,0.047031278603154814f,0.0007900312481360972f,1.1248197929480126f,0.020119871843972476f,0.6276765179123871f,0.05256664338214037f,0.02006099179602696f,-1.1235921433561624f,3.0206284121635343f,0f,0f,0f,1f], start_interpolation: 0, interpolation_duration: 1 }
$data merge entity $(bone_neck) { transformation: [-0.998905739259384f,0.0006238049057664997f,-0.04676467622151725f,0.5078250560904871f,0.0007023126687718793f,0.999998371637607f,-0.0016623715138432797f,-0.4365235851419537f,0.046763563076171626f,-0.0016933958705207491f,-0.9989045507849319f,2.1874359162251196f,0f,0f,0f,1f], start_interpolation: 0, interpolation_duration: 1 }
$data merge entity $(bone_right_arm2) { transformation: [-0.9999851666741866f,0.0005367106307357614f,-0.00542018203552431f,-0.8669097854865413f,0.0005404001654472064f,0.9999996232856686f,-0.0006792614975248781f,-1.8731526318568266f,0.005419815426797288f,-0.0006821804890865241f,-0.9999850800039567f,2.3833659993907697f,0f,0f,0f,1f], start_interpolation: 0, interpolation_duration: 1 }
$data merge entity $(bone_right_arm1) { transformation: [-1.135399824661316f,0.0006093901953145623f,-0.00615416501950156f,-0.5574363633474403f,0.0006135793545181822f,1.1354162389389362f,-0.0007712448253147052f,-0.5612889936256371f,0.0061537487658427535f,-0.0007745590969836575f,-1.1353997262544924f,1.6932872026752495f,0f,0f,0f,1f], start_interpolation: 0, interpolation_duration: 1 }
$data merge entity $(bone_left_arm2) { transformation: [-0.9999851666741866f,0.0005367106307357614f,-0.00542018203552431f,0.8830642561932852f,0.0005404001654472064f,0.9999996232856686f,-0.0006792614975248781f,-1.874098332146359f,0.005419815426797288f,-0.0006821804890865241f,-0.9999850800039567f,2.3738813223938746f,0f,0f,0f,1f], start_interpolation: 0, interpolation_duration: 1 }
$data merge entity $(bone_left_arm1) { transformation: [-1.135399824661316f,0.0006093901953145623f,-0.00615416501950156f,0.5675469491610197f,0.0006135793545181822f,1.1354162389389362f,-0.0007712448253147052f,-0.5618969438117651f,0.0061537487658427535f,-0.0007745590969836575f,-1.1353997262544924f,1.6871899103201025f,0f,0f,0f,1f], start_interpolation: 0, interpolation_duration: 1 }
$data merge entity $(bone_body2) { transformation: [-1.583309847234129f,0.000849791831998289f,-0.008581954889580159f,0.4999999999999999f,0.0008556335952914102f,1.5833327368689754f,-0.001075497371081057f,-0.5f,0.008581374425762374f,-0.0010801191077203299f,-1.583309710006265f,0.75f,0f,0f,0f,1f], start_interpolation: 0, interpolation_duration: 1 }
$data merge entity $(bone_right_leg2) { transformation: [-1f,5.587167609412322e-18f,1.2233716272957662e-16f,-1f,0f,0.9989587431637638f,-0.0456226857678665f,-2.5753086728692915f,-1.2246467991473532e-16f,-0.0456226857678665f,-0.9989587431637638f,-0.3713072337551492f,0f,0f,0f,1f], start_interpolation: 0, interpolation_duration: 1 }
$data merge entity $(bone_right_leg1) { transformation: [-1.3333333333333333f,7.481584463049744e-18f,1.631147511113972e-16f,-0.625f,0f,1.331933021218559f,-0.0610917733036065f,-1.125f,-1.6328623988631375e-16f,-0.0610917733036065f,-1.331933021218559f,-0.12500000000000008f,0f,0f,0f,1f], start_interpolation: 0, interpolation_duration: 1 }
$data merge entity $(bone_left_leg2) { transformation: [-1f,-4.544558098642404e-18f,1.2238032855939976e-16f,1f,0f,0.9993112189131244f,0.03710913303171578f,-2.5491202479302055f,-1.2246467991473532e-16f,0.03710913303171578f,-0.9993112189131244f,-0.49370587116997566f,0f,0f,0f,1f], start_interpolation: 0, interpolation_duration: 1 }
$data merge entity $(bone_left_leg1) { transformation: [-1.3333333333333333f,-6.4118264368715495e-18f,1.6316030343792033e-16f,0.625f,0f,1.3323049841923311f,0.05235653611584754f,-1.125f,-1.6328623988631375e-16f,0.05235653611584754f,-1.3323049841923311f,-0.12499999999999993f,0f,0f,0f,1f], start_interpolation: 0, interpolation_duration: 1 }
$data merge entity $(bone_tail3) { transformation: [-0.9995533652434536f,0.0002930759750339086f,-0.029882840175592576f,-0.1335259525174381f,-0.0000710639692073458f,0.9999257722687711f,0.012183796724092474f,-0.5538613443474999f,0.0298841928182682f,0.012180478610242863f,-0.9994791498377672f,-4.188187534729122f,0f,0f,0f,1f], start_interpolation: 0, interpolation_duration: 1 }
$data merge entity $(bone_tail2) { transformation: [-1.5409781047503242f,-0.0000085151239025907f,-0.046071593403121835f,-0.19870053394564252f,-0.00010955695252799144f,1.5416629587278365f,0.003379466661742444f,-0.7457539493447023f,0.04607146392816347f,0.003381231304767653f,-1.540974399072707f,-2.1857613183398534f,0f,0f,0f,1f], start_interpolation: 0, interpolation_duration: 1 }
$data merge entity $(bone_tail1) { transformation: [-0.9999598000512424f,0.00003045780072154579f,-0.00896645714882775f,1.1102230246251565e-16f,1.6940658945086007e-21f,0.9999942307205841f,0.0033968405242381576f,-0.75f,0.00896650887912286f,0.0033967039714231455f,-0.9999540310037512f,-0.9375f,0f,0f,0f,1f], start_interpolation: 0, interpolation_duration: 1 }
data modify entity @s data merge value {"locators":{"head":{"posx":0.06066622627022335,"posy":-0.0028122203487233044,"posz":3.321592345431342,"roty":357.32254673376167,"rotx":1.0247512912815442},"neck":{"posx":0.01398384414882231,"posy":-0.81096402173244,"posz":2.336315790062767,"roty":357.31960013450737,"rotx":-0.09524691559483708},"right_arm":{"posx":-0.9272354780166515,"posy":-2.8727788493833923,"posz":2.884379458346009,"roty":359.68944485291354,"rotx":-0.03891881998674442},"left_arm":{"posx":0.9477367094974483,"posy":-2.8737920996936053,"posz":2.874217304420765,"roty":359.68944485291354,"rotx":-0.03891881998674442},"tail1":{"posx":-0.09429766109889362,"posy":-1.4942362030291545,"posz":-2.8783330518525556,"roty":358.28749798844126,"rotx":0.12559740440814401},"tail2":{"posx":-0.15071971233344092,"posy":-1.8594105347929597,"posz":-4.76638143468881,"roty":358.28745730187813,"rotx":0.6980974029624675}},"cameras":{}}