# This file was generated by Animated Java via MC-Build. It is not recommended to edit this file directly.
$data merge entity $(bone_jaw) { transformation: [-0.9997996656301714f,0.00043895375066893284f,-0.020010895167439903f,0.025093864623138302f,0.0001811997827904278f,0.9999170242409443f,0.012880675439325046f,0.6236342107186365f,0.020014888769019246f,0.012874469027470163f,-0.9997167860323365f,3.2593001895008222f,0f,0f,0f,1f], start_interpolation: 0, interpolation_duration: 1 }
$data merge entity $(bone_head) { transformation: [-1.1247746238339429f,0.0003906784830955441f,-0.02251428323387849f,0.020090690571165304f,0.0002038497556392313f,1.1249612354004452f,0.009336878042533392f,0.625709072505866f,0.02251674986514665f,0.009330927961722914f,-1.124735937791126f,3.0093588699916833f,0f,0f,0f,1f], start_interpolation: 0, interpolation_duration: 1 }
$data merge entity $(bone_neck) { transformation: [-0.9997994664642595f,0.00017228754179046451f,-0.02002491385212648f,0.50353712578529f,0.0001812041945496217f,0.9999998852522072f,-0.00044346433030997736f,-0.4372417224402558f,0.020024835150932473f,-0.00044700399922534566f,-0.9997993829587027f,2.187484395511448f,0f,0f,0f,1f], start_interpolation: 0, interpolation_duration: 1 }
$data merge entity $(bone_right_arm2) { transformation: [-0.9999969777811754f,0.0001421658501934942f,-0.0024544281180195037f,-0.8712028768013504f,0.0001426072706545595f,0.999999973690481f,-0.0001796724898011473f,-1.8745119110313344f,0.0024544025101524113f,-0.00018002196608649494f,-0.9999969717456197f,2.3786174127414608f,0f,0f,0f,1f], start_interpolation: 0, interpolation_duration: 1 }
$data merge entity $(bone_right_arm1) { transformation: [-1.1354132351890427f,0.00016141747574052986f,-0.0027867985923346445f,-0.5602046478974926f,0.00016191867188903108f,1.1354166367944f,-0.00020400313946171932f,-0.562180035171396f,0.00278676951673555f,-0.00020439994066070777f,-1.1354132283361722f,1.690116215051436f,0f,0f,0f,1f], start_interpolation: 0, interpolation_duration: 1 }
$data merge entity $(bone_left_arm2) { transformation: [-0.9999969777811754f,0.0001421658501934942f,-0.0024544281180195037f,0.8787918343157064f,0.0001426072706545595f,0.999999973690481f,-0.0001796724898011473f,-1.8747614737549798f,0.0024544025101524113f,-0.00018002196608649494f,-0.9999969717456197f,2.3743222083486937f,0f,0f,0f,1f], start_interpolation: 0, interpolation_duration: 1 }
$data merge entity $(bone_left_arm1) { transformation: [-1.1354132351890427f,0.00016141747574052986f,-0.0027867985923346445f,0.5647919521063296f,0.00016191867188903108f,1.1354166367944f,-0.00020400313946171932f,-0.5623404683508824f,0.00278676951673555f,-0.00020439994066070777f,-1.1354132283361722f,1.6873550122275143f,0f,0f,0f,1f], start_interpolation: 0, interpolation_duration: 1 }
$data merge entity $(bone_body2) { transformation: [-1.5833285481535277f,0.0002250959294730325f,-0.003886177853530881f,0.4999999999999999f,0.00022579484520305257f,1.583333291676595f,-0.00028448144218514994f,-0.5f,0.003886137307741318f,-0.00028503477963695036f,-1.5833285385972313f,0.75f,0f,0f,0f,1f], start_interpolation: 0, interpolation_duration: 1 }
$data merge entity $(bone_right_leg2) { transformation: [-1f,2.3527302735394897e-18f,1.2244207808951363e-16f,-1f,0f,0.9998154420912426f,-0.019211500615341114f,-2.568253048106393f,-1.2246467991473532e-16f,-0.019211500615341114f,-0.9998154420912426f,-0.4097510125207743f,0f,0f,0f,1f], start_interpolation: 0, interpolation_duration: 1 }
$data merge entity $(bone_right_leg1) { transformation: [-1.3333333333333333f,3.1454327210685737e-18f,1.6325594135959655e-16f,-0.625f,0f,1.3330859270873994f,-0.025684407318571745f,-1.125f,-1.6328623988631375e-16f,-0.025684407318571745f,-1.3330859270873994f,-0.12500000000000008f,0f,0f,0f,1f], start_interpolation: 0, interpolation_duration: 1 }
$data merge entity $(bone_left_leg2) { transformation: [-1f,-1.951998241555204e-18f,1.2244912220789312e-16f,1f,0f,0.9998729616828865f,0.015939275249927255f,-2.557144977371478f,-1.2246467991473532e-16f,0.015939275249927255f,-0.9998729616828865f,-0.46118932729884166f,0f,0f,0f,1f], start_interpolation: 0, interpolation_duration: 1 }
$data merge entity $(bone_left_leg1) { transformation: [-1.3333333333333333f,-2.695718546976487e-18f,1.6326398634642694e-16f,0.625f,0f,1.3331516193901596f,0.022012212409760524f,-1.125f,-1.6328623988631375e-16f,0.022012212409760524f,-1.3331516193901596f,-0.12499999999999993f,0f,0f,0f,1f], start_interpolation: 0, interpolation_duration: 1 }
$data merge entity $(bone_tail3) { transformation: [-0.9999153951319751f,0.000060308003237984045f,-0.013007649326867458f,-0.0934028897042506f,-0.00000816215524163583f,0.9999861464931591f,0.005263720655721757f,-0.5602212700911545f,0.013007786569790873f,0.0052633814897834925f,-0.9999015423049649f,-4.188106198166926f,0f,0f,0f,1f], start_interpolation: 0, interpolation_duration: 1 }
$data merge entity $(bone_tail2) { transformation: [-1.5415362341617949f,-9.786660977959814e-7f,-0.020053674885785782f,-0.19237661683858107f,-0.00001258332266418857f,1.541666408533446f,0.0008920495264203782f,-0.7488795124056593f,0.020053670961760927f,0.000892137735895507f,-1.5415359760584013f,-2.1867582726567365f,0f,0f,0f,1f], start_interpolation: 0, interpolation_duration: 1 }
$data merge entity $(bone_tail1) { transformation: [-0.9999923854628843f,0.000003498105993505245f,-0.003902435651432322f,1.1102230246251565e-16f,0f,0.9999995982423356f,0.0008963900754725917f,-0.75f,0.003902437219266385f,0.0008963832498770918f,-0.999991983708279f,-0.9375f,0f,0f,0f,1f], start_interpolation: 0, interpolation_duration: 1 }
data modify entity @s data merge value {"locators":{"head":{"posx":0.026127614534411803,"posy":-0.0018629688395295219,"posz":3.3166016705104835,"roty":358.8532409160502,"rotx":0.47552875316677506},"neck":{"posx":0.006075898956504622,"posy":-0.8120956442712699,"posz":2.3226393624564614,"roty":358.8525801442585,"rotx":-0.025408635324170183},"right_arm":{"posx":-0.9326176397038577,"posy":-2.8744131355224987,"posz":2.8789493207372416,"roty":359.85937148425296,"rotx":-0.010294475415601129},"left_arm":{"posx":0.9423766936358461,"posy":-2.874680524154976,"posz":2.8743473160307054,"roty":359.85937148425296,"rotx":-0.010294475415601129},"tail1":{"posx":-0.07632957135588703,"posy":-1.4984805606880405,"posz":-2.8762599779836293,"roty":359.25468743899404,"rotx":0.033152870810324205},"tail2":{"posx":-0.1007988467048634,"posy":-1.8697422444945824,"posz":-4.757459003918809,"roty":359.2546852479428,"rotx":0.30159037080138335}},"cameras":{}}