# This file was generated by Animated Java via MC-Build. It is not recommended to edit this file directly.
$data merge entity $(bone_jaw) { transformation: [-0.9993711602557113f,0.0009220976536161089f,0.03544620974195648f,-0.04415625994332384f,0f,0.9996618075747763f,-0.026005200947712408f,0.6291374686142729f,-0.035458201437094564f,-0.02598884784379827f,-0.9990331804993258f,3.231552466942984f,0f,0f,0f,1f], start_interpolation: 0, interpolation_duration: 1 }
$data merge entity $(bone_head) { transformation: [-1.1242925552876752f,0.0006601823800404433f,0.039885013274851465f,-0.03529292366002351f,0f,1.124845921630018f,-0.018618608764227794f,0.625f,-0.03989047661673138f,-0.018606900643053485f,-1.124138573808296f,2.981743894985585f,0f,0f,0f,1f], start_interpolation: 0, interpolation_duration: 1 }
$data merge entity $(bone_neck) { transformation: [-0.9993711602557113f,0f,0.035458201437094564f,0.49320244513547146f,0f,1f,0f,-0.4375f,-0.035458201437094564f,0f,-0.9993711602557113f,2.1874839279963667f,0f,0f,0f,1f], start_interpolation: 0, interpolation_duration: 1 }
$data merge entity $(bone_right_arm2) { transformation: [-0.9999888194757334f,0f,0.00472873381880238f,-0.8826688192346872f,0f,1f,0f,-1.875f,-0.00472873381880238f,0f,-0.9999888194757334f,2.3684798226472137f,0f,0f,0f,1f], start_interpolation: 0, interpolation_duration: 1 }
$data merge entity $(bone_right_arm1) { transformation: [-1.1354039721130722f,0f,0.005369083190098534f,-0.5669213086480939f,0f,1.1354166666666665f,0f,-0.5625f,-0.005369083190098534f,0f,-1.1354039721130722f,1.6824652385760226f,0f,0f,0f,1f], start_interpolation: 0, interpolation_duration: 1 }
$data merge entity $(bone_left_arm2) { transformation: [-0.9999888194757334f,0f,0.00472873381880238f,0.867311614847846f,0f,1f,0f,-1.875f,-0.00472873381880238f,0f,-0.9999888194757334f,2.376755106830118f,0f,0f,0f,1f], start_interpolation: 0, interpolation_duration: 1 }
$data merge entity $(bone_left_arm1) { transformation: [-1.1354039721130722f,0f,0.005369083190098534f,0.558066113262106f,0f,1.1354166666666665f,0f,-0.5625f,-0.005369083190098534f,0f,-1.1354039721130722f,1.6877850641221752f,0f,0f,0f,1f], start_interpolation: 0, interpolation_duration: 1 }
$data merge entity $(bone_body2) { transformation: [-1.583315630836578f,0f,0.007487161879770435f,0.4999999999999999f,0f,1.5833333333333335f,0f,-0.5f,-0.007487161879770435f,0f,-1.583315630836578f,0.75f,0f,0f,0f,1f], start_interpolation: 0, interpolation_duration: 1 }
$data merge entity $(bone_right_leg2) { transformation: [-1f,-4.052994987677336e-18f,1.2239759416854745e-16f,-1f,0f,0.999452203310909f,0.03309521562052985f,-2.551370287378016f,-1.2246467991473532e-16f,0.03309521562052985f,-0.999452203310909f,-0.4849031859891708f,0f,0f,0f,1f], start_interpolation: 0, interpolation_duration: 1 }
$data merge entity $(bone_right_leg1) { transformation: [-1.3333333333333333f,-5.403993316903115e-18f,1.6319679222472993e-16f,-0.625f,0f,1.3326029377478785f,0.04412695416070646f,-1.125f,-1.6328623988631375e-16f,0.04412695416070646f,-1.3326029377478785f,-0.12500000000000008f,0f,0f,0f,1f], start_interpolation: 0, interpolation_duration: 1 }
$data merge entity $(bone_left_leg2) { transformation: [-1f,3.474164030183679e-18f,1.2241539123374135e-16f,1f,0f,0.999597527376642f,-0.02836870216459576f,-2.570786665030359f,-1.2246467991473532e-16f,-0.02836870216459576f,-0.999597527376642f,-0.39659421794359406f,0f,0f,0f,1f], start_interpolation: 0, interpolation_duration: 1 }
$data merge entity $(bone_left_leg1) { transformation: [-1.3333333333333333f,4.632218706911572e-18f,1.6322052164498845e-16f,0.625f,0f,1.332796703168856f,-0.03782493621946101f,-1.125f,-1.6328623988631375e-16f,-0.03782493621946101f,-1.332796703168856f,-0.12499999999999993f,0f,0f,0f,1f], start_interpolation: 0, interpolation_duration: 1 }
$data merge entity $(bone_tail3) { transformation: [-0.9997204993935516f,0.00044715347231185856f,0.02363732527339188f,-0.006380777487943634f,0f,0.9998211166118546f,-0.01891387789493142f,-0.5625f,-0.023641554354735878f,-0.018908591454589493f,-0.9995416660034216f,-4.185284309532362f,0f,0f,0f,1f], start_interpolation: 0, interpolation_duration: 1 }
$data merge entity $(bone_tail2) { transformation: [-1.5412357698983918f,0f,0.036447396296884475f,-0.17862894862160933f,0f,1.5416666666666665f,0f,-0.75f,-0.036447396296884475f,0f,-1.5412357698983918f,-2.1887985050396f,0f,0f,0f,1f], start_interpolation: 0, interpolation_duration: 1 }
$data merge entity $(bone_tail1) { transformation: [-0.9999748438789959f,0f,0.00709306768456185f,1.1102230246251565e-16f,0f,1f,0f,-0.75f,-0.00709306768456185f,0f,-0.9999748438789959f,-0.9375f,0f,0f,0f,1f], start_interpolation: 0, interpolation_duration: 1 }
data modify entity @s data merge value {"locators":{"head":{"posx":-0.04673886200306028,"posy":0.0052574348622754785,"posz":3.3043417769562526,"roty":2.032031250000017,"rotx":-0.9482812500000019},"neck":{"posx":-0.010915410172020967,"posy":-0.8125,"posz":2.2946762223097834,"roty":2.032031250000017,"rotx":0},"right_arm":{"posx":-0.9475324873613218,"posy":-2.875,"posz":2.8681786865214054,"roty":0.27093749999997385,"rotx":0},"left_arm":{"posx":0.9274465491556781,"posy":-2.875,"posz":2.8770450624316597,"roty":0.27093749999997385,"rotx":0},"tail1":{"posx":-0.03741031757853447,"posy":-1.5,"posz":-2.8731511540783248,"roty":1.354687499999983,"rotx":0},"tail2":{"posx":0.006328329045929984,"posy":-1.885404271868958,"posz":-4.7227089703751375,"roty":1.354687499999983,"rotx":-1.0837500000000013}},"cameras":{}}