# This file was generated by Animated Java via MC-Build. It is not recommended to edit this file directly.
$data merge entity $(bone_jaw) { transformation: [0.6412784308265552f,0.1579216070336627f,-0.7508813089886687f,3.4677302683207696f,-0.18206162039491494f,0.9819618389165649f,0.05103443240377936f,0.3360451525782047f,0.7453962305618462f,0.10397938710871231f,0.658462410863891f,1.3425931489265668f,0f,0f,0f,1f], start_interpolation: 0, interpolation_duration: 1 }
$data merge entity $(bone_head) { transformation: [0.7214382346798747f,0.05046698665563742f,-0.861745296940973f,3.2762313134449976f,-0.20481932294427932f,1.1010117088482958f,-0.10699187785809974f,0.3122691797208492f,0.838570759382077f,0.22550232867279937f,0.7152431623388731f,1.5015360738907608f,0f,0f,0f,1f], start_interpolation: 0, interpolation_duration: 1 }
$data merge entity $(bone_neck) { transformation: [0.06755291895061882f,0.044859543693899925f,-0.9967066892927058f,2.384967403744596f,-0.20316099484714234f,0.9786770745318184f,0.03027860562444712f,-0.6013933474757733f,0.9768122712752797f,0.20044651437582167f,0.07522620261991819f,0.8612768063574942f,0f,0f,0f,1f], start_interpolation: 0, interpolation_duration: 1 }
$data merge entity $(bone_right_arm2) { transformation: [-0.18367918590801197f,0.08037098659822767f,-0.9796950858187448f,2.200568058477142f,-0.1772863734032373f,0.9775998168667526f,0.11343782379620841f,-2.2717314396129704f,0.9668668462977195f,0.19452275593184265f,-0.16531605776506675f,1.9420890191957845f,0f,0f,0f,1f], start_interpolation: 0, interpolation_duration: 1 }
$data merge entity $(bone_right_arm1) { transformation: [-0.20855240899972188f,0.09125455770007099f,-1.112362128690033f,1.6899143524831823f,-0.20129390313492565f,1.109983125400792f,0.12879919576861162f,-0.8552411844269527f,1.0977967317338688f,0.2208643791309463f,-0.1877026072540862f,1.7815994571748073f,0f,0f,0f,1f], start_interpolation: 0, interpolation_duration: 1 }
$data merge entity $(bone_left_arm2) { transformation: [-0.18367918590801197f,0.08037098659822767f,-0.9796950858187448f,2.522006633816163f,-0.1772863734032373f,0.9775998168667526f,0.11343782379620841f,-1.9614802861573053f,0.9668668462977195f,0.19452275593184265f,-0.16531605776506675f,0.2500720381747755f,0f,0f,0f,1f], start_interpolation: 0, interpolation_duration: 1 }
$data merge entity $(bone_left_arm1) { transformation: [-0.20855240899972188f,0.09125455770007099f,-1.112362128690033f,1.8965534366296959f,-0.20129390313492565f,1.109983125400792f,0.12879919576861162f,-0.6557940143483107f,1.0977967317338688f,0.2208643791309463f,-0.1877026072540862f,0.693874255089873f,0f,0f,0f,1f], start_interpolation: 0, interpolation_duration: 1 }
$data merge entity $(bone_body2) { transformation: [-0.2908253776876856f,0.12725406211386048f,-1.5511838858796794f,0.9716325312177612f,-0.28070342455512576f,1.5478663767056917f,0.17960988767733f,-0.4994264643228957f,1.530872506638056f,0.30799436355875087f,-0.261750424794689f,0.6114773010744705f,0f,0f,0f,1f], start_interpolation: 0, interpolation_duration: 1 }
$data merge entity $(bone_right_leg2) { transformation: [-0.8343069947193921f,0.26713094250796826f,-0.48225812395137624f,-1.3352859591892376f,-0.0002384462747283904f,0.8745901803788327f,0.4848628254757159f,-2.1621974775679123f,0.5513000831721961f,0.40463943942691133f,-0.7296130086248495f,-0.1822043177523151f,0f,0f,0f,1f], start_interpolation: 0, interpolation_duration: 1 }
$data merge entity $(bone_right_leg1) { transformation: [-1.1124093262925228f,0.399272881471861f,-0.6171745577033703f,-0.447304473870888f,-0.0003179283663045205f,1.1192277725685689f,0.7246425807324124f,-1.12527872277356f,0.7350667775629282f,0.6047215367507051f,-0.933684354206975f,0.481855828384725f,0f,0f,0f,1f], start_interpolation: 0, interpolation_duration: 1 }
$data merge entity $(bone_left_leg2) { transformation: [-0.8495590877590166f,-0.015371075943362345f,-0.5272694628275102f,1.1667316133258836f,-0.00025698407323567705f,0.9995872866605723f,-0.0287261258393936f,-2.5221918604238747f,0.5274934031485643f,-0.02426904140871572f,-0.8492124135125724f,0.0003046905647153819f,0f,0f,0f,1f], start_interpolation: 0, interpolation_duration: 1 }
$data merge entity $(bone_left_leg1) { transformation: [-1.1327454503453553f,-0.35705493246097203f,-0.6059515638274785f,0.6052170041288322f,-0.0003426454309809027f,1.14901759355473f,-0.6764142444342689f,-1.124969047860863f,0.703324537531419f,-0.5744981485477261f,-0.9762500960303298f,-0.19245748340048158f,0f,0f,0f,1f], start_interpolation: 0, interpolation_duration: 1 }
$data merge entity $(bone_tail3) { transformation: [-0.9611624002557855f,0.26732714432142396f,0.06857870109217473f,-0.41608460069603437f,0.18854246633727811f,0.45457602595565194f,0.870524195536128f,1.6307771124731947f,0.20154051384769672f,0.8496451227043669f,-0.48732390331553327f,-2.5449212209495453f,0f,0f,0f,1f], start_interpolation: 0, interpolation_duration: 1 }
$data merge entity $(bone_tail2) { transformation: [-1.481792033727669f,0.4174681895904472f,0.0821510229540906f,-0.6938471251669882f,0.2906696356033037f,0.7758861499977349f,1.3000953643064213f,-0.13089904540927422f,0.31070829218186574f,1.2650917373980737f,-0.8244630763397844f,-1.6013100861836207f,0f,0f,0f,1f], start_interpolation: 0, interpolation_duration: 1 }
$data merge entity $(bone_tail1) { transformation: [-0.9583206400250074f,0.25930744173366455f,-0.11992164760210078f,-0.36092354152813155f,0.1762486759733687f,0.8669553014682031f,0.46618119811272046f,-0.7506583627294074f,0.2248509620163871f,0.4256150325325918f,-0.8765237526516814f,-0.5417280024979967f,0f,0f,0f,1f], start_interpolation: 0, interpolation_duration: 1 }
$data merge entity $(bone_body1) { transformation: [-1.1226895765330347f,-0.000749731650983271f,-0.7192672176766466f,0.5f,-0.000330319906876873f,1.3333330058211719f,-0.000874216457999963f,-1.1875f,0.719267532570887f,-0.0005579140685007378f,-1.1226894865006343f,-0.12499999999999994f,0f,0f,0f,1f], start_interpolation: 0, interpolation_duration: 1 }
data modify entity @s data merge value {"locators":{"head":{"posx":3.487567792231025,"posy":-0.26968402578984296,"posz":1.1775783462006297,"roty":230.30754077875224,"rotx":-5.457299426670736},"neck":{"posx":2.526509870496281,"posy":-1.0737625735518324,"posz":1.2651122237767112,"roty":265.68379778593334,"rotx":1.7351015024844347},"right_arm":{"posx":2.598564665669036,"posy":-3.3171305667155293,"posz":1.8906534700400828,"roty":279.57799712328057,"rotx":6.513529313784317},"left_arm":{"posx":2.9429631392465585,"posy":-2.98471861658446,"posz":0.07777813323185878,"roty":279.57799712328057,"rotx":6.513529313784317},"tail1":{"posx":-0.740159542267057,"posy":0.04784727632820712,"posz":-2.6096186513003063,"roty":5.690274885337715,"rotx":57.490793665844194},"tail2":{"posx":-0.7283759582535551,"posy":1.5238159383954735,"posz":-3.9342001401140143,"roty":8.01035241503476,"rotx":60.51961164728607}},"cameras":{}}