# This file was generated by Animated Java via MC-Build. It is not recommended to edit this file directly.
$data merge entity $(bone_jaw) { transformation: [0.6297297693293763f,0.17663121008503066f,-0.7564666768895166f,3.4998467552328494f,-0.18435941018880503f,0.9799666915508901f,0.07534514799002316f,0.3336352099560251f,0.7546204512834294f,0.09201466771499164f,0.6496778243330252f,1.3010126052801674f,0f,0f,0f,1f], start_interpolation: 0, interpolation_duration: 1 }
$data merge entity $(bone_head) { transformation: [0.7084459904955484f,0.05822111347646208f,-0.8719745297291329f,3.3060746375152643f,-0.20740433646240566f,1.1016316898220508f,-0.09495294201024916f,0.3125345561759697f,0.848948007693858f,0.22055140426978342f,0.7044638800586271f,1.4575601341820845f,0f,0f,0f,1f], start_interpolation: 0, interpolation_duration: 1 }
$data merge entity $(bone_neck) { transformation: [0.06968351939170381f,0.0517521008679663f,-0.9962258414541042f,2.4068127744657386f,-0.19937111654381712f,0.979228168730712f,0.03692358937546557f,-0.5982093984609375f,0.9774432796910815f,0.19604569268425193f,0.07855393921818385f,0.8243650214743006f,0f,0f,0f,1f], start_interpolation: 0, interpolation_duration: 1 }
$data merge entity $(bone_right_arm2) { transformation: [-0.17256844318987058f,0.08637234980732969f,-0.9812033171589793f,2.229346534198939f,-0.17328620328231026f,0.9779494227071253f,0.11656250846134944f,-2.2641356934521095f,0.9696349953291837f,0.19014400809796925f,-0.1537960728283176f,1.9131178920664071f,0f,0f,0f,1f], start_interpolation: 0, interpolation_duration: 1 }
$data merge entity $(bone_right_arm1) { transformation: [-0.19593708653849887f,0.09806860551040557f,-1.1140745996909243f,1.7220606012710953f,-0.19675204331012308f,1.110380073698715f,0.1323470148154905f,-0.846288413056108f,1.1009397342800105f,0.2158926758612359f,-0.17462262435715223f,1.7539361665851534f,0f,0f,0f,1f], start_interpolation: 0, interpolation_duration: 1 }
$data merge entity $(bone_left_arm2) { transformation: [-0.17256844318987058f,0.08637234980732969f,-0.9812033171589793f,2.531341309781212f,-0.17328620328231026f,0.9779494227071253f,0.11656250846134944f,-1.960884837708067f,0.9696349953291837f,0.19014400809796925f,-0.1537960728283176f,0.21625665024033536f,0f,0f,0f,1f], start_interpolation: 0, interpolation_duration: 1 }
$data merge entity $(bone_left_arm1) { transformation: [-0.19593708653849887f,0.09806860551040557f,-1.1140745996909243f,1.9162000998596995f,-0.19675204331012308f,1.110380073698715f,0.1323470148154905f,-0.651341434363509f,1.1009397342800105f,0.2158926758612359f,-0.17462262435715223f,0.6630967968398216f,0f,0f,0f,1f], start_interpolation: 0, interpolation_duration: 1 }
$data merge entity $(bone_body2) { transformation: [-0.2732333683839618f,0.13675622052827202f,-1.5535719188350507f,0.9909347341867477f,-0.27436982186365794f,1.5484199192862818f,0.1845573050638033f,-0.49177263146694294f,1.5352554092712076f,0.301061346155118f,-0.2435104486448362f,0.5913991662774709f,0f,0f,0f,1f], start_interpolation: 0, interpolation_duration: 1 }
$data merge entity $(bone_right_leg2) { transformation: [-0.8201449398137066f,0.3014945740595422f,-0.48627492173730996f,-1.351119978408323f,-0.0033924350749603466f,0.8473220893412006f,0.5310685156349646f,-2.1258307264647947f,0.5721457585984832f,0.4372028118929679f,-0.6939041231976132f,-0.1623811304975451f,0f,0f,0f,1f], start_interpolation: 0, interpolation_duration: 1 }
$data merge entity $(bone_right_leg1) { transformation: [-1.0935265864182755f,0.4360304992175058f,-0.6259830559418558f,-0.4267554652729372f,-0.004523246766613795f,1.0903528356881202f,0.7673903906899935f,-1.1288790351533973f,0.7628610114646441f,0.6314949526613696f,-0.8927681556418398f,0.513137242344619f,0f,0f,0f,1f], start_interpolation: 0, interpolation_duration: 1 }
$data merge entity $(bone_left_leg2) { transformation: [-0.8264840283036683f,-0.026657867662119805f,-0.5623286486127577f,1.217057184748001f,-0.0034979071206658126f,0.9991021060098483f,-0.04222258178346194f,-2.493885701245028f,0.5629493010962144f,-0.03292931609363958f,-0.8258351800068152f,0.03144151987189603f,0f,0f,0f,1f], start_interpolation: 0, interpolation_duration: 1 }
$data merge entity $(bone_left_leg1) { transformation: [-1.101978704404891f,-0.4181522758065641f,-0.6233533404528179f,0.6024036909488025f,-0.00466387616088775f,1.1110708654045158f,-0.7370736449542838f,-1.1245725041148735f,0.7505990681282859f,-0.6069991631500233f,-0.9197449823934336f,-0.1963082347396815f,0f,0f,0f,1f], start_interpolation: 0, interpolation_duration: 1 }
$data merge entity $(bone_tail3) { transformation: [-0.951881448630968f,0.3046795358078642f,0.033046757966767884f,-0.5656499984778114f,0.18094017500442172f,0.4716898247033001f,0.863000209930878f,1.541409630908007f,0.24735068389147202f,0.8274533761676692f,-0.5041215621724056f,-2.6132023485790032f,0f,0f,0f,1f], start_interpolation: 0, interpolation_duration: 1 }
$data merge entity $(bone_tail2) { transformation: [-1.4674838999727422f,0.47240177268155925f,0.00797994982575984f,-0.7524521689160102f,0.27894943646515014f,0.8452743446756548f,1.2587432642282652f,-0.1733736826402278f,0.381332304332686f,1.1996182553260737f,-0.8900774271218547f,-1.572333295001122f,0f,0f,0f,1f], start_interpolation: 0, interpolation_duration: 1 }
$data merge entity $(bone_tail1) { transformation: [-0.9502921213596407f,0.2690258601183663f,-0.15674811217162093f,-0.3769167194886769f,0.17632977019078963f,0.8799187179637687f,0.44119254517892853f,-0.7594261034303891f,0.25661780184986605f,0.3916224410890811f,-0.8836170932078962f,-0.5135335328603277f,0f,0f,0f,1f], start_interpolation: 0, interpolation_duration: 1 }
$data merge entity $(bone_body1) { transformation: [-1.0977697666365223f,-0.010927459698590242f,-0.7566768847144126f,0.5f,-0.004593633107758574f,1.3332659793338468f,-0.012589863526159688f,-1.1875f,0.7567418422232538f,-0.0077586566666986816f,-1.09775195980379f,-0.12499999999999994f,0f,0f,0f,1f], start_interpolation: 0, interpolation_duration: 1 }
data modify entity @s data merge value {"locators":{"head":{"posx":3.515944721619767,"posy":-0.273107232055656,"posz":1.1393471651270306,"roty":231.06542806252338,"rotx":-4.84167379226249},"neck":{"posx":2.546775726517866,"posy":-1.069720968678796,"posz":1.2297502841609738,"roty":265.49146828488745,"rotx":2.1160468408064097},"right_arm":{"posx":2.622790315271732,"posy":-3.311196758095054,"posz":1.8604741075906706,"roty":278.90819202798673,"rotx":6.693756355462521},"left_arm":{"posx":2.946356146252739,"posy":-2.9862851269407225,"posz":0.0424084913484509,"roty":278.90819202798673,"rotx":6.693756355462521},"tail1":{"posx":-0.8597254401653291,"posy":-0.04587429490484557,"posz":-2.583776620849176,"roty":0.5136690158784916,"rotx":54.734174987505824},"tail2":{"posx":-0.9469530878693262,"posy":1.4077543540710444,"posz":-3.982803283521047,"roty":3.750552839448943,"rotx":59.655133898228826}},"cameras":{}}