# This file was generated by Animated Java via MC-Build. It is not recommended to edit this file directly.
$data merge entity $(bone_jaw) { transformation: [0.20442036912561912f,0.3783676226358534f,-0.9028013374089774f,2.622205366844821f,-0.2347633548432556f,0.9143105370826469f,0.3300339512874114f,0.1259986633265594f,0.9503149372230688f,0.1444790085809502f,0.2757305499399375f,2.5885098124601864f,0f,0f,0f,1f], start_interpolation: 0, interpolation_duration: 1 }
$data merge entity $(bone_head) { transformation: [0.22997291526632152f,-0.025663019969664143f,-1.1009445343203927f,2.3775510258847334f,-0.2641087741986626f,1.0905855031190552f,-0.08059041988870165f,0.10808968112907014f,1.0691043043759525f,0.27493575575503804f,0.2169131544471584f,2.636712735670666f,0f,0f,0f,1f], start_interpolation: 0, interpolation_duration: 1 }
$data merge entity $(bone_neck) { transformation: [-0.385182825479541f,-0.022811573306368127f,-0.9225583033493796f,1.844801113791149f,-0.2341012246057964f,0.9694093361058268f,0.07377096792727207f,-0.7449182147395641f,0.8926538005260852f,0.24438733844892271f,-0.3787400443736941f,1.6229980022520163f,0f,0f,0f,1f], start_interpolation: 0, interpolation_duration: 1 }
$data merge entity $(bone_right_arm2) { transformation: [-0.5922222630138744f,0.010144445497898166f,-0.8057107926646296f,1.166983635368461f,-0.19930723402979553f,0.9670055607641405f,0.15867221532020814f,-2.438787195501524f,0.7807364585147268f,0.2545532079482997f,-0.5706603601697877f,2.43758921381592f,0f,0f,0f,1f], start_interpolation: 0, interpolation_duration: 1 }
$data merge entity $(bone_right_arm1) { transformation: [-0.6724190277970031f,0.011518172492405207f,-0.9148174625046315f,0.8114415073193554f,-0.22629675530466364f,1.097954230450951f,0.1801590778114863f,-0.9982217383316354f,0.8864611872719294f,0.2890239548579653f,-0.6479372839427797f,2.1353811583454823f,0f,0f,0f,1f], start_interpolation: 0, interpolation_duration: 1 }
$data merge entity $(bone_left_arm2) { transformation: [-0.5922222630138744f,0.010144445497898166f,-0.8057107926646296f,2.2033725956427412f,-0.19930723402979553f,0.9670055607641405f,0.15867221532020814f,-2.089999535949382f,0.7807364585147268f,0.2545532079482997f,-0.5706603601697877f,1.0713004114151479f,0f,0f,0f,1f], start_interpolation: 0, interpolation_duration: 1 }
$data merge entity $(bone_left_arm1) { transformation: [-0.6724190277970031f,0.011518172492405207f,-0.9148174625046315f,1.4776915532099641f,-0.22629675530466364f,1.097954230450951f,0.1801590778114863f,-0.7740011000481154f,0.8864611872719294f,0.2890239548579653f,-0.6479372839427797f,1.2570526425164144f,0f,0f,0f,1f], start_interpolation: 0, interpolation_duration: 1 }
$data merge entity $(bone_body2) { transformation: [-0.9376852497719679f,0.01606203870500543f,-1.2757087550523303f,0.6859578214921254f,-0.31556978721384293f,1.5310921378765558f,0.25123100759032957f,-0.5772647527645237f,1.2361660593149844f,0.4030425792514746f,-0.9035455702688306f,0.7867641590111776f,0f,0f,0f,1f], start_interpolation: 0, interpolation_duration: 1 }
$data merge entity $(bone_right_leg2) { transformation: [-0.9846351345375968f,-0.006793806005724004f,-0.1744921088017602f,-1.028743996317601f,0.050115028791558096f,0.9462152425571801f,-0.31963291232549595f,-2.515953832676269f,0.16727861705355537f,-0.3234664726867583f,-0.9313363008732326f,0.24157674881105773f,0f,0f,0f,1f], start_interpolation: 0, interpolation_duration: 1 }
$data merge entity $(bone_right_leg1) { transformation: [-1.312846846050129f,0.0010985321043034957f,-0.23282983017908687f,-0.6037519744928266f,0.06682003838874412f,1.2790091295037775f,-0.370740484562306f,-1.068922949657552f,0.22303815607140715f,-0.3767123805384984f,-1.2594123792718022f,0.0678790085397345f,0f,0f,0f,1f], start_interpolation: 0, interpolation_duration: 1 }
$data merge entity $(bone_left_leg2) { transformation: [-0.9846351345375968f,0.10106444419133345f,-0.14240656569984955f,0.7850503509443005f,0.050115028791558096f,0.9447409039717845f,0.3239646713019757f,-2.2941376846025383f,0.16727861705355537f,0.3118502885726943f,-0.9352899346158801f,-1.1046244900197009f,0f,0f,0f,1f], start_interpolation: 0, interpolation_duration: 1 }
$data merge entity $(bone_left_leg1) { transformation: [-1.312846846050129f,0.15893424862402367f,-0.17014946725841854f,0.6270419436791692f,0.06682003838874412f,1.1905750465886933f,0.5965265448308527f,-1.1315667356469996f,0.22303815607140715f,0.5788339492742505f,-1.180247015620721f,-0.14121926277720973f,0f,0f,0f,1f], start_interpolation: 0, interpolation_duration: 1 }
$data merge entity $(bone_tail3) { transformation: [-0.990446011984106f,0.07180973567340329f,0.117728752678759f,0.0959668521779708f,0.11020843855128432f,-0.10097128052127341f,0.9887663528771509f,2.2428219382555072f,0.0828902733550098f,0.9922943929965594f,0.09209256327587748f,-1.6075141091562353f,0f,0f,0f,1f], start_interpolation: 0, interpolation_duration: 1 }
$data merge entity $(bone_tail2) { transformation: [-1.5269376018088299f,0.13739075934288658f,0.16223886877254629f,-0.25502063224234545f,0.16990467609989662f,0.08145126269685204f,1.5301092130810758f,0.2616852117223236f,0.12778917142230675f,1.5333706603960386f,-0.09581469936772162f,-1.6593437007201437f,0f,0f,0f,1f], start_interpolation: 0, interpolation_duration: 1 }
$data merge entity $(bone_tail1) { transformation: [-0.990446011984106f,0.13613896091558048f,0.021974545856661046f,-0.0967801873161519f,0.11020843855128432f,0.6856522533487381f,0.7195381070866823f,-0.658401504364395f,0.0828902733550098f,0.7150854290213331f,-0.6941052022456737f,-0.8072541241671158f,0f,0f,0f,1f], start_interpolation: 0, interpolation_duration: 1 }
$data merge entity $(bone_body1) { transformation: [-1.312846846050129f,0.08453443972201874f,-0.2169443824921286f,0.5f,0.06682003838874412f,1.3268830496414943f,0.11266868607378161f,-1.1875f,0.22303815607140715f,0.10006537289567241f,-1.3107321159799565f,-0.12499999999999994f,0f,0f,0f,1f], start_interpolation: 0, interpolation_duration: 1 }
data modify entity @s data merge value {"locators":{"head":{"posx":2.6976261854013224,"posy":-0.47540492619021,"posz":2.4237169951269895,"roty":258.8540820502018,"rotx":-4.10795497294129},"neck":{"posx":1.776083828959939,"posy":-1.2347186990730563,"posz":2.0250221561434247,"roty":292.3197371184655,"rotx":4.230608317829193},"right_arm":{"posx":1.5226806947645106,"posy":-3.4975855660526305,"posz":2.5171622146096846,"roty":305.30877697972744,"rotx":9.129835256410345},"left_arm":{"posx":2.633097437915525,"posy":-3.1238845022467645,"posz":1.0532813548945716,"roty":305.30877697972744,"rotx":9.129835256410345},"tail1":{"posx":-0.1257038627287902,"posy":0.8906302187221811,"posz":-2.4583972666921174,"roty":59.43483761332264,"rotx":82.97986995521649},"tail2":{"posx":0.06793899748843092,"posy":2.931527817433076,"posz":-2.8580984331215387,"roty":128.03406735381122,"rotx":81.40382163699532}},"cameras":{}}