# This file was generated by Animated Java via MC-Build. It is not recommended to edit this file directly.
$data merge entity $(bone_jaw) { transformation: [0.03377524475487248f,0.4293595580025997f,-0.902501857501446f,2.0291171985167207f,-0.24166000474308963f,0.8797299892552894f,0.4094820974260756f,0.09801159883411009f,0.9697730017634635f,0.2042682451011425f,0.1334721285286978f,2.979424183846599f,0f,0f,0f,1f], start_interpolation: 0, interpolation_duration: 1 }
$data merge entity $(bone_head) { transformation: [0.03799715034923154f,-0.10559748899367727f,-1.119388398583605f,1.7803642210536972f,-0.2718675053359758f,1.0859295401991138f,-0.11166957179704085f,0.07319613843476769f,1.0909946269838964f,0.27428307283019043f,0.011158846315700702f,2.9819039274723105f,0f,0f,0f,1f], start_interpolation: 0, interpolation_duration: 1 }
$data merge entity $(bone_neck) { transformation: [-0.5433582296531385f,-0.08900078768375495f,-0.834769844963196f,1.4683561737616595f,-0.2521802659400939f,0.9657442590592309f,0.061181202705738624f,-0.7771072766472056f,0.8007290101767206f,0.24375579149182972f,-0.547189333207073f,1.877957560693134f,0f,0f,0f,1f], start_interpolation: 0, interpolation_duration: 1 }
$data merge entity $(bone_right_arm2) { transformation: [-0.7346276486017463f,-0.05536758189898926f,-0.6762075486006701f,0.6646229712766811f,-0.2173751521116074f,0.9633336811105319f,0.15727765919699987f,-2.490279838496493f,0.6427054233117413f,0.2625312356895667f,-0.7197270935104393f,2.519237696476233f,0f,0f,0f,1f], start_interpolation: 0, interpolation_duration: 1 }
$data merge entity $(bone_right_arm1) { transformation: [-0.834108476016566f,-0.06286527528114405f,-0.7677773208070108f,0.3566314705593427f,-0.24681137062672087f,1.0937851170942496f,0.1785756755465936f,-1.049846256306105f,0.7297384493852062f,0.29808234052252885f,-0.8171901374233111f,2.168152121745443f,0f,0f,0f,1f], start_interpolation: 0, interpolation_duration: 1 }
$data merge entity $(bone_left_arm2) { transformation: [-0.7346276486017463f,-0.05536758189898926f,-0.6762075486006701f,1.950221356329737f,-0.2173751521116074f,0.9633336811105319f,0.15727765919699987f,-2.10987332230118f,0.6427054233117413f,0.2625312356895667f,-0.7197270935104393f,1.394503205680686f,0f,0f,0f,1f], start_interpolation: 0, interpolation_duration: 1 }
$data merge entity $(bone_left_arm1) { transformation: [-0.834108476016566f,-0.06286527528114405f,-0.7677773208070108f,1.1830875752363073f,-0.24681137062672087f,1.0937851170942496f,0.1785756755465936f,-0.8052992101805467f,0.7297384493852062f,0.29808234052252885f,-0.8171901374233111f,1.4451085205197347f,0f,0f,0f,1f], start_interpolation: 0, interpolation_duration: 1 }
$data merge entity $(bone_body2) { transformation: [-1.1631604436194318f,-0.087665338006733f,-1.0706619519510612f,0.4997682965168831f,-0.34417732417671176f,1.5252783284250089f,0.24902296039524982f,-0.6112289966209266f,1.0176169202435905f,0.41567445650848067f,-1.1395678980581956f,0.8269416615412795f,0f,0f,0f,1f], start_interpolation: 0, interpolation_duration: 1 }
$data merge entity $(bone_right_leg2) { transformation: [-0.9975650141415381f,0.06809695199393521f,-0.015061463737914045f,-1.0954426701314586f,0.05955438358985047f,0.7193487711040123f,-0.6920914830471332f,-2.318975085271431f,-0.036294875065575945f,-0.691303226262024f,-0.7216526390194185f,0.5410303554541132f,0f,0f,0f,1f], start_interpolation: 0, interpolation_duration: 1 }
$data merge entity $(bone_right_leg1) { transformation: [-1.3300866855220508f,0.09158548080767888f,-0.016102374979147353f,-0.6188411991968652f,0.07940584478646728f,0.9984702892797881f,-0.8800736168168327f,-1.058564944546408f,-0.048393166754101255f,-0.8788896170216942f,-1.0014933451005787f,-0.15818693198986183f,0f,0f,0f,1f], start_interpolation: 0, interpolation_duration: 1 }
$data merge entity $(bone_left_leg2) { transformation: [-0.9975650141415381f,0.034946914613126004f,0.06035524600078851f,1.0177085322462442f,0.05955438358985047f,0.8772045522296947f,0.47640890938639446f,-1.7227129438608986f,-0.036294875065575945f,0.478843279901184f,-0.877149813508189f,-1.4563779470258027f,0f,0f,0f,1f], start_interpolation: 0, interpolation_duration: 1 }
$data merge entity $(bone_left_leg1) { transformation: [-1.3300866855220508f,0.0057930879253360506f,0.09280962723248116f,0.6281150684800575f,0.07940584478646728f,0.7632905099064452f,1.090348608050785f,-1.133007924033721f,-0.048393166754101255f,1.0932208447504217f,-0.7617769120894f,-0.11281833815789191f,0f,0f,0f,1f], start_interpolation: 0, interpolation_duration: 1 }
$data merge entity $(bone_tail3) { transformation: [-0.9987766323870536f,-0.03348212570069195f,0.036389364602028226f,0.13788952386937245f,0.04581475739403263f,-0.34964946583557055f,0.9357597229234786f,2.3483959196942252f,-0.018607702773373598f,0.9362821146959195f,0.35075569146919705f,-1.094233916655989f,0f,0f,0f,1f], start_interpolation: 0, interpolation_duration: 1 }
$data merge entity $(bone_tail2) { transformation: [-1.5397806415967075f,-0.03968132181610878f,0.06509285347923109f,-0.06657623136362015f,0.0706310843158003f,-0.24723051248178507f,1.520073825423449f,0.41220367479665443f,-0.02868687510895096f,1.521196429626375f,0.24874604881196227f,-1.6042678329159816f,0f,0f,0f,1f], start_interpolation: 0, interpolation_duration: 1 }
$data merge entity $(bone_tail1) { transformation: [-0.9987766323870536f,0.010513448297737649f,0.04831879554031826f,0.06029589278355457f,0.04581475739403263f,0.5644371921341513f,0.8242036545300202f,-0.6266411603772519f,-0.018607702773373598f,0.8254090643678478f,-0.5642283490368877f,-0.8954934523498645f,0f,0f,0f,1f], start_interpolation: 0, interpolation_duration: 1 }
$data merge entity $(bone_body1) { transformation: [-1.3300866855220508f,0.07294808986379073f,0.05766942829582325f,0.5f,0.07940584478646728f,1.3213093101868858f,0.1600443576168221f,-1.1875f,-0.048393166754101255f,0.16308911912343535f,-1.3224363192278217f,-0.12499999999999994f,0f,0f,0f,1f], start_interpolation: 0, interpolation_duration: 1 }
data modify entity @s data merge value {"locators":{"head":{"posx":2.1499707145456304,"posy":-0.49907872506556195,"posz":2.82642476303451,"roty":269.42885452308053,"rotx":-5.696665630698035},"neck":{"posx":1.3343985849368978,"posy":-1.2729991571026815,"posz":2.2553123106229425,"roty":303.24473093757706,"rotx":3.5076152747285687},"right_arm":{"posx":1.0121800994383963,"posy":-3.5458382962125,"posz":2.6567390964988697,"roty":316.7856701935049,"rotx":9.04891698828581},"left_arm":{"posx":2.3896069405666704,"posy":-3.1382598860032362,"posz":1.4516664277893552,"roty":316.7856701935049,"rotx":9.04891698828581},"tail1":{"posx":0.10660316863333646,"posy":1.2046218934780502,"posz":-2.2310560843362657,"roty":165.3354459235341,"rotx":80.39924268913002},"tail2":{"posx":0.2023038314401715,"posy":3.3336756877478684,"posz":-2.1258041157429597,"roty":174.07700355850676,"rotx":69.3512320854569}},"cameras":{}}