# This file was generated by Animated Java via MC-Build. It is not recommended to edit this file directly.
$data merge entity $(bone_jaw) { transformation: [-0.24836597296822577f,0.44959420105585157f,-0.8580089730582643f,1.7739147504030237f,-0.3084646374388512f,0.8029435256210937f,0.5100306482093854f,-0.02815702255821323f,0.9182395716376333f,0.3913396849798374f,-0.06073993775611736f,3.202570231170647f,0f,0f,0f,1f], start_interpolation: 0, interpolation_duration: 1 }
$data merge entity $(bone_head) { transformation: [-0.279411719589254f,-0.0656598107146523f,-1.0877696816022646f,1.5321881544914093f,-0.34702271711870764f,1.069858422973233f,0.02455989814261325f,-0.022699267415410285f,1.0330195180923374f,0.34163832345060774f,-0.28597015786639757f,3.139021307200337f,0f,0f,0f,1f], start_interpolation: 0, interpolation_duration: 1 }
$data merge entity $(bone_neck) { transformation: [-0.68788174965188f,-0.10317462796079326f,-0.7184522911377069f,1.4020095849763052f,-0.2799402848366952f,0.9509737530372327f,0.1314623822993871f,-0.7863255519808705f,0.6696656892968447f,0.2915543125721726f,-0.683040223851531f,1.939441823564612f,0f,0f,0f,1f], start_interpolation: 0, interpolation_duration: 1 }
$data merge entity $(bone_right_arm2) { transformation: [-0.768096844351135f,-0.10165995592298321f,-0.6322123781290315f,0.6105524315319766f,-0.256344108968935f,0.9535668335654895f,0.15810753214445167f,-2.539196187340632f,0.5867835508045118f,0.28350581525891694f,-0.7584916065584547f,2.480946772715833f,0f,0f,0f,1f], start_interpolation: 0, interpolation_duration: 1 }
$data merge entity $(bone_right_arm1) { transformation: [-0.8721099586903511f,-0.11542640828755384f,-0.7178244710006711f,0.28250799327908155f,-0.2910573737251449f,1.0826956756108161f,0.17951792712234615f,-1.0988332558838243f,0.6662438233092894f,0.3218972277418952f,-0.8612040116132453f,2.148215316107814f,0f,0f,0f,1f], start_interpolation: 0, interpolation_duration: 1 }
$data merge entity $(bone_left_arm2) { transformation: [-0.768096844351135f,-0.10165995592298321f,-0.6322123781290315f,1.9547219091464627f,-0.256344108968935f,0.9535668335654895f,0.15810753214445167f,-2.090593996644996f,0.5867835508045118f,0.28350581525891694f,-0.7584916065584547f,1.4540755588079375f,0f,0f,0f,1f], start_interpolation: 0, interpolation_duration: 1 }
$data merge entity $(bone_left_arm1) { transformation: [-0.8721099586903511f,-0.11542640828755384f,-0.7178244710006711f,1.1466169431741084f,-0.2910573737251449f,1.0826956756108161f,0.17951792712234615f,-0.8104461332937725f,0.6662438233092894f,0.3218972277418952f,-0.8612040116132453f,1.4880838214527383f,0f,0f,0f,1f], start_interpolation: 0, interpolation_duration: 1 }
$data merge entity $(bone_body2) { transformation: [-1.2161533368892972f,-0.16096159687805678f,-1.0010029320376332f,0.49955803866100895f,-0.40587817253414715f,1.5098141531453586f,0.2503369258953818f,-0.6186439016210643f,0.9290739554404771f,0.44888420749328517f,-1.2009450437175535f,0.8313910256831512f,0f,0f,0f,1f], start_interpolation: 0, interpolation_duration: 1 }
$data merge entity $(bone_right_leg2) { transformation: [-0.9999996981900645f,-0.0006928659074442712f,0.0003515062079135902f,-0.9989303156407889f,-0.0007769297136165957f,0.8917997164830173f,-0.45242973162805117f,-2.5648919731960134f,-1.2246464295367817e-16f,-0.45242986817588055f,-0.8917999856371133f,0.19230524701831636f,0f,0f,0f,1f], start_interpolation: 0, interpolation_duration: 1 }
$data merge entity $(bone_right_leg1) { transformation: [-1.3333329309200859f,-0.0009433852507616031f,0.0004279323539760111f,-0.6250478126884553f,-0.0010359062848221275f,1.2142475046387229f,-0.5507991486509228f,-1.126396483149724f,-1.6328619060490422e-16f,-0.5507993148876286f,-1.2142478711107945f,-0.11693591955331578f,0f,0f,0f,1f], start_interpolation: 0, interpolation_duration: 1 }
$data merge entity $(bone_left_leg2) { transformation: [-0.9999996981900645f,-0.0007062535587456357f,-0.00032376795804941886f,1.0006586003998268f,-0.0007769297136165957f,0.9090311944740089f,0.4167273495384921f,-2.035001755366913f,-1.2246464295367817e-16f,0.41672747531098464f,-0.9090314688287378f,-1.272878226825941f,0f,0f,0f,1f], start_interpolation: 0, interpolation_duration: 1 }
$data merge entity $(bone_left_leg1) { transformation: [-1.3333329309200859f,-0.0007990069142934716f,-0.00065931008019384f,0.6249518100491254f,-0.0010359062848221275f,1.0284156457677218f,0.8486094297237725f,-1.1254253210077032f,-1.6328619060490422e-16f,0.8486096858426071f,-1.028415956153875f,-0.11693591955331563f,0f,0f,0f,1f], start_interpolation: 0, interpolation_duration: 1 }
$data merge entity $(bone_tail3) { transformation: [-0.9999996981900645f,-0.00009920226229954258f,-0.0007705703673610984f,-0.06502298708914894f,-0.0007769297136165957f,0.12768495092999846f,0.9918144734204196f,2.059661893003442f,-1.2246464295367817e-16f,0.9918147727599721f,-0.12768498946659687f,-2.4174104910028515f,0f,0f,0f,1f], start_interpolation: 0, interpolation_duration: 1 }
$data merge entity $(bone_tail2) { transformation: [-1.5416662013763494f,-0.00044449677375581843f,-0.0011122353826375096f,-0.1885259889886232f,-0.001197766641825585f,0.5721195004023925f,1.431577435462539f,0.13280113749160083f,-1.887996578869205e-16f,1.4315778675269626f,-0.572119673073794f,-1.8493120071198574f,0f,0f,0f,1f], start_interpolation: 0, interpolation_duration: 1 }
$data merge entity $(bone_tail1) { transformation: [-0.9999996981900645f,-0.0006060375037095807f,-0.00048614640181515826f,-0.0004183625757171461f,-0.0007769297136165957f,0.7800413733441471f,0.6257274584446467f,-0.6492125112429045f,-1.2246464295367817e-16f,0.6257276472954676f,-0.7800416087684547f,-0.874259996159289f,0f,0f,0f,1f], start_interpolation: 0, interpolation_duration: 1 }
$data merge entity $(bone_body1) { transformation: [-1.3333329309200859f,-0.00102724745883009f,-0.00013365810585634196f,0.5f,-0.0010359062848221275f,1.3221880059326865f,0.1720336642744469f,-1.1875f,-1.6328619060490422e-16f,0.17203371619593172f,-1.3221884049822836f,-0.12499999999999994f,0f,0f,0f,1f], start_interpolation: 0, interpolation_duration: 1 }
data modify entity @s data merge value {"locators":{"head":{"posx":1.8708240720001785,"posy":-0.623887251884599,"posz":3.028658393579554,"roty":284.7295214108471,"rotx":1.2509247183710224},"neck":{"posx":1.186565732027876,"posy":-1.2993436495756039,"posz":2.250321828979911,"roty":313.5525927881199,"rotx":7.5541059669236255},"right_arm":{"posx":0.9803125237475296,"posy":-3.5878382937889057,"posz":2.6133607326614254,"roty":320.18836474710776,"rotx":9.097067656299952},"left_arm":{"posx":2.420494106905908,"posy":-3.107193089472153,"posz":1.513141574902966,"roty":320.18836474710776,"rotx":9.097067656299952},"tail1":{"posx":-0.0638057819009709,"posy":0.49297600175685224,"posz":-2.800889742828045,"roty":359.8886136660427,"rotx":68.21619651085058},"tail2":{"posx":-0.06532622995152142,"posy":2.4499710362068052,"posz":-3.7909901868252756,"roty":359.65422800227793,"rotx":82.66402856785959}},"cameras":{}}