# This file was generated by Animated Java via MC-Build. It is not recommended to edit this file directly.
$data merge entity $(bone_jaw) { transformation: [-0.844185218068869f,-0.5217744334366482f,0.12289327974255179f,-0.517724525000592f,0.025718366049681488f,0.1895693347934807f,0.9815304544198779f,-0.5459950546069126f,-0.5354342940471323f,0.8317541150591454f,-0.14661244435731602f,3.162711751649208f,0f,0f,0f,1f], start_interpolation: 0, interpolation_duration: 1 }
$data merge entity $(bone_head) { transformation: [-0.9497083703274777f,-0.4389066788109597f,0.41356975061657986f,-0.42582013597468527f,0.028933161805891672f,0.7374606737246455f,0.849081637333835f,-0.3573102463105048f,-0.6023635808030238f,0.7274185054043684f,-0.6112654370381446f,3.0268749878629535f,0f,0f,0f,1f], start_interpolation: 0, interpolation_duration: 1 }
$data merge entity $(bone_neck) { transformation: [-0.8577428128507949f,-0.252341561017284f,0.4478850338939301f,0.6350707690703946f,0.010812485339724703f,0.8621894765767515f,0.5064705288968803f,-0.8672855031144504f,-0.5139653268106563f,0.43926420644490005f,-0.7368083874201946f,2.2184826171416674f,0f,0f,0f,1f], start_interpolation: 0, interpolation_duration: 1 }
$data merge entity $(bone_right_arm2) { transformation: [-0.9894288750997601f,-0.1045414282190464f,-0.10050667094648802f,-0.5562706303244298f,-0.12571868503903008f,0.9637970466814171f,0.2351383955040855f,-2.46969539880467f,0.07228632893487404f,0.2452882846654127f,-0.9667514386102659f,2.1465403049600136f,0f,0f,0f,1f], start_interpolation: 0, interpolation_duration: 1 }
$data merge entity $(bone_right_arm1) { transformation: [-1.123414035269519f,-0.11869807995704225f,-0.11411694930382492f,-0.4533830676689637f,-0.14274309030473206f,1.0943112300861921f,0.266980053228597f,-1.0037670390515543f,0.08207510264480489f,0.2785044065471873f,-1.0976656959220725f,1.7812500867466616f,0f,0f,0f,1f], start_interpolation: 0, interpolation_duration: 1 }
$data merge entity $(bone_left_arm2) { transformation: [-0.9894288750997601f,-0.1045414282190464f,-0.10050667094648802f,1.1752299011001504f,-0.12571868503903008f,0.9637970466814171f,0.2351383955040855f,-2.2496876999863673f,0.07228632893487404f,0.2452882846654127f,-0.9667514386102659f,2.020039229323984f,0f,0f,0f,1f], start_interpolation: 0, interpolation_duration: 1 }
$data merge entity $(bone_left_arm1) { transformation: [-1.123414035269519f,-0.11869807995704225f,-0.11411694930382492f,0.6597244168182663f,-0.14274309030473206f,1.0943112300861921f,0.266980053228597f,-0.8623335183826454f,0.08207510264480489f,0.2785044065471873f,-1.0976656959220725f,1.6999279666949283f,0f,0f,0f,1f], start_interpolation: 0, interpolation_duration: 1 }
$data merge entity $(bone_body2) { transformation: [-1.5665957189079536f,-0.16552392801349014f,-0.15913556233193937f,0.49712626884850847f,-0.19905458464513098f,1.5260119905789105f,0.3723024595481354f,-0.589511374994916f,0.1144533541468839f,0.38837311738690344f,-1.5306897777995878f,0.813446906347822f,0f,0f,0f,1f], start_interpolation: 0, interpolation_duration: 1 }
$data merge entity $(bone_right_leg2) { transformation: [-0.9999884530068568f,-0.002979192280497652f,-0.0037707116449402166f,-0.9974618522800094f,-0.0048056064085050245f,0.6199338078358162f,0.7846393949128682f,-1.7192620055626253f,-1.2246326581591605e-16f,0.7846484552432005f,-0.6199409662899031f,-1.4678377188887508f,0f,0f,0f,1f], start_interpolation: 0, interpolation_duration: 1 }
$data merge entity $(bone_right_leg1) { transformation: [-1.3333179373424757f,-0.003745545683021474f,-0.005198713890986518f,-0.6252859002737456f,-0.006407475211340032f,0.779402663231467f,1.0817893559223486f,-1.130710787157311f,-1.632843544212214e-16f,1.0818018474808637f,-0.7794116630925966f,-0.1188454935361172f,0f,0f,0f,1f], start_interpolation: 0, interpolation_duration: 1 }
$data merge entity $(bone_left_leg2) { transformation: [-0.9999884530068568f,-0.004785768136900777f,0.0004362067093590144f,1.0061493822935057f,-0.0048056064085050245f,0.9958603491120517f,-0.09076932969604312f,-2.4659105205091363f,-1.2246326581591605e-16f,-0.09077037782097341f,-0.9958718484374571f,0.48144451208777095f,0f,0f,0f,1f], start_interpolation: 0, interpolation_duration: 1 }
$data merge entity $(bone_left_leg1) { transformation: [-1.3333179373424757f,-0.005160790581971255f,0.0037976280956636306f,0.6246996659848255f,-0.006407475211340032f,1.073897974920368f,-0.7902403820997291f,-1.1247037791466796f,-1.632843544212214e-16f,-0.7902495071053691f,-1.0739103753561088f,-0.11884549353611705f,0f,0f,0f,1f], start_interpolation: 0, interpolation_duration: 1 }
$data merge entity $(bone_tail3) { transformation: [-0.9999543837382252f,-0.008066776633338341f,0.005114445957705823f,-0.04746270309393469f,-0.008315260700597753f,0.9986851731680905f,-0.05058439812533494f,-2.010420248260822f,-0.004699668306121344f,-0.05062461860566586f,-0.9987066942345202f,-3.8121196633456904f,0f,0f,0f,1f], start_interpolation: 0, interpolation_duration: 1 }
$data merge entity $(bone_tail2) { transformation: [-1.5415963415964304f,-0.009095006500126561f,0.011580653883773951f,-0.18637440260636365f,-0.012819360246754868f,1.425501493238922f,-0.5869559335142444f,-1.423375112899516f,-0.0072453219719370715f,-0.5870254549348578f,-1.425512094539768f,-1.8919991466105572f,0f,0f,0f,1f], start_interpolation: 0, interpolation_duration: 1 }
$data merge entity $(bone_tail1) { transformation: [-0.9999884530068568f,-0.0038503656314333575f,0.002875506469779082f,-0.0024709507548018594f,-0.0048056064085050245f,0.801214424151245f,-0.5983580472251003f,-0.6745265026665459f,-1.2246326581591605e-16f,-0.5983649565411506f,-0.8012236758755366f,-0.8904695517661365f,0f,0f,0f,1f], start_interpolation: 0, interpolation_duration: 1 }
$data merge entity $(bone_body1) { transformation: [-1.3333179373424757f,-0.006376333675341083f,-0.0006309575616856223f,0.5f,-0.006407475211340032f,1.3268377611148203f,0.1312946218205641f,-1.1875f,-1.632843544212214e-16f,0.13129613789616812f,-1.3268530822782634f,-0.12499999999999994f,0f,0f,0f,1f], start_interpolation: 0, interpolation_duration: 1 }
data modify entity @s data merge value {"locators":{"head":{"posx":-0.2968635784732021,"posy":-1.0028666309724843,"posz":2.7925495507044555,"roty":34.08148174850248,"rotx":49.00258975750538},"neck":{"posx":0.24484181878973738,"posy":-1.2485091302729798,"posz":1.888876924747026,"roty":31.294237780119687,"rotx":30.42901808831968},"right_arm":{"posx":-0.4633151713258744,"posy":-3.558919061053069,"posz":2.3891456351581635,"roty":354.06466409842903,"rotx":13.599780852723969},"left_arm":{"posx":1.3918639694861759,"posy":-3.323196526604888,"posz":2.2536087684052744,"roty":354.06466409842903,"rotx":13.599780852723969},"tail1":{"posx":-0.05179116123139499,"posy":-2.3775735372385802,"posz":-2.2415330764798256,"roty":0.4654523787085054,"rotx":-22.378794665797102},"tail2":{"posx":-0.03399818291146859,"posy":-3.349648261989442,"posz":-4.307447366932672,"roty":0.2934130791329892,"rotx":-2.8995099547703327}},"cameras":{}}