# This file was generated by Animated Java via MC-Build. It is not recommended to edit this file directly.
$data merge entity $(bone_jaw) { transformation: [-0.8166294377059876f,-0.562569648115367f,0.1289641519622983f,-0.5623543280192614f,0.02244668541126494f,0.19231923934020234f,0.981075662981023f,-0.4658708549437326f,-0.5767256781053279f,0.80407008475565f,-0.14442572836926104f,3.091023823464288f,0f,0f,0f,1f], start_interpolation: 0, interpolation_duration: 1 }
$data merge entity $(bone_head) { transformation: [-0.9187081174192361f,-0.4723842512079263f,0.445481216437607f,-0.4633585021442377f,0.025252521087673056f,0.7452691828260829f,0.8423545306511147f,-0.2786809592434849f,-0.6488163878684939f,0.6978910834367132f,-0.5980052930307647f,2.9581337583463405f,0f,0f,0f,1f], start_interpolation: 0, interpolation_duration: 1 }
$data merge entity $(bone_neck) { transformation: [-0.8328512904407733f,-0.27055558286189413f,0.48286478914226033f,0.632860091044998f,0.0062130629831557704f,0.8677646699845016f,0.49693649028327225f,-0.800026554238437f,-0.5534619461711041f,0.416874266546821f,-0.7210379463187385f,2.20609249184192f,0f,0f,0f,1f], start_interpolation: 0, interpolation_duration: 1 }
$data merge entity $(bone_right_arm2) { transformation: [-0.9892987865608484f,-0.10729370377223767f,-0.09887351536214511f,-0.5546522571731748f,-0.1260789146228636f,0.9697067756881085f,0.2092196847146403f,-2.4065672427805254f,0.07343036290768082f,0.21944664571464317f,-0.972857210225549f,2.1740154145424717f,0f,0f,0f,1f], start_interpolation: 0, interpolation_duration: 1 }
$data merge entity $(bone_right_arm1) { transformation: [-1.1232663305742965f,-0.12182305949139484f,-0.11226263723410225f,-0.4542949143854464f,-0.14315210097804304f,1.101021234895873f,0.23755151701974783f,-0.950588905628923f,0.08337405788476258f,0.24916337898850108f,-1.1045982907769254f,1.7702528166042257f,0f,0f,0f,1f], start_interpolation: 0, interpolation_duration: 1 }
$data merge entity $(bone_left_arm2) { transformation: [-0.9892987865608484f,-0.10729370377223767f,-0.09887351536214511f,1.1766206193083097f,-0.1260789146228636f,0.9697067756881085f,0.2092196847146403f,-2.1859291421905143f,0.07343036290768082f,0.21944664571464317f,-0.972857210225549f,2.0455122794540306f,0f,0f,0f,1f], start_interpolation: 0, interpolation_duration: 1 }
$data merge entity $(bone_left_arm1) { transformation: [-1.1232663305742965f,-0.12182305949139484f,-0.11226263723410225f,0.658666220495508f,-0.14315210097804304f,1.101021234895873f,0.23755151701974783f,-0.8087501266782015f,0.08337405788476258f,0.24916337898850108f,-1.1045982907769254f,1.687643658333085f,0f,0f,0f,1f], start_interpolation: 0, interpolation_duration: 1 }
$data merge entity $(bone_body2) { transformation: [-1.56638974538801f,-0.16988169763937633f,-0.15654973265672978f,0.49743526919767916f,-0.1996249481528674f,1.535369061506172f,0.33126450079818054f,-0.5598799309416483f,0.11626474127049465f,0.34745718904818507f,-1.540357249523786f,0.7938948367855279f,0f,0f,0f,1f], start_interpolation: 0, interpolation_duration: 1 }
$data merge entity $(bone_right_leg2) { transformation: [-0.9999916506148356f,-0.0023333082198972953f,-0.003354753846030974f,-0.9981938261662611f,-0.004086404362823128f,0.5709882162998149f,0.8209480849275058f,-1.63255699132229f,-1.2246365740995368e-16f,0.8209549393964974f,-0.5709929837401623f,-1.5038614056874788f,0f,0f,0f,1f], start_interpolation: 0, interpolation_duration: 1 }
$data merge entity $(bone_right_leg1) { transformation: [-1.3333222008197807f,-0.0029024559704619543f,-0.004611109217239096f,-0.6252454388060615f,-0.0054485391504308376f,0.7102654262863564f,1.1283931564047898f,-1.1297368230036258f,-1.632848765466049e-16f,1.1284025778725328f,-0.710271356615484f,-0.1208325272119003f,0f,0f,0f,1f], start_interpolation: 0, interpolation_duration: 1 }
$data merge entity $(bone_left_leg2) { transformation: [-0.9999916506148356f,-0.004027300082868364f,0.0006924988512830687f,1.0049505067691418f,-0.004086404362823128f,0.9855281317795352f,-0.16946268843176798f,-2.3979261604338236f,-1.2246365740995368e-16f,-0.1694641033528383f,-0.9855363604022018f,0.613227745148976f,0f,0f,0f,1f], start_interpolation: 0, interpolation_duration: 1 }
$data merge entity $(bone_left_leg1) { transformation: [-1.3333222008197807f,-0.004036408028974956f,0.0036597799247228106f,0.624744124462483f,-0.0054485391504308376f,0.9877569542973929f,-0.8955915868497437f,-1.124628817550097f,-1.632848765466049e-16f,-0.8955990645512865f,-0.9877652015295124f,-0.12083252721190015f,0f,0f,0f,1f], start_interpolation: 0, interpolation_duration: 1 }
$data merge entity $(bone_tail3) { transformation: [-0.9997714806322553f,-0.013393384796803626f,0.01666144525762014f,-0.019382581670842253f,-0.014954044247438986f,0.9951354921625135f,-0.09737416905482615f,-2.240973306982828f,-0.015276225811160296f,-0.09760107316088762f,-0.9951083696978985f,-3.720223864985636f,0f,0f,0f,1f], start_interpolation: 0, interpolation_duration: 1 }
$data merge entity $(bone_tail2) { transformation: [-1.5413143659747268f,-0.010207778382108998f,0.03133588376826673f,-0.18376448751088262f,-0.0230541515481351f,1.3814559144045861f,-0.6839474934262828f,-1.5235742363072462f,-0.023550848125538787f,-0.6842597963699173f,-1.3812928725420532f,-1.8469650968422147f,0f,0f,0f,1f], start_interpolation: 0, interpolation_duration: 1 }
$data merge entity $(bone_tail1) { transformation: [-0.9999887869226685f,-0.00117487699851655f,0.0045875584975341764f,-0.002001038084800011f,-0.003907613477213896f,0.7519591021295422f,-0.6591981790641155f,-0.6988438349501243f,-0.0026751795907261275f,-0.6592087138293691f,-0.7519552613191733f,-0.9065194240199868f,0f,0f,0f,1f], start_interpolation: 0, interpolation_duration: 1 }
$data merge entity $(bone_body1) { transformation: [-1.3333222008197807f,-0.005436413106591116f,-0.00036330621830890587f,0.5f,-0.0054485391504308376f,1.3303548139637371f,0.08890534383497191f,-1.1875f,-1.632848765466049e-16f,0.0889060861461286f,-1.330365921701227f,-0.12499999999999994f,0f,0f,0f,1f], start_interpolation: 0, interpolation_duration: 1 }
data modify entity @s data merge value {"locators":{"head":{"posx":-0.3246675893725028,"posy":-0.9267067637721739,"posz":2.736529071167823,"roty":36.68409420145946,"rotx":48.48304307302175},"neck":{"posx":0.2575346907550391,"posy":-1.1844488352764562,"posz":1.8631634120911524,"roty":33.80943449458141,"rotx":29.797525957101428},"right_arm":{"posx":-0.4597529698799176,"posy":-3.488763792989883,"posz":2.445586771622333,"roty":354.19683567078516,"rotx":12.07662770510727},"left_arm":{"posx":1.395182254921673,"posy":-3.252365828072014,"posz":2.3079048411704317,"roty":354.19683567078516,"rotx":12.07662770510727},"tail1":{"posx":-0.03985299586281385,"posy":-2.498768226744322,"posz":-2.128154381110019,"roty":1.2995839003243361,"rotx":-26.336462543767354},"tail2":{"posx":0.007568298832373838,"posy":-3.6018616105394665,"posz":-4.151870914417039,"roty":0.959233517655889,"rotx":-5.587983383964007}},"cameras":{}}