# This file was generated by Animated Java via MC-Build. It is not recommended to edit this file directly.
$data merge entity $(bone_jaw) { transformation: [-0.8199190721144082f,-0.5591660548177635f,0.12274379138101324f,-0.5513871255200895f,0.013130405511865513f,0.1959825811188018f,0.9805194645437213f,-0.43088840780527843f,-0.5723288457120974f,0.8055582853137009f,-0.1533477790132874f,3.0835314504469507f,0f,0f,0f,1f], start_interpolation: 0, interpolation_duration: 1 }
$data merge entity $(bone_head) { transformation: [-0.9224089561287092f,-0.46975977234703586f,0.44058197187130343f,-0.45348002065979987f,0.014771706200848701f,0.753969278500425f,0.834827601228819f,-0.24537116308776308f,-0.6438699514261096f,0.6902760921269182f,-0.6120256549267602f,2.947525749352115f,0f,0f,0f,1f], start_interpolation: 0, interpolation_duration: 1 }
$data merge entity $(bone_neck) { transformation: [-0.8332613864028956f,-0.27117834412455144f,0.48180677414062034f,0.6427456671632378f,-0.00013678209952598663f,0.8715513647781208f,0.49030419113449586f,-0.7729539418179756f,-0.5528792302307817f,0.40848564752174754f,-0.726267190879608f,2.1998572713859676f,0f,0f,0f,1f], start_interpolation: 0, interpolation_duration: 1 }
$data merge entity $(bone_right_arm2) { transformation: [-0.9885409441995984f,-0.10796103910839772f,-0.10550457656235358f,-0.541522029287447f,-0.12730883311699462f,0.9718192445495085f,0.1983930869098311f,-2.3821924551893554f,0.08111265407663419f,0.20955135398717328f,-0.9744275075092999f,2.1928622570427714f,0f,0f,0f,1f], start_interpolation: 0, interpolation_duration: 1 }
$data merge entity $(bone_right_arm1) { transformation: [-1.1224058637266272f,-0.12258076315432656f,-0.11979165463850562f,-0.4468362444414626f,-0.14454857093492096f,1.103419767248921f,0.2252588174288707f,-0.9305004391185554f,0.09209665931617839f,0.23792809983960297f,-1.1063812324845175f,1.7726317933393447f,0f,0f,0f,1f], start_interpolation: 0, interpolation_duration: 1 }
$data merge entity $(bone_left_arm2) { transformation: [-0.9885409441995984f,-0.10796103910839772f,-0.10550457656235358f,1.18842462306185f,-0.12730883311699462f,0.9718192445495085f,0.1983930869098311f,-2.159401997234615f,0.08111265407663419f,0.20955135398717328f,-0.9744275075092999f,2.0509151124086618f,0f,0f,0f,1f], start_interpolation: 0, interpolation_duration: 1 }
$data merge entity $(bone_left_arm1) { transformation: [-1.1224058637266272f,-0.12258076315432656f,-0.11979165463850562f,0.6652723177830856f,-0.14454857093492096f,1.103419767248921f,0.2252588174288707f,-0.7872780018619365f,0.09209665931617839f,0.23792809983960297f,-1.1063812324845175f,1.6813800575031312f,0f,0f,0f,1f], start_interpolation: 0, interpolation_duration: 1 }
$data merge entity $(bone_body2) { transformation: [-1.5651898283160308f,-0.17093831192162973f,-0.1670489128903932f,0.49783040329912936f,-0.20157231910190818f,1.5387138038700554f,0.3141223876072326f,-0.5485025821694377f,0.1284283689546708f,0.3317896438130244f,-1.5428435535563916f,0.7860207697171506f,0f,0f,0f,1f], start_interpolation: 0, interpolation_duration: 1 }
$data merge entity $(bone_right_leg2) { transformation: [-0.9999942359722022f,-0.0018906797362491239f,-0.0028201688791013673f,-0.9985842870174861f,-0.00339529415098529f,0.556849790987861f,0.8306062739074416f,-1.6070073536082798f,-1.2246397402491605e-16f,0.8306110615726897f,-0.5568530007040363f,-1.5132621078900865f,0f,0f,0f,1f], start_interpolation: 0, interpolation_duration: 1 }
$data merge entity $(bone_right_leg1) { transformation: [-1.333325647962936f,-0.002343642066577209f,-0.0038731903978412377f,-0.6252054086314449f,-0.004527058867980386f,0.690257884454266f,1.1407459561464615f,-1.1289121700962317f,-1.6328529869988805e-16f,1.1407525314757634f,-0.6902618631428329f,-0.12160816071867751f,0f,0f,0f,1f], start_interpolation: 0, interpolation_duration: 1 }
$data merge entity $(bone_left_leg2) { transformation: [-0.9999942359722022f,-0.0033201772155625467f,0.0007102433589793397f,1.0040159350694982f,-0.00339529415098529f,0.9778705261826348f,-0.20918342668797912f,-2.3694388038805094f,-1.2246397402491605e-16f,-0.2091846324340153f,-0.9778761626880195f,0.6603246906829892f,0f,0f,0f,1f], start_interpolation: 0, interpolation_duration: 1 }
$data merge entity $(bone_left_leg1) { transformation: [-1.333325647962936f,-0.003235884494883242f,0.0031659617069595266f,0.6247873863338078f,-0.004527058867980386f,0.953044331141722f,-0.9324504203411627f,-1.1246680524075f,-1.6328529869988805e-16f,-0.9324557950422856f,-0.9530498245474037f,-0.12160816071867736f,0f,0f,0f,1f], start_interpolation: 0, interpolation_duration: 1 }
$data merge entity $(bone_tail3) { transformation: [-0.9996622989657741f,-0.014440081535580629f,0.021604908509626906f,-0.007169792905613592f,-0.0167734490481903f,0.9935618246204921f,-0.11204263502714651f,-2.316544318267791f,-0.0198479075343304f,-0.11236718694549758f,-0.993468507736639f,-3.6864474580953157f,0f,0f,0f,1f], start_interpolation: 0, interpolation_duration: 1 }
$data merge entity $(bone_tail2) { transformation: [-1.5411460442389016f,-0.008742152111508939f,0.03909675452459131f,-0.18178445953791894f,-0.025859067282626706f,1.3661952476760264f,-0.7138472980811962f,-1.5587277103892125f,-0.030598857448759367f,-0.7142620185303227f,-1.3658805181709452f,-1.8301056369265172f,0f,0f,0f,1f], start_interpolation: 0, interpolation_duration: 1 }
$data merge entity $(bone_tail1) { transformation: [-0.9999820342569399f,0.001195659287112715f,0.005873803045863122f,-0.0016300819220715912f,-0.0031169750385273134f,0.73328557869776f,-0.6799136302064407f,-0.7082512398114378f,-0.005120120112033255f,-0.6799197235503325f,-0.7332686778373108f,-0.9125597671088725f,0f,0f,0f,1f], start_interpolation: 0, interpolation_duration: 1 }
$data merge entity $(bone_body1) { transformation: [-1.333325647962936f,-0.004520387471305509f,-0.00024568089755624603f,0.5f,-0.004527058867980386f,1.331360764237373f,0.07235882092088891f,-1.1875f,-1.6328529869988805e-16f,0.07235923800154817f,-1.3313684382820605f,-0.12499999999999994f,0f,0f,0f,1f], start_interpolation: 0, interpolation_duration: 1 }
data modify entity @s data merge value {"locators":{"head":{"posx":-0.3148862504312531,"posy":-0.8961395403737823,"posz":2.734046157872372,"roty":35.74917040356158,"rotx":47.90796033216583},"neck":{"posx":0.26758100624091924,"posy":-1.161142118551346,"posz":1.8610189373098724,"roty":33.56035682156775,"rotx":29.3605771349995},"right_arm":{"posx":-0.44259251091034735,"posy":-3.4611650452635914,"posz":2.4755941976900377,"roty":353.82046410803815,"rotx":11.443006839718631},"left_arm":{"posx":1.4109217594638994,"posy":-3.222460983169227,"posz":2.323507971296349,"roty":353.82046410803815,"rotx":11.443006839718631},"tail1":{"posx":-0.035138694122253455,"posy":-2.539603863758411,"posz":-2.0892547083840447,"roty":1.639577923361287,"rotx":-27.583194731279367},"tail2":{"posx":0.023935575146501117,"posy":-3.683618195284957,"posz":-4.09779156083121,"roty":1.2458119992870706,"rotx":-6.433077961016655}},"cameras":{}}