# This file was generated by Animated Java via MC-Build. It is not recommended to edit this file directly.
$data merge entity $(bone_jaw) { transformation: [-0.872301718943788f,-0.48033565497908626f,0.0914733277164704f,-0.43532512285173075f,-0.03532487198696979f,0.24849122497832588f,0.9679898060041103f,-0.2807659365616168f,-0.48769033673717255f,0.841147888105643f,-0.2337271182139547f,3.1292514378165865f,0f,0f,0f,1f], start_interpolation: 0, interpolation_duration: 1 }
$data merge entity $(bone_head) { transformation: [-0.9813394338117616f,-0.40784629956168605f,0.36913318948565266f,-0.35329552518825236f,-0.03974048098534101f,0.8055137239087853f,0.7843426131262121f,-0.10646757808912521f,-0.5486516288293191f,0.671143827006135f,-0.7170581243208213f,2.969905187967515f,0f,0f,0f,1f], start_interpolation: 0, interpolation_duration: 1 }
$data merge entity $(bone_neck) { transformation: [-0.8716027802093529f,-0.24551318009658143f,0.42430162847930497f,0.6881086919084771f,-0.0345884095568945f,0.8941888569390796f,0.44635180076964703f,-0.6765881956831118f,-0.48899103821609147f,0.37436555200077604f,-0.7878694041651213f,2.176493417190575f,0f,0f,0f,1f], start_interpolation: 0, interpolation_duration: 1 }
$data merge entity $(bone_right_arm2) { transformation: [-0.9850943928318713f,-0.10565139243684478f,-0.1357454252907362f,-0.48906995436536843f,-0.1266637367935714f,0.9794635683003423f,0.1568675114670003f,-2.288142371606077f,0.1163844276211207f,0.17172332878358848f,-0.9782462692792587f,2.2730908955330684f,0f,0f,0f,1f], start_interpolation: 0, interpolation_duration: 1 }
$data merge entity $(bone_right_arm1) { transformation: [-1.118492591861187f,-0.11995835182933416f,-0.15412761829885668f,-0.41322038906614855f,-0.14381611781770084f,1.1120992598410135f,0.17810998697815655f,-0.855167606330324f,0.13214481886148077f,0.19497752955636607f,-1.1107171182441582f,1.7895633208004378f,0f,0f,0f,1f], start_interpolation: 0, interpolation_duration: 1 }
$data merge entity $(bone_left_arm2) { transformation: [-0.9850943928318713f,-0.10565139243684478f,-0.1357454252907362f,1.2348452330904063f,-0.1266637367935714f,0.9794635683003423f,0.1568675114670003f,-2.066480832217327f,0.1163844276211207f,0.17172332878358848f,-0.9782462692792587f,2.069418147196107f,0f,0f,0f,1f], start_interpolation: 0, interpolation_duration: 1 }
$data merge entity $(bone_left_arm1) { transformation: [-1.118492591861187f,-0.11995835182933416f,-0.15412761829885668f,0.6950108028697066f,-0.14381611781770084f,1.1120992598410135f,0.17810998697815655f,-0.7126709024375562f,0.13214481886148077f,0.19497752955636607f,-1.1107171182441582f,1.658630839726677f,0f,0f,0f,1f], start_interpolation: 0, interpolation_duration: 1 }
$data merge entity $(bone_body2) { transformation: [-1.559732788650463f,-0.1672813713583376f,-0.2149302567103323f,0.4995778550803467f,-0.2005509165898214f,1.550817316475542f,0.24837355982275047f,-0.5123076209680703f,0.18427534373344112f,0.27189527057401514f,-1.5488899263588265f,0.7595316970526662f,0f,0f,0f,1f], start_interpolation: 0, interpolation_duration: 1 }
$data merge entity $(bone_right_leg2) { transformation: [-0.9999998045489771f,-0.00035638032926020054f,-0.0005137071817413562f,-0.9997266400497089f,-0.0006252215668515089f,0.5700063441506984f,0.8216400530195371f,-1.6251897533702409f,-1.2246635004478286e-16f,0.8216402136099575f,-0.5700064555590432f,-1.5078944801241763f,0f,0f,0f,1f], start_interpolation: 0, interpolation_duration: 1 }
$data merge entity $(bone_right_leg1) { transformation: [-1.3333330727319694f,-0.0004430330410742809f,-0.0007061576502569979f,-0.6250388526419717f,-0.0008336287558020118f,0.70860152299913f,1.1294516211171635f,-1.1257095019985697f,-1.6328846672637714e-16f,1.1294518418696815f,-0.7086016614960495f,-0.12412569869528912f,0f,0f,0f,1f], start_interpolation: 0, interpolation_duration: 1 }
$data merge entity $(bone_left_leg2) { transformation: [-0.9999998045489771f,-0.0005938024763924758f,0.00019570545901026638f,1.000707709974511f,-0.0006252215668515089f,0.9497470845791243f,-0.31301770625868097f,-2.319278153847777f,-1.2246635004478286e-16f,-0.313017767438324f,-0.9497472702081998f,0.7343785164740703f,0f,0f,0f,1f], start_interpolation: 0, interpolation_duration: 1 }
$data merge entity $(bone_left_leg1) { transformation: [-1.3333330727319694f,-0.0005581504080210496f,0.0006191970805211746f,0.6249609030442498f,-0.0008336287558020118f,0.8927240014141488f,-0.9903640442483692f,-1.1249279750400054f,-1.6328846672637714e-16f,-0.9903642378160727f,-0.892724175898002f,-0.12412569869528897f,0f,0f,0f,1f], start_interpolation: 0, interpolation_duration: 1 }
$data merge entity $(bone_tail3) { transformation: [-0.9996870698165269f,-0.00996998050356365f,0.022942578983300585f,-0.0047264163713579f,-0.013145189349310568f,0.9896780718587832f,-0.14270430294441822f,-2.458853987736841f,-0.021283008213530276f,-0.14296123100561237f,-0.9894994289997052f,-3.633525630505333f,0f,0f,0f,1f], start_interpolation: 0, interpolation_duration: 1 }
$data merge entity $(bone_tail2) { transformation: [-1.541184232633812f,-0.0013593849341192567f,0.03854120216909441f,-0.17952136690688308f,-0.02026550024685379f,1.3393844804916675f,-0.7631347417258124f,-1.6333826109831673f,-0.032811304329192506f,-0.7634025652313321f,-1.3389832160328035f,-1.8062804413126847f,0f,0f,0f,1f], start_interpolation: 0, interpolation_duration: 1 }
$data merge entity $(bone_tail1) { transformation: [-0.9999599465174089f,0.006043843888417711f,0.006601311381309797f,-0.0002805161615061502f,-0.000500177869849613f,0.6986746232185925f,-0.7154393899502994f,-0.7389895901946961f,-0.008936172726569642f,-0.7154140359410138f,-0.6986436158697727f,-0.9313003890892371f,0f,0f,0f,1f], start_interpolation: 0, interpolation_duration: 1 }
$data merge entity $(bone_body1) { transformation: [-1.3333330727319694f,-0.0008335471866105064f,-0.000011661483341313063f,0.5f,-0.0008336287558020118f,1.3332026083016144f,0.018651757521661285f,-1.1875f,-1.6328846672637714e-16f,0.018651761167167085f,-1.333202868877479f,-0.12499999999999994f,0f,0f,0f,1f], start_interpolation: 0, interpolation_duration: 1 }
data modify entity @s data merge value {"locators":{"head":{"posx":-0.2292512447333303,"posy":-0.7718481505735092,"posz":2.7962303186087794,"roty":27.23888333437276,"rotx":44.20226427107177},"neck":{"posx":0.2913370407801056,"posy":-1.0849971969099197,"posz":1.8900944916028788,"roty":28.30437823191224,"rotx":26.509859071135622},"right_arm":{"posx":-0.37711424883514755,"posy":-3.3539561791895176,"posz":2.5977647281154295,"roty":352.09985415577864,"rotx":9.025121887056795},"left_arm":{"posx":1.469937737724611,"posy":-3.116461672701571,"posz":2.379543926325828,"roty":352.09985415577864,"rotx":9.025121887056795},"tail1":{"posx":-0.03671186792024411,"posy":-2.6236487565665554,"posz":-2.0293491704313253,"roty":1.6487426001976644,"rotx":-29.670167017413185},"tail2":{"posx":0.021264383717675972,"posy":-3.8380776274577295,"posz":-4.002482443622801,"roty":1.328224581837702,"rotx":-8.204362968978984}},"cameras":{}}