# This file was generated by Animated Java via MC-Build. It is not recommended to edit this file directly.
$data merge entity $(bone_jaw) { transformation: [-0.1440018551653785f,0.23015772178295585f,-0.9624400702446927f,2.974666608659424f,-0.20901093780708535f,0.9435617318902769f,0.2569157176764853f,0.05893893007610829f,0.9672527557913351f,0.23815684163151873f,-0.08776915858185938f,2.437205607152365f,0f,0f,0f,1f], start_interpolation: 0, interpolation_duration: 1 }
$data merge entity $(bone_head) { transformation: [-0.16200208706105082f,0.08305653889517126f,-1.1101720295227306f,2.727961713209928f,-0.23513730503297103f,1.0940029520710017f,0.11615932438579701f,0.08475211327295207f,1.088159350265252f,0.2487652552240529f,-0.14017872956913432f,2.406054778359224f,0f,0f,0f,1f], start_interpolation: 0, interpolation_duration: 1 }
$data merge entity $(bone_neck) { transformation: [-0.46704256677537537f,0.07382803457348557f,-0.8811473555148908f,2.167108483507439f,-0.1621966985436091f,0.9724470685075571f,0.16744829032454164f,-0.7313228118558328f,0.8692315409609932f,0.22112467131026925f,-0.44219951146117586f,1.3772069415493609f,0f,0f,0f,1f], start_interpolation: 0, interpolation_duration: 1 }
$data merge entity $(bone_right_arm2) { transformation: [-0.5519705534122591f,0.09342093237011379f,-0.828613925517103f,1.4292214933180005f,-0.14081601329106364f,0.9689899180318693f,0.20305021337935625f,-2.3559397523104866f,0.8218876800187331f,0.22875984819825734f,-0.521698738052657f,2.276278733174997f,0f,0f,0f,1f], start_interpolation: 0, interpolation_duration: 1 }
$data merge entity $(bone_right_arm1) { transformation: [-0.6267165658535024f,0.10607168362856668f,-0.9408220612642105f,1.1546551912020975f,-0.15988484842422848f,1.1002073027653514f,0.23054659644114403f,-0.9005384590418934f,0.9331849700212698f,0.259737744308438f,-0.5923454421639542f,1.961018251518154f,0f,0f,0f,1f], start_interpolation: 0, interpolation_duration: 1 }
$data merge entity $(bone_left_arm2) { transformation: [-0.5519705534122591f,0.09342093237011379f,-0.828613925517103f,2.3951699617894535f,-0.14081601329106364f,0.9689899180318693f,0.20305021337935625f,-2.109511729051125f,0.8218876800187331f,0.22875984819825734f,-0.521698738052657f,0.837975293142214f,0f,0f,0f,1f], start_interpolation: 0, interpolation_duration: 1 }
$data merge entity $(bone_left_arm1) { transformation: [-0.6267165658535024f,0.10607168362856668f,-0.9408220612642105f,1.7756220637908888f,-0.15988484842422848f,1.1002073027653514f,0.23054659644114403f,-0.7421204440894469f,0.9331849700212698f,0.259737744308438f,-0.5923454421639542f,1.0363946114970792f,0f,0f,0f,1f], start_interpolation: 0, interpolation_duration: 1 }
$data merge entity $(bone_body2) { transformation: [-0.8739533762360769f,0.14791647625268017f,-1.3119720487354132f,0.9701371573034708f,-0.22295868771085078f,1.5342340368837932f,0.3214961711839808f,-0.5f,1.301322160029661f,0.3622030929805742f,-0.826023001916707f,0.6129675150862752f,0f,0f,0f,1f], start_interpolation: 0, interpolation_duration: 1 }
$data merge entity $(bone_right_leg2) { transformation: [-0.9064552534211555f,0.11796001798949077f,-0.40549267280816303f,-0.9789013274827891f,-8.673617379884035e-19f,0.9601962409068011f,0.2793262947673355f,-2.5254594457199167f,0.4223018749013422f,0.2531967873105175f,-0.8703749268852152f,0.2296426736203575f,0f,0f,0f,1f], start_interpolation: 0, interpolation_duration: 1 }
$data merge entity $(bone_right_leg1) { transformation: [-1.2086070045615407f,0.05455468833440908f,-0.5604200855459176f,-0.44881537653949655f,-1.1564823173178713e-18f,1.3270603775482699f,0.12918410165039898f,-1.125f,0.5630691665351228f,0.11709960759949674f,-1.2029208508356914f,0.4794620593901768f,0f,0f,0f,1f], start_interpolation: 0, interpolation_duration: 1 }
$data merge entity $(bone_left_leg2) { transformation: [-0.7658200212498377f,0.1566578442113833f,-0.6236810201536841f,0.7412838667355688f,0f,0.9698720152847468f,0.24361501178602235f,-2.577132163408908f,0.6430549704752294f,0.18656525350275116f,-0.7427474073549879f,-0.6135194941564432f,0f,0f,0f,1f], start_interpolation: 0, interpolation_duration: 1 }
$data merge entity $(bone_left_leg1) { transformation: [-1.0210933616664501f,-0.04576981457565014f,-0.8561841207428437f,0.6054239307266107f,0f,1.3314322414926796f,-0.07117558634501402f,-1.125f,0.8574066273003058f,-0.054507689047208305f,-1.0196374674726432f,-0.19216245104335292f,0f,0f,0f,1f], start_interpolation: 0, interpolation_duration: 1 }
$data merge entity $(bone_tail3) { transformation: [-0.7133047204601201f,0.5269414074495636f,-0.4620921216428423f,-1.7282280578429046f,-0.005350997022968415f,0.6552133228497949f,0.7554249588086105f,1.387831910398588f,0.7008336055014559f,0.5413208426388216f,-0.4645470941945779f,-2.2740744079026705f,0f,0f,0f,1f], start_interpolation: 0, interpolation_duration: 1 }
$data merge entity $(bone_tail2) { transformation: [-1.0996781107093516f,0.7926077820942693f,-0.7343140116472145f,-0.9835524631840944f,-0.008249453743742972f,1.041552144387003f,1.1365901583890632f,-0.179356925141545f,1.080451808481411f,0.8146644372976827f,-0.7387028193142419f,-1.3497542996728917f,0f,0f,0f,1f], start_interpolation: 0, interpolation_duration: 1 }
$data merge entity $(bone_tail1) { transformation: [-0.8419100978827819f,0.3340567117732254f,-0.4237847335644182f,-0.34562511389208694f,0.11209039922873257f,0.8764758608544687f,0.46821555691813727f,-0.75f,0.5278476385129973f,0.34669320538291254f,-0.7753584279915798f,-0.5217860465729549f,0f,0f,0f,1f], start_interpolation: 0, interpolation_duration: 1 }
data modify entity @s data merge value {"locators":{"head":{"posx":2.9902003109133695,"posy":-0.5552937835403259,"posz":2.3067903947817316,"roty":277.1965144993924,"rotx":5.926508339357062},"neck":{"posx":2.0160451065940554,"posy":-1.198019848108539,"posz":1.7841758992211534,"roty":296.6495633893636,"rotx":9.639490273734284},"right_arm":{"posx":1.715609364118172,"posy":-3.4352557778627255,"posz":2.359736234004239,"roty":302.1946870949823,"rotx":11.715384151504638},"left_arm":{"posx":2.7505541517661576,"posy":-3.1712257529419814,"posz":0.8186968339691143,"roty":302.1946870949823,"rotx":11.715384151504638},"tail1":{"posx":-1.6074467047448466,"posy":-0.17853132039330943,"posz":-2.1631032676590407,"roty":315.1707104814036,"rotx":47.49748408915517},"tail2":{"posx":-2.6797654735445557,"posy":0.9527909634880756,"posz":-3.245865754350574,"roty":315.15179504011735,"rotx":49.062515596579}},"cameras":{}}