# This file was generated by Animated Java via MC-Build. It is not recommended to edit this file directly.
$data merge entity $(bone_jaw) { transformation: [-0.8786389329404661f,-0.4691019247947819f,0.08908989659366517f,-0.4213713651090837f,-0.03963634954969692f,0.25759226261303736f,0.9654404104015275f,-0.2656100967366681f,-0.4758388228335446f,0.8447423337300709f,-0.24492407862164128f,3.1378537322701945f,0f,0f,0f,1f], start_interpolation: 0, interpolation_duration: 1 }
$data merge entity $(bone_head) { transformation: [-0.9884687995580244f,-0.39914770922377735f,0.3594934471193171f,-0.34148393241590214f,-0.044590893243409035f,0.8112580880619484f,0.7781368560824158f,-0.09269079538502012f,-0.5353186756877377f,0.669452328979056f,-0.7286236989588276f,2.975937354723788f,0f,0f,0f,1f], start_interpolation: 0, interpolation_duration: 1 }
$data merge entity $(bone_neck) { transformation: [-0.8771372066406973f,-0.24118635543839675f,0.41528238907627435f,0.6907621146822159f,-0.038037312045094154f,0.8969138548780167f,0.44056633986295424f,-0.6686829590317155f,-0.4787311182897337f,0.3706409028671812f,-0.7958905939278725f,2.1748358470058786f,0f,0f,0f,1f], start_interpolation: 0, interpolation_duration: 1 }
$data merge entity $(bone_right_arm2) { transformation: [-0.9849287508404568f,-0.10495313984653051f,-0.13747797716075116f,-0.48686765847638397f,-0.12582240044191498f,0.9801594848393498f,0.15315386977316245f,-2.2793843696783815f,0.1186763637582977f,0.16814345873632736f,-0.9785927130166528f,2.27979575893069f,0f,0f,0f,1f], start_interpolation: 0, interpolation_duration: 1 }
$data merge entity $(bone_right_arm1) { transformation: [-1.1183045191834353f,-0.11916554420074817f,-0.15609478656793618f,-0.41134452918532893f,-0.14286085050175762f,1.1128894150780115f,0.17389345630494485f,-0.8483122602195876f,0.13474712135056716f,0.190912885440205f,-1.1111104762376578f,1.7906151946487028f,0f,0f,0f,1f], start_interpolation: 0, interpolation_duration: 1 }
$data merge entity $(bone_left_arm2) { transformation: [-0.9849287508404568f,-0.10495313984653051f,-0.13747797716075116f,1.2367576554944157f,-0.12582240044191498f,0.9801594848393498f,0.15315386977316245f,-2.0591951689050307f,0.1186763637582977f,0.16814345873632736f,-0.9785927130166528f,2.0721121223536687f,0f,0f,0f,1f], start_interpolation: 0, interpolation_duration: 1 }
$data merge entity $(bone_left_arm1) { transformation: [-1.1183045191834353f,-0.11916554420074817f,-0.15609478656793618f,0.6967003155101852f,-0.14286085050175762f,1.1128894150780115f,0.17389345630494485f,-0.7067620597224333f,0.13474712135056716f,0.190912885440205f,-1.1111104762376578f,1.6571042854206177f,0f,0f,0f,1f], start_interpolation: 0, interpolation_duration: 1 }
$data merge entity $(bone_body2) { transformation: [-1.5594705221640568f,-0.16617580475700666f,-0.21767346383785602f,0.49969709375404425f,-0.19921880069969874f,1.5519191843289706f,0.24249362714084058f,-0.5097842390352538f,0.1879042426173047f,0.266227142999185f,-1.549438462276367f,0.7575998558734198f,0f,0f,0f,1f], start_interpolation: 0, interpolation_duration: 1 }
$data merge entity $(bone_right_leg2) { transformation: [-0.9999999001170812f,-0.00025948166080398704f,-0.0003639163302273222f,-0.9997965129985107f,-0.0004469517062275485f,0.5805585508918416f,0.8142183793188025f,-1.6431125476312842f,-1.2246466768260564e-16f,0.8142184606453189f,-0.58055860887973f,-1.501373567392038f,0f,0f,0f,1f], start_interpolation: 0, interpolation_duration: 1 }
$data merge entity $(bone_right_leg1) { transformation: [-1.3333332001561082f,-0.0003233357749855234f,-0.000500592874358447f,-0.6250278203820838f,-0.000595935608303398f,0.7234243391053332f,1.12001546785236f,-1.1255067004214083f,-1.6328622357680751e-16f,1.1200155797227849f,-0.7234244113630749f,-0.12430417409018973f,0f,0f,0f,1f], start_interpolation: 0, interpolation_duration: 1 }
$data merge entity $(bone_left_leg2) { transformation: [-0.9999999001170812f,-0.0004244558712511305f,0.0001400108605078927f,1.000508154033524f,-0.0004469517062275485f,0.9496682145770396f,-0.3132572145318129f,-2.324320900847507f,-1.2246466768260564e-16f,-0.3132572458208609f,-0.9496683094326821f,0.727261917729719f,0f,0f,0f,1f], start_interpolation: 0, interpolation_duration: 1 }
$data merge entity $(bone_left_leg1) { transformation: [-1.3333332001561082f,-0.00040156342121017223f,0.0004403249572644308f,0.6249720547642676f,-0.000595935608303398f,0.898449151230056f,-0.985173357989608f,-1.1249480107886238f,-1.6328622357680751e-16f,-0.9851734563916084f,-0.8984492409697885f,-0.12430417409018958f,0f,0f,0f,1f], start_interpolation: 0, interpolation_duration: 1 }
$data merge entity $(bone_tail3) { transformation: [-0.9997481017420541f,-0.008704418845263023f,0.020687342887030898f,-0.010454282564060807f,-0.01157828976227218f,0.9896347831836594f,-0.14313957914990794f,-2.4553090832900915f,-0.019226967242397357f,-0.14334304658963443f,-0.9894862781893753f,-3.639055002481159f,0f,0f,0f,1f], start_interpolation: 0, interpolation_duration: 1 }
$data merge entity $(bone_tail2) { transformation: [-1.541278323519f,-0.0008998444410090247f,0.03458946142329257f,-0.18018616956110142f,-0.017849863383502942f,1.3409214648689363f,-0.7604913665138139f,-1.6332580181386767f,-0.029641574498695922f,-0.7607002868704857f,-1.3405941077475725f,-1.80979165817563f,0f,0f,0f,1f], start_interpolation: 0, interpolation_duration: 1 }
$data merge entity $(bone_tail1) { transformation: [-0.9999662307311046f,0.005609809630502483f,0.006005616815682208f,-0.0001995223186220807f,-0.0003555226124861967f,0.7005643250532829f,-0.7135891675651407f,-0.7412048981924096f,-0.008210420275436227f,-0.7135672053132401f,-0.7005386730940363f,-0.9325788630064402f,0f,0f,0f,1f], start_interpolation: 0, interpolation_duration: 1 }
$data merge entity $(bone_body1) { transformation: [-1.3333332001561082f,-0.0005958986745065398f,-0.000006634678989214198f,0.5f,-0.000595935608303398f,1.333250565292752f,0.014844284593263363f,-1.1875f,-1.6328622357680751e-16f,0.014844286075953986f,-1.3332506984617232f,-0.12499999999999994f,0f,0f,0f,1f], start_interpolation: 0, interpolation_duration: 1 }
data modify entity @s data merge value {"locators":{"head":{"posx":-0.21959449593583613,"posy":-0.7595388598867737,"posz":2.806414866112876,"roty":26.261131627171864,"rotx":43.76302128074583},"neck":{"posx":0.29072809601673183,"posy":-1.0791151031163881,"posz":1.895966273526803,"roty":27.55479899666426,"rotx":26.140021428768893},"right_arm":{"posx":-0.37473357697700643,"posy":-3.3439846894319323,"posz":2.6083659294375825,"roty":352.00311534245793,"rotx":8.809742420565017},"left_arm":{"posx":1.4720078308488505,"posy":-3.108067688603342,"posz":2.385847747390774,"roty":352.00311534245793,"rotx":8.809742420565017},"tail1":{"posx":-0.039354864588682786,"posy":-2.623288945840522,"posz":-2.035150384950498,"roty":1.477994373234111,"rotx":-29.55716587258407},"tail2":{"posx":0.01260689754430179,"posy":-3.834720749490468,"posz":-4.0075032853137875,"roty":1.197717246542112,"rotx":-8.229561144071475}},"cameras":{}}