# This file was generated by Animated Java via MC-Build. It is not recommended to edit this file directly.
$data merge entity $(bone_left_arm2) { transformation: [-0.8191520442889917f,-0.2905943503192785f,0.49451476408665723f,0.2572214198325596f,-1.3877787807814457e-17f,0.8621601808342056f,0.5066357888897407f,-0.8782321572173586f,-0.5735764363510462f,0.4150117421789972f,-0.7062402746349062f,0.2864422903326652f,0f,0f,0f,1f], start_interpolation: 0, interpolation_duration: 1 }
$data merge entity $(bone_left_arm) { transformation: [-0.8191520442889917f,-0.2905943503192785f,0.49451476408665723f,0.08217882671661599f,-1.3877787807814457e-17f,0.8621601808342056f,0.5066357888897407f,-0.6626921120088072f,-0.5735764363510462f,0.4150117421789972f,-0.7062402746349062f,0.31849817133353375f,0f,0f,0f,1f], start_interpolation: 0, interpolation_duration: 1 }
$data merge entity $(item_display_weapon) { transformation: [0.46730601967086816f,-0.33258835264713627f,-0.8191520442889917f,-0.6296160095332681f,-0.5798500976835492f,-0.814723182569625f,9.560266171255572e-17f,-1.228408377253603f,-0.6673821605315419f,0.4749853928986509f,-0.5735764363510462f,0.24539230066994905f,0f,0f,0f,1f], start_interpolation: 0, interpolation_duration: 1 }
$data merge entity $(bone_right_arm2) { transformation: [-0.8191520442889917f,-0.09525977589811233f,0.565610734899018f,-0.40597625698947576f,-1.3877787807814457e-17f,0.9861122233285871f,0.1660803510411478f,-0.9092201678409539f,-0.5735764363510462f,0.13604505907158965f,-0.8077758436379748f,-0.07399836615376754f,0f,0f,0f,1f], start_interpolation: 0, interpolation_duration: 1 }
$data merge entity $(bone_right_arm) { transformation: [-0.8191520442889917f,-0.09525977589811233f,0.565610734899018f,-0.3273971954278799f,-1.3877787807814457e-17f,0.9861122233285871f,0.1660803510411478f,-0.6626921120088072f,-0.5735764363510462f,0.13604505907158965f,-0.8077758436379748f,0.031709953158010645f,0f,0f,0f,1f], start_interpolation: 0, interpolation_duration: 1 }
$data merge entity $(bone_right_leg) { transformation: [-0.8191520442889917f,-0.13798348903632032f,0.5567319688059321f,-0.11923730380786635f,-1.3877787807814457e-17f,0.9706325670345274f,0.2405668718089915f,-1.2606881294789272f,-0.5735764363510462f,0.19706084483054329f,-0.7950956515398048f,-0.047642331690128985f,0f,0f,0f,1f], start_interpolation: 0, interpolation_duration: 1 }
$data merge entity $(bone_left_leg) { transformation: [-0.8191520442889917f,0.13798348903632038f,0.5567319688059322f,0.08555070726438158f,-1.3877787807814457e-17f,0.9706325670345274f,-0.24056687180899156f,-1.2606881294789272f,-0.5735764363510462f,-0.19706084483054326f,-0.7950956515398049f,0.09575177739763255f,0f,0f,0f,1f], start_interpolation: 0, interpolation_duration: 1 }