# This file was generated by Animated Java via MC-Build. It is not recommended to edit this file directly.
$data merge entity $(bone_left_arm2) { transformation: [-0.8191520442889917f,-0.09525977589811221f,0.565610734899018f,0.208387776227268f,-1.3877787807814457e-17f,0.9861122233285871f,0.16608035104114754f,-0.9092201678409539f,-0.5735764363510462f,0.13604505907158945f,-0.8077758436379747f,0.35618396110951717f,0f,0f,0f,1f], start_interpolation: 0, interpolation_duration: 1 }
$data merge entity $(bone_left_arm) { transformation: [-0.8191520442889917f,-0.09525977589811221f,0.565610734899018f,0.08217882671661599f,-1.3877787807814457e-17f,0.9861122233285871f,0.16608035104114754f,-0.6626921120088072f,-0.5735764363510462f,0.13604505907158945f,-0.8077758436379747f,0.31849817133353375f,0f,0f,0f,1f], start_interpolation: 0, interpolation_duration: 1 }
$data merge entity $(item_display_weapon) { transformation: [0.555155978767802f,-0.14419350739728004f,-0.8191520442889917f,-0.500844235092277f,-0.251393708421155f,-0.9678849122526185f,8.184122055989789e-17f,-1.3154253600651715f,-0.792844904508204f,0.20592967017457975f,-0.5735764363510462f,0.061487147677402654f,0f,0f,0f,1f], start_interpolation: 0, interpolation_duration: 1 }
$data merge entity $(bone_right_arm2) { transformation: [-0.8191520442889917f,-0.2905943503192786f,0.4945147640866572f,-0.3571426133841842f,-1.3877787807814457e-17f,0.8621601808342054f,0.5066357888897408f,-0.8782321572173586f,-0.5735764363510462f,0.4150117421789973f,-0.7062402746349061f,-0.14374003693061946f,0f,0f,0f,1f], start_interpolation: 0, interpolation_duration: 1 }
$data merge entity $(bone_right_arm) { transformation: [-0.8191520442889917f,-0.2905943503192786f,0.4945147640866572f,-0.3273971954278799f,-1.3877787807814457e-17f,0.8621601808342054f,0.5066357888897408f,-0.6626921120088072f,-0.5735764363510462f,0.4150117421789973f,-0.7062402746349061f,0.031709953158010645f,0f,0f,0f,1f], start_interpolation: 0, interpolation_duration: 1 }
$data merge entity $(bone_right_leg) { transformation: [-0.8191520442889917f,0.13798348903632066f,0.5567319688059321f,-0.11923730380786635f,-1.3877787807814457e-17f,0.9706325670345273f,-0.2405668718089921f,-1.2606881294789272f,-0.5735764363510462f,-0.19706084483054367f,-0.7950956515398047f,-0.047642331690128985f,0f,0f,0f,1f], start_interpolation: 0, interpolation_duration: 1 }
$data merge entity $(bone_left_leg) { transformation: [-0.8191520442889917f,-0.13798348903632052f,0.5567319688059321f,0.08555070726438158f,-1.3877787807814457e-17f,0.9706325670345273f,0.24056687180899183f,-1.2606881294789272f,-0.5735764363510462f,0.19706084483054354f,-0.7950956515398048f,0.09575177739763255f,0f,0f,0f,1f], start_interpolation: 0, interpolation_duration: 1 }