# This file was generated by Animated Java via MC-Build. It is not recommended to edit this file directly.
$data merge entity $(bone_left_arm2) { transformation: [-0.8191520442889917f,0.02321870379034502f,0.5731062904308956f,0.1787681563051537f,-1.3877787807814457e-17f,0.999180325602039f,-0.04048057472175248f,-0.9124871934093169f,-0.5735764363510462f,-0.033159745537316765f,-0.8184806063302505f,0.3984851622617437f,0f,0f,0f,1f], start_interpolation: 0, interpolation_duration: 1 }
$data merge entity $(bone_left_arm) { transformation: [-0.8191520442889917f,0.02321870379034502f,0.5731062904308956f,0.08217882671661599f,-1.3877787807814457e-17f,0.999180325602039f,-0.04048057472175248f,-0.6626921120088072f,-0.5735764363510462f,-0.033159745537316765f,-0.8184806063302505f,0.31849817133353375f,0f,0f,0f,1f], start_interpolation: 0, interpolation_duration: 1 }
$data merge entity $(item_display_weapon) { transformation: [0.5729490913447715f,-0.026819154803355505f,-0.8191520442889917f,-0.4222489450666668f,-0.04675776950317634f,-0.9989062573590617f,6.821167233685095e-17f,-1.3269460845783612f,-0.8182561027687411f,0.03830172247492014f,-0.573576436351046f,-0.050758559111991036f,0f,0f,0f,1f], start_interpolation: 0, interpolation_duration: 1 }
$data merge entity $(bone_right_arm2) { transformation: [-0.8191520442889917f,-0.3861721815374142f,0.42410019399170307f,-0.33324815557965026f,-1.3877787807814457e-17f,0.7393961242371206f,0.6732706524594136f,-0.8475411430680874f,-0.5735764363510462f,0.551511031321912f,-0.6056778467081945f,-0.17786485921634812f,0f,0f,0f,1f], start_interpolation: 0, interpolation_duration: 1 }
$data merge entity $(bone_right_arm) { transformation: [-0.8191520442889917f,-0.3861721815374142f,0.42410019399170307f,-0.3273971954278799f,-1.3877787807814457e-17f,0.7393961242371206f,0.6732706524594136f,-0.6626921120088072f,-0.5735764363510462f,0.551511031321912f,-0.6056778467081945f,0.031709953158010645f,0f,0f,0f,1f], start_interpolation: 0, interpolation_duration: 1 }
$data merge entity $(bone_right_leg) { transformation: [-0.8191520442889917f,0.2847050031248858f,0.49792869924601113f,-0.11923730380786635f,-1.3877787807814457e-17f,0.8681121951482393f,-0.4963680253953767f,-1.2606881294789272f,-0.5735764363510462f,-0.40660088272231293f,-0.7111158793278843f,-0.047642331690128985f,0f,0f,0f,1f], start_interpolation: 0, interpolation_duration: 1 }
$data merge entity $(bone_left_leg) { transformation: [-0.8191520442889917f,-0.2847050031248857f,0.49792869924601113f,0.08555070726438158f,-1.3877787807814457e-17f,0.8681121951482392f,0.4963680253953766f,-1.2606881294789272f,-0.5735764363510462f,0.406600882722313f,-0.7111158793278842f,0.09575177739763255f,0f,0f,0f,1f], start_interpolation: 0, interpolation_duration: 1 }