# This file was generated by Animated Java via MC-Build. It is not recommended to edit this file directly.
$data merge entity $(bone_left_arm2) { transformation: [-1f,-5.0677197921806605e-17f,1.1148730617165623e-16f,0.375f,0f,0.9103629409661466f,0.4138107245051393f,-0.8525907352415366f,-1.2246467991473532e-16f,0.4138107245051393f,-0.9103629409661466f,-0.10345268112628478f,0f,0f,0f,1f], start_interpolation: 0, interpolation_duration: 1 }
$data merge entity $(bone_left_arm) { transformation: [-1f,-5.0677197921806605e-17f,1.1148730617165623e-16f,0.25f,0f,0.9103629409661466f,0.4138107245051393f,-0.625f,-1.2246467991473532e-16f,0.4138107245051393f,-0.9103629409661466f,3.061616997868383e-17f,0f,0f,0f,1f], start_interpolation: 0, interpolation_duration: 1 }
$data merge entity $(item_display_weapon) { transformation: [-1.7904536501687464e-16f,-1.1466762051224122e-16f,-1f,-0.37500000000000006f,-0.9363321783233931f,-0.35111543947278856f,1.0107058978260881e-16f,-0.8991392785120749f,-0.35111543947278856f,0.9363321783233931f,-1.6840689933297763e-16f,0.6051891489252588f,0f,0f,0f,1f], start_interpolation: 0, interpolation_duration: 1 }
$data merge entity $(bone_right_arm2) { transformation: [-1f,5.0677197921806605e-17f,1.1148730617165623e-16f,-0.375f,0f,0.9103629409661466f,-0.4138107245051393f,-0.8525907352415366f,-1.2246467991473532e-16f,-0.4138107245051393f,-0.9103629409661466f,0.10345268112628478f,0f,0f,0f,1f], start_interpolation: 0, interpolation_duration: 1 }
$data merge entity $(bone_right_arm) { transformation: [-1f,5.0677197921806605e-17f,1.1148730617165623e-16f,-0.25f,0f,0.9103629409661466f,-0.4138107245051393f,-0.625f,-1.2246467991473532e-16f,-0.4138107245051393f,-0.9103629409661466f,-3.061616997868383e-17f,0f,0f,0f,1f], start_interpolation: 0, interpolation_duration: 1 }
$data merge entity $(bone_right_leg) { transformation: [-1f,-5.0677197921806605e-17f,1.1148730617165623e-16f,-0.125f,0f,0.9103629409661466f,0.4138107245051393f,-1.25f,-1.2246467991473532e-16f,0.4138107245051393f,-0.9103629409661466f,0.031249999999999986f,0f,0f,0f,1f], start_interpolation: 0, interpolation_duration: 1 }
$data merge entity $(bone_left_leg) { transformation: [-1f,5.0677197921806605e-17f,1.1148730617165623e-16f,0.125f,0f,0.9103629409661466f,-0.4138107245051393f,-1.25f,-1.2246467991473532e-16f,-0.4138107245051393f,-0.9103629409661466f,0.031250000000000014f,0f,0f,0f,1f], start_interpolation: 0, interpolation_duration: 1 }