# This file was generated by Animated Java via MC-Build. It is not recommended to edit this file directly.
$data merge entity $(bone_left_leg4) { transformation: [-0.8997889618714157f,-0.019328528527425684f,0.002496413292082292f,0.4797226069020524f,-0.019268011544575137f,0.8995689888366152f,0.020109153502529398f,-0.63704192216739f,-0.002927084808903045f,0.020050992704468973f,-0.8997718543420257f,-0.9906040921409525f,0f,0f,0f,1f], start_interpolation: 0, interpolation_duration: 1 }
$data merge entity $(bone_left_leg3) { transformation: [-0.9956213151442341f,-0.007085937709718604f,0.09320936818388889f,0.46858256810827037f,-0.07481315095883596f,0.6582412469698409f,-0.7490804050508861f,-0.09654346162432892f,-0.056046313652872645f,-0.7527737045582579f,-0.6558891373178558f,-1.51419129947728f,0f,0f,0f,1f], start_interpolation: 0, interpolation_duration: 1 }
$data merge entity $(bone_left_leg2) { transformation: [-0.9955741852499118f,0.038899606677489706f,-0.08555034929391545f,0.4880323714470152f,-0.06600483863627132f,0.3585792943710585f,0.9311628487675792f,0.08274618556120034f,0.06689845245275952f,0.9326884314971912f,-0.3544247265791928f,-1.0478470837286844f,0f,0f,0f,1f], start_interpolation: 0, interpolation_duration: 1 }
$data merge entity $(bone_left_leg1) { transformation: [-0.9537169587565072f,0.0003442351925344693f,0.3007055770722769f,0.3125000000000001f,-0.12749959853345233f,0.9051981361338111f,-0.40541359956676687f,0.31254843618837713f,-0.27233768551937004f,-0.4249896655708307f,-0.8632589236167478f,-0.9997138085349963f,0f,0f,0f,1f], start_interpolation: 0, interpolation_duration: 1 }
$data merge entity $(bone_right_leg4) { transformation: [-0.8997609451011648f,0.02046993129488963f,-0.0033501617037109063f,-0.48265881351903345f,0.020387892409559988f,0.8995323570725545f,0.020636676636272444f,-0.6387723779835441f,0.0038177891186805535f,0.02055530326403271f,-0.8997571361172797f,-0.996444385612031f,0f,0f,0f,1f], start_interpolation: 0, interpolation_duration: 1 }
$data merge entity $(bone_right_leg3) { transformation: [-0.9954859880815892f,0.010334500978305905f,-0.0943442930057325f,-0.46901141947244573f,0.07737797901802279f,0.6639861342253822f,-0.7437305035559041f,-0.09429962084226357f,0.0549572187825085f,-0.7476734659234352f,-0.6617885557016904f,-1.5158377003232517f,0f,0f,0f,1f], start_interpolation: 0, interpolation_duration: 1 }
$data merge entity $(bone_right_leg2) { transformation: [-0.9952951424558933f,-0.039181588097037034f,0.08861367026535422f,-0.4886022135209643f,0.06900136813920454f,0.35540831852986904f,0.9321607899470399f,0.08340453842267095f,-0.06801757565968355f,0.933889570706283f,-0.35103258983663344f,-1.0488929149701103f,0f,0f,0f,1f], start_interpolation: 0, interpolation_duration: 1 }
$data merge entity $(bone_right_leg1) { transformation: [-0.9537316565779868f,0.0027440690714662613f,-0.30064663198835273f,-0.3124999999999999f,0.12918808507535903f,0.9066824578521034f,-0.40154372028190216f,0.31254843618837713f,0.27148916353248936f,-0.42180492020387783f,-0.8650862635461446f,-0.9997138085349964f,0f,0f,0f,1f], start_interpolation: 0, interpolation_duration: 1 }
$data merge entity $(bone_right_wing3) { transformation: [-1.1442486095978872f,0.09955018330528789f,0.21849587276135682f,-1.3860196293460851f,0.1826123915508748f,1.0516134914654038f,0.47719738578137183f,0.37214364382693454f,-0.15589547736202447f,0.5011530619964213f,-1.0447477085719017f,0.43490448433793205f,0f,0f,0f,1f], start_interpolation: 0, interpolation_duration: 1 }
$data merge entity $(bone_right_wing2) { transformation: [-0.6534859107233895f,0.08514612052818543f,-0.7521344977096992f,-1.06872051038242f,-0.2743369724248681f,0.8994539851201154f,0.3401790031914087f,0.7718187907158968f,0.7054752937181988f,0.4286404866674904f,-0.5644217777005753f,-0.466798002178085f,0f,0f,0f,1f], start_interpolation: 0, interpolation_duration: 1 }
$data merge entity $(bone_right_wing1) { transformation: [-0.9649710740705596f,0.21387927470886464f,0.443506023824064f,-0.5586825650278103f,0.3227930584822889f,1.0116424396335761f,0.2144652112557818f,0.5174773779277253f,-0.3718152480922089f,0.3231815918231536f,-0.9648410185641427f,-0.00818270583553482f,0f,0f,0f,1f], start_interpolation: 0, interpolation_duration: 1 }
$data merge entity $(bone_left_wing3) { transformation: [-1.1388079737773606f,-0.09322122230973522f,-0.24775344306132888f,1.4050912904098265f,-0.1890427298858965f,1.0523896666100114f,0.47296342550594683f,0.37966874843418663f,0.1852965491177645f,0.5007408104999134f,-1.0401343161157117f,0.4068550915953766f,0f,0f,0f,1f], start_interpolation: 0, interpolation_duration: 1 }
$data merge entity $(bone_left_wing2) { transformation: [-0.6724995266654141f,-0.07973290622909245f,0.7357900857575187f,1.0630299013958455f,0.26857275967179367f,0.9001178543388297f,0.3430109634730915f,0.7750003639073084f,-0.6896470542219918f,0.4282878844477441f,-0.5839147443233512f,-0.4876801218413208f,0f,0f,0f,1f], start_interpolation: 0, interpolation_duration: 1 }
$data merge entity $(bone_left_wing1) { transformation: [-0.9533049320674513f,-0.21167638516385412f,-0.4690564204559478f,0.5662917146121048f,-0.327509408030011f,1.011211255869993f,0.20928567739999393f,0.518861160180572f,0.3969362735488091f,0.3259693468363339f,-0.9538326324756295f,-0.015663033056354303f,0f,0f,0f,1f], start_interpolation: 0, interpolation_duration: 1 }
$data merge entity $(bone_beak_down) { transformation: [-1.0996610290498734f,0.0060344981882258465f,-0.026630922263224083f,0.02998949471329155f,-0.0012855419131108294f,1.0601718248969811f,0.2933156134210968f,0.9875683552708503f,0.027275787265690805f,0.29325634950708396f,-1.059838074850501f,1.268957641331409f,0f,0f,0f,1f], start_interpolation: 0, interpolation_duration: 1 }
$data merge entity $(bone_beak_up) { transformation: [-1.0996610290498734f,0.0057496214583651895f,-0.026693876489919777f,0.030539975377739826f,-0.0012855419131108294f,1.0632451785970407f,0.281971696402559f,1.087125499273793f,0.027275787265690805f,0.2819160017509343f,-1.0629108144081536f,1.2958432819972998f,0f,0f,0f,1f], start_interpolation: 0, interpolation_duration: 1 }
$data merge entity $(bone_head) { transformation: [-1.0996610290498734f,0.005871793754114935f,-0.02666726883433551f,0.01720634096057207f,-0.0012855419131108294f,1.0619428693647222f,0.286837392240639f,1.2305441953941125f,0.027275787265690805f,0.2867801671028345f,-1.061608763709827f,0.7650389001423862f,0f,0f,0f,1f], start_interpolation: 0, interpolation_duration: 1 }
$data merge entity $(bone_neck2) { transformation: [-0.9997782678511342f,-0.020259325198423286f,-0.0057423753874146465f,0.013617356343437918f,0.0010789396052698404f,0.22305748474358772f,-0.9748046955104352f,0.6212912607000904f,0.0210297651416661f,-0.9745947456468091f,-0.22298616713984226f,0.6256725456799848f,0f,0f,0f,1f], start_interpolation: 0, interpolation_duration: 1 }
$data merge entity $(bone_neck1) { transformation: [-0.9998673983746501f,-0.0031915706099504885f,-0.015968705161977244f,0.004634959689825719f,0.0024225366459341958f,0.9405430319169734f,-0.3396659188506058f,0.43022918134662463f,0.016103322132639722f,-0.3396595633711333f,-0.9404105826854691f,0.09669159291940843f,0f,0f,0f,1f], start_interpolation: 0, interpolation_duration: 1 }
$data merge entity $(bone_body3) { transformation: [-0.9999771374577023f,0.00023000383437971772f,-0.006758081098617415f,0.00042553424283856657f,-0.0012300286691970426f,0.976560284126867f,0.21524055959675892f,0.6257895488525281f,0.006649179751839522f,0.21524395128386098f,-0.9765376745647545f,-0.5001917067283218f,0f,0f,0f,1f], start_interpolation: 0, interpolation_duration: 1 }
$data merge entity $(bone_body2) { transformation: [-0.9999985489653435f,-0.00006925993245670063f,-0.0017021369713538987f,9.187191116430972e-17f,-0.00006680964232966154f,0.9999989616123188f,-0.0014395522761812992f,0.6254296607834828f,0.001702234907169252f,-0.0014394364681788046f,-0.9999975152064002f,-0.7501910855299219f,0f,0f,0f,1f], start_interpolation: 0, interpolation_duration: 1 }
$data merge entity $(bone_tail2) { transformation: [-0.9999473628973423f,-0.001565916973628847f,0.010139987114510755f,0.0038828493279844207f,-0.0037389127960245575f,0.9759426276458744f,-0.21799543131627802f,0.1852529346000047f,-0.009554682922759232f,-0.2180218691959549f,-0.9758971116806051f,-2.3989363891121283f,0f,0f,0f,1f], start_interpolation: 0, interpolation_duration: 1 }
$data merge entity $(bone_tail1) { transformation: [-0.9999865973547277f,-0.000049098270843310856f,0.005177132437312275f,2.1432476564037616e-16f,-0.002639019507747956f,0.8651339530013713f,-0.5015339260112509f,0.5614033791084428f,-0.004454288602167182f,-0.5015408666834449f,-0.8651224874891806f,-1.750094523495243f,0f,0f,0f,1f], start_interpolation: 0, interpolation_duration: 1 }
$data merge entity $(bone_body1) { transformation: [-1f,1.8692451283204804e-19f,1.2246453725811843e-16f,1.2246467991473532e-16f,0f,0.9999988351203222f,-0.001526354480019808f,0.5000482177734376f,-1.2246467991473532e-16f,-0.001526354480019808f,-0.9999988351203222f,-1f,0f,0f,0f,1f], start_interpolation: 0, interpolation_duration: 1 }