# This file was generated by Animated Java via MC-Build. It is not recommended to edit this file directly.
$data merge entity $(bone_left_leg4) { transformation: [-0.8998321640263819f,-0.01722615369080082f,0.0023100243764366674f,0.4779077763669574f,-0.017181797568261603f,0.8996898354380263f,0.016216838218987062f,-0.6481074067257833f,-0.0026196213318146824f,0.016169713618936876f,-0.8998509198448152f,-0.9703623080929175f,0f,0f,0f,1f], start_interpolation: 0, interpolation_duration: 1 }
$data merge entity $(bone_left_leg3) { transformation: [-0.9958075143866695f,-0.005746543883100086f,0.09129277914732824f,0.46789206975792436f,-0.07273218301324676f,0.6549985003846283f,-0.7521216617330044f,-0.10985092757899931f,-0.05547453330286614f,-0.755608325607446f,-0.6526703872764119f,-1.4962766530937261f,0f,0f,0f,1f], start_interpolation: 0, interpolation_duration: 1 }
$data merge entity $(bone_left_leg2) { transformation: [-0.9959508479349413f,0.038619072252511266f,-0.08118174521422193f,0.48720160588418f,-0.05982083712550104f,0.389389291480085f,0.9191286347004112f,0.08484371816104319f,0.06710719740292995f,0.9202633030491835f,-0.3855023697952213f,-1.0361450015691345f,0f,0f,0f,1f], start_interpolation: 0, interpolation_duration: 1 }
$data merge entity $(bone_left_leg1) { transformation: [-0.9537169587565072f,0.0047378552648778905f,0.30066844747616583f,0.3125000000000001f,-0.13278081449008702f,0.8904832453795106f,-0.43521126479185196f,0.3168138370069128f,-0.26980218287402336f,-0.4549913652212132f,-0.8486398763259648f,-0.9960611785962465f,0f,0f,0f,1f], start_interpolation: 0, interpolation_duration: 1 }
$data merge entity $(bone_right_leg4) { transformation: [-0.8994246317360617f,0.030009670875634442f,-0.011608250530800404f,-0.5183032539173525f,0.029698671359931296f,0.8992022641331014f,0.023521842983887764f,-0.6688434799383425f,0.012382275473616533f,0.0231237503843984f,-0.8996176806967812f,-1.0537531832356646f,0f,0f,0f,1f], start_interpolation: 0, interpolation_duration: 1 }
$data merge entity $(bone_right_leg3) { transformation: [-0.9933798571014909f,0.05177615304918658f,-0.10254603590801858f,-0.47306201188621144f,0.10772501686508094f,0.7298892641675336f,-0.6750236905430759f,-0.07923755115375f,0.03989712077881619f,-0.6816017106994405f,-0.7306348798990896f,-1.519289786266552f,0f,0f,0f,1f], start_interpolation: 0, interpolation_duration: 1 }
$data merge entity $(bone_right_leg2) { transformation: [-0.9914357885825286f,-0.04344049392742144f,0.12315843700324039f,-0.49478225884992216f,0.10070545873293987f,0.34611822212318416f,0.9327703827286082f,0.09382155990784208f,-0.08314738540163238f,0.9371846668622081f,-0.33877929762493564f,-1.0506974528354478f,0f,0f,0f,1f], start_interpolation: 0, interpolation_duration: 1 }
$data merge entity $(bone_right_leg1) { transformation: [-0.9535912056276558f,0.037711108932891535f,-0.2987334678482567f,-0.3124999999999999f,0.15581485141430756f,0.910761449183141f,-0.38240726295477456f,0.3168138370069128f,0.2576539241469672f,-0.4112073138270725f,-0.8743700592007897f,-0.9960611785962467f,0f,0f,0f,1f], start_interpolation: 0, interpolation_duration: 1 }
$data merge entity $(bone_right_wing3) { transformation: [-1.154339477780717f,0.18032968765941748f,-0.04401294993703796f,-1.2241455040941676f,0.14304477408444422f,1.0408605018308497f,0.5129358383970883f,0.3352449509420177f,0.11829678195383671f,0.5010450932337832f,-1.0497215115935645f,0.6720490577764312f,0f,0f,0f,1f], start_interpolation: 0, interpolation_duration: 1 }
$data merge entity $(bone_right_wing2) { transformation: [-0.4973565272005951f,0.154237519313972f,-0.8537255252637324f,-1.0969285587444917f,-0.30482142047369687f,0.8902568614076025f,0.33841782213276295f,0.763260107572445f,0.8122317320022417f,0.42854814006428354f,-0.39576016117856255f,-0.26288687726699655f,0f,0f,0f,1f], start_interpolation: 0, interpolation_duration: 1 }
$data merge entity $(bone_right_wing1) { transformation: [-1.0353819423802295f,0.2545249972152169f,0.19186550053787121f,-0.48413590312731636f,0.29458228372521034f,1.0131586706939235f,0.24564587768589266f,0.5196261480500863f,-0.12172354997819308f,0.2869453691932085f,-1.0375243821666993f,0.05378946379609506f,0f,0f,0f,1f], start_interpolation: 0, interpolation_duration: 1 }
$data merge entity $(bone_left_wing3) { transformation: [-1.0691394603465585f,-0.04509699247991533f,-0.4710229735115883f,1.5771647172150627f,-0.240818523904875f,1.0537007604978677f,0.4457316590136428f,0.46400031988149293f,0.4073116974145344f,0.5046152341854572f,-0.9728392531933575f,0.14488402389366928f,0f,0f,0f,1f], start_interpolation: 0, interpolation_duration: 1 }
$data merge entity $(bone_left_wing2) { transformation: [-0.8272776795926282f,-0.03857184215701569f,0.560467531477472f,1.0163556135160619f,0.21345812087428503f,0.9012392441192666f,0.3770987344080485f,0.8206489521930656f,-0.5196607272833459f,0.43160171205863757f,-0.7373416376873052f,-0.6499626471087375f,0f,0f,0f,1f], start_interpolation: 0, interpolation_duration: 1 }
$data merge entity $(bone_left_wing1) { transformation: [-0.8431709584992219f,-0.2008121996474137f,-0.6498833020838292f,0.6312394211032086f,-0.3662210539819956f,1.0062437621900882f,0.1642155345421505f,0.5503435445793797f,0.5731980333836907f,0.3475040469367447f,-0.8510558518679989f,-0.08980485241493397f,0f,0f,0f,1f], start_interpolation: 0, interpolation_duration: 1 }
$data merge entity $(bone_beak_down) { transformation: [-0.9761611831371954f,0.17519487406365886f,-0.47583200884136584f,0.578628166301938f,-0.039261101948644f,1.0030421632022364f,0.44984995799972716f,0.91308022333718f,0.5055372492803761f,0.41618886931343635f,-0.8838658917786308f,1.2245847843507254f,0f,0f,0f,1f], start_interpolation: 0, interpolation_duration: 1 }
$data merge entity $(bone_beak_up) { transformation: [-0.9761611831371954f,0.10357986882043009f,-0.49636735923238684f,0.5912504269127095f,-0.039261101948644f,1.0581322643871547f,0.2980179137848771f,1.010323442009172f,0.5055372492803761f,0.28218313528284183f,-0.9353099848456533f,1.2565097054059908f,0f,0f,0f,1f], start_interpolation: 0, interpolation_duration: 1 }
$data merge entity $(bone_head) { transformation: [-0.9761611831371954f,0.1346374465148957f,-0.4888579574192687f,0.34682144820307514f,-0.039261101948644f,1.0372609991679136f,0.3640716762932261f,1.192359280155785f,0.5055372492803761f,0.3405324912561647f,-0.915679917869176f,0.7986697464714029f,0f,0f,0f,1f], start_interpolation: 0, interpolation_duration: 1 }
$data merge entity $(bone_neck2) { transformation: [-0.9192421160597154f,-0.3669850768518756f,-0.14253380451696318f,0.25773782037997317f,0.008626506786950986f,0.34318058252096373f,-0.9392298287220369f,0.6053406372045119f,0.3935981649381912f,-0.8646091840528847f,-0.312300245611004f,0.6034820929645254f,0f,0f,0f,1f], start_interpolation: 0, interpolation_duration: 1 }
$data merge entity $(bone_neck1) { transformation: [-0.9528504266291132f,-0.054946425025859315f,-0.29842411908154254f,0.08987425339660551f,0.032253958427312046f,0.9595570376088206f,-0.27966046152639046f,0.4480316275959173f,0.3017213062388639f,-0.27609994920727915f,-0.9125420929520192f,0.09017716567901457f,0f,0f,0f,1f], start_interpolation: 0, interpolation_duration: 1 }
$data merge entity $(bone_body3) { transformation: [-0.9914447326493557f,-0.0001056561113616742f,-0.1305271272135938f,0.008288195381149274f,-0.027304352470482997f,0.978043598160994f,0.20660395067002893f,0.6382868216497475f,0.12763939218758133f,0.20840035732474707f,-0.9696790585698459f,-0.5028472235943424f,0f,0f,0f,1f], start_interpolation: 0, interpolation_duration: 1 }
$data merge entity $(bone_body2) { transformation: [-0.9994397643405474f,-0.004588085885578177f,-0.033152781524596726f,9.217684374714849e-17f,-0.004087189616396674f,0.9998767159505151f,-0.015160731547405465f,0.6344966387628961f,0.03321825305386639f,-0.015016736260567216f,-0.999335301736174f,-0.752681049028386f,0f,0f,0f,1f], start_interpolation: 0, interpolation_duration: 1 }
$data merge entity $(bone_tail2) { transformation: [-0.9785008044755515f,-0.03113221031364429f,0.20387977124198886f,0.07762835905555655f,-0.07837141837202286f,0.9705161844264294f,-0.2279391509783305f,0.16397694359388604f,-0.19077236808053735f,-0.23901698945336886f,-0.9520907426971401f,-2.3888655344431355f,0f,0f,0f,1f], start_interpolation: 0, interpolation_duration: 1 }
$data merge entity $(bone_tail1) { transformation: [-0.9946284731528395f,-0.001011570194596258f,0.10350447874074178f,2.1445371025655042e-16f,-0.05456980086073177f,0.8548273244091661f,-0.5160352529406168f,0.5510033832993486f,-0.08795645074507803f,-0.5189115745184412f,-0.8502907976704915f,-1.7511474361902668f,0f,0f,0f,1f], start_interpolation: 0, interpolation_duration: 1 }
$data merge entity $(bone_body1) { transformation: [-1f,2.572621346410523e-18f,1.2243765534355257e-16f,1.2246467991473532e-16f,0f,0.9997793276297986f,-0.021007047486684995f,0.5042724609375f,-1.2246467991473532e-16f,-0.021007047486684995f,-0.9997793276297986f,-1f,0f,0f,0f,1f], start_interpolation: 0, interpolation_duration: 1 }