# This file was generated by Animated Java via MC-Build. It is not recommended to edit this file directly.
$data merge entity $(bone_left_leg4) { transformation: [-0.7249543615501794f,0.028818454423770408f,-0.5325510964724389f,1.2063626247796027f,-0.2728734107275003f,0.7521074746828023f,0.412158280572159f,-0.6354154235299442f,0.45823713881276884f,0.4934610858121262f,-0.597088671305866f,-1.6566579728093216f,0f,0f,0f,1f], start_interpolation: 0, interpolation_duration: 1 }
$data merge entity $(bone_left_leg3) { transformation: [-0.5367292977573775f,-0.8429859707964119f,0.03600436042070168f,0.571872874156f,-0.8277016668462391f,0.5343223046557231f,0.17149234807230862f,-0.24539196679267114f,-0.1638035763615358f,0.0622440984176665f,-0.9845273285101549f,-1.548441940964187f,0f,0f,0f,1f], start_interpolation: 0, interpolation_duration: 1 }
$data merge entity $(bone_left_leg2) { transformation: [-0.7362779277680601f,0.011443222931482866f,-0.6765824899674184f,0.5775944856217414f,-0.6765959378614115f,0.0032400941336459543f,0.7363473627707525f,-0.24377191972584816f,0.010618377983866278f,0.9999292747184401f,0.005356828356989696f,-1.048477303604967f,0f,0f,0f,1f], start_interpolation: 0, interpolation_duration: 1 }
$data merge entity $(bone_left_leg1) { transformation: [-0.7443804864221278f,-0.5704113785018058f,0.3471722205327295f,0.3125000000000001f,-0.6570010551263192f,0.7185591833284365f,-0.22808400561475944f,-0.14840145368978883f,-0.1193620752033894f,-0.39787379824517244f,-0.9096423119408531f,-0.9674409666874505f,0f,0f,0f,1f], start_interpolation: 0, interpolation_duration: 1 }
$data merge entity $(bone_right_leg4) { transformation: [-0.7743201730699824f,0.18118038127096214f,0.42142845065251805f,-1.1751253687588084f,0.17833940644311777f,0.8806812675228399f,-0.05094664997701415f,-0.5642072202825406f,-0.4226385283979554f,0.039675867688972695f,-0.7936009701586423f,-1.957256654682333f,0f,0f,0f,1f], start_interpolation: 0, interpolation_duration: 1 }
$data merge entity $(bone_right_leg3) { transformation: [-0.34029071082460816f,0.8356420399823884f,0.4311665723830594f,-0.5753417495459584f,0.9154645604069099f,0.39914509965441924f,-0.05106689789723759f,-0.2616567144231487f,-0.21477167123591068f,0.37734012566375297f,-0.900826042473572f,-1.6179499327799198f,0f,0f,0f,1f], start_interpolation: 0, interpolation_duration: 1 }
$data merge entity $(bone_right_leg2) { transformation: [-0.3590078507612133f,0.03687449220757548f,0.9326058304108163f,-0.5569045034421707f,0.9160011071390874f,0.20559897852808226f,0.3444866205648272f,-0.15885722515910758f,-0.17904003689616618f,0.977941374445648f,-0.10758872308739836f,-1.128979245557096f,0f,0f,0f,1f], start_interpolation: 0, interpolation_duration: 1 }
$data merge entity $(bone_right_leg1) { transformation: [-0.6752314398636665f,0.726644031459267f,-0.12669236032319936f,-0.3124999999999999f,0.7094404082473356f,0.6868072007711239f,0.15808281410320008f,-0.14840145368978883f,0.20188315869703832f,0.016861806355095016f,-0.9792644534143724f,-0.9674409666874506f,0f,0f,0f,1f], start_interpolation: 0, interpolation_duration: 1 }
$data merge entity $(bone_right_wing3) { transformation: [-1.1487544110756456f,0.028784144079427344f,0.21561619155440148f,-1.8195597301782311f,0.020569863225322588f,1.1680688515249036f,-0.04634225718225322f,-0.2561504097540191f,-0.21655426511085202f,-0.04173963492256913f,-1.148180133565893f,-0.07723887678298125f,0f,0f,0f,1f], start_interpolation: 0, interpolation_duration: 1 }
$data merge entity $(bone_right_wing2) { transformation: [-0.8085186381904055f,-0.42418138836406694f,-0.4078820435668449f,-1.2146424833520317f,-0.4477337493719117f,0.8932085615424661f,-0.041387863687422755f,0.15378200049306873f,0.3818796948936966f,0.14915969748149552f,-0.9120960932243523f,-0.811756998850929f,0f,0f,0f,1f], start_interpolation: 0, interpolation_duration: 1 }
$data merge entity $(bone_right_wing1) { transformation: [-0.9197740956679636f,-0.34712893187696686f,0.45511342399807037f,-0.7359658666392249f,-0.3009846496557885f,1.025987238560491f,0.17426858033997805f,0.30457566346540116f,-0.48686236732866656f,0.021512835147542313f,-0.9675295056555909f,-0.2795106105872157f,0f,0f,0f,1f], start_interpolation: 0, interpolation_duration: 1 }
$data merge entity $(bone_left_wing3) { transformation: [-1.136675940357483f,0.25021313828672925f,-0.11098089032667001f,1.3806888809931286f,0.21348668457479922f,1.1070817005800262f,0.3094335303852181f,-0.20253536706683356f,0.17130910103743568f,0.280569170876106f,-1.1220025393162898f,0.5625146128678611f,0f,0f,0f,1f], start_interpolation: 0, interpolation_duration: 1 }
$data merge entity $(bone_left_wing2) { transformation: [-0.7968737308981564f,0.086844604927386f,0.5978714507312246f,0.8640538830903832f,0.22190074578990424f,0.9625175250841095f,0.15594894332391324f,0.07231803948950866f,-0.5619184247044559f,0.2569397370999025f,-0.7862758138698506f,-0.29248843506320016f,0f,0f,0f,1f], start_interpolation: 0, interpolation_duration: 1 }
$data merge entity $(bone_left_wing1) { transformation: [-1.0394483359500757f,0.05347360474435092f,-0.3004976565588735f,0.27374959063565213f,0.005921504056715718f,1.0699100152272814f,0.16990764025545166f,0.036866461620397084f,0.305160947356368f,0.16138229154127967f,-1.0268610730262202f,0.13813933684208424f,0f,0f,0f,1f], start_interpolation: 0, interpolation_duration: 1 }
$data merge entity $(bone_beak_down) { transformation: [-0.2443431268001879f,0.9496245955029378f,0.49850733595543983f,0.42798424510671423f,0.9012835166448443f,0.4589464346725754f,-0.43249993378685536f,0.6051797304518609f,-0.5813643083384206f,0.3123800533280155f,-0.8800194561900192f,1.3542365486128656f,0f,0f,0f,1f], start_interpolation: 0, interpolation_duration: 1 }
$data merge entity $(bone_beak_up) { transformation: [-0.2443431268001879f,0.7932344052644636f,-0.7218556744185367f,0.5262238372933519f,0.9012835166448443f,-0.24944807090438295f,-0.5791922673399434f,0.6120767086401504f,-0.5813643083384206f,-0.7201075185184609f,-0.5945256115285321f,1.3236394924820316f,0f,0f,0f,1f], start_interpolation: 0, interpolation_duration: 1 }
$data merge entity $(bone_head) { transformation: [-0.2443431268001879f,1.0478889833241345f,-0.2285281492801699f,0.4119597626532669f,0.9012835166448443f,0.07356776734175417f,-0.6263192526440906f,0.2989170823181051f,-0.5813643083384206f,-0.3263685987288943f,-0.8749280420434178f,0.8861754714603228f,0f,0f,0f,1f], start_interpolation: 0, interpolation_duration: 1 }
$data merge entity $(bone_neck2) { transformation: [-0.21665498091847243f,0.5192347372651394f,-0.8267139208096224f,-0.10473643785274706f,0.9754096192327898f,0.08003992709424691f,-0.2053525864918475f,0.1705717157607004f,-0.04045607434441006f,-0.8508753714193107f,-0.523807606245547f,0.558795717556856f,0f,0f,0f,1f], start_interpolation: 0, interpolation_duration: 1 }
$data merge entity $(bone_neck1) { transformation: [-0.5712338283406253f,0.749670675636182f,-0.3341942420965745f,-0.2927206990320702f,0.8151890047601392f,0.5656550422074514f,-0.12450405512857837f,0.10053818475087509f,0.09570161899093932f,-0.3435523996663058f,-0.9342445872500607f,0.03328313722869691f,0f,0f,0f,1f], start_interpolation: 0, interpolation_duration: 1 }
$data merge entity $(bone_body3) { transformation: [-0.8975248509110019f,0.18874930000049142f,0.3985258382420249f,-0.03184521888077392f,0.23796373497333698f,0.9681876190848616f,0.07736921279376137f,0.2094056689397798f,-0.3712443977149333f,0.16427548812927437f,-0.913887936874738f,-0.5276296053099347f,0f,0f,0f,1f], start_interpolation: 0, interpolation_duration: 1 }
$data merge entity $(bone_body2) { transformation: [-0.9857593655790955f,0.10978426901914803f,0.12738087552309607f,9.497185941415759e-17f,0.10725478755189549f,0.993876457421005f,-0.026570621586084142f,0.20276301354325876f,-0.12951788957629337f,-0.012530030335336423f,-0.9914979145815178f,-0.7755040839553142f,0f,0f,0f,1f], start_interpolation: 0, interpolation_duration: 1 }
$data merge entity $(bone_tail2) { transformation: [-0.6666637641469592f,0.08504645712252121f,-0.7404907330306807f,-0.2529218893493381f,0.23166877586730805f,0.9679058090849618f,-0.09740597018524189f,-0.2570094216128441f,0.7084412494071408f,-0.23648561239638327f,-0.6649703386377147f,-2.418859407280612f,0f,0f,0f,1f], start_interpolation: 0, interpolation_duration: 1 }
$data merge entity $(bone_tail1) { transformation: [-0.9285707518934322f,0.15502527204726985f,-0.3372291857991178f,2.142469151333625e-16f,0.26191570893632554f,0.9174643426878348f,-0.2994316972345461f,-0.032435648686934576f,0.26297627296098014f,-0.3663691375144048f,-0.892534108556364f,-1.7494588258633392f,0f,0f,0f,1f], start_interpolation: 0, interpolation_duration: 1 }
$data merge entity $(bone_body1) { transformation: [-1f,2.1265768495757713e-17f,1.2060416625018976e-16f,1.2246467991473532e-16f,0f,0.984807753012208f,-0.17364817766693033f,0.03625000000000017f,-1.2246467991473532e-16f,-0.17364817766693033f,-0.984807753012208f,-1f,0f,0f,0f,1f], start_interpolation: 0, interpolation_duration: 1 }