# This file was generated by Animated Java via MC-Build. It is not recommended to edit this file directly.
$data merge entity $(bone_left_leg4) { transformation: [-0.6900167418340991f,0.03659511030179483f,-0.5766608135556411f,1.2121347036197099f,-0.3005207173066424f,0.7444268283990764f,0.40683657115504374f,-0.5993077270630369f,0.49352223299275516f,0.5044695184663701f,-0.5585215398533461f,-1.6949015911938294f,0f,0f,0f,1f], start_interpolation: 0, interpolation_duration: 1 }
$data merge entity $(bone_left_leg3) { transformation: [-0.5004892134600525f,-0.8657388157537256f,-0.0026172709975519626f,0.5629941712417625f,-0.8467632752552001f,0.48888530801067415f,0.20972150888832103f,-0.2457513403605514f,-0.18028450540527388f,0.10717956199128859f,-0.9777576584216205f,-1.5534070660490118f,0f,0f,0f,1f], start_interpolation: 0, interpolation_duration: 1 }
$data merge entity $(bone_left_leg2) { transformation: [-0.7136665456735282f,0.03174617677114128f,-0.6997658478711499f,0.5788672596273332f,-0.700466679768899f,-0.025002386710630153f,0.713247019757045f,-0.2582525337158665f,0.005147049635330372f,0.9991831968759217f,0.04008050599560692f,-1.053815467611051f,0f,0f,0f,1f], start_interpolation: 0, interpolation_duration: 1 }
$data merge entity $(bone_left_leg1) { transformation: [-0.7267590964711199f,-0.5977930882497228f,0.33832623211530694f,0.3125000000000001f,-0.6774199272758563f,0.7052831278606091f,-0.20899270725249958f,-0.17150330554164064f,-0.11368138733343615f,-0.38107628264694565f,-0.9175278791284385f,-0.9674409666874505f,0f,0f,0f,1f], start_interpolation: 0, interpolation_duration: 1 }
$data merge entity $(bone_right_leg4) { transformation: [-0.765894207032651f,0.1932793776639522f,0.4313341463455708f,-1.1845236976726803f,0.18565524799341288f,0.8783205166486057f,-0.06391556091149565f,-0.5463660117364053f,-0.43467021122493715f,0.03458543340717419f,-0.7873154737903394f,-1.9713714150374066f,0f,0f,0f,1f], start_interpolation: 0, interpolation_duration: 1 }
$data merge entity $(bone_right_leg3) { transformation: [-0.2989734156314233f,0.8454770005316986f,0.44247433633782923f,-0.5780705932950206f,0.9299111013754805f,0.36221126336306636f,-0.0637835733678537f,-0.27072109087861473f,-0.21419673266490621f,0.39239220464333086f,-0.8945099873398984f,-1.621170387346165f,0f,0f,0f,1f], start_interpolation: 0, interpolation_duration: 1 }
$data merge entity $(bone_right_leg2) { transformation: [-0.32010450780501887f,0.04497656587517802f,0.946314013742258f,-0.5555823103574317f,0.9318595506166174f,0.19502537825024782f,0.3059458771791894f,-0.17320840175349084f,-0.17079485357440538f,0.9797664060174873f,-0.1043403451790054f,-1.1312871843374213f,0f,0f,0f,1f], start_interpolation: 0, interpolation_duration: 1 }
$data merge entity $(bone_right_leg1) { transformation: [-0.6586168640828302f,0.7438708125191859f,-0.11349026666523036f,-0.3124999999999999f,0.7235368038090314f,0.6674675436546756f,0.17601582798545362f,-0.17150330554164064f,0.206684106499532f,0.03381260785032679f,-0.9778232906158709f,-0.9674409666874506f,0f,0f,0f,1f], start_interpolation: 0, interpolation_duration: 1 }
$data merge entity $(bone_right_wing3) { transformation: [-1.1481670005408076f,0.04360980479477411f,0.21625514969925877f,-1.8158475101629068f,0.03690096093461545f,1.1679150596441115f,-0.03960174889012152f,-0.3060747992456604f,-0.21750039983363004f,-0.03206500208663574f,-1.1483122300532886f,-0.0923650598074337f,0f,0f,0f,1f], start_interpolation: 0, interpolation_duration: 1 }
$data merge entity $(bone_right_wing2) { transformation: [-0.8053689822464334f,-0.4345238842672595f,-0.4031994499458515f,-1.212029975499777f,-0.46298114322312867f,0.8858634643979038f,-0.02990624457782938f,0.12305469102914099f,0.37017463913016646f,0.16258818052440766f,-0.9146233214272494f,-0.8167534870581937f,0f,0f,0f,1f], start_interpolation: 0, interpolation_duration: 1 }
$data merge entity $(bone_right_wing1) { transformation: [-0.9142021177793058f,-0.3583278012766922f,0.4576535652555921f,-0.7374756081218925f,-0.3023519284716524f,1.021663337454608f,0.19595521774552416f,0.2697114415410302f,-0.49641606572351754f,0.03763406494699179f,-0.9621672816918379f,-0.27968161111246037f,0f,0f,0f,1f], start_interpolation: 0, interpolation_duration: 1 }
$data merge entity $(bone_left_wing3) { transformation: [-1.1368218200399798f,0.25042692700974717f,-0.10898655736376224f,1.3786419197888065f,0.2111742832675838f,1.1018482333067479f,0.3290766762044723f,-0.24412886506501713f,0.1731968173609784f,0.30028718081832195f,-1.1165957359173346f,0.5591791594864762f,0f,0f,0f,1f], start_interpolation: 0, interpolation_duration: 1 }
$data merge entity $(bone_left_wing2) { transformation: [-0.7960737772682572f,0.08058752322012619f,0.5998101301637832f,0.8635569662090357f,0.22765973765113473f,0.9581741533640156f,0.17341665340378512f,0.04330983782900837f,-0.5607473450659088f,0.27460506718995126f,-0.7811238519435549f,-0.29261471863153743f,0f,0f,0f,1f], start_interpolation: 0, interpolation_duration: 1 }
$data merge entity $(bone_left_wing1) { transformation: [-1.0403657491244713f,0.04973456635222505f,-0.29795417780179656f,0.27208351260353586f,-0.0032852589211903676f,1.0666234014615013f,0.18951210420347575f,-0.002508600533318389f,0.30205864701016133f,0.18289916204172302f,-1.0241677506160487f,0.1354227498055377f,0f,0f,0f,1f], start_interpolation: 0, interpolation_duration: 1 }
$data merge entity $(bone_beak_down) { transformation: [-0.21561320033807524f,0.9722967774184387f,0.46706522506143955f,0.4704259921548f,0.9498404499305317f,0.3968668916163478f,-0.3876851686801332f,0.45017196299905493f,-0.5111888765571275f,0.3273158214332118f,-0.917360499217055f,1.3658679464014956f,0f,0f,0f,1f], start_interpolation: 0, interpolation_duration: 1 }
$data merge entity $(bone_beak_up) { transformation: [-0.21561320033807524f,0.7714428285836845f,-0.7539143917360762f,0.5683990811850032f,0.9498404499305317f,-0.22856842104502528f,-0.5055290264433381f,0.45531119307034673f,-0.5111888765571275f,-0.7500882875553974f,-0.6213320314907914f,1.3340933061178633f,0f,0f,0f,1f], start_interpolation: 0, interpolation_duration: 1 }
$data merge entity $(bone_head) { transformation: [-0.21561320033807524f,1.045046282988833f,-0.26718760123029267f,0.4348052805698568f,0.9498404499305317f,0.05481845409377939f,-0.5520851897728587f,0.17926859818391738f,-0.5111888765571275f,-0.3389294963587455f,-0.9131334672337168f,0.8775265725010049f,0f,0f,0f,1f], start_interpolation: 0, interpolation_duration: 1 }
$data merge entity $(bone_neck2) { transformation: [-0.1734903393019387f,0.5038674512736976f,-0.8461788780842066f,-0.09405651823277231f,0.9841778546678048f,0.12009917992544378f,-0.13026947978215478f,0.09785017332007065f,0.03598683857156065f,-0.8553910091462171f,-0.5167312347066322f,0.5545695508093598f,0f,0f,0f,1f], start_interpolation: 0, interpolation_duration: 1 }
$data merge entity $(bone_neck1) { transformation: [-0.5580977442238848f,0.7495072709858083f,-0.3560417933777126f,-0.29433002700773564f,0.8149733250951956f,0.5758020449643206f,-0.0653489433593787f,0.06109139268042013f,0.15603008452055697f,-0.3266356620981745f,-0.932182255232417f,0.030217032241125152f,0f,0f,0f,1f], start_interpolation: 0, interpolation_duration: 1 }
$data merge entity $(bone_body3) { transformation: [-0.8973858850892698f,0.1844943246384072f,0.40082467166925495f,-0.03228371192455085f,0.2419733707327543f,0.965382993389253f,0.09738872589285968f,0.18229578345028574f,-0.36898165414933165f,0.18438416485973927f,-0.9109637855865618f,-0.5276113234467422f,0f,0f,0f,1f], start_interpolation: 0, interpolation_duration: 1 }
$data merge entity $(bone_body2) { transformation: [-0.9857593655790955f,0.10771566405616621f,0.1291348476982038f,9.497185941415759e-17f,0.10725478755189546f,0.99417571426695f,-0.01053848703551516f,0.17966116169140695f,-0.12951788957629337f,0.0034619183611242776f,-0.991571042034288f,-0.7755040839553142f,0f,0f,0f,1f], start_interpolation: 0, interpolation_duration: 1 }
$data merge entity $(bone_tail2) { transformation: [-0.6712435535016658f,0.08219715273741306f,-0.736665269959375f,-0.24858319770254744f,0.22300010439387485f,0.9701839142752199f,-0.09494275076030456f,-0.26849391700033154f,0.7068967713342431f,-0.22800614150385246f,-0.6695596718095764f,-2.424259506440821f,0f,0f,0f,1f], start_interpolation: 0, interpolation_duration: 1 }
$data merge entity $(bone_tail1) { transformation: [-0.9295845106066114f,0.1612989081322892f,-0.3314442636033969f,2.142469151333625e-16f,0.2613172835761967f,0.9225455442382673f,-0.2839418886153935f,-0.055537500538786394f,0.2599729119439645f,-0.35056009619101014f,-0.899734240769976f,-1.7494588258633392f,0f,0f,0f,1f], start_interpolation: 0, interpolation_duration: 1 }
$data merge entity $(bone_body1) { transformation: [-1f,2.1265768495757713e-17f,1.2060416625018976e-16f,1.2246467991473532e-16f,0f,0.984807753012208f,-0.17364817766693033f,0.013148148148148353f,-1.2246467991473532e-16f,-0.17364817766693033f,-0.984807753012208f,-1f,0f,0f,0f,1f], start_interpolation: 0, interpolation_duration: 1 }