# This file was generated by Animated Java via MC-Build. It is not recommended to edit this file directly.
$data merge entity $(bone_left_leg4) { transformation: [-0.4965748631873822f,0.06512103730709123f,-0.7477784804007674f,1.1896916497963725f,-0.4165043336782938f,0.722003427680712f,0.339463091431901f,-0.4356530141822498f,0.6244497940408283f,0.5333575732258343f,-0.3682283989659346f,-1.8401775092068076f,0f,0f,0f,1f], start_interpolation: 0, interpolation_duration: 1 }
$data merge entity $(bone_left_leg3) { transformation: [-0.3463405943487452f,-0.9189507104300791f,-0.18862074251314614f,0.5122674133808847f,-0.9014774753544352f,0.2703820898778161f,0.33798208074082536f,-0.2539903268201893f,-0.25958920265440805f,0.28709426548323314f,-0.9220576601232112f,-1.567228206336682f,0f,0f,0f,1f], start_interpolation: 0, interpolation_duration: 1 }
$data merge entity $(bone_left_leg2) { transformation: [-0.6125441678726206f,0.1356850118545705f,-0.7787035507580942f,0.5801099193081699f,-0.7901602252078567f,-0.13114979872084304f,0.5987040577739149f,-0.3195652261806108f,-0.020891646768696717f,0.9820332519082575f,0.18754794384845863f,-1.0762115803825534f,0f,0f,0f,1f], start_interpolation: 0, interpolation_duration: 1 }
$data merge entity $(bone_left_leg1) { transformation: [-0.6453676833590181f,-0.7064561635592849f,0.29055161717827527f,0.3125000000000001f,-0.758487656116697f,0.6377346309559399f,-0.1341305930729082f,-0.26965145368978893f,-0.09053744415662057f,-0.30694336521349985f,-0.9474116010251293f,-0.9674409666874505f,0f,0f,0f,1f], start_interpolation: 0, interpolation_duration: 1 }
$data merge entity $(bone_right_leg4) { transformation: [-0.7304973286523181f,0.24738362503886951f,0.4638695882405477f,-1.2059100127474254f,0.21311502965711976f,0.8652989209578905f,-0.12585611436618963f,-0.465248240896383f,-0.4805784399721571f,0.007688917462064431f,-0.760910798702574f,-2.0267446941832103f,0f,0f,0f,1f], start_interpolation: 0, interpolation_duration: 1 }
$data merge entity $(bone_right_leg3) { transformation: [-0.11885948983116383f,0.8689822098515897f,0.4803564724644847f,-0.5841956348877634f,0.9712417381987762f,0.20227420049777617f,-0.1255971090177043f,-0.3056927712094444f,-0.20630537476686148f,0.4516138469693253f,-0.8680340002372438f,-1.6337821839413886f,0f,0f,0f,1f], start_interpolation: 0, interpolation_duration: 1 }
$data merge entity $(bone_right_leg2) { transformation: [-0.14917199319639463f,0.07514532761910732f,0.9859517717326909f,-0.5466229710782097f,0.980206918080729f,0.1424918074219176f,0.137442651910948f,-0.23444686749848556f,-0.13016187687834602f,0.9869393418820894f,-0.09491375692097602f,-1.140312513000344f,0f,0f,0f,1f], start_interpolation: 0, interpolation_duration: 1 }
$data merge entity $(bone_right_leg1) { transformation: [-0.5850321853818405f,0.8095216362793016f,-0.049112752549923276f,-0.3124999999999999f,0.7783742243860554f,0.5774654722112129f,0.246307115640794f,-0.26965145368978893f,0.2277518581236045f,0.10586948946492068f,-0.9679466629529141f,-0.9674409666874506f,0f,0f,0f,1f], start_interpolation: 0, interpolation_duration: 1 }
$data merge entity $(bone_right_wing3) { transformation: [-1.143660046625382f,0.10618798192539021f,0.2184522287000154f,-1.7970904429065375f,0.10629455149499337f,1.1642883516866025f,-0.00946934136749682f,-0.5147143888104031f,-0.21840039389128652f,0.010597763823987541f,-1.1485401696617423f,-0.16329156550222124f,0f,0f,0f,1f], start_interpolation: 0, interpolation_duration: 1 }
$data merge entity $(bone_right_wing2) { transformation: [-0.7899327788175297f,-0.4789262601136938f,-0.38293059726682355f,-1.1997513182357267f,-0.5250989602980409f,0.8508270818686776f,0.019088180970089713f,-0.006474868757233951f,0.31666589150638286f,0.21615483832739169f,-0.9235798823188641f,-0.8403180705362809f,0f,0f,0f,1f], start_interpolation: 0, interpolation_duration: 1 }
$data merge entity $(bone_right_wing1) { transformation: [-0.8888173224079114f,-0.40671993886330277f,0.46711215979652354f,-0.7434892851222112f,-0.30632616884858394f,0.9987697615993857f,0.2867653268865782f,0.12174781680746476f,-0.5383113938765283f,0.10319382615664728f,-0.9344426084982275f,-0.28305677630735476f,0f,0f,0f,1f], start_interpolation: 0, interpolation_duration: 1 }
$data merge entity $(bone_left_wing3) { transformation: [-1.1373084086923606f,0.25128153628970573f,-0.10169925768705944f,1.3702972906300763f,0.2008869767184996f,1.0757640130443407f,0.41149942503021714f,-0.42056105282263806f,0.18201530726593987f,0.38281189079648964f,-1.089624270178608f,0.5414305129405503f,0f,0f,0f,1f], start_interpolation: 0, interpolation_duration: 1 }
$data merge entity $(bone_left_wing2) { transformation: [-0.7926786854318023f,0.05390583607370608f,0.6072517291035942f,0.8614714335262248f,0.25229662515041157f,0.9357880391775433f,0.2462664383751095f,-0.0800450913862638f,-0.5549837066075209f,0.3484177185067423f,-0.7553794932553659f,-0.2944112515547354f,0f,0f,0f,1f], start_interpolation: 0, interpolation_duration: 1 }
$data merge entity $(bone_left_wing1) { transformation: [-1.0437797447506731f,0.0335512938451761f,-0.288113287164347f,0.2655604310108392f,-0.041455466184706746f,1.0477597094844437f,0.2721987263298523f,-0.16916845869498592f,0.28708256631627677f,0.27328558866778874f,-1.0082210562445477f,0.12044215927933588f,0f,0f,0f,1f], start_interpolation: 0, interpolation_duration: 1 }
$data merge entity $(bone_beak_down) { transformation: [-0.06800104471467744f,1.0415227222227164f,0.3472841444861771f,0.606032642092805f,1.0811883666193194f,0.12399925025206532f,-0.16017459793604774f,-0.21688277848458587f,-0.19080768801272444f,0.33144321539399374f,-1.0313766630889658f,1.311210065276001f,0f,0f,0f,1f], start_interpolation: 0, interpolation_duration: 1 }
$data merge entity $(bone_beak_up) { transformation: [-0.06800104471467744f,0.682562098621162f,-0.8599330435816432f,0.7017591394856644f,1.0811883666193194f,-0.10810464637436698f,-0.1713041193880694f,-0.2176299013283328f,-0.19080768801272444f,-0.8558167835221206f,-0.6642063378477283f,1.272861074033059f,0f,0f,0f,1f], start_interpolation: 0, interpolation_duration: 1 }
$data merge entity $(bone_head) { transformation: [-0.06800104471467744f,1.0210826388571672f,-0.4034428119847929f,0.500037733493268f,1.0811883666193194f,-0.00796931033330045f,-0.20240604235017395f,-0.31883292250341977f,-0.19080768801272444f,-0.40905590659138f,-1.0031279536918225f,0.7712970971871478f,0f,0f,0f,1f], start_interpolation: 0, interpolation_duration: 1 }
$data merge entity $(bone_neck2) { transformation: [0.020612817149498162f,0.4526390058928808f,-0.891455574952261f,-0.057122000851895144f,0.937703415136762f,0.3005576452729002f,0.17429115614070317f,-0.20990094991548028f,0.34682476412449986f,-0.8395135688077433f,-0.41824580186496935f,0.5098934710215419f,0f,0f,0f,1f], start_interpolation: 0, interpolation_duration: 1 }
$data merge entity $(bone_neck1) { transformation: [-0.49926800153195916f,0.750615027452646f,-0.4327915701680748f,-0.3005672590714372f,0.7656254079048884f,0.6160455047774964f,0.18521790090029847f,-0.10571588065906239f,0.40564664107663573f,-0.23888285121729247f,-0.8822617445959786f,0.01362123968630391f,0f,0f,0f,1f], start_interpolation: 0, interpolation_duration: 1 }
$data merge entity $(bone_body3) { transformation: [-0.8969330810071561f,0.16599436306679455f,0.409825474592612f,-0.034051689759380055f,0.2585922448910673f,0.9487498188901681f,0.18166956827733044f,0.06712446319490463f,-0.35866572052150286f,0.2689231350886765f,-0.8938899531468448f,-0.5282522850874318f,0f,0f,0f,1f], start_interpolation: 0, interpolation_duration: 1 }
$data merge entity $(bone_body2) { transformation: [-0.9857593655790955f,0.0986214579368707f,0.1362067590375206f,9.497185941415759e-17f,0.10725478755189546f,0.9925643175377422f,0.057554201393415994f,0.08151301354325863f,-0.1295178895762934f,0.07134342005568672f,-0.9890071954715298f,-0.7755040839553142f,0f,0f,0f,1f], start_interpolation: 0, interpolation_duration: 1 }
$data merge entity $(bone_tail2) { transformation: [-0.6909527050495581f,0.06934661274467652f,-0.7195661239146394f,-0.22918965464090502f,0.1861301904794968f,0.9788942158812706f,-0.08438996567281311f,-0.31658030698463857f,0.698526958375097f,-0.19224245476749457f,-0.6892771046598047f,-2.4447554765842074f,0f,0f,0f,1f], start_interpolation: 0, interpolation_duration: 1 }
$data merge entity $(bone_tail1) { transformation: [-0.9337848517844821f,0.18617980869453876f,-0.30558620618787363f,2.142469151333625e-16f,0.2587383835795179f,0.9412128891626492f,-0.2171928777302718f,-0.1536856486869347f,0.24718474758870324f,-0.2818783001732547f,-0.9270622009611575f,-1.7494588258633392f,0f,0f,0f,1f], start_interpolation: 0, interpolation_duration: 1 }
$data merge entity $(bone_body1) { transformation: [-1f,2.1265768495757713e-17f,1.2060416625018976e-16f,1.2246467991473532e-16f,0f,0.984807753012208f,-0.17364817766693033f,-0.08499999999999996f,-1.2246467991473532e-16f,-0.17364817766693033f,-0.984807753012208f,-1f,0f,0f,0f,1f], start_interpolation: 0, interpolation_duration: 1 }