# This file was generated by Animated Java via MC-Build. It is not recommended to edit this file directly.
$data merge entity $(bone_left_leg4) { transformation: [-0.4271028483790479f,0.0708755738793402f,-0.7890245939980436f,1.1688194604440696f,-0.44682503652409844f,0.7186464801159963f,0.3064222957816988f,-0.38705694402388235f,0.6541640036273333f,0.5371441981853317f,-0.3058521974975736f,-1.8763899025216753f,0f,0f,0f,1f], start_interpolation: 0, interpolation_duration: 1 }
$data merge entity $(bone_left_leg3) { transformation: [-0.302605148164244f,-0.9204663122774293f,-0.24732952162426017f,0.49392782133751384f,-0.9094660112285612f,0.20122463086352926f,0.3638409300145416f,-0.25887852900214425f,-0.2851345274155804f,0.33503793202595084f,-0.8980244347339705f,-1.568984926331339f,0f,0f,0f,1f], start_interpolation: 0, interpolation_duration: 1 }
$data merge entity $(bone_left_leg2) { transformation: [-0.5819721438117874f,0.1705562188636461f,-0.7951220032385268f,0.5792059307693369f,-0.8126822798109502f,-0.15715571475526044f,0.5611145991694024f,-0.3374563863797745f,-0.029256382353061577f,0.9727346285224447f,0.2300682650104361f,-1.0826176120701165f,0f,0f,0f,1f], start_interpolation: 0, interpolation_duration: 1 }
$data merge entity $(bone_left_leg1) { transformation: [-0.619804738114632f,-0.7354507931657799f,0.27377767886092846f,0.3125000000000001f,-0.7802340909398936f,0.6149140895059626f,-0.11452259978821012f,-0.2982162685046038f,-0.08412401527417734f,-0.2845923283556291f,-0.9549504472459667f,-0.9674409666874505f,0f,0f,0f,1f], start_interpolation: 0, interpolation_duration: 1 }
$data merge entity $(bone_right_leg4) { transformation: [-0.7206056007074169f,0.2638285266798151f,0.47023619250230075f,-1.2063977767526426f,0.22005519674686894f,0.8604603867831054f,-0.14554598298051963f,-0.4405073166580983f,-0.49224310925984477f,-0.0015592584862627367f,-0.7534549024985989f,-2.0413360039987953f,0f,0f,0f,1f], start_interpolation: 0, interpolation_duration: 1 }
$data merge entity $(bone_right_leg3) { transformation: [-0.06569694253481698f,0.87033168694471f,0.48806420319621113f,-0.5841530242438734f,0.9770856977836592f,0.15534877673372793f,-0.14550016066642188f,-0.31490197406615095f,-0.2024535772175862f,0.4673216368490869f,-0.8605945832995305f,-1.6370576149057594f,0f,0f,0f,1f], start_interpolation: 0, interpolation_duration: 1 }
$data merge entity $(bone_right_leg2) { transformation: [-0.09827862832232762f,0.08230581881663722f,0.9917494962963201f,-0.5430001148355548f,0.9882917583861058f,0.12494591571991936f,0.08756665147766049f,-0.2524290162061913f,-0.1167078040286125f,0.9887437839672284f,-0.09362167561513342f,-1.1426857229221452f,0f,0f,0f,1f], start_interpolation: 0, interpolation_duration: 1 }
$data merge entity $(bone_right_leg1) { transformation: [-0.5628000744955108f,0.8261181477179816f,-0.02801574840797027f,-0.3124999999999999f,0.7927527137606037f,0.5490477434614557f,0.2647446132125864f,-0.2982162685046038f,0.2340923129302752f,0.12678872745987607f,-0.9639115144120124f,-0.9674409666874506f,0f,0f,0f,1f], start_interpolation: 0, interpolation_duration: 1 }
$data merge entity $(bone_right_wing3) { transformation: [-1.1418049930524978f,0.12321762067344358f,0.2192130054821638f,-1.7901414850525614f,0.12533603777050642f,1.1624311293130325f,-0.0005596575561084013f,-0.575156747946966f,-0.2180087187544067f,0.02295329031239873f,-1.1484341126017892f,-0.18582678589767787f,0f,0f,0f,1f], start_interpolation: 0, interpolation_duration: 1 }
$data merge entity $(bone_right_wing2) { transformation: [-0.7843825307265395f,-0.49275585652330023f,-0.37674356179371987f,-1.195578957432527f,-0.5428657402282425f,0.8391845176335327f,0.03265169904641013f,-0.04447308655431828f,0.300068048244847f,0.23013259487991672f,-0.9257419484912437f,-0.8479118109556154f,0f,0f,0f,1f], start_interpolation: 0, interpolation_duration: 1 }
$data merge entity $(bone_right_wing1) { transformation: [-0.8805015179094101f,-0.4219287875749621f,0.46936583416974254f,-0.7451143404907264f,-0.307915864937752f,0.9904560552783392f,0.31272309443534657f,0.0787681905557136f,-0.5509228695470644f,0.12076428234004115f,-0.9249384255354699f,-0.28484035323486995f,0f,0f,0f,1f], start_interpolation: 0, interpolation_duration: 1 }
$data merge entity $(bone_left_wing3) { transformation: [-1.1373781081327317f,0.25164461757156065f,-0.10000795750455362f,1.3680004987834016f,0.19781774859471885f,1.0670097407919041f,0.43510219187298127f,-0.47186085846759834f,0.18491820748072993f,0.40635054507040946f,-1.080573947973787f,0.5350780421870032f,0f,0f,0f,1f], start_interpolation: 0, interpolation_duration: 1 }
$data merge entity $(bone_left_wing2) { transformation: [-0.7917246024417732f,0.046230048420327505f,0.6091263715449118f,0.860845575521207f,0.2595632463115759f,0.9281019743636532f,0.2669337864461624f,-0.1160227885831241f,-0.5529910261953732f,0.36944486436455354f,-0.7468007881236096f,-0.2953793498306783f,0f,0f,0f,1f], start_interpolation: 0, interpolation_duration: 1 }
$data merge entity $(bone_left_wing1) { transformation: [-1.0446054293470148f,0.028874826873764897f,-0.2856166179739194f,0.2638344264295829f,-0.05216609579787996f,1.0408010028343122f,0.2960119626964555f,-0.21743864846172997f,0.28229294454352916f,0.2991832682206868f,-1.0022031613344886f,0.11504574836067416f,0f,0f,0f,1f], start_interpolation: 0, interpolation_duration: 1 }
$data merge entity $(bone_beak_down) { transformation: [-0.018987305944415778f,1.0530571064966063f,0.31734872407175135f,0.6316125760522007f,1.0957144432526984f,0.04556409943961341f,-0.08563744326920425f,-0.40735806419955034f,-0.09512802457952305f,0.31463414197962125f,-1.0497409278676075f,1.2642850149244707f,0f,0f,0f,1f], start_interpolation: 0, interpolation_duration: 1 }
$data merge entity $(bone_beak_up) { transformation: [-0.018987305944415778f,0.6583769967201315f,-0.8810103361497827f,0.7263634859742472f,1.0957144432526984f,-0.06488903368220147f,-0.07210597863713712f,-0.40924642941304173f,-0.09512802457952305f,-0.8788225893191242f,-0.6546919240696555f,1.2236221968868f,0f,0f,0f,1f], start_interpolation: 0, interpolation_duration: 1 }
$data merge entity $(bone_head) { transformation: [-0.018987305944415778f,1.0106763725018293f,-0.43378883374231403f,0.5094690691030901f,1.0957144432526984f,-0.02014256227724201f,-0.09489012610559952f,-0.4566914924658415f,-0.09512802457952305f,-0.43373672573515276f,-1.0063911325563966f,0.7204266306086018f,0f,0f,0f,1f], start_interpolation: 0, interpolation_duration: 1 }
$data merge entity $(bone_neck2) { transformation: [0.07831948809399499f,0.4423065695295305f,-0.8934377182186306f,-0.04892950478355401f,0.9001198633694103f,0.3538670631110851f,0.2540911907425547f,-0.29788449825174484f,0.42854438434370895f,-0.824101328840182f,-0.3704142416961281f,0.4889177295485217f,0f,0f,0f,1f], start_interpolation: 0, interpolation_duration: 1 }
$data merge entity $(bone_neck1) { transformation: [-0.4819350802177639f,0.7516723139617132f,-0.4502524968047833f,-0.3021965342362446f,0.7369072378969743f,0.6257130781727268f,0.2558336696736051f,-0.15397805906034198f,0.474031962203552f,-0.20849910366007524f,-0.8554658512076303f,0.007718188244229651f,0f,0f,0f,1f], start_interpolation: 0, interpolation_duration: 1 }
$data merge entity $(bone_body3) { transformation: [-0.8968433483736082f,0.16049166254831412f,0.4122067863712252f,-0.03453656384495915f,0.26329496801550545f,0.9424867370232134f,0.20589927234706357f,0.03361440722052359f,-0.3554543125293725f,0.29319136547281593f,-0.8875196081870287f,-0.5286571065306123f,0f,0f,0f,1f], start_interpolation: 0, interpolation_duration: 1 }
$data merge entity $(bone_body2) { transformation: [-0.9857593655790955f,0.09588579299160026f,0.138146255379837f,9.497185941415759e-17f,0.10725478755189546f,0.9912192908948303f,0.07733516603168064f,0.05294819872844375f,-0.1295178895762934f,0.09105071147619781f,-0.9873879096988079f,-0.7755040839553142f,0f,0f,0f,1f], start_interpolation: 0, interpolation_duration: 1 }
$data merge entity $(bone_tail2) { transformation: [-0.6967495612593515f,0.06538467753092597f,-0.7143282808548725f,-0.22327434602481291f,0.1754042090705676f,0.9811354146811699f,-0.08128137239698352f,-0.3303848070403974f,0.6955382177315848f,-0.18192894767624337f,-0.6950744173627634f,-2.4499620611674784f,0f,0f,0f,1f], start_interpolation: 0, interpolation_duration: 1 }
$data merge entity $(bone_tail1) { transformation: [-0.934974797653912f,0.19286616323338707f,-0.2976991280330842f,2.142469151333625e-16f,0.2579768156322305f,0.9457466846416626f,-0.1975124580515304f,-0.1822504635017496f,0.24345449338280925f,-0.26146864356732313f,-0.9340043137388518f,-1.7494588258633392f,0f,0f,0f,1f], start_interpolation: 0, interpolation_duration: 1 }
$data merge entity $(bone_body1) { transformation: [-1f,2.1265768495757713e-17f,1.2060416625018976e-16f,1.2246467991473532e-16f,0f,0.984807753012208f,-0.17364817766693033f,-0.11356481481481484f,-1.2246467991473532e-16f,-0.17364817766693033f,-0.984807753012208f,-1f,0f,0f,0f,1f], start_interpolation: 0, interpolation_duration: 1 }