# This file was generated by Animated Java via MC-Build. It is not recommended to edit this file directly.
$data merge entity $(bone_left_leg4) { transformation: [-0.33000421748313197f,0.07587360627606742f,-0.8338707407710199f,1.132666876502914f,-0.48131368643471495f,0.7162267142218908f,0.25564903497869673f,-0.30014047663514065f,0.6851527944144796f,0.5396873999877875f,-0.22204314580831075f,-1.918402103669545f,0f,0f,0f,1f], start_interpolation: 0, interpolation_duration: 1 }
$data merge entity $(bone_left_leg3) { transformation: [-0.24791742250811571f,-0.9128857296864683f,-0.32430941422002485f,0.4682719176268143f,-0.9146356590419769f,0.11020915011830135f,0.3889672922483974f,-0.24179406981193946f,-0.3193408254917949f,0.39305672334283337f,-0.8622806094359381f,-1.5697170230726738f,0f,0f,0f,1f], start_interpolation: 0, interpolation_duration: 1 }
$data merge entity $(bone_left_leg2) { transformation: [-0.5421637170747956f,0.2178790458325343f,-0.8115338719207873f,0.5772114405430815f,-0.8392968834135801f,-0.1869532526170965f,0.510518582255474f,-0.3352706961204877f,-0.04048759538293659f,0.9579025016790547f,0.2842244744864788f,-1.0907657722331465f,0f,0f,0f,1f], start_interpolation: 0, interpolation_duration: 1 }
$data merge entity $(bone_left_leg1) { transformation: [-0.5857603449809206f,-0.770807893388649f,0.25047955952050494f,0.3125000000000001f,-0.8069035724624068f,0.5836424412911572f,-0.0909292333141739f,-0.30965145368978897f,-0.07610153083373786f,-0.2553755904808666f,-0.9638422406137377f,-0.9674409666874505f,0f,0f,0f,1f], start_interpolation: 0, interpolation_duration: 1 }
$data merge entity $(bone_right_leg4) { transformation: [-0.7083479746222731f,0.2853261413693188f,0.476268978519302f,-1.2031806988918519f,0.22835618696117843f,0.8534550547944727f,-0.17166223033129602f,-0.38296967874911786f,-0.5060598766204203f,-0.014264028079724916f,-0.7441101657536107f,-2.0590072416939424f,0f,0f,0f,1f], start_interpolation: 0, interpolation_duration: 1 }
$data merge entity $(bone_right_leg3) { transformation: [0.0027194517387596137f,0.8685112623548285f,0.4956619732691454f,-0.5827761254550521f,0.9804903752320026f,0.09510641936697561f,-0.17202730327654359f,-0.30088815776910216f,-0.19654828582220576f,0.48645961410790867f,-0.8513082962019912f,-1.6409557626003863f,0f,0f,0f,1f], start_interpolation: 0, interpolation_duration: 1 }
$data merge entity $(bone_right_leg2) { transformation: [-0.032474897117572586f,0.09020940124998901f,0.9953932112403227f,-0.5376714248300576f,0.9946185022548935f,0.10095102940449002f,0.02330074321575128f,-0.2504126430668571f,-0.0983840232427789f,0.9907931941572329f,-0.09300231385439862f,-1.1455591655217698f,0f,0f,0f,1f], start_interpolation: 0, interpolation_duration: 1 }
$data merge entity $(bone_right_leg1) { transformation: [-0.5337287533498787f,0.845655546746729f,0.0005604498863404424f,-0.3124999999999999f,0.8101731133726829f,0.5111441126381675f,0.2869690270453487f,-0.30965145368978897f,0.24239047880557965f,0.1536176824842474f,-0.957939697169175f,-0.9674409666874506f,0f,0f,0f,1f], start_interpolation: 0, interpolation_duration: 1 }
$data merge entity $(bone_right_wing3) { transformation: [-1.1401296967578114f,0.122710573312768f,0.22803937323355966f,-1.7679962379302085f,0.126127212834355f,1.1623343486898512f,0.005133616165870497f,-0.6456346775394078f,-0.22616756339081942f,0.029606469386824683f,-1.146702775882604f,-0.21710796111423936f,0f,0f,0f,1f], start_interpolation: 0, interpolation_duration: 1 }
$data merge entity $(bone_right_wing2) { transformation: [-0.7678571760466343f,-0.5278563292886858f,-0.3629918082044867f,-1.183597789093833f,-0.5772767707835831f,0.8158059865939389f,0.03481554467717235f,-0.08127394036120399f,0.27775328460230075f,0.23628010467951882f,-0.9311416782774088f,-0.8601178673010046f,0f,0f,0f,1f], start_interpolation: 0, interpolation_duration: 1 }
$data merge entity $(bone_right_wing1) { transformation: [-0.8593297474798695f,-0.4611007754476546f,0.47175159892560675f,-0.7471196644836711f,-0.33108389054108706f,0.9715529745293721f,0.3465247267056384f,0.04886974555010777f,-0.5705672209577697f,0.1306981395269711f,-0.9115822254760276f,-0.2876620019679521f,0f,0f,0f,1f], start_interpolation: 0, interpolation_duration: 1 }
$data merge entity $(bone_left_wing3) { transformation: [-1.1368382917587054f,0.25482042644401737f,-0.09808575143516024f,1.3649635320835505f,0.19631762531945016f,1.054722707075386f,0.4647310697005991f,-0.5145590105421392f,0.18977263858797663f,0.43541029779165796f,-1.0683444127232096f,0.5252847958353025f,0f,0f,0f,1f], start_interpolation: 0, interpolation_duration: 1 }
$data merge entity $(bone_left_wing2) { transformation: [-0.790442754954275f,0.03872330122441536f,0.6113106878524042f,0.8599177482077962f,0.2703080563004634f,0.9176194484044464f,0.29138994939596763f,-0.13854447743864806f,-0.549666995406639f,0.39556927819561805f,-0.7357928650839418f,-0.29753241060200164f,0f,0f,0f,1f], start_interpolation: 0, interpolation_duration: 1 }
$data merge entity $(bone_left_wing1) { transformation: [-1.0454502531113545f,0.025375168965456874f,-0.28284444519998997f,0.26173072877943426f,-0.06328838076082254f,1.0310440259544429f,0.3264259617668882f,-0.2540373256369135f,0.2768383287068261f,0.3315349581186566f,-0.9935070318901537f,0.10742430535967351f,0f,0f,0f,1f], start_interpolation: 0, interpolation_duration: 1 }
$data merge entity $(bone_beak_down) { transformation: [0.04681607404635135f,1.062076723187242f,0.28249121981884306f,0.6553628719810559f,1.0986849464571125f,-0.05203510139383376f,0.013554949334660633f,-0.620367343911127f,0.026450777671333484f,0.28157660109956745f,-1.0630216244619852f,1.1845623819121056f,0f,0f,0f,1f], start_interpolation: 0, interpolation_duration: 1 }
$data merge entity $(bone_beak_up) { transformation: [0.04681607404635135f,0.6287065477879339f,-0.9014079719968453f,0.7486609808474673f,1.0986849464571125f,-0.005059566971777282f,0.053533066515844926f,-0.6232874920474674f,0.026450777671333484f,-0.9026087067775477f,-0.6281702625960142f,1.1407251689325713f,0f,0f,0f,1f], start_interpolation: 0, interpolation_duration: 1 }
$data merge entity $(bone_head) { transformation: [0.04681607404635135f,0.9951798279083885f,-0.46628892902911306f,0.5155165163329108f,1.0986849464571125f,-0.031148246787630285f,0.04383121205931517f,-0.6013718860178098f,0.026450777671333484f,-0.4675969384483687f,-0.9953157586988638f,0.6430672895831393f,0f,0f,0f,1f], start_interpolation: 0, interpolation_duration: 1 }
$data merge entity $(bone_neck2) { transformation: [0.15196153900124765f,0.43215762443681216f,-0.8889024008885922f,-0.040047484222459295f,0.8374790409521409f,0.4213299856043706f,0.34800847575382826f,-0.3838665886716671f,0.5249157519357316f,-0.7973210337572638f,-0.29789699981368345f,0.4568816646995871f,0f,0f,0f,1f], start_interpolation: 0, interpolation_duration: 1 }
$data merge entity $(bone_neck1) { transformation: [-0.45999901317310493f,0.7536098552708664f,-0.4695456249592724f,-0.30416689826205f,0.6909867586976512f,0.6359259216032191f,0.3437084833657876f,-0.1905305667784116f,0.557618334691645f,-0.16634424628378364f,-0.8132597276049003f,-0.0005769320781693343f,0f,0f,0f,1f], start_interpolation: 0, interpolation_duration: 1 }
$data merge entity $(bone_body3) { transformation: [-0.8967559051227602f,0.15334146523856804f,0.4151087106601695f,-0.035140112522033605f,0.2692507299440189f,0.93349759911628f,0.23682541432192974f,0.015828917117562014f,-0.35118782873566723f,0.324142912127706f,-0.8784067858716131f,-0.5293222412399459f,0f,0f,0f,1f], start_interpolation: 0, interpolation_duration: 1 }
$data merge entity $(bone_body2) { transformation: [-0.9857593655790955f,0.09231052509936293f,0.1405604500881348f,9.497185941415759e-17f,0.10725478755189546f,0.9889093212220855f,0.10273638570278631f,0.04151301354325859f,-0.12951788957629337f,0.11634913560466961f,-0.9847273708614732f,-0.7755040839553142f,0f,0f,0f,1f], start_interpolation: 0, interpolation_duration: 1 }
$data merge entity $(bone_tail2) { transformation: [-0.7042357532471234f,0.060144434470880054f,-0.7074140589857079f,-0.2155003716839807f,0.1616209727100391f,0.9838247353070207f,-0.07724992801505416f,-0.32272271523289275f,0.6913252961006975f,-0.16873510956599486f,-0.7025651555343705f,-2.4561476012526757f,0f,0f,0f,1f], start_interpolation: 0, interpolation_duration: 1 }
$data merge entity $(bone_tail1) { transformation: [-0.9364840035757442f,0.20108948706864171f,-0.28733382891197456f,2.142469151333625e-16f,0.256989846904362f,0.9509759276429939f,-0.1720494220612773f,-0.19368564868693475f,0.2386502244600198f,-0.23496340828737045f,-0.9422517005191152f,-1.7494588258633392f,0f,0f,0f,1f], start_interpolation: 0, interpolation_duration: 1 }