# This file was generated by Animated Java via MC-Build. It is not recommended to edit this file directly.
$data merge entity $(bone_left_leg4) { transformation: [-0.27212052356456745f,0.07735806480761047f,-0.8543805653595864f,1.1079059629068966f,-0.4978785158740144f,0.7156956840388532f,0.22337562821231607f,-0.24578344711355365f,0.6986182105313561f,0.5401809119705909f,-0.17360062861806136f,-1.9396006505195713f,0f,0f,0f,1f], start_interpolation: 0, interpolation_duration: 1 }
$data merge entity $(bone_left_leg3) { transformation: [-0.21820462164074977f,-0.9039352961438444f,-0.3678147950802918f,0.45294291549153154f,-0.9150874559046567f,0.05854920170880995f,0.39898237934174996f,-0.22680794454080555f,-0.3391189925978199f,0.4236425041997096f,-0.839955556856932f,-1.5693715500662309f,0f,0f,0f,1f], start_interpolation: 0, interpolation_duration: 1 }
$data merge entity $(bone_left_leg2) { transformation: [-0.5196542279850865f,0.24548576754746534f,-0.8183496937549712f,0.5756857992652642f,-0.8530824614999869f,-0.2017853878803143f,0.4811787309504799f,-0.3277006384809627f,-0.04700848028118944f,0.9481663330711668f,0.3142782328002213f,-1.0952883835306475f,0f,0f,0f,1f], start_interpolation: 0, interpolation_duration: 1 }
$data merge entity $(bone_left_leg1) { transformation: [-0.5661046076960214f,-0.7896470614680294f,0.23660746281603157f,0.3125000000000001f,-0.8212079838156285f,0.5651987360584799f,-0.07853557203819911f,-0.30965145368978897f,-0.07171485524495019f,-0.2387632866937519f,-0.968426080020769f,-0.9674409666874505f,0f,0f,0f,1f], start_interpolation: 0, interpolation_duration: 1 }
$data merge entity $(bone_right_leg4) { transformation: [-0.7017446835368762f,0.29752154571789075f,0.47857635645878543f,-1.199476423205223f,0.232732029329723f,0.8491216252886684f,-0.18662333185108443f,-0.3441545150735583f,-0.5132155508670784f,-0.021757649247287264f,-0.7390104214741722f,-2.0683607495166547f,0f,0f,0f,1f], start_interpolation: 0, interpolation_duration: 1 }
$data merge entity $(bone_right_leg3) { transformation: [0.04101156317987371f,0.8657664505531396f,0.49876497950654197f,-0.5813243965095272f,0.980382989631853f,0.0614493940891676f,-0.18727831056100608f,-0.2863625750966197f,-0.19278808398356376f,0.49666127799808635f,-0.8462625654081918f,-1.6429733806800781f,0f,0f,0f,1f], start_interpolation: 0, interpolation_duration: 1 }
$data merge entity $(bone_right_leg2) { transformation: [0.004507699863124619f,0.0939411568257272f,0.9955675465261954f,-0.5343538180966636f,0.9961439586087093f,0.08680946444199156f,-0.012701598744453185f,-0.24295784287562394f,-0.08761788840935658f,0.9917858518538862f,-0.09318760482567819f,-1.147080454753135f,0f,0f,0f,1f], start_interpolation: 0, interpolation_duration: 1 }
$data merge entity $(bone_right_leg1) { transformation: [-0.5171989447985366f,0.8556909504103565f,0.017269883760507566f,-0.3124999999999999f,0.8194131220064147f,0.4892439768392091f,0.29866781984381285f,-0.30965145368978897f,0.24711816400859954f,0.16862185063738488f,-0.9542008617186647f,-0.9674409666874506f,0f,0f,0f,1f], start_interpolation: 0, interpolation_duration: 1 }
$data merge entity $(bone_right_wing3) { transformation: [-1.1391656112492128f,0.1174898760266026f,0.23548546697200617f,-1.7517316017744933f,0.12142103163134108f,1.1628243506943592f,0.007213077456002541f,-0.6822458534944772f,-0.23348278138087852f,0.03148371706230109f,-1.1451856322601817f,-0.23582932711596283f,0f,0f,0f,1f], start_interpolation: 0, interpolation_duration: 1 }
$data merge entity $(bone_right_wing2) { transformation: [-0.7559217441100275f,-0.5511345343293126f,-0.35331719721981586f,-1.1747788007901736f,-0.5987967461177717f,0.800226524395313f,0.032862843653082174f,-0.09816717461691152f,0.2646219447068279f,0.23640692613332967f,-0.9349261958335359f,-0.8678608852220322f,0f,0f,0f,1f], start_interpolation: 0, interpolation_duration: 1 }
$data merge entity $(bone_right_wing1) { transformation: [-0.844151738317727f,-0.48720147116002965f,0.47292037417071997f,-0.7482025916663975f,-0.3483688850859703f,0.9584454080116873f,0.36555797197760537f,0.03855354738512226f,-0.5828019163577185f,0.13277137293831226f,-0.9035069451470515f,-0.28950422019185273f,0f,0f,0f,1f], start_interpolation: 0, interpolation_duration: 1 }
$data merge entity $(bone_left_wing3) { transformation: [-1.1363821951180346f,0.2572224795444095f,-0.09709618227461315f,1.3632671919056407f,0.19597589606309257f,1.0474132574138868f,0.4811179505406773f,-0.532510960417812f,0.19283288297784446f,0.4513508947451188f,-1.0611566401958739f,0.5191905458144184f,0f,0f,0f,1f], start_interpolation: 0, interpolation_duration: 1 }
$data merge entity $(bone_left_wing2) { transformation: [-0.7897099341409629f,0.035052726623660914f,0.6124781843260403f,0.8593941733099892f,0.2766531642633583f,0.9114357329519231f,0.304545450469158f,-0.14510432397620326f,-0.5475593544284922f,0.409946595369004f,-0.7294673003796774f,-0.29904805465448225f,0f,0f,0f,1f], start_interpolation: 0, interpolation_duration: 1 }
$data merge entity $(bone_left_wing1) { transformation: [-1.0458711748289549f,0.02398168355631365f,-0.2814062466023412f,0.2606081384998465f,-0.06888398225758846f,1.0251620573860776f,0.3433786018309709f,-0.26806037467758925f,0.27389704956671035f,0.3493976904057338f,-0.988186607523549f,0.10281429007597986f,0f,0f,0f,1f], start_interpolation: 0, interpolation_duration: 1 }
$data merge entity $(bone_beak_down) { transformation: [0.08477917039784283f,1.0642820376070716f,0.2647947066948163f,0.6642525515733142f,1.092763999935225f,-0.10453408558968334f,0.07028133034808748f,-0.7291703054621438f,0.09316293636539043f,0.25763611815284965f,-1.065337645026641f,1.1307654956157647f,0f,0f,0f,1f], start_interpolation: 0, interpolation_duration: 1 }
$data merge entity $(bone_beak_up) { transformation: [0.08477917039784283f,0.6128315269455933f,-0.9095328536387162f,0.7566426232040251f,1.092763999935225f,0.03029008457131328f,0.12226753952799954f,-0.7324423479973747f,0.09316293636539043f,-0.9129731816204654f,-0.6064656931184014f,1.0850693904565745f,0f,0f,0f,1f], start_interpolation: 0, interpolation_duration: 1 }
$data merge entity $(bone_head) { transformation: [0.08477917039784283f,0.9854940973942495f,-0.48126279335488537f,0.5160112265265824f,1.092763999935225f,-0.034901787042463384f,0.12103183757512226f,-0.6719264292098136f,0.09316293636539043f,-0.48742512169802654f,-0.9817012875745057f,0.5942187466693217f,0f,0f,0f,1f], start_interpolation: 0, interpolation_duration: 1 }
$data merge entity $(bone_neck2) { transformation: [0.1926643522188464f,0.4280133705450122f,-0.8829977361345783f,-0.03586235855752912f,0.7958502940826864f,0.4582429142320094f,0.39577233476413826f,-0.4245687199822272f,0.5740233068374438f,-0.7789852284805234f,-0.25234749259018324f,0.43650156380045724f,0f,0f,0f,1f], start_interpolation: 0, interpolation_duration: 1 }
$data merge entity $(bone_neck1) { transformation: [-0.4479915022859339f,0.7549934583007609f,-0.47884077917680473f,-0.30521029684448175f,0.6609966585234749f,0.640338318688014f,0.3912163787990073f,-0.2045095069077856f,0.6019859062306967f,-0.14125054174361468f,-0.7859142785041777f,-0.005575217858142745f,0f,0f,0f,1f], start_interpolation: 0, interpolation_duration: 1 }
$data merge entity $(bone_body3) { transformation: [-0.8967206490366613f,0.14929522718422583f,0.4166569484975374f,-0.03546875233450674f,0.272545708500188f,0.9279962991195239f,0.2540505965326551f,0.01227188462009407f,-0.3487275646825179f,0.34137047904070106f,-0.8728432171187002f,-0.5297665736172865f,0f,0f,0f,1f], start_interpolation: 0, interpolation_duration: 1 }
$data merge entity $(bone_body2) { transformation: [-0.9857593655790955f,0.0902771006315212f,0.14187500933802735f,9.497185941415759e-17f,0.10725478755189546f,0.9873275609522808f,0.11696451569265809f,0.04151301354325859f,-0.12951788957629337f,0.1305156407699341f,-0.9829500413521108f,-0.7755040839553142f,0f,0f,0f,1f], start_interpolation: 0, interpolation_duration: 1 }
$data merge entity $(bone_tail2) { transformation: [-0.7084486095692134f,0.05713371491150214f,-0.7034460222503639f,-0.2110603559151627f,0.1538957871166496f,0.9852388957718152f,-0.07496936018188244f,-0.3119552581723217f,0.688779104145295f,-0.16136931826944412f,-0.7067837638302535f,-2.459364330584312f,0f,0f,0f,1f], start_interpolation: 0, interpolation_duration: 1 }
$data merge entity $(bone_tail1) { transformation: [-0.9373203853425466f,0.20551584842027137f,-0.2814138078868839f,2.142469151333625e-16f,0.25643234976963575f,0.9536117799351284f,-0.1576928126471826f,-0.19368564868693475f,0.23595115005636902f,-0.2199722919302617f,-0.9465406729612967f,-1.7494588258633392f,0f,0f,0f,1f], start_interpolation: 0, interpolation_duration: 1 }