# This file was generated by Animated Java via MC-Build. It is not recommended to edit this file directly.
$data merge entity $(bone_left_leg4) { transformation: [-0.28481405551770167f,0.07712180090995872f,-0.8502547745258271f,1.1135223710074285f,-0.49449009598160165f,0.7157649228357228f,0.23056478528621455f,-0.2574613922501373f,0.6959601272743048f,0.5401229518011401f,-0.18413771526213063f,-1.935170133634601f,0f,0f,0f,1f], start_interpolation: 0, interpolation_duration: 1 }
$data merge entity $(bone_left_leg3) { transformation: [-0.22455689481305985f,-0.9061536516002349f,-0.3584128355450976f,0.456307934528821f,-0.9151359941420507f,0.06972923499084072f,0.3970691954977529f,-0.22998129072561635f,-0.3348138486047985f,0.41716111213672935f,-0.8449120032898637f,-1.5694922993264375f,0f,0f,0f,1f], start_interpolation: 0, interpolation_duration: 1 }
$data merge entity $(bone_left_leg2) { transformation: [-0.524524991866687f,0.2394640844090681f,-0.8170253883358699f,0.576039976733355f,-0.8501737231836187f,-0.19869908539332382f,0.48756877860662934f,-0.32933083342227826f,-0.045586986249978464f,0.9503555259701412f,0.307808708360665f,-1.0943145363413669f,0f,0f,0f,1f], start_interpolation: 0, interpolation_duration: 1 }
$data merge entity $(bone_left_leg1) { transformation: [-0.5703836943484799f,-0.785639772337356f,0.23965097400821744f,0.3125000000000001f,-0.8181586850428971f,0.5692358225465463f,-0.08115999272199476f,-0.30965145368978897f,-0.07265540110863924f,-0.2423648622458798f,-0.9674608344725271f,-0.9674409666874505f,0f,0f,0f,1f], start_interpolation: 0, interpolation_duration: 1 }
$data merge entity $(bone_right_leg4) { transformation: [-0.7031528770415696f,0.2948804052971603f,0.47814388846867656f,-1.2003923326477273f,0.23180277645992106f,0.8500828299613497f,-0.18337572094030075f,-0.3525433560855789f,-0.511706463056346f,-0.020117872071513762f,-0.7401025380916343f,-2.066375133087372f,0f,0f,0f,1f], start_interpolation: 0, interpolation_duration: 1 }
$data merge entity $(bone_right_leg3) { transformation: [0.032749531699136414f,0.866463113594647f,0.49816577657779487f,-0.5816803584878542f,0.9805285061217632f,0.06870817710075353f,-0.183964765871389f,-0.28951442539305194f,-0.19362674623127551f,0.4944905046402426f,-0.8473416217586197f,-1.6425484032472764f,0f,0f,0f,1f], start_interpolation: 0, interpolation_duration: 1 }
$data merge entity $(bone_right_leg2) { transformation: [-0.0034810979214104434f,0.09317997500312218f,0.9956431962383309f,-0.5350903709862931f,0.9959381674801872f,0.08990463561866718f,-0.004931840476081615f,-0.24456210758371838f,-0.089972487536293f,0.9915818921060895f,-0.09311446039063635f,-1.1467574571942316f,0f,0f,0f,1f], start_interpolation: 0, interpolation_duration: 1 }
$data merge entity $(bone_right_leg1) { transformation: [-0.5207824773219536f,0.8535807492057146f,0.013620422160119806f,-0.3124999999999999f,0.8174497629209405f,0.49401219004901703f,0.29618886066743316f,-0.30965145368978897f,0.24609245501418162f,0.1653839794792259f,-0.955032273233061f,-0.9674409666874506f,0f,0f,0f,1f], start_interpolation: 0, interpolation_duration: 1 }
$data merge entity $(bone_right_wing3) { transformation: [-1.139391704796333f,0.11859598502577964f,0.23383135237523964f,-1.7553085647948234f,0.1224085536054782f,1.1627236265364937f,0.006743906479343319f,-0.6744021064861835f,-0.23185826494236325f,0.031053608585032488f,-1.145527382627027f,-0.23172902483014612f,0f,0f,0f,1f], start_interpolation: 0, interpolation_duration: 1 }
$data merge entity $(bone_right_wing2) { transformation: [-0.7585407326478035f,-0.5461416136004131f,-0.35545083317959825f,-1.1767263299690975f,-0.5941921912800565f,0.8036353597734742f,0.03325429812165254f,-0.09455311556045823f,0.2674913021687592f,0.23643084912019408f,-0.9341032367187074f,-0.8661611121267196f,0f,0f,0f,1f], start_interpolation: 0, interpolation_duration: 1 }
$data merge entity $(bone_right_wing1) { transformation: [-0.8474967755576388f,-0.481597757097851f,0.47267740255784974f,-0.7479712383785613f,-0.3446887273499523f,0.9613282840047319f,0.3614536245792798f,0.04077927881640849f,-0.5801293026286349f,0.13237311600905965f,-0.9052836359400166f,-0.28909052331854357f,0f,0f,0f,1f], start_interpolation: 0, interpolation_duration: 1 }
$data merge entity $(bone_left_wing3) { transformation: [-1.136481629786124f,0.2567045015399673f,-0.09730298055226769f,1.3636298467744f,0.19605759305067696f,1.0490131444361714f,0.4775860226010326f,-0.5286396242129696f,0.19216266896151624f,0.44791716607629095f,-1.062731992069653f,0.5205331852847905f,0f,0f,0f,1f], start_interpolation: 0, interpolation_duration: 1 }
$data merge entity $(bone_left_wing2) { transformation: [-0.7898671059580731f,0.035846541199278895f,0.6122295161207656f,0.8595060023321726f,0.2752835231794336f,0.9127918007461784f,0.30171196588214316f,-0.1436895300429512f,-0.5480227520745251f,0.4068490555164133f,-0.730852180152776f,-0.29870969847330636f,0f,0f,0f,1f], start_interpolation: 0, interpolation_duration: 1 }
$data merge entity $(bone_left_wing1) { transformation: [-1.0457819277535505f,0.024284604659242082f,-0.28171178298346566f,0.26084711348475764f,-0.06767852131581736f,1.026459266801745f,0.3397235677141636f,-0.2650371072735654f,0.2745375902270642f,0.34554701949876476f,-0.9893621581498596f,0.103830424128452f,0f,0f,0f,1f], start_interpolation: 0, interpolation_duration: 1 }
$data merge entity $(bone_beak_down) { transformation: [0.07652655802049496f,1.0639784624627113f,0.2685023600138755f,0.662598584941757f,1.0944967055500021f,-0.0933539392447595f,0.05798278682228031f,-0.7059635955882488f,0.0788710812511662f,0.2631252048796748f,-1.0651499796269546f,1.142918375151838f,0f,0f,0f,1f], start_interpolation: 0, interpolation_duration: 1 }
$data merge entity $(bone_beak_up) { transformation: [0.07652655802049496f,0.6162117525955615f,-0.9079794941961203f,0.7551902829689147f,1.0944967055500021f,0.022557069228990784f,0.10755528888897452f,-0.7091738439748667f,0.0788710812511662f,-0.9109194556001674f,-0.6115595620635549f,1.0976277868718887f,0f,0f,0f,1f], start_interpolation: 0, interpolation_duration: 1 }
$data merge entity $(bone_head) { transformation: [0.07652655802049496f,0.9876447789563478f,-0.4782274317914048f,0.5160765670732123f,1.0944967055500021f,-0.03424264945725697f,0.1044241471037215f,-0.656961770423006f,0.0788710812511662f,-0.48309960831945864f,-0.9850858444744082f,0.6050848646346846f,0f,0f,0f,1f], start_interpolation: 0, interpolation_duration: 1 }
$data merge entity $(bone_neck2) { transformation: [0.18392090622436594f,0.4288145553727002f,-0.8844722592337881f,-0.0367185949479053f,0.8052145621430877f,0.45034023421123726f,0.3857760780080636f,-0.41585172166796613f,0.5637398417411381f,-0.7831422288135672f,-0.2624607404595876f,0.44104690184744233f,0f,0f,0f,1f], start_interpolation: 0, interpolation_duration: 1 }
$data merge entity $(bone_neck1) { transformation: [-0.45056257238799f,0.754676270015133f,-0.47692462280654285f,-0.3049886952765857f,0.667723871578261f,0.6394736025143937f,0.38107524586595964f,-0.2014968958683638f,0.5925691518191403f,-0.14675571254063402f,-0.7920382321258459f,-0.00447460372334596f,0f,0f,0f,1f], start_interpolation: 0, interpolation_duration: 1 }
$data merge entity $(bone_body3) { transformation: [-0.8967274238785058f,0.1501713568426697f,0.416327384216136f,-0.03539837033883383f,0.2718367876355323f,0.9292124845759239f,0.2503376108303209f,0.013039891186582019f,-0.34926306439732946f,0.33765769958979197f,-0.8740724167684945f,-0.529666257979293f,0f,0f,0f,1f], start_interpolation: 0, interpolation_duration: 1 }
$data merge entity $(bone_body2) { transformation: [-0.9857593655790955f,0.09071802031997468f,0.1415934813553357f,9.497185941415759e-17f,0.10725478755189545f,0.9876866463607703f,0.1138924894267063f,0.04151301354325859f,-0.12951788957629334f,0.1274571668829936f,-0.9833513039040848f,-0.7755040839553142f,0f,0f,0f,1f], start_interpolation: 0, interpolation_duration: 1 }
$data merge entity $(bone_tail2) { transformation: [-0.7075378580764202f,0.0577883731054224f,-0.7043086562881788f,-0.21202413877693363f,0.155564031361167f,0.9849391514981899f,-0.0754632360337634f,-0.31428436494066336f,0.6893402726776475f,-0.16295819028159994f,-0.7058715298727188f,-2.45868496343432f,0f,0f,0f,1f], start_interpolation: 0, interpolation_duration: 1 }
$data merge entity $(bone_tail1) { transformation: [-0.937140336132899f,0.20457113588862064f,-0.28269885170257847f,2.142469151333625e-16f,0.25655301227725485f,0.9530605764372683f,-0.16079828833830478f,-0.19368564868693475f,0.2365344420675003f,-0.22321780395457125f,-0.9456348500946414f,-1.7494588258633392f,0f,0f,0f,1f], start_interpolation: 0, interpolation_duration: 1 }