# This file was generated by Animated Java via MC-Build. It is not recommended to edit this file directly.
$data merge entity $(bone_left_leg4) { transformation: [-0.2916626755330691f,0.07697384833630753f,-0.84794334148762f,1.1165100448267613f,-0.492605534380247f,0.7158126919158125f,0.23441838151089905f,-0.26381690587533724f,0.6944585453422277f,0.5400807502258689f,-0.18984233467964845f,-1.9327302535193822f,0f,0f,0f,1f], start_interpolation: 0, interpolation_duration: 1 }
$data merge entity $(bone_left_leg3) { transformation: [-0.22802120864343367f,-0.9072923265784603f,-0.3533085939241103f,0.4581225870131729f,-0.9151288059220143f,0.07579499205207901f,0.3959727108672684f,-0.23171895626548222f,-0.3324839800359348f,0.4136130478015283f,-0.8475722091407872f,-1.5695472045969368f,0f,0f,0f,1f], start_interpolation: 0, interpolation_duration: 1 }
$data merge entity $(bone_left_leg2) { transformation: [-0.5271675162268494f,0.23620799789045518f,-0.8162721308288045f,0.5762265859584005f,-0.848578657681431f,-0.19699622256290605f,0.4910262213197238f,-0.33021706754693525f,-0.04481820570700131f,0.9515241825768425f,0.30429107513805964f,-1.0937851133085155f,0f,0f,0f,1f], start_interpolation: 0, interpolation_duration: 1 }
$data merge entity $(bone_left_leg1) { transformation: [-0.5726991848042129f,-0.7834497696038744f,0.24129256563811924f,0.3125000000000001f,-0.8164938080491453f,0.5714154251178848f,-0.08259705415299229f,-0.30965145368978897f,-0.07316765092577049f,-0.24431715135246446f,-0.9669310339486584f,-0.9674409666874505f,0f,0f,0f,1f], start_interpolation: 0, interpolation_duration: 1 }
$data merge entity $(bone_right_leg4) { transformation: [-0.7039216745884641f,0.29344800720020164f,0.47789386176723675f,-1.200862861636022f,0.23129466809984933f,0.8505988366154171f,-0.1816160666270464f,-0.35709684765996624f,-0.5108787063023404f,-0.01923242623096909f,-0.7406976854480627f,-2.0652890525529557f,0f,0f,0f,1f], start_interpolation: 0, interpolation_duration: 1 }
$data merge entity $(bone_right_leg3) { transformation: [0.02826163693399555f,0.8668174584427788f,0.49782403880951f,-0.5818637702295324f,0.9805793097628581f,0.07265181250069737f,-0.18217006177020542f,-0.29122235942380537f,-0.19407600867394179f,0.49330437650518083f,-0.8479300059427234f,-1.64231514480265f,0f,0f,0f,1f], start_interpolation: 0, interpolation_duration: 1 }
$data merge entity $(bone_right_leg2) { transformation: [-0.007818425030308288f,0.09275623145873403f,0.9956581510516646f,-0.5354856545001654f,0.9957978599046624f,0.09157573715783585f,-0.0007117396247515f,-0.24543449084488742f,-0.09124414742513576f,0.9914686913309834f,-0.09308243481499251f,-1.1465807991371584f,0f,0f,0f,1f], start_interpolation: 0, interpolation_duration: 1 }
$data merge entity $(bone_right_leg1) { transformation: [-0.5227250321646698f,0.8524217606648509f,0.011648291440414939f,-0.3124999999999999f,0.816376323830188f,0.49659226493397524f,0.29483185088665814f,-0.30965145368978897f,0.24553663400387515f,0.16362537808292615f,-0.9554781509847656f,-0.9674409666874506f,0f,0f,0f,1f], start_interpolation: 0, interpolation_duration: 1 }
$data merge entity $(bone_right_wing3) { transformation: [-1.1395103107736448f,0.11920150579274949f,0.23294381003549966f,-1.7572358566676898f,0.12295145685346302f,1.1626677664002305f,0.006493859258724432f,-0.6701287009604713f,-0.23098648634654975f,0.03082583279008277f,-1.145709639103484f,-0.22951583012859744f,0f,0f,0f,1f], start_interpolation: 0, interpolation_duration: 1 }
$data merge entity $(bone_right_wing2) { transformation: [-0.7599531912412278f,-0.5434226936019254f,-0.3565991071226928f,-1.1777738585344886f,-0.5916821557825198f,0.8054760862005089f,0.03347388665303405f,-0.09258287977746193f,0.2690415834974656f,0.23643191543769693f,-0.9336576330281021f,-0.8652445028172858f,0f,0f,0f,1f], start_interpolation: 0, interpolation_duration: 1 }
$data merge entity $(bone_right_wing1) { transformation: [-0.8492975103686835f,-0.4785474846229358f,0.472543283682805f,-0.7478450424196252f,-0.34267829583746773f,0.9628816220069191f,0.35922371674816306f,0.04198825794673957f,-0.5786850918717326f,0.13214536720406334f,-0.9062407392536592f,-0.28886956237861106f,0f,0f,0f,1f], start_interpolation: 0, interpolation_duration: 1 }
$data merge entity $(bone_left_wing3) { transformation: [-1.1365354026290366f,0.2564230881434411f,-0.0974168589844507f,1.3638276046008466f,0.1961001089616582f,1.0498768896485753f,0.47566672137497845f,-0.5265363623893794f,0.19180091713190814f,0.44605076216208456f,-1.0635820098791366f,0.521256055451645f,0f,0f,0f,1f], start_interpolation: 0, interpolation_duration: 1 }
$data merge entity $(bone_left_wing2) { transformation: [-0.7899526949482696f,0.03627728972642523f,0.6120937003384948f,0.8595670079907907f,0.2745397167477603f,0.9135233236344409f,0.30017175267493795f,-0.14292092033997683f,-0.5482724538694476f,0.40516551608693147f,-0.731599768248996f,-0.29852853299382687f,0f,0f,0f,1f], start_interpolation: 0, interpolation_duration: 1 }
$data merge entity $(bone_left_wing1) { transformation: [-1.045733088853465f,0.02444862215383907f,-0.28187884429818505f,0.2609776656718266f,-0.06702332733465177f,1.0271573763850932f,0.33773763314412414f,-0.26339440879714987f,0.274884142105531f,0.34345465511997597f,-0.9899943027141294f,0.10437739627640541f,0f,0f,0f,1f], start_interpolation: 0, interpolation_duration: 1 }
$data merge entity $(bone_beak_down) { transformation: [0.07205755954093795f,1.0637738471881955f,0.2705418824349219f,0.6616394268462523f,1.0953332446023887f,-0.0872459058308978f,0.051315058068272607f,-0.6932942978305139f,0.07108298939836649f,0.26603261821470886f,-1.0649759878344767f,1.149394650536951f,0f,0f,0f,1f], start_interpolation: 0, interpolation_duration: 1 }
$data merge entity $(bone_beak_up) { transformation: [0.07205755954093795f,0.6180582942190295f,-0.9070896609817953f,0.7543393344372762f,1.0953332446023887f,0.018380524185094692f,0.09953511741835253f,-0.6964676938770773f,0.07108298939836649f,-0.9097615628711433f,-0.6142321282222601f,1.1043233479692716f,0f,0f,0f,1f], start_interpolation: 0, interpolation_duration: 1 }
$data merge entity $(bone_head) { transformation: [0.07205755954093795f,0.988799014304254f,-0.4765335428109342f,0.516072563031809f,1.0953332446023887f,-0.03384955783000998f,0.0953902023455076f,-0.6487725927043235f,0.07108298939836649f,-0.48076056072191387f,-0.9868214082966296f,0.6109126438209569f,0f,0f,0f,1f], start_interpolation: 0, interpolation_duration: 1 }
$data merge entity $(bone_neck2) { transformation: [0.17916213673010611f,0.4292711896571209f,-0.8852271880668054f,-0.03719442950994434f,0.810214010527301f,0.44603267134502f,0.3802737346150691f,-0.41110150856990535f,0.5580808058942448f,-0.7853541251073848f,-0.26788936572631056f,0.4434817902420128f,0f,0f,0f,1f], start_interpolation: 0, interpolation_duration: 1 }
$data merge entity $(bone_neck1) { transformation: [-0.4519639112849303f,0.7545083036596865f,-0.47586326040640115f,-0.30486751348854496f,0.6713191446270401f,0.6389832523747928f,0.3755409554785615f,-0.19985972111321448f,0.5874174230930225f,-0.14972515784968915f,-0.795313239015697f,-0.003881906704316762f,0f,0f,0f,1f], start_interpolation: 0, interpolation_duration: 1 }
$data merge entity $(bone_body3) { transformation: [-0.8967312960812904f,0.15064652620062996f,0.41614733781685065f,-0.03536001946547396f,0.27145125932790176f,0.9298663296843042f,0.24832000066192245f,0.013456924905756056f,-0.3495528521377924f,0.33564003495281036f,-0.8747334282506933f,-0.5296127971764495f,0f,0f,0f,1f], start_interpolation: 0, interpolation_duration: 1 }
$data merge entity $(bone_body2) { transformation: [-0.9857593655790955f,0.09095700933693834f,0.14144007786189622f,9.497185941415759e-17f,0.10725478755189546f,0.987877575812424f,0.11222435455001015f,0.04151301354325859f,-0.1295178895762934f,0.12579633404614268f,-0.983565147115459f,-0.7755040839553142f,0f,0f,0f,1f], start_interpolation: 0, interpolation_duration: 1 }
$data merge entity $(bone_tail2) { transformation: [-0.7070435741070245f,0.058142793511633796f,-0.704775708914991f,-0.2125463012146909f,0.15646983630319905f,0.9847750990368624f,-0.07573106789282621f,-0.315548100383354f,0.689642352702627f,-0.1638213047182853f,-0.7053764990975981f,-2.458312557395093f,0f,0f,0f,1f], start_interpolation: 0, interpolation_duration: 1 }
$data merge entity $(bone_tail1) { transformation: [-0.9370424449368064f,0.2040556092291535f,-0.2833950682862548f,2.142469151333625e-16f,0.2566184650551994f,0.952757131020809f,-0.16248326892855905f,-0.19368564868693475f,0.23685104977509683f,-0.22497812700597372f,-0.945138308709005f,-1.7494588258633392f,0f,0f,0f,1f], start_interpolation: 0, interpolation_duration: 1 }