# This file was generated by Animated Java via MC-Build. It is not recommended to edit this file directly.
$data merge entity $(bone_left_leg4) { transformation: [-0.8998490745764816f,-0.016325233608220323f,0.0022648910541254036f,0.4770940893010169f,-0.01628657749106789f,0.8997351905843658f,0.014537338743457584f,-0.6518950786036591f,-0.002527919594738977f,0.014493914990492351f,-0.899879734214951f,-0.9614408015565034f,0f,0f,0f,1f], start_interpolation: 0, interpolation_duration: 1 }
$data merge entity $(bone_left_leg3) { transformation: [-0.9958835380632036f,-0.005142972546496455f,0.09049601343761925f,0.4675808590512933f,-0.07183935016824249f,0.6535944715184892f,-0.7534277500649089f,-0.11460999058573548f,-0.05527283584293838f,-0.756827468207816f,-0.6512734425600561f,-1.4883568125523619f,0f,0f,0f,1f], start_interpolation: 0, interpolation_duration: 1 }
$data merge entity $(bone_left_leg2) { transformation: [-0.9961069398509368f,0.038516568977880916f,-0.07929336854349411f,0.4868391435402338f,-0.05715995965633583f,0.4025645323631641f,0.9136052409521922f,0.08667227559584656f,0.06710963710890042f,0.9145809265436272f,-0.3987957188959188f,-1.0310663492805483f,0f,0f,0f,1f], start_interpolation: 0, interpolation_duration: 1 }
$data merge entity $(bone_left_leg1) { transformation: [-0.9537169587565072f,0.006635103368881965f,0.30063256307912334f,0.3125000000000001f,-0.1350461874290191f,0.8838145214593666f,-0.4479223358110614f,0.3194921629054244f,-0.2686754358722157f,-0.46779040932968613f,-0.8420128520978999f,-0.9944840707455352f,0f,0f,0f,1f], start_interpolation: 0, interpolation_duration: 1 }
$data merge entity $(bone_right_leg4) { transformation: [-0.8993073913394583f,0.032533681538271804f,-0.013703118177449021f,-0.5334958822211668f,0.03214905853163138f,0.8990859491615077f,0.024716271075560736f,-0.6790293885419704f,0.014582658116699905f,0.024207758795831646f,-0.8995561852915775f,-1.0799751313845103f,0f,0f,0f,1f], start_interpolation: 0, interpolation_duration: 1 }
$data merge entity $(bone_right_leg3) { transformation: [-0.9921431093126502f,0.07019485105172758f,-0.1035602893451582f,-0.4743772258482988f,0.12064858503622675f,0.7558612260821675f,-0.6435197944386162f,-0.07191348182793125f,0.033105431158398216f,-0.650958132134002f,-0.7583914165102533f,-1.520794266953121f,0f,0f,0f,1f], start_interpolation: 0, interpolation_duration: 1 }
$data merge entity $(bone_right_leg2) { transformation: [-0.9893782157050615f,-0.04583323909714582f,0.1379494852550483f,-0.4972938453968717f,0.11418853500342953f,0.3422060912293106f,0.9326606937141328f,0.09918956378672406f,-0.08995401470773531f,0.938506422630885f,-0.333337621516894f,-1.0515410556376783f,0f,0f,0f,1f], start_interpolation: 0, interpolation_duration: 1 }
$data merge entity $(bone_right_leg1) { transformation: [-0.9533421111502158f,0.052759683205023215f,-0.29724608481148274f,-0.3124999999999999f,0.16717361291091798f,0.9121268439378262f,-0.3742694266358544f,0.3194921629054244f,0.25137979682933975f,-0.406498507249567f,-0.8783889578938899f,-0.9944840707455352f,0f,0f,0f,1f], start_interpolation: 0, interpolation_duration: 1 }
$data merge entity $(bone_right_wing3) { transformation: [-1.13786057088117f,0.2187950298360644f,-0.1560692863108443f,-1.1387758240981538f,0.12757326670463923f,1.0373031993980835f,0.5241018031998833f,0.3242784505778922f,0.23654587046246994f,0.4930379026140871f,-1.033399846975805f,0.7686433473856322f,0f,0f,0f,1f], start_interpolation: 0, interpolation_duration: 1 }
$data merge entity $(bone_right_wing2) { transformation: [-0.42385861240178435f,0.18713725442633017f,-0.8861848140758277f,-1.0947981648710081f,-0.31433834925948406f,0.8872142703079291f,0.33770140767665113f,0.7610733865844774f,0.8494323274267686f,0.4216995216593731f,-0.3172289938744558f,-0.16984611845450423f,0f,0f,0f,1f], start_interpolation: 0, interpolation_duration: 1 }
$data merge entity $(bone_right_wing1) { transformation: [-1.0457834687360565f,0.27168619086957513f,0.07832407880258097f,-0.4492026740506447f,0.2826022328851616f,1.0140601646408376f,0.25579107014911484f,0.5227009533729445f,-0.009166547758727887f,0.26735689123433737f,-1.049784443694423f,0.078229062321863f,0f,0f,0f,1f], start_interpolation: 0, interpolation_duration: 1 }
$data merge entity $(bone_left_wing3) { transformation: [-1.0245944803821818f,-0.023486784417751583f,-0.5626811598984306f,1.6350872122818587f,-0.2601523908278517f,1.0557843490955017f,0.42964602608205626f,0.5027877603526619f,0.4994821821581645f,0.5017203854132941f,-0.9304567537203523f,0.020276430393711742f,0f,0f,0f,1f], start_interpolation: 0, interpolation_duration: 1 }
$data merge entity $(bone_left_wing2) { transformation: [-0.880503068708052f,-0.020088446956653253f,0.47361461157208123f,0.9882636608706548f,0.18734322745477963f,0.9030213552111291f,0.3865940340453829f,0.8384031003514356f,-0.4354501821362926f,0.4291257232228403f,-0.7913496398848894f,-0.7162478156581784f,0f,0f,0f,1f], start_interpolation: 0, interpolation_duration: 1 }
$data merge entity $(bone_left_wing1) { transformation: [-0.7848413117990624f,-0.1940485049502296f,-0.7210966676744657f,0.656598213230742f,-0.37934675522316913f,1.004686950826642f,0.14251765242042347f,0.5647751243627882f,0.6432194537685338f,0.355753312952046f,-0.7958136878242694f,-0.12440154203793136f,0f,0f,0f,1f], start_interpolation: 0, interpolation_duration: 1 }
$data merge entity $(bone_beak_down) { transformation: [-0.8602011540929573f,0.27702048504167087f,-0.6271472118764633f,0.8084969535591328f,-0.0649197304125949f,0.968777224804882f,0.5169681975736099f,0.8757391232298094f,0.6825242875534175f,0.4412826073692784f,-0.741235628753146f,1.1428664902422687f,0f,0f,0f,1f], start_interpolation: 0, interpolation_duration: 1 }
$data merge entity $(bone_beak_up) { transformation: [-0.8602011540929573f,0.14291123010901646f,-0.6705448193863494f,0.827384337237776f,-0.0649197304125949f,1.0540251246050407f,0.3079228236173543f,0.9716245059561671f,0.6825242875534175f,0.2803701428648496f,-0.8158144273605635f,1.1757910364380117f,0f,0f,0f,1f], start_interpolation: 0, interpolation_duration: 1 }
$data merge entity $(bone_head) { transformation: [-0.8602011540929573f,0.20146542590552904f,-0.6553362928007634f,0.4997161908373944f,-0.0649197304125949f,1.0227774157478156f,0.399639570662586f,1.17144429128746f,0.6825242875534175f,0.3511951594212598f,-0.7879229384265801f,0.7818295672247217f,0f,0f,0f,1f], start_interpolation: 0, interpolation_duration: 1 }
$data merge entity $(bone_neck2) { transformation: [-0.8415068245952032f,-0.49274852828531057f,-0.22150655076624268f,0.3612745966084927f,0.00921407398981881f,0.39686019345784135f,-0.9178328212093502f,0.5977987780316163f,0.5401679044521321f,-0.7744035606331271f,-0.3294203398069513f,0.5759418548453772f,0f,0f,0f,1f], start_interpolation: 0, interpolation_duration: 1 }
$data merge entity $(bone_neck1) { transformation: [-0.90661992178381f,-0.06397860354868945f,-0.4170696053570405f,0.12667294359515738f,0.04658521699071242f,0.967218060679855f,-0.24963781895503842f,0.4573775048694072f,0.4193687339116332f,-0.24575589796108635f,-0.8739187053923804f,0.08436258306216327f,0f,0f,0f,1f], start_interpolation: 0, interpolation_duration: 1 }
$data merge entity $(bone_body3) { transformation: [-0.9829341220278992f,0.00031250017204261307f,-0.1839576421268913f,0.011718948526602975f,-0.0373992631020832f,0.9787749119462676f,0.2014968160145397f,0.6444864468751362f,0.18011609276426163f,0.20493797619821122f,-0.9620595714606853f,-0.5041160255883769f,0f,0f,0f,1f], start_interpolation: 0, interpolation_duration: 1 }
$data merge entity $(bone_body2) { transformation: [-0.9988797544699487f,-0.006472714805106869f,-0.04687579410641153f,9.231209864136533e-17f,-0.005488251752796394f,0.9997623092319855f,-0.021099860943281458f,0.6392114816393158f,0.04700122554522236f,-0.02081895775920681f,-0.9986778538623292f,-0.7537854890539591f,0f,0f,0f,1f], start_interpolation: 0, interpolation_duration: 1 }
$data merge entity $(bone_tail2) { transformation: [-0.9571309600451239f,-0.04378077838630987f,0.2863277296508121f,0.10957688788852409f,-0.11188434407429342f,0.9676704502245891f,-0.22604378627426602f,0.15776311020735434f,-0.26717451015050975f,-0.24838909639118573f,-0.9310857307035724f,-2.382971195234178f,0f,0f,0f,1f], start_interpolation: 0, interpolation_duration: 1 }
$data merge entity $(bone_tail1) { transformation: [-0.9892684773261708f,-0.00139076995017552f,0.1461025171846985f,2.1449860559286613e-16f,-0.07790659219292898f,0.8509666993511571f,-0.5194095103945268f,0.5473202430032494f,-0.1236059976766665f,-0.525217804681394f,-0.8419428810697391f,-1.7515140344318738f,0f,0f,0f,1f], start_interpolation: 0, interpolation_duration: 1 }
$data merge entity $(bone_body1) { transformation: [-1f,3.602701389761878e-18f,1.224116757883609e-16f,1.2246467991473532e-16f,0f,0.9995671884627363f,-0.029418289357145414f,0.5069110107421875f,-1.2246467991473532e-16f,-0.029418289357145414f,-0.9995671884627363f,-1f,0f,0f,0f,1f], start_interpolation: 0, interpolation_duration: 1 }