# This file was generated by Animated Java via MC-Build. It is not recommended to edit this file directly.
$data merge entity $(bone_left_leg4) { transformation: [-0.3359452630997325f,0.0756608632760915f,-0.8315144099588221f,1.1350812126071923f,-0.4794497927875983f,0.7163148079580988f,0.2588841287060317f,-0.30588629206846746f,0.683570535056025f,0.5396003425390579f,-0.22707442377984993f,-1.9160762952957195f,0f,0f,0f,1f], start_interpolation: 0, interpolation_duration: 1 }
$data merge entity $(bone_left_leg3) { transformation: [-0.25107967554851485f,-0.9136296998311484f,-0.3197495396601831f,0.46984328396259256f,-0.9144874386296831f,0.11561346680653178f,0.38774508492242293f,-0.24341025977122005f,-0.31728807275877f,0.38976184764471444f,-0.8645310757894156f,-1.5697217173253453f,0f,0f,0f,1f], start_interpolation: 0, interpolation_duration: 1 }
$data merge entity $(bone_left_leg2) { transformation: [-0.5445200222338625f,0.21502279111927883f,-0.8107176726121798f,0.577354679522232f,-0.8378024476931281f,-0.18531656438793276f,0.5135609307597853f,-0.33606854196518643f,-0.03981210903528634f,0.9588654599383213f,0.28105520047036026f,-1.0902889873561847f,0f,0f,0f,1f], start_interpolation: 0, interpolation_duration: 1 }
$data merge entity $(bone_left_leg1) { transformation: [-0.5878005380826152f,-0.7687882741114559f,0.25190299128537025f,0.3125000000000001f,-0.8053744839894782f,0.5855415860756186f,-0.09226587405282012f,-0.30965145368978897f,-0.07656675498197593f,-0.2571101720367715f,-0.9633441189246716f,-0.9674409666874505f,0f,0f,0f,1f], start_interpolation: 0, interpolation_duration: 1 }
$data merge entity $(bone_right_leg4) { transformation: [-0.7090531675293094f,0.2840510917044811f,0.47598170439434495f,-1.2034902659281537f,0.2278856695329884f,0.8538928140082691f,-0.1701034503075732f,-0.3870401062272151f,-0.5052838086047826f,-0.013492200952101066f,-0.7446517530197009f,-2.0580017948222245f,0f,0f,0f,1f], start_interpolation: 0, interpolation_duration: 1 }
$data merge entity $(bone_right_leg3) { transformation: [-0.001305312652394655f,0.8687280288854292f,0.49528770223751384f,-0.5828997256539262f,0.9804177510388156f,0.09864629653350307f,-0.1704404342526002f,-0.30240285668630024f,-0.19692468003495708f,0.48536637708957636f,-0.851845144603213f,-1.6407366904673415f,0f,0f,0f,1f], start_interpolation: 0, interpolation_duration: 1 }
$data merge entity $(bone_right_leg2) { transformation: [-0.03635563607597052f,0.08978746226530171f,0.9952971814214429f,-0.5380059945212754f,0.994373773245469f,0.1024074215584152f,0.027083557582511315f,-0.25119914590709264f,-0.09949405412927825f,0.9906820537537329f,-0.09300538459253954f,-1.1453956635904752f,0f,0f,0f,1f], start_interpolation: 0, interpolation_duration: 1 }
$data merge entity $(bone_right_leg1) { transformation: [-0.5354547897596919f,0.844563087809727f,-0.00116568979728126f,-0.3124999999999999f,0.8091809835531949f,0.5134168034534984f,0.2857084559257489f,-0.30965145368978897f,0.24189730047953834f,0.15204070718360607f,-0.9583158766188843f,-0.9674409666874506f,0f,0f,0f,1f], start_interpolation: 0, interpolation_duration: 1 }
$data merge entity $(bone_right_wing3) { transformation: [-1.1402187606364853f,0.123273258215517f,0.2272893479204211f,-1.7696596842087862f,0.12664081740802688f,1.1622793881233546f,0.0049288220082374865f,-0.6417480085660641f,-0.22543036005690661f,0.02942607226750597f,-1.1468525733554784f,-0.21518196688177282f,0f,0f,0f,1f], start_interpolation: 0, interpolation_duration: 1 }
$data merge entity $(bone_right_wing2) { transformation: [-0.7690819039042653f,-0.5253890611478051f,-0.36397714147074994f,-1.1844942082725254f,-0.5749881123679499f,0.8174110326054499f,0.03504103894626706f,-0.07947704189344086f,0.2791087525007629f,0.2362319584669273f,-0.9307484977566968f,-0.8593240738227205f,0f,0f,0f,1f], start_interpolation: 0, interpolation_duration: 1 }
$data merge entity $(bone_right_wing1) { transformation: [-0.8608772179710368f,-0.45833803676589796f,0.47162248752910546f,-0.7470042401437763f,-0.3292333243161056f,0.972893083866213f,0.3445222440368208f,0.04995435760635979f,-0.5693039125540283f,0.1304469337699555f,-0.9124076740864265f,-0.2874794352973348f,0f,0f,0f,1f], start_interpolation: 0, interpolation_duration: 1 }
$data merge entity $(bone_left_wing3) { transformation: [-1.1368855381394678f,0.2545676783024561f,-0.09819438023426998f,1.3651441626001972f,0.19634817219270825f,1.055475549605608f,0.4630057509771167f,-0.5126703493215155f,0.18945773782687725f,0.4337305930240551f,-1.0690833008840264f,0.5259065081393038f,0f,0f,0f,1f], start_interpolation: 0, interpolation_duration: 1 }
$data merge entity $(bone_left_wing2) { transformation: [-0.7905204423000204f,0.039107933725509275f,0.6111857326750203f,0.8599735699322174f,0.26964140477090426f,0.9182545841887793f,0.2900035024779274f,-0.13785446251758937f,-0.5498826630645428f,0.39405467658183313f,-0.7364441382243688f,-0.29738083624773826f,0f,0f,0f,1f], start_interpolation: 0, interpolation_duration: 1 }
$data merge entity $(bone_left_wing1) { transformation: [-1.0454049224576272f,0.025520110927336616f,-0.28299891015820183f,0.2618509637936929f,-0.06269881979104709f,1.0316431595193096f,0.32464189582513325f,-0.2525614587292462f,0.27714349570084323f,0.32965470793905455f,-0.9940474673955183f,0.10789425926907037f,0f,0f,0f,1f], start_interpolation: 0, interpolation_duration: 1 }
$data merge entity $(bone_beak_down) { transformation: [0.04286983925596016f,1.0617266307446764f,0.28442703537063035f,0.6542464897207816f,1.0989935555452686f,-0.04642034262151924f,0.007636534611300885f,-0.6087527048517348f,0.01937373872377217f,0.2838691835308272f,-1.0625643250596195f,1.1898395899498704f,0f,0f,0f,1f], start_interpolation: 0, interpolation_duration: 1 }
$data merge entity $(bone_beak_up) { transformation: [0.04286983925596016f,0.6304058807097676f,-0.9004169047994992f,0.7476361109510481f,1.0989935555452686f,-0.008700697014023036f,0.04623270207806377f,-0.6116262713220918f,0.01937373872377217f,-0.9013948765319295f,-0.6301681797820725f,1.1461945800723623f,0f,0f,0f,1f], start_interpolation: 0, interpolation_duration: 1 }
$data merge entity $(bone_head) { transformation: [0.04286983925596016f,0.9961559597895107f,-0.46458097319843705f,0.5153456243518296f,1.0989935555452686f,-0.03065137568380724f,0.03568834597818932f,-0.5937820983329971f,0.01937373872377217f,-0.4655467720267523f,-0.9964390906138388f,0.6479750347654428f,0f,0f,0f,1f], start_interpolation: 0, interpolation_duration: 1 }
$data merge entity $(bone_neck2) { transformation: [0.1476585702137586f,0.4326571024525694f,-0.8893844940967743f,-0.04051968445865428f,0.8415881252890229f,0.4174102402116905f,0.3427799859077632f,-0.3795446071406451f,0.5195443908030729f,-0.7991098316650631f,-0.30248488048379873f,0.4589219844630686f,0f,0f,0f,1f], start_interpolation: 0, interpolation_duration: 1 }
$data merge entity $(bone_neck1) { transformation: [-0.46127382175074455f,0.753477129616454f,-0.46850685855429225f,-0.3040547923954437f,0.69396196732727f,0.635404185937581f,0.33864185860029883f,-0.18905856167797697f,0.5528501146519977f,-0.16891931694732065f,-0.8159797884085875f,-0.00006664651676191458f,0f,0f,0f,1f], start_interpolation: 0, interpolation_duration: 1 }
$data merge entity $(bone_body3) { transformation: [-0.8967601812777505f,0.15376472306161176f,0.41494287223240967f,-0.035105202058836875f,0.2689029478538719f,0.9340559458423734f,0.23501211601108352f,0.016202507444098582f,-0.35144328405902686f,0.3223288692908145f,-0.878971966624369f,-0.5292785713263167f,0f,0f,0f,1f], start_interpolation: 0, interpolation_duration: 1 }
$data merge entity $(bone_body2) { transformation: [-0.9857593655790955f,0.09252280685123429f,0.1404208082353479f,9.497185941415759e-17f,0.10725478755189544f,0.9890634272094323f,0.10124202439664004f,0.04151301354325859f,-0.12951788957629337f,0.11486107769432294f,-0.98490205051599f,-0.7755040839553142f,0f,0f,0f,1f], start_interpolation: 0, interpolation_duration: 1 }
$data merge entity $(bone_tail2) { transformation: [-0.7037940779753422f,0.0604574926832089f,-0.7078268060657901f,-0.21596316772945418f,0.1624321439652705f,0.983672372148126f,-0.0774884693314053f,-0.3238506723027579f,0.6915849148251307f,-0.169509751492173f,-0.7021230303411063f,-2.4557993788626353f,0f,0f,0f,1f], start_interpolation: 0, interpolation_duration: 1 }
$data merge entity $(bone_tail1) { transformation: [-0.9363957898935128f,0.20061707166071657f,-0.2879508903059392f,2.142469151333625e-16f,0.25704820194579997f,0.9506868314201613f,-0.17355336482109748f,-0.19368564868693475f,0.23893335168229513f,-0.23653189874216257f,-0.9417874039990617f,-1.7494588258633392f,0f,0f,0f,1f], start_interpolation: 0, interpolation_duration: 1 }