# This file was generated by Animated Java via MC-Build. It is not recommended to edit this file directly.
$data merge entity $(bone_left_leg4) { transformation: [-0.37145767525838724f,0.07414354489684184f,-0.8164079435195158f,1.1489866031227187f,-0.4676528402121711f,0.7169913972446855f,0.2778923484347902f,-0.3409340259402675f,0.6732904399537574f,0.5389119325337336f,-0.2573983536070743f,-1.9015423444160502f,0f,0f,0f,1f], start_interpolation: 0, interpolation_duration: 1 }
$data merge entity $(bone_left_leg3) { transformation: [-0.27045647391424077f,-0.917349611343973f,-0.29210098644978544f,0.4792307062678506f,-0.9131697903778215f,0.14834473604446163f,0.3796245161066707f,-0.2534020061635882f,-0.304916758573878f,0.3694097046031156f,-0.8778167465284757f,-1.5696215193056837f,0f,0f,0f,1f], start_interpolation: 0, interpolation_duration: 1 }
$data merge entity $(bone_left_leg2) { transformation: [-0.5588057585192234f,0.1978499814743293f,-0.8053517921233941f,0.5781556970050152f,-0.8285278353026607f,-0.17505203344438566f,0.5318819528012511f,-0.34092802288578106f,-0.035745634341022736f,0.9644750750629032f,0.26174430119482006f,-1.0873839817742321f,0f,0f,0f,1f], start_interpolation: 0, interpolation_duration: 1 }
$data merge entity $(bone_left_leg1) { transformation: [-0.6001011300491403f,-0.7563483862794257f,0.2604145777145615f,0.3125000000000001f,-0.7959725263770255f,0.5969266669279213f,-0.10053005303538672f,-0.30965145368978897f,-0.07941266250869553f,-0.2676110477593014f,-0.9602489032279333f,-0.9674409666874505f,0f,0f,0f,1f], start_interpolation: 0, interpolation_duration: 1 }
$data merge entity $(bone_right_leg4) { transformation: [-0.7133840881819216f,0.27632755741339066f,0.47405297567128296f,-1.205047744018036f,0.22497902608164871f,0.8564837928883785f,-0.160685874746008f,-0.4117495558678186f,-0.5004673621248457f,-0.008865299401958342f,-0.7479664604207278f,-2.0517978212620513f,0f,0f,0f,1f], start_interpolation: 0, interpolation_duration: 1 }
$data merge entity $(bone_right_leg3) { transformation: [-0.025773177866378234f,0.8697515367858786f,0.4928164035026338f,-0.5835351166475418f,0.97963303057692f,0.12017668151205507f,-0.16086233438387387f,-0.3115631488347852f,-0.19913530250899053f,0.47863329332522697f,-0.8551346688184849f,-1.639376934466976f,0f,0f,0f,1f], start_interpolation: 0, interpolation_duration: 1 }
$data merge entity $(bone_right_leg2) { transformation: [-0.05992184678333998f,0.08710456094007354f,0.9943953779767438f,-0.539982836177505f,0.9925424035040129f,0.1111399518028548f,0.050074827605656375f,-0.2559931729333578f,-0.10615530850857624f,0.9899801546378068f,-0.09311468143506074f,-1.1443868571480726f,0f,0f,0f,1f], start_interpolation: 0, interpolation_duration: 1 }
$data merge entity $(bone_right_leg1) { transformation: [-0.5459038955918232f,0.8377683586658944f,-0.011537503886250267f,-0.3124999999999999f,0.8030625068824995f,0.5271163999546378f,0.27791889273393755f,-0.30965145368978897f,0.2389132621209365f,0.1424516694079639f,-0.9605352544626442f,-0.9674409666874506f,0f,0f,0f,1f], start_interpolation: 0, interpolation_duration: 1 }
$data merge entity $(bone_right_wing3) { transformation: [-1.140711043226313f,0.12675115733893086f,0.2228632449538071f,-1.779586376667608f,0.12983928277368556f,1.161930873758701f,0.003737811086568265f,-0.6179582326156099f,-0.2210783627741844f,0.028396385265480887f,-1.1477253891038146f,-0.2036437377672854f,0f,0f,0f,1f], start_interpolation: 0, interpolation_duration: 1 }
$data merge entity $(bone_right_wing2) { transformation: [-0.7764076097535043f,-0.5103037507580264f,-0.36983956721684114f,-1.189820197803141f,-0.5609631866100624f,0.827036017424264f,0.0364928643887685f,-0.06846496921995696f,0.287248197183437f,0.23579971977358807f,-0.9283786756327197f,-0.8545810126835411f,0f,0f,0f,1f], start_interpolation: 0, interpolation_duration: 1 }
$data merge entity $(bone_right_wing1) { transformation: [-0.870091402777188f,-0.4414609866838781f,0.47081233964333713f,-0.7462958090353111f,-0.31784508146760354f,0.9808860039806768f,0.3323375730981728f,0.05655112330413617f,-0.5617175145134685f,0.12878647266707627f,-0.9173323222572582f,-0.28641436179831875f,0f,0f,0f,1f], start_interpolation: 0, interpolation_duration: 1 }
$data merge entity $(bone_left_wing3) { transformation: [-1.1371700179427973f,0.25302943112303355f,-0.09887377434939106f,1.366252094676056f,0.1965126284816922f,1.0599907145150065f,0.45250197564844397f,-0.5011780927093723f,0.18757052837734575f,0.42349894699288504f,-1.0735089681771282f,0.5296104708901068f,0f,0f,0f,1f], start_interpolation: 0, interpolation_duration: 1 }
$data merge entity $(bone_left_wing2) { transformation: [-0.7909955651805284f,0.04144218700753362f,0.610416710944883f,0.8603162354347236f,0.26558849438190874f,0.922056526108612f,0.28155730200523965f,-0.1336564050619869f,-0.5511703616094459f,0.38483023243574743f,-0.7403491910489002f,-0.29649063888251187f,0f,0f,0f,1f], start_interpolation: 0, interpolation_duration: 1 }
$data merge entity $(bone_left_wing1) { transformation: [-1.045124802550958f,0.026395236766376735f,-0.2839516678591249f,0.2625912648602599f,-0.059107682065192166f,1.0352086797926092f,0.3137839739598477f,-0.2435787357479391f,0.2789830463035558f,0.31820966652382054f,-0.9972573284348916f,0.11069260091048894f,0f,0f,0f,1f], start_interpolation: 0, interpolation_duration: 1 }
$data merge entity $(bone_beak_down) { transformation: [0.019073062250276718f,1.0591133855269663f,0.29650472996902594f,0.6467084082570402f,1.0995754379251457f,-0.011924787091249809f,-0.02813637795724607f,-0.5374598149296248f,-0.023876235216668693f,0.2968781501734953f,-1.0589113699179182f,1.2203550800600762f,0f,0f,0f,1f], start_interpolation: 0, interpolation_duration: 1 }
$data merge entity $(bone_beak_up) { transformation: [0.019073062250276718f,0.6408614186960795f,-0.893830442714526f,0.7406381729682968f,1.0995754379251457f,-0.030518064132144765f,0.0015824264124880121f,-0.5400117491814064f,-0.023876235216668693f,-0.8935128929055666f,-0.6411432254991108f,1.1778644627679897f,0f,0f,0f,1f], start_interpolation: 0, interpolation_duration: 1 }
$data merge entity $(bone_head) { transformation: [0.019073062250276718f,1.0019174902534034f,-0.45364916071863143f,0.5138135926089811f,1.0995754379251457f,-0.02722063201900407f,-0.013888610593238288f,-0.5469560544780255f,-0.023876235216668693f,-0.4532332511155899f,-1.0020027671993081f,0.6768630791683355f,0f,0f,0f,1f], start_interpolation: 0, interpolation_duration: 1 }
$data merge entity $(bone_neck2) { transformation: [0.12141209236198709f,0.4359556261968219f,-0.891740879300496f,-0.043524456953828894f,0.8654466325064075f,0.393437187227058f,0.31017624988090325f,-0.353095898302461f,0.4860671045355818f,-0.8094132885579515f,-0.32952829650000964f,0.4709078938558295f,0f,0f,0f,1f], start_interpolation: 0, interpolation_duration: 1 }
$data merge entity $(bone_neck1) { transformation: [-0.4690696116656337f,0.7527213048414416f,-0.46193542476156724f,-0.30336313338221044f,0.7113173656094907f,0.6320106959322666f,0.30755501233045546f,-0.18009620386657982f,0.5234513394712312f,-0.18431797922343285f,-0.8318807473074274f,0.002974973495401545f,0f,0f,0f,1f], start_interpolation: 0, interpolation_duration: 1 }
$data merge entity $(bone_body3) { transformation: [-0.8967885101293964f,0.15633031717101636f,0.41392173177197045f,-0.034891406201540416f,0.266782096935178f,0.9373702193101319f,0.223974071502361f,0.01847322952927903f,-0.35298396685227346f,0.31128428145938375f,-0.8823289722442236f,-0.5290253665660267f,0f,0f,0f,1f], start_interpolation: 0, interpolation_duration: 1 }
$data merge entity $(bone_body2) { transformation: [-0.9857593655790955f,0.09380783307146982f,0.13956562480616205f,9.497185941415759e-17f,0.10725478755189544f,0.9899510615119439f,0.09215913605591824f,0.04151301354325859f,-0.12951788957629337f,0.10581581292893194f,-0.98591486955715f,-0.7755040839553142f,0f,0f,0f,1f], start_interpolation: 0, interpolation_duration: 1 }
$data merge entity $(bone_tail2) { transformation: [-0.7011128662140053f,0.062347436884900916f,-0.7103193267418997f,-0.21876151388447843f,0.16736172837884977f,0.9827305787874746f,-0.07893453863854114f,-0.33069452409217426f,0.693131156927191f,-0.17422229085257301f,-0.699439627606883f,-2.4536405979244758f,0f,0f,0f,1f], start_interpolation: 0, interpolation_duration: 1 }
$data merge entity $(bone_tail1) { transformation: [-0.9358580873557939f,0.19771504850958646f,-0.2916820185126382f,2.142469151333625e-16f,0.25740209676307074f,0.9488797215781962f,-0.18267850054031937f,-0.19368564868693475f,0.2406528639196506f,-0.24604071526992555f,-0.9389090294148489f,-1.7494588258633392f,0f,0f,0f,1f], start_interpolation: 0, interpolation_duration: 1 }