# This file was generated by Animated Java via MC-Build. It is not recommended to edit this file directly.
$data merge entity $(bone_left_leg4) { transformation: [-0.3904358140935193f,0.07315473547327964f,-0.8075941181998331f,1.156031118297926f,-0.4608778219792754f,0.7174678333882021f,0.28780469290975547f,-0.36018399708562093f,0.6671967537996348f,0.5384127531281869f,-0.27378860273604555f,-1.8933072359271084f,0f,0f,0f,1f], start_interpolation: 0, interpolation_duration: 1 }
$data merge entity $(bone_left_leg3) { transformation: [-0.2811632950444394f,-0.9188020000180501f,-0.2770380592672879f,0.48424449698859373f,-0.9121441807510082f,0.1661514150372178f,0.37468213301837955f,-0.2589880691213563f,-0.29822842762189167f,0.3580455167209361f,-0.8847955769070125f,-1.569473374829718f,0f,0f,0f,1f], start_interpolation: 0, interpolation_duration: 1 }
$data merge entity $(bone_left_leg2) { transformation: [-0.5665922163237207f,0.18859750280638665f,-0.8021248296472124f,0.5785432483917871f,-0.8233150405310107f,-0.16920991636974564f,0.5417751823750919f,-0.34359302730622915f,-0.03355002886428418f,0.9673670379630162f,0.2511481822069732f,-1.08578985584821f,0f,0f,0f,1f], start_interpolation: 0, interpolation_duration: 1 }
$data merge entity $(bone_left_leg1) { transformation: [-0.6067568104462644f,-0.7494254288828295f,0.264967355575858f,0.3125000000000001f,-0.790751535316112f,0.6030383611559729f,-0.10515105500911599f,-0.30965145368978897f,-0.08098260536860857f,-0.27332446198265076f,-0.9585069410857736f,-0.9674409666874505f,0f,0f,0f,1f], start_interpolation: 0, interpolation_duration: 1 }
$data merge entity $(bone_right_leg4) { transformation: [-0.7157842667752975f,0.2721228882396787f,0.4728657495876017f,-1.2056646316394417f,0.2233541223859535f,0.857851038116379f,-0.15557805891529702f,-0.42524115776185656f,-0.4977608054579524f,-0.006382013690550121f,-0.7497956057827383f,-2.048337396892948f,0f,0f,0f,1f], start_interpolation: 0, interpolation_duration: 1 }
$data merge entity $(bone_right_leg3) { transformation: [-0.03915785469799285f,0.870097057917302f,0.4913224727397527f,-0.5837994927476998f,0.9789542499331252f,0.13196236591206248f,-0.15567437335914822f,-0.3165397349928629f,-0.20028789018141704f,0.4748863482840342f,-0.8569525758524392f,-1.638613099689145f,0f,0f,0f,1f], start_interpolation: 0, interpolation_duration: 1 }
$data merge entity $(bone_right_leg2) { transformation: [-0.07279438278307124f,0.08555295719075096f,0.9936708053229442f,-0.5410230141523243f,0.9912915170719377f,0.11582930845550349f,0.06264742200550658f,-0.25862508076511115f,-0.10973653000003175f,0.989577820496517f,-0.09323964374081843f,-1.1438241894408865f,0f,0f,0f,1f], start_interpolation: 0, interpolation_duration: 1 }
$data merge entity $(bone_right_leg1) { transformation: [-0.5515889653772622f,0.8339402924487902f,-0.01712313944543225f,-0.3124999999999999f,0.799651639294426f,0.5345266768924297f,0.27356623962776083f,-0.30965145368978897f,0.23729068470502324f,0.13720357255101787f,-0.9617007386039894f,-0.9674409666874506f,0f,0f,0f,1f], start_interpolation: 0, interpolation_duration: 1 }
$data merge entity $(bone_right_wing3) { transformation: [-1.140945029120941f,0.128695244140674f,0.2205392043069664f,-1.7848825312615448f,0.13164363365885623f,1.161729640378975f,0.003124477331029017f,-0.6048254584755306f,-0.21879204788536166f,0.027880867581040497f,-1.1481760592268155f,-0.19745583147731027f,0f,0f,0f,1f], start_interpolation: 0, interpolation_duration: 1 }
$data merge entity $(bone_right_wing2) { transformation: [-0.7803287594264161f,-0.5019882522585302f,-0.37295418191308294f,-1.1926443188354319f,-0.5532092135924687f,0.8322048494569125f,0.03734507379561089f,-0.06237649054074207f,0.29162749048817865f,0.2354631247877761f,-0.9270979040299592f,-0.8520468068610265f,0f,0f,0f,1f], start_interpolation: 0, interpolation_duration: 1 }
$data merge entity $(bone_right_wing1) { transformation: [-0.8749922669484919f,-0.43216847734940805f,0.47035098711169343f,-0.7459033002977411f,-0.31151508136300443f,0.9851462520714634f,0.32566290427996214f,0.060162794721173335f,-0.5576360802305126f,0.12778255094555552f,-0.9199590930090894f,-0.2858641190972575f,0f,0f,0f,1f], start_interpolation: 0, interpolation_duration: 1 }
$data merge entity $(bone_left_wing3) { transformation: [-1.1373236783488305f,0.25218645608499646f,-0.09925929684890203f,1.3668654346442901f,0.19658746652807685f,1.0624165290250969f,0.44674383357232755f,-0.49488242461264853f,0.18655772470664586f,0.41788596075737855f,-1.0758824773787905f,0.5315822946893208f,0f,0f,0f,1f], start_interpolation: 0, interpolation_duration: 1 }
$data merge entity $(bone_left_wing2) { transformation: [-0.7912575915140759f,0.042716481197100864f,0.6099891196615573f,0.8605061225949442f,0.26337079810629277f,0.9240938226491715f,0.27692314754547953f,-0.1313571039772372f,-0.5518579949372829f,0.37977086404275245f,-0.7424465261875921f,-0.2960262579989862f,0f,0f,0f,1f], start_interpolation: 0, interpolation_duration: 1 }
$data merge entity $(bone_left_wing1) { transformation: [-1.0449682271685778f,0.02686967062788484f,-0.2844829276417478f,0.26300311557836537f,-0.057137590165361296f,1.037103873476818f,0.30783431017445945f,-0.238656184699361f,0.2799782332778143f,0.3119369928861261f,-0.9989587641494043f,0.11218118176948932f,0f,0f,0f,1f], start_interpolation: 0, interpolation_duration: 1 }
$data merge entity $(bone_beak_down) { transformation: [0.006202715577622808f,1.0573309995564422f,0.30333592549587357f,0.6420358549106471f,1.0989485947040605f,0.007192425015464177f,-0.04754214152062013f,-0.4979854330058954f,-0.047681364466979f,0.3033140722079539f,-1.0562798213935525f,1.2358993661052464f,0f,0f,0f,1f], start_interpolation: 0, interpolation_duration: 1 }
$data merge entity $(bone_beak_up) { transformation: [0.006202715577622808f,0.6466710308187034f,-0.8898191412974541f,0.736249271588384f,1.0989485947040605f,-0.042215045328637894f,-0.02301903876947939f,-0.500333850095749f,-0.047681364466979f,-0.8888388311993217f,-0.6462909713393732f,1.1940295359159658f,0f,0f,0f,1f], start_interpolation: 0, interpolation_duration: 1 }
$data merge entity $(bone_head) { transformation: [0.006202715577622808f,1.0049431112291938f,-0.4472704657278985f,0.5126140387244348f,1.0989485947040605f,-0.02504978229177232f,-0.04104259500938698f,-0.5208551476004425f,-0.047681364466979f,-0.4466115220189946f,-1.0041238150160785f,0.6919676284079266f,0f,0f,0f,1f], start_interpolation: 0, interpolation_duration: 1 }
$data merge entity $(bone_neck2) { transformation: [0.10699762762837434f,0.4379507390479645f,-0.8926089053158955f,-0.04526652709799994f,0.8776682449607037f,0.38022793139397615f,0.2917621839366016f,-0.33850378264006653f,0.46717230169338714f,-0.8146323528777871f,-0.34369196990227047f,0.4771601472190075f,0f,0f,0f,1f], start_interpolation: 0, interpolation_duration: 1 }
$data merge entity $(bone_neck1) { transformation: [-0.47336457817355115f,0.7523444831557622f,-0.45815254533360944f,-0.30297733384815523f,0.7202758748898798f,0.6300001667012902f,0.2903488488146012f,-0.17518255518185333f,0.5070785345310861f,-0.19255536508089122f,-0.8401153439834144f,0.004595266228336947f,0f,0f,0f,1f], start_interpolation: 0, interpolation_duration: 1 }
$data merge entity $(bone_body3) { transformation: [-0.8968057030009836f,0.15772865316199916f,0.41335360532673887f,-0.034773289696318474f,0.2656168705960305f,0.9391255278235286f,0.21792411763031153f,0.01971536382606194f,-0.35381804521488613f,0.3052292826087956f,-0.8841085204421664f,-0.5288957288849673f,0f,0f,0f,1f], start_interpolation: 0, interpolation_duration: 1 }
$data merge entity $(bone_body2) { transformation: [-0.9857593655790955f,0.09450696456999144f,0.13909315878527428f,9.497185941415759e-17f,0.10725478755189544f,0.9904010349429668f,0.0871905988687866f,0.04151301354325859f,-0.12951788957629334f,0.1008673566207931f,-0.9864334202813877f,-0.7755040839553142f,0f,0f,0f,1f], start_interpolation: 0, interpolation_duration: 1 }
$data merge entity $(bone_tail2) { transformation: [-0.6996486499557456f,0.0633719506749387f,-0.7116711055556182f,-0.22028161539577976f,0.17005773297672455f,0.98220396414199f,-0.07972289682755782f,-0.3344295470360411f,0.6939539855566215f,-0.17680319197178967f,-0.6979745677592177f,-2.452429070607825f,0f,0f,0f,1f], start_interpolation: 0, interpolation_duration: 1 }
$data merge entity $(bone_tail1) { transformation: [-0.9355628315826081f,0.19610537194415617f,-0.29370882052770664f,2.142469151333625e-16f,0.2575951158867189f,0.9478549635701838f,-0.18765853113214187f,-0.19368564868693475f,0.24159251733536838f,-0.2512243044174058f,-0.9372936596593142f,-1.7494588258633392f,0f,0f,0f,1f], start_interpolation: 0, interpolation_duration: 1 }