# This file was generated by Animated Java via MC-Build. It is not recommended to edit this file directly.
$data merge entity $(bone_left_leg4) { transformation: [-0.39439874639916805f,0.07293212613599805f,-0.8056863743517367f,1.157466530112025f,-0.45942077916990565f,0.7175782844519731f,0.28985160573969515f,-0.3642518790368126f,0.6658694890935315f,0.538295746463081f,-0.27722826846133986f,-1.8915442044020674f,0f,0f,0f,1f], start_interpolation: 0, interpolation_duration: 1 }
$data merge entity $(bone_left_leg3) { transformation: [-0.28343165324842007f,-0.9190558860148369f,-0.2738663475462983f,0.48529126232254094f,-0.911900061301581f,0.16989874031090135f,0.3735942936380876f,-0.2601774671560171f,-0.29682448708797615f,0.35562718740592825f,-0.8862417996476513f,-1.5694337013696429f,0f,0f,0f,1f], start_interpolation: 0, interpolation_duration: 1 }
$data merge entity $(bone_left_leg2) { transformation: [-0.5682325059622104f,0.1866583697850534f,-0.8014177887700601f,0.5786204472150677f,-0.8222024764576835f,-0.1679569138621859f,0.5438506806033643f,-0.34415592408711004f,-0.033089377068160786f,0.9679613257124874f,0.2489095519464138f,-1.0854530385133991f,0f,0f,0f,1f], start_interpolation: 0, interpolation_duration: 1 }
$data merge entity $(bone_left_leg1) { transformation: [-0.6081545760994786f,-0.7479540908612944f,0.26591857688608006f,0.3125000000000001f,-0.7896428767883504f,0.6043173631799522f,-0.1061350634646604f,-0.30965145368978897f,-0.08131505830214547f,-0.2745272345744303f,-0.9581349898475863f,-0.9674409666874505f,0f,0f,0f,1f], start_interpolation: 0, interpolation_duration: 1 }
$data merge entity $(bone_right_leg4) { transformation: [-0.7162934049020715f,0.27123759960251f,0.47260334600557513f,-1.2057735974229216f,0.22300802479017282f,0.8581350689681847f,-0.15450444746399417f,-0.42808551173544773f,-0.4971832448634834f,-0.0058624200495195605f,-0.7501829463925321f,-2.0476012541069935f,0f,0f,0f,1f], start_interpolation: 0, interpolation_duration: 1 }
$data merge entity $(bone_right_leg3) { transformation: [-0.04198184588194751f,0.8701505372446321f,0.4909944675342303f,-0.583847848710337f,0.9787884754971486f,0.134449739596698f,-0.15458456506503993f,-0.31758667172135924f,-0.20052592064446895f,0.47408998096907534f,-0.857337766049315f,-1.638450158002105f,0f,0f,0f,1f], start_interpolation: 0, interpolation_duration: 1 }
$data merge entity $(bone_right_leg2) { transformation: [-0.07550861506408017f,0.08521814102050171f,0.993497014334776f,-0.5412387782000861f,0.991005137350347f,0.1168108358490137f,0.06529966595224077f,-0.25918125379685236f,-0.11048650051623499f,0.9894913324881955f,-0.09327183998620024f,-1.1437044917580073f,0f,0f,0f,1f], start_interpolation: 0, interpolation_duration: 1 }
$data merge entity $(bone_right_leg1) { transformation: [-0.55278574174191f,0.8331225980428565f,-0.01829372452966376f,-0.3124999999999999f,0.7989261597197961f,0.5360826666638797f,0.2726396262796777f,-0.30965145368978897f,0.2369491824046352f,0.13609596295579274f,-0.9619422923569326f,-0.9674409666874506f,0f,0f,0f,1f], start_interpolation: 0, interpolation_duration: 1 }
$data merge entity $(bone_right_wing3) { transformation: [-1.1409912415385504f,0.12910918037427402f,0.22005765665380264f,-1.785987927428892f,0.13202921898121658f,1.161686214400852f,0.0029984300541477473f,-0.6020437054656479f,-0.218318203648f,0.027776335083354413f,-1.1482687852335836f,-0.196161454419845f,0f,0f,0f,1f], start_interpolation: 0, interpolation_duration: 1 }
$data merge entity $(bone_right_wing2) { transformation: [-0.7811483486592807f,-0.5002279845838886f,-0.37360302571850185f,-1.1932321368111563f,-0.5515657412201366f,0.8332867024433586f,0.03753004987146677f,-0.061086025604921816f,0.29254485211529524f,0.23538316628470787f,-0.9268291506694346f,-0.8515176090516936f,0f,0f,0f,1f], start_interpolation: 0, interpolation_duration: 1 }
$data merge entity $(bone_right_wing1) { transformation: [-0.8760137527600805f,-0.43020234163223725f,0.47025201896477903f,-0.7458200288591311f,-0.31017047357105126f,0.9860349586017901f,0.32425367978017877f,0.060925156519742556f,-0.5567811898861353f,0.12756220749272423f,-0.9205073062826135f,-0.28575093709719684f,0f,0f,0f,1f], start_interpolation: 0, interpolation_duration: 1 }
$data merge entity $(bone_left_wing3) { transformation: [-1.137355924821206f,0.2520084399668759f,-0.09934189668071954f,1.3669955097572735f,0.1966019168759898f,1.0629244131282511f,0.4455277143267423f,-0.49355317620210354f,0.186345787533144f,0.4167001369546049f,-1.0763790267871387f,0.5319934626907165f,0f,0f,0f,1f], start_interpolation: 0, interpolation_duration: 1 }
$data merge entity $(bone_left_wing2) { transformation: [-0.7913130723793468f,0.042985133364598235f,0.6098982700345903f,0.8605464098472608f,0.2629027885355262f,0.9245198759501279f,0.27594405728952454f,-0.1308716826053108f,-0.5520015808508185f,0.3787020956936833f,-0.7428855749409928f,-0.29593030887749827f,0f,0f,0f,1f], start_interpolation: 0, interpolation_duration: 1 }
$data merge entity $(bone_left_wing1) { transformation: [-1.0449348860835177f,0.02696939038929493f,-0.284595936265377f,0.2630906405093462f,-0.0567213703579183f,1.0374987887599256f,0.3065779844958177f,-0.2376167025237938f,0.2801872250861138f,0.31061234105364793f,-0.9993128657206544f,0.11249147605499421f,0f,0f,0f,1f], start_interpolation: 0, interpolation_duration: 1 }
$data merge entity $(bone_beak_down) { transformation: [0.0035011199619190414f,1.0569230132441692f,0.3047974511604039f,0.6410001293290803f,1.0987305480679608f,0.011246849397300123f,-0.05162064626593106f,-0.48961587178947114f,-0.0527155091153467f,0.304610000580252f,-1.0556674773077028f,1.2390743249407281f,0f,0f,0f,1f], start_interpolation: 0, interpolation_duration: 1 }
$data merge entity $(bone_beak_up) { transformation: [0.0035011199619190414f,0.6479048761637533f,-0.8889358883531726f,0.7352723192825372f,1.0987305480679608f,-0.04466089133346826f,-0.028223882220170755f,-0.4919188897901294f,-0.0527155091153467f,-0.8878201823728336f,-0.6472993116558818f,1.197334464681403f,0f,0f,0f,1f], start_interpolation: 0, interpolation_duration: 1 }
$data merge entity $(bone_head) { transformation: [0.0035011199619190414f,1.0055700261702074f,-0.44588862356765846f,0.512328007498708f,1.0987305480679608f,-0.024565525340354416f,-0.04677304466282195f,-0.5153054121215404f,-0.0527155091153467f,-0.4452251760994664f,-1.004487738932591f,0.6950905952151075f,0f,0f,0f,1f], start_interpolation: 0, interpolation_duration: 1 }
$data merge entity $(bone_neck2) { transformation: [0.10395181766517018f,0.43838894043280263f,-0.8927536930813068f,-0.04564305067710872f,0.8801706231971699f,0.37743315095711294f,0.2878261465178077f,-0.3354140705479106f,0.46313463880907524f,-0.8156956255030365f,-0.3466222048144027f,0.47845171720610585f,0f,0f,0f,1f], start_interpolation: 0, interpolation_duration: 1 }
$data merge entity $(bone_neck1) { transformation: [-0.4742732582809993f,0.7522682455346615f,-0.4573372532822214f,-0.3028952556483583f,0.7221173107737517f,0.6295626409932649f,0.28670101246153656f,-0.17414475103829632f,0.5035985166384122f,-0.19427652412421753f,-0.8418106474818451f,0.004933227997568013f,0f,0f,0f,1f], start_interpolation: 0, interpolation_duration: 1 }
$data merge entity $(bone_body3) { transformation: [-0.8968094838830909f,0.15802325120203678f,0.4132328661867084f,-0.03474826108153823f,0.2653705413720323f,0.9394907033465367f,0.2166464726168973f,0.01997746330642302f,-0.3539932561352809f,0.30395044070533517f,-0.8844788885020229f,-0.5288691747721128f,0f,0f,0f,1f], start_interpolation: 0, interpolation_duration: 1 }
$data merge entity $(bone_body2) { transformation: [-0.9857593655790955f,0.09465414307914445f,0.1389930443261533f,9.497185941415759e-17f,0.10725478755189549f,0.9904927721912691f,0.08614220094734229f,0.04151301354325859f,-0.1295178895762934f,0.09982315079583179f,-0.9865396367328054f,-0.7755040839553142f,0f,0f,0f,1f], start_interpolation: 0, interpolation_duration: 1 }
$data merge entity $(bone_tail2) { transformation: [-0.6993399156964848f,0.06358728932247279f,-0.7119552928030337f,-0.22060139991668037f,0.17062655668636006f,0.9820918102421038f,-0.07988901306652732f,-0.3352168772840721f,0.6941255365328306f,-0.17734805578863153f,-0.6976656840070339f,-2.4521706684322444f,0f,0f,0f,1f], start_interpolation: 0, interpolation_duration: 1 }
$data merge entity $(bone_tail1) { transformation: [-0.9355004283966702f,0.19576371639289739f,-0.29413519988890746f,2.142469151333625e-16f,0.2576357935826626f,0.9476354644935902f,-0.18870830479618317f,-0.19368564868693475f,0.24179070770953542f,-0.2523164556228126f,-0.9369491234252068f,-1.7494588258633392f,0f,0f,0f,1f], start_interpolation: 0, interpolation_duration: 1 }