# This file was generated by Animated Java via MC-Build. It is not recommended to edit this file directly.
$data merge entity $(bone_left_leg4) { transformation: [-0.39777556113433826f,0.07273797965405157f,-0.8040421564073058f,1.158679724119236f,-0.4581675721154805f,0.717675502736632f,0.29158934931428593f,-0.36773158266109995f,0.6647233099764662f,0.5381923996932414f,-0.2801639914163888f,-1.8900297878313013f,0f,0f,0f,1f], start_interpolation: 0, interpolation_duration: 1 }
$data merge entity $(bone_left_leg3) { transformation: [-0.2853736341706885f,-0.9192584455635426f,-0.2711564109150193f,0.4861831656287677f,-0.9116836530336978f,0.17309992004783675f,0.37265176032130176f,-0.2611973776453037f,-0.29562612487962947f,0.3535538543695056f,-0.8874710509921557f,-1.5693974563671622f,0f,0f,0f,1f], start_interpolation: 0, interpolation_duration: 1 }
$data merge entity $(bone_left_leg2) { transformation: [-0.5696342405479057f,0.1850040476861331f,-0.8008060528836922f,0.5786851894718342f,-0.8212477020489347f,-0.1668799832568782f,0.545621923191809f,-0.34463736927374283f,-0.032696236400460106f,0.9684650605612637f,0.2469947015571674f,-1.0851649260865304f,0f,0f,0f,1f], start_interpolation: 0, interpolation_duration: 1 }
$data merge entity $(bone_left_leg1) { transformation: [-0.6093478772029057f,-0.7466931476750358f,0.26672927803947577f,0.3125000000000001f,-0.7886930091903208f,0.6054080080723753f,-0.10697888116892593f,-0.30965145368978897f,-0.08159964339768289f,-0.2755548710819428f,-0.957815750142158f,-0.9674409666874505f,0f,0f,0f,1f], start_interpolation: 0, interpolation_duration: 1 }
$data merge entity $(bone_right_leg4) { transformation: [-0.7167294612036942f,0.27048119146568644f,0.4723757027049172f,-1.2058609124792794f,0.22271119692034747f,0.8583766978612458f,-0.15358765358950313f,-0.4305168229731519f,-0.49668763041671155f,-0.005419375621379656f,-0.7505145089596245f,-2.0469701846503074f,0f,0f,0f,1f], start_interpolation: 0, interpolation_duration: 1 }
$data merge entity $(bone_right_leg3) { transformation: [-0.04439634377758588f,0.8701908872395953f,0.49071048941748535f,-0.5838871526381758f,0.9786405015823245f,0.1365766425936589f,-0.1536541224977055f,-0.3184809583718011f,-0.20072800831443097f,0.47340747824998464f,-0.8576675499371021f,-1.6383103540917499f,0f,0f,0f,1f], start_interpolation: 0, interpolation_duration: 1 }
$data merge entity $(bone_right_leg2) { transformation: [-0.0778287994519883f,0.08492983378139143f,0.993342640436686f,-0.54142223574748f,0.9907540822600974f,0.11764786934854743f,0.06756720597078876f,-0.2596570236975274f,-0.11112617360826405f,0.9894169506187025f,-0.09330097195406689f,-1.1436018787823985f,0f,0f,0f,1f], start_interpolation: 0, interpolation_duration: 1 }
$data merge entity $(bone_right_leg1) { transformation: [-0.5538082453584123f,0.8324207056129109f,-0.019292388134708342f,-0.3124999999999999f,0.7983042589748354f,0.5374109737812801f,0.2718450944234515f,-0.30965145368978897f,0.23665742641141793f,0.13514885913821034f,-0.9621476229757908f,-0.9674409666874506f,0f,0f,0f,1f], start_interpolation: 0, interpolation_duration: 1 }
$data merge entity $(bone_right_wing3) { transformation: [-1.1410298849815363f,0.1294641331466923f,0.2196483684987437f,-1.786929723538706f,0.13236023797656343f,1.161648816193397f,0.0028915767028382523f,-0.5996622858389649f,-0.21791543074865524f,0.02768812094773539f,-1.1483474208516227f,-0.19505786139642955f,0f,0f,0f,1f], start_interpolation: 0, interpolation_duration: 1 }
$data merge entity $(bone_right_wing2) { transformation: [-0.7818469677185652f,-0.4987213495065652f,-0.3741554952364532f,-1.1937325023717578f,-0.5501585009273204f,0.8342092759738936f,0.037689623724783766f,-0.05998105500441912f,0.29332736477643623f,0.23531234439668208f,-0.9265997828878707f,-0.8510666677471679f,0f,0f,0f,1f], start_interpolation: 0, interpolation_duration: 1 }
$data merge entity $(bone_right_wing1) { transformation: [-0.8768836639377124f,-0.42851976285437476f,0.4701669531916452f,-0.7457487048401276f,-0.30901833643428145f,0.9867919903673865f,0.3230485205124335f,0.061577076845236375f,-0.5560519928726753f,0.12737147129994741f,-0.9209743756654275f,-0.28565497019364056f,0f,0f,0f,1f], start_interpolation: 0, interpolation_duration: 1 }
$data merge entity $(bone_left_wing3) { transformation: [-1.137383447724211f,0.2518561900765712f,-0.09941286807885125f,1.3671069095699853f,0.19661390501532575f,1.063357571883007f,0.4444875843600827f,-0.49241639829414074f,0.1861650643224275f,0.4156858186368056f,-1.076802412231063f,0.5323436719738638f,0f,0f,0f,1f], start_interpolation: 0, interpolation_duration: 1 }
$data merge entity $(bone_left_wing2) { transformation: [-0.7913605632817551f,0.04321477599033717f,0.6098204178432273f,0.8605809174408736f,0.2625026077397577f,0.9248831080411721f,0.2751065564284654f,-0.13045656174312012f,-0.5521239351922809f,0.3777879293945302f,-0.7432600087395951f,-0.29584883230673953f,0f,0f,0f,1f], start_interpolation: 0, interpolation_duration: 1 }
$data merge entity $(bone_left_wing1) { transformation: [-1.0449062946297472f,0.027054546343279057f,-0.2846928135313615f,0.26316564897154054f,-0.05636534476890485f,1.0378350781592867f,0.30550353445140493f,-0.23672769233524935f,0.2803656442279005f,0.30947942286261576f,-0.9996142773452205f,0.11275573668678673f,0f,0f,0f,1f], start_interpolation: 0, interpolation_duration: 1 }
$data merge entity $(bone_beak_down) { transformation: [0.0011951789946887392f,1.0565653582151047f,0.3060526349616331f,0.6401007699132176f,1.0985203624482203f,0.014718973853962942f,-0.055103222186345495f,-0.4824488597804892f,-0.057022669472781146f,0.3057008269999844f,-1.055128153134833f,1.2417598565085648f,0f,0f,0f,1f], start_interpolation: 0, interpolation_duration: 1 }
$data merge entity $(bone_beak_up) { transformation: [0.0011951789946887392f,0.6489620378951967f,-0.8881705044179773f,0.7344229133305253f,1.0985203624482203f,-0.046745905722896025f,-0.032677723065989754f,-0.48471238606292155f,-0.057022669472781146f,-0.8869402988189562f,-0.6481398934621587f,1.2001308361629743f,0f,0f,0f,1f], start_interpolation: 0, interpolation_duration: 1 }
$data merge entity $(bone_head) { transformation: [0.0011951789946887392f,1.0061028631179485f,-0.4446972007704092f,0.5120743129453207f,1.0985203624482203f,-0.024144280345945457f,-0.051672691174427854f,-0.5105487316501355f,-0.057022669472781146f,-0.44404288368629796f,-1.0047757623538471f,0.6977429549860508f,0f,0f,0f,1f], start_interpolation: 0, interpolation_duration: 1 }
$data merge entity $(bone_neck2) { transformation: [0.10134648452233971f,0.4387683732726159f,-0.8928668460026197f,-0.045967465806316665f,0.8822889223306816f,0.3750415750013645f,0.28444696263637687f,-0.3327693800024f,0.4596685192696228f,-0.8165942270406998f,-0.3491113300313729f,0.47954837371644266f,0f,0f,0f,1f], start_interpolation: 0, interpolation_duration: 1 }
$data merge entity $(bone_neck1) { transformation: [-0.47505083383604907f,0.7522039597223071f,-0.4566354215889919f,-0.3028248904501246f,0.7236782329721614f,0.629184950166118f,0.2835773503063136f,-0.17325712045509856f,0.5006161407645229f,-0.1957434582879879f,-0.8432484676200094f,0.00522111068018738f,0f,0f,0f,1f], start_interpolation: 0, interpolation_duration: 1 }
$data merge entity $(bone_body3) { transformation: [-0.8968127589437049f,0.1582750153057984f,0.4131293924737498f,-0.03472683169741859f,0.2651597948270984f,0.9398015023685359f,0.21555375049646877f,0.020201567503227907f,-0.35414285056037975f,0.3028566586287845f,-0.8847941487833068f,-0.5288466911450803f,0f,0f,0f,1f], start_interpolation: 0, interpolation_duration: 1 }
$data merge entity $(bone_body2) { transformation: [-0.9857593655790955f,0.09477989099616892f,0.13890732678967474f,9.497185941415759e-17f,0.10725478755189546f,0.9905703240205228f,0.08524578416012274f,0.04151301354325859f,-0.12951788957629337f,0.09893030593620347f,-0.9866295712409355f,-0.7755040839553142f,0f,0f,0f,1f], start_interpolation: 0, interpolation_duration: 1 }
$data merge entity $(bone_tail2) { transformation: [-0.6990760000739675f,0.0637711790418797f,-0.7121979941309793f,-0.22087455860012203f,0.17111290608974994f,0.9819956287225926f,-0.08003098486986301f,-0.33588985459260967f,0.6942716467565864f,-0.1778140092718466f,-0.697401647988137f,-2.451948963292996f,0f,0f,0f,1f], start_interpolation: 0, interpolation_duration: 1 }
$data merge entity $(bone_tail1) { transformation: [-0.9354470431958063f,0.1954710362737f,-0.2944994114668297f,2.142469151333625e-16f,0.2576705604851148f,0.9474468827970934f,-0.1896056078742332f,-0.19368564868693475f,0.2419601447253452f,-0.2532498336744894f,-0.9366535165728753f,-1.7494588258633392f,0f,0f,0f,1f], start_interpolation: 0, interpolation_duration: 1 }