# This file was generated by Animated Java via MC-Build. It is not recommended to edit this file directly.
$data merge entity $(bone_left_leg4) { transformation: [-0.8998720182274174f,-0.01501154636621431f,0.0022370263766920695f,0.4758678606255684f,-0.014980235697072658f,0.8997943197859832f,0.01207371605347346f,-0.6569275518760826f,-0.0024378986392313493f,0.012034764500178374f,-0.8999162300423582f,-0.9481541354378915f,0f,0f,0f,1f], start_interpolation: 0, interpolation_duration: 1 }
$data merge entity $(bone_left_leg3) { transformation: [-0.9959903175052741f,-0.0042305258765917425f,0.08936100987875491f,0.46710990310070244f,-0.0705367990531457f,0.6515296916449325f,-0.7553367599186439f,-0.12107173564746809f,-0.055025879503008225f,-0.7586113389317792f,-0.649215672199196f,-1.4765366601242762f,0f,0f,0f,1f], start_interpolation: 0, interpolation_duration: 1 }
$data merge entity $(bone_left_leg2) { transformation: [-0.9963288415627979f,0.03838650743908495f,-0.07652003343414246f,0.4863031568202449f,-0.05326771346596995f,0.4217519200887944f,0.9051452196214276f,0.08980422439692912f,0.06701783473255843f,0.9058983353268978f,-0.41815884048972995f,-1.0235874924608273f,0f,0f,0f,1f], start_interpolation: 0, interpolation_duration: 1 }
$data merge entity $(bone_left_leg1) { transformation: [-0.9537169587565072f,0.009419347581939302f,0.30055821145224f,0.3125000000000001f,-0.13835389813070512f,0.8736877244178365f,-0.4663989269644828f,0.32377623426477586f,-0.2669871934237245f,-0.48639596636147503f,-0.831947595978863f,-0.9921699610855325f,0f,0f,0f,1f], start_interpolation: 0, interpolation_duration: 1 }
$data merge entity $(bone_right_leg4) { transformation: [-0.8992082951720334f,0.0346195600511438f,-0.015030900028624124f,-0.5553336147627037f,0.03417058648843346f,0.8989663867045717f,0.026302216529475397f,-0.6914264393338926f,0.016025383391411373f,0.02570839623920873f,-0.8994900029738889f,-1.119958487832486f,0f,0f,0f,1f], start_interpolation: 0, interpolation_duration: 1 }
$data merge entity $(bone_right_leg3) { transformation: [-0.9899725585365676f,0.09748189341698697f,-0.10223313455236235f,-0.4758326237904409f,0.13940297848226502f,0.7911482286150094f,-0.5955260615200701f,-0.06084488902763105f,0.022828555250723845f,-0.6038060622544069f,-0.7968043023540928f,-1.5230127656261603f,0f,0f,0f,1f], start_interpolation: 0, interpolation_duration: 1 }
$data merge entity $(bone_right_leg2) { transformation: [-0.9859352532880769f,-0.049942425357829945f,0.15949116111293818f,-0.5008038364693559f,0.1337336267738738f,0.33658931692807076f,0.9321067260779751f,0.10744976943640433f,-0.10023469156774933f,0.940326212481218f,-0.32517629176655233f,-1.0528496593855514f,0f,0f,0f,1f], start_interpolation: 0, interpolation_duration: 1 }
$data merge entity $(bone_right_leg1) { transformation: [-0.9527702426253244f,0.07476074976599997f,-0.2943462163203493f,-0.3124999999999999f,0.18368102670843162f,0.913709839020666f,-0.36248532453627f,0.32377623426477586f,0.2418473592889051f,-0.39943104582800537f,-0.8842876762873771f,-0.9921699610855325f,0f,0f,0f,1f], start_interpolation: 0, interpolation_duration: 1 }
$data merge entity $(bone_right_wing3) { transformation: [-1.0976577988702707f,0.2676312258586133f,-0.3007930343296686f,-1.0160686821881755f,0.10610788474250442f,1.034885406679112f,0.5335811820282291f,0.3166763104731444f,0.3883864561893278f,0.47364679663710063f,-0.9958766181915659f,0.888499880810799f,0f,0f,0f,1f], start_interpolation: 0, interpolation_duration: 1 }
$data merge entity $(bone_right_wing2) { transformation: [-0.32433663656567396f,0.22890726925314533f,-0.91782743926314f,-1.079802722662168f,-0.32303553684332986f,0.8851463115817216f,0.3349090160470676f,0.7606263442960643f,0.8890746808438574f,0.4051141433921328f,-0.21314019495639736f,-0.04548762856953903f,0f,0f,0f,1f], start_interpolation: 0, interpolation_duration: 1 }
$data merge entity $(bone_right_wing1) { transformation: [-1.0412327664779977f,0.28988620848472796f,-0.07356237662035588f,-0.40204445702335656f,0.264329464740577f,1.0166521367420942f,0.2648763448079209f,0.5317534890242549f,0.13991201232791367f,0.23663374674630291f,-1.0478741383478605f,0.10753916476417591f,0f,0f,0f,1f], start_interpolation: 0, interpolation_duration: 1 }
$data merge entity $(bone_left_wing3) { transformation: [-0.9528896772516121f,0.006212582557285565f,-0.6774350395291416f,1.6957332046412654f,-0.2794136214465678f,1.0614456469692308f,0.40276138426709573f,0.5558342591824724f,0.6171586968632902f,0.49015314782688296f,-0.8636090553821011f,-0.1534407745800429f,0f,0f,0f,1f], start_interpolation: 0, interpolation_duration: 1 }
$data merge entity $(bone_left_wing2) { transformation: [-0.937259416170534f,0.005313674828621245f,0.3485922426840353f,0.9440234221941146f,0.1506667603238189f,0.9078635115497492f,0.39125870179471156f,0.8583873627202139f,-0.31439515602692514f,0.4192321662949707f,-0.8517042189694912f,-0.7991034966245617f,0f,0f,0f,1f], start_interpolation: 0, interpolation_duration: 1 }
$data merge entity $(bone_left_wing1) { transformation: [-0.6991727149579848f,-0.18253526499399486f,-0.807124217703176f,0.6865770956330495f,-0.3899123866368524f,1.0046680132012231f,0.11055145909743262f,0.5854310883320346f,0.7298883178381094f,0.3618482712339382f,-0.7141008214528085f,-0.17111264381511337f,0f,0f,0f,1f], start_interpolation: 0, interpolation_duration: 1 }
$data merge entity $(bone_beak_down) { transformation: [-0.6693996789622039f,0.42596701789785296f,-0.761876741650845f,1.0846707517765368f,-0.10582307478626435f,0.9134375076191986f,0.6036831921771606f,0.8261091964346732f,0.866432655575769f,0.4406631585890024f,-0.5148887588734916f,0.9866954585922427f,0f,0f,0f,1f], start_interpolation: 0, interpolation_duration: 1 }
$data merge entity $(bone_beak_up) { transformation: [-0.6693996789622039f,0.18826937647317843f,-0.8523254728609833f,1.1121699296271483f,-0.10582307478626435f,1.0486809343516563f,0.31475351430939935f,0.919963862983512f,0.866432655575769f,0.2735378215343123f,-0.6200576695293621f,1.0194042098607747f,0f,0f,0f,1f], start_interpolation: 0, interpolation_duration: 1 }
$data merge entity $(bone_head) { transformation: [-0.6693996789622039f,0.2933245637398564f,-0.8221099501356988f,0.701114954559299f,-0.10582307478626435f,1.0011164431876145f,0.44335915917251584f,1.14164344256977f,0.866432655575769f,0.3488933468643427f,-0.5810059258438922f,0.7289012469388287f,0f,0f,0f,1f], start_interpolation: 0, interpolation_duration: 1 }
$data merge entity $(bone_neck2) { transformation: [-0.7080734647056219f,-0.6201804044823506f,-0.3376510543088594f,0.49008304561626187f,0.009514219370635124f,0.46974294294792057f,-0.8827519737618228f,0.5899234589686307f,0.7060746760857124f,-0.628265734738681f,-0.32671198071653523f,0.5247062589909942f,0f,0f,0f,1f], start_interpolation: 0, interpolation_duration: 1 }
$data merge entity $(bone_neck1) { transformation: [-0.8246009947053696f,-0.06002104853150429f,-0.5625217091491613f,0.17366458421985864f,0.0702673939116179f,0.9757884639720587f,-0.20712162352569494f,0.4734175457354273f,0.561333851539157f,-0.2103196313048998f,-0.8004186153532328f,0.07447078785480077f,0f,0f,0f,1f], start_interpolation: 0, interpolation_duration: 1 }
$data merge entity $(bone_body3) { transformation: [-0.9676636023612498f,0.00209876294210189f,-0.25223550079114876f,0.01614856890927206f,-0.04771342160691531f,0.9803901761321978f,0.19120285547564034f,0.6541937164159649f,0.24769049651492378f,0.19705506270479511f,-0.9485877503945535f,-0.5060806147227455f,0f,0f,0f,1f], start_interpolation: 0, interpolation_duration: 1 }
$data merge entity $(bone_body2) { transformation: [-0.9978773821533019f,-0.008264970767816597f,-0.06459427563708786f,9.251448638937749e-17f,-0.006271716472379678f,0.9994997031891865f,-0.03100014350318509f,0.6464436805401687f,0.06481817460684175f,-0.030529225062800473f,-0.997429982834736f,-0.7554381104314295f,0f,0f,0f,1f], start_interpolation: 0, interpolation_duration: 1 }
$data merge entity $(bone_tail2) { transformation: [-0.9196168831406054f,-0.059632755738859095f,0.38826372826436895f,0.1501219779672532f,-0.15516433352707032f,0.9631763767356435f,-0.2195798189713663f,0.15018138703024503f,-0.36087230129764486f,-0.26217399135190256f,-0.8950061342888966f,-2.3734499337102717f,0f,0f,0f,1f], start_interpolation: 0, interpolation_duration: 1 }
$data merge entity $(bone_tail1) { transformation: [-0.9797609720380221f,-0.001832021930495313f,0.20016263728967065f,2.1455270131269592e-16f,-0.10837598043444227f,0.8455739465133572f,-0.5227421427842793f,0.5422379941184545f,-0.16829463608797354f,-0.5338551720021757f,-0.828658898938848f,-1.751955759506136f,0f,0f,0f,1f], start_interpolation: 0, interpolation_duration: 1 }
$data merge entity $(bone_body1) { transformation: [-1f,5.114150450027667e-18f,1.2235784932644517e-16f,1.2246467991473532e-16f,0f,0.9991276620461954f,-0.041760207543826824f,0.5111126708984375f,-1.2246467991473532e-16f,-0.041760207543826824f,-0.9991276620461954f,-1f,0f,0f,0f,1f], start_interpolation: 0, interpolation_duration: 1 }