# This file was generated by Animated Java via MC-Build. It is not recommended to edit this file directly.
$data merge entity $(bone_left_leg4) { transformation: [-0.8998777008892f,-0.014666906206261675f,0.0022372538309340037f,0.47553821879841207f,-0.01463737470675415f,0.8998084428783772f,0.0114242455542522f,-0.6581750619878203f,-0.002422953582175473f,0.01138630700124088f,-0.899924708688906f,-0.9446123979726276f,0f,0f,0f,1f], start_interpolation: 0, interpolation_duration: 1 }
$data merge entity $(bone_left_leg3) { transformation: [-0.9960175256436986f,-0.0039847251443772685f,0.08906857232564028f,0.4669828891697766f,-0.07019501280117223f,0.6509843297072406f,-0.7558386485576516f,-0.1226968991725366f,-0.05497043558538804f,-0.7590807100968499f,-0.6486715091403465f,-1.4733809612239934f,0f,0f,0f,1f], start_interpolation: 0, interpolation_duration: 1 }
$data merge entity $(bone_left_leg2) { transformation: [-0.996385935121952f,0.03835624849546787f,-0.07578830049887122f,0.4861610134175105f,-0.05224412031638556f,0.4267815354752255f,0.902844434479039f,0.09069386856507616f,0.06697477273959426f,0.9035409892078848f,-0.42323523085598286f,-1.021610466620051f,0f,0f,0f,1f], start_interpolation: 0, interpolation_duration: 1 }
$data merge entity $(bone_left_leg1) { transformation: [-0.9537169587565072f,0.010153538856846075f,0.30053430457922986f,0.3125000000000001f,-0.13922277734251726f,0.8709502736066157f,-0.4712352270083349f,0.32495080276256477f,-0.2665351399895981f,-0.49126624813154385f,-0.8292264422927441f,-0.9915598227135256f,0f,0f,0f,1f], start_interpolation: 0, interpolation_duration: 1 }
$data merge entity $(bone_right_leg4) { transformation: [-0.8991990039761709f,0.03486491071121342f,-0.015019628802389148f,-0.5609729314325148f,0.03440954711837824f,0.8989462818495573f,0.026675183522605284f,-0.6942104416325352f,0.016035408175987878f,0.026077199810479845f,-0.8994792078389995f,-1.1307858046335522f,0f,0f,0f,1f], start_interpolation: 0, interpolation_duration: 1 }
$data merge entity $(bone_right_leg3) { transformation: [-0.9893299547426195f,0.10469071107778223f,-0.10132174328837323f,-0.47612228916865484f,0.14430497254540994f,0.7998818875391032f,-0.5825504620936715f,-0.05788962209735343f,0.020057805154979298f,-0.5909558536819058f,-0.8064545017863407f,-1.5235992885333354f,0f,0f,0f,1f], start_interpolation: 0, interpolation_duration: 1 }
$data merge entity $(bone_right_leg2) { transformation: [-0.9849438958650586f,-0.05114357984482337f,0.16513587205333968f,-0.5016940790910666f,0.13883794139001665f,0.33513462502068664f,0.9318845471102234f,0.10967769041298989f,-0.1030026602993489f,0.9407811208527199f,-0.3229881338661795f,-1.0532087281069753f,0f,0f,0f,1f], start_interpolation: 0, interpolation_duration: 1 }
$data merge entity $(bone_right_leg1) { transformation: [-0.9525784950261806f,0.08054266153892524f,-0.2934400969293101f,-0.3124999999999999f,0.1880007335185056f,0.9140453723360937f,-0.3594117158739761f,0.32495080276256477f,0.23926958647132862f,-0.397534824868461f,-0.8858420446144116f,-0.9915598227135257f,0f,0f,0f,1f], start_interpolation: 0, interpolation_duration: 1 }
$data merge entity $(bone_right_wing3) { transformation: [-1.08527084181734f,0.2782842368498576f,-0.3342164708666163f,-0.985995219879163f,0.10068397366740178f,1.0348417725789105f,0.5347156339109997f,0.3164006592511308f,0.42309041979721723f,0.46756385149324037f,-0.9845476664078708f,0.9154135334742939f,0f,0f,0f,1f], start_interpolation: 0, interpolation_duration: 1 }
$data merge entity $(bone_right_wing2) { transformation: [-0.3008361266641768f,0.23801888037963523f,-0.9234958784296331f,-1.074430987264408f,-0.32431176831760034f,0.8851089909638029f,0.33377230419216897f,0.7611053120069122f,0.8968386152616349f,0.39991134854847976f,-0.1890804365282936f,-0.01619969903657112f,0f,0f,0f,1f], start_interpolation: 0, interpolation_duration: 1 }
$data merge entity $(bone_right_wing1) { transformation: [-1.0371989046239016f,0.292995809674921f,-0.10946688481466074f,-0.39094701668047177f,0.259374710801668f,1.0176045589953477f,0.2661143213349216f,0.5350911329208717f,0.1747978911618784f,0.22857280707890928f,-1.0444191113822743f,0.11389066496814626f,0f,0f,0f,1f], start_interpolation: 0, interpolation_duration: 1 }
$data merge entity $(bone_left_wing3) { transformation: [-0.933898007061524f,0.013390696686667083f,-0.703285694170812f,1.7073390739285812f,-0.28247775433686007f,1.063418436253942f,0.39535188594034437f,0.5685502149574734f,0.6442021396175891f,0.4857133770589693f,-0.8461924631161958f,-0.1958652652457613f,0f,0f,0f,1f], start_interpolation: 0, interpolation_duration: 1 }
$data merge entity $(bone_left_wing2) { transformation: [-0.9482454810520731f,0.011453177042806767f,0.3173315811575462f,0.9324585546460772f,0.14172727805292157f,0.9095508550446136f,0.3906796907228758f,0.8623476512078325f,-0.2841546873096275f,0.4154347925044775f,-0.8641007156904396f,-0.8177411173369911f,0f,0f,0f,1f], start_interpolation: 0, interpolation_duration: 1 }
$data merge entity $(bone_left_wing1) { transformation: [-0.6776942201087274f,-0.17936836618794869f,-0.8259350121852205f,0.6929837639275126f,-0.390863575087533f,1.0051601733190316f,0.10241973810822587f,0.5906642889926921f,0.7493779559155227f,0.3620650857172383f,-0.6935075082531933f,-0.1821341434090955f,0f,0f,0f,1f], start_interpolation: 0, interpolation_duration: 1 }
$data merge entity $(bone_beak_down) { transformation: [-0.6211912519034987f,0.4621719841567763f,-0.7813568234930522f,1.1437435255875141f,-0.11630467405976569f,0.8984554648666785f,0.6238998320588426f,0.8145764440080081f,0.9003303012508334f,0.4349423349270438f,-0.4585090118392389f,0.943733799848361f,0f,0f,0f,1f], start_interpolation: 0, interpolation_duration: 1 }
$data merge entity $(bone_beak_up) { transformation: [-0.6211912519034987f,0.19717128421325425f,-0.8861404590922707f,1.1732483900762818f,-0.11630467405976569f,1.0476076285489433f,0.3146291140341447f,0.9079223531076416f,0.9003303012508334f,0.27137011863459687f,-0.5707570475796413f,0.9761493802204972f,0f,0f,0f,1f], start_interpolation: 0, interpolation_duration: 1 }
$data merge entity $(bone_head) { transformation: [-0.6211912519034987f,0.31471855454685377f,-0.8515125718288035f,0.74749210416188f,-0.11630467405976569f,0.9956896970627573f,0.45285234895595505f,1.134348527585619f,0.9003303012508334f,0.3457661906361195f,-0.5290095368351792f,0.7116446118029076f,0f,0f,0f,1f], start_interpolation: 0, interpolation_duration: 1 }
$data merge entity $(bone_neck2) { transformation: [-0.6729868081825164f,-0.6425730488725487f,-0.36631766661593845f,0.5185435625269185f,0.009824158539595382f,0.487445978031614f,-0.8730978779093397f,0.5886623538922818f,0.7395892386462217f,-0.5911821169178246f,-0.32173197341150583f,0.5105621284207165f,0f,0f,0f,1f], start_interpolation: 0, interpolation_duration: 1 }
$data merge entity $(bone_neck1) { transformation: [-0.8023524082463621f,-0.05624223507113184f,-0.5941947693942337f,0.18430900474266207f,0.07708160884676746f,0.9774485486537535f,-0.19660305265245687f,0.4780731367752748f,0.5918522100650272f,-0.20354642155752659f,-0.7799229549848298f,0.07185546624174965f,0f,0f,0f,1f], start_interpolation: 0, interpolation_duration: 1 }
$data merge entity $(bone_body3) { transformation: [-0.9634940272070971f,0.002780672215435322f,-0.2677153850608509f,0.017160681093094952f,-0.049398360952729155f,0.9809315880858771f,0.18797079940911832f,0.6568631106613411f,0.26313316300199274f,0.1943334437438637f,-0.944984365569726f,-0.5066139220053376f,0f,0f,0f,1f], start_interpolation: 0, interpolation_duration: 1 }
$data merge entity $(bone_body2) { transformation: [-0.9976050442056759f,-0.008506007649240357f,-0.06864272437237944f,9.25686266192456e-17f,-0.006188649388435382f,0.9994060003018619f,-0.03390202323434048f,0.6483876048527559f,0.0688903214837789f,-0.033396023633148426f,-0.9970651078095932f,-0.755880198957736f,0f,0f,0f,1f], start_interpolation: 0, interpolation_duration: 1 }
$data merge entity $(bone_tail2) { transformation: [-0.9096308740555809f,-0.0631612648443099f,0.4105877830478487f,0.15922027364559244f,-0.16505235580838273f,0.96196250629215f,-0.21768292613392598f,0.14827222508485605f,-0.38122092388401685f,-0.265779591224368f,-0.885455710965616f,-2.37089362285644f,0f,0f,0f,1f], start_interpolation: 0, interpolation_duration: 1 }
$data merge entity $(bone_tail1) { transformation: [-0.9772040345900952f,-0.0019132401581598466f,0.21229369819412297f,2.1456462822409847e-16f,-0.11539244930397137f,0.8441429093995642f,-0.5235526059089665f,0.5409366795165809f,-0.17820453817024573f,-0.536114808620818f,-0.8251206303038321f,-1.7520531501285657f,0f,0f,0f,1f], start_interpolation: 0, interpolation_duration: 1 }
$data merge entity $(bone_body1) { transformation: [-1f,5.5126592523290735e-18f,1.2234054280812346e-16f,1.2246467991473532e-16f,0f,0.9989863435996542f,-0.04501427886119656f,0.5122607421875f,-1.2246467991473532e-16f,-0.04501427886119656f,-0.9989863435996542f,-1f,0f,0f,0f,1f], start_interpolation: 0, interpolation_duration: 1 }