# This file was generated by Animated Java via MC-Build. It is not recommended to edit this file directly.
$data merge entity $(bone_left_leg4) { transformation: [-0.8999049877214f,-0.012875166204442422f,0.00228979679336596f,0.47376982026424974f,-0.012854283305810829f,0.8998724256539312f,0.008024023205585096f,-0.664303712465641f,-0.0024042618078900305f,0.00799047200844838f,-0.8999613168810322f,-0.9258093027154422f,0f,0f,0f,1f], start_interpolation: 0, interpolation_duration: 1 }
$data merge entity $(bone_left_leg3) { transformation: [-0.9961535324253136f,-0.0026630641193098187f,0.08758451875797729f,0.4662984897523938f,-0.06841822995075353f,0.6481221202584563f,-0.7584567641217848f,-0.13080857451418726f,-0.054745645004656236f,-0.7615317625162983f,-0.6458113416717337f,-1.4565949157481826f,0f,0f,0f,1f], start_interpolation: 0, interpolation_duration: 1 }
$data merge entity $(bone_left_leg2) { transformation: [-0.9966752243404355f,0.03822533157267016f,-0.07195360458032639f,0.4854111555387289f,-0.04690527999130037f,0.4529083686837616f,0.8903223597580552f,0.09564560982769355f,0.06662125707970587f,0.8907372416163892f,-0.44960958008337254f,-1.011226294939988f,0f,0f,0f,1f], start_interpolation: 0, interpolation_duration: 1 }
$data merge entity $(bone_left_leg1) { transformation: [-0.9537169587565072f,0.01399825497455612f,0.3003797786767713f,0.3125000000000001f,-0.1437497569648927f,0.8561616931343577f,-0.49630954310978564f,0.33126524700285886f,-0.2641211274259844f,-0.5165183482384504f,-0.8145236804293966f,-0.9883654360824337f,0f,0f,0f,1f], start_interpolation: 0, interpolation_duration: 1 }
$data merge entity $(bone_right_leg4) { transformation: [-0.8992636699585999f,0.03423315774259196f,-0.01236700463174438f,-0.5894291666089532f,0.033832073913920395f,0.8989211405164425f,0.028216553781459708f,-0.7055971437059294f,0.013425448494325434f,0.02772857810256063f,-0.8994725583858225f,-1.1892832007199372f,0f,0f,0f,1f], start_interpolation: 0, interpolation_duration: 1 }
$data merge entity $(bone_right_leg3) { transformation: [-0.9854884946888046f,0.14218172247363148f,-0.09271884722334121f,-0.4769979468022707f,0.1696643873068155f,0.8416407462190258f,-0.5126937194697094f,-0.04232322657480325f,0.005140283630004737f,-0.5209848482425508f,-0.8535504468898661f,-1.5266749339712335f,0f,0f,0f,1f], start_interpolation: 0, interpolation_duration: 1 }
$data merge entity $(bone_right_leg2) { transformation: [-0.9791880981742895f,-0.05822603995480741f,0.1944232410618627f,-0.5061109667796744f,0.16521333583142872f,0.3277127804425034f,0.930219805851335f,0.12153316364644845f,-0.1178779964932791f,0.9429814747946139f,-0.31127273593571575f,-1.0551841965739266f,0f,0f,0f,1f], start_interpolation: 0, interpolation_duration: 1 }
$data merge entity $(bone_right_leg1) { transformation: [-0.951294768244458f,0.1106571218674759f,-0.28773818879448293f,-0.3124999999999999f,0.21038451109348422f,0.9152590343075278f,-0.34356841765565044f,0.33126524700285886f,0.2253366845470984f,-0.3873704964222991f,-0.893961675408327f,-0.9883654360824338f,0f,0f,0f,1f], start_interpolation: 0, interpolation_duration: 1 }
$data merge entity $(bone_right_wing3) { transformation: [-1.0218199772836742f,0.31421537113958853f,-0.473400676531164f,-0.8591667559154408f,0.07323419469380166f,1.0388284809982515f,0.5314392775952661f,0.3263764146108763f,0.5634503107888963f,0.43480990511146195f,-0.92758808728089f,1.0246537384875425f,0f,0f,0f,1f], start_interpolation: 0, interpolation_duration: 1 }
$data merge entity $(bone_right_wing2) { transformation: [-0.20448980818330986f,0.26875108588010804f,-0.9412527674261659f,-1.0466463442576035f,-0.32466838828480243f,0.8885188566648327f,0.32422936171723793f,0.7675441503924565f,0.9234578257818287f,0.37189661895381826f,-0.0944380686641601f,0.1061175328944221f,0f,0f,0f,1f], start_interpolation: 0, interpolation_duration: 1 }
$data merge entity $(bone_right_wing1) { transformation: [-1.0086356482669192f,0.2961147269323699f,-0.2618803326904305f,-0.3461167214673439f,0.2320144856316623f,1.0245188398393728f,0.26484247465686517f,0.5591866942053942f,0.32005393078879346f,0.1904949511642371f,-1.0172945817602137f,0.13776667260773712f,0f,0f,0f,1f], start_interpolation: 0, interpolation_duration: 1 }
$data merge entity $(bone_left_wing3) { transformation: [-0.8445293972651472f,0.04495977335520024f,-0.8072820336854882f,1.7454458049968136f,-0.2841345185164901f,1.0764000380669783f,0.35719196437402156f,0.623073990857069f,0.7569631685352538f,0.45419945267010076f,-0.766593232850259f,-0.3831022692969116f,0f,0f,0f,1f], start_interpolation: 0, interpolation_duration: 1 }
$data merge entity $(bone_left_wing2) { transformation: [-0.9838786245088317f,0.038454477469741f,0.1746542452880499f,0.8786397781601036f,0.10283438728049614f,0.9206541297541339f,0.37659137292203543f,0.8740782614833689f,-0.14631452773820525f,0.38848066429255895f,-0.9097663614596649f,-0.8921508878903773f,0f,0f,0f,1f], start_interpolation: 0, interpolation_duration: 1 }
$data merge entity $(bone_left_wing1) { transformation: [-0.5822595500937535f,-0.16348780451937775f,-0.8988084697026194f,0.7165462489935184f,-0.38333225518300096f,1.011197579449169f,0.06439680553853121f,0.6159489136468034f,0.829241406088749f,0.35265039940525583f,-0.6013380890467351f,-0.22713120578480928f,0f,0f,0f,1f], start_interpolation: 0, interpolation_duration: 1 }
$data merge entity $(bone_beak_down) { transformation: [-0.42703665576347133f,0.6136468147881889f,-0.8068935997606255f,1.3628333629351377f,-0.1597567528132945f,0.8238860155640908f,0.7111185648599528f,0.7695770697718773f,1.0010581774127332f,0.39325490468427365f,-0.23072300573818022f,0.7533842852864336f,0f,0f,0f,1f], start_interpolation: 0, interpolation_duration: 1 }
$data merge entity $(bone_beak_up) { transformation: [-0.42703665576347133f,0.21682475782262184f,-0.9902659839808251f,1.4000022964007728f,-0.1597567528132945f,1.0467219556227594f,0.2980787270970848f,0.8608344152108722f,1.0010581774127332f,0.2595383825418274f,-0.37486311291279323f,0.7838035705090542f,0f,0f,0f,1f], start_interpolation: 0, interpolation_duration: 1 }
$data merge entity $(bone_head) { transformation: [-0.42703665576347133f,0.3964686236334398f,-0.93298034551032f,0.9335121236456128f,-0.1597567528132945f,0.9734116846826132f,0.48677250544161715f,1.1042206679316808f,1.0010581774127332f,0.3244723757079533f,-0.3203126641853773f,0.6236472384163656f,0f,0f,0f,1f], start_interpolation: 0, interpolation_duration: 1 }
$data merge entity $(bone_neck2) { transformation: [-0.5216192798158528f,-0.6977043258166057f,-0.4910417504257523f,0.6266110296295175f,0.016661419989570034f,0.5671040751595826f,-0.8234776044443018f,0.5895471651539922f,0.8530156645738239f,-0.43772324781097743f,-0.2841876744644064f,0.4460299418761116f,0f,0f,0f,1f], start_interpolation: 0, interpolation_duration: 1 }
$data merge entity $(bone_neck1) { transformation: [-0.7010825234285392f,-0.02559979276892943f,-0.7126204782022895f,0.22576201064072976f,0.1168584631230192f,0.9817199629420496f,-0.1502331985866875f,0.5050409909489805f,0.7034396882033299f,-0.18860160384060626f,-0.6852751564803391f,0.06056266635592089f,0f,0f,0f,1f], start_interpolation: 0, interpolation_duration: 1 }
$data merge entity $(bone_body3) { transformation: [-0.9445893070763222f,0.007578149650690109f,-0.32816704984648487f,0.021131238839844843f,-0.05045530617014152f,0.9845010757896565f,0.1679639659221183f,0.6715497868871579f,0.3243536696822634f,0.1752147351591212f,-0.9295668311352167f,-0.5094656821561444f,0f,0f,0f,1f], start_interpolation: 0, interpolation_duration: 1 }
$data merge entity $(bone_body2) { transformation: [-0.9963898469079806f,-0.007924954270269522f,-0.084524955359379f,9.285739001983122e-17f,-0.003574602661634528f,0.9986668071282025f,-0.0514959275688184f,0.6586758049949534f,0.08482037016249286f,-0.05100787625627724f,-0.9950897956291794f,-0.7582381310634393f,0f,0f,0f,1f], start_interpolation: 0, interpolation_duration: 1 }
$data merge entity $(bone_tail2) { transformation: [-0.8669891680056764f,-0.07655936028372075f,0.49241085174249843f,0.19368469014156087f,-0.204576982307281f,0.9557041586442989f,-0.21160770179754645f,0.13691775739997736f,-0.45439854849115857f,-0.28419751142988625f,-0.8442474362568051f,-2.3583348250602176f,0f,0f,0f,1f], start_interpolation: 0, interpolation_duration: 1 }
$data merge entity $(bone_tail1) { transformation: [-0.9660772129428876f,-0.0019212429080573573f,0.25824625352208086f,2.146111369403763e-16f,-0.143277550636004f,0.8359517453258412f,-0.529769971752295f,0.5342452362141986f,-0.2148635895545123f,-0.5487995884768576f,-0.8078692032571745f,-1.752432922617337f,0f,0f,0f,1f], start_interpolation: 0, interpolation_duration: 1 }
$data merge entity $(bone_body1) { transformation: [-1f,7.599056779265515e-18f,1.2222868796924916e-16f,1.2246467991473532e-16f,0f,0.9980729795264197f,-0.06205100756035352f,0.5184039306640625f,-1.2246467991473532e-16f,-0.06205100756035352f,-0.9980729795264197f,-1f,0f,0f,0f,1f], start_interpolation: 0, interpolation_duration: 1 }