# This file was generated by Animated Java via MC-Build. It is not recommended to edit this file directly.
$data merge entity $(bone_left_leg4) { transformation: [-0.8999101233206049f,-0.012507091611754707f,0.002311407473595921f,0.47339495841686147f,-0.012487920988886785f,0.8998835851231599f,0.007320181368213108f,-0.6655028769285544f,-0.0024128353588965465f,0.007287378493216035f,-0.8999672618157993f,-0.9218631954235001f,0f,0f,0f,1f], start_interpolation: 0, interpolation_duration: 1 }
$data merge entity $(bone_left_leg3) { transformation: [-0.9961803313218605f,-0.0023823379444367493f,0.08728729548672623f,0.46615274899061354f,-0.06805334224947965f,0.6475281746727982f,-0.7589967098832436f,-0.132419451556253f,-0.05471279645698757f,-0.7620377861174814f,-0.6452169576452744f,-1.4530654751587815f,0f,0f,0f,1f], start_interpolation: 0, interpolation_duration: 1 }
$data merge entity $(bone_left_leg2) { transformation: [-0.9967330824110304f,0.038204009878842815f,-0.07115908976781114f,0.485254753930035f,-0.045804819213774495f,0.4582720448023843f,0.8876309207601067f,0.09671657084493915f,0.06652128203965665f,0.8879905329347938f,-0.45502498003294484f,-1.0090702086913845f,0f,0f,0f,1f], start_interpolation: 0, interpolation_duration: 1 }
$data merge entity $(bone_left_leg1) { transformation: [-0.9537169587565072f,0.014794245178886391f,0.30034162696806754f,0.3125000000000001f,-0.14468212533134864f,0.8530053491406374f,-0.5014468635329802f,0.33259109505482387f,-0.26361154221665406f,-0.5216924425818782f,-0.811385204550287f,-0.9877042585993897f,0f,0f,0f,1f], start_interpolation: 0, interpolation_duration: 1 }
$data merge entity $(bone_right_leg4) { transformation: [-0.8992974262990421f,0.03372628416763293f,-0.01125507921619641f,-0.5950551125452711f,0.03335670810945456f,0.8989320302967225f,0.028434748648672847f,-0.7072980613703914f,0.01230727736014027f,0.027995404316720096f,-0.8994802878669016f,-1.2017494692256203f,0f,0f,0f,1f], start_interpolation: 0, interpolation_duration: 1 }
$data merge entity $(bone_right_leg3) { transformation: [-0.9845936042193335f,0.14983566817788574f,-0.09013715700014538f,-0.47704478909934767f,0.17484726063796943f,0.8494418618434281f,-0.4978724322508415f,-0.039099637972142776f,0.0019672259098228832f,-0.505962247494472f,-0.8625533804539651f,-1.5273115685681016f,0f,0f,0f,1f], start_interpolation: 0, interpolation_duration: 1 }
$data merge entity $(bone_right_leg2) { transformation: [-0.9778787322132934f,-0.05985717200155344f,0.2004253078952316f,-0.5069733751001244f,0.17059722882017497f,0.3262196324538841f,0.9297727340165067f,0.12401017825479926f,-0.1210362367384197f,0.9433969844989062f,-0.30879177293861326f,-1.0556130763186484f,0f,0f,0f,1f], start_interpolation: 0, interpolation_duration: 1 }
$data merge entity $(bone_right_leg1) { transformation: [-0.9509702409690218f,0.1168530772493846f,-0.28635809597193124f,-0.3124999999999999f,0.2149673393399092f,0.9153986492839028f,-0.3403444665428345f,0.33259109505482387f,0.2223615160238856f,-0.38521509735024095f,-0.8956364692022113f,-0.9877042585993898f,0f,0f,0f,1f], start_interpolation: 0, interpolation_duration: 1 }
$data merge entity $(bone_right_wing3) { transformation: [-1.0109783217814694f,0.31689174350449956f,-0.49442696302200706f,-0.8415455132243158f,0.06756697752914553f,1.0405715146730554f,0.528773290149154f,0.33074906497674744f,0.583363610805527f,0.4286561695884754f,-0.918093868751031f,1.0408002475375853f,0f,0f,0f,1f], start_interpolation: 0, interpolation_duration: 1 }
$data merge entity $(bone_right_wing2) { transformation: [-0.19122504692630563f,0.2710402099820916f,-0.9433823116854038f,-1.042533204494876f,-0.32351257120291577f,0.8900096882276878f,0.32128238534742637f,0.7696179534519185f,0.9266998422907551f,0.3666332764953523f,-0.08250722916552145f,0.12402089850571624f,0f,0f,0f,1f], start_interpolation: 0, interpolation_duration: 1 }
$data merge entity $(bone_right_wing1) { transformation: [-1.002988067844298f,0.29379165057759066f,-0.285153490113602f,-0.340216894490548f,0.2258911912402957f,1.0263783205160988f,0.2629293137056109f,0.5655879327712052f,0.34146627445929917f,0.18397043332165705f,-1.0115170656896693f,0.1407481625657001f,0f,0f,0f,1f], start_interpolation: 0, interpolation_duration: 1 }
$data merge entity $(bone_left_wing3) { transformation: [-0.8297072344543946f,0.05009448698234644f,-0.8222116597595646f,1.7498461545776278f,-0.2814302655429797f,1.0795436172817572f,0.3497687092911387f,0.631453871857692f,0.7741695400279001f,0.4461296747995549f,-0.7540460214952368f,-0.4129045425185888f,0f,0f,0f,1f], start_interpolation: 0, interpolation_duration: 1 }
$data merge entity $(bone_left_wing2) { transformation: [-0.9876388816244084f,0.042846241812695085f,0.15077678556799057f,0.8697559146663596f,0.09678360094128002f,0.9233428598581319f,0.37157892531445474f,0.8746546799138467f,-0.12329790790004014f,0.381578514478389f,-0.9160761230356018f,-0.9025787859690279f,0f,0f,0f,1f], start_interpolation: 0, interpolation_duration: 1 }
$data merge entity $(bone_left_wing1) { transformation: [-0.567424588132296f,-0.16054088587459633f,-0.9087722882309985f,0.7193762233280175f,-0.3791835306586552f,1.0131599041297594f,0.057775166396335606f,0.620686247058238f,0.841344339715459f,0.3483457244426683f,-0.586861201139061f,-0.233219216271357f,0f,0f,0f,1f], start_interpolation: 0, interpolation_duration: 1 }
$data merge entity $(bone_beak_down) { transformation: [-0.40379266528002533f,0.6354824524055365f,-0.8019435991082532f,1.3908480897657742f,-0.16484284704087873f,0.810467025439726f,0.7252379171377761f,0.764470298160018f,1.0098407395453552f,0.3864003796058275f,-0.20227809420439335f,0.7274126811259236f,0f,0f,0f,1f], start_interpolation: 0, interpolation_duration: 1 }
$data merge entity $(bone_beak_up) { transformation: [-0.40379266528002533f,0.21403403802372573f,-1.0005702943988055f,1.4288744891572516f,-0.16484284704087873f,1.048006257385262f,0.290705555951023f,0.8554920603028577f,1.0098407395453552f,0.2566560247658221f,-0.35263205428022953f,0.7574759043518542f,0f,0f,0f,1f], start_interpolation: 0, interpolation_duration: 1 }
$data merge entity $(bone_head) { transformation: [-0.40379266528002533f,0.40561492684242617f,-0.9393763966529428f,0.9591862908307802f,-0.16484284704087873f,0.9708987961902918f,0.490084037013755f,1.1005340788097353f,1.0098407395453552f,0.3206743810765923f,-0.29561735753442064f,0.6096672255846438f,0f,0f,0f,1f], start_interpolation: 0, interpolation_duration: 1 }
$data merge entity $(bone_neck2) { transformation: [-0.5010135259933336f,-0.6988950963508351f,-0.5104224633266881f,0.6401722512516002f,0.019805753047226163f,0.5803703480210591f,-0.8141117805830762f,0.5917142159453126f,0.8652127940096351f,-0.4179903150010433f,-0.2769312507597669f,0.43658519385978944f,0f,0f,0f,1f], start_interpolation: 0, interpolation_duration: 1 }
$data merge entity $(bone_neck1) { transformation: [-0.6859843959929578f,-0.018083744515801414f,-0.7273914947526292f,0.23101453545324624f,0.12599188774667583f,0.9816378337104991f,-0.14322432632128992f,0.511150532389587f,0.7166250432940547f,-0.18989508053776832f,-0.6711098313326578f,0.05908591373516947f,0f,0f,0f,1f], start_interpolation: 0, interpolation_duration: 1 }
$data merge entity $(bone_body3) { transformation: [-0.9418605491720582f,0.008818626707654858f,-0.33588828162991924f,0.021635523603775162f,-0.04897627936625139f,0.985375871015228f,0.1632045246934637f,0.6747393522614535f,0.3324154478551618f,0.1701664615721075f,-0.9276547554900371f,-0.510062904597847f,0f,0f,0f,1f], start_interpolation: 0, interpolation_duration: 1 }
$data merge entity $(bone_body2) { transformation: [-0.9962208938870429f,-0.007375396745198251f,-0.08654209441510027f,9.291827414495046e-17f,-0.0025526203747091103f,0.998443931278771f,-0.05570637505542303f,0.6608127584975978f,0.08681828558618186f,-0.055274945639446404f,-0.9946895323026338f,-0.7587352876735054f,0f,0f,0f,1f], start_interpolation: 0, interpolation_duration: 1 }
$data merge entity $(bone_tail2) { transformation: [-0.8616215431287281f,-0.07818197594377885f,0.5014936640217859f,0.19772258767133172f,-0.20995029427248102f,0.954469356157466f,-0.21191772481614396f,0.13399821084381924f,-0.46209218815228637f,-0.28788161940957374f,-0.8388056883776797f,-2.356062755181335f,0f,0f,0f,1f], start_interpolation: 0, interpolation_duration: 1 }
$data merge entity $(bone_tail1) { transformation: [-0.9646221546395911f,-0.00180561467210222f,0.2636301168951087f,2.1461741663895013e-16f,-0.1469093978423266f,0.8340116810967491f,-0.5318290558250646f,0.5328700027126176f,-0.21891031863317398f,-0.5517438314560758f,-0.8047714065783472f,-1.7524842002475745f,0f,0f,0f,1f], start_interpolation: 0, interpolation_duration: 1 }
$data merge entity $(bone_body1) { transformation: [-1f,8.03090151968051e-18f,1.222010738389797e-16f,1.2246467991473532e-16f,0f,0.9978474930409392f,-0.06557728746992142f,0.5196875f,-1.2246467991473532e-16f,-0.06557728746992142f,-0.9978474930409392f,-1f,0f,0f,0f,1f], start_interpolation: 0, interpolation_duration: 1 }