# This file was generated by Animated Java via MC-Build. It is not recommended to edit this file directly.
$data merge entity $(bone_left_leg4) { transformation: [-0.8999246801073442f,-0.011393488446318559f,0.0023996988806928785f,0.47223607657801503f,-0.011379533931570152f,0.8999131568419385f,0.00517845056715871f,-0.6690391710300383f,-0.0024650235687790623f,0.00514767557251522f,-0.8999819026486064f,-0.9097441331091066f,0f,0f,0f,1f], start_interpolation: 0, interpolation_duration: 1 }
$data merge entity $(bone_left_leg3) { transformation: [-0.996259010725153f,-0.0015134806683499008f,0.08640424136120896f,0.46570070099167704f,-0.06694986945479053f,0.6457177563326495f,-0.7606354541675764f,-0.13721113789507772f,-0.054641545813840404f,-0.7635746777709405f,-0.6434034604647993f,-1.442212425158262f,0f,0f,0f,1f], start_interpolation: 0, interpolation_duration: 1 }
$data merge entity $(bone_left_leg2) { transformation: [-0.9969048497832012f,0.038151343094493695f,-0.06874005745429215f,0.48477637253892386f,-0.04246735546998931f,0.47449508593233497f,0.879233152892594f,0.10003640507108977f,0.06616074514482678f,0.8794310026637409f,-0.47140626571539035f,-1.0024969238263917f,0f,0f,0f,1f], start_interpolation: 0, interpolation_duration: 1 }
$data merge entity $(bone_left_leg1) { transformation: [-0.9537169587565072f,0.017216501454936566f,0.30021251582485853f,0.3125000000000001f,-0.1475090002003414f,0.843202303392359f,-0.5169632195946977f,0.33662881560612024f,-0.2620401828730366f,-0.5373206376377816f,-0.801636747491277f,-0.9856926760879909f,0f,0f,0f,1f], start_interpolation: 0, interpolation_duration: 1 }
$data merge entity $(bone_right_leg4) { transformation: [-0.899425258797856f,0.0314668183877248f,-0.006636503368765964f,-0.611505669275356f,0.03123889728921219f,0.8989949196686556f,0.02884901568686754f,-0.711122688019451f,0.007637743944630869f,0.028600240392364196f,-0.8995130299873011f,-1.240370655280267f,0f,0f,0f,1f], start_interpolation: 0, interpolation_duration: 1 }
$data merge entity $(bone_right_leg3) { transformation: [-0.9816613624593499f,0.17275132160188364f,-0.08060986502442026f,-0.47690406150991704f,0.19047079215094675f,0.8713781589821602f,-0.4521293856699118f,-0.029330982178461362f,-0.007864273128745294f,-0.45919177359101687f,-0.8883023518343813f,-1.5292455884838807f,0f,0f,0f,1f], start_interpolation: 0, interpolation_duration: 1 }
$data merge entity $(bone_right_leg2) { transformation: [-0.9736478682435792f,-0.06516437013338267f,0.21854846952072945f,-0.5094862465766083f,0.18681230347939853f,0.32177372619840694f,0.9282040898407601f,0.1315558809207421f,-0.13080899026234702f,0.9445714763814925f,-0.3011207964804709f,-1.0569598502931343f,0f,0f,0f,1f], start_interpolation: 0, interpolation_duration: 1 }
$data merge entity $(bone_right_leg1) { transformation: [-0.949858477044192f,0.13561364815065732f,-0.28174068222845955f,-0.3124999999999999f,0.22880020010139368f,0.9155947517963655f,-0.3306610332599138f,0.33662881560612024f,0.21311814099426235f,-0.3785435099406954f,-0.9007138663643013f,-0.985692676087991f,0f,0f,0f,1f], start_interpolation: 0, interpolation_duration: 1 }
$data merge entity $(bone_right_wing3) { transformation: [-0.9878287730285058f,0.3133138021347622f,-0.5412802809500987f,-0.8121313495443798f,0.0496339997044254f,1.0479589450396447f,0.516017520595278f,0.3487300801803394f,0.6234471487038012f,0.41300372501929833f,-0.8987197237569928f,1.0763859571677359f,0f,0f,0f,1f], start_interpolation: 0, interpolation_duration: 1 }
$data merge entity $(bone_right_wing2) { transformation: [-0.1678265185247581f,0.26797996622366294f,-0.9486943645782995f,-1.0375787846854039f,-0.317619838498649f,0.8963282204041502f,0.309375757775591f,0.7771453903456981f,0.9332480366290361f,0.35324560720537423f,-0.06531189109308744f,0.160350966499119f,0f,0f,0f,1f], start_interpolation: 0, interpolation_duration: 1 }
$data merge entity $(bone_right_wing1) { transformation: [-0.9910161189373269f,0.27975049649347467f,-0.33650828047637005f,-0.3310089521729378f,0.20559394657404584f,1.0330384614375998f,0.2533254377946598f,0.5882125924518629f,0.3863020738355118f,0.16787587084927402f,-0.9980979465203259f,0.14552802268511944f,0f,0f,0f,1f], start_interpolation: 0, interpolation_duration: 1 }
$data merge entity $(bone_left_wing3) { transformation: [-0.7964767484550458f,0.0626271835430995f,-0.8536147790593243f,1.7592854371029103f,-0.26668005763824776f,1.0898331364590856f,0.3287872374505662f,0.6500860223529279f,0.8133032042265055f,0.41868500872824777f,-0.7281458146811586f,-0.48022231426499296f,0f,0f,0f,1f], start_interpolation: 0, interpolation_duration: 1 }
$data merge entity $(bone_left_wing2) { transformation: [-0.994200698617341f,0.053565564032650975f,0.0932507437967941f,0.8495710109007049f,0.08327371159109304f,0.9321435733371131f,0.35238309784120125f,0.8726119122111765f,-0.06804748214765038f,0.35810485759925403f,-0.9311983951538916f,-0.9233794187182407f,0f,0f,0f,1f], start_interpolation: 0, interpolation_duration: 1 }
$data merge entity $(bone_left_wing1) { transformation: [-0.5362192576554394f,-0.1526183505671577f,-0.928863637947315f,0.7236311676841333f,-0.36108999951428095f,1.0205700802590538f,0.04076560611490947f,0.634051195723673f,0.8693066381210585f,0.3297809294991138f,-0.5560230378037174f,-0.24339104349440327f,0f,0f,0f,1f], start_interpolation: 0, interpolation_duration: 1 }
$data merge entity $(bone_beak_down) { transformation: [-0.37788999101506243f,0.6786268355658376f,-0.7788868805805713f,1.44290308439147f,-0.1677802179563908f,0.7780336540813962f,0.7592848158492671f,0.7618558955921999f,1.0193375069883093f,0.3796435843875768f,-0.16377361106176655f,0.691069259999065f,0f,0f,0f,1f], start_interpolation: 0, interpolation_duration: 1 }
$data merge entity $(bone_beak_up) { transformation: [-0.37788999101506243f,0.18703852837722693f,-1.0159801885829844f,1.4816142856013492f,-0.1677802179563908f,1.0563451771144674f,0.25687480462184253f,0.8528297710274351f,1.0193375069883093f,0.24321072280942918f,-0.3343644585738337f,0.7203943774614479f,0f,0f,0f,1f], start_interpolation: 0, interpolation_duration: 1 }
$data merge entity $(bone_head) { transformation: [-0.37788999101506243f,0.4129194795720433f,-0.9469406835069388f,1.0081439438478799f,-0.1677802179563908f,0.970388004642509f,0.4900988868671661f,1.097879214461018f,1.0193375069883093f,0.31280125293208483f,-0.27038199461313217f,0.5852033801548818f,0f,0f,0f,1f], start_interpolation: 0, interpolation_duration: 1 }
$data merge entity $(bone_neck2) { transformation: [-0.4696158903759676f,-0.6877572419266318f,-0.5535800679972676f,0.6621564013495875f,0.03491264558179333f,0.6120656671778086f,-0.7900359018681768f,0.6041067757934077f,0.8821802665469608f,-0.39034035819993834f,-0.2634243384265712f,0.4205631686382748f,0f,0f,0f,1f], start_interpolation: 0, interpolation_duration: 1 }
$data merge entity $(bone_neck1) { transformation: [-0.6587617920161036f,0.004917685881921194f,-0.7523355087627451f,0.23896767767054336f,0.15583009923073293f,0.9791856547008574f,-0.13004781352176903f,0.5309548806874126f,0.7360366034060205f,-0.20290704766867923f,-0.6458164200861639f,0.0572914323398076f,0f,0f,0f,1f], start_interpolation: 0, interpolation_duration: 1 }
$data merge entity $(bone_body3) { transformation: [-0.9374578843173966f,0.013192176484951607f,-0.34784864756204026f,0.02238678397457765f,-0.04074542513049789f,0.9882538691869529f,0.14728917260936636f,0.6847764803924511f,0.3457058366040202f,0.1522506371632205f,-0.9259088605372062f,-0.511885940673245f,0f,0f,0f,1f], start_interpolation: 0, interpolation_duration: 1 }
$data merge entity $(bone_body2) { transformation: [-0.9959717425174176f,-0.0046474250105172235f,-0.08954713589831023f,9.310586692740243e-17f,0.0016325072269096049f,0.9975506109310048f,-0.06992934685332677f,0.6672941436791194f,0.08965279151801638f,-0.06979383978511582f,-0.9935246332633512f,-0.7602670989890828f,0f,0f,0f,1f], start_interpolation: 0, interpolation_duration: 1 }
$data merge entity $(bone_tail2) { transformation: [-0.8559323582162335f,-0.08038876833968983f,0.5108007870816422f,0.20246226645613252f,-0.21944801760408902f,0.9509418263248324f,-0.21806469341832407f,0.12322399023123909f,-0.4682118812333077f,-0.2987428473969208f,-0.8315830357824451f,-2.350179352525957f,0f,0f,0f,1f], start_interpolation: 0, interpolation_duration: 1 }
$data merge entity $(bone_tail1) { transformation: [-0.9628737496365519f,-0.0011436263355933541f,0.2699496886081764f,2.1462944984448214e-16f,-0.15254311327512532f,0.8273373391306286f,-0.5405955289054688f,0.5286706369103407f,-0.22272121778847015f,-0.5617042098819055f,-0.7967958582646908f,-1.752582458827439f,0f,0f,0f,1f], start_interpolation: 0, interpolation_duration: 1 }
$data merge entity $(bone_body1) { transformation: [-1f,9.344756497709982e-18f,1.2210763019818657e-16f,1.2246467991473532e-16f,0f,0.9970844678090258f,-0.0763057275307147f,0.5235821533203125f,-1.2246467991473532e-16f,-0.0763057275307147f,-0.9970844678090258f,-1f,0f,0f,0f,1f], start_interpolation: 0, interpolation_duration: 1 }