# This file was generated by Animated Java via MC-Build. It is not recommended to edit this file directly.
$data merge entity $(bone_left_leg4) { transformation: [-0.8999456213374452f,-0.009538760151096518f,0.002625012445638099f,0.4702206331666674f,-0.009534218917208417f,0.8999481352973615f,0.00156602823748897f,-0.6747243652573389f,-0.0026414589148128637f,0.0015381253465575062f,-0.8999948093545983f,-0.8889315365413174f,0f,0f,0f,1f], start_interpolation: 0, interpolation_duration: 1 }
$data merge entity $(bone_left_leg3) { transformation: [-0.9963819058404663f,3.2227383005289933e-7f,0.08498880934344591f,0.4649090742880746f,-0.06511454964719106f,0.6426536588659717f,-0.7633848113307091f,-0.14502257039969074f,-0.05461861530617488f,-0.7661568212488064f,-0.6403284564315104f,-1.4235286239509528f,0f,0f,0f,1f], start_interpolation: 0, interpolation_duration: 1 }
$data merge entity $(bone_left_leg2) { transformation: [-0.9971798741119297f,0.03810423672005281f,-0.06465574846909125f,0.483961192648101f,-0.03688063243032366f,0.501508829732318f,0.8643660756022647f,0.10573184446646827f,0.06536143830773292f,0.8643129993494851f,-0.4986892033499839f,-0.9913721242762104f,0f,0f,0f,1f], start_interpolation: 0, interpolation_duration: 1 }
$data merge entity $(bone_left_leg1) { transformation: [-0.9537169587565072f,0.021301925204580227f,0.2999503134901134f,0.3125000000000001f,-0.15224105153986045f,0.8259983906381018f,-0.542723982231579f,0.3433371579370509f,-0.25931954189045675f,-0.5632698169135679f,-0.784525645564171f,-0.9823015991405294f,0f,0f,0f,1f], start_interpolation: 0, interpolation_duration: 1 }
$data merge entity $(bone_right_leg4) { transformation: [-0.8996217021192473f,0.02550346938550936f,0.005510546739722615f,-0.6365917506957541f,0.025666029605792694f,0.8991797378663402f,0.028584155311890458f,-0.7130940621688698f,-0.0046955298255739394f,0.02872928923454371f,-0.8995290878786162f,-1.3076051598046372f,0f,0f,0f,1f], start_interpolation: 0, interpolation_duration: 1 }
$data merge entity $(bone_right_leg3) { transformation: [-0.9760070921316429f,0.20960510794648274f,-0.058956380752874696f,-0.47570314593883745f,0.21629477411672451f,0.9021862516881887f,-0.37319771965355186f,-0.013129515924381385f,-0.025034512148826293f,-0.3769955782069062f,-0.9258766695483317f,-1.532484551613046f,0f,0f,0f,1f], start_interpolation: 0, interpolation_duration: 1 }
$data merge entity $(bone_right_leg2) { transformation: [-0.96567938757369f,-0.07527104331685092f,0.248591211536723f,-0.5133386675972629f,0.21356364131892835f,0.3146293925834369f,0.924877784590579f,0.14418518036733707f,-0.14783061767409042f,0.9462254569396082f,-0.28775596104603424f,-1.059371823143242f,0f,0f,0f,1f], start_interpolation: 0, interpolation_duration: 1 }
$data merge entity $(bone_right_leg1) { transformation: [-0.9475589988593445f,0.16689152015074157f,-0.27254204112843106f,-0.3124999999999999f,0.2517294034772452f,0.9151710341666726f,-0.31479244852329785f,0.3433371579370509f,0.19688639136737482f,-0.3668912628069487f,-0.909190051733f,-0.9823015991405294f,0f,0f,0f,1f], start_interpolation: 0, interpolation_duration: 1 }
$data merge entity $(bone_right_wing3) { transformation: [-0.9966533876858107f,0.2790070275555122f,-0.5438682463295657f,-0.8735277147101925f,0.036949953093584315f,1.0658659268763901f,0.4790825532900127f,0.412425773633509f,0.610141206408272f,0.3912038732874888f,-0.9174109241469102f,1.083841458402081f,0f,0f,0f,1f], start_interpolation: 0, interpolation_duration: 1 }
$data merge entity $(bone_right_wing2) { transformation: [-0.20541053174922375f,0.23863708943256673f,-0.9491358453844498f,-1.0633322388241464f,-0.289372448490165f,0.9116442146408636f,0.29183627596076833f,0.8067923757097597f,0.9349171618391163f,0.3346000081574955f,-0.11820632402581494f,0.14472721938868602f,0f,0f,0f,1f], start_interpolation: 0, interpolation_duration: 1 }
$data merge entity $(bone_right_wing1) { transformation: [-0.9982079185379652f,0.24767209380323416f,-0.3403683246577684f,-0.35130760021556806f,0.18382671380088694f,1.0445125666508703f,0.2209351681210778f,0.6391480762312558f,0.3786816628414702f,0.14581887110605432f,-1.004464118905243f,0.13620942233280908f,0f,0f,0f,1f], start_interpolation: 0, interpolation_duration: 1 }
$data merge entity $(bone_left_wing3) { transformation: [-0.7973272372341044f,0.0726537521034067f,-0.852024808938384f,1.7710725187757181f,-0.2196090864469561f,1.1084710583525155f,0.3000322114729506f,0.6572565619090989f,0.8264361390277692f,0.3646490245108475f,-0.742286981570284f,-0.491559811522715f,0f,0f,0f,1f], start_interpolation: 0, interpolation_duration: 1 }
$data merge entity $(bone_left_wing2) { transformation: [-0.9960736814220961f,0.06214137360702354f,0.06305292114141309f,0.8473050403839818f,0.07865310406416785f,0.9480847468361737f,0.30813795942346894f,0.8574038477360432f,-0.04063139671859817f,0.3118874195969124f,-0.9492498760062471f,-0.9159193736476667f,0f,0f,0f,1f], start_interpolation: 0, interpolation_duration: 1 }
$data merge entity $(bone_left_wing1) { transformation: [-0.5466706786719663f,-0.14330853724723558f,-0.9242429027823262f,0.713666241099617f,-0.3119465492938727f,1.0371784976357188f,0.023690199173274976f,0.6539707993364835f,0.8817321762162749f,0.2780908813774405f,-0.5646458555862613f,-0.22605567975973961f,0f,0f,0f,1f], start_interpolation: 0, interpolation_duration: 1 }
$data merge entity $(bone_beak_down) { transformation: [-0.5096046372366299f,0.6502972336123061f,-0.7262345500340126f,1.401423011318316f,-0.11657415915035602f,0.7729474987071954f,0.7739267598815003f,0.8281657842600514f,0.9678396453572825f,0.4355062252120768f,-0.28917252406862115f,0.8134878218971819f,0f,0f,0f,1f], start_interpolation: 0, interpolation_duration: 1 }
$data merge entity $(bone_beak_up) { transformation: [-0.5096046372366299f,0.06678516878790519f,-0.972544525940532f,1.4329460291058322f,-0.11657415915035602f,1.0853656696290257f,0.13561647617131223f,0.9222967976480417f,0.9678396453572825f,0.165894859536719f,-0.49574723040475144f,0.8414237717310058f,0f,0f,0f,1f], start_interpolation: 0, interpolation_duration: 1 }
$data merge entity $(bone_head) { transformation: [-0.5096046372366299f,0.3362455230668396f,-0.9150093234084724f,0.975441367401596f,-0.11657415915035602f,1.0040641428052302f,0.433895912116242f,1.1392447537061627f,0.9678396453572825f,0.297983464894121f,-0.42952564012452576f,0.6266609516687429f,0f,0f,0f,1f], start_interpolation: 0, interpolation_duration: 1 }
$data merge entity $(bone_neck2) { transformation: [-0.5453468170859574f,-0.622838034395994f,-0.5609542156040455f,0.6248449826490676f,0.08518352344170121f,0.6245825149693832f,-0.7762992009068264f,0.6540577531393963f,0.8338708631606409f,-0.4711363548955382f,-0.28755854824274135f,0.44693685901702956f,0f,0f,0f,1f], start_interpolation: 0, interpolation_duration: 1 }
$data merge entity $(bone_neck1) { transformation: [-0.6926770620950109f,0.042654294063671105f,-0.7199854851629679f,0.21985314724489813f,0.21414389004899f,0.9653976046045782f,-0.14882828823321326f,0.5703418410082138f,0.6887240971551021f,-0.2572704340216189f,-0.6778429329691482f,0.06565020922188369f,0f,0f,0f,1f], start_interpolation: 0, interpolation_duration: 1 }
$data merge entity $(bone_body3) { transformation: [-0.9466434145023868f,0.02399544848798602f,-0.32138833866698213f,0.020485151108533408f,-0.013175753871313558f,0.9935091965121967f,0.11298617594914825f,0.7030525257584438f,0.32201342408226546f,0.11119215303945568f,-0.9401827800025191f,-0.5150145187147248f,0f,0f,0f,1f], start_interpolation: 0, interpolation_duration: 1 }
$data merge entity $(bone_body2) { transformation: [-0.9966265760066446f,0.0046049258670092345f,-0.08194060443413326f,9.343015897195534e-17f,0.01282294020556516f,0.9948996728355749f,-0.10005105294873458f,0.6780397625212602f,0.0810619528617233f,-0.10076425779722362f,-0.9916025030972937f,-0.7629151444890483f,0f,0f,0f,1f], start_interpolation: 0, interpolation_duration: 1 }
$data merge entity $(bone_tail2) { transformation: [-0.8895828019780575f,-0.07271409925384265f,0.4509491082090866f,0.1795021681071383f,-0.20459728209313569f,0.9461043762445563f,-0.2510507148187414f,0.09697408168476329f,-0.40838999814511856f,-0.31559336022895257f,-0.8565152890605214f,-2.3442588711700987f,0f,0f,0f,1f], start_interpolation: 0, interpolation_duration: 1 }
$data merge entity $(bone_tail1) { transformation: [-0.9709362305907144f,0.0010039618210993062f,0.23933622414285075f,2.1462557706767667e-16f,-0.13866355032210778f,0.8127034876265278f,-0.5659376829755609f,0.521427343916434f,-0.195077563903088f,-0.5826766112178693f,-0.7889440479535267f,-1.7525508352049535f,0f,0f,0f,1f], start_interpolation: 0, interpolation_duration: 1 }
$data merge entity $(bone_body1) { transformation: [-1f,1.1559621313374633e-17f,1.2191789442780724e-16f,1.2246467991473532e-16f,0f,0.995535157669062f,-0.09439147125050987f,0.53f,-1.2246467991473532e-16f,-0.09439147125050987f,-0.995535157669062f,-1f,0f,0f,0f,1f], start_interpolation: 0, interpolation_duration: 1 }