# This file was generated by Animated Java via MC-Build. It is not recommended to edit this file directly.
$data merge entity $(bone_left_leg4) { transformation: [-0.8999492603212059f,-0.009172748230032293f,0.0026813312408450543f,0.4698098661459213f,-0.009170265238010261f,0.8999528826034753f,0.0008457713401169853f,-0.6758320050696034f,-0.002689810918862591f,0.0008184030814107901f,-0.8999956083968508f,-0.8847273502110771f,0f,0f,0f,1f], start_interpolation: 0, interpolation_duration: 1 }
$data merge entity $(bone_left_leg3) { transformation: [-0.9964049314096465f,0.0003091605456883584f,0.08471786755044611f,0.46474686983328467f,-0.06475288243347992f,0.642041162194108f,-0.7639307627429299f,-0.14655546075258935f,-0.054628535392172675f,-0.7666701053700973f,-0.639712961141722f,-1.4197478691672925f,0f,0f,0f,1f], start_interpolation: 0, interpolation_duration: 1 }
$data merge entity $(bone_left_leg2) { transformation: [-0.997232494740444f,0.03810111803558025f,-0.06384086652129031f,0.4837974288510748f,-0.03577379229874836f,0.5068402960025737f,0.8612973645220271f,0.10686468724869752f,0.06517351623409953f,0.8611975494347754f,-0.5040745913346768f,-0.9891490944499048f,0f,0f,0f,1f], start_interpolation: 0, interpolation_duration: 1 }
$data merge entity $(bone_left_leg1) { transformation: [-0.9537169587565072f,0.022116379522908798f,0.29989136089096907f,0.3125000000000001f,-0.15317898283882497f,0.8224689802152781f,-0.5477964729715804f,0.34464208686638037f,-0.2587666164649176f,-0.5683798398434263f,-0.7810148499630843f,-0.9816258571105837f,0f,0f,0f,1f], start_interpolation: 0, interpolation_duration: 1 }
$data merge entity $(bone_right_leg4) { transformation: [-0.8996377656470645f,0.024038198746995563f,0.00860555765522164f,-0.6411383542320205f,0.024298547306324778f,0.8992244577616135f,0.028371731743666362f,-0.7128370557121695f,-0.00784035843311362f,0.02859264878132528f,-0.8995115281169601f,-1.3212851096622344f,0f,0f,0f,1f], start_interpolation: 0, interpolation_duration: 1 }
$data merge entity $(bone_right_leg3) { transformation: [-0.9747741629658797f,0.21660636033014913f,-0.053823934069280585f,-0.47531958810507857f,0.22136071251079506f,0.9073963573281468f,-0.3572552108287903f,-0.009961337039259999f,-0.028544109215068773f,-0.36015765349654294f,-0.9324546629498847f,-1.5331249333502739f,0f,0f,0f,1f], start_interpolation: 0, interpolation_duration: 1 }
$data merge entity $(bone_right_leg2) { transformation: [-0.9639670328798647f,-0.0774567403543695f,0.25449560486276696f,-0.5140479582822634f,0.218803684722891f,0.3132612229913725f,0.924117067108727f,0.14666927445642625f,-0.1513027001493216f,0.9465029633041969f,-0.28502567144715074f,-1.0598734516981754f,0f,0f,0f,1f], start_interpolation: 0, interpolation_duration: 1 }
$data merge entity $(bone_right_leg1) { transformation: [-0.9470367759866909f,0.1730659205629327f,-0.2704986729513453f,-0.3124999999999999f,0.2562377808458045f,0.9149773418909352f,-0.31170284485935656f,0.34464208686638037f,0.19355501697437777f,-0.36450603694027245f,-0.9108632193903458f,-0.9816258571105838f,0f,0f,0f,1f], start_interpolation: 0, interpolation_duration: 1 }
$data merge entity $(bone_right_wing3) { transformation: [-1.0053332547259992f,0.27270074601961136f,-0.5309377704015219f,-0.9043567430246111f,0.04202997743583534f,1.0697704692285537f,0.46987252541495306f,0.4347377517380089f,0.5953940660733318f,0.3849428688304668f,-0.9296668541998243f,1.0763879625973145f,0f,0f,0f,1f], start_interpolation: 0, interpolation_duration: 1 }
$data merge entity $(bone_right_wing2) { transformation: [-0.22548829502829043f,0.23324327306867498f,-0.9459136347328156f,-1.0737156259359781f,-0.2784640589766817f,0.9149838030041033f,0.2919972741283375f,0.8187727005647957f,0.9336020547660904f,0.3292449176651932f,-0.14136826917018652f,0.12911764479799637f,0f,0f,0f,1f], start_interpolation: 0, interpolation_duration: 1 }
$data merge entity $(bone_right_wing1) { transformation: [-1.0030864450933092f,0.24466870256862966f,-0.32797243903194373f,-0.3614555883116987f,0.18595616102249657f,1.046061507099713f,0.21162878030448426f,0.6519246490764072f,0.3644845688900341f,0.13965550636753196f,-1.0105733272224167f,0.13101935928449393f,0f,0f,0f,1f], start_interpolation: 0, interpolation_duration: 1 }
$data merge entity $(bone_left_wing3) { transformation: [-0.8068931002773225f,0.07316083346302925f,-0.8429273890130798f,1.7730107377626187f,-0.20680309756246745f,1.1124074939757806f,0.2945124991603143f,0.6555235380610417f,0.8204337691367793f,0.35235298461923154f,-0.7547790210826608f,-0.47626813908719995f,0f,0f,0f,1f], start_interpolation: 0, interpolation_duration: 1 }
$data merge entity $(bone_left_wing2) { transformation: [-0.9957205143776988f,0.06257508461719427f,0.06800747041731475f,0.8515926573534087f,0.08009143228124879f,0.951451613786103f,0.29719554017339894f,0.8525963726495502f,-0.04610878140386143f,0.3013705118437621f,-0.9523916184367016f,-0.9071246663526654f,0f,0f,0f,1f], start_interpolation: 0, interpolation_duration: 1 }
$data merge entity $(bone_left_wing1) { transformation: [-0.5590196766728894f,-0.14184058318187795f,-0.9170547209225162f,0.7084581827546557f,-0.2990773152703363f,1.0410140423450318f,0.021298691092530797f,0.6578822246297142f,0.878442298443294f,0.2641630627362424f,-0.5763402777028358f,-0.21665006671684361f,0f,0f,0f,1f], start_interpolation: 0, interpolation_duration: 1 }
$data merge entity $(bone_beak_down) { transformation: [-0.5639066686580293f,0.6238000612589605f,-0.7091422654279756f,1.3665238257794132f,-0.09709448971605784f,0.7832610474672389f,0.7662080602468904f,0.857642294396708f,0.9394583168559327f,0.4553851283187027f,-0.34647143575824074f,0.8680899142929048f,0f,0f,0f,1f], start_interpolation: 0, interpolation_duration: 1 }
$data merge entity $(bone_beak_up) { transformation: [-0.5639066686580293f,0.0324730273717872f,-0.9439040054668246f,1.3951191805346637f,-0.09709448971605784f,1.0915316445620509f,0.0955579875596142f,0.9529690156194115f,0.9394583168559327f,0.1323033310728653f,-0.5566991103614607f,0.8951063450777135f,0f,0f,0f,1f], start_interpolation: 0, interpolation_duration: 1 }
$data merge entity $(bone_head) { transformation: [-0.5639066686580293f,0.3050171173893378f,-0.8938533588584333f,0.9481925011054471f,-0.09709448971605784f,1.0168183597088372f,0.40823165412031504f,1.157084842679569f,0.9394583168559327f,0.28817526170462504f,-0.4943410658965012f,0.6479358121294628f,0f,0f,0f,1f], start_interpolation: 0, interpolation_duration: 1 }
$data merge entity $(bone_neck2) { transformation: [-0.5810556824741828f,-0.5994872839496046f,-0.5504446295924666f,0.6041646076101554f,0.09937897932792653f,0.6190116253335397f,-0.7790689482771529f,0.6701667500063484f,0.8077735526322963f,-0.5073850649010627f,-0.30010378801865045f,0.4603709446178063f,0f,0f,0f,1f], start_interpolation: 0, interpolation_duration: 1 }
$data merge entity $(bone_neck1) { transformation: [-0.7120668678707175f,0.05145320207387065f,-0.7002237811422372f,0.210288730717647f,0.2275074430791324f,0.9604108969309506f,-0.16078330883484857f,0.5797261387867461f,0.6642297336196127f,-0.27379458915879323f,-0.6955827656885887f,0.06910563891797517f,0f,0f,0f,1f], start_interpolation: 0, interpolation_duration: 1 }
$data merge entity $(bone_body3) { transformation: [-0.9510344631700928f,0.027176612726517786f,-0.30788777433260717f,0.0195574100551749f,-0.005295622714050631f,0.9945480950935915f,0.10414433698372141f,0.7069756053449214f,0.30903948977896667f,0.10067531110665295f,-0.9457055966265266f,-0.5156681520294382f,0f,0f,0f,1f], start_interpolation: 0, interpolation_duration: 1 }
$data merge entity $(bone_body2) { transformation: [-0.9969074427316044f,0.00746150234691081f,-0.07822964022069923f,9.349599205208606e-17f,0.015864846889804513f,0.994094158940786f,-0.10735506412356345f,0.6801368393140306f,0.07696659833652554f,-0.10826416370405494f,-0.9911382414163857f,-0.7634527123835346f,0f,0f,0f,1f], start_interpolation: 0, interpolation_duration: 1 }
$data merge entity $(bone_tail2) { transformation: [-0.9027098672508308f,-0.06901830250570572f,0.42467795973798617f,0.16931326387241766f,-0.19517698345460133f,0.945335812033977f,-0.2612396363793667f,0.0904501961740391f,-0.38343296767172996f,-0.3187109605979882f,-0.8668347494748683f,-2.343589824543668f,0f,0f,0f,1f], start_interpolation: 0, interpolation_duration: 1 }
$data merge entity $(bone_tail1) { transformation: [-0.9741838066955827f,0.001545451348646784f,0.22575101849655657f,2.146211717338897e-16f,-0.13141987791484114f,0.8091933436327226f,-0.5726560471254476f,0.5199422315181248f,-0.18356123354606196f,-0.5875404192058821f,-0.7880999488252898f,-1.7525148629247007f,0f,0f,0f,1f], start_interpolation: 0, interpolation_duration: 1 }
$data merge entity $(bone_body1) { transformation: [-1f,1.2000978814186528e-17f,1.218752408576903e-16f,1.2246467991473532e-16f,0f,0.995186864837638f,-0.09799542874355346f,0.5312396240234375f,-1.2246467991473532e-16f,-0.09799542874355346f,-0.995186864837638f,-1f,0f,0f,0f,1f], start_interpolation: 0, interpolation_duration: 1 }