# This file was generated by Animated Java via MC-Build. It is not recommended to edit this file directly.
$data merge entity $(bone_left_leg4) { transformation: [-0.8999590274374992f,-0.0080936797630164f,0.0028707632512351075f,0.46857288640578837f,-0.008097837578148366f,0.8999626395126881f,-0.0012932547750275636f,-0.6791063983417868f,-0.0028590138699961243f,-0.0013190258712182934f,-0.8999944923222822f,-0.8721374686489773f,0f,0f,0f,1f], start_interpolation: 0, interpolation_duration: 1 }
$data merge entity $(bone_left_leg3) { transformation: [-0.9964704086187938f,0.0012396100707537314f,0.08393561886331226f,0.46425661777989663f,-0.06368789339505845f,0.6402191125305507f,-0.7655477386717913f,-0.1510953302768867f,-0.05468616810487263f,-0.7681913507176883f,-0.6378804525148418f,-1.4084134534050659f,0f,0f,0f,1f], start_interpolation: 0, interpolation_duration: 1 }
$data merge entity $(bone_left_leg2) { transformation: [-0.9973844113427769f,0.03810416694445351f,-0.06141993545984824f,0.4833087012521234f,-0.0325018378513581f,0.5225624832771005f,0.8519812683431216f,0.11018591136166356f,0.06455979047911109f,0.8517490965846338f,-0.5199572193176609f,-0.9825389051127489f,0f,0f,0f,1f], start_interpolation: 0, interpolation_duration: 1 }
$data merge entity $(bone_left_leg1) { transformation: [-0.9537169587565072f,0.024534765449841685f,0.2997031996234944f,0.3125000000000001f,-0.15595325720503067f,0.8117953421186056f,-0.5627316448198713f,0.34841556426199916f,-0.25710415038925455f,-0.5834264030697079f,-0.7703967082313906f,-0.9796199916935903f,0f,0f,0f,1f], start_interpolation: 0, interpolation_duration: 1 }
$data merge entity $(bone_right_leg4) { transformation: [-0.8995905211242682f,0.019243325473313547f,0.01914650694240147f,-0.6536440615194667f,0.01982172021259549f,0.8993643178078701f,0.027402979067937316f,-0.7108542457616815f,-0.018547067455015387f,0.02781219658193751f,-0.8993789457231622f,-1.3623681507880443f,0f,0f,0f,1f], start_interpolation: 0, interpolation_duration: 1 }
$data merge entity $(bone_right_leg3) { transformation: [-0.9709074435170888f,0.23657259108882386f,-0.03704247924519724f,-0.47389946325002397f,0.23623603368502294f,0.9210448709810743f,-0.30962700468180177f,-0.0007189047332630538f,-0.03913147725143349f,-0.30936993193420725f,-0.9501362916461746f,-1.5350120815108137f,0f,0f,0f,1f], start_interpolation: 0, interpolation_duration: 1 }
$data merge entity $(bone_right_leg2) { transformation: [-0.9586423951309613f,-0.08427623692926539f,0.27184972714096267f,-0.5160375817146566f,0.23417453108041592f,0.3093139315532767f,0.9216762884767744f,0.1539380610433753f,-0.16176231715341133f,0.9472182470983641f,-0.27678609992747477f,-1.0614029579616315f,0f,0f,0f,1f], start_interpolation: 0, interpolation_duration: 1 }
$data merge entity $(bone_right_leg1) { transformation: [-0.9453609054287315f,0.1912678444685378f,-0.26402532105714405f,-0.3124999999999999f,0.2694970690810626f,0.9141964676468578f,-0.3026815955731778f,0.34841556426199916f,0.18347775953418913f,-0.3572973974357594f,-0.915791723888105f,-0.9796199916935904f,0f,0f,0f,1f], start_interpolation: 0, interpolation_duration: 1 }
$data merge entity $(bone_right_wing3) { transformation: [-1.038414446882026f,0.2497199456912064f,-0.4757004847666639f,-1.0209078067953612f,0.06066693297134317f,1.0830799033287137f,0.43613416768911456f,0.5128169320383373f,0.5338263067020104f,0.36267538888930273f,-0.974911074172125f,1.0349875829948174f,0f,0f,0f,1f], start_interpolation: 0, interpolation_duration: 1 }
$data merge entity $(bone_right_wing2) { transformation: [-0.2997343171866527f,0.21358759861757032f,-0.9298062576781416f,-1.1129573279085778f,-0.24007167433715987f,0.9263674754638404f,0.2901876833769892f,0.8595239930128447f,0.9233227660366682f,0.31019935222293854f,-0.22638779030430414f,0.06297553180499452f,0f,0f,0f,1f], start_interpolation: 0, interpolation_duration: 1 }
$data merge entity $(bone_right_wing1) { transformation: [-1.0213197357589205f,0.23530748845765057f,-0.27413043307190915f,-0.4015512418142068f,0.1942896020285411f,1.0507807836727399f,0.17810785024474565f,0.6951230108997907f,0.3045794789607976f,0.11874864904901551f,-1.032831646715046f,0.10803047324488357f,0f,0f,0f,1f], start_interpolation: 0, interpolation_duration: 1 }
$data merge entity $(bone_left_wing3) { transformation: [-0.8474998075619472f,0.07404108769558726f,-0.8020084535040009f,1.7750495565772182f,-0.1617784414268296f,1.1248415104707075f,0.2747997055821667f,0.6466922976548762f,0.7890040418454968f,0.31016940473134025f,-0.8051230516490244f,-0.40286372880241283f,0f,0f,0f,1f], start_interpolation: 0, interpolation_duration: 1 }
$data merge entity $(bone_left_wing2) { transformation: [-0.9931276594585084f,0.0633279735671923f,0.09842265888675117f,0.8684589613285699f,0.08696765743211128f,0.9620865341044289f,0.25850749980551524f,0.8346020179408479f,-0.07832035865109238f,0.2652905363159427f,-0.9609822333227412f,-0.8679118529290989f,0f,0f,0f,1f], start_interpolation: 0, interpolation_duration: 1 }
$data merge entity $(bone_left_wing1) { transformation: [-0.6094088238473667f,-0.13614697542685059f,-0.8852660603514633f,0.6860109139680787f,-0.2537977653541203f,1.0531073940068865f,0.012752337056017044f,0.6705952044531907f,0.8589637307996973f,0.21456917038860895f,-0.6243016029136238f,-0.1787306538646085f,0f,0f,0f,1f], start_interpolation: 0, interpolation_duration: 1 }
$data merge entity $(bone_beak_down) { transformation: [-0.7586977915452979f,0.499881341768482f,-0.6200776606652024f,1.1931265237477635f,-0.029489493498674524f,0.8381593795441252f,0.7117718906049885f,0.9865532997420305f,0.7959321773100263f,0.5075504887535326f,-0.5646985660408314f,1.065217407978111f,0f,0f,0f,1f], start_interpolation: 0, interpolation_duration: 1 }
$data merge entity $(bone_beak_up) { transformation: [-0.7586977915452979f,-0.06672592036841554f,-0.7936783433200604f,1.2110824599775265f,-0.029489493498674524f,1.097734815909868f,-0.06409870289265263f,1.085950317170682f,0.7959321773100263f,-0.02293306543654358f,-0.7589242673891803f,1.086016035466507f,0f,0f,0f,1f], start_interpolation: 0, interpolation_duration: 1 }
$data merge entity $(bone_head) { transformation: [-0.7586977915452979f,0.19152998645080516f,-0.7731066714202136f,0.8245291242674198f,-0.029489493498674524f,1.0602348525722816f,0.2916032015671725f,1.2317519179542682f,0.7959321773100263f,0.22185202654289132f,-0.72613610806882f,0.7229479814320969f,0f,0f,0f,1f], start_interpolation: 0, interpolation_duration: 1 }
$data merge entity $(bone_neck2) { transformation: [-0.7125903459999348f,-0.49950314371635673f,-0.49265769881853055f,0.5166180625058382f,0.14461958611740108f,0.5825500750939154f,-0.7998253467597195f,0.7318610762294436f,0.6865130545728353f,-0.6411957730877132f,-0.342881621664861f,0.5086469678915588f,0f,0f,0f,1f], start_interpolation: 0, interpolation_duration: 1 }
$data merge entity $(bone_neck1) { transformation: [-0.7849258351423992f,0.08447380812837f,-0.6138042106945003f,0.17135319399018176f,0.2684529729601037f,0.9392130715008727f,-0.21403693053017475f,0.6114653028062204f,0.558412423424559f,-0.3327806816240815f,-0.7598898494538026f,0.08120892757379483f,0f,0f,0f,1f], start_interpolation: 0, interpolation_duration: 1 }
$data merge entity $(bone_body3) { transformation: [-0.9667219162509203f,0.039537869694800915f,-0.252755798153367f,0.01585193700025241f,0.021802494619199954f,0.9971236348891528f,0.0725886215175863f,0.7191534184352838f,0.2548987796528819f,0.06466230436228343f,-0.9648032952504002f,-0.5177517379350626f,0f,0f,0f,1f], start_interpolation: 0, interpolation_duration: 1 }
$data merge entity $(bone_body2) { transformation: [-0.9978237492242107f,0.018089305613539972f,-0.06340774800100926f,9.369378828809816e-17f,0.02633131440483368f,0.9909446419932647f,-0.1316638841389478f,0.6862374474005468f,0.06045185990400413f,-0.13304695985726403f,-0.9892644131408378f,-0.765067841220272f,0f,0f,0f,1f], start_interpolation: 0, interpolation_duration: 1 }
$data merge entity $(bone_tail2) { transformation: [-0.946661762914909f,-0.05357628756936439f,0.31774374587884735f,0.12860909118222594f,-0.1523905668162632f,0.9432758806852253f,-0.2949707240777144f,0.06980123578597702f,-0.2839165753883609f,-0.3276586552004967f,-0.9011277289551951f,-2.341746676172362f,0f,0f,0f,1f], start_interpolation: 0, interpolation_duration: 1 }
$data merge entity $(bone_tail1) { transformation: [-0.9851831681311201f,0.0030249650994224097f,0.1714787882429676f,2.1460096091375642e-16f,-0.1009663702392787f,0.7979915897891714f,-0.5941508349791793f,0.5154143620203615f,-0.1386359163847311f,-0.6026609927744606f,-0.7858624628242958f,-1.7523498290541402f,0f,0f,0f,1f], start_interpolation: 0, interpolation_duration: 1 }
$data merge entity $(bone_body1) { transformation: [-1f,1.3311099700821927e-17f,1.2173911635695962e-16f,1.2246467991473532e-16f,0f,0.9940753239360046f,-0.10869337763418509f,0.5348046875f,-1.2246467991473532e-16f,-0.10869337763418509f,-0.9940753239360046f,-1f,0f,0f,0f,1f], start_interpolation: 0, interpolation_duration: 1 }