# This file was generated by Animated Java via MC-Build. It is not recommended to edit this file directly.
$data merge entity $(bone_left_leg4) { transformation: [-0.8999618979535688f,-0.007741931968456135f,0.0029401906751377535f,0.46816109961097974f,-0.007748474129655521f,0.8999644314439855f,-0.0019958167165753937f,-0.6801846092215478f,-0.0029229061689400385f,-0.0020210455462215116f,-0.8999929844140053f,-0.8679687702477362f,0f,0f,0f,1f], start_interpolation: 0, interpolation_duration: 1 }
$data merge entity $(bone_left_leg3) { transformation: [-0.9964909651526617f,0.0015494557586202967f,0.08368605353324446f,0.4640928130841172f,-0.06334119777446018f,0.639619669240614f,-0.7660773925557551f,-0.15259002025635254f,-0.05471424890843048f,-0.7686899751573322f,-0.6372770771485559f,-1.4046564342939507f,0f,0f,0f,1f], start_interpolation: 0, interpolation_duration: 1 }
$data merge entity $(bone_left_leg2) { transformation: [-0.9974328834201484f,0.038109189171959656f,-0.06062452286677904f,0.483147407670097f,-0.03143234627937694f,0.5276893665321422f,0.8488556650316237f,0.11125466300971854f,0.06434011718626376f,0.8485821245757906f,-0.5251368651798268f,-0.9803653720060553f,0f,0f,0f,1f], start_interpolation: 0, interpolation_duration: 1 }
$data merge entity $(bone_left_leg1) { transformation: [-0.9537169587565072f,0.025328925646022106f,0.2996371273822006f,0.3125000000000001f,-0.1568607550656459f,0.8082274021399163f,-0.5675941947821503f,0.3496136180494003f,-0.2565514882055341f,-0.5883255153023541f,-0.7668470655507167f,-0.9789615173601791f,0f,0f,0f,1f], start_interpolation: 0, interpolation_duration: 1 }
$data merge entity $(bone_right_leg4) { transformation: [-0.8995336605126171f,0.017542350115049697f,0.023053406629237005f,-0.6574080798624345f,0.018231165378685348f,0.8994110365703023f,0.026970574789376422f,-0.7098168618892198f,-0.022512623430132654f,0.027423589261351966f,-0.8993003550195662f,-1.3759954755441124f,0f,0f,0f,1f], start_interpolation: 0, interpolation_duration: 1 }
$data merge entity $(bone_right_leg3) { transformation: [-0.9695707903123059f,0.24283525625913824f,-0.03104063289833571f,-0.4733415981119349f,0.2410652475918075f,0.9249340223114949f,-0.29391257335163384f,0.0022531906788785805f,-0.04266179762587463f,-0.29245186388231087f,-0.9553281521734254f,-1.5356263639450065f,0f,0f,0f,1f], start_interpolation: 0, interpolation_duration: 1 }
$data merge entity $(bone_right_leg2) { transformation: [-0.9568159720717284f,-0.08662215758455633f,0.27748837345703253f,-0.516652676904213f,0.2391594131518845f,0.308056219123654f,0.9208171050540306f,0.15628130024070558f,-0.1652451835584912f,0.9474164700250022f,-0.274036606379668f,-1.0619181289325055f,0f,0f,0f,1f], start_interpolation: 0, interpolation_duration: 1 }
$data merge entity $(bone_right_leg1) { transformation: [-0.944769677521134f,0.19719982841972497f,-0.26176799672198914f,-0.3124999999999999f,0.2738087258755126f,0.9138744347056864f,-0.29977041085769374f,0.3496136180494003f,0.18010840644190013f,-0.3548883560538344f,-0.9173958887341747f,-0.9789615173601792f,0f,0f,0f,1f], start_interpolation: 0, interpolation_duration: 1 }
$data merge entity $(bone_right_wing3) { transformation: [-1.050866066517816f,0.240984843264992f,-0.4522857299699852f,-1.0660615401874365f,0.06760137865968172f,1.0880082895055672f,0.42263883109227307f,0.5421275532228477f,0.5080020962764282f,0.35372281981839937f,-0.9918516032628255f,1.0144423242850427f,0f,0f,0f,1f], start_interpolation: 0, interpolation_duration: 1 }
$data merge entity $(bone_right_wing2) { transformation: [-0.32821940384202597f,0.2061163910384981f,-0.9218394959464744f,-1.1277247161287607f,-0.22552110210474663f,0.9305827661794478f,0.2883677301559034f,0.8742267440422701f,0.9172852639430363f,0.3025421435685819f,-0.25895172507222686f,0.03495566877874412f,0f,0f,0f,1f], start_interpolation: 0, interpolation_duration: 1 }
$data merge entity $(bone_right_wing1) { transformation: [-1.0279034886285965f,0.23212594099596381f,-0.2512828619166259f,-0.41741299559523765f,0.19732343870494276f,1.0523610522008477f,0.16495692607311926f,0.7109352711549519f,0.27944407260474946f,0.11074689358430845f,-1.040796448379129f,0.09779995694399057f,0f,0f,0f,1f], start_interpolation: 0, interpolation_duration: 1 }
$data merge entity $(bone_left_wing3) { transformation: [-0.864081270465853f,0.07445071565223334f,-0.7840766639465493f,1.7739442694964314f,-0.14487657247940586f,1.1290477343122105f,0.2668661806367497f,0.6430961794274329f,0.7741640024912674f,0.29438727988807056f,-0.8252040915212225f,-0.37032868017011866f,0f,0f,0f,1f], start_interpolation: 0, interpolation_duration: 1 }
$data merge entity $(bone_left_wing2) { transformation: [-0.9915459749821671f,0.06367833185092686f,0.11305595760218484f,0.8748059948674409f,0.0898040203713005f,0.9656841532175835f,0.24369931093376132f,0.8276934814106692f,-0.09365798108978679f,0.25179195038190216f,-0.9632388054377081f,-0.8509122081053906f,0f,0f,0f,1f], start_interpolation: 0, interpolation_duration: 1 }
$data merge entity $(bone_left_wing1) { transformation: [-0.6297373859887445f,-0.13349421637361195f,-0.8713330189967378f,0.6762418119892156f,-0.23669579458589937f,1.0571202593366866f,0.009108745050624947f,0.6753806706040889f,0.8491272205179409f,0.19567105714909094f,-0.6436667708377872f,-0.1635045248910541f,0f,0f,0f,1f], start_interpolation: 0, interpolation_duration: 1 }
$data merge entity $(bone_beak_down) { transformation: [-0.8268751884660914f,0.44530886376571754f,-0.5726931451928263f,1.1103566936865552f,-0.007042682163744887f,0.8634065783904162f,0.6815273149479012f,1.0437656322576472f,0.7254156210939399f,0.5159739298102577f,-0.6461757349429437f,1.1334791700488691f,0f,0f,0f,1f], start_interpolation: 0, interpolation_duration: 1 }
$data merge entity $(bone_beak_up) { transformation: [-0.8268751884660914f,-0.09129502983615098f,-0.719682318961903f,1.1246104234848397f,-0.007042682163744887f,1.0922135369522132f,-0.13046068498317126f,1.1444379070232453f,0.7254156210939399f,-0.0934601905923268f,-0.8216065782644028f,1.1507038588808158f,0f,0f,0f,1f], start_interpolation: 0, interpolation_duration: 1 }
$data merge entity $(bone_head) { transformation: [-0.8268751884660914f,0.15203978451503497f,-0.7093386543984388f,0.7699410962856204f,-0.007042682163744887f,1.0738375974997147f,0.23837620439964696f,1.263626009223069f,0.7254156210939399f,0.183730014207433f,-0.8062353617599706f,0.7475861780008306f,0f,0f,0f,1f], start_interpolation: 0, interpolation_duration: 1 }
$data merge entity $(bone_neck2) { transformation: [-0.759778370364357f,-0.4547945536802783f,-0.46464905237096765f,0.47953543855376557f,0.1587342484570189f,0.5632710088849634f,-0.810881747800813f,0.7568249168475606f,0.6305079430849918f,-0.6898461310266748f,-0.35576965752332046f,0.5252301420487553f,0f,0f,0f,1f], start_interpolation: 0, interpolation_duration: 1 }
$data merge entity $(bone_neck1) { transformation: [-0.811309391341031f,0.09844356342433293f,-0.5762689791600493f,0.1553841377762378f,0.2814642587824285f,0.9297315606424728f,-0.23743861559015694f,0.6232656955780973f,0.5124011539310818f,-0.3548352997738973f,-0.7820082911865223f,0.08535047825633657f,0f,0f,0f,1f], start_interpolation: 0, interpolation_duration: 1 }
$data merge entity $(bone_body3) { transformation: [-0.9721376067417362f,0.0447024007889054f,-0.23010903702844349f,0.014359889682767196f,0.03160408937854489f,0.9976799617172469f,0.06029822155276118f,0.723307081655901f,0.23227065052003978f,0.05134578221802638f,-0.9712949889479595f,-0.5184997784475115f,0f,0f,0f,1f], start_interpolation: 0, interpolation_duration: 1 }
$data merge entity $(bone_body2) { transformation: [-0.9981004900043509f,0.022273503223671876f,-0.05743955873106841f,9.375949679773684e-17f,0.030167841448493545f,0.9896263154523495f,-0.1404622978117101f,0.6881915072029734f,0.05371511142512258f,-0.14192831577367523f,-0.9884184538879445f,-0.7656043919194976f,0f,0f,0f,1f], start_interpolation: 0, interpolation_duration: 1 }
$data merge entity $(bone_tail2) { transformation: [-0.9607390609719203f,-0.04705076368924525f,0.2734349691591249f,0.11206433550824628f,-0.13329088639877107f,0.9426116976101054f,-0.3061318786595495f,0.06293945495303072f,-0.2433392617844944f,-0.33055924304858564f,-0.9118753152209589f,-2.3409984122759844f,0f,0f,0f,1f], start_interpolation: 0, interpolation_duration: 1 }
$data merge entity $(bone_tail1) { transformation: [-0.988768119324714f,0.0033962590062590384f,0.14941911401099475f,2.1459199503127795e-16f,-0.08813167548896783f,0.7941818675787075f,-0.6012553276144035f,0.5138809506638333f,-0.12070796983867926f,-0.6076706563871245f,-0.7849623936109714f,-1.7522766170677557f,0f,0f,0f,1f], start_interpolation: 0, interpolation_duration: 1 }
$data merge entity $(bone_body1) { transformation: [-1f,1.374117889267931e-17f,1.2169132191433356e-16f,1.2246467991473532e-16f,0f,0.9936850526948652f,-0.11220524074571096f,0.5359295654296875f,-1.2246467991473532e-16f,-0.11220524074571096f,-0.9936850526948652f,-1f,0f,0f,0f,1f], start_interpolation: 0, interpolation_duration: 1 }