# This file was generated by Animated Java via MC-Build. It is not recommended to edit this file directly.
$data merge entity $(bone_left_leg4) { transformation: [-0.8999645770825915f,-0.0073949436429635515f,0.003012441712280531f,0.46775066630065987f,-0.00740396080812223f,0.8999655198322485f,-0.0026915566913462974f,-0.6812579592559042f,-0.0029902108461250312f,-0.002716232977550803f,-0.8999909336862832f,-0.8638244262678533f,0f,0f,0f,1f], start_interpolation: 0, interpolation_duration: 1 }
$data merge entity $(bone_left_leg3) { transformation: [-0.9965108587789576f,0.001858316247505029f,0.08344252510769748f,0.46392924566705757f,-0.0629994421091364f,0.6390255650869507f,-0.7666011984462592f,-0.15407621053779985f,-0.05474649422165796f,-0.7691832511346225f,-0.636678841759651f,-1.400919437008842f,0f,0f,0f,1f], start_interpolation: 0, interpolation_duration: 1 }
$data merge entity $(bone_left_leg2) { transformation: [-0.9974801892009809f,0.03811612302790757f,-0.05983672214365369f,0.48298730718101135f,-0.030375877003847612f,0.5327480493303862f,0.8457285746803851f,0.11229781412739326f,0.0641137914010903f,0.8454150915970154f,-0.530247814377568f,-0.9782118912103344f,0f,0f,0f,1f], start_interpolation: 0, interpolation_duration: 1 }
$data merge entity $(bone_left_leg1) { transformation: [-0.9537169587565072f,0.026115283102221856f,0.29956961556327705f,0.3125000000000001f,-0.1577576066387528f,0.8046640332798014f,-0.5723882695282069f,0.3507754200740507f,-0.25600097681034606f,-0.5931557852152953f,-0.763301850081457f,-0.9783096261492223f,0f,0f,0f,1f], start_interpolation: 0, interpolation_duration: 1 }
$data merge entity $(bone_right_leg4) { transformation: [-0.8994518085813911f,0.01580571640078647f,0.02714080633884661f,-0.660959654999947f,0.016604986195667474f,0.8994569590369872f,0.0264849631560502f,-0.7086079844709265f,-0.026659303687578732f,0.026969578583907444f,-0.8992007136106488f,-1.3895480329676637f,0f,0f,0f,1f], start_interpolation: 0, interpolation_duration: 1 }
$data merge entity $(bone_right_leg3) { transformation: [-0.9682148145653624f,0.2488811237815168f,-0.024864816134657537f,-0.4727447611553934f,0.2458194108539137f,0.9284973557611544f,-0.27832620715983414f,0.005160420297428914f,-0.04618322318326986f,-0.2755918115071519f,-0.960164706353348f,-1.5362315974509435f,0f,0f,0f,1f], start_interpolation: 0, interpolation_duration: 1 }
$data merge entity $(bone_right_leg2) { transformation: [-0.9549697694808317f,-0.08899641794418142f,0.28304129905515873f,-0.5172429701274841f,0.2440642544816882f,0.3068300478927645f,0.9199391074383247f,0.15857544424381118f,-0.16871686063350294f,0.9475943010082051f,-0.2712925757088586f,-1.062434446946841f,0f,0f,0f,1f], start_interpolation: 0, interpolation_duration: 1 }
$data merge entity $(bone_right_leg1) { transformation: [-0.9441643173793275f,0.2030504354403974f,-0.25946919365329973f,-0.3124999999999999f,0.2780569102104035f,0.913524360686516f,-0.29691345054836393f,0.3507754200740507f,0.17674302382802026f,-0.3524822876397581f,-0.9189766811124048f,-0.9783096261492223f,0f,0f,0f,1f], start_interpolation: 0, interpolation_duration: 1 }
$data merge entity $(bone_right_wing3) { transformation: [-1.063569090381961f,0.23187005475228842f,-0.42662938678649487f,-1.1134720921293446f,0.07468404922934596f,1.0931461538418557f,0.4079330154670362f,0.5728265179100281f,0.4797902132717573f,0.3438361965042239f,-1.0092242502034479f,0.9903703540695582f,0f,0f,0f,1f], start_interpolation: 0, interpolation_duration: 1 }
$data merge entity $(bone_right_wing2) { transformation: [-0.3580868362665708f,0.19832043471251556f,-0.9123830461314134f,-1.142826188803656f,-0.21018771642514505f,0.9349772253507938f,0.28572488855420736f,0.8892374211028913f,0.9097224530353093f,0.2940860303563741f,-0.29311851731449656f,0.004211743361264869f,0f,0f,0f,1f], start_interpolation: 0, interpolation_duration: 1 }
$data merge entity $(bone_right_wing1) { transformation: [-1.034392294491318f,0.22895353764759838f,-0.22632713007226307f,-0.4341555872828743f,0.20028613095228393f,1.0539267821121914f,0.15078101606607344f,0.7273371419833096f,0.25204991163708407f,0.10212603319625545f,-1.048643040552144f,0.08625153956514864f,0f,0f,0f,1f], start_interpolation: 0, interpolation_duration: 1 }
$data merge entity $(bone_left_wing3) { transformation: [-0.8817110333651368f,0.07508279211141207f,-0.7641359787024156f,1.7716728052634878f,-0.12719332835594224f,1.1332060900617922f,0.25811117884579354f,0.6394520032052605f,0.7572074199586804f,0.2777806648278137f,-0.8464221118235854f,-0.3343459533307437f,0f,0f,0f,1f], start_interpolation: 0, interpolation_duration: 1 }
$data merge entity $(bone_left_wing2) { transformation: [-0.989486932541018f,0.064218952235434f,0.12958216121190963f,0.8812108256776683f,0.09275899270340167f,0.9692408303436029f,0.2279648702486713f,0.820473646664213f,-0.11095665641689362f,0.23758817093581552f,-0.9650080214320276f,-0.8321360251848566f,0f,0f,0f,1f], start_interpolation: 0, interpolation_duration: 1 }
$data merge entity $(bone_left_wing1) { transformation: [-0.6513608891889334f,-0.13030659013085893f,-0.8557805184243101f,0.6653349964056859f,-0.2187123419119223f,1.0610145598503855f,0.004911862376565215f,0.6805419229793626f,0.8375589618895587f,0.17572537513140274f,-0.6642489661298113f,-0.14731999949421865f,0f,0f,0f,1f], start_interpolation: 0, interpolation_duration: 1 }
$data merge entity $(bone_beak_down) { transformation: [-0.8925389932420916f,0.3856528474781682f,-0.5144375829722924f,1.014777744608848f,0.01351302679302921f,0.8912016424065655f,0.644652643428018f,1.108085523375641f,0.6427997694844672f,0.5167509204673184f,-0.7278577763182131f,1.1981584486086077f,0f,0f,0f,1f], start_interpolation: 0, interpolation_duration: 1 }
$data merge entity $(bone_beak_up) { transformation: [-0.8925389932420916f,-0.10770213072317386f,-0.6338567634569199f,1.0255402282632602f,0.01351302679302921f,1.0810746134267906f,-0.2027192105129815f,1.2098449170473855f,0.6427997694844672f,-0.1722728395360219f,-0.8758598775540017f,1.2109631497042006f,0f,0f,0f,1f], start_interpolation: 0, interpolation_duration: 1 }
$data merge entity $(bone_head) { transformation: [-0.8925389932420916f,0.11479982564706231f,-0.6326097893439505f,0.7092353335912849f,0.01351302679302921f,1.0854335324986057f,0.17790852884133845f,1.2987991814680546f,0.6427997694844672f,0.13658347835299317f,-0.8821300413157418f,0.7698981290463298f,0f,0f,0f,1f], start_interpolation: 0, interpolation_duration: 1 }
$data merge entity $(bone_neck2) { transformation: [-0.8060572469588004f,-0.4039635545446305f,-0.43253342208997736f,0.43890194478504896f,0.17130678732949678f,0.540297608192143f,-0.8238522192703595f,0.7838915444240798f,0.5665030443343139f,-0.738167962716831f,-0.3663091038705387f,0.5409549391272431f,0f,0f,0f,1f], start_interpolation: 0, interpolation_duration: 1 }
$data merge entity $(bone_neck1) { transformation: [-0.83729520766472f,0.1142477219563823f,-0.5346813941493292f,0.1381436605760513f,0.29364252243220695f,0.9188825148706223f,-0.26349381944305944f,0.6356762709873589f,0.4612058154895102f,-0.3776273055445247f,-0.8029239153654832f,0.08931023673415883f,0f,0f,0f,1f], start_interpolation: 0, interpolation_duration: 1 }
$data merge entity $(bone_body3) { transformation: [-0.9773249632787202f,0.05043713624575333f,-0.20565021624004026f,0.01276459644138573f,0.04159575022573067f,0.99802401820997f,0.04709408284683214f,0.7274865739047521f,0.20761914583054866f,0.03747204776033697f,-0.9774917574697191f,-0.5192801086993946f,0f,0f,0f,1f], start_interpolation: 0, interpolation_duration: 1 }
$data merge entity $(bone_body2) { transformation: [-0.998337240136732f,0.026754367852561755f,-0.051058385765542544f,9.382492747141285e-17f,0.03413048318973059f,0.9881642011358228f,-0.14955474486232992f,0.6900978876891697f,0.046452826323149225f,-0.1510487186122772f,-0.9874342608660995f,-0.7661386739159194f,0f,0f,0f,1f], start_interpolation: 0, interpolation_duration: 1 }
$data merge entity $(bone_tail2) { transformation: [-0.9734806918796993f,-0.03988905858928213f,0.22526474544917757f,0.09424399678506037f,-0.11186938669920918f,0.9419221877631214f,-0.31665096323724923f,0.05627650474225937f,-0.19955095303446874f,-0.33345382769492365f,-0.9214054275608754f,-2.3400964256023156f,0f,0f,0f,1f], start_interpolation: 0, interpolation_duration: 1 }
$data merge entity $(bone_tail1) { transformation: [-0.9920667163608504f,0.003678431438684382f,0.12565866238008022f,2.1458198152339105e-16f,-0.07409065742308074f,0.7904118656341933f,-0.6080786603288175f,0.5123354999888725f,-0.10155887342628303f,-0.61256473274816f,-0.78386876670879f,-1.752194850570723f,0f,0f,0f,1f], start_interpolation: 0, interpolation_duration: 1 }
$data merge entity $(bone_body1) { transformation: [-1f,1.4166958351287626e-17f,1.216424889489337e-16f,1.2246467991473532e-16f,0f,0.9932863012717295f,-0.11568199387081414f,0.5370166015625f,-1.2246467991473532e-16f,-0.11568199387081414f,-0.9932863012717295f,-1f,0f,0f,0f,1f], start_interpolation: 0, interpolation_duration: 1 }