# This file was generated by Animated Java via MC-Build. It is not recommended to edit this file directly.
$data merge entity $(bone_left_leg4) { transformation: [-0.8999824961846618f,-0.004017645493357903f,0.003919832383558301f,0.463524278287002f,-0.004059353947031871f,0.8999394266868188f,-0.009620287944365924f,-0.6931788869008515f,-0.0038766231127370515f,-0.009637780828048226f,-0.8999400452107644f,-0.8217061196760599f,0f,0f,0f,1f], start_interpolation: 0, interpolation_duration: 1 }
$data merge entity $(bone_left_leg3) { transformation: [-0.9966837440210509f,0.005038518107076277f,0.0812165484335876f,0.46222713259021f,-0.0596893768071671f,0.6330831249140605f,-0.7717790715259257f,-0.17013035124493586f,-0.05530544910361562f,-0.77406741972798f,-0.6306829132100495f,-1.3628390023964168f,0f,0f,0f,1f], start_interpolation: 0, interpolation_duration: 1 }
$data merge entity $(bone_left_leg2) { transformation: [-0.9979133730760915f,0.038291724540860994f,-0.05198695670631605f,0.48137299486064045f,-0.020012232254802753f,0.5820814252359655f,0.8128842014428914f,0.12091036137304689f,0.061387379778561874f,0.812228390433968f,-0.5801005355772124f,-0.9567248071794328f,0f,0f,0f,1f], start_interpolation: 0, interpolation_duration: 1 }
$data merge entity $(bone_left_leg1) { transformation: [-0.9537169587565072f,0.033939642187084444f,0.2987843089394948f,0.3125000000000001f,-0.16658630293706997f,0.767574902400574f,-0.6189327692718395f,0.36005726194449067f,-0.2503456935000032f,-0.6400600517865194f,-0.7263953220203448f,-0.9718301556980908f,0f,0f,0f,1f], start_interpolation: 0, interpolation_duration: 1 }
$data merge entity $(bone_right_leg4) { transformation: [-0.8964498034832697f,-0.0030532723987062972f,0.07980242704621485f,-0.6857736150197068f,-0.0014313450900079f,0.8998118080547844f,0.018348333341559622f,-0.6880058801137257f,-0.07984798736374295f,0.018149038895736935f,-0.8962672097656593f,-1.5266268512764996f,0f,0f,0f,1f], start_interpolation: 0, interpolation_duration: 1 }
$data merge entity $(bone_right_leg3) { transformation: [-0.9529803560184003f,0.29916483327333826f,0.04825809336866391f,-0.4644161209002446f,0.29156366327168015f,0.9486093648068598f,-0.12300773658727404f,0.03113912702812388f,-0.08257766830470097f,-0.1031536501208837f,-0.9912316849072658f,-1.5420401085604583f,0f,0f,0f,1f], start_interpolation: 0, interpolation_duration: 1 }
$data merge entity $(bone_right_leg2) { transformation: [-0.9345843979834452f,-0.11533950173039256f,0.3365245940291824f,-0.5220858717654409f,0.2911179069276738f,0.29571760454313767f,0.9098359536912788f,0.17899792929969272f,-0.2044562723713103f,0.9482868224877183f,-0.24279566508522224f,-1.067896697316599f,0f,0f,0f,1f], start_interpolation: 0, interpolation_duration: 1 }
$data merge entity $(bone_right_leg1) { transformation: [-0.937057754882008f,0.2598808061624534f,-0.23320533999855972f,-0.3124999999999999f,0.31912997809079885f,0.9084499861031261f,-0.2699531067296622f,0.36005726194449067f,0.14169975687790293f,-0.327384467159918f,-0.9342058603772295f,-0.971830155698091f,0f,0f,0f,1f], start_interpolation: 0, interpolation_duration: 1 }
$data merge entity $(bone_right_wing3) { transformation: [-1.1598229998497567f,0.13564372699913235f,-0.05802546270266689f,-1.6367252664507657f,0.12590095568963017f,1.1497088405604186f,0.17109674827482213f,0.9382071403134413f,0.0769098456149243f,0.1634806631977156f,-1.1551253241031842f,0.5156628933308194f,0f,0f,0f,1f], start_interpolation: 0, interpolation_duration: 1 }
$data merge entity $(bone_right_wing2) { transformation: [-0.6951550991167954f,0.11601723617667027f,-0.7094359654555475f,-1.2623639235713862f,-0.02016163940970845f,0.9833557735445964f,0.18056835529189896f,1.0307795972131537f,0.7185769941128307f,0.1398264050400899f,-0.6812456825443621f,-0.4459868627166195f,0f,0f,0f,1f], start_interpolation: 0, interpolation_duration: 1 }
$data merge entity $(bone_right_wing1) { transformation: [-1.0575305029726063f,0.20310755723151644f,0.11826946600481276f,-0.6185317503783426f,0.19729099231572533f,1.0634054123552517f,-0.06209915004043467f,0.919906271329813f,-0.12773648948007643f,-0.03908145698556165f,-1.0750661096352647f,-0.1168311421692022f,0f,0f,0f,1f], start_interpolation: 0, interpolation_duration: 1 }
$data merge entity $(bone_left_wing3) { transformation: [-1.0713242045198317f,0.11694695485567469f,-0.4533689717399028f,1.6446211098176609f,0.08427448618932336f,1.1617852561048951f,0.10054051746122483f,0.634078686325888f,0.46056251015908517f,0.059447408890801065f,-1.072988231896648f,0.17574313930185004f,0f,0f,0f,1f], start_interpolation: 0, interpolation_duration: 1 }
$data merge entity $(bone_left_wing2) { transformation: [-0.9229156491152982f,0.10002572755701408f,0.37178160046561987f,0.9160034069438003f,0.11175399896659907f,0.9936848347211601f,0.010074371452064863f,0.7446869299933291f,-0.36842604187687544f,0.050845875662346496f,-0.928265559306747f,-0.5525208153304129f,0f,0f,0f,1f], start_interpolation: 0, interpolation_duration: 1 }
$data merge entity $(bone_left_wing1) { transformation: [-0.8980521516822773f,-0.04499692039217591f,-0.6042257203439485f,0.4855223999940355f,0.006532951339230224f,1.0795598677863207f,-0.09010506935290481f,0.7696263189631263f,0.6058636517540414f,-0.07833824182040804f,-0.8946527071790795f,0.038427896093285674f,0f,0f,0f,1f], start_interpolation: 0, interpolation_duration: 1 }
$data merge entity $(bone_beak_down) { transformation: [-0.8884527628921655f,-0.10026636284611196f,0.6407794820301989f,-0.4363339001694871f,-0.14507710230667453f,1.089961601191182f,-0.030599711028927612f,2.020920883358407f,-0.6321426441046171f,-0.10922620752533235f,-0.8935688630956523f,1.0020799571206942f,0f,0f,0f,1f], start_interpolation: 0, interpolation_duration: 1 }
$data merge entity $(bone_beak_up) { transformation: [-0.8884527628921655f,0.5082306632275171f,0.4029308638769139f,-0.4099944809664056f,-0.14507710230667453f,0.5103338590344757f,-0.9635932682980299f,2.1034420037303203f,-0.6321426441046171f,-0.8314210397135127f,-0.3451589955746848f,0.9461222470745483f,0f,0f,0f,1f], start_interpolation: 0, interpolation_duration: 1 }
$data merge entity $(bone_head) { transformation: [-0.8884527628921655f,0.280953804832869f,0.584565349348738f,-0.11771180629203659f,-0.14507710230667453f,0.8802252839670757f,-0.6435495970408032f,1.781667205209919f,-0.6321426441046171f,-0.5968822404922227f,-0.6738896560190014f,0.6091774190650476f,0f,0f,0f,1f], start_interpolation: 0, interpolation_duration: 1 }
$data merge entity $(bone_neck2) { transformation: [-0.9079186953033898f,0.4191318996349047f,0.0034775604993547912f,-0.11553833097993985f,0.055049339504176564f,0.12746393824233754f,-0.9903143514399394f,1.1627207355599567f,-0.41551559891145406f,-0.898933476490997f,-0.13879982674724722f,0.5224275273480181f,0f,0f,0f,1f], start_interpolation: 0, interpolation_duration: 1 }
$data merge entity $(bone_neck1) { transformation: [-0.908278063650899f,0.4160359554553109f,0.04410264004523913f,-0.09073059595449284f,0.29352694261053386f,0.7088149933251787f,-0.6414228240397587f,0.8019203970375925f,-0.2981155699595137f,-0.5696449675067915f,-0.7659188716449679f,0.09159816204772364f,0f,0f,0f,1f], start_interpolation: 0, interpolation_duration: 1 }
$data merge entity $(bone_body3) { transformation: [-0.9813814669976695f,0.15150337688000384f,0.11805567765871236f,-0.007476836362797375f,0.13358217988149926f,0.9800371566164743f,-0.14725139343722035f,0.7711405984278594f,-0.1380080340111004f,-0.1287396537398319f,-0.9820284538155395f,-0.530215849945728f,0f,0f,0f,1f], start_interpolation: 0, interpolation_duration: 1 }
$data merge entity $(bone_body2) { transformation: [-0.9955398824940134f,0.08947565619691875f,0.02990734545118988f,9.449588720630306e-17f,0.0787786601631471f,0.9628521654207214f,-0.2582820749636475f,0.7065700796869475f,-0.051906310470937855f,-0.2547740459559385f,-0.9656065039344629f,-0.7716174759293437f,0f,0f,0f,1f], start_interpolation: 0, interpolation_duration: 1 }
$data merge entity $(bone_tail2) { transformation: [-0.9064319547192912f,0.061279057884134756f,-0.41788274495197575f,-0.14343501085223875f,0.20707102917891937f,0.9268209401310535f,-0.3132483580314083f,0.018457479143704825f,0.3681069142770186f,-0.3704697315563352f,-0.8527892340209442f,-2.3123676723956708f,0f,0f,0f,1f], start_interpolation: 0, interpolation_duration: 1 }
$data merge entity $(bone_tail1) { transformation: [-0.9815411964004666f,0.0012596519694246828f,-0.19124668113631862f,2.1442061695995497e-16f,0.12466067753942033f,0.7625731094961654f,-0.6347771011534379f,0.49454030500878327f,0.14503997808933053f,-0.6469008161613844f,-0.7486539513056626f,-1.7508772089164237f,0f,0f,0f,1f], start_interpolation: 0, interpolation_duration: 1 }
$data merge entity $(bone_body1) { transformation: [-1f,1.839899181696656e-17f,1.210746667422123e-16f,1.2246467991473532e-16f,0f,0.9886496810877162f,-0.15023916961018194f,0.5454290771484375f,-1.2246467991473532e-16f,-0.15023916961018194f,-0.9886496810877162f,-1f,0f,0f,0f,1f], start_interpolation: 0, interpolation_duration: 1 }