# This file was generated by Animated Java via MC-Build. It is not recommended to edit this file directly.
$data merge entity $(bone_left_leg4) { transformation: [-0.8998061845407863f,-0.018520667777232783f,0.0024114574924547286f,0.47903897509538357f,-0.018466897679029412f,0.8996178967726826f,0.018617558819761515f,-0.6418694617546935f,-0.0027935554880474042f,0.018564069364780778f,-0.8998041850182488f,-0.9829196006669253f,0f,0f,0f,1f], start_interpolation: 0, interpolation_duration: 1 }
$data merge entity $(bone_left_leg3) { transformation: [-0.9956943176093096f,-0.006582625059665767f,0.09246347888682979f,0.4683230388702074f,-0.07401402758458783f,0.6570004196098023f,-0.7502482071643033f,-0.10222863409957286f,-0.055809941777780106f,-0.7538614711469658f,-0.6546587910651571f,-1.5073995295855773f,0f,0f,0f,1f], start_interpolation: 0, interpolation_duration: 1 }
$data merge entity $(bone_left_leg2) { transformation: [-0.9957209817042507f,0.038785018552563f,-0.08387758299927706f,0.4877155481464889f,-0.06363267709231493f,0.3704300278440357f,0.9266781948861925f,0.082986379822445f,0.06701200638682928f,0.9280502770902794f,-0.36637695641602175f,-1.0433743910404376f,0f,0f,0f,1f], start_interpolation: 0, interpolation_duration: 1 }
$data merge entity $(bone_left_leg1) { transformation: [-0.9537169587565072f,0.0020273224343978886f,0.30069894004466635f,0.3125000000000001f,-0.12952845767956989f,0.8996820202129339f,-0.4168868445474454f,0.3136519847550699f,-0.27137859390782965f,-0.4365411234572536f,-0.8577794042172429f,-0.9983145376364183f,0f,0f,0f,1f], start_interpolation: 0, interpolation_duration: 1 }
$data merge entity $(bone_right_leg4) { transformation: [-0.8996318717044189f,0.02475475794048969f,-0.007049636367345555f,-0.49634707854693405f,0.024578056755193783f,0.8994016065163618f,0.021740959544743754f,-0.6515611399998531f,0.007642940516745529f,0.02153954862794194f,-0.8997097494776648f,-1.017815996670228f,0f,0f,0f,1f], start_interpolation: 0, interpolation_duration: 1 }
$data merge entity $(bone_right_leg3) { transformation: [-0.9948045792488572f,0.025954550001439397f,-0.09843886650976408f,-0.47072873688899425f,0.08906986084971492f,0.6901598740324386f,-0.7181545155213751f,-0.08905657725543828f,0.04929917842841591f,-0.7231913367911369f,-0.6888859712583295f,-1.517154126059935f,0f,0f,0f,1f], start_interpolation: 0, interpolation_duration: 1 }
$data merge entity $(bone_right_leg2) { transformation: [-0.9939667924637979f,-0.040600309380894095f,0.10189028588341956f,-0.4910288915794413f,0.08122295712184319f,0.35181434281479124f,0.9325392750046402f,0.08685059415195734f,-0.07370784704230943f,0.9351889023443192f,-0.3463940966823993f,-1.0495596748877756f,0f,0f,0f,1f], start_interpolation: 0, interpolation_duration: 1 }
$data merge entity $(bone_right_leg1) { transformation: [-0.9537497888166464f,0.01615360700005484f,-0.30016728887920174f,-0.3124999999999999f,0.13943960542638764f,0.9083983388206658f,-0.39416881468019294f,0.3136519847550699f,0.2663042184621485f,-0.41779363208256626f,-0.8686371763979029f,-0.9983145376364184f,0f,0f,0f,1f], start_interpolation: 0, interpolation_duration: 1 }
$data merge entity $(bone_right_wing3) { transformation: [-1.1557959333771672f,0.12547865009911466f,0.12388072785816741f,-1.334912999547712f,0.166413817545292f,1.0477920978746385f,0.4913183559954063f,0.35744181057364566f,-0.05829037395117377f,0.5033312964413503f,-1.0536675966849625f,0.5214223054129715f,0f,0f,0f,1f], start_interpolation: 0, interpolation_duration: 1 }
$data merge entity $(bone_right_wing2) { transformation: [-0.600385658822868f,0.10732295923844584f,-0.7924763990808394f,-1.084613955608757f,-0.2867205500778117f,0.896185514601411f,0.3385895001054835f,0.7682743192844126f,0.7465442966381219f,0.43050354915947797f,-0.5072852327026534f,-0.39621235310569136f,0f,0f,0f,1f], start_interpolation: 0, interpolation_duration: 1 }
$data merge entity $(bone_right_wing1) { transformation: [-0.997883198745966f,0.2272479880049135f,0.3552444013905758f,-0.5333214028793345f,0.311269403817992f,1.0126087076944648f,0.22659672208407786f,0.5184464156112844f,-0.28451993079294424f,0.31079425374381625f,-0.9980312880528917f,0.01466328483280599f,0f,0f,0f,1f], start_interpolation: 0, interpolation_duration: 1 }
$data merge entity $(bone_left_wing3) { transformation: [-1.1192410482799897f,-0.07574448679722882f,-0.32942042216823103f,1.473166307243257f,-0.20780300568802482f,1.0528670451223114f,0.46394446014474366f,0.40934651936124766f,0.2665951099489521f,0.5026821301695532f,-1.0213683416554817f,0.31735871124926507f,0f,0f,0f,1f], start_interpolation: 0, interpolation_duration: 1 }
$data merge entity $(bone_left_wing2) { transformation: [-0.7333919358405653f,-0.06478490534170438f,0.6767120395588466f,1.0490663844659998f,0.2492107034339149f,0.9005261602504442f,0.3562957479378117f,0.7916206186714339f,-0.6324794808829779f,0.42994831171253356f,-0.6442935321090387f,-0.5472175413866203f,0f,0f,0f,1f], start_interpolation: 0, interpolation_duration: 1 }
$data merge entity $(bone_left_wing1) { transformation: [-0.9180010037287955f,-0.20810847054879342f,-0.5362612541941443f,0.5902414215290666f,-0.3416939135318336f,1.0097414147645642f,0.1930768134076873f,0.530220216605227f,0.46274240968311364f,0.3327525370394778f,-0.9212797200012425f,-0.040951076779742246f,0f,0f,0f,1f], start_interpolation: 0, interpolation_duration: 1 }
$data merge entity $(bone_beak_down) { transformation: [-1.0810239819157939f,0.053826230175013395f,-0.19618839789362635f,0.22406969213605207f,-0.011376916391218291f,1.0431441220523734f,0.3488852338534993f,0.9651382211253219f,0.20311995543606404f,0.3448957488469958f,-1.024592214557051f,1.2769824027642052f,0f,0f,0f,1f], start_interpolation: 0, interpolation_duration: 1 }
$data merge entity $(bone_beak_up) { transformation: [-1.0810239819157939f,0.04138273637241113f,-0.1991848881146682f,0.22845143669909856f,-0.011376916391218291f,1.063018664879218f,0.2825984499105271f,1.0640455979076215f,0.20311995543606404f,0.27978346493089423f,-1.0442526018425402f,1.3058423535200263f,0f,0f,0f,1f], start_interpolation: 0, interpolation_duration: 1 }
$data merge entity $(bone_head) { transformation: [-1.0810239819157939f,0.046738608672496115f,-0.19799659841088343f,0.12945313749365686f,-0.011376916391218291f,1.055012019011197f,0.311159453520772f,1.2196253246680075f,0.20311995543606404f,0.30783947472875767f,-1.036328684106724f,0.7876780114666642f,0f,0f,0f,1f], start_interpolation: 0, interpolation_duration: 1 }
$data merge entity $(bone_neck2) { transformation: [-0.9877329595418822f,-0.14909084941509268f,-0.04642756999155123f,0.10043590624893735f,0.005274947819354146f,0.265294862135951f,-0.9641528981700828f,0.6170297633117058f,0.15606337033441683f,-0.9525704985695038f,-0.26125403287779053f,0.6243942409180451f,0f,0f,0f,1f], start_interpolation: 0, interpolation_duration: 1 }
$data merge entity $(bone_neck1) { transformation: [-0.9928414035332064f,-0.02517924594833776f,-0.1167559548960388f,0.03476068161991552f,0.013659452798077521f,0.9471772748272971f,-0.32041945852271836f,0.4367938178926767f,0.1186565075310656f,-0.3197205273738428f,-0.9400528802127688f,0.09561449579836268f,0f,0f,0f,1f], start_interpolation: 0, interpolation_duration: 1 }
$data merge entity $(bone_body3) { transformation: [-0.9987225105852454f,0.00024931829779386173f,-0.05053003750929316f,0.003194990570219409f,-0.010465600883504627f,0.9772843318098823f,0.21167381981969108f,0.6301702260181012f,0.04943498810004285f,0.21193223596069155f,-0.9760332521549923f,-0.5011605220509643f,0f,0f,0f,1f], start_interpolation: 0, interpolation_duration: 1 }
$data merge entity $(bone_body2) { transformation: [-0.999917249581647f,-0.0014719215922229538f,-0.012779962280877268f,9.198735332918023e-17f,-0.0013808204438747755f,0.9999735969417961f,-0.007134336282238981f,0.6283866419475415f,0.01279012603440933f,-0.0071160990797375714f,-0.9998928811677337f,-0.7511337423428976f,0f,0f,0f,1f], start_interpolation: 0, interpolation_duration: 1 }
$data merge entity $(bone_tail2) { transformation: [-0.9968569792441215f,-0.011983196510759792f,0.07831070127172612f,0.029767289460619274f,-0.029330704874492707f,0.9740760559141654f,-0.22431127266873935f,0.1756717713213941f,-0.07359261297066727f,-0.2259031657504797f,-0.9713659902529329f,-2.395728325519966f,0f,0f,0f,1f], start_interpolation: 0, interpolation_duration: 1 }
$data merge entity $(bone_tail1) { transformation: [-0.99921197128981f,-0.00040325493319639746f,0.03968971928082541f,2.1437828209208413e-16f,-0.02053781669239374f,0.8609325669826021f,-0.5083043509495636f,0.5569000345335668f,-0.0339651956661743f,-0.5087189327066631f,-0.8602624093781804f,-1.7505315184863308f,0f,0f,0f,1f], start_interpolation: 0, interpolation_duration: 1 }
$data merge entity $(bone_body1) { transformation: [-1f,1.1008512472765698e-18f,1.2245973196585868e-16f,1.2246467991473532e-16f,0f,0.999959596931294f,-0.008989132605768661f,0.5011444091796875f,-1.2246467991473532e-16f,-0.008989132605768661f,-0.999959596931294f,-1f,0f,0f,0f,1f], start_interpolation: 0, interpolation_duration: 1 }