# This file was generated by Animated Java via MC-Build. It is not recommended to edit this file directly.
$data merge entity $(bone_left_leg4) { transformation: [-0.89998535936925f,-0.0026376719738355273f,0.004404044454836865f,0.46166677427796654f,-0.002698842442563f,0.8999084964782806f,-0.012546482202991427f,-0.7003764983101717f,-0.004366826132553993f,-0.012559484573747615f,-0.8999017669594663f,-0.8034779223658229f,0f,0f,0f,1f], start_interpolation: 0, interpolation_duration: 1 }
$data merge entity $(bone_left_leg3) { transformation: [-0.9967429411091535f,0.00643465340373519f,0.08038721654994789f,0.4614685632963962f,-0.0583478595460615f,0.6305595446710944f,-0.7739445638484544f,-0.17908530456632238f,-0.05566899168718151f,-0.776114202846305f,-0.6281303268468867f,-1.3463054290726213f,0f,0f,0f,1f], start_interpolation: 0, interpolation_duration: 1 }
$data merge entity $(bone_left_leg2) { transformation: [-0.9980755224807214f,0.03842408838532552f,-0.04867073922380547f,0.48068060748905894f,-0.015731120483974792f,0.6023154722972822f,0.7981031284737709f,0.12207243158231873f,0.05998152443172533f,0.797332842207731f,-0.6005518757474562f,-0.9476390079687558f,0f,0f,0f,1f], start_interpolation: 0, interpolation_duration: 1 }
$data merge entity $(bone_left_leg1) { transformation: [-0.9537169587565072f,0.037239104138169526f,0.2983910382421452f,0.3125000000000001f,-0.17025655411679094f,0.7510586834310783f,-0.6379056041633835f,0.36122116624168144f,-0.24786421355354024f,-0.6591844227268737f,-0.7099572018605932f,-0.969102138575376f,0f,0f,0f,1f], start_interpolation: 0, interpolation_duration: 1 }
$data merge entity $(bone_right_leg4) { transformation: [-0.8933654994263757f,-0.010937333268887493f,0.1085286099405497f,-0.689868175877032f,-0.009436779925895396f,0.8998565373223822f,0.013006130200883752f,-0.676424902495749f,-0.10866936835784455f,0.011772297105382745f,-0.8933377756490375f,-1.5849390516011395f,0f,0f,0f,1f], start_interpolation: 0, interpolation_duration: 1 }
$data merge entity $(bone_right_leg3) { transformation: [-0.9456193706848377f,0.31405762334602627f,0.08468656920584945f,-0.45961786894287787f,0.3099605584148475f,0.9489683599015439f,-0.05816789606758713f,0.03893686093463314f,-0.09863294587898869f,-0.028755192992210327f,-0.9947083395966948f,-1.5443361751205038f,0f,0f,0f,1f], start_interpolation: 0, interpolation_duration: 1 }
$data merge entity $(bone_right_leg2) { transformation: [-0.9249114494135409f,-0.12788047343547138f,0.3580298803977995f,-0.5235581056606136f,0.30996256085758533f,0.2916534143487482f,0.9049096622123808f,0.18476356810900724f,-0.22014091307694394f,0.9479371658568079f,-0.23011542316196978f,-1.0703675921920999f,0f,0f,0f,1f], start_interpolation: 0, interpolation_duration: 1 }
$data merge entity $(bone_right_leg1) { transformation: [-0.9334694821032814f,0.28300247628554714f,-0.22032776583553848f,-0.3124999999999999f,0.33576182072936894f,0.9055156914574711f,-0.2594327124030371f,0.36122116624168144f,0.12609014918831168f,-0.3161501715016871f,-0.9402926902497557f,-0.969102138575376f,0f,0f,0f,1f], start_interpolation: 0, interpolation_duration: 1 }
$data merge entity $(bone_right_wing3) { transformation: [-1.1575386658509292f,0.10338874410714607f,0.12794753076382456f,-1.814071342160465f,0.10611755241029926f,1.164182725705133f,0.019318701218694487f,1.0804050012991522f,-0.12569354839075922f,0.03073946548456664f,-1.1619861372371125f,0.19617596536725945f,0f,0f,0f,1f], start_interpolation: 0, interpolation_duration: 1 }
$data merge entity $(bone_right_wing2) { transformation: [-0.8186999374109103f,0.08842927430890202f,-0.5673717264092144f,-1.2642427281694344f,0.05762170175074349f,0.9957354109106431f,0.07204672751736335f,1.0547532998719036f,0.5713231589658518f,0.026291726908170138f,-0.8203039638606329f,-0.6816149058404501f,0f,0f,0f,1f], start_interpolation: 0, interpolation_duration: 1 }
$data merge entity $(bone_right_wing1) { transformation: [-1.0271601867989526f,0.19634633616235983f,0.2828447949704379f,-0.6776629469248157f,0.15042335475697285f,1.0564034954546289f,-0.18707105667636334f,1.0024625685860624f,-0.30971902768462484f,-0.1380973648480333f,-1.0288898642824853f,-0.24762632343694158f,0f,0f,0f,1f], start_interpolation: 0, interpolation_duration: 1 }
$data merge entity $(bone_left_wing3) { transformation: [-1.1225932996400798f,0.16755581929807695f,-0.2804726314618051f,1.519877825899196f,0.1752463766488082f,1.1559091369612067f,-0.010878443713326164f,0.6701927979182138f,0.2757327638334326f,-0.05248505011439079f,-1.134976796432345f,0.4212860590650338f,0f,0f,0f,1f], start_interpolation: 0, interpolation_duration: 1 }
$data merge entity $(bone_left_wing2) { transformation: [-0.8624451474824893f,0.14331192079678573f,0.4854380093703443f,0.8950689860116507f,0.10251056983750316f,0.9886589399188157f,-0.10975009608284454f,0.7233122082609285f,-0.4956611248176492f,-0.04489091084104907f,-0.8673550919135506f,-0.40350395661666805f,0f,0f,0f,1f], start_interpolation: 0, interpolation_duration: 1 }
$data merge entity $(bone_left_wing1) { transformation: [-0.9813289569413483f,0.030896759374485303f,-0.45787550670424715f,0.3779661110383137f,0.11149059938190832f,1.0645437685346302f,-0.16711529623185617f,0.8326309262298756f,0.4451678735364659f,-0.19850205602298776f,-0.9674882992764194f,0.1022729552683399f,0f,0f,0f,1f], start_interpolation: 0, interpolation_duration: 1 }
$data merge entity $(bone_beak_down) { transformation: [-0.3806591907047519f,0.0541744733995847f,1.0306132674111477f,-0.8515051740546371f,-0.47418390724574033f,0.9664878122996001f,-0.22594453032878703f,2.2805079444465584f,-0.9166505346320193f,-0.5224618982358529f,-0.31110345907852405f,0.26672585744119576f,0f,0f,0f,1f], start_interpolation: 0, interpolation_duration: 1 }
$data merge entity $(bone_beak_up) { transformation: [-0.3806591907047519f,0.9660705533522528f,0.36305132760764797f,-0.788094499930145f,-0.47418390724574033f,0.17997601602224284f,-0.9760933642669253f,2.3389431786499237f,-0.9166505346320193f,-0.494283642863522f,0.35416871368939373f,0.21016460360364994f,0f,0f,0f,1f], start_interpolation: 0, interpolation_duration: 1 }
$data merge entity $(bone_head) { transformation: [-0.3806591907047519f,0.6763805239945824f,0.7794921213795671f,-0.39834843924036145f,-0.47418390724574033f,0.6233091648358988f,-0.7724217158655868f,1.9527323207171303f,-0.9166505346320193f,-0.6033200409338219f,0.0758730885521674f,0.24810114787973364f,0f,0f,0f,1f], start_interpolation: 0, interpolation_duration: 1 }
$data merge entity $(bone_neck2) { transformation: [-0.6316247961663086f,0.7706596638070372f,0.08446182243293901f,-0.34555980021977456f,-0.19085895817295975f,-0.0489779320031406f,-0.9803948287612638f,1.3399855527413405f,-0.7514139837353317f,-0.6353619793137767f,0.17802297685826562f,0.35936550841614967f,0f,0f,0f,1f], start_interpolation: 0, interpolation_duration: 1 }
$data merge entity $(bone_neck1) { transformation: [-0.7519181006346902f,0.6039744193551537f,0.26426136816138024f,-0.19691278062899817f,0.17932560483744608f,0.5731128435827533f,-0.7996149047949109f,0.890202168794203f,-0.6343985319872705f,-0.5538560907718677f,-0.5392419988532985f,0.05604188406116928f,0f,0f,0f,1f], start_interpolation: 0, interpolation_duration: 1 }
$data merge entity $(bone_body3) { transformation: [-0.9383369404116705f,0.22053740946294392f,0.2662461967545054f,-0.016725319565998327f,0.15096145987216608f,0.954186938939594f,-0.25833684055966877f,0.7883783271281346f,-0.31102158107136135f,-0.20221408601890506f,-0.928641502154308f,-0.5369974351614548f,0f,0f,0f,1f], start_interpolation: 0, interpolation_duration: 1 }
$data merge entity $(bone_body2) { transformation: [-0.9900006196618921f,0.12418933946081377f,0.06690127826399368f,9.478966414982633e-17f,0.09758411429265004f,0.9454102562658905f,-0.31092891146527735f,0.7106460992618153f,-0.10186321076222055f,-0.30129131303698425f,-0.9480756462338126f,-0.7740163467199079f,0f,0f,0f,1f], start_interpolation: 0, interpolation_duration: 1 }
$data merge entity $(bone_tail2) { transformation: [-0.7198951151843848f,0.10666740167774626f,-0.6858375088553993f,-0.2574803712188635f,0.3438024726389664f,0.9131840107894551f,-0.21884885708135937f,0.02768968175469677f,0.6029518081414089f,-0.39334085454959133f,-0.6940692250785963f,-2.2865077846530877f,0f,0f,0f,1f], start_interpolation: 0, interpolation_duration: 1 }
$data merge entity $(bone_tail1) { transformation: [-0.9392231803200546f,-0.00010161871963622728f,-0.3433071616251517f,2.14318819531434e-16f,0.22240978537252132f,0.7615921707943459f,-0.608696355135551f,0.48421194810636004f,0.26152190141560083f,-0.648056598653537f,-0.7152824197626957f,-1.7500459698310658f,0f,0f,0f,1f], start_interpolation: 0, interpolation_duration: 1 }
$data merge entity $(bone_body1) { transformation: [-1f,2.0180782450220963e-17f,1.2079045428474648e-16f,1.2246467991473532e-16f,0f,0.986328910252699f,-0.16478859426466153f,0.5461578369140625f,-1.2246467991473532e-16f,-0.16478859426466153f,-0.986328910252699f,-1f,0f,0f,0f,1f], start_interpolation: 0, interpolation_duration: 1 }