# This file was generated by Animated Java via MC-Build. It is not recommended to edit this file directly.
$data merge entity $(bone_left_leg4) { transformation: [-0.8999856619014786f,-0.0022688167428508016f,0.004545419930567701f,0.4611563231613f,-0.00233596759266972f,0.8998981064827909f,-0.013339460412382709f,-0.7030034012361148f,-0.004511277775069669f,-0.013351045624777458f,-0.8998896587657632f,-0.798495383318651f,0f,0f,0f,1f], start_interpolation: 0, interpolation_duration: 1 }
$data merge entity $(bone_left_leg3) { transformation: [-0.9967575661509439f,0.006818013582082172f,0.08017399211490904f,0.4612589588406798f,-0.05799063783800956f,0.6298742705885247f,-0.7745292048552556f,-0.18218962299126784f,-0.05578028544197079f,-0.7766671860851136f,-0.6274365639765059f,-1.3417809876339546f,0f,0f,0f,1f], start_interpolation: 0, interpolation_duration: 1 }
$data merge entity $(bone_left_leg2) { transformation: [-0.998117328363121f,0.03846591203972333f,-0.04777208842219788f,0.4804919148605415f,-0.014581752727320318f,0.6077342554953813f,0.7940065788045296f,0.1216775047564228f,0.05957492180998075f,0.7932083259197593f,-0.6060291910320064f,-0.9451768246740748f,0f,0f,0f,1f], start_interpolation: 0, interpolation_duration: 1 }
$data merge entity $(bone_left_leg1) { transformation: [-0.9537169587565072f,0.038132598007752094f,0.29827817142630136f,0.3125000000000001f,-0.1712449774748471f,0.7464980989549802f,-0.6429741409623247f,0.3607979275565616f,-0.24718236237619767f,-0.6642939810248016f,-0.705417880765963f,-0.9683638887696318f,0f,0f,0f,1f], start_interpolation: 0, interpolation_duration: 1 }
$data merge entity $(bone_right_leg4) { transformation: [-0.892273672312657f,-0.012964023362216293f,0.11695994098814155f,-0.6902685965169161f,-0.011585809099842274f,0.89985379146225f,0.011354427264977707f,-0.6734829484174241f,-0.11710449489745317f,0.009751312182345609f,-0.8922956063914779f,-1.6007056931839259f,0f,0f,0f,1f], start_interpolation: 0, interpolation_duration: 1 }
$data merge entity $(bone_right_leg3) { transformation: [-0.9435317426897465f,0.31735875807688396f,0.09503299010737393f,-0.45818908984096396f,0.31484695996975987f,0.948267186280942f,-0.04075211921637678f,0.04026444874430596f,-0.10304970807649447f,-0.008530070030385556f,-0.994639631007445f,-1.5449382687687496f,0f,0f,0f,1f], start_interpolation: 0, interpolation_duration: 1 }
$data merge entity $(bone_right_leg2) { transformation: [-0.9221844071832921f,-0.13141746557866657f,0.36373804982278146f,-0.5238978226302973f,0.31495952109329506f,0.2906188510369498f,0.9035160117533311f,0.18557387426278085f,-0.22444691849228499f,0.9477711396549504f,-0.22661299083784775f,-1.0710526989412743f,0f,0f,0f,1f], start_interpolation: 0, interpolation_duration: 1 }
$data merge entity $(bone_right_leg1) { transformation: [-0.9324372597063724f,0.2891687545169181f,-0.21666145970708653f,-0.3124999999999999f,0.34019173190120416f,0.9046477245060569f,-0.25667504766157645f,0.3607979275565616f,0.1217798926643079f,-0.3130398152905596f,-0.9419000646488576f,-0.9683638887696319f,0f,0f,0f,1f], start_interpolation: 0, interpolation_duration: 1 }
$data merge entity $(bone_right_wing3) { transformation: [-1.1523065455662904f,0.09390278480756001f,0.1741478051168864f,-1.8504307357100689f,0.09120849722777963f,1.1653406221805938f,-0.02485579018576521f,1.1081453692706185f,-0.17557391906286657f,-0.010911795346952535f,-1.155859116693628f,0.10735362366596068f,0f,0f,0f,1f], start_interpolation: 0, interpolation_duration: 1 }
$data merge entity $(bone_right_wing2) { transformation: [-0.8455071548939384f,0.08031585244436273f,-0.5278892070020874f,-1.2590117190463819f,0.07308348204261393f,0.9967257696381244f,0.034591108565863116f,1.052540313303634f,0.5289389905042777f,-0.009332951592276595f,-0.8486085318560564f,-0.741538567724952f,0f,0f,0f,1f], start_interpolation: 0, interpolation_duration: 1 }
$data merge entity $(bone_right_wing1) { transformation: [-1.0159746321930012f,0.1921982900181122f,0.3232127397945819f,-0.6888461424149576f,0.12863803928517295f,1.0526010118807212f,-0.2215727324100581f,1.0220368035442107f,-0.3533538066871117f,-0.16941675894936314f,-1.009975326529283f,-0.28422357658983494f,0f,0f,0f,1f], start_interpolation: 0, interpolation_duration: 1 }
$data merge entity $(bone_left_wing3) { transformation: [-1.1302598388932374f,0.18469859559696866f,-0.23527577721920806f,1.4820306647105275f,0.19729933508128675f,1.1515683143214244f,-0.04380588777730332f,0.6840520444272188f,0.22481377835461314f,-0.08205127794241253f,-1.1444133513842374f,0.4814997408118401f,0f,0f,0f,1f], start_interpolation: 0, interpolation_duration: 1 }
$data merge entity $(bone_left_wing2) { transformation: [-0.8442473456304022f,0.15797428352149223f,0.5121430904951185f,0.8854155439201922f,0.09786211741203016f,0.9849461973059274f,-0.14249208535293217f,0.7194394654109313f,-0.5269434745507853f,-0.07017915757876059f,-0.8469979105463492f,-0.3648361595288314f,0f,0f,0f,1f], start_interpolation: 0, interpolation_duration: 1 }
$data merge entity $(bone_left_wing1) { transformation: [-0.9975860448489611f,0.05475025801091191f,-0.41885033542001116f,0.3489898620937387f,0.138012529614067f,1.057488504958049f,-0.19047759622125623f,0.850980708332456f,0.39923143150714424f,-0.2287609718471232f,-0.9807618431441076f,0.11485190503780418f,0f,0f,0f,1f], start_interpolation: 0, interpolation_duration: 1 }
$data merge entity $(bone_beak_down) { transformation: [-0.22934142423076376f,0.1313781451939527f,1.0677744584401716f,-0.8917206112260723f,-0.5664285613151019f,0.9134437669020622f,-0.23404950252943413f,2.3062539268656654f,-0.9146371936775306f,-0.5986319968671645f,-0.12279469153234152f,0.04666456889732251f,0f,0f,0f,1f], start_interpolation: 0, interpolation_duration: 1 }
$data merge entity $(bone_beak_up) { transformation: [-0.22934142423076376f,1.0392201483012622f,0.27825167474160467f,-0.8193288340870285f,-0.5664285613151019f,0.1252363074853406f,-0.9345986048641104f,2.359175830701359f,-0.9146371936775306f,-0.33813806448274997f,0.5090200912435101f,-0.004261537590967229f,0f,0f,0f,1f], start_interpolation: 0, interpolation_duration: 1 }
$data merge entity $(bone_head) { transformation: [-0.22934142423076376f,0.7721789561498009f,0.7490942335989572f,-0.4447817172875499f,-0.5664285613151019f,0.5645003075807308f,-0.7553132381123508f,1.9815192116451834f,-0.9146371936775306f,-0.5432118025417573f,0.2799281006276908f,0.13570251272287817f,0f,0f,0f,1f], start_interpolation: 0, interpolation_duration: 1 }
$data merge entity $(bone_neck2) { transformation: [-0.538909595887149f,0.838530575739057f,0.080267808064475f,-0.39461433724725303f,-0.2679132366705901f,-0.08027910861226129f,-0.9600925800864776f,1.381461349091135f,-0.7986231558610343f,-0.538907912607661f,0.26791662257391874f,0.3031504018315774f,0f,0f,0f,1f], start_interpolation: 0, interpolation_duration: 1 }
$data merge entity $(bone_neck1) { transformation: [-0.6940926004153738f,0.651780807614574f,0.3056423414285361f,-0.22269052019370153f,0.1382561804898569f,0.5373584918748495f,-0.8319441566393404f,0.9134927609815059f,-0.7064847419477509f,-0.5351893403602889f,-0.46308927795808286f,0.04266268298015574f,0f,0f,0f,1f], start_interpolation: 0, interpolation_duration: 1 }
$data merge entity $(bone_body3) { transformation: [-0.922520892896619f,0.2405117715655716f,0.30184315448195104f,-0.019006562919633898f,0.1520498624104486f,0.9453200911516306f,-0.2885320859211959f,0.7922427129777354f,-0.35473376144679025f,-0.22028166742482935f,-0.908647316336954f,-0.5390094939444924f,0f,0f,0f,1f], start_interpolation: 0, interpolation_duration: 1 }
$data merge entity $(bone_body2) { transformation: [-0.9881040654143253f,0.13368008440824242f,0.07602625167853597f,9.487032460025818e-17f,0.10219312666926389f,0.9401851769101961f,-0.3249744574268921f,0.7109990986210124f,-0.11492136778355315f,-0.3133392221713528f,-0.9426619813463408f,-0.7746749892810776f,0f,0f,0f,1f], start_interpolation: 0, interpolation_duration: 1 }
$data merge entity $(bone_tail2) { transformation: [-0.6578325893622469f,0.11691737248171853f,-0.744034012922079f,-0.28601760602147686f,0.37253824315950546f,0.9090785404993709f,-0.18652470235108987f,0.03203796818720134f,0.6545773764472697f,-0.399883151952548f,-0.6415776827695182f,-2.2783982589595726f,0f,0f,0f,1f], start_interpolation: 0, interpolation_duration: 1 }
$data merge entity $(bone_tail1) { transformation: [-0.9244279217390706f,-0.000049793499332918684f,-0.3813568080286361f,2.1428779374117275e-16f,0.24672572832092168f,0.762438888605523f,-0.5981750213160739f,0.4806692341742568f,0.29079104610302803f,-0.6470602280024497f,-0.7048075119092618f,-1.7497926250276263f,0f,0f,0f,1f], start_interpolation: 0, interpolation_duration: 1 }
$data merge entity $(bone_body1) { transformation: [-1f,2.0662966589728013e-17f,1.2070890455277258e-16f,1.2246467991473532e-16f,0f,0.9856630061566716f,-0.1687259265619636f,0.5456097412109375f,-1.2246467991473532e-16f,-0.1687259265619636f,-0.9856630061566716f,-1f,0f,0f,0f,1f], start_interpolation: 0, interpolation_duration: 1 }