# This file was generated by Animated Java via MC-Build. It is not recommended to edit this file directly.
$data merge entity $(bone_left_leg4) { transformation: [-0.8999857327399261f,-0.002103041402107521f,0.004610648700540142f,0.46092492528249207f,-0.0021729972738062375f,0.8998931373276928f,-0.013697425793572748f,-0.7043709112722001f,-0.004578094300776339f,-0.013708340796151464f,-0.8998839494319197f,-0.7962403091693376f,0f,0f,0f,1f], start_interpolation: 0, interpolation_duration: 1 }
$data merge entity $(bone_left_leg3) { transformation: [-0.9967639700540281f,0.006991748436467243f,0.08007935723976736f,0.46116377678235704f,-0.05783029302590725f,0.6295647303925602f,-0.7747928158251604f,-0.1837728124887073f,-0.05583229540929521f,-0.7769165757657281f,-0.6271231052112375f,-1.3397325469179313f,0f,0f,0f,1f], start_interpolation: 0, interpolation_duration: 1 }
$data merge entity $(bone_left_leg2) { transformation: [-0.9981359016018732f,0.03848562373782216f,-0.04736643008425733f,0.4804065886512681f,-0.01406446503470224f,0.6101712265205619f,0.7921447248765096f,0.12131280077157364f,0.059387816567909785f,0.7913342726635212f,-0.6084925276052225f,-0.9440654105861707f,0f,0f,0f,1f], start_interpolation: 0, interpolation_duration: 1 }
$data merge entity $(bone_left_leg1) { transformation: [-0.9537169587565072f,0.03853584232442323f,0.2982263426268478f,0.3125000000000001f,-0.17169029434975744f,0.7444276492468838f,-0.6452518251526704f,0.36041641542777036f,-0.24687325777882957f,-0.6665901768651454f,-0.7033570435422976f,-0.9680307803065583f,0f,0f,0f,1f], start_interpolation: 0, interpolation_duration: 1 }
$data merge entity $(bone_right_leg4) { transformation: [-0.8917410419721906f,-0.013857917166358074f,0.12085475660545056f,-0.6903477347791072f,-0.012550079889703707f,0.8998502994935843f,0.010579886392062424f,-0.6722716335465133f,-0.1209975601287661f,0.008797535627506632f,-0.8917859573965992f,-1.6078137583142145f,0f,0f,0f,1f], start_interpolation: 0, interpolation_duration: 1 }
$data merge entity $(bone_right_leg3) { transformation: [-0.9425764882971681f,0.3187422609705369f,0.09976439635846578f,-0.45752631382360853f,0.3170387002059765f,0.9478412350915184f,-0.03291588722623426f,0.04066653572376519f,-0.105052492978909f,0.0006034331574322205f,-0.9944664949546271f,-1.5452070275114762f,0f,0f,0f,1f], start_interpolation: 0, interpolation_duration: 1 }
$data merge entity $(bone_right_leg2) { transformation: [-0.9209387679486879f,-0.13303312057595984f,0.36629765835857464f,-0.5240428741115885f,0.3171996663708936f,0.29016126727030184f,0.9028791783125173f,0.1857471693589161f,-0.2263982273414407f,0.9476859331054329f,-0.2250226985233685f,-1.0713640609587598f,0f,0f,0f,1f], start_interpolation: 0, interpolation_duration: 1 }
$data merge entity $(bone_right_leg1) { transformation: [-0.9319629514003491f,0.29193792954191605f,-0.21498209811965693f,-0.3124999999999999f,0.3421804768576375f,0.9042461884200192f,-0.25544344185229506f,0.36041641542777036f,0.11982311327381853f,-0.31162650083496796f,-0.9426194064959216f,-0.9680307803065584f,0f,0f,0f,1f], start_interpolation: 0, interpolation_duration: 1 }
$data merge entity $(bone_right_wing3) { transformation: [-1.1496501711509162f,0.08875189156183408f,0.1933472308915426f,-1.8648302606811231f,0.082448173128428f,1.1654006584784138f,-0.04471207826109427f,1.1178309394732266f,-0.19611820083055978f,-0.030331055682878975f,-1.152203647078375f,0.06902452401821568f,0f,0f,0f,1f], start_interpolation: 0, interpolation_duration: 1 }
$data merge entity $(bone_right_wing2) { transformation: [-0.8563094188073637f,0.07591024953569285f,-0.5108540038770605f,-1.2561947849554105f,0.07849828596961303f,0.9967771191955087f,0.016534622709190455f,1.0497294511340478f,0.5104627296499009f,-0.02594241052275728f,-0.8595084600948619f,-0.7666855770928838f,0f,0f,0f,1f], start_interpolation: 0, interpolation_duration: 1 }
$data merge entity $(bone_right_wing1) { transformation: [-1.0110313245089568f,0.1891728263744081f,0.3400594267687534f,-0.6930540044252077f,0.11698400533994857f,1.0506713251850839f,-0.23667619238012355f,1.0301071844483398f,-0.37113543951958833f,-0.18415895119827436f,-1.0009770613441973f,-0.3001626109337148f,0f,0f,0f,1f], start_interpolation: 0, interpolation_duration: 1 }
$data merge entity $(bone_left_wing3) { transformation: [-1.1327591629510243f,0.1926670706229606f,-0.21608249495186777f,1.46539170622809f,0.20663927014689193f,1.1492741792390442f,-0.05852041476393873f,0.6904432420045455f,0.20276206933304008f,-0.0948884967135148f,-1.1475361791280458f,0.5065753729417558f,0f,0f,0f,1f], start_interpolation: 0, interpolation_duration: 1 }
$data merge entity $(bone_left_wing2) { transformation: [-0.8362687168814731f,0.1647897881490252f,0.5229712792182893f,0.8807801676328659f,0.09561632605469836f,0.9829840040105795f,-0.15684376318850085f,0.7178597739801015f,-0.5399186525368579f,-0.08115894024153042f,-0.8377953658630819f,-0.34838896013931386f,0f,0f,0f,1f], start_interpolation: 0, interpolation_duration: 1 }
$data merge entity $(bone_left_wing1) { transformation: [-1.0037839952332999f,0.0656040552327678f,-0.40215035740578614f,0.3365673300592225f,0.14939103238279555f,1.0539995043589976f,-0.2009439607594628f,0.8590373047059824f,0.37909249724597305f,-0.2416449127523977f,-0.9856509147684126f,0.11964687421334119f,0f,0f,0f,1f], start_interpolation: 0, interpolation_duration: 1 }
$data merge entity $(bone_beak_down) { transformation: [-0.1649948361850552f,0.16736277666276694f,1.0746005792944633f,-0.8998576929641484f,-0.6050613972214535f,0.8890287280820237f,-0.23136254285705338f,2.311687636062545f,-0.9037020579951612f,-0.6257935934735896f,-0.041291267148423294f,-0.047927670764613184f,0f,0f,0f,1f], start_interpolation: 0, interpolation_duration: 1 }
$data merge entity $(bone_beak_up) { transformation: [-0.1649948361850552f,1.0620694046460522f,0.23406256374535317f,-0.8239445662827605f,-0.6050613972214535f,0.10707564908866413f,-0.9123790390866419f,2.3624849532399708f,-0.9037020579951612f,-0.2656000472270705f,0.5681366079459136f,-0.09579828168646759f,0f,0f,0f,1f], start_interpolation: 0, interpolation_duration: 1 }
$data merge entity $(bone_head) { transformation: [-0.1649948361850552f,0.8097400179348048f,0.7260150187063689f,-0.46093705692957604f,-0.6050613972214535f,0.5418380498925404f,-0.7418303264770668f,1.9915697900014373f,-0.9037020579951612f,-0.5106198498331136f,0.36412904214264397f,0.08626623938485439f,0f,0f,0f,1f], start_interpolation: 0, interpolation_duration: 1 }
$data merge entity $(bone_neck2) { transformation: [-0.4979867410367001f,0.8639158869317642f,0.07522330794740248f,-0.41392248946244947f,-0.3017864273888688f,-0.09132762409605488f,-0.9489911576620894f,1.3984503164626314f,-0.8129785716705638f,-0.4952863872386085f,0.3061980349718422f,0.2776400112422558f,0f,0f,0f,1f], start_interpolation: 0, interpolation_duration: 1 }
$data merge entity $(bone_neck1) { transformation: [-0.667626118418738f,0.671770831532929f,0.3209350649378877f,-0.23339651543488762f,0.119469544046617f,0.5221588232883256f,-0.8444389802155301f,0.9234533900913957f,-0.7348485517781352f,-0.525427552726071f,-0.42886302333713666f,0.03640456061511643f,0f,0f,0f,1f], start_interpolation: 0, interpolation_duration: 1 }
$data merge entity $(bone_body3) { transformation: [-0.9152189639861603f,0.2493206404596978f,0.31656510578531155f,-0.0199607842903368f,0.15206211532653996f,0.9412125705385873f,-0.30165544938317074f,0.7937445198855757f,-0.37316398679738305f,-0.2279432282409607f,-0.8993278176819463f,-0.53992177720116f,0f,0f,0f,1f], start_interpolation: 0, interpolation_duration: 1 }
$data merge entity $(bone_body2) { transformation: [-0.9872348367990138f,0.13781309973532574f,0.07984313716134757f,9.490688191985753e-17f,0.10413703828909897f,0.9378269672398726f,-0.3311133594013349f,0.7109661800352419f,-0.12051080560181866f,-0.318572015498857f,-0.9402069009926468f,-0.7749735024493216f,0f,0f,0f,1f], start_interpolation: 0, interpolation_duration: 1 }
$data merge entity $(bone_tail2) { transformation: [-0.6298663703331734f,0.12105834632269269f,-0.7672113348412735f,-0.2980338337101129f,0.3838316246877891f,0.9072495629549631f,-0.17196370084282492f,0.033911212463624274f,0.6752345069772766f,-0.4027941252099433f,-0.6179120109558566f,-2.2747263721031596f,0f,0f,0f,1f], start_interpolation: 0, interpolation_duration: 1 }
$data merge entity $(bone_tail1) { transformation: [-0.9176548206379893f,0.000040638759573243055f,-0.39737844494681746f,2.1427330783209148e-16f,0.25695035451895476f,0.7628782850716063f,-0.593290179826692f,0.4788788473336433f,0.3031272760284747f,-0.6465421258624192f,-0.7000693779996812f,-1.7496743386033988f,0f,0f,0f,1f], start_interpolation: 0, interpolation_duration: 1 }
$data merge entity $(bone_body1) { transformation: [-1f,2.088053470336631e-17f,1.2067145933119434e-16f,1.2246467991473532e-16f,0f,0.9853572427185578f,-0.17050250503168873f,0.5451708984375f,-1.2246467991473532e-16f,-0.17050250503168873f,-0.9853572427185578f,-1f,0f,0f,0f,1f], start_interpolation: 0, interpolation_duration: 1 }