# This file was generated by Animated Java via MC-Build. It is not recommended to edit this file directly.
$data merge entity $(bone_left_leg4) { transformation: [-0.899985761938085f,-0.0019501623308264063f,0.00467174224548416f,0.4607104235506723f,-0.0020227715971241206f,0.8998883884132898f,-0.014028428065821275f,-0.7057778067773016f,-0.004640765431551473f,-0.014038705987928168f,-0.8998785351537141f,-0.794151874387339f,0f,0f,0f,1f], start_interpolation: 0, interpolation_duration: 1 }
$data merge entity $(bone_left_leg3) { transformation: [-0.9967697818997746f,0.007152768293556558f,0.07999274840393082f,0.46107545299559405f,-0.05768253639895621f,0.6292783983692856f,-0.7750364006550724f,-0.18537923295939537f,-0.05588136438974056f,-0.7771470486668054f,-0.6268331020793456f,-1.337835092007484f,0f,0f,0f,1f], start_interpolation: 0, interpolation_duration: 1 }
$data merge entity $(bone_left_leg2) { transformation: [-0.998152910413656f,0.03850431103686586f,-0.04699133392791204f,0.480327608514027f,-0.013587014323680507f,0.6124195292721389f,0.7904161645664012f,0.1208305316766741f,0.05921284045303307f,0.7895946670271199f,-0.6107651769115655f,-0.943037758493924f,0f,0f,0f,1f], start_interpolation: 0, interpolation_duration: 1 }
$data merge entity $(bone_left_leg1) { transformation: [-0.9537169587565072f,0.03890865864494324f,0.29817793154874844f,0.3125000000000001f,-0.17210158125295955f,0.7425066944834648f,-0.6473521872809805f,0.35991637435088764f,-0.24658671560015105f,-0.668707652812266f,-0.7014449848418907f,-0.9677228481883883f,0f,0f,0f,1f], start_interpolation: 0, interpolation_duration: 1 }
$data merge entity $(bone_right_leg4) { transformation: [-0.8912257061456532f,-0.014671711579200712f,0.1245049460243169f,-0.6903641897872732f,-0.013437902956133828f,0.8998457911124192f,0.009847587593205826f,-0.671258444904866f,-0.12464414735286553f,0.007892597582613882f,-0.8912920640475132f,-1.6143803964703825f,0f,0f,0f,1f], start_interpolation: 0, interpolation_duration: 1 }
$data merge entity $(bone_right_leg3) { transformation: [-0.9416860916828262f,0.3199617290260299f,0.10417195731000208f,-0.4569036403496259f,0.31905751399279575f,0.947387245479665f,-0.025684817834465273f,0.04088729031953686f,-0.10690934241618234f,0.009049810004969877f,-0.994227586341786f,-1.5454538148202934f,0f,0f,0f,1f], start_interpolation: 0, interpolation_duration: 1 }
$data merge entity $(bone_right_leg2) { transformation: [-0.9197789074976029f,-0.1345375176439639f,0.36865487609513026f,-0.5241723991716079f,0.31926240796773475f,0.28974339311410385f,0.9022861414237557f,0.1857589868765888f,-0.22820665235956528f,0.9476014048601481f,-0.2235470897281256f,-1.0716531123902193f,0f,0f,0f,1f], start_interpolation: 0, interpolation_duration: 1 }
$data merge entity $(bone_right_leg1) { transformation: [-0.9315197542064235f,0.2944904526735675f,-0.21341584010405937f,-0.3124999999999999f,0.34401329091542443f,0.9038696089872861f,-0.2543119848192575f,0.35991637435088764f,0.11800764041681272f,-0.31031452307825996f,-0.9432810257658999f,-0.9677228481883884f,0f,0f,0f,1f], start_interpolation: 0, interpolation_duration: 1 }
$data merge entity $(bone_right_wing3) { transformation: [-1.1472019091095889f,0.08308845299140256f,0.20971326780004135f,-1.8769121242242126f,0.0729136593847787f,1.1652023074897864f,-0.06279129614970368f,1.1246392542210395f,-0.21346415152666012f,-0.04853305653402419f,-1.1484916910509324f,0.035532213104906174f,0f,0f,0f,1f], start_interpolation: 0, interpolation_duration: 1 }
$data merge entity $(bone_right_wing2) { transformation: [-0.8654382390107387f,0.07106626224093192f,-0.4959498370088395f,-1.2535209239519434f,0.08229768902017034f,0.9966074679038305f,-0.000803305828967843f,1.0458729263806714f,0.49421022332599596f,-0.04151073703776653f,-0.8683508011573725f,-0.7882794189728664f,0f,0f,0f,1f], start_interpolation: 0, interpolation_duration: 1 }
$data merge entity $(bone_right_wing1) { transformation: [-1.0067650949289004f,0.1852991055787576f,0.3545411065245119f,-0.6964294844450285f,0.10495565407285944f,1.048823958268477f,-0.250127420230756f,1.036988165964608f,-0.3860303944277588f,-0.19810011899256236f,-0.9926469606784643f,-0.31422621619868146f,0f,0f,0f,1f], start_interpolation: 0, interpolation_duration: 1 }
$data merge entity $(bone_left_wing3) { transformation: [-1.1345335032395063f,0.20002655093324853f,-0.1994459198013425f,1.4507537519832643f,0.2148467922134428f,1.1470148969503298f,-0.07178612697576575f,0.6961824769513005f,0.1833852553485387f,-0.10630978822448814f,-1.1497928696182536f,0.5280634069704111f,0f,0f,0f,1f], start_interpolation: 0, interpolation_duration: 1 }
$data merge entity $(bone_left_wing2) { transformation: [-0.8292656704010867f,0.17108441440403582f,0.5320230925836439f,0.8764942912443339f,0.09354868013482232f,0.9810516206068027f,-0.16966544182537246f,0.7164194769632455f,-0.5509692299387228f,-0.09092766824676776f,-0.8295571510197093f,-0.334086732916691f,0f,0f,0f,1f], start_interpolation: 0, interpolation_duration: 1 }
$data merge entity $(bone_left_wing1) { transformation: [-1.008802650444523f,0.07549926098106788f,-0.3875928084453182f,0.3257371034880754f,0.1594585762085437f,1.0506806970598002f,-0.2103666951078216f,0.8661605030435493f,0.36124961735725153f,-0.2529447479754337f,-0.9895093630390743f,0.1235161464921204f,0f,0f,0f,1f], start_interpolation: 0, interpolation_duration: 1 }
$data merge entity $(bone_beak_down) { transformation: [-0.109499375785921f,0.19983503872606945f,1.076139323693658f,-0.9025171722859588f,-0.6381384960760366f,0.8670251097902186f,-0.22593520933903616f,2.3137542475679593f,-0.8892632605299221f,-0.6467869945280361f,0.029621566148365253f,-0.13026544924657282f,0f,0f,0f,1f], start_interpolation: 0, interpolation_duration: 1 }
$data merge entity $(bone_beak_up) { transformation: [-0.109499375785921f,1.0776000296210633f,0.19180214509534937f,-0.8237158960100492f,-0.6381384960760366f,0.09375609808409147f,-0.8910606342431815f,2.362823095877359f,-0.8892632605299221f,-0.19996992332030844f,0.6158107527795871f,-0.17518062049056196f,0f,0f,0f,1f], start_interpolation: 0, interpolation_duration: 1 }
$data merge entity $(bone_head) { transformation: [-0.109499375785921f,0.8405469469430366f,0.7010639890104425f,-0.4731839015048279f,-0.6381384960760366f,0.5234010486335979f,-0.7272073996564287f,1.999219396049145f,-0.8892632605299221f,-0.47909515993588403f,0.43552116044768885f,0.04257995973328246f,0f,0f,0f,1f], start_interpolation: 0, interpolation_duration: 1 }
$data merge entity $(bone_neck2) { transformation: [-0.46192475506771896f,0.8842083270400591f,0.0692903676469376f,-0.4298774217254919f,-0.33168600576738705f,-0.09976460011950061f,-0.9380998977406794f,1.4129069599612203f,-0.8225630153573066f,-0.456314210775882f,0.33936326673680967f,0.2546820014437885f,0f,0f,0f,1f], start_interpolation: 0, interpolation_duration: 1 }
$data merge entity $(bone_neck1) { transformation: [-0.6437632144467993f,0.688966127188105f,0.3330084072700692f,-0.242560192636078f,0.1025288924269282f,0.5089124837768872f,-0.8546905346812652f,0.9321435342030086f,-0.758324963286078f,-0.5160753427974092f,-0.39825807036858013f,0.030661836861462177f,0f,0f,0f,1f], start_interpolation: 0, interpolation_duration: 1 }
$data merge entity $(bone_body3) { transformation: [-0.9085925226072034f,0.2571625782871586f,0.3291307281172326f,-0.02078082641986021f,0.15184681148538548f,0.9374438595440595f,-0.3132755273634688f,0.7949365708223443f,-0.3891043223918239f,-0.23466235005181096f,-0.8908037986920357f,-0.5407569341992984f,0f,0f,0f,1f], start_interpolation: 0, interpolation_duration: 1 }
$data merge entity $(bone_body2) { transformation: [-0.9864463715220482f,0.1414711001014251f,0.08312330567944122f,9.494076607604871e-17f,0.1058274984245951f,0.9356833858924402f,-0.336596408094399f,0.7107874687987445f,-0.12539576024801471f,-0.32323757393123626f,-0.9379730135301714f,-0.7752501875818413f,0f,0f,0f,1f], start_interpolation: 0, interpolation_duration: 1 }
$data merge entity $(bone_tail2) { transformation: [-0.6047995484235924f,0.12454961407132074f,-0.7865779680751958f,-0.3084259465688557f,0.393218955741237f,0.9056013693427502f,-0.15894971749049192f,0.035416312543176676f,0.692528959013549f,-0.4054300845758997f,-0.596682568413381f,-2.2713965178500564f,0f,0f,0f,1f], start_interpolation: 0, interpolation_duration: 1 }
$data merge entity $(bone_tail1) { transformation: [-0.9115295299320206f,0.00015358199687092873f,-0.4112345954251412f,2.1425964724952127e-16f,0.26580017184665083f,0.7632637856015192f,-0.5888791575828857f,0.4770756807303409f,0.3137900328375652f,-0.6460869678315826f,-0.6957783018246483f,-1.74956279148157f,0f,0f,0f,1f], start_interpolation: 0, interpolation_duration: 1 }
$data merge entity $(bone_body1) { transformation: [-1f,2.1081659014231138e-17f,1.2063648486186202e-16f,1.2246467991473532e-16f,0f,0.9850716545035992f,-0.17214480966192872f,0.5446173095703125f,-1.2246467991473532e-16f,-0.17214480966192872f,-0.9850716545035992f,-1f,0f,0f,0f,1f], start_interpolation: 0, interpolation_duration: 1 }