# This file was generated by Animated Java via MC-Build. It is not recommended to edit this file directly.
$data merge entity $(bone_left_leg4) { transformation: [-0.8999899378926306f,0.003195846786905647f,0.0028103834851944676f,0.42711176322793704f,0.003085776611326016f,0.8993331472217971f,-0.034501714317443755f,-0.7118186032069114f,-0.0029308146860936163f,-0.034491692789020145f,-0.8993340499802194f,-0.7522190991461434f,0f,0f,0f,1f], start_interpolation: 0, interpolation_duration: 1 }
$data merge entity $(bone_left_leg3) { transformation: [-0.9978364211452107f,0.03273169603525964f,0.05701852953885532f,0.4480968771582033f,-0.025788582204897617f,0.602897909352455f,-0.7974014421395916f,-0.20980758105884573f,-0.06047665387551786f,-0.7971466282768149f,-0.6007493881502721f,-1.3125322335943626f,0f,0f,0f,1f], start_interpolation: 0, interpolation_duration: 1 }
$data merge entity $(bone_left_leg2) { transformation: [-0.9982640867948379f,0.05325331272190348f,-0.025157458134945763f,0.474723533519155f,0.015143997768688189f,0.6448716299074739f,0.7641408510687411f,0.11262823389489124f,0.056916362737356646f,0.7624333843849055f,-0.6445586567785189f,-0.9313155414019098f,0f,0f,0f,1f], start_interpolation: 0, interpolation_duration: 1 }
$data merge entity $(bone_left_leg1) { transformation: [-0.9554775791493664f,0.060572350569652364f,0.28877947657223424f,0.3125000000000001f,-0.15888265097482324f,0.719080318119805f,-0.676520361343199f,0.3544430299223516f,-0.2486340663748211f,-0.6922820858863727f,-0.6774412259367848f,-0.9651774609393101f,0f,0f,0f,1f], start_interpolation: 0, interpolation_duration: 1 }
$data merge entity $(bone_right_leg4) { transformation: [-0.887660723574451f,-0.026502239149373153f,0.14613716551018607f,-0.6670860986604332f,-0.027050995726272467f,0.8995926168073769f,-0.001169365585792604f,-0.6738307560895136f,-0.1460365825863482f,-0.0055457286018592705f,-0.888055494572707f,-1.6569788917387103f,0f,0f,0f,1f], start_interpolation: 0, interpolation_duration: 1 }
$data merge entity $(bone_right_leg3) { transformation: [-0.9435356840133236f,0.30457561095811847f,0.1302847274357149f,-0.4467971859065766f,0.31053537948355314f,0.9501587795257058f,0.02767800172026008f,0.03705845344724962f,-0.11536113332711011f,0.06657319956040858f,-0.991090216891366f,-1.5451058535126934f,0f,0f,0f,1f], start_interpolation: 0, interpolation_duration: 1 }
$data merge entity $(bone_right_leg2) { transformation: [-0.9190108065409972f,-0.15148586066163805f,0.3639658932928587f,-0.5225401162373956f,0.31170741582716893f,0.2860267775031784f,0.9061054957727028f,0.18007184219883882f,-0.24136616245699027f,0.946171610528846f,-0.21564243332432453f,-1.0720200482482702f,0f,0f,0f,1f], start_interpolation: 0, interpolation_duration: 1 }
$data merge entity $(bone_right_leg1) { transformation: [-0.9330359816287122f,0.3008020234616711f,-0.1973879420519647f,-0.3124999999999999f,0.3454677417953261f,0.9022589747364982f,-0.2580325209857875f,0.3544430299223516f,0.10047833778971202f,-0.30894479310842443f,-0.9457574839493522f,-0.9651774609393102f,0f,0f,0f,1f], start_interpolation: 0, interpolation_duration: 1 }
$data merge entity $(bone_right_wing3) { transformation: [-1.1355746601065435f,0.029890039425367908f,0.276644795439242f,-1.9310896573060365f,-0.008867329702384042f,1.1579259673849307f,-0.16150662678721175f,1.1480296459494257f,-0.2781135159686044f,-0.15896416443772615f,-1.1244282247599258f,-0.11422770823866346f,0f,0f,0f,1f], start_interpolation: 0, interpolation_duration: 1 }
$data merge entity $(bone_right_wing2) { transformation: [-0.9049711968006798f,0.04011303285582432f,-0.42357771135442523f,-1.240617430593124f,0.09621707647762921f,0.989049972945935f,-0.11190364252223081f,1.010861890157029f,0.4144507294664147f,-0.14202498234730654f,-0.8989212964626012f,-0.8744378364492718f,0f,0f,0f,1f], start_interpolation: 0, interpolation_duration: 1 }
$data merge entity $(bone_right_wing1) { transformation: [-0.9915456415947942f,0.15163302102879855f,0.40921361008544027f,-0.7058012219084523f,0.023261252327392536f,1.0327556347430056f,-0.32632165750658304f,1.0714049394507799f,-0.4357835080468743f,-0.28988676574028394f,-0.9485090976232692f,-0.37899620304492393f,0f,0f,0f,1f], start_interpolation: 0, interpolation_duration: 1 }
$data merge entity $(bone_left_wing3) { transformation: [-1.1373245892396893f,0.23208638229109074f,-0.1399437595692196f,1.4049122514882075f,0.24979423885634416f,1.1318885370204343f,-0.15292725058825635f,0.7398751286812808f,0.10512460664142079f,-0.17866117903265222f,-1.1506452825096494f,0.6008408534978749f,0f,0f,0f,1f], start_interpolation: 0, interpolation_duration: 1 }
$data merge entity $(bone_left_wing2) { transformation: [-0.8092976898801579f,0.20251719553354644f,0.5513837453787216f,0.8575500373812877f,0.07719067070742494f,0.9672134935981757f,-0.24194970170957011f,0.7151554203797823f,-0.5823047737314007f,-0.15324765353779285f,-0.7983960841429414f,-0.2785167931479363f,0f,0f,0f,1f], start_interpolation: 0, interpolation_duration: 1 }
$data merge entity $(bone_left_wing1) { transformation: [-1.0241846963313266f,0.12309490588891138f,-0.33091458574082133f,0.2839515768035199f,0.21053851235099869f,1.028011501943408f,-0.2692155229554905f,0.910893058515337f,0.2834260992372572f,-0.31882770759043183f,-0.9958060304370995f,0.1311511614688845f,0f,0f,0f,1f], start_interpolation: 0, interpolation_duration: 1 }
$data merge entity $(bone_beak_down) { transformation: [0.13277702962777735f,0.2930397180539798f,1.051902079114814f,-0.9082596094775685f,-0.7966971894305706f,0.7506592210685561f,-0.1085556179024304f,2.266436886397699f,-0.7467555481927497f,-0.7487579431749574f,0.30284929218301504f,-0.523055311631897f,0f,0f,0f,1f], start_interpolation: 0, interpolation_duration: 1 }
$data merge entity $(bone_beak_up) { transformation: [0.13277702962777735f,1.0919173592961071f,-0.009313477923967084f,-0.8210868622835558f,-0.7966971894305706f,0.09045513077303341f,-0.7530547507786292f,2.311145816883473f,-0.7467555481927497f,0.09764399512847349f,0.8017616862002677f,-0.555254524455613f,0f,0f,0f,1f], start_interpolation: 0, interpolation_duration: 1 }
$data merge entity $(bone_head) { transformation: [0.13277702962777735f,0.9298426367361351f,0.5725058351762156f,-0.534833944695448f,-0.7966971894305706f,0.47689525851492653f,-0.5897834354739129f,2.0162540991465168f,-0.7467555481927497f,-0.3434582701196366f,0.7310215919723388f,-0.18974372846944357f,0f,0f,0f,1f], start_interpolation: 0, interpolation_duration: 1 }
$data merge entity $(bone_neck2) { transformation: [-0.2946459760846215f,0.9537255142751424f,0.05992822538466733f,-0.4973788038300309f,-0.5069102002533572f,-0.10282817852132448f,-0.8558436858335101f,1.4813517955005728f,-0.8100776491523772f,-0.2825491269188447f,0.5137511004573678f,0.13135070931641132f,0f,0f,0f,1f], start_interpolation: 0, interpolation_duration: 1 }
$data merge entity $(bone_neck1) { transformation: [-0.5321227087877248f,0.7496801268492166f,0.39347824615823f,-0.27604729036602654f,-0.012041203009933887f,0.4579898822832389f,-0.8888758502492113f,0.9813591297353914f,-0.8465816158070572f,-0.4777289766525863f,-0.23467976615802394f,-0.0006566591474771455f,0f,0f,0f,1f], start_interpolation: 0, interpolation_duration: 1 }
$data merge entity $(bone_body3) { transformation: [-0.879780265521753f,0.29253829664169034f,0.37471059418763714f,-0.02356952545864768f,0.14267722749817147f,0.9143841468979514f,-0.3788731194676399f,0.8017124392492385f,-0.4534643240122741f,-0.27986242495141056f,-0.8461956806486354f,-0.5470203611123374f,0f,0f,0f,1f], start_interpolation: 0, interpolation_duration: 1 }
$data merge entity $(bone_body2) { transformation: [-0.9829707185571451f,0.15773460613865375f,0.0942781018345911f,9.522417032649031e-17f,0.11168993045949199f,0.9202294706300516f,-0.37510409330996236f,0.7079364159217479f,-0.1459243841624956f,-0.35818642549686175f,-0.9221759911733647f,-0.7775643589056787f,0f,0f,0f,1f], start_interpolation: 0, interpolation_duration: 1 }
$data merge entity $(bone_tail2) { transformation: [-0.4952010303673949f,0.138218219714955f,-0.8577130424925918f,-0.35069480334164393f,0.4366282829987018f,0.8931160297186377f,-0.10816422673519749f,0.02446804172578243f,0.751087000292693f,-0.42806480957729537f,-0.5026219621075843f,-2.247683233700943f,0f,0f,0f,1f], start_interpolation: 0, interpolation_duration: 1 }
$data merge entity $(bone_tail1) { transformation: [-0.8839289091286912f,-0.005138428269269346f,-0.46759307112219217f,2.1413678124587041e-16f,0.30337155996015713f,0.7546502195813658f,-0.5817806654514546f,0.46080354081437336f,0.35585865201495764f,-0.6561071883775684f,-0.6654982923684922f,-1.7485595144245736f,0f,0f,0f,1f], start_interpolation: 0, interpolation_duration: 1 }
$data merge entity $(bone_body1) { transformation: [-1f,2.2744165866057342e-17f,1.2033412128600869e-16f,1.2246467991473532e-16f,0f,0.9826026685391248f,-0.18572020832367925f,0.5386810302734375f,-1.2246467991473532e-16f,-0.18572020832367925f,-0.9826026685391248f,-1f,0f,0f,0f,1f], start_interpolation: 0, interpolation_duration: 1 }