# This file was generated by Animated Java via MC-Build. It is not recommended to edit this file directly.
$data merge entity $(bone_left_leg4) { transformation: [-0.899979272393813f,0.006094291149170684f,0.0004109463370098945f,0.40496770407867f,0.00606473194997581f,0.8987653847805774f,-0.04673330874863646f,-0.7095258535886564f,-0.0007268341473168453f,-0.04672946324974819f,-0.8987857525442384f,-0.7345622933965112f,0f,0f,0f,1f], start_interpolation: 0, interpolation_duration: 1 }
$data merge entity $(bone_left_leg3) { transformation: [-0.9979614328391303f,0.049107107872221153f,0.040761139852757935f,0.43925046374203847f,-0.004321734531542651f,0.5852240220694547f,-0.810860139976981f,-0.21992907828800412f,-0.06367339457190052f,-0.8093833059492125f,-0.5838187757124763f,-1.3051110993763908f,0f,0f,0f,1f], start_interpolation: 0, interpolation_duration: 1 }
$data merge entity $(bone_left_leg2) { transformation: [-0.9978835898016181f,0.06387190675771787f,-0.012195110978154289f,0.4711864171208974f,0.0327053220106541f,0.6550852568368145f,0.754846784577655f,0.10761355013040313f,0.056202340848184734f,0.752850374113063f,-0.655787778996381f,-0.9286859123198592f,0f,0f,0f,1f], start_interpolation: 0, interpolation_duration: 1 }
$data merge entity $(bone_left_leg1) { transformation: [-0.9565239320755681f,0.0735758349317089f,0.2822207715261159f,0.3125000000000001f,-0.14742713545809888f,0.7129517878855604f,-0.6855399243526247f,0.3514023542428005f,-0.2516489759512515f,-0.6973423439494297f,-0.6711083729456828f,-0.9650609038769682f,0f,0f,0f,1f], start_interpolation: 0, interpolation_duration: 1 }
$data merge entity $(bone_right_leg4) { transformation: [-0.8884413206723977f,-0.03072692130713242f,0.14045595761259702f,-0.6519543781235249f,-0.031856557810499765f,0.899423518012653f,-0.00474288627411272f,-0.6835841004712578f,-0.14020406358716084f,-0.009653577198540576f,-0.8889598579243714f,-1.6514374428092782f,0f,0f,0f,1f], start_interpolation: 0, interpolation_duration: 1 }
$data merge entity $(bone_right_leg3) { transformation: [-0.9494124072480601f,0.2885048126217569f,0.12402037758984935f,-0.4433270422565727f,0.29376362639497006f,0.95552327753613f,0.026042232889832984f,0.03143071812522516f,-0.11099104815578788f,0.06115749488571853f,-0.9919378750953016f,-1.543573204451533f,0f,0f,0f,1f], start_interpolation: 0, interpolation_duration: 1 }
$data merge entity $(bone_right_leg2) { transformation: [-0.9245892989504941f,-0.15487380969387093f,0.34806426322899126f,-0.5207639471035082f,0.29539671133475276f,0.28549810444301f,0.9117190440547246f,0.17417977034673016f,-0.2405730890994392f,0.9457827104733699f,-0.21821927818320375f,-1.070681849214848f,0f,0f,0f,1f], start_interpolation: 0, interpolation_duration: 1 }
$data merge entity $(bone_right_leg1) { transformation: [-0.9364890626096267f,0.2916247273432931f,-0.1947902821356668f,-0.3124999999999999f,0.33666829586866276f,0.9031197913756076f,-0.26651285331587604f,0.3514023542428005f,0.09819722078263368f,-0.3151660845135926f,-0.9439426068373742f,-0.9650609038769682f,0f,0f,0f,1f], start_interpolation: 0, interpolation_duration: 1 }
$data merge entity $(bone_right_wing3) { transformation: [-1.1358761690568044f,-0.0038321003860198525f,0.2769949630445137f,-1.9316067110141126f,-0.04614330967321487f,1.1553421137423312f,-0.17323672001734114f,1.1342175307309772f,-0.27315140401945925f,-0.17923582565044383f,-1.1225944927987863f,-0.11573105792777283f,0f,0f,0f,1f], start_interpolation: 0, interpolation_duration: 1 }
$data merge entity $(bone_right_wing2) { transformation: [-0.9052989181444187f,0.02144007136517955f,-0.4242336527745075f,-1.2410886010973572f,0.08861299850766421f,0.9862842936826659f,-0.13925167334852973f,0.9931872742305196f,0.41542942276880923f,-0.16365700527243227f,-0.8947819730656363f,-0.8751924030622089f,0f,0f,0f,1f], start_interpolation: 0, interpolation_duration: 1 }
$data merge entity $(bone_right_wing1) { transformation: [-0.9938726423447124f,0.13104446878075496f,0.41067703747813844f,-0.7051333559504753f,-0.004377600446143148f,1.028942633132994f,-0.3389233031923085f,1.074178436788797f,-0.4310558183393242f,-0.3125948112723903f,-0.943443944573553f,-0.38391991575297163f,0f,0f,0f,1f], start_interpolation: 0, interpolation_duration: 1 }
$data merge entity $(bone_left_wing3) { transformation: [-1.1367349006751246f,0.23607622684649998f,-0.13804834907233185f,1.403246525824966f,0.25455236059223485f,1.1291014725905268f,-0.16519239173577924f,0.7443898138873641f,0.09996212923201146f,-0.19066579580088872f,-1.149177833499924f,0.6036846716507474f,0f,0f,0f,1f], start_interpolation: 0, interpolation_duration: 1 }
$data merge entity $(bone_left_wing2) { transformation: [-0.8078727756973196f,0.20873163789740853f,0.5511557689326795f,0.8571498176173593f,0.07560253841185116f,0.9641589778327445f,-0.2543260144975383f,0.7131285399215348f,-0.5844876683667438f,-0.16379428807251678f,-0.7946984313071374f,-0.2762513749798298f,0f,0f,0f,1f], start_interpolation: 0, interpolation_duration: 1 }
$data merge entity $(bone_left_wing1) { transformation: [-1.0238708877680804f,0.1291576937103475f,-0.3295721566630559f,0.28344071345601335f,0.21908444482919487f,1.0234620675807458f,-0.2795326695904073f,0.9166704382763101f,0.27803151318869823f,-0.3308395343514442f,-0.9934056529410499f,0.1294391590686248f,0f,0f,0f,1f], start_interpolation: 0, interpolation_duration: 1 }
$data merge entity $(bone_beak_down) { transformation: [0.16181049167929215f,0.284933057128968f,1.0500621494643287f,-0.9294262502234141f,-0.8197471554032434f,0.7299762647367207f,-0.07175830355656365f,2.2373318001042217f,-0.7154243258310391f,-0.7719765578540358f,0.3197189830664393f,-0.5748028424464979f,0f,0f,0f,1f], start_interpolation: 0, interpolation_duration: 1 }
$data merge entity $(bone_beak_up) { transformation: [0.16181049167929215f,1.0880125705043118f,-0.006783156131621393f,-0.8427917114042094f,-0.8197471554032434f,0.11739976803180519f,-0.7240386009560328f,2.2828324133905746f,-0.7154243258310391f,0.11156137723548654f,0.8280833853655832f,-0.6073438396523224f,0f,0f,0f,1f], start_interpolation: 0, interpolation_duration: 1 }
$data merge entity $(bone_head) { transformation: [0.16181049167929215f,0.9241017474048498f,0.5743285864605812f,-0.5556274181739188f,-0.8197471554032434f,0.4853398750544322f,-0.5499634595956708f,2.007850683592739f,-0.7154243258310391f,-0.3471039701954609f,0.7600571477749236f,-0.2273152657648606f,0f,0f,0f,1f], start_interpolation: 0, interpolation_duration: 1 }
$data merge entity $(bone_neck2) { transformation: [-0.2731507368462608f,0.9588770522800376f,0.07709392694039555f,-0.5074437138361716f,-0.5439347445370141f,-0.08785283186869319f,-0.8345159516858287f,1.4862782137890964f,-0.7934252760315859f,-0.26988271256862184f,0.5455636102333115f,0.11366199063095905f,0f,0f,0f,1f], start_interpolation: 0, interpolation_duration: 1 }
$data merge entity $(bone_neck1) { transformation: [-0.5210690679440144f,0.7479590080035877f,0.4111500319570036f,-0.27617182086035713f,-0.04052059000183034f,0.45949260735386094f,-0.8872567979863859f,0.9871962649217544f,-0.8525521146638837f,-0.47898211462792595f,-0.20911964433955216f,-0.003967809310039039f,0f,0f,0f,1f], start_interpolation: 0, interpolation_duration: 1 }
$data merge entity $(bone_body3) { transformation: [-0.878732506139101f,0.2954695229051738f,0.3748692354524225f,-0.023411703521019685f,0.1400071097888771f,0.9103806597775186f,-0.38936494900236635f,0.8007419630313704f,-0.4563191776191968f,-0.2896632792351129f,-0.8413489126395189f,-0.5479148346619329f,0f,0f,0f,1f], start_interpolation: 0, interpolation_duration: 1 }
$data merge entity $(bone_body2) { transformation: [-0.982819768370988f,0.1590458333660441f,0.09364681408407911f,9.523728988474015e-17f,0.11190646041119448f,0.916982326785702f,-0.38291037656469673f,0.7050143688901962f,-0.1467727734201249f,-0.3658522041092286f,-0.9190266142669559f,-0.7776714882286718f,0f,0f,0f,1f], start_interpolation: 0, interpolation_duration: 1 }
$data merge entity $(bone_tail2) { transformation: [-0.4889032690097811f,0.13921320823055036f,-0.8611581017477028f,-0.3531246883291387f,0.4418559724464832f,0.8906981053073332f,-0.10686526477438485f,0.017276873084083766f,0.7521548332390893f,-0.4327546277696914f,-0.49697740288567815f,-2.242687647984097f,0f,0f,0f,1f], start_interpolation: 0, interpolation_duration: 1 }
$data merge entity $(bone_tail1) { transformation: [-0.8821721862051594f,-0.009412620683963636f,-0.4708329177721852f,2.1413072885889442e-16f,0.30510471017039953f,0.7501656161768413f,-0.5866537855821408f,0.45726721227068934f,0.35872461543340745f,-0.6611829934880962f,-0.65890340673294f,-1.748510092934392f,0f,0f,0f,1f], start_interpolation: 0, interpolation_duration: 1 }
$data merge entity $(bone_body1) { transformation: [-1f,2.2820294523825383e-17f,1.2031970738189335e-16f,1.2246467991473532e-16f,0f,0.9824849700800641f,-0.18634184598950293f,0.5356182861328125f,-1.2246467991473532e-16f,-0.18634184598950293f,-0.9824849700800641f,-1f,0f,0f,0f,1f], start_interpolation: 0, interpolation_duration: 1 }