# This file was generated by Animated Java via MC-Build. It is not recommended to edit this file directly.
$data merge entity $(bone_left_leg4) { transformation: [-0.8999679156551433f,0.007521856416342662f,-0.0010828053328423223f,0.39407437298431147f,0.007572303283482972f,0.8984282866780492f,-0.05262389114962618f,-0.7080270273843902f,0.0006411039852162979f,-0.052631125513299626f,-0.8984595447836718f,-0.7266664172083483f,0f,0f,0f,1f], start_interpolation: 0, interpolation_duration: 1 }
$data merge entity $(bone_left_leg3) { transformation: [-0.9978469077278261f,0.05699937328298656f,0.032444108607915204f,0.43479614615855666f,0.006346399340038472f,0.5762719852973794f,-0.8172333339853638f,-0.22474595503727035f,-0.06527841874181844f,-0.8152678519399394f,-0.5753929593241509f,-1.3021552462055435f,0f,0f,0f,1f], start_interpolation: 0, interpolation_duration: 1 }
$data merge entity $(bone_left_leg2) { transformation: [-0.9975796224786919f,0.06927933574814521f,-0.005938893294746617f,0.46943581403262924f,0.041311551903706195f,0.6592232966300113f,0.7508115614850157f,0.10486569327773532f,0.0559307830678063f,0.7487489691602627f,-0.6604897642559392f,-0.9277807616254121f,0f,0f,0f,1f], start_interpolation: 0, interpolation_duration: 1 }
$data merge entity $(bone_left_leg1) { transformation: [-0.9569903967313991f,0.0799022367109795f,0.27889964706406867f,0.3125000000000001f,-0.14153164252366987f,0.7105964339710905f,-0.6892180367576879f,0.34963945122392254f,-0.25325515735801224f,-0.6990481675794251f,-0.6687252684588914f,-0.9651231998802637f,0f,0f,0f,1f], start_interpolation: 0, interpolation_duration: 1 }
$data merge entity $(bone_right_leg4) { transformation: [-0.8890476455930861f,-0.03255965739935578f,0.13614019456217524f,-0.6444491348131063f,-0.03390558445366084f,0.8993388493187606f,-0.00632814734844148f,-0.689279119085833f,-0.13581124845993442f,-0.011379930405959651f,-0.8896211564344173f,-1.6461271598086131f,0f,0f,0f,1f], start_interpolation: 0, interpolation_duration: 1 }
$data merge entity $(bone_right_leg3) { transformation: [-0.9525466805938848f,0.28007197107745024f,0.11922462961302678f,-0.4418466958558328f,0.28458047064535585f,0.9583930553923433f,0.0222869267283963f,0.028122739537899843f,-0.10802211355476851f,0.05515833928356639f,-0.9926171369620012f,-1.5427198342858133f,0f,0f,0f,1f], start_interpolation: 0, interpolation_duration: 1 }
$data merge entity $(bone_right_leg2) { transformation: [-0.9277070255200626f,-0.15593849557169645f,0.33917968748077154f,-0.519815943641681f,0.28642478157258744f,0.2853744304539866f,0.9146159188119122f,0.17080995476489313f,-0.23941704054184088f,0.9456450814348367f,-0.2200792145030689f,-1.069897293568395f,0f,0f,0f,1f], start_interpolation: 0, interpolation_duration: 1 }
$data merge entity $(bone_right_leg1) { transformation: [-0.9383560084302838f,0.2860631683153648f,-0.1940511921534122f,-0.3124999999999999f,0.33155263033701465f,0.9036273346478045f,-0.2711650666916954f,0.34963945122392254f,0.09777962343654321f,-0.3187875527850482f,-0.9427691347461095f,-0.9651231998802638f,0f,0f,0f,1f], start_interpolation: 0, interpolation_duration: 1 }
$data merge entity $(bone_right_wing3) { transformation: [-1.1364151773404552f,-0.022557523945244073f,0.2738745493839906f,-1.9293989540844234f,-0.06522110285173338f,1.1540690912951137f,-0.17557421859896202f,1.1236933388152224f,-0.26695002983634936f,-0.18593347360626658f,-1.1229968793098413f,-0.10900342293607423f,0f,0f,0f,1f], start_interpolation: 0, interpolation_duration: 1 }
$data merge entity $(bone_right_wing2) { transformation: [-0.9036429214643866f,0.010450323317207695f,-0.42815915408861044f,-1.242053950912178f,0.08282340311600586f,0.9850951472707516f,-0.15075753619603746f,0.9835070336406391f,0.420202039956486f,-0.17169257865784937f,-0.8910397881409258f,-0.871493406201851f,0f,0f,0f,1f], start_interpolation: 0, interpolation_duration: 1 }
$data merge entity $(bone_right_wing1) { transformation: [-0.9959665278504487f,0.11905870040780242f,0.4092515270219984f,-0.7044409298583159f,-0.017943580045310888f,1.0275742663308416f,-0.3426080358381877f,1.0739576984782067f,-0.42584012780360403f,-0.3217565292934218f,-0.9427322167616701f,-0.38369512122763993f,0f,0f,0f,1f], start_interpolation: 0, interpolation_duration: 1 }
$data merge entity $(bone_left_wing3) { transformation: [-1.1363652341780273f,0.23703788254859823f,-0.139436949066438f,1.404190190387377f,0.25601146137937075f,1.1283087734563788f,-0.16832411996004437f,0.7442568533496519f,0.10043780249725898f,-0.19413376819812034f,-1.1485555684647053f,0.6023794810248467f,0f,0f,0f,1f], start_interpolation: 0, interpolation_duration: 1 }
$data merge entity $(bone_left_wing2) { transformation: [-0.807795262449456f,0.21094684584941562f,0.5504255101195779f,0.8578706943513177f,0.07561824852931812f,0.963143082480013f,-0.25814198256048393f,0.7114603160639617f,-0.5845927594946527f,-0.16690365753057018f,-0.7939738501042372f,-0.2773623694733406f,0f,0f,0f,1f], start_interpolation: 0, interpolation_duration: 1 }
$data merge entity $(bone_left_wing1) { transformation: [-1.0231451550206832f,0.13054358137134556f,-0.33127552917708203f,0.2850152373213644f,0.22189330679450267f,1.0220198453749803f,-0.28257725876406464f,0.9174873589367956f,0.2784752471380779f,-0.33473111617170487f,-0.9919766769984776f,0.12828000128701145f,0f,0f,0f,1f], start_interpolation: 0, interpolation_duration: 1 }
$data merge entity $(bone_beak_down) { transformation: [0.16809300654707549f,0.2760545256512286f,1.051445975795923f,-0.9427642684552006f,-0.8264661308556093f,0.7236065930363758f,-0.0578552768798814f,2.2238893226878695f,-0.7061858648390831f,-0.7811449272585493f,0.31798447590992907f,-0.5866360029032085f,0f,0f,0f,1f], start_interpolation: 0, interpolation_duration: 1 }
$data merge entity $(bone_beak_up) { transformation: [0.16809300654707549f,1.0870705567661094f,0.004727130438827887f,-0.8567242985325348f,-0.8264661308556093f,0.1309008161170857f,-0.7140159038063787f,2.2699089740990726f,-0.7061858648390831f,0.10555842435401258f,0.8367550079619331f,-0.620013853114061f,0f,0f,0f,1f], start_interpolation: 0, interpolation_duration: 1 }
$data merge entity $(bone_head) { transformation: [0.16809300654707549f,0.9177596791751012f,0.582633600498959f,-0.5654074982830554f,-0.8264661308556093f,0.49087628171950226f,-0.5347842654695394f,2.002516841364303f,-0.7061858648390831f,-0.35603040224909377f,0.7645546919454651f,-0.23773650714132843f,0f,0f,0f,1f], start_interpolation: 0, interpolation_duration: 1 }
$data merge entity $(bone_neck2) { transformation: [-0.2683005765374583f,0.9593140212853339f,0.08792843223343277f,-0.5104522281371598f,-0.5569418359675954f,-0.07999281490868837f,-0.8266903537068933f,1.4858353702974947f,-0.7860220047674946f,-0.27077252099935506f,0.5557442306429662f,0.10960363701052546f,0f,0f,0f,1f], start_interpolation: 0, interpolation_duration: 1 }
$data merge entity $(bone_neck1) { transformation: [-0.5200458246145042f,0.7443488624575617f,0.41892375351506894f,-0.27480761678493354f,-0.05110226623026176f,0.4624704615246109f,-0.8851607936433611f,0.9879324238731042f,-0.8526082914722046f,-0.48173212802899834f,-0.2024679187859177f,-0.004284567306553244f,0f,0f,0f,1f], start_interpolation: 0, interpolation_duration: 1 }
$data merge entity $(bone_body3) { transformation: [-0.8795165930486046f,0.29547807919121616f,0.3730191245360547f,-0.02320328400044837f,0.13908474625903208f,0.9092578323484763f,-0.3923080774990627f,0.7995684899579698f,-0.45508899779080125f,-0.2931601934615602f,-0.8408038445793078f,-0.5481094822599681f,0f,0f,0f,1f], start_interpolation: 0, interpolation_duration: 1 }
$data merge entity $(bone_body2) { transformation: [-0.9829005360572229f,0.15903539858766122f,0.09281313600179386f,9.523027635085631e-17f,0.11179087753029973f,0.9159016652065097f,-0.38552164579041226f,0.7031880785103667f,-0.14631929441953062f,-0.3685537703890795f,-0.9180189444736772f,-0.7776142183783874f,0f,0f,0f,1f], start_interpolation: 0, interpolation_duration: 1 }
$data merge entity $(bone_tail2) { transformation: [-0.4904839589999833f,0.13921645157845425f,-0.860258255161557f,-0.3526292578254664f,0.44296180548270886f,0.8899462880626272f,-0.10853775033162416f,0.013454581234432439f,0.7504734004927833f,-0.434297575371375f,-0.4981719494103851f,-2.24098994989302f,0f,0f,0f,1f], start_interpolation: 0, interpolation_duration: 1 }
$data merge entity $(bone_tail1) { transformation: [-0.8824988190930831f,-0.011567257915686345f,-0.4701723437672888f,2.1413396832030433e-16f,0.30440036554412997f,0.7480186974995986f,-0.5897528682826426f,0.45576923244641443f,0.3585195277190821f,-0.6635768431276938f,-0.6566045396650638f,-1.7485365451442223f,0f,0f,0f,1f], start_interpolation: 0, interpolation_duration: 1 }
$data merge entity $(bone_body1) { transformation: [-1f,2.277960620327304e-17f,1.2032741735715257e-16f,1.2246467991473532e-16f,0f,0.9825479268057468f,-0.186009600638593f,0.5338671875000001f,-1.2246467991473532e-16f,-0.186009600638593f,-0.9825479268057468f,-1f,0f,0f,0f,1f], start_interpolation: 0, interpolation_duration: 1 }