# This file was generated by Animated Java via MC-Build. It is not recommended to edit this file directly.
$data merge entity $(bone_left_leg4) { transformation: [-0.8999342279347292f,0.010014228070161908f,-0.004254483244963032f,0.37513083563158744f,0.010286299642017872f,0.8977559364553376f,-0.06267751270492367f,-0.7053451168714837f,0.003546467425130744f,-0.06272155766050502f,-0.8978047832204078f,-0.7142072920246877f,0f,0f,0f,1f], start_interpolation: 0, interpolation_duration: 1 }
$data merge entity $(bone_left_leg3) { transformation: [-0.9973644877197269f,0.07043994141710976f,0.01738658358393289f,0.426874130220424f,0.02513523867110551f,0.5602512428392683f,-0.8279412809336197f,-0.2334103546836812f,-0.0680609903873983f,-0.8253222155923168f,-0.5605452185482245f,-1.2981648775596613f,0f,0f,0f,1f], start_interpolation: 0, interpolation_duration: 1 }
$data merge entity $(bone_left_leg2) { transformation: [-0.9968642772480969f,0.07898570549414258f,0.004782371192414252f,0.46636698296749524f,0.056264784518854444f,0.6650177694122505f,0.7447050693992907f,0.09909853002244406f,0.055640693468686525f,0.7426389598543479f,-0.6673765717619823f,-0.9268453976324873f,0f,0f,0f,1f], start_interpolation: 0, interpolation_duration: 1 }
$data merge entity $(bone_left_leg1) { transformation: [-0.9577236987665484f,0.09083250004865041f,0.2729739433642589f,0.3125000000000001f,-0.1308120752046944f,0.7075946451440128f,-0.6944047948741138f,0.345621915625256f,-0.25622942415258065f,-0.70075621659635f,-0.6657981729473327f,-0.9654287088357506f,0f,0f,0f,1f], start_interpolation: 0, interpolation_duration: 1 }
$data merge entity $(bone_right_leg4) { transformation: [-0.8903940585889216f,-0.035320697900628285f,0.1262967486887943f,-0.6310873152711886f,-0.03693477752850005f,0.899197589414193f,-0.008917252975238904f,-0.7010952351603863f,-0.1258341870815247f,-0.014005123759422929f,-0.8910497258122102f,-1.6326193439947712f,0f,0f,0f,1f], start_interpolation: 0, interpolation_duration: 1 }
$data merge entity $(bone_right_leg3) { transformation: [-0.9583308748701941f,0.2643411289596733f,0.10828527975146704f,-0.43959929853590024f,0.2670191435926623f,0.9636311327120326f,0.010761831775595199f,0.020955499887663487f,-0.10150227202171075f,0.039227638323640596f,-0.9940616083352078f,-1.5410697647310903f,0f,0f,0f,1f], start_interpolation: 0, interpolation_duration: 1 }
$data merge entity $(bone_right_leg2) { transformation: [-0.933684970484588f,-0.15684371070816208f,0.3219199066576785f,-0.5180211538899813f,0.269197093701428f,0.2854070349280089f,0.9198237598346256f,0.16365901735166793f,-0.23614677773346548f,0.9454855233290972f,-0.224258387894867f,-1.0683270030665417f,0f,0f,0f,1f], start_interpolation: 0, interpolation_duration: 1 }
$data merge entity $(bone_right_leg1) { transformation: [-0.9418638818480307f,0.27463040493835666f,-0.19357316124285676f,-0.3124999999999999f,0.32132882258540413f,0.9045978677319755f,-0.2800901381174304f,0.345621915625256f,0.09818460085999589f,-0.3260074207409358f,-0.9402547238784849f,-0.9654287088357507f,0f,0f,0f,1f], start_interpolation: 0, interpolation_duration: 1 }
$data merge entity $(bone_right_wing3) { transformation: [-1.1376406437684852f,-0.061671879869919524f,0.2625374465783858f,-1.9210475293999398f,-0.10272620843444202f,1.1514776883270643f,-0.17464829046459435f,1.096246116587036f,-0.24935247687414722f,-0.19300590274608706f,-1.1258452956594247f,-0.0843537069196556f,0f,0f,0f,1f], start_interpolation: 0, interpolation_duration: 1 }
$data merge entity $(bone_right_wing2) { transformation: [-0.8973817676613473f,-0.014297994348627621f,-0.4410232765133856f,-1.2448962381812811f,0.06779461974888118f,0.9831403982617193f,-0.1698200425123374f,0.9626399773682466f,0.4360158857221834f,-0.1822924152656773f,-0.8812829413613459f,-0.8579525429266583f,0f,0f,0f,1f], start_interpolation: 0, interpolation_duration: 1 }
$data merge entity $(bone_right_wing1) { transformation: [-1.0011848010873838f,0.09222680138802446f,0.40340342374409804f,-0.7026220583552331f,-0.044501785063523626f,1.02596429506695f,-0.3450043006761608f,1.07049787189152f,-0.41141183297139905f,-0.3354140627114802f,-0.9443774782032889f,-0.3789310001094346f,0f,0f,0f,1f], start_interpolation: 0, interpolation_duration: 1 }
$data merge entity $(bone_left_wing3) { transformation: [-1.1355338551511083f,0.23737126287868798f,-0.14551052656629562f,1.4085886892551582f,0.25744209220378417f,1.1278601593584408f,-0.1691466702901725f,0.7394314502175908f,0.10602829312953284f,-0.1963209374159844f,-1.1476809907655996f,0.5958612072644975f,0f,0f,0f,1f], start_interpolation: 0, interpolation_duration: 1 }
$data merge entity $(bone_left_wing2) { transformation: [-0.8085750345896141f,0.2136742843192216f,0.5482241454542774f,0.8606316685027324f,0.07707839740369646f,0.9621674323578228f,-0.26132882114996825f,0.7067319641508144f,-0.583322667219509f,-0.1690477220509721f,-0.794454236301434f,-0.2828652434265544f,0f,0f,0f,1f], start_interpolation: 0, interpolation_duration: 1 }
$data merge entity $(bone_left_wing1) { transformation: [-1.0209265526438664f,0.13062889837753766f,-0.3380180115415336f,0.2907401281421711f,0.2248360213068797f,1.0208209846711935f,-0.28457756743801416f,0.9150881086197221f,0.28419860791480617f,-0.3383366951347668f,-0.989126151254571f,0.1257514465012044f,0f,0f,0f,1f], start_interpolation: 0, interpolation_duration: 1 }
$data merge entity $(bone_beak_down) { transformation: [0.16590941926427422f,0.25219460202295857f,1.0577674353608513f,-0.9711587514012683f,-0.8316324059732285f,0.7188262588139243f,-0.040943265316242206f,2.202066153479269f,-0.7006151625069004f,-0.7935280035071597f,0.29908477345958445f,-0.5849758229161726f,0f,0f,0f,1f], start_interpolation: 0, interpolation_duration: 1 }
$data merge entity $(bone_beak_up) { transformation: [0.16590941926427422f,1.0866038921076866f,0.042024353127897596f,-0.8867317496073404f,-0.8316324059732285f,0.1541784907881955f,-0.703289793977883f,2.249158038536649f,-0.7006151625069004f,0.07430326126558134f,0.8447587936391834f,-0.6208812731268385f,0f,0f,0f,1f], start_interpolation: 0, interpolation_duration: 1 }
$data merge entity $(bone_head) { transformation: [0.16590941926427422f,0.9005546858018979f,0.6094877541670842f,-0.5819878725237982f,-0.8316324059732285f,0.502313440612052f,-0.5158185230443566f,1.9912487770144707f,-0.7006151625069004f,-0.38299146891377017f,0.7566081738949839f,-0.2425771861793465f,0f,0f,0f,1f], start_interpolation: 0, interpolation_duration: 1 }
$data merge entity $(bone_neck2) { transformation: [-0.2692828122114953f,0.9566303681714072f,0.111108531354285f,-0.5125450404273701f,-0.5715905762537326f,-0.0659033764254866f,-0.8178881085537595f,1.4800687091683709f,-0.7750941750428745f,-0.28375179940919887f,0.5645475499430028f,0.11026503253503026f,0f,0f,0f,1f], start_interpolation: 0, interpolation_duration: 1 }
$data merge entity $(bone_neck1) { transformation: [-0.5255950131694014f,0.7334577589046842f,0.43103317509673744f,-0.2700888794354553f,-0.06393476638395795f,0.4711724610015916f,-0.8797208975812341f,0.9852257042789268f,-0.848329079885209f,-0.4899349221031519f,-0.20075244537711845f,-0.0026582179895988656f,0f,0f,0f,1f], start_interpolation: 0, interpolation_duration: 1 }
$data merge entity $(bone_body3) { transformation: [-0.8829886102199147f,0.29311601565222895f,0.36662530680528016f,-0.02262831170389086f,0.13814201179715346f,0.9087422518067269f,-0.39383283808980973f,0.7958765712107161f,-0.4486066192094569f,-0.2971035529060558f,-0.8429006940631023f,-0.5480401238356662f,0f,0f,0f,1f], start_interpolation: 0, interpolation_duration: 1 }
$data merge entity $(bone_body2) { transformation: [-0.9832936525924237f,0.1579270240407095f,0.09051324681556382f,9.51959324966252e-17f,0.11121921121224995f,0.9148946516116169f,-0.3880696632175503f,0.6988591554063285f,-0.14409677244398966f,-0.37151962469041006f,-0.9171746227633655f,-0.7773337795265076f,0f,0f,0f,1f], start_interpolation: 0, interpolation_duration: 1 }
$data merge entity $(bone_tail2) { transformation: [-0.5009182189919044f,0.13842506054661954f,-0.8543532293464121f,-0.34897826870098647f,0.44237967175378246f,0.8893889920047813f,-0.11527118859339841f,0.00582507863237558f,0.7438959362041132f,-0.43568993965133496f,-0.5067475827131511f,-2.239280530517409f,0f,0f,0f,1f], start_interpolation: 0, interpolation_duration: 1 }
$data merge entity $(bone_tail1) { transformation: [-0.8850178139688158f,-0.01534024558732479f,-0.4653043582679823f,2.1414970041795985e-16f,0.3006071649751118f,0.7443527215697322f,-0.5963005603362777f,0.4530504988845838f,0.3554979624744482f,-0.6676104423666944f,-0.6541540307293554f,-1.7486650074703924f,0f,0f,0f,1f], start_interpolation: 0, interpolation_duration: 1 }
$data merge entity $(bone_body1) { transformation: [-1f,2.2580064568900894e-17f,1.2036502195689097e-16f,1.2246467991473532e-16f,0f,0.9828549916653012f,-0.18438021954266337f,0.5299072265625f,-1.2246467991473532e-16f,-0.18438021954266337f,-0.9828549916653012f,-1f,0f,0f,0f,1f], start_interpolation: 0, interpolation_duration: 1 }