# This file was generated by Animated Java via MC-Build. It is not recommended to edit this file directly.
$data merge entity $(bone_left_leg4) { transformation: [-0.899915551903018f,0.010940101053807367f,-0.005684508071841753f,0.36803615000084444f,0.011329674330779332f,0.8974784011795266f,-0.06636382972522498f,-0.7046410012670086f,0.0048618846803299785f,-0.06642916230973167f,-0.8975319094451082f,-0.7101964207727494f,0f,0f,0f,1f], start_interpolation: 0, interpolation_duration: 1 }
$data merge entity $(bone_left_leg3) { transformation: [-0.9970895570221301f,0.07536780755136688f,0.011493861940710878f,0.42384363929307517f,0.032293757181550954f,0.5540919315730483f,-0.8318288553619348f,-0.2370827491271014f,-0.0690617732505546f,-0.8290366849244658f,-0.5549131882780768f,-1.297291860198719f,0f,0f,0f,1f], start_interpolation: 0, interpolation_duration: 1 }
$data merge entity $(bone_left_leg2) { transformation: [-0.9965333264721232f,0.08273463227790401f,0.008735551055571646f,0.4652109554320272f,0.06184582441278805f,0.6664845598926156f,0.7429491405388722f,0.09615953081920639f,0.05564551404297621f,0.7409138357775391f,-0.6692908670528133f,-0.9268349423099493f,0f,0f,0f,1f], start_interpolation: 0, interpolation_duration: 1 }
$data merge entity $(bone_left_leg1) { transformation: [-0.9579735201315219f,0.09489608465888771f,0.270705500208684f,0.3125000000000001f,-0.1265536048659502f,0.7070807458878466f,-0.6957161805579335f,0.3433647539195464f,-0.2574313885722826f,-0.7007364354099904f,-0.665355189554156f,-0.9656478494794536f,0f,0f,0f,1f], start_interpolation: 0, interpolation_duration: 1 }
$data merge entity $(bone_right_leg4) { transformation: [-0.8910402648774857f,-0.036116310313707246f,0.12142017335016671f,-0.6258852675996165f,-0.03778033755557551f,0.89915329104452f,-0.009798229329609234f,-0.7067772885312471f,-0.12091274730667274f,-0.014797679991567914f,-0.8917180811252062f,-1.6252932862624803f,0f,0f,0f,1f], start_interpolation: 0, interpolation_duration: 1 }
$data merge entity $(bone_right_leg3) { transformation: [-0.960692073522979f,0.2578561016378343f,0.10286384553504821f,-0.4389221817171812f,0.2596082291350622f,0.9657065677636905f,0.003793724216351241f,0.01726552952799884f,-0.09835805628150844f,0.030348901565157294f,-0.9946882109175277f,-1.5403635969062668f,0f,0f,0f,1f], start_interpolation: 0, interpolation_duration: 1 }
$data merge entity $(bone_right_leg2) { transformation: [-0.9362325704793425f,-0.15669793294705575f,0.3145064892554098f,-0.5172711481907091f,0.2618910345078203f,0.2855625972269992f,0.9218823618604459f,0.16004682814149845f,-0.2342683504404017f,0.9454627231546946f,-0.22631522066984913f,-1.0676322353289194f,0f,0f,0f,1f], start_interpolation: 0, interpolation_duration: 1 }
$data merge entity $(bone_right_leg1) { transformation: [-0.943318796841823f,0.2694120798959946f,-0.1938215125599061f,-0.3124999999999999f,0.3168006729260725f,0.9050123687436037f,-0.28388368402336717f,0.3433647539195464f,0.09892917243403605f,-0.3291956008624744f,-0.9390651070156484f,-0.9656478494794537f,0f,0f,0f,1f], start_interpolation: 0, interpolation_duration: 1 }
$data merge entity $(bone_right_wing3) { transformation: [-1.1381395583329308f,-0.08120985030129761f,0.2549487633786929f,-1.9152943809527818f,-0.12059266916445383f,1.1501447742093114f,-0.17198829169268048f,1.0795762357190297f,-0.23885418120283464f,-0.19372022235588823f,-1.127996773731588f,-0.06797850474163503f,0f,0f,0f,1f], start_interpolation: 0, interpolation_duration: 1 }
$data merge entity $(bone_right_wing2) { transformation: [-0.89305013351819f,-0.027796480826332792f,-0.4490977785258069f,-1.246551944969366f,0.05870957701307783f,0.9823592245842089f,-0.1775486959717164f,0.9514895123899301f,0.44611057439842067f,-0.1849262272582848f,-0.8756641170459873f,-0.8489161935150621f,0f,0f,0f,1f], start_interpolation: 0, interpolation_duration: 1 }
$data merge entity $(bone_right_wing1) { transformation: [-1.0039886831972753f,0.07762980562233826f,0.39948898408085054f,-0.701595046189753f,-0.05749218730693602f,1.0257197900087847f,-0.34380906313549864f,1.0673154919813699f,-0.4028802347119751f,-0.33982883452479884f,-0.9464750344383371f,-0.37482488276976933f,0f,0f,0f,1f], start_interpolation: 0, interpolation_duration: 1 }
$data merge entity $(bone_left_wing3) { transformation: [-1.1350831704485125f,0.23694757830051688f,-0.14965830173644165f,1.4116263723741813f,0.2575273213890294f,1.128151409370481f,-0.16706179171238061f,0.7348470257299835f,0.11055062586574063f,-0.19515585732813595f,-1.147452969165959f,0.5912449148007323f,0f,0f,0f,1f], start_interpolation: 0, interpolation_duration: 1 }
$data merge entity $(bone_left_wing2) { transformation: [-0.8092994333631787f,0.21423438549190799f,0.5469351471892646f,0.8624552534955405f,0.07844790192528836f,0.9621967167493336f,-0.26081296931004544f,0.703662413470318f,-0.5821343091087813f,-0.16816987349019133f,-0.7955114957112404f,-0.28677839370126634f,0f,0f,0f,1f], start_interpolation: 0, interpolation_duration: 1 }
$data merge entity $(bone_left_wing1) { transformation: [-1.0195641366197241f,0.12958751052404865f,-0.3425013278020502f,0.294462934748881f,0.22504450744983195f,1.0210479911658266f,-0.2835966863593494f,0.9119245092810228f,0.28888588074990856f,-0.3380520491929021f,-0.9878648040349145f,0.1245218315519252f,0f,0f,0f,1f], start_interpolation: 0, interpolation_duration: 1 }
$data merge entity $(bone_beak_down) { transformation: [0.15796028219145092f,0.238734134765277f,1.062099130094678f,-0.9844342255414404f,-0.8303445711611585f,0.7204510406310205f,-0.03844725213680755f,2.1946204196583867f,-0.7039719045481778f,-0.7962137344655353f,0.28366749312400424f,-0.5725403540678891f,0f,0f,0f,1f], start_interpolation: 0, interpolation_duration: 1 }
$data merge entity $(bone_beak_up) { transformation: [0.15796028219145092f,1.086645044560453f,0.06520043237746814f,-0.9009414348378778f,-0.8303445711611585f,0.16287531299857988f,-0.7028509981203743f,2.242211822210785f,-0.7039719045481778f,0.051712469945133066f,0.843652403575658f,-0.6099405937546434f,0f,0f,0f,1f], start_interpolation: 0, interpolation_duration: 1 }
$data merge entity $(bone_head) { transformation: [0.15796028219145092f,0.8905897675046676f,0.6260179033110631f,-0.5879324831823463f,-0.8303445711611585f,0.5076416272255821f,-0.512667408219944f,1.9858781181008132f,-0.7039719045481778f,-0.39893588999204554f,0.7451669029707811f,-0.2373571422692528f,0f,0f,0f,1f], start_interpolation: 0, interpolation_duration: 1 }
$data merge entity $(bone_neck2) { transformation: [-0.27476373395534004f,0.9537270861572795f,0.1221046093841835f,-0.5116171023172316f,-0.5730340561948238f,-0.06045020223825054f,-0.8172990538904727f,1.4750662094192677f,-0.7720989968545655f,-0.2945342394006162f,0.5631276239689134f,0.11459762271131807f,0f,0f,0f,1f], start_interpolation: 0, interpolation_duration: 1 }
$data merge entity $(bone_neck1) { transformation: [-0.5315828644808477f,0.7269174346960997f,0.4347536099047118f,-0.26706819674583115f,-0.06582582925626551f,0.4762750896021481f,-0.8768289452494087f,0.9818499277164752f,-0.844444562060211f,-0.4947252592695337f,-0.20532973347187433f,-0.0009003523666112345f,0f,0f,0f,1f], start_interpolation: 0, interpolation_duration: 1 }
$data merge entity $(bone_body3) { transformation: [-0.8853848719454525f,0.2909724777732127f,0.3625308893165545f,-0.02230061106215875f,0.1381253179558641f,0.9093212401035214f,-0.39250003673399203f,0.7933699822642003f,-0.44386374606372847f,-0.2974389004066397f,-0.8452899357351671f,-0.5477964934765056f,0f,0f,0f,1f], start_interpolation: 0, interpolation_duration: 1 }
$data merge entity $(bone_body2) { transformation: [-0.9835725852381353f,0.15693276747715976f,0.08920244424863537f,9.517135048732504e-17f,0.11080422271664836f,0.9149883140629744f,-0.38796753647226057f,0.6963780981461352f,-0.1425040132632431f,-0.37171022533709663f,-0.9173462348446818f,-0.777133052187676f,0f,0f,0f,1f], start_interpolation: 0, interpolation_duration: 1 }
$data merge entity $(bone_tail2) { transformation: [-0.5088667869213597f,0.13769719741010672f,-0.8497611870365305f,-0.34612536940938676f,0.44077392791813325f,0.8895877019251655f,-0.11980010455389095f,0.002211705940402653f,0.7394409629145193f,-0.4355148704796485f,-0.5133749701291865f,-2.2393019311866955f,0f,0f,0f,1f], start_interpolation: 0, interpolation_duration: 1 }
$data merge entity $(bone_tail1) { transformation: [-0.8869819064914177f,-0.016744937646590102f,-0.46150049254584935f,2.1416082680535634e-16f,0.29781739437238286f,0.7430234544434616f,-0.5993504365195287f,0.45172453333004914f,0.35294177588675213f,-0.6690558670321312f,-0.6540614264912652f,-1.7487558613182466f,0f,0f,0f,1f], start_interpolation: 0, interpolation_duration: 1 }
$data merge entity $(bone_body1) { transformation: [-1f,2.2436933962034762e-17f,1.2039178469065847e-16f,1.2246467991473532e-16f,0f,0.9830735259707527f,-0.18321146944291392f,0.5276910400390625f,-1.2246467991473532e-16f,-0.18321146944291392f,-0.9830735259707527f,-1f,0f,0f,0f,1f], start_interpolation: 0, interpolation_duration: 1 }