# This file was generated by Animated Java via MC-Build. It is not recommended to edit this file directly.
$data merge entity $(bone_left_leg4) { transformation: [-0.8998937735353579f,0.011577579787563904f,-0.007560158633053331f,0.3617900300245376f,0.012125878164143861f,0.897244362723255f,-0.06932183379057671f,-0.7080664465988339f,0.006645256281188899f,-0.0694155112896433f,-0.8972944485292187f,-0.7102446312440377f,0f,0f,0f,1f], start_interpolation: 0, interpolation_duration: 1 }
$data merge entity $(bone_left_leg3) { transformation: [-0.9968131137634219f,0.07957220826909582f,0.005646228869885386f,0.4211162969219916f,0.03906234379215569f,0.5486013811324932f,-0.8351710351281254f,-0.24441722105395614f,-0.0695539325037408f,-0.832288885117842f,-0.5499613278973027f,-1.3000887120888378f,0f,0f,0f,1f], start_interpolation: 0, interpolation_duration: 1 }
$data merge entity $(bone_left_leg2) { transformation: [-0.9962029071165162f,0.0862380504658537f,0.01194849381516164f,0.4642353221549184f,0.06641662939617923f,0.6640451146671326f,0.7447368105756326f,0.08760533627961015f,0.05629031170861176f,0.7427025544176913f,-0.6672513143255574f,-0.9287374348799922f,0f,0f,0f,1f], start_interpolation: 0, interpolation_duration: 1 }
$data merge entity $(bone_left_leg1) { transformation: [-0.9582008484531938f,0.098244509868707f,0.26869899572614203f,0.3125000000000001f,-0.12159593876505659f,0.710292370954798f,-0.693324725824239f,0.3355840495800475f,-0.25897019461595255f,-0.6970170471689119f,-0.6686566190927198f,-0.9664262894712723f,0f,0f,0f,1f], start_interpolation: 0, interpolation_duration: 1 }
$data merge entity $(bone_right_leg4) { transformation: [-0.892497332509854f,-0.03543446141729989f,0.1104215124278829f,-0.6205257456679156f,-0.036906513662770125f,0.8991901022540794f,-0.009750346535273575f,-0.7205963503080615f,-0.10993825863663194f,-0.014197145923179558f,-0.8931472556838436f,-1.6062344332060947f,0f,0f,0f,1f], start_interpolation: 0, interpolation_duration: 1 }
$data merge entity $(bone_right_leg3) { transformation: [-0.9642199193945042f,0.2491715904820718f,0.09051776366819102f,-0.4393044130356237f,0.2486858209301909f,0.9684387091145858f,-0.01678776806938795f,0.0067819170322147015f,-0.09184394106925563f,0.006323383991910431f,-0.995753335572499f,-1.5392573117388808f,0f,0f,0f,1f], start_interpolation: 0, interpolation_duration: 1 }
$data merge entity $(bone_right_leg2) { transformation: [-0.9404999325178014f,-0.1538816774306634f,0.3029526469353522f,-0.5162452517509554f,0.2509536736743219f,0.28654031506427957f,0.9246171648375477f,0.1500520745643545f,-0.22908978720879938f,0.945629460832301f,-0.2308739747191923f,-1.0664425813227303f,0f,0f,0f,1f], start_interpolation: 0, interpolation_duration: 1 }
$data merge entity $(bone_right_leg1) { transformation: [-0.9454594975903611f,0.25967557832020277f,-0.19665943262465224f,-0.3124999999999999f,0.3090532935461375f,0.9058515363003741f,-0.28968785948074705f,0.3355840495800475f,0.1029193867279965f,-0.3346663834422577f,-0.9366995311353651f,-0.9664262894712723f,0f,0f,0f,1f], start_interpolation: 0, interpolation_duration: 1 }
$data merge entity $(bone_right_wing3) { transformation: [-1.138655640178652f,-0.13475604163720523f,0.2286038239141645f,-1.8944306843939611f,-0.1675440973393576f,1.1461388625465818f,-0.15890326989628115f,1.0189035831993793f,-0.20578599202240738f,-0.18751555396623065f,-1.1355375856767813f,-0.01194015551727201f,0f,0f,0f,1f], start_interpolation: 0, interpolation_duration: 1 }
$data merge entity $(bone_right_wing2) { transformation: [-0.8771830843575793f,-0.07108575440152831f,-0.47486487766320407f,-1.2512794136663201f,0.025818383546402368f,0.9805666234046517f,-0.194480097017281f,0.9152878969684441f,0.4794614140762268f,-0.18285489489200396f,-0.858301135864365f,-0.8176116522535739f,0f,0f,0f,1f], start_interpolation: 0, interpolation_duration: 1 }
$data merge entity $(bone_right_wing1) { transformation: [-1.0114605648890778f,0.030813744180906624f,0.3867934202580652f,-0.6986509983154974f,-0.0953383785669613f,1.0270708931964367f,-0.33113001227917627f,1.0522057169695949f,-0.37612395610702776f,-0.3432011139686734f,-0.9562190523745965f,-0.35825166802228403f,0f,0f,0f,1f], start_interpolation: 0, interpolation_duration: 1 }
$data merge entity $(bone_left_wing3) { transformation: [-1.1336822420968384f,0.23458474004133695f,-0.16337117147950486f,1.421665387004206f,0.2558696924084449f,1.1306475814896935f,-0.15206022805085093f,0.7130262350764602f,0.1274787842648934f,-0.1831982865307626f,-1.14766855552947f,0.5754900802816717f,0f,0f,0f,1f], start_interpolation: 0, interpolation_duration: 1 }
$data merge entity $(bone_left_wing2) { transformation: [-0.8120178083547915f,0.21304993285071167f,0.5433569775267346f,0.8684496855362812f,0.08472726336089706f,0.9641607783998667f,-0.25142649868050115f,0.6916398928783617f,-0.5774498850619455f,-0.15812564468697082f,-0.8009668599475734f,-0.3002846282716968f,0f,0f,0f,1f], start_interpolation: 0, interpolation_duration: 1 }
$data merge entity $(bone_left_wing1) { transformation: [-1.0152626437724062f,0.12374081720149f,-0.35712894790213046f,0.3065627649658227f,0.22096347086970308f,1.0247978982035242f,-0.27308519456382785f,0.894886371214249f,0.30663988620626154f,-0.3287682909087452f,-0.9856442066950246f,0.12177011644266722f,0f,0f,0f,1f], start_interpolation: 0, interpolation_duration: 1 }
$data merge entity $(bone_beak_down) { transformation: [0.10951411504304004f,0.20209949112895664f,1.0757148573352309f,-1.0090222899703956f,-0.8104098320973352f,0.7416242305572164f,-0.056827851361681614f,2.1904241308640247f,-0.7356918938294135f,-0.7868604046054379f,0.2227288508879307f,-0.4950814316931396f,0f,0f,0f,1f], start_interpolation: 0, interpolation_duration: 1 }
$data merge entity $(bone_beak_up) { transformation: [0.10951411504304004f,1.0860124998684961f,0.13632134365431936f,-0.9282723757960833f,-0.8104098320973352f,0.17254044028057763f,-0.7235092953844844f,2.2391760624447405f,-0.7356918938294135f,-0.028401524557031654f,0.8172825648186359f,-0.5367643556907478f,0f,0f,0f,1f], start_interpolation: 0, interpolation_duration: 1 }
$data merge entity $(bone_head) { transformation: [0.10951411504304004f,0.8613324178593301f,0.6753614769521133f,-0.5905916373200266f,-0.8104098320973352f,0.52002060352764f,-0.5318030424383803f,1.9732745412255506f,-0.7356918938294135f,-0.44461785597448644f,0.6863471421244081f,-0.19359078462854368f,0f,0f,0f,1f], start_interpolation: 0, interpolation_duration: 1 }
$data merge entity $(bone_neck2) { transformation: [-0.30922006250504125f,0.9400566485456379f,0.1437930821337431f,-0.5007209609864371f,-0.5516550229413226f,-0.054147762538480304f,-0.8323128951756574f,1.4530789817407648f,-0.7746351971140915f,-0.3366920214932623f,0.5353305465362438f,0.1409908069566087f,0f,0f,0f,1f], start_interpolation: 0, interpolation_duration: 1 }
$data merge entity $(bone_neck1) { transformation: [-0.5587648795677971f,0.7075133714461096f,0.4326738247069545f,-0.2573419345887752f,-0.05126274049558974f,0.49125413804007956f,-0.8695064711060982f,0.9639815917435844f,-0.8277402616754044f,-0.5080297246062062f,-0.2382264849215454f,0.006988409188239397f,0f,0f,0f,1f], start_interpolation: 0, interpolation_duration: 1 }
$data merge entity $(bone_body3) { transformation: [-0.8935233451389512f,0.28211114975648865f,0.3493269684332586f,-0.021380632458208034f,0.13983941844919645f,0.914127033965408f,-0.3805478981960042f,0.7832720949939198f,-0.42668603063551225f,-0.29117875086736306f,-0.8562441043907005f,-0.5463628279851587f,0f,0f,0f,1f], start_interpolation: 0, interpolation_duration: 1 }
$data merge entity $(bone_body2) { transformation: [-0.9845428404458966f,0.1528440126983004f,0.08552252983283251f,9.508438501420902e-17f,0.10929688585169926f,0.9177203643855824f,-0.38189464978592524f,0.6877984325474386f,-0.13685607794265683f,-0.3666442970704381f,-0.9202403888962263f,-0.7764229252092152f,0f,0f,0f,1f], start_interpolation: 0, interpolation_duration: 1 }
$data merge entity $(bone_tail2) { transformation: [-0.5382007475294847f,0.13457338124397458f,-0.8320035819750223f,-0.3352873586917313f,0.43139594332530423f,0.8920388742668861f,-0.13477457801506043f,-0.006676918294661605f,0.7240424679817992f,-0.4314587487318233f,-0.5381503997040182f,-2.243067725760472f,0f,0f,0f,1f], start_interpolation: 0, interpolation_duration: 1 }
$data merge entity $(bone_tail1) { transformation: [-0.8943297470541085f,-0.017910038871981133f,-0.4470498115889754f,2.1419928328103234e-16f,0.2876747955179499f,0.7422497800993502f,-0.6052342323152021f,0.44724875594174f,0.3426623929727919f,-0.6698839410301387f,-0.6586637913170037f,-1.7490698822727193f,0f,0f,0f,1f], start_interpolation: 0, interpolation_duration: 1 }
$data merge entity $(bone_body1) { transformation: [-1f,2.1928499805069954e-17f,1.204854295046402e-16f,1.2246467991473532e-16f,0f,0.9838381939064132f,-0.17905978948654772f,0.5200537109375f,-1.2246467991473532e-16f,-0.17905978948654772f,-0.9838381939064132f,-1f,0f,0f,0f,1f], start_interpolation: 0, interpolation_duration: 1 }