# This file was generated by Animated Java via MC-Build. It is not recommended to edit this file directly.
$data merge entity $(bone_left_leg4) { transformation: [-0.8999079081222939f,0.010850894281960382f,-0.006929285117440288f,0.3662525756429902f,0.011335687609376775f,0.8974446603823595f,-0.0668175406432604f,-0.7117768637634734f,0.006104022065792487f,-0.06689797937511155f,-0.8974894992534157f,-0.7152042826085827f,0f,0f,0f,1f], start_interpolation: 0, interpolation_duration: 1 }
$data merge entity $(bone_left_leg3) { transformation: [-0.9970315118825387f,0.07645927578958599f,0.00906330287208657f,0.42303057605567423f,0.03480518508038606f,0.5525716264906382f,-0.832738372292889f,-0.24530199562718924f,-0.06867869687711897f,-0.8299509483958809f,-0.5535925034283233f,-1.3030679624412231f,0f,0f,0f,1f], start_interpolation: 0, interpolation_duration: 1 }
$data merge entity $(bone_left_leg2) { transformation: [-0.9964266109545944f,0.08395334301541224f,0.009265267296628459f,0.46500724756338035f,0.062613284620125f,0.6605790164250738f,0.7481409891510828f,0.08498751258534765f,0.056688495928368554f,0.7460477191543569f,-0.6634751051651907f,-0.9300441028640447f,0f,0f,0f,1f], start_interpolation: 0, interpolation_duration: 1 }
$data merge entity $(bone_left_leg1) { transformation: [-0.9580696109939625f,0.09549525810390035f,0.2701541711126201f,0.3125000000000001f,-0.12350080161789838f,0.7131345777876247f,-0.690062769582161f,0.33264941501494516f,-0.2585540030431047f,-0.6944924259078248f,-0.6714388266007936f,-0.9666859031145011f,0f,0f,0f,1f], start_interpolation: 0, interpolation_duration: 1 }
$data merge entity $(bone_right_leg4) { transformation: [-0.8927507670264633f,-0.03399823614676245f,0.10881262754189128f,-0.6234480313859744f,-0.03528445767716846f,0.8992677438951268f,-0.0085165624636294f,-0.7235174166798675f,-0.108402375527889f,-0.012713958025641596f,-0.8933573082766115f,-1.602298888599551f,0f,0f,0f,1f], start_interpolation: 0, interpolation_duration: 1 }
$data merge entity $(bone_right_leg3) { transformation: [-0.9638183220641772f,0.25140295969609966f,0.08860470591021234f,-0.4404336057332879f,0.25043358563476653f,0.9678820783393983f,-0.022074909184879088f,0.003773823898736095f,-0.09130860441112867f,0.0009133922749190171f,-0.9958222253369544f,-1.5393749553098022f,0f,0f,0f,1f], start_interpolation: 0, interpolation_duration: 1 }
$data merge entity $(bone_right_leg2) { transformation: [-0.9403577013797104f,-0.15212185603455372f,0.30428002624633393f,-0.5164945337505648f,0.2525688966240673f,0.28700484251536273f,0.924033101588267f,0.14727624515641746f,-0.22789547146437203f,0.9457733139020861f,-0.23146596466154f,-1.0664882983587591f,0f,0f,0f,1f], start_interpolation: 0, interpolation_duration: 1 }
$data merge entity $(bone_right_leg1) { transformation: [-0.9451500426645678f,0.259501352247808f,-0.19836946597882607f,-0.3124999999999999f,0.30938884393249433f,0.9059756993240122f,-0.288940435876465f,0.33264941501494516f,0.10473748183568403f,-0.33446536504685503f,-0.9365697942400201f,-0.9666859031145012f,0f,0f,0f,1f], start_interpolation: 0, interpolation_duration: 1 }
$data merge entity $(bone_right_wing3) { transformation: [-1.1385223798443171f,-0.14960260757060306f,0.21986681509102493f,-1.8871821941392668f,-0.18015425626040305f,1.144914330704174f,-0.15385442884764688f,0.9953715649347873f,-0.195619018813243f,-0.1837003024843747f,-1.1379556073600832f,0.0065081505142834395f,0f,0f,0f,1f], start_interpolation: 0, interpolation_duration: 1 }
$data merge entity $(bone_right_wing2) { transformation: [-0.8715942143769058f,-0.08596835424112764f,-0.48263129564272655f,-1.2525129224161362f,0.013107920470372791f,0.980064802203737f,-0.19824521659372218f,0.9023409589952636f,0.4900527603081602f,-0.17911567645078258f,-0.8530919449648623f,-0.8071419892964071f,0f,0f,0f,1f], start_interpolation: 0, interpolation_duration: 1 }
$data merge entity $(bone_right_wing1) { transformation: [-1.0132325628706667f,0.014707449947520828f,0.38308559822276406f,-0.697904318645774f,-0.10756970166799755f,1.0281404621021055f,-0.32398620430913044f,1.0453723937405228f,-0.36796690602921045f,-0.34106010059170033f,-0.9601507563725504f,-0.3520512782303581f,0f,0f,0f,1f], start_interpolation: 0, interpolation_duration: 1 }
$data merge entity $(bone_left_wing3) { transformation: [-1.1332464040811316f,0.23378613125662046f,-0.16748790537172994f,1.4246745353484198f,0.2548515163161643f,1.1318753925180454f,-0.1444450290596198f,0.7031992218119909f,0.13326236619953583f,-0.17651545717229647f,-1.1480587968874756f,0.5705803421707658f,0f,0f,0f,1f], start_interpolation: 0, interpolation_duration: 1 }
$data merge entity $(bone_left_wing2) { transformation: [-0.8128850757034357f,0.2118032096028286f,0.542547006351118f,0.8703031688987245f,0.08745940877930344f,0.9653603474147916f,-0.24582565255718863f,0.6866922994534066f,-0.5758200287542926f,-0.15237716377834704f,-0.80325120257879f,-0.30456892378330264f,0f,0f,0f,1f], start_interpolation: 0, interpolation_duration: 1 }
$data merge entity $(bone_left_wing1) { transformation: [-1.0140044142394387f,0.12133372984247058f,-0.3615028146730788f,0.3102240940174835f,0.2181220308124609f,1.0269724501025854f,-0.26713569120514696f,0.8867625939009638f,0.3127761798607622f,-0.32282630599738643f,-0.9856801451682493f,0.12138830078254637f,0f,0f,0f,1f], start_interpolation: 0, interpolation_duration: 1 }
$data merge entity $(bone_beak_down) { transformation: [0.08609849766519462f,0.19407778349301252f,1.0793149969560494f,-1.0088487003292026f,-0.7976155395403245f,0.7540756588408911f,-0.07196771378522843f,2.195819053294111f,-0.75259318345544f,-0.7769837287215963f,0.19974930667787472f,-0.4575581571100343f,0f,0f,0f,1f], start_interpolation: 0, interpolation_duration: 1 }
$data merge entity $(bone_beak_up) { transformation: [0.08609849766519462f,1.0855072875416767f,0.1557593573231112f,-0.9288033999467835f,-0.7976155395403245f,0.16921133335867206f,-0.7383610063829054f,2.244802645185913f,-0.75259318345544f,-0.05514937313236179f,0.8003512021978315f,-0.5003147149353049f,0f,0f,0f,1f], start_interpolation: 0, interpolation_duration: 1 }
$data merge entity $(bone_head) { transformation: [0.08609849766519462f,0.8538165374124704f,0.6881746647042278f,-0.5847160675946695f,-0.7976155395403245f,0.5224916468458853f,-0.5484632440374388f,1.9705710231671936f,-0.75259318345544f,-0.4560699501362199f,0.6600028036297668f,-0.17031331312042147f,0f,0f,0f,1f], start_interpolation: 0, interpolation_duration: 1 }
$data merge entity $(bone_neck2) { transformation: [-0.3260385153412837f,0.9342320651939426f,0.14460060469276292f,-0.49434068966169276f,-0.5349592759950668f,-0.05621538136467902f,-0.8430055776356745f,1.443692537144897f,-0.779434063626222f,-0.35220772175164583f,0.5181044886870115f,0.15350199230896072f,0f,0f,0f,1f], start_interpolation: 0, interpolation_duration: 1 }
$data merge entity $(bone_neck1) { transformation: [-0.5698300185673284f,0.7024166800932408f,0.4265027051102354f,-0.2544329180371854f,-0.03902030435483991f,0.49529620601743196f,-0.8678473852889073f,0.9555283829198866f,-0.8208356508995049f,-0.5111677570343492f,-0.2548261336300862f,0.010162292142037233f,0f,0f,0f,1f], start_interpolation: 0, interpolation_duration: 1 }
$data merge entity $(bone_body3) { transformation: [-0.8961141445895622f,0.2787462511240243f,0.3453693202223092f,-0.02115545220299062f,0.14098648874627473f,0.9166457083332418f,-0.3740099669597669f,0.7790625103408599f,-0.420835181344804f,-0.2864632138312907f,-0.8607186400118998f,-0.5456908087298558f,0f,0f,0f,1f], start_interpolation: 0, interpolation_duration: 1 }
$data merge entity $(bone_body2) { transformation: [-0.9848592870645796f,0.1512988240405052f,0.08462180881196285f,9.505550487993316e-17f,0.10878270299067845f,0.9194475657605287f,-0.37786571337854946f,0.6845960819962226f,-0.13497595420181321f,-0.3629391679896212f,-0.9219851691466147f,-0.7761871010165095f,0f,0f,0f,1f], start_interpolation: 0, interpolation_duration: 1 }
$data merge entity $(bone_tail2) { transformation: [-0.5483361040789734f,0.13333351365685886f,-0.8255602286322963f,-0.33142772632760287f,0.4270286806382805f,0.8934383489233207f,-0.13933564721742925f,-0.008682630086106702f,0.7190090561848457f,-0.4289406611748142f,-0.5468417379051188f,-2.2456096119689817f,0f,0f,0f,1f], start_interpolation: 0, interpolation_duration: 1 }
$data merge entity $(bone_tail1) { transformation: [-0.8969011300760548f,-0.01701587936706062f,-0.44190363510347075f,2.1421173884651439e-16f,0.2842087683569954f,0.7433967945925738f,-0.6054639392882836f,0.445415324380106f,0.3388122472067613f,-0.668634179233198f,-0.6619173630475726f,-1.7491715896833022f,0f,0f,0f,1f], start_interpolation: 0, interpolation_duration: 1 }
$data merge entity $(bone_body1) { transformation: [-1f,2.1758934462565883e-17f,1.2051616737049158e-16f,1.2246467991473532e-16f,0f,0.9840891876286258f,-0.17767518338932745f,0.5171661376953125f,-1.2246467991473532e-16f,-0.17767518338932745f,-0.9840891876286258f,-1f,0f,0f,0f,1f], start_interpolation: 0, interpolation_duration: 1 }