# This file was generated by Animated Java via MC-Build. It is not recommended to edit this file directly.
$data merge entity $(bone_left_leg4) { transformation: [-0.899678159938079f,-0.021697173527220268f,-0.010413510040428939f,0.6676152402334876f,-0.022793503311788865f,0.8931727795909563f,0.10827207398281502f,-0.8495439451125155f,0.0077242952563901235f,0.10849708963236959f,-0.8934028860509114f,-0.9606875619377966f,0f,0f,0f,1f], start_interpolation: 0, interpolation_duration: 1 }
$data merge entity $(bone_left_leg3) { transformation: [-0.9660522798590352f,-0.16953801270631239f,0.19493551453430627f,0.5282782610453591f,-0.25489210755503017f,0.7484688816170542f,-0.6122289986247555f,-0.2499279714856776f,-0.0421070788029205f,-0.6411327440542327f,-0.7662739708591011f,-1.3936449967997773f,0f,0f,0f,1f], start_interpolation: 0, interpolation_duration: 1 }
$data merge entity $(bone_left_leg2) { transformation: [-0.9835336227443423f,-0.03656316504082052f,-0.17698798799237078f,0.5099966785249489f,-0.17085295896624067f,0.5073589303903627f,0.8446278364851748f,0.003751493709503756f,0.058914169296272995f,0.8609587973389581f,-0.5052514917749232f,-0.9631655981302982f,0f,0f,0f,1f], start_interpolation: 0, interpolation_duration: 1 }
$data merge entity $(bone_left_leg1) { transformation: [-0.9348158463735806f,-0.08539113287857038f,0.34471392167210263f,0.3125000000000001f,-0.2795937874957788f,0.7754530511697815f,-0.5661270876978433f,0.22034854631021103f,-0.21896722896956844f,-0.625604443604096f,-0.7487806306123297f,-0.9674409666874505f,0f,0f,0f,1f], start_interpolation: 0, interpolation_duration: 1 }
$data merge entity $(bone_right_leg4) { transformation: [-0.8791662168798656f,0.020414444077798678f,0.19144193263269105f,-0.8272617608022468f,0.02779930526996504f,0.8990083934555381f,0.03179791067035312f,-0.7255484246575988f,-0.19050974180774247f,0.036975112839407354f,-0.8788281284226515f,-1.6940516459311477f,0f,0f,0f,1f], start_interpolation: 0, interpolation_duration: 1 }
$data merge entity $(bone_right_leg3) { transformation: [-0.8655823644054752f,0.4685401906695524f,0.17674065790747406f,-0.48690290891929955f,0.4780489499325476f,0.8782366543352191f,0.013022305881428303f,-0.06768482802377376f,-0.14911865040502384f,0.09576256423791374f,-0.9841713059178081f,-1.5607190161328495f,0f,0f,0f,1f], start_interpolation: 0, interpolation_duration: 1 }
$data merge entity $(bone_right_leg2) { transformation: [-0.8475280303665556f,-0.10493090603192548f,0.5202746800511304f,-0.5393683619352623f,0.47473769188150455f,0.28843767711505397f,0.8315213949908286f,0.07653401053375322f,-0.2373191135370442f,0.9517316908560896f,-0.19464436023219475f,-1.0848531707048046f,0f,0f,0f,1f], start_interpolation: 0, interpolation_duration: 1 }
$data merge entity $(bone_right_leg1) { transformation: [-0.8926476096439571f,0.391546200235767f,-0.22331999032299418f,-0.3124999999999999f,0.4308612744170687f,0.8867334391560449f,-0.16751826792977587f,0.22034854631021103f,0.13243416177342238f,-0.24575471707258312f,-0.9602425796807521f,-0.9674409666874506f,0f,0f,0f,1f], start_interpolation: 0, interpolation_duration: 1 }
$data merge entity $(bone_right_wing3) { transformation: [-1.1396360498442972f,-0.17149754239421863f,0.1969107229802152f,-1.8569893822810113f,-0.19453309540564345f,1.1457435305212602f,-0.12800079311136575f,0.5999586479980141f,-0.17418988106014271f,-0.15753069922393867f,-1.1453372997134215f,0.06716336704847359f,0f,0f,0f,1f], start_interpolation: 0, interpolation_duration: 1 }
$data merge entity $(bone_right_wing2) { transformation: [-0.8445358453233602f,-0.2360926093352521f,-0.48064486451144905f,-1.2473031309149596f,-0.16058736521434236f,0.96791392008138f,-0.19327271262703144f,0.6745014409632026f,0.5108531140136786f,-0.08604024134071062f,-0.8553514907759029f,-0.7672300503735244f,0f,0f,0f,1f], start_interpolation: 0, interpolation_duration: 1 }
$data merge entity $(bone_right_wing1) { transformation: [-0.9960734474776911f,-0.14610582418959303f,0.400127337829969f,-0.7075166748994945f,-0.2248204353708033f,1.044656685931454f,-0.17821136745310076f,0.858301648206928f,-0.3618073661227764f,-0.24689392011084713f,-0.9908329491608101f,-0.30896777206619086f,0f,0f,0f,1f], start_interpolation: 0, interpolation_duration: 1 }
$data merge entity $(bone_left_wing3) { transformation: [-1.1333399075811417f,0.2411897032205376f,-0.15596072236598513f,1.4172916489284515f,0.24456969636138542f,1.1432656606579346f,-0.009211881384275323f,0.46306205712023946f,0.15060505795699794f,-0.041553846961830204f,-1.1586832873123716f,0.5735936351716157f,0f,0f,0f,1f], start_interpolation: 0, interpolation_duration: 1 }
$data merge entity $(bone_left_wing2) { transformation: [-0.8095720438924947f,0.1806653928625166f,0.5585276372477559f,0.8725701472253181f,0.13003446067845023f,0.9830172077717922f,-0.12949211659639204f,0.5343949800871031f,-0.5724370225481512f,-0.03220535741738528f,-0.8193159770014409f,-0.3048575176014263f,0f,0f,0f,1f], start_interpolation: 0, interpolation_duration: 1 }
$data merge entity $(bone_left_wing1) { transformation: [-1.019582434964422f,0.10425821283575372f,-0.350988595939278f,0.3065248164069606f,0.15751790361309784f,1.0623720313113025f,-0.14200312757098896f,0.6671282175887203f,0.3305312080038221f,-0.18468081452847884f,-1.0150139055164429f,0.13913665028940914f,0f,0f,0f,1f], start_interpolation: 0, interpolation_duration: 1 }
$data merge entity $(bone_beak_down) { transformation: [-0.22680987099888905f,0.3818716438059176f,1.0063455321480959f,-0.6156215879815693f,-0.3713609788384507f,0.9375331943980446f,-0.4394570886877875f,2.2370240010196323f,-1.0102714020567023f,-0.43035515223912973f,-0.06439050494925716f,0.20325006382129227f,0f,0f,0f,1f], start_interpolation: 0, interpolation_duration: 1 }
$data merge entity $(bone_beak_up) { transformation: [-0.22680987099888905f,1.0762632648669423f,-0.014651522631367375f,-0.5275531108080909f,-0.3713609788384507f,-0.09229934587138106f,-1.0312962009761613f,2.2778722374768927f,-1.0102714020567023f,-0.20769741319926266f,0.3823787111447492f,0.16846313334911264f,0f,0f,0f,1f], start_interpolation: 0, interpolation_duration: 1 }
$data merge entity $(bone_head) { transformation: [-0.22680987099888905f,0.9393970898504357f,0.5254430416305843f,-0.26483158999279877f,-0.3713609788384507f,0.4357145222107782f,-0.9392783818074282f,1.8082330465731784f,-1.0102714020567023f,-0.3710605917032494f,0.2273009711180734f,0.28211361890814934f,0f,0f,0f,1f], start_interpolation: 0, interpolation_duration: 1 }
$data merge entity $(bone_neck2) { transformation: [-0.5212948691807158f,0.8392934128532654f,-0.1543963293183444f,-0.361329295816764f,-0.005133456592077534f,-0.18400482711566046f,-0.9829119346215879f,1.193913087434686f,-0.8533611820262729f,-0.511594361520193f,0.10022924858277726f,0.3447568992723851f,0f,0f,0f,1f], start_interpolation: 0, interpolation_duration: 1 }
$data merge entity $(bone_neck1) { transformation: [-0.6580218914342925f,0.7312703366473635f,0.1795853143575163f,-0.26031255649066104f,0.31219360149233855f,0.48197371406626255f,-0.8186797262277935f,0.733405741431552f,-0.6852315999576195f,-0.48264379586691464f,-0.5454471750139482f,0.03794286332703922f,0f,0f,0f,1f], start_interpolation: 0, interpolation_duration: 1 }
$data merge entity $(bone_body3) { transformation: [-0.9013702144946267f,0.25031418852055604f,0.35337592369487514f,-0.023807967398829347f,0.1699319383272957f,0.9550168468443788f,-0.2430348916920121f,0.6411974870518181f,-0.3983150420938667f,-0.1590145567824386f,-0.903360115332222f,-0.5365956185545019f,0f,0f,0f,1f], start_interpolation: 0, interpolation_duration: 1 }
$data merge entity $(bone_body2) { transformation: [-0.9857593655790955f,0.13859785058390894f,0.09523186959531776f,9.497185941415759e-17f,0.10725478755189546f,0.9543592599103106f,-0.27873789403423765f,0.5715130135432587f,-0.12951788957629337f,-0.2645544156444276f,-0.9556338616032494f,-0.7755040839553142f,0f,0f,0f,1f], start_interpolation: 0, interpolation_duration: 1 }
$data merge entity $(bone_tail2) { transformation: [-0.598632854347246f,0.12106278453454877f,-0.791822270397095f,-0.30795536261107326f,0.3673409144610711f,0.9199310924284833f,-0.13706727452693185f,-0.06211466610130678f,0.7118281802928097f,-0.37292169068596515f,-0.5951722896413681f,-2.3052625796481623f,0f,0f,0f,1f], start_interpolation: 0, interpolation_duration: 1 }
$data merge entity $(bone_tail1) { transformation: [-0.9111066011142975f,0.035868226234504856f,-0.41060715014809795f,2.142469151333625e-16f,0.2710133492954919f,0.802706184647924f,-0.5312386898858295f,0.3363143513130653f,0.31054230937119004f,-0.5952950961286034f,-0.7410716717130975f,-1.7494588258633392f,0f,0f,0f,1f], start_interpolation: 0, interpolation_duration: 1 }
$data merge entity $(bone_body1) { transformation: [-1f,2.1265768495757713e-17f,1.2060416625018976e-16f,1.2246467991473532e-16f,0f,0.984807753012208f,-0.17364817766693033f,0.405f,-1.2246467991473532e-16f,-0.17364817766693033f,-0.984807753012208f,-1f,0f,0f,0f,1f], start_interpolation: 0, interpolation_duration: 1 }