# This file was generated by Animated Java via MC-Build. It is not recommended to edit this file directly.
$data merge entity $(bone_left_leg4) { transformation: [-0.8961434713448873f,-0.02929189532337162f,-0.0779029115906445f,0.8554987023895448f,-0.04799352035028753f,0.8701203649483502f,0.22491592319472636f,-0.8794508311506803f,0.06799632909445688f,0.22810641238359375f,-0.8679538950077728f,-1.1323026762629589f,0f,0f,0f,1f], start_interpolation: 0, interpolation_duration: 1 }
$data merge entity $(bone_left_leg3) { transformation: [-0.9007631620799437f,-0.3573977600524078f,0.24676419300470362f,0.572027620287445f,-0.43188582179514656f,0.7970622916593848f,-0.42209754814144584f,-0.2552730156473014f,-0.045829714946441745f,-0.48678387845553256f,-0.8723193755177724f,-1.4428706241347475f,0f,0f,0f,1f], start_interpolation: 0, interpolation_duration: 1 }
$data merge entity $(bone_left_leg2) { transformation: [-0.9481910426913999f,-0.07580389741878385f,-0.30852474081654835f,0.5341256715780531f,-0.31304987376309057f,0.38848525877215656f,0.8666481294352647f,-0.061030386261223174f,0.05416200787183756f,0.9183316246611855f,-0.39208864310310987f,-0.9837048118041547f,0f,0f,0f,1f], start_interpolation: 0, interpolation_duration: 1 }
$data merge entity $(bone_left_leg1) { transformation: [-0.9050270245625369f,-0.20714679383945026f,0.3715054382018081f,0.3125000000000001f,-0.37883898550626993f,0.7896860735886078f,-0.4825732361422339f,0.13016336112502588f,-0.19340917215080927f,-0.5774825633577556f,-0.793162518747384f,-0.9674409666874505f,0f,0f,0f,1f], start_interpolation: 0, interpolation_duration: 1 }
$data merge entity $(bone_right_leg4) { transformation: [-0.8615598538305677f,0.0553311550846393f,0.25426970237220625f,-0.9426359860984126f,0.06824836877059143f,0.8966811583910699f,0.03612561897881511f,-0.7132750448912675f,-0.2511110878229079f,0.053864306024014985f,-0.8625786098141707f,-1.7630204188555463f,0f,0f,0f,1f], start_interpolation: 0, interpolation_duration: 1 }
$data merge entity $(bone_right_leg3) { transformation: [-0.7679017105638688f,0.5917674998444274f,0.24523088924717368f,-0.5141372917930405f,0.6151430087489262f,0.7880309636341382f,0.024622736264885425f,-0.12379074318221919f,-0.178678598887507f,0.1697599083462496f,-0.9691519652860796f,-1.5751284897654791f,0f,0f,0f,1f], start_interpolation: 0, interpolation_duration: 1 }
$data merge entity $(bone_right_leg2) { transformation: [-0.7567679647164738f,-0.07174263621208807f,0.6497347472070626f,-0.5500086098990845f,0.6095906600089798f,0.28141372708197293f,0.7410840312944607f,0.016916120358767273f,-0.23601159888594933f,0.9569008874273095f,-0.16923125252779098f,-1.0966780460518244f,0f,0f,0f,1f], start_interpolation: 0, interpolation_duration: 1 }
$data merge entity $(bone_right_leg1) { transformation: [-0.8488941879144494f,0.48044955432042585f,-0.22033357319839272f,-0.3124999999999999f,0.5073324063547141f,0.8575856036854864f,-0.08462128463770222f,0.13016336112502588f,0.14829864189331798f,-0.18361687859427284f,-0.9717470631331455f,-0.9674409666874506f,0f,0f,0f,1f], start_interpolation: 0, interpolation_duration: 1 }
$data merge entity $(bone_right_wing3) { transformation: [-1.1437949379553887f,-0.13336797812947268f,0.2022416581563932f,-1.8508094417227159f,-0.1545021485581935f,1.15337249101046f,-0.11321019851493541f,0.37842903819552454f,-0.18659526246690347f,-0.1374788906215995f,-1.145965675155641f,0.050930291808361394f,0f,0f,0f,1f], start_interpolation: 0, interpolation_duration: 1 }
$data merge entity $(bone_right_wing2) { transformation: [-0.837591633154813f,-0.2895378102162476f,-0.463258148902136f,-1.2406785393635276f,-0.23965983990294465f,0.9567882225094978f,-0.16467986642213067f,0.5399536273690281f,0.49092098876168294f,-0.02691010446460837f,-0.8707883951172958f,-0.7707365611215191f,0f,0f,0f,1f], start_interpolation: 0, interpolation_duration: 1 }
$data merge entity $(bone_right_wing1) { transformation: [-0.9794065979734372f,-0.20292683328171832f,0.4161664658420507f,-0.7151704596900887f,-0.25633909047574754f,1.0485415082015075f,-0.0919896047588273f,0.7238587281922126f,-0.38556983498618697f,-0.1816384238642046f,-0.9959691242382783f,-0.2962089833252978f,0f,0f,0f,1f], start_interpolation: 0, interpolation_duration: 1 }
$data merge entity $(bone_left_wing3) { transformation: [-1.1343069431172663f,0.24488688909795983f,-0.14259641061558606f,1.4075745744069124f,0.2380319845887677f,1.1426127697686954f,0.0687924316389893f,0.30013830313609835f,0.15376637826670042f,0.0377098910896846f,-1.1583995126921056f,0.5783785733022391f,0f,0f,0f,1f], start_interpolation: 0, interpolation_duration: 1 }
$data merge entity $(bone_left_wing2) { transformation: [-0.8063478111187948f,0.15926954045818542f,0.5695932065835818f,0.8704215571088911f,0.15272496354426646f,0.986468114124059f,-0.059630070660069714f,0.421479567808574f,-0.5713827902678996f,0.03890852475693307f,-0.8197608393226088f,-0.29924848964666245f,0f,0f,0f,1f], start_interpolation: 0, interpolation_duration: 1 }
$data merge entity $(bone_left_wing1) { transformation: [-1.025307282215734f,0.09394919305695584f,-0.33694159326275364f,0.297501534148003f,0.12040914674671045f,1.0745474249542113f,-0.06678757380766158f,0.5133055818149852f,0.3284169994476918f,-0.1006602789551645f,-1.0274341311371518f,0.14627017488063854f,0f,0f,0f,1f], start_interpolation: 0, interpolation_duration: 1 }
$data merge entity $(bone_beak_down) { transformation: [-0.3238046787270538f,0.538267682768505f,0.9030052224220488f,-0.32651831770162887f,-0.03634912338934526f,0.9385727499464123f,-0.5725032177087358f,2.0450660572741883f,-1.0506327956347525f,-0.19836606248311267f,-0.258498808491742f,0.5931366222150316f,0f,0f,0f,1f], start_interpolation: 0, interpolation_duration: 1 }
$data merge entity $(bone_beak_up) { transformation: [-0.3238046787270538f,1.0326457340491968f,-0.19696019390847774f,-0.23344542372502206f,-0.03634912338934526f,-0.21696626259884821f,-1.0777775197705295f,2.0779714133407974f,-1.0506327956347525f,-0.3107546119430624f,0.09799132559987714f,0.5633131486757372f,0f,0f,0f,1f], start_interpolation: 0, interpolation_duration: 1 }
$data merge entity $(bone_head) { transformation: [-0.3238046787270538f,0.9927775357504727f,0.3457503355655476f,-0.06057025594224827f,-0.03634912338934526f,0.3509904647104965f,-1.0418658430484877f,1.5570384918165536f,-1.0506327956347525f,-0.31811705108580574f,-0.07051432865152517f,0.5280559843499747f,0f,0f,0f,1f], start_interpolation: 0, interpolation_duration: 1 }
$data merge entity $(bone_neck2) { transformation: [-0.53610778239692f,0.762556425801188f,-0.3620720137248585f,-0.2868652645202848f,0.333988265653549f,-0.2023106703889785f,-0.920609706147234f,0.9816574254745323f,-0.7752678789032801f,-0.6144738319213272f,-0.14622457325883853f,0.4366656260632006f,0f,0f,0f,1f], start_interpolation: 0, interpolation_duration: 1 }
$data merge entity $(bone_neck1) { transformation: [-0.6661519661561515f,0.7451648462466147f,0.03115942721798559f,-0.2693380867101679f,0.5050806768942325f,0.48147697635939657f,-0.7162914428246907f,0.5787434888856438f,-0.5487577496622328f,-0.4614209283875974f,-0.6971051994007575f,0.04454395140027445f,0f,0f,0f,1f], start_interpolation: 0, interpolation_duration: 1 }
$data merge entity $(bone_body3) { transformation: [-0.900152883411637f,0.236483823378645f,0.3657870798236781f,-0.025940922859203776f,0.18715835233531325f,0.9682982138821162f,-0.16543977799741622f,0.5358622660048908f,-0.3933148072941657f,-0.08046098603000999f,-0.9158763519658272f,-0.5329075802052432f,0f,0f,0f,1f], start_interpolation: 0, interpolation_duration: 1 }
$data merge entity $(bone_body2) { transformation: [-0.9857593655790955f,0.13233128697516888f,0.10376369143681548f,9.497185941415759e-17f,0.10725478755189546f,0.9700063568430488f,-0.21813775058726925f,0.4813278283580735f,-0.12951788957629337f,-0.2039021779471014f,-0.9703860150002841f,-0.7755040839553142f,0f,0f,0f,1f], start_interpolation: 0, interpolation_duration: 1 }
$data merge entity $(bone_tail2) { transformation: [-0.6141806999241354f,0.11392736552560742f,-0.7808985998355316f,-0.29722309732081587f,0.3348602358077829f,0.9336486338134394f,-0.1271567971170019f,-0.11210372823912443f,0.7145982719790575f,-0.33958913993632533f,-0.6115787158836153f,-2.337529930248225f,0f,0f,0f,1f], start_interpolation: 0, interpolation_duration: 1 }
$data merge entity $(bone_tail1) { transformation: [-0.9155994948725904f,0.0680138642776814f,-0.3962974630944215f,2.142469151333625e-16f,0.2688685300972239f,0.8364006559860626f,-0.47764385915600605f,0.24612916612788013f,0.29897705348808196f,-0.5438823925556898f,-0.7840948058465144f,-1.7494588258633392f,0f,0f,0f,1f], start_interpolation: 0, interpolation_duration: 1 }
$data merge entity $(bone_body1) { transformation: [-1f,2.1265768495757713e-17f,1.2060416625018976e-16f,1.2246467991473532e-16f,0f,0.984807753012208f,-0.17364817766693033f,0.3148148148148149f,-1.2246467991473532e-16f,-0.17364817766693033f,-0.984807753012208f,-1f,0f,0f,0f,1f], start_interpolation: 0, interpolation_duration: 1 }