# This file was generated by Animated Java via MC-Build. It is not recommended to edit this file directly.
$data merge entity $(bone_left_leg4) { transformation: [-0.883200996854616f,-0.024950474008859275f,-0.1712701754589698f,0.9932244388390448f,-0.08399353533499702f,0.840484418247695f,0.31069442979358686f,-0.8585888664634851f,0.15133104498727834f,0.32087913071679575f,-0.827124838397138f,-1.279548594364801f,0f,0f,0f,1f], start_interpolation: 0, interpolation_duration: 1 }
$data merge entity $(bone_left_leg3) { transformation: [-0.8223583536135561f,-0.5143015101471244f,0.2433530252583453f,0.5922887421500549f,-0.5655740734800868f,0.7855666910018442f,-0.2510198027956246f,-0.2537251105373755f,-0.06207016714286348f,-0.34406239354047446f,-0.9368929307567949f,-1.4790395813478572f,0f,0f,0f,1f], start_interpolation: 0, interpolation_duration: 1 }
$data merge entity $(bone_left_leg2) { transformation: [-0.9044288427632103f,-0.0830071868351197f,-0.4184713554255772f,0.5507851487324951f,-0.42406733837579574f,0.2821533280016354f,0.8605558622311916f,-0.11264844653655781f,0.04664076436839973f,0.9557715764926894f,-0.29038824471353936f,-1.0011537931015124f,0f,0f,0f,1f], start_interpolation: 0, interpolation_duration: 1 }
$data merge entity $(bone_left_leg1) { transformation: [-0.8714878907278423f,-0.3091964581183886f,0.3806657413030232f,0.3125000000000001f,-0.45907456185849876f,0.7873763920152592f,-0.4114474011966296f,0.054746694458358974f,-0.17250913879897495f,-0.5333253862175291f,-0.8281332196251757f,-0.9674409666874505f,0f,0f,0f,1f], start_interpolation: 0, interpolation_duration: 1 }
$data merge entity $(bone_right_leg4) { transformation: [-0.8421000456078265f,0.08613383422532561f,0.3056934343242267f,-1.025643522386432f,0.10118076028233977f,0.8938910145215742f,0.02685717606671216f,-0.6877191781953613f,-0.3010481139884185f,0.05949635920991179f,-0.8460675010333285f,-1.8190893609975283f,0f,0f,0f,1f], start_interpolation: 0, interpolation_duration: 1 }
$data merge entity $(bone_right_leg3) { transformation: [-0.6686579742678712f,0.6795745814930728f,0.30178618529764006f,-0.5348242228477299f,0.7171066029035452f,0.6966744747800193f,0.020069784805053226f,-0.1664676836606626f,-0.19660781652854883f,0.2298326877937496f,-0.9531643625846369f,-1.5871420724906762f,0f,0f,0f,1f], start_interpolation: 0, interpolation_duration: 1 }
$data merge entity $(bone_right_leg2) { transformation: [-0.6649351517648177f,-0.04215115751386184f,0.7457107508060618f,-0.5558998016046608f,0.7110950443222119f,0.26969571959509764f,0.6493135273290351f,-0.03161982386311378f,-0.22848431431476876f,0.9620226082334675f,-0.14935668501873575f,-1.1061307683739425f,0f,0f,0f,1f], start_interpolation: 0, interpolation_duration: 1 }
$data merge entity $(bone_right_leg1) { transformation: [-0.807272898828852f,0.552526910174959f,-0.20742343249733117f,-0.3124999999999999f,0.5674876200216629f,0.8232319563106786f,-0.015714554751617982f,0.054746694458358974f,0.16207488373776718f,-0.1303961642127779f,-0.9781250290325789f,-0.9674409666874506f,0f,0f,0f,1f], start_interpolation: 0, interpolation_duration: 1 }
$data merge entity $(bone_right_wing3) { transformation: [-1.146891635164568f,-0.09409826824537468f,0.20673814132696378f,-1.8444504070302348f,-0.11279569171256791f,1.1595857186824083f,-0.09794722525650239f,0.2002310458687963f,-0.19716053128653668f,-0.11602604413486747f,-1.1465693384884261f,0.026947268885230136f,0f,0f,0f,1f], start_interpolation: 0, interpolation_duration: 1 }
$data merge entity $(bone_right_wing2) { transformation: [-0.8310760751144981f,-0.3289269628361957f,-0.4484636111120245f,-1.2345193649509887f,-0.3007223830809268f,0.9440863645701676f,-0.1351554088699845f,0.43195018238937344f,0.4678446384072488f,0.02253861912452404f,-0.8835232905597623f,-0.7778984888865823f,0f,0f,0f,1f], start_interpolation: 0, interpolation_duration: 1 }
$data merge entity $(bone_right_wing1) { transformation: [-0.9645080838546932f,-0.24488479670808508f,0.4282133856283558f,-0.7212461699574385f,-0.27468793784168355f,1.047748251851067f,-0.01952558983556801f,0.6107772790586499f,-0.4097338210281676f,-0.1259608994703647f,-0.9949186694506165f,-0.28827848643779513f,0f,0f,0f,1f], start_interpolation: 0, interpolation_duration: 1 }
$data merge entity $(bone_left_wing3) { transformation: [-1.1350500125887797f,0.24701714542060152f,-0.13266335125810247f,1.3998853873900488f,0.2319720455129906f,1.138031128463977f,0.134274668959145f,0.16394666298537106f,0.15749922221805485f,0.10403483306963286f,-1.1538311464358393f,0.5785418114922396f,0f,0f,0f,1f], start_interpolation: 0, interpolation_duration: 1 }
$data merge entity $(bone_left_wing2) { transformation: [-0.8037855100796535f,0.1404003626493363f,0.5781146875438525f,0.868636414910069f,0.17149011489243723f,0.9851854919836451f,-0.0008287817093320284f,0.32706148617280917f,-0.5696665641234091f,0.09847479145892055f,-0.815955097518823f,-0.29590339080490663f,0f,0f,0f,1f], start_interpolation: 0, interpolation_duration: 1 }
$data merge entity $(bone_left_wing1) { transformation: [-1.0296760725091225f,0.08404071334569542f,-0.32606050866924396f,0.29043287089525915f,0.08908821620477701f,1.0796596955043538f,-0.00305659091272266f,0.3843036058980075f,0.3247177028539563f,-0.029718874724718087f,-1.03309550044972f,0.1485741130331164f,0f,0f,0f,1f], start_interpolation: 0, interpolation_duration: 1 }
$data merge entity $(bone_beak_down) { transformation: [-0.35738290781950405f,0.6671722565501368f,0.7982221728868941f,-0.08977819312967775f,0.2553660538657323f,0.8744461342445897f,-0.6165485681093883f,1.7663247852336081f,-1.0084967207341429f,-0.015004612440570914f,-0.43898658962887305f,0.8893853468146853f,0f,0f,0f,1f], start_interpolation: 0, interpolation_duration: 1 }
$data merge entity $(bone_beak_up) { transformation: [-0.35738290781950405f,0.9782698364176956f,-0.353928784296744f,0.0062378308305232055f,0.2553660538657323f,-0.2802879476435986f,-1.0325826092564137f,1.791970549758069f,-1.0084967207341429f,-0.41764433859569383f,-0.13604253271475683f,0.8618538461321938f,0f,0f,0f,1f], start_interpolation: 0, interpolation_duration: 1 }
$data merge entity $(bone_head) { transformation: [-0.35738290781950405f,1.0241709222421436f,0.18262359987732446f,0.09754963076918544f,0.2553660538657323f,0.2735548215942476f,-1.0343867449438742f,1.2747771772861318f,-1.0084967207341429f,-0.29366934061324224f,-0.32663845862400187f,0.6985346168201929f,0f,0f,0f,1f], start_interpolation: 0, interpolation_duration: 1 }
$data merge entity $(bone_neck2) { transformation: [-0.49799341061227087f,0.6920654744968597f,-0.522539895123994f,-0.22903780368331084f,0.5884929704511185f,-0.17287205590566684f,-0.7898045809037619f,0.7811493142212806f,-0.6369290280057717f,-0.7008285320221948f,-0.3211865221133016f,0.4977930404993794f,0f,0f,0f,1f], start_interpolation: 0, interpolation_duration: 1 }
$data merge entity $(bone_neck1) { transformation: [-0.6560205718105203f,0.7500388916550361f,-0.08413483444021924f,-0.27636364805593416f,0.6392422736747702f,0.492899451147519f,-0.5902706553824142f,0.44912207056867265f,-0.4012559344215463f,-0.4410122357297579f,-0.8028087462329568f,0.04621312074334116f,0f,0f,0f,1f], start_interpolation: 0, interpolation_duration: 1 }
$data merge entity $(bone_body3) { transformation: [-0.8992702585357312f,0.2242694061117719f,0.3755212851428698f,-0.027646006959654787f,0.20130993169834877f,0.9744235882588379f,-0.0998648188521703f,0.44760803305224356f,-0.3883134217519214f,-0.014209297204427901f,-0.9214178109632299f,-0.5305610921839543f,0f,0f,0f,1f], start_interpolation: 0, interpolation_duration: 1 }
$data merge entity $(bone_body2) { transformation: [-0.9857593655790955f,0.12668719730141076f,0.11058402783861952f,9.497185941415759e-17f,0.10725478755189546f,0.9801420025928298f,-0.1667874854433479f,0.40591116169140656f,-0.12951788957629337f,-0.15255165942470325f,-0.9797719670854399f,-0.7755040839553142f,0f,0f,0f,1f], start_interpolation: 0, interpolation_duration: 1 }
$data merge entity $(bone_tail2) { transformation: [-0.6277929662181442f,0.10712257673333128f,-0.7709738939296424f,-0.28681104692444326f,0.3072733788879869f,0.9441484745819153f,-0.1190240671940006f,-0.15265018519176501f,0.7151636611250488f,-0.3116222256172589f,-0.6256456875161551f,-2.362382962715628f,0f,0f,0f,1f], start_interpolation: 0, interpolation_duration: 1 }
$data merge entity $(bone_tail1) { transformation: [-0.9192468831669536f,0.09351012059560755f,-0.3824147292325913f,2.142469151333625e-16f,0.2670346811986591f,0.8618595849878248f,-0.431150246203971f,0.17071249946121322f,0.2892708883122733f,-0.4984515153059615f,-0.8172321824697183f,-1.7494588258633392f,0f,0f,0f,1f], start_interpolation: 0, interpolation_duration: 1 }
$data merge entity $(bone_body1) { transformation: [-1f,2.1265768495757713e-17f,1.2060416625018976e-16f,1.2246467991473532e-16f,0f,0.984807753012208f,-0.17364817766693033f,0.23939814814814797f,-1.2246467991473532e-16f,-0.17364817766693033f,-0.984807753012208f,-1f,0f,0f,0f,1f], start_interpolation: 0, interpolation_duration: 1 }