# This file was generated by Animated Java via MC-Build. It is not recommended to edit this file directly.
$data merge entity $(bone_left_leg4) { transformation: [-0.863828539731742f,-0.016113765653562484f,-0.25207260958181915f,1.0724950735436751f,-0.11973296907961506f,0.8169679155934861f,0.35808859379518704f,-0.8221564460641676f,0.22240564304959987f,0.37723172115729686f,-0.7862772783772891f,-1.380397123199024f,0f,0f,0f,1f], start_interpolation: 0, interpolation_duration: 1 }
$data merge entity $(bone_left_leg3) { transformation: [-0.7578704799136479f,-0.6154761946728085f,0.2163825073025455f,0.5973640208326598f,-0.6474562987444525f,0.7503225254358986f,-0.13347827178844274f,-0.25107216000046595f,-0.08020397054754419f,-0.24125745918950187f,-0.9671412314103012f,-1.5008938906280065f,0f,0f,0f,1f], start_interpolation: 0, interpolation_duration: 1 }
$data merge entity $(bone_left_leg2) { transformation: [-0.8677299439766518f,-0.07428079181965963f,-0.4914540754667936f,0.56022362492283f,-0.49545678674604043f,0.20802444657039326f,0.8433554423233243f,-0.1470599367152693f,0.0395893520225481f,0.9752990277836462f,-0.21731196380022139f,-1.0132443767361834f,0f,0f,0f,1f], start_interpolation: 0, interpolation_duration: 1 }
$data merge entity $(bone_left_leg1) { transformation: [-0.8439847973975427f,-0.3785170773678251f,0.38001905728890584f,0.3125000000000001f,-0.5124295236447474f,0.7783220573259032f,-0.3628095345731567f,0.002848546310211003f,-0.15844760982433936f,-0.5009387160331024f,-0.8508553095092377f,-0.9674409666874505f,0f,0f,0f,1f], start_interpolation: 0, interpolation_duration: 1 }
$data merge entity $(bone_right_leg4) { transformation: [-0.8265270859509134f,0.10856372664880905f,0.3392151138225037f,-1.0746582913913043f,0.12280628004707125f,0.8914734544297347f,0.013917529526318261f,-0.6629903309979113f,-0.33432258938111237f,0.05906773487478797f,-0.8335102932335449f,-1.856435174646931f,0f,0f,0f,1f], start_interpolation: 0, interpolation_duration: 1 }
$data merge entity $(bone_right_leg3) { transformation: [-0.5922453516164232f,0.7310174523548919f,0.3389084357777219f,-0.547576979361243f,0.7791478598332109f,0.6267659244412201f,0.009648236972090052f,-0.1935189024777519f,-0.2053632294400983f,0.26977390591364736f,-0.9407698888049234f,-1.5953066271613876f,0f,0f,0f,1f], start_interpolation: 0, interpolation_duration: 1 }
$data merge entity $(bone_right_leg2) { transformation: [-0.594151320937383f,-0.021381181585174547f,0.8040690597842853f,-0.5582675701538303f,0.7737179112878596f,0.2580669573510017f,0.5785862418654181f,-0.06448542380225102f,-0.21987451325861948f,0.9658904133480247f,-0.13678782044344115f,-1.1123614204873753f,0f,0f,0f,1f], start_interpolation: 0, interpolation_duration: 1 }
$data merge entity $(bone_right_leg1) { transformation: [-0.7761576850113431f,0.6002529718703544f,-0.19306894560917906f,-0.3124999999999999f,0.6066677264997354f,0.7943586663011312f,0.030799008034843478f,0.002848546310211003f,0.1718531862418468f,-0.0932238115134519f,-0.9807016892742816f,-0.9674409666874506f,0f,0f,0f,1f], start_interpolation: 0, interpolation_duration: 1 }
$data merge entity $(bone_right_wing3) { transformation: [-1.1484244549805809f,-0.06457066044835977f,0.2095410866354874f,-1.83925820709503f,-0.0811187397681609f,1.1631651355904915f,-0.08615209447100568f,0.08052882524048532f,-0.20370711140641037f,-0.099161802790078f,-1.1470073738239177f,0.00555467927191311f,0f,0f,0f,1f], start_interpolation: 0, interpolation_duration: 1 }
$data merge entity $(bone_right_wing2) { transformation: [-0.8260748808681673f,-0.3543901389852534f,-0.43818708400483036f,-1.2299190891445204f,-0.3405898833710363f,0.9334172091524554f,-0.1128310462742651f,0.3593159452795841f,0.4489975752094295f,0.05603519472665536f,-0.8917742059557444f,-0.7846794057690956f,0f,0f,0f,1f], start_interpolation: 0, interpolation_duration: 1 }
$data merge entity $(bone_right_wing1) { transformation: [-0.9537377640725025f,-0.2720864867434156f,0.43584897868954525f,-0.7252429647191735f,-0.28424859173104294f,1.0449375909509435f,0.030319634359085954f,0.5327076359491107f,-0.42801650270989944f,-0.0876669028788795f,-0.9913261313305134f,-0.2842859795115409f,0f,0f,0f,1f], start_interpolation: 0, interpolation_duration: 1 }
$data merge entity $(bone_left_wing3) { transformation: [-1.1355193447639838f,0.2481281414316099f,-0.12642708994922813f,1.3947789282281522f,0.22755116403415077f,1.1327084213533296f,0.17929770193316275f,0.07024337135815828f,0.16053613733374272f,0.14953134655150152f,-1.1484006665728725f,0.5767144540577345f,0f,0f,0f,1f], start_interpolation: 0, interpolation_duration: 1 }
$data merge entity $(bone_left_wing2) { transformation: [-0.8020356355341778f,0.1270397379767843f,0.5836092393957428f,0.8674299666141596f,0.1843602108678093f,0.982061237730611f,0.03958583074532058f,0.2620434410818255f,-0.5681110384265246f,0.13934356935937248f,-0.811069181818743f,-0.2942632345564111f,0f,0f,0f,1f], start_interpolation: 0, interpolation_duration: 1 }
$data merge entity $(bone_left_wing1) { transformation: [-1.0324548323695528f,0.07670474933165435f,-0.3190055041184048f,0.28583490086849844f,0.06758083191495086f,1.0804431267503236f,0.04106814004527095f,0.29545401363278945f,0.3210622391150237f,0.019239085192984094f,-1.0344853828481555f,0.14821519784692827f,0f,0f,0f,1f], start_interpolation: 0, interpolation_duration: 1 }
$data merge entity $(bone_beak_down) { transformation: [-0.35537833027239524f,0.7507909278953802f,0.721123585082889f,0.06315397187656674f,0.44837240734019f,0.7980770000637842f,-0.6099469536813459f,1.5183932176974284f,-0.9395043516177914f,0.09688180716308403f,-0.5638665522373604f,1.0625278659404906f,0f,0f,0f,1f], start_interpolation: 0, interpolation_duration: 1 }
$data merge entity $(bone_beak_up) { transformation: [-0.35537833027239524f,0.9344201323434597f,-0.4588739027707238f,0.16052914598304316f,0.44837240734019f,-0.3002042414984697f,-0.9585612122980418f,1.5389522276993823f,-0.9395043516177914f,-0.49672570867387156f,-0.28389283829232614f,1.035506241258156f,0f,0f,0f,1f], start_interpolation: 0, interpolation_duration: 1 }
$data merge entity $(bone_head) { transformation: [-0.35537833027239524f,1.0386685238024151f,0.06981360923857238f,0.19543595060232935f,0.44837240734019f,0.21929610668750749f,-0.9802404816817475f,1.0488319868585085f,-0.9395043516177914f,-0.28823066327823804f,-0.49422126425055785f,0.788395609132877f,0f,0f,0f,1f], start_interpolation: 0, interpolation_duration: 1 }
$data merge entity $(bone_neck2) { transformation: [-0.44785097829305665f,0.643584927272931f,-0.6206673365250085f,-0.19248113472580095f,0.7352196356689228f,-0.129949686619039f,-0.6652557149506272f,0.6330471650143665f,-0.5088040768004995f,-0.7542622357872025f,-0.41497818147040166f,0.5290342457138759f,0f,0f,0f,1f], start_interpolation: 0, interpolation_duration: 1 }
$data merge entity $(bone_neck1) { transformation: [-0.6412661916493798f,0.7510426005756838f,-0.15720268308147484f,-0.28090764395913054f,0.7124041732034659f,0.5066343285723239f,-0.48559443068712876f,0.35990029775285665f,-0.285057828255579f,-0.4233871387189083f,-0.8599333493461156f,0.04532173670668593f,0f,0f,0f,1f], start_interpolation: 0, interpolation_duration: 1 }
$data merge entity $(bone_body3) { transformation: [-0.8987358805223751f,0.21554221032749465f,0.38185779110659673f,-0.02877513637203914f,0.21089210872561892f,0.9759861377900537f,-0.054548852590279126f,0.38680639849581056f,-0.3844454909853059f,0.03150578373556731f,-0.9226099121797221f,-0.5293403469221674f,0f,0f,0f,1f], start_interpolation: 0, interpolation_duration: 1 }
$data merge entity $(bone_body2) { transformation: [-0.9857593655790955f,0.12259827731835334f,0.11510054548815693f,9.497185941415759e-17f,0.10725478755189544f,0.9855404167262029f,-0.13117353981020785f,0.3540130135432586f,-0.12951788957629337f,-0.11696046083063516f,-0.9846549481325874f,-0.7755040839553142f,0f,0f,0f,1f], start_interpolation: 0, interpolation_duration: 1 }
$data merge entity $(bone_tail2) { transformation: [-0.6374451383440087f,0.10199885132069025f,-0.7637145605072928f,-0.2789301997273237f,0.2881076869846311f,0.9508501377994169f,-0.11348117089277665f,-0.17994397352845978f,0.7146031460201905f,-0.2923700562234263f,-0.6355014507630622f,-2.378300146879986f,0f,0f,0f,1f], start_interpolation: 0, interpolation_duration: 1 }
$data merge entity $(bone_tail1) { transformation: [-0.9216985162937497f,0.11025914143926135f,-0.3719069329697652f,2.142469151333625e-16f,0.2657516365797138f,0.8778939459045663f,-0.3983444331220334f,0.11881435131306525f,0.28257372970094763f,-0.46598834907451f,-0.8384550946888618f,-1.7494588258633392f,0f,0f,0f,1f], start_interpolation: 0, interpolation_duration: 1 }
$data merge entity $(bone_body1) { transformation: [-1f,2.1265768495757713e-17f,1.2060416625018976e-16f,1.2246467991473532e-16f,0f,0.984807753012208f,-0.17364817766693033f,0.1875f,-1.2246467991473532e-16f,-0.17364817766693033f,-0.984807753012208f,-1f,0f,0f,0f,1f], start_interpolation: 0, interpolation_duration: 1 }