# This file was generated by Animated Java via MC-Build. It is not recommended to edit this file directly.
$data merge entity $(bone_left_leg4) { transformation: [-0.8106747272622181f,0.0044796626303678574f,-0.3908790339747666f,1.160945473050718f,-0.1903520897216116f,0.781510057108498f,0.40374263160692825f,-0.7391778976654051f,0.34142725215914477f,0.44634287634170916f,-0.7029974880624154f,-1.5265762900511666f,0f,0f,0f,1f], start_interpolation: 0, interpolation_duration: 1 }
$data merge entity $(bone_left_leg3) { transformation: [-0.6492411408822356f,-0.7473495778906618f,0.14126057274619466f,0.5916045038360844f,-0.7514453738267697f,0.6589835706811017f,0.032718553249368815f,-0.24698512923266439f,-0.11754059358485373f,-0.08490737305461149f,-0.9894316281889747f,-1.5284173430803143f,0f,0f,0f,1f], start_interpolation: 0, interpolation_duration: 1 }
$data merge entity $(bone_left_leg2) { transformation: [-0.8043850848694665f,-0.041092128163997155f,-0.5926854749717552f,0.5710584397540859f,-0.5935271464631225f,0.09969492075298575f,0.7986153324269445f,-0.1971376688561715f,0.02627092786493368f,0.9941691806624311f,-0.10458240086221932f,-1.0313327527490987f,0f,0f,0f,1f], start_interpolation: 0, interpolation_duration: 1 }
$data merge entity $(bone_left_leg1) { transformation: [-0.7964566637208459f,-0.4792242957717559f,0.36878294043613796f,0.3125000000000001f,-0.588730299930373f,0.7537451378524678f,-0.2920015429884875f,-0.07465145368978901f,-0.1380341144737512f,-0.4496802658621223f,-0.8824592011734131f,-0.9674409666874505f,0f,0f,0f,1f], start_interpolation: 0, interpolation_duration: 1 }
$data merge entity $(bone_right_leg4) { transformation: [-0.8007037978942075f,0.14434654297403626f,0.3847564210890274f,-1.1343668193970857f,0.15283469571559774f,0.8868073468125465f,-0.014638491206831708f,-0.6167482092792869f,-0.3814642628390149f,0.05231448337445874f,-0.8134790784070298f,-1.909778909455882f,0f,0f,0f,1f], start_interpolation: 0, interpolation_duration: 1 }
$data merge entity $(bone_right_leg3) { transformation: [-0.46779515644406355f,0.7932645662752789f,0.3897422475169555f,-0.5637772851604362f,0.8577598093918831f,0.51379490553793f,-0.016214328085673968f,-0.2303886346204848f,-0.2131098331834419f,0.32672025179863484f,-0.9207812313818969f,-1.607189893645537f,0f,0f,0f,1f], start_interpolation: 0, interpolation_duration: 1 }
$data merge entity $(bone_right_leg2) { transformation: [-0.47841311929435026f,0.009284311616603286f,0.8780858094997638f,-0.5591351293521346f,0.8546228248840442f,0.23476440944607968f,0.4631473839337211f,-0.11300642989744496f,-0.2018432918733396f,0.9720079596460305f,-0.12024895804328022f,-1.121185913822522f,0f,0f,0f,1f], start_interpolation: 0, interpolation_duration: 1 }
$data merge entity $(bone_right_leg1) { transformation: [-0.7262348817159359f,0.6677171506578685f,-0.16351361807622622f,-0.3124999999999999f,0.6615397527369455f,0.7434915781212565f,0.09790520318912788f,-0.07465145368978901f,0.186943981255834f,-0.03706858481383905f,-0.9816709570381095f,-0.9674409666874506f,0f,0f,0f,1f], start_interpolation: 0, interpolation_duration: 1 }
$data merge entity $(bone_right_wing3) { transformation: [-1.1494519254078577f,-0.01778153580732271f,0.21307194591748735f,-1.8300859502939857f,-0.030419868207204208f,1.1668666604948346f,-0.06672626334848401f,-0.09417688522111878f,-0.21163758827530604f,-0.07114477905319418f,-1.1476513048914496f,-0.0332336249798274f,0f,0f,0f,1f], start_interpolation: 0, interpolation_duration: 1 }
$data merge entity $(bone_right_wing2) { transformation: [-0.817686564141338f,-0.39075869667125407f,-0.4227248795594091f,-1.222460426167783f,-0.39712103233660156f,0.9145136990498965f,-0.07719831556444215f,0.25296728302664995f,0.4167536064614749f,0.10474891515361065f,-0.9029640614528888f,-0.7972810561036567f,0f,0f,0f,1f], start_interpolation: 0, interpolation_duration: 1 }
$data merge entity $(bone_right_wing1) { transformation: [-0.9368400232413129f,-0.3110880649518375f,0.4462802906345394f,-0.7309150938726127f,-0.294681293559773f,1.0372409956624031f,0.10442778966499439f,0.41587784478612255f,-0.45727980186125244f,-0.031087680403961752f,-0.9816006571146669f,-0.2805610302037079f,0f,0f,0f,1f], start_interpolation: 0, interpolation_duration: 1 }
$data merge entity $(bone_left_wing3) { transformation: [-1.1361529481180772f,0.24937416168241835f,-0.11800242346814657f,1.3874126926963857f,0.22057186470784815f,1.1214554406519848f,0.24625456971988863f,-0.06960910281936067f,0.16571088364518335f,0.21703867879669697f,-1.1368331807808385f,0.5710871623843368f,0f,0f,0f,1f], start_interpolation: 0, interpolation_duration: 1 }
$data merge entity $(bone_left_wing2) { transformation: [-0.7994073136360051f,0.10664049368323478f,0.5912493145977105f,0.8656726309423881f,0.2035727293645372f,0.9739834199842338f,0.09957128830585876f,0.164871990730469f,-0.5652486981535993f,0.19996025280743046f,-0.8003185656554829f,-0.2927949203408524f,0f,0f,0f,1f], start_interpolation: 0, interpolation_duration: 1 }
$data merge entity $(bone_left_wing1) { transformation: [-1.036248194025439f,0.06510409454365715f,-0.30913144188803926f,0.2793916097850225f,0.03573388623813988f,1.0774313067626182f,0.10712599914692797f,0.1628278802707667f,0.31388513960435804f,0.09227322034349118f,-1.0327501551944231f,0.14472837714524167f,0f,0f,0f,1f], start_interpolation: 0, interpolation_duration: 1 }
$data merge entity $(bone_beak_down) { transformation: [-0.31658582706321414f,0.8626250963002399f,0.6046911255638725f,0.2675846145441778f,0.7064069933884999f,0.6422459745955843f,-0.5463600166626286f,1.0786328171733268f,-0.7815130029593371f,0.2310801838080666f,-0.7388094306766188f,1.2563870085306652f,0f,0f,0f,1f], start_interpolation: 0, interpolation_duration: 1 }
$data merge entity $(bone_beak_up) { transformation: [-0.31658582706321414f,0.8632589476200231f,-0.6037858920649533f,0.36597496998626877f,0.7064069933884999f,-0.29374941566882234f,-0.7903799342632915f,1.0918323963122905f,-0.7815130029593371f,-0.6152196925880998f,-0.46983205090466446f,1.2284607719146574f,0f,0f,0f,1f], start_interpolation: 0, interpolation_duration: 1 }
$data merge entity $(bone_head) { transformation: [-0.31658582706321414f,1.0494971247156366f,-0.09126444716488724f,0.32034274640382515f,0.7064069933884999f,0.1407955108156109f,-0.8313638095478962f,0.6761504915383423f,-0.7815130029593371f,-0.2978798572374152f,-0.7144963378896328f,0.871212602969841f,0f,0f,0f,1f], start_interpolation: 0, interpolation_duration: 1 }
$data merge entity $(bone_neck2) { transformation: [-0.34262356941552f,0.57546733875916f,-0.7425943924528509f,-0.14377874887920666f,0.8965899950519127f,-0.03579313837984527f,-0.4414127682993912f,0.40026751135122274f,-0.28059841491672644f,-0.8170411209152031f,-0.5036946855783264f,0.556403424483387f,0f,0f,0f,1f], start_interpolation: 0, interpolation_duration: 1 }
$data merge entity $(bone_neck1) { transformation: [-0.6095395727510975f,0.7506140095806013f,-0.2550296411630272f,-0.28723292203340944f,0.7870200931820152f,0.5343342985754872f,-0.30836055242785815f,0.22681470061055253f,-0.09518866622755953f,-0.38867141133247085f,-0.9164462078238109f,0.040902432582493375f,0f,0f,0f,1f], start_interpolation: 0, interpolation_duration: 1 }
$data merge entity $(bone_body3) { transformation: [-0.8980504032512312f,0.20205399641447827f,0.39074244170967554f,-0.030390521188957346f,0.2249333017914274f,0.9742852528351037f,0.013162668925584833f,0.295934196991237f,-0.37803502875462186f,0.09971172770028555f,-0.9204059367439545f,-0.5281192949012103f,0f,0f,0f,1f], start_interpolation: 0, interpolation_duration: 1 }
$data merge entity $(bone_body2) { transformation: [-0.9857593655790955f,0.11619437474729843f,0.12156208475582976f,9.497185941415759e-17f,0.10725478755189549f,0.991191955517637f,-0.07768473379191387f,0.2765130135432586f,-0.1295178895762934f,-0.06354033832304593f,-0.9895391562164156f,-0.7755040839553142f,0f,0f,0f,1f], start_interpolation: 0, interpolation_duration: 1 }
$data merge entity $(bone_tail2) { transformation: [-0.6522349098082999f,0.09368476444683893f,-0.75220528271071f,-0.26614338321559794f,0.2592742200142808f,0.9600523358517636f,-0.10524443577481224f,-0.21986217637617536f,0.7122966385315497f,-0.263671533040851f,-0.6504696929146987f,-2.4001926585128692f,0f,0f,0f,1f], start_interpolation: 0, interpolation_duration: 1 }
$data merge entity $(bone_tail1) { transformation: [-0.9252706822998217f,0.13397788931042368f,-0.3548578442874642f,2.142469151333625e-16f,0.2638039853827733f,0.8995218642153144f,-0.34823537025232076f,0.04131435131306524f,0.2725465497352477f,-0.4158248922016686f,-0.8676451101993735f,-1.7494588258633392f,0f,0f,0f,1f], start_interpolation: 0, interpolation_duration: 1 }
$data merge entity $(bone_body1) { transformation: [-1f,2.1265768495757713e-17f,1.2060416625018976e-16f,1.2246467991473532e-16f,0f,0.984807753012208f,-0.17364817766693033f,0.10999999999999999f,-1.2246467991473532e-16f,-0.17364817766693033f,-0.984807753012208f,-1f,0f,0f,0f,1f], start_interpolation: 0, interpolation_duration: 1 }