# This file was generated by Animated Java via MC-Build. It is not recommended to edit this file directly.
$data merge entity $(bone_left_leg4) { transformation: [-0.7856382412616166f,0.012513041529744535f,-0.4388803682770844f,1.1809519508133612f,-0.21720544449864865f,0.7707593894487674f,0.4107940584486439f,-0.7060361651892582f,0.3815682753420398f,0.4645141411929654f,-0.6698001671276761f,-1.5722136578752783f,0f,0f,0f,1f], start_interpolation: 0, interpolation_duration: 1 }
$data merge entity $(bone_left_leg3) { transformation: [-0.6115552531279042f,-0.7837017778281353f,0.10868162586511743f,0.5863830158256901f,-0.7800773274884555f,0.6201945459664688f,0.08269273421477122f,-0.2460585516028297f,-0.1322101944258998f,-0.03420889624740816f,-0.9906312209431921f,-1.535955878751885f,0f,0f,0f,1f], start_interpolation: 0, interpolation_duration: 1 }
$data merge entity $(bone_left_leg2) { transformation: [-0.7818910564262362f,-0.025344414810415605f,-0.6228997002074912f,0.5737108084204823f,-0.6230530332576247f,0.06581677785522269f,0.779405587291514f,-0.21315016267521836f,0.021243672684769482f,0.997509805661415f,-0.06725246449155992f,-1.0372009759211775f,0f,0f,0f,1f], start_interpolation: 0, interpolation_duration: 1 }
$data merge entity $(bone_left_leg1) { transformation: [-0.7794036709832879f,-0.5109555882455211f,0.36256627600819186f,0.3125000000000001f,-0.6125515342211438f,0.7429894681475061f,-0.2697170149345586f,-0.09983663887497421f,-0.13156950855383504f,-0.43230896019231374f,-0.8920753484747477f,-0.9674409666874505f,0f,0f,0f,1f], start_interpolation: 0, interpolation_duration: 1 }
$data merge entity $(bone_right_leg4) { transformation: [-0.7918290686756743f,0.15661492517742978f,0.39809357092508074f,-1.1500978086957323f,0.16190373342274172f,0.8849325039716446f,-0.026108322777477336f,-0.5996371131907213f,-0.39597210394672f,0.04864389608309754f,-0.8067464683962768f,-1.926384469725122f,0f,0f,0f,1f], start_interpolation: 0, interpolation_duration: 1 }
$data merge entity $(bone_right_leg3) { transformation: [-0.42510768798276083f,0.8096087383085839f,0.40474330689010096f,-0.5681877116449257f,0.8794110746188201f,0.47529287412380405f,-0.02707112197353037f,-0.24147551247452265f,-0.2142886265197567f,0.34442760438373177f,-0.9140295454101907f,-1.6109369198491863f,0f,0f,0f,1f], start_interpolation: 0, interpolation_duration: 1 }
$data merge entity $(bone_right_leg2) { transformation: [-0.4385406650399114f,0.018950710427139014f,0.8985115222859743f,-0.5587123564313562f,0.8773750841591306f,0.22558586041840575f,0.42346662356795745f,-0.12868258226531978f,-0.1946665014919384f,0.974038957205303f,-0.11555545440737469f,-1.123917441246535f,0f,0f,0f,1f], start_interpolation: 0, interpolation_duration: 1 }
$data merge entity $(bone_right_leg1) { transformation: [-0.7091807806721253f,0.6884751697909217f,-0.15187021072822854f,-0.3124999999999999f,0.6783849525236331f,0.725018984362168f,0.11891731793123628f,-0.09983663887497421f,0.19198040659083754f,-0.018692589328713982f,-0.9812207247043881f,-0.9674409666874506f,0f,0f,0f,1f], start_interpolation: 0, interpolation_duration: 1 }
$data merge entity $(bone_right_wing3) { transformation: [-1.149409481133471f,-0.002051460619408325f,0.2140308439603355f,-1.8267032023081873f,-0.013250161985531902f,1.1675547200903997f,-0.059966447106256635f,-0.14994719863984363f,-0.21363015672981125f,-0.06137860441975946f,-1.1478459779219692f,-0.04750995359620869f,0f,0f,0f,1f], start_interpolation: 0, interpolation_duration: 1 }
$data merge entity $(bone_right_wing2) { transformation: [-0.8146966397803206f,-0.4022683709385207f,-0.4176715729770499f,-1.2198745440394956f,-0.4147455423019708f,0.9076026810712842f,-0.06514221713190843f,0.2188931206568845f,0.40528449300620734f,0.12015627763327794f,-0.9062598681802128f,-0.8019648074409615f,0f,0f,0f,1f], start_interpolation: 0, interpolation_duration: 1 }
$data merge entity $(bone_right_wing1) { transformation: [-0.9311271715544444f,-0.32347546204063965f,0.4494184319336781f,-0.7326788617684855f,-0.29719578905538446f,1.0338311583704944f,0.12837020706215213f,0.37787424669692027f,-0.46721297549605667f,-0.01295656401315969f,-0.9773204561903969f,-0.27992877540914174f,0f,0f,0f,1f], start_interpolation: 0, interpolation_duration: 1 }
$data merge entity $(bone_left_wing3) { transformation: [-1.136340763316212f,0.24969246789923388f,-0.11549418633368949f,1.3850848272926073f,0.21820246185979403f,1.1169476491340495f,0.26790147574958845f,-0.11502443432302917f,0.16754975750748222f,0.23882459367676578f,-1.132186141140614f,0.5685133219330492f,0f,0f,0f,1f], start_interpolation: 0, interpolation_duration: 1 }
$data merge entity $(bone_left_wing2) { transformation: [-0.7985459225110242f,0.09991603484056658f,0.5935833518746598f,0.8651139815983679f,0.20982392409112946f,0.9704805721970728f,0.1189175338923648f,0.1332742414701018f,-0.5641793425144326f,0.21950909997032125f,-0.7959380783140121f,-0.2925699582160868f,0f,0f,0f,1f], start_interpolation: 0, interpolation_duration: 1 }
$data merge entity $(bone_left_wing1) { transformation: [-1.0373867762453277f,0.06119019541889002f,-0.30609728448164164f,0.2774102084769042f,0.025488591487404403f,1.0753726422692869f,0.12858896948755486f,0.11977531618613424f,0.311111104408739f,0.11593339188724344f,-1.0312033943263592f,0.14283594904169594f,0f,0f,0f,1f], start_interpolation: 0, interpolation_duration: 1 }
$data merge entity $(bone_beak_down) { transformation: [-0.29548998707465524f,0.8947029601686403f,0.5676198380994919f,0.32644619692165705f,0.7793307400318121f,0.5827611847168639f,-0.5128674285123453f,0.9216216115025722f,-0.7178643779852073f,0.2643785442369906f,-0.790426922724069f,1.2999252860947177f,0f,0f,0f,1f], start_interpolation: 0, interpolation_duration: 1 }
$data merge entity $(bone_beak_up) { transformation: [-0.29548998707465524f,0.839394607944563f,-0.6466083510844984f,0.42490631221746206f,0.7793307400318121f,-0.28262167409299693f,-0.7230273763657502f,0.9325674995111584f,-0.7178643779852073f,-0.6523355589621538f,-0.5187764965121743f,1.2712798875699933f,0f,0f,0f,1f], start_interpolation: 0, interpolation_duration: 1 }
$data merge entity $(bone_head) { transformation: [-0.29548998707465524f,1.05024122982192f,-0.1402819543660615f,0.3547653350344313f,0.7793307400318121f,0.11675613875825333f,-0.7674709126108505f,0.5488320432057331f,-0.7178643779852073f,-0.30555091759705966f,-0.775441404346909f,0.8835591853965388f,0f,0f,0f,1f], start_interpolation: 0, interpolation_duration: 1 }
$data merge entity $(bone_neck2) { transformation: [-0.3019706597687922f,0.5551392995602331f,-0.7750058572182368f,-0.12961332572696668f,0.9320939489973471f,0.0013455538221725516f,-0.3622141075765029f,0.3224482259704188f,-0.20003647387746873f,-0.8317563029930614f,-0.5178482997461548f,0.5599039980551921f,0f,0f,0f,1f], start_interpolation: 0, interpolation_duration: 1 }
$data merge entity $(bone_neck1) { transformation: [-0.5971925618057329f,0.7502692278059647f,-0.28364966055214536f,-0.28916625978754845f,0.8015123273042124f,0.5446859272424478f,-0.24676958857083633f,0.18364033239932334f,-0.030643650293186164f,-0.37471766234256443f,-0.9266324191529416f,0.03867326228166246f,0f,0f,0f,1f], start_interpolation: 0, interpolation_duration: 1 }
$data merge entity $(bone_body3) { transformation: [-0.8978569513292353f,0.1975598098304641f,0.39347556021882996f,-0.03089654653637567f,0.22942127156514314f,0.972693081023635f,0.03512905182581391f,0.2663893073544342f,-0.37579086617852236f,0.12181252673062304f,-0.918663667088395f,-0.5278782467279204f,0f,0f,0f,1f], start_interpolation: 0, interpolation_duration: 1 }
$data merge entity $(bone_body2) { transformation: [-0.9857593655790955f,0.11403915015076281f,0.12358618614550305f,9.497185941415759e-17f,0.10725478755189546f,0.9924045748354209f,-0.06024591598544346f,0.2513278283580734f,-0.1295178895762934f,-0.046132765781157284f,-0.9905033489095754f,-0.7755040839553142f,0f,0f,0f,1f], start_interpolation: 0, interpolation_duration: 1 }
$data merge entity $(bone_tail2) { transformation: [-0.657126950571613f,0.09081379532573232f,-0.7482893995046227f,-0.26173931499166303f,0.24986155440605104f,0.9628336094332977f,-0.102570191456582f,-0.2326344514747683f,0.7111633950522516f,-0.2543703896372058f,-0.6553947897363628f,-2.4068089559652037f,0f,0f,0f,1f], start_interpolation: 0, interpolation_duration: 1 }
$data merge entity $(bone_tail1) { transformation: [-0.9264085402336728f,0.14133704595837382f,-0.3489857533222177f,2.142469151333625e-16f,0.26316295334349954f,0.9059417408791091f,-0.3316848234701978f,0.01612916612788004f,0.2692814077682347f,-0.39911577464777026f,-0.8764668401358193f,-1.7494588258633392f,0f,0f,0f,1f], start_interpolation: 0, interpolation_duration: 1 }
$data merge entity $(bone_body1) { transformation: [-1f,2.1265768495757713e-17f,1.2060416625018976e-16f,1.2246467991473532e-16f,0f,0.984807753012208f,-0.17364817766693033f,0.08481481481481479f,-1.2246467991473532e-16f,-0.17364817766693033f,-0.984807753012208f,-1f,0f,0f,0f,1f], start_interpolation: 0, interpolation_duration: 1 }