# This file was generated by Animated Java via MC-Build. It is not recommended to edit this file directly.
$data merge entity $(bone_jaw) { transformation: [-0.9993707973641288f,0.01624538874218308f,0.0315292993959789f,-0.9963441266561481f,0.028391170522903936f,0.8992150974160241f,0.4365846424411078f,1.6297109644155874f,-0.02125913479249153f,0.43720509594892176f,-0.8991105345085048f,1.8179545695572976f,0f,0f,0f,1f], start_interpolation: 0, interpolation_duration: 1 }
$data merge entity $(bone_head) { transformation: [-1.124292147034645f,0.029305493348848348f,0.02708054976933935f,-0.990326226707406f,0.03194006683826693f,1.1185948502129397f,0.11554390164547086f,1.6553873870034699f,-0.02391652664155297f,0.11624004962435194f,-1.1187230446436385f,1.5693494485253778f,0f,0f,0f,1f], start_interpolation: 0, interpolation_duration: 1 }
$data merge entity $(bone_neck) { transformation: [-0.8120430065332417f,0.2828253283695821f,0.5104860322997016f,-0.4700367335899585f,0.03796355305776761f,0.8984697695744006f,-0.43739094846619037f,0.3264013346730058f,-0.5823615064370962f,-0.33580039725045235f,-0.7403331473240642f,1.6157974416217293f,0f,0f,0f,1f], start_interpolation: 0, interpolation_duration: 1 }
$data merge entity $(bone_right_arm2) { transformation: [-0.4739607481432231f,0.6602599879129751f,-0.5825958784446337f,-1.727111879427726f,-0.2876614663686271f,-0.7414294523658891f,-0.6062452044602652f,1.3357589404234542f,-0.8322331944750628f,-0.11974604597052674f,0.5413398142463353f,0.19376950679509292f,0f,0f,0f,1f], start_interpolation: 0, interpolation_duration: 1 }
$data merge entity $(bone_right_arm1) { transformation: [-0.5381429327876178f,0.7496701946095238f,-0.6614890703173444f,-1.1129425779278748f,-0.326615623272712f,-0.8418313573737698f,-0.6883409092309261f,0.03573341436698857f,-0.9449314395602275f,-0.13596165636236887f,0.6146462474255264f,0.6688468170265892f,0f,0f,0f,1f], start_interpolation: 0, interpolation_duration: 1 }
$data merge entity $(bone_left_arm2) { transformation: [-0.8274086328083233f,-0.23409178794047744f,0.5104860322997016f,0.015457326640455071f,-0.4842431665058863f,0.7577583479528279f,-0.43739094846619037f,-0.5495011479074912f,-0.2844354233329841f,-0.6091004194109799f,-0.7403331473240642f,2.7213129208220854f,0f,0f,0f,1f], start_interpolation: 0, interpolation_duration: 1 }
$data merge entity $(bone_left_arm1) { transformation: [-0.9394535518344503f,-0.26579171755741704f,0.5796143491736194f,-0.19939419557797788f,-0.549817761970225f,0.86037145757144f,-0.4966209727376536f,-0.006975582822999982f,-0.322952720242659f,-0.6915827678728833f,-0.8405865943575311f,1.3240035117683224f,0f,0f,0f,1f], start_interpolation: 0, interpolation_duration: 1 }
$data merge entity $(bone_body2) { transformation: [-1.2857347603442995f,0.447806769918505f,0.8082695511411943f,0.2461103548177636f,0.06010895900813205f,1.4225771351594678f,-0.6925356684048015f,-0.3585025143455429f,-0.922072385192069f,-0.5316839623132162f,-1.1721941499297683f,0.5725560671715404f,0f,0f,0f,1f], start_interpolation: 0, interpolation_duration: 1 }
$data merge entity $(bone_right_leg2) { transformation: [-0.9396926207859084f,0f,0.3420201433256689f,-0.756501937858566f,0f,0.9999999999999999f,-2.7755575615628914e-17f,-2.530743224334978f,-0.34202014332566877f,-5.551115123125783e-17f,-0.9396926207859083f,-1.058495898477246f,0f,0f,0f,1f], start_interpolation: 0, interpolation_duration: 1 }
$data merge entity $(bone_right_leg1) { transformation: [-1.252923494381211f,-0.03974535950161223f,0.45429153789548027f,-0.5534422499707792f,0f,1.3282595974556606f,0.11620765699687752f,-1.125949515436737f,-0.45602685776755836f,0.10919947775878572f,-1.2481557422171454f,-0.5199711556892858f,0f,0f,0f,1f], start_interpolation: 0, interpolation_duration: 1 }
$data merge entity $(bone_left_leg2) { transformation: [-0.9816387258473567f,0.004550639068508694f,0.19069531614815965f,0.7995355505315648f,-0.0027458784186222135f,0.9992746888116559f,-0.03798100119899683f,-2.5062308464011425f,-0.19072984052970976f,-0.03780724777653366f,-0.9809142367949786f,0.5139350386721605f,0f,0f,0f,1f], start_interpolation: 0, interpolation_duration: 1 }
$data merge entity $(bone_left_leg1) { transformation: [-1.252923494381211f,0.24502305207414182f,0.38460915090208836f,0.6211735260116064f,0f,1.124521927750514f,-0.716399477795765f,-1.125949515436737f,-0.45602685776755836f,-0.6731953028195586f,-1.0567049574191025f,-0.09244597653219977f,0f,0f,0f,1f], start_interpolation: 0, interpolation_duration: 1 }
$data merge entity $(bone_tail3) { transformation: [-0.3865143655830219f,0.05939117461388471f,0.9203691289781168f,2.595427815321159f,-0.12802686597220567f,0.984807753012208f,-0.11731500840208253f,-1.0900259652809434f,-0.9133541299995798f,-0.16317591116653482f,-0.3730386779245313f,-2.6042684945259937f,0f,0f,0f,1f], start_interpolation: 0, interpolation_duration: 1 }
$data merge entity $(bone_tail2) { transformation: [-0.5958763136071586f,0.09156139419640559f,1.4189024071745966f,0.810285557549209f,-0.19737475170715038f,1.5182452858938205f,-0.18086063795321056f,-1.0707151364633534f,-1.4080876170826853f,-0.2515628630484078f,-0.5751012951336524f,-1.9883947563237196f,0f,0f,0f,1f], start_interpolation: 0, interpolation_duration: 1 }
$data merge entity $(bone_tail1) { transformation: [-0.8204968821509646f,0.05939117461388471f,0.5685574331222214f,0.3087553951257193f,-0.044943455527547777f,0.984807753012208f,-0.16773125949652062f,-0.8868827413073568f,-0.5698815246924482f,-0.16317591116653482f,-0.805362446249626f,-1.0614619665969358f,0f,0f,0f,1f], start_interpolation: 0, interpolation_duration: 1 }
$data merge entity $(bone_body1) { transformation: [-1.252923494381211f,0.07918823281851295f,0.449098785111287f,0.5f,0f,1.3130770040162774f,-0.2315309035559071f,-1.1875f,-0.45602685776755836f,-0.21756788155537976f,-1.2338887711977644f,-0.12499999999999994f,0f,0f,0f,1f], start_interpolation: 0, interpolation_duration: 1 }
data modify entity @s data merge value {"locators":{"head":{"posx":-1.0141294312815827,"posy":1.0018502753169836,"posz":1.8155280444684152,"roty":1.3866687225176975,"rotx":5.894997589525673},"neck":{"posx":-1.0459284890326355,"posy":0.06313081616976318,"posz":1.5430834807876088,"roty":34.58764414858655,"rotx":-25.93753150679205},"right_arm":{"posx":-2.1256964748773357,"posy":2.3623321533714368,"posz":-0.009168929012239396,"roty":227.10219995641089,"rotx":-37.31849917924455},"left_arm":{"posx":0.046019137981601954,"posy":-1.0582988237206061,"posz":3.718357127853409,"roty":34.58764414858655,"rotx":-25.93753150679205},"tail1":{"posx":1.4468102484591285,"posy":-1.8739716612524155,"posz":-2.0083076477719866,"roty":67.93658859901645,"rotx":-6.737169277744779},"tail2":{"posx":3.035184533690626,"posy":-2.4485758333356378,"posz":-2.5999343674524655,"roty":67.93658859901645,"rotx":-6.737169277744779}},"cameras":{}}