# This file was generated by Animated Java via MC-Build. It is not recommended to edit this file directly.
$data merge entity $(bone_jaw) { transformation: [-0.9989269263770659f,0.0256481552852183f,0.03856381580359157f,-1.0071045834832204f,0.040336280830643806f,0.8909676421338348f,0.4522716496965363f,1.6614891497784252f,-0.022759178535690927f,0.45334184982300096f,-0.8910461194525461f,1.7478576402454564f,0f,0f,0f,1f], start_interpolation: 0, interpolation_duration: 1 }
$data merge entity $(bone_head) { transformation: [-1.1237927921741993f,0.04237770389796823f,0.030313206192243237f,-1.0003683154404996f,0.04537831593447428f,1.117684433255995f,0.11978028260184007f,1.688106990356612f,-0.025604075852652293f,0.12087447153787989f,-1.1181944345372905f,1.4993699881260585f,0f,0f,0f,1f], start_interpolation: 0, interpolation_duration: 1 }
$data merge entity $(bone_neck) { transformation: [-0.7972320842446248f,0.30038194528133183f,0.5236331643431062f,-0.4954561441508285f,0.037318066018395185f,0.8902760805518959f,-0.4538897028417819f,0.3547442382020771f,-0.6025183530811474f,-0.34231445681735007f,-0.7209663285162662f,1.5785531331156002f,0f,0f,0f,1f], start_interpolation: 0, interpolation_duration: 1 }
$data merge entity $(bone_right_arm2) { transformation: [-0.4393108917572061f,0.6132307002326596f,-0.6564709046680209f,-1.609072595419584f,-0.3067982538812648f,-0.7892437408941266f,-0.5319484456926737f,1.3618878338561031f,-0.8443226704281341f,-0.03228661877010491f,0.5348614796837573f,0.0314916111553043f,0f,0f,0f,1f], start_interpolation: 0, interpolation_duration: 1 }
$data merge entity $(bone_right_arm1) { transformation: [-0.4988009083493277f,0.6962723575558322f,-0.7453680063418153f,-1.1182463946493557f,-0.34834385076101937f,-0.8961204974735395f,-0.6039831310468899f,0.056165321856744055f,-0.9586580320486106f,-0.03665876506188995f,0.6072906383909327f,0.6206835258109167f,0f,0f,0f,1f], start_interpolation: 0, interpolation_duration: 1 }
$data merge entity $(bone_left_arm2) { transformation: [-0.8199659682181835f,-0.2312230960869666f,0.5236331643431062f,-0.021638421677712405f,-0.4981849460744064f,0.7387800059280435f,-0.4538897028417819f,-0.4877342938425304f,-0.28189992988445f,-0.6330402693959665f,-0.7209663285162662f,2.7131401055532374f,0f,0f,0f,1f], start_interpolation: 0, interpolation_duration: 1 }
$data merge entity $(bone_left_arm1) { transformation: [-0.9310030264143957f,-0.26253455701540995f,0.5945418220145685f,-0.22136029987415284f,-0.5656474908553155f,0.8388231317307993f,-0.5153539334349397f,0.014182497586049503f,-0.3200738787229692f,-0.7187644725433369f,-0.8185971855028438f,1.2985166730272075f,0f,0f,0f,1f], start_interpolation: 0, interpolation_duration: 1 }
$data merge entity $(bone_body2) { transformation: [-1.2622841333873227f,0.4756047466954421f,0.8290858435432517f,0.23849265801230346f,0.05908693786245905f,1.4096037942071686f,-0.7186586961661547f,-0.35336446466747784f,-0.9539873923784835f,-0.5419978899608043f,-1.141530020150755f,0.5635586894245519f,0f,0f,0f,1f], start_interpolation: 0, interpolation_duration: 1 }
$data merge entity $(bone_right_leg2) { transformation: [-0.9348489160900901f,-1.3877787807814457e-17f,0.35504577745015325f,-0.7415243808108184f,0f,1f,1.3877787807814457e-17f,-2.5292947793982274f,-0.35504577745015325f,0f,-0.9348489160900901f,-1.0808268253091142f,0f,0f,0f,1f], start_interpolation: 0, interpolation_duration: 1 }
$data merge entity $(bone_right_leg1) { transformation: [-1.2464652214534535f,-0.042897239174196584f,0.4714467693769922f,-0.5476999598344479f,0f,1.327847841939709f,0.12082171342037476f,-1.126026413889879f,-0.4733943699335377f,0.11295004783118481f,-1.2413371157699022f,-0.5349720019387398f,0f,0f,0f,1f], start_interpolation: 0, interpolation_duration: 1 }
$data merge entity $(bone_left_leg2) { transformation: [-0.9801583235215998f,0.008661675003110547f,0.19802685731351558f,0.7797592155352802f,0.0008628644415348552f,0.9992217650358334f,-0.039435006575750164f,-2.49446639199799f,-0.19821431910001489f,-0.038481679599705776f,-0.9794030038951805f,0.5466525466187504f,0f,0f,0f,1f], start_interpolation: 0, interpolation_duration: 1 }
$data merge entity $(bone_left_leg1) { transformation: [-1.2464652214534535f,0.26330537222506667f,0.39341137558818784f,0.6208611852781648f,0f,1.1080581732687158f,-0.7416096428918479f,-1.126026413889879f,-0.4733943699335377f,-0.6932929708194028f,-1.0358669822450242f,-0.09116478012604823f,0f,0f,0f,1f], start_interpolation: 0, interpolation_duration: 1 }
$data merge entity $(bone_tail3) { transformation: [-0.34337230227624355f,0.06408113227045702f,0.937010709926225f,2.657980465166234f,-0.13702030899162776f,0.9835773777619354f,-0.11747755904339263f,-1.1020439456617437f,-0.9291506320039561f,-0.1687280369170789f,-0.3289528121247149f,-2.5114529801446315f,0f,0f,0f,1f], start_interpolation: 0, interpolation_duration: 1 }
$data merge entity $(bone_tail2) { transformation: [-0.5293656326758754f,0.09879174558362122f,1.4445581778029302f,0.8461486339693212f,-0.21123964302875944f,1.5163484573829837f,-0.18111123685856362f,-1.0833218194096987f,-1.4324405576727655f,-0.26012239024716327f,-0.5071355853589354f,-1.9791737794893334f,0f,0f,0f,1f], start_interpolation: 0, interpolation_duration: 1 }
$data merge entity $(bone_tail1) { transformation: [-0.8065294979891343f,0.06408113227045702f,0.5877106238280292f,0.32252228340068195f,-0.048527987004001245f,0.9835773777619354f,-0.1738406639204258f,-0.8925501156187461f,-0.5891987808462731f,-0.1687280369170789f,-0.7901744403657806f,-1.0659635889949075f,0f,0f,0f,1f], start_interpolation: 0, interpolation_duration: 1 }
$data merge entity $(bone_body1) { transformation: [-1.2464652214534535f,0.08544150969394268f,0.4656199930264926f,0.5f,0f,1.3114365036825806f,-0.2406492771370539f,-1.1875f,-0.4733943699335377f,-0.22497071588943854f,-1.2259949939886379f,-0.12499999999999994f,0f,0f,0f,1f], start_interpolation: 0, interpolation_duration: 1 }
data modify entity @s data merge value {"locators":{"head":{"posx":-1.032331819326105,"posy":1.033898893380548,"posz":1.7428270690875949,"roty":1.5528547170895877,"rotx":6.111944661820547},"neck":{"posx":-1.0721695612965285,"posy":0.09628595385953648,"posz":1.495782668946066,"roty":35.99066052454182,"rotx":-26.99351848695873},"right_arm":{"posx":-1.9215247740530583,"posy":2.3979309067289876,"posz":-0.25642267681822783,"roty":230.82847899127626,"rotx":-32.13719822285931},"left_arm":{"posx":-0.0009840347486624879,"posy":-0.9684328892200326,"posz":3.724282284825115,"roty":35.99066052454182,"rotx":-26.99351848695873},"tail1":{"posx":1.4852041856252884,"posy":-1.8846431359495293,"posz":-1.9626389811367713,"roty":70.65554858259432,"rotx":-6.746547593116068},"tail2":{"posx":3.100942503394761,"posy":-2.4590703809361925,"posz":-2.4750333885111173,"roty":70.65554858259432,"rotx":-6.746547593116068}},"cameras":{}}