# This file was generated by Animated Java via MC-Build. It is not recommended to edit this file directly.
$data merge entity $(bone_jaw) { transformation: [-0.9990346776007174f,0.023656418360584016f,0.0370146838643744f,-1.0050523919515202f,0.037774954571419744f,0.8927322465897988f,0.44900132372394824f,1.6549225257608027f,-0.022422438724584326f,0.4499661206903023f,-0.8927640922844973f,1.762518207482101f,0f,0f,0f,1f], start_interpolation: 0, interpolation_duration: 1 }
$data merge entity $(bone_head) { transformation: [-1.1239140123008071f,0.039578514861417204f,0.02959449467833078f,-0.9984758375785578f,0.042496823892847216f,1.1178937842009526f,0.11888022208884749f,1.6813403528916577f,-0.025225243565157367f,0.11988339503967158f,-1.1183097328919391f,1.5140049335061145f,0f,0f,0f,1f], start_interpolation: 0, interpolation_duration: 1 }
$data merge entity $(bone_neck) { transformation: [-0.8003658436890347f,0.2966917357819616f,0.5209496426475656f,-0.49025630035122775f,0.037466946460726736f,0.8920117668609502f,-0.45045669681392764f,0.34884831121021875f,-0.5983399904559686f,-0.3410117618210438f,-0.7250518837440939f,1.5863952701268815f,0f,0f,0f,1f], start_interpolation: 0, interpolation_duration: 1 }
$data merge entity $(bone_right_arm2) { transformation: [-0.44656863839111316f,0.6238487200857556f,-0.6413963093539528f,-1.6346508368487243f,-0.30277509192327356f,-0.7799170468831782f,-0.5477742634442356f,1.357545836486219f,-0.8419641886187086f,-0.050419980448095814f,0.5371723472548199f,0.06451598528008895f,0f,0f,0f,1f], start_interpolation: 0, interpolation_duration: 1 }
$data merge entity $(bone_right_arm1) { transformation: [-0.5070414748399097f,0.708328234264035f,-0.7282520595789671f,-1.1172566549197895f,-0.3437758856212168f,-0.8855308136486084f,-0.6219520282856424f,0.05192712256015841f,-0.9559801724941586f,-0.05724768613377545f,0.6099144359455767f,0.6307595586229984f,0f,0f,0f,1f], start_interpolation: 0, interpolation_duration: 1 }
$data merge entity $(bone_left_arm2) { transformation: [-0.8214870780070593f,-0.23188456286005213f,0.5209496426475656f,-0.013934759458802404f,-0.4953295808407129f,0.7427902601943894f,-0.45045669681392764f,-0.5006559356409972f,-0.2825023663822789f,-0.628086123766123f,-0.7250518837440939f,2.715010244897526f,0f,0f,0f,1f], start_interpolation: 0, interpolation_duration: 1 }
$data merge entity $(bone_left_arm1) { transformation: [-0.9327301198205151f,-0.26328559741401747f,0.5914949067560901f,-0.2168450807696256f,-0.5624054615795594f,0.8433764412623795f,-0.5114560411741469f,0.009776807791840814f,-0.32075789516321246f,-0.7131394530261188f,-0.8232359930011065f,1.303892047885963f,0f,0f,0f,1f], start_interpolation: 0, interpolation_duration: 1 }
$data merge entity $(bone_body2) { transformation: [-1.267245919174305f,0.46976191498810593f,0.8248369341919789f,0.24006557746827512f,0.059322665229484005f,1.4123519641965046f,-0.7132231032887189f,-0.35443392588861156f,-0.9473716515552838f,-0.539935289549986f,-1.147998815928149f,0.5654464223585618f,0f,0f,0f,1f], start_interpolation: 0, interpolation_duration: 1 }
$data merge entity $(bone_right_leg2) { transformation: [-0.9358751835780664f,-2.7755575615628914e-17f,0.3523317197794154f,-0.7446827058184842f,-6.938893903907228e-18f,0.9999999999999999f,1.3877787807814457e-17f,-2.529598356390396f,-0.35233171977941546f,5.551115123125783e-17f,-0.9358751835780662f,-1.0761841409155508f,0f,0f,0f,1f], start_interpolation: 0, interpolation_duration: 1 }
$data merge entity $(bone_right_leg1) { transformation: [-1.2478335781040886f,-0.042229936500306625f,0.46787367055317974f,-0.5489165538020038f,-9.25185853854297e-18f,1.3279351369388535f,0.11985845761132585f,-1.126010112880849f,-0.46977562637255393f,0.11217255602038352f,-1.242781540062414f,-0.5318467855866656f,0f,0f,0f,1f], start_interpolation: 0, interpolation_duration: 1 }
$data merge entity $(bone_left_leg2) { transformation: [-0.9804745373531659f,0.00777970873293618f,0.19649213148145667f,0.7839509561437188f,0.0000859560038906082f,0.9992339781780398f,-0.03913373820700089f,-2.4969803099234116f,-0.19664606330577986f,-0.03835274418499096f,-0.9797241411743511f,0.5398772552709455f,0f,0f,0f,1f], start_interpolation: 0, interpolation_duration: 1 }
$data merge entity $(bone_left_leg1) { transformation: [-1.2478335781040886f,0.25944890277469124f,0.39163172239073557f,0.6209274256705792f,-9.25185853854297e-18f,1.1115426185184936f,-0.736376795529862f,-1.126010112880849f,-0.46977562637255393f,-0.6891567686991378f,-1.0402651521608397f,-0.0914321358623963f,0f,0f,0f,1f], start_interpolation: 0, interpolation_duration: 1 }
$data merge entity $(bone_tail3) { transformation: [-0.35243990704172223f,0.06308844357313544f,0.9337054997224454f,2.6452657719501205f,-0.13513044962704915f,0.9838381939064132f,-0.11748263614065829f,-1.099611774806682f,-0.9260269291483989f,-0.16757761335717275f,-0.33821867185816357f,-2.530993978430498f,0f,0f,0f,1f], start_interpolation: 0, interpolation_duration: 1 }
$data merge entity $(bone_tail2) { transformation: [-0.5433448566893218f,0.09726135050858378f,1.4394626454054367f,0.8386838884203572f,-0.20832610984170075f,1.5167505489390536f,-0.18111906405018152f,-1.0806927996037814f,-1.4276248491037815f,-0.25834882059230796f,-0.5214204524480022f,-1.9811665323355212f,0f,0f,0f,1f], start_interpolation: 0, interpolation_duration: 1 }
$data merge entity $(bone_tail1) { transformation: [-0.809483280748345f,0.06308844357313544f,0.5837436650417848f,0.319641654407004f,-0.04776882501627968f,0.9838381939064132f,-0.17257041336083898f,-0.891365632280855f,-0.5851965119047278f,-0.16757761335717275f,-0.7933869081072952f,-1.065043378483429f,0f,0f,0f,1f], start_interpolation: 0, interpolation_duration: 1 }
$data merge entity $(bone_body1) { transformation: [-1.2478335781040886f,0.08411792476418058f,0.4621832037916274f,0.5f,-9.25185853854297e-18f,1.3117842585418842f,-0.2387463859820636f,-1.1875f,-0.46977562637255393f,-0.22343681780956365f,-1.2276663337777036f,-0.12499999999999994f,0f,0f,0f,1f], start_interpolation: 0, interpolation_duration: 1 }
data modify entity @s data merge value {"locators":{"head":{"posx":-1.0286845943566594,"posy":1.0272659666442263,"posz":1.7580446398429468,"roty":1.5158984377353022,"rotx":6.065844884184097},"neck":{"posx":-1.0668173284449263,"posy":0.08938445896946667,"posz":1.5057361710498003,"roty":35.69723843809635,"rotx":-26.772988918733585},"right_arm":{"posx":-1.9657119421569482,"posy":2.3924265718463102,"posz":-0.20627296968789444,"roty":230.05367178619395,"rotx":-33.214451735636366},"left_arm":{"posx":0.008817924452908132,"posy":-0.9872597486258783,"posz":3.723278708434589,"roty":35.69723843809635,"rotx":-26.772988918733585},"tail1":{"posx":1.477345075179902,"posy":-1.8824494511769128,"posz":-1.972255293076579,"roty":70.08795647882421,"rotx":-6.746840517795498},"tail2":{"posx":3.0876715333542557,"posy":-2.45698338713797,"posz":-2.5012963638194257,"roty":70.08795647882421,"rotx":-6.746840517795498}},"cameras":{}}