# This file was generated by Animated Java via MC-Build. It is not recommended to edit this file directly.
$data merge entity $(bone_head) { transformation: [-0.999743953212305f,-0.02259223509924113f,-0.001272371271738293f,-0.1593919396623215f,-0.022619068773644613f,0.9993495179655423f,0.028087696058088057f,-0.4864997456114494f,0.0006369797843446268f,0.028109284147039837f,-0.9996046530511427f,0.22763528091950383f,0f,0f,0f,1f], start_interpolation: 0, interpolation_duration: 1 }
$data merge entity $(bone_left_arm2) { transformation: [-0.8191520442889917f,-0.1961746949690111f,0.5389855446957564f,0.23361650599499273f,-1.3877787807814457e-17f,0.9396926207859084f,0.34202014332566866f,-0.8976152672052843f,-0.5735764363510462f,0.2801664995932355f,-0.7697511313200571f,0.32015360097910567f,0f,0f,0f,1f], start_interpolation: 0, interpolation_duration: 1 }
$data merge entity $(bone_left_arm) { transformation: [-0.8191520442889917f,-0.1961746949690111f,0.5389855446957564f,0.08217882671661599f,-1.3877787807814457e-17f,0.9396926207859084f,0.34202014332566866f,-0.6626921120088072f,-0.5735764363510462f,0.2801664995932355f,-0.7697511313200571f,0.31849817133353375f,0f,0f,0f,1f], start_interpolation: 0, interpolation_duration: 1 }
$data merge entity $(item_display_weapon) { transformation: [0.5198367907256845f,-0.2424038765061042f,-0.8191520442889917f,-0.5675100292838917f,-0.4226182617406996f,-0.9063077870366498f,9.044905055887269e-17f,-1.2821722351067415f,-0.7424038765061041f,0.3461886130587542f,-0.5735764363510462f,0.15669576877003713f,0f,0f,0f,1f], start_interpolation: 0, interpolation_duration: 1 }
$data merge entity $(bone_right_arm2) { transformation: [-0.8191520442889917f,-0.1961746949690111f,0.5389855446957564f,-0.38074752722175104f,-1.3877787807814457e-17f,0.9396926207859084f,0.34202014332566866f,-0.8976152672052843f,-0.5735764363510462f,0.2801664995932355f,-0.7697511313200571f,-0.11002872628417901f,0f,0f,0f,1f], start_interpolation: 0, interpolation_duration: 1 }
$data merge entity $(bone_right_arm) { transformation: [-0.8191520442889917f,-0.1961746949690111f,0.5389855446957564f,-0.3273971954278799f,-1.3877787807814457e-17f,0.9396926207859084f,0.34202014332566866f,-0.6626921120088072f,-0.5735764363510462f,0.2801664995932355f,-0.7697511313200571f,0.031709953158010645f,0f,0f,0f,1f], start_interpolation: 0, interpolation_duration: 1 }
$data merge entity $(bone_right_leg) { transformation: [-0.8191520442889917f,0f,0.5735764363510463f,-0.11923730380786635f,-1.3877787807814457e-17f,1f,0f,-1.2606881294789272f,-0.5735764363510462f,5.551115123125783e-17f,-0.8191520442889918f,-0.047642331690128985f,0f,0f,0f,1f], start_interpolation: 0, interpolation_duration: 1 }
$data merge entity $(bone_left_leg) { transformation: [-0.8191520442889917f,0f,0.5735764363510463f,0.08555070726438158f,-1.3877787807814457e-17f,1f,0f,-1.2606881294789272f,-0.5735764363510462f,5.551115123125783e-17f,-0.8191520442889918f,0.09575177739763255f,0f,0f,0f,1f], start_interpolation: 0, interpolation_duration: 1 }
$data merge entity $(bone_body) { transformation: [-0.8191520442889917f,-0.1961746949690111f,0.5389855446957564f,0f,-1.3877787807814457e-17f,0.9396926207859084f,0.34202014332566866f,-1.25f,-0.5735764363510462f,0.2801664995932355f,-0.7697511313200571f,0f,0f,0f,0f,1f], start_interpolation: 0, interpolation_duration: 1 }