# This file was generated by Animated Java via MC-Build. It is not recommended to edit this file directly.
$data merge entity $(bone_left_arm2) { transformation: [-0.983580040605575f,-0.18020026207110237f,0.009908040767048367f,0.4179975705934725f,-0.1797036008872829f,0.982974963790911f,0.0382993001032848f,-0.8482807908368174f,-0.01664089992997996f,0.03588991654717738f,-0.9992171907747369f,-0.0068923666455468205f,0f,0f,0f,1f], start_interpolation: 0, interpolation_duration: 1 }
$data merge entity $(bone_left_arm) { transformation: [-0.983580040605575f,-0.18020026207110237f,0.009908040767048367f,0.25f,-0.1797036008872829f,0.982974963790911f,0.0382993001032848f,-0.625f,-0.01664089992997996f,0.03588991654717738f,-0.9992171907747369f,3.061616997868383e-17f,0f,0f,0f,1f], start_interpolation: 0, interpolation_duration: 1 }
$data merge entity $(item_display_weapon) { transformation: [-0.0868997908798386f,0.20717773960888752f,-0.974436150066074f,-0.23830424767011232f,-0.7985438897153965f,-0.5993066651528313f,-0.056206559239976334f,-1.0646047513794206f,-0.595630827394994f,0.7732456953090293f,0.21752014192439895f,0.5134609254286792f,0f,0f,0f,1f], start_interpolation: 0, interpolation_duration: 1 }
$data merge entity $(bone_right_arm2) { transformation: [-0.974436150066074f,-0.08504935317351854f,-0.20794421600317178f,-0.3505421804648796f,-0.056206559239976445f,0.988429606432702f,-0.14088199255297676f,-0.8791332215131725f,0.21752014192439897f,-0.12559267754156725f,-0.9679418718110758f,0.05858818712594166f,0f,0f,0f,1f], start_interpolation: 0, interpolation_duration: 1 }
$data merge entity $(bone_right_arm) { transformation: [-0.974436150066074f,-0.08504935317351854f,-0.20794421600317178f,-0.25f,-0.056206559239976445f,0.988429606432702f,-0.14088199255297676f,-0.625f,0.21752014192439897f,-0.12559267754156725f,-0.9679418718110758f,-3.061616997868383e-17f,0f,0f,0f,1f], start_interpolation: 0, interpolation_duration: 1 }
$data merge entity $(bone_right_leg) { transformation: [-1f,3.746231544107523e-17f,1.1659405108500155e-16f,-0.125f,0f,0.9520626777139244f,-0.3059030200965532f,-1.25f,-1.2246467991473532e-16f,-0.3059030200965532f,-0.9520626777139244f,0.031249999999999986f,0f,0f,0f,1f], start_interpolation: 0, interpolation_duration: 1 }
$data merge entity $(bone_left_leg) { transformation: [-1f,-3.746231544107523e-17f,1.1659405108500155e-16f,0.125f,0f,0.9520626777139244f,0.3059030200965532f,-1.25f,-1.2246467991473532e-16f,0.3059030200965532f,-0.9520626777139244f,0.031250000000000014f,0f,0f,0f,1f], start_interpolation: 0, interpolation_duration: 1 }