# This file was generated by Animated Java via MC-Build. It is not recommended to edit this file directly.
$data merge entity $(bone_left_arm2) { transformation: [-0.2019250655590949f,0.9793406709260457f,0.010868218302820757f,0.3601722170590005f,0.7478477895914547f,0.16134118177478318f,-0.643966386286343f,-0.8207451207335388f,-0.6324159639842518f,-0.12190518173416134f,-0.7649765847163106f,0.16634581538865592f,0f,0f,0f,1f], start_interpolation: 0, interpolation_duration: 1 }
$data merge entity $(bone_left_arm) { transformation: [-0.9982324994330001f,0.058427381480498135f,0.010868218302820757f,0.25f,0.03771363646382894f,0.7641236647022408f,-0.643966386286343f,-0.625f,-0.04592993251050536f,-0.6424182952993709f,-0.7649765847163106f,3.061616997868383e-17f,0f,0f,0f,1f], start_interpolation: 0, interpolation_duration: 1 }
$data merge entity $(item_display_weapon) { transformation: [0.8071213958615908f,-0.10843647843235893f,-0.5803417807530539f,-0.3282518963279569f,-0.08356714062220383f,0.9521071794338518f,-0.29412319167101414f,-0.34756221913536745f,0.5844412591104996f,0.2858906242179057f,0.759404349232759f,0.24281444438468217f,0f,0f,0f,1f], start_interpolation: 0, interpolation_duration: 1 }
$data merge entity $(bone_right_arm2) { transformation: [-0.5803417807530539f,-0.494044843026973f,0.6473971814819925f,-0.16852684018632846f,-0.2941231916710141f,-0.6141505511757435f,-0.7323323348124038f,-0.82149525340973f,0.7594043492327591f,-0.6154175765843743f,0.21110717846010207f,0.18131944081488324f,0f,0f,0f,1f], start_interpolation: 0, interpolation_duration: 1 }
$data merge entity $(bone_right_arm) { transformation: [-0.7252287027766372f,-0.6885069906430048f,0.0012051989998599145f,-0.25f,-0.5067596374861846f,0.5326011948958276f,-0.6778868910153136f,-0.625f,0.4660879729018835f,-0.4922337768085914f,-0.7351652266565409f,-3.061616997868383e-17f,0f,0f,0f,1f], start_interpolation: 0, interpolation_duration: 1 }