# This file was generated by Animated Java via MC-Build. It is not recommended to edit this file directly.
$data merge entity $(bone_left_arm2) { transformation: [-0.21660751942035017f,0.9761982338249906f,0.01087155957218666f,0.3640166802377607f,0.7452899257784326f,0.17254383451349103f,-0.6440276016635929f,-0.8194169395912618f,-0.6305744278542708f,-0.13139875740793738f,-0.7649250012177069f,0.1653095587905548f,0f,0f,0f,1f], start_interpolation: 0, interpolation_duration: 1 }
$data merge entity $(bone_left_arm) { transformation: [-0.9989972369677339f,0.0434318975328242f,0.01087155957218666f,0.25f,0.026230680990974385f,0.76455241786956f,-0.6440276016635929f,-0.625f,-0.03628321796069196f,-0.6430966261818731f,-0.7649250012177069f,3.061616997868383e-17f,0f,0f,0f,1f], start_interpolation: 0, interpolation_duration: 1 }
$data merge entity $(item_display_weapon) { transformation: [0.8001501681310215f,-0.10079521091923532f,-0.5912698486272109f,-0.32764514938577355f,-0.09240613551620658f,0.9532941118025358f,-0.2875611978719927f,-0.3466748542782818f,0.5926388567743922f,0.28472910258412576f,0.7534643479175241f,0.24199231386079262f,0f,0f,0f,1f], start_interpolation: 0, interpolation_duration: 1 }
$data merge entity $(bone_right_arm2) { transformation: [-0.5912698486272109f,-0.4945186327008819f,0.6370645870051211f,-0.17255905074625355f,-0.28756119787199264f,-0.608739725874027f,-0.7394217359675326f,-0.8223567952325841f,0.7534643479175243f,-0.6203928336582112f,0.2177250751814202f,0.18214882583811115f,0f,0f,0f,1f], start_interpolation: 0, interpolation_duration: 1 }
$data merge entity $(bone_right_arm) { transformation: [-0.7355062319407228f,-0.6775169129853472f,0.0011897038140683892f,-0.25f,-0.498626512162692f,0.5401139248489903f,-0.6779738560982188f,-0.625f,0.4586961784720128f,-0.4992472141164383f,-0.7350850529375133f,-3.061616997868383e-17f,0f,0f,0f,1f], start_interpolation: 0, interpolation_duration: 1 }