# This file was generated by Animated Java via MC-Build. It is not recommended to edit this file directly.
$data merge entity $(bone_left_arm2) { transformation: [-0.21747681566301524f,0.9760049357291859f,0.010871986080879624f,0.3642438913178423f,0.745130707021513f,0.17320668666511613f,-0.6440339068310864f,-0.8193361965467973f,-0.6304633725306292f,-0.13196139256146178f,-0.7649196864838457f,0.1652476202802376f,0f,0f,0f,1f], start_interpolation: 0, interpolation_duration: 1 }
$data merge entity $(bone_left_arm) { transformation: [-0.9990355157682613f,0.042542192612761605f,0.010871986080879624f,0.25f,0.025549206132080088f,0.7645701831211494f,-0.6440339068310864f,-0.625f,-0.03571101090230616f,-0.6431349756697972f,-0.7649196864838457f,3.061616997868383e-17f,0f,0f,0f,1f], start_interpolation: 0, interpolation_duration: 1 }
$data merge entity $(item_display_weapon) { transformation: [0.7997306855813799f,-0.10033991152651589f,-0.5919144640016722f,-0.3276082578823102f,-0.09292602839491154f,0.9533634686773844f,-0.2871634549140502f,-0.3466210715043365f,0.5931235822206736f,0.2846576869615094f,0.7531098309459513f,0.24194227908725302f,0f,0f,0f,1f], start_interpolation: 0, interpolation_duration: 1 }
$data merge entity $(bone_right_arm2) { transformation: [-0.5919144640016722f,-0.494543959033503f,0.6364460227616181f,-0.172799112682478f,-0.28716345491405015f,-0.6084211488105316f,-0.7398383984640828f,-0.8224056580350056f,0.7531098309459514f,-0.6206850878372557f,0.21811832630253414f,0.18219777488529776f,0f,0f,0f,1f], start_interpolation: 0, interpolation_duration: 1 }
$data merge entity $(bone_right_arm) { transformation: [-0.7361114708275411f,-0.6768592846838586f,0.001187961855165849f,-0.25f,-0.49813713139947147f,0.540554066440287f,-0.6779828165786913f,-0.625f,0.4582568066458149f,-0.4996626962182837f,-0.7350767913426837f,-3.061616997868383e-17f,0f,0f,0f,1f], start_interpolation: 0, interpolation_duration: 1 }