# This file was generated by Animated Java via MC-Build. It is not recommended to edit this file directly.
$data merge entity $(bone_left_arm2) { transformation: [-0.21998525694313087f,0.9754425950750226f,0.01087338222312675f,0.36489927611664713f,0.7446663734458631f,0.1751191380746756f,-0.6440537863711147f,-0.8191018802379364f,-0.6301416340686047f,-0.13358529557285945f,-0.7649029283641556f,0.16506852042702838f,0f,0f,0f,1f], start_interpolation: 0, interpolation_duration: 1 }
$data merge entity $(bone_left_arm) { transformation: [-0.999141568784048f,0.03997367992543544f,0.01087338222312675f,0.25f,0.023581741551404883f,0.7646166501760432f,-0.6440537863711147f,-0.625f,-0.03405916900269462f,-0.6432444972067661f,-0.7649029283641556f,3.061616997868383e-17f,0f,0f,0f,1f], start_interpolation: 0, interpolation_duration: 1 }
$data merge entity $(item_display_weapon) { transformation: [0.7985159905652759f,-0.09902425262445952f,-0.5937730291986354f,-0.327501179604785f,-0.09442404817378353f,0.9535630152819881f,-0.28600992117896534f,-0.3464650957121326f,0.5945219188036985f,0.2844499486350632f,0.7520850449141231f,0.2417970433753699f,0f,0f,0f,1f], start_interpolation: 0, interpolation_duration: 1 }
$data merge entity $(bone_right_arm2) { transformation: [-0.5937730291986354f,-0.49461535128191475f,0.6346567923472849f,-0.17349267077332653f,-0.2860099211789653f,-0.6075029896238177f,-0.7410387591653528f,-0.8225453002529288f,0.7520850449141232f,-0.6215269679381514f,0.2192539927621147f,0.1823389232242572f,0f,0f,0f,1f], start_interpolation: 0, interpolation_duration: 1 }
$data merge entity $(bone_right_arm) { transformation: [-0.7378558817113198f,-0.6749572577623538f,0.0011823780843935384f,-0.25f,-0.4967200408220407f,0.5418211806006952f,-0.678011068713645f,-0.625f,0.45698785418188215f,-0.5008617658060879f,-0.7350507415708432f,-3.061616997868383e-17f,0f,0f,0f,1f], start_interpolation: 0, interpolation_duration: 1 }