# This file was generated by Animated Java via MC-Build. It is not recommended to edit this file directly.
$data merge entity $(bone_left_arm2) { transformation: [-0.21998525694313084f,0.9754425950750226f,0.010873382223126766f,0.36489927611664713f,0.7446663734458631f,0.17511913807467563f,-0.6440537863711145f,-0.8191018802379364f,-0.6301416340686046f,-0.13358529557285942f,-0.7649029283641557f,0.16506852042702835f,0f,0f,0f,1f], start_interpolation: 0, interpolation_duration: 1 }
$data merge entity $(bone_left_arm) { transformation: [-0.999141568784048f,0.03997367992543545f,0.010873382223126766f,0.25f,0.023581741551404876f,0.7646166501760432f,-0.6440537863711145f,-0.625f,-0.034059169002694636f,-0.643244497206766f,-0.7649029283641557f,3.061616997868383e-17f,0f,0f,0f,1f], start_interpolation: 0, interpolation_duration: 1 }
$data merge entity $(item_display_weapon) { transformation: [0.7985159905652757f,-0.09902425262445935f,-0.5937730291986353f,-0.327501179604785f,-0.09442404817378386f,0.9535630152819881f,-0.28600992117896545f,-0.3464650957121327f,0.5945219188036985f,0.28444994863506357f,0.752085044914123f,0.24179704337536997f,0f,0f,0f,1f], start_interpolation: 0, interpolation_duration: 1 }
$data merge entity $(bone_right_arm2) { transformation: [-0.5937730291986353f,-0.4946153512819148f,0.6346567923472847f,-0.17349267077332658f,-0.2860099211789654f,-0.6075029896238173f,-0.741038759165353f,-0.8225453002529289f,0.7520850449141231f,-0.6215269679381517f,0.21925399276211444f,0.18233892322425713f,0f,0f,0f,1f], start_interpolation: 0, interpolation_duration: 1 }
$data merge entity $(bone_right_arm) { transformation: [-0.7378558817113198f,-0.6749572577623536f,0.0011823780843933718f,-0.25f,-0.49672004082204063f,0.5418211806006955f,-0.6780110687136448f,-0.625f,0.45698785418188204f,-0.5008617658060877f,-0.7350507415708434f,-3.061616997868383e-17f,0f,0f,0f,1f], start_interpolation: 0, interpolation_duration: 1 }