# This file was generated by Animated Java via MC-Build. It is not recommended to edit this file directly.
$data merge entity $(bone_left_arm2) { transformation: [-0.2003316278639967f,0.9796678623085187f,0.010868230638827369f,0.3597542143861109f,0.7481105179929484f,0.16012463271130867f,-0.6439648708333328f,-0.8208852351630513f,-0.6326119598503365f,-0.12087589320838994f,-0.7649778602648513f,0.16645716286661763f,0f,0f,0f,1f], start_interpolation: 0, interpolation_duration: 1 }
$data merge entity $(bone_left_arm) { transformation: [-0.9981361300167941f,0.060051207463953434f,0.010868230638827369f,0.25f,0.03895673173718267f,0.7640625747836143f,-0.6439648708333328f,-0.625f,-0.04697487634315505f,-0.6423412132948929f,-0.7649778602648513f,3.061616997868383e-17f,0f,0f,0f,1f], start_interpolation: 0, interpolation_duration: 1 }
$data merge entity $(item_display_weapon) { transformation: [0.8078650612294399f,-0.10926032973093402f,-0.5791512955971355f,-0.3283159372593999f,-0.0826013794996468f,0.9519766477646783f,-0.29481769657787f,-0.34765613329620026f,0.5835503876697441f,0.28601161245273443f,0.7600436188750473f,0.2429010693776827f,0f,0f,0f,1f], start_interpolation: 0, interpolation_duration: 1 }
$data merge entity $(bone_right_arm2) { transformation: [-0.5791512955971355f,-0.4939881430116009f,0.648505583146444f,-0.16809178038573086f,-0.29481769657786994f,-0.6147411475860777f,-0.7315571387452051f,-0.821397668393747f,0.7600436188750475f,-0.6148731869487419f,0.2103916856218872f,0.18122913510007285f,0f,0f,0f,1f], start_interpolation: 0, interpolation_duration: 1 }
$data merge entity $(bone_right_arm) { transformation: [-0.7241071398081244f,-0.6896864483611388f,0.0012054152378180095f,-0.25f,-0.507627287856268f,0.5317770296468538f,-0.6778847448966961f,-0.625f,0.4668869099713411f,-0.4914730854146209f,-0.7351672052060304f,-3.061616997868383e-17f,0f,0f,0f,1f], start_interpolation: 0, interpolation_duration: 1 }