# This file was generated by Animated Java via MC-Build. It is not recommended to edit this file directly.
$data merge entity $(bone_left_arm2) { transformation: [-0.1893888034827349f,0.9818420082959181f,0.01086976820435493f,0.3568795291686999f,0.7498365450746732f,0.1517663474449989f,-0.6439814682533042f,-0.821826244379416f,-0.6339377231131269f,-0.11381233030143212f,-0.7649638662613432f,0.16721601528613061f,0f,0f,0f,1f], start_interpolation: 0, interpolation_duration: 1 }
$data merge entity $(bone_left_arm) { transformation: [-0.9974039824190633f,0.07118387453473203f,0.01086976820435493f,0.25f,0.04747694402051579f,0.7635665055074059f,-0.6439814682533042f,-0.625f,-0.05414088696231052f,-0.6417936176633671f,-0.7649638662613432f,3.061616997868383e-17f,0f,0f,0f,1f], start_interpolation: 0, interpolation_duration: 1 }
$data merge entity $(item_display_weapon) { transformation: [0.8129041690216646f,-0.11489024694688943f,-0.5709527503600274f,-0.3287465884974073f,-0.07593547664031441f,0.9510714793743437f,-0.29949431465072146f,-0.3482884479177665f,0.5774258527071725f,0.28681574621554473f,0.7644057249577706f,0.24348229437911179f,0f,0f,0f,1f], start_interpolation: 0, interpolation_duration: 1 }
$data merge entity $(bone_right_arm2) { transformation: [-0.5709527503600274f,-0.493570377661692f,0.6560497230783771f,-0.16511742906604032f,-0.2994943146507214f,-0.6188146019937211f,-0.7262035829237191f,-0.8207061659453239f,0.7644057249577707f,-0.6111110951817578f,0.20549237698157458f,0.1806074355131112f,0f,0f,0f,1f], start_interpolation: 0, interpolation_duration: 1 }
$data merge entity $(bone_right_arm) { transformation: [-0.7163728001795194f,-0.6977166838255985f,0.0012001143130022996f,-0.25f,-0.5135067633675587f,0.5260712820975162f,-0.6779084083621101f,-0.625f,0.4723566609445964f,-0.48625141158014673f,-0.735145393509057f,-3.061616997868383e-17f,0f,0f,0f,1f], start_interpolation: 0, interpolation_duration: 1 }