# This file was generated by Animated Java via MC-Build. It is not recommended to edit this file directly.
$data merge entity $(bone_left_arm2) { transformation: [-0.1828458046053189f,0.9830814921558378f,0.010871592288373182f,0.35515729035592036f,0.7508035480022703f,0.14676579302120257f,-0.644013846362064f,-0.8223712534043993f,-0.6347136709142448f,-0.10959279985249314f,-0.7649365817994687f,0.16766494151902198f,0f,0f,0f,1f], start_interpolation: 0, interpolation_duration: 1 }
$data merge entity $(bone_left_arm) { transformation: [-0.9969077791690687f,0.077824728160853f,0.010871592288373182f,0.25f,0.052557387458556745f,0.763206319888319f,-0.644013846362064f,-0.625f,-0.05841747046668849f,-0.6414510308427436f,-0.7649365817994687f,3.061616997868383e-17f,0f,0f,0f,1f], start_interpolation: 0, interpolation_duration: 1 }
$data merge entity $(item_display_weapon) { transformation: [0.8158606498458285f,-0.11823383034511309f,-0.5660319437938689f,-0.3289966970974945f,-0.07192216198899215f,0.9505231437071042f,-0.30221342771622994f,-0.3486559890237013f,0.573758313794207f,0.2872742846811853f,0.7669907970197176f,0.2438184680804002f,0f,0f,0f,1f], start_interpolation: 0, interpolation_duration: 1 }
$data merge entity $(bone_right_arm2) { transformation: [-0.5660319437938689f,-0.49329665480655954f,0.660504541211938f,-0.16335012401891152f,-0.3022134277162299f,-0.6212647121300349f,-0.7229780090500623f,-0.8202750460156123f,0.7669907970197177f,-0.6088419892046236f,0.20257479968746178f,0.18023444564250882f,0f,0f,0f,1f], start_interpolation: 0, interpolation_duration: 1 }
$data merge entity $(bone_right_arm) { transformation: [-0.7117218187386688f,-0.7024604132936884f,0.0011918416765736085f,-0.25f,-0.5169565130013338f,0.5226219275617824f,-0.6779544855645613f,-0.625f,0.4756133055296322f,-0.4831311298052193f,-0.7351029145747615f,-3.061616997868383e-17f,0f,0f,0f,1f], start_interpolation: 0, interpolation_duration: 1 }