# This file was generated by Animated Java via MC-Build. It is not recommended to edit this file directly.
$data merge entity $(bone_left_arm2) { transformation: [-0.18176954548735652f,0.9832810551124934f,0.010871935898515258f,0.35487375689507206f,0.750957963993616f,0.14594305428144935f,-0.6440207770107769f,-0.8224596406887152f,-0.6348401126645059f,-0.10889899707464495f,-0.7649307418245483f,0.16773844345825084f,0f,0f,0f,1f], start_interpolation: 0, interpolation_duration: 1 }
$data merge entity $(bone_left_arm) { transformation: [-0.9968219858256789f,0.07891596533255135f,0.010871935898515258f,0.25f,0.053392057855001555f,0.7631425338273601f,-0.6440207770107769f,-0.625f,-0.059120358021226824f,-0.6413935948223899f,-0.7649307418245483f,3.061616997868383e-17f,0f,0f,0f,1f], start_interpolation: 0, interpolation_duration: 1 }
$data merge entity $(item_display_weapon) { transformation: [0.8163429200862502f,-0.11878222632600172f,-0.5652212129194131f,-0.3290373243753914f,-0.07126006244433614f,0.9504324507210464f,-0.30265518352874027f,-0.34871569084439435f,0.5731546391031688f,0.28734811522859227f,0.7674143733010818f,0.24387295422380062f,0f,0f,0f,1f], start_interpolation: 0, interpolation_duration: 1 }
$data merge entity $(bone_right_arm2) { transformation: [-0.5652212129194131f,-0.4932498968470644f,0.6612333322861664f,-0.16306021571195972f,-0.3026551835287402f,-0.6216687575824341f,-0.722445704346768f,-0.8202028758917139f,0.7674143733010819f,-0.6084673328176899f,0.20209573113906776f,0.18017300339272027f,0f,0f,0f,1f], start_interpolation: 0, interpolation_duration: 1 }
$data merge entity $(bone_right_arm) { transformation: [-0.710954907618729f,-0.7032365909615256f,0.0011901536272481206f,-0.25f,-0.5175192636835049f,0.5220518717251031f,-0.6779643463669751f,-0.625f,0.4761480138038251f,-0.4826180066689686f,-0.7350938229842119f,-3.061616997868383e-17f,0f,0f,0f,1f], start_interpolation: 0, interpolation_duration: 1 }