# This file was generated by Animated Java via MC-Build. It is not recommended to edit this file directly.
$data merge entity $(bone_left_arm2) { transformation: [-0.18078961577556404f,0.9834616966889818f,0.010872257049631271f,0.35461554140731655f,0.7510974190557046f,0.14519390699585139f,-0.6440274811365889f,-0.822539807396067f,-0.63495494479182f,-0.10826735665430001f,-0.7649250927819713f,0.16780528296206523f,0f,0f,0f,1f], start_interpolation: 0, interpolation_duration: 1 }
$data merge entity $(bone_left_arm) { transformation: [-0.9967428477174368f,0.07990925822945223f,0.010872257049631271f,0.25f,0.05415177219185944f,0.7630833434883385f,-0.6440274811365889f,-0.625f,-0.059760196557704655f,-0.6413410335694085f,-0.7649250927819713f,3.061616997868383e-17f,0f,0f,0f,1f], start_interpolation: 0, interpolation_duration: 1 }
$data merge entity $(item_display_weapon) { transformation: [0.8167810332401959f,-0.11928115188861871f,-0.5644827282948542f,-0.32907419112771336f,-0.07065674789793852f,0.9503497543475221f,-0.30305604826185445f,-0.34876986359881385f,0.5726048966919208f,0.28741494605487805f,0.7677996360175657f,0.24392236464320982f,0f,0f,0f,1f], start_interpolation: 0, interpolation_duration: 1 }
$data merge entity $(bone_right_arm2) { transformation: [-0.5644827282948542f,-0.4932068959805127f,0.6618959187168824f,-0.1627964506842055f,-0.3030560482618544f,-0.6220368902228819f,-0.7219606213733232f,-0.8201368580053632f,0.7677996360175658f,-0.6081258627612496f,0.2016597480217095f,0.18011703871239532f,0f,0f,0f,1f], start_interpolation: 0, interpolation_duration: 1 }
$data merge entity $(bone_right_arm) { transformation: [-0.7102561811041658f,-0.7039422878152609f,0.0011885405937461858f,-0.25f,-0.5180304926937567f,0.5215321856745744f,-0.6779738844121984f,-0.625f,0.47663462509850274f,-0.48215084230033f,-0.7350850287050417f,-3.061616997868383e-17f,0f,0f,0f,1f], start_interpolation: 0, interpolation_duration: 1 }