# This file was generated by Animated Java via MC-Build. It is not recommended to edit this file directly.
$data merge entity $(bone_left_arm2) { transformation: [-0.1785087412581474f,0.9838782478018889f,0.01087303070521416f,0.3540143026304387f,0.7514178078691885f,0.14345002890013997f,-0.6440445382313341f,-0.8227252605897042f,-0.6352211483503168f,-0.10679739093645384f,-0.7649107202658826f,0.16796054945443917f,0f,0f,0f,1f], start_interpolation: 0, interpolation_duration: 1 }
$data merge entity $(bone_left_arm) { transformation: [-0.9965548714307669f,0.08222022519362868f,0.01087303070521416f,0.25f,0.055919151809174346f,0.7629414664542296f,-0.6440445382313341f,-0.625f,-0.061248972959144825f,-0.6412177113381842f,-0.7649107202658826f,3.061616997868383e-17f,0f,0f,0f,1f], start_interpolation: 0, interpolation_duration: 1 }
$data merge entity $(item_display_weapon) { transformation: [0.8177971213472941f,-0.12044102557843234f,-0.5627626743785468f,-0.32915954671170633f,-0.06925072997347043f,0.9501568278797515f,-0.30398410950513394f,-0.3488952707966975f,0.5713249554449906f,0.2875690556911558f,0.7686948897284777f,0.24403663783912286f,0f,0f,0f,1f], start_interpolation: 0, interpolation_duration: 1 }
$data merge entity $(bone_right_arm2) { transformation: [-0.5627626743785468f,-0.4931052242199378f,0.6634345560590815f,-0.16218323449084265f,-0.3039841095051339f,-0.6228946754181122f,-0.720829996950831f,-0.8199820633172141f,0.7686948897284778f,-0.6073297795948831f,0.20064572091762656f,0.1799866958418637f,0f,0f,0f,1f], start_interpolation: 0, interpolation_duration: 1 }
$data merge entity $(bone_right_arm) { transformation: [-0.7086281504775386f,-0.7055811372753987f,0.0011845133759655691f,-0.25f,-0.5192161697238862f,0.5203201684069134f,-0.6779981500315895f,-0.625f,0.4777663795706427f,-0.4810635935821336f,-0.7350626541199086f,-3.061616997868383e-17f,0f,0f,0f,1f], start_interpolation: 0, interpolation_duration: 1 }