# This file was generated by Animated Java via MC-Build. It is not recommended to edit this file directly.
$data merge entity $(bone_jaw) { transformation: [-0.9999875186241942f,0.00009515613733889153f,-0.004995351953198908f,0.03779566378070877f,0.00003899959581010685f,0.9999368211071283f,0.011240652703566046f,0.6093774144117854f,0.004996105969485441f,0.011240317588048249f,-0.999924344230933f,3.2604913052236593f,0f,0f,0f,1f], start_interpolation: 0, interpolation_duration: 1 }
$data merge entity $(bone_head) { transformation: [-1.1249859584522186f,0.00007897303165038441f,-0.005620235635946902f,0.03654672252827612f,0.0000438745452863702f,1.1249780625134664f,0.0070254493430272754f,0.6109386253769026f,0.005620619215671122f,0.007025142468835663f,-1.1249640243194112f,3.0104992998193456f,0f,0f,0f,1f], start_interpolation: 0, interpolation_duration: 1 }
$data merge entity $(bone_neck) { transformation: [-0.9999719192360691f,0.00007019825035589725f,-0.00749371813842358f,0.5303694505178383f,0.000023399854829686445f,0.9999805000119701f,0.006244921797500813f,-0.44647835685276116f,0.007494010393593376f,0.006244571083409478f,-0.9999524214382427f,2.187656095427854f,0f,0f,0f,1f], start_interpolation: 0, interpolation_duration: 1 }
$data merge entity $(bone_right_arm2) { transformation: [-0.9999368204987337f,0.00007019825035589725f,-0.011240555283833543f,-0.8425369835370884f,0f,0.9999805000119701f,0.006244965637223862f,-1.8851212566769477f,0.011240774478801325f,0.006244571083409478f,-0.9999173217427034f,2.3816200872305613f,0f,0f,0f,1f], start_interpolation: 0, interpolation_duration: 1 }
$data merge entity $(bone_right_arm1) { transformation: [-1.1353449316079371f,0.00007970426342492499f,-0.012762713811852667f,-0.5376924736852775f,0f,1.1353945260552576f,0.007090638067264592f,-0.5683534365356455f,0.012762962689472336f,0.007090190084287844f,-1.135322792395361f,1.6988601860548025f,0f,0f,0f,1f], start_interpolation: 0, interpolation_duration: 1 }
$data merge entity $(bone_left_arm2) { transformation: [-0.9999368204987337f,0.00007019825035589725f,-0.011240555283833543f,0.9073524523356957f,0f,0.9999805000119701f,0.006244965637223862f,-1.8851212566769477f,0.011240774478801325f,0.006244571083409478f,-0.9999173217427034f,2.3619487318926593f,0f,0f,0f,1f], start_interpolation: 0, interpolation_duration: 1 }
$data merge entity $(bone_left_arm1) { transformation: [-1.1353449316079371f,0.00007970426342492499f,-0.012762713811852667f,0.587236449375798f,0f,1.1353945260552576f,0.007090638067264592f,-0.5683534365356455f,0.012762962689472336f,0.007090190084287844f,-1.135322792395361f,1.686214314766151f,0f,0f,0f,1f], start_interpolation: 0, interpolation_duration: 1 }
$data merge entity $(bone_body2) { transformation: [-1.5832332991229952f,0.00011114722973017065f,-0.017797545866069776f,0.5142067649066804f,0f,1.5833024583522861f,0.009887862258937783f,-0.5f,0.017797892924768768f,0.009887237548731675f,-1.5832024260926139f,0.7498846597300048f,0f,0f,0f,1f], start_interpolation: 0, interpolation_duration: 1 }
$data merge entity $(bone_right_leg2) { transformation: [-0.9999805000119701f,-0.000007799967833862733f,-0.006244960766138339f,-1.0016386798926962f,0f,0.9999992199980451f,-0.0012490009212172866f,-2.567744342010013f,0.006244965637223741f,-0.0012489765657142764f,-0.9999797200252254f,-0.3917040515451632f,0f,0f,0f,1f], start_interpolation: 0, interpolation_duration: 1 }
$data merge entity $(bone_right_leg1) { transformation: [-1.3333073333492935f,-0.00014559201776793098f,-0.00832534790491562f,-0.624851705367149f,0f,1.3331294979897965f,-0.023313501822990856f,-1.125f,0.008326620849631653f,-0.023313047209984374f,-1.3331035019805435f,-0.10673415940569658f,0f,0f,0f,1f], start_interpolation: 0, interpolation_duration: 1 }
$data merge entity $(bone_left_leg2) { transformation: [-0.9997789667812342f,0.0003938660034089142f,-0.021020524527684395f,0.9927655390667331f,1.3552527156068805e-20f,0.9998245046706964f,0.018733922707128793f,-2.556393374618148f,0.021024214179075105f,0.01872978188789273f,-0.9996035102422282f,-0.4742137765755067f,0f,0f,0f,1f], start_interpolation: 0, interpolation_duration: 1 }
$data merge entity $(bone_left_leg1) { transformation: [-1.3330386223749788f,0.0005251546712118856f,-0.028027366036912527f,0.6249835228185721f,1.807003620809174e-20f,1.3330993395609285f,0.024978563609505056f,-1.125f,0.02803228557210014f,0.024973042517190305f,-1.3328046803229707f,-0.12702953784381144f,0f,0f,0f,1f], start_interpolation: 0, interpolation_duration: 1 }
$data merge entity $(bone_tail3) { transformation: [-0.998922202423287f,-0.0017355431324954777f,-0.04638341725061733f,-0.13511837040846258f,-0.0032718588149593963f,0.9994477908792364f,0.03306672415751424f,-0.49490792547512963f,0.046300415178533665f,0.03318284491494681f,-0.9983762669242723f,-3.7979225840979733f,0f,0f,0f,1f], start_interpolation: 0, interpolation_duration: 1 }
$data merge entity $(bone_tail2) { transformation: [-1.5398381181921938f,0.0016377275766636375f,-0.07504664364126198f,-0.16889634783588903f,-0.00043285961012224945f,1.5410803451701465f,0.04251227439140765f,-0.7340758303321396f,0.0750632633582624f,0.042482922330708904f,-1.5392520322921004f,-1.924939932943078f,0f,0f,0f,1f], start_interpolation: 0, interpolation_duration: 1 }
$data merge entity $(bone_tail1) { transformation: [-0.9995507524568832f,0.0004491970844442566f,-0.029968174533290565f,-0.012111318337157395f,0f,0.9998876818065325f,0.014987453805045087f,-0.75f,0.029971540882617935f,0.014980720728245597f,-0.9994384847220882f,-0.8667829855361866f,0f,0f,0f,1f], start_interpolation: 0, interpolation_duration: 1 }
$data merge entity $(bone_body1) { transformation: [-1.3331575767314359f,0f,-0.021648403667322503f,0.5f,0f,1.3333333333333333f,0f,-1.1875f,0.021648403667322503f,0f,-1.3331575767314359f,-0.12499999999999994f,0f,0f,0f,1f], start_interpolation: 0, interpolation_duration: 1 }
data modify entity @s data merge value {"locators":{"hitbox_head":{"posx":0.03806402518734449,"posy":-0.016000700836975246,"posz":3.3190864496476067,"roty":359.7137569772941,"rotx":0.35780552256982867},"hitbox_neck":{"posx":0.031293881323223305,"posy":-0.8222399596545227,"posz":2.3140554391481527,"roty":359.5706291864461,"rotx":0.357809988119913},"hitbox_right_arm":{"posx":-0.8994829554266984,"posy":-2.8882242395075295,"posz":2.8760367254234285,"roty":359.3559375,"rotx":0.35781250000000003},"hitbox_left_arm":{"posx":0.9753985830084274,"posy":-2.8882242395075295,"posz":2.8549602732756765,"roty":359.3559375,"rotx":0.35781250000000003},"hitbox_tail1":{"posx":-0.07830808734627245,"posy":-1.4647973197044113,"posz":-2.6381167146957054,"roty":357.2087392577961,"rotx":1.5801617536479111},"hitbox_tail2":{"posx":-0.1589311422505345,"posy":-1.7880831186655257,"posz":-4.403061718193744,"roty":357.3400164346323,"rotx":1.8949291654520604}},"cameras":{}}