# This file was generated by Animated Java via MC-Build. It is not recommended to edit this file directly.
$data merge entity $(bone_jaw) { transformation: [-0.9839112478708417f,0.10427560664692606f,-0.14506982515898456f,1.323803015052384f,0.04424226706189564f,0.9289167704013643f,0.3676360366889005f,0.08987867393700702f,0.17309326422038113f,0.35530301367356043f,-0.9185850479710731f,3.2825338137468476f,0f,0f,0f,1f], start_interpolation: 0, interpolation_duration: 1 }
$data merge entity $(bone_head) { transformation: [-1.106900153854697f,0.08809151315657401f,-0.18065695310790855f,1.2836570254728488f,0.0497725504446326f,1.0998322057249408f,0.2313370105980627f,0.14128689851435428f,0.19472992224792876f,0.2196224136102616f,-1.0860346462343264f,3.0411927812503308f,0f,0f,0f,1f], start_interpolation: 0, interpolation_duration: 1 }
$data merge entity $(bone_neck) { transformation: [-0.9667821644300304f,0.07830356725028802f,-0.2433121408723063f,1.486159453025684f,0.026673090791120287f,0.9776286273110584f,0.2086403922771051f,-0.7412597446740574f,0.2542062012769044f,0.19521992320912143f,-0.9472425184790803f,1.9370339659379348f,0f,0f,0f,1f], start_interpolation: 0, interpolation_duration: 1 }
$data merge entity $(bone_right_arm2) { transformation: [-0.9281228204231822f,0.07830356725028802f,-0.3639458497710848f,0.16566904385359804f,0f,0.9776286273110584f,0.21033845835199905f,-2.1860393573747037f,0.37227413314615f,0.19521992320912143f,-0.9073594389063836f,2.338412154195726f,0f,0f,0f,1f], start_interpolation: 0, interpolation_duration: 1 }
$data merge entity $(bone_right_arm1) { transformation: [-1.0538061190221546f,0.08890717531543117f,-0.41323018359425245f,0.3082680855342247f,0f,1.1100158372594306f,0.2388217912538322f,-0.7582940939119402f,0.4226862553430244f,0.22165595447702327f,-1.0302310295916228f,1.8544930225513871f,0f,0f,0f,1f], start_interpolation: 0, interpolation_duration: 1 }
$data merge entity $(bone_left_arm2) { transformation: [-0.9281228204231822f,0.07830356725028802f,-0.3639458497710848f,1.7898839795941668f,0f,0.9776286273110584f,0.21033845835199905f,-2.1860393573747037f,0.37227413314615f,0.19521992320912143f,-0.9073594389063836f,1.6869324211899634f,0f,0f,0f,1f], start_interpolation: 0, interpolation_duration: 1 }
$data merge entity $(bone_left_arm1) { transformation: [-1.0538061190221546f,0.08890717531543117f,-0.41323018359425245f,1.3524062585103045f,0f,1.1100158372594306f,0.2388217912538322f,-0.7582940939119402f,0.4226862553430244f,0.22165595447702327f,-1.0302310295916228f,1.4356846227619684f,0f,0f,0f,1f], start_interpolation: 0, interpolation_duration: 1 }
$data merge entity $(bone_body2) { transformation: [-1.469527799003372f,0.12398064814628937f,-0.5762475954708843f,0.9580933210266067f,0f,1.5479119932425092f,0.33303589239066517f,-0.5f,0.5894340441480709f,0.30909821174777563f,-1.4366524449351075f,0.6205035273094381f,0f,0f,0f,1f], start_interpolation: 0, interpolation_duration: 1 }
$data merge entity $(bone_right_leg2) { transformation: [-0.9776286273110584f,-0.00891236465254061f,-0.21014955821556155f,-0.7105395288954249f,1.3877787807814457e-17f,0.9991019229772942f,-0.042371541193032214f,-2.491507119561952f,0.21033845835199882f,-0.04142363165359808f,-0.9767506415041307f,1.0753887347872464f,0f,0f,0f,1f], start_interpolation: 0, interpolation_duration: 1 }
$data merge entity $(bone_right_leg1) { transformation: [-1.3035048364147444f,-0.15681875553581381f,-0.23250977857575433f,-0.45850453511213485f,1.850371707708594e-17f,1.105407828874794f,-0.7455543639736084f,-1.125f,0.2804512778026651f,-0.728875289437288f,-1.080678338361762f,0.4639771270342086f,0f,0f,0f,1f], start_interpolation: 0, interpolation_duration: 1 }
$data merge entity $(bone_left_leg2) { transformation: [-0.7540472204631621f,0.3900145695749804f,-0.5284897584920849f,0.16346921828222327f,6.938893903907228e-18f,0.8046186000436573f,0.5937919740648109f,-2.0960792456675037f,0.6568202107972769f,0.44774718757690474f,-0.6067204188958806f,-1.269986195099543f,0f,0f,0f,1f], start_interpolation: 0, interpolation_duration: 1 }
$data merge entity $(bone_left_leg1) { transformation: [-1.0053962939508827f,0.5200194260999738f,-0.7046530113227798f,0.6065005039013484f,9.25185853854297e-18f,1.0728248000582097f,0.7917226320864145f,-1.125f,0.8757602810630358f,0.5969962501025396f,-0.8089605585278408f,-0.1904419030038009f,0f,0f,0f,1f], start_interpolation: 0, interpolation_duration: 1 }
$data merge entity $(bone_tail3) { transformation: [-0.1168361021706914f,0.8621377253950465f,-0.49301913520695617f,-2.267889105616546f,-0.29611410115632325f,0.44360042124182497f,0.8458930815241712f,1.267855770212775f,0.9479798332907419f,0.24482076857311455f,0.2034625934891396f,-0.5403227621601827f,0f,0f,0f,1f], start_interpolation: 0, interpolation_duration: 1 }
$data merge entity $(bone_tail2) { transformation: [0.02799717148266667f,1.161069605552743f,-1.0138390604833087f,-1.1737827269352064f,-0.44578140807703925f,0.9767744654082623f,1.106312203245705f,-0.2326004045068204f,1.4755443760568279f,0.27306615663445305f,0.3534682156843328f,-0.8837885535785485f,0f,0f,0f,1f], start_interpolation: 0, interpolation_duration: 1 }
$data merge entity $(bone_tail1) { transformation: [-0.5257314920233529f,0.4142364825082874f,-0.7429768064038477f,-0.318653433628199f,0f,0.8734218602781112f,0.4869643251700514f,-0.75f,0.8506505735582027f,0.2560124812337963f,-0.4591853777698238f,-0.502235411392886f,0f,0f,0f,1f], start_interpolation: 0, interpolation_duration: 1 }
$data merge entity $(bone_body1) { transformation: [-1.1360053749477153f,0f,-0.6980469653738768f,0.5f,0f,1.3333333333333333f,0f,-1.1875f,0.6980469653738768f,0f,-1.1360053749477153f,-0.12499999999999994f,0f,0f,0f,1f], start_interpolation: 0, interpolation_duration: 1 }
data modify entity @s data merge value {"locators":{"hitbox_head":{"posx":1.2848997829158377,"posy":-0.5339912742767413,"posz":3.220856619865276,"roty":350.555584068521,"rotx":11.866550815564917},"hitbox_neck":{"posx":1.0038185507008492,"posy":-1.1206139835547824,"posz":2.1093349101828514,"roty":345.5942347867123,"rotx":12.042687655922775},"hitbox_right_arm":{"posx":0.21133072521240354,"posy":-3.2688372138617616,"posz":2.6201390837614307,"roty":338.1440625,"rotx":12.142187500000004},"hitbox_left_arm":{"posx":1.95156101350587,"posy":-3.2688372138617616,"posz":1.9221250841123994,"roty":338.1440625,"rotx":12.142187500000004},"hitbox_tail1":{"posx":-2.1930148597020165,"posy":-0.17828810179231963,"posz":-0.9786425640866336,"roty":250.77923210034317,"rotx":45.857337032038735},"hitbox_tail2":{"posx":-3.6767681337514575,"posy":1.1614450756902261,"posz":-0.7472023120747545,"roty":247.57469625664734,"rotx":57.76774879627724}},"cameras":{}}