# This file was generated by Animated Java via MC-Build. It is not recommended to edit this file directly.
$data merge entity $(bone_jaw) { transformation: [-0.9812616491644756f,0.11877556300309221f,-0.15171664876443913f,1.4162616273798663f,0.05065080641900109f,0.9187193923632926f,0.39164929963518036f,0.05191144801057222f,0.1859033934281959f,0.3766258670470217f,-0.907520184118767f,3.259502586456815f,0f,0f,0f,1f], start_interpolation: 0, interpolation_duration: 1 }
$data merge entity $(bone_head) { transformation: [-1.103919355310035f,0.10059930195240055f,-0.19200738896867087f,1.3735933187201617f,0.05698215722137623f,1.096138710714092f,0.24669406282366546f,0.10673235086027566f,0.2091413176067204f,0.23234609383576474f,-1.0806943147574095f,3.019348294288502f,0f,0f,0f,1f], start_interpolation: 0, interpolation_duration: 1 }
$data merge entity $(bone_neck) { transformation: [-0.9617433139560079f,0.08942160173546715f,-0.25894705096598253f,1.549060044944371f,0.03055837938720639f,0.9743455206347484f,0.2229730743121883f,-0.7626233316290947f,0.27224250863916016f,0.20652986118734643f,-0.9398028691846989f,1.9001992312447982f,0f,0f,0f,1f], start_interpolation: 0, interpolation_duration: 1 }
$data merge entity $(bone_right_arm2) { transformation: [-0.9176766281873446f,0.08942160173546715f,-0.3871348385534033f,0.23129891092080135f,0f,0.9743455206347484f,0.22505734029131574f,-2.2054432688461674f,0.3973280836773385f,0.20652986118734643f,-0.8941341120655387f,2.3172888168566166f,0f,0f,0f,1f], start_interpolation: 0, interpolation_duration: 1 }
$data merge entity $(bone_right_arm1) { transformation: [-1.0419453382543808f,0.10153077697047831f,-0.4395593479408433f,0.3692835080016824f,0f,1.106288143220704f,0.2555338551224314f,-0.7718878515627803f,0.45113292834197805f,0.23449744655646623f,-1.0152147730744137f,1.8494770314707827f,0f,0f,0f,1f], start_interpolation: 0, interpolation_duration: 1 }
$data merge entity $(bone_left_arm2) { transformation: [-0.9176766281873446f,0.08942160173546715f,-0.3871348385534033f,1.8372330102486543f,0f,0.9743455206347484f,0.22505734029131574f,-2.2054432688461674f,0.3973280836773385f,0.20652986118734643f,-0.8941341120655387f,1.6219646704212742f,0f,0f,0f,1f], start_interpolation: 0, interpolation_duration: 1 }
$data merge entity $(bone_left_arm1) { transformation: [-1.0419453382543808f,0.10153077697047831f,-0.4395593479408433f,1.401669714712445f,0f,1.106288143220704f,0.2555338551224314f,-0.7718878515627803f,0.45113292834197805f,0.23449744655646623f,-1.0152147730744137f,1.4024829373337768f,0f,0f,0f,1f], start_interpolation: 0, interpolation_duration: 1 }
$data merge entity $(bone_body2) { transformation: [-1.4529879946299624f,0.141584202747823f,-0.612963494376222f,0.9869648644153871f,0f,1.5427137410050185f,0.3563407887945833f,-0.5f,0.629102799155786f,0.3270056135466319f,-1.4157123441037698f,0.6019733288263771f,0f,0f,0f,1f], start_interpolation: 0, interpolation_duration: 1 }
$data merge entity $(bone_right_leg2) { transformation: [-0.9743455206347484f,-0.010214178388607206f,-0.22482543668109872f,-0.6645929722155455f,1.3877787807814457e-17f,0.9989695798861005f,-0.04538478227542325f,-2.467294452268462f,0.22505734029131563f,-0.04422045931504193f,-0.9733415354123985f,1.1719725787219846f,0f,0f,0f,1f], start_interpolation: 0, interpolation_duration: 1 }
$data merge entity $(bone_right_leg1) { transformation: [-1.2991273608463312f,-0.1781447977979942f,-0.24147527636537824f,-0.43467999420534176f,1.850371707708594e-17f,1.0729500137734285f,-0.7915529329876665f,-1.125f,0.3000764537217542f,-0.7712460546018299f,-1.0454240397851318f,0.5010976828197835f,0f,0f,0f,1f], start_interpolation: 0, interpolation_duration: 1 }
$data merge entity $(bone_left_leg2) { transformation: [-0.7088170672815061f,0.44409716042187275f,-0.5480475136661731f,0.06000521679292603f,1.3877787807814457e-17f,0.7769399752311825f,0.6295746777688646f,-2.0451091275920548f,0.7053923483639759f,0.4462532767308257f,-0.5507083146971328f,-1.272673973482105f,0f,0f,0f,1f], start_interpolation: 0, interpolation_duration: 1 }
$data merge entity $(bone_left_leg1) { transformation: [-0.945089423042008f,0.5921295472291637f,-0.7307300182215641f,0.6038533326894824f,1.850371707708594e-17f,1.03591996697491f,0.8394329036918193f,-1.125f,0.9405231311519678f,0.5950043689744342f,-0.7342777529295104f,-0.1945664092021981f,0f,0f,0f,1f], start_interpolation: 0, interpolation_duration: 1 }
$data merge entity $(bone_tail3) { transformation: [-0.027754014471292263f,0.9333133307590242f,-0.3579887446669565f,-2.1057593944078428f,-0.3432384723158196f,0.32745475124687345f,0.8803185429196356f,1.37064134031108f,0.9388381467553549f,0.14730788340528272f,0.3112608579369175f,-0.1873229206114586f,0f,0f,0f,1f], start_interpolation: 0, interpolation_duration: 1 }
$data merge entity $(bone_tail2) { transformation: [0.20593539495014535f,1.2572137291302063f,-0.8681822179153167f,-1.1860690103550382f,-0.5351156262086648f,0.8798956705944743f,1.147244954910467f,-0.17505866961519434f,1.4310758158829833f,0.14809915349768663f,0.5539176482467699f,-0.7629854318059258f,0f,0f,0f,1f], start_interpolation: 0, interpolation_duration: 1 }
$data merge entity $(bone_tail1) { transformation: [-0.45280433450667124f,0.4824690718309594f,-0.7497945247723159f,-0.3328117859711186f,0f,0.840944582298169f,0.5411212521268759f,-0.75f,0.8916099117057696f,0.24502204845672676f,-0.3807833519445131f,-0.4698543593281018f,0f,0f,0f,1f], start_interpolation: 0, interpolation_duration: 1 }
$data merge entity $(bone_body1) { transformation: [-1.1077688820211458f,0f,-0.7420416981567803f,0.5f,0f,1.3333333333333333f,0f,-1.1875f,0.7420416981567803f,0f,-1.1077688820211458f,-0.12499999999999994f,0f,0f,0f,1f], start_interpolation: 0, interpolation_duration: 1 }
data modify entity @s data merge value {"locators":{"hitbox_head":{"posx":1.3710402034601255,"posy":-0.5707597280985713,"posz":3.190459996256802,"roty":349.92536604418785,"rotx":12.666959540857514},"hitbox_neck":{"posx":1.0670236686863146,"posy":-1.1405953464625458,"posz":2.0763471462672105,"roty":344.59534141863213,"rotx":12.883716212953598},"hitbox_right_arm":{"posx":0.2780899392003268,"posy":-3.292317459626574,"posz":2.5826590169318733,"roty":336.58875,"rotx":13.00625},"hitbox_left_arm":{"posx":1.998733617051598,"posy":-3.292317459626574,"posz":1.8376688600368636,"roty":336.58875,"rotx":13.00625},"hitbox_tail1":{"posx":-2.2015463050792783,"posy":-0.04811903275173046,"posz":-0.7040495132798611,"roty":237.46130863881618,"rotx":48.086904707304484},"hitbox_tail2":{"posx":-3.5321018099042254,"posy":1.4360361596918536,"posz":-0.2055802849913761,"roty":228.99398478871282,"rotx":61.68081296295898}},"cameras":{}}