# This file was generated by Animated Java via MC-Build. It is not recommended to edit this file directly.
$data merge entity $(bone_jaw) { transformation: [-0.98013416258717f,0.1247711272792644f,-0.15417259525288055f,1.4528728161060758f,0.053320432639615015f,0.9144789486276581f,0.4011049538212876f,0.036796020881970724f,0.19103391005963105f,0.38491611854313745f,-0.9029649090042283f,3.2494131834762046f,0f,0f,0f,1f], start_interpolation: 0, interpolation_duration: 1 }
$data merge entity $(bone_head) { transformation: [-1.1026509329105663f,0.10579056618982369f,-0.19645425996066962f,1.4092163138925937f,0.05998548671956689f,1.094596422175994f,0.25275564077292006f,0.09296394105373074f,0.21491314881708493f,0.23725941217315133f,-1.0784921463788117f,3.009748262058691f,0f,0f,0f,1f], start_interpolation: 0, interpolation_duration: 1 }
$data merge entity $(bone_neck) { transformation: [-0.9596272099942778f,0.09403605883539884f,-0.26509024402513165f,1.5737307831067018f,0.032178543254582144f,0.9729745974897726f,0.22865907809144162f,-0.7711253394571475f,0.27942827199947295f,0.2108972552650234f,-0.9367188417711412f,1.8848717334008147f,0f,0f,0f,1f], start_interpolation: 0, interpolation_duration: 1 }
$data merge entity $(bone_right_arm2) { transformation: [-0.9133223707843147f,0.09403605883539884f,-0.396231582112815f,0.257029110348536f,0f,0.9729745974897726f,0.23091217516539705f,-2.2130723561922077f,0.40723733500861514f,0.2108972552650234f,-0.8886394660922733f,2.3082781644864907f,0f,0f,0f,1f], start_interpolation: 0, interpolation_duration: 1 }
$data merge entity $(bone_right_arm1) { transformation: [-1.0370014418280238f,0.10677010846935908f,-0.44988794219059197f,0.393455465737535f,0f,1.1047315742331791f,0.26218153221904456f,-0.7772910765606705f,0.4623840574576984f,0.23945625858216196f,-1.008976060458935f,1.8468795118932038f,0f,0f,0f,1f], start_interpolation: 0, interpolation_duration: 1 }
$data merge entity $(bone_left_arm2) { transformation: [-0.9133223707843147f,0.09403605883539884f,-0.396231582112815f,1.8553432592210868f,0f,0.9729745974897726f,0.23091217516539705f,-2.2130723561922077f,0.40723733500861514f,0.2108972552650234f,-0.8886394660922733f,1.5956128282214141f,0f,0f,0f,1f], start_interpolation: 0, interpolation_duration: 1 }
$data merge entity $(bone_left_arm1) { transformation: [-1.0370014418280238f,0.10677010846935908f,-0.44988794219059197f,1.4209431328698892f,0f,1.1047315742331791f,0.26218153221904456f,-0.7772910765606705f,0.4623840574576984f,0.23945625858216196f,-1.008976060458935f,1.3887375100085118f,0f,0f,0f,1f], start_interpolation: 0, interpolation_duration: 1 }
$data merge entity $(bone_body2) { transformation: [-1.4460937537418317f,0.1488904264893815f,-0.6273666716786238f,0.9982706301423178f,0f,1.54054311269214f,0.3656109440118787f,-0.5f,0.644792447096974f,0.3339206541696204f,-1.4070124879794328f,0.5942714224391079f,0f,0f,0f,1f], start_interpolation: 0, interpolation_duration: 1 }
$data merge entity $(bone_right_leg2) { transformation: [-0.9729745974897727f,-0.01075730943160963f,-0.2306614682460154f,-0.6454535719192127f,-2.7755575615628914e-17f,0.9989142758747911f,-0.04658615087707907f,-2.4569701596123315f,0.23091217516539692f,-0.04532714139822375f,-0.9719182154960624f,1.209784288029132f,0f,0f,0f,1f], start_interpolation: 0, interpolation_duration: 1 }
$data merge entity $(bone_right_leg1) { transformation: [-1.2972994633196968f,-0.18692458725940697f,-0.24464480155136084f,-0.4247775431359959f,-3.700743415417188e-17f,1.0594712096758323f,-0.8095051165037848f,-1.125f,0.3078829002205292f,-0.7876279148961813f,-1.0308385737863455f,0.5156336673258373f,0f,0f,0f,1f], start_interpolation: 0, interpolation_duration: 1 }
$data merge entity $(bone_left_leg2) { transformation: [-0.6458720958357822f,0.49126747583873265f,-0.584384721740511f,-0.043862125775225524f,1.3877787807814457e-17f,0.7654568915477328f,0.6434871771698971f,-2.024254538734273f,0.763445633834325f,0.4156104117621727f,-0.49438724681587726f,-1.2344096128177164f,0f,0f,0f,1f], start_interpolation: 0, interpolation_duration: 1 }
$data merge entity $(bone_left_leg1) { transformation: [-0.8611627944477096f,0.6550233011183102f,-0.779179628987348f,0.602753060348444f,1.850371707708594e-17f,1.0206091887303104f,0.8579829028931961f,-1.125f,1.0179275117790998f,0.5541472156828969f,-0.659182995754503f,-0.19618151859175964f,0f,0f,0f,1f], start_interpolation: 0, interpolation_duration: 1 }
$data merge entity $(bone_tail3) { transformation: [-0.1270579957392977f,0.9219562079107958f,-0.365859284990088f,-2.266267161865328f,-0.3350095487190581f,0.30728643835945735f,0.8906984041006321f,1.2935905216704775f,0.933608519662158f,0.23573670799242408f,0.2698209341751098f,-0.2813161764604445f,0f,0f,0f,1f], start_interpolation: 0, interpolation_duration: 1 }
$data merge entity $(bone_tail2) { transformation: [0.1390143831320598f,1.1724532068698166f,-0.9913448391423677f,-1.1919017164629344f,-0.5028775592025869f,0.9752642544017317f,1.0829173124702522f,-0.18285815085862822f,1.4506982018476389f,0.2257193454226476f,0.4703845398916826f,-0.763233656027599f,0f,0f,0f,1f], start_interpolation: 0, interpolation_duration: 1 }
$data merge entity $(bone_tail1) { transformation: [-0.4642890262452598f,0.4727607700317693f,-0.7489545743415933f,-0.33810135294433397f,0f,0.8456230304367234f,0.5337805638977616f,-0.75f,0.8856837472304822f,0.24782845824073746f,-0.3926134933720321f,-0.4567922877236251f,0f,0f,0f,1f], start_interpolation: 0, interpolation_duration: 1 }
$data merge entity $(bone_body1) { transformation: [-1.0960326437167358f,0f,-0.7592695316454365f,0.5f,0f,1.3333333333333333f,0f,-1.1875f,0.7592695316454365f,0f,-1.0960326437167358f,-0.12499999999999994f,0f,0f,0f,1f], start_interpolation: 0, interpolation_duration: 1 }
data modify entity @s data merge value {"locators":{"hitbox_head":{"posx":1.405014404887322,"posy":-0.585355082592077,"posz":3.1775186292899433,"roty":349.6763956091952,"rotx":12.983572563971222},"hitbox_neck":{"posx":1.09178993654943,"posy":-1.1484839266499514,"posz":2.06258925389756,"roty":344.19855422181445,"rotx":13.21813892269604},"hitbox_right_arm":{"posx":0.304026194395525,"posy":-3.3015030412646786,"posz":2.5671529757056426,"roty":335.96859374999997,"rotx":13.350781249999995},"hitbox_left_arm":{"posx":2.016505639616115,"posy":-3.3015030412646786,"posz":1.803582972564489,"roty":335.96859374999997,"rotx":13.350781249999995},"hitbox_tail1":{"posx":-2.2156420061629873,"posy":-0.13361458993604036,"posz":-0.7809011672421344,"roty":244.61606558295568,"rotx":44.622519361025894},"hitbox_tail2":{"posx":-3.682130532555172,"posy":1.3912949236302952,"posz":-0.43894633022700186,"roty":233.59125469673745,"rotx":62.96113962743507}},"cameras":{}}