# This file was generated by Animated Java via MC-Build. It is not recommended to edit this file directly.
$data merge entity $(bone_jaw) { transformation: [-0.9806454937912213f,0.12206449511541627f,-0.15308388072945545f,1.4364541526364678f,0.05211381018496178f,0.9163950036358636f,0.3968681747119961f,0.043580785127012134f,0.188728816811258f,0.381209202857754f,-0.9050198767770675f,3.2540066677981034f,0f,0f,0f,1f], start_interpolation: 0, interpolation_duration: 1 }
$data merge entity $(bone_head) { transformation: [-1.103226180515124f,0.10344560723154528f,-0.1944633666542566f,1.3932400711577442f,0.058628036458082f,1.095293777479201f,0.2500385857351062f,0.09914491529036906f,0.21231991891266525f,0.23506498539731335f,-1.079485852002276f,3.0141209229087087f,0f,0f,0f,1f], start_interpolation: 0, interpolation_duration: 1 }
$data merge entity $(bone_neck) { transformation: [-0.9605848936166235f,0.09195165087248469f,-0.2623386286031182f,1.5626837531740074f,0.03144613758870877f,0.973594468870401f,0.22610827188697402f,-0.7673093057706201f,0.27620246665497405f,0.20894665368650076f,-0.9381116635704523f,1.8917981433883224f,0f,0f,0f,1f], start_interpolation: 0, interpolation_duration: 1 }
$data merge entity $(bone_right_arm2) { transformation: [-0.9152906097876454f,0.09195165087248469f,-0.39215812312941434f,0.24550831467356332f,-3.469446951953614e-18f,0.973594468870401f,0.2282844939652314f,-2.2096546973903024f,0.4027941156900883f,0.20894665368650076f,-0.8911218750982681f,2.3123645893687743f,0f,0f,0f,1f], start_interpolation: 0, interpolation_duration: 1 }
$data merge entity $(bone_right_arm1) { transformation: [-1.039236213196389f,0.10440343692813364f,-0.4452628689698558f,0.38261446235086627f,-3.939267893363999e-18f,1.1054353865299344f,0.25919801918968977f,-0.7748663673968046f,0.45733915218978766f,0.23724151303988103f,-1.0117946290178252f,1.8480876220490947f,0f,0f,0f,1f], start_interpolation: 0, interpolation_duration: 1 }
$data merge entity $(bone_left_arm2) { transformation: [-0.9152906097876454f,0.09195165087248469f,-0.39215812312941434f,1.8472668818019427f,-3.469446951953614e-18f,0.973594468870401f,0.2282844939652314f,-2.2096546973903024f,0.4027941156900883f,0.20894665368650076f,-0.8911218750982681f,1.60747488691112f,0f,0f,0f,1f], start_interpolation: 0, interpolation_duration: 1 }
$data merge entity $(bone_left_arm1) { transformation: [-1.039236213196389f,0.10440343692813364f,-0.4452628689698558f,1.4123163983619673f,-3.939267893363999e-18f,1.1054353865299344f,0.25919801918968977f,-0.7748663673968045f,0.45733915218978766f,0.23724151303988103f,-1.0117946290178252f,1.3949442418977454f,0f,0f,0f,1f], start_interpolation: 0, interpolation_duration: 1 }
$data merge entity $(bone_body2) { transformation: [-1.449210132163772f,0.1455901138814341f,-0.6209170282882395f,0.9932094729959439f,-5.49329100725989e-18f,1.5415245757114684f,0.3614504487782831f,-0.5f,0.6377573498426399f,0.33083220167029287f,-1.4109429689055912f,0.5977512820791557f,0f,0f,0f,1f], start_interpolation: 0, interpolation_duration: 1 }
$data merge entity $(bone_right_leg2) { transformation: [-0.973594468870401f,-0.010511763388117046f,-0.22804234917101224f,-0.6541035839545561f,1.3877787807814457e-17f,0.9989392849684494f,-0.046046769123609554f,-2.461652440079537f,0.2282844939652312f,-0.04483087972809863f,-0.9725617625826357f,1.1928584021542727f,0f,0f,0f,1f], start_interpolation: 0, interpolation_duration: 1 }
$data merge entity $(bone_right_leg1) { transformation: [-1.298125958493868f,-0.1829638663940058f,-0.24325089363928426f,-0.429251648387486f,1.850371707708594e-17f,1.065560298967711f,-0.8014730357545534f,-1.125f,0.3043793252869749f,-0.7803097145594023f,-1.0374236133228543f,0.5091264652804994f,0f,0f,0f,1f], start_interpolation: 0, interpolation_duration: 1 }
$data merge entity $(bone_left_leg2) { transformation: [-0.6362065725329459f,0.4916629694222108f,-0.5945659942889566f,-0.050739743905707235f,1.3877787807814457e-17f,0.7706435994790379f,0.6372663827489978f,-2.033654429642055f,0.771518760021998f,0.4054330611592083f,-0.49028852306901105f,-1.2208032200259546f,0f,0f,0f,1f], start_interpolation: 0, interpolation_duration: 1 }
$data merge entity $(bone_left_leg1) { transformation: [-0.8482754300439278f,0.6555506258962811f,-0.7927546590519421f,0.6032501831541651f,1.850371707708594e-17f,1.0275247993053838f,0.8496885103319971f,-1.125f,1.0286916800293306f,0.5405774148789444f,-0.6537180307586814f,-0.19545849614227764f,0f,0f,0f,1f], start_interpolation: 0, interpolation_duration: 1 }
$data merge entity $(bone_tail3) { transformation: [-0.11237691846945663f,0.8506921963771332f,-0.5135116505186207f,-2.5873951282952112f,-0.30668654952382635f,0.46186121403692904f,0.8322425003023478f,0.9723386911306331f,0.9451533148312387f,0.2510119638411346f,0.20899331441971603f,-0.44188156684487157f,0f,0f,0f,1f], start_interpolation: 0, interpolation_duration: 1 }
$data merge entity $(bone_tail2) { transformation: [0.17314015946898967f,0.9661030221601016f,-1.1888664966527072f,-1.2449370410503913f,-0.3935981081538353f,1.1843253341907065f,0.905091234717751f,-0.3044008734806773f,1.4804861112309988f,0.20187759776235728f,0.37966092909980237f,-0.8081446118645668f,0f,0f,0f,1f], start_interpolation: 0, interpolation_duration: 1 }
$data merge entity $(bone_tail1) { transformation: [-0.4723993448084582f,0.3696416183456138f,-0.8001274479802422f,-0.3357517094703266f,0f,0.9078073571269921f,0.41938741319465667f,-0.75f,0.881384626042762f,0.19811833921406996f,-0.4288476007190891f,-0.46266711435587976f,0f,0f,0f,1f], start_interpolation: 0, interpolation_duration: 1 }
$data merge entity $(bone_body1) { transformation: [-1.101335286977761f,0f,-0.7515572921842955f,0.5f,0f,1.3333333333333333f,0f,-1.1875f,0.7515572921842955f,0f,-1.101335286977761f,-0.12499999999999994f,0f,0f,0f,1f], start_interpolation: 0, interpolation_duration: 1 }
data modify entity @s data merge value {"locators":{"hitbox_head":{"posx":1.389787891210846,"posy":-0.5788067904578277,"posz":3.183386445466389,"roty":349.7880107917259,"rotx":12.84160396711551},"hitbox_neck":{"posx":1.0807017658639038,"posy":-1.1449476967885377,"posz":2.0688083395296784,"roty":344.37659432802144,"rotx":13.068057088023483},"hitbox_right_arm":{"posx":0.292430062254058,"posy":-3.297391413243319,"posz":2.5741535054620384,"roty":336.24703125,"rotx":13.19609375},"hitbox_left_arm":{"posx":2.008599955605893,"posy":-3.297391413243319,"posz":1.8189145385431227,"roty":336.24703125,"rotx":13.19609375},"hitbox_tail1":{"posx":-2.2591416916465663,"posy":-0.44502401721387513,"posz":-0.8570864973583151,"roty":252.28927449015072,"rotx":35.9505080537129},"hitbox_tail2":{"posx":-3.992778939456923,"posy":0.8342822541272343,"posz":-0.6537760300252705,"roty":247.85424421663143,"rotx":56.32979086649837}},"cameras":{}}