# This file was generated by Animated Java via MC-Build. It is not recommended to edit this file directly.
$data merge entity $(bone_jaw) { transformation: [-0.9809589355791068f,0.12039517805979902f,-0.15239608855694145f,1.4262390038307233f,0.05137081516283577f,0.9175752919634776f,0.39422915027639016f,0.0477970098549819f,0.18729817419561678f,0.3788938963325855f,-0.9062884801567878f,3.2568080738824814f,0f,0f,0f,1f], start_interpolation: 0, interpolation_duration: 1 }
$data merge entity $(bone_head) { transformation: [-1.1035788025264952f,0.10200051783862102f,-0.19322194744604002f,1.3833007932871588f,0.05779216705819024f,1.0957229631889331f,0.24834704219535667f,0.10298524145395005f,0.21071044597006888f,0.23369228121852287f,-1.0800990814078018f,3.016786055791859f,0f,0f,0f,1f], start_interpolation: 0, interpolation_duration: 1 }
$data merge entity $(bone_neck) { transformation: [-0.961173580820802f,0.09066712696766313f,-0.2606239045435913f,1.5557968388527499f,0.03099524772882165f,0.9739759672790517f,0.2245219583494335f,-0.7649377564855384f,0.274198180428584f,0.20772647219424256f,-0.9389702181642334f,1.8960642866127446f,0f,0f,0f,1f], start_interpolation: 0, interpolation_duration: 1 }
$data merge entity $(bone_right_arm2) { transformation: [-0.916502421906898f,0.09066712696766313f,-0.38961876588046923f,0.23832553231733733f,0f,0.9739759672790517f,0.22665130743685502f,-2.2075253295935857f,0.4000291372372645f,0.20772647219424256f,-0.8926513328903645f,2.314869671451703f,0f,0f,0f,1f], start_interpolation: 0, interpolation_duration: 1 }
$data merge entity $(bone_right_arm1) { transformation: [-1.040612124873457f,0.1029449670778675f,-0.44237964042678274f,0.37587024176547823f,0f,1.105868546181423f,0.25734367198559577f,-0.7733590986769923f,0.45419974957147735f,0.23585609863721288f,-1.0135312008859345f,1.8488037694578756f,0f,0f,0f,1f], start_interpolation: 0, interpolation_duration: 1 }
$data merge entity $(bone_left_arm2) { transformation: [-0.916502421906898f,0.09066712696766313f,-0.38961876588046923f,1.842204770654409f,0f,0.9739759672790517f,0.22665130743685502f,-2.2075253295935857f,0.4000291372372645f,0.20772647219424256f,-0.8926513328903645f,1.61481868128649f,0f,0f,0f,1f], start_interpolation: 0, interpolation_duration: 1 }
$data merge entity $(bone_left_arm1) { transformation: [-1.040612124873457f,0.1029449670778675f,-0.44237964042678274f,1.4069354664107385f,0f,1.105868546181423f,0.25734367198559577f,-0.7733590986769923f,0.45419974957147735f,0.23585609863721288f,-1.0135312008859345f,1.398770990065953f,0f,0f,0f,1f], start_interpolation: 0, interpolation_duration: 1 }
$data merge entity $(bone_body2) { transformation: [-1.451128834685922f,0.14355628436546664f,-0.616896379310743f,0.9900531674640964f,0f,1.5421286148584987f,0.3588645701083538f,-0.5f,0.6333794672923355f,0.3289002476408841f,-1.413364610409744f,0.5998950910707055f,0f,0f,0f,1f], start_interpolation: 0, interpolation_duration: 1 }
$data merge entity $(bone_right_leg2) { transformation: [-0.9739759672790517f,-0.010360614727479026f,-0.22641438299124123f,-0.6594305258672675f,0f,0.9989546742602413f,-0.045711691869968596f,-2.4645226829122304f,0.22665130743685485f,-0.04452208930501461f,-0.9729578451305486f,1.182302043812988f,0f,0f,0f,1f], start_interpolation: 0, interpolation_duration: 1 }
$data merge entity $(bone_right_leg1) { transformation: [-1.2986346230387356f,-0.18051877226775048f,-0.24236102508811747f,-0.432007974233764f,0f,1.0693122745636015f,-0.7964603174329494f,-1.125f,0.3022017432491398f,-0.7757332080711374f,-1.0414844569414465f,0.5050683581681241f,0f,0f,0f,1f], start_interpolation: 0, interpolation_duration: 1 }
$data merge entity $(bone_left_leg2) { transformation: [-0.6322997708108923f,0.4906952502022368f,-0.599512444626012f,-0.052053205475730335f,0f,0.7738402097265062f,0.6333808726275502f,-2.039463778785743f,0.7747238216503304f,0.400486580598403f,-0.48929898725432275f,-1.2141344215980676f,0f,0f,0f,1f], start_interpolation: 0, interpolation_duration: 1 }
$data merge entity $(bone_left_leg1) { transformation: [-0.8430663610811897f,0.6542603336029824f,-0.799349926168016f,0.6035564415815293f,0f,1.0317869463020082f,0.8445078301700668f,-1.125f,1.0329650955337737f,0.5339821074645372f,-0.6523986496724303f,-0.19500759535201373f,0f,0f,0f,1f], start_interpolation: 0, interpolation_duration: 1 }
$data merge entity $(bone_tail3) { transformation: [-0.08417319722838089f,0.7560547824036112f,-0.6490732153409042f,-2.8398961410941506f,-0.27418776959542956f,0.608665924084934f,0.7445447332847885f,0.6025460070179769f,0.9579853547276367f,0.2406386478985894f,0.156067617605008f,-0.5627097388332246f,0f,0f,0f,1f], start_interpolation: 0, interpolation_duration: 1 }
$data merge entity $(bone_tail2) { transformation: [0.20544829125381184f,0.7379584014512544f,-1.3378880777028803f,-1.2858286934222476f,-0.2790246278835403f,1.3453490250393625f,0.6992262645032714f,-0.43411146322459f,1.502222476122113f,0.14896143683603572f,0.3128485794764024f,-0.8395163635314389f,0f,0f,0f,1f], start_interpolation: 0, interpolation_duration: 1 }
$data merge entity $(bone_tail1) { transformation: [-0.47623820366793923f,0.26142676949538574f,-0.8395553689652284f,-0.3342713384382001f,-1.3877787807814457e-17f,0.954781981450212f,0.2973068581415624f,-0.75f,0.8793163101905562f,0.1415888840594965f,-0.4547036557403647f,-0.46630826808112086f,0f,0f,0f,1f], start_interpolation: 0, interpolation_duration: 1 }
$data merge entity $(bone_body1) { transformation: [-1.1046020435363129f,0f,-0.7467476837548137f,0.5f,0f,1.3333333333333333f,0f,-1.1875f,0.7467476837548137f,0f,-1.1046020435363129f,-0.12499999999999994f,0f,0f,0f,1f], start_interpolation: 0, interpolation_duration: 1 }
data modify entity @s data merge value {"locators":{"hitbox_head":{"posx":1.3803066021118249,"posy":-0.5747350275941674,"posz":3.1869845332837357,"roty":349.85748520027937,"rotx":12.753259821656151},"hitbox_neck":{"posx":1.073787863897424,"posy":-1.1427463651444512,"posz":2.0726372270247246,"roty":344.48728487363485,"rotx":12.974769195510554},"hitbox_right_arm":{"posx":0.28518638692072773,"posy":-3.294826950591065,"posz":2.578470686779972,"roty":336.42,"rotx":13.100000000000001},"hitbox_left_arm":{"posx":2.0036284279961616,"posy":-3.294826950591065,"posz":1.8284160544601007,"roty":336.42,"rotx":13.100000000000001},"hitbox_tail1":{"posx":-2.2581192172595865,"posy":-0.7541648470828042,"posz":-0.8942723562356103,"roty":256.83857849023565,"rotx":26.97181703195577},"hitbox_tail2":{"posx":-4.197321726628148,"posy":0.22247839412919457,"posz":-0.7907599292973062,"roty":256.4800603192736,"rotx":48.120009858567}},"cameras":{}}