# This file was generated by Animated Java via MC-Build. It is not recommended to edit this file directly.
$data merge entity $(bone_jaw) { transformation: [-0.9812892461414149f,0.1186275443395554f,-0.1516539519141549f,1.4153464779898268f,0.05058504627661034f,0.9188239018590849f,0.39141255787933027f,0.052288656056496435f,0.18577558639500283f,0.3764175116760825f,-0.9076327938121117f,3.2597476755743804f,0f,0f,0f,1f], start_interpolation: 0, interpolation_duration: 1 }
$data merge entity $(bone_head) { transformation: [-1.1039504019090918f,0.10047128463506075f,-0.19189588606464655f,1.3727029477532386f,0.05690817706118663f,1.0961766740841392f,0.24654240725969961f,0.10707585766976302f,0.20899753469437818f,0.23222235068488903f,-1.0807487267325633f,3.019581291856033f,0f,0f,0f,1f], start_interpolation: 0, interpolation_duration: 1 }
$data merge entity $(bone_neck) { transformation: [-0.9617953126872069f,0.08930780856449844f,-0.258793144851878f,1.5484416273049115f,0.03051848268234585f,0.9743792658525682f,0.2228310312577171f,-0.7624111407428684f,0.27206322557024415f,0.20641986727545691f,-0.9398789494856757f,1.9005769236336267f,0f,0f,0f,1f], start_interpolation: 0, interpolation_duration: 1 }
$data merge entity $(bone_right_arm2) { transformation: [-0.9177838656233759f,0.08930780856449844f,-0.3869068251282471f,0.23065386697284945f,-3.469446951953614e-18f,0.9743792658525682f,0.2249111964234114f,-2.2052521847353246f,0.39708031429600366f,0.20641986727545691f,-0.894269569197437f,2.317509340806682f,0f,0f,0f,1f], start_interpolation: 0, interpolation_duration: 1 }
$data merge entity $(bone_right_arm1) { transformation: [-1.0420670974265411f,0.10140157430760759f,-0.43930045769769716f,0.3686793814453887f,-3.939267893363999e-18f,1.1063264581034367f,0.25536792093908167f,-0.7717529507627336f,0.4508516068569208f,0.234372557635675f,-1.0153685733595899f,1.84953748956498f,0f,0f,0f,1f], start_interpolation: 0, interpolation_duration: 1 }
$data merge entity $(bone_left_arm2) { transformation: [-0.9177838656233759f,0.08930780856449844f,-0.3869068251282471f,1.8367756318137571f,-3.469446951953614e-18f,0.9743792658525682f,0.2249111964234114f,-2.2052521847353246f,0.39708031429600366f,0.20641986727545691f,-0.894269569197437f,1.6226187907886755f,0f,0f,0f,1f], start_interpolation: 0, interpolation_duration: 1 }
$data merge entity $(bone_left_arm1) { transformation: [-1.0420670974265411f,0.10140157430760759f,-0.43930045769769716f,1.4011862302716867f,-3.939267893363999e-18f,1.1063264581034367f,0.25536792093908167f,-0.7717529507627336f,0.4508516068569208f,0.234372557635675f,-1.0153685733595899f,1.402822135981976f,0f,0f,0f,1f], start_interpolation: 0, interpolation_duration: 1 }
$data merge entity $(bone_body2) { transformation: [-1.453157787237012f,0.14140403022712253f,-0.6126024731197246f,0.9866813281477751f,-5.49329100725989e-18f,1.5427671709332331f,0.35610939433706806f,-0.5f,0.6287104976353391f,0.3268314565194735f,-1.415926817895942f,0.602163176207595f,0f,0f,0f,1f], start_interpolation: 0, interpolation_duration: 1 }
$data merge entity $(bone_right_leg2) { transformation: [-0.9743792658525683f,-0.01020080577693061f,-0.22467974950607272f,-0.6650644827246057f,0f,0.9989709408823616f,-0.0453548153188732f,-2.467547122286007f,0.22491119642341117f,-0.04419279165328244f,-0.9733765719850048f,1.17102420817013f,0f,0f,0f,1f], start_interpolation: 0, interpolation_duration: 1 }
$data merge entity $(bone_right_leg1) { transformation: [-1.299172354470091f,-0.1779277550112831f,-0.24139321687873297f,-0.4349240836954792f,0f,1.0732823475105846f,-0.791102256538272f,-1.125f,0.2998815952312149f,-0.7708336359400716f,-1.0457840658198845f,0.5007331361899965f,0f,0f,0f,1f], start_interpolation: 0, interpolation_duration: 1 }
$data merge entity $(bone_left_leg2) { transformation: [-0.6288688661591109f,0.4892296119130599f,-0.6042998725824384f,-0.05240499875342686f,-1.3877787807814457e-17f,0.7772231848360811f,0.6292250161534099f,-2.045625510653926f,0.7775113820232824f,0.39570002246734304f,-0.4887714630004393f,-1.2076525367642843f,0f,0f,0f,1f], start_interpolation: 0, interpolation_duration: 1 }
$data merge entity $(bone_left_leg1) { transformation: [-0.8384918215454811f,0.6523061492174131f,-0.8057331634432512f,0.6038804537439422f,-1.850371707708594e-17f,1.0362975797814413f,0.8389666882045465f,-1.125f,1.0366818426977098f,0.5276000299564574f,-0.6516952840005856f,-0.19452590402111067f,0f,0f,0f,1f], start_interpolation: 0, interpolation_duration: 1 }
$data merge entity $(bone_tail3) { transformation: [-0.050792768822949697f,0.6159907651271832f,-0.7861141595934561f,-3.0544138035478277f,-0.22928771394264036f,0.7589125320420862f,0.6094906996373509f,0.11309510749732765f,0.9720325297387206f,0.21120403875754132f,0.10269184554893669f,-0.6684093355286542f,0f,0f,0f,1f], start_interpolation: 0, interpolation_duration: 1 }
$data merge entity $(bone_tail2) { transformation: [0.2268219502212485f,0.44156561607255945f,-1.4595573715039094f,-1.3145894171690935f,-0.1373975978882421f,1.4755316892405193f,0.4250461683778264f,-0.5944498376985982f,1.5186868716438822f,0.06754370333785036f,0.2564452088595887f,-0.8653801584683887f,0f,0f,0f,1f], start_interpolation: 0, interpolation_duration: 1 }
$data merge entity $(bone_tail1) { transformation: [-0.480316784485487f,0.12840685429134432f,-0.867644781182094f,-0.33267723910243285f,6.938893903907228e-18f,0.9892254521965805f,0.14640015275426055f,-0.75f,0.877095084093807f,0.07031845061911055f,-0.4751415883302634f,-0.47017910637920984f,0f,0f,0f,1f], start_interpolation: 0, interpolation_duration: 1 }
$data merge entity $(bone_body1) { transformation: [-1.108058173268716f,0f,-0.7416096428918477f,0.5f,0f,1.3333333333333333f,0f,-1.1875f,0.7416096428918477f,0f,-1.108058173268716f,-0.12499999999999994f,0f,0f,0f,1f], start_interpolation: 0, interpolation_duration: 1 }
data modify entity @s data merge value {"locators":{"hitbox_head":{"posx":1.3701899801961623,"posy":-0.5703951855046753,"posz":3.1907768544568067,"roty":349.93159342076115,"rotx":12.659043232539071},"hitbox_neck":{"posx":1.0664026858561058,"posy":-1.1403980030036232,"posz":2.076685954876162,"roty":344.60524983476046,"rotx":12.87536770399157},"hitbox_right_arm":{"posx":0.27743797937101355,"posy":-3.2920870487995986,"posz":2.5830417777734436,"roty":336.60421875000003,"rotx":12.99765625},"hitbox_left_arm":{"posx":1.9982827274148431,"posy":-3.2920870487995986,"posz":1.838516188468437,"roty":336.60421875000003,"rotx":12.99765625},"hitbox_tail1":{"posx":-2.198679783920021,"posy":-1.1115881034940167,"posz":-0.907015329517841,"roty":260.0348065901894,"rotx":16.00406907497889},"hitbox_tail2":{"posx":-4.305090897548575,"posy":-0.5401390722619006,"posz":-0.8878504732766503,"roty":262.55746866873005,"rotx":37.55268633717551}},"cameras":{}}