# This file was generated by Animated Java via MC-Build. It is not recommended to edit this file directly.
$data merge entity $(bone_jaw) { transformation: [-0.9826728191154999f,0.11112669677094686f,-0.14834078278199248f,1.3682189232581945f,0.04726188424835784f,0.9241087374549435f,0.3791956693538643f,0.07167463817804812f,0.17922177565488812f,0.36561441249519744f,-0.9133485952838056f,3.271904238195488f,0f,0f,0f,1f], start_interpolation: 0, interpolation_duration: 1 }
$data merge entity $(bone_head) { transformation: [-1.1055069215049373f,0.09399308375022052f,-0.18613099342076408f,1.3268564802758025f,0.05316961977940257f,1.098093428515157f,0.2387232996260349f,0.12472426031716699f,0.20162449761174914f,0.22578999636598585f,-1.0835088552955432f,3.031124492574256f,0f,0f,0f,1f], start_interpolation: 0, interpolation_duration: 1 }
$data merge entity $(bone_neck) { transformation: [-0.9644151225583281f,0.08354940777797379f,-0.2508445092896296f,1.5164816319930452f,0.028503088788331157f,0.9760830475690284f,0.21552136362291868f,-0.7515044141754699f,0.26285175538757527f,0.20070221899198742f,-0.943730668136499f,1.9196713393405767f,0f,0f,0f,1f], start_interpolation: 0, interpolation_duration: 1 }
$data merge entity $(bone_right_arm2) { transformation: [-0.9232018328699234f,0.08354940777797379f,-0.3751238092224538f,0.19731255234527334f,0f,0.9760830475690284f,0.2173979858424586f,-2.1953859174014094f,0.3843154638908173f,0.20070221899198742f,-0.9011216585489877f,2.3285559733674033f,0f,0f,0f,1f], start_interpolation: 0, interpolation_duration: 1 }
$data merge entity $(bone_right_arm1) { transformation: [-1.0482187477377254f,0.09486339008124106f,-0.42592182505466103f,0.337574103985278f,0f,1.1082609602606674f,0.24683729642529148f,-0.7648158022003693f,0.4363581829593654f,0.2278806444804857f,-1.0231485498108297f,1.8523579130760774f,0f,0f,0f,1f], start_interpolation: 0, interpolation_duration: 1 }
$data merge entity $(bone_left_arm2) { transformation: [-0.9232018328699234f,0.08354940777797379f,-0.3751238092224538f,1.8129157598676393f,0f,0.9760830475690284f,0.2173979858424586f,-2.1953859174014094f,0.3843154638908173f,0.20070221899198742f,-0.9011216585489877f,1.6560039115584733f,0f,0f,0f,1f], start_interpolation: 0, interpolation_duration: 1 }
$data merge entity $(bone_left_arm1) { transformation: [-1.0482187477377254f,0.09486339008124106f,-0.42592182505466103f,1.3761761659639418f,0f,1.1082609602606674f,0.24683729642529148f,-0.7648158022003693f,0.4363581829593654f,0.2278806444804857f,-1.0231485498108297f,1.4200030161989081f,0f,0f,0f,1f], start_interpolation: 0, interpolation_duration: 1 }
$data merge entity $(bone_body2) { transformation: [-1.4617362353773788f,0.13228656231512517f,-0.5939460312688852f,0.9720193182496446f,0f,1.5454648253176284f,0.3442134775838928f,-0.5f,0.6084994844937941f,0.3177785134039801f,-1.4267759593692306f,0.6117650664894074f,0f,0f,0f,1f], start_interpolation: 0, interpolation_duration: 1 }
$data merge entity $(bone_right_leg2) { transformation: [-0.9760830475690285f,-0.009525412140930098f,-0.2171892050077608f,-0.6888926498023913f,0f,0.9990396376770075f,-0.04381554918283742f,-2.480205744300345f,0.21739798584245829f,-0.04276761477729463f,-0.9751456541860315f,1.1219781310818322f,0f,0f,0f,1f], start_interpolation: 0, interpolation_duration: 1 }
$data merge entity $(bone_right_leg1) { transformation: [-1.3014440634253712f,-0.16691122497264294f,-0.2369847474644048f,-0.44726937120066645f,0f,1.0900963343613514f,-0.7677680376192553f,-1.125f,0.2898639811232777f,-0.7494053659854952f,-1.0640245521872547f,0.481881980606686f,0f,0f,0f,1f], start_interpolation: 0, interpolation_duration: 1 }
$data merge entity $(bone_left_leg2) { transformation: [-0.6149563682879955f,0.4818860857489439f,-0.6241910488493093f,-0.05191016056588815f,0f,0.7915569515250612f,0.6110954037565264f,-2.0718958041433613f,0.7885611359317928f,0.3757970101715996f,-0.4867729882029685f,-1.180466518088045f,0f,0f,0f,1f], start_interpolation: 0, interpolation_duration: 1 }
$data merge entity $(bone_left_leg1) { transformation: [-0.819941824383994f,0.6425147809985918f,-0.832254731799079f,0.6052521523556296f,0f,1.0554092687000816f,0.8147938716753684f,-1.125f,1.051414847909057f,0.5010626802287994f,-0.6490306509372913f,-0.19243133117852063f,0f,0f,0f,1f], start_interpolation: 0, interpolation_duration: 1 }
$data merge entity $(bone_tail3) { transformation: [0.03160827507849512f,-0.01842832158545632f,-0.9993304327949316f,-3.027309391506887f,-0.018864976898841812f,0.9996409073961101f,-0.019030735847252622f,-1.7361820822408243f,0.9993222851478739f,0.019453874262592125f,0.031249274919698505f,-0.6851234343293807f,0f,0f,0f,1f], start_interpolation: 0, interpolation_duration: 1 }
$data merge entity $(bone_tail2) { transformation: [0.14316923674134002f,-0.6358662683810071f,-1.3971087178517019f,-1.2391797098510726f,0.35915115776449014f,1.378100660857786f,-0.5904109801916548f,-1.1566011468879078f,1.4923971075549696f,-0.2706450967404684f,0.27611268729092103f,-0.8670146956832843f,0f,0f,0f,1f], start_interpolation: 0, interpolation_duration: 1 }
$data merge entity $(bone_tail1) { transformation: [-0.4977878055559515f,-0.3319009020019127f,-0.8012796589768812f,-0.3255965964936425f,0f,0.9238795325112867f,-0.3826834323650897f,-0.75f,0.8672988531295255f,-0.19049514601963735f,-0.4598959650868518f,-0.4867875894196949f,0f,0f,0f,1f], start_interpolation: 0, interpolation_duration: 1 }
$data merge entity $(bone_body1) { transformation: [-1.1226896251267158f,0f,-0.719267532570887f,0.5f,0f,1.3333333333333333f,0f,-1.1875f,0.719267532570887f,0f,-1.1226896251267158f,-0.12499999999999994f,0f,0f,0f,1f], start_interpolation: 0, interpolation_duration: 1 }
data modify entity @s data merge value {"locators":{"hitbox_head":{"posx":1.326341154142559,"posy":-0.5516396720873743,"posz":3.206660287730804,"roty":350.2525619778279,"rotx":12.251220483687673},"hitbox_neck":{"posx":1.0342986064583446,"posy":-1.1302241830725548,"posz":2.0938002184294313,"roty":345.1149015677429,"rotx":12.446116351025294},"hitbox_right_arm":{"posx":0.24362493462415624,"posy":-3.280167957891667,"posz":2.6024343001430856,"roty":337.39875,"rotx":12.556249999999997},"hitbox_left_arm":{"posx":1.9746283712552626,"posy":-3.280167957891667,"posz":1.8818428053478036,"roty":337.39875,"rotx":12.556249999999997},"hitbox_tail1":{"posx":-1.5644826483353693,"posy":-2.1194402426148247,"posz":-0.733223350846427,"roty":258.8206125584631,"rotx":-22.517728683531352},"hitbox_tail2":{"posx":-3.565245587873125,"posy":-3.0589155621122988,"posz":-0.6930789271567025,"roty":268.20893243548187,"rotx":-1.0904466728112616}},"cameras":{}}