# This file was generated by Animated Java via MC-Build. It is not recommended to edit this file directly.
$data merge entity $(bone_left_leg4) { transformation: [-0.8669911912212088f,-0.07306879984118757f,-0.23018954110601547f,0.6052909569175456f,-0.12357080064949502f,0.8712411151616506f,0.18886285097584943f,-0.6178600222389706f,0.20750067848484804f,0.21354126004510632f,-0.8493194915264075f,-0.7802818924447509f,0f,0f,0f,1f], start_interpolation: 0, interpolation_duration: 1 }
$data merge entity $(bone_left_leg3) { transformation: [-0.9769037658232703f,-0.14402992143729434f,-0.15784300444137533f,0.5071337036171608f,0.013314960959224839f,0.6962225620237877f,-0.7177024842813957f,-0.050836695453542496f,0.21326449337610692f,-0.7032279330770355f,-0.6782246899112659f,-1.2653137991330734f,0f,0f,0f,1f], start_interpolation: 0, interpolation_duration: 1 }
$data merge entity $(bone_left_leg2) { transformation: [-0.9830655935812875f,0.03580130720260216f,-0.17972285641858704f,0.5250343572184619f,-0.13824062532737674f,0.4989240408303234f,0.8555491400209795f,0.1986253249616192f,0.12029783134274269f,0.865905923229612f,-0.4855258632556111f,-0.8323608375182675f,0f,0f,0f,1f], start_interpolation: 0, interpolation_duration: 1 }
$data merge entity $(bone_left_leg1) { transformation: [-0.754942578321715f,-0.17121564248366022f,0.6330457386365291f,0.27986752596821207f,-0.31156794228278784f,0.9430551757671289f,-0.11650044120302272f,0.35834601035817415f,-0.5770503624282985f,-0.2851879016152982f,-0.7652978113085339f,-0.8144715247543232f,0f,0f,0f,1f], start_interpolation: 0, interpolation_duration: 1 }
$data merge entity $(bone_right_leg4) { transformation: [-0.6378564368191342f,0.026859692631623022f,0.634364030285555f,-0.6148355692747913f,0.05062565937896435f,0.8984829560169336f,0.012861584642568313f,-0.6838191188134766f,-0.632910901012807f,0.04479882430162219f,-0.638292140575418f,-0.9225989052333321f,0f,0f,0f,1f], start_interpolation: 0, interpolation_duration: 1 }
$data merge entity $(bone_right_leg3) { transformation: [-0.5743383581106699f,0.7363058973875852f,0.3577556091454091f,-0.08496587180569048f,-0.026105534511038378f,0.4203277053101423f,-0.9069967592095374f,-0.31188604238027373f,-0.8182016569713318f,-0.5302624308971672f,-0.22218866512132f,-1.306408936836125f,0f,0f,0f,1f], start_interpolation: 0, interpolation_duration: 1 }
$data merge entity $(bone_right_leg2) { transformation: [-0.4803738746399714f,-0.6524550831147709f,0.5861256734532951f,-0.4111934133630759f,-0.0840526183203493f,0.6994524943636298f,0.7097192159452854f,0.037840204801541155f,-0.8730269743352004f,0.2916651721515519f,-0.39083926291626714f,-1.160576350760349f,0f,0f,0f,1f], start_interpolation: 0, interpolation_duration: 1 }
$data merge entity $(bone_right_leg1) { transformation: [-0.7062840563580635f,0.5854436029780509f,0.39801836574017313f,-0.2877656743362159f,0.11391375101288281f,0.6488887771212903f,-0.7523077909049003f,0.28632534242984153f,-0.6987034342727784f,-0.48600323317660626f,-0.524989874452175f,-1.0659284262370825f,0f,0f,0f,1f], start_interpolation: 0, interpolation_duration: 1 }
$data merge entity $(bone_right_wing3) { transformation: [-0.8463967094559374f,-0.17875017111042457f,0.7865218067712537f,-1.6272683389786227f,-0.5051894056593483f,1.0062500319978402f,-0.3149604792517027f,0.9996237561864914f,-0.6287701015540399f,-0.5678598554299307f,-0.8056915724763306f,-1.2059603869931923f,0f,0f,0f,1f], start_interpolation: 0, interpolation_duration: 1 }
$data merge entity $(bone_right_wing2) { transformation: [-0.9442893685559202f,-0.15288654534294094f,-0.29145032627424206f,-0.8456442296226722f,0.01771831827754844f,0.860654231476714f,-0.5088814744502322f,0.7760028850827961f,0.3286390871909133f,-0.48569537582143785f,-0.8099977483153858f,-1.848256102225157f,0f,0f,0f,1f], start_interpolation: 0, interpolation_duration: 1 }
$data merge entity $(bone_right_wing1) { transformation: [-0.5719463636914893f,0.015069176121829534f,0.9199246643623612f,-0.6949685752097718f,-0.4858736971794588f,0.9148796144245551f,-0.31706963369369207f,1.1575157237606124f,-0.7812907388164518f,-0.5799821739954579f,-0.4762526329567701f,-1.2425325257554616f,0f,0f,0f,1f], start_interpolation: 0, interpolation_duration: 1 }
$data merge entity $(bone_left_wing3) { transformation: [0.626006022832395f,-0.24404459634393705f,-0.9568250939170933f,-1.455363189342675f,-0.5343599079508691f,0.8689637175840403f,-0.5712417284073573f,1.8516146209412079f,0.8303803430530299f,0.7431687954256496f,0.353728982913873f,-1.2673056524918456f,0f,0f,0f,1f], start_interpolation: 0, interpolation_duration: 1 }
$data merge entity $(bone_left_wing2) { transformation: [0.5354282885446563f,-0.20873342393383082f,-0.8183806605480118f,-1.2775002451711792f,-0.4570425851279972f,0.7432320762798702f,-0.4885879206122789f,1.2175070642423473f,0.710231387088502f,0.6356386068526462f,0.3025474149166859f,-0.4674564743632134f,0f,0f,0f,1f], start_interpolation: 0, interpolation_duration: 1 }
$data merge entity $(bone_left_wing1) { transformation: [0.7344598235783193f,-0.31031177096611157f,-0.7334074470990124f,-0.6421528693390122f,-0.4216499558185805f,0.6948439523372052f,-0.7162501712179283f,1.11521001640777f,0.6755673122780617f,0.7710444849756714f,0.35030032812018397f,-0.11956960190679367f,0f,0f,0f,1f], start_interpolation: 0, interpolation_duration: 1 }
$data merge entity $(bone_beak_down) { transformation: [-1.0790114710039522f,-0.05949094524778277f,-0.20541439305806336f,-1.098807678782007f,-0.1358088530039943f,1.0067967949029004f,0.42180110149095945f,1.9544536741440732f,0.16519746029411778f,0.4391139273659773f,-0.9949315342804252f,-0.028388225571002013f,0f,0f,0f,1f], start_interpolation: 0, interpolation_duration: 1 }
$data merge entity $(bone_beak_up) { transformation: [-1.0790114710039522f,-0.06672140316767103f,-0.2031809533426407f,-1.1050628103289761f,-0.1358088530039943f,1.021090064301248f,0.38591584060648876f,2.050180867672315f,0.16519746029411778f,0.4036376282565969f,-1.0098447723129347f,0.009452802078053935f,0f,0f,0f,1f], start_interpolation: 0, interpolation_duration: 1 }
$data merge entity $(bone_head) { transformation: [-1.0790114710039522f,-0.06672140316767103f,-0.2031809533426407f,-1.2066532870002964f,-0.1358088530039943f,1.021090064301248f,0.38591584060648876f,2.2431387879755595f,0.16519746029411778f,0.4036376282565969f,-1.0098447723129347f,-0.4954695840784134f,0f,0f,0f,1f], start_interpolation: 0, interpolation_duration: 1 }
$data merge entity $(bone_neck2) { transformation: [-0.9103701751693102f,0.3666029763406339f,0.19190727422478876f,-1.0867112406098034f,-0.12866259407436192f,0.19000359872746606f,-0.9733162740634043f,1.6348161166859319f,-0.39328371571710863f,-0.9107693946377428f,-0.12580551952495475f,-0.5740980337815101f,0f,0f,0f,1f], start_interpolation: 0, interpolation_duration: 1 }
$data merge entity $(bone_neck1) { transformation: [-0.6461486095554123f,0.578276037285866f,0.49808513235245566f,-0.8065383536615471f,-0.22704346755862384f,0.47742918912342963f,-0.8488301556918796f,1.1573491541092495f,-0.7286585196157137f,-0.6615574004377096f,-0.17719641000182895f,-0.673771014407539f,0f,0f,0f,1f], start_interpolation: 0, interpolation_duration: 1 }
$data merge entity $(bone_body3) { transformation: [-0.046947294107341886f,0.5773495419175918f,0.8151462801384459f,-0.260987582205169f,0.03760507320252654f,0.816489133813868f,-0.5761348391074022f,0.84829545053049f,-0.9981892656432603f,0.003605663798312342f,-0.06004322728786471f,-0.7110726774750599f,0f,0f,0f,1f], start_interpolation: 0, interpolation_duration: 1 }
$data merge entity $(bone_body2) { transformation: [-0.6503760777215305f,0.4145771585651967f,0.6365035248320041f,-0.10186170099716794f,-0.11382937675295285f,0.7752792084459197f,-0.6212769285427414f,0.6929762183948047f,-0.7510351726221564f,-0.47651645149719224f,-0.45703199115262366f,-0.8253306752632158f,0f,0f,0f,1f], start_interpolation: 0, interpolation_duration: 1 }
$data merge entity $(bone_tail2) { transformation: [-0.9683284081339557f,0.1895826185140051f,-0.16247622828627156f,0.3734743477248994f,0.2378283011505758f,0.898462067890565f,-0.36905773495977634f,-0.17336557031403876f,0.07601179627262103f,-0.39601053435380074f,-0.9150944560580766f,-2.2112543418431163f,0f,0f,0f,1f], start_interpolation: 0, interpolation_duration: 1 }
$data merge entity $(bone_tail1) { transformation: [-0.971762349589337f,0.2226152197663811f,0.07823298440540932f,0.3147996094208424f,0.11166219544776548f,0.7259246724426929f,-0.6786493380581418f,0.3356214332295676f,-0.20786892511483335f,-0.6507502085034893f,-0.7302839694969822f,-1.6635413647203796f,0f,0f,0f,1f], start_interpolation: 0, interpolation_duration: 1 }
$data merge entity $(bone_body1) { transformation: [-0.9082131204870847f,0.0210617289813442f,0.41797766847934437f,1.2246467991473532e-16f,-0.11523306868533213f,0.9475430592319581f,-0.29813334396323965f,0.5f,-0.4023310423724148f,-0.31893346402291844f,-0.8581440309585961f,-1f,0f,0f,0f,1f], start_interpolation: 0, interpolation_duration: 1 }