# This file was generated by Animated Java via MC-Build. It is not recommended to edit this file directly.
$data merge entity $(bone_right_wing3) { transformation: [-1.137226560388858f,0.1190411397215933f,0.24392729116782477f,-1.406968083966776f,0.21116781564065903f,1.048171667153323f,0.47296921230788136f,0.39335619988889164f,-0.17052703586305926f,0.5041040856880346f,-1.0410356222574477f,0.42066930182416234f,0f,0f,0f,1f], start_interpolation: 0, interpolation_duration: 1 }
$data merge entity $(bone_right_wing2) { transformation: [-0.6739475615811674f,0.1018169017274823f,-0.7317294600885046f,-1.0618769074956809f,-0.2566384144702439f,0.8965101634416103f,0.361118056962119f,0.7846688993217037f,0.6927708195767182f,0.4311645223908308f,-0.5780707103585933f,-0.47446911166807565f,0f,0f,0f,1f], start_interpolation: 0, interpolation_duration: 1 }
$data merge entity $(bone_right_wing1) { transformation: [-0.9538202783621612f,0.23048000228822527f,0.45903916634799274f,-0.5625f,0.3449436844921271f,1.0047747939549019f,0.21225592823992226f,0.5167801930309486f,-0.38059406488440717f,0.3330430799299316f,-0.9580404875560635f,-0.011851996440033374f,0f,0f,0f,1f], start_interpolation: 0, interpolation_duration: 1 }
$data merge entity $(bone_left_wing3) { transformation: [-1.137226560388858f,-0.1190411397215934f,-0.24392729116782444f,1.4069680839667758f,-0.21116781564065903f,1.048171667153323f,0.47296921230788136f,0.39335619988889164f,0.17052703586305892f,0.5041040856880346f,-1.0410356222574477f,0.42066930182416257f,0f,0f,0f,1f], start_interpolation: 0, interpolation_duration: 1 }
$data merge entity $(bone_left_wing2) { transformation: [-0.6739475615811672f,-0.10181690172748238f,0.7317294600885047f,1.0618769074956809f,0.2566384144702439f,0.8965101634416103f,0.361118056962119f,0.7846688993217037f,-0.6927708195767183f,0.4311645223908308f,-0.578070710358593f,-0.4744691116680754f,0f,0f,0f,1f], start_interpolation: 0, interpolation_duration: 1 }
$data merge entity $(bone_left_wing1) { transformation: [-0.9538202783621612f,-0.23048000228822532f,-0.4590391663479925f,0.5625f,-0.3449436844921271f,1.0047747939549019f,0.21225592823992226f,0.5167801930309486f,0.3805940648844069f,0.33304307992993154f,-0.9580404875560636f,-0.011851996440033263f,0f,0f,0f,1f], start_interpolation: 0, interpolation_duration: 1 }
$data merge entity $(bone_beak_down) { transformation: [-1.0999969007578485f,-0.0017065665663882948f,0.0019763485731939708f,-0.0008018228599719513f,-0.001150629888201867f,1.0641645610934523f,0.2784824284647779f,0.9677132931265554f,-0.0023440081033684027f,0.27847957652821564f,-1.0641633479323915f,1.2785655371197575f,0f,0f,0f,1f], start_interpolation: 0, interpolation_duration: 1 }
$data merge entity $(bone_beak_up) { transformation: [-1.0999969007578485f,-0.0017556934426515359f,0.0019328382404408748f,-0.0009664191202205328f,-0.001150629888201867f,1.0568301965141145f,0.30513703771715184f,1.0667911240497536f,-0.0023440081033684027f,0.30513415619440853f,-1.056829055405621f,1.3071718642629833f,0f,0f,0f,1f], start_interpolation: 0, interpolation_duration: 1 }
$data merge entity $(bone_head) { transformation: [-1.0999969007578485f,-0.0017556934426515359f,0.0019328382404408748f,-9.537026795309339e-17f,-0.001150629888201867f,1.0568301965141145f,0.30513703771715184f,1.2193596429083295f,-0.0023440081033684027f,0.30513415619440853f,-1.056829055405621f,0.7787573365601728f,0f,0f,0f,1f], start_interpolation: 0, interpolation_duration: 1 }
$data merge entity $(bone_neck2) { transformation: [-1f,1.188579155852409e-16f,2.950243599010632e-17f,-7.693124545927694e-17f,0f,0.2409056718283757f,-0.9705485342222298f,0.6127668090194358f,-1.2246467991473532e-16f,-0.9705485342222298f,-0.2409056718283757f,0.6281912916674379f,0f,0f,0f,1f], start_interpolation: 0, interpolation_duration: 1 }
$data merge entity $(bone_neck1) { transformation: [-1f,4.007263526084816e-17f,1.1572286606314936e-16f,-1.1837133298755425e-17f,0f,0.9449489121575307f,-0.32721789897910397f,0.42870674084368987f,-1.2246467991473532e-16f,-0.32721789897910397f,-0.9449489121575307f,0.09665752857882692f,0f,0f,0f,1f], start_interpolation: 0, interpolation_duration: 1 }