# This file was generated by Animated Java via MC-Build. It is not recommended to edit this file directly.
$data merge entity $(bone_right_wing3) { transformation: [-1.1375735584025843f,0.1172596255451328f,0.2431710209232586f,-1.4058950593176653f,0.20921890253719624f,1.0484783579036614f,0.4731555239087198f,0.3918434216007126f,-0.17061481770636402f,0.5038837953350147f,-1.0411278839577625f,0.42067896896573825f,0f,0f,0f,1f], start_interpolation: 0, interpolation_duration: 1 }
$data merge entity $(bone_right_wing2) { transformation: [-0.6730014247640965f,0.10029315746348234f,-0.7328099104348287f,-1.062144602453535f,-0.25788773698184514f,0.8967724786551655f,0.3595734092519265f,0.7837193684201289f,0.6932265123174959f,0.4309761061737365f,-0.5776647804111354f,-0.4747288676288987f,0f,0f,0f,1f], start_interpolation: 0, interpolation_duration: 1 }
$data merge entity $(bone_right_wing1) { transformation: [-0.954205837245242f,0.22907841462143397f,0.45893944179243096f,-0.5625f,0.343439428468258f,1.0052852935760734f,0.2122779983987389f,0.5167801930309486f,-0.3809877822865374f,0.3324690505675815f,-0.9580833738637717f,-0.011851996440033374f,0f,0f,0f,1f], start_interpolation: 0, interpolation_duration: 1 }
$data merge entity $(bone_left_wing3) { transformation: [-1.1375735584025843f,-0.1172596255451329f,-0.24317102092325826f,1.4058950593176651f,-0.20921890253719624f,1.0484783579036614f,0.4731555239087198f,0.3918434216007126f,0.17061481770636364f,0.5038837953350146f,-1.0411278839577625f,0.4206789689657387f,0f,0f,0f,1f], start_interpolation: 0, interpolation_duration: 1 }
$data merge entity $(bone_left_wing2) { transformation: [-0.6730014247640963f,-0.10029315746348243f,0.7328099104348288f,1.062144602453535f,0.25788773698184514f,0.8967724786551655f,0.3595734092519265f,0.7837193684201289f,-0.6932265123174961f,0.4309761061737364f,-0.5776647804111352f,-0.4747288676288985f,0f,0f,0f,1f], start_interpolation: 0, interpolation_duration: 1 }
$data merge entity $(bone_left_wing1) { transformation: [-0.954205837245242f,-0.22907841462143402f,-0.45893944179243074f,0.5625f,-0.343439428468258f,1.0052852935760734f,0.2122779983987389f,0.5167801930309486f,0.3809877822865372f,0.33246905056758136f,-0.9580833738637718f,-0.011851996440033263f,0f,0f,0f,1f], start_interpolation: 0, interpolation_duration: 1 }
$data merge entity $(bone_beak_down) { transformation: [-1.0999973664652098f,-0.0015775402359163725f,0.0018180034122590207f,-0.0007386824736534928f,-0.0010649069446738886f,1.0640371921481135f,0.27896902999931295f,0.9694145876046916f,-0.0021586437413584135f,0.27896660210921737f,-1.064036171925013f,1.277525724680892f,0f,0f,0f,1f], start_interpolation: 0, interpolation_duration: 1 }
$data merge entity $(bone_beak_up) { transformation: [-1.0999973664652098f,-0.0016192319533950208f,0.0017809709385683617f,-0.000890485469284276f,-0.0010649069446738886f,1.057289176695013f,0.3035431811403129f,1.068535447919849f,-0.0021586437413584135f,0.3035407302677232f,-1.0572882129891241f,1.305982668143491f,0f,0f,0f,1f], start_interpolation: 0, interpolation_duration: 1 }
$data merge entity $(bone_head) { transformation: [-1.0999973664652098f,-0.0016192319533950208f,0.0017809709385683617f,-9.519651813771688e-17f,-0.0010649069446738886f,1.057289176695013f,0.3035431811403129f,1.2203070384900054f,-0.0021586437413584135f,0.3035407302677232f,-1.0572882129891241f,0.777338561648929f,0f,0f,0f,1f], start_interpolation: 0, interpolation_duration: 1 }
$data merge entity $(bone_neck2) { transformation: [-1f,1.1891566162828e-16f,2.9268810124892314e-17f,-7.690351180965918e-17f,0f,0.23899797186642202f,-0.9710200664475152f,0.6134194969603086f,-1.2246467991473532e-16f,-0.9710200664475152f,-0.23899797186642202f,0.6279648292324153f,0f,0f,0f,1f], start_interpolation: 0, interpolation_duration: 1 }
$data merge entity $(bone_neck1) { transformation: [-1f,4.0214735207093825e-17f,1.1567356179716222e-16f,-1.1837133298755425e-17f,0f,0.944546312273046f,-0.32837823309621106f,0.42870674084368987f,-1.2246467991473532e-16f,-0.32837823309621106f,-0.944546312273046f,0.09665752857882692f,0f,0f,0f,1f], start_interpolation: 0, interpolation_duration: 1 }