# This file was generated by Animated Java via MC-Build. It is not recommended to edit this file directly.
$data merge entity $(bone_right_wing3) { transformation: [-1.1380784434255333f,0.11463989387505495f,0.24205519477795426f,-1.4043071349391367f,0.20634999436518808f,1.0489279473693796f,0.4734188494657864f,0.38962840130028364f,-0.17074162472040644f,0.5035508136586994f,-1.0412681890983033f,0.4206966856141166f,0f,0f,0f,1f], start_interpolation: 0, interpolation_duration: 1 }
$data merge entity $(bone_right_wing2) { transformation: [-0.6716010999635325f,0.09805247863069806f,-0.7343961287766636f,-1.0625357638519144f,-0.25971528345407374f,0.8971570163583141f,0.3572915609686543f,0.7823192274859635f,0.6939019628651754f,0.4306913041070413f,-0.5770659117452984f,-0.47511164938828115f,0f,0f,0f,1f], start_interpolation: 0, interpolation_duration: 1 }
$data merge entity $(bone_right_wing1) { transformation: [-0.9547694093641732f,0.22701175823346884f,0.45879423239318085f,-0.5625f,0.34122159431235216f,1.0060335473504751f,0.2123097649460962f,0.5167801930309486f,-0.3815682240811406f,0.33162218614000954f,-0.9581458798859369f,-0.011851996440033374f,0f,0f,0f,1f], start_interpolation: 0, interpolation_duration: 1 }
$data merge entity $(bone_left_wing3) { transformation: [-1.1380784434255333f,-0.11463989387505506f,-0.242055194777954f,1.4043071349391365f,-0.20634999436518808f,1.0489279473693796f,0.4734188494657864f,0.38962840130028364f,0.1707416247204061f,0.5035508136586992f,-1.041268189098303f,0.4206966856141168f,0f,0f,0f,1f], start_interpolation: 0, interpolation_duration: 1 }
$data merge entity $(bone_left_wing2) { transformation: [-0.6716010999635322f,-0.09805247863069816f,0.7343961287766636f,1.0625357638519144f,0.25971528345407374f,0.8971570163583141f,0.3572915609686543f,0.7823192274859635f,-0.6939019628651755f,0.43069130410704126f,-0.5770659117452982f,-0.47511164938828093f,0f,0f,0f,1f], start_interpolation: 0, interpolation_duration: 1 }
$data merge entity $(bone_left_wing1) { transformation: [-0.9547694093641732f,-0.2270117582334689f,-0.4587942323931806f,0.5625f,-0.34122159431235216f,1.0060335473504751f,0.2123097649460962f,0.5167801930309486f,0.38156822408114033f,0.3316221861400095f,-0.958145879885937f,-0.011851996440033263f,0f,0f,0f,1f], start_interpolation: 0, interpolation_duration: 1 }
$data merge entity $(bone_beak_down) { transformation: [-1.0999979836995546f,-0.0013860180564914506f,0.001585815519360132f,-0.0006457712709320248f,-0.0009372595494995158f,1.0638490764781625f,0.2796860096985489f,0.9719180240885553f,-0.001886107486660224f,0.27968414583330786f,-1.0638483074047924f,1.2759887741099356f,0f,0f,0f,1f], start_interpolation: 0, interpolation_duration: 1 }
$data merge entity $(bone_beak_up) { transformation: [-1.0999979836995546f,-0.0014178782172958374f,0.0015573947076068292f,-0.0007786973538035096f,-0.0009372595494995158f,1.0579611785675562f,0.3011930712823316f,1.0711018845792637f,-0.001886107486660224f,0.3011911922107081f,-1.057960447433287f,1.3042254483796896f,0f,0f,0f,1f], start_interpolation: 0, interpolation_duration: 1 }
$data merge entity $(bone_head) { transformation: [-1.0999979836995546f,-0.0014178782172958374f,0.0015573947076068292f,-9.4940158293787e-17f,-0.0009372595494995158f,1.0579611785675562f,0.3011930712823316f,1.2216984202204295f,-0.001886107486660224f,0.3011911922107081f,-1.057960447433287f,0.775245224663046f,0f,0f,0f,1f], start_interpolation: 0, interpolation_duration: 1 }
$data merge entity $(bone_neck2) { transformation: [-1f,1.1899992398381795e-16f,2.892431362131383e-17f,-7.686246228046586e-17f,0f,0.2361849444382827f,-0.9717081207958927f,0.6143808447229967f,-1.2246467991473532e-16f,-0.9717081207958927f,-0.2361849444382827f,0.6276296343891193f,0f,0f,0f,1f], start_interpolation: 0, interpolation_duration: 1 }
$data merge entity $(bone_neck1) { transformation: [-1f,4.0424035022283786e-17f,1.156005848563741e-16f,-1.1837133298755425e-17f,0f,0.9439504103294087f,-0.3300872957854344f,0.42870674084368987f,-1.2246467991473532e-16f,-0.3300872957854344f,-0.9439504103294087f,0.09665752857882692f,0f,0f,0f,1f], start_interpolation: 0, interpolation_duration: 1 }