# This file was generated by Animated Java via MC-Build. It is not recommended to edit this file directly.
$data merge entity $(bone_right_wing3) { transformation: [-1.1386811670208592f,0.11146782186972382f,0.24069833928840478f,-1.4023685344586947f,0.2028714534341507f,1.0494701358331398f,0.47372056462903184f,0.3869617441926697f,-0.17089160081786242f,0.50313310829099f,-1.041445486853689f,0.42072371825981464f,0f,0f,0f,1f], start_interpolation: 0, interpolation_duration: 1 }
$data merge entity $(bone_right_wing2) { transformation: [-0.669891247648146f,0.0953393784000161f,-0.7363125146639224f,-1.063005398126274f,-0.26191265923562884f,0.8976207547739706f,0.3545119737486008f,0.7806177368619975f,0.6947283463747048f,0.4303340371447578f,-0.5763376972037855f,-0.4755764263676137f,0f,0f,0f,1f], start_interpolation: 0, interpolation_duration: 1 }
$data merge entity $(bone_right_wing1) { transformation: [-0.9554463430176775f,0.22450040906126897f,0.45862071808475957f,-0.5625f,0.33852686757266265f,1.0069356306449242f,0.21234713744305672f,0.5167801930309486f,-0.3822734056361997f,0.33059236709298423f,-0.958220664186632f,-0.011851996440033374f,0f,0f,0f,1f], start_interpolation: 0, interpolation_duration: 1 }
$data merge entity $(bone_left_wing3) { transformation: [-1.1386811670208592f,-0.11146782186972391f,-0.2406983392884045f,1.4023685344586947f,-0.2028714534341507f,1.0494701358331398f,0.47372056462903184f,0.3869617441926697f,0.17089160081786217f,0.5031331082909899f,-1.041445486853689f,0.42072371825981497f,0f,0f,0f,1f], start_interpolation: 0, interpolation_duration: 1 }
$data merge entity $(bone_left_wing2) { transformation: [-0.6698912476481458f,-0.09533937840001619f,0.7363125146639224f,1.0630053981262741f,0.26191265923562884f,0.8976207547739706f,0.3545119737486008f,0.7806177368619975f,-0.6947283463747049f,0.4303340371447577f,-0.5763376972037852f,-0.4755764263676134f,0f,0f,0f,1f], start_interpolation: 0, interpolation_duration: 1 }
$data merge entity $(bone_left_wing1) { transformation: [-0.9554463430176775f,-0.22450040906126903f,-0.4586207180847593f,0.5625f,-0.33852686757266265f,1.0069356306449242f,0.21234713744305672f,0.5167801930309486f,0.38227340563619944f,0.3305923670929841f,-0.958220664186632f,-0.011851996440033263f,0f,0f,0f,1f], start_interpolation: 0, interpolation_duration: 1 }
$data merge entity $(bone_beak_down) { transformation: [-1.0999986225583356f,-0.0011512576549607607f,0.0013057471334247993f,-0.0005331714017805142f,-0.0007801508714844272f,1.063619986350624f,0.28055643995481006f,0.9749519135053324f,-0.0015561922703428777f,0.28055516256399754f,-1.063619470968968f,1.2741151329953389f,0f,0f,0f,1f], start_interpolation: 0, interpolation_duration: 1 }
$data merge entity $(bone_beak_up) { transformation: [-1.0999986225583356f,-0.001172973038913036f,0.0012862752483570334f,-0.0006431376241786114f,-0.0007801508714844272f,1.0587701436166923f,0.2983373499086344f,1.0742116144693972f,-0.0015561922703428777f,0.2983360640622237f,-1.0587696497092647f,1.3020841390011721f,0f,0f,0f,1f], start_interpolation: 0, interpolation_duration: 1 }
$data merge entity $(bone_head) { transformation: [-1.0999986225583356f,-0.001172973038913036f,0.0012862752483570334f,-9.462837417729152e-17f,-0.0007801508714844272f,1.0587701436166923f,0.2983373499086344f,1.2233802894237145f,-0.0015561922703428777f,0.2983360640622237f,-1.0587696497092647f,0.7726993141465399f,0f,0f,0f,1f], start_interpolation: 0, interpolation_duration: 1 }
$data merge entity $(bone_neck2) { transformation: [-1f,1.1910090079506684e-16f,2.8505670601166796e-17f,-7.681233005156228e-17f,0f,0.23276646475549984f,-0.9725326590327066f,0.6155473775282729f,-1.2246467991473532e-16f,-0.9725326590327066f,-0.23276646475549984f,0.6272202736743525f,0f,0f,0f,1f], start_interpolation: 0, interpolation_duration: 1 }
$data merge entity $(bone_neck1) { transformation: [-1f,4.067800669625391e-17f,1.1551146089387884e-16f,-1.1837133298755425e-17f,0f,0.9432226579476011f,-0.3321611318837032f,0.42870674084368987f,-1.2246467991473532e-16f,-0.3321611318837032f,-0.9432226579476011f,0.09665752857882692f,0f,0f,0f,1f], start_interpolation: 0, interpolation_duration: 1 }