# This file was generated by Animated Java via MC-Build. It is not recommended to edit this file directly.
$data merge entity $(bone_right_wing3) { transformation: [-1.1399539225202848f,0.10459792967145921f,0.23773912933218f,-1.3981110800126009f,0.19532027907881505f,1.0506364071325969f,0.4743086490510624f,0.38124535142078836f,-0.17120341435775238f,0.502173256050653f,-1.0418574652015962f,0.4208032276128533f,0f,0f,0f,1f], start_interpolation: 0, interpolation_duration: 1 }
$data merge entity $(bone_right_wing2) { transformation: [-0.6661351062675193f,0.08946350103136029f,-0.7404460157102423f,-1.0640072507336575f,-0.2666121706540004f,0.8986182765598183f,0.34842953877624094f,0.7769095767032304f,0.6965500489247867f,0.4295130673400679f,-0.5747491229458321f,-0.4765878689653283f,0f,0f,0f,1f], start_interpolation: 0, interpolation_duration: 1 }
$data merge entity $(bone_right_wing1) { transformation: [-0.9568915762376585f,0.21902768033105757f,0.4582537481410451f,-0.5625f,0.33265575408325765f,1.0088742747569048f,0.21242400551759605f,0.5167801930309486f,-0.38380955135564254f,0.3283453731874968f,-0.9583791813815943f,-0.011851996440033374f,0f,0f,0f,1f], start_interpolation: 0, interpolation_duration: 1 }
$data merge entity $(bone_left_wing3) { transformation: [-1.1399539225202846f,-0.10459792967145932f,-0.23773912933217972f,1.3981110800126006f,-0.19532027907881505f,1.0506364071325969f,0.4743086490510624f,0.38124535142078836f,0.171203414357752f,0.502173256050653f,-1.0418574652015962f,0.42080322761285366f,0f,0f,0f,1f], start_interpolation: 0, interpolation_duration: 1 }
$data merge entity $(bone_left_wing2) { transformation: [-0.666135106267519f,-0.08946350103136039f,0.7404460157102423f,1.0640072507336575f,0.2666121706540004f,0.8986182765598183f,0.34842953877624094f,0.7769095767032304f,-0.6965500489247869f,0.4295130673400679f,-0.5747491229458319f,-0.47658786896532807f,0f,0f,0f,1f], start_interpolation: 0, interpolation_duration: 1 }
$data merge entity $(bone_left_wing1) { transformation: [-0.9568915762376585f,-0.21902768033105763f,-0.45825374814104486f,0.5625f,-0.33265575408325765f,1.0088742747569048f,0.21242400551759605f,0.5167801930309486f,0.3838095513556423f,0.32834537318749674f,-0.9583791813815944f,-0.011851996440033263f,0f,0f,0f,1f], start_interpolation: 0, interpolation_duration: 1 }
$data merge entity $(bone_beak_down) { transformation: [-1.0999995935485696f,-0.0006320387332329329f,0.0007033633638827031f,-0.0002889395542830843f,-0.00043024304784812663f,1.063118856712571f,0.2824501927651593f,0.9815322440559514f,-0.0008420711975465241f,0.2824498132929027f,-1.0631187110981082f,1.2700094738480137f,0f,0f,0f,1f], start_interpolation: 0, interpolation_duration: 1 }
$data merge entity $(bone_beak_up) { transformation: [-1.0999995935485696f,-0.0006384141765174194f,0.0006975817666629968f,-0.00034879088333159236f,-0.00043024304784812663f,1.0605041190206668f,0.2921144098313522f,1.080954505214139f,-0.0008420711975465241f,0.2921140290495111f,-1.0605039768659803f,1.2973951640714052f,0f,0f,0f,1f], start_interpolation: 0, interpolation_duration: 1 }
$data merge entity $(bone_head) { transformation: [-1.0999995935485696f,-0.0006384141765174194f,0.0006975817666629968f,-9.39479434533321e-17f,-0.00043024304784812663f,1.0605041190206668f,0.2921144098313522f,1.227011710129815f,-0.0008420711975465241f,0.2921140290495111f,-1.0605039768659803f,0.767143175638415f,0f,0f,0f,1f], start_interpolation: 0, interpolation_duration: 1 }
$data merge entity $(bone_neck2) { transformation: [-1f,1.19315581139259e-16f,2.7593294910530022e-17f,-7.670213413425084e-17f,0f,0.22531635186358667f,-0.9742856570754208f,0.6180831744576771f,-1.2246467991473532e-16f,-0.9742856570754208f,-0.22531635186358667f,0.6263204557236735f,0f,0f,0f,1f], start_interpolation: 0, interpolation_duration: 1 }
$data merge entity $(bone_neck1) { transformation: [-1f,4.123008769054413e-17f,1.1531555704088074e-16f,-1.1837133298755425e-17f,0f,0.9416229815908383f,-0.33666921531375515f,0.42870674084368987f,-1.2246467991473532e-16f,-0.33666921531375515f,-0.9416229815908383f,0.09665752857882692f,0f,0f,0f,1f], start_interpolation: 0, interpolation_duration: 1 }