# This file was generated by Animated Java via MC-Build. It is not recommended to edit this file directly.
$data merge entity $(bone_left_leg4) { transformation: [-0.4406875837239182f,-0.004017197238447789f,-0.7847154361154889f,0.050759193477667f,0.011977915526788218f,0.8998489243240501f,-0.01133326662896883f,-0.7676514591984982f,0.784634298951561f,-0.015992983436419278f,-0.44056014503083984f,-1.4036531398395236f,0f,0f,0f,1f], start_interpolation: 0, interpolation_duration: 1 }
$data merge entity $(bone_left_leg3) { transformation: [-0.45768264389917335f,-0.386852247186751f,-0.8005447747128346f,-0.18934594349284406f,0.00874161694486994f,0.8983818087512544f,-0.43912835235044195f,-0.06641958061315473f,0.8890726526030657f,-0.20797948108259484f,-0.40779204730102675f,-1.5341507476951555f,0f,0f,0f,1f], start_interpolation: 0, interpolation_duration: 1 }
$data merge entity $(bone_left_leg2) { transformation: [-0.09132126272568725f,0.8730911044589971f,-0.4789283352326884f,0.24719960873665447f,-0.08503610817089789f,0.47234414707085126f,0.8773026085878564f,0.1697524929222709f,0.9921840994902776f,0.12084258372973711f,0.03110920565022618f,-1.473729455830287f,0f,0f,0f,1f], start_interpolation: 0, interpolation_duration: 1 }
$data merge entity $(bone_left_leg1) { transformation: [-0.8553532429701272f,-0.06774166029135636f,-0.513597018294944f,0.22387833299106125f,-0.14489914677274923f,0.9831273110152088f,0.11164644016059908f,0.3150427628609166f,0.49736814031963883f,0.16991691439340414f,-0.8507368425065465f,-1.2201858588715915f,0f,0f,0f,1f], start_interpolation: 0, interpolation_duration: 1 }
$data merge entity $(bone_right_leg4) { transformation: [-0.6514803537254075f,0.5155631791907234f,-0.3460750741856048f,-0.8891419508144607f,0.4795650847199794f,0.7363950596983576f,0.19426694409850453f,-0.4445206721352254f,0.3944498424734595f,-0.04378269423649486f,-0.8077700152011442f,-1.2897669602530402f,0f,0f,0f,1f], start_interpolation: 0, interpolation_duration: 1 }
$data merge entity $(bone_right_leg3) { transformation: [-0.827185979695057f,0.5284593308334603f,-0.191034265646192f,-0.4808578110864784f,0.5543889540188305f,0.8229829044296195f,-0.12390329567245148f,0.18046046216651748f,0.09174008206795851f,-0.20839835573161133f,-0.9737319357351515f,-1.3852074810683017f,0f,0f,0f,1f], start_interpolation: 0, interpolation_duration: 1 }
$data merge entity $(bone_right_leg2) { transformation: [-0.8162504193820186f,0.027812768863444526f,0.5770283379062309f,-0.46695142665475614f,0.5769729644505356f,0.0892834188470014f,0.8118686281733961f,0.2251021715900182f,-0.0289387482770026f,0.9956178589233622f,-0.08892484377844473f,-0.8873985516066206f,0f,0f,0f,1f], start_interpolation: 0, interpolation_duration: 1 }
$data merge entity $(bone_right_leg1) { transformation: [-0.8007290458317472f,0.5015467406311311f,-0.32754215320118507f,-0.21140612833222844f,0.511496408853588f,0.8570515444030126f,0.06191989959854727f,0.3102523038841569f,0.31177623208202215f,-0.11795557298703568f,-0.9428054220834949f,-0.7717112339112873f,0f,0f,0f,1f], start_interpolation: 0, interpolation_duration: 1 }
$data merge entity $(bone_right_wing3) { transformation: [-1.0833200386206125f,0.2921628545736105f,-0.3286550262920011f,0.25543519331799536f,0.0028783139980825285f,0.8785069366930057f,0.7714744606708387f,0.4140450296180971f,0.4397328452687215f,0.7140182032457103f,-0.814719949554572f,0.6276848947450797f,0f,0f,0f,1f], start_interpolation: 0, interpolation_duration: 1 }
$data merge entity $(bone_right_wing2) { transformation: [-0.2008838552865121f,0.24988938044538955f,-0.9472069331597226f,0.062099801291814916f,-0.5767614622149505f,0.7513944729475586f,0.32055040434779175f,1.0939944000580122f,0.791828196257812f,0.6107058568283752f,-0.006816454109011133f,-0.12979553929493298f,0f,0f,0f,1f], start_interpolation: 0, interpolation_duration: 1 }
$data merge entity $(bone_right_wing1) { transformation: [-1.0352908338054339f,0.3097432197865983f,-0.07644042350610035f,0.7367513897082096f,0.23365882666403698f,0.9128846224927156f,0.534468268327904f,0.8223720827532417f,0.2172269625795718f,0.4942791872248657f,-0.9392079870379568f,-0.05091080700013273f,0f,0f,0f,1f], start_interpolation: 0, interpolation_duration: 1 }
$data merge entity $(bone_left_wing3) { transformation: [0.4896375347050324f,-0.9946050745695314f,0.37144501103807714f,0.31676971406593946f,-0.8731676233647191f,-0.6099353854873513f,-0.48219569991297806f,2.0848144589943063f,0.6039776089327721f,-0.07546613245354108f,-0.9982341793070996f,-1.9703462446312545f,0f,0f,0f,1f], start_interpolation: 0, interpolation_duration: 1 }
$data merge entity $(bone_left_wing2) { transformation: [0.41879115799582606f,-0.8506942001054437f,0.3177000848150254f,0.8449956959868152f,-0.7468277127358384f,-0.5216829354080421f,-0.41242609325042096f,1.205446194909977f,0.5165871983259663f,-0.06454682649834859f,-0.8537982043285879f,-1.8248295917353068f,0f,0f,0f,1f], start_interpolation: 0, interpolation_duration: 1 }
$data merge entity $(bone_left_wing1) { transformation: [0.15764633469514885f,-1.0711440855656502f,0.03753787721785799f,0.9363778982623079f,-0.7213420067968419f,-0.1340964653746165f,-0.7970539243460572f,0.931606980830302f,0.7927322710086938f,0.09099229111783168f,-0.7327394220114255f,-1.1526557839002298f,0f,0f,0f,1f], start_interpolation: 0, interpolation_duration: 1 }
$data merge entity $(bone_beak_down) { transformation: [-0.6976124022068619f,0.8423281894047943f,-0.11755916647038755f,2.0310921875901076f,-0.19521188139512566f,-0.010596648131315889f,1.082487890191182f,1.2953084698508925f,0.8277857558869612f,0.7073690213618503f,0.15620438524007974f,-0.16603425483617182f,0f,0f,0f,1f], start_interpolation: 0, interpolation_duration: 1 }
$data merge entity $(bone_beak_up) { transformation: [-0.6976124022068619f,0.4465811267945086f,-0.7238109100297663f,2.0729591682270927f,-0.19521188139512566f,0.8270834156053322f,0.6984449477179955f,1.3728475400638924f,0.8277857558869612f,0.5714003157345686f,-0.4452779149352552f,-0.11246547523605602f,0f,0f,0f,1f], start_interpolation: 0, interpolation_duration: 1 }
$data merge entity $(bone_head) { transformation: [-0.6976124022068619f,0.4465811267945086f,-0.7238109100297663f,1.7110537132122097f,-0.19521188139512566f,0.8270834156053322f,0.6984449477179955f,1.7220700139228902f,0.8277857558869612f,0.5714003157345686f,-0.4452779149352552f,-0.3351044327036836f,0f,0f,0f,1f], start_interpolation: 0, interpolation_duration: 1 }
$data merge entity $(bone_neck2) { transformation: [-0.2649182494354016f,-0.8378308643837173f,-0.47734449174795685f,1.4127134058697366f,-0.08563858415814335f,0.5135181467348411f,-0.8537945571842229f,1.1884484156827508f,0.9604604906082663f,-0.18530665303773441f,-0.20779097747612058f,-0.46497379362625896f,0f,0f,0f,1f], start_interpolation: 0, interpolation_duration: 1 }
$data merge entity $(bone_neck1) { transformation: [-0.33308725755820046f,-0.5271577629183075f,-0.7817656757925118f,0.9729702132364486f,0.11988039646635902f,0.7987061599521958f,-0.5896585118502796f,0.8567655027669685f,0.9352441228874021f,-0.2901261157658565f,-0.20284296279435243f,-0.5790729601980822f,0f,0f,0f,1f], start_interpolation: 0, interpolation_duration: 1 }
$data merge entity $(bone_body3) { transformation: [-0.17744578538142064f,-0.32385235324924855f,-0.9293183773848954f,0.371905455292811f,-0.09709768717960923f,0.9454577891818285f,-0.31093666239248785f,0.7215212005955279f,0.9793288683556418f,0.035060264835468036f,-0.19921281443452676f,-0.7013897026674447f,0f,0f,0f,1f], start_interpolation: 0, interpolation_duration: 1 }
$data merge entity $(bone_body2) { transformation: [-0.5806506736770053f,-0.20690816993117325f,-0.7874222529076587f,0.17504989206589633f,0.14100937792874135f,0.9269928085982789f,-0.347563933893067f,0.6346302171222612f,0.8018485832715486f,-0.31284715441059635f,-0.5090830064759606f,-0.8286604542864349f,0f,0f,0f,1f], start_interpolation: 0, interpolation_duration: 1 }
$data merge entity $(bone_tail2) { transformation: [-0.8605738821678017f,-0.3324416409502517f,0.38586934147835916f,-0.5675896302998674f,-0.30380088881081246f,0.9431232386953853f,0.13499472800997764f,0.27950377938749316f,-0.4088002119475955f,-0.0010545117502354096f,-0.9126232928851694f,-2.2286864580189203f,0f,0f,0f,1f], start_interpolation: 0, interpolation_duration: 1 }
$data merge entity $(bone_tail1) { transformation: [-0.9318729360145082f,-0.3608740462858676f,-0.037185398222499055f,-0.5397005816329932f,-0.32805392490464763f,0.8819869388360394f,-0.3383484329464057f,0.5332651040972974f,0.154898203599513f,-0.30309893176964187f,-0.9402859054998888f,-1.5234720288940036f,0f,0f,0f,1f], start_interpolation: 0, interpolation_duration: 1 }
$data merge entity $(bone_body1) { transformation: [-0.6964551381172635f,-0.03325921242355356f,-0.7168291744753617f,1.2246467991473532e-16f,-0.007664734362815418f,0.9992131553464707f,-0.03891429081580931f,0.5f,0.7175593999364869f,-0.021607752578989916f,-0.6961620591437557f,-1f,0f,0f,0f,1f], start_interpolation: 0, interpolation_duration: 1 }