# This file was generated by Animated Java via MC-Build. It is not recommended to edit this file directly.
$data merge entity $(bone_left_leg4) { transformation: [-0.35462188127323485f,-0.005559609159356549f,-0.8271713317494908f,-0.06831212079941187f,0.020420735661649255f,0.8996465478566484f,-0.01480143522270061f,-0.7734710771837863f,0.8269379147658356f,-0.024600399907520942f,-0.35435646663652304f,-1.4226827889931042f,0f,0f,0f,1f], start_interpolation: 0, interpolation_duration: 1 }
$data merge entity $(bone_left_leg3) { transformation: [-0.3613336228229055f,-0.3565456743226139f,-0.8615759949879673f,-0.28187287685462437f,-0.0021740878764318627f,0.9243245494255594f,-0.38160110150671944f,-0.056377596270446806f,0.932434065422097f,-0.13601216655530635f,-0.33476469973602613f,-1.5037691201760823f,0f,0f,0f,1f], start_interpolation: 0, interpolation_duration: 1 }
$data merge entity $(bone_left_leg2) { transformation: [0.06814269278582286f,0.8885494740644573f,-0.45369197211287826f,0.1624018601776043f,-0.10045679136029526f,0.45854870371303885f,0.8829731136295632f,0.17289675558607262f,0.9926051614259774f,-0.014591725835816638f,0.12050757257384814f,-1.5110649830939906f,0f,0f,0f,1f], start_interpolation: 0, interpolation_duration: 1 }
$data merge entity $(bone_left_leg1) { transformation: [-0.7814784334325879f,0.0009562039550899126f,-0.6239315216862698f,0.18188350455628574f,-0.12319520681710486f,0.9800754020481062f,0.15580483727257521f,0.31204808562934655f,0.6116489181687799f,0.1986234930068423f,-0.7657899900943612f,-1.2537813402414175f,0f,0f,0f,1f], start_interpolation: 0, interpolation_duration: 1 }
$data merge entity $(bone_right_leg4) { transformation: [-0.5530565686152433f,0.5439000357165463f,-0.4564002443678924f,-0.9795480778253678f,0.5057619433503522f,0.7078182922374885f,0.23064718041302956f,-0.3383952957763357f,0.49833050134424617f,-0.11474326264118884f,-0.7406083277336594f,-1.266261669876953f,0f,0f,0f,1f], start_interpolation: 0, interpolation_duration: 1 }
$data merge entity $(bone_right_leg3) { transformation: [-0.7580627988141506f,0.593629743527025f,-0.2700824330720062f,-0.5174456181130986f,0.6207141352611305f,0.7837954058964641f,-0.01946083201264026f,0.25066756064680246f,0.20013684153869155f,-0.18239651667626677f,-0.9626405120102108f,-1.342894025383515f,0f,0f,0f,1f], start_interpolation: 0, interpolation_duration: 1 }
$data merge entity $(bone_right_leg2) { transformation: [-0.7555412178333574f,0.12307297292960351f,0.6434364859791182f,-0.45590913164829694f,0.6501403274082994f,0.020222562107544362f,0.7595449971260663f,0.26077884170057464f,0.08046752657013928f,0.9921915597887717f,-0.09529368211801004f,-0.8467982454891292f,0f,0f,0f,1f], start_interpolation: 0, interpolation_duration: 1 }
$data merge entity $(bone_right_leg1) { transformation: [-0.7198390945991983f,0.5722975432206492f,-0.3928195513339622f,-0.1849697895944075f,0.5576730800075929f,0.8137694428848086f,0.16364604994253137f,0.3129678428763025f,0.4133187797831732f,-0.10126606465424451f,-0.9049379925873324f,-0.7477746064745718f,0f,0f,0f,1f], start_interpolation: 0, interpolation_duration: 1 }
$data merge entity $(bone_right_wing3) { transformation: [-0.9903093881144491f,0.35567264331959747f,-0.5096467919873506f,0.6530475863490002f,-0.07547297304073798f,0.8828519491371243f,0.7627790192590086f,0.2965501596377468f,0.6168846830075609f,0.6789881977438144f,-0.7248336920782787f,0.4749074247682288f,0f,0f,0f,1f], start_interpolation: 0, interpolation_duration: 1 }
$data merge entity $(bone_right_wing2) { transformation: [-0.02125403530140818f,0.3042098442330053f,-0.9523679103451235f,0.28640587516794846f,-0.6041061953104755f,0.7551107991358171f,0.25468291229678053f,0.9758038101636107f,0.7966203429306258f,0.5807443944630015f,0.16772589999428583f,-0.21623269271484524f,0f,0f,0f,1f], start_interpolation: 0, interpolation_duration: 1 }
$data merge entity $(bone_right_wing1) { transformation: [-0.9957349746123622f,0.3333886789616632f,-0.26641126137051063f,0.9797941309112962f,0.1638338383215898f,0.9230973914756635f,0.5428266669782834f,0.7465646434645364f,0.39405766692914945f,0.45864398579086785f,-0.8988744965473947f,-0.2588751744474067f,0f,0f,0f,1f], start_interpolation: 0, interpolation_duration: 1 }
$data merge entity $(bone_left_wing3) { transformation: [0.8525182476963552f,-0.7727081877436038f,0.2075819354262155f,-0.2787166970672318f,-0.7948150474627594f,-0.7830594530020104f,0.3493458163017364f,2.020996599219067f,-0.09185446994060838f,-0.39584784404458984f,-1.096276792919444f,-1.2653859907907121f,0f,0f,0f,1f], start_interpolation: 0, interpolation_duration: 1 }
$data merge entity $(bone_left_wing2) { transformation: [0.7289917721735455f,-0.6609039009498021f,0.17826112815924716f,0.48852216910037294f,-0.6801045954436838f,-0.6697574263783654f,0.2981320664863341f,1.493888058696879f,-0.0776449313198026f,-0.33857203593971347f,-0.9377314333645748f,-1.7203447107592575f,0f,0f,0f,1f], start_interpolation: 0, interpolation_duration: 1 }
$data merge entity $(bone_left_wing1) { transformation: [0.5278994481142212f,-0.9459314345619283f,0.012124557700126113f,0.8207373055497534f,-0.9260922650788759f,-0.5195769167027606f,-0.21448555965808289f,0.9556723273179193f,0.19309686779668112f,0.09415232258619907f,-1.06181921762127f,-1.3527672636679937f,0f,0f,0f,1f], start_interpolation: 0, interpolation_duration: 1 }
$data merge entity $(bone_beak_down) { transformation: [-0.6149635730504077f,0.909111678718647f,-0.07304628285162051f,2.138380300300395f,-0.22030953006327636f,-0.06258009347648635f,1.0758937879102066f,1.3090528438585343f,0.8850330585827706f,0.616116618439916f,0.21706404054515477f,-0.5988445481690197f,0f,0f,0f,1f], start_interpolation: 0, interpolation_duration: 1 }
$data merge entity $(bone_beak_up) { transformation: [-0.6149635730504077f,0.4466807115087709f,-0.7951705136554634f,2.1802566170043423f,-0.22030953006327636f,0.8578902083739608f,0.6522944897355646f,1.3894800508935932f,0.8850330585827706f,0.5239281747931679f,-0.3901483728961656f,-0.5497262817821602f,0f,0f,0f,1f], start_interpolation: 0, interpolation_duration: 1 }
$data merge entity $(bone_head) { transformation: [-0.6149635730504077f,0.4466807115087709f,-0.7951705136554634f,1.7826713601766104f,-0.22030953006327636f,0.8578902083739608f,0.6522944897355646f,1.7156272957613754f,0.8850330585827706f,0.5239281747931679f,-0.3901483728961656f,-0.744800468230243f,0f,0f,0f,1f], start_interpolation: 0, interpolation_duration: 1 }
$data merge entity $(bone_neck2) { transformation: [-0.06812896438656682f,-0.877070355260369f,-0.4755060842250748f,1.4854800575359388f,-0.10277158527765194f,0.4802476471634807f,-0.8710913836409241f,1.171195180985798f,0.9923691074752033f,-0.01047803976853803f,-0.12285668566047482f,-0.8215858967680398f,0f,0f,0f,1f], start_interpolation: 0, interpolation_duration: 1 }
$data merge entity $(bone_neck1) { transformation: [-0.10214517183055372f,-0.5942145887680014f,-0.797794075164125f,1.0367208902561185f,0.11273146556293775f,0.789908004062796f,-0.6027743871379757f,0.8321345882206865f,0.9883612601390943f,-0.15150698865994547f,-0.013698607354628897f,-0.8292913634050186f,0f,0f,0f,1f], start_interpolation: 0, interpolation_duration: 1 }
$data merge entity $(bone_body3) { transformation: [0.14138384476581572f,-0.29059932047810494f,-0.9463417159656966f,0.4270948602476765f,-0.18587349675856246f,0.9311502906090519f,-0.31370396794019545f,0.6942665014211301f,0.9723485237516329f,0.22025251698071938f,0.07763489628818687f,-0.7670037709136068f,0f,0f,0f,1f], start_interpolation: 0, interpolation_duration: 1 }
$data merge entity $(bone_body2) { transformation: [-0.3936899082187568f,-0.2110229756295347f,-0.8946941152836334f,0.2034213314267682f,0.14249943807846563f,0.9475186388813222f,-0.2861858471689476f,0.6227200396288932f,0.9081311393813275f,-0.24016188858547782f,-0.3429578705278946f,-0.8527432385455804f,0f,0f,0f,1f], start_interpolation: 0, interpolation_duration: 1 }
$data merge entity $(bone_tail2) { transformation: [-0.9035730280399983f,-0.2924572134817306f,0.31308874345962967f,-0.7249673175907719f,-0.25135805150613194f,0.9536577844339629f,0.16539637278836009f,0.348465179044378f,-0.34695087972459326f,0.07075032488269528f,-0.9352109273245923f,-2.146868544629167f,0f,0f,0f,1f], start_interpolation: 0, interpolation_duration: 1 }
$data merge entity $(bone_tail1) { transformation: [-0.9208723143740895f,-0.356528677956395f,-0.15773865225103567f,-0.6066633284024952f,-0.300755256216097f,0.90710024432289f,-0.29447482508313555f,0.5693212978567297f,0.24807349007440865f,-0.22373298492627003f,-0.9425513752460837f,-1.4399550131946044f,0f,0f,0f,1f], start_interpolation: 0, interpolation_duration: 1 }
$data merge entity $(bone_body1) { transformation: [-0.5869652706411091f,0.008230093434991852f,-0.8095702789895763f,1.2246467991473532e-16f,0.0014716115951295666f,0.9999575239849358f,0.009098603476894864f,0.5f,0.8096107740269533f,0.004149191242638389f,-0.5869524501963591f,-1f,0f,0f,0f,1f], start_interpolation: 0, interpolation_duration: 1 }