# This file was generated by Animated Java via MC-Build. It is not recommended to edit this file directly.
$data merge entity $(bone_left_leg4) { transformation: [-0.2557726054562104f,-0.009872412382709916f,-0.862834230760398f,-0.15813540179706234f,0.0021641581997914f,0.8999309239800289f,-0.010938394934269735f,-0.7794655333070433f,0.8628879943059979f,-0.005183390608231017f,-0.25572923521641877f,-1.438591489523089f,0f,0f,0f,1f], start_interpolation: 0, interpolation_duration: 1 }
$data merge entity $(bone_left_leg3) { transformation: [-0.24522291101637508f,-0.3226519076672931f,-0.9141999072365475f,-0.34298683834524796f,-0.03136076459526477f,0.945139121994399f,-0.3251592571643278f,-0.05028873823847349f,0.9689593522726613f,-0.05106649150190021f,-0.24188837733349441f,-1.4617733345661708f,0f,0f,0f,1f], start_interpolation: 0, interpolation_duration: 1 }
$data merge entity $(bone_left_leg2) { transformation: [0.22752609138279145f,0.8731545226105224f,-0.43108358514893685f,0.09359042296001324f,-0.13647914987440796f,0.46691893781551325f,0.8737048398394003f,0.18317073066928313f,0.9641604220199191f,-0.13995672600494752f,0.22540362786864696f,-1.5317516975686445f,0f,0f,0f,1f], start_interpolation: 0, interpolation_duration: 1 }
$data merge entity $(bone_left_leg1) { transformation: [-0.7095935153597062f,0.06655655993093022f,-0.7014608095179766f,0.14889449031172f,-0.11604076582299769f,0.9708970708269778f,0.2095075619800075f,0.3114261678502154f,0.6949903478658295f,0.23006325693112095f,-0.6812189913556274f,-1.2740124825316506f,0f,0f,0f,1f], start_interpolation: 0, interpolation_duration: 1 }
$data merge entity $(bone_right_leg4) { transformation: [-0.4919679714120311f,0.5604446986560733f,-0.5038543984655037f,-1.025648152718852f,0.5256278817659407f,0.6863677438235823f,0.2502291952366388f,-0.29674768455295675f,0.540076702899673f,-0.15748352290582315f,-0.7025070070812032f,-1.236094305063179f,0f,0f,0f,1f], start_interpolation: 0, interpolation_duration: 1 }
$data merge entity $(bone_right_leg3) { transformation: [-0.7103894448687408f,0.6385259584972955f,-0.2960260747707752f,-0.5282520541727068f,0.6640873138884653f,0.7474250073586383f,0.018544484553171297f,0.2626620406814487f,0.23309842588804747f,-0.18341335474836593f,-0.954999824685044f,-1.3139668320816382f,0f,0f,0f,1f], start_interpolation: 0, interpolation_duration: 1 }
$data merge entity $(bone_right_leg2) { transformation: [-0.7140838452844167f,0.18779647750764691f,0.6744010267930658f,-0.4343538154188834f,0.6909049119674091f,0.03376407287126887f,0.7221567627616947f,0.2795440771170831f,0.11284797084187204f,0.9816274600982106f,-0.15385988774858933f,-0.823153102032533f,0f,0f,0f,1f], start_interpolation: 0, interpolation_duration: 1 }
$data merge entity $(bone_right_leg1) { transformation: [-0.6759642619641502f,0.616366703945508f,-0.4039361370496733f,-0.15855149998676818f,0.5891391409113524f,0.7812669049144801f,0.20624523250631074f,0.31371824807969584f,0.4427046297402993f,-0.09856018238974204f,-0.8912342572263509f,-0.7298647917182063f,0f,0f,0f,1f], start_interpolation: 0, interpolation_duration: 1 }
$data merge entity $(bone_right_wing3) { transformation: [-0.8948280103526641f,0.37583131925770935f,-0.6519119705373289f,0.9310677259664606f,-0.1930874391565623f,0.864306076397651f,0.7633137055749887f,0.23121172652564137f,0.7272933649531079f,0.6918680450372526f,-0.5994318439389735f,0.26058719696144833f,0f,0f,0f,1f], start_interpolation: 0, interpolation_duration: 1 }
$data merge entity $(bone_right_wing2) { transformation: [0.15003937952427746f,0.32145173163216123f,-0.9349636189834629f,0.40823247214535185f,-0.6567965063639294f,0.7392483560629303f,0.14876228448901851f,0.9176555747274253f,0.7389902122627244f,0.5917606376643686f,0.32204473895866326f,-0.31293217389950395f,0f,0f,0f,1f], start_interpolation: 0, interpolation_duration: 1 }
$data merge entity $(bone_right_wing1) { transformation: [-0.9499689732363686f,0.322659525759372f,-0.40873083005333316f,1.105419896711509f,0.06692001394386331f,0.9189049892825327f,0.5698652854109753f,0.7436797307835947f,0.5164220877664925f,0.4744634466631929f,-0.8257141007385618f,-0.45011216788857145f,0f,0f,0f,1f], start_interpolation: 0, interpolation_duration: 1 }
$data merge entity $(bone_left_wing3) { transformation: [0.9445296426522692f,-0.6802212773412828f,0.11008330472843013f,-0.48996306760046143f,-0.5345835764657761f,-0.6055029038719131f,0.8453059796028317f,1.8257532514157795f,-0.43478698221174816f,-0.7332263042413555f,-0.8001843742815326f,-0.984695446371435f,0f,0f,0f,1f], start_interpolation: 0, interpolation_duration: 1 }
$data merge entity $(bone_left_wing2) { transformation: [0.7978805009294743f,-0.5817990579557338f,0.15778644554698606f,0.33461752835140685f,-0.5130111013811102f,-0.5178917960918072f,0.6845492658680912f,1.6148876846708209f,-0.3165538123230741f,-0.6271347093748063f,-0.7116851411973599f,-1.5755328873532926f,0f,0f,0f,1f], start_interpolation: 0, interpolation_duration: 1 }
$data merge entity $(bone_left_wing1) { transformation: [0.5404327888119819f,-0.9339699822700563f,-0.09614355988044869f,0.6997714658391143f,-0.9128500726662618f,-0.5486258030696667f,0.19830679300133708f,0.9898158786323077f,-0.21965485817804167f,-0.017914003900442024f,-1.0606799436465986f,-1.4701569449709115f,0f,0f,0f,1f], start_interpolation: 0, interpolation_duration: 1 }
$data merge entity $(bone_beak_down) { transformation: [-0.5352814350114721f,0.9606341364840649f,0.025609395806498125f,2.1470803022122875f,-0.23063562923780329f,-0.15688029683780896f,1.0640468875900928f,1.3324786770842116f,0.9328885205951146f,0.5124164598113492f,0.2777559717742586f,-0.9412380716652835f,0f,0f,0f,1f], start_interpolation: 0, interpolation_duration: 1 }
$data merge entity $(bone_beak_up) { transformation: [-0.5352814350114721f,0.4955797434894477f,-0.8233313447057582f,2.1935409031644233f,-0.23063562923780329f,0.8486458694638986f,0.6607627371212347f,1.4120392273464522f,0.9328885205951146f,0.4941668808052566f,-0.30906002985999675f,-0.8949099265897906f,0f,0f,0f,1f], start_interpolation: 0, interpolation_duration: 1 }
$data merge entity $(bone_head) { transformation: [-0.5352814350114721f,0.4955797434894477f,-0.8233313447057582f,1.7818752308115442f,-0.23063562923780329f,0.8486458694638986f,0.6607627371212347f,1.7424205959070695f,0.9328885205951146f,0.4941668808052566f,-0.30906002985999675f,-1.049439941519789f,0f,0f,0f,1f], start_interpolation: 0, interpolation_duration: 1 }
$data merge entity $(bone_neck2) { transformation: [0.09503557732986133f,-0.8577782896430287f,-0.5051580394873073f,1.466151456131977f,-0.11931798016941302f,0.49398108470027985f,-0.861246717013555f,1.2041413977735975f,0.9882972521715679f,0.14212351591279693f,-0.05540259537885771f,-1.0840665636315752f,0f,0f,0f,1f], start_interpolation: 0, interpolation_duration: 1 }
$data merge entity $(bone_neck1) { transformation: [0.06810636819020324f,-0.6298950980334851f,-0.7736883662595208f,1.0309517501109966f,0.11367598061849099f,0.7753380936579937f,-0.6212315284603742f,0.854698663014637f,0.9911807575020639f,-0.04563996051898436f,0.12440940463429856f,-1.0140862735247822f,0f,0f,0f,1f], start_interpolation: 0, interpolation_duration: 1 }
$data merge entity $(bone_body3) { transformation: [0.36057638299768424f,-0.26527378120183853f,-0.8942116600845609f,0.4554898512330312f,-0.21878768697663378f,0.9079012079367154f,-0.3575574704218439f,0.6879690694970293f,0.9067064685176356f,0.32456928017594694f,0.2693290966723534f,-0.8254700080935647f,0f,0f,0f,1f], start_interpolation: 0, interpolation_duration: 1 }
$data merge entity $(bone_body2) { transformation: [-0.2491874410512824f,-0.23774371385378584f,-0.938820294702518f,0.22078477755740167f,0.14826558829934022f,0.9486067758310984f,-0.2795755714893181f,0.6180751766246998f,0.9570386275112225f,-0.20886146454130186f,-0.20113168343425736f,-0.8757529289521291f,0f,0f,0f,1f], start_interpolation: 0, interpolation_duration: 1 }
$data merge entity $(bone_tail2) { transformation: [-0.7054821718856109f,-0.1479829587071322f,-0.6931060157608248f,-1.1553344030266963f,-0.09755841029438755f,0.9889255327822661f,-0.11184206360820947f,0.24611520861601244f,0.7019809553915216f,-0.011284260879385416f,-0.712106314902496f,-1.809434908436167f,0f,0f,0f,1f], start_interpolation: 0, interpolation_duration: 1 }
$data merge entity $(bone_tail1) { transformation: [-0.6214107260987936f,-0.4022719566331655f,-0.6723287755227311f,-0.651087821384648f,-0.08929168698234309f,0.8888968456083085f,-0.4493210350111001f,0.5831059848743375f,0.7783801796842065f,-0.21917954004451143f,-0.5882895758898495f,-1.3682177265187798f,0f,0f,0f,1f], start_interpolation: 0, interpolation_duration: 1 }
$data merge entity $(bone_body1) { transformation: [-0.49191358447758105f,0.02575202580012903f,-0.8702630973295417f,1.2246467991473532e-16f,0.0036673283671686957f,0.9996148908535701f,0.027506738927985844f,0.5f,0.8706363053015106f,0.01033939799961781f,-0.49181858519167454f,-1f,0f,0f,0f,1f], start_interpolation: 0, interpolation_duration: 1 }