# This file was generated by Animated Java via MC-Build. It is not recommended to edit this file directly.
$data merge entity $(bone_left_leg4) { transformation: [-0.2613520183134342f,-0.010440092036093196f,-0.8611539508135422f,-0.14639123666275775f,-0.0003378080869206705f,0.8999350414874192f,-0.010807728194850819f,-0.7798785722360149f,0.86121716681055f,-0.0028152408982649035f,-0.26133707354582125f,-1.4399129685652212f,0f,0f,0f,1f], start_interpolation: 0, interpolation_duration: 1 }
$data merge entity $(bone_left_leg3) { transformation: [-0.25049312270305213f,-0.3273302421262006f,-0.911102687993004f,-0.33494500025784546f,-0.03168871897399994f,0.9433746409770918f,-0.330212222443583f,-0.051709327600472144f,0.9675996179041518f,-0.05384421371834133f,-0.24668153575165105f,-1.464878532869499f,0f,0f,0f,1f], start_interpolation: 0, interpolation_duration: 1 }
$data merge entity $(bone_left_leg2) { transformation: [0.2175933867338007f,0.8730984610128103f,-0.4362937031711289f,0.10160423024855972f,-0.1362193574977232f,0.4697945797849101f,0.8722025793630901f,0.18318796229198292f,0.9664871466774001f,-0.13035386523529752f,0.22115710507599748f,-1.5300554654871479f,0f,0f,0f,1f], start_interpolation: 0, interpolation_duration: 1 }
$data merge entity $(bone_left_leg1) { transformation: [-0.7174507690689583f,0.06040522982185015f,-0.6939853040032833f,0.15337110920715244f,-0.11851306628222807f,0.9711260025178158f,0.20704815950438119f,0.3116384245717234f,0.6864539657418728f,0.23079318760296397f,-0.6895762883635999f,-1.271679443025683f,0f,0f,0f,1f], start_interpolation: 0, interpolation_duration: 1 }
$data merge entity $(bone_right_leg4) { transformation: [-0.501939474721378f,0.5586089678780957f,-0.4959967587823493f,-1.0183018922935607f,0.5267690197874961f,0.6883736756841795f,0.2421901782012899f,-0.31371517151825973f,0.5296896860507553f,-0.15523435068057892f,-0.7108664662651007f,-1.2343366197704027f,0f,0f,0f,1f], start_interpolation: 0, interpolation_duration: 1 }
$data merge entity $(bone_right_leg3) { transformation: [-0.7190972516008759f,0.63044942500549f,-0.2922886676734383f,-0.5271967818098534f,0.6588374326116329f,0.7522833321789291f,0.0017394008966005493f,0.25038861505989957f,0.22098049717062973f,-0.19131991698726544f,-0.956328557157114f,-1.318056022688532f,0f,0f,0f,1f], start_interpolation: 0, interpolation_duration: 1 }
$data merge entity $(bone_right_leg2) { transformation: [-0.7226906167883987f,0.18393614688665652f,0.6662475262802062f,-0.43522870836652516f,0.6838497246052175f,0.05034995439882295f,0.7278835320636157f,0.27556359225931104f,0.10033855970349465f,0.9816477861027992f,-0.16217212299313807f,-0.8272321296371324f,0f,0f,0f,1f], start_interpolation: 0, interpolation_duration: 1 }
$data merge entity $(bone_right_leg1) { transformation: [-0.6868750441475533f,0.6088103292136191f,-0.39692903241020466f,-0.16079319754361407f,0.5849474830858444f,0.787227731615698f,0.1952151136739629f,0.31344752273765586f,0.43132251942001887f,-0.09809424864897587f,-0.8968491526578817f,-0.731380900062965f,0f,0f,0f,1f], start_interpolation: 0, interpolation_duration: 1 }
$data merge entity $(bone_right_wing3) { transformation: [-0.908005522077108f,0.3706532746533194f,-0.6364728492581679f,0.904273197105672f,-0.18388224586688678f,0.8642593014546376f,0.76563617043649f,0.24756939291333635f,0.7132102477593756f,0.6947140244837982f,-0.6129103789732205f,0.28046431561708257f,0f,0f,0f,1f], start_interpolation: 0, interpolation_duration: 1 }
$data merge entity $(bone_right_wing2) { transformation: [0.1376805302185145f,0.3170229059349383f,-0.9383712211653313f,0.3918331331427345f,-0.6557448752048146f,0.739208349055376f,0.15352418483563912f,0.9349454271824037f,0.7423225244065886f,0.594194828149314f,0.30966074332927096f,-0.30126216348043083f,0f,0f,0f,1f], start_interpolation: 0, interpolation_duration: 1 }
$data merge entity $(bone_right_wing1) { transformation: [-0.9584313777116942f,0.3216449824825078f,-0.3893133835004922f,1.0899099805752694f,0.07702192619406055f,0.9185030042811334f,0.569237178268426f,0.75470370211269f,0.49908719500116516f,0.4759284058358678f,-0.8354730608556503f,-0.42518910011063554f,0f,0f,0f,1f], start_interpolation: 0, interpolation_duration: 1 }
$data merge entity $(bone_left_wing3) { transformation: [0.9604090621349134f,-0.6569668817485188f,0.11386182692775575f,-0.494430019865053f,-0.5515977344967881f,-0.6706907648591939f,0.7828597596039553f,1.847380350825085f,-0.3745796826360299f,-0.6967955081620287f,-0.8608842240034795f,-1.066103942080674f,0f,0f,0f,1f], start_interpolation: 0, interpolation_duration: 1 }
$data merge entity $(bone_left_wing2) { transformation: [0.8099972295990407f,-0.5619093751423982f,0.16781639421986877f,0.3457739997483544f,-0.5277355937431742f,-0.5736475293743474f,0.6264372715118782f,1.5988725045903225f,-0.2557335158684091f,-0.5959751388856646f,-0.7611924872801851f,-1.6190843973503266f,0f,0f,0f,1f], start_interpolation: 0, interpolation_duration: 1 }
$data merge entity $(bone_left_wing1) { transformation: [0.5505913099030203f,-0.9294973331739036f,-0.08059173774642354f,0.7137858089744458f,-0.9225033323419743f,-0.5563585114626405f,0.11429750501274626f,0.9870613502165128f,-0.13945580801221505f,0.010536861809253336f,-1.0742681989456746f,-1.4596771526783074f,0f,0f,0f,1f], start_interpolation: 0, interpolation_duration: 1 }
$data merge entity $(bone_beak_down) { transformation: [-0.5412845262355269f,0.9571576386752827f,0.029331150395743577f,2.1498700115158855f,-0.22218393397300143f,-0.15830305422194263f,1.0656333527570754f,1.3275648836968421f,0.9314748311909787f,0.5184490310045541f,0.27122913027213114f,-0.9081909270126809f,0f,0f,0f,1f], start_interpolation: 0, interpolation_duration: 1 }
$data merge entity $(bone_beak_up) { transformation: [-0.5412845262355269f,0.5042578791900384f,-0.8140854088685938f,2.1971441876899513f,-0.22218393397300143f,0.8434856160752549f,0.6701987130384754f,1.4066416602038974f,0.9314748311909787f,0.4942226287301223f,-0.31320701158950043f,-0.8618575555692319f,0f,0f,0f,1f], start_interpolation: 0, interpolation_duration: 1 }
$data merge entity $(bone_head) { transformation: [-0.5412845262355269f,0.5042578791900384f,-0.8140854088685938f,1.7901014832556545f,-0.22218393397300143f,0.8434856160752549f,0.6701987130384754f,1.741741016723135f,0.9314748311909787f,0.4942226287301223f,-0.31320701158950043f,-1.0184610613639822f,0f,0f,0f,1f], start_interpolation: 0, interpolation_duration: 1 }
$data merge entity $(bone_neck2) { transformation: [0.07962027989729129f,-0.8546600288398056f,-0.5130466315381279f,1.4694473385443247f,-0.11505543966253717f,0.5033614958183694f,-0.8563816032187719f,1.2065025147114026f,0.9901630455804424f,0.12721414870617279f,-0.05825550219358275f,-1.0548707502349715f,0f,0f,0f,1f], start_interpolation: 0, interpolation_duration: 1 }
$data merge entity $(bone_neck1) { transformation: [0.047915574039681885f,-0.6263636967708902f,-0.7780569497999179f,1.031790304281871f,0.11782764958613734f,0.7770574503698562f,-0.6183028091620683f,0.8587071845577392f,0.9918773829246508f,-0.062050287607735094f,0.11103611597288136f,-0.9924129350002256f,0f,0f,0f,1f], start_interpolation: 0, interpolation_duration: 1 }
$data merge entity $(bone_body3) { transformation: [0.3343325969785098f,-0.2780966066582971f,-0.9004909727269594f,0.45160240841137783f,-0.2065401316478425f,0.9106267814077345f,-0.35791065784896947f,0.6919271972401166f,0.9195449356157083f,0.3056487237796528f,0.24701410695620676f,-0.8189260729163681f,0f,0f,0f,1f], start_interpolation: 0, interpolation_duration: 1 }
$data merge entity $(bone_body2) { transformation: [-0.26865162297510287f,-0.2423263709077766f,-0.9322576014361641f,0.2185380080523368f,0.15017265881838496f,0.9454663614632942f,-0.2890355201091666f,0.619668317212825f,0.951459131027844f,-0.2176494642860996f,-0.21761027705444833f,-0.8733286421799802f,0f,0f,0f,1f], start_interpolation: 0, interpolation_duration: 1 }
$data merge entity $(bone_tail2) { transformation: [-0.5431096009588452f,-0.12308003551693614f,-0.8305921178312936f,-1.2021801525314102f,-0.02087332386787223f,0.9908717498001648f,-0.1331821301776871f,0.2350207424223577f,0.8394023264782097f,-0.05499527529805809f,-0.5407210500783745f,-1.7456579945540596f,0f,0f,0f,1f], start_interpolation: 0, interpolation_duration: 1 }
$data merge entity $(bone_tail1) { transformation: [-0.5417858124866697f,-0.3980246054043248f,-0.7403003085781409f,-0.6469549210978045f,-0.027243048894639098f,0.888621198518985f,-0.457832045437633f,0.5783947765005825f,0.8400749666994508f,-0.2278788692165512f,-0.492285761818786f,-1.37644367318997f,0f,0f,0f,1f], start_interpolation: 0, interpolation_duration: 1 }
$data merge entity $(bone_body1) { transformation: [-0.5026628908012264f,0.01979223556389822f,-0.8642559144273977f,1.2246467991473532e-16f,0.002894557065491972f,0.9997708071749886f,0.02121213473619425f,0.5f,0.8644776687403491f,0.008160914903061459f,-0.5026049738285486f,-1f,0f,0f,0f,1f], start_interpolation: 0, interpolation_duration: 1 }