# This file was generated by Animated Java via MC-Build. It is not recommended to edit this file directly.
$data merge entity $(bone_left_leg4) { transformation: [-0.305276569807572f,-0.010337357031210359f,-0.8465809795737984f,-0.09649228407274973f,0.0031188269665257777f,0.8999130750526877f,-0.012113226967609303f,-0.7782569030857854f,0.8466383459570417f,-0.007042471073794243f,-0.3052112624991078f,-1.4354447038806424f,0f,0f,0f,1f], start_interpolation: 0, interpolation_duration: 1 }
$data merge entity $(bone_left_leg3) { transformation: [-0.30035335592740986f,-0.34746932320978763f,-0.8882865140320859f,-0.30157636935308507f,-0.020965025469830062f,0.9334657934257664f,-0.358053180702328f,-0.055779234222565144f,0.9535975719821186f,-0.08891952503323819f,-0.2876542869099491f,-1.484155954723699f,0f,0f,0f,1f], start_interpolation: 0, interpolation_duration: 1 }
$data merge entity $(bone_left_leg2) { transformation: [0.14589037840924007f,0.8793497801521153f,-0.4532769149582132f,0.13809852072297257f,-0.12247111288546704f,0.4707079829630185f,0.8737475729771623f,0.17957475725894412f,0.9816907985695923f,-0.07195803583556976f,0.17636671194554526f,-1.520134972641484f,0f,0f,0f,1f], start_interpolation: 0, interpolation_duration: 1 }
$data merge entity $(bone_left_leg1) { transformation: [-0.7548085650745615f,0.02722482960260289f,-0.6553799193927067f,0.1717358405252729f,-0.12477262751729488f,0.9749367239677756f,0.18420145406975386f,0.31224104192516133f,0.643968804766591f,0.22081030979573957f,-0.7324936761333831f,-1.2608943746839496f,0f,0f,0f,1f], start_interpolation: 0, interpolation_duration: 1 }
$data merge entity $(bone_right_leg4) { transformation: [-0.5287452122820216f,0.545936173093615f,-0.4820603648888162f,-0.997730438170022f,0.5317358053847815f,0.6964409912908561f,0.20549204101766963f,-0.3624030560253912f,0.4976801520662015f,-0.16408424835342517f,-0.731704056078449f,-1.2162992274937723f,0f,0f,0f,1f], start_interpolation: 0, interpolation_duration: 1 }
$data merge entity $(bone_right_leg3) { transformation: [-0.7452065008675162f,0.597543062029803f,-0.2959891215650333f,-0.5310738215498552f,0.6387122926966426f,0.7671537741985371f,-0.05934386144445138f,0.21667126596378988f,0.19160865905013472f,-0.233275321783054f,-0.953346078831828f,-1.3316715889040736f,0f,0f,0f,1f], start_interpolation: 0, interpolation_duration: 1 }
$data merge entity $(bone_right_leg2) { transformation: [-0.7487454738576742f,0.17381321615343032f,0.6396633343158324f,-0.44416721347314f,0.6591399949658228f,0.0931726902074507f,0.7462260494219978f,0.2632576110675152f,0.07010479594223168f,0.980361063940173f,-0.1843298725003375f,-0.8414910569339872f,0f,0f,0f,1f], start_interpolation: 0, interpolation_duration: 1 }
$data merge entity $(bone_right_leg1) { transformation: [-0.7174241471673517f,0.5826353338962055f,-0.3818882830840131f,-0.17364101689343003f,0.567745455438329f,0.8066743731911221f,0.16413882376157898f,0.31276484465576343f,0.403692569773488f,-0.0990581815518915f,-0.9095162372257628f,-0.7399917427168223f,0f,0f,0f,1f], start_interpolation: 0, interpolation_duration: 1 }
$data merge entity $(bone_right_wing3) { transformation: [-0.9588203093263471f,0.3548180858102152f,-0.5672065817511857f,0.7821439157225633f,-0.13342299574318323f,0.8698901650839335f,0.7697044698283385f,0.29361570693001204f,0.6556046709769572f,0.6959531540619555f,-0.6728947084952995f,0.3742794980417226f,0f,0f,0f,1f], start_interpolation: 0, interpolation_duration: 1 }
$data merge entity $(bone_right_wing2) { transformation: [0.0767316138269244f,0.30347893390942515f,-0.9497435422853446f,0.3231757822403547f,-0.6417717848735793f,0.7440244747252555f,0.1858939405951354f,0.9808238527544162f,0.7630473350845909f,0.5952546662421105f,0.2518544157589814f,-0.2506841368086919f,0f,0f,0f,1f], start_interpolation: 0, interpolation_duration: 1 }
$data merge entity $(bone_right_wing1) { transformation: [-0.9869124889004359f,0.32294189170036547f,-0.3087448541246425f,1.0207344434559336f,0.1261182389968552f,0.9195484592283634f,0.5586912671898371f,0.7718585240395265f,0.4286129257917795f,0.4730224908255879f,-0.875300973453405f,-0.3206959612257662f,0f,0f,0f,1f], start_interpolation: 0, interpolation_duration: 1 }
$data merge entity $(bone_left_wing3) { transformation: [0.9436627299133677f,-0.6671563488060132f,0.17708366496332112f,-0.41217797699123343f,-0.6710835068151674f,-0.8165366656205462f,0.4998703497453122f,1.9403134439537695f,-0.16156467754329837f,-0.5050998375783471f,-1.0419820416039909f,-1.2910694260937525f,0f,0f,0f,1f], start_interpolation: 0, interpolation_duration: 1 }
$data merge entity $(bone_left_wing2) { transformation: [0.7949295550803637f,-0.5706245131902586f,0.20609383155765573f,0.42921487426503585f,-0.6017760136226875f,-0.6983907717517649f,0.3874480085900067f,1.5241464344593356f,-0.07715330121337838f,-0.43201619747221875f,-0.8985596102838829f,-1.729646007990581f,0f,0f,0f,1f], start_interpolation: 0, interpolation_duration: 1 }
$data merge entity $(bone_left_wing1) { transformation: [0.5455392164402244f,-0.9358655965008646f,-0.012395955912216736f,0.778283059139536f,-0.92713677020427f,-0.5383920564532242f,-0.15544296058160617f,0.9716426288869966f,0.12812292445964604f,0.08888582533374031f,-1.0720517419386806f,-1.4009406731745717f,0f,0f,0f,1f], start_interpolation: 0, interpolation_duration: 1 }
$data merge entity $(bone_beak_down) { transformation: [-0.5793820874157306f,0.935046659259801f,-0.0020351385397677224f,2.1504412868944858f,-0.2084929882698886f,-0.1268538230911429f,1.072585092852522f,1.313287369313715f,0.9115081297630223f,0.5653280928578082f,0.24404318634551314f,-0.7344167761670742f,0f,0f,0f,1f], start_interpolation: 0, interpolation_duration: 1 }
$data merge entity $(bone_beak_up) { transformation: [-0.5793820874157306f,0.49844844064270144f,-0.791116646773818f,2.197170828204739f,-0.2084929882698886f,0.8383796253086825f,0.6809187012482221f,1.3918854591864043f,0.9115081297630223f,0.5085948838595732f,-0.3471083022455451f,-0.6867360058052392f,0f,0f,0f,1f], start_interpolation: 0, interpolation_duration: 1 }
$data merge entity $(bone_head) { transformation: [-0.5793820874157306f,0.49844844064270144f,-0.791116646773818f,1.80161250481783f,-0.2084929882698886f,0.8383796253086825f,0.6809187012482221f,1.7323448098105152f,0.9115081297630223f,0.5085948838595732f,-0.3471083022455451f,-0.8602901569280118f,0f,0f,0f,1f], start_interpolation: 0, interpolation_duration: 1 }
$data merge entity $(bone_neck2) { transformation: [-0.002163232398209425f,-0.8579103983733035f,-0.5137947730257195f,1.4804907716767552f,-0.10382854464673306f,0.5112116953243522f,-0.8531601466783028f,1.199119718136576f,0.9945928582802778f,0.05150097986020331f,-0.0901814578020684f,-0.9166535680543045f,0f,0f,0f,1f], start_interpolation: 0, interpolation_duration: 1 }
$data merge entity $(bone_neck1) { transformation: [-0.04333777353851437f,-0.607875347796f,-0.7928489130512927f,1.034513258085403f,0.1226639507837223f,0.7843526408418617f,-0.6080661888170777f,0.8570824869269699f,0.9915015847505505f,-0.12360621483683357f,0.04057229462154624f,-0.8938316523296848f,0f,0f,0f,1f], start_interpolation: 0, interpolation_duration: 1 }
$data merge entity $(bone_body3) { transformation: [0.21551234161457566f,-0.3043519676029892f,-0.9278600704998525f,0.43557871604780846f,-0.17758587097552897f,0.9221281206832455f,-0.34371934405128945f,0.6998909044376168f,0.9602175217322716f,0.23885059945785145f,0.14468138130720132f,-0.7884776265465683f,0f,0f,0f,1f], start_interpolation: 0, interpolation_duration: 1 }
$data merge entity $(bone_body2) { transformation: [-0.3489357354444567f,-0.23828915432214706f,-0.9063454812941211f,0.2089923457242782f,0.15032824894323588f,0.9403767132624169f,-0.3051115447232942f,0.6236130182567933f,0.9250109567456467f,-0.2427136503911765f,-0.29230944872564973f,-0.8615549887279808f,0f,0f,0f,1f], start_interpolation: 0, interpolation_duration: 1 }
$data merge entity $(bone_tail2) { transformation: [-0.14563918468313744f,-0.07061647201342514f,-0.986814340068692f,-1.2643858457174264f,0.14261346215630097f,0.9855333019950007f,-0.09157243619465572f,0.2453880969139594f,0.9790049174016564f,-0.1540695444895198f,-0.1334614070215342f,-1.638264833451477f,0f,0f,0f,1f], start_interpolation: 0, interpolation_duration: 1 }
$data merge entity $(bone_tail1) { transformation: [-0.3779680949093207f,-0.3602785168837909f,-0.85284201907659f,-0.6247543314099839f,0.11183565670059815f,0.8966633077984953f,-0.42835464085055386f,0.5666540775518748f,0.9190391205606889f,-0.25728253481314467f,-0.29861813769287093f,-1.4143012301818239f,0f,0f,0f,1f], start_interpolation: 0, interpolation_duration: 1 }
$data merge entity $(bone_body1) { transformation: [-0.5526029718699247f,0.005080470315086291f,-0.8334291477395692f,1.2246467991473532e-16f,0.0008380843689633783f,0.9999843024508673f,0.005540078198260732f,0.5f,0.8334442111474034f,0.0023629797353916546f,-0.552598555220381f,-1f,0f,0f,0f,1f], start_interpolation: 0, interpolation_duration: 1 }