# This file was generated by Animated Java via MC-Build. It is not recommended to edit this file directly.
$data merge entity $(bone_left_leg4) { transformation: [-0.31928023224297375f,-0.0096877669178968f,-0.8414073213794957f,-0.08416352193285268f,0.005930778478423415f,0.8998920893283621f,-0.012611638706978512f,-0.7772853624534851f,0.8414421900318007f,-0.010018719298392972f,-0.3191781103053708f,-1.4327082293027855f,0f,0f,0f,1f], start_interpolation: 0, interpolation_duration: 1 }
$data merge entity $(bone_left_leg3) { transformation: [-0.31694194479521454f,-0.3519696725198697f,-0.8807185437219337f,-0.2930958673401341f,-0.016679562604845044f,0.9305170142813939f,-0.3658686626702974f,-0.05653081032554608f,0.9482982631117377f,-0.10126912539909008f,-0.30079057235918355f,-1.4898606625796542f,0f,0f,0f,1f], start_interpolation: 0, interpolation_duration: 1 }
$data merge entity $(bone_left_leg2) { transformation: [0.12317998277479464f,0.8813646947717158f,-0.45609534820425646f,0.14758648004572378f,-0.11730180259727693f,0.46930476158085854f,0.8752104477581167f,0.1781215704648832f,0.9854273077964864f,-0.05430760137857299f,0.16119461988998043f,-1.5170144632689406f,0f,0f,0f,1f], start_interpolation: 0, interpolation_duration: 1 }
$data merge entity $(bone_left_leg1) { transformation: [-0.7645818981211503f,0.018075767799481446f,-0.6442730691903225f,0.1762041497161682f,-0.12571024052467775f,0.9762267083386877f,0.17657392036605632f,0.3123426881441669f,0.6321482867909132f,0.21599694568365996f,-0.7441329605404154f,-1.2579715700030623f,0f,0f,0f,1f], start_interpolation: 0, interpolation_duration: 1 }
$data merge entity $(bone_right_leg4) { transformation: [-0.5330471873017345f,0.5416787722226978f,-0.48212529889336847f,-0.9941793368888532f,0.5333419601790248f,0.6982695913068934f,0.19484848310546157f,-0.37161761365387136f,0.4913319139055641f,-0.17030468454923509f,-0.7345673997656583f,-1.2092424102403065f,0f,0f,0f,1f], start_interpolation: 0, interpolation_duration: 1 }
$data merge entity $(bone_right_leg3) { transformation: [-0.7502430673593393f,0.5889069320761355f,-0.30053945703006024f,-0.5337154217673727f,0.6340066403914029f,0.7697429300269034f,-0.07437339318065289f,0.21033792094009693f,0.18753911543690252f,-0.2463421340864601f,-0.9508652024103481f,-1.3345699356545049f,0f,0f,0f,1f], start_interpolation: 0, interpolation_duration: 1 }
$data merge entity $(bone_right_leg2) { transformation: [-0.7539493292543004f,0.17311115089124895f,0.6337136090964891f,-0.44715984632174827f,0.6536182588720423f,0.10089638721362176f,0.7500687239955542f,0.2607861145469078f,0.06590584637245961f,0.9797205971522424f,-0.18921937250076581f,-0.8447096370783836f,0f,0f,0f,1f], start_interpolation: 0, interpolation_duration: 1 }
$data merge entity $(bone_right_leg1) { transformation: [-0.7229230563305777f,0.57676531262737f,-0.3804261147391282f,-0.17732107164920768f,0.5634668007366869f,0.8107932193006144f,0.158491387790342f,0.31265935786299803f,0.39985924910300497f,-0.0997804073252754f,-0.9111292176309478f,-0.7425641412839457f,0f,0f,0f,1f], start_interpolation: 0, interpolation_duration: 1 }
$data merge entity $(bone_right_wing3) { transformation: [-0.9699893548598353f,0.35212110379253264f,-0.5496243678177761f,0.7507045826519478f,-0.11969220205699005f,0.8718228143144927f,0.7697755018082013f,0.3014892112622175f,0.6416774845683075f,0.6949037880751896f,-0.6872512619802185f,0.3978705415117096f,0f,0f,0f,1f], start_interpolation: 0, interpolation_duration: 1 }
$data merge entity $(bone_right_wing2) { transformation: [0.06132149043745139f,0.30117218219571185f,-0.9515960232588204f,0.3056716526298562f,-0.6371519689415344f,0.7456774860895767f,0.19494218428307114f,0.9879699440246151f,0.7682948934390068f,0.5943571345669217f,0.2376185037090813f,-0.2378780116655294f,0f,0f,0f,1f], start_interpolation: 0, interpolation_duration: 1 }
$data merge entity $(bone_right_wing1) { transformation: [-0.9923778303481435f,0.3243042249801442f,-0.28917835777362305f,1.0021833582985527f,0.13893570444454997f,0.919975521318111f,0.5549351505510146f,0.7717372506922627f,0.4116967609480531f,0.47125674631416026f,-0.8843268440963349f,-0.2950716843987935f,0f,0f,0f,1f], start_interpolation: 0, interpolation_duration: 1 }
$data merge entity $(bone_left_wing3) { transformation: [0.9240362990804845f,-0.688719540043767f,0.19692099715394887f,-0.37417370849730597f,-0.7076363893721715f,-0.8277744369715224f,0.4254359974301163f,1.9667832190771242f,-0.11119003729885046f,-0.45542336636907826f,-1.0710657771337386f,-1.329735122816252f,0f,0f,0f,1f], start_interpolation: 0, interpolation_duration: 1 }
$data merge entity $(bone_left_wing2) { transformation: [0.7795907026686103f,-0.5890676944998462f,0.21269129650575333f,0.4552795191891755f,-0.6247883304215368f,-0.7080025333994965f,0.32919895939836086f,1.505018918899681f,-0.04333449528644426f,-0.38952748811416515f,-0.9199948138558927f,-1.7447862067651005f,0f,0f,0f,1f], start_interpolation: 0, interpolation_duration: 1 }
$data merge entity $(bone_left_wing1) { transformation: [0.5355501480932394f,-0.9416964197047719f,0.0022367618635998525f,0.7946317065875159f,-0.9237487367719818f,-0.5258402138035543f,-0.20926407233519967f,0.9670854680255847f,0.1829902218715208f,0.10154326060038521f,-1.0629273992315587f,-1.3833668584470449f,0f,0f,0f,1f], start_interpolation: 0, interpolation_duration: 1 }
$data merge entity $(bone_beak_down) { transformation: [-0.5906973085156345f,0.9277892979098812f,-0.0168436455755524f,2.147454911920455f,-0.208160069448121f,-0.11302807638770468f,1.0741946003566807f,1.310703620110393f,0.9042931356588629f,0.5800273033504413f,0.23626733199550987f,-0.6857472036928955f,0f,0f,0f,1f], start_interpolation: 0, interpolation_duration: 1 }
$data merge entity $(bone_beak_up) { transformation: [-0.5906973085156345f,0.4904860360984856f,-0.7877183113935972f,2.193437977804688f,-0.208160069448121f,0.839938107017368f,0.6790974612435493f,1.3894478176432712f,0.9042931356588629f,0.5137386736196479f,-0.35822688345207454f,-0.6375842030410536f,0f,0f,0f,1f], start_interpolation: 0, interpolation_duration: 1 }
$data merge entity $(bone_head) { transformation: [-0.5906973085156345f,0.4904860360984856f,-0.7877183113935972f,1.7995788221078894f,-0.208160069448121f,0.839938107017368f,0.6790974612435493f,1.7289965482650458f,0.9042931356588629f,0.5137386736196479f,-0.35822688345207454f,-0.8166976447670908f,0f,0f,0f,1f], start_interpolation: 0, interpolation_duration: 1 }
$data merge entity $(bone_neck2) { transformation: [-0.02518248051574841f,-0.8605910857898416f,-0.5086735944927113f,1.4816578255499449f,-0.10202907746624532f,0.5083904325489734f,-0.8550609542272729f,1.194583451873f,0.9944626237453376f,0.030366941757924766f,-0.10060784672086928f,-0.8795775489676342f,0f,0f,0f,1f], start_interpolation: 0, interpolation_duration: 1 }
$data merge entity $(bone_neck1) { transformation: [-0.06712012272103707f,-0.6024538705993062f,-0.7953264882586442f,1.0342866759044576f,0.12194850400410055f,0.7861941425603977f,-0.6058278076936408f,0.8538053100453271f,0.990264334153803f,-0.13765211223819052f,0.020698900919851007f,-0.867934417200218f,0f,0f,0f,1f], start_interpolation: 0, interpolation_duration: 1 }
$data merge entity $(bone_body3) { transformation: [0.18449035707647718f,-0.30628168536202f,-0.9338923050103767f,0.43146137993784595f,-0.17364285985184172f,0.9250980679508009f,-0.33770063946662743f,0.70056103962561f,0.9673734880428901f,0.22446624219578304f,0.11748804512049937f,-0.7804752488626695f,0f,0f,0f,1f], start_interpolation: 0, interpolation_duration: 1 }
$data merge entity $(bone_body2) { transformation: [-0.3685880465691641f,-0.23380641089606005f,-0.8997096276856384f,0.2065339730164363f,0.1492005628836335f,0.9404265738703523f,-0.3055111310470991f,0.6241832568638352f,0.9175413036814934f,-0.2468449338803078f,-0.31174594569311054f,-0.8584117352859472f,0f,0f,0f,1f], start_interpolation: 0, interpolation_duration: 1 }
$data merge entity $(bone_tail2) { transformation: [-0.08819392310871188f,-0.061834555679155856f,-0.9941822366400719f,-1.2675394564152662f,0.16263561582905534f,0.9837845233463329f,-0.07561526359229503f,0.25139508737602656f,0.9827367340191362f,-0.1683582470453696f,-0.07670731556515165f,-1.6307101157099484f,0f,0f,0f,1f], start_interpolation: 0, interpolation_duration: 1 }
$data merge entity $(bone_tail1) { transformation: [-0.3579082349477509f,-0.3500636897697061f,-0.8656541506060053f,-0.6182988434607621f,0.1321063380551923f,0.8987575347283905f,-0.4180703400321447f,0.5649478424001351f,0.9243644361409804f,-0.26398921734374825f,-0.27542709075906546f,-1.4241397976406494f,0f,0f,0f,1f], start_interpolation: 0, interpolation_duration: 1 }
$data merge entity $(bone_body1) { transformation: [-0.5656403541846015f,0.002978458488105872f,-0.8246466628216919f,1.2246467991473532e-16f,0.0005066715501297549f,0.9999945439808936f,0.0032642445351056234f,0.5f,0.8246518859505864f,0.001428563432021098f,-0.5656387771402008f,-1f,0f,0f,0f,1f], start_interpolation: 0, interpolation_duration: 1 }