# This file was generated by Animated Java via MC-Build. It is not recommended to edit this file directly.
$data merge entity $(bone_left_leg4) { transformation: [-0.46461045324698774f,0.0078019023139981325f,-0.7707634248288583f,0.014868170932334529f,0.043135059204504445f,0.8988067859566928f,-0.016903496254431938f,-0.7625903769892856f,0.769595019085397f,-0.04566718557654437f,-0.4643684041366992f,-1.3951273549843968f,0f,0f,0f,1f], start_interpolation: 0, interpolation_duration: 1 }
$data merge entity $(bone_left_leg3) { transformation: [-0.4940093769769224f,-0.3692660808447f,-0.7871450292013968f,-0.21288482537610318f,0.02774010769562532f,0.8981749739832774f,-0.4387621252286642f,-0.061536513675036014f,0.8690139365303114f,-0.23858809200740577f,-0.43346337846276867f,-1.5469769628360281f,0f,0f,0f,1f], start_interpolation: 0, interpolation_duration: 1 }
$data merge entity $(bone_left_leg2) { transformation: [-0.11970999918977121f,0.8859072289625265f,-0.44814941455492524f,0.23006878910516007f,-0.06194978907115278f,0.44385040095095774f,0.8939569593720459f,0.16038868680044285f,0.9908742300251958f,0.13477834858615606f,0.0017484348326191612f,-1.47958778854295f,0f,0f,0f,1f], start_interpolation: 0, interpolation_duration: 1 }
$data merge entity $(bone_left_leg1) { transformation: [-0.8470968684172645f,-0.05999061220290886f,-0.5280416858214737f,0.2119412568564829f,-0.12708376616539035f,0.9876473719858524f,0.09166452414462074f,0.3125f,0.5160199723798335f,0.14475425747438164f,-0.8442568288430697f,-1.2296457133109486f,0f,0f,0f,1f], start_interpolation: 0, interpolation_duration: 1 }
$data merge entity $(bone_right_leg4) { transformation: [-0.5507247497125378f,0.46205243602728047f,-0.5414885007230708f,-0.946345597074987f,0.567816993103171f,0.6980365811932128f,0.01813266829138091f,-0.41557216793422014f,0.42928558372875314f,-0.33053362563791894f,-0.7186524959431478f,-1.0649639020063362f,0f,0f,0f,1f], start_interpolation: 0, interpolation_duration: 1 }
$data merge entity $(bone_right_leg3) { transformation: [-0.7844520698957178f,0.4626406816540144f,-0.4130357729241299f,-0.5735503500267182f,0.5917848455531333f,0.7576157600619359f,-0.27533444513796296f,0.16984805493335445f,0.1855414956552268f,-0.4604149864898892f,-0.8680969955054199f,-1.3560190796546643f,0f,0f,0f,1f], start_interpolation: 0, interpolation_duration: 1 }
$data merge entity $(bone_right_leg2) { transformation: [-0.7923532916870268f,0.19002420644808876f,0.579712913532645f,-0.47853824680267376f,0.606754023067853f,0.14663568082451994f,0.78124742085981f,0.24316589534561442f,0.06344932342987597f,0.970767108050589f,-0.23148521612273082f,-0.8706355256293697f,0f,0f,0f,1f], start_interpolation: 0, interpolation_duration: 1 }
$data merge entity $(bone_right_leg1) { transformation: [-0.7543654527582918f,0.5254516526454064f,-0.39348865856208465f,-0.21194125685648268f,0.521974513852956f,0.8436243304036599f,0.12585942967829944f,0.3125f,0.3980896514263438f,-0.11044704560642529f,-0.9106734209056857f,-0.7703542866890514f,0f,0f,0f,1f], start_interpolation: 0, interpolation_duration: 1 }
$data merge entity $(bone_right_wing3) { transformation: [-1.0386511890002572f,0.3451764081099538f,-0.4111113241559087f,0.4802347383380647f,-0.005945641796155497f,0.8879544084363901f,0.760563727677421f,0.32552592511059186f,0.5367717605356542f,0.677750530652137f,-0.7870742412687404f,0.5826931654933432f,0f,0f,0f,1f], start_interpolation: 0, interpolation_duration: 1 }
$data merge entity $(bone_right_wing2) { transformation: [-0.05309540133266963f,0.2952323247691609f,-0.9539490304878555f,0.1432994990975741f,-0.5927510186803369f,0.7594749760771404f,0.26803729323743297f,0.9993818901679951f,0.8036336903158962f,0.5796858072473602f,0.13467463259734871f,-0.12855862609632251f,0f,0f,0f,1f], start_interpolation: 0, interpolation_duration: 1 }
$data merge entity $(bone_right_wing1) { transformation: [-1.0165949438197521f,0.34615934666359305f,-0.14254661703688445f,0.8213416635301595f,0.2414137622245161f,0.9214602257259665f,0.5159860065202992f,0.72710330879006f,0.2861210001377573f,0.4524332771067973f,-0.9418333261027051f,-0.09278926246773656f,0f,0f,0f,1f], start_interpolation: 0, interpolation_duration: 1 }
$data merge entity $(bone_left_wing3) { transformation: [0.5542334608863934f,-0.9990600690252189f,0.24831394501674262f,0.15763303923395122f,-0.989507689151106f,-0.5947961963463542f,-0.18451987399548594f,2.1943615681989503f,0.2839988907043325f,-0.12268671186316972f,-1.1274964154211202f,-1.4601098791910123f,0f,0f,0f,1f], start_interpolation: 0, interpolation_duration: 1 }
$data merge entity $(bone_left_wing2) { transformation: [0.4957357207196301f,-0.8545045948458844f,0.15513862378485913f,0.6931562139574478f,-0.8590244280380849f,-0.5087342578617109f,-0.05715318811523634f,1.3523854275533358f,0.127761994491438f,-0.10493499066167286f,-0.9862380648192428f,-1.7389959420241778f,0f,0f,0f,1f], start_interpolation: 0, interpolation_duration: 1 }
$data merge entity $(bone_left_wing1) { transformation: [0.37837756176740195f,-1.0134998117842025f,0.057093461757486294f,0.9201050215965714f,-0.878073673505332f,-0.35735357994588696f,-0.5243054013719685f,0.9161399196838678f,0.5093409032847434f,0.13684904648683607f,-0.9462849960914719f,-1.1973869081492894f,0f,0f,0f,1f], start_interpolation: 0, interpolation_duration: 1 }
$data merge entity $(bone_beak_down) { transformation: [-0.6985804676947616f,0.8259608835592458f,-0.19943407177661238f,2.055819076344357f,-0.22575117124529698f,0.06848700810208114f,1.0744049229236636f,1.297040437104189f,0.8191591657527527f,0.7232552443994144f,0.12601631883212128f,-0.23219943601615628f,0f,0f,0f,1f], start_interpolation: 0, interpolation_duration: 1 }
$data merge entity $(bone_beak_up) { transformation: [-0.6985804676947616f,0.355327470417912f,-0.7718339969979146f,2.0891310266960366f,-0.22575117124529698f,0.8856735856949363f,0.612061033136118f,1.3800723357630893f,0.8191591657527527f,0.5471057378319877f,-0.4895442500883569f,-0.18090827309440743f,0f,0f,0f,1f], start_interpolation: 0, interpolation_duration: 1 }
$data merge entity $(bone_head) { transformation: [-0.6985804676947616f,0.355327470417912f,-0.7718339969979146f,1.7032140281970793f,-0.22575117124529698f,0.8856735856949363f,0.612061033136118f,1.6861028523311483f,0.8191591657527527f,0.5471057378319877f,-0.4895442500883569f,-0.4256803981385859f,0f,0f,0f,1f], start_interpolation: 0, interpolation_duration: 1 }
$data merge entity $(bone_neck2) { transformation: [-0.24357718989340235f,-0.8826382315719908f,-0.40201978151715634f,1.4519516647488566f,-0.09345832623899257f,0.43393505541402544f,-0.8960836506372788f,1.126050570682849f,0.9653681649092433f,-0.18069344163609075f,-0.18818657319124882f,-0.5432970063831164f,0f,0f,0f,1f], start_interpolation: 0, interpolation_duration: 1 }
$data merge entity $(bone_neck1) { transformation: [-0.27687558942797813f,-0.5470195741626207f,-0.7900060084973118f,1.0075732849691186f,0.09940532283246895f,0.801430593170635f,-0.5897690955982153f,0.7943054544088528f,0.9557502235267762f,-0.24182346828442688f,-0.16751991050441875f,-0.6375269560418519f,0f,0f,0f,1f], start_interpolation: 0, interpolation_duration: 1 }
$data merge entity $(bone_body3) { transformation: [-0.08778965161458835f,-0.2743981910422365f,-0.9576004437249064f,0.39192312070091223f,-0.16803254301671797f,0.9516158669568743f,-0.2572786548535484f,0.6929822868101897f,0.9818645739391579f,0.13832163427557068f,-0.1296498512710727f,-0.7099130109440492f,0f,0f,0f,1f], start_interpolation: 0, interpolation_duration: 1 }
$data merge entity $(bone_body2) { transformation: [-0.5281062477840026f,-0.16584423805964726f,-0.832826200208613f,0.183716570648759f,0.12937512814473567f,0.9535809431288185f,-0.27192914724075884f,0.625f,0.8392650756876727f,-0.2513544779867033f,-0.4821359342830578f,-0.8304469945148137f,0f,0f,0f,1f], start_interpolation: 0, interpolation_duration: 1 }
$data merge entity $(bone_tail2) { transformation: [-0.04695394532990438f,-0.02159506281086393f,-0.9986635971537919f,-1.2030306025135258f,0.20329881753896561f,0.9786346851387479f,-0.0307204139074026f,0.27319296963388706f,0.9779902442280366f,-0.20446957305569607f,-0.04156050876982459f,-1.740720962267428f,0f,0f,0f,1f], start_interpolation: 0, interpolation_duration: 1 }
$data merge entity $(bone_tail1) { transformation: [-0.4002972665872321f,-0.29034074951820077f,-0.8691745207563324f,-0.5511497119462765f,0.18146518552428556f,0.9045844075151359f,-0.3857427071548173f,0.5625f,0.8982385456021286f,-0.3121366669420623f,-0.30941592774915927f,-1.5086590164555587f,0f,0f,0f,1f], start_interpolation: 0, interpolation_duration: 1 }
$data merge entity $(bone_body1) { transformation: [-0.6782120219407449f,0f,-0.7348662825950355f,1.2246467991473532e-16f,0f,1f,0f,0.5f,0.7348662825950355f,0f,-0.6782120219407449f,-1f,0f,0f,0f,1f], start_interpolation: 0, interpolation_duration: 1 }