# This file was generated by Animated Java via MC-Build. It is not recommended to edit this file directly.
$data merge entity $(bone_left_leg4) { transformation: [-0.5873777670640826f,0.03064226712754181f,-0.6812109880382851f,0.09669423534271679f,0.06685157456442183f,0.8973473781340918f,-0.017278597574122978f,-0.7467270360407146f,0.6786149318553711f,-0.06187676802448014f,-0.5879226478387907f,-1.3570501430316366f,0f,0f,0f,1f], start_interpolation: 0, interpolation_duration: 1 }
$data merge entity $(bone_left_leg3) { transformation: [-0.6439835196559918f,-0.3529815145791034f,-0.678740949683252f,-0.1256205912364075f,0.05356912311252027f,0.8642145000987789f,-0.5002635773949299f,-0.0672996873794473f,0.7631615657647053f,-0.35852105682157565f,-0.5376309853004231f,-1.592338999066542f,0f,0f,0f,1f], start_interpolation: 0, interpolation_duration: 1 }
$data merge entity $(bone_left_leg2) { transformation: [-0.34117799324419495f,0.8479770221919483f,-0.4056261169603611f,0.2983679198595666f,-0.02341371461516086f,0.4237176420776697f,0.9054916663117666f,0.14455913365938755f,0.9397070686622422f,0.3184310437545565f,-0.12470884282840528f,-1.4331234771892638f,0f,0f,0f,1f], start_interpolation: 0, interpolation_duration: 1 }
$data merge entity $(bone_left_leg1) { transformation: [-0.9072039593823796f,-0.11157094856457764f,-0.4056265517903559f,0.2401028505416026f,-0.12708376616539033f,0.9918262549416446f,0.011419123681451326f,0.3125f,0.4010370213062059f,0.0619080240746889f,-0.913967561840689f,-1.2000171771668546f,0f,0f,0f,1f], start_interpolation: 0, interpolation_duration: 1 }
$data merge entity $(bone_right_leg4) { transformation: [-0.5928643101304768f,0.3485863641120689f,-0.5805165428552768f,-0.8545458397378669f,0.577975204179109f,0.6625000800510682f,-0.19245338990634958f,-0.4115208239957837f,0.35278403184899265f,-0.4995810151391429f,-0.6602743643250982f,-0.9232236428519254f,0f,0f,0f,1f], start_interpolation: 0, interpolation_duration: 1 }
$data merge entity $(bone_right_leg3) { transformation: [-0.8208151118870768f,0.299608899807127f,-0.48630963310854636f,-0.5994448128132375f,0.540733242888312f,0.681900624794579f,-0.49256380088294394f,0.1306898821553346f,0.18403834419298454f,-0.6672675962918669f,-0.7217228296275371f,-1.3785666632191045f,0f,0f,0f,1f], start_interpolation: 0, interpolation_duration: 1 }
$data merge entity $(bone_right_leg2) { transformation: [-0.8316910405650207f,0.19479054927727923f,0.5199487041585248f,-0.5020495381745979f,0.551793364159471f,0.18580687961616904f,0.8130189953235262f,0.22359332196341913f,0.06175837039176507f,0.9630848588777413f,-0.2620180495442923f,-0.8970242337802338f,0f,0f,0f,1f], start_interpolation: 0, interpolation_duration: 1 }
$data merge entity $(bone_right_leg1) { transformation: [-0.7854482374701737f,0.46536654364707797f,-0.4080502987487818f,-0.24010285054160238f,0.47465496575032506f,0.8760179209286746f,0.08541232756669331f,0.3125f,0.3972074140087964f,-0.12659613843152856f,-0.9089552728218645f,-0.7999828228331454f,0f,0f,0f,1f], start_interpolation: 0, interpolation_duration: 1 }
$data merge entity $(bone_right_wing3) { transformation: [-1.077149394395241f,0.3297349545472074f,-0.31301694503697314f,0.2230501865129898f,0.056600921121515504f,0.8959449250103083f,0.7490224249333468f,0.3198857281481988f,0.45111094406888896f,0.6749171186705716f,-0.8413925154428537f,0.7005413487439893f,0f,0f,0f,1f], start_interpolation: 0, interpolation_duration: 1 }
$data merge entity $(bone_right_wing2) { transformation: [-0.13290898368500187f,0.28202511788585477f,-0.9501563213162822f,-0.03627194394698241f,-0.5646789251290604f,0.7663093330285371f,0.30644366142644835f,0.9825880661163291f,0.814538466599896f,0.5772623658223602f,0.05740424578602629f,-0.05249515238346335f,0f,0f,0f,1f], start_interpolation: 0, interpolation_duration: 1 }
$data merge entity $(bone_right_wing1) { transformation: [-1.024259331758843f,0.35050987050056065f,-0.0405803289503699f,0.6231034771192918f,0.29542841256542257f,0.9200086217119738f,0.4898135360888055f,0.6820707575062405f,0.19294036764014497f,0.4520376950746756f,-0.9654258375854523f,0.047852499903087486f,0f,0f,0f,1f], start_interpolation: 0, interpolation_duration: 1 }
$data merge entity $(bone_left_wing3) { transformation: [0.08305366452529413f,-1.1643376345109178f,0.06614777129278528f,0.7993522545781714f,-1.0193868061915876f,-0.10469278597257461f,-0.5628903320402454f,2.2212290280159057f,0.5664875939930167f,-0.017687832071325852f,-1.022611613676073f,-1.4472601034803028f,0f,0f,0f,1f], start_interpolation: 0, interpolation_duration: 1 }
$data merge entity $(bone_left_wing2) { transformation: [0.08421104237573215f,-0.9958679057329559f,0.033994332954907724f,0.8934261021054724f,-0.9729188826684633f,-0.08954463243443227f,-0.2130976455743509f,1.2073447994579467f,0.2152611160640534f,-0.015128553573918097f,-0.9764393369675453f,-1.6387678328748172f,0f,0f,0f,1f], start_interpolation: 0, interpolation_duration: 1 }
$data merge entity $(bone_left_wing1) { transformation: [0.1499539389025359f,-1.0729025036879354f,-0.002268236955297741f,0.9891126180140735f,-0.8036037347350734f,-0.11079748639716297f,-0.7180223294849702f,0.8630629669110663f,0.7108768985123707f,0.1010704986598035f,-0.8112027493624528f,-1.000433782042939f,0f,0f,0f,1f], start_interpolation: 0, interpolation_duration: 1 }
$data merge entity $(bone_beak_down) { transformation: [-0.7882972295903861f,0.6881696855507355f,-0.33913118657700003f,1.8750279488372144f,-0.23335638082116883f,0.2481284930283908f,1.045933578425277f,1.2904481344846441f,0.7308435382146911f,0.8214954259376384f,-0.031827469477960335f,0.15331466761954635f,0f,0f,0f,1f], start_interpolation: 0, interpolation_duration: 1 }
$data merge entity $(bone_beak_up) { transformation: [-0.7882972295903861f,0.219847545749912f,-0.7350200911865353f,1.8956386562512686f,-0.23335638082116883f,0.9352242383349143f,0.5300003995856274f,1.3781254068285422f,0.7308435382146911f,0.5357449772593484f,-0.623574407742342f,0.20354075923761025f,0f,0f,0f,1f], start_interpolation: 0, interpolation_duration: 1 }
$data merge entity $(bone_head) { transformation: [-0.7882972295903861f,0.219847545749912f,-0.7350200911865353f,1.528128610658001f,-0.23335638082116883f,0.9352242383349143f,0.5300003995856274f,1.643125606621356f,0.7308435382146911f,0.5357449772593484f,-0.623574407742342f,-0.10824644463356073f,0f,0f,0f,1f], start_interpolation: 0, interpolation_duration: 1 }
$data merge entity $(bone_neck2) { transformation: [-0.4350150332555924f,-0.8556116113127427f,-0.2805186115544711f,1.3528044784364566f,-0.08591441616234774f,0.34956097778833195f,-0.932966149387612f,1.0600217632540985f,0.8963150305205863f,-0.38175370776781925f,-0.22557365242510852f,-0.24922997739925354f,0f,0f,0f,1f], start_interpolation: 0, interpolation_duration: 1 }
$data merge entity $(bone_neck1) { transformation: [-0.4595015542189775f,-0.4867399988936367f,-0.7429283243674094f,0.9349072959797888f,0.07686019778657431f,0.8115349487985408f,-0.5792266714117699f,0.734206760584978f,0.8848450890786212f,-0.32325717371092055f,-0.33549063769034587f,-0.4379434611000731f,0f,0f,0f,1f], start_interpolation: 0, interpolation_duration: 1 }
$data merge entity $(bone_body3) { transformation: [-0.32534145857313923f,-0.22287786526382017f,-0.9189550546729393f,0.34663052023021307f,-0.16088196391540072f,0.9707034214186008f,-0.1784708977198971f,0.6833314133487048f,0.9318100283964679f,0.08977931176871798f,-0.3516670956431797f,-0.6521241888915156f,0f,0f,0f,1f], start_interpolation: 0, interpolation_duration: 1 }
$data merge entity $(bone_body2) { transformation: [-0.6569546612407839f,-0.10581786621383907f,-0.746467113986917f,0.16001374173348382f,0.10948561314782917f,0.966215317608619f,-0.23332565339481937f,0.625f,0.745937982400448f,-0.23501178525432626f,-0.6231741227008096f,-0.807917719566718f,0f,0f,0f,1f], start_interpolation: 0, interpolation_duration: 1 }
$data merge entity $(bone_tail2) { transformation: [-0.22869385030681416f,-0.0094479372149949f,-0.9734525460001768f,-1.083338899519576f,0.19528439420707008f,0.9791817286995588f,-0.05538183420690579f,0.2623334561786261f,0.9537101908918779f,-0.2027655756368055f,-0.22208780499084763f,-1.9055369294158813f,0f,0f,0f,1f], start_interpolation: 0, interpolation_duration: 1 }
$data merge entity $(bone_tail1) { transformation: [-0.5358679562398577f,-0.2564978795355332f,-0.8043968990921666f,-0.480041225200451f,0.16971352898578002f,0.9005662785305967f,-0.40022205842849856f,0.5625f,0.8270688312072405f,-0.3509832129423384f,-0.4390534508213804f,-1.576246841299846f,0f,0f,0f,1f], start_interpolation: 0, interpolation_duration: 1 }
$data merge entity $(bone_body1) { transformation: [-0.768329121733128f,0f,-0.6400549669339348f,1.2246467991473532e-16f,0f,1f,0f,0.5f,0.6400549669339348f,0f,-0.768329121733128f,-1f,0f,0f,0f,1f], start_interpolation: 0, interpolation_duration: 1 }