# This file was generated by Animated Java via MC-Build. It is not recommended to edit this file directly.
$data merge entity $(bone_left_leg4) { transformation: [-0.6381873152364607f,0.04066458256159061f,-0.6332956200672556f,0.13319422359066926f,0.07339465744614104f,0.8968529011535493f,-0.016373696919916414f,-0.7391776459767185f,0.6303413162165731f,-0.0632555564164386f,-0.6392718980627923f,-1.3382966666779805f,0f,0f,0f,1f], start_interpolation: 0, interpolation_duration: 1 }
$data merge entity $(bone_left_leg3) { transformation: [-0.7057370099135394f,-0.33727682529165437f,-0.6230406214360983f,-0.0808233565383154f,0.05991984121136469f,0.8478460306020565f,-0.526846012627543f,-0.07036524723595466f,0.7059354683450193f,-0.40914722474131415f,-0.5781467486884095f,-1.6090229134409406f,0f,0f,0f,1f], start_interpolation: 0, interpolation_duration: 1 }
$data merge entity $(bone_left_leg2) { transformation: [-0.4373179454691499f,0.8157811269483345f,-0.37848932281577896f,0.32706720693585184f,-0.0106639139125497f,0.4161341398546916f,0.909240704427305f,0.13770182269139114f,0.8992437353191334f,0.40166345435239836f,-0.17328350737156584f,-1.4081911862647414f,0f,0f,0f,1f], start_interpolation: 0, interpolation_duration: 1 }
$data merge entity $(bone_left_leg1) { transformation: [-0.9296156225295549f,-0.12800099958976524f,-0.3455872371095452f,0.2516626736546162f,-0.12708376616539035f,0.9915663830935271f,-0.025413073329313772f,0.3125f,0.34592558553279706f,0.020294137647153508f,-0.9380424495996703f,-1.1852623779643623f,0f,0f,0f,1f], start_interpolation: 0, interpolation_duration: 1 }
$data merge entity $(bone_right_leg4) { transformation: [-0.6213360155047234f,0.2969980946702663f,-0.5794253080414641f,-0.8076950088525836f,0.5682819297391325f,0.6382855744786952f,-0.282218308662584f,-0.4002095261085307f,0.31780057295209807f,-0.5606992573337627f,-0.628187184409778f,-0.8742641422774199f,0f,0f,0f,1f], start_interpolation: 0, interpolation_duration: 1 }
$data merge entity $(bone_right_leg3) { transformation: [-0.8390310796796316f,0.22668090948470318f,-0.49461359929425636f,-0.6067709767831652f,0.5131575219192445f,0.6318180647679783f,-0.5809262351887257f,0.10996191216674839f,0.1808209197779164f,-0.7412298552460187f,-0.6464380068209431f,-1.389784158285625f,0f,0f,0f,1f], start_interpolation: 0, interpolation_duration: 1 }
$data merge entity $(bone_right_leg2) { transformation: [-0.850899572368903f,0.19260758017287632f,0.4887455757368724f,-0.510467186696727f,0.5220657324597421f,0.20650916159831417f,0.827527242552917f,0.21321649296590547f,0.05845758063494333f,0.9592998937954231f,-0.27627237471451743f,-0.9101342113879134f,0f,0f,0f,1f], start_interpolation: 0, interpolation_duration: 1 }
$data merge entity $(bone_right_leg1) { transformation: [-0.8010898611967621f,0.43315848452226846f,-0.41307234423781547f,-0.251662673654616f,0.450099355532382f,0.890872382803045f,0.06129410826628619f,0.3125f,0.3945448066279508f,-0.13682150724647246f,-0.9086331882105763f,-0.8147376220356377f,0f,0f,0f,1f], start_interpolation: 0, interpolation_duration: 1 }
$data merge entity $(bone_right_wing3) { transformation: [-1.0916554202651352f,0.31415613196998005f,-0.2766765876036008f,0.1017308033516762f,0.07113868169126486f,0.90070868567426f,0.7420368707111112f,0.3116643339257026f,0.4125327833633851f,0.6760069188056954f,-0.8601086642708874f,0.7376056101482011f,0f,0f,0f,1f], start_interpolation: 0, interpolation_duration: 1 }
$data merge entity $(bone_right_wing2) { transformation: [-0.16257330399468894f,0.26870041811327927f,-0.949405080107537f,-0.1290123300720728f,-0.5553865676289079f,0.7703838181393918f,0.3131366047691535f,0.9682289018844741f,0.8155462472022237f,0.578194481169374f,0.023988760277422375f,-0.029966472853715426f,0f,0f,0f,1f], start_interpolation: 0, interpolation_duration: 1 }
$data merge entity $(bone_right_wing1) { transformation: [-1.0275959106629382f,0.34301080251754135f,-0.0011596793476824259f,0.5233834623134879f,0.3070296345852788f,0.9214256301195576f,0.47991532873655696f,0.6626334809969185f,0.1529397233760658f,0.45489505232103766f,-0.97123171462767f,0.09710602145632052f,0f,0f,0f,1f], start_interpolation: 0, interpolation_duration: 1 }
$data merge entity $(bone_left_wing3) { transformation: [-0.1357930622560215f,-1.1594773089797163f,-0.06425091579775108f,1.098419426182501f,-0.9667569778046384f,0.1487140943736891f,-0.6404846836398335f,2.1501327665316774f,0.6433480831445263f,-0.02126156326169152f,-0.9760157559273799f,-1.3767330915489455f,0f,0f,0f,1f], start_interpolation: 0, interpolation_duration: 1 }
$data merge entity $(bone_left_wing2) { transformation: [-0.1281317216017876f,-0.9917108278678476f,-0.009586230178247494f,0.9723994730208843f,-0.9684330050908208f,0.12719643282775828f,-0.21437952823592116f,1.1400033752086456f,0.2138218337077029f,-0.018185196330034927f,-0.976703395132992f,-1.5697199105690691f,0f,0f,0f,1f], start_interpolation: 0, interpolation_duration: 1 }
$data merge entity $(bone_left_wing1) { transformation: [0.027689286774169573f,-1.0810837856705147f,-0.06404890997790538f,1.0047520380840085f,-0.7584685595434071f,0.0263744510908852f,-0.7730724051632648f,0.8370688828437752f,0.7730264281984143f,0.06460145355233542f,-0.7562194817755216f,-0.904633258418032f,0f,0f,0f,1f], start_interpolation: 0, interpolation_duration: 1 }
$data merge entity $(bone_beak_down) { transformation: [-0.8271004934105977f,0.6139112257984745f,-0.3860282122313873f,1.7639955075564593f,-0.23150165525863686f,0.3313883119461946f,1.023029212837035f,1.2879320927680822f,0.6872494142685447f,0.8504673971082412f,-0.11997270124272447f,0.3145872033036853f,0f,0f,0f,1f], start_interpolation: 0, interpolation_duration: 1 }
$data merge entity $(bone_beak_up) { transformation: [-0.8271004934105977f,0.1609937072401865f,-0.7070967402194749f,1.7790886676102269f,-0.23150165525863686f,0.9578173390772786f,0.48886903008416616f,1.3777274683065772f,0.6872494142685447f,0.5163980743496079f,-0.6863098945779228f,0.36299952277396097f,0f,0f,0f,1f], start_interpolation: 0, interpolation_duration: 1 }
$data merge entity $(bone_head) { transformation: [-0.8271004934105977f,0.1609937072401865f,-0.7070967402194749f,1.4255402975004894f,-0.23150165525863686f,0.9578173390772786f,0.48886903008416616f,1.6221619833486602f,0.6872494142685447f,0.5163980743496079f,-0.6863098945779228f,0.0198445754849996f,0f,0f,0f,1f], start_interpolation: 0, interpolation_duration: 1 }
$data merge entity $(bone_neck2) { transformation: [-0.5178769741066722f,-0.8254807368060955f,-0.22446601714331493f,1.2852490367859175f,-0.08193986542287851f,0.30905400178655557f,-0.947508038189754f,1.029969459480064f,0.8515217543578073f,-0.4722998805227262f,-0.22769173176384955f,-0.12246275686740637f,0f,0f,0f,1f], start_interpolation: 0, interpolation_duration: 1 }
$data merge entity $(bone_neck1) { transformation: [-0.5387641541991735f,-0.45552433737717335f,-0.708682414207617f,0.886615178794133f,0.06694510051111763f,0.815400138365266f,-0.5750138849379739f,0.7065241492024537f,0.8397925575209665f,-0.3572396848209787f,-0.4088132433292764f,-0.3524202062401243f,0f,0f,0f,1f], start_interpolation: 0, interpolation_duration: 1 }
$data merge entity $(bone_body3) { transformation: [-0.427883178462685f,-0.19619070166692926f,-0.8822840779296134f,0.3229257112339415f,-0.15505369053053933f,0.9776192512052843f,-0.14219336385949663f,0.6787544999905986f,0.8904349154438689f,0.07595925389481807f,-0.4487269248732604f,-0.6281270809174859f,0f,0f,0f,1f], start_interpolation: 0, interpolation_duration: 1 }
$data merge entity $(bone_body2) { transformation: [-0.7106146515170612f,-0.08134491493581186f,-0.6988632354498063f,0.1482099023714899f,0.10025918658913557f,0.971450130061578f,-0.21501799996239407f,0.625f,0.6964014018895789f,-0.2228624006364212f,-0.682171120635285f,-0.7986698610763071f,0f,0f,0f,1f], start_interpolation: 0, interpolation_duration: 1 }
$data merge entity $(bone_tail2) { transformation: [-0.3252808593892869f,-0.0065980404660220815f,-0.9455944312320032f,-1.0163340027951069f,0.18774885755359189f,0.979617018805289f,-0.07142032591888292f,0.25498636342248243f,0.9267916319228873f,-0.20076593916560434f,-0.31741189118976754f,-1.9796093215391646f,0f,0f,0f,1f], start_interpolation: 0, interpolation_duration: 1 }
$data merge entity $(bone_tail1) { transformation: [-0.6007316285153836f,-0.24096121571650633f,-0.7622723942408502f,-0.44462970711446925f,0.1601098339941453f,0.8979142116054439f,-0.4100181821033568f,0.5625f,0.783253695528864f,-0.3683581967560889f,-0.5008252063574479f,-1.6039904167710786f,0f,0f,0f,1f], start_interpolation: 0, interpolation_duration: 1 }
$data merge entity $(bone_body1) { transformation: [-0.8053205556947715f,0f,-0.5928396094859592f,1.2246467991473532e-16f,0f,1f,0f,0.5f,0.5928396094859592f,0f,-0.8053205556947715f,-1f,0f,0f,0f,1f], start_interpolation: 0, interpolation_duration: 1 }