# This file was generated by Animated Java via MC-Build. It is not recommended to edit this file directly.
$data merge entity $(bone_left_leg4) { transformation: [-0.7327619429514274f,0.0566874463784888f,-0.5194674853974356f,0.2099249824935252f,0.07822140412301368f,0.8965071039188979f,-0.01250698044991344f,-0.7226960122089915f,0.5166636690334183f,-0.05533123933219197f,-0.7348449544324911f,-1.2936981748932f,0f,0f,0f,1f], start_interpolation: 0, interpolation_duration: 1 }
$data merge entity $(bone_left_leg3) { transformation: [-0.8195263960993481f,-0.29039056975776534f,-0.49401397054352086f,0.023007928334171257f,0.061996377522525195f,0.8121007320998015f,-0.580214486286796f,-0.0773570577412156f,0.5696779224004553f,-0.5061281635304704f,-0.6475348228557087f,-1.6328233711125708f,0f,0f,0f,1f], start_interpolation: 0, interpolation_duration: 1 }
$data merge entity $(bone_left_leg2) { transformation: [-0.6234527631142615f,0.7170988624887236f,-0.3115700139335804f,0.38155735957853304f,0.005836706657690517f,0.40275550488981177f,0.915288990503188f,0.12402069470369029f,0.7818392322086329f,0.5688209074026127f,-0.2552845280879429f,-1.3484129174112645f,0f,0f,0f,1f], start_interpolation: 0, interpolation_duration: 1 }
$data merge entity $(bone_left_leg1) { transformation: [-0.9660370716947329f,-0.14675693439211457f,-0.2126846922542721f,0.273164180215846f,-0.12708376616539035f,0.9864810316959273f,-0.10346444066131803f,0.3125f,0.22499353877097497f,-0.0729217135835932f,-0.9716276710753694f,-1.1517813580351846f,0f,0f,0f,1f], start_interpolation: 0, interpolation_duration: 1 }
$data merge entity $(bone_right_leg4) { transformation: [-0.6910305638570173f,0.20437515941418152f,-0.5391730279139348f,-0.7134484613829957f,0.5197488850135547f,0.5851847585874745f,-0.44431958638359115f,-0.3693400649370787f,0.24967550208744888f,-0.6525255493322438f,-0.5673381276858038f,-0.8045102939498348f,0f,0f,0f,1f], start_interpolation: 0, interpolation_duration: 1 }
$data merge entity $(bone_right_leg3) { transformation: [-0.8788505501048696f,0.09634108464368168f,-0.4672687727529493f,-0.611988349603175f,0.4464958599443768f,0.5111996293730758f,-0.7343816351062713f,0.05995850928687013f,0.16811650018038107f,-0.8540452765155417f,-0.49228397092388776f,-1.414276503153748f,0f,0f,0f,1f], start_interpolation: 0, interpolation_duration: 1 }
$data merge entity $(bone_right_leg2) { transformation: [-0.8919572581932308f,0.17845172668588283f,0.41541212163253194f,-0.5227624862602336f,0.4498142477389751f,0.2575901667575978f,0.8551692513887603f,0.18875359266566905f,0.04560035183454664f,0.9496327117536653f,-0.3100295480755756f,-0.9394601472769155f,0f,0f,0f,1f], start_interpolation: 0, interpolation_duration: 1 }
$data merge entity $(bone_right_leg1) { transformation: [-0.835789063281162f,0.3560153342074454f,-0.41798292250851476f,-0.27316418021584576f,0.3928600585844531f,0.9195954113048193f,-0.002292133534581209f,0.3125f,0.383559142856246f,-0.16612453556377899f,-0.9084519924658103f,-0.8482186419648154f,0f,0f,0f,1f], start_interpolation: 0, interpolation_duration: 1 }
$data merge entity $(bone_right_wing3) { transformation: [-1.1201339097858147f,0.2581303419440467f,-0.21359849412473905f,-0.16026318389250913f,0.07443415616287719f,0.9184648954597264f,0.7196091704397856f,0.2864995709260988f,0.3266728432557977f,0.6758302511374922f,-0.8963782076239746f,0.7798381865479616f,0f,0f,0f,1f], start_interpolation: 0, interpolation_duration: 1 }
$data merge entity $(bone_right_wing2) { transformation: [-0.21482465397922662f,0.22078108223816859f,-0.9513706332278963f,-0.3420027553173916f,-0.5389449676361744f,0.7855708557551906f,0.30400123757593545f,0.9236819959695513f,0.8144867647189536f,0.5780433758065225f,-0.049771134042244536f,-0.01668903427945284f,0f,0f,0f,1f], start_interpolation: 0, interpolation_duration: 1 }
$data merge entity $(bone_right_wing1) { transformation: [-1.03736326202989f,0.30361471911591115f,0.07284693568011412f,0.29951309889078165f,0.3052280706036952f,0.9328747100798195f,0.45846669597709f,0.6241795597840316f,0.06576015980334847f,0.45953671098267035f,-0.9788323266795896f,0.16746293969448134f,0f,0f,0f,1f], start_interpolation: 0, interpolation_duration: 1 }
$data merge entity $(bone_left_wing3) { transformation: [-0.5470075714111913f,-0.9779507635989132f,-0.33369235348100945f,1.6271830216005296f,-0.7711948778783062f,0.6376727998536523f,-0.6046382609772809f,1.8377125183805738f,0.6877475867857749f,-0.06277953710938375f,-0.9434074160018231f,-1.0745554655030145f,0f,0f,0f,1f], start_interpolation: 0, interpolation_duration: 1 }
$data merge entity $(bone_left_wing2) { transformation: [-0.5479877059855677f,-0.8364496259405781f,-0.00784202477308621f,1.1016964167689691f,-0.8309379771014253f,0.5454069823998053f,-0.10987857734849737f,1.0010865869079508f,0.09618498998942687f,-0.05369587333683333f,-0.9939140812400882f,-1.3866567424231278f,0f,0f,0f,1f], start_interpolation: 0, interpolation_duration: 1 }
$data merge entity $(bone_left_wing1) { transformation: [-0.2445434073634694f,-1.0266026991872623f,-0.24473767803017582f,1.0029833339491157f,-0.6419971124577799f,0.344097952192509f,-0.8019023743598128f,0.7787197365466241f,0.8376451161572231f,-0.035980667440440386f,-0.6860518654297237f,-0.6967546036087999f,0f,0f,0f,1f], start_interpolation: 0, interpolation_duration: 1 }
$data merge entity $(bone_beak_down) { transformation: [-0.9052825501224455f,0.44346286134403173f,-0.44023197867983904f,1.4775455347302853f,-0.2151007865692821f,0.5064477286011866f,0.9524927032854247f,1.2831364133021272f,0.5866814775166146f,0.8699720620820328f,-0.3300809826931242f,0.6135197075404168f,0f,0f,0f,1f], start_interpolation: 0, interpolation_duration: 1 }
$data merge entity $(bone_beak_up) { transformation: [-0.9052825501224455f,0.05123112150862277f,-0.622767112677581f,1.4823484523717187f,-0.2151007865692821f,1.0037466660046828f,0.3952521753283097f,1.3772376632400662f,0.5866814775166146f,0.4470659936446224f,-0.8160495335857189f,0.6554321444446002f,0f,0f,0f,1f], start_interpolation: 0, interpolation_duration: 1 }
$data merge entity $(bone_head) { transformation: [-0.9052825501224455f,0.05123112150862277f,-0.622767112677581f,1.1709648960329282f,-0.2151007865692821f,1.0037466660046828f,0.3952521753283097f,1.5748637509042211f,0.5866814775166146f,0.4470659936446224f,-0.8160495335857189f,0.24740737765174076f,0f,0f,0f,1f], start_interpolation: 0, interpolation_duration: 1 }
$data merge entity $(bone_neck2) { transformation: [-0.6790321111853879f,-0.7252216616208662f,-0.11388122538410239f,1.0997891301678642f,-0.0719512635219069f,0.2201291337840931f,-0.9728135382163768f,0.9668552895189857f,0.7305740261306284f,-0.6523777325869844f,-0.20165536533390166f,0.12137277431805221f,0f,0f,0f,1f], start_interpolation: 0, interpolation_duration: 1 }
$data merge entity $(bone_neck1) { transformation: [-0.6931119889059207f,-0.3818129093641417f,-0.6114038543203406f,0.7558744621126725f,0.047278040546015816f,0.8222884531674431f,-0.5671035943014495f,0.6478595177244203f,0.719277802880784f,-0.4219722763765217f,-0.5518866190193497f,-0.18906344888033194f,0f,0f,0f,1f], start_interpolation: 0, interpolation_duration: 1 }
$data merge entity $(bone_body3) { transformation: [-0.6253068756074079f,-0.1377806061115423f,-0.7681196624860201f,0.26718838517693855f,-0.13736904601119332f,0.9883547999570301f,-0.06545635645125449f,0.6687214699397006f,0.768193371825139f,0.06458555551696565f,-0.636951842373102f,-0.5831217531437103f,0f,0f,0f,1f], start_interpolation: 0, interpolation_duration: 1 }
$data merge entity $(bone_body2) { transformation: [-0.8115743267756385f,-0.037364206462893484f,-0.583053194995163f,0.1214250864281478f,0.08046391834536741f,0.9812953107528334f,-0.17488587975880235f,0.625f,0.5786818382869634f,-0.18884763480091163f,-0.7933876107344521f,-0.7814686558273233f,0f,0f,0f,1f], start_interpolation: 0, interpolation_duration: 1 }
$data merge entity $(bone_tail2) { transformation: [-0.5339514496551436f,-0.004187453900947741f,-0.8455047691414865f,-0.8514290101447877f,0.16443132114522724f,0.9803812275123993f,-0.10869677717262904f,0.2379358042594092f,0.8293721661821103f,-0.19706626796869242f,-0.5227874290677672f,-2.1244642766858175f,0f,0f,0f,1f], start_interpolation: 0, interpolation_duration: 1 }
$data merge entity $(bone_tail1) { transformation: [-0.7321773575249965f,-0.20497870418183492f,-0.6495383344804597f,-0.36427525928444293f,0.13434109691797186f,0.8914471102029117f,-0.4327522609874544f,0.5625f,0.6677340689275857f,-0.4041110992571395f,-0.62516032555705f,-1.65559403251803f,0f,0f,0f,1f], start_interpolation: 0, interpolation_duration: 1 }
$data merge entity $(bone_body1) { transformation: [-0.8741253766907068f,0f,-0.4857003457125907f,1.2246467991473532e-16f,0f,1f,0f,0.5f,0.4857003457125907f,0f,-0.8741253766907068f,-1f,0f,0f,0f,1f], start_interpolation: 0, interpolation_duration: 1 }