# This file was generated by Animated Java via MC-Build. It is not recommended to edit this file directly.
$data merge entity $(bone_left_leg4) { transformation: [-0.8088099900189827f,0.06085878043608203f,-0.3900289846784801f,0.28750755343512124f,0.07049332530806857f,0.8972137066780596f,-0.0061851140674815674f,-0.7047911575655756f,0.38840325839583784f,-0.03610780238189082f,-0.8110728299447876f,-1.2379870459404851f,0f,0f,0f,1f], start_interpolation: 0, interpolation_duration: 1 }
$data merge entity $(bone_left_leg3) { transformation: [-0.9086773098184386f,-0.22807670749793607f,-0.34969495580866805f,0.13830595754971092f,0.048281670080056904f,0.7745680721046198f,-0.630645052315812f,-0.0844497877173725f,0.414697994877484f,-0.5899367060736547f,-0.6928205076869192f,-1.6371382937652936f,0f,0f,0f,1f], start_interpolation: 0, interpolation_duration: 1 }
$data merge entity $(bone_left_leg2) { transformation: [-0.7807433157262328f,0.5772963718838772f,-0.23909992463093765f,0.4269541434916495f,0.007737720031497447f,0.3915535774870862f,0.9201227763976819f,0.1113270010261706f,0.6248039713682378f,0.7165296190436069f,-0.3101697960725728f,-1.2788734842434901f,0f,0f,0f,1f], start_interpolation: 0, interpolation_duration: 1 }
$data merge entity $(bone_left_leg1) { transformation: [-0.9871005816170885f,-0.14239094339710565f,-0.07319331260223072f,0.2905920150154744f,-0.12708376616539033f,0.9749150905115596f,-0.18273008145912412f,0.3125f,0.0973763736664392f,-0.17107128786362713f,-0.9804348302259839f,-1.1149457733422432f,0f,0f,0f,1f], start_interpolation: 0, interpolation_duration: 1 }
$data merge entity $(bone_right_leg4) { transformation: [-0.7621626336636342f,0.1465593496751573f,-0.45566267882031697f,-0.6376081453217127f,0.43826648354627634f,0.5581273650190375f,-0.5535488540471267f,-0.3533371484066002f,0.1924333891165823f,-0.6906621471021129f,-0.5440176369506828f,-0.7754961180626336f,0f,0f,0f,1f], start_interpolation: 0, interpolation_duration: 1 }
$data merge entity $(bone_right_leg3) { transformation: [-0.9182232615095642f,0.015241812523158371f,-0.39576979315474126f,-0.6014411738571727f,0.36785393629471586f,0.4031866757454958f,-0.8379283895738221f,0.001423382750885549f,0.14679755984082646f,-0.914990815064449f,-0.37582214513313833f,-1.4382503452901492f,0f,0f,0f,1f], start_interpolation: 0, interpolation_duration: 1 }
$data merge entity $(bone_right_leg2) { transformation: [-0.9311220451508562f,0.14933820181184632f,0.33273088001219675f,-0.5267720729512495f,0.36389875481635986f,0.31969179227008726f,0.874857047864531f,0.16126927888592918f,0.024278246995806885f,0.9356790365476527f,-0.35201606112231143f,-0.9704108270163228f,0f,0f,0f,1f], start_interpolation: 0, interpolation_duration: 1 }
$data merge entity $(bone_right_leg1) { transformation: [-0.8713294192141985f,0.26711878448999216f,-0.4116219116913438f,-0.29059201501547416f,0.32846489801394146f,0.9406979083723722f,-0.0848425362452998f,0.3125f,0.36454883621339185f,-0.20912914707527752f,-0.9073969064632238f,-0.8850542266577568f,0f,0f,0f,1f], start_interpolation: 0, interpolation_duration: 1 }
$data merge entity $(bone_right_wing3) { transformation: [-1.1464448466725394f,0.1666556478371225f,-0.1576251076400228f,-0.43092846257355955f,0.04491743921888358f,0.9509349107242535f,0.6787199608059548f,0.25756967706694f,0.22494933467018227f,0.6594727110248061f,-0.9388552104672996f,0.7709089829757692f,0f,0f,0f,1f], start_interpolation: 0, interpolation_duration: 1 }
$data merge entity $(bone_right_wing2) { transformation: [-0.26170284845200653f,0.14254199647152946f,-0.9545645071727823f,-0.5692847661816837f,-0.5186214378915399f,0.8133427366445208f,0.26363876214796944f,0.8589839821799266f,0.8139677040714932f,0.5640526322866619f,-0.13892877577762586f,-0.06134380012703322f,0f,0f,0f,1f], start_interpolation: 0, interpolation_duration: 1 }
$data merge entity $(bone_right_wing1) { transformation: [-1.0485686019895575f,0.23032263495754746f,0.14514297040844878f,0.06265846883281667f,0.26964848255795226f,0.9581829534721458f,0.4275350683168586f,0.5891989678681049f,-0.0374792460832558f,0.449942243641025f,-0.9847631159885214f,0.1896941328077687f,0f,0f,0f,1f], start_interpolation: 0, interpolation_duration: 1 }
$data merge entity $(bone_left_wing3) { transformation: [-0.8553999832844623f,-0.6382996962050791f,-0.47730486316190773f,1.8910781066690259f,-0.5216073627618203f,0.9777313482903114f,-0.372723403691841f,1.373733108388683f,0.60263769686783f,-0.05975344652382695f,-1.0001064432943745f,-0.6146601543709882f,0f,0f,0f,1f], start_interpolation: 0, interpolation_duration: 1 }
$data merge entity $(bone_left_wing2) { transformation: [-0.8221040608653951f,-0.5459431721939876f,0.16152698178135f,1.1731305100053695f,-0.5464638020954955f,0.8362619581564351f,0.04520232670670976f,0.8712482422410146f,-0.15975677171238084f,-0.05110763225909601f,-0.9858325333528546f,-1.1674227940839483f,0f,0f,0f,1f], start_interpolation: 0, interpolation_duration: 1 }
$data merge entity $(bone_left_wing1) { transformation: [-0.5096184416900257f,-0.8473081380331428f,-0.4426839439412159f,0.9518766398423646f,-0.4990668994295589f,0.663672832569414f,-0.6957598093553325f,0.7150926659157943f,0.8153725436230406f,-0.12336288600389798f,-0.7025384861867662f,-0.4878505676646881f,0f,0f,0f,1f], start_interpolation: 0, interpolation_duration: 1 }
$data merge entity $(bone_beak_down) { transformation: [-0.9784415783588596f,0.2709247254749558f,-0.42338147203785803f,1.128051681309937f,-0.17962233579663595f,0.6768966408310925f,0.848261017679431f,1.2785254797780428f,0.4694548905076866f,0.823656925399103f,-0.5578542596597366f,0.8452799842213103f,0f,0f,0f,1f], start_interpolation: 0, interpolation_duration: 1 }
$data merge entity $(bone_beak_up) { transformation: [-0.9784415783588596f,-0.027810634570999915f,-0.5018751302300025f,1.1254444343189058f,-0.17962233579663595f,1.045137756503489f,0.2922719391488259f,1.3765071444502448f,0.4694548905076866f,0.34192636420085065f,-0.934183315652128f,0.8773355808651402f,0f,0f,0f,1f], start_interpolation: 0, interpolation_duration: 1 }
$data merge entity $(bone_head) { transformation: [-0.9784415783588596f,-0.027810634570999915f,-0.5018751302300025f,0.8745068692039045f,-0.17962233579663595f,1.045137756503489f,0.2922719391488259f,1.5226431140246577f,0.4694548905076866f,0.34192636420085065f,-0.934183315652128f,0.41024392303907614f,0f,0f,0f,1f], start_interpolation: 0, interpolation_duration: 1 }
$data merge entity $(bone_neck2) { transformation: [-0.8167748520326352f,-0.5764219395002818f,-0.024831205162059222f,0.8589873659776175f,-0.0589270190867162f,0.12615658274854474f,-0.9902586142269927f,0.9037314801327874f,0.5739394110083575f,-0.8073551042087636f,-0.13700835083832058f,0.32461370376512577f,0f,0f,0f,1f], start_interpolation: 0, interpolation_duration: 1 }
$data merge entity $(bone_neck1) { transformation: [-0.82504537786479f,-0.29609009222543137f,-0.48128035670478103f,0.5882671653311782f,0.02976637446274513f,0.8277674307534489f,-0.5602812182602395f,0.5885732948614026f,0.5642819219284712f,-0.4765834007493023f,-0.6741321641302548f,-0.054585638558142524f,0f,0f,0f,1f], start_interpolation: 0, interpolation_duration: 1 }
$data merge entity $(bone_body3) { transformation: [-0.7904161520084871f,-0.08183509889976667f,-0.6070793384988171f,0.20372788508818213f,-0.11190550937572386f,0.9936493167971977f,0.011755517845776664f,0.658023575814838f,0.6022619559755171f,0.07722727378671349f,-0.7945542678558943f,-0.5463553513564069f,0f,0f,0f,1f], start_interpolation: 0, interpolation_duration: 1 }
$data merge entity $(bone_body2) { transformation: [-0.894474633012451f,-0.005484064480442745f,-0.44708506565754963f,0.09195661867379473f,0.05995847586414731f,0.9894220920408412f,-0.13209430325935184f,0.625f,0.44308025465968304f,-0.14496154254939306f,-0.8846841465248549f,-0.7675263879876206f,0f,0f,0f,1f], start_interpolation: 0, interpolation_duration: 1 }
$data merge entity $(bone_tail2) { transformation: [-0.7292582578828407f,-0.004861444011530713f,-0.6842212797566346f,-0.6548056001497495f,0.13070791930832118f,0.9805702727022609f,-0.1462784335529433f,0.2208389159965533f,0.6716381712944652f,-0.19610789544211676f,-0.7144535395709719f,-2.247125670925346f,0f,0f,0f,1f], start_interpolation: 0, interpolation_duration: 1 }
$data merge entity $(bone_tail1) { transformation: [-0.8476209161650983f,-0.16206043847386106f,-0.5052476588378212f,-0.2758698560213837f,0.10246979980690696f,0.8842939883186931f,-0.4555481120045956f,0.5625f,0.5206137940997836f,-0.4379047345086361f,-0.7329397798509432f,-1.6974208360371383f,0f,0f,0f,1f], start_interpolation: 0, interpolation_duration: 1 }
$data merge entity $(bone_body1) { transformation: [-0.9298944480495177f,0f,-0.36782647469517843f,1.2246467991473532e-16f,0f,1f,0f,0.5f,0.36782647469517843f,0f,-0.9298944480495177f,-1f,0f,0f,0f,1f], start_interpolation: 0, interpolation_duration: 1 }