# This file was generated by Animated Java via MC-Build. It is not recommended to edit this file directly.
$data merge entity $(bone_left_leg4) { transformation: [-0.8241050446794497f,0.059488608045388844f,-0.35680804481780426f,0.3062888967597114f,0.06665649446145783f,0.8975178475861023f,-0.004315670344066436f,-0.700112182554524f,0.3555387279608117f,-0.030377932405466823f,-0.8262380977313841f,-1.2222550039620237f,0f,0f,0f,1f], start_interpolation: 0, interpolation_duration: 1 }
$data merge entity $(bone_left_leg3) { transformation: [-0.9260858845958057f,-0.2111083732352261f,-0.3127270201028054f,0.16750305558971712f,0.042498721605594966f,0.7651907601899339f,-0.6423993766978919f,-0.08606915136845522f,0.37491171362641423f,-0.6082074935989579f,-0.6996605260522983f,-1.6346818412829733f,0f,0f,0f,1f], start_interpolation: 0, interpolation_duration: 1 }
$data merge entity $(bone_left_leg2) { transformation: [-0.8134273374830143f,0.5377099412198152f,-0.22181971451761698f,0.4363580261996247f,0.005906147617938576f,0.3889676115575571f,0.9212324975702518f,0.10841465441032333f,0.5816365566705806f,0.7480455977228876f,-0.31957268292486823f,-1.2606590424215296f,0f,0f,0f,1f], start_interpolation: 0, interpolation_duration: 1 }
$data merge entity $(bone_left_leg1) { transformation: [-0.989720103498493f,-0.13762122215632155f,-0.038916782281331996f,0.2941359307857525f,-0.12708376616539033f,0.9710864206293864f,-0.20209126662581606f,0.3125f,0.06560360590815573f,-0.195068098061694f,-0.9785931759472067f,-1.1055476395794765f,0f,0f,0f,1f], start_interpolation: 0, interpolation_duration: 1 }
$data merge entity $(bone_right_leg4) { transformation: [-0.7803360661016682f,0.14166375464751294f,-0.42544917976198104f,-0.6227439341194976f,0.4112035997294457f,0.5666473117668032f,-0.5655284463552669f,-0.3556718802840225f,0.17884972326095133f,-0.6847205303528042f,-0.5560310888815989f,-0.774569771282772f,0f,0f,0f,1f], start_interpolation: 0, interpolation_duration: 1 }
$data merge entity $(bone_right_leg3) { transformation: [-0.927378563595019f,0.004621348123646424f,-0.37409576705164627f,-0.5958969375860349f,0.34679418538321266f,0.38577709514977754f,-0.8549326440382273f,-0.012905768669300127f,0.14036663695064172f,-0.9225804441886468f,-0.3593640650257719f,-1.4440448503601464f,0f,0f,0f,1f], start_interpolation: 0, interpolation_duration: 1 }
$data merge entity $(bone_right_leg2) { transformation: [-0.9398697798873091f,0.1390717777180148f,0.3119356303741722f,-0.5263610487270275f,0.341064911165108f,0.33438663334024543f,0.8785558068872539f,0.1542875480008226f,0.017875212628608583f,0.9321183509006397f,-0.3617123949877231f,-0.9779856749098266f,0f,0f,0f,1f], start_interpolation: 0, interpolation_duration: 1 }
$data merge entity $(bone_right_leg1) { transformation: [-0.8798001202110217f,0.24414860797190974f,-0.4078519409075437f,-0.2941359307857523f,0.3119152498822729f,0.9439786365661986f,-0.10776460735092955f,0.3125f,0.358692940225412f,-0.22202655456498788f,-0.9066661919915452f,-0.8944523604205236f,0f,0f,0f,1f], start_interpolation: 0, interpolation_duration: 1 }
$data merge entity $(bone_right_wing3) { transformation: [-1.1519968078408078f,0.13928285462339776f,-0.14303568474023526f,-0.4974707184714439f,0.03365797495122996f,0.9611446058066294f,0.66484866956892f,0.25113999127062825f,0.19678938341113045f,0.6509661274700385f,-0.9510376466995881f,0.760581122820501f,0f,0f,0f,1f], start_interpolation: 0, interpolation_duration: 1 }
$data merge entity $(bone_right_wing2) { transformation: [-0.2737136402937571f,0.11912981306025992f,-0.954405014004729f,-0.6243144420058778f,-0.5118489816010883f,0.822075175894523f,0.2494053431903927f,0.8403169725302625f,0.8143042816730538f,0.5567768788466494f,-0.16403671549599852f,-0.08219256131937774f,0f,0f,0f,1f], start_interpolation: 0, interpolation_duration: 1 }
$data merge entity $(bone_right_wing1) { transformation: [-1.0504763420518994f,0.20783271461672503f,0.16406135631346844f,0.004473692839334853f,0.2563568009157358f,0.966289575257538f,0.41734489152733983f,0.5813186431351209f,-0.06627032914224674f,0.4435100118314808f,-0.9861633860531067f,0.1874397751100727f,0f,0f,0f,1f], start_interpolation: 0, interpolation_duration: 1 }
$data merge entity $(bone_left_wing3) { transformation: [-0.9126775978776659f,-0.5471553100469594f,-0.4843513549028552f,1.904856509134089f,-0.45896548189148234f,1.0322541006228578f,-0.3012602266413143f,1.2523488256057294f,0.5686174942269498f,-0.045034480248718874f,-1.0205888529786884f,-0.49353385519432247f,0f,0f,0f,1f], start_interpolation: 0, interpolation_duration: 1 }
$data merge entity $(bone_left_wing2) { transformation: [-0.8547876398678548f,-0.4679866016321078f,0.22433597888429183f,1.1812735313067835f,-0.46329117437959877f,0.8828957330777597f,0.07652719944606096f,0.8418635998001365f,-0.23387898253394823f,-0.03851837491270518f,-0.9715024221909946f,-1.1111226194370833f,0f,0f,0f,1f], start_interpolation: 0, interpolation_duration: 1 }
$data merge entity $(bone_left_wing1) { transformation: [-0.5690278634058417f,-0.7844853845474629f,-0.4841498561502553f,0.9318865847954428f,-0.46117424463774487f,0.7348891384640999f,-0.6487429239393745f,0.6989052346891156f,0.7982084426148969f,-0.1346541744990588f,-0.7199601701062279f,-0.43842260698388447f,0f,0f,0f,1f], start_interpolation: 0, interpolation_duration: 1 }
$data merge entity $(bone_beak_down) { transformation: [-0.9950078505875444f,0.23195149522748332f,-0.40762468169983274f,1.0357427251750464f,-0.16789989346048373f,0.7165185143588135f,0.817563969580972f,1.2773556258612113f,0.43791437866906496f,0.8017479170180447f,-0.6127244686742266f,0.8894625248339892f,0f,0f,0f,1f], start_interpolation: 0, interpolation_duration: 1 }
$data merge entity $(bone_beak_up) { transformation: [-0.9950078505875444f,-0.04053941437482677f,-0.46724290594004875f,1.0319421550774064f,-0.16789989346048373f,1.054041034204346f,0.2660960803720912f,1.3761719728178687f,0.43791437866906496f,0.3120161119166419f,-0.9596233338447479f,0.9187140353261745f,0f,0f,0f,1f], start_interpolation: 0, interpolation_duration: 1 }
$data merge entity $(bone_head) { transformation: [-0.9950078505875444f,-0.04053941437482677f,-0.46724290594004875f,0.798320702107382f,-0.16789989346048373f,1.054041034204346f,0.2660960803720912f,1.5092200130039144f,0.43791437866906496f,0.3120161119166419f,-0.9596233338447479f,0.4389023684038005f,0f,0f,0f,1f], start_interpolation: 0, interpolation_duration: 1 }
$data merge entity $(bone_neck2) { transformation: [-0.8456146587424366f,-0.5337306106526598f,-0.008214875060003846f,0.7931864051948796f,-0.05520587538041348f,0.10275164276069004f,-0.9931739078497087f,0.8884863205978464f,0.5309314082284026f,-0.8393889057893955f,-0.11635336090670839f,0.36618151783710773f,0f,0f,0f,1f], start_interpolation: 0, interpolation_duration: 1 }
$data merge entity $(bone_neck1) { transformation: [-0.8526448505571577f,-0.2734361255811306f,-0.44522965315165436f,0.5427447252970741f,0.02594662982953455f,0.8289187641364945f,-0.5587669056618472f,0.5741799361630573f,0.521846271634522f,-0.4879819337737892f,-0.6996785698387095f,-0.027387677697166324f,0f,0f,0f,1f], start_interpolation: 0, interpolation_duration: 1 }
$data merge entity $(bone_body3) { transformation: [-0.824367015072096f,-0.0694835415972213f,-0.5617749210388712f,0.18729267829795326f,-0.1045214147146619f,0.9940570615637073f,0.030427491210634386f,0.6553256845174354f,0.5563221174168508f,0.08380092960364341f,-0.8267303707197388f,-0.5388566012967753f,0f,0f,0f,1f], start_interpolation: 0, interpolation_duration: 1 }
$data merge entity $(bone_body2) { transformation: [-0.9114466506865126f,0.00011362933955969684f,-0.4114182665374879f,0.08443811166358127f,0.05487845056546573f,0.9910973723102676f,-0.12130273806974183f,0.625f,0.4077417793357359f,-0.13313897133467664f,-0.9033386162984909f,-0.764691255371398f,0f,0f,0f,1f], start_interpolation: 0, interpolation_duration: 1 }
$data merge entity $(bone_tail2) { transformation: [-0.7716746056045978f,-0.00524166103005777f,-0.6359959339922187f,-0.6027604287981958f,0.1210027067889147f,0.9804922930215805f,-0.15489741209923058f,0.21691200309262143f,0.6244010314010896f,-0.19648762891064894f,-0.755986748343069f,-2.2724563424557376f,0f,0f,0f,1f], start_interpolation: 0, interpolation_duration: 1 }
$data merge entity $(bone_tail1) { transformation: [-0.8719444830807584f,-0.15041210286286844f,-0.4659281250766033f,-0.2533143349907433f,0.09398563567971817f,0.8825218464321212f,-0.46078399587650476f,0.5625f,0.4804992390326006f,-0.44556861411280907f,-0.7553734780932425f,-1.7059262338858057f,0f,0f,0f,1f], start_interpolation: 0, interpolation_duration: 1 }
$data merge entity $(bone_body1) { transformation: [-0.9412349785144077f,0f,-0.3377524466543246f,1.2246467991473532e-16f,0f,1f,0f,0.5f,0.3377524466543246f,0f,-0.9412349785144077f,-1f,0f,0f,0f,1f], start_interpolation: 0, interpolation_duration: 1 }