# This file was generated by Animated Java via MC-Build. It is not recommended to edit this file directly.
$data merge entity $(bone_left_leg4) { transformation: [-0.8605422028787272f,0.04963092541324787f,-0.2588510929226533f,0.3593111738384739f,0.051315750601795745f,0.8985342844360849f,0.0016832804603181262f,-0.6856358030470336f,0.25852236035747805f,-0.013149560280039996f,-0.8619705785348131f,-1.1714111420215982f,0f,0f,0f,1f], start_interpolation: 0, interpolation_duration: 1 }
$data merge entity $(bone_left_leg3) { transformation: [-0.9660570964545682f,-0.15925169553885665f,-0.20340251684226598f,0.252585059486973f,0.020507073651088892f,0.737617512871975f,-0.6749073007716182f,-0.09024096209482621f,0.2575133905645254f,-0.6561701777531204f,-0.7093148465296643f,-1.6192065974283345f,0f,0f,0f,1f], start_interpolation: 0, interpolation_duration: 1 }
$data merge entity $(bone_left_leg2) { transformation: [-0.8934909383563439f,0.41361635694844556f,-0.17491555774085968f,0.4593932379611958f,-0.00440203331167581f,0.3814111574411955f,0.9243950189621809f,0.10046461662577155f,0.44905964545684f,0.826708557016355f,-0.3389666599801719f,-1.2058523189201569f,0f,0f,0f,1f], start_interpolation: 0, interpolation_duration: 1 }
$data merge entity $(bone_left_leg1) { transformation: [-0.9915295607894479f,-0.11564831345714689f,0.05911512222098328f,0.30268389867286544f,-0.12708376616539033f,0.9578138824554935f,-0.25776400631731844f,0.3125f,-0.026811312125755826f,-0.26309320434030914f,-0.9643978014139412f,-1.0777091209845704f,0f,0f,0f,1f], start_interpolation: 0, interpolation_duration: 1 }
$data merge entity $(bone_right_leg4) { transformation: [-0.830127458301516f,0.14462886005923153f,-0.31618174490604606f,-0.5908363090557744f,0.3170390894359708f,0.650867656634947f,-0.5346564404513828f,-0.39630511398422485f,0.14273968874659645f,-0.6045277383085905f,-0.6512845728804151f,-0.7974739144078152f,0f,0f,0f,1f], start_interpolation: 0, interpolation_duration: 1 }
$data merge entity $(bone_right_leg3) { transformation: [-0.9524081512569513f,0.0004807612632396485f,-0.3048253307845721f,-0.571424154934309f,0.28033328385561085f,0.39411741313520565f,-0.875262654650787f,-0.04601313821714642f,0.11971617844738246f,-0.9190599727614194f,-0.3754954102059479f,-1.463300430841008f,0f,0f,0f,1f], start_interpolation: 0, interpolation_duration: 1 }
$data merge entity $(bone_right_leg2) { transformation: [-0.9624157118846877f,0.09883279282811414f,0.2529586459864237f,-0.5220077585202519f,0.27156587612393746f,0.35990439859796897f,0.8925921794385568f,0.13393906108183806f,-0.002823551403454694f,0.9277396741174917f,-0.3732172619612371f,-0.9994305937822621f,0f,0f,0f,1f], start_interpolation: 0, interpolation_duration: 1 }
$data merge entity $(bone_right_leg1) { transformation: [-0.9032277781626952f,0.1762966234142606f,-0.391278776996672f,-0.3026838986728652f,0.26280906701055373f,0.9479973945375709f,-0.17953365769966204f,0.3125f,0.33928008348903027f,-0.26499139707301345f,-0.9025899314888068f,-0.9222908790154296f,0f,0f,0f,1f], start_interpolation: 0, interpolation_duration: 1 }
$data merge entity $(bone_right_wing3) { transformation: [-1.164236795069613f,0.051821202014766525f,-0.09392983553877704f,-0.6893512426941865f,-0.005306361774307052f,0.9946362038691577f,0.6145130026728752f,0.23631501290280488f,0.10714519824666474f,0.6123470837287117f,-0.9902052926126916f,0.7124459274916595f,0f,0f,0f,1f], start_interpolation: 0, interpolation_duration: 1 }
$data merge entity $(bone_right_wing2) { transformation: [-0.31294291265530283f,0.04432311590158951f,-0.9487371579186666f,-0.7765019994740593f,-0.4860518444043966f,0.850720825260817f,0.20006919307739107f,0.7808612867884355f,0.815978147973277f,0.5237456814755883f,-0.24468372067992575f,-0.16468600632158997f,0f,0f,0f,1f], start_interpolation: 0, interpolation_duration: 1 }
$data merge entity $(bone_right_wing1) { transformation: [-1.0510174791589941f,0.13573291439684593f,0.2248331504977019f,-0.16139471089185953f,0.2094981784823962f,0.9925969406498403f,0.38009595858973055f,0.5601960676923615f,-0.15837892165923434f,0.41223658313282513f,-0.9892361840390504f,0.1641089672019358f,0f,0f,0f,1f], start_interpolation: 0, interpolation_duration: 1 }
$data merge entity $(bone_left_wing3) { transformation: [-1.0393821460318247f,-0.29357747123333655f,-0.4477193192962312f,1.8390897349824615f,-0.2811465272073347f,1.1313538896804185f,-0.0891659829800838f,0.9128753809207814f,0.4556280837767757f,0.0283938490837105f,-1.0763607223346074f,-0.15714312643298955f,0f,0f,0f,1f], start_interpolation: 0, interpolation_duration: 1 }
$data merge entity $(bone_left_wing2) { transformation: [-0.8682334327717558f,-0.2510993141352235f,0.4279250409337988f,1.1853992922512375f,-0.214066237102732f,0.9676566275658828f,0.13347770323353322f,0.7630688156208628f,-0.44760066169527746f,0.024285501202209264f,-0.8939037208118712f,-0.9469108936911236f,0f,0f,0f,1f], start_interpolation: 0, interpolation_duration: 1 }
$data merge entity $(bone_left_wing1) { transformation: [-0.7229087824850822f,-0.5701553084329158f,-0.5709088610126953f,0.8583784559078651f,-0.347668241713964f,0.9118419906244175f,-0.47040630198662425f,0.6509885011454528f,0.7281076822974522f,-0.13068366198946607f,-0.7914493632441473f,-0.30220039609986027f,0f,0f,0f,1f], start_interpolation: 0, interpolation_duration: 1 }
$data merge entity $(bone_beak_down) { transformation: [-1.038459144210615f,0.13336466592201787f,-0.3373669688764224f,0.7595095903649568f,-0.12725625209452343f,0.8240450137359485f,0.717464745921202f,1.273632047816699f,0.3397181951385757f,0.7163544382639283f,-0.7625141747347126f,0.9873734077526044f,0f,0f,0f,1f], start_interpolation: 0, interpolation_duration: 1 }
$data merge entity $(bone_beak_up) { transformation: [-1.038459144210615f,-0.05992168922294985f,-0.35778764227684645f,0.7538919320003052f,-0.12725625209452343f,1.0761211355580187f,0.18912733252540448f,1.3745184042752632f,0.3397181951385757f,0.21993792934823217f,-1.0228484028074738f,1.0079925886290013f,0f,0f,0f,1f], start_interpolation: 0, interpolation_duration: 1 }
$data merge entity $(bone_head) { transformation: [-1.038459144210615f,-0.05992168922294985f,-0.35778764227684645f,0.574998110861882f,-0.12725625209452343f,1.0761211355580187f,0.18912733252540448f,1.4690820705379655f,0.3397181951385757f,0.21993792934823217f,-1.0228484028074738f,0.4965683872252643f,0f,0f,0f,1f], start_interpolation: 0, interpolation_duration: 1 }
$data merge entity $(bone_neck2) { transformation: [-0.9164031087197837f,-0.39943348377963517f,0.02565607850743709f,0.5910331599290302f,-0.04313239006043867f,0.03482439783515673f,-0.9984622467790618f,0.8450431663010519f,0.39792579616856955f,-0.9161005148732766f,-0.04914170726101513f,0.46585482018712987f,0f,0f,0f,1f], start_interpolation: 0, interpolation_duration: 1 }
$data merge entity $(bone_neck1) { transformation: [-0.9203146153851984f,-0.20448421863261546f,-0.3334774550679589f,0.40345209145330324f,0.016115321113524206f,0.8319504218595439f,-0.5546158959073697f,0.5330717248531565f,0.390846907540282f,-0.5157952112010495f,-0.7623608036673074f,0.037026868124269474f,0f,0f,0f,1f], start_interpolation: 0, interpolation_duration: 1 }
$data merge entity $(bone_body3) { transformation: [-0.9064650371553108f,-0.038278798755919344f,-0.42054235218444347f,0.1382206964157811f,-0.08070438529163668f,0.9932302387221325f,0.08354935716493918f,0.6473669630013767f,0.41449721182381877f,0.1096741831689634f,-0.903417752170335f,-0.5207545905341298f,0f,0f,0f,1f], start_interpolation: 0, interpolation_duration: 1 }
$data merge entity $(bone_body2) { transformation: [-0.9525400305925279f,0.011026177890006358f,-0.30421359851249874f,0.06216729678765643f,0.04009321846207006f,0.9951824140783806f,-0.0894678520055069f,0.625f,0.30176153491149027f,-0.0974186127506674f,-0.9483931621103121f,-0.7578528810617078f,0f,0f,0f,1f], start_interpolation: 0, interpolation_duration: 1 }
$data merge entity $(bone_tail2) { transformation: [-0.8772744321272385f,-0.006253716212954771f,-0.47994839490236757f,-0.4453929956792555f,0.09019726148322066f,0.9799540351072675f,-0.17763598480575865f,0.20646681453127158f,0.47143825126601535f,-0.19912553856929557f,-0.8591245515830223f,-2.3336610587622864f,0f,0f,0f,1f], start_interpolation: 0, interpolation_duration: 1 }
$data merge entity $(bone_tail1) { transformation: [-0.9315639412547659f,-0.11416554237634396f,-0.34518814042171564f,-0.1865018903629688f,0.06836492176887127f,0.877482641218849f,-0.47471091395830456f,0.5625f,0.35709223013868974f,-0.465822330179123f,-0.8096262692632131f,-1.7264413568148766f,0f,0f,0f,1f], start_interpolation: 0, interpolation_duration: 1 }
$data merge entity $(bone_body1) { transformation: [-0.968588475753169f,0f,-0.24866918715062522f,1.2246467991473532e-16f,0f,1f,0f,0.5f,0.24866918715062522f,0f,-0.968588475753169f,-1f,0f,0f,0f,1f], start_interpolation: 0, interpolation_duration: 1 }