# This file was generated by Animated Java via MC-Build. It is not recommended to edit this file directly.
$data merge entity $(bone_left_leg4) { transformation: [-0.8696182252604243f,0.0446428778025579f,-0.2275327575458438f,0.3755057082039968f,0.04516540478568135f,0.8988582196714332f,0.0037399384550254045f,-0.6806947293840026f,0.2274296122000285f,-0.0078047671719087f,-0.8707553371090739f,-1.1535585162622908f,0f,0f,0f,1f], start_interpolation: 0, interpolation_duration: 1 }
$data merge entity $(bone_left_leg3) { transformation: [-0.9754389638203598f,-0.14212792113301273f,-0.16828096117942407f,0.2794273274279513f,0.011943699747439016f,0.728724500719389f,-0.6847028188109208f,-0.09135742766877827f,0.21994584764756459f,-0.6698957053793414f,-0.7091287386764895f,-1.6116597491295162f,0f,0f,0f,1f], start_interpolation: 0, interpolation_duration: 1 }
$data merge entity $(bone_left_leg2) { transformation: [-0.9141740993213344f,0.3718320218205623f,-0.1613278143373289f,0.46534333833823244f,-0.009186639225913312f,0.3789140029107131f,0.9253862891019692f,0.09809957378657827f,0.40521762275320605f,0.8474462377915268f,-0.3429774806940351f,-1.1879366302337528f,0f,0f,0f,1f], start_interpolation: 0, interpolation_duration: 1 }
$data merge entity $(bone_left_leg1) { transformation: [-0.9903029598935917f,-0.10619495672921227f,0.08956940767512009f,0.3048496500257212f,-0.12708376616539033f,0.9529338848420961f,-0.2752575657397468f,0.3125f,-0.05612275833573696f,-0.28397119974573365f,-0.9571889017909457f,-1.0687236558922426f,0f,0f,0f,1f], start_interpolation: 0, interpolation_duration: 1 }
$data merge entity $(bone_right_leg4) { transformation: [-0.844136644597074f,0.145307419395735f,-0.2762590797004596f,-0.5821067661710151f,0.2834193625946277f,0.6905592727778234f,-0.5027935517556071f,-0.41845744204683094f,0.13079292853532992f,-0.5585818155374516f,-0.6934548040038635f,-0.8116957150434045f,0f,0f,0f,1f], start_interpolation: 0, interpolation_duration: 1 }
$data merge entity $(bone_right_leg3) { transformation: [-0.9596184415351432f,0.004003095562629483f,-0.2812764154556498f,-0.5615246685330648f,0.25776296996925824f,0.4129382442690742f,-0.8735217557294159f,-0.054158649111936796f,0.112652998088334f,-0.9107502301102597f,-0.39729500421704167f,-1.469927449862534f,0f,0f,0f,1f], start_interpolation: 0, interpolation_duration: 1 }
$data merge entity $(bone_right_leg2) { transformation: [-0.9685554955684446f,0.08374379668083504f,0.2342802350213168f,-0.5196527701926473f,0.24859895297847612f,0.36337235531046486f,0.8978636266015738f,0.12752752854329563f,-0.009940451809145767f,0.9278725709458192f,-0.3727649118468982f,-1.0059911643896244f,0f,0f,0f,1f], start_interpolation: 0, interpolation_duration: 1 }
$data merge entity $(bone_right_leg1) { transformation: [-0.9102227261146746f,0.15463780250941458f,-0.38416368763774306f,-0.30484965002572095f,0.24696712208612384f,0.94734652243351f,-0.20381807339299585f,0.3125f,0.3324181545476536f,-0.28039564274109946f,-0.9004867872761587f,-0.9312763441077575f,0f,0f,0f,1f], start_interpolation: 0, interpolation_duration: 1 }
$data merge entity $(bone_right_wing3) { transformation: [-1.1665277981575646f,0.022391645981877678f,-0.07527998600191615f,-0.7497472668508631f,-0.019097248575482517f,1.0061445822688313f,0.5952007565893103f,0.23318436595440983f,0.0761823942855082f,0.5950859263483411f,-1.0035061280528519f,0.6914969424208186f,0f,0f,0f,1f], start_interpolation: 0, interpolation_duration: 1 }
$data merge entity $(bone_right_wing2) { transformation: [-0.3273936088706249f,0.019151765715494602f,-0.9446939370720269f,-0.8214821453315597f,-0.47561084245431656f,0.8605640394244469f,0.18227413582122415f,0.7605498178460526f,0.8164605020517303f,0.5089820664025969f,-0.2726343791050186f,-0.1974496901086506f,0f,0f,0f,1f], start_interpolation: 0, interpolation_duration: 1 }
$data merge entity $(bone_right_wing1) { transformation: [-1.0489885135902197f,0.11157450404369075f,0.24654683026617108f,-0.21267331869149803f,0.19244905564886045f,1.0014499950432247f,0.3656123350201659f,0.5540466090642374f,-0.19025659107309165f,0.39781924109630573f,-0.9895217996981758f,0.15164125415654428f,0f,0f,0f,1f], start_interpolation: 0, interpolation_duration: 1 }
$data merge entity $(bone_left_wing3) { transformation: [-1.0680910028405197f,-0.21990167681333067f,-0.42164016431357754f,1.7898669332958355f,-0.2266741479156397f,1.1467366982476326f,-0.023860878764193502f,0.8131683821955563f,0.41803828328804254f,0.059948005833107304f,-1.0902319919534473f,-0.059936751869979266f,0f,0f,0f,1f], start_interpolation: 0, interpolation_duration: 1 }
$data merge entity $(bone_left_wing2) { transformation: [-0.8491028010605908f,-0.1880837790210615f,0.49360806851206884f,1.1810941038679879f,-0.13614528886484295f,0.9808136748845132f,0.13953134228353611f,0.7400895115489394f,-0.5103811257785376f,0.05127404049510159f,-0.8584183590885852f,-0.8951262207573857f,0f,0f,0f,1f], start_interpolation: 0, interpolation_duration: 1 }
$data merge entity $(bone_left_wing1) { transformation: [-0.7653634762840427f,-0.4950619422760372f,-0.5854430233518836f,0.8304849031535492f,-0.311051646877442f,0.9565806475109472f,-0.4022579382603648f,0.6355201060137239f,0.7007686731413925f,-0.11609586223688553f,-0.8179585127781466f,-0.26164798293039115f,0f,0f,0f,1f], start_interpolation: 0, interpolation_duration: 1 }
$data merge entity $(bone_beak_down) { transformation: [-1.0504815767812414f,0.10774763967150008f,-0.30802419221291305f,0.6702620592060631f,-0.11233134705509815f,0.8554546425797788f,0.6823335129960202f,1.2722723382060253f,0.3063823188631877f,0.6830723245996161f,-0.8059417311779385f,1.0089944845502994f,0f,0f,0f,1f], start_interpolation: 0, interpolation_duration: 1 }
$data merge entity $(bone_beak_up) { transformation: [-1.0504815767812414f,-0.060291977887266535f,-0.3207075525235388f,0.6646096862791319f,-0.11233134705509815f,1.0818037373099014f,0.1645671364857422f,1.3736914385788286f,0.3063823188631877f,0.18990932400693525f,-1.039261431663489f,1.0267984836759498f,0f,0f,0f,1f], start_interpolation: 0, interpolation_duration: 1 }
$data merge entity $(bone_head) { transformation: [-1.0504815767812414f,-0.060291977887266535f,-0.3207075525235388f,0.5042559100173625f,-0.11233134705509815f,1.0818037373099014f,0.1645671364857422f,1.4559750068216997f,0.3063823188631877f,0.18990932400693525f,-1.039261431663489f,0.5071677678442053f,0f,0f,0f,1f], start_interpolation: 0, interpolation_duration: 1 }
$data merge entity $(bone_neck2) { transformation: [-0.9346252084225732f,-0.35422582728745333f,0.03161934634967148f,0.5240180014859072f,-0.03888172991249944f,0.013401762223501257f,-0.9991539440187963f,0.8315037918099519f,0.35350237744613905f,-0.9350638780595815f,-0.02629853775599189f,0.4907311817467103f,0f,0f,0f,1f], start_interpolation: 0, interpolation_duration: 1 }
$data merge entity $(bone_neck1) { transformation: [-0.9377104046725064f,-0.1816548810275926f,-0.2961430417345224f,0.3574375405102383f,0.013406678102196428f,0.8328561628106657f,-0.5533270940868141f,0.5202573013861189f,0.3471591248277768f,-0.5228308677451488f,-0.7785425009475506f,0.052801024963713084f,0f,0f,0f,1f], start_interpolation: 0, interpolation_duration: 1 }
$data merge entity $(bone_body3) { transformation: [-0.927251752751153f,-0.03004582174403221f,-0.37323107536168554f,0.12229025455018283f,-0.07242088617732122f,0.9923446949483913f,0.10003610174869783f,0.6448014084133296f,0.36736821074394255f,0.11978837591148059f,-0.9223293027608328f,-0.5161680157673398f,0f,0f,0f,1f], start_interpolation: 0, interpolation_duration: 1 }
$data merge entity $(bone_body2) { transformation: [-0.9629865458343512f,0.012801193402771586f,-0.2692453193455547f,0.054978924713794154f,0.0353885301701551f,0.9962299531383165f,-0.07920563365331838f,0.625f,0.2672163252393478f,-0.08580215566926332f,-0.9598090568483331f,-0.7561202799794231f,0f,0f,0f,1f], start_interpolation: 0, interpolation_duration: 1 }
$data merge entity $(bone_tail2) { transformation: [-0.9046259931522063f,-0.0064314345007622925f,-0.4261577749656188f,-0.3938257548631551f,0.07972485704443727f,0.9796837472875274f,-0.18402092943443227f,0.203490702454029f,0.41868336446845916f,-0.20044548373792478f,-0.8857346376688903f,-2.349071066250337f,0f,0f,0f,1f], start_interpolation: 0, interpolation_duration: 1 }
$data merge entity $(bone_tail1) { transformation: [-0.9468238813036425f,-0.10191401179661123f,-0.30518530762903084f,-0.16493677414138197f,0.060006478038469396f,0.8759369708267031f,-0.47867906339462796f,0.5625f,0.3161071976189797f,-0.4715378641619989f,-0.8232425415848086f,-1.7316391600617305f,0f,0f,0f,1f], start_interpolation: 0, interpolation_duration: 1 }
$data merge entity $(bone_body1) { transformation: [-0.9755188800823075f,0f,-0.21991569885517612f,1.2246467991473532e-16f,0f,1f,0f,0.5f,0.21991569885517612f,0f,-0.9755188800823075f,-1f,0f,0f,0f,1f], start_interpolation: 0, interpolation_duration: 1 }