# This file was generated by Animated Java via MC-Build. It is not recommended to edit this file directly.
$data merge entity $(bone_left_leg4) { transformation: [-0.7510052253620589f,-0.01046874360974942f,-0.4958644541466109f,0.485447429172714f,-0.05472068479624917f,0.8960551907997583f,0.06395890630895762f,-0.6930733844896115f,0.49294705408827894f,0.08351946149276701f,-0.7483499859141077f,-1.1232734319176687f,0f,0f,0f,1f], start_interpolation: 0, interpolation_duration: 1 }
$data merge entity $(bone_left_leg3) { transformation: [-0.827995798903461f,-0.34064887595645127f,-0.44540015750763434f,0.25779828204960265f,0.02655696490147917f,0.7696013668814277f,-0.6379721496346524f,-0.075999099976375f,0.560105065691644f,-0.5400667360649459f,-0.6281800983656795f,-1.4890622278185233f,0f,0f,0f,1f], start_interpolation: 0, interpolation_duration: 1 }
$data merge entity $(bone_left_leg2) { transformation: [-0.7522917988252085f,0.5256681906040803f,-0.39715236724381275f,0.5206323773516428f,-0.08746654553125342f,0.5177905153139699f,0.8510244330591942f,0.18289615768060996f,0.6529982027794266f,0.6749562472026803f,-0.34355117745237473f,-1.151584104217183f,0f,0f,0f,1f], start_interpolation: 0, interpolation_duration: 1 }
$data merge entity $(bone_left_leg1) { transformation: [-0.9587220896598615f,-0.24625641892510386f,0.1421609332285496f,0.32796386261535015f,-0.25520212318087826f,0.9656819305789307f,-0.048273028466435f,0.34111244710400623f,-0.12539470133223435f,-0.08256019071885153f,-0.9886657593880079f,-0.9973636477582454f,0f,0f,0f,1f], start_interpolation: 0, interpolation_duration: 1 }
$data merge entity $(bone_right_leg4) { transformation: [-0.8304347070689271f,0.2380570152878488f,0.2524025648989844f,-0.5493152956243194f,0.2638343815306871f,0.8584785680537359f,0.05836066581805205f,-0.7383526594260026f,-0.22532114063634825f,0.1278413300331605f,-0.8619089150935192f,-1.1148518728017445f,0f,0f,0f,1f], start_interpolation: 0, interpolation_duration: 1 }
$data merge entity $(bone_right_leg3) { transformation: [-0.8505105439077955f,0.460519917370817f,0.2540732579521926f,-0.21980493621821867f,0.20971592860887675f,0.7399379992744384f,-0.6391486419585488f,-0.1434523698477646f,-0.4823391379407049f,-0.49031944988396736f,-0.7259034323352528f,-1.4372224956937667f,0f,0f,0f,1f], start_interpolation: 0, interpolation_duration: 1 }
$data merge entity $(bone_right_leg2) { transformation: [-0.7879969443447605f,-0.4577161351191398f,0.4117726986517166f,-0.44866300377778856f,0.18789938738074793f,0.4581149457540487f,0.8688063746881146f,0.08560510302925975f,-0.5863059234949445f,0.7619886062982586f,-0.2749885960296861f,-1.0562281925446373f,0f,0f,0f,1f], start_interpolation: 0, interpolation_duration: 1 }
$data merge entity $(bone_right_leg1) { transformation: [-0.9210943125402437f,0.3644045603278451f,0.137093339802798f,-0.29090536086181173f,0.27345208383660646f,0.8561462562231736f,-0.43844902303513156f,0.29416020741061616f,-0.27714477309058727f,-0.3663644420072909f,-0.8882386336909992f,-0.9237336849676185f,0f,0f,0f,1f], start_interpolation: 0, interpolation_duration: 1 }
$data merge entity $(bone_right_wing3) { transformation: [-1.082332363586665f,-0.40466100844471614f,0.1782180937895211f,-1.3784490005455994f,-0.2705953297102537f,0.9788685270832788f,0.5792668989346562f,0.6215192216425306f,-0.3497004264344902f,0.4949964049433892f,-0.9998218525423507f,0.031012524511178308f,0f,0f,0f,1f], start_interpolation: 0, interpolation_duration: 1 }
$data merge entity $(bone_right_wing2) { transformation: [-0.5888830232850788f,-0.3461100105906151f,-0.7303592578009739f,-1.1138783174586542f,-0.5451659243341559f,0.8372345968734444f,0.042805896124787274f,1.1585203885742177f,0.5966664896166956f,0.423374645399468f,-0.6817206244506354f,-0.8146342270878053f,0f,0f,0f,1f], start_interpolation: 0, interpolation_duration: 1 }
$data merge entity $(bone_right_wing1) { transformation: [-0.9387671189859423f,-0.2545393990388344f,0.47700849233414444f,-0.6282011440254549f,-0.05756315911871742f,0.99739095002617f,0.4189378075911482f,1.0983728993400619f,-0.5376001210325551f,0.33768639038900267f,-0.8778183882346843f,-0.27089144530144904f,0f,0f,0f,1f], start_interpolation: 0, interpolation_duration: 1 }
$data merge entity $(bone_left_wing3) { transformation: [0.13247343396182493f,0.9967792133737386f,0.59652121090281f,0.24838027225223774f,0.4984573282083767f,0.4935280673429025f,-0.9353747402387494f,0.3382846072171555f,-1.0492600474745482f,0.3603010026455269f,-0.3690421469736208f,1.4030087594575664f,0f,0f,0f,1f], start_interpolation: 0, interpolation_duration: 1 }
$data merge entity $(bone_left_wing2) { transformation: [0.11330565751250615f,0.8525537595610033f,0.5102096775190151f,0.5636474085609451f,0.42633480257522854f,0.4221187637309863f,-0.8000339901650207f,0.41962115741713046f,-0.8974410644096913f,0.30816851942504186f,-0.31564489469430385f,0.4194045064725184f,0f,0f,0f,1f], start_interpolation: 0, interpolation_duration: 1 }
$data merge entity $(bone_left_wing1) { transformation: [0.07892508324101778f,0.8593981996773205f,0.6548409552997504f,0.46261733708703323f,0.6556652702958623f,0.4837731357202361f,-0.7139171643785954f,1.0004665399614883f,-0.8587694659653213f,0.44834071715370805f,-0.4848883549631263f,-0.013686495783214014f,0f,0f,0f,1f], start_interpolation: 0, interpolation_duration: 1 }
$data merge entity $(bone_beak_down) { transformation: [-0.9456323364059132f,0.2635952328001676f,-0.49628322315842943f,0.15419744185515805f,-0.3362707077188343f,0.5128963503461854f,0.9131589921431194f,1.602696333055314f,0.45022382819411993f,0.9367256199371239f,-0.36033819875173223f,0.9693748809583727f,0f,0f,0f,1f], start_interpolation: 0, interpolation_duration: 1 }
$data merge entity $(bone_beak_up) { transformation: [-0.9456323364059132f,0.046611149427863034f,-0.5600061473702833f,0.1585672371140202f,-0.3362707077188343f,0.8313368291883216f,0.6370251859741354f,1.680634160791719f,0.45022382819411993f,0.7188229804229422f,-0.7004227490181273f,1.0367645353730235f,0f,0f,0f,1f], start_interpolation: 0, interpolation_duration: 1 }
$data merge entity $(bone_head) { transformation: [-0.9456323364059132f,0.046611149427863034f,-0.5600061473702833f,-0.12143583657112145f,-0.3362707077188343f,0.8313368291883216f,0.6370251859741354f,1.9991467537787866f,0.45022382819411993f,0.7188229804229422f,-0.7004227490181273f,0.6865531608639598f,0f,0f,0f,1f], start_interpolation: 0, interpolation_duration: 1 }
$data merge entity $(bone_neck2) { transformation: [-0.934812935738735f,-0.35511096462658126f,-0.004580172213638958f,-0.1242984442046458f,-0.16179389449265263f,0.4373246612383092f,-0.8846297962298684f,1.446253131135119f,0.3161447625383474f,-0.8262223329557106f,-0.46627153638710905f,0.39513345062201666f,0f,0f,0f,1f], start_interpolation: 0, interpolation_duration: 1 }
$data merge entity $(bone_neck1) { transformation: [-0.9980803088181721f,-0.05949244270223258f,0.017214714948082493f,-0.11461516704634939f,-0.05450073586220751f,0.7116698984610137f,-0.7003967628530049f,1.0522799520303037f,0.02941711984372443f,-0.6999904319959037f,-0.7135460939380778f,-0.006236227218152091f,0f,0f,0f,1f], start_interpolation: 0, interpolation_duration: 1 }
$data merge entity $(bone_body3) { transformation: [-0.969616427655545f,0.1817980044473765f,0.16368710639342005f,-0.0009483502725008211f,0.08702787500317649f,0.8816928256708113f,-0.4637282718716335f,0.8175555837149584f,-0.22862662179398668f,-0.43539320934021436f,-0.8707253419233286f,-0.5776516415039958f,0f,0f,0f,1f], start_interpolation: 0, interpolation_duration: 1 }
$data merge entity $(bone_body2) { transformation: [-0.9967856740132691f,0.05993939575336669f,0.05315626885545956f,0.012340716941364068f,0.019571528711760662f,0.8255879562828138f,-0.5639339338119772f,0.6765721002619641f,-0.07768703460550762f,-0.5610809168716113f,-0.8241073530655545f,-0.7836784797703844f,0f,0f,0f,1f], start_interpolation: 0, interpolation_duration: 1 }
$data merge entity $(bone_tail2) { transformation: [-0.9668092183412932f,-0.17575208890149602f,0.18544847957602295f,0.020904322733887426f,-0.22953601208066282f,0.9162594028846092f,-0.3283015774918623f,-0.083098612939487f,-0.11221922512833424f,-0.35997209596342333f,-0.9261894707020244f,-2.309281265134172f,0f,0f,0f,1f], start_interpolation: 0, interpolation_duration: 1 }
$data merge entity $(bone_tail1) { transformation: [-0.9803822224681463f,-0.14372745977418538f,0.13488185636058708f,-0.08025706953655289f,-0.1969192013127093f,0.7439772742366245f,-0.6385300647376024f,0.3957989356137148f,-0.00857473164494374f,-0.6525643514062824f,-0.7576847901673327f,-1.7410176725086726f,0f,0f,0f,1f], start_interpolation: 0, interpolation_duration: 1 }
$data merge entity $(bone_body1) { transformation: [-0.990190757563459f,-0.09882267134276838f,-0.09877420343683997f,1.2246467991473532e-16f,-0.07512358350942415f,0.9726062546276736f,-0.21998527373401972f,0.5f,0.11780794046500277f,-0.21040711273102958f,-0.9704896372839774f,-1f,0f,0f,0f,1f], start_interpolation: 0, interpolation_duration: 1 }