# This file was generated by Animated Java via MC-Build. It is not recommended to edit this file directly.
$data merge entity $(bone_left_leg4) { transformation: [-0.8954129030658816f,0.01212649530756668f,-0.0899370954316703f,0.4415446693784661f,0.01083646999299337f,0.8998343996979318f,0.013439644279259866f,-0.6561401739666937f,0.09010163117957835f,0.012288255849291996f,-0.8953941561273229f,-1.064112317345018f,0f,0f,0f,1f], start_interpolation: 0, interpolation_duration: 1 }
$data merge entity $(bone_left_leg3) { transformation: [-0.9978965656416622f,-0.06359077424972394f,-0.01259594025454839f,0.3946388349570824f,-0.03470652747530079f,0.6881802927220797f,-0.7247091428011365f,-0.0947106330000628f,0.05475309334806301f,-0.7227476033438452f,-0.6889397656033109f,-1.563114284502695f,0f,0f,0f,1f], start_interpolation: 0, interpolation_duration: 1 }
$data merge entity $(bone_left_leg2) { transformation: [-0.9778255552865595f,0.1777440397286655f,-0.11074402814357999f,0.48351085482141515f,-0.03864954801257764f,0.36656141712528306f,0.9295907378591548f,0.08857007556257873f,0.20582370093590996f,0.913257786069212f,-0.3515633944497154f,-1.106485391468089f,0f,0f,0f,1f], start_interpolation: 0, interpolation_duration: 1 }
$data merge entity $(bone_left_leg1) { transformation: [-0.9745052908473263f,-0.05069572104038948f,0.2185620780894136f,0.3112118561286613f,-0.12708376616539035f,0.927526354568868f,-0.35148908654097216f,0.3125f,-0.18490309485724765f,-0.37030366653380803f,-0.9103219430859777f,-1.028344851471713f,0f,0f,0f,1f], start_interpolation: 0, interpolation_duration: 1 }
$data merge entity $(bone_right_leg4) { transformation: [-0.8890317175854029f,0.10399508928622278f,-0.09384895594250754f,-0.5341146719437699f,0.12478919998565315f,0.8619044147212971f,-0.2270428053272749f,-0.549480920049412f,0.06364165848003023f,-0.23728843479674466f,-0.8658198068984231f,-0.9120935960643017f,0f,0f,0f,1f], start_interpolation: 0, interpolation_duration: 1 }
$data merge entity $(bone_right_leg3) { transformation: [-0.9852637018856549f,0.018867000019134633f,-0.1699984531013536f,-0.5093395186105844f,0.15140159209830223f,0.5586276747449614f,-0.8154830954220553f,-0.0795424705268124f,0.07958012098931753f,-0.8292039298745009f,-0.553252064636012f,-1.4994182894304267f,0f,0f,0f,1f], start_interpolation: 0, interpolation_duration: 1 }
$data merge entity $(bone_right_leg2) { transformation: [-0.9888084635728777f,0.011005475823438138f,0.14878407800750953f,-0.5038367806988653f,0.14276108499486861f,0.35941107197458805f,0.9221946399503553f,0.10016306546048162f,-0.04332545415495198f,0.9331144414507674f,-0.3569598635397123f,-1.032861068705043f,0f,0f,0f,1f], start_interpolation: 0, interpolation_duration: 1 }
$data merge entity $(bone_right_leg1) { transformation: [-0.9379806668636185f,0.06067583143063608f,-0.341336655034707f,-0.3112118561286611f,0.17614468944237185f,0.9314236687730802f,-0.3184697750659324f,0.3125f,0.298605621131505f,-0.35884313108863636f,-0.884345119452339f,-0.9716551485282869f,0f,0f,0f,1f], start_interpolation: 0, interpolation_duration: 1 }
$data merge entity $(bone_right_wing3) { transformation: [-1.1638778160103804f,-0.10612824378032479f,0.0328753896946254f,-1.0128276354413763f,-0.08266308225101192f,1.058322221724286f,0.489975974731309f,0.2315507141230259f,-0.07423483150268463f,0.48543427655372445f,-1.0610364361863793f,0.5652537861809566f,0f,0f,0f,1f], start_interpolation: 0, interpolation_duration: 1 }
$data merge entity $(bone_right_wing2) { transformation: [-0.4081985640148087f,-0.09077239173585917f,-0.9083690358190333f,-0.9927882999162441f,-0.4141035421978899f,0.9051920193079793f,0.09563296774807009f,0.6650940459280432f,0.813567568598582f,0.4151960754627803f,-0.40708725139077584f,-0.3755569985170697f,0f,0f,0f,1f], start_interpolation: 0, interpolation_duration: 1 }
$data merge entity $(bone_right_wing1) { transformation: [-1.0214418402339318f,0.008450088652082296f,0.36082720813763747f,-0.42783341087647286f,0.10915408182785424f,1.0395526253267042f,0.2846521328003466f,0.5301342325833633f,-0.34402480223226356f,0.3047458716524968f,-0.9810137615094513f,0.06915422478635558f,0f,0f,0f,1f], start_interpolation: 0, interpolation_duration: 1 }
$data merge entity $(bone_left_wing3) { transformation: [-1.1386962385303174f,0.05022318027972027f,-0.26039215521221115f,1.4642425737796132f,-0.004119619170724524f,1.1445216922241188f,0.23876492779068265f,0.43960086425446154f,0.265159331480824f,0.23345940582377997f,-1.1145146031962132f,0.28776637675557526f,0f,0f,0f,1f], start_interpolation: 0, interpolation_duration: 1 }
$data merge entity $(bone_left_wing2) { transformation: [-0.6643305583204117f,0.0429563142871551f,0.7462035006246981f,1.1341976825092543f,0.17726448155850044f,0.9789191613478542f,0.10146220539595027f,0.6497750941820121f,-0.7261144626431061f,0.1996798202344871f,-0.6579405417905453f,-0.6715998155535442f,0f,0f,0f,1f], start_interpolation: 0, interpolation_duration: 1 }
$data merge entity $(bone_left_wing1) { transformation: [-0.9138179852152297f,-0.1568089652946039f,-0.5603202204200064f,0.6835793966042062f,-0.151422601369875f,1.0713942660856701f,-0.0528832062590675f,0.5658837986032224f,0.5617997835551991f,0.03371032650531387f,-0.9256650194294624f,-0.10145802535209947f,0f,0f,0f,1f], start_interpolation: 0, interpolation_duration: 1 }
$data merge entity $(bone_beak_down) { transformation: [-1.0896636435986387f,0.036608815686360055f,-0.1459210006591958f,0.2756202314349007f,-0.035313090047070166f,0.9748865056518814f,0.5082807165033828f,1.263824362760906f,0.14623997227388422f,0.5081890354109453f,-0.9645505558535681f,1.0521757154591955f,0f,0f,0f,1f], start_interpolation: 0, interpolation_duration: 1 }
$data merge entity $(bone_beak_up) { transformation: [-1.0896636435986387f,-0.02724878568889405f,-0.1479548833185969f,0.2730656577765669f,-0.035313090047070166f,1.0979087438155994f,0.05787379307234315f,1.3667533074936185f,0.14623997227388422f,0.06207973849601517f,-1.0884668008614689f,1.057995690943197f,0f,0f,0f,1f], start_interpolation: 0, interpolation_duration: 1 }
$data merge entity $(bone_head) { transformation: [-1.0896636435986387f,-0.02724878568889405f,-0.1479548833185969f,0.19908821611726846f,-0.035313090047070166f,1.0979087438155994f,0.05787379307234315f,1.39569020402979f,0.14623997227388422f,0.06207973849601517f,-1.0884668008614689f,0.5137622905124625f,0f,0f,0f,1f], start_interpolation: 0, interpolation_duration: 1 }
$data merge entity $(bone_neck2) { transformation: [-0.9888764087776247f,-0.14592943655795876f,0.02877581812815507f,0.21707310244736538f,-0.017471676891903064f,-0.07816140516928688f,-0.9967876078927485f,0.7726979490968222f,0.14770981236753675f,-0.9862025118036555f,0.07474233768425903f,0.5604762515651244f,0f,0f,0f,1f], start_interpolation: 0, interpolation_duration: 1 }
$data merge entity $(bone_neck1) { transformation: [-0.9894164598698917f,-0.07601482200443818f,-0.12359941656077733f,0.14754843063192813f,0.0039739117446471045f,0.837286269331186f,-0.546750318897859f,0.46515089471677656f,0.14504922255557504f,-0.5414549381297562f,-0.8281227403053999f,0.09465721014333695f,0f,0f,0f,1f], start_interpolation: 0, interpolation_duration: 1 }
$data merge entity $(bone_body3) { transformation: [-0.9879224955383814f,-0.0050756318340642315f,-0.15486568622745917f,0.05044014975013713f,-0.031777392017652444f,0.9848560538529447f,0.17043694008565785f,0.6332274856361217f,0.15165533345640447f,0.17329971480268144f,-0.9731227408110119f,-0.5027132706883779f,0f,0f,0f,1f], start_interpolation: 0, interpolation_duration: 1 }
$data merge entity $(bone_body2) { transformation: [-0.9937556172461198f,0.010774945089977266f,-0.11105707429106605f,0.022675881177370617f,0.014513482706634937f,0.9993529379060446f,-0.032909942544486905f,0.625f,0.11063061064419556f,-0.034316265194003784f,-0.993268977634773f,-0.7510305150970711f,0f,0f,0f,1f], start_interpolation: 0, interpolation_duration: 1 }
$data merge entity $(bone_tail2) { transformation: [-0.984899827573686f,-0.0051189251963886725f,-0.1730494907538232f,-0.16028243911959877f,0.031214353511349407f,0.9779311850799012f,-0.20658233560275324f,0.19259926697522922f,0.17028797309320545f,-0.20886453469426985f,-0.9630044716234468f,-2.392789636040809f,0f,0f,0f,1f], start_interpolation: 0, interpolation_duration: 1 }
$data merge entity $(bone_tail1) { transformation: [-0.9914433055915784f,-0.043698956555775534f,-0.1230063941166499f,-0.06802764353211137f,0.022861224414583287f,0.8696149494708173f,-0.49320097736636104f,0.5625f,0.12852056728753658f,-0.4917928841014317f,-0.8611749084426958f,-1.746908454708787f,0f,0f,0f,1f], start_interpolation: 0, interpolation_duration: 1 }
$data merge entity $(bone_body1) { transformation: [-0.9958779396117159f,0f,-0.09070352470948198f,1.2246467991473532e-16f,0f,1f,0f,0.5f,0.09070352470948198f,0f,-0.9958779396117159f,-1f,0f,0f,0f,1f], start_interpolation: 0, interpolation_duration: 1 }