# This file was generated by Animated Java via MC-Build. It is not recommended to edit this file directly.
$data merge entity $(bone_left_leg4) { transformation: [-0.8974619596893707f,0.00512876469478315f,-0.0673478038485285f,0.45143760093499297f,0.004007984451944738f,0.8998640875617201f,0.015118200201938492f,-0.6515278293336355f,0.06742378638987352f,0.014775645143900451f,-0.8973492705404256f,-1.0474970265138f,0f,0f,0f,1f], start_interpolation: 0, interpolation_duration: 1 }
$data merge entity $(bone_left_leg3) { transformation: [-0.9986561139856011f,-0.050117880603570454f,0.013197122526688691f,0.4130243703243971f,-0.04384211403893704f,0.6811644717016665f,-0.7308165512137682f,-0.09497844110652504f,0.027637565662970705f,-0.7304130068223016f,-0.6824463381314527f,-1.5526538854973104f,0f,0f,0f,1f], start_interpolation: 0, interpolation_duration: 1 }
$data merge entity $(bone_left_leg2) { transformation: [-0.9840436254927964f,0.14439714648892737f,-0.10395964223124295f,0.48522294356886075f,-0.04483070854619389f,0.36421470434898445f,0.9302353770456314f,0.08712891106796719f,0.17218696436791894f,0.9200527774110772f,-0.3519297317362144f,-1.0926274967917717f,0f,0f,0f,1f], start_interpolation: 0, interpolation_duration: 1 }
$data merge entity $(bone_left_leg1) { transformation: [-0.9702257937631047f,-0.03934647694808125f,0.23898486117017395f,0.3117575934512998f,-0.12708376616539033f,0.9226796160764003f,-0.36402203567136826f,0.3125f,-0.20618347531743075f,-0.3835546647205332f,-0.9002078613726641f,-1.021527956834176f,0f,0f,0f,1f], start_interpolation: 0, interpolation_duration: 1 }
$data merge entity $(bone_right_leg4) { transformation: [-0.8932333339662375f,0.087404626435061f,-0.0670420940104611f,-0.523002185071075f,0.09836486608207282f,0.8794474922471887f,-0.16400140700856036f,-0.5731078917232657f,0.04958391082010297f,-0.17009567795179026f,-0.8823881776916018f,-0.9335515197017559f,0f,0f,0f,1f], start_interpolation: 0, interpolation_duration: 1 }
$data merge entity $(bone_right_leg3) { transformation: [-0.9883675046517933f,0.01848298708230693f,-0.15095712946695367f,-0.49970512416766016f,0.1329185622533957f,0.5873420628806117f,-0.7983495205607869f,-0.08270449952775766f,0.0739075879519652f,-0.8091277280872679f,-0.5829665411354752f,-1.5039619069462395f,0f,0f,0f,1f], start_interpolation: 0, interpolation_duration: 1 }
$data merge entity $(bone_right_leg2) { transformation: [-0.9910021260235153f,-0.001347121326704781f,0.13383934952398566f,-0.5003786848310126f,0.12453902825957938f,0.35708374088934725f,0.9257328083376054f,0.09583737091691596f,-0.0490389300151636f,0.9340714037248979f,-0.3537029772087979f,-1.0369262050837906f,0f,0f,0f,1f], start_interpolation: 0, interpolation_duration: 1 }
$data merge entity $(bone_right_leg1) { transformation: [-0.9420526255833194f,0.04559143937050605f,-0.3323526309324174f,-0.31175759345129955f,0.16428297299268188f,0.9264903791089927f,-0.33856562466257667f,0.3125f,0.2924858208807052f,-0.3735465139371541f,-0.8802925914201138f,-0.9784720431658239f,0f,0f,0f,1f], start_interpolation: 0, interpolation_duration: 1 }
$data merge entity $(bone_right_wing3) { transformation: [-1.161077759727694f,-0.12552584249424967f,0.05565307456367774f,-1.0559539241295741f,-0.09282799177628899f,1.0667584933058256f,0.4694303429468837f,0.233544412673987f,-0.10117789178008528f,0.4617630840621156f,-1.069342533704212f,0.5386792803401591f,0f,0f,0f,1f], start_interpolation: 0, interpolation_duration: 1 }
$data merge entity $(bone_right_wing2) { transformation: [-0.4248224438512068f,-0.10736332329635878f,-0.8988876503829885f,-1.0162181403019817f,-0.4012560526935721f,0.9124076343178227f,0.08065909133710998f,0.6487593437532488f,0.8114921265034317f,0.3949499027083264f,-0.43069142430935625f,-0.40974254385910025f,0f,0f,0f,1f], start_interpolation: 0, interpolation_duration: 1 }
$data merge entity $(bone_right_wing1) { transformation: [-1.0133496674524511f,-0.006466941047651625f,0.38300357864986573f,-0.46151629256866433f,0.09477708777198242f,1.045267646535785f,0.2684100628704417f,0.5266715620047735f,-0.37114803814459213f,0.2845783492996941f,-0.9771772653937425f,0.05129615697737f,0f,0f,0f,1f], start_interpolation: 0, interpolation_duration: 1 }
$data merge entity $(bone_left_wing3) { transformation: [-1.1430690615512495f,0.08564528037428115f,-0.23024676425634746f,1.399391644414468f,0.028923051176285637f,1.135111824087665f,0.27863985699032706f,0.3883632943739379f,0.24395110905991235f,0.26672382484987484f,-1.111891102411767f,0.3317227249351893f,0f,0f,0f,1f], start_interpolation: 0, interpolation_duration: 1 }
$data merge entity $(bone_left_wing2) { transformation: [-0.6226283151343581f,0.07325313850056389f,0.7790814841162427f,1.1224508844742567f,0.22321143289360715f,0.9708708209038815f,0.08710054731748629f,0.636496288698386f,-0.7500070915788284f,0.22813116143403153f,-0.6208426014411599f,-0.6353450910613527f,0f,0f,0f,1f], start_interpolation: 0, interpolation_duration: 1 }
$data merge entity $(bone_left_wing1) { transformation: [-0.9324626110967641f,-0.10396051663447958f,-0.5415872976712136f,0.6556774499715904f,-0.12603637675278653f,1.0759257978151764f,0.01046997812399f,0.554095516192043f,0.5368793363063485f,0.07202082815393937f,-0.9381815867252921f,-0.07812976146879491f,0f,0f,0f,1f], start_interpolation: 0, interpolation_duration: 1 }
$data merge entity $(bone_beak_down) { transformation: [-1.0934982523285814f,0.03224368696733258f,-0.11498659402334753f,0.21069651722994528f,-0.020856703094357616f,0.991305571996339f,0.4763173950897084f,1.2616728003972837f,0.11758643667690286f,0.47568225485061355f,-0.9848349213598516f,1.0517075324188017f,0f,0f,0f,1f], start_interpolation: 0, interpolation_duration: 1 }
$data merge entity $(bone_beak_up) { transformation: [-1.0934982523285814f,-0.016343402569338347f,-0.11829820517148187f,0.2091643232390698f,-0.020856703094357616f,1.0990394943764124f,0.04095348259762395f,1.3647077529950722f,0.11758643667690286f,0.042954429262843194f,-1.092853305305123f,1.055734510162193f,0f,0f,0f,1f], start_interpolation: 0, interpolation_duration: 1 }
$data merge entity $(bone_head) { transformation: [-1.0934982523285814f,-0.016343402569338347f,-0.11829820517148187f,0.15001522065332887f,-0.020856703094357616f,1.0990394943764124f,0.04095348259762395f,1.3851844942938842f,0.11758643667690286f,0.042954429262843194f,-1.092853305305123f,0.5093078575096317f,0f,0f,0f,1f], start_interpolation: 0, interpolation_duration: 1 }
$data merge entity $(bone_neck2) { transformation: [-0.9935832407720784f,-0.11059368899997776f,0.023693450787721178f,0.1648236273956546f,-0.01346309322637972f,-0.09235010471939342f,-0.9956355775478771f,0.7629122583264611f,0.11229910408205303f,-0.9895658109048094f,0.09026858318748004f,0.5657257220018067f,0f,0f,0f,1f], start_interpolation: 0, interpolation_duration: 1 }
$data merge entity $(bone_neck1) { transformation: [-0.9938951162732813f,-0.057785656262546475f,-0.09398572114117848f,0.1119566592537417f,0.002819427890984451f,0.838286488517372f,-0.5452227196252754f,0.4562244785372437f,0.11029301280900836f,-0.5421591842803376f,-0.8330059244843285f,0.09715988947937193f,0f,0f,0f,1f], start_interpolation: 0, interpolation_duration: 1 }
$data merge entity $(bone_body3) { transformation: [-0.9930611044802264f,-0.002889282730724311f,-0.1175640030528672f,0.03829857717502942f,-0.024376848166461705f,0.9830423325586771f,0.18175131820997825f,0.6312591982033974f,0.11504526084103553f,0.18335600465459928f,-0.9762915361279748f,-0.5015625703096999f,0f,0f,0f,1f], start_interpolation: 0, interpolation_duration: 1 }
$data merge entity $(bone_body2) { transformation: [-0.9964005242751933f,0.00887062708961567f,-0.08430484683075387f,0.017222365467340954f,0.011017688718285167f,0.9996258147631625f,-0.025036792813589445f,0.625f,0.08405120914910663f,-0.025875518045453873f,-0.9961254197170417f,-0.7505939252389603f,0f,0f,0f,1f], start_interpolation: 0, interpolation_duration: 1 }
$data merge entity $(bone_tail2) { transformation: [-0.99151365651156f,-0.004367808024054665f,-0.1299291776474451f,-0.12103327922221362f,0.023132306916274756f,0.9775586906840763f,-0.20938935656992125f,0.19117045562979645f,0.12792796929447292f,-0.21061796818196532f,-0.9691617543790577f,-2.396140057654069f,0f,0f,0f,1f], start_interpolation: 0, interpolation_duration: 1 }
$data merge entity $(bone_tail1) { transformation: [-0.9951537406195455f,-0.03339097628207139f,-0.092488243760255f,-0.05166709640202237f,0.016867535186748578f,0.8686687955944484f,-0.4951060591602714f,0.5625f,0.09687372599239692f,-0.4942666954827328f,-0.863895777827933f,-1.7482182242831192f,0f,0f,0f,1f], start_interpolation: 0, interpolation_duration: 1 }
$data merge entity $(bone_body1) { transformation: [-0.997624299044159f,0f,-0.06888946186936333f,1.2246467991473532e-16f,0f,1f,0f,0.5f,0.06888946186936333f,0f,-0.997624299044159f,-1f,0f,0f,0f,1f], start_interpolation: 0, interpolation_duration: 1 }