# This file was generated by Animated Java via MC-Build. It is not recommended to edit this file directly.
$data merge entity $(bone_left_leg4) { transformation: [-0.8987856468307936f,-0.00167666531537344f,-0.04670706418061752f,0.46019461280522106f,-0.0025448319088358373f,0.8998420381795018f,0.01666823792472988f,-0.6471328268233163f,0.046667814192523194f,0.016777816257781075f,-0.8986326390689982f,-1.0317855936510931f,0f,0f,0f,1f], start_interpolation: 0, interpolation_duration: 1 }
$data merge entity $(bone_left_leg3) { transformation: [-0.9986126652124825f,-0.03764151498266131f,0.036822020952585924f,0.42966210025868845f,-0.05257840039493926f,0.6746307147891014f,-0.7362804563989561f,-0.09514226220655536f,0.0028734455157596803f,-0.7371950318694205f,-0.6756739067759773f,-1.5424522483796599f,0f,0f,0f,1f], start_interpolation: 0, interpolation_duration: 1 }
$data merge entity $(bone_left_leg2) { transformation: [-0.9886664610179813f,0.11359461675921378f,-0.09815748520366675f,0.48645940863829534f,-0.05082403352069165f,0.36196632746578394f,0.9308046494284503f,0.08584090152633661f,0.14126410186196742f,0.9252440979678067f,-0.35209063137333196f,-1.0798301993957564f,0f,0f,0f,1f], start_interpolation: 0, interpolation_duration: 1 }
$data merge entity $(bone_left_leg1) { transformation: [-0.9658737933116377f,-0.02839953310520789f,0.2574515137131535f,0.3121281131958979f,-0.12708376616539035f,0.9180664644474474f,-0.37550457152235067f,0.3125f,-0.22569344645117245f,-0.3954079328698022f,-0.8903454581524083f,-1.0152410942116643f,0f,0f,0f,1f], start_interpolation: 0, interpolation_duration: 1 }
$data merge entity $(bone_right_leg4) { transformation: [-0.8961865902241233f,0.06969245891666487f,-0.044638063047228144f,-0.5117060158862062f,0.07449576152543053f,0.8907541629639992f,-0.1049161697597254f,-0.5940758564914185f,0.036055194039215976f,-0.1081664565956299f,-0.8927485875935843f,-0.9533968116029163f,0f,0f,0f,1f], start_interpolation: 0, interpolation_duration: 1 }
$data merge entity $(bone_right_leg3) { transformation: [-0.9908898293678341f,0.016870294768709757f,-0.13361414300066235f,-0.4907024108721325f,0.1158440777980981f,0.6127510063733942f,-0.7817393132160496f,-0.08565389463536965f,0.06868402794313092f,-0.790095941859474f,-0.6091230638899644f,-1.507898576504399f,0f,0f,0f,1f], start_interpolation: 0, interpolation_duration: 1 }
$data merge entity $(bone_right_leg2) { transformation: [-0.992704243765103f,-0.012598479026841025f,0.11991481450165027f,-0.497001650385553f,0.10766067918271163f,0.35518459912498934f,0.928575833576525f,0.09193840492712502f,-0.05429053848206142f,0.9347112810224507f,-0.3512368980626848f,-1.0405429359931737f,0f,0f,0f,1f], start_interpolation: 0, interpolation_duration: 1 }
$data merge entity $(bone_right_leg1) { transformation: [-0.9456471816421064f,0.03193852860568664f,-0.3236222153110707f,-0.31212811319589767f,0.15337627914392735f,0.9213296835606942f,-0.3572496762572573f,0.3125f,0.28675272422124487f,-0.38746812072795717f,-0.8761514313012562f,-0.9847589057883358f,0f,0f,0f,1f], start_interpolation: 0, interpolation_duration: 1 }
$data merge entity $(bone_right_wing3) { transformation: [-1.157864086202327f,-0.1422686647258309f,0.07788421468141984f,-1.095407068282321f,-0.10174399058181724f,1.0743393987814713f,0.44988729986844034f,0.2360445742935114f,-0.12631106143129137f,0.43875967139147826f,-1.0763322128864792f,0.5127862980858415f,0f,0f,0f,1f], start_interpolation: 0, interpolation_duration: 1 }
$data merge entity $(bone_right_wing2) { transformation: [-0.44098202342392095f,-0.12168360189735736f,-0.8892288547085222f,-1.0363452994317335f,-0.388769716522706f,0.9188916474045953f,0.06705406658006406f,0.6338314249023665f,0.8089455868794881f,0.3752748877281216f,-0.452521597394916f,-0.44207686335035523f,0f,0f,0f,1f], start_interpolation: 0, interpolation_duration: 1 }
$data merge entity $(bone_right_wing1) { transformation: [-1.004938593447086f,-0.019064313456357788f,0.40416096603227464f,-0.4918637226746846f,0.08174228587694421f,1.0502504400480452f,0.2527910658817082f,0.5236201128923731f,-0.396267249733454f,0.2649937286851067f,-0.9728112363955094f,0.03389533045637738f,0f,0f,0f,1f], start_interpolation: 0, interpolation_duration: 1 }
$data merge entity $(bone_left_wing3) { transformation: [-1.1456820650106736f,0.11559249349703896f,-0.20250073416305592f,1.338554641710561f,0.05783903425160011f,1.1245382911221553f,0.31468054260387124f,0.3437977372583085f,0.22588231007823928f,0.29834137028538577f,-1.1076665449251946f,0.3686551415057078f,0f,0f,0f,1f], start_interpolation: 0, interpolation_duration: 1 }
$data merge entity $(bone_left_wing2) { transformation: [-0.58278336735482f,0.09886724520907608f,0.8065908594568529f,1.1107667813548447f,0.2638184420297049f,0.9618271880104181f,0.07272063014709795f,0.6247924458151295f,-0.7686113298537797f,0.25517391761059793f,-0.5866198900409563f,-0.6022418625903145f,0f,0f,0f,1f], start_interpolation: 0, interpolation_duration: 1 }
$data merge entity $(bone_left_wing1) { transformation: [-0.9481709667258676f,-0.0574707054864017f,-0.5208455116252224f,0.6292380166923263f,-0.10332839115141126f,1.0761615643004279f,0.06935879335475796f,0.5432127837333282f,0.5137179893203132f,0.1103834980622663f,-0.9473755442881894f,-0.05760339760899519f,0f,0f,0f,1f], start_interpolation: 0, interpolation_duration: 1 }
$data merge entity $(bone_beak_down) { transformation: [-1.096223706107706f,0.030252490285738048f,-0.08589745630108903f,0.15137750676042144f,-0.007212350407242319f,1.0054339065130413f,0.44615091800368206f,1.2593199567192235f,0.09078308305565148f,0.4451824867011692f,-1.0017839015304026f,1.0496435223947296f,0f,0f,0f,1f], start_interpolation: 0, interpolation_duration: 1 }
$data merge entity $(bone_beak_up) { transformation: [-1.096223706107706f,-0.005049120247206648f,-0.09092905230021603f,0.15090415173724583f,-0.007212350407242319f,1.099671674349804f,0.025888040371996338f,1.3624141761895174f,0.09078308305565148f,0.02639535977076682f,-1.0959296130744365f,1.052118087373239f,0f,0f,0f,1f], start_interpolation: 0, interpolation_duration: 1 }
$data merge entity $(bone_head) { transformation: [-1.096223706107706f,-0.005049120247206648f,-0.09092905230021603f,0.10543962558713782f,-0.007212350407242319f,1.099671674349804f,0.025888040371996338f,1.3753581963755157f,0.09078308305565148f,0.02639535977076682f,-1.0959296130744365f,0.5041532808360207f,0f,0f,0f,1f], start_interpolation: 0, interpolation_duration: 1 }
$data merge entity $(bone_neck2) { transformation: [-0.9967839045966425f,-0.07810807227215089f,0.0179158193505229f,0.11663701268121462f,-0.009659637444764214f,-0.10482531406644752f,-0.9944437364352526f,0.753830861103483f,0.07955211462624878f,-0.9914185708250574f,0.10373369019606438f,0.568986837208561f,0f,0f,0f,1f], start_interpolation: 0, interpolation_duration: 1 }
$data merge entity $(bone_neck1) { transformation: [-0.9969400614890583f,-0.04091548253402076f,-0.06660658441326267f,0.07917080894875438f,0.0018663073499667771f,0.8393746526671775f,-0.5435500982952082f,0.4480839308124283f,0.07814749321039226f,-0.5420111767748552f,-0.8367298569765923f,0.09832629265922788f,0f,0f,0f,1f], start_interpolation: 0, interpolation_duration: 1 }
$data merge entity $(bone_body3) { transformation: [-0.996534879437343f,-0.0014106731655950267f,-0.0831639589366708f,0.02710516754048543f,-0.017415707414182302f,0.9812317196153957f,0.19204428019568076f,0.629438588410691f,0.08133220272477559f,0.19282718278768018f,-0.9778562012781341f,-0.500782134215376f,0f,0f,0f,1f], start_interpolation: 0, interpolation_duration: 1 }
$data merge entity $(bone_body2) { transformation: [-0.9981967444059915f,0.006725781182440755f,-0.059649168684615686f,0.012192875369331509f,0.007797610069414703f,0.999811972424782f,-0.017754353642764127f,0.625f,0.05951854109842724f,-0.018187458963607184f,-0.9980615009116233f,-0.7502975094432818f,0f,0f,0f,1f], start_interpolation: 0, interpolation_duration: 1 }
$data merge entity $(bone_tail2) { transformation: [-0.9958809071762433f,-0.0034652083189975064f,-0.09060469663946091f,-0.08507351580655535f,0.01586262068289292f,0.9772000566985004f,-0.2117272454208911f,0.18996134133052417f,0.08927259370542252f,-0.21229234917856438f,-0.9731199116724276f,-2.3982324160913904f,0f,0f,0f,1f], start_interpolation: 0, interpolation_duration: 1 }
$data merge entity $(bone_tail1) { transformation: [-0.9976242263897314f,-0.023769861993244962f,-0.06465985293141509f,-0.03657862610799403f,0.011516758643873151f,0.8678354582382931f,-0.4967182115593011f,0.5625f,0.06792103643665129f,-0.4962827934606981f,-0.8654999258949808f,-1.7491074716701547f,0f,0f,0f,1f], start_interpolation: 0, interpolation_duration: 1 }
$data merge entity $(bone_body1) { transformation: [-0.9988099622268729f,0f,-0.04877150147732554f,1.2246467991473532e-16f,0f,1f,0f,0.5f,0.04877150147732554f,0f,-0.9988099622268729f,-1f,0f,0f,0f,1f], start_interpolation: 0, interpolation_duration: 1 }