# This file was generated by Animated Java via MC-Build. It is not recommended to edit this file directly.
$data merge entity $(bone_left_leg4) { transformation: [-0.8998133207238934f,-0.014124907380082215f,-0.011682244619255627f,0.47437638548335226f,-0.014373710442677289f,0.8996776253720657f,0.019327877612162203f,-0.6392390797163742f,0.011374721796602316f,0.01951044326469148f,-0.8997165988841511f,-1.0039147544878917f,0f,0f,0f,1f], start_interpolation: 0, interpolation_duration: 1 }
$data merge entity $(bone_left_leg3) { transformation: [-0.9968993254842811f,-0.016079165861535183f,0.0770272372228353f,0.45750280876077365f,-0.06828350256932998f,0.6632367616524529f,-0.745288106217744f,-0.0952310018384255f,-0.03910368430020406f,-0.7482368999307399f,-0.6622782220911277f,-1.523700040555251f,0f,0f,0f,1f], start_interpolation: 0, interpolation_duration: 1 }
$data merge entity $(bone_left_leg2) { transformation: [-0.9941665877251732f,0.060632238525112625f,-0.08919936940539136f,0.48781892802332993f,-0.061768647370145535f,0.35789744328412487f,0.9317156509862594f,0.08371771980363693f,0.08841623184092512f,0.9317902938655886f,-0.3520645085846218f,-1.0578048936224567f,0f,0f,0f,1f], start_interpolation: 0, interpolation_duration: 1 }
$data merge entity $(bone_left_leg1) { transformation: [-0.9574881951778915f,-0.008530325770233806f,0.28834630158411534f,0.312468535997153f,-0.1270837661653903f,0.909813479858453f,-0.3950811919657437f,0.3125f,-0.2589711807753988f,-0.4149297114091809f,-0.872219732703686f,-1.0044344122266617f,0f,0f,0f,1f], start_interpolation: 0, interpolation_duration: 1 }
$data merge entity $(bone_right_leg4) { transformation: [-0.899236004600124f,0.03482987021044289f,-0.012707799649413654f,-0.48979636631541973f,0.03497329309276739f,0.8992638148111749f,-0.0100727425014287f,-0.6259114365464886f,0.012307591196222073f,-0.010558007026726435f,-0.899853905746133f,-0.983839498111922f,0f,0f,0f,1f], start_interpolation: 0, interpolation_duration: 1 }
$data merge entity $(bone_right_leg3) { transformation: [-0.9944421903848f,0.010915350737298116f,-0.10471668969635861f,-0.47506506015642375f,0.08668899543130973f,0.649319237582756f,-0.755559094827174f,-0.09169956493272327f,0.05974736859303555f,-0.7604376258597612f,-0.6466566856709809f,-1.5137516746523065f,0f,0f,0f,1f], start_interpolation: 0, interpolation_duration: 1 }
$data merge entity $(bone_right_leg2) { transformation: [-0.9949060991677282f,-0.03144974696839875f,0.09577456475744729f,-0.4907899336406231f,0.07850235975531497f,0.35430855011461476f,0.9318276830125442f,0.08545471012458411f,-0.06323949202596321f,0.9345995745405106f,-0.3500348581455782f,-1.0464518873820512f,0f,0f,0f,1f], start_interpolation: 0, interpolation_duration: 1 }
$data merge entity $(bone_right_leg1) { transformation: [-0.9514634201881348f,0.009111558644630383f,-0.30762694866178825f,-0.3124685359971528f,0.13471034642671892f,0.9110520348523805f,-0.3896630754343169f,0.3125f,0.2767137195902842f,-0.4121906952981863f,-0.8680601062715112f,-0.9955655877733383f,0f,0f,0f,1f], start_interpolation: 0, interpolation_duration: 1 }
$data merge entity $(bone_right_wing3) { transformation: [-1.1509950863988885f,-0.16749419981156383f,0.11879212975471404f,-1.1625567336938234f,-0.11529658924477962f,1.086831766849542f,0.41528179956721567f,0.24200077301099443f,-0.16991931488414597f,0.3971120365498236f,-1.086455255789725f,0.465135049241697f,0f,0f,0f,1f], start_interpolation: 0, interpolation_duration: 1 }
$data merge entity $(bone_right_wing2) { transformation: [-0.4706549958408883f,-0.14325921712461426f,-0.8706093679709953f,-1.0676487465211935f,-0.3658919419875538f,0.9295764763209264f,0.04484039985711923f,0.6089579426598364f,0.8028741879513812f,0.3396533105677205f,-0.48992720575795534f,-0.4991373384886325f,0f,0f,0f,1f], start_interpolation: 0, interpolation_duration: 1 }
$data merge entity $(bone_right_wing1) { transformation: [-0.9883933619042514f,-0.03720324568601144f,0.4419339223969444f,-0.5423838643274056f,0.06058178045201019f,1.0580700132233363f,0.22456359033900433f,0.5186894457562905f,-0.4393398697272839f,0.2295972054252969f,-0.9632635741270498f,0.0019660959445398918f,0f,0f,0f,1f], start_interpolation: 0, interpolation_duration: 1 }
$data merge entity $(bone_left_wing3) { transformation: [-1.1476272054071333f,0.1604361260804474f,-0.15545936071615218f,1.2330412928934236f,0.10319965898510902f,1.1023172187122483f,0.37576873964236684f,0.27262462317816605f,0.19813428217078738f,0.35512330922561874f,-1.0961686947955935f,0.4243472833757971f,0f,0f,0f,1f], start_interpolation: 0, interpolation_duration: 1 }
$data merge entity $(bone_left_wing2) { transformation: [-0.5125153658199488f,0.13722238648650797f,0.8476426230702367f,1.0889049004685685f,0.3299838413868103f,0.9428213153253099f,0.04688957018204618f,0.6061893598864259f,-0.7927412340871696f,0.3037399940989004f,-0.5284915815438801f,-0.5459339103657377f,0f,0f,0f,1f], start_interpolation: 0, interpolation_duration: 1 }
$data merge entity $(bone_left_wing1) { transformation: [-0.9720907834713587f,0.015875939462983497f,-0.4779106342689169f,0.5822882034814946f,-0.06659889408722539f,1.0676879656778808f,0.17093304643660268f,0.524478589461086f,0.4735136820700215f,0.18276070038141928f,-0.9570759794288513f,-0.02457115533771992f,0f,0f,0f,1f], start_interpolation: 0, interpolation_duration: 1 }
$data merge entity $(bone_beak_down) { transformation: [-1.0989939039318288f,0.03136652767903533f,-0.035050535830966546f,0.050691918358705325f,0.016802627128532664f,1.0274186026717997f,0.3925922650861907f,1.2539198657697512f,0.043932571541591525f,0.39169778634208136f,-1.0269580192648853f,1.0432093316560656f,0f,0f,0f,1f], start_interpolation: 0, interpolation_duration: 1 }
$data merge entity $(bone_beak_up) { transformation: [-1.0989939039318288f,0.01686660958395858f,-0.0439080471191771f,0.052273163007201445f,0.016802627128532664f,1.0998699541342842f,0.0019379665185626505f,1.3570326739698402f,0.043932571541591525f,0.0012654934965808662f,-1.099121616421019f,1.0433279716713701f,0f,0f,0f,1f], start_interpolation: 0, interpolation_duration: 1 }
$data merge entity $(bone_head) { transformation: [-1.0989939039318288f,0.01686660958395858f,-0.0439080471191771f,0.030319139447612893f,0.016802627128532664f,1.0998699541342842f,0.0019379665185626505f,1.3580016572291216f,0.043932571541591525f,0.0012654934965808662f,-1.099121616421019f,0.4937671634608606f,0f,0f,0f,1f], start_interpolation: 0, interpolation_duration: 1 }
$data merge entity $(bone_neck2) { transformation: [-0.999727842948658f,-0.022615530584242618f,0.005725190793021261f,0.03389738369325118f,-0.002876103505986754f,-0.1240572028468418f,-0.9922708997297263f,0.7378323448980426f,0.02315098403623827f,-0.9920173124488357f,0.12395839519751417f,0.571241160459307f,0f,0f,0f,1f], start_interpolation: 0, interpolation_duration: 1 }
$data merge entity $(bone_neck1) { transformation: [-0.9997409351129453f,-0.011877300382967988f,-0.019416292001987176f,0.022975719442133398f,0.0004780935449240886f,0.841904979398977f,-0.5396255897284437f,0.43429295067579304f,0.022755968141478494f,-0.5394950744898614f,-0.8416811929199342f,0.09779548944184402f,0f,0f,0f,1f], start_interpolation: 0, interpolation_duration: 1 }
$data merge entity $(bone_body3) { transformation: [-0.9997085047190223f,-0.00009025952380389921f,-0.024143269158809454f,0.007880534997639743f,-0.0051459055153738826f,0.977811664387217f,0.2094227032695532f,0.6262953692434649f,0.023588667806453197f,0.20948589652174404f,-0.9775271013683448f,-0.5000660803807624f,0f,0f,0f,1f], start_interpolation: 0, interpolation_duration: 1 }
$data merge entity $(bone_body2) { transformation: [-0.9998474172102494f,0.0021779234881638245f,-0.017332020865240973f,0.0035475297813294996f,0.002268040181058775f,0.9999840040171175f,-0.005181476973859235f,0.625f,0.017320458762127143f,-0.0052199960893888515f,-0.9998363632860611f,-0.7500251712022776f,0f,0f,0f,1f], start_interpolation: 0, interpolation_duration: 1 }
$data merge entity $(bone_tail2) { transformation: [-0.9996812292913346f,-0.001264272427808067f,-0.02521589613307245f,-0.02426308159320144f,0.004193239849031908f,0.9765602907816043f,-0.21520319516242548f,0.18814023977312927f,0.02489691832605202f,-0.21524033098789075f,-0.9762436905681333f,-2.3996700151302015f,0f,0f,0f,1f], start_interpolation: 0, interpolation_duration: 1 }
$data merge entity $(bone_tail1) { transformation: [-0.9998107089233333f,-0.00698118068825792f,-0.018160656332284576f,-0.010642589343988009f,0.0030161162032109525f,0.8665124507763237f,-0.499146346969161f,0.5625f,0.019221065664270065f,-0.4991066376695537f,-0.8663273716493798f,-1.749924486393167f,0f,0f,0f,1f], start_interpolation: 0, interpolation_duration: 1 }
$data merge entity $(bone_body1) { transformation: [-0.9998993151908893f,0f,-0.01419011912531751f,1.2246467991473532e-16f,0f,1f,0f,0.5f,0.01419011912531751f,0f,-0.9998993151908893f,-1f,0f,0f,0f,1f], start_interpolation: 0, interpolation_duration: 1 }