# This file was generated by Animated Java via MC-Build. It is not recommended to edit this file directly.
$data merge entity $(bone_left_leg4) { transformation: [-0.8984978901334283f,-0.03420316530480907f,0.03913674627392884f,0.49322040395580513f,-0.033213735746769044f,0.8990868790053522f,0.02322997542310945f,-0.6266684393336321f,-0.03997985972363802f,0.02174689595198287f,-0.8988485319189943f,-0.9605965451934303f,0f,0f,0f,1f], start_interpolation: 0, interpolation_duration: 1 }
$data merge entity $(bone_left_leg3) { transformation: [-0.9906333189187262f,0.016189215420480324f,0.13558590174549343f,0.496888196662072f,-0.09315316113839524f,0.6458890664126494f,-0.7577267333666666f,-0.09489371868872842f,-0.0998404528134437f,-0.7632596040618584f,-0.6383311529209124f,-1.493145551182267f,0f,0f,0f,1f], start_interpolation: 0, interpolation_duration: 1 }
$data merge entity $(bone_left_leg2) { transformation: [-0.996777486251608f,-0.017667621663089994f,-0.07824639318649423f,0.488054385830527f,-0.07945711294618873f,0.3513406555458991f,0.9328699325001499f,0.08077660908422113f,0.0110095460479602f,0.9360809788182579f,-0.35161227366300807f,-1.025105061773138f,0f,0f,0f,1f], start_interpolation: 0, interpolation_duration: 1 }
$data merge entity $(bone_left_leg1) { transformation: [-0.942948967490851f,0.02331502773461714f,0.3321199394641522f,0.3122848439448828f,-0.12708376616539035f,0.8968100238143714f,-0.4237705718467094f,0.3125f,-0.30772871345579444f,-0.44180107590158807f,-0.8426831244584413f,-0.9884057668507025f,0f,0f,0f,1f], start_interpolation: 0, interpolation_duration: 1 }
$data merge entity $(bone_right_leg4) { transformation: [-0.8998381972777623f,-0.013330420724248386f,0.010654510933005235f,-0.45206365517811514f,-0.012929909191965218f,0.8992964150350222f,0.03314778052063988f,-0.6473802560126151f,-0.011137152607131398f,0.032988752454003345f,-0.8993262511699158f,-0.9887911806647247f,0f,0f,0f,1f], start_interpolation: 0, interpolation_duration: 1 }
$data merge entity $(bone_right_leg3) { transformation: [-0.9978487151166138f,-0.005217463347189179f,-0.06535074457375033f,-0.45189233115264765f,0.046174158414853755f,0.6517007450658427f,-0.7570694063131236f,-0.11128785931866281f,0.04653911080803764f,-0.7584582499761252f,-0.6500578391253744f,-1.5170062532014827f,0f,0f,0f,1f], start_interpolation: 0, interpolation_duration: 1 }
$data merge entity $(bone_right_leg2) { transformation: [-0.996478646002968f,-0.05756819616798914f,0.0609607320334616f,-0.4806764292366422f,0.03497631772545984f,0.3753725538896199f,0.9262138538073981f,0.07639841762614713f,-0.07620344649987479f,0.9250845088835662f,-0.3720372107265514f,-1.0544639987596995f,0f,0f,0f,1f], start_interpolation: 0, interpolation_duration: 1 }
$data merge entity $(bone_right_leg1) { transformation: [-0.9592423890657117f,-0.02304944071390304f,-0.2816429695594799f,-0.3122848439448826f,0.10724327697121994f,0.8924118480132325f,-0.43829210929479606f,0.3125f,0.261443910933072f,-0.45063268502005444f,-0.8535673755642471f,-1.0115942331492975f,0f,0f,0f,1f], start_interpolation: 0, interpolation_duration: 1 }
$data merge entity $(bone_right_wing3) { transformation: [-1.1388667841286377f,-0.18896259071775492f,0.1850166297776816f,-1.2641132431751305f,-0.12358259214194658f,1.103424564257363f,0.36624737526634693f,0.25527842808055534f,-0.2338062379504337f,0.33719865996063103f,-1.0948001063174877f,0.38637675400575255f,0f,0f,0f,1f], start_interpolation: 0, interpolation_duration: 1 }
$data merge entity $(bone_right_wing2) { transformation: [-0.521545324469483f,-0.16162131490236542f,-0.8377762380810597f,-1.1073619525105851f,-0.32978961967846f,0.9437684374110779f,0.023236680033716987f,0.579049060600285f,0.7869112283328779f,0.288408888760182f,-0.5455190478872013f,-0.5852651237031972f,0f,0f,0f,1f], start_interpolation: 0, interpolation_duration: 1 }
$data merge entity $(bone_right_wing1) { transformation: [-0.9600734132600427f,-0.04820209046134523f,0.4995465050798361f,-0.6133645568062894f,0.04005041883347862f,1.0675271761844927f,0.17998000769512448f,0.5120986007186257f,-0.5002660454334127f,0.17797021574923824f,-0.9442836423467768f,-0.049876985098121274f,0f,0f,0f,1f], start_interpolation: 0, interpolation_duration: 1 }
$data merge entity $(bone_left_wing3) { transformation: [-1.147805131673635f,0.2043506314114318f,-0.08797593490256726f,1.0805189484918227f,0.1526232907247082f,1.0596035989434476f,0.47000203213498665f,0.1771331921258838f,0.16187982211688035f,0.4499295484010857f,-1.0669179399764372f,0.4892712560588781f,0f,0f,0f,1f], start_interpolation: 0, interpolation_duration: 1 }
$data merge entity $(bone_left_wing2) { transformation: [-0.4103297370122514f,0.17478283730336774f,0.8950309864511066f,1.0530297561477826f,0.42233307461546155f,0.9062879921683228f,0.016638790141149648f,0.5864289123635876f,-0.8082476606890413f,0.38482857876682536f,-0.44569348655213453f,-0.46215277444716907f,0f,0f,0f,1f], start_interpolation: 0, interpolation_duration: 1 }
$data merge entity $(bone_left_wing1) { transformation: [-1.0019714104791977f,0.0993037290021846f,-0.39975389066236566f,0.5094141819580685f,-0.025141026071073058f,1.034675169715287f,0.3200411428142432f,0.4966183820921197f,0.4111354186901581f,0.3052821214745695f,-0.9546630845055053f,0.019066953069009407f,0f,0f,0f,1f], start_interpolation: 0, interpolation_duration: 1 }
$data merge entity $(bone_beak_down) { transformation: [-1.0984231201305612f,0.04267773684510786f,0.04056180395917014f,-0.09647163073888955f,0.05232548124851321f,1.0550121775995305f,0.3069386732375211f,1.2366305068955301f,-0.026994317453010733f,0.30842813732614904f,-1.0555299100123927f,1.0346086809598694f,0f,0f,0f,1f], start_interpolation: 0, interpolation_duration: 1 }
$data merge entity $(bone_beak_up) { transformation: [-1.0984231201305612f,0.052810227460126785f,0.026033229501006946f,-0.09152067191450267f,0.05232548124851321f,1.0985592160447366f,-0.020729034113695255f,1.3396204333997241f,-0.026994317453010733f,-0.019460953696695454f,-1.099496511184307f,1.0327842165508039f,0f,0f,0f,1f], start_interpolation: 0, interpolation_duration: 1 }
$data merge entity $(bone_head) { transformation: [-1.0984231201305612f,0.052810227460126785f,0.026033229501006946f,-0.07850405716399919f,0.05232548124851321f,1.0985592160447366f,-0.020729034113695255f,1.3292559163428765f,-0.026994317453010733f,-0.019460953696695454f,-1.099496511184307f,0.48303596095865053f,0f,0f,0f,1f], start_interpolation: 0, interpolation_duration: 1 }
$data merge entity $(bone_neck2) { transformation: [-0.9981449455685675f,0.05873755399199661f,-0.01601772102886534f,-0.08851513280704003f,0.007788983542214911f,-0.1377319797178982f,-0.9904389095236354f,0.7102315978906045f,-0.06038211135179339f,-0.9887263532009382f,0.13701897355721898f,0.5686728194319124f,0f,0f,0f,1f], start_interpolation: 0, interpolation_duration: 1 }
$data merge entity $(bone_neck1) { transformation: [-0.9982282652687804f,0.030452052798855753f,0.05111754003095869f,-0.05976151653962576f,-0.0009979472275541987f,0.8504191129565669f,-0.5261048720735221f,0.41429760734924836f,-0.05949230639176783f,-0.525223766406759f,-0.848882006336385f,0.09117669086769575f,0f,0f,0f,1f], start_interpolation: 0, interpolation_duration: 1 }
$data merge entity $(bone_body3) { transformation: [-0.9980255455683181f,-0.0010207787806822965f,0.06280102231446316f,-0.02057467626687893f,0.013760194334671941f,0.9720248428274685f,0.23447465103526066f,0.621595816923003f,-0.06128350059300508f,0.2348758457928701f,-0.9700915779544481f,-0.50045080499178f,0f,0f,0f,1f], start_interpolation: 0, interpolation_duration: 1 }
$data merge entity $(bone_body2) { transformation: [-0.9989566720542968f,-0.006540961508677738f,0.04519715898976413f,-0.009275386519437894f,-0.00593099037981121f,0.9998896978939062f,0.013616732307988098f,0.625f,-0.04528124016983863f,0.013334461675478929f,-0.9988852794092555f,-0.7501721248440938f,0f,0f,0f,1f], start_interpolation: 0, interpolation_duration: 1 }
$data merge entity $(bone_tail2) { transformation: [-0.997954857768589f,0.0038841630084946177f,0.06380450715896772f,0.06252562386451835f,-0.010226672682294949f,0.9755940275894593f,-0.21934381344735154f,0.1859924141706718f,-0.06309926324391216f,-0.21954773196164157f,-0.9735590769791912f,-2.397201144907971f,0f,0f,0f,1f], start_interpolation: 0, interpolation_duration: 1 }
$data merge entity $(bone_tail1) { transformation: [-0.9987589965752277f,0.018437147496286208f,0.04626595240827224f,0.027826159558314172f,-0.007290005828538899f,0.8648310244295456f,-0.5020101144391043f,0.5625f,-0.04926786554199596f,-0.5017243972305343f,-0.8636233592536696f,-1.7494836254677184f,0f,0f,0f,1f], start_interpolation: 0, interpolation_duration: 1 }
$data merge entity $(bone_body1) { transformation: [-0.9993115006236246f,0f,0.03710154607775207f,1.2246467991473532e-16f,0f,1f,0f,0.5f,-0.03710154607775207f,0f,-0.9993115006236246f,-1f,0f,0f,0f,1f], start_interpolation: 0, interpolation_duration: 1 }