# This file was generated by Animated Java via MC-Build. It is not recommended to edit this file directly.
$data merge entity $(bone_left_leg4) { transformation: [-0.8966351629202323f,-0.044720730614371554f,0.0636037802990163f,0.5014501634470327f,-0.04303816352063022f,0.8986194795769091f,0.025114685060669772f,-0.6200744229397716f,-0.06475415890721009f,0.02197924426002723f,-0.8973983573229771f,-0.9384471373979713f,0f,0f,0f,1f], start_interpolation: 0, interpolation_duration: 1 }
$data merge entity $(bone_left_leg3) { transformation: [-0.9859599815959973f,0.03219483271329565f,0.1638487334030498f,0.5153557421443139f,-0.10606302934088555f,0.6371290353040895f,-0.7634246696167964f,-0.09451360461065461f,-0.12897111497639782f,-0.7700844662237014f,-0.6247690504360004f,-1.4769624214134973f,0f,0f,0f,1f], start_interpolation: 0, interpolation_duration: 1 }
$data merge entity $(bone_left_leg2) { transformation: [-0.9956987025278474f,-0.055933949196016186f,-0.07386126936154563f,0.48738876754630583f,-0.08877648221693446f,0.3478676917792025f,0.9333310266038498f,0.07942024127894665f,-0.026510940940442596f,0.9358736358844324f,-0.351337028602032f,-1.009025603471281f,0f,0f,0f,1f], start_interpolation: 0, interpolation_duration: 1 }
$data merge entity $(bone_left_leg1) { transformation: [-0.9348772550681119f,0.03998337616561887f,0.3527121313290925f,0.3118924690696405f,-0.12708376616539035f,0.890075321372406f,-0.4377392359168055f,0.3125f,-0.33144265617680047f,-0.4540564413310387f,-0.827029935221368f,-0.9805234053889442f,0f,0f,0f,1f], start_interpolation: 0, interpolation_duration: 1 }
$data merge entity $(bone_right_leg4) { transformation: [-0.8990856553615574f,-0.035896351847443234f,0.01887951925033466f,-0.432777734144618f,-0.03499805012237105f,0.8983653894806796f,0.04140970261736876f,-0.6545131971282465f,-0.020496848799539988f,0.04063347028339409f,-0.8988485969739385f,-0.98541857798447f,0f,0f,0f,1f], start_interpolation: 0, interpolation_duration: 1 }
$data merge entity $(bone_right_leg3) { transformation: [-0.9988394712252757f,-0.013467284601363108f,-0.046242220620095004f,-0.4399880588068844f,0.02659592867089483f,0.6462290423372401f,-0.7626799337979375f,-0.12217391951294534f,0.040154293675076905f,-0.7630246765900561f,-0.6451208999978968f,-1.5173670291771435f,0f,0f,0f,1f], start_interpolation: 0, interpolation_duration: 1 }
$data merge entity $(bone_right_leg2) { transformation: [-0.9965095420154497f,-0.07068521866377747f,0.04441095061595285f,-0.4753306681387731f,0.01347901963301687f,0.38877797135065356f,0.9212328723087356f,0.07221506616238144f,-0.08238354630562705f,0.9186159637492288f,-0.38646819072620225f,-1.058059047302529f,0f,0f,0f,1f], start_interpolation: 0, interpolation_duration: 1 }
$data merge entity $(bone_right_leg1) { transformation: [-0.9626960590935683f,-0.03802671091931538f,-0.2678997332256448f,-0.3118924690696403f,0.09384467298331414f,0.8817005584500057f,-0.46238220400616936f,0.3125f,0.2537902187996371f,-0.4702744884486153f,-0.8452410486695647f,-1.0194765946110558f,0f,0f,0f,1f], start_interpolation: 0, interpolation_duration: 1 }
$data merge entity $(bone_right_wing3) { transformation: [-1.1407718004045055f,-0.11601297310015259f,0.22833364940561965f,-1.3716983077277345f,-0.034351380700842156f,1.1022324090728366f,0.38840605686574875f,0.27883204761967595f,-0.25380159184365053f,0.3722637135667627f,-1.0788698000758363f,0.3335507947923936f,0f,0f,0f,1f], start_interpolation: 0, interpolation_duration: 1 }
$data merge entity $(bone_right_wing2) { transformation: [-0.5931472869634109f,-0.09922688499855355f,-0.7989557692772667f,-1.130930581109623f,-0.3129557036121016f,0.9427487769176491f,0.11525394221861204f,0.6239398666512714f,0.7417782846272867f,0.3184003280679224f,-0.5902424989287369f,-0.6132426479327884f,0f,0f,0f,1f], start_interpolation: 0, interpolation_duration: 1 }
$data merge entity $(bone_right_wing1) { transformation: [-0.9514279721484035f,0.030700281480802956f,0.5171589868132304f,-0.6464841342031126f,0.12212324589501661f,1.0642444340082018f,0.16149553741741193f,0.5091703750446466f,-0.5034697982369477f,0.20013092842105357f,-0.9381241308396696f,-0.07724278424249387f,0f,0f,0f,1f], start_interpolation: 0, interpolation_duration: 1 }
$data merge entity $(bone_left_wing3) { transformation: [-1.1596797743217855f,0.13346058947764738f,-0.06547257488303394f,1.0594510614734647f,0.08580835249059113f,1.0214701887012196f,0.5623087641270651f,0.1376877344523853f,0.12138910020420333f,0.5529398616735239f,-1.022974956536396f,0.5057399764688427f,0f,0f,0f,1f], start_interpolation: 0, interpolation_duration: 1 }
$data merge entity $(bone_left_wing2) { transformation: [-0.4107091176919725f,0.11414998004150162f,0.9045926169835825f,1.0354846843228838f,0.4749614981061787f,0.8736721612694658f,0.10539701105569757f,0.633202948076214f,-0.7782863200400069f,0.4729341779563677f,-0.4130419680363232f,-0.4038624718340451f,0f,0f,0f,1f], start_interpolation: 0, interpolation_duration: 1 }
$data merge entity $(bone_left_wing1) { transformation: [-1.0196140145774462f,0.044309699045235795f,-0.3633662380558972f,0.47227569154624993f,-0.09515472164869623f,1.0063179315138497f,0.38971901515419627f,0.4828811404558807f,0.35347411692560116f,0.3987129072344137f,-0.9432365437044196f,0.03812761245437557f,0f,0f,0f,1f], start_interpolation: 0, interpolation_duration: 1 }
$data merge entity $(bone_beak_down) { transformation: [-1.096719078020682f,0.04113210659828284f,0.07426583139137806f,-0.1787849956861151f,0.05615134814765131f,1.0731720314212805f,0.23483785273316732f,1.1496072737664902f,-0.0636733068614026f,0.2379284362616435f,-1.0720707855414324f,1.1083040654827605f,0f,0f,0f,1f], start_interpolation: 0, interpolation_duration: 1 }
$data merge entity $(bone_beak_up) { transformation: [-1.096719078020682f,0.05208598898227362f,0.06703964243045729f,-0.17390193421902694f,0.05615134814765131f,1.096542605336732f,0.06664338513712177f,1.2524081430168088f,-0.0636733068614026f,0.06986676200506176f,-1.095930812396596f,1.114854074420735f,0f,0f,0f,1f], start_interpolation: 0, interpolation_duration: 1 }
$data merge entity $(bone_head) { transformation: [-1.096719078020682f,0.05208598898227362f,0.06703964243045729f,-0.1403821130037983f,0.05615134814765131f,1.096542605336732f,0.06664338513712177f,1.2857298355853697f,-0.0636733068614026f,0.06986676200506176f,-1.095930812396596f,0.5668886682224369f,0f,0f,0f,1f], start_interpolation: 0, interpolation_duration: 1 }
$data merge entity $(bone_neck2) { transformation: [-0.9948805022998585f,0.0997650235646658f,-0.016116023601460173f,-0.1504546277547109f,0.013371873264913375f,-0.028114019836976478f,-0.999515279970243f,0.6610327856039677f,-0.10016975166669939f,-0.9946137652183124f,0.026636044925701652f,0.5835361963010004f,0f,0f,0f,1f], start_interpolation: 0, interpolation_duration: 1 }
$data merge entity $(bone_neck1) { transformation: [-0.9949988471105956f,0.044220636805572186f,0.08956466674473373f,-0.10007450271079818f,-0.0014677043786683443f,0.8900958962969077f,-0.4557709306650234f,0.40466163710489206f,-0.09987562311416318f,-0.4536230050117769f,-0.8855794878110285f,0.08539773440729681f,0f,0f,0f,1f], start_interpolation: 0, interpolation_duration: 1 }
$data merge entity $(bone_body3) { transformation: [-0.9944531784438777f,-0.0027633011393104444f,0.10514390162858986f,-0.034532270514136425f,0.023368208523347478f,0.9688661346030287f,0.24647989786145852f,0.6192657066809929f,-0.10255146373055062f,0.24756974246906505f,-0.9634274336453797f,-0.501271302716749f,0f,0f,0f,1f], start_interpolation: 0, interpolation_duration: 1 }
$data merge entity $(bone_body2) { transformation: [-0.9970543325783651f,-0.011679666468655764f,0.07580397930116775f,-0.015581275688844489f,-0.00996664279274386f,0.9996872271433437f,0.022937173276028563f,0.625f,-0.07604816840761358f,0.02211409680800168f,-0.9968588881101546f,-0.7504860247442877f,0f,0f,0f,1f], start_interpolation: 0, interpolation_duration: 1 }
$data merge entity $(bone_tail2) { transformation: [-0.9942278637254999f,0.006724966756403668f,0.1070781481627035f,0.10497359108946858f,-0.017217301179072764f,0.9750982086975705f,-0.2211041563039879f,0.18504491055843286f,-0.10589862856495223f,-0.22167150970955768f,-0.969354023177883f,-2.394016131321853f,0f,0f,0f,1f], start_interpolation: 0, interpolation_duration: 1 }
$data merge entity $(bone_tail1) { transformation: [-0.9964964465937843f,0.031095195489878224f,0.07763968536391283f,0.04674382706653396f,-0.012249404322658728f,0.864040383323102f,-0.5032734525887562f,0.5625f,-0.0827332098960336f,-0.5024612470671876f,-0.8606322740729547f,-1.748541925767137f,0f,0f,0f,1f], start_interpolation: 0, interpolation_duration: 1 }
$data merge entity $(bone_body1) { transformation: [-0.9980559010228492f,0f,0.06232510275537845f,1.2246467991473532e-16f,0f,1f,0f,0.5f,-0.06232510275537845f,0f,-0.9980559010228492f,-1f,0f,0f,0f,1f], start_interpolation: 0, interpolation_duration: 1 }