# This file was generated by Animated Java via MC-Build. It is not recommended to edit this file directly.
$data merge entity $(bone_left_leg4) { transformation: [-0.8985342329184904f,-0.033945843695464224f,0.038521577971096815f,0.493005957195795f,-0.03297322884615721f,0.8990969546587535f,0.023182586197700472f,-0.6268294028711072f,-0.03935731765554077f,0.021733518333623913f,-0.8988763294957782f,-0.9611423005881463f,0f,0f,0f,1f], start_interpolation: 0, interpolation_duration: 1 }
$data merge entity $(bone_left_leg3) { transformation: [-0.9907366828226662f,0.015790957719864426f,0.1348757612168658f,0.4964194404096392f,-0.09283665259402749f,0.6461056389377778f,-0.7575809258870903f,-0.09490136579983069f,-0.09910691824830112f,-0.7630846276705454f,-0.6386545778182675f,-1.4935398602274137f,0f,0f,0f,1f], start_interpolation: 0, interpolation_duration: 1 }
$data merge entity $(bone_left_leg2) { transformation: [-0.9967847453443572f,-0.01671008145381736f,-0.07836417948649557f,0.4880643996827305f,-0.07922969487820808f,0.3514251644760283f,0.9328574431404311f,0.08081121643818345f,0.011951020805394286f,0.936066838933419f,-0.3516191777348127f,-1.0255064407607042f,0f,0f,0f,1f], start_interpolation: 0, interpolation_duration: 1 }
$data merge entity $(bone_left_leg1) { transformation: [-0.9431426355497053f,0.0229073962448069f,0.3315979797972828f,0.3122920858229281f,-0.12708376616539035f,0.8969752142770263f,-0.4234208088295888f,0.3125f,-0.3071346372286528f,-0.4414869377116f,-0.8430644094281633f,-0.9886024944674301f,0f,0f,0f,1f], start_interpolation: 0, interpolation_duration: 1 }
$data merge entity $(bone_right_leg4) { transformation: [-0.8998488252272457f,-0.012769580380764214f,0.010441721795036545f,-0.45254117251945053f,-0.012379760227646676f,0.8993118879962072f,0.032937359417581524f,-0.6471948957554152f,-0.010901067555598283f,0.0327881979620136f,-0.8993364780773387f,-0.9888640710449906f,0f,0f,0f,1f], start_interpolation: 0, interpolation_duration: 1 }
$data merge entity $(bone_right_leg3) { transformation: [-0.9978184725122298f,-0.005009494726418068f,-0.06582705276667469f,-0.4521841027663469f,0.04666290460665754f,0.6518284137331671f,-0.7569295161266818f,-0.11101549069762234f,0.04669977780493778f,-0.7583499350647354f,-0.6501726745567523f,-1.516990730183745f,0f,0f,0f,1f], start_interpolation: 0, interpolation_duration: 1 }
$data merge entity $(bone_right_leg2) { transformation: [-0.9964716199036601f,-0.057245386239591134f,0.061378143348063935f,-0.48080679588614245f,0.03551218054171623f,0.37504138426507533f,0.9263276121986805f,0.07650520143491532f,-0.07604732578958984f,0.9252388479970004f,-0.37168518721820987f,-1.0543713061852449f,0f,0f,0f,1f], start_interpolation: 0, interpolation_duration: 1 }
$data merge entity $(bone_right_leg1) { transformation: [-0.9591530595991985f,-0.02266819708363716f,-0.2819779443546492f,-0.3122920858229279f,0.10757864719325563f,0.8926659334091467f,-0.4376920904001419f,0.3125f,0.26163379546527493f,-0.45014851346167334f,-0.8537646472527897f,-1.01139750553257f,0f,0f,0f,1f], start_interpolation: 0, interpolation_duration: 1 }
$data merge entity $(bone_right_wing3) { transformation: [-1.147409030286894f,-0.029450181222599965f,0.22257755955758082f,-1.3825391686432686f,0.05716440200134009f,1.0825478601035978f,0.4379245685109621f,0.3059886150079403f,-0.21711820360458384f,0.4406567636921497f,-1.0609603518758097f,0.36840571322164406f,0f,0f,0f,1f], start_interpolation: 0, interpolation_duration: 1 }
$data merge entity $(bone_right_wing2) { transformation: [-0.619724677100162f,-0.02518899108670153f,-0.7844149662781392f,-1.1105326658326709f,-0.31029462130278546f,0.9259124143572928f,0.21541459776349858f,0.689250356278579f,0.7208734789015763f,0.37689748694715774f,-0.5816267804608519f,-0.554962700918642f,0f,0f,0f,1f], start_interpolation: 0, interpolation_duration: 1 }
$data merge entity $(bone_right_wing1) { transformation: [-0.9617692031567356f,0.10777472541207414f,0.4868220614687885f,-0.6125226857067705f,0.21138434018024077f,1.046099118634585f,0.18602259494378598f,0.5121743107925525f,-0.4515836264712584f,0.26013910445261323f,-0.9497425892044487f,-0.049209417380085996f,0f,0f,0f,1f], start_interpolation: 0, interpolation_duration: 1 }
$data merge entity $(bone_left_wing3) { transformation: [-1.1611521265961515f,0.04158558022186711f,-0.13019963285434732f,1.2004234339795274f,-0.02368408354198552f,1.0356721865405931f,0.5420126863732669f,0.21363031837489183f,0.13461192021723942f,0.5409337552052006f,-1.0277284998439955f,0.4737516959054907f,0f,0f,0f,1f], start_interpolation: 0, interpolation_duration: 1 }
$data merge entity $(bone_left_wing2) { transformation: [-0.5198076728037003f,0.035568501315030115f,0.8535425384880377f,1.051733402099266f,0.41180317116841353f,0.8858192511051919f,0.2138747357381781f,0.6930168272884208f,-0.7484772084105429f,0.46266525273208053f,-0.47510286507694366f,-0.43265118229831623f,0f,0f,0f,1f], start_interpolation: 0, interpolation_duration: 1 }
$data merge entity $(bone_left_wing1) { transformation: [-1.001488135665432f,-0.06448042941760446f,-0.4080133569561286f,0.5103305522245407f,-0.19414775995707395f,1.0179737971854126f,0.31566929951877504f,0.4969609105036374f,0.36460838242714366f,0.364942096197664f,-0.9526222257525947f,0.018570804800277618f,0f,0f,0f,1f], start_interpolation: 0, interpolation_duration: 1 }
$data merge entity $(bone_beak_down) { transformation: [-1.0990582486834009f,0.020541844848332623f,0.040607863908403985f,-0.10870210407775553f,0.02939863100533893f,1.069740438645753f,0.2545409877033649f,1.0834268553517792f,-0.03473739333899932f,0.25540835251851074f,-1.069373595600617f,1.1821334542516642f,0f,0f,0f,1f], start_interpolation: 0, interpolation_duration: 1 }
$data merge entity $(bone_beak_up) { transformation: [-1.0990582486834009f,0.023951622031644845f,0.038694777464532f,-0.10645663951228883f,0.02939863100533893f,1.0876410008156243f,0.16178001681233517f,1.1853931991782438f,-0.03473739333899932f,0.16267566857659096f,-1.0873499622279714f,1.1973842981807197f,0f,0f,0f,1f], start_interpolation: 0, interpolation_duration: 1 }
$data merge entity $(bone_head) { transformation: [-1.0990582486834009f,0.023951622031644845f,0.038694777464532f,-0.08710925078002282f,0.02939863100533893f,1.0876410008156243f,0.16178001681233517f,1.2662832075844115f,-0.03473739333899932f,0.16267566857659096f,-1.0873499622279714f,0.6537093170667339f,0f,0f,0f,1f], start_interpolation: 0, interpolation_duration: 1 }
$data merge entity $(bone_neck2) { transformation: [-0.9982760514367213f,0.05861283265007119f,-0.003075870062838725f,-0.08903166956929702f,0.007693205153164597f,0.07871497459583987f,-0.9968674773353012f,0.6432410342498482f,-0.0581871095894962f,-0.9951725923793875f,-0.07903019457466215f,0.60431544545757f,0f,0f,0f,1f], start_interpolation: 0, interpolation_duration: 1 }
$data merge entity $(bone_neck1) { transformation: [-0.998287891091899f,0.02288072952849811f,0.05383083424518549f,-0.05875182530638018f,-0.0009840597143778516f,0.9136146251319333f,-0.4065800639130204f,0.41453974829877427f,-0.05848348592352766f,-0.40593692731911046f,-0.9120279013895088f,0.09129975092597131f,0f,0f,0f,1f], start_interpolation: 0, interpolation_duration: 1 }
$data merge entity $(bone_body3) { transformation: [-0.9980917670500544f,-0.0009881936989670805f,0.061740165371605926f,-0.020225984055311917f,0.013523022479035666f,0.9721010358501566f,0.23417238086948694f,0.6216538010828384f,-0.06024908638254543f,0.23456043906052418f,-0.9702326772572663f,-0.5004356449185373f,0f,0f,0f,1f], start_interpolation: 0, interpolation_duration: 1 }
$data merge entity $(bone_body2) { transformation: [-0.9989917869152738f,-0.006419835879883177f,0.044431918517024584f,-0.009118004426055773f,-0.005830317716401231f,0.9998934216406439f,0.013384795668646365f,0.625f,-0.04451311122752448f,0.013112248740813345f,-0.998922745692481f,-0.7501663313416576f,0f,0f,0f,1f], start_interpolation: 0, interpolation_duration: 1 }
$data merge entity $(bone_tail2) { transformation: [-0.998023677268916f,0.0038153664710766817f,0.06272306265897581f,0.06146550195451031f,-0.010052593112746488f,0.9756062113227993f,-0.21929766483043728f,0.1860168601478367f,-0.06202971048086542f,-0.21949479129825522f,-0.9736397442640659f,-2.3972639655114154f,0f,0f,0f,1f], start_interpolation: 0, interpolation_duration: 1 }
$data merge entity $(bone_tail1) { transformation: [-0.9988007631375221f,0.018122488937692763f,0.04548198490179001f,0.027354013278167808f,-0.007166275757663388f,0.8648509779749977f,-0.5019775198028844f,0.5625f,-0.04843222117215539f,-0.5017014663028136f,-0.8636839460485174f,-1.7495010059750271f,0f,0f,0f,1f], start_interpolation: 0, interpolation_duration: 1 }
$data merge entity $(bone_body1) { transformation: [-0.9993346746333697f,0f,0.036472017704223585f,1.2246467991473532e-16f,0f,1f,0f,0.5f,-0.036472017704223585f,0f,-0.9993346746333697f,-1f,0f,0f,0f,1f], start_interpolation: 0, interpolation_duration: 1 }