# This file was generated by Animated Java via MC-Build. It is not recommended to edit this file directly.
$data merge entity $(bone_left_leg4) { transformation: [-0.8997725021274323f,-0.01991186484342719f,0.003600285238245557f,0.4802728320292969f,-0.019824882359220954f,0.8995481246224774f,0.0204974517349491f,-0.635606751802277f,-0.004051969247500863f,0.02041296467053738f,-0.8997593525040882f,-0.9912566099741361f,0f,0f,0f,1f], start_interpolation: 0, interpolation_duration: 1 }
$data merge entity $(bone_left_leg3) { transformation: [-0.9954929487815022f,-0.006504446510491035f,0.09461226718508195f,0.469481230447361f,-0.07549603628994782f,0.6581294901030448f,-0.7491100872109602f,-0.09519025377430831f,-0.0573945766672781f,-0.7528766608364863f,-0.6556543267125489f,-1.5149357101819665f,0f,0f,0f,1f], start_interpolation: 0, interpolation_duration: 1 }
$data merge entity $(bone_left_leg2) { transformation: [-0.9956285133373335f,0.03726064338268603f,-0.08564757955949075f,0.48811155213870405f,-0.06685798232276272f,0.35601218827440345f,0.9320865474835476f,0.08281584036289341f,0.06522172666696385f,0.9337381679329484f,-0.35196471430500065f,-1.0480666262154923f,0f,0f,0f,1f], start_interpolation: 0, interpolation_duration: 1 }
$data merge entity $(bone_left_leg1) { transformation: [-0.9534198511741108f,0.0006630349636963386f,0.3016457322286747f,0.31249981500475676f,-0.12708376616539033f,0.9060360670305865f,-0.4036686284775756f,0.3125f,-0.27356955927945786f,-0.42319995938608435f,-0.8637485112063926f,-0.9996599676591167f,0f,0f,0f,1f], start_interpolation: 0, interpolation_duration: 1 }
$data merge entity $(bone_right_leg4) { transformation: [-0.8998065692847391f,0.018538615709888094f,-0.0021113028178904383f,-0.47905588244419806f,0.018484938967488145f,0.8995697796683197f,0.02079708005608427f,-0.6362227623674089f,0.002538681428611432f,0.020749246614083006f,-0.8997572027283538f,-0.9920925279149738f,0f,0f,0f,1f], start_interpolation: 0, interpolation_duration: 1 }
$data merge entity $(bone_right_leg3) { transformation: [-0.9956852445710423f,0.006819659853286239f,-0.09254396783685623f,-0.46815713956442984f,0.074132369097253f,0.6583165677466293f,-0.7490818970461952f,-0.09566771799204979f,0.055814743531904146f,-0.7527102954455872f,-0.6559816503033332f,-1.515626396355206f,0f,0f,0f,1f], start_interpolation: 0, interpolation_duration: 1 }
$data merge entity $(bone_right_leg2) { transformation: [-0.9955862793635452f,-0.039459876354947854f,0.08515209040948493f,-0.48788707774190376f,0.06556834019648239f,0.3567034406328739f,0.9319138630820707f,0.08268400232438716f,-0.06714724943682518f,0.9333839368655977f,-0.35254173269890565f,-1.048934427922407f,0f,0f,0f,1f], start_interpolation: 0, interpolation_duration: 1 }
$data merge entity $(bone_right_leg1) { transformation: [-0.9538865588209791f,-0.0006921813640694024f,-0.30016654341486837f,-0.31249981500475654f,0.12649979452698043f,0.9059311032151431f,-0.4040874140727788f,0.3125f,0.272209909601584f,-0.4234245589386058f,-0.8640679417744558f,-1.0003400323408833f,0f,0f,0f,1f], start_interpolation: 0, interpolation_duration: 1 }
$data merge entity $(bone_right_wing3) { transformation: [-1.1428372963214573f,0.0866400777431059f,0.2310237586091358f,-1.3889291180559153f,0.17583927899567459f,1.0539446466147697f,0.4745911880881392f,0.3672620488399224f,-0.17308676458789407f,0.4986479166479078f,-1.0432386079530216f,0.4194299488625824f,0f,0f,0f,1f], start_interpolation: 0, interpolation_duration: 1 }
$data merge entity $(bone_right_wing2) { transformation: [-0.6569399423419366f,0.07410399717158529f,-0.7502922828864539f,-1.0675894754338788f,-0.2776384717205111f,0.9014478419943827f,0.3321274863427739f,0.7668130085252864f,0.7009613335815834f,0.4264978144924827f,-0.5716229728209531f,-0.48089565491587644f,0f,0f,0f,1f], start_interpolation: 0, interpolation_duration: 1 }
$data merge entity $(bone_right_wing1) { transformation: [-0.960112585603775f,0.20454939049218132f,0.4582079014220752f,-0.5640275425904234f,0.31715706995852433f,1.0139595775507708f,0.2119162079207179f,0.5166365123006726f,-0.3888525775299281f,0.3219575019369021f,-0.9585135111233394f,-0.012928401224189867f,0f,0f,0f,1f], start_interpolation: 0, interpolation_duration: 1 }
$data merge entity $(bone_left_wing3) { transformation: [-1.143389704511235f,-0.08606606574662444f,-0.22849109812238033f,1.3836872208015867f,-0.17472769411480943f,1.0526577015272143f,0.47784679793980656f,0.3640785710694163f,0.17054554378111167f,0.5014578364318402f,-1.0423098492070701f,0.4227972481344782f,0f,0f,0f,1f], start_interpolation: 0, interpolation_duration: 1 }
$data merge entity $(bone_left_wing2) { transformation: [-0.6543590035146574f,-0.07361303981707042f,0.7525924626836195f,1.0657419835418993f,0.2809410282481367f,0.9003471068887313f,0.3323360133418755f,0.7668619940385586f,-0.7020587106262443f,0.4289011628405568f,-0.5684693125823361f,-0.4772931186677349f,0f,0f,0f,1f], start_interpolation: 0, interpolation_duration: 1 }
$data merge entity $(bone_left_wing1) { transformation: [-0.9613111174063156f,-0.20326451190340725f,-0.45626262707217347f,0.560970534512239f,-0.31659879722409867f,1.0133571904396659f,0.21560036477611072f,0.5161895962364704f,0.3863382562708302f,0.32465651679275986f,-0.958619845901762f,-0.010896953133916754f,0f,0f,0f,1f], start_interpolation: 0, interpolation_duration: 1 }
$data merge entity $(bone_beak_down) { transformation: [-1.0999994174102121f,0.0009591243184065893f,0.0006014796221678546f,-0.003157871675669676f,0.0010823560439916359f,1.0623131784615403f,0.28546372689421273f,0.9979502598484544f,-0.0003319677515616034f,0.2854641675368056f,-1.0623135595717166f,1.259171346523814f,0f,0f,0f,1f], start_interpolation: 0, interpolation_duration: 1 }
$data merge entity $(bone_beak_up) { transformation: [-1.0999994174102121f,0.0009646567344996973f,0.0005925660964200282f,-0.0030674351068103295f,0.0010823560439916359f,1.0649128108175294f,0.2756075722147394f,1.0977858358625978f,-0.0003319677515616034f,0.2756080093068655f,-1.0649131959945464f,1.2850095973963325f,0f,0f,0f,1f], start_interpolation: 0, interpolation_duration: 1 }
$data merge entity $(bone_head) { transformation: [-1.0999994174102121f,0.0009646567344996973f,0.0005925660964200282f,-0.0027711520586003154f,0.0010823560439916359f,1.0649128108175294f,0.2756075722147394f,1.2355896219699676f,-0.0003319677515616034f,0.2756080093068655f,-1.0649131959945464f,0.7525529993990593f,0f,0f,0f,1f], start_interpolation: 0, interpolation_duration: 1 }
$data merge entity $(bone_neck2) { transformation: [-0.9999984958753129f,0.001729127201834272f,0.00013552207110195539f,-0.0026864507641615933f,0.00022328508130388448f,0.2058292777383744f,-0.9785878900586658f,0.6239721906833013f,-0.0017199973500985693f,-0.9785863878804054f,-0.20582935423378418f,0.6239096530029442f,0f,0f,0f,1f], start_interpolation: 0, interpolation_duration: 1 }
$data merge entity $(bone_neck1) { transformation: [-0.9999984765854723f,0.0005748341862415001f,0.0016481481707990436f,-0.0017593674180871313f,-0.00003446000950093667f,0.9375327532843096f,-0.34789701828508035f,0.4282801178979436f,-0.0017451759917914743f,-0.3478965450889103f,-0.9375313052245017f,0.09654829381416197f,0f,0f,0f,1f], start_interpolation: 0, interpolation_duration: 1 }
$data merge entity $(bone_body3) { transformation: [-0.9999982907579222f,-0.000004004319685976094f,0.001848909191802221f,-0.0006040494431911168f,0.000397258723735351f,0.9761770922865973f,0.21697494482172483f,0.624900526679434f,-0.0018057316357983678f,0.21697530845432508f,-0.9761754221728849f,-0.5000003882654958f,0f,0f,0f,1f], start_interpolation: 0, interpolation_duration: 1 }
$data merge entity $(bone_body2) { transformation: [-0.9999991028681418f,-0.00017443763840097395f,0.0013280942819382366f,-0.0002720258727065577f,-0.00017390933818129656f,0.9999999057182346f,0.00039789328226411217f,0.625f,-0.0013281635642876566f,0.0003976619573037583f,-0.9999990389227953f,-0.7500001479961946f,0f,0f,0f,1f], start_interpolation: 0, interpolation_duration: 1 }
$data merge entity $(bone_tail2) { transformation: [-0.9999982410481497f,0.00010905414135086269f,0.0018724336572522678f,0.0018348941643592305f,-0.00029897191142354843f,0.9762758886981533f,-0.21653013592206294f,0.1874538407799865f,-0.0018516253408118574f,-0.2165303148610493f,-0.9762741388717474f,-2.399491157548465f,0f,0f,0f,1f], start_interpolation: 0, interpolation_duration: 1 }
$data merge entity $(bone_tail1) { transformation: [-0.999998932855414f,0.0005375663079834849f,0.00135842206165209f,0.000816077618120163f,-0.00021376790225295655f,0.8659898411001916f,-0.5000615456266847f,0.5625f,-0.0014451959441641401f,-0.5000613023757481f,-0.8659888020493991f,-1.7499995560114159f,0f,0f,0f,1f], start_interpolation: 0, interpolation_duration: 1 }
$data merge entity $(bone_body1) { transformation: [-0.9999994080152214f,0f,0.0010881034908267206f,1.2246467991473532e-16f,0f,1f,0f,0.5f,-0.0010881034908267206f,0f,-0.9999994080152214f,-1f,0f,0f,0f,1f], start_interpolation: 0, interpolation_duration: 1 }