# This file was generated by Animated Java via MC-Build. It is not recommended to edit this file directly.
$data merge entity $(bone_right_wing3) { transformation: [-1.1385580031285263f,0.11212008780151309f,0.24097785250916018f,-1.402768578627052f,0.20358716044008676f,1.0493588403994616f,0.4736600660347062f,0.38750869610184246f,-0.17086107687969182f,0.5032203055953136f,-1.041408364869725f,0.42071766024229185f,0f,0f,0f,1f], start_interpolation: 0, interpolation_duration: 1 }
$data merge entity $(bone_right_wing2) { transformation: [-0.6702441129725243f,0.09589726701257889f,-0.7359188428116192f,-1.0629091883423352f,-0.26146221577988094f,0.8975255628406607f,0.3550850232930565f,0.7809681612298457f,0.6945576568904482f,0.43040861774257455f,-0.5764877128159605f,-0.4754807398129005f,0f,0f,0f,1f], start_interpolation: 0, interpolation_duration: 1 }
$data merge entity $(bone_right_wing1) { transformation: [-0.9553076383671237f,0.22501761520109567f,0.4586561893594714f,-0.5625f,0.3390818104888448f,1.0067504916338788f,0.2123395500175643f,0.5167801930309486f,-0.3821281892037629f,0.3308045216668995f,-0.9582053676387426f,-0.011851996440033374f,0f,0f,0f,1f], start_interpolation: 0, interpolation_duration: 1 }
$data merge entity $(bone_left_wing3) { transformation: [-1.138558003128526f,-0.11212008780151318f,-0.24097785250916007f,1.402768578627052f,-0.20358716044008676f,1.0493588403994616f,0.4736600660347062f,0.38750869610184246f,0.17086107687969143f,0.5032203055953135f,-1.041408364869725f,0.42071766024229235f,0f,0f,0f,1f], start_interpolation: 0, interpolation_duration: 1 }
$data merge entity $(bone_left_wing2) { transformation: [-0.6702441129725241f,-0.09589726701257897f,0.7359188428116192f,1.0629091883423354f,0.26146221577988094f,0.8975255628406607f,0.3550850232930565f,0.7809681612298457f,-0.6945576568904485f,0.43040861774257444f,-0.5764877128159602f,-0.47548073981290023f,0f,0f,0f,1f], start_interpolation: 0, interpolation_duration: 1 }
$data merge entity $(bone_left_wing1) { transformation: [-0.9553076383671237f,-0.22501761520109573f,-0.4586561893594711f,0.5625f,-0.3390818104888448f,1.0067504916338788f,0.2123395500175643f,0.5167801930309486f,0.3821281892037627f,0.3308045216668994f,-0.9582053676387428f,-0.011851996440033263f,0f,0f,0f,1f], start_interpolation: 0, interpolation_duration: 1 }
$data merge entity $(bone_beak_down) { transformation: [-1.0999985009484092f,-0.0011997871309893204f,0.0013632395582204647f,-0.0005563339142280063f,-0.0008126855373618402f,1.063667211537016f,0.2803772505808674f,0.9743278279345153f,-0.0016240238514712796f,0.28037586132174336f,-1.0636666484075827f,1.2745015400495907f,0f,0f,0f,1f], start_interpolation: 0, interpolation_duration: 1 }
$data merge entity $(bone_beak_up) { transformation: [-1.0999985009484092f,-0.001223430910160061f,0.0013420611241108348f,-0.000671030562055512f,-0.0008126855373618402f,1.0586042232545543f,0.29892547240046224f,1.0735719738646297f,-0.0016240238514712796f,0.29892407351103434f,-1.0586036844929738f,1.30252567194125f,0f,0f,0f,1f], start_interpolation: 0, interpolation_duration: 1 }
$data merge entity $(bone_head) { transformation: [-1.0999985009484092f,-0.001223430910160061f,0.0013420611241108348f,-9.469260880601501e-17f,-0.0008126855373618402f,1.0586042232545543f,0.29892547240046224f,1.2230347100648609f,-0.0016240238514712796f,0.29892407351103434f,-1.0586036844929738f,0.7732238296947631f,0f,0f,0f,1f], start_interpolation: 0, interpolation_duration: 1 }
$data merge entity $(bone_neck2) { transformation: [-1f,1.190802318072342e-16f,2.859189079711148e-17f,-7.682267705782032e-17f,0f,0.23347050608402575f,-0.9723638839389649f,0.6153072826030078f,-1.2246467991473532e-16f,-0.9723638839389649f,-0.23347050608402575f,0.6273047633922471f,0f,0f,0f,1f], start_interpolation: 0, interpolation_duration: 1 }
$data merge entity $(bone_neck1) { transformation: [-1f,4.062573443283746e-17f,1.1552985557167093e-16f,-1.1837133298755425e-17f,0f,0.9433728618905247f,-0.33173429646100966f,0.42870674084368987f,-1.2246467991473532e-16f,-0.33173429646100966f,-0.9433728618905247f,0.09665752857882692f,0f,0f,0f,1f], start_interpolation: 0, interpolation_duration: 1 }