# This file was generated by Animated Java via MC-Build. It is not recommended to edit this file directly.
$data merge entity $(bone_right_wing3) { transformation: [-1.1372449122233959f,0.11894729828166659f,0.2438875065066981f,-1.4069117005950416f,0.2110651980864447f,1.048187841582313f,0.4729791717320164f,0.39327638410105714f,-0.17053169135176108f,0.504092605546904f,-1.0410404186457904f,0.42066976296496483f,0f,0f,0f,1f], start_interpolation: 0, interpolation_duration: 1 }
$data merge entity $(bone_right_wing2) { transformation: [-0.6738978480985627f,0.10173663834383753f,-0.7317864078722844f,-1.0618910423242145f,-0.25670435343535597f,0.8965239975686256f,0.36103683567041595f,0.7846189354602373f,0.6927947497314497f,0.43115470332824424f,-0.5780493547634762f,-0.4744827832454853f,0f,0f,0f,1f], start_interpolation: 0, interpolation_duration: 1 }
$data merge entity $(bone_right_wing1) { transformation: [-0.9538406341076272f,0.23040625045451107f,0.4590338937243782f,-0.5625f,0.3448645273712861f,1.004801717884208f,0.21225710025588126f,0.5167801930309486f,-0.3806147837344867f,0.3330128805309922f,-0.9580427542204533f,-0.011851996440033374f,0f,0f,0f,1f], start_interpolation: 0, interpolation_duration: 1 }
$data merge entity $(bone_left_wing3) { transformation: [-1.1372449122233959f,-0.11894729828166668f,-0.2438875065066979f,1.4069117005950416f,-0.2110651980864447f,1.048187841582313f,0.4729791717320164f,0.39327638410105714f,0.17053169135176083f,0.504092605546904f,-1.0410404186457904f,0.4206697629649653f,0f,0f,0f,1f], start_interpolation: 0, interpolation_duration: 1 }
$data merge entity $(bone_left_wing2) { transformation: [-0.6738978480985625f,-0.10173663834383762f,0.7317864078722846f,1.0618910423242147f,0.25670435343535597f,0.8965239975686256f,0.36103683567041595f,0.7846189354602373f,-0.6927947497314499f,0.43115470332824424f,-0.5780493547634761f,-0.4744827832454851f,0f,0f,0f,1f], start_interpolation: 0, interpolation_duration: 1 }
$data merge entity $(bone_left_wing1) { transformation: [-0.9538406341076272f,-0.23040625045451113f,-0.459033893724378f,0.5625f,-0.3448645273712861f,1.004801717884208f,0.21225710025588126f,0.5167801930309486f,0.38061478373448643f,0.33301288053099215f,-0.9580427542204534f,-0.011851996440033263f,0f,0f,0f,1f], start_interpolation: 0, interpolation_duration: 1 }
$data merge entity $(bone_beak_down) { transformation: [-1.099996926213505f,-0.0016997946035092401f,0.001967998766991789f,-0.0007984977979146678f,-0.0011461362139563423f,1.0641578631249158f,0.2785080406760151f,0.9678028859407872f,-0.0023342434791722476f,0.2785052118860967f,-1.0641566605813553f,1.278510873086704f,0f,0f,0f,1f], start_interpolation: 0, interpolation_duration: 1 }
$data merge entity $(bone_beak_up) { transformation: [-1.099996926213505f,-0.0017485147158687467f,0.001924842105054535f,-0.0009624210525273629f,-0.0011461362139563423f,1.0568544133853341f,0.30505316795555687f,1.0668829871956622f,-0.0023342434791722476f,0.3050503099559652f,-1.0568532820137102f,1.307109339645076f,0f,0f,0f,1f], start_interpolation: 0, interpolation_duration: 1 }
$data merge entity $(bone_head) { transformation: [-1.099996926213505f,-0.0017485147158687467f,0.001924842105054535f,-9.536112744387203e-17f,-0.0011461362139563423f,1.0568544133853341f,0.30505316795555687f,1.2194095711734407f,-0.0023342434791722476f,0.3050503099559652f,-1.0568532820137102f,0.7786826986382208f,0f,0f,0f,1f], start_interpolation: 0, interpolation_duration: 1 }
$data merge entity $(bone_neck2) { transformation: [-1f,1.1886096629556307e-16f,2.949014272436803e-17f,-7.692978824114201e-17f,0f,0.24080528969577364f,-0.9705734451624641f,0.6128011679469006f,-1.2246467991473532e-16f,-0.9705734451624641f,-0.24080528969577364f,0.6281793925783623f,0f,0f,0f,1f], start_interpolation: 0, interpolation_duration: 1 }
$data merge entity $(bone_neck1) { transformation: [-1f,4.0080115714277835e-17f,1.157202754531317e-16f,-1.1837133298755425e-17f,0f,0.9449277582213963f,-0.3272789815168192f,0.42870674084368987f,-1.2246467991473532e-16f,-0.3272789815168192f,-0.9449277582213963f,0.09665752857882692f,0f,0f,0f,1f], start_interpolation: 0, interpolation_duration: 1 }