# This file was generated by Animated Java via MC-Build. It is not recommended to edit this file directly.
$data merge entity $(bone_jaw) { transformation: [-0.9986313339089482f,-0.05208187563148889f,0.004789276139558022f,-0.6635190324497663f,-0.04950731593532792f,0.9708367283702029f,0.23457423668493627f,1.1681431142155192f,-0.016866671399966254f,0.23401607867440866f,-0.9720864109315275f,2.6406141148397397f,0f,0f,0f,1f], start_interpolation: 0, interpolation_duration: 1 }
$data merge entity $(bone_head) { transformation: [-1.1234602506475668f,-0.05676635906924612f,0.015480493949741478f,-0.660078922683157f,-0.05569573042724391f,1.121423541452925f,0.07022981053196505f,1.1837497387781781f,-0.018975005324962036f,0.06936729166690422f,-1.1226990371509706f,2.391125439917302f,0f,0f,0f,1f], start_interpolation: 0, interpolation_duration: 1 }
$data merge entity $(bone_neck) { transformation: [-0.9522193933544503f,0.096717142533994f,0.2896964294908409f,-0.05135284098699222f,0.03170554531484994f,0.9747129669003601f,-0.22119988822914316f,-0.04746047039705831f,-0.3037646874078201f,-0.20144584010685485f,-0.9312070597819117f,2.000438252661942f,0f,0f,0f,1f], start_interpolation: 0, interpolation_duration: 1 }
$data merge entity $(bone_right_arm2) { transformation: [-0.8489351098864505f,0.47384675871321247f,0.23404791915132053f,-1.9784514115645646f,-0.0882681838662295f,0.3095101458639506f,-0.9467904717117901f,-0.029109818079923022f,-0.5210738017968644f,-0.8244226579032498f,-0.2209284368674695f,2.308372948196414f,0f,0f,0f,1f], start_interpolation: 0, interpolation_duration: 1 }
$data merge entity $(bone_right_arm1) { transformation: [-0.9638950726835739f,0.5380135072889599f,0.2657419082030618f,-0.9303273744974245f,-0.10022116709811474f,0.35142297811636053f,-1.0750016814227614f,-0.24621239347714685f,-0.591635879123523f,-0.9360632261609814f,-0.25084582935993927f,1.237265472413534f,0f,0f,0f,1f], start_interpolation: 0, interpolation_duration: 1 }
$data merge entity $(bone_left_arm2) { transformation: [-0.9372311819447862f,-0.19409711571952143f,0.2896964294908409f,0.48939035649099655f,-0.2628637259994664f,0.9391343199995899f,-0.22119988822914316f,-1.2802750894234456f,-0.22912959901343277f,-0.2834661155557586f,-0.9312070597819117f,2.6628578757060266f,0f,0f,0f,1f], start_interpolation: 0, interpolation_duration: 1 }
$data merge entity $(bone_left_arm1) { transformation: [-1.0641479044998092f,-0.22038110013987325f,0.32892615431772554f,0.14091944302633214f,-0.2984598555618941f,1.0663087591662008f,-0.2511540397601729f,-0.281881131956353f,-0.26015756554650177f,-0.3218521520372676f,-1.0573080157940453f,1.5790007457473314f,0f,0f,0f,1f], start_interpolation: 0, interpolation_duration: 1 }
$data merge entity $(bone_body2) { transformation: [-1.5076807061445463f,0.15313547567882385f,0.45868601336049813f,0.35904095499771693f,0.05020044674851241f,1.5432955309255703f,-0.35023315636281005f,-0.4263548701577241f,-0.48096075506238184f,-0.3189559135025202f,-1.474411177988027f,0.674418469232122f,0f,0f,0f,1f], start_interpolation: 0, interpolation_duration: 1 }
$data merge entity $(bone_right_leg2) { transformation: [-0.984807753012208f,5.204170427930421e-18f,0.17364817766693047f,-0.9111640810672926f,-8.673617379884035e-19f,1f,0f,-2.5477385913415187f,-0.17364817766693044f,-1.3877787807814457e-17f,-0.984807753012208f,-0.7600465272609818f,0f,0f,0f,1f], start_interpolation: 0, interpolation_duration: 1 }
$data merge entity $(bone_right_leg1) { transformation: [-1.3130770040162774f,-0.010099236169251362f,0.23131053743876978f,-0.6069628198949004f,-1.1564823173178713e-18f,1.3320642954424768f,0.058159183153781324f,-1.125237831369266f,-0.23153090355590725f,0.05727561447870083f,-1.3118272456624958f,-0.32571867807388616f,0f,0f,0f,1f], start_interpolation: 0, interpolation_duration: 1 }
$data merge entity $(bone_left_leg2) { transformation: [-0.9947823135305415f,-0.021544611317123197f,0.09971949864503657f,0.9755962272803647f,-0.023485431907089287f,0.9995561269233895f,-0.018329855920066473f,-2.5927560639337237f,-0.09928032622307827f,-0.02057617197408232f,-0.9948467409465299f,0.05714500431791254f,0f,0f,0f,1f], start_interpolation: 0, interpolation_duration: 1 }
$data merge entity $(bone_left_leg1) { transformation: [-1.3130770040162774f,0.06478906445975424f,0.22228121024469127f,0.6240468713703596f,-1.1564823173178713e-18f,1.2800664725145716f,-0.37310535204132267f,-1.125237831369266f,-0.23153090355590725f,-0.36743704338064387f,-1.2606193865033384f,-0.1086584559902231f,0f,0f,0f,1f], start_interpolation: 0, interpolation_duration: 1 }
$data merge entity $(bone_tail3) { transformation: [-0.831735740767284f,0.015134435901338634f,0.5549654100754797f,1.4909012384843734f,-0.035101686893798965f,0.9961946980917455f,-0.07977465180811302f,-0.8686676408025422f,-0.5540609434958458f,-0.0858316511774313f,-0.8280394909354558f,-3.5314841919980546f,0f,0f,0f,1f], start_interpolation: 0, interpolation_duration: 1 }
$data merge entity $(bone_tail2) { transformation: [-1.2822592670162294f,0.023332255347897058f,0.8555716738663645f,0.3435364202654374f,-0.05411510062794007f,1.5358001595581077f,-0.12298592153750756f,-0.9102643854162575f,-0.8541772878894288f,-0.13232379556520657f,-1.2765608818588277f,-2.0320743298352877f,0f,0f,0f,1f], start_interpolation: 0, interpolation_duration: 1 }
$data merge entity $(bone_tail1) { transformation: [-0.9538032003339302f,0.015134435901338634f,0.3000506688589457f,0.14395798464454884f,-0.011376107230962195f,0.9961946980917455f,-0.08641011328638343f,-0.8170316266456049f,-0.30021665379692386f,-0.0858316511774313f,-0.9500015202299066f,-0.9851706328663965f,0f,0f,0f,1f], start_interpolation: 0, interpolation_duration: 1 }
$data merge entity $(bone_body1) { transformation: [-1.3130770040162774f,0.02017924786845151f,0.2306498585667861f,0.5f,-1.1564823173178713e-18f,1.3282595974556606f,-0.11620765699687755f,-1.1875f,-0.23153090355590725f,-0.11444220156990839f,-1.308080349587209f,-0.12499999999999994f,0f,0f,0f,1f], start_interpolation: 0, interpolation_duration: 1 }
data modify entity @s data merge value {"locators":{"hitbox_head":{"posx":-0.6328421937418374,"posy":0.5412283794898961,"posz":2.664448899310958,"roty":0.7899808703405142,"rotx":3.579102118723135},"hitbox_neck":{"posx":-0.5999435198008203,"posy":-0.3694750742986255,"posz":2.0404989814708414,"roty":17.280800862976633,"rotx":-12.779517972273243},"hitbox_right_arm":{"posx":-2.6223805742213404,"posy":0.1292585104203821,"posz":3.2106927119210944,"roty":46.65169622035157,"rotx":-71.2251222598239},"hitbox_left_arm":{"posx":0.5972162063366466,"posy":-2.092380482433497,"posz":3.4262481210910805,"roty":17.280800862976633,"rotx":-12.779517972273243},"hitbox_tail1":{"posx":0.8176912803622363,"posy":-1.7078677712414196,"posz":-2.4677201235333595,"roty":33.83063045736847,"rotx":-4.575612836681636},"hitbox_tail2":{"posx":1.7832053345313237,"posy":-2.221046423690022,"posz":-3.8846023634788702,"roty":33.83063045736847,"rotx":-4.575612836681636}},"cameras":{}}