# This file was generated by Animated Java via MC-Build. It is not recommended to edit this file directly.
$data merge entity $(bone_jaw) { transformation: [-0.9989419002127176f,-0.04581696200180951f,0.003985723564170837f,-0.7794363085307173f,-0.04276428352420933f,0.957266849204301f,0.28602691388946466f,1.2922158159616772f,-0.016920285283241687f,0.28555382226017384f,-0.9582132949080486f,2.4507829009281195f,0f,0f,0f,1f], start_interpolation: 0, interpolation_duration: 1 }
$data merge entity $(bone_head) { transformation: [-1.1238096377393072f,-0.0493571989889829f,0.015516605047793335f,-0.7759881740756521f,-0.0481098189647355f,1.1210154123195402f,0.08145483816957555f,1.310316891110472f,-0.019035320943646898f,0.0807050943250382f,-1.1219399914017503f,2.2014629028388417f,0f,0f,0f,1f], start_interpolation: 0, interpolation_duration: 1 }
$data merge entity $(bone_neck) { transformation: [-0.925745191973899f,0.13580129953492737f,0.35292187036486394f,-0.170655439173111f,0.035706961755767305f,0.9605129391067697f,-0.2759346058229143f,0.04772154520052757f,-0.3764583010366236f,-0.2428433669118839f,-0.8940392870156877f,1.9213062100007838f,0f,0f,0f,1f], start_interpolation: 0, interpolation_duration: 1 }
$data merge entity $(bone_right_arm2) { transformation: [-0.7710744175917075f,0.6275862196675226f,0.10760938350830437f,-2.133423052877804f,-0.1290771909123992f,0.01143105488981111f,-0.991568661147714f,0.45399234460227844f,-0.6235249163600227f,-0.7784631448357296f,0.07219287229839574f,1.8819037840347541f,0f,0f,0f,1f], start_interpolation: 0, interpolation_duration: 1 }
$data merge entity $(bone_right_arm1) { transformation: [-0.8754907449739178f,0.7125718535808329f,0.12218148752505391f,-0.9947739329048126f,-0.14655639384845323f,0.012979010239473029f,-1.125843584011467f,-0.17237122823377304f,-0.707960582117109f,-0.8838800290322346f,0.08196899042213682f,1.104655042505513f,0f,0f,0f,1f], start_interpolation: 0, interpolation_duration: 1 }
$data merge entity $(bone_left_arm2) { transformation: [-0.9098213180302411f,-0.2183376345843315f,0.35292187036486394f,0.3749429294663652f,-0.32418199158566524f,0.9048569663990573f,-0.2759346058229143f,-1.1091544147340002f,-0.25909690385889717f,-0.3654621015689785f,-0.8940392870156877f,2.70345943176019f,0f,0f,0f,1f], start_interpolation: 0, interpolation_duration: 1 }
$data merge entity $(bone_left_arm1) { transformation: [-1.0330262881801695f,-0.24790418926762636f,0.40071337364343923f,0.04668940806582378f,-0.36808163627955737f,1.0273896805989295f,-0.3133007503614339f,-0.21254156020901124f,-0.2941829429231228f,-0.4149517611564443f,-1.0151071071323952f,1.5281706311717147f,0f,0f,0f,1f], start_interpolation: 0, interpolation_duration: 1 }
$data merge entity $(bone_body2) { transformation: [-1.4657632206253404f,0.21501872426363502f,0.5587929614110346f,0.328182168255448f,0.0565360227799649f,1.5208121535857189f,-0.43689645921961434f,-0.40896650936408485f,-0.5960589766413208f,-0.38450199761048287f,-1.4155622044415057f,0.6513024453477256f,0f,0f,0f,1f], start_interpolation: 0, interpolation_duration: 1 }
$data merge entity $(bone_right_leg2) { transformation: [-0.9763714993169449f,3.469446951953614e-18f,0.21609880916280214f,-0.8787510105870786f,1.734723475976807e-18f,1f,-2.0816681711721685e-17f,-2.5437309811358504f,-0.21609880916280216f,0f,-0.9763714993169448f,-0.8368355219276232f,0f,0f,0f,1f], start_interpolation: 0, interpolation_duration: 1 }
$data merge entity $(bone_right_leg1) { transformation: [-1.3018286657559264f,-0.015682251606806603f,0.2877046572067663f,-0.5969499048896485f,2.3129646346357427e-18f,1.3313569765672264f,0.07256981964667876f,-1.1253702922539996f,-0.2881317455504029f,0.07085510361358804f,-1.2998990073370174f,-0.37474398006355936f,0f,0f,0f,1f], start_interpolation: 0, interpolation_duration: 1 }
$data merge entity $(bone_left_leg2) { transformation: [-0.992275542823285f,-0.019585036089104058f,0.12249764681880038f,0.9453273271403101f,-0.022603216885279415f,0.9994730187880626f,-0.023297624366324376f,-2.5820747164392133f,-0.12197680804641546f,-0.025886503743569267f,-0.99219531707358f,0.17669111142159033f,0f,0f,0f,1f], start_interpolation: 0, interpolation_duration: 1 }
$data merge entity $(bone_left_leg1) { transformation: [-1.3018286657559264f,0.09986883878218306f,0.27027045312838105f,0.6235144692565325f,2.3129646346357427e-18f,1.2506799744776367f,-0.4621443272597812f,-1.1253702922539996f,-0.2881317455504029f,-0.4512245497074534f,-1.2211282818464082f,-0.1046204686100567f,0f,0f,0f,1f], start_interpolation: 0, interpolation_duration: 1 }
$data merge entity $(bone_tail3) { transformation: [-0.7423749511634605f,0.02348850947063015f,0.6695727905223583f,1.8137246934017819f,-0.0537541760137729f,0.9940753239360046f,-0.09447083625441183f,-0.934295316779058f,-0.6678247677693079f,-0.10612511608651218f,-0.736714014587407f,-3.351738874171011f,0f,0f,0f,1f], start_interpolation: 0, interpolation_duration: 1 }
$data merge entity $(bone_tail2) { transformation: [-1.1444947163770016f,0.03621145210055481f,1.0322580520553022f,0.46107474675118437f,-0.08287102135456655f,1.5325327910680069f,-0.14564253922555156f,-0.9502708940417582f,-1.0295631836443495f,-0.16360955396670626f,-1.1357674391555856f,-2.033979733524565f,0f,0f,0f,1f], start_interpolation: 0, interpolation_duration: 1 }
$data merge entity $(bone_tail1) { transformation: [-0.9284345638510225f,0.02348850947063015f,0.3707526811361044f,0.18320434352545129f,-0.017677582813880825f,0.9940753239360046f,-0.1072462279401283f,-0.8341120790036368f,-0.3710751456411763f,-0.10612511608651218f,-0.9225186697422465f,-1.007419253718281f,0f,0f,0f,1f], start_interpolation: 0, interpolation_duration: 1 }
$data merge entity $(bone_body1) { transformation: [-1.3018286657559264f,0.031318012627506865f,0.28642465829426317f,0.5f,2.3129646346357427e-18f,1.3254337652480062f,-0.14492450351224678f,-1.1875f,-0.2881317455504029f,-0.14150015478201622f,-1.2941157526204992f,-0.12499999999999994f,0f,0f,0f,1f], start_interpolation: 0, interpolation_duration: 1 }
data modify entity @s data merge value {"locators":{"hitbox_head":{"posx":-0.7528776760394931,"posy":0.6649042069969564,"posz":2.468276736936529,"roty":0.7923590495071267,"rotx":4.152094056847583},"hitbox_neck":{"posx":-0.7285687562812663,"posy":-0.26012550035876314,"posz":1.9358982329513894,"roty":21.541620512500316,"rotx":-16.017718303232595},"hitbox_right_arm":{"posx":-2.8630061153989605,"posy":0.9302782958542994,"posz":2.5853001854487845,"roty":123.85682934453521,"rotx":-82.55454033495647},"hitbox_left_arm":{"posx":0.4736834612451548,"posy":-1.8557827037474963,"posz":3.5321347333281934,"roty":21.541620512500316,"rotx":-16.017718303232595},"hitbox_tail1":{"posx":0.9965865270277656,"posy":-1.7540568149169482,"posz":-2.3773986855173597,"roty":42.266567674696915,"rotx":-5.420863987271709},"hitbox_tail2":{"posx":2.1595307193904065,"posy":-2.2921590248381705,"posz":-3.62685129251288,"roty":42.266567674696915,"rotx":-5.420863987271709}},"cameras":{}}