# This file was generated by Animated Java via MC-Build. It is not recommended to edit this file directly.
$data merge entity $(bone_jaw) { transformation: [-0.9984565000087129f,0.033069363541380306f,0.04462101282265572f,-1.0137558958214727f,0.05003529578782365f,0.8842924512835124f,0.46424490280284386f,1.6852701643914585f,-0.024105741344679243f,0.4657609663743463f,-0.884582181278969f,1.6939715953254761f,0f,0f,0f,1f], start_interpolation: 0, interpolation_duration: 1 }
$data merge entity $(bone_head) { transformation: [-1.123263562509802f,0.05295803652044204f,0.0331574351494238f,-1.0063875768993786f,0.0562897077613016f,1.1168209849526922f,0.12315582150043014f,1.7126381247248874f,-0.02711895901276415f,0.12462477256628411f,-1.117746942793791f,1.4455833858157447f,0f,0f,0f,1f], start_interpolation: 0, interpolation_duration: 1 }
$data merge entity $(bone_neck) { transformation: [-0.7855489446537909f,0.31402711813649165f,0.5331977350178878f,-0.5140437578904716f,0.03670795904752764f,0.8837956434927744f,-0.4664309019412821f,0.37627616616275905f,-0.6177097872754491f,-0.3468317021526189f,-0.7057920296277342f,1.5494909389180926f,0f,0f,0f,1f], start_interpolation: 0, interpolation_duration: 1 }
$data merge entity $(bone_right_arm2) { transformation: [-0.41259784958147694f,0.5707645019574431f,-0.7099231633254498f,-1.511337095870351f,-0.3216766720365104f,-0.8204363891847837f,-0.47266081915994423f,1.3728415802096f,-0.8522248137599939f,0.033346883013350426f,0.5221119154022801f,-0.08540774220095004f,0f,0f,0f,1f], start_interpolation: 0, interpolation_duration: 1 }
$data merge entity $(bone_right_arm1) { transformation: [-0.4684704750456352f,0.6480555282641801f,-0.8060585916924377f,-1.121344033843242f,-0.3652370547081211f,-0.931537150220223f,-0.5366669717545199f,0.07158846624351928f,-0.967630257289993f,0.03786260675474162f,0.5928145706130055f,0.583632237893138f,0f,0f,0f,1f], start_interpolation: 0, interpolation_duration: 1 }
$data merge entity $(bone_left_arm2) { transformation: [-0.8145414650570771f,-0.22852215882593327f,0.5331977350178878f,-0.049695372643151214f,-0.5084049328083493f,0.7238553985502767f,-0.4664309019412821f,-0.44022041169494686f,-0.2793682623327288f,-0.6510076688604791f,-0.7057920296277342f,2.7055379163054423f,0f,0f,0f,1f], start_interpolation: 0, interpolation_duration: 1 }
$data merge entity $(bone_left_arm1) { transformation: [-0.9248439551168895f,-0.2594678678336117f,0.6054015949682267f,-0.23760147110772728f,-0.5772514341261465f,0.8218774837706265f,-0.5295934199124973f,0.030292012315050687f,-0.3171993811902858f,-0.7391649573520023f,-0.8013680336398231f,1.2785557485780183f,0f,0f,0f,1f], start_interpolation: 0, interpolation_duration: 1 }
$data merge entity $(bone_body2) { transformation: [-1.243785829035169f,0.49720960371611184f,0.8442297471116558f,0.23280129131421134f,0.058120935158585435f,1.399343102196893f,-0.7385155947403634f,-0.3494554830961324f,-0.9780404965194612f,-0.54915019507498f,-1.1175040469105793f,0.5565918777127632f,0f,0f,0f,1f], start_interpolation: 0, interpolation_duration: 1 }
$data merge entity $(bone_right_leg2) { transformation: [-0.9310160084404184f,1.3877787807814457e-17f,0.36497834460097894f,-0.7297960032536529f,0f,0.9999999999999999f,-4.163336342344337e-17f,-2.528175687069334f,-0.3649783446009789f,-1.3877787807814457e-17f,-0.9310160084404184f,-1.0977706838140229f,0f,0f,0f,1f], start_interpolation: 0, interpolation_duration: 1 }
$data merge entity $(bone_right_leg1) { transformation: [-1.2413546779205578f,-0.045387070771220596f,0.48451662013736363f,-0.5431565186084129f,0f,1.3275215565654248f,0.1243555170946952f,-1.1260873332163046f,-0.48663779280130515f,0.11577697715304738f,-1.235943820712153f,-0.5464074181161158f,0f,0f,0f,1f], start_interpolation: 0, interpolation_duration: 1 }
$data merge entity $(bone_left_leg2) { transformation: [-0.9789644165379323f,0.01200348216074179f,0.2036776560365982f,0.7641012454346467f,0.0038189183614929373f,0.9991710455414389f,-0.04052946599914814f,-2.484983328446453f,-0.20399531125762244f,-0.03889907669398596f,-0.9781987399384962f,0.571253672061316f,0f,0f,0f,1f], start_interpolation: 0, interpolation_duration: 1 }
$data merge entity $(bone_left_leg1) { transformation: [-1.2413546779205578f,0.2776272557050402f,0.39967417764000507f,0.6206134919421101f,0f,1.0950627168769647f,-0.7606677486812613f,-1.1260873332163046f,-0.48663779280130515f,-0.7081938511265872f,-1.0195209196587118f,-0.09018448736489226f,0f,0f,0f,1f], start_interpolation: 0, interpolation_duration: 1 }
$data merge entity $(bone_tail3) { transformation: [-0.3098526449999345f,0.0677838541929254f,0.9483652711362309f,2.7030551656777684f,-0.14400444409675353f,0.9826026685391248f,-0.11728050076707469f,-1.1106156759704806f,-0.9398159705319598f,-0.17290848704023482f,-0.29470085958905423f,-2.4390662136346655f,0f,0f,0f,1f], start_interpolation: 0, interpolation_duration: 1 }
$data merge entity $(bone_tail2) { transformation: [-0.47768949437489894f,0.10450010854742665f,1.4620631263350226f,0.87342922901117f,-0.22200685131582834f,1.514845780664484f,-0.18080743868257346f,-1.0929532928953958f,-1.4488829545701045f,-0.2665672508536953f,-0.4543304918664586f,-1.9715587569016395f,0f,0f,0f,1f], start_interpolation: 0, interpolation_duration: 1 }
$data merge entity $(bone_tail1) { transformation: [-0.7955242162408744f,0.0677838541929254f,0.6021184023803746f,0.3331189535121313f,-0.0513618024841847f,0.9826026685391248f,-0.17847678007339335f,-0.8969014887568922f,-0.6037409929927883f,-0.17290848704023482f,-0.7782027168351052f,-1.0692507461402416f,0f,0f,0f,1f], start_interpolation: 0, interpolation_duration: 1 }
$data merge entity $(bone_body1) { transformation: [-1.2413546779205578f,0.09037847225723386f,0.47817159381855223f,0.5f,0f,1.3101368913854996f,-0.24762694443157232f,-1.1875f,-0.48663779280130515f,-0.23054464938697974f,-1.219758419128266f,-0.12499999999999994f,0f,0f,0f,1f], start_interpolation: 0, interpolation_duration: 1 }
data modify entity @s data merge value {"locators":{"hitbox_head":{"posx":-1.0450191069522419,"posy":1.0579720715566057,"posz":1.6868326629438621,"roty":1.6991539459894511,"rotx":6.2848704416042205},"hitbox_neck":{"posx":-1.0912281163957873,"posy":0.12151064211939272,"posz":1.458921937291067,"roty":37.069592423391185,"rotx":-27.8028669352822},"hitbox_right_arm":{"posx":-1.7529273817639115,"posy":2.4095035869720736,"posz":-0.43307463377544014,"roty":233.6674336517489,"rotx":-28.207155149011147},"hitbox_left_arm":{"posx":-0.036863239760094535,"posy":-0.8990850509740607,"posz":3.726902116375584,"roty":37.069592423391185,"rotx":-27.8028669352822},"hitbox_tail1":{"posx":1.5133240428976267,"posy":-1.892535083065009,"posz":-1.9270072362724433,"roty":72.7375688376055,"rotx":-6.735178392400603},"hitbox_tail2":{"posx":3.1475443220636836,"posy":-2.4662519601095614,"posz":-2.3778930579132003,"roty":72.7375688376055,"rotx":-6.735178392400603}},"cameras":{}}