# This file was generated by Animated Java via MC-Build. It is not recommended to edit this file directly.
$data merge entity $(bone_jaw) { transformation: [-0.9984954318800896f,0.032516273031860846f,0.044153873020502755f,-1.013312367825989f,0.049303722562457186f,0.8847958727836436f,0.4633631474842542f,1.683532743472194f,-0.024000321999453622f,0.464842936370069f,-0.885067810425153f,1.6979513092861476f,0f,0f,0f,1f], start_interpolation: 0, interpolation_duration: 1 }
$data merge entity $(bone_head) { transformation: [-1.1233073608651007f,0.052161073520146636f,0.032936232867586394f,-1.0059932049665254f,0.055466687882764334f,1.116890032659815f,0.12290281315117929f,1.7108444797280118f,-0.027000362249385325f,0.12434177638422082f,-1.1177813306206266f,1.4495554580371195f,0f,0f,0f,1f], start_interpolation: 0, interpolation_duration: 1 }
$data merge entity $(bone_neck) { transformation: [-0.786420677853504f,0.3130150241282633f,0.5325073822158881f,-0.5126990811256441f,0.03675639611930241f,0.8842796958959199f,-0.4655087397359369f,0.3746932537434967f,-0.6165966954085598f,-0.34651264637268586f,-0.7069211420767112f,1.5516500645750502f,0f,0f,0f,1f], start_interpolation: 0, interpolation_duration: 1 }
$data merge entity $(bone_right_arm2) { transformation: [-0.41457234404789867f,0.5740822152010343f,-0.7060873754292056f,-1.5187459326118278f,-0.320573037503043f,-0.81829933353484f,-0.4770944648206576f,1.3722988383742758f,-0.8516822759554783f,0.028562404070914316f,0.523279552339843f,-0.07702397335111844f,0f,0f,0f,1f], start_interpolation: 0, interpolation_duration: 1 }
$data merge entity $(bone_right_arm1) { transformation: [-0.4707123489710516f,0.6518225151761743f,-0.8017033741852438f,-1.121144238253081f,-0.36398396966491336f,-0.9291107016176827f,-0.5417010069317882f,0.07045759276529706f,-0.9670142508244491f,0.032430229622183955f,0.59414032505253f,0.5863695854616857f,0f,0f,0f,1f], start_interpolation: 0, interpolation_duration: 1 }
$data merge entity $(bone_left_arm2) { transformation: [-0.8149329978404436f,-0.2287358671401789f,0.5325073822158881f,-0.04763741349468864f,-0.5076649460912376f,0.724967527369082f,-0.4655087397359369f,-0.44373067831886986f,-0.2795720149460038f,-0.6496937642797487f,-0.7069211420767112f,2.706138473261851f,0f,0f,0f,1f], start_interpolation: 0, interpolation_duration: 1 }
$data merge entity $(bone_left_arm1) { transformation: [-0.9252885079646702f,-0.25971051581541144f,0.6046177568909562f,-0.236420975667889f,-0.576411240874426f,0.8231402133669784f,-0.5285463815751783f,0.029106647131081853f,-0.3174307253032751f,-0.7376731281926312f,-0.8026500467329324f,1.2800408677963155f,0f,0f,0f,1f], start_interpolation: 0, interpolation_duration: 1 }
$data merge entity $(bone_body2) { transformation: [-1.245166073268048f,0.49560712153641695f,0.8431366885084896f,0.23321684180167856f,0.05819762718889549f,1.4001095185018733f,-0.7370555045819002f,-0.3497430406204076f,-0.9762781010635531f,-0.5486450234234194f,-1.1192918082881262f,0.5571079632380709f,0f,0f,0f,1f], start_interpolation: 0, interpolation_duration: 1 }
$data merge entity $(bone_right_leg2) { transformation: [-0.9313023745837518f,4.163336342344337e-17f,0.3642470138445412f,-0.7306687010559185f,0f,0.9999999999999999f,-6.938893903907228e-17f,-2.5282585230323553f,-0.3642470138445412f,-4.163336342344337e-17f,-0.9313023745837516f,-1.0965256486131527f,0f,0f,0f,1f], start_interpolation: 0, interpolation_duration: 1 }
$data merge entity $(bone_right_leg1) { transformation: [-1.2417364994450022f,-0.045201180895788486f,0.48355464734554643f,-0.543495954211896f,0f,1.327545948123888f,0.12409485645112286f,-1.1260827796920205f,-0.4856626851260549f,0.11556983448656055f,-1.2363466938568148f,-0.5455655342429357f,0f,0f,0f,1f], start_interpolation: 0, interpolation_duration: 1 }
$data merge entity $(bone_left_leg2) { transformation: [-0.9790543417000153f,0.01175130953631609f,0.2032596928132368f,0.7652711037133384f,0.003595202065105052f,0.9991751229869041f,-0.04044932788337091f,-2.4856967701785257f,-0.20356736113743965f,-0.038871330415706895f,-0.9782889906112879f,0.5694528893551178f,0f,0f,0f,1f], start_interpolation: 0, interpolation_duration: 1 }
$data merge entity $(bone_left_leg1) { transformation: [-1.2417364994450022f,0.2765616596049937f,0.3992266175499589f,0.6206320140177938f,0f,1.0960326437167358f,-0.7592695316454368f,-1.1260827796920205f,-0.4856626851260549f,-0.7071095177704882f,-1.0207378037147032f,-0.09025676693725915f,0f,0f,0f,1f], start_interpolation: 0, interpolation_duration: 1 }
$data merge entity $(bone_tail3) { transformation: [-0.31233816513145424f,0.06750747511719636f,0.9475693174673913f,2.699815079387408f,-0.14348667676961002f,0.9826755249276721f,-0.11730467295780492f,-1.1100023560167265f,-0.9390721187384543f,-0.17260229868522967f,-0.29724064711382414f,-2.4444418807480184f,0f,0f,0f,1f], start_interpolation: 0, interpolation_duration: 1 }
$data merge entity $(bone_tail2) { transformation: [-0.4815213379109919f,0.10407402413901104f,1.4608360310955615f,0.8714226869101429f,-0.22120862668648208f,1.514958100930161f,-0.18084470414328258f,-1.0922435897409821f,-1.447736183055117f,-0.2660952104730624f,-0.4582459976338122f,-1.9721367512484245f,0f,0f,0f,1f], start_interpolation: 0, interpolation_duration: 1 }
$data merge entity $(bone_tail1) { transformation: [-0.7963450025532859f,0.06750747511719636f,0.60106353883072f,0.3323358022216637f,-0.05115016318607306f,0.9826755249276721f,-0.17813610951786898f,-0.8965802029799873f,-0.6026759475161135f,-0.17260229868522967f,-0.7790957250390541f,-1.0690130499549153f,0f,0f,0f,1f], start_interpolation: 0, interpolation_duration: 1 }
$data merge entity $(bone_body1) { transformation: [-1.2417364994450022f,0.09000996682292847f,0.47724883404402874f,0.5f,0f,1.310234033236896f,-0.24711243579705572f,-1.1875f,-0.4856626851260549f,-0.23013639824697288f,-1.2202240664139676f,-0.12499999999999994f,0f,0f,0f,1f], start_interpolation: 0, interpolation_duration: 1 }
data modify entity @s data merge value {"locators":{"hitbox_head":{"posx":-1.0441205327187142,"posy":1.0562103468194537,"posz":1.690971507440504,"roty":1.6877731110327545,"rotx":6.271907081492876},"hitbox_neck":{"posx":-1.0898534768774808,"posy":0.11965515830917,"posz":1.4616591020201164,"roty":36.989871204526025,"rotx":-27.743151779174074},"hitbox_right_arm":{"posx":-1.7656952316012529,"posy":2.4091095894755044,"posz":-0.42045629583917166,"roty":233.4579500806104,"rotx":-28.495808247154795},"hitbox_left_arm":{"posx":-0.034221925097426054,"posy":-0.904214776689281,"posz":3.726766059514081,"roty":36.989871204526025,"rotx":-27.743151779174074},"hitbox_tail1":{"posx":1.511288256972509,"posy":-1.8919613614990258,"posz":-1.9296539572829494,"roty":72.58401104101797,"rotx":-6.736572983211363},"hitbox_tail2":{"posx":3.144219259371495,"posy":-2.465747861023061,"posz":-2.3850992277251803,"roty":72.58401104101797,"rotx":-6.736572983211363}},"cameras":{}}