# This file was generated by Animated Java via MC-Build. It is not recommended to edit this file directly.
$data merge entity $(bone_jaw) { transformation: [-0.9992138661972593f,0.019981614636641366f,0.034240103324008335f,-1.000951625505606f,0.03309358912285723f,0.8959620143735406f,0.44289601844978804f,1.642581319656248f,-0.021828054381770157f,0.4436809708295143f,-0.895918931692866f,1.789821382717488f,0f,0f,0f,1f], start_interpolation: 0, interpolation_duration: 1 }
$data merge entity $(bone_head) { transformation: [-1.1241155994719167f,0.0344569902855108f,0.028316688442649278f,-0.994659028073906f,0.03723028776321438f,1.1182564246201485f,0.11722403537172058f,1.668631105294408f,-0.024556561179491426f,0.11806898244766229f,-1.1185176309235416f,1.5412619091789233f,0f,0f,0f,1f], start_interpolation: 0, interpolation_duration: 1 }
$data merge entity $(bone_neck) { transformation: [-0.8061510844612074f,0.28984492999694944f,0.5158588426857514f,-0.48040841428288805f,0.03772466667825628f,0.8952131643526441f,-0.4440385567647705f,0.3378234574592196f,-0.5905059513214357f,-0.33850156118515806f,-0.7326113666393506f,1.6009260582043991f,0f,0f,0f,1f], start_interpolation: 0, interpolation_duration: 1 }
$data merge entity $(bone_right_arm2) { transformation: [-0.46007076490499366f,0.6425283695781538f,-0.6127741717525089f,-1.6810534924539513f,-0.295311560189038f,-0.761595665826486f,-0.5768562422415375f,1.3478831072576467f,-0.8373326541455612f,-0.08443539590450555f,0.5401339558109626f,0.12733340483798217f,0f,0f,0f,1f], start_interpolation: 0, interpolation_duration: 1 }
$data merge entity $(bone_right_arm1) { transformation: [-0.5223720143192114f,0.7295374196251955f,-0.6957540075106611f,-1.1152451364296638f,-0.3353016672979702f,-0.8647284122404891f,-0.6549721917117457f,0.04398499187840116f,-0.9507214510611058f,-0.095869355766574f,0.6132770956603637f,0.6495204967538433f,0f,0f,0f,1f], start_interpolation: 0, interpolation_duration: 1 }
$data merge entity $(bone_left_arm2) { transformation: [-0.8243703386671403f,-0.23303046828417473f,0.5158588426857514f,0.000490099699201052f,-0.48992657122393385f,0.7502011163114991f,-0.4440385567647705f,-0.5247156620102207f,-0.28352336682288515f,-0.6187851694540187f,-0.7326113666393506f,2.718266593595563f,0f,0f,0f,1f], start_interpolation: 0, interpolation_duration: 1 }
$data merge entity $(bone_left_arm1) { transformation: [-0.9360038220283153f,-0.26458667753099f,0.5857147276327802f,-0.20832516641080556f,-0.5562707944105082f,0.8517908508120144f,-0.5041687779933332f,0.001544741865362853f,-0.3219171560801508f,-0.7025789944842503f,-0.8318191558717625f,1.3138396919904585f,0f,0f,0f,1f], start_interpolation: 0, interpolation_duration: 1 }
$data merge entity $(bone_body2) { transformation: [-1.2764058837302452f,0.45892113916183663f,0.8167765009191065f,0.24302336395307034f,0.05973072224057245f,1.4174208435583533f,-0.7030610482108867f,-0.35643279066217826f,-0.9349677562589399f,-0.5359608052098337f,-1.1599679971789718f,0.5689535662344052f,0f,0f,0f,1f], start_interpolation: 0, interpolation_duration: 1 }
$data merge entity $(bone_right_leg2) { transformation: [-0.937767774086646f,0f,0.347263015428619f,-0.7505280749725681f,3.469446951953614e-18f,1f,8.326672684688674e-17f,-2.5301627977267724f,-0.347263015428619f,8.326672684688674e-17f,-0.9377677740866461f,-1.0674990746456066f,0f,0f,0f,1f], start_interpolation: 0, interpolation_duration: 1 }
$data merge entity $(bone_right_leg1) { transformation: [-1.250357032115528f,-0.04099861591867067f,0.4611986378013053f,-0.5511602232120736f,4.625929269271485e-18f,1.3280960462549058f,0.11806214338162971f,-1.1259800627132717f,-0.4630173539048253f,0.11071487340288935f,-1.2454456730697385f,-0.5260096413466644f,0f,0f,0f,1f], start_interpolation: 0, interpolation_duration: 1 }
$data merge entity $(bone_left_leg2) { transformation: [-0.9810540318930244f,0.006168359654132705f,0.19363609644283267f,0.7916792444863567f,-0.001329716033037956f,0.9992550670709885f,-0.03856867625710425f,-2.5015868133786774f,-0.1937297560048849f,-0.03809543636882379f,-0.9803150102727982f,0.5271644807789985f,0f,0f,0f,1f], start_interpolation: 0, interpolation_duration: 1 }
$data merge entity $(bone_left_leg1) { transformation: [-1.250357032115528f,0.252312858371106f,0.3882309770196454f,0.6210494943962338f,4.625929269271485e-18f,1.117973869288846f,-0.7265756707770386f,-1.1259800627132717f,-0.4630173539048253f,-0.6813592494900954f,-1.048399866890036f,-0.0919308720608906f,0f,0f,0f,1f], start_interpolation: 0, interpolation_duration: 1 }
$data merge entity $(bone_tail3) { transformation: [-0.3692649997878294f,0.06125636216644872f,0.9273030885453942f,2.621068717502345f,-0.13162322834742063f,0.9843189965876524f,-0.11743695634713866f,-1.0949676667716295f,-0.9199558063793594f,-0.16541998383148832f,-0.35541179392092925f,-2.567206217823282f,0f,0f,0f,1f], start_interpolation: 0, interpolation_duration: 1 }
$data merge entity $(bone_tail2) { transformation: [-0.5692835413395703f,0.0944368916732751f,1.4295922615074825f,0.8247317336000426f,-0.20291914370227346f,1.517491786405964f,-0.18104864103517207f,-1.075786089024357f,-1.4182652015015123f,-0.2550224750735445f,-0.5479265156280992f,-1.9847873330505557f,0f,0f,0f,1f], start_interpolation: 0, interpolation_duration: 1 }
$data merge entity $(bone_tail1) { transformation: [-0.8149383631344256f,0.06125636216644872f,0.57630124274195f,0.3142789585785239f,-0.046368370913939326f,0.9843189965876524f,-0.1701942629334618f,-0.8891586382933113f,-0.5776897423968774f,-0.16541998383148832f,-0.7993189541594894f,-1.0632997264564885f,0f,0f,0f,1f], start_interpolation: 0, interpolation_duration: 1 }
$data merge entity $(bone_body1) { transformation: [-1.250357032115528f,0.08167514955526495f,0.4557567771982676f,0.5f,4.625929269271485e-18f,1.3124253287835366f,-0.23519679875628308f,-1.1875f,-0.4630173539048253f,-0.2205599784419844f,-1.2307501792282718f,-0.12499999999999994f,0f,0f,0f,1f], start_interpolation: 0, interpolation_duration: 1 }
data modify entity @s data merge value {"locators":{"hitbox_head":{"posx":-1.0216675472443701,"posy":1.0148153040132921,"posz":1.786367371964539,"roty":1.4502053560266575,"rotx":5.981027708720255},"hitbox_neck":{"posx":-1.0566581605980667,"posy":0.07648567376170251,"posz":1.5241875888180343,"roty":35.1507973220437,"rotx":-26.361842301162277},"hitbox_right_arm":{"posx":-2.045949198962413,"posy":2.3794499216930864,"posz":-0.11063146804709115,"roty":228.60521659884802,"rotx":-35.22972988267478},"hitbox_left_arm":{"posx":0.02711429280719635,"posy":-1.0222770892378388,"posz":3.7210776567956874,"roty":35.1507973220437,"rotx":-26.361842301162284},"hitbox_tail1":{"posx":1.4624684603236433,"posy":-1.8783103404103265,"posz":-1.9900734777001583,"roty":69.02943670462217,"rotx":-6.744205014511328},"hitbox_tail2":{"posx":3.062277729465665,"posy":-2.452944637738189,"posz":-2.5500116231249765,"roty":69.02943670462217,"rotx":-6.744205014511328}},"cameras":{}}