# This file was generated by Animated Java via MC-Build. It is not recommended to edit this file directly.
$data merge entity $(bone_jaw) { transformation: [-0.9988823148196191f,-0.046603134712856244f,0.007891069353039397f,-0.4536558488024639f,-0.04482941149790971f,0.9869993045208448f,0.15434602923340635f,0.9748528062682035f,-0.014981488756134587f,0.1538197669686956f,-0.9879853411282709f,2.897298370082884f,0f,0f,0f,1f], start_interpolation: 0, interpolation_duration: 1 }
$data merge entity $(bone_head) { transformation: [-1.1237426041720715f,-0.05113329246129919f,0.014592668386487272f,-0.45041303360546675f,-0.050433087935148425f,1.1227382519723559f,0.0504015991748695f,0.9860531616403967f,-0.01685417485065141f,0.04969108531845387f,-1.1237756594756703f,2.6475704457549574f,0f,0f,0f,1f], start_interpolation: 0, interpolation_duration: 1 }
$data merge entity $(bone_neck) { transformation: [-0.9809124374937257f,0.04916355245355221f,0.18813222764923693f,0.14066434562450186f,0.02287431133061084f,0.9899667179340832f,-0.1394369508558243f,-0.1905161544002294f,-0.1930998597909066f,-0.13247204419410946f,-0.9721952487313267f,2.094963283012449f,0f,0f,0f,1f], start_interpolation: 0, interpolation_duration: 1 }
$data merge entity $(bone_right_arm2) { transformation: [-0.9377305335867837f,0.22010463766861876f,0.2687292221843613f,-1.5803139183823376f,-0.040776850035905046f,0.6985250404053903f,-0.7144228554769206f,-0.7980676818090402f,-0.3449618745313678f,-0.6808940566662436f,-0.6460530850606558f,2.6502904227058037f,0f,0f,0f,1f], start_interpolation: 0, interpolation_duration: 1 }
$data merge entity $(bone_right_arm1) { transformation: [-1.0647148766766605f,0.24991047401957753f,0.30511963768849354f,-0.8136344494446572f,-0.04629871514493385f,0.7931169729602868f,-0.8111676171560869f,-0.35967651378112797f,-0.39167546170749046f,-0.7730984601731307f,-0.7335394403292862f,1.4202560631432108f,0f,0f,0f,1f], start_interpolation: 0, interpolation_duration: 1 }
$data merge entity $(bone_left_arm2) { transformation: [-0.972135847066981f,-0.13985049076459802f,0.18813222764923693f,0.6478973575639002f,-0.1673881084643319f,0.9759808183979659f,-0.1394369508558243f,-1.5182132505669124f,-0.16411311950022855f,-0.1670427560600506f,-0.9721952487313267f,2.576406606083405f,0f,0f,0f,1f], start_interpolation: 0, interpolation_duration: 1 }
$data merge entity $(bone_left_arm1) { transformation: [-1.103779243023968f,-0.1587885780556373f,0.21360846681007106f,0.2898920427357841f,-0.19005524815221014f,1.1081448875560236f,-0.1583190379508838f,-0.38541011402806513f,-0.1863367710992178f,-0.18966312927651574f,-1.1038466886636937f,1.6374934054079806f,0f,0f,0f,1f], start_interpolation: 0, interpolation_duration: 1 }
$data merge entity $(bone_body2) { transformation: [-1.5531113593650658f,0.077842291384791f,0.29787602711129185f,0.4080317008419329f,0.0362176596068005f,1.5674473033956318f,-0.2207751721883885f,-0.45282969112635707f,-0.3057414446689355f,-0.20974740330734f,-1.5393091438246007f,0.7057121157232984f,0f,0f,0f,1f], start_interpolation: 0, interpolation_duration: 1 }
$data merge entity $(bone_right_leg2) { transformation: [-0.9939273926548057f,-3.469446951953614e-18f,0.11003789406572527f,-0.9517786377933939f,0f,1f,4.5102810375396984e-17f,-2.5534357888318784f,-0.11003789406572527f,3.469446951953614e-17f,-0.9939273926548059f,-0.6433436516151265f,0f,0f,0f,1f], start_interpolation: 0, interpolation_duration: 1 }
$data merge entity $(bone_right_leg1) { transformation: [-1.3252365235397408f,-0.004043790361547606f,0.14666145442341505f,-0.6177893554118732f,0f,1.3328268017907963f,0.03674907081675214f,-1.125094956623852f,-0.14671719208763367f,0.03652590813938126f,-1.3247330679643698f,-0.25221563382355994f,0f,0f,0f,1f], start_interpolation: 0, interpolation_duration: 1 }
$data merge entity $(bone_left_leg2) { transformation: [-0.9977163797218674f,-0.01896813179933838f,0.06482465280071524f,1.002988693781849f,-0.01973057338404426f,0.9997432509391286f,-0.011141663951108577f,-2.5952751467913915f,-0.06459667258169878f,-0.0123952481905574f,-0.997834469094783f,-0.12440239628249379f,0f,0f,0f,1f], start_interpolation: 0, interpolation_duration: 1 }
$data merge entity $(bone_left_leg1) { transformation: [-1.3252365235397408f,0.026147536139924543f,0.14436842039688227f,0.6246198854066338f,0f,1.3119882166288235f,-0.2376230148889137f,-1.125094956623852f,-0.14671719208763367f,-0.23618002362331206f,-1.3040210273477149f,-0.11466826624140337f,0f,0f,0f,1f], start_interpolation: 0, interpolation_duration: 1 }
$data merge entity $(bone_tail3) { transformation: [-0.9315977380074169f,0.006063381196530681f,0.3634403526686737f,0.9680174232161345f,-0.014265392932560055f,0.9984806940183685f,-0.05322407572778347f,-0.7617039860562891f,-0.3632108934268685f,-0.05476804799390537f,-0.9300958594763195f,-3.7222275744714315f,0f,0f,0f,1f], start_interpolation: 0, interpolation_duration: 1 }
$data merge entity $(bone_tail2) { transformation: [-1.4362131794281008f,0.0093477126779848f,0.5603038770308719f,0.16898016073709468f,-0.021992480771030082f,1.539324403278318f,-0.08205378341366618f,-0.8509071483117092f,-0.5599501273664222f,-0.0844340739906041f,-1.4338977833593256f,-2.0134301906328336f,0f,0f,0f,1f], start_interpolation: 0, interpolation_duration: 1 }
$data merge entity $(bone_tail1) { transformation: [-0.9814552854279128f,0.006063381196530681f,0.19159529773478184f,0.08809206757237809f,-0.004551571570490347f,0.9984806940183685f,-0.05491435940476651f,-0.7919916949978335f,-0.19163717254711532f,-0.05476804799390537f,-0.9799365566285833f,-0.9482929526465746f,0f,0f,0f,1f], start_interpolation: 0, interpolation_duration: 1 }
$data merge entity $(bone_body1) { transformation: [-1.3252365235397408f,0.008084508262040907f,0.14649428378008675f,0.5f,0f,1.3313075920244912f,-0.07347021978821276f,-1.1875f,-0.14671719208763367f,-0.07302406399187382f,-1.3232230837624503f,-0.12499999999999994f,0f,0f,0f,1f], start_interpolation: 0, interpolation_duration: 1 }
data modify entity @s data merge value {"locators":{"hitbox_head":{"posx":-0.42605916790099146,"posy":0.3483092441071798,"posz":2.9321241926546135,"roty":0.7439663901474489,"rotx":2.567791854510764},"hitbox_neck":{"posx":-0.3917447337485977,"posy":-0.5328868991032272,"posz":2.1696147757812025,"roty":10.952097430337915,"rotx":-8.01526633965502},"hitbox_right_arm":{"posx":-1.993391325492311,"posy":-1.1419298476032143,"posz":3.632650904744165,"roty":22.585128520242733,"rotx":-45.595920023390235},"hitbox_left_arm":{"posx":0.7544402249455661,"posy":-2.4140138367579453,"posz":3.239804056477883,"roty":10.952097430337915,"rotx":-8.015266339655016},"hitbox_tail1":{"posx":0.530747584550337,"posy":-1.6345760467717667,"posz":-2.5663936963490155,"roty":21.343361198303455,"rotx":-3.0509565249367063},"hitbox_tail2":{"posx":1.1644944337718168,"posy":-2.102148439552276,"posz":-4.173523432434861,"roty":21.343361198303455,"rotx":-3.0509565249367063}},"cameras":{}}