# This file was generated by Animated Java via MC-Build. It is not recommended to edit this file directly.
$data merge entity $(bone_jaw) { transformation: [-1f,-1.1507915602278505e-16f,4.1885387376769936e-17f,-5.10071707925513e-16f,0f,0.3420201433256687f,0.9396926207859084f,-0.28404537524453555f,-1.2246467991473532e-16f,0.9396926207859084f,-0.3420201433256687f,3.507877788834886f,0f,0f,0f,1f], start_interpolation: 0, interpolation_duration: 1 }
$data merge entity $(bone_head) { transformation: [-1.125f,-1.2946405052563318e-16f,4.712106079886618e-17f,-4.996003610813204e-16f,0f,0.3847726612413773f,1.057154198384147f,-0.04912222004805844f,-1.3777276490407724e-16f,1.057154198384147f,-0.3847726612413773f,3.4223727530034687f,0f,0f,0f,1f], start_interpolation: 0, interpolation_duration: 1 }
$data merge entity $(bone_neck) { transformation: [-1f,-6.123233995736767e-17f,1.060575238724907e-16f,0.4999999999999997f,0f,0.8660254037844386f,0.5f,-0.5630242115690245f,-1.2246467991473532e-16f,0.5f,-0.8660254037844386f,2.1874771124286125f,0f,0f,0f,1f], start_interpolation: 0, interpolation_duration: 1 }
$data merge entity $(bone_right_arm2) { transformation: [-0.9998723663613894f,-0.0012320756531928184f,-0.015928997974139852f,-0.6529069896608432f,-0.0013420869723711065f,0.9999753112660525f,0.006897511212009211f,-1.546021814977725f,0.015920106451714863f,0.006918008958219868f,-0.9998493343312381f,2.891374025603761f,0f,0f,0f,1f], start_interpolation: 0, interpolation_duration: 1 }
$data merge entity $(bone_right_arm1) { transformation: [-1.118167136232611f,-0.09858151752966351f,-0.1707481970486191f,-0.5625000000000003f,-0.01718389076297823f,1.028285268712682f,-0.48114979683169107f,-0.6439706774566636f,0.19641277018577852f,-0.4712558726365967f,-1.0141552805946004f,1.6784852955392826f,0f,0f,0f,1f], start_interpolation: 0, interpolation_duration: 1 }
$data merge entity $(bone_left_arm2) { transformation: [-0.9998723663613894f,0.0012320756531927907f,0.01592899797414009f,0.6529069896608424f,0.0013420869723711065f,0.9999753112660525f,0.006897511212009211f,-1.546021814977725f,-0.015920106451715085f,0.006918008958219868f,-0.9998493343312381f,2.8913740256037617f,0f,0f,0f,1f], start_interpolation: 0, interpolation_duration: 1 }
$data merge entity $(bone_left_arm1) { transformation: [-1.118167136232611f,0.09858151752966361f,0.17074819704861935f,0.5624999999999998f,0.01718389076297823f,1.028285268712682f,-0.48114979683169107f,-0.6439706774566636f,-0.19641277018577877f,-0.4712558726365967f,-1.0141552805946004f,1.6784852955392828f,0f,0f,0f,1f], start_interpolation: 0, interpolation_duration: 1 }
$data merge entity $(bone_body2) { transformation: [-1.5833333333333335f,-1.689970855234471e-17f,1.9316455265472322e-16f,0.4999999999999999f,0f,1.5773082719785974f,0.13799659268379214f,-0.5f,-1.9390240986499761e-16f,0.13799659268379214f,-1.5773082719785974f,0.75f,0f,0f,0f,1f], start_interpolation: 0, interpolation_duration: 1 }
$data merge entity $(bone_right_leg2) { transformation: [-1f,-8.07465741993502e-17f,9.207382137006919e-17f,-0.9999999999999998f,0f,0.7518398074789774f,0.659345815100069f,-1.9997241560322585f,-1.2246467991473532e-16f,0.659345815100069f,-0.7518398074789774f,-1.3077595490435296f,0f,0f,0f,1f], start_interpolation: 0, interpolation_duration: 1 }
$data merge entity $(bone_right_leg1) { transformation: [-1.3333333333333333f,-1.0766209893246693e-16f,1.2276509516009224e-16f,-0.625f,0f,1.0024530766386364f,0.8791277534667585f,-1.125f,-1.6328623988631375e-16f,0.8791277534667585f,-1.0024530766386364f,-0.12500000000000008f,0f,0f,0f,1f], start_interpolation: 0, interpolation_duration: 1 }
$data merge entity $(bone_left_leg2) { transformation: [-1f,8.07465741993502e-17f,9.207382137006919e-17f,1f,0f,0.7518398074789774f,-0.659345815100069f,-2.411815290469802f,-1.2246467991473532e-16f,-0.659345815100069f,-0.7518398074789774f,0.5878596693691688f,0f,0f,0f,1f], start_interpolation: 0, interpolation_duration: 1 }
$data merge entity $(bone_left_leg1) { transformation: [-1.3333333333333333f,1.0766209893246693e-16f,1.2276509516009224e-16f,0.625f,0f,1.0024530766386364f,-0.8791277534667585f,-1.125f,-1.6328623988631375e-16f,-0.8791277534667585f,-1.0024530766386364f,-0.12499999999999993f,0f,0f,0f,1f], start_interpolation: 0, interpolation_duration: 1 }
$data merge entity $(bone_tail3) { transformation: [-1f,-1.0673500138322974e-17f,1.2199866483456202e-16f,4.579669976578771e-16f,0f,0.9961946980917455f,0.08715574274765818f,-0.30719349978655186f,-1.2246467991473532e-16f,0.08715574274765818f,-0.9961946980917455f,-3.784980223879317f,0f,0f,0f,1f], start_interpolation: 0, interpolation_duration: 1 }
$data merge entity $(bone_tail2) { transformation: [-1.5416666666666665f,-1.6454979379914583e-17f,1.880812749532831e-16f,-0.12499999999999976f,0f,1.5358001595581077f,0.13436510340263969f,-0.6573970233306132f,-1.8879971486855027e-16f,0.13436510340263969f,-1.5358001595581077f,-1.9334568667224796f,0f,0f,0f,1f], start_interpolation: 0, interpolation_duration: 1 }
$data merge entity $(bone_tail1) { transformation: [-1f,-1.0673500138322974e-17f,1.2199866483456202e-16f,1.1102230246251565e-16f,0f,0.9961946980917455f,0.08715574274765818f,-0.75f,-1.2246467991473532e-16f,0.08715574274765818f,-0.9961946980917455f,-0.875f,0f,0f,0f,1f], start_interpolation: 0, interpolation_duration: 1 }
data modify entity @s data merge value {"locators":{"head":{"posx":-4.407650721223204e-16,"posy":-0.5565387536221978,"posz":2.9419461598015473,"roty":0,"rotx":70.00000000000001},"neck":{"posx":-2.7755575615628914e-16,"posy":-0.950283737988189,"posz":2.108230287901667,"roty":0,"rotx":30.000000000000007},"right_arm":{"posx":-0.7062024379181673,"posy":-2.5495297622855553,"posz":3.3853756904643926,"roty":359.08727533046,"rotx":0.39520141529595615},"left_arm":{"posx":0.7062024379181664,"posy":-2.5495297622855553,"posz":3.385375690464393,"roty":0.9127246695400402,"rotx":0.39520141529595615},"tail1":{"posx":3.191891195797325e-16,"posy":-1.3446234737604075,"posz":-2.6837075287212984,"roty":0,"rotx":5.000000000000001},"tail2":{"posx":5.406002155588671e-16,"posy":-1.56567393573641,"posz":-4.459731653912225,"roty":0,"rotx":5.000000000000001}},"cameras":{}}