# This file was generated by Animated Java via MC-Build. It is not recommended to edit this file directly.
$data merge entity $(bone_jaw) { transformation: [-1f,-2.6631398286414326e-17f,1.195339552258225e-16f,-4.1846154742526043e-16f,0f,0.976068816813523f,0.2174618698628547f,0.4836024550528524f,-1.2246467991473532e-16f,0.2174618698628547f,-0.976068816813523f,3.326619844771902f,0f,0f,0f,1f], start_interpolation: 0, interpolation_duration: 1 }
$data merge entity $(bone_head) { transformation: [-1.125f,-2.9960323072216116e-17f,1.3447569962905032e-16f,-3.885780586188048e-16f,0f,1.0980774189152134f,0.24464460359571155f,0.5379679225185661f,-1.3777276490407724e-16f,0.24464460359571155f,-1.0980774189152134f,3.0826026405685214f,0f,0f,0f,1f], start_interpolation: 0, interpolation_duration: 1 }
$data merge entity $(bone_neck) { transformation: [-1f,-9.736312130175743e-18f,1.2207703327293944e-16f,0.4999999999999997f,0f,0.9968346249541846f,0.07950302190765976f,-0.45657266119528167f,-1.2246467991473532e-16f,0.07950302190765976f,-0.9968346249541846f,2.188202547016358f,0f,0f,0f,1f], start_interpolation: 0, interpolation_duration: 1 }
$data merge entity $(bone_right_arm2) { transformation: [-0.9999341174600801f,0.01037823175725085f,-0.004904390372246506f,-0.8539432973391402f,0.010370275123902609f,0.9999448741574575f,0.0016450045838531518f,-1.8390869937449494f,0.004921192252408051f,0.0015940363292977627f,-0.9999866203679905f,2.4675722950336985f,0f,0f,0f,1f], start_interpolation: 0, interpolation_duration: 1 }
$data merge entity $(bone_right_arm1) { transformation: [-1.135017143737408f,-0.0023944673185708133f,-0.030022606363879874f,-0.5625000000000003f,-0.00039948778233909993f,1.1329199958115161f,-0.07525377362225676f,-0.5749296079958462f,0.0301152914004156f,-0.07521673059325568f,-1.132522193869583f,1.68658851895888f,0f,0f,0f,1f], start_interpolation: 0, interpolation_duration: 1 }
$data merge entity $(bone_left_arm2) { transformation: [-0.9999341174600801f,-0.01037823175725085f,0.004904390372246752f,0.8539432973391394f,-0.010370275123902609f,0.9999448741574575f,0.0016450045838531518f,-1.8390869937449494f,-0.0049211922524082935f,0.0015940363292977627f,-0.9999866203679905f,2.4675722950336985f,0f,0f,0f,1f], start_interpolation: 0, interpolation_duration: 1 }
$data merge entity $(bone_left_arm1) { transformation: [-1.135017143737408f,0.002394467318570831f,0.03002260636388015f,0.5624999999999998f,0.00039948778233909993f,1.1329199958115161f,-0.07525377362225676f,-0.5749296079958462f,-0.030115291400415873f,-0.07521673059325568f,-1.132522193869583f,1.6865885189588803f,0f,0f,0f,1f], start_interpolation: 0, interpolation_duration: 1 }
$data merge entity $(bone_body2) { transformation: [-1.5833333333333335f,-2.57194354205287e-18f,1.938853518393538e-16f,0.4999999999999999f,0f,1.5831940439834924f,0.02100151279408526f,-0.5f,-1.9390240986499761e-16f,0.02100151279408526f,-1.5831940439834924f,0.75f,0f,0f,0f,1f], start_interpolation: 0, interpolation_duration: 1 }
$data merge entity $(bone_right_leg2) { transformation: [-1f,-9.532220979565343e-17f,7.688481089455842e-17f,-0.9999999999999999f,0f,0.6278121246720982f,0.7783649119241602f,-1.7842408942398411f,-1.2246467991473532e-16f,0.7783649119241602f,-0.6278121246720982f,-1.440090849851011f,0f,0f,0f,1f], start_interpolation: 0, interpolation_duration: 1 }
$data merge entity $(bone_right_leg1) { transformation: [-1.3333333333333333f,-1.270962797275379e-16f,1.0251308119274455e-16f,-0.625f,0f,0.837082832896131f,1.037819882565547f,-1.125f,-1.6328623988631375e-16f,1.037819882565547f,-0.837082832896131f,-0.12500000000000008f,0f,0f,0f,1f], start_interpolation: 0, interpolation_duration: 1 }
$data merge entity $(bone_left_leg2) { transformation: [-1f,9.532220979565343e-17f,7.688481089455842e-17f,0.9999999999999999f,0f,0.6278121246720982f,-0.7783649119241602f,-2.270718964192441f,-1.2246467991473532e-16f,-0.7783649119241602f,-0.6278121246720982f,0.7977082719309498f,0f,0f,0f,1f], start_interpolation: 0, interpolation_duration: 1 }
$data merge entity $(bone_left_leg1) { transformation: [-1.3333333333333333f,1.270962797275379e-16f,1.0251308119274455e-16f,0.625f,0f,0.837082832896131f,-1.037819882565547f,-1.125f,-1.6328623988631375e-16f,-1.037819882565547f,-0.837082832896131f,-0.12499999999999993f,0f,0f,0f,1f], start_interpolation: 0, interpolation_duration: 1 }
$data merge entity $(bone_tail3) { transformation: [-1f,-1.6243853949807597e-18f,1.2245390642485502e-16f,4.579669976578771e-16f,0f,0.9999120277790478f,0.013264113343632793f,-0.5235531618445073f,-1.2246467991473532e-16f,0.013264113343632793f,-0.9999120277790478f,-3.8097545603490213f,0f,0f,0f,1f], start_interpolation: 0, interpolation_duration: 1 }
$data merge entity $(bone_tail2) { transformation: [-1.5416666666666665f,-2.5042608172620045e-18f,1.8878310573831813e-16f,-0.12499999999999976f,0f,1.5415310428260318f,0.020448841404767222f,-0.7359068795723902f,-1.8879971486855027e-16f,0.020448841404767222f,-1.5415310428260318f,-1.9374065295152383f,0f,0f,0f,1f], start_interpolation: 0, interpolation_duration: 1 }
$data merge entity $(bone_tail1) { transformation: [-1f,-1.6243853949807597e-18f,1.2245390642485502e-16f,1.1102230246251565e-16f,0f,0.9999120277790478f,0.013264113343632793f,-0.75f,-1.2246467991473532e-16f,0.013264113343632793f,-0.9999120277790478f,-0.875f,0f,0f,0f,1f], start_interpolation: 0, interpolation_duration: 1 }
data modify entity @s data merge value {"locators":{"head":{"posx":-4.0928779569786535e-16,"posy":-0.14003192232202788,"posz":3.251710477158463,"roty":0,"rotx":12.560000000000004},"neck":{"posx":-2.7755575615628914e-16,"posy":-0.8403235232915583,"posz":2.2829932419202588,"roty":0,"rotx":4.560000000000001},"right_arm":{"posx":-0.9243652162515228,"posy":-2.8392062279990897,"posz":2.9662791434041713,"roty":359.71899762388057,"rotx":0.09425186244271185},"left_arm":{"posx":0.9243652162515219,"posy":-2.8392062279990897,"posz":2.9662791434041713,"roty":0.2810023761194316,"rotx":0.09425186244271193},"tail1":{"posx":3.191891195797325e-16,"posy":-1.4767218224829284,"posz":-2.634794133621058,"roty":0,"rotx":0.7600000000000001},"tail2":{"posx":5.289793258527703e-16,"posy":-1.828476634548714,"posz":-4.389614224738254,"roty":0,"rotx":0.7600000000000001}},"cameras":{}}