# This file was generated by Animated Java via MC-Build. It is not recommended to edit this file directly.
$data merge entity $(bone_jaw) { transformation: [-1f,-4.1362745269940603e-17f,1.1526804036831973e-16f,-4.173950687108847e-16f,0f,0.9412349785144077f,0.33775244665432475f,0.389077973330146f,-1.2246467991473532e-16f,0.33775244665432475f,-0.9412349785144077f,3.3720444846638356f,0f,0f,0f,1f], start_interpolation: 0, interpolation_duration: 1 }
$data merge entity $(bone_head) { transformation: [-1.125f,-4.653308842868318e-17f,1.296765454143597e-16f,-3.885780586188048e-16f,0f,1.0588893508287087f,0.37997150248611533f,0.47351608499372716f,-1.3777276490407724e-16f,0.37997150248611533f,-1.0588893508287087f,3.136735740035234f,0f,0f,0f,1f], start_interpolation: 0, interpolation_duration: 1 }
$data merge entity $(bone_neck) { transformation: [-1f,-1.6493296875328877e-17f,1.2134895543349702e-16f,0.4999999999999997f,0f,0.9908894182223387f,0.1346779894971526f,-0.46987805540107114f,-1.2246467991473532e-16f,0.1346779894971526f,-0.9908894182223387f,2.188542723888859f,0f,0f,0f,1f], start_interpolation: 0, interpolation_duration: 1 }
$data merge entity $(bone_right_arm2) { transformation: [-0.9998520192763918f,0.015481118485944023f,-0.0075016344449850975f,-0.8360609209619765f,0.01546244945951323f,0.9998772222184433f,0.0025403042025846367f,-1.8108482037637779f,0.007540040161300443f,0.002423934643061232f,-0.9999686356757457f,2.5296386998119282f,0f,0f,0f,1f], start_interpolation: 0, interpolation_duration: 1 }
$data merge entity $(bone_right_arm1) { transformation: [-1.1342657442954405f,-0.006883386986981486f,-0.05064432096436593f,-0.5625000000000003f,-0.0011506306743042064f,1.12822629135883f,-0.12757397258138592f,-0.5835899520108399f,0.05109700883031814f,-0.12739333347837442f,-1.1270896331784381f,1.6858553413443902f,0f,0f,0f,1f], start_interpolation: 0, interpolation_duration: 1 }
$data merge entity $(bone_left_arm2) { transformation: [-0.9998520192763918f,-0.015481118485944023f,0.00750163444498534f,0.8360609209619757f,-0.01546244945951323f,0.9998772222184433f,0.0025403042025846367f,-1.8108482037637779f,-0.007540040161300693f,0.002423934643061232f,-0.9999686356757457f,2.5296386998119287f,0f,0f,0f,1f], start_interpolation: 0, interpolation_duration: 1 }
$data merge entity $(bone_left_arm1) { transformation: [-1.1342657442954405f,0.006883386986981517f,0.05064432096436619f,0.5624999999999998f,0.0011506306743042064f,1.12822629135883f,-0.12757397258138592f,-0.5835899520108399f,-0.051097008830318424f,-0.12739333347837442f,-1.1270896331784381f,1.6858553413443904f,0f,0f,0f,1f], start_interpolation: 0, interpolation_duration: 1 }
$data merge entity $(bone_body2) { transformation: [-1.5833333333333335f,-4.365294942252248e-18f,1.9385326603263787e-16f,0.4999999999999999f,0f,1.5829320434888332f,0.03564533827460731f,-0.5f,-1.9390240986499761e-16f,0.03564533827460731f,-1.5829320434888332f,0.75f,0f,0f,0f,1f], start_interpolation: 0, interpolation_duration: 1 }
$data merge entity $(bone_right_leg2) { transformation: [-1f,-1.0605752387249068e-16f,6.123233995736767e-17f,-0.9999999999999998f,0f,0.5000000000000001f,0.8660254037844386f,-1.573117061317363f,-1.2246467991473532e-16f,0.8660254037844386f,-0.5000000000000001f,-1.5261615179401304f,0f,0f,0f,1f], start_interpolation: 0, interpolation_duration: 1 }
$data merge entity $(bone_right_leg1) { transformation: [-1.3333333333333333f,-1.4141003182998756e-16f,8.164311994315689e-17f,-0.625f,0f,0.6666666666666667f,1.1547005383792515f,-1.125f,-1.6328623988631375e-16f,1.1547005383792515f,-0.6666666666666667f,-0.12500000000000008f,0f,0f,0f,1f], start_interpolation: 0, interpolation_duration: 1 }
$data merge entity $(bone_left_leg2) { transformation: [-1f,1.0605752387249068e-16f,6.123233995736767e-17f,0.9999999999999998f,0f,0.5000000000000001f,-0.8660254037844386f,-2.1143829386826374f,-1.2246467991473532e-16f,-0.8660254037844386f,-0.5000000000000001f,0.9636615179401306f,0f,0f,0f,1f], start_interpolation: 0, interpolation_duration: 1 }
$data merge entity $(bone_left_leg1) { transformation: [-1.3333333333333333f,1.4141003182998756e-16f,8.164311994315689e-17f,0.625f,0f,0.6666666666666667f,-1.1547005383792515f,-1.125f,-1.6328623988631375e-16f,-1.1547005383792515f,-0.6666666666666667f,-0.12499999999999993f,0f,0f,0f,1f], start_interpolation: 0, interpolation_duration: 1 }
$data merge entity $(bone_tail3) { transformation: [-1f,-2.757028384580367e-18f,1.224336417048239e-16f,4.579669976578771e-16f,0f,0.9997465537824209f,0.022512845226067772f,-0.496416038314222f,-1.2246467991473532e-16f,0.022512845226067772f,-0.9997465537824209f,-3.807534343255974f,0f,0f,0f,1f], start_interpolation: 0, interpolation_duration: 1 }
$data merge entity $(bone_tail2) { transformation: [-1.5416666666666665f,-4.2504187595613984e-18f,1.8875186429493683e-16f,-0.12499999999999976f,0f,1.5412759370812321f,0.03470730305685448f,-0.726080101947303f,-1.8879971486855027e-16f,0.03470730305685448f,-1.5412759370812321f,-1.9372307133938222f,0f,0f,0f,1f], start_interpolation: 0, interpolation_duration: 1 }
$data merge entity $(bone_tail1) { transformation: [-1f,-2.757028384580367e-18f,1.224336417048239e-16f,1.1102230246251565e-16f,0f,0.9997465537824209f,0.022512845226067772f,-0.75f,-1.2246467991473532e-16f,0.022512845226067772f,-0.9997465537824209f,-0.875f,0f,0f,0f,1f], start_interpolation: 0, interpolation_duration: 1 }
data modify entity @s data merge value {"locators":{"head":{"posx":-3.9874760544019184e-16,"posy":-0.22030341615725407,"posz":3.2197763916620334,"roty":0,"rotx":19.74},"neck":{"posx":-2.7755575615628914e-16,"posy":-0.8582963359215923,"posz":2.261899655105219,"roty":0,"rotx":7.74},"right_arm":{"posx":-0.9102819734302025,"posy":-2.811029174992294,"posz":3.027670335516821,"roty":359.57018258864105,"rotx":0.14554886602906567},"left_arm":{"posx":0.9102819734302016,"posy":-2.811029174992294,"posz":3.0276703355168215,"roty":0.4298174113589823,"rotx":0.14554886602906578},"tail1":{"posx":3.191891195797325e-16,"posy":-1.4604124361911972,"posz":-2.6414411030387877,"roty":0,"rotx":1.29},"tail2":{"posx":5.304545208716023e-16,"posy":-1.7959199147139864,"posz":-4.3994398891178,"roty":0,"rotx":1.29}},"cameras":{}}