# This file was generated by Animated Java via MC-Build. It is not recommended to edit this file directly.
$data merge entity $(bone_jaw) { transformation: [-1f,-5.613038064112522e-17f,1.0884382479360497e-16f,-4.15789014817206e-16f,0f,0.8887772774108115f,0.45833934061808984f,0.28377003284226615f,-1.2246467991473532e-16f,0.45833934061808984f,-0.8887772774108115f,3.415604955606558f,0f,0f,0f,1f], start_interpolation: 0, interpolation_duration: 1 }
$data merge entity $(bone_head) { transformation: [-1.125f,-6.314667822126587e-17f,1.224493028928056e-16f,-3.885780586188048e-16f,0f,0.999874437087163f,0.5156317581953511f,0.3983548679967886f,-1.3777276490407724e-16f,0.5156317581953511f,-0.999874437087163f,3.193410636253855f,0f,0f,0f,1f], start_interpolation: 0, interpolation_duration: 1 }
$data merge entity $(bone_neck) { transformation: [-1f,-2.3954560825633408e-17f,1.2009902931443537e-16f,0.4999999999999997f,0f,0.9806829969102355f,0.19560383322204822f,-0.48469270172742246f,-1.2246467991473532e-16f,0.19560383322204822f,-0.9806829969102355f,2.1887766284658623f,0f,0f,0f,1f], start_interpolation: 0, interpolation_duration: 1 }
$data merge entity $(bone_right_arm2) { transformation: [-0.9997714996144809f,0.01902875112918548f,-0.009739362868055101f,-0.813278192594822f,0.018996961051282523f,0.9998139417008483f,0.0033462593188402223f,-1.776418186233326f,0.00980122591455699f,0.0031604764002270413f,-0.9999469722737777f,2.59605773775417f,0f,0f,0f,1f], start_interpolation: 0, interpolation_duration: 1 }
$data merge entity $(bone_right_arm1) { transformation: [-1.1329726743902329f,-0.014564181243279874f,-0.07301924851845693f,-0.5625000000000003f,-0.002442676744781173f,1.120154791965356f,-0.1855216491728505f,-0.59322226655837f,0.07441746676559063f,-0.184965222693907f,-1.117774983607358f,1.6849449764653106f,0f,0f,0f,1f], start_interpolation: 0, interpolation_duration: 1 }
$data merge entity $(bone_left_arm2) { transformation: [-0.9997714996144809f,-0.019028751129185482f,0.009739362868055358f,0.8132781925948214f,-0.018996961051282523f,0.9998139417008483f,0.0033462593188402223f,-1.776418186233326f,-0.00980122591455724f,0.0031604764002270413f,-0.9999469722737777f,2.59605773775417f,0f,0f,0f,1f], start_interpolation: 0, interpolation_duration: 1 }
$data merge entity $(bone_left_arm1) { transformation: [-1.1329726743902329f,0.014564181243279921f,0.0730192485184572f,0.5624999999999998f,0.002442676744781173f,1.120154791965356f,-0.1855216491728505f,-0.59322226655837f,-0.07441746676559091f,-0.184965222693907f,-1.117774983607358f,1.6849449764653106f,0f,0f,0f,1f], start_interpolation: 0, interpolation_duration: 1 }
$data merge entity $(bone_body2) { transformation: [-1.5833333333333335f,-6.361221101124221e-18f,1.937980377030586e-16f,0.4999999999999999f,0f,1.5824810699541154f,0.051943312190528335f,-0.5f,-1.9390240986499761e-16f,0.051943312190528335f,-1.5824810699541154f,0.75f,0f,0f,0f,1f], start_interpolation: 0, interpolation_duration: 1 }
$data merge entity $(bone_right_leg2) { transformation: [-1f,-7.375441737046682e-17f,9.776442985545182e-17f,-0.9999999999999998f,0f,0.7983071520990315f,0.6022505217162819f,-2.0843632431060195f,-1.2246467991473532e-16f,0.6022505217162819f,-0.7983071520990315f,-1.2402061099981025f,0f,0f,0f,1f], start_interpolation: 0, interpolation_duration: 1 }
$data merge entity $(bone_right_leg1) { transformation: [-1.3333333333333333f,-9.833922316062242e-17f,1.303525731406024e-16f,-0.625f,0f,1.0644095361320418f,0.8030006956217092f,-1.125f,-1.6328623988631375e-16f,0.8030006956217092f,-1.0644095361320418f,-0.12500000000000008f,0f,0f,0f,1f], start_interpolation: 0, interpolation_duration: 1 }
$data merge entity $(bone_left_leg2) { transformation: [-1f,7.375441737046682e-17f,9.776442985545182e-17f,1f,0f,0.7983071520990315f,-0.6022505217162819f,-2.4607698191786955f,-1.2246467991473532e-16f,-0.6022505217162819f,-0.7983071520990315f,0.49126413993620793f,0f,0f,0f,1f], start_interpolation: 0, interpolation_duration: 1 }
$data merge entity $(bone_left_leg1) { transformation: [-1.3333333333333333f,9.833922316062242e-17f,1.303525731406024e-16f,0.625f,0f,1.0644095361320418f,-0.8030006956217092f,-1.125f,-1.6328623988631375e-16f,-0.8030006956217092f,-1.0644095361320418f,-0.12499999999999993f,0f,0f,0f,1f], start_interpolation: 0, interpolation_duration: 1 }
$data merge entity $(bone_tail3) { transformation: [-1f,-4.0176133270258234e-18f,1.2239876065456333e-16f,4.579669976578771e-16f,0f,0.9994617283920728f,0.032806302436123154f,-0.4662324125203746f,-1.2246467991473532e-16f,0.032806302436123154f,-0.9994617283920728f,-3.804767645444941f,0f,0f,0f,1f], start_interpolation: 0, interpolation_duration: 1 }
$data merge entity $(bone_tail2) { transformation: [-1.5416666666666665f,-6.1938205458314775e-18f,1.8869808934245178e-16f,-0.12499999999999976f,0f,1.540836831271112f,0.05057638292235653f,-0.7151433036616192f,-1.8879971486855027e-16f,0.05057638292235653f,-1.540836831271112f,-1.9369280864165774f,0f,0f,0f,1f], start_interpolation: 0, interpolation_duration: 1 }
$data merge entity $(bone_tail1) { transformation: [-1f,-4.0176133270258234e-18f,1.2239876065456333e-16f,1.1102230246251565e-16f,0f,0.9994617283920728f,0.032806302436123154f,-0.75f,-1.2246467991473532e-16f,0.032806302436123154f,-0.9994617283920728f,-0.875f,0f,0f,0f,1f], start_interpolation: 0, interpolation_duration: 1 }
data modify entity @s data merge value {"locators":{"head":{"posx":-3.8751026596610307e-16,"posy":-0.3003619743281217,"posz":3.1846914475584276,"roty":0,"rotx":27.280000000000005},"neck":{"posx":-2.7755575615628914e-16,"posy":-0.8768993047215168,"posz":2.238010565621374,"roty":0,"rotx":11.280000000000001},"right_arm":{"posx":-0.8899229810158851,"posy":-2.776717947527889,"posz":3.0934833241104913,"roty":359.4419636658194,"rotx":0.19172689393576456},"left_arm":{"posx":0.8899229810158842,"posy":-2.776717947527889,"posz":3.0934833241104913,"roty":0.5580363341805992,"rotx":0.1917268939357647},"tail1":{"posx":3.191891195797325e-16,"posy":-1.442185267030839,"posz":-2.64866275151322,"roty":0,"rotx":1.8800000000000006},"tail2":{"posx":5.320894180177903e-16,"posy":-1.7595723859146508,"posz":-4.4100231396128935,"roty":0,"rotx":1.8800000000000006}},"cameras":{}}