# This file was generated by Animated Java via MC-Build. It is not recommended to edit this file directly.
$data merge entity $(bone_head) { transformation: [-1f,-9.780583653016643e-17f,7.369949909770714e-17f,-1.5760044612019151e-16f,0f,0.6018020799876307f,0.7986452632568237f,0.28728568968420837f,-1.2246467991473532e-16f,0.7986452632568237f,-0.6018020799876307f,1.2869053038796092f,0f,0f,0f,1f], start_interpolation: 0, interpolation_duration: 1 }
$data merge entity $(bone_left_arm2) { transformation: [-0.31039742096164186f,0.25230579007534093f,0.9165125363871566f,0.5707385881847065f,0.1348239958068338f,0.966072322453391f,-0.22028789786139052f,-0.6531896453857866f,-0.9409973066991426f,0.055191086997535554f,-0.33388323213511384f,0.9473169497882534f,0f,0f,0f,1f], start_interpolation: 0, interpolation_duration: 1 }
$data merge entity $(bone_left_arm1) { transformation: [-0.3038178100240475f,0.1912160439346572f,0.9333440752767281f,0.6874999999999999f,0.1694462742874491f,0.9748784930798345f,-0.14456792127057025f,0.028016289387488902f,-0.9375407716159838f,0.1142293669437526f,-0.3285862950357717f,0.9792660789820302f,0f,0f,0f,1f], start_interpolation: 0, interpolation_duration: 1 }
$data merge entity $(bone_right_arm2) { transformation: [-0.31039650646463457f,-0.25230571860206025f,-0.9165128657772611f,-0.5707386317928028f,-0.13482435630361406f,0.9660723055965326f,-0.22028775114998114f,-0.6531896350912008f,0.9409975567034519f,0.05519170879849501f,-0.3338824247516419f,0.947316570923372f,0f,0f,0f,1f], start_interpolation: 0, interpolation_duration: 1 }
$data merge entity $(bone_right_arm1) { transformation: [-0.3038168995293379f,-0.19121591476959415f,-0.933344398118512f,-0.6875000000000001f,-0.16944663355963513f,0.9748784521300353f,-0.1445677763121963f,0.028016289387488902f,0.937541001735757f,0.11422993264190345f,-0.32858544178484106f,0.97926607898203f,0f,0f,0f,1f], start_interpolation: 0, interpolation_duration: 1 }
$data merge entity $(bone_body3) { transformation: [-1f,-1.2101700540172686e-16f,1.877451011922781e-17f,-6.683769206889638e-17f,0f,0.1533055092480488f,0.9881788405112693f,0.17230655774817177f,-1.2246467991473532e-16f,0.9881788405112693f,-0.1533055092480488f,0.5457711734961572f,0f,0f,0f,1f], start_interpolation: 0, interpolation_duration: 1 }
$data merge entity $(bone_body2) { transformation: [-1f,-9.992652367695138e-17f,7.079751190866988e-17f,-1.687443023042068e-17f,0f,0.5781055562955936f,0.8159619879505187f,-0.11674622039962501f,-1.2246467991473532e-16f,0.8159619879505187f,-0.5781055562955936f,0.13779017952089792f,0f,0f,0f,1f], start_interpolation: 0, interpolation_duration: 1 }
$data merge entity $(bone_left_leg3) { transformation: [-0.6195869583247676f,-0.09024046108243461f,-0.779723451139885f,0.5334439388969868f,-0.2606104525245885f,0.9606687023971447f,0.09590535057814104f,-0.8827156478078343f,0.7404013729787323f,0.2626257858973803f,-0.6187354066747692f,-0.12216646936710246f,0f,0f,0f,1f], start_interpolation: 0, interpolation_duration: 1 }
$data merge entity $(bone_left_leg2) { transformation: [-0.6080924555425884f,0.2470808376154953f,-0.7544366276867864f,0.7050921832000085f,-0.438325930467576f,0.6878415347416941f,0.5785709997605526f,-0.42447079797004167f,0.6618866550942987f,0.6825137967597557f,-0.30996930983673937f,0.31539123077063874f,0f,0f,0f,1f], start_interpolation: 0, interpolation_duration: 1 }
$data merge entity $(bone_left_leg1) { transformation: [-0.573347769396145f,-0.8090527701333484f,0.12925150083469233f,0.25f,-0.44643753008215153f,0.17622186996837924f,-0.877290934798141f,-0.32534599611282833f,0.6869977198380015f,-0.5606955213700243f,-0.46222793646964244f,3.061616997868383e-17f,0f,0f,0f,1f], start_interpolation: 0, interpolation_duration: 1 }
$data merge entity $(bone_right_leg3) { transformation: [-0.6200759822434234f,0.09265680373166568f,0.7790510207727641f,-0.5350385644220492f,0.26048205161011223f,0.9609860168975473f,0.09303212410976552f,-0.8839356814849928f,-0.7400370781480079f,0.2606157939373972f,-0.6200197826816013f,-0.1215094082337781f,0f,0f,0f,1f], start_interpolation: 0, interpolation_duration: 1 }
$data merge entity $(bone_right_leg2) { transformation: [-0.6080921752693869f,-0.24465115767350717f,0.7552282551819407f,-0.7050923268838725f,0.4383258659319734f,0.6897005772722613f,0.5763536665670621f,-0.4244708359948842f,-0.6618869553263088f,0.6815122337561694f,-0.3121645937795411f,0.3153910114917345f,0f,0f,0f,1f], start_interpolation: 0, interpolation_duration: 1 }
$data merge entity $(bone_right_leg1) { transformation: [-0.5733474777032682f,0.8090530255713287f,-0.12925119583655387f,-0.25f,0.44643746843653437f,0.1762219375680993f,-0.8772909525896888f,-0.32534599611282833f,-0.6869980033357294f,-0.5606951315408614f,-0.4622279879876354f,-3.061616997868383e-17f,0f,0f,0f,1f], start_interpolation: 0, interpolation_duration: 1 }
$data merge entity $(bone_body1) { transformation: [-1f,-6.749772092168273e-17f,1.0218441905201209e-16f,0f,0f,0.8343991028528133f,0.5511607180835917f,-0.32534599611282833f,-1.2246467991473532e-16f,0.5511607180835917f,-0.8343991028528133f,0f,0f,0f,0f,1f], start_interpolation: 0, interpolation_duration: 1 }