# This file was generated by Animated Java via MC-Build. It is not recommended to edit this file directly.
$data merge entity $(bone_head) { transformation: [-1f,-9.73810501695134e-17f,7.425987405390135e-17f,-1.564253928938082e-16f,0f,0.6063778887562026f,0.7951766193919247f,0.3154598536802006f,-1.2246467991473532e-16f,0.7951766193919247f,-0.6063778887562026f,1.2773102661332039f,0f,0f,0f,1f], start_interpolation: 0, interpolation_duration: 1 }
$data merge entity $(bone_left_arm2) { transformation: [-0.30518038028019145f,0.24162762385302158f,0.9211302985371723f,0.600028067324713f,0.1277224172675867f,0.968920737753128f,-0.21184803062397872f,-0.629277844590126f,-0.9436905846830103f,0.052997125800145956f,-0.3265568634059943f,0.9382396634558006f,0f,0f,0f,1f], start_interpolation: 0, interpolation_duration: 1 }
$data merge entity $(bone_left_arm1) { transformation: [-0.3004082580179802f,0.14878676237122923f,0.9421344797096058f,0.6874999999999999f,0.16038491565088867f,0.9815735669970251f,-0.10387497968420259f,0.05490220766321133f,-0.940229523758034f,0.11989925736143464f,-0.3187359577109499f,0.9738212615708078f,0f,0f,0f,1f], start_interpolation: 0, interpolation_duration: 1 }
$data merge entity $(bone_right_arm2) { transformation: [-0.3051794838522872f,-0.24162753400630838f,-0.9211306191011575f,-0.6000281290088431f,-0.12772275585876133f,0.9689207278232385f,-0.21184787190417798f,-0.6292778348979688f,0.9436908287524546f,0.052997716974564325f,-0.3265560621455205f,0.9382393254509791f,0f,0f,0f,1f], start_interpolation: 0, interpolation_duration: 1 }
$data merge entity $(bone_right_arm1) { transformation: [-0.30040736621864916f,-0.14878660809455002f,-0.942134788431726f,-0.6875000000000001f,-0.16038525314808474f,0.9815735284300431f,-0.10387482302281004f,0.05490220766321133f,0.9402297511216069f,0.11989976454152898f,-0.3187350962299048f,0.9738212615708076f,0f,0f,0f,1f], start_interpolation: 0, interpolation_duration: 1 }
$data merge entity $(bone_body3) { transformation: [-1f,-1.2064287797423976e-16f,2.104504266356505e-17f,-6.594323441312837e-17f,0f,0.1718458144684445f,0.9851238582278254f,0.18657549282886723f,-1.2246467991473532e-16f,0.9851238582278254f,-0.1718458144684445f,0.5384673724623347f,0f,0f,0f,1f], start_interpolation: 0, interpolation_duration: 1 }
$data merge entity $(bone_body2) { transformation: [-1f,-9.87842430558416e-17f,7.238280977209289e-17f,-1.6551112885207574e-17f,0f,0.5910504957224288f,0.8066345588345885f,-0.10894975503234719f,-1.2246467991473532e-16f,0.8066345588345885f,-0.5910504957224288f,0.13515009304504044f,0f,0f,0f,1f], start_interpolation: 0, interpolation_duration: 1 }
$data merge entity $(bone_left_leg3) { transformation: [-0.6282271482050924f,-0.08240803509099437f,-0.7736533888056969f,0.5343895997850637f,-0.2486348549016501f,0.9634970214069967f,0.0992683165359502f,-0.8856915436141236f,0.7372322288031988f,0.25472024947437477f,-0.6257844959101981f,-0.11456691776585454f,0f,0f,0f,1f], start_interpolation: 0, interpolation_duration: 1 }
$data merge entity $(bone_left_leg2) { transformation: [-0.6163044454792366f,0.24128626098701697f,-0.7496330907460239f,0.7023634655184067f,-0.42747755666360043f,0.6969531617612521f,0.5757770652430619f,-0.42163669438543316f,0.6613862479908764f,0.6753052869405807f,-0.32639087058104355f,0.3182680166640441f,0f,0f,0f,1f], start_interpolation: 0, interpolation_duration: 1 }
$data merge entity $(bone_left_leg1) { transformation: [-0.5817793843504958f,-0.8042017164771674f,0.1216237935600431f,0.25f,-0.4358304833714187f,0.18198588149097392f,-0.8814379891417145f,-0.31926963604676034f,0.6867201305546486f,-0.5658098074027449f,-0.4563712569146694f,3.061616997868383e-17f,0f,0f,0f,1f], start_interpolation: 0, interpolation_duration: 1 }
$data merge entity $(bone_right_leg3) { transformation: [-0.6286814462274678f,0.08465828810145165f,0.7730411460103992f,-0.5358746177491424f,0.24851830865776173f,0.9638022513435627f,0.09656019141947564f,-0.8868296379944658f,-0.7368841764017089f,0.2528204789189594f,-0.6269637278247946f,-0.11391872435436329f,0f,0f,0f,1f], start_interpolation: 0, interpolation_duration: 1 }
$data merge entity $(bone_right_leg2) { transformation: [-0.6163041612083426f,-0.2390236081889992f,0.750357845035016f,-0.7023636131420534f,0.42747748815047176f,0.6986873331010064f,0.5736715154936374f,-0.4216367398945793f,-0.661386557167474f,0.6743172289749946f,-0.32842669913641376f,0.3182677922047351f,0f,0f,0f,1f], start_interpolation: 0, interpolation_duration: 1 }
$data merge entity $(bone_right_leg1) { transformation: [-0.5817790883503143f,0.8042019789192061f,-0.12162347413517649f,-0.25f,0.43583041832541375f,0.18198596239612255f,-0.8814380045998993f,-0.31926963604676034f,-0.6867204226033851f,-0.5658094083639736f,-0.4563713121858539f,-3.061616997868383e-17f,0f,0f,0f,1f], start_interpolation: 0, interpolation_duration: 1 }
$data merge entity $(bone_body1) { transformation: [-1f,-6.62044515408303e-17f,1.030270276325413e-16f,0f,0f,0.8412795240576526f,0.5406003721801618f,-0.31926963604676034f,-1.2246467991473532e-16f,0.5406003721801618f,-0.8412795240576526f,0f,0f,0f,0f,1f], start_interpolation: 0, interpolation_duration: 1 }