# This file was generated by Animated Java via MC-Build. It is not recommended to edit this file directly.
$data merge entity $(bone_head) { transformation: [-1f,-9.702290723198441e-17f,7.472719249960036e-17f,-1.5573621579788134e-16f,0f,0.6101938334516396f,0.7922521603742037f,0.3304759627181113f,-1.2246467991473532e-16f,0.7922521603742037f,-0.6101938334516396f,1.271682708078043f,0f,0f,0f,1f], start_interpolation: 0, interpolation_duration: 1 }
$data merge entity $(bone_left_arm2) { transformation: [-0.30676648943132356f,0.2350594516317699f,0.9223022146566456f,0.6140163261325304f,0.12162585660911321f,0.9707607656999949f,-0.20695576044570357f,-0.6166222450895137f,-0.9439817116692891f,0.04868870481057813f,-0.3263861793302335f,0.9372543090531897f,0f,0f,0f,1f], start_interpolation: 0, interpolation_duration: 1 }
$data merge entity $(bone_left_arm1) { transformation: [-0.30302471608741355f,0.12874813306915367f,0.944245698783611f,0.6874999999999999f,0.15136667363088668f,0.9847560118009457f,-0.08569555026847428f,0.0688880367513586f,-0.9408847706037456f,0.11695946072508814f,-0.31789358753021985f,0.9707292282731745f,0f,0f,0f,1f], start_interpolation: 0, interpolation_duration: 1 }
$data merge entity $(bone_right_arm2) { transformation: [-0.3067656039664621f,-0.23505935626034402f,-0.9223025334767136f,-0.6140163926230551f,-0.12162618448990077f,0.9707607599407961f,-0.20695559476756462f,-0.6166222366470049f,0.9439819571737165f,0.04868928006903154f,-0.3263853834607777f,0.9372539902072676f,0f,0f,0f,1f], start_interpolation: 0, interpolation_duration: 1 }
$data merge entity $(bone_right_arm1) { transformation: [-0.3030238350607023f,-0.12874797249971026f,-0.9442460034134739f,-0.6875000000000001f,-0.15136700057513083f,0.9847559757922183f,-0.08569538656429684f,0.0688880367513586f,0.9408850017520699f,0.11695994065802989f,-0.3178927268109124f,0.9707292282731743f,0f,0f,0f,1f], start_interpolation: 0, interpolation_duration: 1 }
$data merge entity $(bone_body3) { transformation: [-1f,-1.203957035125091e-16f,2.2415896197711712e-17f,-6.543943816349953e-17f,0f,0.18303968306060597f,0.9831055255795651f,0.1931962004226568f,-1.2246467991473532e-16f,0.9831055255795651f,-0.18303968306060597f,0.5343535638933692f,0f,0f,0f,1f], start_interpolation: 0, interpolation_duration: 1 }
$data merge entity $(bone_body2) { transformation: [-1f,-9.812930328256578e-17f,7.326825822890022e-17f,-1.6374786522216645e-17f,0f,0.5982807310639477f,0.8012865697349407f,-0.10594416510931706f,-1.2246467991473532e-16f,0.8012865697349407f,-0.5982807310639477f,0.1337102790258988f,0f,0f,0f,1f], start_interpolation: 0, interpolation_duration: 1 }
$data merge entity $(bone_left_leg3) { transformation: [-0.6340120480029194f,-0.07857333564601576f,-0.7693210993548808f,0.5342322652511345f,-0.2418784931880113f,0.9650594915420405f,0.10077188257503267f,-0.8896301740726829f,0.7345226460227356f,0.24997281594220913f,-0.6308645447080394f,-0.11099942368202526f,0f,0f,0f,1f], start_interpolation: 0, interpolation_duration: 1 }
$data merge entity $(bone_left_leg2) { transformation: [-0.6220518878847765f,0.23849387223767485f,-0.7457694829396448f,0.7004634296553083f,-0.421269068249926f,0.7009217720755592f,0.5755354390185696f,-0.423067931956692f,0.6599877430034781f,0.6721825215933082f,-0.33553962023826245f,0.3198080476291539f,0f,0f,0f,1f], start_interpolation: 0, interpolation_duration: 1 }
$data merge entity $(bone_left_leg1) { transformation: [-0.5876797820055297f,-0.8008238749427704f,0.11538455331446695f,0.25f,-0.4298891878457163f,0.18824107445239413f,-0.8830405336463095f,-0.3171823275772203f,0.6854398295950446f,-0.5685476402296068f,-0.4548909988052766f,3.061616997868383e-17f,0f,0f,0f,1f], start_interpolation: 0, interpolation_duration: 1 }
$data merge entity $(bone_right_leg3) { transformation: [-0.6344220013186697f,0.08060580573632836f,0.7687726766245087f,-0.5355735403588515f,0.24177366740166262f,0.9653401159023818f,0.098305413791544f,-0.8906632247655395f,-0.7342031176683768f,0.24823610678379124f,-0.631921369550724f,-0.11039464771597934f,0f,0f,0f,1f], start_interpolation: 0, interpolation_duration: 1 }
$data merge entity $(bone_right_leg2) { transformation: [-0.6220516046024888f,-0.23645025681919812f,0.7464201747418168f,-0.7004635777183641f,0.42126899722311306f,0.7024958728193443f,0.5736130931650888f,-0.4230679801462337f,-0.6599880553389598f,0.6712606235449264f,-0.33737952233052804f,0.3198078231207074f,0f,0f,0f,1f], start_interpolation: 0, interpolation_duration: 1 }
$data merge entity $(bone_right_leg1) { transformation: [-0.5876794869607898f,0.8008241381659805f,-0.11538422914860375f,-0.25f,0.42988912049168304f,0.18824116012269043f,-0.8830405481734976f,-0.3171823275772203f,-0.6854401248018607f,-0.5685472411034799f,-0.45489105283049f,-3.061616997868383e-17f,0f,0f,0f,1f], start_interpolation: 0, interpolation_duration: 1 }
$data merge entity $(bone_body1) { transformation: [-1f,-6.549914608886658e-17f,1.0347685580963452e-16f,0f,0f,0.844952649871613f,0.5348411161035952f,-0.3171823275772203f,-1.2246467991473532e-16f,0.5348411161035952f,-0.844952649871613f,0f,0f,0f,0f,1f], start_interpolation: 0, interpolation_duration: 1 }