# This file was generated by Animated Java via MC-Build. It is not recommended to edit this file directly.
$data merge entity $(bone_head) { transformation: [-1f,-9.630834109712755e-17f,7.564589388551048e-17f,-1.5451776307727372e-16f,0f,0.6176955995653448f,0.7864172850831863f,0.3552733186222428f,-1.2246467991473532e-16f,0.7864172850831863f,-0.6176955995653448f,1.2617332865676454f,0f,0f,0f,1f], start_interpolation: 0, interpolation_duration: 1 }
$data merge entity $(bone_left_arm2) { transformation: [-0.31348735295919955f,0.22351669455611317f,0.9229116787587768f,0.6356376144192645f,0.10958191924778653f,0.9739251322386082f,-0.19864954006486335f,-0.595582362827926f,-0.9432483673500879f,0.03886031457308673f,-0.32980660005929996f,0.938561126020375f,0f,0f,0f,1f], start_interpolation: 0, interpolation_duration: 1 }
$data merge entity $(bone_left_arm1) { transformation: [-0.31127806249512113f,0.09801054715459394f,0.9452512366856447f,0.6874999999999999f,0.13278192418892137f,0.9893959045834114f,-0.058861741413766315f,0.09171096747376473f,-0.9409967738616172f,0.10718990922671126f,-0.3209912692613282f,0.9652525118756655f,0f,0f,0f,1f], start_interpolation: 0, interpolation_duration: 1 }
$data merge entity $(bone_right_arm2) { transformation: [-0.31348648686111635f,-0.2235165936132058f,-0.9229119973946726f,-0.6356376849761397f,-0.10958223006425653f,0.9739251334802532f,-0.19864936252003346f,-0.5955823569000931f,0.9432486190870462f,0.03886086405396002f,-0.3298058153449697f,0.9385608362878191f,0f,0f,0f,1f], start_interpolation: 0, interpolation_duration: 1 }
$data merge entity $(bone_right_arm1) { transformation: [-0.3112772000293341f,-0.0980103819096232f,-0.9452515378352091f,-0.6875000000000001f,-0.1327822343608965f,0.9893958734235114f,-0.05886156547913983f,0.09171096747376473f,0.9409970153937929f,0.1071903479351427f,-0.3209904147003727f,0.9652525118756653f,0f,0f,0f,1f], start_interpolation: 0, interpolation_duration: 1 }
$data merge entity $(bone_body3) { transformation: [-1f,-1.19922444637052e-16f,2.4823478783034874e-17f,-6.457592959948472e-17f,0f,0.2026990867923546f,0.9792410735940082f,0.20324900352797687f,-1.2246467991473532e-16f,0.9792410735940082f,-0.2026990867923546f,0.5273024813721392f,0f,0f,0f,1f], start_interpolation: 0, interpolation_duration: 1 }
$data merge entity $(bone_body2) { transformation: [-1f,-9.69949593242262e-17f,7.476346495655671e-17f,-1.6078449937371617e-17f,0f,0.6104900205398809f,0.7920239483886935f,-0.10199600674196357f,-1.2246467991473532e-16f,0.7920239483886935f,-0.6104900205398809f,0.13129050717779248f,0f,0f,0f,1f], start_interpolation: 0, interpolation_duration: 1 }
$data merge entity $(bone_left_leg3) { transformation: [-0.6445714298380861f,-0.07255723495521044f,-0.7610933710735758f,0.5333074515459302f,-0.23043749361272403f,0.9676300386692496f,0.10291097998965815f,-0.8982029838577329f,0.7289898719282534f,0.2417179263534262f,-0.640426584945869f,-0.10551261730116446f,0f,0f,0f,1f], start_interpolation: 0, interpolation_duration: 1 }
$data merge entity $(bone_left_leg2) { transformation: [-0.6327146937822093f,0.2340885629395439f,-0.7381562578295902f,0.6968142380653528f,-0.4106781337514581f,0.7066972599253466f,0.576127115550402f,-0.4280160611918577f,0.6565177733546175f,0.6676687258775162f,-0.35100268624981934f,0.32238689384728964f,0f,0f,0f,1f], start_interpolation: 0, interpolation_duration: 1 }
$data merge entity $(bone_left_leg1) { transformation: [-0.5986359944589116f,-0.7943364232272938f,0.10326951569877502f,0.25f,-0.4198612966824409f,0.20136798200809786f,-0.8849674724927044f,-0.31474657131230266f,0.6821667227931376f,-0.5731322557285148f,-0.45405724281990556f,3.061616997868383e-17f,0f,0f,0f,1f], start_interpolation: 0, interpolation_duration: 1 }
$data merge entity $(bone_right_leg3) { transformation: [-0.6448862644263312f,0.07412005139746441f,0.7606759651356743f,-0.5343387781879461f,0.23035677351276246f,0.9678521781822278f,0.10098474184107042f,-0.8990067342278649f,-0.7287368954918103f,0.24035053394730568f,-0.6412286315973451f,-0.10502146409735846f,0f,0f,0f,1f], start_interpolation: 0, interpolation_duration: 1 }
$data merge entity $(bone_right_leg2) { transformation: [-0.6327144149004257f,-0.232517248629946f,0.7386529619968853f,-0.6968143853341673f,0.4106780582701063f,0.7079219458796295f,0.5746216590048574f,-0.42801611258388766f,-0.6565180893415712f,0.6669199709347137f,-0.352422687600747f,0.32238667168258534f,0f,0f,0f,1f], start_interpolation: 0, interpolation_duration: 1 }
$data merge entity $(bone_right_leg1) { transformation: [-0.5986357038805165f,0.7943366850385197f,-0.10326918631176679f,-0.25f,0.4198612251182004f,0.20136807337170667f,-0.8849674856562874f,-0.31474657131230266f,-0.6821670218368244f,-0.5731318607690407f,-0.45405729207853784f,-3.061616997868383e-17f,0f,0f,0f,1f], start_interpolation: 0, interpolation_duration: 1 }
$data merge entity $(bone_body1) { transformation: [-1f,-6.431379974948647e-17f,1.0421771916714322e-16f,0f,0f,0.8510022582813563f,0.5251620287111699f,-0.31474657131230266f,-1.2246467991473532e-16f,0.5251620287111699f,-0.8510022582813563f,0f,0f,0f,0f,1f], start_interpolation: 0, interpolation_duration: 1 }