# This file was generated by Animated Java via MC-Build. It is not recommended to edit this file directly.
$data merge entity $(bone_head) { transformation: [-1f,-9.420698481964508e-17f,7.824731201651423e-17f,-1.5133031333303702e-16f,0f,0.638937790642927f,0.7692584089162334f,0.4124699120240264f,-1.2246467991473532e-16f,0.7692584089162334f,-0.638937790642927f,1.2357057842179402f,0f,0f,0f,1f], start_interpolation: 0, interpolation_duration: 1 }
$data merge entity $(bone_left_arm2) { transformation: [-0.34369233580695824f,0.1948900887702768f,0.9186367245035822f,0.6805783697972733f,0.07559468546139951f,0.9807952541603264f,-0.1797946410396392f,-0.5457251198458117f,-0.9360347332431361f,0.007650014097651502f,-0.35182446681087504f,0.9492313471667558f,0f,0f,0f,1f], start_interpolation: 0, interpolation_duration: 1 }
$data merge entity $(bone_left_arm1) { transformation: [-0.34361736182487246f,0.035058046441484685f,0.9384551358654399f,0.6874999999999999f,0.07774970337623402f,0.996934297121966f,-0.008774442822148426f,0.14355729272400958f,-0.9358857260784685f,0.06994955755141158f,-0.34528968580155905f,0.950527563976316f,0f,0f,0f,1f], start_interpolation: 0, interpolation_duration: 1 }
$data merge entity $(bone_right_arm2) { transformation: [-0.3436915192626586f,-0.19488998566884722f,-0.9186370518724586f,-0.6805784386631681f,-0.0755949577292966f,0.9807952708077979f,-0.17979443575084297f,-0.5457251201020497f,0.9360350110721454f,0.007650506326684375f,-0.3518237169380625f,0.9492311157126374f,0f,0f,0f,1f], start_interpolation: 0, interpolation_duration: 1 }
$data merge entity $(bone_right_arm1) { transformation: [-0.3436165456234802f,-0.03505788691341411f,-0.9384554406784337f,-0.6875000000000001f,-0.07774997560277952f,0.9969342776964553f,-0.008774237722676423f,0.14355729272400958f,0.9358860031368958f,0.06994991436029852f,-0.3452888625678983f,0.9505275639763158f,0f,0f,0f,1f], start_interpolation: 0, interpolation_duration: 1 }
$data merge entity $(bone_body3) { transformation: [-1f,-1.1851088383975402e-16f,3.08669441010752e-17f,-6.24471504532215e-17f,0f,0.2520477261081804f,0.9677148049728781f,0.2234341174428911f,-1.2246467991473532e-16f,0.9677148049728781f,-0.2520477261081804f,0.5099196804882815f,0f,0f,0f,1f], start_interpolation: 0, interpolation_duration: 1 }
$data merge entity $(bone_body2) { transformation: [-1f,-9.415202020736114e-17f,7.831344020978285e-17f,-1.5371140349540922e-17f,0f,0.6394777683190591f,0.7688095887966511f,-0.09630476671663846f,-1.2246467991473532e-16f,0.7688095887966511f,-0.6394777683190591f,0.12551488608995598f,0f,0f,0f,1f], start_interpolation: 0, interpolation_duration: 1 }
$data merge entity $(bone_left_leg3) { transformation: [-0.6721058827018799f,-0.05980363577621994f,-0.7380360476192692f,0.5285595210694424f,-0.20335312736316188f,0.9733159035981782f,0.10631865967215809f,-0.9248618175000367f,0.7119839801773273f,0.22153933499676245f,-0.6663326008984134f,-0.09433488405050566f,0f,0f,0f,1f], start_interpolation: 0, interpolation_duration: 1 }
$data merge entity $(bone_left_leg2) { transformation: [-0.661011854483961f,0.22427460385204134f,-0.7160755758288958f,0.6860680400736564f,-0.38533661257637675f,0.7173969983252072f,0.5803940401159773f,-0.44804915277761354f,0.6438781120987407f,0.6595774775270857f,-0.38778670412891797f,0.32845224007510154f,0f,0f,0f,1f], start_interpolation: 0, interpolation_duration: 1 }
$data merge entity $(bone_left_leg1) { transformation: [-0.6277942274671595f,-0.7752320712420558f,0.0699259871340015f,0.25f,-0.39622395685913364f,0.24095310610024445f,-0.8859730112545958f,-0.31251303059622604f,0.6699858087823981f,-0.5839150934668471f,-0.4584344878516446f,3.061616997868383e-17f,0f,0f,0f,1f], start_interpolation: 0, interpolation_duration: 1 }
$data merge entity $(bone_right_leg3) { transformation: [-0.6721337482576888f,0.05994332052286799f,0.7379993379250166f,-0.5286517394892152f,0.20334560029732468f,0.9733371033063374f,0.10613882497441718f,-0.9249366865791142f,-0.711959824212568f,0.2214084046551125f,-0.6664019260591074f,-0.09428500158684128f,0f,0f,0f,1f], start_interpolation: 0, interpolation_duration: 1 }
$data merge entity $(bone_right_leg2) { transformation: [-0.6610115949283176f,-0.22413430031200243f,0.7161197433348498f,-0.6860681802397217f,0.3853365262230279f,0.7175110038456607f,0.5802531524418999f,-0.4480492070831646f,-0.6438784302402837f,0.6595011560141818f,-0.38791596034098264f,0.32845203157496106f,0f,0f,0f,1f], start_interpolation: 0, interpolation_duration: 1 }
$data merge entity $(bone_right_leg1) { transformation: [-0.6277939567846278f,0.7752323204261719f,-0.069925654743836f,-0.25f,0.39622387463868447f,0.2409532026434463f,-0.8859730217688205f,-0.31251303059622604f,-0.6699861110433627f,-0.5839147227999308f,-0.45843451823185327f,-3.061616997868383e-17f,0f,0f,0f,1f], start_interpolation: 0, interpolation_duration: 1 }
$data merge entity $(bone_body1) { transformation: [-1f,-6.148456139816369e-17f,1.0591150332373729e-16f,0f,0f,0.8648330555183503f,0.5020595443598239f,-0.31251303059622604f,-1.2246467991473532e-16f,0.5020595443598239f,-0.8648330555183503f,0f,0f,0f,0f,1f], start_interpolation: 0, interpolation_duration: 1 }