# This file was generated by Animated Java via MC-Build. It is not recommended to edit this file directly.
$data merge entity $(bone_head) { transformation: [-1f,-7.312730350739449e-17f,9.823438964210032e-17f,-1.1438149062828159e-16f,0f,0.8021446649800983f,0.5971297484165112f,0.8132334360850073f,-1.2246467991473532e-16f,0.5971297484165112f,-0.8021446649800983f,0.9339957505128699f,0f,0f,0f,1f], start_interpolation: 0, interpolation_duration: 1 }
$data merge entity $(bone_left_arm2) { transformation: [-0.7064107854203694f,0.02793867037444528f,0.707250473976147f,0.9627628749309465f,-0.1274434207409414f,0.977869297952372f,-0.1659210976096231f,-0.11174089592839098f,-0.696234139317819f,-0.20734287260439593f,-0.6872168190815274f,0.833258878214452f,0f,0f,0f,1f], start_interpolation: 0, interpolation_duration: 1 }
$data merge entity $(bone_left_arm1) { transformation: [-0.6497961036442094f,-0.3531244650890706f,0.6731033619321488f,0.6875f,-0.3160511919079553f,0.9308764472133075f,0.18325033183350808f,0.5124341019353602f,-0.6912862415688342f,-0.09365976819898553f,-0.7164852964566317f,0.7343034754992077f,0f,0f,0f,1f], start_interpolation: 0, interpolation_duration: 1 }
$data merge entity $(bone_right_arm2) { transformation: [-0.7064104194374597f,-0.027938561454035088f,-0.7072508438270478f,-0.9627629606964634f,0.12744346489611474f,0.977869335924917f,-0.16592083989973808f,-0.11174085214176377f,0.6962345025675364f,-0.20734270819500927f,-0.6872165006698355f,0.833258915831902f,0f,0f,0f,1f], start_interpolation: 0, interpolation_duration: 1 }
$data merge entity $(bone_right_arm1) { transformation: [-0.6497956996081521f,0.35312461922335375f,-0.6731036711154632f,-0.6875f,0.3160512246813839f,0.93087638590719f,0.18325058673239125f,0.5124341019353602f,0.691286606371156f,-0.09365979638419891f,-0.7164849407999588f,0.7343034754992075f,0f,0f,0f,1f], start_interpolation: 0, interpolation_duration: 1 }
$data merge entity $(bone_body3) { transformation: [-1f,-9.56921683450752e-17f,7.642386239936035e-17f,-4.2612364369475203e-17f,0f,0.6240481945698109f,0.7813858527348441f,0.3451972901576492f,-1.2246467991473532e-16f,0.7813858527348441f,-0.6240481945698109f,0.34795636096173677f,0f,0f,0f,1f], start_interpolation: 0, interpolation_duration: 1 }
$data merge entity $(bone_body2) { transformation: [-1f,-6.664102370623927e-17f,1.0274517889420911e-16f,-9.291852516355569e-18f,0f,0.838978054454103f,0.5441652544442801f,-0.07429173706940229f,-1.2246467991473532e-16f,0.5441652544442801f,-0.838978054454103f,0.07587373373959674f,0f,0f,0f,1f], start_interpolation: 0, interpolation_duration: 1 }
$data merge entity $(bone_left_leg3) { transformation: [-0.8666718333781014f,0.010049516590490137f,-0.49877744580658223f,0.4606924485532191f,-0.039380479242801296f,0.9952991138353182f,0.08848079934786923f,-1.1424131602424028f,0.4973219390733209f,0.09632591144094133f,-0.8622019529677627f,-0.03973345854457505f,0f,0f,0f,1f], start_interpolation: 0, interpolation_duration: 1 }
$data merge entity $(bone_left_leg2) { transformation: [-0.8599930304843932f,0.11743887885011096f,-0.4966085956290915f,0.5511991038999231f,-0.22941534835725813f,0.7802970368952226f,0.5818119388175648f,-0.6267586149618308f,0.45582955746242204f,0.6142838463991745f,-0.6441077321354308f,0.35626797881953287f,0f,0f,0f,1f], start_interpolation: 0, interpolation_duration: 1 }
$data merge entity $(bone_left_leg1) { transformation: [-0.8374334230771484f,-0.5354650735998634f,-0.10946422643029394f,0.25f,-0.2540264910827321f,0.5586819821543659f,-0.7895219975683159f,-0.3125f,0.48391714553370024f,-0.6333652956791694f,-0.6038812784709872f,3.061616997868383e-17f,0f,0f,0f,1f], start_interpolation: 0, interpolation_duration: 1 }
$data merge entity $(bone_right_leg3) { transformation: [-0.8649436297449111f,-0.018608329515189426f,0.5015239250886762f,-0.4548594796412443f,0.039995621623234064f,0.9935781867234371f,0.10584298332122949f,-1.1354827034275319f,-0.5002727931985398f,0.1116069753197404f,-0.858644871553607f,-0.047250002691702486f,0f,0f,0f,1f], start_interpolation: 0, interpolation_duration: 1 }
$data merge entity $(bone_right_leg2) { transformation: [-0.8599929440453948f,-0.1263272899032828f,0.4944224428743363f,-0.5511991533909829f,0.2294152226350614f,0.7697362949434995f,0.5957135988627079f,-0.6267586470171874f,-0.45582978381786277f,0.6257375265016045f,-0.632986379089009f,0.3562679087028214f,0f,0f,0f,1f], start_interpolation: 0, interpolation_duration: 1 }
$data merge entity $(bone_right_leg1) { transformation: [-0.8374333327143318f,0.5354651615839696f,0.10946448734096512f,-0.25f,0.254026367728881f,0.5586820391416665f,-0.7895219969316755f,-0.3125f,-0.4839173666623656f,-0.6333651710272381f,-0.6038812320085789f,-3.061616997868383e-17f,0f,0f,0f,1f], start_interpolation: 0, interpolation_duration: 1 }
$data merge entity $(bone_body1) { transformation: [-1f,-3.7167410065422274e-17f,1.1668839469136305e-16f,0f,0f,0.9528330517223909f,0.303494934958387f,-0.3125f,-1.2246467991473532e-16f,0.303494934958387f,-0.9528330517223909f,0f,0f,0f,0f,1f], start_interpolation: 0, interpolation_duration: 1 }