# This file was generated by Animated Java via MC-Build. It is not recommended to edit this file directly.
$data merge entity $(bone_head) { transformation: [-1f,-6.939997019788461e-17f,1.0090214052809439e-16f,-1.0739243896760263e-16f,0f,0.8239285041070322f,0.5666937622031394f,0.8632457060464042f,-1.2246467991473532e-16f,0.5666937622031394f,-0.8239285041070322f,0.876925812751672f,0f,0f,0f,1f], start_interpolation: 0, interpolation_duration: 1 }
$data merge entity $(bone_left_arm2) { transformation: [-0.7575431561936276f,0.019432680602122554f,0.652495775793846f,0.9884295935075575f,-0.13747199316932282f,0.9723914394639761f,-0.1885638871874207f,-0.054605936266429955f,-0.6381456084611495f,-0.2325451770770414f,-0.7339570307722088f,0.7815281081408977f,0f,0f,0f,1f], start_interpolation: 0, interpolation_duration: 1 }
$data merge entity $(bone_left_arm1) { transformation: [-0.6882432746958422f,-0.3876617160331133f,0.6132206688935111f,0.6875f,-0.3517403889191342f,0.9175755675609557f,0.18529375763421235f,0.5586402469857703f,-0.634507599354775f,-0.08816729403498713f,-0.7678714961655946f,0.6891877135241052f,0f,0f,0f,1f], start_interpolation: 0, interpolation_duration: 1 }
$data merge entity $(bone_right_arm2) { transformation: [-0.7575428528299545f,-0.01943257111618074f,-0.6524961312575492f,-0.9884296858586001f,0.13747207167892928f,0.972391474441745f,-0.18856364957571337f,-0.054605883736589034f,0.6381459516713692f,-0.23254503996607556f,-0.7339567758067357f,0.7815281560349535f,0f,0f,0f,1f], start_interpolation: 0, interpolation_duration: 1 }
$data merge entity $(bone_right_arm1) { transformation: [-0.6882429267835247f,0.3876618756646166f,-0.6132209584551391f,-0.6875f,0.35174045299754436f,0.9175754958141622f,0.1852939912854077f,0.5586402469857703f,0.6345079412091942f,-0.08816733883692907f,-0.7678712085401327f,0.689187713524105f,0f,0f,0f,1f], start_interpolation: 0, interpolation_duration: 1 }
$data merge entity $(bone_body3) { transformation: [-1f,-9.067026525607985e-17f,8.231950452359816e-17f,-3.938974002554275e-17f,0f,0.6721897659056653f,0.740378902057377f,0.35910338161715527f,-1.2246467991473532e-16f,0.740378902057377f,-0.6721897659056653f,0.3216416362086393f,0f,0f,0f,1f], start_interpolation: 0, interpolation_duration: 1 }
$data merge entity $(bone_body2) { transformation: [-1f,-6.201207393329366e-17f,1.0560350615917211e-16f,-8.383703058895919e-18f,0f,0.8623180678110405f,0.5063670110963331f,-0.07205565228836497f,-1.2246467991473532e-16f,0.5063670110963331f,-0.8623180678110405f,0.06845813066047271f,0f,0f,0f,1f], start_interpolation: 0, interpolation_duration: 1 }
$data merge entity $(bone_left_leg3) { transformation: [-0.8874770474291591f,0.014640750860584029f,-0.46061929909705307f,0.4524237527664009f,-0.026000407000870786f,0.9963126122876962f,0.08176281203735591f,-1.168236148716537f,0.4601178861142121f,0.08453890826539717f,-0.8838239099883438f,-0.03808304418416819f,0f,0f,0f,1f], start_interpolation: 0, interpolation_duration: 1 }
$data merge entity $(bone_left_leg2) { transformation: [-0.880549499014783f,0.09725497485691342f,-0.4638685693711054f,0.5300059159383563f,-0.21664027859243432f,0.7879023399859383f,0.5764346383902305f,-0.6477902337477581f,0.42154426751671914f,0.6080718481481151f,-0.6727176658996912f,0.3543774769830836f,0f,0f,0f,1f], start_interpolation: 0, interpolation_duration: 1 }
$data merge entity $(bone_left_leg1) { transformation: [-0.8596544791294761f,-0.49778829500152244f,-0.11489556071540098f,0.25f,-0.24287171346663575f,0.596071526662681f,-0.7653182775158328f,-0.3125f,0.44945245278050217f,-0.6300044035254818f,-0.6333142539277735f,3.061616997868383e-17f,0f,0f,0f,1f], start_interpolation: 0, interpolation_duration: 1 }
$data merge entity $(bone_right_leg3) { transformation: [-0.8856516998638513f,-0.02366637068128452f,0.463746665138464f,-0.44619136406677995f,0.026676518587635215f,0.994457756935059f,0.10169627833768091f,-1.1603659966517705f,-0.4635832502197573f,0.10243862831211459f,-0.8801118664949468f,-0.04705679877124941f,0f,0f,0f,1f], start_interpolation: 0, interpolation_duration: 1 }
$data merge entity $(bone_right_leg2) { transformation: [-0.8805494309589347f,-0.10675200712639872f,0.46177560417629426f,-0.5300059536022125f,0.21664015627212982f,0.7759096885055622f,0.5924788586722644f,-0.6477902611282433f,-0.4215444725391183f,0.621746060910471f,-0.6601000631828706f,0.35437742131782346f,0f,0f,0f,1f], start_interpolation: 0, interpolation_duration: 1 }
$data merge entity $(bone_right_leg1) { transformation: [-0.8596544080853441f,0.4977883619594889f,0.11489580217364566f,-0.25f,0.24287159315505685f,0.5960715753390993f,-0.7653182777845369f,-0.3125f,-0.449452653677516f,-0.6300043045650195f,-0.6333142097977791f,-3.061616997868383e-17f,0f,0f,0f,1f], start_interpolation: 0, interpolation_duration: 1 }
$data merge entity $(bone_body1) { transformation: [-1f,-3.3534812235583675e-17f,1.1778376031925083e-16f,0f,0f,0.9617773908465401f,0.27383252264189084f,-0.3125f,-1.2246467991473532e-16f,0.27383252264189084f,-0.9617773908465401f,0f,0f,0f,0f,1f], start_interpolation: 0, interpolation_duration: 1 }