# This file was generated by Animated Java via MC-Build. It is not recommended to edit this file directly.
$data merge entity $(bone_head) { transformation: [-1f,-5.757743800046069e-17f,1.0808532027949809e-16f,-8.444425335922278e-17f,0f,0.8825836180256325f,0.4701554606646449f,0.9942506148709209f,-1.2246467991473532e-16f,0.4701554606646449f,-0.8825836180256325f,0.6895396568056698f,0f,0f,0f,1f], start_interpolation: 0, interpolation_duration: 1 }
$data merge entity $(bone_left_arm2) { transformation: [-0.8903728363704578f,0.02091771113916202f,0.45475120848033446f,1.0332309761901615f,-0.12036578926365599f,0.9525755748542757f,-0.2794849744905502f,0.08520013196720677f,-0.4390310797979607f,-0.3035823175874131f,-0.8456296396293664f,0.5850639701430714f,0f,0f,0f,1f], start_interpolation: 0, interpolation_duration: 1 }
$data merge entity $(bone_left_arm1) { transformation: [-0.7921925388466249f,-0.4452674170877531f,0.41733428888091606f,0.6875f,-0.4135598712644081f,0.8945748263633884f,0.16942288191587318f,0.6795423315288158f,-0.44877523803737795f,-0.03837717182016748f,-0.892820238574138f,0.5362409026148374f,0f,0f,0f,1f], start_interpolation: 0, interpolation_duration: 1 }
$data merge entity $(bone_right_arm2) { transformation: [-0.8903726982082065f,-0.020917612503887018f,-0.4547514835298234f,-1.033231074750101f,0.1203659235181917f,0.9525756013555176f,-0.27948482634623806f,0.08520019314646621f,0.4390313231889621f,-0.30358224122848687f,-0.845629540679391f,0.585064016968963f,0f,0f,0f,1f], start_interpolation: 0, interpolation_duration: 1 }
$data merge entity $(bone_right_arm1) { transformation: [-0.792192343156614f,0.44526757467966604f,-0.41733449220370167f,-0.6875f,0.41355998638932756f,0.8945747457480959f,0.16942302655598146f,0.6795423315288158f,0.4487754773845077f,-0.038377222523491517f,-0.8928201160870479f,0.5362409026148373f,0f,0f,0f,1f], start_interpolation: 0, interpolation_duration: 1 }
$data merge entity $(bone_body3) { transformation: [-1f,-7.347270699020857e-17f,9.797631935396192e-17f,-2.933972311656636e-17f,0f,0.8000373611573302f,0.5999501818921433f,0.3942225940029233f,-1.2246467991473532e-16f,0.5999501818921433f,-0.8000373611573302f,0.23957702038656223f,0f,0f,0f,1f], start_interpolation: 0, interpolation_duration: 1 }
$data merge entity $(bone_body2) { transformation: [-1f,-4.7430035068004846e-17f,1.1290699535487785e-16f,-5.6247055825639405e-18f,0f,0.921955582895314f,0.38729562761301856f,-0.06675519744473368f,-1.2246467991473532e-16f,0.38729562761301856f,-0.921955582895314f,0.04592920658005296f,0f,0f,0f,1f], start_interpolation: 0, interpolation_duration: 1 }
$data merge entity $(bone_left_leg3) { transformation: [-0.938993357304445f,0.018426858082642356f,-0.3434412989716424f,0.43783001650186537f,-0.0020916508597618663f,0.9982393309527465f,0.059277846921886035f,-1.2377261855975894f,0.34392891697966843f,0.056379863783232564f,-0.9373015582111109f,-0.04409808767533169f,0f,0f,0f,1f], start_interpolation: 0, interpolation_duration: 1 }
$data merge entity $(bone_left_leg2) { transformation: [-0.9297045302601753f,0.029480861713970255f,-0.3671244546557865f,0.4717034652869736f,-0.19402883482328948f,0.8080490815806635f,0.5562458925814765f,-0.704412275266165f,0.3130531866485685f,0.5883770564436113f,-0.7455267545701685f,0.33713289957440434f,0f,0f,0f,1f], start_interpolation: 0, interpolation_duration: 1 }
$data merge entity $(bone_left_leg1) { transformation: [-0.9133817440337342f,-0.39413949384350866f,-0.10192079796919168f,0.25f,-0.22463370006088829f,0.6967329338065157f,-0.6812509961433603f,-0.3125f,0.33951949938530607f,-0.5993473770211631f,-0.7249201550481286f,3.061616997868383e-17f,0f,0f,0f,1f], start_interpolation: 0, interpolation_duration: 1 }
$data merge entity $(bone_right_leg3) { transformation: [-0.9371170724412563f,-0.02762269773030948f,0.34792036317127095f,-0.4310357541008259f,0.002894914140017857f,0.9962136600692917f,0.08689052286335952f,-1.2272090171988177f,-0.3490031690561721f,0.08243379198754625f,-0.9334888633118785f,-0.05775688262721268f,0f,0f,0f,1f], start_interpolation: 0, interpolation_duration: 1 }
$data merge entity $(bone_right_leg2) { transformation: [-0.9297045049957113f,-0.03983403798843605f,0.3661458490932478f,-0.47170347442129507f,0.1940287363928595f,0.7920228999970099f,0.5788372615287622f,-0.7044122900696416f,-0.3130533226855607f,0.6091904261377245f,-0.7286183101306664f,0.3371328763587071f,0f,0f,0f,1f], start_interpolation: 0, interpolation_duration: 1 }
$data merge entity $(bone_right_leg1) { transformation: [-0.9133817180362002f,0.39413951008230236f,0.10192096815337956f,-0.25f,0.22463360268572286f,0.6967329601238073f,-0.6812510013361817f,-0.3125f,-0.33951963374990896f,-0.5993473357488127f,-0.7249201262409036f,-3.061616997868383e-17f,0f,0f,0f,1f], start_interpolation: 0, interpolation_duration: 1 }
$data merge entity $(bone_body1) { transformation: [-1f,-2.2498822330255762e-17f,1.203802343425621e-16f,0f,0f,0.9829792102210653f,0.18371682632021183f,-0.3125f,-1.2246467991473532e-16f,0.18371682632021183f,-0.9829792102210653f,0f,0f,0f,0f,1f], start_interpolation: 0, interpolation_duration: 1 }