# This file was generated by Animated Java via MC-Build. It is not recommended to edit this file directly.
$data merge entity $(bone_head) { transformation: [-1f,-3.625830748049918e-17f,1.1697406962770919e-16f,-4.1211572941645943e-17f,0f,0.9551657646037297f,0.2960715490028932f,1.1398884376488767f,-1.2246467991473532e-16f,0.2960715490028932f,-0.9551657646037297f,0.33651803091584487f,0f,0f,0f,1f], start_interpolation: 0, interpolation_duration: 1 }
$data merge entity $(bone_left_arm2) { transformation: [-0.9931357261780474f,0.10636618578065277f,0.048658646829504784f,0.9928630242051601f,0.07519496988895152f,0.899236426375787f,-0.4309519300134335f,0.19514552843682886f,-0.08959434073758507f,-0.42433487247854046f,-0.9010620234514483f,0.18216779180634068f,0f,0f,0f,1f], start_interpolation: 0, interpolation_duration: 1 }
$data merge entity $(bone_left_arm1) { transformation: [-0.9207969045188662f,-0.3771973512424972f,0.09927345488154543f,0.6875f,-0.3628407931519104f,0.9217547680697097f,0.13680170454218818f,0.8107098918271587f,-0.14310702097858977f,0.08994612696720108f,-0.9856115232637216f,0.23685040304736193f,0f,0f,0f,1f], start_interpolation: 0, interpolation_duration: 1 }
$data merge entity $(bone_right_arm2) { transformation: [-0.9931357262986275f,-0.10636616150130486f,-0.04865869744224478f,-0.9928630530066096f,-0.07519492727055876f,0.8992364345027781f,-0.4309519204917252f,0.19514554221596037f,0.08959437516983394f,-0.42433486134208814f,-0.901062025272244f,0.1821677975294745f,0f,0f,0f,1f], start_interpolation: 0, interpolation_duration: 1 }
$data merge entity $(bone_right_arm1) { transformation: [-0.920796883629048f,0.37719739465477403f,-0.09927348369370331f,-0.6875f,0.3628408321731218f,0.9217547508652428f,0.13680171696755308f,0.8107098918271587f,0.14310705645407507f,0.08994612122267784f,-0.985611518637057f,0.23685040304736177f,0f,0f,0f,1f], start_interpolation: 0, interpolation_duration: 1 }
$data merge entity $(bone_body3) { transformation: [-1f,-3.9326158215907916e-17f,1.1597866660121575e-16f,-1.1716954279715006e-17f,0f,0.9470376820644499f,0.3211224513328114f,0.4296101761005394f,-1.2246467991473532e-16f,0.3211224513328114f,-0.9470376820644499f,0.0956761924162363f,0f,0f,0f,1f], start_interpolation: 0, interpolation_duration: 1 }
$data merge entity $(bone_body2) { transformation: [-1f,-2.1498997086831765e-17f,1.2056280915306749e-16f,-9.674557362991244e-19f,0f,0.9844700466861793f,0.17555263363934975f,-0.06262484724255024f,-1.2246467991473532e-16f,0.17555263363934975f,-0.9844700466861793f,0.007899875596561431f,0f,0f,0f,1f], start_interpolation: 0, interpolation_duration: 1 }
$data merge entity $(bone_left_leg3) { transformation: [-0.9889400673844562f,-0.011079920655382644f,-0.14790124570096652f,0.4645207936201835f,-0.014835338581303877f,0.9995943275752794f,0.024312404416332756f,-1.3254188886482794f,0.1475718667321293f,0.026237675918336756f,-0.9887032560437937f,-0.08624605120930251f,0f,0f,0f,1f], start_interpolation: 0, interpolation_duration: 1 }
$data merge entity $(bone_left_leg2) { transformation: [-0.9699634138561245f,-0.10545704470408743f,-0.21920261746350694f,0.41047028637462807f,-0.20744292641994835f,0.8292254406929935f,0.5189919082084409f,-0.7779983974681908f,0.12703703420223703f,0.5488751954951062f,-0.8261946572759407f,0.271968342174951f,0f,0f,0f,1f], start_interpolation: 0, interpolation_duration: 1 }
$data merge entity $(bone_left_leg1) { transformation: [-0.9584318675882858f,-0.2852805091104499f,-0.004835939713538537f,0.25f,-0.24377228569527323f,0.8275527066101168f,-0.5056991106470051f,-0.3125f,0.14826809474102157f,-0.4834992749776906f,-0.8626963678942406f,3.061616997868383e-17f,0f,0f,0f,1f], start_interpolation: 0, interpolation_duration: 1 }
$data merge entity $(bone_right_leg3) { transformation: [-0.9877311710976725f,0.005485068539644908f,0.15606744588521915f,-0.4585664162768024f,0.015711465400845462f,0.9978025658918604f,0.06436761106781619f,-1.3110015417756484f,-0.15537143719802055f,0.06602994413699764f,-0.9856468753972117f,-0.10816665489067823f,0f,0f,0f,1f], start_interpolation: 0, interpolation_duration: 1 }
$data merge entity $(bone_right_leg2) { transformation: [-0.9699634154102937f,0.0963837135724301f,0.22334088860660006f,-0.41047028261068097f,0.20744290597224907f,0.8072561478281347f,0.5525440729529812f,-0.7779983993576187f,-0.12703705572543245f,0.5822780191211657f,-0.8030030478901963f,0.2719683411618769f,0f,0f,0f,1f], start_interpolation: 0, interpolation_duration: 1 }
$data merge entity $(bone_right_leg1) { transformation: [-0.9584318694360912f,0.28528050241898845f,0.004835968239039167f,-0.25f,0.2437722653747501f,0.8275527099690999f,-0.505699114945697f,-0.3125f,-0.14826811620608757f,-0.48349927317667013f,-0.8626963652145115f,-3.061616997868383e-17f,0f,0f,0f,1f], start_interpolation: 0, interpolation_duration: 1 }
$data merge entity $(bone_body1) { transformation: [-1f,-3.8698229451964974e-18f,1.224035224043467e-16f,0f,0f,0.999500611029799f,0.031599502386245724f,-0.3125f,-1.2246467991473532e-16f,0.031599502386245724f,-0.999500611029799f,0f,0f,0f,0f,1f], start_interpolation: 0, interpolation_duration: 1 }