# This file was generated by Animated Java via MC-Build. It is not recommended to edit this file directly.
$data merge entity $(bone_head) { transformation: [-1f,-3.4894548835720374e-17f,1.1738810965413026e-16f,-3.328758499257707e-17f,0f,0.9585466579903725f,0.2849356145789571f,1.4543431105456035f,-1.2246467991473532e-16f,0.2849356145789571f,-0.9585466579903725f,0.27181375900180516f,0f,0f,0f,1f], start_interpolation: 0, interpolation_duration: 1 }
$data merge entity $(bone_left_arm2) { transformation: [-0.9963433348040269f,0.07185175727109654f,0.04623077079874455f,0.9887688956920141f,0.04425450464783509f,0.8968458393626823f,-0.44012393622276536f,0.5838249102819215f,-0.07308555267606154f,-0.43646863048207873f,-0.8967461383218404f,0.07356205140003691f,0f,0f,0f,1f], start_interpolation: 0, interpolation_duration: 1 }
$data merge entity $(bone_left_arm1) { transformation: [-0.908747330193622f,-0.4093304466917327f,0.08140562190113647f,0.6875f,-0.3821426511245103f,0.8945184861651815f,0.231956185734037f,1.1237918315789344f,-0.1677655627877636f,0.17968100433796225f,-0.9693139081962077f,0.1774744009718751f,0f,0f,0f,1f], start_interpolation: 0, interpolation_duration: 1 }
$data merge entity $(bone_right_arm2) { transformation: [-0.9963433377932995f,-0.07185172862010061f,-0.04623075090467696f,-0.9887689017343656f,-0.04425448650507485f,0.8968458338216726f,-0.4401239493380027f,0.5817818473127868f,0.07308552291034816f,-0.4364686465841644f,-0.896746132910485f,0.08072065604041043f,0f,0f,0f,1f], start_interpolation: 0, interpolation_duration: 1 }
$data merge entity $(bone_right_arm1) { transformation: [-0.9087473287972273f,0.4093304564712067f,-0.0814055883154072f,-0.6875f,0.3821426692398948f,0.8945184819631502f,0.2319561720941042f,1.121748765077761f,0.16776552908780865f,0.17968100297865344f,-0.9693139142808552f,0.18463300644767838f,0f,0f,0f,1f], start_interpolation: 0, interpolation_duration: 1 }
$data merge entity $(bone_body3) { transformation: [-1f,-3.3609423373082196e-17f,1.177624918518095e-16f,-8.080517462765424e-18f,0f,0.9616037206303101f,0.2744417688143421f,0.7331403200728709f,-1.2246467991473532e-16f,0.2744417688143421f,-0.9616037206303101f,0.06598243239104855f,0f,0f,0f,1f], start_interpolation: 0, interpolation_duration: 1 }
$data merge entity $(bone_body2) { transformation: [-1f,-1.630531009406563e-17f,1.2137435762695076e-16f,7.213758426739084e-20f,0f,0.9910968428730333f,0.13314296093712916f,0.23759189863635422f,-1.2246467991473532e-16f,0.13314296093712916f,-0.9910968428730333f,-0.0005890480775160303f,0f,0f,0f,1f], start_interpolation: 0, interpolation_duration: 1 }
$data merge entity $(bone_left_leg3) { transformation: [-0.9918703647753494f,-0.01218040268465001f,-0.12666813834131674f,0.4719493426505954f,-0.01497360967778067f,0.9996647572003928f,0.021122599856492175f,-1.0354038439908093f,0.12636839198799937f,0.022847560086796448f,-0.9917202319729329f,-0.054545573107106005f,0f,0f,0f,1f], start_interpolation: 0, interpolation_duration: 1 }
$data merge entity $(bone_left_leg2) { transformation: [-0.9714264229097757f,-0.12195422120487957f,-0.20361206448299918f,0.40709542284285843f,-0.20813219999165936f,0.8500357591864923f,0.4838596856846786f,-0.47431581139980405f,0.11406880467222247f,0.5124123105806058f,-0.8511297972495708f,0.27994268063841304f,0f,0f,0f,1f], start_interpolation: 0, interpolation_duration: 1 }
$data merge entity $(bone_left_leg1) { transformation: [-0.9601582254938177f,-0.2792807517206372f,0.009921881621894954f,0.25f,-0.2441835625940209f,0.821170495986483f,-0.5158036489597624f,-0.012407407407407407f,0.13590647436915945f,-0.497675876690512f,-0.8566493751733409f,3.061616997868383e-17f,0f,0f,0f,1f], start_interpolation: 0, interpolation_duration: 1 }
$data merge entity $(bone_right_leg3) { transformation: [-0.9908338379584006f,0.00716340747843125f,0.1348962236310706f,-0.4664269247220928f,0.01552397488006646f,0.9980153059462327f,0.061028315567210945f,-1.021974026857941f,-0.13419132520602406f,0.06256304572466065f,-0.9889785404896838f,-0.07707061017647682f,0f,0f,0f,1f], start_interpolation: 0, interpolation_duration: 1 }
$data merge entity $(bone_right_leg2) { transformation: [-0.9714264236711593f,0.11353910798793518f,0.20842162639890657f,-0.4070954229748722f,0.20813216383245714f,0.8295712535400985f,0.518162655619188f,-0.474315826662369f,-0.11406886416494472f,0.5467361395199826f,-0.8294985762319942f,0.2799426553809345f,0f,0f,0f,1f], start_interpolation: 0, interpolation_duration: 1 }
$data merge entity $(bone_right_leg1) { transformation: [-0.9601582262456798f,0.2792807519553284f,-0.009921802256455356f,-0.25f,0.2441835275850423f,0.8211705231199317f,-0.5158036223361202f,-0.012407407407407407f,-0.13590653195808786f,-0.4976758317883281f,-0.8566493921231259f,-3.061616997868383e-17f,0f,0f,0f,1f], start_interpolation: 0, interpolation_duration: 1 }
$data merge entity $(bone_body1) { transformation: [-1f,2.8855033706956337e-19f,1.224643399742209e-16f,0f,0f,0.9999972241750464f,-0.002356192310064121f,-0.012407407407407407f,-1.2246467991473532e-16f,-0.002356192310064121f,-0.9999972241750464f,0f,0f,0f,0f,1f], start_interpolation: 0, interpolation_duration: 1 }