# This file was generated by Animated Java via MC-Build. It is not recommended to edit this file directly.
$data merge entity $(bone_head) { transformation: [-1f,-9.394122137680484e-17f,7.856618071952283e-17f,-1.5144737824427918e-16f,0f,0.6415415511984652f,0.7670882857180569f,0.40902814673271015f,-1.2246467991473532e-16f,0.7670882857180569f,-0.6415415511984652f,1.2366616917606184f,0f,0f,0f,1f], start_interpolation: 0, interpolation_duration: 1 }
$data merge entity $(bone_left_arm2) { transformation: [-0.35025382307781167f,0.1959160735518117f,0.9159362158706349f,0.6726882419732059f,0.07199728785662389f,0.9806183712898328f,-0.18221964885864217f,-0.5504597976297714f,-0.9338836383408096f,0.0021217947397088807f,-0.3575707594678504f,0.9576387081612499f,0f,0f,0f,1f], start_interpolation: 0, interpolation_duration: 1 }
$data merge entity $(bone_left_arm1) { transformation: [-0.3502500981063922f,0.046979352291585f,0.9354773162587782f,0.6874999999999999f,0.07207637359256838f,0.9971318188301727f,-0.023089656692484264f,0.13922310723633458f,-0.933878934951532f,0.05933865801225524f,-0.35263161871717863f,0.9517728761080191f,0f,0f,0f,1f], start_interpolation: 0, interpolation_duration: 1 }
$data merge entity $(bone_right_arm2) { transformation: [-0.35025300466915177f,-0.19591597872656974f,-0.9159365491123507f,-0.6726883021630484f,-0.0719975645410784f,0.9806183891560236f,-0.1822194433895532f,-0.5504598009801107f,0.9338839239543556f,0.0021222932539176273f,-0.3575700105587157f,0.9576384662201965f,0f,0f,0f,1f], start_interpolation: 0, interpolation_duration: 1 }
$data merge entity $(bone_right_arm1) { transformation: [-0.3502492797093848f,-0.0469792053410455f,-0.9354776300524674f,-0.6875000000000001f,-0.07207665027581528f,0.9971318035932215f,-0.02308945101008132f,0.13922310723633458f,0.933879220535544f,0.05933903039697405f,-0.35263079973744793f,0.9517728761080189f,0f,0f,0f,1f], start_interpolation: 0, interpolation_duration: 1 }
$data merge entity $(bone_body3) { transformation: [-1f,-1.1850188671662538e-16f,3.0901467136993046e-17f,-6.257096320681015e-17f,0f,0.25232962808956705f,0.9676413378872262f,0.21978092566553484f,-1.2246467991473532e-16f,0.9676413378872262f,-0.25232962808956705f,0.5109306883451988f,0f,0f,0f,1f], start_interpolation: 0, interpolation_duration: 1 }
$data merge entity $(bone_body2) { transformation: [-1f,-9.427603967350068e-17f,7.816409770539863e-17f,-1.5432943370059815e-17f,0f,0.638258294226707f,0.7698222845896412f,-0.09934822144781866f,-1.2246467991473532e-16f,0.7698222845896412f,-0.638258294226707f,0.1260195460503782f,0f,0f,0f,1f], start_interpolation: 0, interpolation_duration: 1 }
$data merge entity $(bone_left_leg3) { transformation: [-0.6720485529985636f,-0.061660214836274374f,-0.7379354716497109f,0.5275448662078641f,-0.20508918796369072f,0.9730436795262722f,0.10547237891679195f,-0.9275477079022398f,0.7115399970436875f,0.2222251462825887f,-0.6665784402204674f,-0.09681230643561312f,0f,0f,0f,1f], start_interpolation: 0, interpolation_duration: 1 }
$data merge entity $(bone_left_leg2) { transformation: [-0.6612741653767484f,0.22573953841959377f,-0.7153727273242902f,0.6860188471297343f,-0.3868219473062201f,0.7144613093920109f,0.5830212847435993f,-0.45263838068707296f,0.6427170911742652f,0.6622587848990469f,-0.3851337982267061f,0.3277525666047885f,0f,0f,0f,1f], start_interpolation: 0, interpolation_duration: 1 }
$data merge entity $(bone_left_leg1) { transformation: [-0.6280606065890936f,-0.7751446171195275f,0.0684886633068632f,0.25f,-0.39785349002163656f,0.24422338307523012f,-0.8843458258152705f,-0.315262727707256f,0.6687693734977279f,-0.5826712295196239f,-0.4617810773099588f,3.061616997868383e-17f,0f,0f,0f,1f], start_interpolation: 0, interpolation_duration: 1 }
$data merge entity $(bone_right_leg3) { transformation: [-0.6720492776282615f,0.061665120260693373f,0.737934401815342f,-0.5275481306875566f,0.20508882218696595f,0.9730444625237693f,0.1054658663539671f,-0.9275505012935827f,-0.7115394180600922f,0.22222035661717396f,-0.6665806550235625f,-0.09681061003581937f,0f,0f,0f,1f], start_interpolation: 0, interpolation_duration: 1 }
$data merge entity $(bone_right_leg2) { transformation: [-0.6612739104862077f,-0.22573477928034846f,0.7153744646921162f,-0.6860189844416322f,0.3868218615711501f,0.7144654904082327f,0.5830162179788434f,-0.4526384316261308f,-0.6427174050240969f,0.6622558964924182f,-0.38513824120712126f,0.32775236258382856f,0f,0f,0f,1f], start_interpolation: 0, interpolation_duration: 1 }
$data merge entity $(bone_right_leg1) { transformation: [-0.6280603407976477f,0.7751448612295683f,-0.06848833788708864f,-0.25f,0.39785340815874987f,0.2442234736335552f,-0.8843458376352703f,-0.315262727707256f,-0.6687696718105642f,-0.5826708668156954f,-0.4617811029380008f,-3.061616997868383e-17f,0f,0f,0f,1f], start_interpolation: 0, interpolation_duration: 1 }
$data merge entity $(bone_body1) { transformation: [-1f,-6.173177348023926e-17f,1.0576760359204044e-16f,0f,0f,0.8636580250377494f,0.5040781842015128f,-0.315262727707256f,-1.2246467991473532e-16f,0.5040781842015128f,-0.8636580250377494f,0f,0f,0f,0f,1f], start_interpolation: 0, interpolation_duration: 1 }