# This file was generated by Animated Java via MC-Build. It is not recommended to edit this file directly.
$data merge entity $(bone_head) { transformation: [-1f,-9.512498961966275e-17f,7.712868582102011e-17f,-1.5480389915932332e-16f,0f,0.6298035145702426f,0.7767544869744686f,0.33920550730571086f,-1.2246467991473532e-16f,0.7767544869744686f,-0.6298035145702426f,1.2640697649894141f,0f,0f,0f,1f], start_interpolation: 0, interpolation_duration: 1 }
$data merge entity $(bone_left_arm2) { transformation: [-0.360016822942357f,0.2210627300110493f,0.9063769395778742f,0.6013424819079094f,0.08958847161429774f,0.9752235822567862f,-0.20226930158591866f,-0.6150141481287912f,-0.9286343698960885f,0.008380573387494712f,-0.37090156785512635f,0.9858152300241982f,0f,0f,0f,1f], start_interpolation: 0, interpolation_duration: 1 }
$data merge entity $(bone_left_arm1) { transformation: [-0.359199052329368f,0.15065539128542071f,0.9210206261980893f,0.6874999999999999f,0.09498614836599975f,0.9876611512132286f,-0.12451137298557044f,0.07230469831520091f,-0.9284146015785598f,0.042759834667552454f,-0.3690771248870989f,0.9689456882267914f,0f,0f,0f,1f], start_interpolation: 0, interpolation_duration: 1 }
$data merge entity $(bone_right_arm2) { transformation: [-0.3600159592691694f,-0.22106268109007493f,-0.9063772945637858f,-0.601342495111112f,-0.0895888036544076f,0.975223588438008f,-0.20226912471721153f,-0.6150141580664895f,0.928634672694958f,0.008381144513885937f,-0.37090079682492677f,0.9858148925598315f,0f,0f,0f,1f], start_interpolation: 0, interpolation_duration: 1 }
$data merge entity $(bone_right_arm1) { transformation: [-0.359198189088908f,-0.15065530972634106f,-0.9210209762033161f,-0.6875000000000001f,-0.0949864803583971f,0.9876611415735939f,-0.12451119618198689f,0.07230469831520091f,0.9284149015953874f,0.0427603446759445f,-0.36907631110492783f,0.9689456882267912f,0f,0f,0f,1f], start_interpolation: 0, interpolation_duration: 1 }
$data merge entity $(bone_body3) { transformation: [-1f,-1.198413057332343e-16f,2.5212284045124484e-17f,-6.492291985939759e-17f,0f,0.20587392269083832f,0.9785785241644569f,0.18480006528758214f,-1.2246467991473532e-16f,0.9785785241644569f,-0.20587392269083832f,0.5301358718660716f,0f,0f,0f,1f], start_interpolation: 0, interpolation_duration: 1 }
$data merge entity $(bone_body2) { transformation: [-1f,-9.733602968082744e-17f,7.431887480708827e-17f,-1.625490501898388e-17f,0f,0.6068596664673599f,0.7948089992036607f,-0.11862976794609781f,-1.2246467991473532e-16f,0.7948089992036607f,-0.6068596664673599f,0.13273137226424123f,0f,0f,0f,1f], start_interpolation: 0, interpolation_duration: 1 }
$data merge entity $(bone_left_leg3) { transformation: [-0.6515711093342799f,-0.08041173205400615f,-0.754313623653299f,0.5261401042307946f,-0.2336255669055083f,0.9673055195608293f,0.09868701188724666f,-0.9209933522313748f,0.7217161380826785f,0.24052855376280893f,-0.6490545669323923f,-0.1166815456099008f,0f,0f,0f,1f], start_interpolation: 0, interpolation_duration: 1 }
$data merge entity $(bone_left_leg2) { transformation: [-0.6418668800033159f,0.24047931180743787f,-0.728132274348164f,0.6939838226044776f,-0.41276148106307375f,0.691898384095784f,0.5923719995376727f,-0.460485639526906f,0.6462467548122982f,0.6807689231143442f,-0.34484606017222985f,0.3199754546399454f,0f,0f,0f,1f], start_interpolation: 0, interpolation_duration: 1 }
$data merge entity $(bone_left_leg1) { transformation: [-0.6080165951348778f,-0.7893045735190712f,0.08552257165489675f,0.25f,-0.42324533846362744f,0.23111332438923787f,-0.8760422448481375f,-0.3304843945579597f,0.6716987446090691f,-0.5688452526932362f,-0.4745902179554154f,3.061616997868383e-17f,0f,0f,0f,1f], start_interpolation: 0, interpolation_duration: 1 }
$data merge entity $(bone_right_leg3) { transformation: [-0.6516437851896704f,0.08077132136924314f,0.7542124176039173f,-0.526377359673717f,0.23360456369193117f,0.9673562963714833f,0.09823799515844112f,-0.9211864139428725f,-0.721657318293095f,0.2402036417598908f,-0.6492402678818566f,-0.11656919085044792f,0f,0f,0f,1f], start_interpolation: 0, interpolation_duration: 1 }
$data merge entity $(bone_right_leg2) { transformation: [-0.6418666345431394f,-0.2401179811958702f,0.7282517274725026f,-0.6939839509982434f,0.41276140537215733f,0.6921925252115159f,0.592028318812966f,-0.46048567231387516f,-0.6462470469529944f,0.6805974310469627f,-0.34518385123990025f,0.3199752631654808f,0f,0f,0f,1f], start_interpolation: 0, interpolation_duration: 1 }
$data merge entity $(bone_right_leg1) { transformation: [-0.6080163394750011f,0.7893048017746549f,-0.08552228263378496f,-0.25f,0.42324526524550804f,0.23111338267718312f,-0.8760422648450069f,-0.3304843945579597f,-0.6716990221659399f,-0.5688449122941882f,-0.4745902331257329f,-3.061616997868383e-17f,0f,0f,0f,1f], start_interpolation: 0, interpolation_duration: 1 }
$data merge entity $(bone_body1) { transformation: [-1f,-6.501962007593552e-17f,1.0377883614590974e-16f,0f,0f,0.8474185064474475f,0.5309254890569649f,-0.3304843945579597f,-1.2246467991473532e-16f,0.5309254890569649f,-0.8474185064474475f,0f,0f,0f,0f,1f], start_interpolation: 0, interpolation_duration: 1 }