# This file was generated by Animated Java via MC-Build. It is not recommended to edit this file directly.
$data merge entity $(bone_head) { transformation: [-1f,-9.53627919088763e-17f,7.683446977732672e-17f,-1.5529081615219698e-16f,0f,0.6274010582546893f,0.7786962900264108f,0.3289218713725912f,-1.2246467991473532e-16f,0.7786962900264108f,-0.6274010582546893f,1.2680457439672934f,0f,0f,0f,1f], start_interpolation: 0, interpolation_duration: 1 }
$data merge entity $(bone_left_arm2) { transformation: [-0.35944266601371866f,0.22513572351155622f,0.9056019411683469f,0.5917396926764036f,0.0932599669434098f,0.9742686336174332f,-0.20519066283565127f,-0.623725882467127f,-0.9284953141587006f,0.010702128206479356f,-0.37118986521346137f,0.9878456724653957f,0f,0f,0f,1f], start_interpolation: 0, interpolation_duration: 1 }
$data merge entity $(bone_left_arm1) { transformation: [-0.3582696138097695f,0.16440526961917817f,0.9190287216088753f,0.6874999999999999f,0.10034941462630337f,0.9854516451835587f,-0.1371679626923709f,0.06265673958935986f,-0.9282095015699616f,0.043080881217342104f,-0.3695553529158796f,0.9712223627880049f,0f,0f,0f,1f], start_interpolation: 0, interpolation_duration: 1 }
$data merge entity $(bone_right_arm2) { transformation: [-0.35944179515421587f,-0.22513567965101378f,-0.9056022977247746f,-0.5917397008292726f,-0.093260306829677f,0.9742686373631594f,-0.20519049057051267f,-0.6237258920960975f,0.9284956171497795f,0.010702709872233658f,-0.37118909053882715f,0.9878453218433872f,0f,0f,0f,1f], start_interpolation: 0, interpolation_duration: 1 }
$data merge entity $(bone_right_arm1) { transformation: [-0.3582687434651791f,-0.1644051948892285f,-0.9190290742676843f,-0.6875000000000001f,-0.10034975444478655f,0.9854516345360383f,-0.1371677905819067f,0.06265673958935986f,0.9282098007663748f,0.04308140995470702f,-0.36955453978751474f,0.9712223627880047f,0f,0f,0f,1f], start_interpolation: 0, interpolation_duration: 1 }
$data merge entity $(bone_body3) { transformation: [-1f,-1.2003020567223996e-16f,2.4297068812890727e-17f,-6.5268161898017e-17f,0f,0.19840062318218854f,0.9801210092233098f,0.1801214039859498f,-1.2246467991473532e-16f,0.9801210092233098f,-0.19840062318218854f,0.5329549870498109f,0f,0f,0f,1f], start_interpolation: 0, interpolation_duration: 1 }
$data merge entity $(bone_body2) { transformation: [-1f,-9.77867507516007e-17f,7.372482081404402e-17f,-1.6374786522216645e-17f,0f,0.6020088474927964f,0.7984894160478242f,-0.12088301976044838f,-1.2246467991473532e-16f,0.7984894160478242f,-0.6020088474927964f,0.1337102790258988f,0f,0f,0f,1f], start_interpolation: 0, interpolation_duration: 1 }
$data merge entity $(bone_left_leg3) { transformation: [-0.6479458848616008f,-0.08305485732183326f,-0.757144649962058f,0.526222960062537f,-0.23805567490941285f,0.966322919915525f,0.09772159479540887f,-0.9187867624933233f,0.723529975836759f,0.24356088586056698f,-0.6458966395209647f,-0.11917550214846456f,0f,0f,0f,1f], start_interpolation: 0, interpolation_duration: 1 }
$data merge entity $(bone_left_leg2) { transformation: [-0.6383107018497254f,0.24250267794057845f,-0.7305832595233477f,0.6953389471774436f,-0.4168158525454288f,0.6890261493591127f,0.5928806883059874f,-0.46010060428038324f,0.6471661247090567f,0.6829607724393856f,-0.338733804539877f,0.31890553406630323f,0f,0f,0f,1f], start_interpolation: 0, interpolation_duration: 1 }
$data merge entity $(bone_left_leg1) { transformation: [-0.604351845033586f,-0.7917136838710107f,0.08915318376756683f,0.25f,-0.42714663969452427f,0.22751897253694514f,-0.8750890613722749f,-0.33212118222835163f,0.6725359437250745f,-0.5669431716734279f,-0.4756793504985238f,3.061616997868383e-17f,0f,0f,0f,1f], start_interpolation: 0, interpolation_duration: 1 }
$data merge entity $(bone_right_leg3) { transformation: [-0.6480420287878776f,0.08352984587447104f,0.7570101014997612f,-0.5265363399593517f,0.2380278433849214f,0.9663892448311094f,0.09713173141812004f,-0.9190410635331883f,-0.7234530217629995f,0.24313492616846627f,-0.6461432758909125f,-0.11903018057264508f,0f,0f,0f,1f], start_interpolation: 0, interpolation_duration: 1 }
$data merge entity $(bone_right_leg2) { transformation: [-0.6383104563448451f,-0.24202534732740547f,0.7307417413641324f,-0.6953390750233497f,0.41681577835375694f,0.6894136104571545f,0.5924301483143671f,-0.4601006351339032f,-0.6471664146386056f,0.6827390460252585f,-0.33917993277364283f,0.3189053431527026f,0f,0f,0f,1f], start_interpolation: 0, interpolation_duration: 1 }
$data merge entity $(bone_right_leg1) { transformation: [-0.6043515893714874f,0.7917139111526218f,-0.08915289850350087f,-0.25f,0.42714656782700444f,0.22751902738764718f,-0.875089082191173f,-0.33212118222835163f,-0.6725362191122256f,-0.5669428322714714f,-0.4756793656637157f,-3.061616997868383e-17f,0f,0f,0f,1f], start_interpolation: 0, interpolation_duration: 1 }
$data merge entity $(bone_body1) { transformation: [-1f,-6.549914608886658e-17f,1.0347685580963452e-16f,0f,0f,0.844952649871613f,0.5348411161035952f,-0.33212118222835163f,-1.2246467991473532e-16f,0.5348411161035952f,-0.844952649871613f,0f,0f,0f,0f,1f], start_interpolation: 0, interpolation_duration: 1 }