# This file was generated by Animated Java via MC-Build. It is not recommended to edit this file directly.
$data merge entity $(bone_head) { transformation: [-1f,-9.544212402023344e-17f,7.673590286902838e-17f,-1.5544356871771435e-16f,0f,0.6265961983688266f,0.7793440858758948f,0.3256922738920208f,-1.2246467991473532e-16f,0.7793440858758948f,-0.6265961983688266f,1.2692930633219328f,0f,0f,0f,1f], start_interpolation: 0, interpolation_duration: 1 }
$data merge entity $(bone_left_arm2) { transformation: [-0.3591175170308495f,0.22644903260021265f,0.9054034706118731f,0.5887827773837184f,0.09449681957049812f,0.9739546652198525f,-0.20611322419375605f,-0.6264217353060272f,-0.9284960743334664f,0.011538879101228642f,-0.3711628944499018f,0.9883175771324306f,0f,0f,0f,1f], start_interpolation: 0, interpolation_duration: 1 }
$data merge entity $(bone_left_arm1) { transformation: [-0.35781262508497447f,0.1686258635184582f,0.9184418563428245f,0.6874999999999999f,0.1021837176144059f,0.9847240595216549f,-0.14098586614867287f,0.05964206121143724f,-0.9281856566357286f,0.04340328042725061f,-0.36957751834203145f,0.9719224527218906f,0f,0f,0f,1f], start_interpolation: 0, interpolation_duration: 1 }
$data merge entity $(bone_right_arm2) { transformation: [-0.3591166438707686f,-0.22644899018550632f,-0.9054038275482162f,-0.588782784118561f,-0.0944971618904848f,0.9739546681508681f,-0.2061130533997687f,-0.6264217447511083f,0.9284963772086776f,0.011539464073206995f,-0.3711621185941044f,0.988317222444895f,0f,0f,0f,1f], start_interpolation: 0, interpolation_duration: 1 }
$data merge entity $(bone_right_arm1) { transformation: [-0.3578117524666472f,-0.16862579068486017f,-0.918442209674976f,-0.6875000000000001f,-0.10218405985829723f,0.9847240484342917f,-0.14098569553701013f,0.05964206121143724f,0.9281859553492623f,0.04340381493698783f,-0.36957670535531995f,0.9719224527218904f,0f,0f,0f,1f], start_interpolation: 0, interpolation_duration: 1 }
$data merge entity $(bone_body3) { transformation: [-1f,-1.200891788010792e-16f,2.4003894715254157e-17f,-6.537668461690496e-17f,0f,0.19600667500185837f,0.9806025613645499f,0.178687267640627f,-1.2246467991473532e-16f,0.9806025613645499f,-0.19600667500185837f,0.5338411422985203f,0f,0f,0f,1f], start_interpolation: 0, interpolation_duration: 1 }
$data merge entity $(bone_body2) { transformation: [-1f,-9.792858668988815e-17f,7.353631575989946e-17f,-1.641239127196088e-17f,0f,0.6004695869135354f,0.7996475943763528f,-0.12154752581614067f,-1.2246467991473532e-16f,0.7996475943763528f,-0.6004695869135354f,0.13401734511034386f,0f,0f,0f,1f], start_interpolation: 0, interpolation_duration: 1 }
$data merge entity $(bone_left_leg3) { transformation: [-0.6467619867261194f,-0.08387547902271375f,-0.7580658523801175f,0.526269986548409f,-0.2394637430707981f,0.9660052651932441f,0.09742147285611275f,-0.9180037253225863f,0.724124332059492f,0.244537791839302f,-0.6448606206629097f,-0.11992990044606466f,0f,0f,0f,1f], start_interpolation: 0, interpolation_duration: 1 }
$data merge entity $(bone_left_leg2) { transformation: [-0.6371417703744858f,0.24312656586048115f,-0.731395814465024f,0.695777135556451f,-0.41810685876659703f,0.6881581999634379f,0.5929797184351345f,-0.45986698692835215f,0.6474851497110917f,0.6836137541009335f,-0.33680144908778853f,0.31857467021843716f,0f,0f,0f,1f], start_interpolation: 0, interpolation_duration: 1 }
$data merge entity $(bone_left_leg1) { transformation: [-0.6031477879919193f,-0.7924926854336908f,0.09037748267434992f,0.25f,-0.42838427499686543f,0.22626840766906814f,-0.8748082764962363f,-0.33259100761450133f,0.6728295911862564f,-0.5663549692772215f,-0.47596469406788255f,3.061616997868383e-17f,0f,0f,0f,1f], start_interpolation: 0, interpolation_duration: 1 }
$data merge entity $(bone_right_leg3) { transformation: [-0.6468664690721877f,0.08439145619735333f,0.757919424022746f,-0.5266104052005548f,0.23943348944613901f,0.966077055433031f,0.09678185314143728f,-0.918279685354677f,-0.7240410038953085f,0.2440762280246385f,-0.645128994536394f,-0.11977310296294952f,0f,0f,0f,1f], start_interpolation: 0, interpolation_duration: 1 }
$data merge entity $(bone_right_leg2) { transformation: [-0.6371415247474627f,-0.24260803316063084f,0.7315681920972297f,-0.6957772632863979f,0.4181067850524537f,0.6885786660767648f,0.5924914656913172f,-0.4598670172253555f,-0.6474854390143301f,0.6833745406948333f,-0.3372859964400334f,0.3185744793834359f,0f,0f,0f,1f], start_interpolation: 0, interpolation_duration: 1 }
$data merge entity $(bone_right_leg1) { transformation: [-0.603147532216562f,0.7924929125091519f,-0.09037719847302822f,-0.25f,0.42838420356413254f,0.22626846153040742f,-0.8748082975448888f,-0.33259100761450133f,-0.6728298659526011f,-0.5663546300149973f,-0.47596470934595614f,-3.061616997868383e-17f,0f,0f,0f,1f], start_interpolation: 0, interpolation_duration: 1 }
$data merge entity $(bone_body1) { transformation: [-1f,-6.564956508784352e-17f,1.0338148978611004e-16f,0f,0f,0.8441739271934426f,0.5360693804413754f,-0.33259100761450133f,-1.2246467991473532e-16f,0.5360693804413754f,-0.8441739271934426f,0f,0f,0f,0f,1f], start_interpolation: 0, interpolation_duration: 1 }