# This file was generated by Animated Java via MC-Build. It is not recommended to edit this file directly.
$data merge entity $(bone_head) { transformation: [-1f,-9.684652320566927e-17f,7.495564534838147e-17f,-1.5748075270798038e-16f,0f,0.6120592925288213f,0.7908118754982874f,0.28322537094107647f,-1.2246467991473532e-16f,0.7908118754982874f,-0.6120592925288213f,1.285927932997699f,0f,0f,0f,1f], start_interpolation: 0, interpolation_duration: 1 }
$data merge entity $(bone_left_arm2) { transformation: [-0.34355350140282864f,0.24658472645199364f,0.906182633002008f,0.5541979498899525f,0.11747730296630399f,0.9686187107141809f,-0.2190362448138689f,-0.6597914924651657f,-0.9317564461604866f,0.03120522288004822f,-0.36174045820641443f,0.9815649748021756f,0f,0f,0f,1f], start_interpolation: 0, interpolation_duration: 1 }
$data merge entity $(bone_left_arm1) { transformation: [-0.3390310557850641f,0.2171060161072152f,0.91538129813937f,0.6874999999999999f,0.13813743309420648f,0.9739494333125901f,-0.1798347878699451f,0.021161239460320475f,-0.9305783109397125f,0.06547884482898467f,-0.3601895724315924f,0.980352317761728f,0f,0f,0f,1f], start_interpolation: 0, interpolation_duration: 1 }
$data merge entity $(bone_right_arm2) { transformation: [-0.34355259436495605f,-0.24658469101414152f,-0.9061829865223515f,-0.5541979522518485f,-0.11747767447831163f,0.9686186994949508f,-0.21903609517127112f,-0.6597914936444922f,0.9317567337584827f,0.03120585115279747f,-0.36173966322419454f,0.9815645721317696f,0f,0f,0f,1f], start_interpolation: 0, interpolation_duration: 1 }
$data merge entity $(bone_right_arm1) { transformation: [-0.33903015000234504f,-0.21710594725478533f,-0.9153816499449778f,-0.6875000000000001f,-0.138137804157733f,0.9739494082085843f,-0.1798346388008396f,0.021161239460320475f,0.930578585854987f,0.06547944652141566f,-0.36018875278301216f,0.9803523177617278f,0f,0f,0f,1f], start_interpolation: 0, interpolation_duration: 1 }
$data merge entity $(bone_body3) { transformation: [-1f,-1.2087002139633234e-16f,1.969862315667615e-17f,-6.682823666073112e-17f,0f,0.16085146485003743f,0.9869786250246746f,0.16258677230354837f,-1.2246467991473532e-16f,0.9869786250246746f,-0.16085146485003743f,0.5456939642291929f,0f,0f,0f,1f], start_interpolation: 0, interpolation_duration: 1 }
$data merge entity $(bone_body2) { transformation: [-1f,-9.98423426769127e-17f,7.091617893967858e-17f,-1.6907065322274774e-17f,0f,0.5790745461389617f,0.8152745979202072f,-0.12695050076593248f,-1.2246467991473532e-16f,0.8152745979202072f,-0.5790745461389617f,0.13805666526908927f,0f,0f,0f,1f], start_interpolation: 0, interpolation_duration: 1 }
$data merge entity $(bone_left_leg3) { transformation: [-0.6276751346580038f,-0.09386253150595275f,-0.7727960601034083f,0.528522541585841f,-0.2592471279863124f,0.9612440279822666f,0.09381282054855972f,-0.9008127556303815f,0.7340400887982244f,0.2592291338714108f,-0.6276825664214141f,-0.12786954963689084f,0f,0f,0f,1f], start_interpolation: 0, interpolation_duration: 1 }
$data merge entity $(bone_left_leg2) { transformation: [-0.6177179745655726f,0.25039655265857313f,-0.7454703685025373f,0.7024971226206167f,-0.43644986536418184f,0.6793963603857324f,0.5898576951419787f,-0.44813936498092927f,0.6541681885587176f,0.6897261426909397f,-0.3103898019692066f,0.31454185355780834f,0f,0f,0f,1f], start_interpolation: 0, interpolation_duration: 1 }
$data merge entity $(bone_left_leg1) { transformation: [-0.5831838856937156f,-0.8044393291033186f,0.11302177338452024f,0.25f,-0.44561845034327874f,0.2004717508316807f,-0.8724879791906219f,-0.3353740051381089f,0.6792059718383179f,-0.5591855174361036f,-0.47538490185204973f,3.061616997868383e-17f,0f,0f,0f,1f], start_interpolation: 0, interpolation_duration: 1 }
$data merge entity $(bone_right_leg3) { transformation: [-0.6279651445118969f,0.09529071766770869f,0.7723855620119565f,-0.5294648170336385f,0.2591649049827381f,0.9614325354837756f,0.09209251727761142f,-0.9015573740197904f,-0.7338210471930066f,0.25800612170956716f,-0.6284421308735975f,-0.12747657031385157f,0f,0f,0f,1f], start_interpolation: 0, interpolation_duration: 1 }
$data merge entity $(bone_right_leg2) { transformation: [-0.617717718759256f,-0.24896090947276575f,0.7459512621380532f,-0.7024972532307543f,0.43644979874728373f,0.6805309778376247f,0.5885483509252424f,-0.4481393917084229f,-0.6541684745570642f,0.6891270229484984f,-0.31171710433953403f,0.31454165608114637f,0f,0f,0f,1f], start_interpolation: 0, interpolation_duration: 1 }
$data merge entity $(bone_right_leg1) { transformation: [-0.5831836195058084f,0.8044395612991188f,-0.11302149422559243f,-0.25f,0.4456183857374892f,0.2004717983472249f,-0.8724880012700138f,-0.3353740051381089f,-0.6792062427811001f,-0.5591851663664825f,-0.4753849276984605f,-3.061616997868383e-17f,0f,0f,0f,1f], start_interpolation: 0, interpolation_duration: 1 }
$data merge entity $(bone_body1) { transformation: [-1f,-6.76282612890991e-17f,1.0209807099858409e-16f,0f,0f,0.8336940174887056f,0.5522266610763571f,-0.3353740051381089f,-1.2246467991473532e-16f,0.5522266610763571f,-0.8336940174887056f,0f,0f,0f,0f,1f], start_interpolation: 0, interpolation_duration: 1 }