# This file was generated by Animated Java via MC-Build. It is not recommended to edit this file directly.
$data merge entity $(bone_head) { transformation: [-1f,-9.697180204017904e-17f,7.479349861919085e-17f,-1.5760331903454492e-16f,0f,0.6107352640064465f,0.7918348548144214f,0.280844695160241f,-1.2246467991473532e-16f,0.7918348548144214f,-0.6107352640064465f,1.2869287630055823f,0f,0f,0f,1f], start_interpolation: 0, interpolation_duration: 1 }
$data merge entity $(bone_left_arm2) { transformation: [-0.34121348799568985f,0.2480807507583461f,0.9066583130998086f,0.5528056277252249f,0.1196344115395828f,0.96816204421463f,-0.21988602438019111f,-0.6614743573492452f,-0.9323416558244045f,0.03343945641489606f,-0.36002894268278385f,0.9795585179823726f,0f,0f,0f,1f], start_interpolation: 0, interpolation_duration: 1 }
$data merge entity $(bone_left_arm1) { transformation: [-0.3363487241059989f,0.2189414104612854f,0.9159335099107847f,0.6874999999999999f,0.14167903997496983f,0.9732941611688151f,-0.18062537326317984f,0.019148502757800917f,-0.9310191112023625f,0.06901546652682408f,-0.3583856581338702f,0.9807676372502377f,0f,0f,0f,1f], start_interpolation: 0, interpolation_duration: 1 }
$data merge entity $(bone_right_arm2) { transformation: [-0.34121257858357157f,-0.24808071412256275f,-0.9066586653734631f,-0.5528056317179493f,-0.11963478430197877f,0.9681620318195343f,-0.219885876145081f,-0.6614743574205045f,0.9323419408142962f,0.03344008707390314f,-0.3600281460873868f,0.9795581133780187f,0f,0f,0f,1f], start_interpolation: 0, interpolation_duration: 1 }
$data merge entity $(bone_right_arm1) { transformation: [-0.33634781607570086f,-0.21894133908437768f,-0.9159338604184508f,-0.6875000000000001f,-0.14167941222669483f,0.9732941343757598f,-0.180625225649239f,0.019148502757800917f,0.9310193825974863f,0.06901607080731131f,-0.3583848367301767f,0.9807676372502375f,0f,0f,0f,1f], start_interpolation: 0, interpolation_duration: 1 }
$data merge entity $(bone_body3) { transformation: [-1f,-1.2091843017035206e-16f,1.939925441238059e-17f,-6.691449640678087e-17f,0f,0.1584069335410594f,0.9873739126623298f,0.16203949500444645f,-1.2246467991473532e-16f,0.9873739126623298f,-0.1584069335410594f,0.546398328508835f,0f,0f,0f,1f], start_interpolation: 0, interpolation_duration: 1 }
$data merge entity $(bone_body2) { transformation: [-1f,-9.995863909486871e-17f,7.07521610759725e-17f,-1.6935176859346513e-17f,0f,0.5777352386437699f,0.8162242302389866f,-0.12682812431743848f,-1.2246467991473532e-16f,0.8162242302389866f,-0.5777352386437699f,0.13828621338934166f,0f,0f,0f,1f], start_interpolation: 0, interpolation_duration: 1 }
$data merge entity $(bone_left_leg3) { transformation: [-0.6261585577632327f,-0.09431237199818088f,-0.7739706951997245f,0.5288614849552056f,-0.26051221980192774f,0.9609161447689853f,0.09366720907650844f,-0.898975586279827f,0.7348869599290356f,0.26027934841317524f,-0.6262553927239848f,-0.12808526981565577f,0f,0f,0f,1f], start_interpolation: 0, interpolation_duration: 1 }
$data merge entity $(bone_left_leg2) { transformation: [-0.6161133650582299f,0.25068330374192316f,-0.7467008789479619f,0.7029991743648775f,-0.43764900012540886f,0.6792421982832295f,0.5891463220292525f,-0.4463846280294982f,0.6548798928703293f,0.6897738160414617f,-0.3087788992430428f,0.3143462986354546f,0f,0f,0f,1f], start_interpolation: 0, interpolation_duration: 1 }
$data merge entity $(bone_left_leg1) { transformation: [-0.5815387785164031f,-0.80533186553756f,0.11512269729051267f,0.25f,-0.4467038406818564f,0.19784041002930858f,-0.8725335815196532f,-0.33509939738801214f,0.6799031753137562f,-0.5588378642408081f,-0.47479670774874094f,3.061616997868383e-17f,0f,0f,0f,1f], start_interpolation: 0, interpolation_duration: 1 }
$data merge entity $(bone_right_leg3) { transformation: [-0.6264686738293246f,0.09583962020394249f,0.7735320083291263f,-0.5298691371361242f,0.2604246924597321f,0.9611170081680552f,0.09183178190224062f,-0.8997695119117464f,-0.7346536464673545f,0.2589765700005518f,-0.6270687011189192f,-0.1276678359558464f,0f,0f,0f,1f], start_interpolation: 0, interpolation_duration: 1 }
$data merge entity $(bone_right_leg2) { transformation: [-0.6161131075693901f,-0.24914804002597352f,0.747214756835279f,-0.702999305708941f,0.43764893403122773f,0.6804519501572335f,0.5877487167732043f,-0.4463846550268239f,-0.6548801792866532f,0.6891374301824228f,-0.31019599142968807f,0.3143460998000146f,0f,0f,0f,1f], start_interpolation: 0, interpolation_duration: 1 }
$data merge entity $(bone_right_leg1) { transformation: [-0.581538510587403f,0.8053320990381173f,-0.11512241728979222f,-0.25f,0.446703776620226f,0.19784045802455424f,-0.8725336034341954f,-0.33509939738801214f,-0.6799034465694463f,-0.5588375107555816f,-0.4747967353673495f,-3.061616997868383e-17f,0f,0f,0f,1f], start_interpolation: 0, interpolation_duration: 1 }
$data merge entity $(bone_body1) { transformation: [-1f,-6.774070743738605e-17f,1.0202349916808895e-16f,0f,0f,0.8330850922822947f,0.5531448535573666f,-0.33509939738801214f,-1.2246467991473532e-16f,0.5531448535573666f,-0.8330850922822947f,0f,0f,0f,0f,1f], start_interpolation: 0, interpolation_duration: 1 }