# This file was generated by Animated Java via MC-Build. It is not recommended to edit this file directly.
$data merge entity $(bone_head) { transformation: [-1f,-9.725551469242589e-17f,7.442420767821385e-17f,-1.5783578680169627e-16f,0f,0.6077197746324156f,0.7941515444301084f,0.2766298427651326f,-1.2246467991473532e-16f,0.7941515444301084f,-0.6077197746324156f,1.2888270063792082f,0f,0f,0f,1f], start_interpolation: 0, interpolation_duration: 1 }
$data merge entity $(bone_left_arm2) { transformation: [-0.3351049677219501f,0.2511955362002298f,0.9080778948973207f,0.5510769153507402f,0.12459328145511639f,0.9671545884955316f,-0.2215592836427413f,-0.6642534016573944f,-0.9339064058160843f,0.03889478814851256f,-0.3553955833019951f,0.9739246844789228f,0f,0f,0f,1f], start_interpolation: 0, interpolation_duration: 1 }
$data merge entity $(bone_left_arm1) { transformation: [-0.3294613254153379f,0.2210088950980419f,0.9179380716274443f,0.6874999999999999f,0.14995961873422078f,0.9721256411818431f,-0.1802327675698216f,0.015770762813382078f,-0.9321841812671227f,0.07827391675604972f,-0.3534202118597789f,0.9814661492340369f,0f,0f,0f,1f], start_interpolation: 0, interpolation_duration: 1 }
$data merge entity $(bone_right_arm2) { transformation: [-0.33510405348191463f,-0.2511954953520171f,-0.9080782435753236f,-0.5510769246752261f,-0.1245936559226299f,0.9671545735761767f,-0.22155913818779166f,-0.6642533990146499f,0.9339066839057442f,0.038895422938161554f,-0.3553947830661531f,0.9739242775125622f,0f,0f,0f,1f], start_interpolation: 0, interpolation_duration: 1 }
$data merge entity $(bone_right_arm1) { transformation: [-0.32946041293424255f,-0.22100881567082192f,-0.9179384182530869f,-0.6875000000000001f,-0.14995999252550088f,0.9721256103463386f,-0.18023262288084907f,0.015770762813382078f,0.9321844436327771f,0.07827452398155707f,-0.35341938535472334f,0.9814661492340366f,0f,0f,0f,1f], start_interpolation: 0, interpolation_duration: 1 }
$data merge entity $(bone_body3) { transformation: [-1f,-1.2101420784779457e-16f,1.8792533772467886e-17f,-6.707513091585034e-17f,0f,0.15345268354559033f,0.9881559967498336f,0.16154033010593982f,-1.2246467991473532e-16f,0.9881559967498336f,-0.15345268354559033f,0.5477100088168332f,0f,0f,0f,1f], start_interpolation: 0, interpolation_duration: 1 }
$data merge entity $(bone_body2) { transformation: [-1f,-1.0017881023295245e-16f,7.044007245118843e-17f,-1.698572579937411e-17f,0f,0.5751868416283908f,0.8180220640163421f,-0.1260530907082556f,-1.2246467991473532e-16f,0.8180220640163421f,-0.5751868416283908f,0.13869897680866217f,0f,0f,0f,1f], start_interpolation: 0, interpolation_duration: 1 }
$data merge entity $(bone_left_leg3) { transformation: [-0.6228928077824014f,-0.09495790534399168f,-0.7765227274366397f,0.5297482127986035f,-0.262948981056283f,0.9602686135728679f,0.09349878688146351f,-0.8945808562796538f,0.7367919539289358f,0.2624255818313534f,-0.6231134973871588f,-0.12818231014605475f,0f,0f,0f,1f], start_interpolation: 0, interpolation_duration: 1 }
$data merge entity $(bone_left_leg2) { transformation: [-0.612600546506434f,0.2510339032535097f,-0.7494681780017921f,0.7040610953478823f,-0.4399899625569942f,0.6794092614146732f,0.5872068531216778f,-0.44184368531132145f,0.6566044496263435f,0.6894817147113301f,-0.3057540871511135f,0.31403062060784404f,0f,0f,0f,1f], start_interpolation: 0, interpolation_duration: 1 }
$data merge entity $(bone_left_leg1) { transformation: [-0.5779401876275363f,-0.8072197250629017f,0.11992270424911766f,0.25f,-0.44877604394444226f,0.19163373305158637f,-0.8728554145666334f,-0.33404971046980414f,0.6816048722732434f,-0.5582766588583893f,-0.4730137104432484f,3.061616997868383e-17f,0f,0f,0f,1f], start_interpolation: 0, interpolation_duration: 1 }
$data merge entity $(bone_right_leg3) { transformation: [-0.623251200513049f,0.09672334727628418f,0.7760170972025773f,-0.5309130798923282f,0.2628490801477181f,0.9604991800880539f,0.0913875599612724f,-0.8954920214035368f,-0.7365244748985207f,0.26093278663642117f,-0.6240559099420584f,-0.12770608067246358f,0f,0f,0f,1f], start_interpolation: 0, interpolation_duration: 1 }
$data merge entity $(bone_right_leg2) { transformation: [-0.6126002845677456f,-0.24925907720519147f,0.7500605334093599f,-0.7040612287546061f,0.43998989755944584f,0.6807976622458494f,0.5855966471268556f,-0.4418437134053318f,-0.6566047375652612f,0.688755729929997f,-0.3073853657795891f,0.31403041806963977f,0f,0f,0f,1f], start_interpolation: 0, interpolation_duration: 1 }
$data merge entity $(bone_right_leg1) { transformation: [-0.5779399150843457f,0.8072199622304108f,-0.11992242129407404f,-0.25f,0.4487759810656135f,0.19163378299649364f,-0.8728554359302857f,-0.33404971046980414f,-0.6816051447655713f,-0.5582762987904708f,-0.4730137427579856f,-3.061616997868383e-17f,0f,0f,0f,1f], start_interpolation: 0, interpolation_duration: 1 }
$data merge entity $(bone_body1) { transformation: [-1f,-6.794290319749644e-17f,1.0188895784977981e-16f,0f,0f,0.8319864790461942f,0.5547959072346487f,-0.33404971046980414f,-1.2246467991473532e-16f,0.5547959072346487f,-0.8319864790461942f,0f,0f,0f,0f,1f], start_interpolation: 0, interpolation_duration: 1 }