# This file was generated by Animated Java via MC-Build. It is not recommended to edit this file directly.
$data merge entity $(bone_head) { transformation: [-1f,-9.781439356695813e-17f,7.368814177156864e-17f,-1.5770900380231293e-16f,0f,0.6017093403818408f,0.7987151367648233f,0.28437325715009415f,-1.2246467991473532e-16f,0.7987151367648233f,-0.6017093403818408f,1.2877917446247853f,0f,0f,0f,1f], start_interpolation: 0, interpolation_duration: 1 }
$data merge entity $(bone_left_arm2) { transformation: [-0.3120915398858249f,0.25315561074756665f,0.9157025212800939f,0.5672782204690443f,0.1349149082754371f,0.9658861221053938f,-0.22104743076822816f,-0.6557281869045151f,-0.940423754621673f,0.054554888609828864f,-0.3355993532056405f,0.9493860052891894f,0f,0f,0f,1f], start_interpolation: 0, interpolation_duration: 1 }
$data merge entity $(bone_left_arm1) { transformation: [-0.3053853379873547f,0.19629034432589693f,0.9317778147534795f,0.6874999999999999f,0.16923549125904044f,0.974133052054464f,-0.1497469378430361f,0.025137047128097695f,-0.9370694445134043f,0.11195935699831344f,-0.33070524419770525f,0.9798134125151443f,0f,0f,0f,1f], start_interpolation: 0, interpolation_duration: 1 }
$data merge entity $(bone_right_arm2) { transformation: [-0.3120906238780287f,-0.25315554236831284f,-0.9157028523793231f,-0.5672782608318196f,-0.13491527132742398f,0.9658861047232734f,-0.22104728513408595f,-0.6557281768815475f,0.9404240065258174f,0.054555513660011094f,-0.33559854570486736f,0.949385621533178f,0f,0f,0f,1f], start_interpolation: 0, interpolation_duration: 1 }
$data merge entity $(bone_right_arm1) { transformation: [-0.3053844257915054f,-0.19629021977460476f,-0.9317781399586653f,-0.6875000000000001f,-0.1692358531036288f,0.9741330113230515f,-0.1497467938720926f,0.025137047128097695f,0.9370696764426217f,0.11195992975846927f,-0.33070439310689403f,0.9798134125151441f,0f,0f,0f,1f], start_interpolation: 0, interpolation_duration: 1 }
$data merge entity $(bone_body3) { transformation: [-1f,-1.210464674099411e-16f,1.8583609826743683e-17f,-6.692415324485709e-17f,0f,0.15174669006347236f,0.9884194160652555f,0.17056323960248987f,-1.2246467991473532e-16f,0.9884194160652555f,-0.15174669006347236f,0.5464771825758438f,0f,0f,0f,1f], start_interpolation: 0, interpolation_duration: 1 }
$data merge entity $(bone_body2) { transformation: [-1f,-1.0003417584516462e-16f,7.064532178139797e-17f,-1.6907065322274777e-17f,0f,0.5768628295977583f,0.816841034613509f,-0.11786817519638926f,-1.2246467991473532e-16f,0.816841034613509f,-0.5768628295977583f,0.1380566652690893f,0f,0f,0f,1f], start_interpolation: 0, interpolation_duration: 1 }
$data merge entity $(bone_left_leg3) { transformation: [-0.6190221215223021f,-0.09114002749860106f,-0.7800673743040292f,0.5331766020222521f,-0.2617396792879348f,0.9604026718637286f,0.09549370745373748f,-0.8830550676098399f,0.740475491392036f,0.2632873017533609f,-0.6183654610205505f,-0.12309496640856854f,0f,0f,0f,1f], start_interpolation: 0, interpolation_duration: 1 }
$data merge entity $(bone_left_leg2) { transformation: [-0.6076243080773354f,0.2477675886980527f,-0.7545885781167722f,0.7052682119190576f,-0.4393254764619379f,0.6866537353939399f,0.5792234226971836f,-0.425574093187849f,0.6616538566085975f,0.6834602180524496f,-0.30837688690086307f,0.31508746017884215f,0f,0f,0f,1f], start_interpolation: 0, interpolation_duration: 1 }
$data merge entity $(bone_left_leg1) { transformation: [-0.5728655126806762f,-0.8093657100783248f,0.1294304899570224f,0.25f,-0.44745026206807753f,0.1765020686565038f,-0.8767184740469334f,-0.32629167956856564f,0.6867411210611424f,-0.560155484762386f,-0.46326284713357035f,3.061616997868383e-17f,0f,0f,0f,1f], start_interpolation: 0, interpolation_duration: 1 }
$data merge entity $(bone_right_leg3) { transformation: [-0.6195075415950001f,0.09353769623555341f,0.7793979120384301f,-0.5347588915694258f,0.26161159792679556f,0.9607165646618208f,0.09264477435116181f,-0.8842668124578694f,-0.7401147057970863f,0.2612936695890935f,-0.619641703321813f,-0.12244646993257796f,0f,0f,0f,1f], start_interpolation: 0, interpolation_duration: 1 }
$data merge entity $(bone_right_leg2) { transformation: [-0.6076240290663203f,-0.24535670510794597f,0.7553761490540881f,-0.7052683547506766f,0.4393254122292346f,0.6885001490347384f,0.5770274923682195f,-0.4255741300877405f,-0.6616541554851935f,0.682471707866132f,-0.3105577989544947f,0.31508724217511497f,0f,0f,0f,1f], start_interpolation: 0, interpolation_duration: 1 }
$data merge entity $(bone_right_leg1) { transformation: [-0.572865222317339f,0.8093659640012029f,-0.12943018726598937f,-0.25f,0.44745020063833013f,0.17650213425631078f,-0.8767184921921545f,-0.32629167956856564f,-0.6867414033011433f,-0.5601550972002045f,-0.46326289736240006f,-3.061616997868383e-17f,0f,0f,0f,1f], start_interpolation: 0, interpolation_duration: 1 }
$data merge entity $(bone_body1) { transformation: [-1f,-6.762826128909911e-17f,1.0209807099858408e-16f,0f,0f,0.8336940174887055f,0.5522266610763572f,-0.32629167956856564f,-1.2246467991473532e-16f,0.5522266610763572f,-0.8336940174887055f,0f,0f,0f,0f,1f], start_interpolation: 0, interpolation_duration: 1 }