# This file was generated by Animated Java via MC-Build. It is not recommended to edit this file directly.
$data merge entity $(bone_jaw) { transformation: [-1f,-1.0696397907021191e-16f,5.963476341938359e-17f,-4.0348674947365067e-16f,0f,0.48695479758656646f,0.8734271721829052f,-0.11380242037682997f,-1.2246467991473532e-16f,0.8734271721829052f,-0.48695479758656646f,3.4834714134417393f,0f,0f,0f,1f], start_interpolation: 0, interpolation_duration: 1 }
$data merge entity $(bone_head) { transformation: [-1.125f,-1.203344764539884e-16f,6.708910884680653e-17f,-3.885780586188048e-16f,0f,0.5478241472848873f,0.9826055687057684f,0.10455437266889633f,-1.3777276490407724e-16f,0.9826055687057684f,-0.5478241472848873f,3.3617327140450977f,0f,0f,0f,1f], start_interpolation: 0, interpolation_duration: 1 }
$data merge entity $(bone_neck) { transformation: [-1f,-4.962774780784784e-17f,1.1195840510716127e-16f,0.4999999999999997f,0f,0.9142097557035307f,0.4052413140049899f,-0.5375349251370508f,-1.2246467991473532e-16f,0.4052413140049899f,-0.9142097557035307f,2.1883683914056773f,0f,0f,0f,1f], start_interpolation: 0, interpolation_duration: 1 }
$data merge entity $(bone_right_arm2) { transformation: [-0.9998179006057303f,0.012679978814934802f,-0.014261268022262033f,-0.7111129621741509f,0.01260200381645539f,0.9999052209106868f,0.005544248854515821f,-1.6294220584068966f,0.014330217310286456f,0.005363518696113567f,-0.9998829319170501f,2.8065094929190617f,0f,0f,0f,1f], start_interpolation: 0, interpolation_duration: 1 }
$data merge entity $(bone_right_arm1) { transformation: [-1.1244528887202652f,-0.06378749042211324f,-0.14390227259756488f,-0.5625000000000003f,-0.010937278893009304f,1.0671624637614767f,-0.38757664895268845f,-0.6274905907935118f,0.15702574286884174f,-0.38244795586932845f,-1.0574722143263646f,1.6808913197893303f,0f,0f,0f,1f], start_interpolation: 0, interpolation_duration: 1 }
$data merge entity $(bone_left_arm2) { transformation: [-0.9998179006057303f,-0.012679978814934809f,0.014261268022262269f,0.7111129621741501f,-0.01260200381645539f,0.9999052209106868f,0.005544248854515821f,-1.6294220584068966f,-0.014330217310286691f,0.005363518696113512f,-0.9998829319170501f,2.8065094929190617f,0f,0f,0f,1f], start_interpolation: 0, interpolation_duration: 1 }
$data merge entity $(bone_left_arm1) { transformation: [-1.1244528887202652f,0.06378749042211333f,0.14390227259756513f,0.5624999999999998f,0.010937278893009304f,1.0671624637614767f,-0.38757664895268845f,-0.6274905907935118f,-0.157025742868842f,-0.38244795586932845f,-1.0574722143263644f,1.6808913197893305f,0f,0f,0f,1f], start_interpolation: 0, interpolation_duration: 1 }
$data merge entity $(bone_body2) { transformation: [-1.5833333333333335f,-1.3473197990800265e-17f,1.934337547775833e-16f,0.4999999999999999f,0f,1.5795064741300053f,0.11001701062037504f,-0.5f,-1.9390240986499761e-16f,0.11001701062037504f,-1.5795064741300053f,0.75f,0f,0f,0f,1f], start_interpolation: 0, interpolation_duration: 1 }
$data merge entity $(bone_right_leg2) { transformation: [-1f,1.0012526244575738e-16f,7.051616585426906e-17f,-1.0000000000000002f,0f,0.5758081914178452f,-0.8175848131515837f,-2.2082195292730225f,-1.2246467991473532e-16f,-0.8175848131515837f,-0.5758081914178452f,0.8703381090873247f,0f,0f,0f,1f], start_interpolation: 0, interpolation_duration: 1 }
$data merge entity $(bone_right_leg1) { transformation: [-1.3333333333333333f,1.335003499276765e-16f,9.402155447235874e-17f,-0.625f,0f,0.7677442552237936f,-1.0901130842021116f,-1.125f,-1.6328623988631375e-16f,-1.0901130842021116f,-0.7677442552237936f,-0.12500000000000008f,0f,0f,0f,1f], start_interpolation: 0, interpolation_duration: 1 }
$data merge entity $(bone_left_leg2) { transformation: [-1f,-1.0012526244575738e-16f,7.051616585426906e-17f,1.0000000000000002f,0f,0.5758081914178452f,0.8175848131515837f,-1.6972290210532825f,-1.2246467991473532e-16f,0.8175848131515837f,-0.5758081914178452f,-1.4802182287234782f,0f,0f,0f,1f], start_interpolation: 0, interpolation_duration: 1 }
$data merge entity $(bone_left_leg1) { transformation: [-1.3333333333333333f,-1.335003499276765e-16f,9.402155447235874e-17f,0.625f,0f,0.7677442552237936f,1.0901130842021116f,-1.125f,-1.6328623988631375e-16f,1.0901130842021116f,-0.7677442552237936f,-0.12499999999999993f,0f,0f,0f,1f], start_interpolation: 0, interpolation_duration: 1 }
$data merge entity $(bone_tail3) { transformation: [-1f,-8.509388204715956e-18f,1.2216868722794733e-16f,4.579669976578771e-16f,0f,0.9975830362926349f,0.06948442776023686f,-0.35884267414943516f,-1.2246467991473532e-16f,0.06948442776023686f,-0.9975830362926349f,-3.7923718389045704f,0f,0f,0f,1f], start_interpolation: 0, interpolation_duration: 1 }
$data merge entity $(bone_tail2) { transformation: [-1.5416666666666665f,-1.3118640148937099e-17f,1.883433928097521e-16f,-0.12499999999999976f,0f,1.5379405142844786f,0.10712182613036515f,-0.6761727955047483f,-1.8879971486855027e-16f,0.10712182613036515f,-1.5379405142844786f,-1.9349319760609245f,0f,0f,0f,1f], start_interpolation: 0, interpolation_duration: 1 }
$data merge entity $(bone_tail1) { transformation: [-1f,-8.509388204715956e-18f,1.2216868722794733e-16f,1.1102230246251565e-16f,0f,0.9975830362926349f,0.06948442776023686f,-0.75f,-1.2246467991473532e-16f,0.06948442776023686f,-0.9975830362926349f,-0.875f,0f,0f,0f,1f], start_interpolation: 0, interpolation_duration: 1 }
data modify entity @s data merge value {"locators":{"hitbox_head":{"posx":-3.403614352684797e-16,"posy":-0.4727383671298656,"posz":2.968014105676584,"roty":0,"rotx":60.85937500000003},"hitbox_neck":{"posx":-2.7755575615628914e-16,"posy":-0.9310187477764986,"posz":2.1506791181167473,"roty":0,"rotx":23.906250000000004},"hitbox_right_arm":{"posx":-0.7791509257658128,"posy":-2.631311778506313,"posz":3.301983078763366,"roty":359.1828492714285,"rotx":0.31766368737605366},"hitbox_left_arm":{"posx":0.7791509257658119,"posy":-2.631311778506313,"posz":3.3019830787633664,"roty":0.8171507285715336,"rotx":0.31766368737605216},"hitbox_tail1":{"posx":3.191891195797325e-16,"posy":-1.3765895286390617,"posz":-2.6728836343322886,"roty":0,"rotx":3.984375},"hitbox_tail2":{"posx":5.378554562422872e-16,"posy":-1.6290854186683852,"posz":-4.444710608254488,"roty":0,"rotx":3.984375}},"cameras":{}}