# This file was generated by Animated Java via MC-Build. It is not recommended to edit this file directly.
$data merge entity $(bone_jaw) { transformation: [-1f,-1.1282930332454405e-16f,4.761455804600744e-17f,-5.115040005928223e-16f,0f,0.38880237207298096f,0.9213211793237055f,-0.23033769525522085f,-1.2246467991473532e-16f,0.9213211793237055f,-0.38880237207298096f,3.501991827194238f,0f,0f,0f,1f], start_interpolation: 0, interpolation_duration: 1 }
$data merge entity $(bone_head) { transformation: [-1.125f,-1.2693296624011205e-16f,5.356637780175837e-17f,-4.996003610813204e-16f,0f,0.4374026685821036f,1.0364863267391686f,-0.00000740042429447918f,-1.3777276490407724e-16f,1.0364863267391686f,-0.4374026685821036f,3.4047912341759927f,0f,0f,0f,1f], start_interpolation: 0, interpolation_duration: 1 }
$data merge entity $(bone_neck) { transformation: [-1f,-5.764460638723474e-17f,1.080495126369358e-16f,0.4999999999999997f,0f,0.8822912264349533f,0.4707039321653326f,-0.5549948836270996f,-1.2246467991473532e-16f,0.4707039321653326f,-0.8822912264349533f,2.1878066847719277f,0f,0f,0f,1f], start_interpolation: 0, interpolation_duration: 1 }
$data merge entity $(bone_right_arm2) { transformation: [-0.9998743146934772f,0.003915856032804692f,-0.015362971320006663f,-0.671710620063508f,0.0038176680567448967f,0.9999721340245328f,0.006415339821874089f,-1.5731133207902612f,0.015387664762968753f,0.0063558827830570985f,-0.9998614016588452f,2.865895433320548f,0f,0f,0f,1f], start_interpolation: 0, interpolation_duration: 1 }
$data merge entity $(bone_right_arm1) { transformation: [-1.12029966581935f,-0.08692063433235966f,-0.16292473426940685f,-0.5625000000000003f,-0.015066599678581866f,1.0414533291665473f,-0.4520165568720739f,-0.6387828188472746f,0.1840452750918153f,-0.44383642644517096f,-1.0287407692033996f,1.679274894308893f,0f,0f,0f,1f], start_interpolation: 0, interpolation_duration: 1 }
$data merge entity $(bone_left_arm2) { transformation: [-0.9998743146934773f,-0.003915856032804713f,0.015362971320006927f,0.6717106200635072f,-0.0038176680567448967f,0.9999721340245328f,0.006415339821874089f,-1.5731133207902612f,-0.015387664762968989f,0.0063558827830570985f,-0.9998614016588451f,2.865895433320548f,0f,0f,0f,1f], start_interpolation: 0, interpolation_duration: 1 }
$data merge entity $(bone_left_arm1) { transformation: [-1.12029966581935f,0.08692063433235976f,0.1629247342694071f,0.5624999999999998f,0.015066599678581866f,1.0414533291665473f,-0.4520165568720739f,-0.6387828188472746f,-0.18404527509181556f,-0.4438364264451709f,-1.0287407692033996f,1.679274894308893f,0f,0f,0f,1f], start_interpolation: 0, interpolation_duration: 1 }
$data merge entity $(bone_body2) { transformation: [-1.5833333333333335f,-1.5820616205424697e-17f,1.9325592527613265e-16f,0.4999999999999999f,0f,1.5780543860538807f,0.1291851349829161f,-0.5f,-1.9390240986499761e-16f,0.1291851349829161f,-1.5780543860538807f,0.75f,0f,0f,0f,1f], start_interpolation: 0, interpolation_duration: 1 }
$data merge entity $(bone_right_leg2) { transformation: [-1f,0f,1.2246467991473532e-16f,-1f,0f,1f,0f,-2.5625f,-1.2246467991473532e-16f,0f,-1f,-0.4375000000000001f,0f,0f,0f,1f], start_interpolation: 0, interpolation_duration: 1 }
$data merge entity $(bone_right_leg1) { transformation: [-1.3333333333333333f,0f,1.6328623988631375e-16f,-0.625f,0f,1.3333333333333333f,0f,-1.125f,-1.6328623988631375e-16f,0f,-1.3333333333333333f,-0.12500000000000008f,0f,0f,0f,1f], start_interpolation: 0, interpolation_duration: 1 }
$data merge entity $(bone_left_leg2) { transformation: [-1f,0f,1.2246467991473532e-16f,1f,0f,1f,0f,-2.5625f,-1.2246467991473532e-16f,0f,-1f,-0.4374999999999999f,0f,0f,0f,1f], start_interpolation: 0, interpolation_duration: 1 }
$data merge entity $(bone_left_leg1) { transformation: [-1.3333333333333333f,0f,1.6328623988631375e-16f,0.625f,0f,1.3333333333333333f,0f,-1.125f,-1.6328623988631375e-16f,0f,-1.3333333333333333f,-0.12499999999999993f,0f,0f,0f,1f], start_interpolation: 0, interpolation_duration: 1 }
$data merge entity $(bone_tail3) { transformation: [-1f,-9.991968129741912e-18f,1.220563738586101e-16f,4.579669976578771e-16f,0f,0.9966659280340299f,0.08159061156815753f,-0.3234527170121566f,-1.2246467991473532e-16f,0.08159061156815753f,-0.9966659280340299f,-3.787407923930933f,0f,0f,0f,1f], start_interpolation: 0, interpolation_duration: 1 }
$data merge entity $(bone_tail2) { transformation: [-1.5416666666666665f,-1.540428420001878e-17f,1.8817024303202388e-16f,-0.12499999999999976f,0f,1.5365266390524626f,0.12578552616757618f,-0.6633099752088326f,-1.8879971486855027e-16f,0.12578552616757618f,-1.5365266390524626f,-1.9339575485361566f,0f,0f,0f,1f], start_interpolation: 0, interpolation_duration: 1 }
$data merge entity $(bone_tail1) { transformation: [-1f,-9.991968129741912e-18f,1.220563738586101e-16f,1.1102230246251565e-16f,0f,0.9966659280340299f,0.08159061156815753f,-0.75f,-1.2246467991473532e-16f,0.08159061156815753f,-0.9966659280340299f,-0.875f,0f,0f,0f,1f], start_interpolation: 0, interpolation_duration: 1 }
data modify entity @s data merge value {"locators":{"hitbox_head":{"posx":-4.4396159589285775e-16,"posy":-0.5309217515085656,"posz":2.9504662383714835,"roty":0,"rotx":67.12},"hitbox_neck":{"posx":-2.7755575615628914e-16,"posy":-0.9446920850608737,"posz":2.121579113514297,"roty":0,"rotx":28.080000000000005},"hitbox_right_arm":{"posx":-0.7304371351046517,"posy":-2.5760545204721845,"posz":3.360431980414599,"roty":359.11971383692827,"rotx":0.36757441731629165},"hitbox_left_arm":{"posx":0.7304371351046508,"posy":-2.5760545204721845,"posz":3.360431980414599,"roty":0.8802861630717587,"rotx":0.36757441731629176},"hitbox_tail1":{"posx":3.191891195797325e-16,"posy":-1.3547158757812467,"posz":-2.68035833273567,"roty":0,"rotx":4.68},"hitbox_tail2":{"posx":5.397381661236315e-16,"posy":-1.5856820285497322,"posz":-4.455120186133282,"roty":0,"rotx":4.68}},"cameras":{}}