# This file was generated by Animated Java via MC-Build. It is not recommended to edit this file directly.
$data merge entity $(bone_jaw) { transformation: [-1f,-1.1410848547271806e-16f,4.446179674440817e-17f,-5.107158102674225e-16f,0f,0.36305812235302626f,0.9317664942427877f,-0.2600226084744819f,-1.2246467991473532e-16f,0.9317664942427877f,-0.36305812235302626f,3.5054494495217505f,0f,0f,0f,1f], start_interpolation: 0, interpolation_duration: 1 }
$data merge entity $(bone_head) { transformation: [-1.125f,-1.2837204615680782e-16f,5.0019521337459194e-17f,-4.996003610813204e-16f,0f,0.4084403876471545f,1.048237306023136f,-0.027080984913784967f,-1.3777276490407724e-16f,1.048237306023136f,-0.4084403876471545f,3.414684918933494f,0f,0f,0f,1f], start_interpolation: 0, interpolation_duration: 1 }
$data merge entity $(bone_neck) { transformation: [-1f,-5.963593021184544e-17f,1.0696332854949155e-16f,0.4999999999999997f,0f,0.8734218602781111f,0.4869643251700515f,-0.5594331972586111f,-1.2246467991473532e-16f,0.4869643251700515f,-0.8734218602781111f,2.187630061964349f,0f,0f,0f,1f], start_interpolation: 0, interpolation_duration: 1 }
$data merge entity $(bone_right_arm2) { transformation: [-0.9998765725984384f,0.0011571467436155836f,-0.015668458131330054f,-0.6613639590796113f,0.0010526735764217338f,0.999977172244116f,0.006674344087858941f,-1.5582291737772294f,0.015675823651119816f,0.006657026519052978f,-0.999854965757926f,2.880124220933617f,0f,0f,0f,1f], start_interpolation: 0, interpolation_duration: 1 }
$data merge entity $(bone_right_arm1) { transformation: [-1.119138204907054f,-0.09328981520204442f,-0.16732511957691554f,-0.5625000000000003f,-0.016220010768264466f,1.0342786942046658f,-0.46816183196562766f,-0.6416508720973726f,0.19088634448943193f,-0.45905947331288527f,-1.02078293990133f,1.6788420373960546f,0f,0f,0f,1f], start_interpolation: 0, interpolation_duration: 1 }
$data merge entity $(bone_left_arm2) { transformation: [-0.9998765725984384f,-0.0011571467436155905f,0.015668458131330276f,0.6613639590796105f,-0.0010526735764217338f,0.999977172244116f,0.006674344087858941f,-1.5582291737772294f,-0.01567582365112004f,0.006657026519052978f,-0.999854965757926f,2.880124220933617f,0f,0f,0f,1f], start_interpolation: 0, interpolation_duration: 1 }
$data merge entity $(bone_left_arm1) { transformation: [-1.119138204907054f,0.09328981520204452f,0.1673251195769158f,0.5624999999999998f,0.016220010768264466f,1.0342786942046658f,-0.46816183196562766f,-0.6416508720973726f,-0.19088634448943217f,-0.45905947331288527f,-1.02078293990133f,1.6788420373960546f,0f,0f,0f,1f], start_interpolation: 0, interpolation_duration: 1 }
$data merge entity $(bone_body2) { transformation: [-1.5833333333333335f,-1.6417130793088663e-17f,1.9320616545021573e-16f,0.4999999999999999f,0f,1.5776480662402694f,0.13405604623732253f,-0.5f,-1.9390240986499761e-16f,0.13405604623732253f,-1.5776480662402694f,0.75f,0f,0f,0f,1f], start_interpolation: 0, interpolation_duration: 1 }
$data merge entity $(bone_right_leg2) { transformation: [-1f,-4.593800016085656e-17f,1.1352223556572394e-16f,-0.9999999999999999f,0f,0.9269794004668329f,0.37511223801703797f,-2.3403103137907477f,-1.2246467991473532e-16f,0.37511223801703797f,-0.9269794004668329f,-0.9539049047953775f,0f,0f,0f,1f], start_interpolation: 0, interpolation_duration: 1 }
$data merge entity $(bone_right_leg1) { transformation: [-1.3333333333333333f,-6.125066688114208e-17f,1.5136298075429858e-16f,-0.625f,0f,1.2359725339557772f,0.5001496506893839f,-1.125f,-1.6328623988631375e-16f,0.5001496506893839f,-1.2359725339557772f,-0.12500000000000008f,0f,0f,0f,1f], start_interpolation: 0, interpolation_duration: 1 }
$data merge entity $(bone_left_leg2) { transformation: [-1f,4.593800016085656e-17f,1.1352223556572394e-16f,1f,0f,0.9269794004668329f,-0.37511223801703797f,-2.574755462551397f,-1.2246467991473532e-16f,-0.37511223801703797f,-0.9269794004668329f,0.12454277950360683f,0f,0f,0f,1f], start_interpolation: 0, interpolation_duration: 1 }
$data merge entity $(bone_left_leg1) { transformation: [-1.3333333333333333f,6.125066688114208e-17f,1.5136298075429858e-16f,0.625f,0f,1.2359725339557772f,-0.5001496506893839f,-1.125f,-1.6328623988631375e-16f,-0.5001496506893839f,-1.2359725339557772f,-0.12499999999999993f,0f,0f,0f,1f], start_interpolation: 0, interpolation_duration: 1 }
$data merge entity $(bone_tail3) { transformation: [-1f,-1.0368714185108628e-17f,1.2202494660013624e-16f,4.579669976578771e-16f,0f,0.9964093049938543f,0.08466697657094054f,-0.3144640116365145f,-1.2246467991473532e-16f,0.08466697657094054f,-0.9964093049938543f,-3.7860772753123957f,0f,0f,0f,1f], start_interpolation: 0, interpolation_duration: 1 }
$data merge entity $(bone_tail2) { transformation: [-1.5416666666666665f,-1.59851010353758e-17f,1.8812179267521e-16f,-0.12499999999999976f,0f,1.5361310118655251f,0.13052825554686664f,-0.6600413373933757f,-1.8879971486855027e-16f,0.13052825554686664f,-1.5361310118655251f,-1.9336848865559702f,0f,0f,0f,1f], start_interpolation: 0, interpolation_duration: 1 }
$data merge entity $(bone_tail1) { transformation: [-1f,-1.0368714185108628e-17f,1.2202494660013624e-16f,1.1102230246251565e-16f,0f,0.9964093049938543f,0.08466697657094054f,-0.75f,-1.2246467991473532e-16f,0.08466697657094054f,-0.9964093049938543f,-0.875f,0f,0f,0f,1f], start_interpolation: 0, interpolation_duration: 1 }
data modify entity @s data merge value {"locators":{"hitbox_head":{"posx":-4.421768691434992e-16,"posy":-0.5451693408352976,"posz":2.9457865232670724,"roty":0,"rotx":68.71187500000002},"hitbox_neck":{"posx":-2.7755575615628914e-16,"posy":-0.9478369355091592,"posz":2.1141961725603435,"roty":0,"rotx":29.141250000000007},"hitbox_right_arm":{"posx":-0.7171791625449643,"posy":-2.5614777259667485,"posz":3.374374416271722,"roty":359.1022067422671,"rotx":0.3824145865169968},"hitbox_left_arm":{"posx":0.7171791625449634,"posy":-2.5614777259667485,"posz":3.374374416271722,"roty":0.8977932577329,"rotx":0.3824145865169968},"hitbox_tail1":{"posx":3.191891195797325e-16,"posy":-1.3491397697462448,"posz":-2.6822165161674505,"roty":0,"rotx":4.856875000000002},"hitbox_tail2":{"posx":5.402149674884087e-16,"posy":-1.5746260501197942,"posz":-4.457682916120798,"roty":0,"rotx":4.856875000000002}},"cameras":{}}