# This file was generated by Animated Java via MC-Build. It is not recommended to edit this file directly.
$data merge entity $(bone_jaw) { transformation: [-1f,-6.07539171300233e-17f,1.0633230637946701e-16f,-4.151611352136715e-16f,0f,0.8682691732301894f,0.49609338114730334f,0.4413322432534856f,-1.2246467991473532e-16f,0.49609338114730334f,-0.8682691732301894f,3.2749377197411205f,0f,0f,0f,1f], start_interpolation: 0, interpolation_duration: 1 }
$data merge entity $(bone_head) { transformation: [-1.125f,-6.834815677127621e-17f,1.1962384467690038e-16f,-3.885780586188048e-16f,0f,0.976802819883963f,0.5581050537907163f,0.5653555885403114f,-1.3777276490407724e-16f,0.5581050537907163f,-0.976802819883963f,3.057870426433573f,0f,0f,0f,1f], start_interpolation: 0, interpolation_duration: 1 }
$data merge entity $(bone_neck) { transformation: [-1f,-6.75346561704425e-18f,1.2227832403487537e-16f,0.4999999999999997f,0f,0.9984782887605659f,0.05514623172776245f,-0.45072127998898276f,-1.2246467991473532e-16f,0.05514623172776245f,-0.9984782887605659f,2.188013945604866f,0f,0f,0f,1f], start_interpolation: 0, interpolation_duration: 1 }
$data merge entity $(bone_right_arm2) { transformation: [-0.9999649976025993f,0.007572398889363024f,-0.0035584188474448407f,-0.8609919264409479f,0.0075682098820524174f,0.9999706535645843f,0.001189205112433818f,-1.8506836964203792f,0.0035673195560085667f,0.0011622326267181765f,-0.9999929616984844f,2.439603036617722f,0f,0f,0f,1f], start_interpolation: 0, interpolation_duration: 1 }
$data merge entity $(bone_right_arm1) { transformation: [-1.1352246482261668f,-0.0011514937322156006f,-0.020848958400947828f,-0.5625000000000003f,-0.00019201032192475568f,1.1342166316263191f,-0.05218814634308578f,-0.571118208017349f,0.02087985000559293f,-0.05217579466453512f,-1.13402501086145f,1.68688563895942f,0f,0f,0f,1f], start_interpolation: 0, interpolation_duration: 1 }
$data merge entity $(bone_left_arm2) { transformation: [-0.9999649976025993f,-0.007572398889363025f,0.0035584188474450835f,0.8609919264409471f,-0.0075682098820524174f,0.9999706535645843f,0.001189205112433818f,-1.8506836964203792f,-0.0035673195560088095f,0.0011622326267181765f,-0.9999929616984844f,2.439603036617722f,0f,0f,0f,1f], start_interpolation: 0, interpolation_duration: 1 }
$data merge entity $(bone_left_arm1) { transformation: [-1.1352246482261668f,0.0011514937322156134f,0.020848958400948105f,0.5624999999999998f,0.00019201032192475568f,1.1342166316263191f,-0.05218814634308578f,-0.571118208017349f,-0.020879850005593205f,-0.05217579466453512f,-1.13402501086145f,1.6868856389594202f,0f,0f,0f,1f], start_interpolation: 0, interpolation_duration: 1 }
$data merge entity $(bone_body2) { transformation: [-1.5833333333333335f,-1.783043938798085e-18f,1.9389421163553552e-16f,0.4999999999999999f,0f,1.5832663897095245f,0.014559658670887881f,-0.5f,-1.9390240986499761e-16f,0.014559658670887881f,-1.5832663897095245f,0.75f,0f,0f,0f,1f], start_interpolation: 0, interpolation_duration: 1 }
$data merge entity $(bone_right_leg2) { transformation: [-1f,-7.455177354798984e-17f,9.71577628780522e-17f,-0.9999999999999998f,0f,0.7933533402912352f,0.6087614290087207f,-2.0752074801034253f,-1.2246467991473532e-16f,0.6087614290087207f,-0.7933533402912352f,-1.248017473041047f,0f,0f,0f,1f], start_interpolation: 0, interpolation_duration: 1 }
$data merge entity $(bone_right_leg1) { transformation: [-1.3333333333333333f,-9.940236473065312e-17f,1.2954368383740294e-16f,-0.625f,0f,1.0578044537216469f,0.8116819053449609f,-1.125f,-1.6328623988631375e-16f,0.8116819053449609f,-1.0578044537216469f,-0.12500000000000008f,0f,0f,0f,1f], start_interpolation: 0, interpolation_duration: 1 }
$data merge entity $(bone_left_leg2) { transformation: [-1f,7.455177354798984e-17f,9.71577628780522e-17f,1f,0f,0.7933533402912352f,-0.6087614290087207f,-2.455683373233876f,-1.2246467991473532e-16f,-0.6087614290087207f,-0.7933533402912352f,0.502171635359025f,0f,0f,0f,1f], start_interpolation: 0, interpolation_duration: 1 }
$data merge entity $(bone_left_leg1) { transformation: [-1.3333333333333333f,9.940236473065312e-17f,1.2954368383740294e-16f,0.625f,0f,1.0578044537216469f,-0.8116819053449609f,-1.125f,-1.6328623988631375e-16f,-0.8116819053449609f,-1.0578044537216469f,-0.12499999999999993f,0f,0f,0f,1f], start_interpolation: 0, interpolation_duration: 1 }
$data merge entity $(bone_tail3) { transformation: [-1f,-1.1261330139777378e-18f,1.2245950208560137e-16f,4.579669976578771e-16f,0f,0.9999577198165417f,0.009195573897402871f,-0.5354959292107775f,-1.2246467991473532e-16f,0.009195573897402871f,-0.9999577198165417f,-3.810651631855328f,0f,0f,0f,1f], start_interpolation: 0, interpolation_duration: 1 }
$data merge entity $(bone_tail2) { transformation: [-1.5416666666666665f,-1.7361217298823457e-18f,1.8879173238196877e-16f,-0.12499999999999976f,0f,1.5416014847171684f,0.014176509758496091f,-0.7402297027340095f,-1.8879971486855027e-16f,0.014176509758496091f,-1.5416014847171684f,-1.9374550773050756f,0f,0f,0f,1f], start_interpolation: 0, interpolation_duration: 1 }
$data merge entity $(bone_tail1) { transformation: [-1f,-1.1261330139777378e-18f,1.2245950208560137e-16f,1.1102230246251565e-16f,0f,0.9999577198165417f,0.009195573897402871f,-0.75f,-1.2246467991473532e-16f,0.009195573897402871f,-0.9999577198165417f,-0.875f,0f,0f,0f,1f], start_interpolation: 0, interpolation_duration: 1 }
data modify entity @s data merge value {"locators":{"hitbox_head":{"posx":-3.8383570615612365e-16,"posy":-0.13234182633708924,"posz":3.0191461798509427,"roty":0,"rotx":29.741874999999997},"hitbox_neck":{"posx":-2.7755575615628914e-16,"posy":-0.8320439172401652,"posz":2.292143894802026,"roty":0,"rotx":3.16125},"hitbox_right_arm":{"posx":-0.929282928256751,"posy":-2.850775939423552,"posz":2.938660242312497,"roty":359.7961170438605,"rotx":0.06813644997770618},"hitbox_left_arm":{"posx":0.9292829282567501,"posy":-2.850775939423552,"posz":2.938660242312497,"roty":0.20388295613952323,"rotx":0.06813644997770622},"hitbox_tail1":{"posx":3.191891195797325e-16,"posy":-1.4838760355419511,"posz":-2.631822690102,"roty":0,"rotx":0.5268750000000001},"hitbox_tail2":{"posx":5.283285171618736e-16,"posy":-1.8427679261526995,"posz":-4.385197039992474,"roty":0,"rotx":0.5268750000000001}},"cameras":{}}