# This file was generated by Animated Java via MC-Build. It is not recommended to edit this file directly.
$data merge entity $(bone_head) { transformation: [-1f,-3.1696191514317643e-17f,1.1829179713786698e-16f,-3.176456781109715e-17f,0f,0.9659258262890682f,0.25881904510252074f,1.4701668004037063f,-1.2246467991473532e-16f,0.25881904510252074f,-0.9659258262890682f,0.25937737993691634f,0f,0f,0f,1f], start_interpolation: 0, interpolation_duration: 1 }
$data merge entity $(bone_left_arm2) { transformation: [-0.9900937711994964f,0.13465277679623436f,-0.03978635360299861f,0.9464184520309007f,0.13809211517028525f,0.882603019238865f,-0.44938010431953496f,0.5710913745294344f,-0.025394723069095182f,-0.4504226239117025f,-0.8924542385516138f,0.10292750671739205f,0f,0f,0f,1f], start_interpolation: 0, interpolation_duration: 1 }
$data merge entity $(bone_left_arm1) { transformation: [-0.9396926207859084f,-0.3390941135865684f,0.04464258697085595f,0.6875f,-0.330366089549352f,0.9336907641037959f,0.13812966337155436f,1.1381297976168392f,-0.08852132690137694f,0.11505102849696275f,-0.9894075174190918f,0.17040833318292492f,0f,0f,0f,1f], start_interpolation: 0, interpolation_duration: 1 }
$data merge entity $(bone_right_arm2) { transformation: [-0.9900937711994964f,-0.1346527767962343f,0.039786353602998877f,-0.9464184520309007f,-0.13809211517028525f,0.882603019238865f,-0.44938010431953496f,0.5710913745294344f,0.02539472306909496f,-0.4504226239117026f,-0.8924542385516138f,0.10292750671739184f,0f,0f,0f,1f], start_interpolation: 0, interpolation_duration: 1 }
$data merge entity $(bone_right_arm1) { transformation: [-0.9396926207859084f,0.33909411358656827f,-0.0446425869708557f,-0.6875f,0.330366089549352f,0.9336907641037959f,0.13812966337155436f,1.1381297976168392f,0.08852132690137672f,0.1150510284969628f,-0.9894075174190918f,0.17040833318292475f,0f,0f,0f,1f], start_interpolation: 0, interpolation_duration: 1 }
$data merge entity $(bone_body3) { transformation: [-1f,-3.1696191514317643e-17f,1.1829179713786698e-16f,-7.992424175358916e-18f,0f,0.9659258262890682f,0.25881904510252074f,0.7457224306869052f,-1.2246467991473532e-16f,0.25881904510252074f,-0.9659258262890682f,0.06526309611002579f,0f,0f,0f,1f], start_interpolation: 0, interpolation_duration: 1 }
$data merge entity $(bone_body2) { transformation: [-1f,-1.5984848350717833e-17f,1.2141697760125282e-16f,0f,0f,0.9914448613738104f,0.13052619222005157f,0.25f,-1.2246467991473532e-16f,0.13052619222005157f,-0.9914448613738104f,0f,0f,0f,0f,1f], start_interpolation: 0, interpolation_duration: 1 }
$data merge entity $(bone_left_leg3) { transformation: [-0.9938187943702143f,-0.022953424170163064f,-0.1086155802608367f,0.47983554281392427f,-0.02514735694109551f,0.9995055986866205f,0.018872430500003923f,-1.0260434257861153f,0.10812869367291378f,0.021487170892532992f,-0.993904667003644f,-0.09872944171752984f,0f,0f,0f,1f], start_interpolation: 0, interpolation_duration: 1 }
$data merge entity $(bone_left_leg2) { transformation: [-0.9719160332874871f,-0.13641434677937697f,-0.19175596530870193f,0.4054998157600751f,-0.2176393150963382f,0.8309930049586874f,0.5119411628635928f,-0.47730365198359653f,0.08951174650912037f,0.5392974612423895f,-0.8373445500714747f,0.25378589618358327f,0f,0f,0f,1f], start_interpolation: 0, interpolation_duration: 1 }
$data merge entity $(bone_left_leg1) { transformation: [-0.9607721524667311f,-0.27644411690680015f,0.022260307097249427f,0.25f,-0.2548947057303947f,0.8485398257486161f,-0.4636904712295949f,0f,0.10929574573175269f,-0.45117492654859237f,-0.8857175766681005f,3.061616997868383e-17f,0f,0f,0f,1f], start_interpolation: 0, interpolation_duration: 1 }
$data merge entity $(bone_right_leg3) { transformation: [-0.9928521167163938f,0.01864626488749105f,0.11788550011567041f,-0.47426128052662175f,0.02603037915878497f,0.9977730168616505f,0.06141193844563636f,-1.0108699538149266f,-0.1164778678231453f,0.0640415773427408f,-0.9911264211385082f,-0.12236176848841362f,0f,0f,0f,1f], start_interpolation: 0, interpolation_duration: 1 }
$data merge entity $(bone_right_leg2) { transformation: [-0.9719160332874871f,0.12792023281777307f,0.19752376635373017f,-0.40549981576007516f,0.2176393150963382f,0.8078715238597332f,0.5477013140945982f,-0.47730365198359653f,-0.08951174650912061f,0.5753086258456408f,-0.8130237587330935f,0.2537858961835831f,0f,0f,0f,1f], start_interpolation: 0, interpolation_duration: 1 }
$data merge entity $(bone_right_leg1) { transformation: [-0.9607721524667311f,0.27644411690680026f,-0.022260307097249212f,-0.25f,0.2548947057303947f,0.8485398257486161f,-0.4636904712295949f,0f,-0.10929574573175291f,-0.45117492654859226f,-0.8857175766681005f,-3.061616997868383e-17f,0f,0f,0f,1f], start_interpolation: 0, interpolation_duration: 1 }
$data merge entity $(bone_body1) { transformation: [-1f,0f,1.2246467991473532e-16f,0f,0f,1f,0f,0f,-1.2246467991473532e-16f,0f,-1f,0f,0f,0f,0f,1f], start_interpolation: 0, interpolation_duration: 1 }