# This file was generated by Animated Java via MC-Build. It is not recommended to edit this file directly.
$data merge entity $(bone_head) { transformation: [-1f,-5.535961311941368e-17f,1.0923786459780059e-16f,-4.021204080930463e-17f,0f,0.8919948565893143f,0.45204554617671977f,1.3525607634945582f,-1.2246467991473532e-16f,0.45204554617671977f,-0.8919948565893143f,0.32835623166860706f,0f,0f,0f,1f], start_interpolation: 0, interpolation_duration: 1 }
$data merge entity $(bone_left_arm2) { transformation: [-0.6985455708278314f,-0.27703576564527016f,0.6597615251211288f,1.2488475423543481f,-0.4577951269256594f,0.8816540964911618f,-0.11449749300081927f,0.9045394034360038f,-0.549961550692354f,-0.3820173277401069f,-0.7427011876026381f,-0.043968531451200166f,0f,0f,0f,1f], start_interpolation: 0, interpolation_duration: 1 }
$data merge entity $(bone_left_arm1) { transformation: [-0.5093486201103943f,-0.8574081781581256f,-0.07358803720171535f,0.6875f,-0.5315493711591056f,0.24621208642730896f,0.8104534992937417f,1.0318444888951166f,-0.6767711941358f,0.45191904642831227f,-0.5811625644028772f,0.20464231285970494f,0f,0f,0f,1f], start_interpolation: 0, interpolation_duration: 1 }
$data merge entity $(bone_right_arm2) { transformation: [-0.6985456060638772f,0.27703591643201664f,-0.6597614244979191f,-1.2488475180403662f,0.45779534375289777f,0.8816539677978388f,-0.11449761702539371f,0.8845452290749213f,0.5499613254466325f,-0.38201751540079953f,-0.7427012578688575f,0.007864349818666266f,0f,0f,0f,1f], start_interpolation: 0, interpolation_duration: 1 }
$data merge entity $(bone_right_arm1) { transformation: [-0.5093486668197508f,0.8574081355190056f,0.07358821070501116f,-0.6875f,0.5315496011026664f,0.24621211388630465f,0.8104533401394763f,1.0118503201987283f,0.6767709783793473f,0.45191911236576404f,-0.5811627643801701f,0.2564752461283014f,0f,0f,0f,1f], start_interpolation: 0, interpolation_duration: 1 }
$data merge entity $(bone_body3) { transformation: [-1f,-4.40744304521593e-17f,1.1425866447204934e-16f,-7.15621797018516e-18f,0f,0.932992798834739f,0.3598950365349882f,0.6528161643685039f,-1.2246467991473532e-16f,0.3598950365349882f,-0.932992798834739f,0.0584349542673659f,0f,0f,0f,1f], start_interpolation: 0, interpolation_duration: 1 }
$data merge entity $(bone_body2) { transformation: [-1f,-1.6315901942806586e-17f,1.2137293425805978e-16f,1.0017330012181323e-18f,0f,0.9910852201840101f,0.13322944994561986f,0.15727355427649883f,-1.2246467991473532e-16f,0.13322944994561986f,-0.9910852201840101f,-0.008179770705444034f,0f,0f,0f,1f], start_interpolation: 0, interpolation_duration: 1 }
$data merge entity $(bone_left_leg3) { transformation: [-0.9693920860657572f,0.060667737479841125f,-0.23790420152270594f,0.463513640173288f,0.05145058997336354f,0.9976715853872686f,0.04476878937660342f,-1.0366246624014792f,0.24006628306464042f,0.031158198598938758f,-0.9702563302527828f,0.22925096886441138f,0f,0f,0f,1f], start_interpolation: 0, interpolation_duration: 1 }
$data merge entity $(bone_left_leg2) { transformation: [-0.9518867820607976f,-0.053374721031728314f,-0.3017659578095659f,0.44335971046591627f,-0.1396022642049372f,0.9521309637450509f,0.2719518996197221f,-0.40960743206558736f,0.2728053554584192f,0.30099462957452516f,-0.9137721110870587f,0.4225161108436557f,0f,0f,0f,1f], start_interpolation: 0, interpolation_duration: 1 }
$data merge entity $(bone_left_leg1) { transformation: [-0.937785155311745f,-0.3437505963838512f,-0.048933934673933734f,0.25f,-0.16434177997948943f,0.5635819368408796f,-0.8095475154800091f,-0.09259259259259259f,0.3058607229280989f,-0.7511397526109433f,-0.5850113590499515f,3.061616997868383e-17f,0f,0f,0f,1f], start_interpolation: 0, interpolation_duration: 1 }
$data merge entity $(bone_right_leg3) { transformation: [-0.9683461893519625f,-0.06672868867518925f,0.24052638041433855f,-0.4591849460721289f,-0.0521900942100727f,0.9964323316184827f,0.06632346923750523f,-1.032582846388917f,-0.24409394018262148f,0.05167098424690825f,-0.9683740278183212f,0.2162160231797974f,0f,0f,0f,1f], start_interpolation: 0, interpolation_duration: 1 }
$data merge entity $(bone_right_leg2) { transformation: [-0.9518866980729356f,0.04677847815312018f,0.3028588582384248f,-0.4433597994415334f,0.13960195314939366f,0.945971711343193f,0.2926581897287441f,-0.4096076303019873f,-0.2728058076886904f,0.3208571260235763f,-0.9069882556964077f,0.42251592138763355f,0f,0f,0f,1f], start_interpolation: 0, interpolation_duration: 1 }
$data merge entity $(bone_right_leg1) { transformation: [-0.9377850643376301f,0.3437507545627261f,0.04893456695244688f,-0.25f,0.16434148401460902f,0.5635822892611463f,-0.8095473302179694f,-0.09259259259259259f,-0.30586116088373017f,-0.7511394158002376f,-0.5850115625302929f,-3.061616997868383e-17f,0f,0f,0f,1f], start_interpolation: 0, interpolation_duration: 1 }
$data merge entity $(bone_body1) { transformation: [-1f,4.006932004872529e-18f,1.223991107914061e-16f,0f,0f,0.9994645874763657f,-0.03271908282177614f,-0.09259259259259259f,-1.2246467991473532e-16f,-0.03271908282177614f,-0.9994645874763657f,0f,0f,0f,0f,1f], start_interpolation: 0, interpolation_duration: 1 }