# This file was generated by Animated Java via MC-Build. It is not recommended to edit this file directly.
$data merge entity $(bone_head) { transformation: [-1f,-9.776654004156714e-17f,7.375162015114806e-17f,-1.5740291218352244e-16f,0f,0.6022276806871728f,0.798324383076296f,0.2923716685782075f,-1.2246467991473532e-16f,0.798324383076296f,-0.6022276806871728f,1.285292316879548f,0f,0f,0f,1f], start_interpolation: 0, interpolation_duration: 1 }
$data merge entity $(bone_left_arm2) { transformation: [-0.30822866402029436f,0.2506431943642869f,0.9176998854718957f,0.5764851170008741f,0.1342184920665699f,0.9664754832841623f,-0.21888475643137123f,-0.6488130615066772f,-0.9417964148708786f,0.05570573874845275f,-0.33153639861536854f,0.944501087887831f,0f,0f,0f,1f], start_interpolation: 0, interpolation_duration: 1 }
$data merge entity $(bone_left_arm1) { transformation: [-0.30192116842994066f,0.1828269885599112f,0.9356376971392363f,0.6874999999999999f,0.1690210621638504f,0.9761560486054386f,-0.13620297102493825f,0.03297380067833949f,-0.9382299763911314f,0.11701991721553406f,-0.3256237865635223f,0.9783079339978493f,0f,0f,0f,1f], start_interpolation: 0, interpolation_duration: 1 }
$data merge entity $(bone_right_arm2) { transformation: [-0.30822775240741696f,-0.25064311831726027f,-0.917700212425644f,-0.5764851653153549f,-0.1342188483057378f,0.9664754674905192f,-0.218884607723943f,-0.6488130509886085f,0.9417966624518023f,0.05570635492637056f,-0.3315355917778116f,0.9445007171156615f,0f,0f,0f,1f], start_interpolation: 0, interpolation_duration: 1 }
$data merge entity $(bone_right_arm1) { transformation: [-0.30192026107102354f,-0.18282685274555838f,-0.9356380164732294f,-0.6875000000000001f,-0.16902141717071348f,0.9761560076238349f,-0.13620282419061513f,0.03297380067833949f,0.9382302044234182f,0.11702047126485912f,-0.32562293041575185f,0.9783079339978491f,0f,0f,0f,1f], start_interpolation: 0, interpolation_duration: 1 }
$data merge entity $(bone_body3) { transformation: [-1f,-1.2096003224538192e-16f,1.9138140604947597e-17f,-6.6682887999486e-17f,0f,0.15627477749725316f,0.987713619384781f,0.17516558545526767f,-1.2246467991473532e-16f,0.987713619384781f,-0.15627477749725316f,0.5445071023409624f,0f,0f,0f,1f], start_interpolation: 0, interpolation_duration: 1 }
$data merge entity $(bone_body2) { transformation: [-1f,-9.973183468327779e-17f,7.107150608595492e-17f,-1.6816970657847103e-17f,0f,0.5803428885409055f,0.8143722316729605f,-0.1150058588151851f,-1.2246467991473532e-16f,0.8143722316729605f,-0.5803428885409055f,0.1373209865044822f,0f,0f,0f,1f], start_interpolation: 0, interpolation_duration: 1 }
$data merge entity $(bone_left_leg3) { transformation: [-0.6208012639920013f,-0.08873095116513507f,-0.778930426245672f,0.5337956680226762f,-0.2585621795074027f,0.9611541403054507f,0.096583217496994f,-0.8825710560773989f,0.7401022834408194f,0.2613609321972594f,-0.6196281733157911f,-0.12064725974195972f,0f,0f,0f,1f], start_interpolation: 0, interpolation_duration: 1 }
$data merge entity $(bone_left_leg2) { transformation: [-0.609174139777835f,0.24594328292966605f,-0.7539355204576272f,0.7047142933792983f,-0.43649531353688653f,0.6897448777050141f,0.5776883631682659f,-0.4231057408094696f,0.6621017359033805f,0.6810021330814415f,-0.31282165214744406f,0.31591505046924595f,0f,0f,0f,1f], start_interpolation: 0, interpolation_duration: 1 }
$data merge entity $(bone_left_leg1) { transformation: [-0.574459815737492f,-0.8083809660076414f,0.12851511156046602f,0.25f,-0.4446103026411794f,0.17633944624971898f,-0.8781947839071131f,-0.3239148022940027f,0.6872536641504106f,-0.5616267563897704f,-0.46071443174589144f,3.061616997868383e-17f,0f,0f,0f,1f], start_interpolation: 0, interpolation_duration: 1 }
$data merge entity $(bone_right_leg3) { transformation: [-0.6212915890915418f,0.09115506988727984f,0.7782592849159928f,-0.5353954374682822f,0.25843431278614515f,0.9614742630525832f,0.09369603760162915f,-0.8837939524305598f,-0.7397354035726961f,0.2593414635597985f,-0.6209134706058509f,-0.1199815887215222f,0f,0f,0f,1f], start_interpolation: 0, interpolation_duration: 1 }
$data merge entity $(bone_right_leg2) { transformation: [-0.6091738578857163f,-0.24350576647354563f,0.7547265415783154f,-0.7047144382460109f,0.43649524839855464f,0.6916082797983343f,0.5754562411164501f,-0.42310578055667547f,-0.6621020382041707f,0.6799874476845298f,-0.3150205739271046f,0.3159148294745103f,0f,0f,0f,1f], start_interpolation: 0, interpolation_duration: 1 }
$data merge entity $(bone_right_leg1) { transformation: [-0.5744595223323439f,0.8083812235484636f,-0.12851480310059327f,-0.25f,0.4446102405259476f,0.17633951691141828f,-0.8781948011659524f,-0.3239148022940027f,-0.6872539495857075f,-0.5616263635102405f,-0.46071448489179184f,-3.061616997868383e-17f,0f,0f,0f,1f], start_interpolation: 0, interpolation_duration: 1 }
$data merge entity $(bone_body1) { transformation: [-1f,-6.726788263138841e-17f,1.0233586757783573e-16f,0f,0f,0.8356357739152704f,0.5492839460179288f,-0.3239148022940027f,-1.2246467991473532e-16f,0.5492839460179288f,-0.8356357739152704f,0f,0f,0f,0f,1f], start_interpolation: 0, interpolation_duration: 1 }