# This file was generated by Animated Java via MC-Build. It is not recommended to edit this file directly.
$data merge entity $(bone_head) { transformation: [-1f,-9.743867282430796e-17f,7.418424943919058e-17f,-1.565464502575965e-16f,0f,0.6057603669142854f,0.7956471440757331f,0.3127314210511374f,-1.2246467991473532e-16f,0.7956471440757331f,-0.6057603669142854f,1.2782987745249508f,0f,0f,0f,1f], start_interpolation: 0, interpolation_duration: 1 }
$data merge entity $(bone_left_arm2) { transformation: [-0.3051408070567244f,0.24277468589795453f,0.920841756088374f,0.5973948667100711f,0.12870377857858054f,0.9686003970405154f,-0.2127172024838419f,-0.6315759993313959f,-0.9435700425767909f,0.05360711464074104f,-0.32680552628670123f,0.9386196237971164f,0f,0f,0f,1f], start_interpolation: 0, interpolation_duration: 1 }
$data merge entity $(bone_left_arm1) { transformation: [-0.3001786520264651f,0.1525730636074315f,0.9416019525940976f,0.6874999999999999f,0.16179154557550873f,0.9809661216994667f,-0.10737301270894517f,0.05234281749593417f,-0.9400618451186404f,0.12011214900812414f,-0.31915011986961195f,0.9743668941980228f,0f,0f,0f,1f], start_interpolation: 0, interpolation_duration: 1 }
$data merge entity $(bone_right_arm2) { transformation: [-0.305139908712396f,-0.24277459728631307f,-0.9208420771356286f,-0.5973949272634458f,-0.12870411916388563f,0.9686003863703359f,-0.21271704499988614f,-0.6315759894522749f,0.9435702866354146f,0.05360770873394813f,-0.32680472417493767f,0.9386192821591088f,0f,0f,0f,1f], start_interpolation: 0, interpolation_duration: 1 }
$data merge entity $(bone_right_arm1) { transformation: [-0.3001777583145301f,-0.15257291085306796f,-0.9416022622567796f,-0.6875000000000001f,-0.16179188504188133f,0.9809660827231513f,-0.10737285728427592f,0.05234281749593417f,0.9400620720717636f,0.12011266136680449f,-0.3191492585476661f,0.9743668941980226f,0f,0f,0f,1f], start_interpolation: 0, interpolation_duration: 1 }
$data merge entity $(bone_body3) { transformation: [-1f,-1.2068452161676283e-16f,2.0804904920515292e-17f,-6.603305904502438e-17f,0f,0.1698849409887036f,0.9854639043746172f,0.1853177153096097f,-1.2246467991473532e-16f,0.9854639043746172f,-0.1698849409887036f,0.5392008462439878f,0f,0f,0f,1f], start_interpolation: 0, interpolation_duration: 1 }
$data merge entity $(bone_body2) { transformation: [-1f,-9.890035154519875e-17f,7.222408386995766e-17f,-1.6582883272425002e-17f,0f,0.5897544003727677f,0.8075826565999031f,-0.10955948487677417f,-1.2246467991473532e-16f,0.8075826565999031f,-0.5897544003727677f,0.1354095179440362f,0f,0f,0f,1f], start_interpolation: 0, interpolation_duration: 1 }
$data merge entity $(bone_left_leg3) { transformation: [-0.6272404844479857f,-0.08312409666388798f,-0.7743770136201544f,0.5343794920185632f,-0.24984293698451807f,0.9632144735914127f,0.09897668767426004f,-0.8851059009758593f,0.7376637997817205f,0.2555548129420194f,-0.6249350814874799f,-0.11524075433537839f,0f,0f,0f,1f], start_interpolation: 0, interpolation_duration: 1 }
$data merge entity $(bone_left_leg2) { transformation: [-0.6153350979887806f,0.2418087430666481f,-0.7502607872997666f,0.7026810905621257f,-0.4285829438294274f,0.6961831786918117f,0.5758868308661583f,-0.421539081462023f,0.6615734104705536f,0.6759123563621935f,-0.3247508415312689f,0.3179896449887087f,0f,0f,0f,1f], start_interpolation: 0, interpolation_duration: 1 }
$data merge entity $(bone_left_leg1) { transformation: [-0.5807844594945785f,-0.8047663832215567f,0.12263963489054036f,0.25f,-0.4368949771475033f,0.18102514924607144f,-0.8811087755116961f,-0.31971243501110785f,0.6868858642837782f,-0.5653149244243709f,-0.4567349840664658f,3.061616997868383e-17f,0f,0f,0f,1f], start_interpolation: 0, interpolation_duration: 1 }
$data merge entity $(bone_right_leg3) { transformation: [-0.6277014307531503f,0.08540685222737754f,0.7737548600319477f,-0.5358859633683923f,0.24972455516344777f,0.9635231177319863f,0.09623330060042246f,-0.8862596543423491f,-0.7373117118145256f,0.25363136870001707f,-0.6261330277444963f,-0.11458701232553381f,0f,0f,0f,1f], start_interpolation: 0, interpolation_duration: 1 }
$data merge entity $(bone_right_leg2) { transformation: [-0.6153348137116742f,-0.23951339913110092f,0.7509969365257659f,-0.7026812380124222f,0.42858287575189385f,0.6979412121883994f,0.5737549851123078f,-0.42153912641008856f,-0.6615737189812304f,0.6749158436173016f,-0.3268161844029307f,0.31798942068923863f,0f,0f,0f,1f], start_interpolation: 0, interpolation_duration: 1 }
$data merge entity $(bone_right_leg1) { transformation: [-0.5807841635016339f,0.8047666453554173f,-0.12263931648984161f,-0.25f,0.43689491249395757f,0.1810252291537435f,-0.8811087911527907f,-0.31971243501110785f,-0.6868861556783661f,-0.5653145256697577f,-0.4567350393873592f,-3.061616997868383e-17f,0f,0f,0f,1f], start_interpolation: 0, interpolation_duration: 1 }
$data merge entity $(bone_body1) { transformation: [-1f,-6.633153308970001e-17f,1.0294525508535403e-16f,0f,0f,0.8406118005373348f,0.5416380717761448f,-0.31971243501110785f,-1.2246467991473532e-16f,0.5416380717761448f,-0.8406118005373348f,0f,0f,0f,0f,1f], start_interpolation: 0, interpolation_duration: 1 }