# This file was generated by Animated Java via MC-Build. It is not recommended to edit this file directly.
$data merge entity $(bone_head) { transformation: [-1f,-9.684525515411447e-17f,7.495728370714245e-17f,-1.5541956639190242e-16f,0f,0.6120726707433576f,0.7908015210715603f,0.3371164882875868f,-1.2246467991473532e-16f,0.7908015210715603f,-0.6120726707433576f,1.2690970694579986f,0f,0f,0f,1f], start_interpolation: 0, interpolation_duration: 1 }
$data merge entity $(bone_left_arm2) { transformation: [-0.3081110476657549f,0.2320414564202204f,0.9226182009957824f,0.6199681736755737f,0.11861307268137895f,0.9716010169535687f,-0.20474961011897796f,-0.6110107153114174f,-0.9439271800808541f,0.04634896284896261f,-0.3268841573821416f,0.9373023652466463f,0f,0f,0f,1f], start_interpolation: 0, interpolation_duration: 1 }
$data merge entity $(bone_left_arm1) { transformation: [-0.30480576581637486f,0.12025866315146481f,0.9447916696616857f,0.6874999999999999f,0.1467911441460811f,0.986075035876698f,-0.07815614896509154f,0.07502851932385471f,-0.9410344335492608f,0.11486460533076168f,-0.31821426322028795f,0.9693101144506944f,0f,0f,0f,1f], start_interpolation: 0, interpolation_duration: 1 }
$data merge entity $(bone_right_arm2) { transformation: [-0.3081101672455034f,-0.23204135917921703f,-0.9226185194706475f,-0.6199682416610917f,-0.11861339593443501f,0.9716010130670616f,-0.20474944129828881f,-0.6110107075044564f,0.9439274268421537f,0.046349531144574775f,-0.3268833642414818f,0.9373020544776152f,0f,0f,0f,1f], start_interpolation: 0, interpolation_duration: 1 }
$data merge entity $(bone_right_arm1) { transformation: [-0.3048048896713903f,-0.12025850072902623f,-0.9447919729944887f,-0.6875000000000001f,-0.14679146653896363f,0.9860750011140056f,-0.07815598204459318f,0.07502851932385471f,0.9410346670467313f,0.1148650738058403f,-0.31821340360806144f,0.9693101144506941f,0f,0f,0f,1f], start_interpolation: 0, interpolation_duration: 1 }
$data merge entity $(bone_body3) { transformation: [-1f,-1.2027689068968245e-16f,2.304489949296287e-17f,-6.521189837464059e-17f,0f,0.18817588474495367f,0.9821353452556598f,0.19598457472887157f,-1.2246467991473532e-16f,0.9821353452556598f,-0.18817588474495367f,0.5324955605162538f,0f,0f,0f,1f], start_interpolation: 0, interpolation_duration: 1 }
$data merge entity $(bone_body2) { transformation: [-1f,-9.78317035728188e-17f,7.36651586753106e-17f,-1.629604658823119e-17f,0f,0.601521669158807f,0.7988564836892812f,-0.10477625985053193f,-1.2246467991473532e-16f,0.7988564836892812f,-0.601521669158807f,0.13306731867161317f,0f,0f,0f,1f], start_interpolation: 0, interpolation_duration: 1 }
$data merge entity $(bone_left_leg3) { transformation: [-0.6367316396292395f,-0.07692727161062707f,-0.7672385639275476f,0.53406016632311f,-0.23884367811550444f,0.9657508522765299f,0.10138534781423975f,-0.8917009585924751f,0.7331619988238055f,0.2478053393486548f,-0.6332977161422431f,-0.10948595180971893f,0f,0f,0f,1f], start_interpolation: 0, interpolation_duration: 1 }
$data merge entity $(bone_left_leg2) { transformation: [-0.6247813541226565f,0.2372941468465985f,-0.743868098128294f,0.6995466588493569f,-0.41846813822745654f,0.7025531202867871f,0.5755897240776164f,-0.4241119087444671f,0.6591909259304973f,0.6709028253388456f,-0.33964204999270764f,0.32049416910123446f,0f,0f,0f,1f], start_interpolation: 0, interpolation_duration: 1 }
$data merge entity $(bone_left_leg1) { transformation: [-0.5904830078148541f,-0.7991940601766343f,0.11233286099939466f,0.25f,-0.4272257908513493f,0.19145221519372374f,-0.8836425594825408f,-0.3164200376979975f,0.684695509780342f,-0.5697674117355278f,-0.45448559428307006f,3.061616997868383e-17f,0f,0f,0f,1f], start_interpolation: 0, interpolation_duration: 1 }
$data merge entity $(bone_right_leg3) { transformation: [-0.6371184639941554f,0.07884575883505607f,0.7667225111808393f,-0.5353262139832393f,0.23874478327021306f,0.9660178206727525f,0.09904796112956948f,-0.8926787697666515f,-0.7328580976553287f,0.2461562846168869f,-0.6342918037028564f,-0.10890673371343884f,0f,0f,0f,1f], start_interpolation: 0, interpolation_duration: 1 }
$data merge entity $(bone_right_leg2) { transformation: [-0.6247810717174933f,-0.23536516363907528f,0.7444809280086978f,-0.6995468068669684f,0.41846806603825215f,0.704043045039275f,0.573766388382964f,-0.42411195792777967f,-0.6591912394212667f,0.6700198731955467f,-0.34137996337406507f,0.32049394495518135f,0f,0f,0f,1f], start_interpolation: 0, interpolation_duration: 1 }
$data merge entity $(bone_right_leg1) { transformation: [-0.5904827136516014f,0.7991943233190548f,-0.11233253515005748f,-0.25f,0.4272257224109532f,0.19145230263072394f,-0.8836425736279532f,-0.3164200376979975f,-0.684695806171675f,-0.5697670132536559f,-0.4544856473189536f,-3.061616997868383e-17f,0f,0f,0f,1f], start_interpolation: 0, interpolation_duration: 1 }
$data merge entity $(bone_body1) { transformation: [-1f,-6.518418635292476e-17f,1.0367555004014087e-16f,0f,0f,0.8465751113898622f,0.5322692746864527f,-0.3164200376979975f,-1.2246467991473532e-16f,0.5322692746864527f,-0.8465751113898622f,0f,0f,0f,0f,1f], start_interpolation: 0, interpolation_duration: 1 }