# This file was generated by Animated Java via MC-Build. It is not recommended to edit this file directly.
$data merge entity $(bone_head) { transformation: [-1f,-9.547401710269626e-17f,7.669621819159429e-17f,-1.532094420331031e-16f,0f,0.6262721483859116f,0.7796045126576003f,0.3799241103733069f,-1.2246467991473532e-16f,0.7796045126576003f,-0.6262721483859116f,1.251050034506059f,0f,0f,0f,1f], start_interpolation: 0, interpolation_duration: 1 }
$data merge entity $(bone_left_arm2) { transformation: [-0.3242413790826515f,0.21144835251036237f,0.922039653329093f,0.6557281324971952f,0.0958138605639368f,0.9770265948922282f,-0.1903647472541395f,-0.5743624357835629f,-0.9411095750306734f,0.02662005060009163f,-0.33705213349218527f,0.9422111050712201f,0f,0f,0f,1f], start_interpolation: 0, interpolation_duration: 1 }
$data merge entity $(bone_left_arm1) { transformation: [-0.32322424142247763f,0.06970502823204426f,0.9437517145923677f,0.6874999999999999f,0.11084607376239991f,0.9932071256091672f,-0.03539425900674592f,0.1141646882640638f,-0.9398080855623261f,0.09317088965093073f,-0.328755148451442f,0.9592902203225244f,0f,0f,0f,1f], start_interpolation: 0, interpolation_duration: 1 }
$data merge entity $(bone_right_arm2) { transformation: [-0.324240533546537f,-0.21144824915631338f,-0.9220399743688918f,-0.6557282038087935f,-0.0958141547613809f,0.9770266029711517f,-0.19036455771496308f,-0.574362432543433f,0.941109836391491f,0.026620575038510508f,-0.3370513623052129f,0.9422108417916102f,0f,0f,0f,1f], start_interpolation: 0, interpolation_duration: 1 }
$data merge entity $(bone_right_arm1) { transformation: [-0.32322339828524016f,-0.06970486322444887f,-0.9437520155442328f,-0.6875000000000001f,-0.1108463675991013f,0.9932070995322254f,-0.03539407053263484f,0.1141646882640638f,0.9398083408818129f,0.09317129108070307f,-0.32875430480425505f,0.9592902203225242f,0f,0f,0f,1f], start_interpolation: 0, interpolation_duration: 1 }
$data merge entity $(bone_body3) { transformation: [-1f,-1.193705689967594e-16f,2.7354434448704766e-17f,-6.368151528553356e-17f,0f,0.22336590817654528f,0.9747346670065998f,0.21239967924089798f,-1.2246467991473532e-16f,0.9747346670065998f,-0.22336590817654528f,0.519999034251109f,0f,0f,0f,1f], start_interpolation: 0, interpolation_duration: 1 }
$data merge entity $(bone_body2) { transformation: [-1f,-9.58076184235277e-17f,7.627908021620536e-17f,-1.5777706073769707e-17f,0f,0.6228659583262197f,0.7823285741671206f,-0.09903329992221188f,-1.2246467991473532e-16f,0.7823285741671206f,-0.6228659583262197f,0.12883474716754872f,0f,0f,0f,1f], start_interpolation: 0, interpolation_duration: 1 }
$data merge entity $(bone_left_leg3) { transformation: [-0.6559831941661227f,-0.06688826596125813f,-0.7518058318796862f,0.5316836823628938f,-0.21884397072130138f,0.9701330881359109f,0.1046379844168257f,-0.9086725110991624f,0.7223526600287046f,0.23316893270883615f,-0.6510290956392637f,-0.10045591514463947f,0f,0f,0f,1f], start_interpolation: 0, interpolation_duration: 1 }
$data merge entity $(bone_left_leg2) { transformation: [-0.6443803949477871f,0.2298409374000842f,-0.7293470025317061f,0.6925852412027582f,-0.399871113180098f,0.7117013093695919f,0.577567605640862f,-0.4353705406819287f,0.65182589657902f,0.6638180396288276f,-0.36669961932390593f,0.32498989372773146f,0f,0f,0f,1f], start_interpolation: 0, interpolation_duration: 1 }
$data merge entity $(bone_left_leg1) { transformation: [-0.6106410617926038f,-0.7868182065826813f,0.08963594950026671f,0.25f,-0.40972867291984355f,0.21705001843034144f,-0.8860088623071061f,-0.31327990531486166f,0.6776724195657851f,-0.5777598110715225f,-0.45492163332870134f,3.061616997868383e-17f,0f,0f,0f,1f], start_interpolation: 0, interpolation_duration: 1 }
$data merge entity $(bone_right_leg3) { transformation: [-0.6561838389493768f,0.06788540326716369f,0.7515413105910501f,-0.5323417302952211f,0.21879197117992544f,0.9702788757145677f,0.10338750741398933f,-0.9091931942822429f,-0.722186155259751f,0.2322724162816791f,-0.6515340987130369f,-0.10012479937416235f,0f,0f,0f,1f], start_interpolation: 0, interpolation_duration: 1 }
$data merge entity $(bone_right_leg2) { transformation: [-0.6443801230449595f,-0.2288384251271423f,0.7296624097552871f,-0.6925853862074858f,0.3998710330570906f,0.712494651980469f,0.5765886990057003f,-0.43537059402854295f,-0.6518262145283957f,0.6633131583833989f,-0.36761153405330205f,0.324989676212937f,0f,0f,0f,1f], start_interpolation: 0, interpolation_duration: 1 }
$data merge entity $(bone_right_leg1) { transformation: [-0.6106407783755506f,0.7868184643688637f,-0.08963561743595533f,-0.25f,0.40972859686123925f,0.21705011326876678f,-0.8860088742468305f,-0.31327990531486166f,-0.6776727209346868f,-0.5777594243785548f,-0.4549216755033106f,-3.061616997868383e-17f,0f,0f,0f,1f], start_interpolation: 0, interpolation_duration: 1 }
$data merge entity $(bone_body1) { transformation: [-1f,-6.311082429507883e-17f,1.0495056780891785e-16f,0f,0f,0.8569864215705991f,0.5153389886701949f,-0.31327990531486166f,-1.2246467991473532e-16f,0.5153389886701949f,-0.8569864215705991f,0f,0f,0f,0f,1f], start_interpolation: 0, interpolation_duration: 1 }