# This file was generated by Animated Java via MC-Build. It is not recommended to edit this file directly.
$data merge entity $(bone_head) { transformation: [-1f,-9.531323357924963e-17f,7.689593832762547e-17f,-1.5296539537193851e-16f,0f,0.6279029870585007f,0.7782916155548718f,0.384328392864487f,-1.2246467991473532e-16f,0.7782916155548718f,-0.6279029870585007f,1.2490572422876456f,0f,0f,0f,1f], start_interpolation: 0, interpolation_duration: 1 }
$data merge entity $(bone_left_arm2) { transformation: [-0.3265398938922716f,0.20924415561692192f,0.9217312954635888f,0.6591939932835293f,0.0932008781958549f,0.9775633739793885f,-0.18890062508513744f,-0.570531381381013f,-0.9405771068872267f,0.024222576126324807f,-0.33871517947304774f,0.9430394906199729f,0f,0f,0f,1f], start_interpolation: 0, interpolation_duration: 1 }
$data merge entity $(bone_left_arm1) { transformation: [-0.32569440604945166f,0.06484786329596841f,0.943248593157733f,0.6874999999999999f,0.10662232028166138f,0.9938002565507505f,-0.03150763236768646f,0.11815726869641927f,-0.9394438965078489f,0.09030949399487209f,-0.3305894139390135f,0.9581659647293606f,0f,0f,0f,1f], start_interpolation: 0, interpolation_duration: 1 }
$data merge entity $(bone_right_arm2) { transformation: [-0.3265390521579356f,-0.20924405209182873f,-0.9217316171641229f,-0.6591940644658342f,-0.09320116943455686f,0.9775633832530328f,-0.18890043340054774f,-0.5705313786227764f,0.9405773702528826f,0.024223096149663427f,-0.33871441094393395f,0.9430392318407678f,0f,0f,0f,1f], start_interpolation: 0, interpolation_duration: 1 }
$data merge entity $(bone_right_arm1) { transformation: [-0.32569356645959613f,-0.0648476987258604f,-0.943248894373478f,-0.6875000000000001f,-0.10662261120723468f,0.9938002313849613f,-0.0315074416376212f,0.11815726869641927f,0.9394441545649106f,0.09030988909946291f,-0.33058857267707126f,0.9581659647293603f,0f,0f,0f,1f], start_interpolation: 0, interpolation_duration: 1 }
$data merge entity $(bone_body3) { transformation: [-1f,-1.192631511558017e-16f,2.7819033106975086e-17f,-6.351803200508725e-17f,0f,0.22715964412223827f,0.9738575337708582f,0.2139586597728083f,-1.2246467991473532e-16f,0.9738575337708582f,-0.22715964412223827f,0.5186640919595019f,0f,0f,0f,1f], start_interpolation: 0, interpolation_duration: 1 }
$data merge entity $(bone_body2) { transformation: [-1f,-9.558941165135465e-17f,7.655234945294912e-17f,-1.5723326179409924e-17f,0f,0.6250973709827834f,0.7805467806546975f,-0.09859002571858339f,-1.2246467991473532e-16f,0.7805467806546975f,-0.6250973709827834f,0.12839070163215316f,0f,0f,0f,1f], start_interpolation: 0, interpolation_duration: 1 }
$data merge entity $(bone_left_leg3) { transformation: [-0.6581006076380548f,-0.06590412040264759f,-0.7500401570185271f,0.5313248172855417f,-0.21675705967284642f,0.9705726387108484f,0.1049053386050634f,-0.9107159839946751f,0.721054760270262f,0.23161476615236418f,-0.6530196266512827f,-0.09959073992481904f,0f,0f,0f,1f], start_interpolation: 0, interpolation_duration: 1 }
$data merge entity $(bone_left_leg2) { transformation: [-0.646556134469488f,0.22908811015296876f,-0.7276563768472141f,0.6917663291745132f,-0.39791898066680836f,0.7125292458409355f,0.5778949373774058f,-0.43690118233864234f,0.650865308497051f,0.6631898005909688f,-0.36953164761241974f,0.3254577962677378f,0f,0f,0f,1f], start_interpolation: 0, interpolation_duration: 1 }
$data merge entity $(bone_left_leg1) { transformation: [-0.6128824376136215f,-0.7853623629769123f,0.08706937741884797f,0.25f,-0.40790721740403113f,0.22008560942610156f,-0.8861004607341323f,-0.3131030270364602f,0.6767472346855107f,-0.5785916378093116f,-0.4552415809245157f,3.061616997868383e-17f,0f,0f,0f,1f], start_interpolation: 0, interpolation_duration: 1 }
$data merge entity $(bone_right_leg3) { transformation: [-0.6582791946358595f,0.06679186164418188f,0.7498048740356849f,-0.5319106789348838f,0.21671064844214444f,0.9707030769592971f,0.10378839643013493f,-0.9111809576465157f,-0.7209056781308839f,0.23081244247193008f,-0.6534681473788854f,-0.0992930218338624f,0f,0f,0f,1f], start_interpolation: 0, interpolation_duration: 1 }
$data merge entity $(bone_right_leg2) { transformation: [-0.6465558640436289f,-0.2281955951698663f,0.7279370062140457f,-0.6917664736407901f,0.3979188997027942f,0.7132376974013529f,0.5770203950164452f,-0.43690123591902175f,-0.6508656266312689f,0.6627358126362926f,-0.37034467556480255f,0.325457579792591f,0f,0f,0f,1f], start_interpolation: 0, interpolation_duration: 1 }
$data merge entity $(bone_right_leg1) { transformation: [-0.6128821557167381f,0.7853626198058491f,-0.08706904510615364f,-0.25f,0.4079071405217636f,0.22008570468010946f,-0.8861004724673258f,-0.3131030270364602f,-0.6767475363201275f,-0.5785912529646063f,-0.4552416216444676f,-3.061616997868383e-17f,0f,0f,0f,1f], start_interpolation: 0, interpolation_duration: 1 }
$data merge entity $(bone_body1) { transformation: [-1f,-6.28933047176397e-17f,1.0508106417577193e-16f,0f,0f,0.8580520052715073f,0.5135628065286126f,-0.3131030270364602f,-1.2246467991473532e-16f,0.5135628065286126f,-0.8580520052715073f,0f,0f,0f,0f,1f], start_interpolation: 0, interpolation_duration: 1 }