# This file was generated by Animated Java via MC-Build. It is not recommended to edit this file directly.
$data merge entity $(bone_head) { transformation: [-1f,-9.460355921498557e-17f,7.776737368894038e-17f,-1.5190904478927059e-16f,0f,0.6350187967917366f,0.7724966846020607f,0.4027673330017298f,-1.2246467991473532e-16f,0.7724966846020607f,-0.6350187967917366f,1.240431485184427f,0f,0f,0f,1f], start_interpolation: 0, interpolation_duration: 1 }
$data merge entity $(bone_left_arm2) { transformation: [-0.33731105089174984f,0.19988701850376228f,0.9199274073425467f,0.6733460021067232f,0.08183036384831947f,0.979724672179046f,-0.18287525331797314f,-0.5543445973573765f,-0.9378299667310463f,0.013592150578101182f,-0.34682878621000773f,0.9469444954662176f,0f,0f,0f,1f], start_interpolation: 0, interpolation_duration: 1 }
$data merge entity $(bone_left_arm1) { transformation: [-0.33703592645934954f,0.04509782695534136f,0.9404110645242292f,0.6874999999999999f,0.08805340918909493f,0.9959839299159832f,-0.01620519914385629f,0.1348199531864911f,-0.9373651270480816f,0.07734466596359632f,-0.3396533839682949f,0.9532524774936846f,0f,0f,0f,1f], start_interpolation: 0, interpolation_duration: 1 }
$data merge entity $(bone_right_arm2) { transformation: [-0.33731022548691003f,-0.19988691498176703f,-0.9199277324882871f,-0.6733460720371949f,-0.08183064267913767f,0.9797246863391155f,-0.18287505269019397f,-0.5543445965912509f,0.937830239276112f,0.013592652309018592f,-0.3468280295802472f,0.9469442548582206f,0f,0f,0f,1f], start_interpolation: 0, interpolation_duration: 1 }
$data merge entity $(bone_right_arm1) { transformation: [-0.33703510204827647f,-0.04509766528653653f,-0.9404113677391459f,-0.6875000000000001f,-0.0880536878917837f,0.9959839085330481f,-0.01620499897837506f,0.1348199531864911f,0.9373653972896399f,0.07734503558041941f,-0.33965255399466576f,0.9532524774936844f,0f,0f,0f,1f], start_interpolation: 0, interpolation_duration: 1 }
$data merge entity $(bone_body3) { transformation: [-1f,-1.1878336743612745e-16f,2.9801165197899796e-17f,-6.282151921217499e-17f,0f,0.24334498092550866f,0.9699398023889751f,0.22025859730759828f,-1.2246467991473532e-16f,0.9699398023889751f,-0.24334498092550866f,0.5129766333926956f,0f,0f,0f,1f], start_interpolation: 0, interpolation_duration: 1 }
$data merge entity $(bone_body2) { transformation: [-1f,-9.465604148472758e-17f,7.77034853597965e-17f,-1.5493498469811202e-17f,0f,0.6344971089941744f,0.7729252348565383f,-0.09698995718948894f,-1.2246467991473532e-16f,0.7729252348565383f,-0.6344971089941744f,0.12651401596442646f,0f,0f,0f,1f], start_interpolation: 0, interpolation_duration: 1 }
$data merge entity $(bone_left_leg3) { transformation: [-0.6671896274755179f,-0.061871288717914086f,-0.7423139124531238f,0.5296041468234525f,-0.2079852452319391f,0.9723834781039347f,0.10588913672471101f,-0.9197810553437351f,0.7152622866857231f,0.22503847480570746f,-0.6616324856763239f,-0.09609321833102136f,0f,0f,0f,1f], start_interpolation: 0, interpolation_duration: 1 }
$data merge entity $(bone_left_leg2) { transformation: [-0.6559260820261663f,0.22593818278243583f,-0.7202172675511005f,0.6881249243060849f,-0.3896931359496515f,0.7157982072853086f,0.5794585284909219f,-0.4439495265635379f,0.6464520358940244f,0.6607456878467757f,-0.38146415464675276f,0.32742032625758105f,0f,0f,0f,1f], start_interpolation: 0, interpolation_duration: 1 }
$data merge entity $(bone_left_leg1) { transformation: [-0.6225439556382154f,-0.7788887543219286f,0.07596928122048824f,0.25f,-0.400258497028178f,0.23348341860185134f,-0.8861594827088045f,-0.31261510359999656f,0.6724820881295407f,-0.5820805800134773f,-0.4571105331493749f,3.061616997868383e-17f,0f,0f,0f,1f], start_interpolation: 0, interpolation_duration: 1 }
$data merge entity $(bone_right_leg3) { transformation: [-0.6672712349001949f,0.062277782252082026f,0.7422065594647702f,-0.5298724423972222f,0.20796369197275572f,0.9724444503142156f,0.10537027035243074f,-0.9199969548447331f,-0.7151924229854715f,0.2246625667325242f,-0.6618357267580259f,-0.09595112640495385f,0f,0f,0f,1f], start_interpolation: 0, interpolation_duration: 1 }
$data merge entity $(bone_right_leg2) { transformation: [-0.6559258184563298f,-0.22552957379962607f,0.7203455643121246f,-0.688125066116607f,0.38969305145249583f,0.7161271164189481f,0.5790520518736855f,-0.4439495807658531f,-0.6464523542628925f,0.6605288521111261f,-0.38183895714911253f,0.327420114757615f,0f,0f,0f,1f], start_interpolation: 0, interpolation_duration: 1 }
$data merge entity $(bone_right_leg1) { transformation: [-0.6225436808100245f,0.7788890064295235f,-0.07596894856937253f,-0.25f,0.40025841665767725f,0.2334835149615228f,-0.8861594936217191f,-0.31261510359999656f,-0.6724823903852021f,-0.5820802040135379f,-0.45711056727816124f,-3.061616997868383e-17f,0f,0f,0f,1f], start_interpolation: 0, interpolation_duration: 1 }
$data merge entity $(bone_body1) { transformation: [-1f,-6.197399387924481e-17f,1.0562585814692302e-16f,0f,0f,0.8625005856420305f,0.5060560638577059f,-0.31261510359999656f,-1.2246467991473532e-16f,0.5060560638577059f,-0.8625005856420305f,0f,0f,0f,0f,1f], start_interpolation: 0, interpolation_duration: 1 }