# This file was generated by Animated Java via MC-Build. It is not recommended to edit this file directly.
$data merge entity $(bone_head) { transformation: [-1f,-9.399779180872532e-17f,7.849849018740492e-17f,-1.5102766171064188e-16f,0f,0.640988816057484f,0.7675502183500604f,0.4174393062013334f,-1.2246467991473532e-16f,0.7675502183500604f,-0.640988816057484f,1.2332344461749565f,0f,0f,0f,1f], start_interpolation: 0, interpolation_duration: 1 }
$data merge entity $(bone_left_arm2) { transformation: [-0.34714409385005385f,0.19231383335185184f,0.9178814561840442f,0.6842296527504081f,0.07234021867082918f,0.9813230546062898f,-0.17824689411273967f,-0.5412817081645911f,-0.9350175778388781f,0.00452238871589912f,-0.3545725273235658f,0.9504522232219741f,0f,0f,0f,1f], start_interpolation: 0, interpolation_duration: 1 }
$data merge entity $(bone_left_arm1) { transformation: [-0.34714409385005385f,0.030003711915773827f,0.9373317210978729f,0.6874999999999999f,0.07234021867082918f,0.9973668007233641f,-0.005133963137644346f,0.14802497826626326f,-0.9350175778388781f,0.06602455669004745f,-0.34840046935416324f,0.9490932270544378f,0f,0f,0f,1f], start_interpolation: 0, interpolation_duration: 1 }
$data merge entity $(bone_right_arm2) { transformation: [-0.3471432819160062f,-0.19231373056651008f,-0.9178817847937587f,-0.6842297209755231f,-0.07234048756338413f,0.9813230725032783f,-0.17824668645396421f,-0.5412817089355174f,0.9350178584816853f,0.004522876111247229f,-0.35457178104300163f,0.9504519963537996f,0f,0f,0f,1f], start_interpolation: 0, interpolation_duration: 1 }
$data merge entity $(bone_right_arm1) { transformation: [-0.3471432819160062f,-0.030003553629494258f,-0.9373320268667802f,-0.6875000000000001f,-0.07234048756338413f,0.9973667822888893f,-0.005133755525892833f,0.14802497826626326f,0.9350178584816853f,0.06602490709050504f,-0.34839964977596366f,0.9490932270544375f,0f,0f,0f,1f], start_interpolation: 0, interpolation_duration: 1 }
$data merge entity $(bone_body3) { transformation: [-1f,-1.1836582615276801e-16f,3.1418609545797493e-17f,-6.225329209606587e-17f,0f,0.2565524163185038f,0.9665303190697836f,0.22502499396245554f,-1.2246467991473532e-16f,0.9665303190697836f,-0.2565524163185038f,0.5083367068726187f,0f,0f,0f,1f], start_interpolation: 0, interpolation_duration: 1 }
$data merge entity $(bone_body2) { transformation: [-1f,-9.389041421344791e-17f,7.862689072731896e-17f,-1.5308084989341912e-17f,0f,0.6420372860326917f,0.7666734137452373f,-0.09599364905389032f,-1.2246467991473532e-16f,0.7666734137452373f,-0.6420372860326917f,0.12499999999999999f,0f,0f,0f,1f], start_interpolation: 0, interpolation_duration: 1 }
$data merge entity $(bone_left_leg3) { transformation: [-0.6746567580042299f,-0.05875869282827906f,-0.7357891511135064f,0.5279877884471496f,-0.20097784503674965f,0.9737876893822035f,0.10651498397903353f,-0.9275424506238563f,0.7102437361100808f,0.21973837176237923f,-0.6687816409648313f,-0.09345683892113205f,0f,0f,0f,1f], start_interpolation: 0, interpolation_duration: 1 }
$data merge entity $(bone_left_leg2) { transformation: [-0.6636548280091675f,0.22341904517693512f,-0.7138950899903636f,0.6849761435321564f,-0.383099390520821f,0.7181849163209922f,0.5809004070850572f,-0.4502476713113174f,0.6424928997605325f,0.659010133625604f,-0.39103518708175883f,0.32897960971191226f,0f,0f,0f,1f], start_interpolation: 0, interpolation_duration: 1 }
$data merge entity $(bone_left_leg1) { transformation: [-0.6305244713274714f,-0.7732909218349449f,0.06678354037391215f,0.25f,-0.39415626267140963f,0.24488474899789753f,-0.8858173063928834f,-0.3125f,0.6686402109162441f,-0.5848526394878439f,-0.459203286606251f,3.061616997868383e-17f,0f,0f,0f,1f], start_interpolation: 0, interpolation_duration: 1 }
$data merge entity $(bone_right_leg3) { transformation: [-0.6746564450304741f,0.05875846362547127f,0.7357894563876389f,-0.5279876652968043f,0.20097775606692958f,0.9737876977452841f,0.10651507539424387f,-0.9275424865081763f,-0.7102440585778556f,0.21973839599012707f,-0.6687812905446309f,-0.09345696907635159f,0f,0f,0f,1f], start_interpolation: 0, interpolation_duration: 1 }
$data merge entity $(bone_right_leg2) { transformation: [-0.6636545706110556f,-0.2234194511702873f,0.7138952022151593f,-0.6849762827931031f,0.38309930322042945f,0.718184890337285f,0.5809004967834368f,-0.4502477256115137f,-0.6424932176911106f,0.6590100243015957f,-0.3910348489469112f,0.328979402845147f,0f,0f,0f,1f], start_interpolation: 0, interpolation_duration: 1 }
$data merge entity $(bone_right_leg1) { transformation: [-0.6305242028747814f,0.773291169409961f,-0.06678320823153383f,-0.25f,0.3941561795025999f,0.24488484553157994f,-0.8858173167131519f,-0.3125f,-0.6686405130928245f,-0.5848522717247059f,-0.45920331500264144f,-3.061616997868383e-17f,0f,0f,0f,1f], start_interpolation: 0, interpolation_duration: 1 }
$data merge entity $(bone_body1) { transformation: [-1f,-6.123233995736765e-17f,1.0605752387249069e-16f,0f,0f,0.8660254037844387f,0.49999999999999994f,-0.3125f,-1.2246467991473532e-16f,0.49999999999999994f,-0.8660254037844387f,0f,0f,0f,0f,1f], start_interpolation: 0, interpolation_duration: 1 }