# This file was generated by Animated Java via MC-Build. It is not recommended to edit this file directly.
$data merge entity $(bone_head) { transformation: [-1f,-9.362694164476023e-17f,7.894044353097617e-17f,-1.496463021716428e-16f,0f,0.6445976389758875f,0.7645219969541174f,0.4369301373258288f,-1.2246467991473532e-16f,0.7645219969541174f,-0.6445976389758875f,1.2219547895428495f,0f,0f,0f,1f], start_interpolation: 0, interpolation_duration: 1 }
$data merge entity $(bone_left_arm2) { transformation: [-0.3683691812102031f,0.1771379826104497f,0.9126479504448715f,0.7057953597821823f,0.06361437355542933f,0.9841818980375852f,-0.16534570769235837f,-0.5212703563614733f,-0.9275005972028669f,-0.0028507353150587778f,-0.3738108017386453f,0.9499450199275775f,0f,0f,0f,1f], start_interpolation: 0, interpolation_duration: 1 }
$data merge entity $(bone_left_arm1) { transformation: [-0.368402712198162f,0.00018149211305556358f,0.9296662888938434f,0.6874999999999999f,0.0506298178445673f,0.9985198395938932f,0.01986835379219694f,0.16774352425155653f,-0.9282866277126177f,0.05438839028688802f,-0.3678666060026883f,0.9409227068641821f,0f,0f,0f,1f], start_interpolation: 0, interpolation_duration: 1 }
$data merge entity $(bone_right_arm2) { transformation: [-0.3683683970703581f,-0.17713788160607605f,-0.9126482865485076f,-0.7057954245029487f,-0.06361462535995197f,0.9841819175471561f,-0.16534549468768625f,-0.521270357264686f,0.9275008913635221f,-0.002850276006722968f,-0.3738100753679033f,0.9499448197086401f,0f,0f,0f,1f], start_interpolation: 0, interpolation_duration: 1 }
$data merge entity $(bone_right_arm1) { transformation: [-0.36840192602347177f,-0.00018134079741816798f,-0.9296666004636887f,-0.6875000000000001f,-0.05063006989177332f,0.9985198225769512f,0.0198685667235496f,0.16774352425155653f,0.9282869259689864f,0.05438870320580541f,-0.36786580710721156f,0.9409227068641819f,0f,0f,0f,1f], start_interpolation: 0, interpolation_duration: 1 }
$data merge entity $(bone_body3) { transformation: [-1f,-1.1783009912332657e-16f,3.337162817732469e-17f,-6.127372782914789e-17f,0f,0.27250002368486426f,0.962155775896891f,0.2325551195621806f,-1.2246467991473532e-16f,0.962155775896891f,-0.27250002368486426f,0.5003379576201811f,0f,0f,0f,1f], start_interpolation: 0, interpolation_duration: 1 }
$data merge entity $(bone_body2) { transformation: [-1f,-9.268687689101331e-17f,8.004211815543565e-17f,-1.4930289383641235e-17f,0f,0.6535934949665821f,0.7568457857036455f,-0.09424162792111046f,-1.2246467991473532e-16f,0.7568457857036455f,-0.6535934949665821f,0.12191506476835838f,0f,0f,0f,1f], start_interpolation: 0, interpolation_duration: 1 }
$data merge entity $(bone_left_leg3) { transformation: [-0.6897499266648192f,-0.05264566896700834f,-0.7221312015173509f,0.5243702693521514f,-0.1870264807861475f,0.976460429630265f,0.10745289596389546f,-0.9435438644577917f,0.6994756136925899f,0.20917328439668184f,-0.6833596439241052f,-0.08832583697425572f,0f,0f,0f,1f], start_interpolation: 0, interpolation_duration: 1 }
$data merge entity $(bone_left_leg2) { transformation: [-0.6792930825481107f,0.21819892910821578f,-0.7006783394242423f,0.6781772709942322f,-0.369939514328521f,0.7227760024388746f,0.5837290519040992f,-0.46344180794589707f,0.633802543179391f,0.6557317116279403f,-0.4102563328272071f,0.3320949340444021f,0f,0f,0f,1f], start_interpolation: 0, interpolation_duration: 1 }
$data merge entity $(bone_left_leg1) { transformation: [-0.6467053489741083f,-0.7612040373230794f,0.04837980127409298f,0.25f,-0.38200797094267364f,0.268340991903817f,-0.8843432716995914f,-0.3125f,0.6601833849352302f,-0.5903909938567148f,-0.464323564584377f,3.061616997868383e-17f,0f,0f,0f,1f], start_interpolation: 0, interpolation_duration: 1 }
$data merge entity $(bone_right_leg3) { transformation: [-0.689583782356627f,0.05182192225683602f,0.7223494275517455f,-0.5238264686191063f,0.18707142829291123f,0.9763312303735183f,0.10854312190913767f,-0.9430905529630011f,-0.6996273921361128f,0.20998051569357157f,-0.6829565836873404f,-0.08864404751810495f,0f,0f,0f,1f], start_interpolation: 0, interpolation_duration: 1 }
$data merge entity $(bone_right_leg2) { transformation: [-0.6792928381242976f,-0.21902778737645884f,0.7004199229248189f,-0.6781774046805996f,0.3699394215612232f,0.722085161938331f,0.5845834784557644f,-0.4634418619790773f,-0.6338028592930014f,0.6562163113375545f,-0.40948026605265f,0.3320947371207121f,0f,0f,0f,1f], start_interpolation: 0, interpolation_duration: 1 }
$data merge entity $(bone_right_leg1) { transformation: [-0.6467050939407735f,0.7612042749877327f,-0.04837947097122113f,-0.25f,0.3820078822810237f,0.26834108796280404f,-0.8843432808508839f,-0.3125f,-0.660183686064888f,-0.5903906437701549f,-0.46432358157048054f,-3.061616997868383e-17f,0f,0f,0f,1f], start_interpolation: 0, interpolation_duration: 1 }
$data merge entity $(bone_body1) { transformation: [-1f,-5.972115753456494e-17f,1.0691576670140965e-16f,0f,0f,0.8730334883155582f,0.4876602590734335f,-0.3125f,-1.2246467991473532e-16f,0.4876602590734335f,-0.8730334883155582f,0f,0f,0f,0f,1f], start_interpolation: 0, interpolation_duration: 1 }