# This file was generated by Animated Java via MC-Build. It is not recommended to edit this file directly.
$data merge entity $(bone_head) { transformation: [-1f,-5.3603765815872635e-17f,1.1011009997713952e-16f,-7.6526035525518e-17f,0f,0.8991171989654687f,0.43770796488582386f,1.0297158042595838f,-1.2246467991473532e-16f,0.43770796488582386f,-0.8991171989654687f,0.6248825014591832f,0f,0f,0f,1f], start_interpolation: 0, interpolation_duration: 1 }
$data merge entity $(bone_left_arm2) { transformation: [-0.9236363093459069f,0.029824878060220966f,0.3821078966817684f,1.0366541339410436f,-0.0986564093715151f,0.9448719291750238f,-0.312224198849142f,0.11847224547075974f,-0.37035507414883906f,-0.3260789997926294f,-0.8697756060884015f,0.5120954413028667f,0f,0f,0f,1f], start_interpolation: 0, interpolation_duration: 1 }
$data merge entity $(bone_left_arm1) { transformation: [-0.8215638316829588f,-0.44811046161003f,0.35246260037919036f,0.6875f,-0.41849348629686745f,0.8938475074412608f,0.16093425790719135f,0.7120677325217832f,-0.38716414141486366f,-0.01528553684666134f,-0.9218840924789844f,0.48222842765004376f,0f,0f,0f,1f], start_interpolation: 0, interpolation_duration: 1 }
$data merge entity $(bone_right_arm2) { transformation: [-0.9236362136073251f,-0.029824787975209432f,-0.38210813513370445f,-1.0366542278911948f,0.09865654384083927f,0.9448719532675258f,-0.3122240834493568f,0.11847230273784448f,0.3703552770928261f,-0.32607893821994105f,-0.8697755427573551f,0.5120954811592994f,0f,0f,0f,1f], start_interpolation: 0, interpolation_duration: 1 }
$data merge entity $(bone_right_arm1) { transformation: [-0.8215636782988457f,0.44811060942000347f,-0.3524627699847231f,-0.6875f,0.41849360253236395f,0.8938474325971737f,0.16093437134100558f,0.7120677325217832f,0.38716434125517607f,-0.015285580285813782f,-0.9218840078316639f,0.4822284276500436f,0f,0f,0f,1f], start_interpolation: 0, interpolation_duration: 1 }
$data merge entity $(bone_body3) { transformation: [-1f,-6.735222851339119e-17f,1.0228037515036065e-16f,-2.6011864140474608e-17f,0f,0.8351826438575777f,0.5499726824116506f,0.4033288213664006f,-1.2246467991473532e-16f,0.5499726824116506f,-0.8351826438575777f,0.21240298965044518f,0f,0f,0f,1f], start_interpolation: 0, interpolation_duration: 1 }
$data merge entity $(bone_body2) { transformation: [-1f,-4.2562181029937485e-17f,1.1483056462716452e-16f,-4.730773625505866e-18f,0f,0.9376627179943966f,0.3475465828969702f,-0.06550253763079775f,-1.2246467991473532e-16f,0.3475465828969702f,-0.9376627179943966f,0.038629698201960064f,0f,0f,0f,1f], start_interpolation: 0, interpolation_duration: 1 }
$data merge entity $(bone_left_leg3) { transformation: [-0.9520787252341251f,0.01629694559819625f,-0.3054185824744998f,0.4373933078502876f,0.0004521047524134736f,0.998653318365893f,0.05187817766733249f,-1.2574736788547656f,0.3058527367179444f,0.049254028068371425f,-0.9508039462271831f,-0.049382616572625604f,0f,0f,0f,1f], start_interpolation: 0, interpolation_duration: 1 }
$data merge entity $(bone_left_leg2) { transformation: [-0.9414924692622006f,0.005507061596097457f,-0.3369890244431431f,0.45571813685494844f,-0.1917573721495372f,0.8135058090207381f,0.5490331583026826f,-0.7206142827450697f,0.277166088381801f,0.5815307136876706f,-0.7648535732341456f,0.3279161941539426f,0f,0f,0f,1f], start_interpolation: 0, interpolation_duration: 1 }
$data merge entity $(bone_left_leg1) { transformation: [-0.9264216856962096f,-0.36572113218657504f,-0.08939191095374972f,0.25f,-0.22361766437352942f,0.7255365026579016f,-0.6508393991539452f,-0.3125f,0.3028828163695011f,-0.5829621229403422f,-0.7539344552180705f,3.061616997868383e-17f,0f,0f,0f,1f], start_interpolation: 0, interpolation_duration: 1 }
$data merge entity $(bone_right_leg3) { transformation: [-0.9502609044343072f,-0.025162601473351254f,0.3104368808482422f,-0.430605638037967f,0.0003757708393452783f,0.9966377545515901f,0.08193317398124345f,-1.2461607378127124f,-0.3114547676629283f,0.07797454513786983f,-0.9470564386616953f,-0.06461216627616667f,0f,0f,0f,1f], start_interpolation: 0, interpolation_duration: 1 }
$data merge entity $(bone_right_leg2) { transformation: [-0.94149245358083f,-0.01585018226078483f,0.33666115245547507f,-0.4557181397338075f,0.19175728543535897f,0.7962670262210875f,0.5737490448231598f,-0.7206142942701962f,-0.2771662016422835f,0.6047376246566157f,-0.746640008298419f,0.3279161780040767f,0f,0f,0f,1f], start_interpolation: 0, interpolation_duration: 1 }
$data merge entity $(bone_right_leg1) { transformation: [-0.9264216697764442f,0.36572113730454664f,0.08939205500095528f,-0.25f,0.22361757847131392f,0.7255365231470154f,-0.6508394058278633f,-0.3125f,-0.3028829284843414f,-0.5829620942294698f,-0.7539344323774715f,-3.061616997868383e-17f,0f,0f,0f,1f], start_interpolation: 0, interpolation_duration: 1 }
$data merge entity $(bone_body1) { transformation: [-1f,-1.8923094502023463e-17f,1.2099386067518495e-16f,0f,0f,0.987989849476809f,0.15451879280784026f,-0.3125f,-1.2246467991473532e-16f,0.15451879280784026f,-0.987989849476809f,0f,0f,0f,0f,1f], start_interpolation: 0, interpolation_duration: 1 }