# This file was generated by Animated Java via MC-Build. It is not recommended to edit this file directly.
$data merge entity $(bone_head) { transformation: [-1f,-7.871877887341985e-17f,9.381338752702731e-17f,-6.260327243677915e-17f,0f,0.766044443118978f,0.6427876096865393f,1.1507841805122236f,-1.2246467991473532e-16f,0.6427876096865393f,-0.766044443118978f,0.5111945132291693f,0f,0f,0f,1f], start_interpolation: 0, interpolation_duration: 1 }
$data merge entity $(bone_left_arm2) { transformation: [-0.018456829406413567f,-0.4184640095616354f,0.9080458238161012f,1.2019135006608703f,-0.15749638664318194f,0.8980787431140382f,0.4106695257272568f,1.2189808590994589f,-0.9873470684833188f,-0.13543427877870684f,-0.08248225560135747f,0.3103982009680466f,0f,0f,0f,1f], start_interpolation: 0, interpolation_duration: 1 }
$data merge entity $(bone_left_arm1) { transformation: [-0.018456829406413567f,-0.8215850547048791f,-0.5697871035166057f,0.6875f,-0.15749638664318194f,-0.5603802700052088f,0.8131228942682833f,0.8608683710140441f,-0.9873470684833188f,0.10474708050570891f,-0.11905383438985356f,0.3264977728599487f,0f,0f,0f,1f], start_interpolation: 0, interpolation_duration: 1 }
$data merge entity $(bone_right_arm2) { transformation: [-0.018456724527699874f,0.41846413774858937f,-0.9080457668741363f,-1.201913446456735f,0.1574969062781244f,0.8980786073559982f,0.4106696233255275f,1.14808723209604f,0.9873469875542884f,-0.13543478293200995f,-0.08248239654393574f,0.42167887122191905f,0f,0f,0f,1f], start_interpolation: 0, interpolation_duration: 1 }
$data merge entity $(bone_right_arm1) { transformation: [-0.018456724527699874f,0.8215849763685596f,0.5697872198682433f,-0.6875f,0.1574969062781244f,-0.5603803425466063f,0.8131227436249511f,0.7899746726905049f,0.9873469875542884f,0.10474730685235506f,-0.11905430640951331f,0.4377785886269265f,0f,0f,0f,1f], start_interpolation: 0, interpolation_duration: 1 }
$data merge entity $(bone_body3) { transformation: [-1f,-6.580022455450642e-17f,1.0328566345430089e-16f,-1.3253104020899328e-17f,0f,0.8433914458128857f,0.5372996083468238f,0.5182405961525594f,-1.2246467991473532e-16f,0.5372996083468238f,-0.8433914458128857f,0.10821980696905144f,0f,0f,0f,1f], start_interpolation: 0, interpolation_duration: 1 }
$data merge entity $(bone_body2) { transformation: [-1f,-2.6506208041798655e-17f,1.195617780139768e-16f,0f,0f,0.9762960071199334f,0.21643961393810288f,0.030092592592592615f,-1.2246467991473532e-16f,0.21643961393810288f,-0.9762960071199334f,0f,0f,0f,0f,1f], start_interpolation: 0, interpolation_duration: 1 }
$data merge entity $(bone_left_leg3) { transformation: [-0.9011075036163166f,0.1431494445522245f,-0.4092841353519087f,0.5361524780582677f,0.10841153653515147f,0.9883321172918038f,0.10698861937415657f,-0.9826954986752885f,0.4198240175031168f,0.05203712572664121f,-0.9061125381947064f,0.3835400908531225f,0f,0f,0f,1f], start_interpolation: 0, interpolation_duration: 1 }
$data merge entity $(bone_left_leg2) { transformation: [-0.8737688708021122f,-0.008711271350589599f,-0.486263379423804f,0.5440883448407263f,-0.07444683049785758f,0.9904517484344789f,0.11603018336582659f,-0.33154830703863275f,0.4806096439378066f,0.13758432968379966f,-0.8660744323552307f,0.46632028152158783f,0f,0f,0f,1f], start_interpolation: 0, interpolation_duration: 1 }
$data merge entity $(bone_left_leg1) { transformation: [-0.8517743206696744f,-0.5228237241612912f,-0.03370252367157209f,0.25f,-0.08318326056882483f,0.19847271045551174f,-0.9765700836937317f,-0.21990740740740738f,0.5172630392835484f,-0.829013833816156f,-0.21254414019818457f,3.061616997868383e-17f,0f,0f,0f,1f], start_interpolation: 0, interpolation_duration: 1 }
$data merge entity $(bone_right_leg3) { transformation: [-0.9011070186909101f,-0.14315036716420465f,0.4092848803055558f,-0.5361521585967036f,-0.10841211972037769f,0.9883319641144545f,0.1069894434390564f,-0.9826959473794533f,-0.4198249077457341f,0.052037496965341504f,-0.9061121044031295f,0.38353943680978536f,0f,0f,0f,1f], start_interpolation: 0, interpolation_duration: 1 }
$data merge entity $(bone_right_leg2) { transformation: [-0.8737684913303531f,0.008710267594722959f,0.48626407927864357f,-0.5440886781647034f,0.07444630248989012f,0.9904516859961728f,0.11603105512285224f,-0.3315488049680604f,-0.48061041562149104f,0.13758484271810945f,-0.8660739226246053f,0.46631995209945887f,0f,0f,0f,1f], start_interpolation: 0, interpolation_duration: 1 }
$data merge entity $(bone_right_leg1) { transformation: [-0.851773914963973f,0.5228243167372506f,0.033703584604212966f,-0.25f,0.08318277070684235f,0.19847359566338307f,-0.976569945514391f,-0.21990740740740738f,-0.5172637861328387f,-0.8290132481768159f,-0.21254460685429266f,-3.061616997868383e-17f,0f,0f,0f,1f], start_interpolation: 0, interpolation_duration: 1 }
$data merge entity $(bone_body1) { transformation: [-1f,0f,1.2246467991473532e-16f,0f,0f,1f,0f,-0.21990740740740738f,-1.2246467991473532e-16f,0f,-1f,0f,0f,0f,0f,1f], start_interpolation: 0, interpolation_duration: 1 }