# This file was generated by Animated Java via MC-Build. It is not recommended to edit this file directly.
$data merge entity $(bone_head) { transformation: [-1f,-9.421422699591326e-17f,7.823859187243277e-17f,-1.5241048748843092e-16f,0f,0.6388665852628328f,0.7693175457732702f,0.38922122091897043f,-1.2246467991473532e-16f,0.7693175457732702f,-0.6388665852628328f,1.2445260755553766f,0f,0f,0f,1f], start_interpolation: 0, interpolation_duration: 1 }
$data merge entity $(bone_left_arm2) { transformation: [-0.35506043847558355f,0.20278077466109629f,0.9125853617373948f,0.6514563262761428f,0.07597165751575229f,0.9792207912775133f,-0.1880291179156819f,-0.5697886324199867f,-0.9317512502185523f,0.0025689215024833345f,-0.36308815507873343f,0.9675723414901619f,0f,0f,0f,1f], start_interpolation: 0, interpolation_duration: 1 }
$data merge entity $(bone_left_arm1) { transformation: [-0.35500687690474686f,0.07807141598578515f,0.9315980739333418f,0.6874999999999999f,0.0766557721206137f,0.9955821708146966f,-0.05422207812771671f,0.12003613048345177f,-0.9317156271904695f,0.05216315904803126f,-0.35942314183591356f,0.9569288555131146f,0f,0f,0f,1f], start_interpolation: 0, interpolation_duration: 1 }
$data merge entity $(bone_right_arm2) { transformation: [-0.35505960766842204f,-0.20278069430738055f,-0.9125857028348424f,-0.6514563716973465f,-0.07597195011513795f,0.9792208065547755f,-0.18802892013176684f,-0.569788638958358f,0.9317515429544776f,0.0025694408792544185f,-0.3630874001883278f,0.9675720715390747f,0f,0f,0f,1f], start_interpolation: 0, interpolation_duration: 1 }
$data merge entity $(bone_right_arm1) { transformation: [-0.35500604618410625f,-0.07807128978449346f,-0.9315984010742582f,-0.6875000000000001f,-0.0766560647119996f,0.995582159071917f,-0.05422188009069915f,0.12003613048345177f,0.9317159196426765f,0.05216357205067573f,-0.35942232378542666f,0.9569288555131144f,0f,0f,0f,1f], start_interpolation: 0, interpolation_duration: 1 }
$data merge entity $(bone_body3) { transformation: [-1f,-1.188924178855107e-16f,2.936308560004662e-17f,-6.324117407429789e-17f,0f,0.23976778954136285f,0.9708302668842008f,0.20939537876294828f,-1.2246467991473532e-16f,0.9708302668842008f,-0.23976778954136285f,0.5164033753922261f,0f,0f,0f,1f], start_interpolation: 0, interpolation_duration: 1 }
$data merge entity $(bone_body2) { transformation: [-1f,-9.514690886478909e-17f,7.710164434105212e-17f,-1.566771964190334e-17f,0f,0.6295827041293317f,0.7769334711937684f,-0.10539597330171757f,-1.2246467991473532e-16f,0.7769334711937684f,-0.6295827041293317f,0.12793663979534192f,0f,0f,0f,1f], start_interpolation: 0, interpolation_duration: 1 }
$data merge entity $(bone_left_leg3) { transformation: [-0.6668321525551688f,-0.06708941501661292f,-0.742181844773482f,0.5268563815875362f,-0.2129627581357485f,0.9715610900782583f,0.10351768879356343f,-0.9269273136023295f,0.7141300609593847f,0.22708601594698666f,-0.662155719899383f,-0.10290539523797743f,0f,0f,0f,1f], start_interpolation: 0, interpolation_duration: 1 }
$data merge entity $(bone_left_leg2) { transformation: [-0.6564464059378412f,0.23005844523592534f,-0.718436655458865f,0.688089211366391f,-0.3939577217002167f,0.707630501222088f,0.5865631997090774f,-0.45638920777376835f,0.643331508356357f,0.668080972274922f,-0.3738881983161936f,0.32547068799937207f,0f,0f,0f,1f], start_interpolation: 0, interpolation_duration: 1 }
$data merge entity $(bone_left_leg1) { transformation: [-0.623067547273643f,-0.7788252646513617f,0.07223599293387545f,0.25f,-0.4049055168424363f,0.2421495451423084f,-0.8817114722050134f,-0.32018008863121983f,0.6692072578543705f,-0.578614556443328f,-0.46622616947885337f,3.061616997868383e-17f,0f,0f,0f,1f], start_interpolation: 0, interpolation_duration: 1 }
$data merge entity $(bone_right_leg3) { transformation: [-0.6668408646460717f,0.06713383301700276f,0.7421700005406611f,-0.5268857175385304f,0.2129601877018413f,0.9715677147729973f,0.10346078515443508f,-0.9269513907313951f,-0.7141226923239983f,0.2270445420511599f,-0.6621778886618788f,-0.10289018616204454f,0f,0f,0f,1f], start_interpolation: 0, interpolation_duration: 1 }
$data merge entity $(bone_right_leg2) { transformation: [-0.6564461551075595f,-0.23001395302754643f,0.7184511304585329f,-0.6880893453864134f,0.39395763885740115f,0.7076671235619306f,0.5865190713143816f,-0.4563892527867313f,-0.6433318150304734f,0.6680575002514567f,-0.37392960851926627f,0.32547048876812273f,0f,0f,0f,1f], start_interpolation: 0, interpolation_duration: 1 }
$data merge entity $(bone_right_leg1) { transformation: [-0.6230672858018381f,0.7788255029091794f,-0.07223567942363757f,-0.25f,0.40490543741457924f,0.24214962516535377f,-0.881711486703211f,-0.32018008863121983f,-0.66920754935643f,-0.5786142022544405f,-0.46622619063478044f,-3.061616997868383e-17f,0f,0f,0f,1f], start_interpolation: 0, interpolation_duration: 1 }
$data merge entity $(bone_body1) { transformation: [-1f,-6.267087856761335e-17f,1.0521387173838835e-16f,0f,0f,0.859136461318009f,0.5117465591813677f,-0.32018008863121983f,-1.2246467991473532e-16f,0.5117465591813677f,-0.859136461318009f,0f,0f,0f,0f,1f], start_interpolation: 0, interpolation_duration: 1 }