# This file was generated by Animated Java via MC-Build. It is not recommended to edit this file directly.
$data merge entity $(bone_head) { transformation: [-1f,-9.496738920070476e-17f,7.732265395742985e-17f,-1.5445508064968153e-16f,0f,0.6313873846015431f,0.7754675818923852f,0.3465562334599006f,-1.2246467991473532e-16f,0.7754675818923852f,-0.6313873846015431f,1.2612214457035216f,0f,0f,0f,1f], start_interpolation: 0, interpolation_duration: 1 }
$data merge entity $(bone_left_arm2) { transformation: [-0.3600406330308793f,0.21823809155883817f,0.9070517504307457f,0.6083679693392683f,0.08718399281722279f,0.9758704213606454f,-0.20018959041329576f,-0.6086679141101956f,-0.9288539680505058f,0.0070040064358078205f,-0.37037987246970777f,0.9839279355164116f,0f,0f,0f,1f], start_interpolation: 0, interpolation_duration: 1 }
$data merge entity $(bone_left_arm1) { transformation: [-0.3594240068054877f,0.1405583468579562f,0.9225279044345744f,0.6874999999999999f,0.09154880566862914f,0.989133451644515f,-0.11503838932484892f,0.07924179489238123f,-0.9286728161804545f,0.04310876901938146f,-0.36838625723701657f,0.9672755268421709f,0f,0f,0f,1f], start_interpolation: 0, interpolation_duration: 1 }
$data merge entity $(bone_right_arm2) { transformation: [-0.36003977438173335f,-0.2182380386515452f,-0.9070521039877905f,-0.6083679865803746f,-0.08718431917372403f,0.975870429147454f,-0.2001894103237687f,-0.6086679240305443f,0.9288542702455347f,0.007004570014687503f,-0.37037910395369844f,0.9839276076338531f,0f,0f,0f,1f], start_interpolation: 0, interpolation_duration: 1 }
$data merge entity $(bone_right_arm1) { transformation: [-0.3594231485321514f,-0.1405582597830427f,-0.9225282520909579f,-0.6875000000000001f,-0.09154913198746245f,0.9891334423868006f,-0.11503820923667105f,0.07924179489238123f,0.9286731161886713f,0.043109265347493375f,-0.3683854428579151f,0.9672755268421707f,0f,0f,0f,1f], start_interpolation: 0, interpolation_duration: 1 }
$data merge entity $(bone_body3) { transformation: [-1f,-1.1970510306842287e-16f,2.585123064762745e-17f,-6.467625334836437e-17f,0f,0.2110913176405319f,0.9774663450046677f,0.1882377452295017f,-1.2246467991473532e-16f,0.9774663450046677f,-0.2110913176405319f,0.5281216869500209f,0f,0f,0f,1f], start_interpolation: 0, interpolation_duration: 1 }
$data merge entity $(bone_body2) { transformation: [-1f,-9.70143824443658e-17f,7.473825944960793e-17f,-1.616906212618147e-17f,0f,0.6102842019563813f,0.7921825502006863f,-0.11690435574868896f,-1.2246467991473532e-16f,0.7921825502006863f,-0.6102842019563813f,0.13203041184967781f,0f,0f,0f,1f], start_interpolation: 0, interpolation_duration: 1 }
$data merge entity $(bone_left_leg3) { transformation: [-0.6540419693630524f,-0.07849788703500021f,-0.7523743642913017f,0.5261369286260789f,-0.23050364898701725f,0.9679828312518313f,0.09938463767282452f,-0.9223301495656946f,0.7204839832469351f,0.2384267605214f,-0.6511954466609089f,-0.11481973966581449f,0f,0f,0f,1f], start_interpolation: 0, interpolation_duration: 1 }
$data merge entity $(bone_left_leg2) { transformation: [-0.644270665517513f,0.23900278852389434f,-0.7264936177499589f,0.6930492377435957f,-0.4099103335058163f,0.694041679948628f,0.5918442911604678f,-0.46046044813837905f,0.6456692868944374f,0.6791051564904279f,-0.34918098228474553f,0.3207544366733032f,0f,0f,0f,1f], start_interpolation: 0, interpolation_duration: 1 }
$data merge entity $(bone_left_leg1) { transformation: [-0.6104952126665442f,-0.787643089321948f,0.0831502204122679f,0.25f,-0.4204894820960235f,0.2333580637169043f,-0.8767739785970585f,-0.3291965372976204f,0.671181190706242f,-0.5702301096414278f,-0.47365961544180235f,3.061616997868383e-17f,0f,0f,0f,1f], start_interpolation: 0, interpolation_duration: 1 }
$data merge entity $(bone_right_leg3) { transformation: [-0.6541004319697803f,0.07878754644244618f,0.7522932589240223f,-0.526328053734701f,0.23048678131713018f,0.9680240551829459f,0.0990215745443111f,-0.9224859204494247f,-0.720436304287212f,0.23816370653973398f,-0.6513444406396968f,-0.11472790385624138f,0f,0f,0f,1f], start_interpolation: 0, interpolation_duration: 1 }
$data merge entity $(bone_right_leg2) { transformation: [-0.6442704198037417f,-0.2387117525850756f,0.7265895164008851f,-0.6930493666780904f,0.4099102567573703f,0.6942789946558061f,0.5915659379856402f,-0.46046048244471804f,-0.645669580800441f,0.678964930432703f,-0.3494530235546658f,0.32075424454021306f,0f,0f,0f,1f], start_interpolation: 0, interpolation_duration: 1 }
$data merge entity $(bone_right_leg1) { transformation: [-0.6104949567108598f,0.7876433185388273f,-0.08314992839292583f,-0.25f,0.4204894079372997f,0.23335812470595144f,-0.8767739979300601f,-0.3291965372976204f,-0.67118146997898f,-0.57022976807149f,-0.47365963091864877f,-3.061616997868383e-17f,0f,0f,0f,1f], start_interpolation: 0, interpolation_duration: 1 }
$data merge entity $(bone_body1) { transformation: [-1f,-6.467624850472588e-17f,1.0399317624716307e-16f,0f,0f,0.8491687261957257f,0.5281216473987113f,-0.3291965372976204f,-1.2246467991473532e-16f,0.5281216473987113f,-0.8491687261957257f,0f,0f,0f,0f,1f], start_interpolation: 0, interpolation_duration: 1 }