# This file was generated by Animated Java via MC-Build. It is not recommended to edit this file directly.
$data merge entity $(bone_head) { transformation: [-1f,-9.520414772351932e-17f,7.703095535469414e-17f,-1.549710135607314e-16f,0f,0.6290054847514083f,0.7774008619448822f,0.3356785575453284f,-1.2246467991473532e-16f,0.7774008619448822f,-0.6290054847514083f,1.265434357633795f,0f,0f,0f,1f], start_interpolation: 0, interpolation_duration: 1 }
$data merge entity $(bone_left_arm2) { transformation: [-0.35989474517761744f,0.22244237548638102f,0.9060878334805703f,0.5980182260608298f,0.09080471166397971f,0.9749031677651624f,-0.20326907738530514f,-0.6180238390381466f,-0.928563555570193f,0.009121571653369454f,-0.37106134290358667f,0.9865967057244317f,0f,0f,0f,1f], start_interpolation: 0, interpolation_duration: 1 }
$data merge entity $(bone_left_arm1) { transformation: [-0.35896549860908067f,0.15542233288044566f,0.9203193300427488f,0.6874999999999999f,0.096748437917613f,0.9869223732032544f,-0.1289339715953789f,0.06898786771619096f,-0.9283229559635136f,0.04275661016563584f,-0.3693079497090578f,0.9697345134902033f,0f,0f,0f,1f], start_interpolation: 0, interpolation_duration: 1 }
$data merge entity $(bone_right_arm2) { transformation: [-0.3598938790619847f,-0.22244232837381528f,-0.9060881890640409f,-0.5980182374469744f,-0.09080504641021024f,0.9749031731370829f,-0.2032689020821588f,-0.6180238489154957f,0.9285638585257112f,0.009122146396684953f,-0.3710605706417218f,0.9865963637131087f,0f,0f,0f,1f], start_interpolation: 0, interpolation_duration: 1 }
$data merge entity $(bone_right_arm1) { transformation: [-0.3589646329539432f,-0.15542225378927654f,-0.9203196810431158f,-0.6875000000000001f,-0.09674877261018044f,0.986922363282619f,-0.1289337963881993f,0.06898786771619096f,0.9283232558148397f,0.04275712665406603f,-0.36930713618020383f,0.9697345134902031f,0f,0f,0f,1f], start_interpolation: 0, interpolation_duration: 1 }
$data merge entity $(bone_body3) { transformation: [-1f,-1.1990629769366287e-16f,2.490135739306735e-17f,-6.504129029048424e-17f,0f,0.20333501390282194f,0.9791092237953533f,0.18317729711821193f,-1.2246467991473532e-16f,0.9791092237953533f,-0.20333501390282194f,0.5311024397872801f,0f,0f,0f,1f], start_interpolation: 0, interpolation_duration: 1 }
$data merge entity $(bone_body2) { transformation: [-1f,-9.74904874045061e-17f,7.411614326346461e-17f,-1.629604658823119e-17f,0f,0.6052042377856796f,0.7960702422313338f,-0.11942482177462785f,-1.2246467991473532e-16f,0.7960702422313338f,-0.6052042377856796f,0.13306731867161317f,0f,0f,0f,1f], start_interpolation: 0, interpolation_duration: 1 }
$data merge entity $(bone_left_leg3) { transformation: [-0.6503511718032439f,-0.0813230572408748f,-0.7552681071613877f,0.5261576674290482f,-0.23513627885883373f,0.9669732908991184f,0.09835438501739574f,-0.920283119495503f,0.722325607810334f,0.2415558218067343f,-0.647994213903724f,-0.11755200497208251f,0f,0f,0f,1f], start_interpolation: 0, interpolation_duration: 1 }
$data merge entity $(bone_left_leg2) { transformation: [-0.6406740751958625f,0.24117917394301186f,-0.7289508456872063f,0.6944420327540851f,-0.41414287171405584f,0.6908957523175665f,0.5925780465373143f,-0.46041179966656787f,0.6465465266942214f,0.6815391885179537f,-0.342756361478424f,0.3196057980132274f,0f,0f,0f,1f], start_interpolation: 0, interpolation_duration: 1 }
$data merge entity $(bone_left_leg1) { transformation: [-0.6067870879383246f,-0.7901191693405958f,0.0867244380313585f,0.25f,-0.4245769680572033f,0.22994346674573235f,-0.8757056584813798f,-0.3310685996220934f,0.6719701095336612f,-0.5681880853568486f,-0.47499312789959197f,3.061616997868383e-17f,0f,0f,0f,1f], start_interpolation: 0, interpolation_duration: 1 }
$data merge entity $(bone_right_leg3) { transformation: [-0.6504313981078309f,0.0817197817590663f,0.7551561915423483f,-0.5264194195380685f,0.23511307778177432f,0.967029098641161f,0.09785991537522648f,-0.9204959292094028f,-0.7222609203130639f,0.241198257975707f,-0.6481994780451552f,-0.1174289282130056f,0f,0f,0f,1f], start_interpolation: 0, interpolation_duration: 1 }
$data merge entity $(bone_right_leg2) { transformation: [-0.6406738297759426f,-0.24078051474697884f,0.729082839983501f,-0.6944421609310224f,0.41414279653422487f,0.6912199866659297f,0.5921998599395015f,-0.4604118317640392f,-0.6465468180410747f,0.681351358516099f,-0.34312904034667346f,0.3196056067812926f,0f,0f,0f,1f], start_interpolation: 0, interpolation_duration: 1 }
$data merge entity $(bone_right_leg1) { transformation: [-0.6067868323355728f,0.7901193972107065f,-0.08672415035935309f,-0.25f,0.4245768952971378f,0.22994352380790373f,-0.8757056787749228f,-0.3310685996220934f,-0.6719703863147579f,-0.5681877453889647f,-0.4749931430092448f,-3.061616997868383e-17f,0f,0f,0f,1f], start_interpolation: 0, interpolation_duration: 1 }
$data merge entity $(bone_body1) { transformation: [-1f,-6.518418635292476e-17f,1.0367555004014087e-16f,0f,0f,0.8465751113898622f,0.5322692746864527f,-0.3310685996220934f,-1.2246467991473532e-16f,0.5322692746864527f,-0.8465751113898622f,0f,0f,0f,0f,1f], start_interpolation: 0, interpolation_duration: 1 }