# This file was generated by Animated Java via MC-Build. It is not recommended to edit this file directly.
$data merge entity $(bone_head) { transformation: [-1f,-9.552136081202991e-17f,7.663724587455228e-17f,-1.5559159771387975e-16f,0f,0.6257906028734989f,0.7799911033820985f,0.32256192398827044f,-1.2246467991473532e-16f,0.7799911033820985f,-0.6257906028734989f,1.2705018118057279f,0f,0f,0f,1f], start_interpolation: 0, interpolation_duration: 1 }
$data merge entity $(bone_left_arm2) { transformation: [-0.35872947152263823f,0.22773975562293333f,0.905233544434747f,0.585945755793512f,0.09573834021821445f,0.9736430182390554f,-0.20701073220150773f,-0.6290163178914039f,-0.9285188939775811f,0.012404706491872645f,-0.37107787158964417f,0.9886908429395974f,0f,0f,0f,1f], start_interpolation: 0, interpolation_duration: 1 }
$data merge entity $(bone_left_arm1) { transformation: [-0.3572864967433961f,0.1726687896261056f,0.9178953362632838f,0.6874999999999999f,0.10403761360206087f,0.9840043264749073f,-0.14460864578113178f,0.056727708563002174f,-0.9281823819707093f,0.04382892387134593f,-0.369535507402821f,0.9725940193217515f,0f,0f,0f,1f], start_interpolation: 0, interpolation_duration: 1 }
$data merge entity $(bone_right_arm2) { transformation: [-0.3587285961101655f,-0.22773971453560868f,-0.9052339016829126f,-0.5859457612412015f,-0.09573868488099851f,0.9736430203557471f,-0.20701056284594616f,-0.6290163271155476f,0.9285191966513602f,0.012405294667115731f,-0.3710770945694916f,0.9886904843452522f,0f,0f,0f,1f], start_interpolation: 0, interpolation_duration: 1 }
$data merge entity $(bone_right_arm1) { transformation: [-0.35728562189944224f,-0.17266871850183818f,-0.917895690171199f,-0.6875000000000001f,-0.10403795817951517f,0.9840043149007704f,-0.1446084766343355f,0.056727708563002174f,0.9281826801022345f,0.043829463920958905f,-0.36953469451546106f,0.9725940193217513f,0f,0f,0f,1f], start_interpolation: 0, interpolation_duration: 1 }
$data merge entity $(bone_body3) { transformation: [-1f,-1.2014620265522986e-16f,2.3716825549533793e-17f,-6.548194572245736e-17f,0f,0.1936625773737079f,0.9810681964700381f,0.17731499095798955f,-1.2246467991473532e-16f,0.9810681964700381f,-0.1936625773737079f,0.5347006644531994f,0f,0f,0f,1f], start_interpolation: 0, interpolation_duration: 1 }
$data merge entity $(bone_body2) { transformation: [-1f,-9.806624477767406e-17f,7.335263772914984e-17f,-1.6448823333620334e-17f,0f,0.5989697419714877f,0.8007716579666202f,-0.12216988002775428f,-1.2246467991473532e-16f,0.8007716579666202f,-0.5989697419714877f,0.13431483546988932f,0f,0f,0f,1f], start_interpolation: 0, interpolation_duration: 1 }
$data merge entity $(bone_left_leg3) { transformation: [-0.6455915583059519f,-0.08466601833717247f,-0.7589751018202262f,0.5263261371840057f,-0.2408369796725613f,0.9656929528691864f,0.09713222946576822f,-0.9171994949722653f,0.724713108109886f,0.24549701855159486f,-0.6438339264251207f,-0.12064695725629987f,0f,0f,0f,1f], start_interpolation: 0, interpolation_duration: 1 }
$data merge entity $(bone_left_leg2) { transformation: [-0.6359824406891698f,0.2437253833906362f,-0.7322050755260677f,0.696208145669879f,-0.41936714774947703f,0.687334151463577f,0.5930454954051281f,-0.4595838463907074f,0.6478097950197382f,0.6842292756985289f,-0.3349220323501464f,0.31825647687367625f,0f,0f,0f,1f], start_interpolation: 0, interpolation_duration: 1 }
$data merge entity $(bone_left_leg1) { transformation: [-0.6019538990607142f,-0.7932589256353403f,0.09160666081387969f,0.25f,-0.4295901668162879f,0.2249950081873055f,-0.8745453303663272f,-0.33302415428534804f,0.673129847785966f,-0.5657892922198688f,-0.4762128566397411f,3.061616997868383e-17f,0f,0f,0f,1f], start_interpolation: 0, interpolation_duration: 1 }
$data merge entity $(bone_right_leg3) { transformation: [-0.6457046127660342f,0.08522412756696762f,0.7588164475900055f,-0.526694349046259f,0.24080423981809862f,0.96577033260755f,0.0964416027486622f,-0.9174976665300971f,-0.7246232615216637f,0.24499900558074222f,-0.6441246898902062f,-0.12047847800619527f,0f,0f,0f,1f], start_interpolation: 0, interpolation_duration: 1 }
$data merge entity $(bone_right_leg2) { transformation: [-0.6359821948889627f,-0.24316449900852383f,0.7323917491385001f,-0.6962082733157428f,0.41936707450208566f,0.6877884644838217f,0.592518594599823f,-0.4595838761734941f,-0.6478100837496893f,0.6839722615317971f,-0.33544603268976025f,0.3182562860654577f,0f,0f,0f,1f], start_interpolation: 0, interpolation_duration: 1 }
$data merge entity $(bone_right_leg1) { transformation: [-0.6019536431185346f,0.7932591525613204f,-0.0916063775837665f,-0.25f,0.4295900958108385f,0.2249950611344819f,-0.8745453516235309f,-0.33302415428534804f,-0.6731301219805561f,-0.5657889530052582f,-0.476212872085221f,-3.061616997868383e-17f,0f,0f,0f,1f], start_interpolation: 0, interpolation_duration: 1 }
$data merge entity $(bone_body1) { transformation: [-1f,-6.579529333448134e-17f,1.0328880482244015e-16f,0f,0f,0.843417097030375f,0.5372593418795573f,-0.33302415428534804f,-1.2246467991473532e-16f,0.5372593418795573f,-0.843417097030375f,0f,0f,0f,0f,1f], start_interpolation: 0, interpolation_duration: 1 }