# This file was generated by Animated Java via MC-Build. It is not recommended to edit this file directly.
$data merge entity $(bone_head) { transformation: [-1f,-9.567924478674215e-17f,7.644004149434543e-17f,-1.558736089948185e-16f,0f,0.6241803069061704f,0.7812803238726281f,0.3165991867275767f,-1.2246467991473532e-16f,0.7812803238726281f,-0.6241803069061704f,1.2728046086703837f,0f,0f,0f,1f], start_interpolation: 0, interpolation_duration: 1 }
$data merge entity $(bone_left_arm2) { transformation: [-0.3577740306125181f,0.23025214623150286f,0.904976072708588f,0.5806266573743852f,0.09823079600510788f,0.9730271346003881f,-0.20873166038615495f,-0.6339076707405387f,-0.928627187699927f,0.014217752534943125f,-0.37074169144753494f,0.9891511535227331f,0f,0f,0f,1f], start_interpolation: 0, interpolation_duration: 1 }
$data merge entity $(bone_left_arm1) { transformation: [-0.3560374847467406f,0.180229875350288f,0.9169266609093849f,0.6874999999999999f,0.1077952359169454f,0.98259560773271f,-0.15128138939736252f,0.051199148200039846f,-0.9282335355764865f,0.04497848036123503f,-0.3692687906330149f,0.973853640154964f,0f,0f,0f,1f], start_interpolation: 0, interpolation_duration: 1 }
$data merge entity $(bone_right_arm2) { transformation: [-0.35777315084183897f,-0.23025210744919114f,-0.9049764303847415f,-0.5806266606346859f,-0.09823114508082748f,0.9730271350939993f,-0.2087314938069327f,-0.6339076794198717f,0.928627489724923f,0.014218346808622846f,-0.3707409121491956f,0.9891507875875726f,0f,0f,0f,1f], start_interpolation: 0, interpolation_duration: 1 }
$data merge entity $(bone_right_arm1) { transformation: [-0.356036605598512f,-0.18022980709259762f,-0.9169270156938636f,-0.6875000000000001f,-0.10779558488585358f,0.9825955950561246f,-0.1512812230761545f,0.051199148200039846f,0.9282338322604958f,0.044979030799535f,-0.36926797780924375f,0.9738536401549638f,0f,0f,0f,1f], start_interpolation: 0, interpolation_duration: 1 }
$data merge entity $(bone_body3) { transformation: [-1f,-1.202545156699379e-16f,2.3161374907531582e-17f,-6.568272224236506e-17f,0f,0.18912697868199574f,0.9819526393541695f,0.17475395271607994f,-1.2246467991473532e-16f,0.9819526393541695f,-0.18912697868199574f,0.5363401291547565f,0f,0f,0f,1f], start_interpolation: 0, interpolation_duration: 1 }
$data merge entity $(bone_body2) { transformation: [-1f,-9.832908193720038e-17f,7.299992789041582e-17f,-1.6518181273764865e-17f,0f,0.5960896475721915f,0.8029178862481894f,-0.12329087107001582f,-1.2246467991473532e-16f,0.8029178862481894f,-0.5960896475721915f,0.1348811860306618f,0f,0f,0f,1f], start_interpolation: 0, interpolation_duration: 1 }
$data merge entity $(bone_left_leg3) { transformation: [-0.6432940472136168f,-0.08615717931344508f,-0.7607560116570068f,0.5264644443869473f,-0.24347772066373452f,0.9650853084978757f,0.09658647349371952f,-0.9155335520789044f,0.7258728320855641f,0.24736064313934703f,-0.6418109876480549f,-0.12197166671850357f,0f,0f,0f,1f], start_interpolation: 0, interpolation_duration: 1 }
$data merge entity $(bone_left_leg2) { transformation: [-0.6336959057731388f,0.24484835467723293f,-0.733811135250899f,0.6970476756715868f,-0.4217943742069289f,0.6858157063857991f,0.5930820539874168f,-0.45887645766624047f,0.6484743671832731f,0.6853510779785787f,-0.3313229467149146f,0.3176575662177001f,0f,0f,0f,1f], start_interpolation: 0, interpolation_duration: 1 }
$data merge entity $(bone_left_leg1) { transformation: [-0.5996000219363942f,-0.7947514234161542f,0.09407437840279637f,0.25f,-0.43190587349738174f,0.2223878231058798f,-0.8740714916828554f,-0.3337833071691831f,0.6737485659593938f,-0.5647245621648f,-0.47660155135651405f,3.061616997868383e-17f,0f,0f,0f,1f], start_interpolation: 0, interpolation_duration: 1 }
$data merge entity $(bone_right_leg3) { transformation: [-0.6434248881045143f,0.08680269700373777f,0.760571959225799f,-0.5268903176830306f,0.2434398376859651f,0.9651741998239372f,0.09579044535679698f,-0.915877635037569f,-0.7257695631501256f,0.2467874708876038f,-0.6421483359923749f,-0.12177929078154998f,0f,0f,0f,1f], start_interpolation: 0, interpolation_duration: 1 }
$data merge entity $(bone_right_leg2) { transformation: [-0.6336956594797086f,-0.24419960514904207f,0.734027495398932f,-0.69704780324146f,0.4217943018613309f,0.6863399809941118f,0.5924753137526615f,-0.4588764865435998f,-0.6484746549202132f,0.6850576496427541f,-0.33192866491470147f,0.317657375313379f,0f,0f,0f,1f], start_interpolation: 0, interpolation_duration: 1 }
$data merge entity $(bone_right_leg1) { transformation: [-0.5995997655064199f,0.7947516502070399f,-0.09407409684835272f,-0.25f,0.43190580332430606f,0.22238787444340752f,-0.8740715132958681f,-0.3337833071691831f,-0.6737488391525673f,-0.5647242227793405f,-0.4766015672937278f,-3.061616997868383e-17f,0f,0f,0f,1f], start_interpolation: 0, interpolation_duration: 1 }
$data merge entity $(bone_body1) { transformation: [-1f,-6.607272509505946e-17f,1.0311155524542958e-16f,0f,0f,0.841969744396669f,0.5395247441226472f,-0.3337833071691831f,-1.2246467991473532e-16f,0.5395247441226472f,-0.841969744396669f,0f,0f,0f,0f,1f], start_interpolation: 0, interpolation_duration: 1 }