# This file was generated by Animated Java via MC-Build. It is not recommended to edit this file directly.
$data merge entity $(bone_head) { transformation: [-1f,-9.591346829894254e-17f,7.614594162190343e-17f,-1.5626196002967265e-16f,0f,0.6217787992008732f,0.7831929039925736f,0.30840067240524216f,-1.2246467991473532e-16f,0.7831929039925736f,-0.6217787992008732f,1.2759757355220158f,0f,0f,0f,1f], start_interpolation: 0, interpolation_duration: 1 }
$data merge entity $(bone_left_arm2) { transformation: [-0.3559268038619019f,0.2338421687318812f,0.9047839247109897f,0.5735187441580107f,0.10197519254222517f,0.9721238612580655f,-0.2111309036562063f,-0.6405205613111171f,-0.928933350891563f,0.017118367196684515f,-0.3698510390763994f,0.9891641956395165f,0f,0f,0f,1f], start_interpolation: 0, interpolation_duration: 1 }
$data merge entity $(bone_left_arm1) { transformation: [-0.35371203794508566f,0.19028844708640374f,0.9157937000865312f,0.6874999999999999f,0.1135222622323811f,0.9805831305620324f,-0.15990440905368183f,0.04365338774420688f,-0.9284398150609318f,0.0474028581692032f,-0.3684460324756039f,0.9755418071669173f,0f,0f,0f,1f], start_interpolation: 0, interpolation_duration: 1 }
$data merge entity $(bone_right_arm2) { transformation: [-0.35592591792861333f,-0.23384213255635133f,-0.9047842825713607f,-0.5735187450787378f,-0.10197554755726054f,0.9721238593475584f,-0.2111307409819934f,-0.6405205689463793f,0.928933651369715f,0.017118969849453287f,-0.36985025648797737f,0.9891638198630786f,0f,0f,0f,1f], start_interpolation: 0, interpolation_duration: 1 }
$data merge entity $(bone_right_arm1) { transformation: [-0.35371115271891307f,-0.19028838178812352f,-0.9157940555598268f,-0.6875000000000001f,-0.11352261710007935f,0.9805831159535043f,-0.15990424670303488f,0.04365338774420688f,0.9284401089187211f,0.04740342248586704f,-0.36844521938494457f,0.9755418071669171f,0f,0f,0f,1f], start_interpolation: 0, interpolation_duration: 1 }
$data merge entity $(bone_body3) { transformation: [-1f,-1.204030671786589e-16f,2.2376309807247753e-17f,-6.595965964567847e-17f,0f,0.18271643565170792f,0.98316565447677f,0.17136334566646122f,-1.2246467991473532e-16f,0.98316565447677f,-0.18271643565170792f,0.5386014946644384f,0f,0f,0f,1f], start_interpolation: 0, interpolation_duration: 1 }
$data merge entity $(bone_body2) { transformation: [-1f,-9.869232911185619e-17f,7.250808231566772e-17f,-1.661349508975038e-17f,0f,0.5920734236691809f,0.8058840245250274f,-0.12467336616812924f,-1.2246467991473532e-16f,0.8058840245250274f,-0.5920734236691809f,0.13565948240192474f,0f,0f,0f,1f], start_interpolation: 0, interpolation_duration: 1 }
$data merge entity $(bone_left_leg3) { transformation: [-0.6399672305702844f,-0.08817045443526761f,-0.7633268728145755f,0.5267318870154492f,-0.24716985590927137f,0.9642198050977077f,0.09585003801318515f,-0.9129136370981603f,0.7275637471218522f,0.25001227654260794f,-0.6388621568476194f,-0.12369479270010125f,0f,0f,0f,1f], start_interpolation: 0, interpolation_duration: 1 }
$data merge entity $(bone_left_leg2) { transformation: [-0.6303589609320394f,0.24634834008283918f,-0.7361793774013977f,0.6982473439593755f,-0.42519727499860765f,0.6838542879298736f,0.5929170179828577f,-0.4574905532223275f,0.6495035471084344f,0.6867720205558432f,-0.32632703546474123f,0.31685085286610154f,0f,0f,0f,1f], start_interpolation: 0, interpolation_duration: 1 }
$data merge entity $(bone_left_leg1) { transformation: [-0.5961667804399029f,-0.7968841670388896f,0.09777931387903882f,0.25f,-0.4351360030904009f,0.2183564605188439f,-0.8734856123395469f,-0.3346650441804778f,0.6747161097190664f,-0.5632904050952915f,-0.47692985942709776f,3.061616997868383e-17f,0f,0f,0f,1f], start_interpolation: 0, interpolation_duration: 1 }
$data merge entity $(bone_right_leg3) { transformation: [-0.6401261326359862f,0.0889538599056704f,0.7631027094201531f,-0.5272487248016092f,0.24712391403693226f,0.9643266497500774f,0.09488879645595494f,-0.9133296739369035f,-0.7274395544837817f,0.2493217266699296f,-0.6392733149309165f,-0.12346553524933973f,0f,0f,0f,1f], start_interpolation: 0, interpolation_duration: 1 }
$data merge entity $(bone_right_leg2) { transformation: [-0.6303587135554342f,-0.24556097818201145f,0.7364425967032544f,-0.6982474716328579f,0.42519720392809013f,0.6844882081380166f,0.5921851321096661f,-0.45749058103495366f,-0.6495038337196113f,0.6864223910350696f,-0.32706126500890653f,0.3168506614655558f,0f,0f,0f,1f], start_interpolation: 0, interpolation_duration: 1 }
$data merge entity $(bone_right_leg1) { transformation: [-0.5961665229176798f,0.7968843940139696f,-0.0977790342007544f,-0.25f,0.4351359341109764f,0.2183565099635126f,-0.8734856343420442f,-0.3346650441804778f,-0.6747163817468876f,-0.5632900648276549f,-0.47692987646911483f,-3.061616997868383e-17f,0f,0f,0f,1f], start_interpolation: 0, interpolation_duration: 1 }
$data merge entity $(bone_body1) { transformation: [-1f,-6.645398035900152e-17f,1.0286625453016173e-16f,0f,0f,0.8399667120493943f,0.542637929607699f,-0.3346650441804778f,-1.2246467991473532e-16f,0.542637929607699f,-0.8399667120493943f,0f,0f,0f,0f,1f], start_interpolation: 0, interpolation_duration: 1 }