# This file was generated by Animated Java via MC-Build. It is not recommended to edit this file directly.
$data merge entity $(bone_head) { transformation: [-1f,-9.621778936476876e-17f,7.576103771976443e-17f,-1.5671624772114236e-16f,0f,0.6186358203239679f,0.7856778740756871f,0.29886245146053714f,-1.2246467991473532e-16f,0.7856778740756871f,-0.6186358203239679f,1.279685276034317f,0f,0f,0f,1f], start_interpolation: 0, interpolation_duration: 1 }
$data merge entity $(bone_left_arm2) { transformation: [-0.3527846549290689f,0.23827527476982843f,0.9048579339763455f,0.5656242896974899f,0.10692615722431954f,0.9709649607315042f,-0.2139949577277663f,-0.6480356561140306f,-0.9295750556828736f,0.021258844395477025f,-0.3680193981125872f,0.988029917294406f,0f,0f,0f,1f], start_interpolation: 0, interpolation_duration: 1 }
$data merge entity $(bone_left_arm1) { transformation: [-0.34987968918122425f,0.2013785139979123f,0.914893926746944f,0.6874999999999999f,0.12123060310994974f,0.9781425947177428f,-0.16893846592306722f,0.034977114532377895f,-0.9289172966244343f,0.05180500457324666f,-0.36664546572011236f,0.9774371707088082f,0f,0f,0f,1f], start_interpolation: 0, interpolation_duration: 1 }
$data merge entity $(bone_right_arm2) { transformation: [-0.3527837615039419f,-0.23827524055778412f,-0.9048582913121036f,-0.5656242891683776f,-0.1069265188978896f,0.9709649557189428f,-0.21399479975478372f,-0.6480356620175027f,0.9295753531454612f,0.021259456786120456f,-0.36801861137943803f,0.98802953054791f,0f,0f,0f,1f], start_interpolation: 0, interpolation_duration: 1 }
$data merge entity $(bone_right_arm1) { transformation: [-0.3498787965918463f,-0.20137845027628148f,-0.9148942821221283f,-0.6875000000000001f,-0.12123096456519022f,0.9781425771340525f,-0.16893830834996282f,0.034977114532377895f,0.9289175856479599f,0.051805584273095784f,-0.36664465155254616f,0.977437170708808f,0f,0f,0f,1f], start_interpolation: 0, interpolation_duration: 1 }
$data merge entity $(bone_body3) { transformation: [-1f,-1.205762950333102e-16f,2.142323277796122e-17f,-6.628402644615972e-17f,0f,0.1749339711080527f,0.9845801672552453f,0.1676619731294976f,-1.2246467991473532e-16f,0.9845801672552453f,-0.1749339711080527f,0.5412501505928831f,0f,0f,0f,1f], start_interpolation: 0, interpolation_duration: 1 }
$data merge entity $(bone_body2) { transformation: [-1f,-9.911923949710456e-17f,7.192339110563547e-17f,-1.672440669760744e-17f,0f,0.5872990576198079f,0.8093700123669553f,-0.12598755568040637f,-1.2246467991473532e-16f,0.8093700123669553f,-0.5872990576198079f,0.1365651444094054f,0f,0f,0f,1f], start_interpolation: 0, interpolation_duration: 1 }
$data merge entity $(bone_left_leg3) { transformation: [-0.6357857500132441f,-0.09044179111697359f,-0.7665486041339129f,0.527186701571534f,-0.2515776176464986f,0.9631611531927392f,0.09502260404632906f,-0.909257556001779f,0.7297158230293548f,0.2532604892200653f,-0.6351172665111573f,-0.12552535674994852f,0f,0f,0f,1f], start_interpolation: 0, interpolation_duration: 1 }
$data merge entity $(bone_left_leg2) { transformation: [-0.6261185332899137f,0.2480106448621856f,-0.7392335911644777f,0.6997267893449982f,-0.42927736464886157f,0.6818066827293519f,0.592334864401654f,-0.4551144616380035f,0.6509197542485676f,0.6882080843906442f,-0.3204264441464598f,0.31594057747127785f,0f,0f,0f,1f], start_interpolation: 0, interpolation_duration: 1 }
$data merge entity $(bone_left_leg1) { transformation: [-0.5918074792621335f,-0.7995142921688857f,0.10266841825549544f,0.25f,-0.4389791711171245f,0.21284103532727688f,-0.8729238116846944f,-0.33539137926641027f,0.6760630109795402f,-0.5616721377267161f,-0.47693103787317004f,3.061616997868383e-17f,0f,0f,0f,1f], start_interpolation: 0, interpolation_duration: 1 }
$data merge entity $(bone_right_leg3) { transformation: [-0.6359840064660067f,0.0914185994405351f,0.7662682188344874f,-0.527831135280048f,0.2515205201784069f,0.9632928241537992f,0.09383156645277752f,-0.9097735264584865f,-0.7295627261919498f,0.25240755656305025f,-0.6356324833905528f,-0.12524574643848196f,0f,0f,0f,1f], start_interpolation: 0, interpolation_duration: 1 }
$data merge entity $(bone_right_leg2) { transformation: [-0.6261182838960411f,-0.24702885190276003f,0.7395624658530754f,-0.6997269175271099f,0.4292772951358134f,0.6825928840853276f,0.5914287433638605f,-0.45511448854099323f,-0.6509200399833733f,0.6877817247671529f,-0.32134000781783256f,0.31594038481522196f,0f,0f,0f,1f], start_interpolation: 0, interpolation_duration: 1 }
$data merge entity $(bone_right_leg1) { transformation: [-0.5918072196812415f,0.7995145200481953f,-0.10266813997176916f,-0.25f,0.43897910362604764f,0.21284108315481412f,-0.8729238339632832f,-0.33539137926641027f,-0.6760632820327033f,-0.5616717952270613f,-0.4769310570025608f,-3.061616997868383e-17f,0f,0f,0f,1f], start_interpolation: 0, interpolation_duration: 1 }
$data merge entity $(bone_body1) { transformation: [-1f,-6.689762679042976e-17f,1.0257828891352668e-16f,0f,0f,0.8376152943440156f,0.5462605776376216f,-0.33539137926641027f,-1.2246467991473532e-16f,0.5462605776376216f,-0.8376152943440156f,0f,0f,0f,0f,1f], start_interpolation: 0, interpolation_duration: 1 }