# This file was generated by Animated Java via MC-Build. It is not recommended to edit this file directly.
$data merge entity $(bone_head) { transformation: [-1f,-9.664770402471309e-17f,7.521182841395384e-17f,-1.572649013343067e-16f,0f,0.6141511860098703f,0.7891883936821864f,0.2875420139256806f,-1.2246467991473532e-16f,0.7891883936821864f,-0.6141511860098703f,1.2841653727736082f,0f,0f,0f,1f], start_interpolation: 0, interpolation_duration: 1 }
$data merge entity $(bone_left_arm2) { transformation: [-0.3468987798170507f,0.24409102345452308f,0.9055831319268072f,0.5570566566618615f,0.11409228182455321f,0.9693525154376409f,-0.21757447470414515f,-0.6566427090737849f,-0.9309372630792624f,0.02784372610915116f,-0.3641161066567235f,0.9842322176592588f,0f,0f,0f,1f], start_interpolation: 0, interpolation_duration: 1 }
$data merge entity $(bone_left_arm1) { transformation: [-0.34290958801946947f,0.21324091700427322f,0.9148449736209379f,0.6874999999999999f,0.13264135474151184f,0.9751274732631056f,-0.17757444044638782f,0.024896959987207784f,-0.929956604071746f,0.06045429846328523f,-0.36266512424088676f,0.9795761637201037f,0f,0f,0f,1f], start_interpolation: 0, interpolation_duration: 1 }
$data merge entity $(bone_right_arm2) { transformation: [-0.3468978767957504f,-0.24409098922173794f,-0.9055834870708241f,-0.5570566572024682f,-0.11409265083266096f,0.969352506136287f,-0.21757432264234572f,-0.6566427119008379f,0.9309375543507613f,0.02784435002029191f,-0.36411531424999216f,0.9842318189718959f,0f,0f,0f,1f], start_interpolation: 0, interpolation_duration: 1 }
$data merge entity $(bone_right_arm1) { transformation: [-0.3429086860880636f,-0.21324085106626212f,-0.9148453270591121f,-0.6875000000000001f,-0.13264172338781033f,0.9751274507161384f,-0.17757428889497576f,0.024896959987207784f,0.929956884066175f,0.06045489472640739f,-0.3626643068755864f,0.9795761637201035f,0f,0f,0f,1f], start_interpolation: 0, interpolation_duration: 1 }
$data merge entity $(bone_body3) { transformation: [-1f,-1.2078620448470206e-16f,2.0206202829782672e-17f,-6.667524797078016e-17f,0f,0.16499616741619716f,0.9862942080018346f,0.1637948883635327f,-1.2246467991473532e-16f,0.9862942080018346f,-0.16499616741619716f,0.5444447167722323f,0f,0f,0f,1f], start_interpolation: 0, interpolation_duration: 1 }
$data merge entity $(bone_body2) { transformation: [-1f,-9.963767022016433e-17f,7.12034584814274e-17f,-1.6856412860697996e-17f,0f,0.5814203616177498f,0.813603320480125f,-0.1269152924453422f,-1.2246467991473532e-16f,0.813603320480125f,-0.5814203616177498f,0.13764305653216982f,0f,0f,0f,1f], start_interpolation: 0, interpolation_duration: 1 }
$data merge entity $(bone_left_leg3) { transformation: [-0.6301562706112489f,-0.09297836993981284f,-0.7708813769528083f,0.5280383501788382f,-0.25704555312568245f,0.9618055354471242f,0.0941153313843312f,-0.9036172673151086f,0.7326872854278519f,0.2574589961656143f,-0.629987465800519f,-0.12734523041577722f,0f,0f,0f,1f], start_interpolation: 0, interpolation_duration: 1 }
$data merge entity $(bone_left_leg2) { transformation: [-0.620316733364802f,0.24980366430873033f,-0.7435087622923837f,0.7016644538402674f,-0.43437732765100406f,0.6798789918509841f,0.5908306810436148f,-0.4506595331683534f,0.6530876568504366f,0.6894655072863477f,-0.3132312671685027f,0.31491201410260033f,0f,0f,0f,1f], start_interpolation: 0, interpolation_duration: 1 }
$data merge entity $(bone_left_leg1) { transformation: [-0.5858497515880391f,-0.8029590290493644f,0.10971265301839567f,0.25f,-0.443721065581088f,0.20452863588997905f,-0.8725134113929529f,-0.3356121754802402f,0.678153142382911f,-0.5598435806268449f,-0.4761128865165245f,3.061616997868383e-17f,0f,0f,0f,1f], start_interpolation: 0, interpolation_duration: 1 }
$data merge entity $(bone_right_leg3) { transformation: [-0.630415683112031f,0.09425592679974859f,0.7705140405920663f,-0.5288812243549953f,0.2569715516130572f,0.9619751998933701f,0.09257071054976879f,-0.9042863046896215f,-0.7324900601018209f,0.2563582162779877f,-0.6306653445360699f,-0.12698962997737767f,0f,0f,0f,1f], start_interpolation: 0, interpolation_duration: 1 }
$data merge entity $(bone_right_leg2) { transformation: [-0.6203164799329626f,-0.24851948817549901f,0.7439391969244308f,-0.7016645834691191f,0.4343772601652438f,0.6808984385664771f,0.5896555877875406f,-0.4506595596902888f,-0.653087942451026f,0.6889233486787352f,-0.31442130823206604f,0.314911818492245f,0f,0f,0f,1f], start_interpolation: 0, interpolation_duration: 1 }
$data merge entity $(bone_right_leg1) { transformation: [-0.5858494878530384f,0.8029592595006563f,-0.10971237470992329f,-0.25f,0.44372100008965315f,0.2045286830400864f,-0.87251343364634f,-0.3356121754802402f,-0.6781534130724188f,-0.5598432328751023f,-0.4761129098671695f,-3.061616997868383e-17f,0f,0f,0f,1f], start_interpolation: 0, interpolation_duration: 1 }
$data merge entity $(bone_body1) { transformation: [-1f,-6.742565144279198e-17f,1.0223198792028696e-16f,0f,0f,0.834787532139592f,0.5505722261286793f,-0.3356121754802402f,-1.2246467991473532e-16f,0.5505722261286793f,-0.834787532139592f,0f,0f,0f,0f,1f], start_interpolation: 0, interpolation_duration: 1 }