# This file was generated by Animated Java via MC-Build. It is not recommended to edit this file directly.
$data merge entity $(bone_head) { transformation: [-1f,-4.6862735653247296e-17f,1.1314363364198822e-16f,-3.709971372863105e-17f,0f,0.9238878811487786f,0.3826632763493519f,1.397395735180022f,-1.2246467991473532e-16f,0.3826632763493519f,-0.9238878811487786f,0.30294215241865086f,0f,0f,0f,1f], start_interpolation: 0, interpolation_duration: 1 }
$data merge entity $(bone_left_arm2) { transformation: [-0.8966002072069476f,-0.1578417865427621f,0.41375601368130965f,1.1616222002839118f,-0.30139082205952716f,0.9020470778896754f,-0.3089897112348242f,0.7279919028624747f,-0.324455915055869f,-0.40174250421344115f,-0.856347662747772f,-0.031544258584936063f,0f,0f,0f,1f], start_interpolation: 0, interpolation_duration: 1 }
$data merge entity $(bone_left_arm1) { transformation: [-0.7080586867773797f,-0.7019508255120683f,0.07692811346977432f,0.6875f,-0.5201275407839664f,0.5921100337484524f,0.6155266438200948f,1.0720542969160591f,-0.47761934361698116f,0.3958165566235605f,-0.7843526095485063f,0.19196012212394017f,0f,0f,0f,1f], start_interpolation: 0, interpolation_duration: 1 }
$data merge entity $(bone_right_arm2) { transformation: [-0.896600227549934f,0.15784190557554867f,-0.41375592418923324f,-1.1616221963115365f,0.3013909318233534f,0.9020470120616383f,-0.308989796344995f,0.716754696767636f,0.3244557568792048f,-0.4017426052523559f,-0.8563476752773911f,0.0013973679003450312f,0f,0f,0f,1f], start_interpolation: 0, interpolation_duration: 1 }
$data merge entity $(bone_right_arm1) { transformation: [-0.7080587110967439f,0.7019508172107188f,-0.07692796537814994f,-0.6875f,0.5201276573414343f,0.5921100355048048f,0.615526543638055f,1.0608170860910673f,0.4776191806329906f,0.39581656871801485f,-0.7843527026916958f,0.22490176431745476f,0f,0f,0f,1f], start_interpolation: 0, interpolation_duration: 1 }
$data merge entity $(bone_body3) { transformation: [-1f,-3.953855655659409e-17f,1.1590642938180604e-16f,-7.445796311185483e-18f,0f,0.9464478204042553f,0.322856815402795f,0.6875598698768304f,-1.2246467991473532e-16f,0.322856815402795f,-0.9464478204042553f,0.06079954086655462f,0f,0f,0f,1f], start_interpolation: 0, interpolation_duration: 1 }
$data merge entity $(bone_body2) { transformation: [-1f,-1.616793583752546e-17f,1.2139273321485206e-16f,6.381716075772461e-19f,0f,0.991246890935169f,0.13202121500486672f,0.19193642440924588f,-1.2246467991473532e-16f,0.13202121500486672f,-0.991246890935169f,-0.005211066635878736f,0f,0f,0f,1f], start_interpolation: 0, interpolation_duration: 1 }
$data merge entity $(bone_left_leg3) { transformation: [-0.9811819126375702f,0.029680424002533817f,-0.1907907931319257f,0.4584676836253686f,0.02389319175661886f,0.999184064243624f,0.03256257282946773f,-1.047803986479404f,0.19160159107001407f,0.027391206483518726f,-0.9810904912936503f,0.11804408028681984f,0f,0f,0f,1f], start_interpolation: 0, interpolation_duration: 1 }
$data merge entity $(bone_left_leg2) { transformation: [-0.963777524073373f,-0.07756472646343604f,-0.25517953934367676f,0.42262485569738517f,-0.16941916075422478f,0.9169913823115917f,0.3611425656657077f,-0.44338121745063713f,0.2059855142002293f,0.3912933911720567f,-0.8969166349024522f,0.37161184458410346f,0f,0f,0f,1f], start_interpolation: 0, interpolation_duration: 1 }
$data merge entity $(bone_left_leg1) { transformation: [-0.9512966535649547f,-0.30688863235090696f,-0.029224035482942817f,0.25f,-0.19949292487974232f,0.6851057034513385f,-0.7005945675077506f,-0.058009259259259253f,0.2350260620421572f,-0.6606432792606283f,-0.7129608739115489f,3.061616997868383e-17f,0f,0f,0f,1f], start_interpolation: 0, interpolation_duration: 1 }
$data merge entity $(bone_right_leg3) { transformation: [-0.9800502274263817f,-0.036031360616718244f,0.19545662632309346f,-0.4534467248332287f,-0.024329453379324385f,0.9977830426253853f,0.0619441486138278f,-1.0404624315601347f,-0.19725523927074962f,0.05595302405890784f,-0.9787541211555141f,0.10059074747657742f,0f,0f,0f,1f], start_interpolation: 0, interpolation_duration: 1 }
$data merge entity $(bone_right_leg2) { transformation: [-0.9637774950125255f,0.06991368981337508f,0.25738107172840174f,-0.422624889252772f,0.1694189684536952f,0.9058040948164203f,0.3883505567678401f,-0.44338132295476984f,-0.20598580833510682f,0.4178887624601609f,-0.8848383066832313f,0.37161171958582195f,0f,0f,0f,1f], start_interpolation: 0, interpolation_duration: 1 }
$data merge entity $(bone_right_leg1) { transformation: [-0.9512966218718705f,0.3068886920049279f,0.02922444070759968f,-0.25f,0.19949274058518407f,0.685105891014241f,-0.7005944365689721f,-0.058009259259259253f,-0.23502634675495426f,-0.6606430570414613f,-0.7129609859690308f,-3.061616997868383e-17f,0f,0f,0f,1f], start_interpolation: 0, interpolation_duration: 1 }
$data merge entity $(bone_body1) { transformation: [-1f,2.5526864303089842e-18f,1.224380725861327e-16f,0f,0f,0.9997827346740206f,-0.020844266543514945f,-0.058009259259259253f,-1.2246467991473532e-16f,-0.020844266543514945f,-0.9997827346740206f,0f,0f,0f,0f,1f], start_interpolation: 0, interpolation_duration: 1 }