# This file was generated by Animated Java via MC-Build. It is not recommended to edit this file directly.
$data merge entity $(bone_head) { transformation: [-1f,-9.744761483698321e-17f,7.417250291854488e-17f,-1.5794617084584199e-16f,0f,0.6056644492941693f,0.7957201611503825f,0.27503979871814643f,-1.2246467991473532e-16f,0.7957201611503825f,-0.6056644492941693f,1.2897283605020669f,0f,0f,0f,1f], start_interpolation: 0, interpolation_duration: 1 }
$data merge entity $(bone_left_arm2) { transformation: [-0.33009732850945367f,0.2529961369056125f,0.9094111877592878f,0.5514437660992946f,0.12801648339070854f,0.9665111667458823f,-0.22241390364765812f,-0.6650349482508342f,-0.9352259265499424f,0.0430013867956604f,-0.3514304298754616f,0.968987055193822f,0f,0f,0f,1f], start_interpolation: 0, interpolation_duration: 1 }
$data merge entity $(bone_left_arm1) { transformation: [-0.3239423624221073f,0.22015391984010213f,0.9201052099664592f,0.6874999999999999f,0.15582900828028057f,0.9716811813416462f,-0.17763164696890912f,0.014748702271307285f,-0.933155220746671f,0.08583666702255449f,-0.3490750644026163f,0.9816919450239174f,0f,0f,0f,1f], start_interpolation: 0, interpolation_duration: 1 }
$data merge entity $(bone_right_arm2) { transformation: [-0.3300964115979629f,-0.2529960916277341f,-0.9094115331747445f,-0.5514437807410862f,-0.12801685781767688f,0.96651115029236f,-0.222413759635117f,-0.6650349435861487f,0.9352261989297759f,0.04300202299462284f,-0.3514296271712631f,0.968986648814761f,0f,0f,0f,1f], start_interpolation: 0, interpolation_duration: 1 }
$data merge entity $(bone_right_arm1) { transformation: [-0.32394144763087795f,-0.22015383253042148f,-0.9201055529280204f,-0.6875000000000001f,-0.15582938189561193f,0.9716811475848013f,-0.17763150386773996f,0.014748702271307285f,0.9331554759228724f,0.0858372730837281f,-0.349074233229419f,0.9816919450239172f,0f,0f,0f,1f], start_interpolation: 0, interpolation_duration: 1 }
$data merge entity $(bone_body3) { transformation: [-1f,-1.2106558410347308e-16f,1.8458661173104183e-17f,-6.714698276823717e-17f,0f,0.15072640687874922f,0.9885755157141116f,0.1619949935590845f,-1.2246467991473532e-16f,0.9885755157141116f,-0.15072640687874922f,0.5482967237164831f,0f,0f,0f,1f], start_interpolation: 0, interpolation_duration: 1 }
$data merge entity $(bone_body2) { transformation: [-1f,-1.0028211217350422e-16f,7.029292855358422e-17f,-1.700592668148506e-17f,0f,0.5739853205228225f,0.8188655883747422f,-0.12499766670232673f,-1.2246467991473532e-16f,0.8188655883747422f,-0.5739853205228225f,0.13886392952911197f,0f,0f,0f,1f], start_interpolation: 0, interpolation_duration: 1 }
$data merge entity $(bone_left_leg3) { transformation: [-0.6208709287080654f,-0.09499340838512776f,-0.7781359407253727f,0.5304786748978261f,-0.26413338602188463f,0.9599372100388239f,0.09356338584881069f,-0.8913639594275057f,0.7380737390490183f,0.2636224670741396f,-0.6210880377047574f,-0.12783222184158394f,0f,0f,0f,1f], start_interpolation: 0, interpolation_duration: 1 }
$data merge entity $(bone_left_leg2) { transformation: [-0.610360977992884f,0.2509536851631409f,-0.7513199880521011f,0.7047039210672761f,-0.44116729173438746f,0.6800724944915172f,0.5855534330356468f,-0.43817314598409773f,0.657898850316153f,0.688856770409586f,-0.30437715520971564f,0.31395036420351696f,0f,0f,0f,1f], start_interpolation: 0, interpolation_duration: 1 }
$data merge entity $(bone_left_leg1) { transformation: [-0.5756485897288964f,-0.808362526341824f,0.12320197705149233f,0.25f,-0.44976005608174013f,0.18718035547468584f,-0.8733151816370309f,-0.33288419602958697f,0.6828942766610968f,-0.5581339808062523f,-0.47131928283583246f,3.061616997868383e-17f,0f,0f,0f,1f], start_interpolation: 0, interpolation_duration: 1 }
$data merge entity $(bone_right_leg3) { transformation: [-0.6212647934167946f,0.09693427334420218f,0.777582023398187f,-0.5317593425757507f,0.2640247795043223f,0.9601897925136685f,0.09124953786322343f,-0.8923602376383772f,-0.7377811140632982f,0.26199104756420466f,-0.622125163233034f,-0.12731216888086855f,0f,0f,0f,1f], start_interpolation: 0, interpolation_duration: 1 }
$data merge entity $(bone_right_leg2) { transformation: [-0.6103607123648622f,-0.24900240395093365f,0.7519691507157151f,-0.7047040562992519f,0.44116722738158587f,0.6815905895135322f,0.5837857019241217f,-0.43817317534228445f,-0.657899139903604f,0.6880640021925659f,-0.306164417594283f,0.31395015849700897f,0f,0f,0f,1f], start_interpolation: 0, interpolation_duration: 1 }
$data merge entity $(bone_right_leg1) { transformation: [-0.5756483133511826f,0.8083627667542256f,-0.12320169098430483f,-0.25f,0.449759993946397f,0.18718040766701774f,-0.8733152024503786f,-0.33288419602958697f,-0.6828945505576067f,-0.5581336151057938f,-0.4713193190477787f,-3.061616997868383e-17f,0f,0f,0f,1f], start_interpolation: 0, interpolation_duration: 1 }
$data merge entity $(bone_body1) { transformation: [-1f,-6.802370672594024e-17f,1.0183502909059265e-16f,0f,0f,0.8315461173090409f,0.5554557181164479f,-0.33288419602958697f,-1.2246467991473532e-16f,0.5554557181164479f,-0.8315461173090409f,0f,0f,0f,0f,1f], start_interpolation: 0, interpolation_duration: 1 }