# This file was generated by Animated Java via MC-Build. It is not recommended to edit this file directly.
$data merge entity $(bone_head) { transformation: [-1f,-9.749022559442188e-17f,7.411648764051965e-17f,-1.5796328626811102e-16f,0f,0.6052070498377365f,0.7960681043897586f,0.274889042016877f,-1.2246467991473532e-16f,0.7960681043897586f,-0.6052070498377365f,1.2898681185309204f,0f,0f,0f,1f], start_interpolation: 0, interpolation_duration: 1 }
$data merge entity $(bone_left_arm2) { transformation: [-0.3288473335852959f,0.2533443381245849f,0.9097670457507554f,0.5517716334099094f,0.12878438921556667f,0.9663760797721107f,-0.22255752860476508f,-0.6650330208126731f,-0.9355608009574871f,0.0439763434644513f,-0.3504169929202664f,0.9677184567276028f,0f,0f,0f,1f], start_interpolation: 0, interpolation_duration: 1 }
$data merge entity $(bone_left_arm1) { transformation: [-0.32258384263660345f,0.21960260934685144f,0.9207140481375622f,0.6874999999999999f,0.1571705206769043f,0.9716382499102005f,-0.1766820272172407f,0.014723771963319587f,-0.9334008206017145f,0.08771433907575849f,-0.34794985676178836f,0.981703821553433f,0f,0f,0f,1f], start_interpolation: 0, interpolation_duration: 1 }
$data merge entity $(bone_right_arm2) { transformation: [-0.32884641617778404f,-0.25334429161705646f,-0.9097673903103364f,-0.5517716494964456f,-0.1287847634449713f,0.9663760630090857f,-0.22255738484148854f,-0.6650330156736151f,0.9355610719089645f,0.04397697975204219f,-0.3504161896665706f,0.9677180508299799f,0f,0f,0f,1f], start_interpolation: 0, interpolation_duration: 1 }
$data merge entity $(bone_right_arm1) { transformation: [-0.3225829274469909f,-0.2196025199107593f,-0.9207143901170298f,-0.6875000000000001f,-0.1571708940614572f,0.97163821548082f,-0.1766818844057587f,0.014723771963319587f,0.9334010740189085f,0.08771494437148242f,-0.34794902436169606f,0.9817038215534328f,0f,0f,0f,1f], start_interpolation: 0, interpolation_duration: 1 }
$data merge entity $(bone_body3) { transformation: [-1f,-1.210749762346961e-16f,1.839695508464234e-17f,-6.715705409208896e-17f,0f,0.15022253842863942f,0.9886522082856317f,0.1622221381953975f,-1.2246467991473532e-16f,0.9886522082856317f,-0.15022253842863942f,0.5483789623166966f,0f,0f,0f,1f], start_interpolation: 0, interpolation_duration: 1 }
$data merge entity $(bone_body2) { transformation: [-1f,-1.0029776705697755e-16f,7.027058950943023e-17f,-1.700817056360018e-17f,0f,0.5738029083843224f,0.8189934201992669f,-0.12467931599676368f,-1.2246467991473532e-16f,0.8189934201992669f,-0.5738029083843224f,0.13888225221706316f,0f,0f,0f,1f], start_interpolation: 0, interpolation_duration: 1 }
$data merge entity $(bone_left_leg3) { transformation: [-0.6204537758090277f,-0.094937096362391f,-0.7784754715587375f,0.5306617421791389f,-0.2643210164334595f,0.9598813261570092f,0.09360683717893387f,-0.8906131968027768f,0.7383573066990693f,0.2638461434801327f,-0.6206558629504415f,-0.12768847662466593f,0f,0f,0f,1f], start_interpolation: 0, interpolation_duration: 1 }
$data merge entity $(bone_left_leg2) { transformation: [-0.6098876118146421f,0.2508856268944033f,-0.7517270137309384f,0.7048349287631948f,-0.44136260317277315f,0.6803069744315005f,0.5851337223749886f,-0.43726545415753004f,0.6582067710648268f,0.6886500001870757f,-0.30417926255212535f,0.3139536052002146f,0f,0f,0f,1f], start_interpolation: 0, interpolation_duration: 1 }
$data merge entity $(bone_left_leg1) { transformation: [-0.5751646038358847f,-0.8085954289123464f,0.12393187982261933f,0.25f,-0.4499107593434072f,0.18615439854283414f,-0.8734568383899651f,-0.33255360497718583f,0.6832027423256937f,-0.5581397425781591f,-0.4708652043137586f,3.061616997868383e-17f,0f,0f,0f,1f], start_interpolation: 0, interpolation_duration: 1 }
$data merge entity $(bone_right_leg3) { transformation: [-0.6208559311287993f,0.09691902769745592f,0.7779104156986019f,-0.5319695207286871f,0.26421043202136585f,0.9601391028412862f,0.09124555225441772f,-0.8916292419727072f,-0.7380587784135317f,0.2621823893119259f,-0.6217150748867324f,-0.1271580183544771f,0f,0f,0f,1f], start_interpolation: 0, interpolation_duration: 1 }
$data merge entity $(bone_right_leg2) { transformation: [-0.6098873452618349f,-0.24889303462059767f,0.7523893163826967f,-0.7048350644681705f,0.44136253894657107f,0.6818551899765363f,0.5833289030355846f,-0.4372654838795651f,-0.6582070611168707f,0.6878413750418129f,-0.3060027899815301f,0.3139533986867615f,0f,0f,0f,1f], start_interpolation: 0, interpolation_duration: 1 }
$data merge entity $(bone_right_leg1) { transformation: [-0.5751643264957905f,0.8085956701656365f,-0.12393159288909739f,-0.25f,0.4499106973630259f,0.1861544513820076f,-0.8734568590542864f,-0.33255360497718583f,-0.6832030166246043f,-0.5581393754431316f,-0.4708652415022704f,-3.061616997868383e-17f,0f,0f,0f,1f], start_interpolation: 0, interpolation_duration: 1 }
$data merge entity $(bone_body1) { transformation: [-1f,-6.803268225440072e-17f,1.0182903304996236e-16f,0f,0f,0.8314971559216886f,0.5555290088682526f,-0.33255360497718583f,-1.2246467991473532e-16f,0.5555290088682526f,-0.8314971559216886f,0f,0f,0f,0f,1f], start_interpolation: 0, interpolation_duration: 1 }