# This file was generated by Animated Java via MC-Build. It is not recommended to edit this file directly.
$data merge entity $(bone_head) { transformation: [-1f,-9.756847065539212e-17f,7.40134539160717e-17f,-1.5798491778388472e-16f,0f,0.6043657156300312f,0.7967070237992135f,0.2748829069143236f,-1.2246467991473532e-16f,0.7967070237992135f,-0.6043657156300312f,1.2900447532617565f,0f,0f,0f,1f], start_interpolation: 0, interpolation_duration: 1 }
$data merge entity $(bone_left_arm2) { transformation: [-0.3263657393913061f,0.2539135814537301f,0.9105016734223537f,0.5527046679463381f,0.13020437782498104f,0.966139539523269f,-0.22275818764969296f,-0.6647944585641737f,-0.936232996719714f,0.04585066327880198f,-0.3483755050661834f,0.9651613782356075f,0f,0f,0f,1f], start_interpolation: 0, interpolation_duration: 1 }
$data merge entity $(bone_left_arm1) { transformation: [-0.31991117186758344f,0.21810444719136685f,0.9220017853722726f,0.6874999999999999f,0.1596848847154696f,0.9716336425884604f,-0.1744385341135602f,0.014948221756996977f,-0.9338937732460353f,0.09142491293749572f,-0.34566444073212793f,0.9816751395921042f,0f,0f,0f,1f], start_interpolation: 0, interpolation_duration: 1 }
$data merge entity $(bone_right_arm2) { transformation: [-0.32636482120328325f,-0.253913532361524f,-0.9105020162331562f,-0.5527046870349046f,-0.13020475144108695f,0.9661395222350238f,-0.22275804424901424f,-0.6647944525213825f,0.936233264834739f,0.045851299427323855f,-0.3483747008003198f,0.9651609736935602f,0f,0f,0f,1f], start_interpolation: 0, interpolation_duration: 1 }
$data merge entity $(bone_right_arm1) { transformation: [-0.3199102561001289f,-0.21810435335314576f,-0.9220021253177004f,-0.6875000000000001f,-0.15968525742199266f,0.9716336068939491f,-0.17443839175000372f,0.014948221756996977f,0.933894023218921f,0.09142551614654282f,-0.34566360582698974f,0.981675139592104f,0f,0f,0f,1f], start_interpolation: 0, interpolation_duration: 1 }
$data merge entity $(bone_body3) { transformation: [-1f,-1.2108962980422763e-16f,1.830025629584706e-17f,-6.7167695430714e-17f,0f,0.1494329328961495f,0.9887718637613305f,0.16280820724221148f,-1.2246467991473532e-16f,0.9887718637613305f,-0.1494329328961495f,0.5484658554407585f,0f,0f,0f,1f], start_interpolation: 0, interpolation_duration: 1 }
$data merge entity $(bone_body2) { transformation: [-1f,-1.003168059512095e-16f,7.024340730891378e-17f,-1.7009292455109244e-17f,0f,0.573580948872932f,0.8191488845686279f,-0.12398226719425451f,-1.2246467991473532e-16f,0.8191488845686279f,-0.573580948872932f,0.13889141315644457f,0f,0f,0f,1f], start_interpolation: 0, interpolation_duration: 1 }
$data merge entity $(bone_left_leg3) { transformation: [-0.619730668579112f,-0.09474769173328212f,-0.7790743053994927f,0.5310262975051065f,-0.2645643347414136f,0.9598026584349695f,0.09372603503828847f,-0.8891858226280476f,0.73887726396562f,0.2642001736796934f,-0.6198860032476128f,-0.1273359929031197f,0f,0f,0f,1f], start_interpolation: 0, interpolation_duration: 1 }
$data merge entity $(bone_left_leg2) { transformation: [-0.6090507737995051f,0.2506937059150297f,-0.7524691493668115f,0.7050604603524621f,-0.4416324280537536f,0.680854246401243f,0.5842929861368709f,-0.435474716738892f,0.6588003896671362f,0.6881788728026921f,-0.30396033557430757f,0.31398763628509796f,0f,0f,0f,1f], start_interpolation: 0, interpolation_duration: 1 }
$data merge entity $(bone_left_leg1) { transformation: [-0.5743094629387545f,-0.8089963739599325f,0.12527373107990486f,0.25f,-0.4500964248607794f,0.1842209446101987f,-0.8737710523326294f,-0.33185043539565523f,0.6837995679338678f,-0.5582002422846185f,-0.46992620740585317f,3.061616997868383e-17f,0f,0f,0f,1f], start_interpolation: 0, interpolation_duration: 1 }
$data merge entity $(bone_right_leg3) { transformation: [-0.6201485945343042f,0.0968078275796247f,0.7784882563124773f,-0.5323857067075157f,0.2644500580635861f,0.9600703940040214f,0.09127434112131733f,-0.8902393364718085f,-0.7385674562877066f,0.2624749189470839f,-0.6209871411200308f,-0.12678547682723718f,0f,0f,0f,1f], start_interpolation: 0, interpolation_duration: 1 }
$data merge entity $(bone_right_leg2) { transformation: [-0.6090505054074169f,-0.24862243986650773f,0.7531562681527622f,-0.7050605970169024f,0.4416323640371802f,0.6824595558745977f,0.5824172126838112f,-0.43547474724102286f,-0.6588006807054029f,0.6873396809367786f,-0.3058526215546077f,0.3139874281515018f,0f,0f,0f,1f], start_interpolation: 0, interpolation_duration: 1 }
$data merge entity $(bone_right_leg1) { transformation: [-0.5743091836831539f,0.8089966169189375f,-0.12527344232080256f,-0.25f,0.4500963631507771f,0.18422099883620913f,-0.8737710726879404f,-0.33185043539565523f,-0.6837998430941862f,-0.5581998722693366f,-0.46992624653541437f,-3.061616997868383e-17f,0f,0f,0f,1f], start_interpolation: 0, interpolation_duration: 1 }
$data merge entity $(bone_body1) { transformation: [-1f,-6.803716982043698e-17f,1.0182603473298761e-16f,0f,0f,0.8314726728056029f,0.5555656526257783f,-0.33185043539565523f,-1.2246467991473532e-16f,0.5555656526257783f,-0.8314726728056029f,0f,0f,0f,0f,1f], start_interpolation: 0, interpolation_duration: 1 }