# This file was generated by Animated Java via MC-Build. It is not recommended to edit this file directly.
$data merge entity $(bone_head) { transformation: [-1f,-9.769513249637445e-17f,7.384618414741834e-17f,-1.5797754163567775e-16f,0f,0.6029998543158153f,0.797741296220213f,0.2760487917658423f,-1.2246467991473532e-16f,0.797741296220213f,-0.6029998543158153f,1.28998452244082f,0f,0f,0f,1f], start_interpolation: 0, interpolation_duration: 1 }
$data merge entity $(bone_left_arm2) { transformation: [-0.3215422427494878f,0.2545250211597809f,0.912045832034357f,0.555654175389309f,0.13253997181958924f,0.9658116929048917f,-0.22280244549432018f,-0.6633855218053939f,-0.9375733261978456f,0.049242130861693253f,-0.3442839969422161f,0.960050302478658f,0f,0f,0f,1f], start_interpolation: 0, interpolation_duration: 1 }
$data merge entity $(bone_left_arm1) { transformation: [-0.3148189567441174f,0.21356600805421344f,0.9248127295178916f,0.6874999999999999f,0.16396828428695365f,0.9719450877165207f,-0.1686331764858789f,0.016484568063703076f,-0.934881503840213f,0.09855103585205219f,-0.34100479045014787f,0.9814108354839834f,0f,0f,0f,1f], start_interpolation: 0, interpolation_duration: 1 }
$data merge entity $(bone_right_arm2) { transformation: [-0.3215413238673827f,-0.254524966482482f,-0.9120461712450214f,-0.5556542008286312f,-0.13254034336402665f,0.9658116749584339f,-0.22280230226577805f,-0.6633855141618503f,0.9375735888059975f,0.049242765469421544f,-0.3442831910250149f,0.9600499021794296f,0f,0f,0f,1f], start_interpolation: 0, interpolation_duration: 1 }
$data merge entity $(bone_right_arm1) { transformation: [-0.31481804070999575f,-0.2135659049646091f,-0.9248130651543411f,-0.6875000000000001f,-0.1639686548029222f,0.9719450498480732f,-0.16863303448004324f,0.016484568063703076f,0.9348817473272437f,0.09855163272353576f,-0.34100395041976544f,0.9814108354839832f,0f,0f,0f,1f], start_interpolation: 0, interpolation_duration: 1 }
$data merge entity $(bone_body3) { transformation: [-1f,-1.2110232056082758e-16f,1.82160857870492e-17f,-6.715080121505704e-17f,0f,0.1487456285333204f,0.9888754916531339f,0.164489570365852f,-1.2246467991473532e-16f,0.9888754916531339f,-0.1487456285333204f,0.5483279037009694f,0f,0f,0f,1f], start_interpolation: 0, interpolation_duration: 1 }
$data merge entity $(bone_body2) { transformation: [-1f,-1.0030545832252949e-16f,7.025961042680123e-17f,-1.69980720537923e-17f,0f,0.573713257371176f,0.8190562241485957f,-0.12236705831973599f,-1.2246467991473532e-16f,0.8190562241485957f,-0.573713257371176f,0.1387997916266716f,0f,0f,0f,1f], start_interpolation: 0, interpolation_duration: 1 }
$data merge entity $(bone_left_leg3) { transformation: [-0.6187498689337788f,-0.09406788302523722f,-0.7799357877912655f,0.5317403578589854f,-0.2645164682775153f,0.9597801289460296f,0.09409113715081441f,-0.8866675159037279f,0.7397159168927095f,0.26452473884968375f,-0.6187463331867793f,-0.1263802753151651f,0f,0f,0f,1f], start_interpolation: 0, interpolation_duration: 1 }
$data merge entity $(bone_left_leg2) { transformation: [-0.607840709542889f,0.25009393025701365f,-0.7536462683985089f,0.7053620106767583f,-0.44168130567429115f,0.6822456992948249f,0.5826306119760347f,-0.4320425053403383f,0.6598843050416117f,0.6870180724277313f,-0.30423489628481803f,0.31416464244925835f,0f,0f,0f,1f], start_interpolation: 0, interpolation_duration: 1 }
$data merge entity $(bone_left_leg1) { transformation: [-0.5730748397003311f,-0.8095324634253481f,0.1274457483124775f,0.25f,-0.44999956479739234f,0.18088193635254396f,-0.8745182198122071f,-0.3302964161420323f,0.6848982550602661f,-0.5585149199097925f,-0.46794814291068715f,3.061616997868383e-17f,0f,0f,0f,1f], start_interpolation: 0, interpolation_duration: 1 }
$data merge entity $(bone_right_leg3) { transformation: [-0.6191956240537371f,0.09626638670368681f,0.7793135196721019f,-0.5331911250545561f,0.2643959546085435f,0.9600658250830727f,0.09147890846635826f,-0.8877867163674371f,-0.739385933284736f,0.26269068178863053f,-0.6199210009042158f,-0.12579304986269052f,0f,0f,0f,1f], start_interpolation: 0, interpolation_duration: 1 }
$data merge entity $(bone_right_leg2) { transformation: [-0.6078404375669441f,-0.24788345507907342f,0.7543764280228322f,-0.7053621492871816f,0.44168124189406327f,0.6839510999932458f,0.5806277407917636f,-0.4320425375922748f,-0.6598845982574105f,0.6861229376111035f,-0.3062476636099709f,0.3141644310968241f,0f,0f,0f,1f], start_interpolation: 0, interpolation_duration: 1 }
$data merge entity $(bone_right_leg1) { transformation: [-0.5730745567064134f,0.8095327098438783f,-0.12744545558228115f,-0.25f,0.44999950345977974f,0.18088199368931993f,-0.8745182395152937f,-0.3302964161420323f,-0.6848985321503467f,-0.5585145441721319f,-0.4679481858138743f,-3.061616997868383e-17f,0f,0f,0f,1f], start_interpolation: 0, interpolation_duration: 1 }
$data merge entity $(bone_body1) { transformation: [-1f,-6.79922882151692e-17f,1.0185600900233594e-16f,0f,0f,0.8317174312891853f,0.5551991665066864f,-0.3302964161420323f,-1.2246467991473532e-16f,0.5551991665066864f,-0.8317174312891853f,0f,0f,0f,0f,1f], start_interpolation: 0, interpolation_duration: 1 }