# This file was generated by Animated Java via MC-Build. It is not recommended to edit this file directly.
$data merge entity $(bone_head) { transformation: [-1f,-9.776185403687708e-17f,7.375783159699665e-17f,-1.5792726165813857e-16f,0f,0.6022784009916142f,0.7982861189441942f,0.27794983706299026f,-1.2246467991473532e-16f,0.7982861189441942f,-0.6022784009916142f,1.2895739552668872f,0f,0f,0f,1f], start_interpolation: 0, interpolation_duration: 1 }
$data merge entity $(bone_left_arm2) { transformation: [-0.31812319947520423f,0.25450278120157876f,0.9132502199924841f,0.5587836978730204f,0.13380458058726666f,0.9657045227269857f,-0.22251091882986257f,-0.6615201607751838f,-0.9385595155180755f,0.051411177241000174f,-0.3412666504145539f,0.9563100199082591f,0f,0f,0f,1f], start_interpolation: 0, interpolation_duration: 1 }
$data merge entity $(bone_left_arm1) { transformation: [-0.3113063802482896f,0.20886015973401695f,0.9270737679886041f,0.6874999999999999f,0.1664492053850842f,0.9724522864019121f,-0.1631907249152563f,0.018577101071637125f,-0.9356190462166645f,0.10350837815159644f,-0.3374952088682811f,0.9810331621085123f,0f,0f,0f,1f], start_interpolation: 0, interpolation_duration: 1 }
$data merge entity $(bone_right_arm2) { transformation: [-0.3181222808540067f,-0.2545027220681186f,-0.9132505564652903f,-0.5587837282636704f,-0.1338049498697908f,0.9657045046463313f,-0.22251077523600138f,-0.6615201521376772f,0.9385597742363492f,0.05141180959372693f,-0.3412658436171294f,0.9563096240832509f,0f,0f,0f,1f], start_interpolation: 0, interpolation_duration: 1 }
$data merge entity $(bone_right_arm1) { transformation: [-0.3113054648046102f,-0.20886004948170966f,-0.927074100227853f,-0.6875000000000001f,-0.16644957356337858f,0.9724522472498714f,-0.16319058269166145f,0.018577101071637125f,0.9356192853096577f,0.10350896844801638f,-0.33749436500106555f,0.9810331621085121f,0f,0f,0f,1f], start_interpolation: 0, interpolation_duration: 1 }
$data merge entity $(bone_body3) { transformation: [-1f,-1.210970368578828e-16f,1.825117779375212e-17f,-6.710448401472647e-17f,0f,0.149032176513745f,0.9888323469444028f,0.16617570467768147f,-1.2246467991473532e-16f,0.9888323469444028f,-0.149032176513745f,0.5479496950585853f,0f,0f,0f,1f], start_interpolation: 0, interpolation_duration: 1 }
$data merge entity $(bone_body2) { transformation: [-1f,-1.0025323400245845e-16f,7.033410906997319e-17f,-1.697786701349725e-17f,0f,0.5743215849577408f,0.8186297802130267f,-0.12098508780118891f,-1.2246467991473532e-16f,0.8186297802130267f,-0.5743215849577408f,0.1386348049520719f,0f,0f,0f,1f], start_interpolation: 0, interpolation_duration: 1 }
$data merge entity $(bone_left_leg3) { transformation: [-0.6184443815724143f,-0.09330188739420392f,-0.7802700203840935f,0.5322525622514314f,-0.26400574473176586f,0.9598832954494192f,0.09447235503462825f,-0.8851178242161255f,0.7401537094753629f,0.264421665008453f,-0.618266665302293f,-0.1254538266678052f,0f,0f,0f,1f], start_interpolation: 0, interpolation_duration: 1 }
$data merge entity $(bone_left_leg2) { transformation: [-0.6073655625589918f,0.2494633670118021f,-0.7542380936657435f,0.7054529837679108f,-0.4412803826035598f,0.6835307410639979f,0.5814269945141505f,-0.42965576941469624f,0.6605896588250951f,0.6859692081570694f,-0.30506974303215906f,0.31439175276612946f,0f,0f,0f,1f], start_interpolation: 0, interpolation_duration: 1 }
$data merge entity $(bone_left_leg1) { transformation: [-0.5725921787692825f,-0.8096941933651747f,0.12858269729230698f,0.25f,-0.44951172922163063f,0.17890006088662572f,-0.8751765384806318f,-0.32902448516596927f,0.6856219090026408f,-0.55891867158423f,-0.4664038126453234f,3.061616997868383e-17f,0f,0f,0f,1f], start_interpolation: 0, interpolation_duration: 1 }
$data merge entity $(bone_right_leg3) { transformation: [-0.6189072348070839f,0.09558576519006201f,0.7796263183067125f,-0.53375970344827f,0.2638816551274542f,0.960180469789216f,0.09176021753764091f,-0.8862770959658368f,-0.7398109939644342f,0.2625201457572166f,-0.6194859693979882f,-0.12484253001337686f,0f,0f,0f,1f], start_interpolation: 0, interpolation_duration: 1 }
$data merge entity $(bone_right_leg2) { transformation: [-0.6073652880388066f,-0.24716699086758354f,0.7549939638904416f,-0.705453123830728f,0.441280318830606f,0.6852972005515441f,0.5793439627103876f,-0.4296558031221578f,-0.6605899538278613f,0.6850373898858951f,-0.30715580307072743f,0.31439153907068146f,0f,0f,0f,1f], start_interpolation: 0, interpolation_duration: 1 }
$data merge entity $(bone_right_leg1) { transformation: [-0.5725918931159667f,0.8096944423657386f,-0.12858240136157345f,-0.25f,0.44951166800427605f,0.1789001208110018f,-0.8751765576738341f,-0.32902448516596927f,-0.6856221876995278f,-0.5589182916812115f,-0.46640385821546204f,-3.061616997868383e-17f,0f,0f,0f,1f], start_interpolation: 0, interpolation_duration: 1 }
$data merge entity $(bone_body1) { transformation: [-1f,-6.7911468053989e-17f,1.0190991283172903e-16f,0f,0f,0.8321575894591214f,0.5545392198082876f,-0.32902448516596927f,-1.2246467991473532e-16f,0.5545392198082876f,-0.8321575894591214f,0f,0f,0f,0f,1f], start_interpolation: 0, interpolation_duration: 1 }