# This file was generated by Animated Java via MC-Build. It is not recommended to edit this file directly.
$data merge entity $(bone_head) { transformation: [-1f,-9.779182523179976e-17f,7.37180896690338e-17f,-1.578721318081073e-16f,0f,0.6019538835226548f,0.798530852323186f,0.2797037892087715f,-1.2246467991473532e-16f,0.798530852323186f,-0.6019538835226548f,1.2891237858787044f,0f,0f,0f,1f], start_interpolation: 0, interpolation_duration: 1 }
$data merge entity $(bone_left_arm2) { transformation: [-0.31597587822373047f,0.25425024845097766f,0.9140656735395758f,0.5612914074881732f,0.134394235190201f,0.9657043403258311f,-0.22215606366582138f,-0.6598940669639182f,-0.9392004226619487f,0.05264919978943225f,-0.33930904472641044f,0.9539021868759716f,0f,0f,0f,1f], start_interpolation: 0, interpolation_duration: 1 }
$data merge entity $(bone_left_arm1) { transformation: [-0.3091511539174078f,0.20512676137753844f,0.9286272534221132f,0.6874999999999999f,0.16771699074058624f,0.9729163331852898f,-0.15907488688731578f,0.02041440481386536f,-0.9361071386590625f,0.10656838362315771f,-0.3351814502079285f,0.9806958695825283f,0f,0f,0f,1f], start_interpolation: 0, interpolation_duration: 1 }
$data merge entity $(bone_right_arm2) { transformation: [-0.3159749601592203f,-0.25425018626505114f,-0.9140660081944664f,-0.5612914412156311f,-0.13439460264235242f,0.9657043223329821f,-0.2221559195880221f,-0.6598940577721197f,0.9392006789461896f,0.05264983011921631f,-0.3393082375295865f,0.9539017946239692f,0f,0f,0f,1f], start_interpolation: 0, interpolation_duration: 1 }
$data merge entity $(bone_right_arm1) { transformation: [-0.3091502392485407f,-0.20512664632142064f,-0.928627583340866f,-0.6875000000000001f,-0.16771735704623697f,0.9729162933561675f,-0.15907474427928758f,0.02041440481386536f,0.9361073751007388f,0.10656896870582203f,-0.33518060384064946f,0.9806958695825281f,0f,0f,0f,1f], start_interpolation: 0, interpolation_duration: 1 }
$data merge entity $(bone_body3) { transformation: [-1f,-1.2108625232539108e-16f,1.8322590548563196e-17f,-6.7057442564064e-17f,0f,0.14961530590959038f,0.9887442845536856f,0.1674923097765787f,-1.2246467991473532e-16f,0.9887442845536856f,-0.14961530590959038f,0.5475655724634401f,0f,0f,0f,1f], start_interpolation: 0, interpolation_duration: 1 }
$data merge entity $(bone_body2) { transformation: [-1f,-1.0019733579733201e-16f,7.041371830641574e-17f,-1.6958774665398e-17f,0f,0.5749716437052749f,0.8181733367293598f,-0.11999351207605874f,-1.2246467991473532e-16f,0.8181733367293598f,-0.5749716437052749f,0.13847890409876024f,0f,0f,0f,1f], start_interpolation: 0, interpolation_duration: 1 }
$data merge entity $(bone_left_leg3) { transformation: [-0.6184562307111665f,-0.09267287757452447f,-0.7803355870755824f,0.5325778473817266f,-0.26343601721630716f,0.9600099232508368f,0.0947755880653468f,-0.884267312154708f,0.7403467805884929f,0.2641830521096691f,-0.6181374923512359f,-0.12474069892654827f,0f,0f,0f,1f], start_interpolation: 0, interpolation_duration: 1 }
$data merge entity $(bone_left_leg2) { transformation: [-0.6072672453956377f,0.24896081261855546f,-0.7544832711531139f,0.7054469313719606f,-0.4408010652387573f,0.6844936954258583f,0.5806572154090823f,-0.428180807887133f,0.6609999346096573f,0.6851911373496896f,-0.3059284095069756f,0.3145878609809097f,0f,0f,0f,1f], start_interpolation: 0, interpolation_duration: 1 }
$data merge entity $(bone_left_leg1) { transformation: [-0.5724942377242951f,-0.8096834335501522f,0.1290855731943525f,0.25f,-0.4489863777087936f,0.17785616429492693f,-0.8756588476422951f,-0.3281367154712366f,0.6860477974634237f,-0.559267308410506f,-0.46535846112309276f,3.061616997868383e-17f,0f,0f,0f,1f], start_interpolation: 0, interpolation_duration: 1 }
$data merge entity $(bone_right_leg3) { transformation: [-0.6189284376047176f,0.09500366892285816f,0.7796806346289354f,-0.5341159686234465f,0.263310111320082f,0.9603136610731187f,0.09200792157716642f,-0.8854484024386767f,-0.7399968745885277f,0.2622441138472702f,-0.6193808604983457f,-0.12411525453676242f,0f,0f,0f,1f], start_interpolation: 0, interpolation_duration: 1 }
$data merge entity $(bone_right_leg2) { transformation: [-0.6072669692768918f,-0.24661723027244054f,0.7552527853361476f,-0.7054470723846871f,0.44080100138492506f,0.6862934006399118f,0.5785290359317786f,-0.4281808426220951f,-0.6610002308647902f,0.6842377583639009f,-0.30805419137846257f,0.3145876457822852f,0f,0f,0f,1f], start_interpolation: 0, interpolation_duration: 1 }
$data merge entity $(bone_right_leg1) { transformation: [-0.5724939503971642f,0.8096836842394436f,-0.12908527505138018f,-0.25f,0.4489863164902376f,0.17785622604597068f,-0.8756588664892356f,-0.3281367154712366f,-0.6860480772971946f,-0.5592669258351738f,-0.46535850836070103f,-3.061616997868383e-17f,0f,0f,0f,1f], start_interpolation: 0, interpolation_duration: 1 }
$data merge entity $(bone_body1) { transformation: [-1f,-6.7835098661592e-17f,1.0196076312087242e-16f,0f,0f,0.8325728135807113f,0.5539156163950409f,-0.3281367154712366f,-1.2246467991473532e-16f,0.5539156163950409f,-0.8325728135807113f,0f,0f,0f,0f,1f], start_interpolation: 0, interpolation_duration: 1 }