# This file was generated by Animated Java via MC-Build. It is not recommended to edit this file directly.
$data merge entity $(bone_head) { transformation: [-1f,-9.780224630428367e-17f,7.370426340758592e-17f,-1.5783800586059719e-16f,0f,0.6018409835301223f,0.7986159468377121f,0.2807262364352366f,-1.2246467991473532e-16f,0.7986159468377121f,-0.6018409835301223f,1.288845126370233f,0f,0f,0f,1f], start_interpolation: 0, interpolation_duration: 1 }
$data merge entity $(bone_left_arm2) { transformation: [-0.3149495441829348f,0.25405104203847434f,0.9144751788092045f,0.562668400110286f,0.1346088107596105f,0.9657265872323244f,-0.22192932834235862f,-0.6589666618345043f,-0.9395143706643581f,0.05319987548643859f,-0.33835265709520074f,0.9527319137597705f,0f,0f,0f,1f], start_interpolation: 0, interpolation_duration: 1 }
$data merge entity $(bone_left_arm1) { transformation: [-0.30813757976488876f,0.20308623255492841f,0.9294122949925303f,0.6874999999999999f,0.16822750249893847f,0.9731850603723671f,-0.15687684874130214f,0.021464627276792547f,-0.9363496885990865f,0.10801305668611277f,-0.33403957886112257f,0.980501399495419f,0f,0f,0f,1f], start_interpolation: 0, interpolation_duration: 1 }
$data merge entity $(bone_right_arm2) { transformation: [-0.3149486265136677f,-0.2540509783108255f,-0.9144755125625106f,-0.5626684355064465f,-0.13460917720274534f,0.9657265693374643f,-0.2219291839495019f,-0.6589666523996394f,0.9395146257882068f,0.05320050464990379f,-0.33835184975856325f,0.952731523465908f,0f,0f,0f,1f], start_interpolation: 0, interpolation_duration: 1 }
$data merge entity $(bone_right_arm1) { transformation: [-0.30813666559854436f,-0.20308611510354901f,-0.9294126237392941f,-0.6875000000000001f,-0.1682278677772448f,0.9731850202604024f,-0.15687670586763985f,0.021464627276792547f,0.9363499238088999f,0.10801363892077814f,-0.33403873127252637f,0.9805013994954188f,0f,0f,0f,1f], start_interpolation: 0, interpolation_duration: 1 }
$data merge entity $(bone_body3) { transformation: [-1f,-1.210786214362655e-16f,1.8372949074987547e-17f,-6.702903978339805e-17f,0f,0.15002651448384552f,0.9886819736152919f,0.16820635057235245f,-1.2246467991473532e-16f,0.9886819736152919f,-0.15002651448384552f,0.5473336461587641f,0f,0f,0f,1f], start_interpolation: 0, interpolation_duration: 1 }
$data merge entity $(bone_body2) { transformation: [-1f,-1.0016300071639786e-16f,7.046255114672943e-17f,-1.6947539425199117e-17f,0f,0.5753703941070046f,0.8178929695168864f,-0.11947884648114987f,-1.2246467991473532e-16f,0.8178929695168864f,-0.5753703941070046f,0.13838716140032092f,0f,0f,0f,1f], start_interpolation: 0, interpolation_duration: 1 }
$data merge entity $(bone_left_leg3) { transformation: [-0.6185289034866709f,-0.09232362601429911f,-0.780319385656379f,0.5327345711869905f,-0.26308180446742524f,0.9600906658015178f,0.0949414430002084f,-0.8839010557469517f,0.7404120202358548f,0.2640118586737543f,-0.618132492892818f,-0.12435630753819277f,0f,0f,0f,1f], start_interpolation: 0, interpolation_duration: 1 }
$data merge entity $(bone_left_leg2) { transformation: [-0.6072860878333379f,0.24868564705947044f,-0.7545588489115294f,0.7054233721921639f,-0.4404971082975075f,0.6850053093291082f,0.5802844335086603f,-0.4274835541825759f,0.6611852275312973f,0.6847796544418837f,-0.3064488860427481f,0.3146993215091169f,0f,0f,0f,1f], start_interpolation: 0, interpolation_duration: 1 }
$data merge entity $(bone_left_leg1) { transformation: [-0.5725149267635801f,-0.8096415505638468f,0.12925640499976127f,0.25f,-0.4486632234107286f,0.1774231048993337f,-0.8759122980108078f,-0.3276830576767007f,0.6862419184162296f,-0.5594654604606522f,-0.46483376379084507f,3.061616997868383e-17f,0f,0f,0f,1f], start_interpolation: 0, interpolation_duration: 1 }
$data merge entity $(bone_right_leg3) { transformation: [-0.619005124635351f,0.09467462725279235f,0.7796597787687386f,-0.5342860389852601f,0.26295516875820596f,0.9603973293304303f,0.09214960140076439f,-0.8850914837666697f,-0.7400589401517402f,0.2620566442002974f,-0.6193860511280194f,-0.12372441447486143f,0f,0f,0f,1f], start_interpolation: 0, interpolation_duration: 1 }
$data merge entity $(bone_right_leg2) { transformation: [-0.6072858109504682f,-0.24632172783226225f,0.7553340653088282f,-0.7054235136712832f,0.4404970443765646f,0.6868192426698733f,0.5781363868447409f,-0.4274835894461816f,-0.6611855244284641f,0.683816447810456f,-0.30859158768531997f,0.31469910558155556f,0f,0f,0f,1f], start_interpolation: 0, interpolation_duration: 1 }
$data merge entity $(bone_right_leg1) { transformation: [-0.5725146386353961f,0.8096418020822812f,-0.12925610573252505f,-0.25f,0.448663162166031f,0.17742316759018825f,-0.8759123166832629f,-0.3276830576767007f,-0.6862421988360665f,-0.5594650765894322f,-0.4648338118224844f,-3.061616997868383e-17f,0f,0f,0f,1f], start_interpolation: 0, interpolation_duration: 1 }
$data merge entity $(bone_body1) { transformation: [-1f,-6.779015770079647e-17f,1.0199064832385234e-16f,0f,0f,0.8328168447822033f,0.5535486456012837f,-0.3276830576767007f,-1.2246467991473532e-16f,0.5535486456012837f,-0.8328168447822033f,0f,0f,0f,0f,1f], start_interpolation: 0, interpolation_duration: 1 }