# This file was generated by Animated Java via MC-Build. It is not recommended to edit this file directly.
$data merge entity $(bone_head) { transformation: [-1f,-9.780952936606415e-17f,7.369459811823126e-17f,-1.5779946538892792e-16f,0f,0.6017620604531879f,0.7986754175502924f,0.2818454240338529f,-1.2246467991473532e-16f,0.7986754175502924f,-0.6017620604531879f,1.288530419536425f,0f,0f,0f,1f], start_interpolation: 0, interpolation_duration: 1 }
$data merge entity $(bone_left_arm2) { transformation: [-0.3139582613176805f,0.25380252484087695f,0.9148849591805381f,0.5641259767985272f,0.1347680307842893f,0.9657641196282757f,-0.2216692200490315f,-0.6579631587703001f,-0.9398232748920956f,0.053702361428685806f,-0.3374140903223795f,0.9515874775854755f,0f,0f,0f,1f], start_interpolation: 0, interpolation_duration: 1 }
$data merge entity $(bone_left_arm1) { transformation: [-0.30717029109854643f,0.2009321292474976f,0.9302003503022889f,0.6874999999999999f,0.16865242140695888f,0.9734777189169744f,-0.15458813513906328f,0.022602062001473022f,-0.9365910382979347f,0.10939565900103496f,-0.3329111244337225f,0.980289586284464f,0f,0f,0f,1f], start_interpolation: 0, interpolation_duration: 1 }
$data merge entity $(bone_right_arm2) { transformation: [-0.3139573441224982f,-0.2538024595651426f,-0.9148852920395165f,-0.564126013859035f,-0.13476839615711245f,0.9657641018677608f,-0.22166907529196933f,-0.6579631491156563f,0.9398235288972003f,0.053702989323140354f,-0.33741328288757666f,0.9515870893616437f,0f,0f,0f,1f], start_interpolation: 0, interpolation_duration: 1 }
$data merge entity $(bone_right_arm1) { transformation: [-0.30716937751175577f,-0.20093200941192085f,-0.9302006778715699f,-0.6875000000000001f,-0.1686527855986335f,0.97347767856005f,-0.15458799195007764f,0.022602062001473022f,0.9365912723428836f,0.10939623823067984f,-0.3329102756481309f,0.9802895862844638f,0f,0f,0f,1f], start_interpolation: 0, interpolation_duration: 1 }
$data merge entity $(bone_body3) { transformation: [-1f,-1.2106946574848305e-16f,1.8433184477877586e-17f,-6.699736607756564e-17f,0f,0.15051837387491235f,0.9886072117509825f,0.16895664362766863f,-1.2246467991473532e-16f,0.9886072117509825f,-0.15051837387491235f,0.5470750107231882f,0f,0f,0f,1f], start_interpolation: 0, interpolation_duration: 1 }
$data merge entity $(bone_body2) { transformation: [-1f,-1.0012437843643826e-16f,7.051742103434776e-17f,-1.6935176859346513e-17f,0f,0.5758184407409936f,0.8175775946676931f,-0.11895257674282819f,-1.2246467991473532e-16f,0.8175775946676931f,-0.5758184407409936f,0.13828621338934166f,0f,0f,0f,1f], start_interpolation: 0, interpolation_duration: 1 }
$data merge entity $(bone_left_leg3) { transformation: [-0.6186469916533708f,-0.09195155642228459f,-0.7802697040060911f,0.5328868586696042f,-0.2626811212026529f,0.9601830403364673f,0.0951165475295151f,-0.8835759991972487f,0.7404556220881514f,0.2638056866743716f,-0.6181682872780776f,-0.12395371675206529f,0f,0f,0f,1f], start_interpolation: 0, interpolation_duration: 1 }
$data merge entity $(bone_left_leg2) { transformation: [-0.6073513456167844f,0.24839489045639562f,-0.7546020947311478f,0.705385870306876f,-0.4401499957173638f,0.685536240799356f,0.5799207220135278f,-0.42681549748958747f,0.6613564275392552f,0.684353739630202f,-0.3070303483479632f,0.3148197306999539f,0f,0f,0f,1f], start_interpolation: 0, interpolation_duration: 1 }
$data merge entity $(bone_left_leg1) { transformation: [-0.5725831575930108f,-0.8095748805455575f,0.12937171418228743f,0.25f,-0.4482995694094383f,0.17705181809099665f,-0.8761735842731078f,-0.32722384981340186f,0.6864226276195515f,-0.5596795212443624f,-0.4643089594133972f,3.061616997868383e-17f,0f,0f,0f,1f], start_interpolation: 0, interpolation_duration: 1 }
$data merge entity $(bone_right_leg3) { transformation: [-0.6191267637618347f,0.09432049437738743f,0.7796061151210929f,-0.5344501722891424f,0.26255387798918245f,0.960492378626304f,0.09230304303557091f,-0.8847746716754235f,-0.7400996632526181f,0.26183589314910627f,-0.6194307495694507f,-0.1233158181294518f,0f,0f,0f,1f], start_interpolation: 0, interpolation_duration: 1 }
$data merge entity $(bone_right_leg2) { transformation: [-0.6073510679958479f,-0.24601292117139434f,0.7553822362360796f,-0.7053860122453051f,0.4401499317111114f,0.6873627363073367f,0.5777547112320202f,-0.4268155332907476f,-0.6613567250879112f,0.6833813806014972f,-0.3091879215431692f,0.3148195140607821f,0f,0f,0f,1f], start_interpolation: 0, interpolation_duration: 1 }
$data merge entity $(bone_right_leg1) { transformation: [-0.5725828686904058f,0.8095751328805424f,-0.12937141378108902f,-0.25f,0.4482995081210746f,0.17705188173750364f,-0.8761736027703708f,-0.32722384981340186f,-0.6864229086362635f,-0.5596791361080572f,-0.46430900820969495f,-3.061616997868383e-17f,0f,0f,0f,1f], start_interpolation: 0, interpolation_duration: 1 }
$data merge entity $(bone_body1) { transformation: [-1f,-6.774070743738605e-17f,1.0202349916808895e-16f,0f,0f,0.8330850922822947f,0.5531448535573666f,-0.32722384981340186f,-1.2246467991473532e-16f,0.5531448535573666f,-0.8330850922822947f,0f,0f,0f,0f,1f], start_interpolation: 0, interpolation_duration: 1 }