# This file was generated by Animated Java via MC-Build. It is not recommended to edit this file directly.
$data merge entity $(bone_jaw) { transformation: [-0.9800402915100579f,0.12526580255087866f,-0.154368085199517f,1.4558546363949747f,0.05354121877215036f,0.9141284494732547f,0.40187375599311803f,0.035562740876443066f,0.1914532969402038f,0.38558741755263193f,-0.9025895958384512f,3.248566900917746f,0f,0f,0f,1f], start_interpolation: 0, interpolation_duration: 1 }
$data merge entity $(bone_head) { transformation: [-1.102545327948815f,0.10621939378658257f,-0.19681524382489024f,1.412117915544999f,0.06023387111866915f,1.0944687729631655f,0.2532488613568921f,0.09184026562241909f,0.21538495905772928f,0.23765635988147615f,-1.0783106111040488f,3.0089423206724017f,0f,0f,0f,1f], start_interpolation: 0, interpolation_duration: 1 }
$data merge entity $(bone_neck) { transformation: [-0.9594517523497235f,0.09441723892140673f,-0.26558938214375816f,1.5757341023740625f,0.03231257949182517f,0.9728611315228138f,0.22912249121100017f,-0.7718189522575456f,0.2800146998277586f,0.21125009767242325f,-0.936464181970545f,1.8836045941305046f,0f,0f,0f,1f], start_interpolation: 0, interpolation_duration: 1 }
$data merge entity $(bone_right_arm2) { transformation: [-0.9129621904283983f,0.09441723892140673f,-0.3969703059961023f,0.25911824195976174f,0f,0.9728611315228138f,0.23138975511493667f,-2.213692407905641f,0.4080441628649786f,0.21125009767242325f,-0.8881854296177182f,2.307528070719064f,0f,0f,0f,1f], start_interpolation: 0, interpolation_duration: 1 }
$data merge entity $(bone_right_arm1) { transformation: [-1.0365924870489105f,0.10720290669201388f,-0.4507267015997411f,0.39542446718066226f,0f,1.1046027430831948f,0.26272378445341765f,-0.7777317161404289f,0.4633001432529444f,0.23985688173223055f,-1.0084605398784507f,1.8466525401566325f,0f,0f,0f,1f], start_interpolation: 0, interpolation_duration: 1 }
$data merge entity $(bone_left_arm2) { transformation: [-0.9129621904283983f,0.09441723892140673f,-0.3969703059961023f,1.8568020752094587f,0f,0.9728611315228138f,0.23138975511493667f,-2.213692407905641f,0.4080441628649786f,0.21125009767242325f,-0.8881854296177182f,1.5934507857053513f,0f,0f,0f,1f], start_interpolation: 0, interpolation_duration: 1 }
$data merge entity $(bone_left_arm1) { transformation: [-1.0365924870489105f,0.10720290669201388f,-0.4507267015997411f,1.4225069314126104f,0f,1.1046027430831948f,0.26272378445341765f,-0.7777317161404289f,0.4633001432529444f,0.23985688173223055f,-1.0084605398784507f,1.3876028569335315f,0f,0f,0f,1f], start_interpolation: 0, interpolation_duration: 1 }
$data merge entity $(bone_body2) { transformation: [-1.4455234681782976f,0.14949396162556067f,-0.628536317827162f,0.9991882100720776f,0f,1.5403634582444554f,0.36636711226531643f,-0.5f,0.6460699245362161f,0.3344793213146702f,-1.4062935968947206f,0.5936349079505083f,0f,0f,0f,1f], start_interpolation: 0, interpolation_duration: 1 }
$data merge entity $(bone_right_leg2) { transformation: [-0.9728611315228138f,-0.010802249963297261f,-0.23113747028095805f,-0.6438709554559046f,-1.3877787807814457e-17f,0.9989096974762205f,-0.046684218832124036f,-2.456110650272362f,0.23138975511493665f,-0.0454172619572788f,-0.9718004185758276f,1.2128527381248535f,0f,0f,0f,1f], start_interpolation: 0, interpolation_duration: 1 }
$data merge entity $(bone_right_leg1) { transformation: [-1.2971481753637517f,-0.18764796034769066f,-0.24489310301766104f,-0.4239591673649391f,-1.850371707708594e-17f,1.0583575875950817f,-0.8109605382247007f,-1.125f,0.30851967348658216f,-0.7889519868376326f,-1.0296349602235069f,0.5168134129498141f,0f,0f,0f,1f], start_interpolation: 0, interpolation_duration: 1 }
$data merge entity $(bone_left_leg2) { transformation: [-0.6753388418635055f,0.47540750325375797f,-0.5638307853607208f,-0.0036812109464723353f,0f,0.7645084488116749f,0.6446137073438376f,-2.0225391116218336f,0.7375075922798756f,0.43533267456692787f,-0.5163022504153416f,-1.2600131214885746f,0f,0f,0f,1f], start_interpolation: 0, interpolation_duration: 1 }
$data merge entity $(bone_left_leg1) { transformation: [-0.9004517891513406f,0.6338766710050106f,-0.7517743804809611f,0.6026621297072154f,0f,1.0193445984155665f,0.8594849431251168f,-1.125f,0.9833434563731674f,0.5804435660892371f,-0.6884030005537888f,-0.19631260143886817f,0f,0f,0f,1f], start_interpolation: 0, interpolation_duration: 1 }
$data merge entity $(bone_tail3) { transformation: [-0.051949127486670736f,0.95475321697628f,-0.29282688200849627f,-2.0438159450726023f,-0.35850568053302856f,0.2558474489407623f,0.897783804652353f,1.420669165118706f,0.9320809863841895f,0.1516191859361743f,0.3289934000510165f,-0.10773975930944413f,0f,0f,0f,1f], start_interpolation: 0, interpolation_duration: 1 }
$data merge entity $(bone_tail2) { transformation: [0.20703525095246814f,1.2828392148557266f,-0.8295758342686349f,-1.1741067064754345f,-0.5687487330343001f,0.8417041831967732f,1.159652990239771f,-0.13820379661853932f,1.4178848312349057f,0.15031210173670562f,0.5862976961719766f,-0.7241220915215902f,0f,0f,0f,1f], start_interpolation: 0, interpolation_duration: 1 }
$data merge entity $(bone_tail1) { transformation: [-0.4383098687570283f,0.5175501821160011f,-0.7348647956882209f,-0.33852412746207117f,2.7755575615628914e-17f,0.8175848131515837f,0.5758081914178453f,-0.75f,0.898823931006622f,0.25238241280957774f,-0.3583554921502101f,-0.4557223724878198f,0f,0f,0f,1f], start_interpolation: 0, interpolation_duration: 1 }
$data merge entity $(bone_body1) { transformation: [-1.0950627168769649f,0f,-0.760667748681261f,0.5f,0f,1.3333333333333333f,0f,-1.1875f,0.760667748681261f,0f,-1.0950627168769649f,-0.12499999999999994f,0f,0f,0f,1f], start_interpolation: 0, interpolation_duration: 1 }
data modify entity @s data merge value {"locators":{"head":{"posx":1.4077780422815893,"posy":-0.5865448475118096,"posz":3.1764417349338174,"roty":349.656131498756,"rotx":13.009352461354196},"neck":{"posx":1.093800434371643,"posy":-1.1491258982340633,"posz":2.0614511801635436,"roty":344.1662026107054,"rotx":13.245414651995842},"right_arm":{"posx":0.3061260191346312,"posy":-3.3022484169859228,"posz":2.565873448034561,"roty":335.91796875,"rotx":13.378906250000004},"left_arm":{"posx":2.017930126187878,"posy":-3.3022484169859228,"posz":1.8007906426627258,"roty":335.91796875,"rotx":13.378906250000004},"tail1":{"posx":-2.1849232709536226,"posy":0.015575804476520239,"posz":-0.6507534520115309,"roty":234.7494720837636,"rotx":48.78194840613612},"tail2":{"posx":-3.461644663483749,"posy":1.589872778500904,"posz":-0.1216811533219761,"roty":221.67129394930322,"rotx":63.8682702349454}},"cameras":{}}