# This file was generated by Animated Java via MC-Build. It is not recommended to edit this file directly.
$data merge entity $(bone_jaw) { transformation: [-0.9819390684743377f,0.1151242975692931f,-0.1501401409115054f,1.3935220969728574f,0.049030725480421464f,0.9212948915817535f,0.3857612094343189f,0.06127556319244246f,0.18273383310874153f,0.3714325226128452f,-0.9103000754601994f,3.2654903996188023f,0f,0f,0f,1f], start_interpolation: 0, interpolation_duration: 1 }
$data merge entity $(bone_head) { transformation: [-1.1046814520336299f,0.09744344932582198f,-0.18923177248114773f,1.3514705919770469f,0.05515956616547415f,1.09707360193555f,0.24292372094259357f,0.11525861229079659f,0.20557556224733423f,0.2292581211639936f,-1.0820371537461402f,3.025037698786327f,0f,0f,0f,1f], start_interpolation: 0, interpolation_duration: 1 }
$data merge entity $(bone_neck) { transformation: [-0.9630225935462045f,0.08661639940073065f,-0.25511778392420015f,1.5336687649484602f,0.029575647902940507f,0.9751765350538222f,0.21944476874954832f,-0.7573554055463518f,0.2677923922942231f,0.20378499659021654f,-0.9416787720842296f,1.9095059414436735f,0f,0f,0f,1f], start_interpolation: 0, interpolation_duration: 1 }
$data merge entity $(bone_right_arm2) { transformation: [-0.9203182767091106f,0.08661639940073065f,-0.38146017997954385f,0.2152438440810474f,0f,0.9751765350538222f,0.22142882712154136f,-2.2006895797715105f,0.3911703843022538f,0.20378499659021654f,-0.8974727882278953f,2.3227004350535667f,0f,0f,0f,1f], start_interpolation: 0, interpolation_duration: 1 }
$data merge entity $(bone_right_arm1) { transformation: [-1.0449447100134692f,0.09834570348624624f,-0.43311624601844034f,0.354273456030167f,0f,1.1072316908423605f,0.25141398079425004f,-0.768538058867309f,0.444141373843184f,0.23138088154514166f,-1.019005561633756f,1.8509149560770934f,0f,0f,0f,1f], start_interpolation: 0, interpolation_duration: 1 }
$data merge entity $(bone_left_arm2) { transformation: [-0.9203182767091106f,0.08661639940073065f,-0.38146017997954385f,1.825800828321991f,0f,0.9751765350538222f,0.22142882712154136f,-2.2006895797715105f,0.3911703843022538f,0.20378499659021654f,-0.8974727882278953f,1.6381522625246225f,0f,0f,0f,1f], start_interpolation: 0, interpolation_duration: 1 }
$data merge entity $(bone_left_arm1) { transformation: [-1.0449447100134692f,0.09834570348624624f,-0.43311624601844034f,1.3896315173279166f,0f,1.1072316908423605f,0.25141398079425004f,-0.768538058867309f,0.444141373843184f,0.23138088154514166f,-1.019005561633756f,1.410848273737058f,0f,0f,0f,1f], start_interpolation: 0, interpolation_duration: 1 }
$data merge entity $(bone_body2) { transformation: [-1.4571706047894253f,0.1371426323844902f,-0.6039786183009445f,0.9799062312653204f,0f,1.5440295138352187f,0.3505956429424405f,-0.5f,0.6193531084785686f,0.32265957793450956f,-1.4209985813608343f,0.6066522460791854f,0f,0f,0f,1f], start_interpolation: 0, interpolation_duration: 1 }
$data merge entity $(bone_right_leg2) { transformation: [-0.9751765350538223f,-0.009884814213009574f,-0.22120808287310773f,-0.67620953161059f,-1.3877787807814457e-17f,0.9990030916421176f,-0.04464104489694032f,-2.473495176617099f,0.22142882712154138f,-0.043532899483780474f,-0.9742043734156163f,1.1483617788119775f,0f,0f,0f,1f], start_interpolation: 0, interpolation_duration: 1 }
$data merge entity $(bone_right_leg1) { transformation: [-1.300235380071763f,-0.17278687070184187f,-0.23939597218934328f,-0.4406957449589526f,-1.850371707708594e-17f,1.0811418517695526f,-0.7803269020930139f,-1.125f,0.29523843616205514f,-0.7609564845923487f,-1.0543041649103053f,0.4920222973411264f,0f,0f,0f,1f], start_interpolation: 0, interpolation_duration: 1 }
$data merge entity $(bone_left_leg2) { transformation: [-0.6229947217713239f,0.4856522464834084f,-0.6132042662365369f,-0.051606667414687224f,0f,0.783922083113132f,0.6208592172204321f,-2.0578694890937426f,0.7822260393550389f,0.3867920152914051f,-0.4883793200594624f,-1.1955248572960193f,0f,0f,0f,1f], start_interpolation: 0, interpolation_duration: 1 }
$data merge entity $(bone_left_leg1) { transformation: [-0.8306596290284318f,0.6475363286445445f,-0.8176056883153825f,0.6045217494398836f,0f,1.0452294441508427f,0.8278122896272428f,-1.125f,1.042968052473385f,0.5157226870552067f,-0.6511724267459498f,-0.19355803303790287f,0f,0f,0f,1f], start_interpolation: 0, interpolation_duration: 1 }
$data merge entity $(bone_tail3) { transformation: [0.008199414965687213f,0.25825857778915096f,-0.9660410325615293f,-3.186814765416618f,-0.11463057886604006f,0.9599476590157541f,0.2556566493150729f,-0.9824903879345026f,0.9933743503750523f,0.10864160781440362f,0.037475339470700836f,-0.7418811867611268f,0f,0f,0f,1f], start_interpolation: 0, interpolation_duration: 1 }
$data merge entity $(bone_tail2) { transformation: [0.2095897505970233f,-0.20503216381780304f,-1.513529008428969f,-1.3041061338416235f,0.15967695886991615f,1.522282578064903f,-0.18410630743469564f,-0.9307730065864218f,1.5189837116841785f,-0.13173334973108805f,0.22819053292784572f,-0.8802277481911437f,0f,0f,0f,1f], start_interpolation: 0, interpolation_duration: 1 }
$data merge entity $(bone_tail1) { transformation: [-0.4884427789963456f,-0.1484628604622853f,-0.8598734969224736f,-0.32943519598695203f,6.938893903907228e-18f,0.9854200213552426f,-0.17013930031663232f,-0.75f,0.8725959269022101f,-0.08310331266314973f,-0.4813212937093929f,-0.47789836448769f,0f,0f,0f,1f], start_interpolation: 0, interpolation_duration: 1 }
$data merge entity $(bone_body1) { transformation: [-1.1148986606920919f,0f,-0.7312856857376311f,0.5f,0f,1.3333333333333333f,0f,-1.1875f,0.7312856857376311f,0f,-1.1148986606920919f,-0.12499999999999994f,0f,0f,0f,1f], start_interpolation: 0, interpolation_duration: 1 }
data modify entity @s data merge value {"locators":{"head":{"posx":1.3498997235963535,"posy":-0.5617055334907849,"posz":3.1982379519580357,"roty":350.0801630053679,"rotx":12.47022295480225},"neck":{"posx":1.051566041390609,"posy":-1.1356893783337585,"posz":2.0846926103799825,"roty":344.8414094336884,"rotx":12.676423694873533},"right_arm":{"posx":0.26183764237576923,"posy":-3.2865805283861036,"posz":2.5920999815961885,"roty":336.97265625,"rotx":12.792968750000002},"left_arm":{"posx":1.9874344112053517,"posy":-3.2865805283861036,"posz":1.858655511029463,"roty":336.97265625,"rotx":12.792968750000002},"tail1":{"posx":-1.8963066457915858,"posy":-1.7663911513012995,"posz":-0.8375414521528598,"roty":261.4262491082583,"rotx":-6.858648071367396},"tail2":{"posx":-4.069177229580739,"posy":-2.0986148251529513,"posz":-0.8633934185652623,"roty":267.7784559774175,"rotx":14.812498181586852}},"cameras":{}}