# This file was generated by Animated Java via MC-Build. It is not recommended to edit this file directly.
$data merge entity $(bone_jaw) { transformation: [-0.7071292686961123f,0f,0.7070842929618092f,-1.2786760334875424f,0f,1f,0f,0.625f,-0.7070842929618092f,0f,-0.7071292686961123f,2.5840090663956814f,0f,0f,0f,1f], start_interpolation: 0, interpolation_duration: 1 }
$data merge entity $(bone_head) { transformation: [-0.7955204272831263f,0f,0.7954698295820354f,-1.10190496024709f,0f,1.125f,0f,0.625f,-0.7954698295820354f,0f,-0.7955204272831263f,2.4072267492216533f,0f,0f,0f,1f], start_interpolation: 0, interpolation_duration: 1 }
$data merge entity $(bone_neck) { transformation: [-0.852651795928897f,0f,0.5224795832367296f,-0.2510644009027989f,0f,1f,0f,-0.4375f,-0.5224795832367296f,0f,-0.852651795928897f,1.9756869566477893f,0f,0f,0f,1f], start_interpolation: 0, interpolation_duration: 1 }
$data merge entity $(bone_right_arm2) { transformation: [-0.852651795928897f,0.024317378118245987f,0.5219133836382057f,-1.5529528387181317f,0f,0.9989163220598664f,-0.046542255235317125f,-1.8415798722292942f,-0.5224795832367296f,-0.03968433751297425f,-0.8517277959870335f,1.468600184459702f,0f,0f,0f,1f], start_interpolation: 0, interpolation_duration: 1 }
$data merge entity $(bone_right_arm1) { transformation: [-0.9681150599609349f,0.027610356405091793f,0.5925891543392127f,-0.8957671424588872f,0f,1.1341862406721397f,-0.05284485229843298f,-0.5625f,-0.5932320268000366f,-0.045058258217856174f,-0.9670659350269442f,0.9942265014943157f,0f,0f,0f,1f], start_interpolation: 0, interpolation_duration: 1 }
$data merge entity $(bone_left_arm2) { transformation: [-0.852651795928897f,0.024317378118245987f,0.5219133836382057f,-0.06081219584256206f,0f,0.9989163220598664f,-0.046542255235317125f,-1.8415798722292942f,-0.5224795832367296f,-0.03968433751297425f,-0.8517277959870335f,2.3829394551239784f,0f,0f,0f,1f], start_interpolation: 0, interpolation_duration: 1 }
$data merge entity $(bone_left_arm1) { transformation: [-0.9681150599609349f,0.027610356405091793f,0.5925891543392127f,0.06346612796112194f,0f,1.1341862406721397f,-0.05284485229843298f,-0.5625f,-0.5932320268000366f,-0.045058258217856174f,-0.9670659350269442f,1.5820160326356363f,0f,0f,0f,1f], start_interpolation: 0, interpolation_duration: 1 }
$data merge entity $(bone_body2) { transformation: [-1.3500320102207537f,0f,0.8272593401248219f,0.4999999999999999f,0f,1.5833333333333335f,0f,-0.5f,-0.8272593401248219f,0f,-1.3500320102207537f,0.75f,0f,0f,0f,1f], start_interpolation: 0, interpolation_duration: 1 }
$data merge entity $(bone_right_leg2) { transformation: [-1f,9.907326009222398e-17f,7.198671378328861e-17f,-1.0000000000000002f,0f,0.5878161265224272f,-0.8089945620337443f,-2.2227964825115345f,-1.2246467991473532e-16f,-0.8089945620337443f,-0.5878161265224272f,0.8542371433852488f,0f,0f,0f,1f], start_interpolation: 0, interpolation_duration: 1 }
$data merge entity $(bone_right_leg1) { transformation: [-1.3333333333333333f,1.320976801229653e-16f,9.598228504438481e-17f,-0.625f,0f,0.7837548353632362f,-1.0786594160449923f,-1.125f,-1.6328623988631375e-16f,-1.0786594160449923f,-0.7837548353632362f,-0.12500000000000008f,0f,0f,0f,1f], start_interpolation: 0, interpolation_duration: 1 }
$data merge entity $(bone_left_leg2) { transformation: [-1f,-9.907326009222398e-17f,7.198671378328861e-17f,1.0000000000000002f,0f,0.5878161265224272f,0.8089945620337443f,-1.717174881240444f,-1.2246467991473532e-16f,0.8089945620337443f,-0.5878161265224272f,-1.4716222224617659f,0f,0f,0f,1f], start_interpolation: 0, interpolation_duration: 1 }
$data merge entity $(bone_left_leg1) { transformation: [-1.3333333333333333f,-1.320976801229653e-16f,9.598228504438481e-17f,0.625f,0f,0.7837548353632362f,1.0786594160449923f,-1.125f,-1.6328623988631375e-16f,1.0786594160449923f,-0.7837548353632362f,-0.12499999999999993f,0f,0f,0f,1f], start_interpolation: 0, interpolation_duration: 1 }
$data merge entity $(bone_tail3) { transformation: [-0.6154760081539478f,0f,-0.7881556213000589f,-1.9945810287314079f,0f,1f,0f,-0.5625f,0.7881556213000589f,0f,-0.6154760081539478f,-3.017493916787684f,0f,0f,0f,1f], start_interpolation: 0, interpolation_duration: 1 }
$data merge entity $(bone_tail2) { transformation: [-0.9488588459040027f,0f,-1.2150732495042573f,-0.5937237398130408f,0f,1.5416666666666665f,0f,-0.75f,1.2150732495042573f,0f,-0.9488588459040027f,-1.7649569488365247f,0f,0f,0f,1f], start_interpolation: 0, interpolation_duration: 1 }
$data merge entity $(bone_tail1) { transformation: [-0.891015186885843f,0f,-0.4539734978374688f,1.1102230246251565e-16f,0f,1f,0f,-0.75f,0.4539734978374688f,0f,-0.891015186885843f,-0.875f,0f,0f,0f,1f], start_interpolation: 0, interpolation_duration: 1 }
data modify entity @s data merge value {"locators":{"head":{"posx":-1.3228688017976555,"posy":0,"posz":2.6282046456891885,"roty":44.99817784256561,"rotx":0},"neck":{"posx":-0.7427002467718387,"posy":-0.8125,"posz":1.8210286395205366,"roty":31.498724489795933,"rotx":0},"right_arm":{"posx":-1.8915176459010365,"posy":-2.8172250666715017,"posz":1.9014934460138975,"roty":31.498724489795933,"rotx":-2.667638483965014},"left_arm":{"posx":-0.29279552853435487,"posy":-2.8172250666715017,"posz":2.881142664582765,"roty":31.498724489795933,"rotx":-2.667638483965014},"tail1":{"posx":-1.058646228437588,"posy":-1.5,"posz":-2.286616157104871,"roty":307.98651603498547,"rotx":0},"tail2":{"posx":-2.437918565712691,"posy":-1.875,"posz":-3.3636991713742797,"roty":307.98651603498547,"rotx":0}},"cameras":{}}