# This file was generated by Animated Java via MC-Build. It is not recommended to edit this file directly.
$data merge entity $(bone_jaw) { transformation: [-0.7484328757284633f,0f,0.6632105476610143f,-1.1963909902043355f,0f,1f,0f,0.625f,-0.6632105476610143f,0f,-0.7484328757284633f,2.6604187808378383f,0f,0f,0f,1f], start_interpolation: 0, interpolation_duration: 1 }
$data merge entity $(bone_head) { transformation: [-0.8419869851945212f,0f,0.7461118661186411f,-1.0305883532890818f,0f,1.125f,0f,0.625f,-0.7461118661186411f,0f,-0.8419869851945212f,2.4733105619057225f,0f,0f,0f,1f], start_interpolation: 0, interpolation_duration: 1 }
$data merge entity $(bone_neck) { transformation: [-0.8739280829990431f,0f,0.4860552496842489f,-0.1987044214211079f,0f,1f,0f,-0.4375f,-0.4860552496842489f,0f,-0.8739280829990431f,2.0062716193111245f,0f,0f,0f,1f], start_interpolation: 0, interpolation_duration: 1 }
$data merge entity $(bone_right_arm2) { transformation: [-0.8739280829990431f,-0.030154333595919878f,0.4851189770674855f,-1.4512696445919193f,0f,0.9980737321171377f,0.06203890116506041f,-1.9151235179547224f,-0.4860552496842489f,0.054217537966548345f,-0.8722446634008306f,1.429489297002737f,0f,0f,0f,1f], start_interpolation: 0, interpolation_duration: 1 }
$data merge entity $(bone_right_arm1) { transformation: [-0.9922725109051634f,-0.03423773293703403f,0.5508121718787075f,-0.8842253847654667f,0f,1.1332295500079999f,0.07044000236449567f,-0.5625f,-0.5518752314123242f,0.06155949623285176f,-0.9903611282363597f,1.0528738750220885f,0f,0f,0f,1f], start_interpolation: 0, interpolation_duration: 1 }
$data merge entity $(bone_left_arm2) { transformation: [-0.8739280829990431f,-0.030154333595919878f,0.4851189770674855f,0.07810450065640628f,0f,0.9980737321171377f,0.06203890116506041f,-1.9151235179547224f,-0.4860552496842489f,0.054217537966548345f,-0.8722446634008306f,2.2800859839501726f,0f,0f,0f,1f], start_interpolation: 0, interpolation_duration: 1 }
$data merge entity $(bone_left_arm1) { transformation: [-0.9922725109051634f,-0.03423773293703403f,0.5508121718787075f,0.09894370860845675f,0f,1.1332295500079999f,0.07044000236449567f,-0.5625f,-0.5518752314123242f,0.06155949623285176f,-0.9903611282363597f,1.5996860309168683f,0f,0f,0f,1f], start_interpolation: 0, interpolation_duration: 1 }
$data merge entity $(bone_body2) { transformation: [-1.3837194647484852f,0f,0.7695874786667275f,0.4999999999999999f,0f,1.5833333333333335f,0f,-0.5f,-0.7695874786667275f,0f,-1.3837194647484852f,0.75f,0f,0f,0f,1f], start_interpolation: 0, interpolation_duration: 1 }
$data merge entity $(bone_right_leg2) { transformation: [-1f,9.361280687442218e-17f,7.895720496389619e-17f,-1f,0f,0.6447345064623471f,-0.7644065777953207f,-2.2906829086006617f,-1.2246467991473532e-16f,-0.7644065777953207f,-0.6447345064623471f,0.7723549223112901f,0f,0f,0f,1f], start_interpolation: 0, interpolation_duration: 1 }
$data merge entity $(bone_right_leg1) { transformation: [-1.3333333333333333f,1.248170758325629e-16f,1.0527627328519492e-16f,-0.625f,0f,0.8596460086164628f,-1.019208770393761f,-1.125f,-1.6328623988631375e-16f,-1.019208770393761f,-0.8596460086164628f,-0.12500000000000008f,0f,0f,0f,1f], start_interpolation: 0, interpolation_duration: 1 }
$data merge entity $(bone_left_leg2) { transformation: [-1f,-9.361280687442218e-17f,7.895720496389619e-17f,1f,0f,0.6447345064623471f,0.7644065777953207f,-1.8129287974785862f,-1.2246467991473532e-16f,0.7644065777953207f,-0.6447345064623471f,-1.425313988850257f,0f,0f,0f,1f], start_interpolation: 0, interpolation_duration: 1 }
$data merge entity $(bone_left_leg1) { transformation: [-1.3333333333333333f,-1.248170758325629e-16f,1.0527627328519492e-16f,0.625f,0f,0.8596460086164628f,1.019208770393761f,-1.125f,-1.6328623988631375e-16f,1.019208770393761f,-0.8596460086164628f,-0.12499999999999993f,0f,0f,0f,1f], start_interpolation: 0, interpolation_duration: 1 }
$data merge entity $(bone_tail3) { transformation: [-0.5210009453577682f,0f,-0.8535560994664098f,-2.096454715108403f,0f,1f,0f,-0.5625f,0.8535560994664098f,0f,-0.5210009453577682f,-2.869410620440002f,0f,0f,0f,1f], start_interpolation: 0, interpolation_duration: 1 }
$data merge entity $(bone_tail2) { transformation: [-0.8032097907598925f,0f,-1.3158989866773816f,-0.5611621467786057f,0f,1.5416666666666665f,0f,-0.75f,1.3158989866773816f,0f,-0.8032097907598925f,-1.785839335460885f,0f,0f,0f,1f], start_interpolation: 0, interpolation_duration: 1 }
$data merge entity $(bone_tail1) { transformation: [-0.9068446687449695f,0f,-0.42146500064516196f,1.1102230246251565e-16f,0f,1f,0f,-0.75f,0.42146500064516196f,0f,-0.9068446687449695f,-0.875f,0f,0f,0f,1f], start_interpolation: 0, interpolation_duration: 1 }
data modify entity @s data merge value {"locators":{"head":{"posx":-1.2378416494331488,"posy":0,"posz":2.707195835570867,"roty":41.545189504373155,"rotx":0},"neck":{"posx":-0.6964253691311606,"posy":-0.8125,"posz":1.8724850048438806,"roty":29.081632653061234,"rotx":0},"right_arm":{"posx":-1.7182953047171825,"posy":-2.9442167006543905,"posz":1.7810156376313384,"roty":29.081632653061234,"rotx":3.5568513119533542},"left_arm":{"posx":-0.07968014909397642,"posy":-2.9442167006543905,"posz":2.6923692307893052,"roty":29.081632653061234,"rotx":3.5568513119533542},"tail1":{"posx":-1.0828568469920414,"posy":-1.5,"posz":-2.250721997827652,"roty":301.399416909621,"rotx":0},"tail2":{"posx":-2.5765800210582586,"posy":-1.875,"posz":-3.1624736522037464,"roty":301.399416909621,"rotx":0}},"cameras":{}}