# This file was generated by Animated Java via MC-Build. It is not recommended to edit this file directly.
$data merge entity $(bone_jaw) { transformation: [-0.8391967331791665f,0f,0.5438279535123354f,-0.9773580790571617f,0f,1f,0f,0.625f,-0.5438279535123354f,0f,-0.8391967331791665f,2.834137230159599f,0f,0f,0f,1f], start_interpolation: 0, interpolation_duration: 1 }
$data merge entity $(bone_head) { transformation: [-0.9440963248265624f,0f,0.6118064477013773f,-0.8414010906790779f,0f,1.125f,0f,0.625f,-0.6118064477013773f,0f,-0.9440963248265624f,2.6243380468648074f,0f,0f,0f,1f], start_interpolation: 0, interpolation_duration: 1 }
$data merge entity $(bone_neck) { transformation: [-0.920086804853714f,0f,0.3917145281120981f,-0.0630896341611411f,0f,1f,0f,-0.4375f,-0.3917145281120981f,0f,-0.920086804853714f,2.072624781977214f,0f,0f,0f,1f], start_interpolation: 0, interpolation_duration: 1 }
$data merge entity $(bone_right_arm2) { transformation: [-0.920086804853714f,-0.03284933024565049f,0.3903347192301703f,-1.3575921003022748f,0f,0.9964775141514972f,0.08386038272302705f,-1.928030750445921f,-0.3917145281120981f,0.07715883159343956f,-0.9168458121042227f,1.6030344327514854f,0f,0f,0f,1f], start_interpolation: 0, interpolation_duration: 1 }
$data merge entity $(bone_right_arm1) { transformation: [-1.0446818930109876f,-0.03729767704974899f,0.44319254579258915f,-0.8448246002621632f,0f,1.131417177526179f,0.09521647621677029f,-0.5625f,-0.4447592037939447f,0.08760742337171783f,-1.0410020158266693f,1.1963846934312525f,0f,0f,0f,1f], start_interpolation: 0, interpolation_duration: 1 }
$data merge entity $(bone_left_arm2) { transformation: [-0.920086804853714f,-0.03284933024565049f,0.3903347192301703f,0.25255980819172485f,0f,0.9964775141514972f,0.08386038272302705f,-1.928030750445921f,-0.3917145281120981f,0.07715883159343956f,-0.9168458121042227f,2.288534856947657f,0f,0f,0f,1f], start_interpolation: 0, interpolation_duration: 1 }
$data merge entity $(bone_left_arm1) { transformation: [-1.0446818930109876f,-0.03729767704974899f,0.44319254579258915f,0.19027305519826504f,0f,1.131417177526179f,0.09521647621677029f,-0.5625f,-0.4447592037939447f,0.08760742337171783f,-1.0410020158266693f,1.637063537557363f,0f,0f,0f,1f], start_interpolation: 0, interpolation_duration: 1 }
$data merge entity $(bone_body2) { transformation: [-1.4568041076850473f,0f,0.620214669510822f,0.4999999999999999f,0f,1.5833333333333335f,0f,-0.5f,-0.620214669510822f,0f,-1.4568041076850473f,0.75f,0f,0f,0f,1f], start_interpolation: 0, interpolation_duration: 1 }
$data merge entity $(bone_right_leg2) { transformation: [-1f,7.795239885181336e-17f,9.44511584887469e-17f,-1f,0f,0.771252238233158f,-0.636529641902358f,-2.4325906055546516f,-1.2246467991473532e-16f,-0.636529641902358f,-0.771252238233158f,0.5489950357867776f,0f,0f,0f,1f], start_interpolation: 0, interpolation_duration: 1 }
$data merge entity $(bone_right_leg1) { transformation: [-1.3333333333333333f,1.0393653180241781e-16f,1.2593487798499584e-16f,-0.625f,0f,1.0283363176442106f,-0.8487061892031439f,-1.125f,-1.6328623988631375e-16f,-0.8487061892031439f,-1.0283363176442106f,-0.12500000000000008f,0f,0f,0f,1f], start_interpolation: 0, interpolation_duration: 1 }
$data merge entity $(bone_left_leg2) { transformation: [-1f,-7.795239885181336e-17f,9.44511584887469e-17f,1.0000000000000002f,0f,0.771252238233158f,0.636529641902358f,-2.034759579365678f,-1.2246467991473532e-16f,0.636529641902358f,-0.771252238233158f,-1.2810276846825015f,0f,0f,0f,1f], start_interpolation: 0, interpolation_duration: 1 }
$data merge entity $(bone_left_leg1) { transformation: [-1.3333333333333333f,-1.0393653180241781e-16f,1.2593487798499584e-16f,0.625f,0f,1.0283363176442106f,0.8487061892031439f,-1.125f,-1.6328623988631375e-16f,0.8487061892031439f,-1.0283363176442106f,-0.12499999999999993f,0f,0f,0f,1f], start_interpolation: 0, interpolation_duration: 1 }
$data merge entity $(bone_tail3) { transformation: [-0.6210999259501518f,0f,-0.7837313838201938f,-1.8688225738626587f,0f,1f,0f,-0.5625f,0.7837313838201938f,0f,-0.6210999259501518f,-3.0951491994644744f,0f,0f,0f,1f], start_interpolation: 0, interpolation_duration: 1 }
$data merge entity $(bone_tail2) { transformation: [-0.957529052506484f,0f,-1.208252550056132f,-0.4769637199435641f,0f,1.5416666666666665f,0f,-0.75f,1.208252550056132f,0f,-0.957529052506484f,-1.8326204153304153f,0f,0f,0f,1f], start_interpolation: 0, interpolation_duration: 1 }
$data merge entity $(bone_tail1) { transformation: [-0.9410771058295803f,0f,-0.3381920769081099f,1.1102230246251565e-16f,0f,1f,0f,-0.75f,0.3381920769081099f,0f,-0.9410771058295803f,-0.875f,0f,0f,0f,1f], start_interpolation: 0, interpolation_duration: 1 }
data modify entity @s data merge value {"locators":{"head":{"posx":-1.0113473261516828,"posy":0,"posz":2.886587025983297,"roty":32.944606413994165,"rotx":0},"neck":{"posx":-0.5720973526020103,"posy":-0.8125,"posz":1.9917783685278792,"roty":23.061224489795933,"rotx":0},"right_arm":{"posx":-1.5774155549750666,"posy":-2.966438455958932,"posz":1.959816349203151,"roty":23.061224489795904,"rotx":4.810495626822157},"left_arm":{"posx":0.1477472041256473,"posy":-2.966438455958932,"posz":2.694281089413335,"roty":23.061224489795904,"rotx":4.810495626822157},"tail1":{"posx":-0.9381415555761785,"posy":-1.5,"posz":-2.3575930373986687,"roty":308.39650145772595,"rotx":0},"tail2":{"posx":-2.3096714772615177,"posy":-1.875,"posz":-3.4445179078114347,"roty":308.39650145772595,"rotx":0}},"cameras":{}}