# This file was generated by Animated Java via MC-Build. It is not recommended to edit this file directly.
$data merge entity $(bone_jaw) { transformation: [-0.9955724933499047f,0f,0.09399686422989859f,-0.17057073290153077f,0f,1f,0f,0.625f,-0.09399686422989859f,0f,-0.9955724933499047f,3.2110862550710353f,0f,0f,0f,1f], start_interpolation: 0, interpolation_duration: 1 }
$data merge entity $(bone_head) { transformation: [-1.1200190550186429f,0f,0.10574647225863591f,-0.14707151684405612f,0f,1.125f,0f,0.625f,-0.10574647225863591f,0f,-1.1200190550186429f,2.9621931317335592f,0f,0f,0f,1f], start_interpolation: 0, interpolation_duration: 1 }
$data merge entity $(bone_neck) { transformation: [-0.9978297044371833f,0f,0.06584740650020637f,0.40534435315595324f,0f,1f,0f,-0.4375f,-0.06584740650020637f,0f,-0.9978297044371833f,2.184380200128451f,0f,0f,0f,1f], start_interpolation: 0, interpolation_duration: 1 }
$data merge entity $(bone_right_arm2) { transformation: [-0.9978297044371833f,-0.001557881250889643f,0.06582897499438638f,-0.9769604883619186f,0f,0.9997200875964654f,0.023658961433579928f,-1.8908981509559468f,-0.06584740650020637f,0.023607614494559778f,-0.9975503995262961f,2.2497560696222942f,0f,0f,0f,1f], start_interpolation: 0, interpolation_duration: 1 }
$data merge entity $(bone_right_arm1) { transformation: [-1.1329524769130517f,-0.001768844336947615f,0.07474331535820952f,-0.6219260045584508f,0f,1.1350988494584866f,0.02686277912771054f,-0.5625f,-0.0747642427971093f,0.026804478957364743f,-1.1326353494621486f,1.61550247850339f,0f,0f,0f,1f], start_interpolation: 0, interpolation_duration: 1 }
$data merge entity $(bone_left_arm2) { transformation: [-0.9978297044371833f,-0.001557881250889643f,0.06582897499438638f,0.7692414944031521f,0f,0.9997200875964654f,0.023658961433579928f,-1.8908981509559468f,-0.06584740650020637f,0.023607614494559778f,-0.9975503995262961f,2.3649890309976556f,0f,0f,0f,1f], start_interpolation: 0, interpolation_duration: 1 }
$data merge entity $(bone_left_arm1) { transformation: [-1.1329524769130517f,-0.001768844336947615f,0.07474331535820952f,0.5006324129333803f,0f,1.1350988494584866f,0.02686277912771054f,-0.5625f,-0.0747642427971093f,0.026804478957364743f,-1.1326353494621486f,1.689580810816122f,0f,0f,0f,1f], start_interpolation: 0, interpolation_duration: 1 }
$data merge entity $(bone_body2) { transformation: [-1.5798970320255403f,0f,0.10425839362532677f,0.4999999999999999f,0f,1.5833333333333335f,0f,-0.5f,-0.10425839362532677f,0f,-1.5798970320255403f,0.75f,0f,0f,0f,1f], start_interpolation: 0, interpolation_duration: 1 }
$data merge entity $(bone_right_leg2) { transformation: [-1f,1.3804574810108738e-17f,1.2168414662942206e-16f,-1f,0f,0.9936264620472066f,-0.11272290769648866f,-2.5885639478480122f,-1.2246467991473532e-16f,-0.11272290769648866f,-0.9936264620472066f,-0.27346908957604976f,0f,0f,0f,1f], start_interpolation: 0, interpolation_duration: 1 }
$data merge entity $(bone_right_leg1) { transformation: [-1.3333333333333333f,1.840609974681165e-17f,1.622455288392294e-16f,-0.625f,0f,1.3248352827296088f,-0.15029721026198486f,-1.125f,-1.6328623988631375e-16f,-0.15029721026198486f,-1.3248352827296088f,-0.12500000000000008f,0f,0f,0f,1f], start_interpolation: 0, interpolation_duration: 1 }
$data merge entity $(bone_left_leg2) { transformation: [-1f,-1.3804574810108738e-17f,1.2168414662942206e-16f,1f,0f,0.9936264620472066f,0.11272290769648866f,-2.5181121305377068f,-1.2246467991473532e-16f,0.11272290769648866f,-0.9936264620472066f,-0.5975474492034544f,0f,0f,0f,1f], start_interpolation: 0, interpolation_duration: 1 }
$data merge entity $(bone_left_leg1) { transformation: [-1.3333333333333333f,-1.840609974681165e-17f,1.622455288392294e-16f,0.625f,0f,1.3248352827296088f,0.15029721026198486f,-1.125f,-1.6328623988631375e-16f,0.15029721026198486f,-1.3248352827296088f,-0.12499999999999993f,0f,0f,0f,1f], start_interpolation: 0, interpolation_duration: 1 }
$data merge entity $(bone_tail3) { transformation: [-0.9832688140727501f,0f,-0.18216047670108795f,-0.40342265174755176f,0f,1f,0f,-0.5625f,0.18216047670108795f,0f,-0.9832688140727501f,-3.795148329709029f,0f,0f,0f,1f], start_interpolation: 0, interpolation_duration: 1 }
$data merge entity $(bone_tail2) { transformation: [-1.515872755028823f,0f,-0.28083073491417726f,-0.18478035969210566f,0f,1.5416666666666665f,0f,-0.75f,0.28083073491417726f,0f,-1.515872755028823f,-1.9287492437349867f,0f,0f,0f,1f], start_interpolation: 0, interpolation_duration: 1 }
$data merge entity $(bone_tail1) { transformation: [-0.9984053440479991f,0f,-0.056451474528099656f,1.1102230246251565e-16f,0f,1f,0f,-0.75f,0.056451474528099656f,0f,-0.9984053440479991f,-0.875f,0f,0f,0f,1f], start_interpolation: 0, interpolation_duration: 1 }
data modify entity @s data merge value {"locators":{"head":{"posx":-0.17644553691589943,"posy":0,"posz":3.2733095359054043,"roty":5.393586005830912,"rotx":0},"neck":{"posx":-0.10180142487516425,"posy":-0.8125,"posz":2.276185209932996,"roty":3.775510204081627,"rotx":0},"right_arm":{"posx":-1.0706814511355462,"posy":-2.902447719269202,"posz":2.7208081919846197,"roty":3.775510204081627,"rotx":1.3556851311953344},"left_arm":{"posx":0.8002492446841726,"posy":-2.902447719269202,"posz":2.844272079172507,"roty":3.775510204081627,"rotx":1.3556851311953344},"tail1":{"posx":-0.18710708566500986,"posy":-1.5,"posz":-2.6275166129976384,"roty":349.5043731778426,"rotx":0},"tail2":{"posx":-0.5058879198919137,"posy":-1.875,"posz":-4.348237037624951,"roty":349.5043731778426,"rotx":0}},"cameras":{}}