# This file was generated by Animated Java via MC-Build. It is not recommended to edit this file directly.
$data merge entity $(bone_jaw) { transformation: [-0.9992162482943292f,0f,0.039583950593714924f,-0.07205698683005461f,0f,1f,0f,0.625f,-0.039583950593714924f,0f,-0.9992162482943292f,3.2350836890999455f,0f,0f,0f,1f], start_interpolation: 0, interpolation_duration: 1 }
$data merge entity $(bone_head) { transformation: [-1.1241182793311204f,0f,0.04453194441792929f,-0.062160999181625876f,0f,1.125f,0f,0.625f,-0.04453194441792929f,0f,-1.1241182793311204f,2.985279627026363f,0f,0f,0f,1f], start_interpolation: 0, interpolation_duration: 1 }
$data merge entity $(bone_neck) { transformation: [-0.9996159360753185f,0f,0.02771245828620737f,0.4601633412135768f,0f,1f,0f,-0.4375f,-0.02771245828620737f,0f,-0.9996159360753185f,2.1869479081082703f,0f,0f,0f,1f], start_interpolation: 0, interpolation_duration: 1 }
$data merge entity $(bone_right_arm2) { transformation: [-0.9996159360753185f,-0.00026086968521159417f,0.02771123041786707f,-0.919161421197326f,0f,0.999955692550707f,0.009413444398089733f,-1.8814135894964896f,-0.02771245828620737f,0.009409829033689431f,-0.9995716456429184f,2.323890415699865f,0f,0f,0f,1f], start_interpolation: 0, interpolation_duration: 1 }
$data merge entity $(bone_right_arm1) { transformation: [-1.1349805940855178f,-0.00029619578841733084f,0.03146379287028656f,-0.5880723617233455f,0f,1.1353663592502818f,0.01068818166033105f,-0.5625f,-0.03146518701246461f,0.010684076715334874f,-1.1349303059903968f,1.6576954531415158f,0f,0f,0f,1f], start_interpolation: 0, interpolation_duration: 1 }
$data merge entity $(bone_left_arm2) { transformation: [-0.9996159360753185f,-0.00026086968521159417f,0.02771123041786707f,0.8301664669344815f,0f,0.999955692550707f,0.009413444398089733f,-1.8814135894964896f,-0.02771245828620737f,0.009409829033689431f,-0.9995716456429184f,2.372387217700728f,0f,0f,0f,1f], start_interpolation: 0, interpolation_duration: 1 }
$data merge entity $(bone_left_arm1) { transformation: [-1.1349805940855178f,-0.00029619578841733084f,0.03146379287028656f,0.5364955663613878f,0f,1.1353663592502818f,0.01068818166033105f,-0.5625f,-0.03146518701246461f,0.010684076715334874f,-1.1349303059903968f,1.688871968713499f,0f,0f,0f,1f], start_interpolation: 0, interpolation_duration: 1 }
$data merge entity $(bone_body2) { transformation: [-1.5827252321192544f,0f,0.04387805895316167f,0.4999999999999999f,0f,1.5833333333333335f,0f,-0.5f,-0.04387805895316167f,0f,-1.5827252321192544f,0.75f,0f,0f,0f,1f], start_interpolation: 0, interpolation_duration: 1 }
$data merge entity $(bone_right_leg2) { transformation: [-1f,5.81649418851807e-18f,1.2232647392111616e-16f,-1f,0f,0.9988714624190796f,-0.04749527939457923f,-2.575720002038233f,-1.2246467991473532e-16f,-0.04749527939457923f,-0.9988714624190796f,-0.36887286787625484f,0f,0f,0f,1f], start_interpolation: 0, interpolation_duration: 1 }
$data merge entity $(bone_right_leg1) { transformation: [-1.3333333333333333f,7.75532558469076e-18f,1.6310196522815486e-16f,-0.625f,0f,1.3318286165587727f,-0.0633270391927723f,-1.125f,-1.6328623988631375e-16f,-0.0633270391927723f,-1.3318286165587727f,-0.12500000000000008f,0f,0f,0f,1f], start_interpolation: 0, interpolation_duration: 1 }
$data merge entity $(bone_left_leg2) { transformation: [-1f,-5.81649418851807e-18f,1.2232647392111616e-16f,1f,0f,0.9988714624190796f,0.04749527939457923f,-2.5460354524166213f,-1.2246467991473532e-16f,0.04749527939457923f,-0.9988714624190796f,-0.50542179613567f,0f,0f,0f,1f], start_interpolation: 0, interpolation_duration: 1 }
$data merge entity $(bone_left_leg1) { transformation: [-1.3333333333333333f,-7.75532558469076e-18f,1.6310196522815486e-16f,0.625f,0f,1.3318286165587727f,0.0633270391927723f,-1.125f,-1.6328623988631375e-16f,0.0633270391927723f,-1.3318286165587727f,-0.12499999999999993f,0f,0f,0f,1f], start_interpolation: 0, interpolation_duration: 1 }
$data merge entity $(bone_tail3) { transformation: [-0.9971392609629188f,0f,-0.07558633637320895f,-0.16728569027365772f,0f,1f,0f,-0.5625f,0.07558633637320895f,0f,-0.9971392609629188f,-3.813315303437848f,0f,0f,0f,1f], start_interpolation: 0, interpolation_duration: 1 }
$data merge entity $(bone_tail2) { transformation: [-1.5372563606511664f,0f,-0.11652893524203047f,-0.1502037171942558f,0f,1.5416666666666665f,0f,-0.75f,0.11652893524203047f,0f,-1.5372563606511664f,-1.934230897085724f,0f,0f,0f,1f], start_interpolation: 0, interpolation_duration: 1 }
$data merge entity $(bone_tail1) { transformation: [-0.9997178257936286f,0f,-0.02375434256004925f,1.1102230246251565e-16f,0f,1f,0f,-0.75f,0.02375434256004925f,0f,-0.9997178257936286f,-0.875f,0f,0f,0f,1f], start_interpolation: 0, interpolation_duration: 1 }
data modify entity @s data merge value {"locators":{"head":{"posx":-0.07453098374216179,"posy":0,"posz":3.297534704618341,"roty":2.2685860058308833,"rotx":0},"neck":{"posx":-0.04310868410985835,"posy":-0.8125,"posz":2.2980436709745815,"roty":1.5880102040816269,"rotx":0},"right_arm":{"posx":-0.9952321627257554,"posy":-2.8860760042462417,"posz":2.812534380844747,"roty":1.5880102040816269,"rotx":0.5393586005830879},"left_arm":{"posx":0.879047717415467,"posy":-2.8860760042462417,"posz":2.8644952401313857,"roty":1.5880102040816269,"rotx":0.5393586005830879},"tail1":{"posx":-0.0775269158304721,"posy":-1.5,"posz":-2.629212431044382,"roty":355.6650874635569,"rotx":0},"tail2":{"posx":-0.20980300448358777,"posy":-1.875,"posz":-4.37420613772949,"roty":355.6650874635569,"rotx":0}},"cameras":{}}