# This file was generated by Animated Java via MC-Build. It is not recommended to edit this file directly.
$data merge entity $(bone_jaw) { transformation: [-1f,-2.2758588981337723e-17f,1.2033139430006247e-16f,-4.186609071938204e-16f,0f,0.9825804010090248f,0.1858379819976106f,1.3324136030666298f,-1.2246467991473532e-16f,0.1858379819976106f,-0.9825804010090248f,3.309087671001688f,0f,0f,0f,1f], start_interpolation: 0, interpolation_duration: 1 }
$data merge entity $(bone_head) { transformation: [-1.125f,-2.560341260400494e-17f,1.353728185875703e-16f,-3.885780586188048e-16f,0f,1.1054029511351529f,0.20906772974731191f,1.3788730985660325f,-1.3777276490407724e-16f,0.20906772974731191f,-1.1054029511351529f,3.0634425707494315f,0f,0f,0f,1f], start_interpolation: 0, interpolation_duration: 1 }
$data merge entity $(bone_neck) { transformation: [-1f,-2.2758588981337723e-17f,1.2033139430006247e-16f,0.4999999999999997f,0f,0.9825804010090248f,0.1858379819976106f,0.48587478286700225f,-1.2246467991473532e-16f,0.1858379819976106f,-0.9825804010090248f,2.0676431390571377f,0f,0f,0f,1f], start_interpolation: 0, interpolation_duration: 1 }
$data merge entity $(bone_right_arm2) { transformation: [-1f,1.110536709823307e-17f,1.2196011088971696e-16f,-0.8750000000000004f,0f,0.9958798812411086f,-0.09068220409317251f,-0.7887771050752194f,-1.2246467991473532e-16f,-0.09068220409317251f,-0.9958798812411086f,2.3568110020284747f,0f,0f,0f,1f], start_interpolation: 0, interpolation_duration: 1 }
$data merge entity $(bone_right_arm1) { transformation: [-1.1354166666666665f,1.2609218892785462e-17f,1.3847554257269945e-16f,-0.5625000000000003f,0f,1.1307386151591752f,-0.10296208589745628f,0.45597122373967947f,-1.3904843865318904e-16f,-0.10296208589745628f,-1.1307386151591752f,1.553123190802924f,0f,0f,0f,1f], start_interpolation: 0, interpolation_duration: 1 }
$data merge entity $(bone_left_arm2) { transformation: [-1f,1.110536709823307e-17f,1.2196011088971696e-16f,0.8749999999999997f,0f,0.9958798812411086f,-0.09068220409317251f,-0.7887771050752194f,-1.2246467991473532e-16f,-0.09068220409317251f,-0.9958798812411086f,2.356811002028475f,0f,0f,0f,1f], start_interpolation: 0, interpolation_duration: 1 }
$data merge entity $(bone_left_arm1) { transformation: [-1.1354166666666665f,1.2609218892785462e-17f,1.3847554257269945e-16f,0.5624999999999998f,0f,1.1307386151591752f,-0.10296208589745628f,0.45597122373967947f,-1.3904843865318904e-16f,-0.10296208589745628f,-1.1307386151591752f,1.553123190802924f,0f,0f,0f,1f], start_interpolation: 0, interpolation_duration: 1 }
$data merge entity $(bone_body2) { transformation: [-1.5833333333333335f,-3.6034432553784734e-17f,1.905247076417656e-16f,0.4999999999999999f,0f,1.5557523015976227f,0.29424347149621677f,0.6916056069255034f,-1.9390240986499761e-16f,0.29424347149621677f,-1.5557523015976227f,0.643568938731814f,0f,0f,0f,1f], start_interpolation: 0, interpolation_duration: 1 }
$data merge entity $(bone_right_leg2) { transformation: [-0.9829078397848795f,0.06713183184056762f,0.17142198121347066f,-1.1710771477317152f,-0.026128230796559147f,0.8708493446497689f,-0.4908551053809157f,-1.0264385724443974f,-0.18223472239083163f,-0.48694428436608417f,-0.8542106121316559f,0.8935046514084835f,0f,0f,0f,1f], start_interpolation: 0, interpolation_duration: 1 }
$data merge entity $(bone_right_leg1) { transformation: [-1.3105437863798393f,0.19658148928337038f,0.14699823070399215f,-0.625f,-0.03483764106207886f,0.6414354912175471f,-1.1683854788337245f,-0.051252500325115705f,-0.24297962985444216f,-1.1522560507349977f,-0.6253356465116648f,-0.13387034024245278f,0f,0f,0f,1f], start_interpolation: 0, interpolation_duration: 1 }
$data merge entity $(bone_left_leg2) { transformation: [-0.9829078397848795f,-0.06713183184056755f,-0.17142198121347046f,1.1710771477317152f,0.026128230796559147f,0.8708493446497689f,-0.4908551053809157f,-1.0264385724443974f,0.1822347223908314f,-0.4869442843660843f,-0.8542106121316562f,0.8935046514084837f,0f,0f,0f,1f], start_interpolation: 0, interpolation_duration: 1 }
$data merge entity $(bone_left_leg1) { transformation: [-1.3105437863798393f,-0.19658148928337016f,-0.146998230703992f,0.625f,0.03483764106207886f,0.6414354912175471f,-1.1683854788337245f,-0.051252500325115705f,0.24297962985444188f,-1.152256050734998f,-0.6253356465116648f,-0.13387034024245265f,0f,0f,0f,1f], start_interpolation: 0, interpolation_duration: 1 }
$data merge entity $(bone_tail3) { transformation: [-1f,1.7380854056428275e-17f,1.2122501284342153e-16f,4.579669976578771e-16f,0f,0.98987735017005f,-0.1419254438792434f,-0.017796565159172745f,-1.2246467991473532e-16f,-0.1419254438792434f,-0.98987735017005f,-3.8638761311765863f,0f,0f,0f,1f], start_interpolation: 0, interpolation_duration: 1 }
$data merge entity $(bone_tail2) { transformation: [-1.5416666666666665f,2.6795483336993588e-17f,1.868885614669415e-16f,-0.12499999999999976f,0f,1.5260609148454936f,-0.21880172598050024f,0.06271163895752432f,-1.8879971486855027e-16f,-0.21880172598050024f,-1.5260609148454936f,-1.9812450788803846f,0f,0f,0f,1f], start_interpolation: 0, interpolation_duration: 1 }
$data merge entity $(bone_tail1) { transformation: [-1f,1.7380854056428275e-17f,1.2122501284342153e-16f,1.1102230246251565e-16f,0f,0.98987735017005f,-0.1419254438792434f,0.21350742307922044f,-1.2246467991473532e-16f,-0.1419254438792434f,-0.98987735017005f,-0.9295003943247064f,0f,0f,0f,1f], start_interpolation: 0, interpolation_duration: 1 }
$data merge entity $(bone_body1) { transformation: [-1.3333333333333333f,2.31744720752377e-17f,1.6163335045789536e-16f,0.5f,0f,1.3198364668934f,-0.18923392517232454f,-0.11311983471074383f,-1.6328623988631375e-16f,-0.18923392517232454f,-1.3198364668934f,-0.12499999999999994f,0f,0f,0f,1f], start_interpolation: 0, interpolation_duration: 1 }
data modify entity @s data merge value {"locators":{"hitbox_head":{"posx":-4.119575012242382e-16,"posy":0.7066859785611386,"posz":3.254350207316245,"roty":0,"rotx":10.70999248685199},"hitbox_neck":{"posx":-2.7755575615628914e-16,"posy":0.09417738473891663,"posz":2.120776445934162,"roty":0,"rotx":10.70999248685199},"hitbox_right_arm":{"posx":-0.9375000000000006,"posy":-1.7393158842697418,"posz":2.9454331467422015,"roty":0,"rotx":-5.202854996243428},"hitbox_left_arm":{"posx":0.9374999999999996,"posy":-1.7393158842697418,"posz":2.945433146742202,"roty":0,"rotx":-5.202854996243428},"hitbox_tail1":{"posx":3.191891195797325e-16,"posy":-0.7772701163369929,"posz":-2.5553416742128614,"roty":0,"rotx":-8.159278737791135},"hitbox_tail2":{"posx":5.033436964332396e-16,"posy":-1.3968436494394376,"posz":-4.234404995555733,"roty":0,"rotx":-8.159278737791135}},"cameras":{}}