# This file was generated by Animated Java via MC-Build. It is not recommended to edit this file directly.
$data merge entity $(bone_jaw) { transformation: [-1f,-2.3208129247351992e-17f,1.2024550121920065e-16f,-4.1863943392360495e-16f,0f,0.9818790307778555f,0.1895087568391996f,1.3510857785568007f,-1.2246467991473532e-16f,0.1895087568391996f,-0.9818790307778555f,3.3074179626064955f,0f,0f,0f,1f], start_interpolation: 0, interpolation_duration: 1 }
$data merge entity $(bone_head) { transformation: [-1.125f,-2.610914540327099e-17f,1.3527618887160074e-16f,-3.885780586188048e-16f,0f,1.1046139096250875f,0.21319735144409954f,1.3984629677666005f,-1.3777276490407724e-16f,0.21319735144409954f,-1.1046139096250875f,3.0619482049120315f,0f,0f,0f,1f], start_interpolation: 0, interpolation_duration: 1 }
$data merge entity $(bone_neck) { transformation: [-1f,-2.3208129247351992e-17f,1.2024550121920065e-16f,0.4999999999999997f,0f,0.9818790307778555f,0.1895087568391996f,0.5091923624969787f,-1.2246467991473532e-16f,0.1895087568391996f,-0.9818790307778555f,2.062818438263374f,0f,0f,0f,1f], start_interpolation: 0, interpolation_duration: 1 }
$data merge entity $(bone_right_arm2) { transformation: [-1f,1.1009408502293175e-17f,1.2196881056666993e-16f,-0.8750000000000004f,0f,0.9959509194944154f,-0.089898642694027f,-0.76416840291493f,-1.2246467991473532e-16f,-0.089898642694027f,-0.9959509194944154f,2.3508985539578675f,0f,0f,0f,1f], start_interpolation: 0, interpolation_duration: 1 }
$data merge entity $(bone_right_arm1) { transformation: [-1.1354166666666665f,1.2500265903645374e-17f,1.3848542033090646e-16f,-0.5625000000000003f,0f,1.1308192731759508f,-0.10207241722550982f,0.48121186206934663f,-1.3904843865318904e-16f,-0.10207241722550982f,-1.1308192731759508f,1.5481903282695464f,0f,0f,0f,1f], start_interpolation: 0, interpolation_duration: 1 }
$data merge entity $(bone_left_arm2) { transformation: [-1f,1.1009408502293175e-17f,1.2196881056666993e-16f,0.8749999999999997f,0f,0.9959509194944154f,-0.089898642694027f,-0.76416840291493f,-1.2246467991473532e-16f,-0.089898642694027f,-0.9959509194944154f,2.350898553957868f,0f,0f,0f,1f], start_interpolation: 0, interpolation_duration: 1 }
$data merge entity $(bone_left_arm1) { transformation: [-1.1354166666666665f,1.2500265903645374e-17f,1.3848542033090646e-16f,0.5624999999999998f,0f,1.1308192731759508f,-0.10207241722550982f,0.48121186206934663f,-1.3904843865318904e-16f,-0.10207241722550982f,-1.1308192731759508f,1.5481903282695466f,0f,0f,0f,1f], start_interpolation: 0, interpolation_duration: 1 }
$data merge entity $(bone_body2) { transformation: [-1.5833333333333335f,-3.6746204641640655e-17f,1.9038871026373438e-16f,0.4999999999999999f,0f,1.5546417987316048f,0.30005553166206606f,0.7202437610297122f,-1.9390240986499761e-16f,0.30005553166206606f,-1.5546417987316048f,0.6395230342177569f,0f,0f,0f,1f], start_interpolation: 0, interpolation_duration: 1 }
$data merge entity $(bone_right_leg2) { transformation: [-0.9825438288315264f,0.06902758119498847f,0.1727507379418494f,-1.1754321859004815f,-0.02732586116667488f,0.8649866902694625f,-0.5010502200061195f,-0.9823626794785472f,-0.18401337379816682f,-0.4970243642831309f,-0.8480010964452616f,0.9089142938696236f,0f,0f,0f,1f], start_interpolation: 0, interpolation_duration: 1 }
$data merge entity $(bone_right_leg1) { transformation: [-1.310058438442035f,0.20052835144033088f,0.14598988291391074f,-0.625f,-0.0364344815555665f,0.6206763500524943f,-1.1794961529471253f,-0.02650438079371622f,-0.24535116506422242f,-1.1628959654809687f,-0.6043621075543137f,-0.13418053478219102f,0f,0f,0f,1f], start_interpolation: 0, interpolation_duration: 1 }
$data merge entity $(bone_left_leg2) { transformation: [-0.9825438288315264f,-0.06902758119498839f,-0.1727507379418492f,1.175432185900481f,0.02732586116667488f,0.8649866902694625f,-0.5010502200061195f,-0.9823626794785472f,0.1840133737981666f,-0.49702436428313085f,-0.8480010964452616f,0.9089142938696237f,0f,0f,0f,1f], start_interpolation: 0, interpolation_duration: 1 }
$data merge entity $(bone_left_leg1) { transformation: [-1.310058438442035f,-0.20052835144033065f,-0.1459898829139106f,0.625f,0.0364344815555665f,0.6206763500524943f,-1.1794961529471253f,-0.02650438079371622f,0.2453511650642221f,-1.1628959654809687f,-0.6043621075543139f,-0.13418053478219089f,0f,0f,0f,1f], start_interpolation: 0, interpolation_duration: 1 }
$data merge entity $(bone_tail3) { transformation: [-1f,1.7988660056753733e-17f,1.2113631138507202e-16f,4.579669976578771e-16f,0f,0.9891530477964082f,-0.1468885565150551f,-0.011757343557502353f,-1.2246467991473532e-16f,-0.1468885565150551f,-0.9891530477964082f,-3.8643072115711647f,0f,0f,0f,1f], start_interpolation: 0, interpolation_duration: 1 }
$data merge entity $(bone_tail2) { transformation: [-1.5416666666666665f,2.7732517587495336e-17f,1.8675181338531936e-16f,-0.12499999999999976f,0f,1.5249442820194625f,-0.2264531912940433f,0.07819250344639944f,-1.8879971486855027e-16f,-0.2264531912940433f,-1.5249442820194625f,-1.9821036426063265f,0f,0f,0f,1f], start_interpolation: 0, interpolation_duration: 1 }
$data merge entity $(bone_tail1) { transformation: [-1f,1.7988660056753733e-17f,1.2113631138507202e-16f,1.1102230246251565e-16f,0f,0.9891530477964082f,-0.1468885565150551f,0.2342615947436455f,-1.2246467991473532e-16f,-0.1468885565150551f,-0.9891530477964082f,-0.9311285293226428f,0f,0f,0f,1f], start_interpolation: 0, interpolation_duration: 1 }
$data merge entity $(bone_body1) { transformation: [-1.3333333333333333f,2.3984880075671642e-17f,1.6151508184676268e-16f,0.5f,0f,1.318870730395211f,-0.19585140868674014f,-0.08832644628099173f,-1.6328623988631375e-16f,-0.19585140868674014f,-1.318870730395211f,-0.12499999999999994f,0f,0f,0f,1f], start_interpolation: 0, interpolation_duration: 1 }
data modify entity @s data merge value {"locators":{"hitbox_head":{"posx":-4.1164969697021e-16,"posy":0.7255670870181908,"posz":3.2503424290056118,"roty":0,"rotx":10.924117205108944},"hitbox_neck":{"posx":-2.7755575615628914e-16,"posy":0.11729913135038295,"posz":2.114487533295906,"roty":0,"rotx":10.924117205108944},"hitbox_right_arm":{"posx":-0.9375000000000006,"posy":-1.715170001062332,"posz":2.9387726563991023,"roty":0,"rotx":-5.157776108189335},"hitbox_left_arm":{"posx":0.9374999999999996,"posy":-1.715170001062332,"posz":2.938772656399103,"roty":0,"rotx":-5.157776108189335},"hitbox_tail1":{"posx":3.191891195797325e-16,"posy":-0.764658165005007,"posz":-2.551979945580066,"roty":0,"rotx":-8.446656649135988},"hitbox_tail2":{"posx":5.024960564874908e-16,"posy":-1.3926455318300066,"posz":-4.2279145705306345,"roty":0,"rotx":-8.446656649135988}},"cameras":{}}