# This file was generated by Animated Java via MC-Build. It is not recommended to edit this file directly.
$data merge entity $(bone_jaw) { transformation: [-1f,-2.3574619677724636e-17f,1.2017418663618745e-16f,-4.1862160527785164e-16f,0f,0.9812967030155748f,0.19250137830873526f,1.3731357471132493f,-1.2246467991473532e-16f,0.19250137830873526f,-0.9812967030155748f,3.3035842580405173f,0f,0f,0f,1f], start_interpolation: 0, interpolation_duration: 1 }
$data merge entity $(bone_head) { transformation: [-1.125f,-2.6521447137440217e-17f,1.3519595996571087e-16f,-3.885780586188048e-16f,0f,1.1039587908925217f,0.21656405059732717f,1.4212610916904331f,-1.3777276490407724e-16f,0.21656405059732717f,-1.1039587908925217f,3.0582600822866235f,0f,0f,0f,1f], start_interpolation: 0, interpolation_duration: 1 }
$data merge entity $(bone_neck) { transformation: [-1f,-2.3574619677724636e-17f,1.2017418663618745e-16f,0.4999999999999997f,0f,0.9812967030155748f,0.19250137830873526f,0.5350407146122325f,-1.2246467991473532e-16f,0.19250137830873526f,-0.9812967030155748f,2.056423796633438f,0f,0f,0f,1f], start_interpolation: 0, interpolation_duration: 1 }
$data merge entity $(bone_right_arm2) { transformation: [-1f,1.0493515773524436e-17f,1.2201427766179402e-16f,-0.8750000000000004f,0f,0.9963221865009987f,-0.08568605887697933f,-0.7401343884149844f,-1.2246467991473532e-16f,-0.08568605887697933f,-0.9963221865009987f,2.3391472283325307f,0f,0f,0f,1f], start_interpolation: 0, interpolation_duration: 1 }
$data merge entity $(bone_right_arm1) { transformation: [-1.1354166666666665f,1.1914512701189203e-17f,1.3853704442849526e-16f,-0.5625000000000003f,0f,1.1312408159230087f,-0.0972893793499036f,0.5086293158896532f,-1.3904843865318904e-16f,-0.0972893793499036f,-1.1312408159230087f,1.5417127728370588f,0f,0f,0f,1f], start_interpolation: 0, interpolation_duration: 1 }
$data merge entity $(bone_left_arm2) { transformation: [-1f,1.0493515773524436e-17f,1.2201427766179402e-16f,0.8749999999999997f,0f,0.9963221865009987f,-0.08568605887697933f,-0.7401343884149844f,-1.2246467991473532e-16f,-0.08568605887697933f,-0.9963221865009987f,2.3391472283325307f,0f,0f,0f,1f], start_interpolation: 0, interpolation_duration: 1 }
$data merge entity $(bone_left_arm1) { transformation: [-1.1354166666666665f,1.1914512701189203e-17f,1.3853704442849526e-16f,0.5624999999999998f,0f,1.1312408159230087f,-0.0972893793499036f,0.5086293158896532f,-1.3904843865318904e-16f,-0.0972893793499036f,-1.1312408159230087f,1.5417127728370588f,0f,0f,0f,1f], start_interpolation: 0, interpolation_duration: 1 }
$data merge entity $(bone_body2) { transformation: [-1.5833333333333335f,-3.7326481156397345e-17f,1.902757955072968e-16f,0.4999999999999999f,0f,1.5537197797746602f,0.3047938489888309f,0.7504304019925659f,-1.9390240986499761e-16f,0.3047938489888309f,-1.5537197797746602f,0.6337784499042534f,0f,0f,0f,1f], start_interpolation: 0, interpolation_duration: 1 }
$data merge entity $(bone_right_leg2) { transformation: [-0.9826898894488907f,0.06956894447222056f,0.17169957233478547f,-1.1752306049580983f,-0.02850918801777161f,0.8589837482488948f,-0.511208515620433f,-0.9473714135008436f,-0.18305137905379046f,-0.5072544550906382f,-0.8421312904869438f,0.917896083072417f,0f,0f,0f,1f], start_interpolation: 0, interpolation_duration: 1 }
$data merge entity $(bone_right_leg1) { transformation: [-1.3102531859318542f,0.20005185234127312f,0.14489176273352894f,-0.625f,-0.03801225069036214f,0.6094898577572728f,-1.1852657760461363f,-0.0017775488388061741f,-0.24406850540505393f,-1.1688794409363277f,-0.5932362050680139f,-0.13461806147907418f,0f,0f,0f,1f], start_interpolation: 0, interpolation_duration: 1 }
$data merge entity $(bone_left_leg2) { transformation: [-0.9826898894488907f,-0.06956894447222048f,-0.17169957233478528f,1.175230604958098f,0.02850918801777161f,0.8589837482488948f,-0.511208515620433f,-0.9473714135008436f,0.18305137905379024f,-0.5072544550906382f,-0.8421312904869438f,0.9178960830724173f,0f,0f,0f,1f], start_interpolation: 0, interpolation_duration: 1 }
$data merge entity $(bone_left_leg1) { transformation: [-1.3102531859318542f,-0.2000518523412729f,-0.14489176273352877f,0.625f,0.03801225069036214f,0.6094898577572728f,-1.1852657760461363f,-0.0017775488388061741f,0.24406850540505365f,-1.1688794409363277f,-0.5932362050680139f,-0.13461806147907404f,0f,0f,0f,1f], start_interpolation: 0, interpolation_duration: 1 }
$data merge entity $(bone_tail3) { transformation: [-1f,1.8845965126960907e-17f,1.2100589830686746e-16f,4.579669976578771e-16f,0f,0.9880881441989354f,-0.15388898366518577f,-0.013443594992277541f,-1.2246467991473532e-16f,-0.15388898366518577f,-0.9880881441989354f,-3.8647556465243156f,0f,0f,0f,1f], start_interpolation: 0, interpolation_duration: 1 }
$data merge entity $(bone_tail2) { transformation: [-1.5416666666666665f,2.9054196237398065e-17f,1.8655075988975398e-16f,-0.12499999999999976f,0f,1.5233025556400253f,-0.23724551648382805f,0.08983172234264536f,-1.8879971486855027e-16f,-0.23724551648382805f,-1.5233025556400253f,-1.9832361917140893f,0f,0f,0f,1f], start_interpolation: 0, interpolation_duration: 1 }
$data merge entity $(bone_tail1) { transformation: [-1f,1.8845965126960907e-17f,1.2100589830686746e-16f,1.1102230246251565e-16f,0f,0.9880881441989354f,-0.15388898366518577f,0.25333876748690526f,-1.2246467991473532e-16f,-0.15388898366518577f,-0.9880881441989354f,-0.9333925385027204f,0f,0f,0f,1f], start_interpolation: 0, interpolation_duration: 1 }
$data merge entity $(bone_body1) { transformation: [-1.3333333333333333f,2.5127953502614542e-17f,1.6134119774248993e-16f,0.5f,0f,1.3174508589319138f,-0.20518531155358102f,-0.06353305785123964f,-1.6328623988631375e-16f,-0.20518531155358102f,-1.3174508589319138f,-0.12499999999999994f,0f,0f,0f,1f], start_interpolation: 0, interpolation_duration: 1 }
data modify entity @s data merge value {"locators":{"hitbox_head":{"posx":-4.113983546440355e-16,"posy":0.7477939715842191,"posz":3.244601940536031,"roty":0,"rotx":11.098797896318557},"hitbox_neck":{"posx":-2.7755575615628914e-16,"posy":0.1429917786928,"posz":2.106897867644609,"roty":0,"rotx":11.098797896318557},"hitbox_right_arm":{"posx":-0.9375000000000006,"posy":-1.6936135454774934,"posz":2.9229943804600094,"roty":0,"rotx":-4.9154770848985745},"hitbox_left_arm":{"posx":0.9374999999999996,"posy":-1.6936135454774934,"posz":2.9229943804600094,"roty":0,"rotx":-4.9154770848985745},"hitbox_tail1":{"posx":2.914335439641036e-16,"posy":-0.7570330620763714,"posz":-2.547130053101968,"roty":0,"rotx":-8.85236664162284},"hitbox_tail2":{"posx":5.012974862263538e-16,"posy":-1.3968718375650473,"posz":-4.21857593657566,"roty":0,"rotx":-8.85236664162284}},"cameras":{}}