# This file was generated by Animated Java via MC-Build. It is not recommended to edit this file directly.
$data merge entity $(bone_jaw) { transformation: [-1f,-2.3310610807760347e-17f,1.2022567633574664e-16f,-4.1863447770274144e-16f,0f,0.9817171483194373f,0.1903455822853585f,1.3716286901781256f,-1.2246467991473532e-16f,0.1903455822853585f,-0.9817171483194373f,3.3012489634141255f,0f,0f,0f,1f], start_interpolation: 0, interpolation_duration: 1 }
$data merge entity $(bone_head) { transformation: [-1.125f,-2.622443715873039e-17f,1.3525388587771496e-16f,-3.885780586188048e-16f,0f,1.104431791859367f,0.21413878007102832f,1.4192150857494652f,-1.3777276490407724e-16f,0.21413878007102832f,-1.104431791859367f,3.0558196763342664f,0f,0f,0f,1f], start_interpolation: 0, interpolation_duration: 1 }
$data merge entity $(bone_neck) { transformation: [-1f,-2.3310610807760347e-17f,1.2022567633574664e-16f,0.4999999999999997f,0f,0.9817171483194373f,0.1903455822853585f,0.5307964012669169f,-1.2246467991473532e-16f,0.1903455822853585f,-0.9817171483194373f,2.0559323121465303f,0f,0f,0f,1f], start_interpolation: 0, interpolation_duration: 1 }
$data merge entity $(bone_right_arm2) { transformation: [-1f,9.94542442533398e-18f,1.2206017515806928e-16f,-0.8750000000000004f,0f,0.9966969679996904f,-0.08121055337962244f,-0.749077966181437f,-1.2246467991473532e-16f,-0.08121055337962244f,-0.9966969679996904f,2.333098557011683f,0f,0f,0f,1f], start_interpolation: 0, interpolation_duration: 1 }
$data merge entity $(bone_right_arm1) { transformation: [-1.1354166666666665f,1.1292200649597955e-17f,1.385891572107245e-16f,-0.5625000000000003f,0f,1.1316663490829817f,-0.0922078158164463f,0.5032545488696664f,-1.3904843865318904e-16f,-0.0922078158164463f,-1.1316663490829817f,1.5412805402011416f,0f,0f,0f,1f], start_interpolation: 0, interpolation_duration: 1 }
$data merge entity $(bone_left_arm2) { transformation: [-1f,9.94542442533398e-18f,1.2206017515806928e-16f,0.8749999999999997f,0f,0.9966969679996904f,-0.08121055337962244f,-0.749077966181437f,-1.2246467991473532e-16f,-0.08121055337962244f,-0.9966969679996904f,2.333098557011683f,0f,0f,0f,1f], start_interpolation: 0, interpolation_duration: 1 }
$data merge entity $(bone_left_arm1) { transformation: [-1.1354166666666665f,1.1292200649597955e-17f,1.385891572107245e-16f,0.5624999999999998f,0f,1.1316663490829817f,-0.0922078158164463f,0.5032545488696664f,-1.3904843865318904e-16f,-0.0922078158164463f,-1.1316663490829817f,1.5412805402011416f,0f,0f,0f,1f], start_interpolation: 0, interpolation_duration: 1 }
$data merge entity $(bone_body2) { transformation: [-1.5833333333333335f,-3.690846711228722e-17f,1.903573208649322e-16f,0.4999999999999999f,0f,1.5543854848391092f,0.301380505285151f,0.7430608540321548f,-1.9390240986499761e-16f,0.301380505285151f,-1.5543854848391092f,0.632817312544504f,0f,0f,0f,1f], start_interpolation: 0, interpolation_duration: 1 }
$data merge entity $(bone_right_leg2) { transformation: [-0.9835060735401002f,0.06705931015579848f,0.1679846785607644f,-1.1675342821458807f,-0.028045585810434245f,0.8609624186188745f,-0.5078948304939591f,-0.9749094409220974f,-0.17868757210921102f,-0.5042288792278428f,-0.8448810501640746f,0.9042493332322572f,0f,0f,0f,1f], start_interpolation: 0, interpolation_duration: 1 }
$data merge entity $(bone_right_leg1) { transformation: [-1.3113414313868001f,0.1926652595706431f,0.14505697453336094f,-0.625f,-0.03739411441391233f,0.6298360391808371f,-1.1746003668201248f,-0.010053405527877833f,-0.23825009614561468f,-1.1592948025767f,-0.6140441597988159f,-0.1346909363019459f,0f,0f,0f,1f], start_interpolation: 0, interpolation_duration: 1 }
$data merge entity $(bone_left_leg2) { transformation: [-0.9835060735401002f,-0.06705931015579841f,-0.16798467856076424f,1.1675342821458803f,0.028045585810434245f,0.8609624186188745f,-0.5078948304939591f,-0.9749094409220974f,0.1786875721092108f,-0.5042288792278428f,-0.8448810501640746f,0.9042493332322574f,0f,0f,0f,1f], start_interpolation: 0, interpolation_duration: 1 }
$data merge entity $(bone_left_leg1) { transformation: [-1.3113414313868001f,-0.19266525957064287f,-0.1450569745333608f,0.625f,0.03739411441391233f,0.6298360391808371f,-1.1746003668201248f,-0.010053405527877833f,0.23825009614561438f,-1.1592948025767f,-0.6140441597988159f,-0.13469093630194573f,0f,0f,0f,1f], start_interpolation: 0, interpolation_duration: 1 }
$data merge entity $(bone_tail3) { transformation: [-1f,1.8988758596670117e-17f,1.2098357274264952e-16f,4.579669976578771e-16f,0f,0.9879058421324661f,-0.15505498083113295f,-0.026121611143168383f,-1.2246467991473532e-16f,-0.15505498083113295f,-0.9879058421324661f,-3.8648121558829267f,0f,0f,0f,1f], start_interpolation: 0, interpolation_duration: 1 }
$data merge entity $(bone_tail2) { transformation: [-1.5416666666666665f,2.9274336169866426e-17f,1.8651634131158466e-16f,-0.12499999999999976f,0f,1.5230215066208852f,-0.2390430954479966f,0.07937413251536848f,-1.8879971486855027e-16f,-0.2390430954479966f,-1.5230215066208852f,-1.9834158929787156f,0f,0f,0f,1f], start_interpolation: 0, interpolation_duration: 1 }
$data merge entity $(bone_tail1) { transformation: [-1f,1.8988758596670117e-17f,1.2098357274264952e-16f,1.1102230246251565e-16f,0f,0.9879058421324661f,-0.15505498083113295f,0.24412004964844725f,-1.2246467991473532e-16f,-0.15505498083113295f,-0.9879058421324661f,-0.9337659357129704f,0f,0f,0f,1f], start_interpolation: 0, interpolation_duration: 1 }
$data merge entity $(bone_body1) { transformation: [-1.3333333333333333f,2.5318344795560154e-17f,1.6131143032353268e-16f,0.5f,0f,1.3172077895099548f,-0.2067399744415106f,-0.07179752066115697f,-1.6328623988631375e-16f,-0.2067399744415106f,-1.3172077895099548f,-0.12499999999999994f,0f,0f,0f,1f], start_interpolation: 0, interpolation_duration: 1 }
data modify entity @s data merge value {"locators":{"hitbox_head":{"posx":-4.115794507188754e-16,"posy":0.7461588735856424,"posz":3.2436402962557414,"roty":0,"rotx":10.97295266716754},"hitbox_neck":{"posx":-2.7755575615628914e-16,"posy":0.13885927286145805,"posz":2.1072673623294502,"roty":0,"rotx":10.97295266716754},"hitbox_right_arm":{"posx":-0.9375000000000006,"posy":-1.7051696574913162,"posz":2.912657594391151,"roty":0,"rotx":-4.658151765589783},"hitbox_left_arm":{"posx":0.9374999999999996,"posy":-1.7051696574913162,"posz":2.912657594391151,"roty":0,"rotx":-4.658151765589783},"hitbox_tail1":{"posx":2.914335439641036e-16,"posy":-0.768155548405385,"posz":-2.546309923821436,"roty":0,"rotx":-8.91998497370398},"hitbox_tail2":{"posx":5.010975116674879e-16,"posy":-1.4099664556595424,"posz":-4.216999529741577,"roty":0,"rotx":-8.91998497370398}},"cameras":{}}