# This file was generated by Animated Java via MC-Build. It is not recommended to edit this file directly.
$data merge entity $(bone_jaw) { transformation: [-1f,-2.251002206609995e-17f,1.2037814059538496e-16f,-4.1867259376765104e-16f,0f,0.982962113477918f,0.18380827910359382f,1.3426637506505366f,-1.2246467991473532e-16f,0.18380827910359382f,-0.982962113477918f,3.302757855456939f,0f,0f,0f,1f], start_interpolation: 0, interpolation_duration: 1 }
$data merge entity $(bone_head) { transformation: [-1.125f,-2.5323774824362442e-17f,1.354254081698081e-16f,-3.885780586188048e-16f,0f,1.1058323776626577f,0.20678431399154304f,1.388615820426435f,-1.3777276490407724e-16f,0.20678431399154304f,-1.1058323776626577f,3.0570173270874594f,0f,0f,0f,1f], start_interpolation: 0, interpolation_duration: 1 }
$data merge entity $(bone_neck) { transformation: [-1f,-2.251002206609995e-17f,1.2037814059538496e-16f,0.4999999999999997f,0f,0.982962113477918f,0.18380827910359382f,0.49356280162781707f,-1.2246467991473532e-16f,0.18380827910359382f,-0.982962113477918f,2.0630643133390825f,0f,0f,0f,1f], start_interpolation: 0, interpolation_duration: 1 }
$data merge entity $(bone_right_arm2) { transformation: [-1f,9.845385787414884e-18f,1.2206828501013498e-16f,-0.8750000000000004f,0f,0.9967631899672924f,-0.08039367590941013f,-0.7903843576494775f,-1.2246467991473532e-16f,-0.08039367590941013f,-0.9967631899672924f,2.3393986144457886f,0f,0f,0f,1f], start_interpolation: 0, interpolation_duration: 1 }
$data merge entity $(bone_right_arm1) { transformation: [-1.1354166666666665f,1.1178615112793981e-17f,1.3859836527192407e-16f,-0.5625000000000003f,0f,1.1317415386086964f,-0.09128031952214274f,0.4625966769948743f,-1.3904843865318904e-16f,-0.09128031952214274f,-1.1317415386086964f,1.5486072217121742f,0f,0f,0f,1f], start_interpolation: 0, interpolation_duration: 1 }
$data merge entity $(bone_left_arm2) { transformation: [-1f,9.845385787414884e-18f,1.2206828501013498e-16f,0.8749999999999997f,0f,0.9967631899672924f,-0.08039367590941013f,-0.7903843576494775f,-1.2246467991473532e-16f,-0.08039367590941013f,-0.9967631899672924f,2.3393986144457886f,0f,0f,0f,1f], start_interpolation: 0, interpolation_duration: 1 }
$data merge entity $(bone_left_arm1) { transformation: [-1.1354166666666665f,1.1178615112793981e-17f,1.3859836527192407e-16f,0.5624999999999998f,0f,1.1317415386086964f,-0.09128031952214274f,0.4625966769948743f,-1.3904843865318904e-16f,-0.09128031952214274f,-1.1317415386086964f,1.5486072217121745f,0f,0f,0f,1f], start_interpolation: 0, interpolation_duration: 1 }
$data merge entity $(bone_body2) { transformation: [-1.5833333333333335f,-3.5640868271324924e-17f,1.9059872260935955e-16f,0.4999999999999999f,0f,1.5563566796733703f,0.2910297752473569f,0.6963520707468633f,-1.9390240986499761e-16f,0.2910297752473569f,-1.5563566796733703f,0.6385682577706009f,0f,0f,0f,1f], start_interpolation: 0, interpolation_duration: 1 }
$data merge entity $(bone_right_leg2) { transformation: [-0.9843951440006792f,0.06315217332590403f,0.16424982031069968f,-1.1576628761460341f,-0.02605370135771122f,0.8707939102426485f,-0.49095740195039483f,-1.05353610536487f,-0.17403277022861346f,-0.4875753981575909f,-0.8555599488043029f,0.8739617076529327f,0f,0f,0f,1f], start_interpolation: 0, interpolation_duration: 1 }
$data merge entity $(bone_right_leg1) { transformation: [-1.3125268586675722f,0.1834620005791931f,0.14626249484229667f,-0.625f,-0.03473826847694829f,0.6700593473849172f,-1.152211569748846f,-0.051308646796478556f,-0.23204369363815128f,-1.1380421534826186f,-0.6548233035843981f,-0.13425348845719218f,0f,0f,0f,1f], start_interpolation: 0, interpolation_duration: 1 }
$data merge entity $(bone_left_leg2) { transformation: [-0.9843951440006792f,-0.06315217332590395f,-0.1642498203106995f,1.1576628761460337f,0.02605370135771122f,0.8707939102426485f,-0.49095740195039483f,-1.05353610536487f,0.17403277022861324f,-0.4875753981575909f,-0.8555599488043029f,0.8739617076529334f,0f,0f,0f,1f], start_interpolation: 0, interpolation_duration: 1 }
$data merge entity $(bone_left_leg1) { transformation: [-1.3125268586675722f,-0.18346200057919287f,-0.14626249484229653f,0.625f,0.03473826847694829f,0.6700593473849172f,-1.152211569748846f,-0.051308646796478556f,0.23204369363815097f,-1.1380421534826188f,-0.6548233035843982f,-0.134253488457192f,0f,0f,0f,1f], start_interpolation: 0, interpolation_duration: 1 }
$data merge entity $(bone_tail3) { transformation: [-1f,1.8131608032075623e-17f,1.2111499748912084e-16f,4.579669976578771e-16f,0f,0.9889790066282443f,-0.14805581531507334f,-0.04096377454242403f,-1.2246467991473532e-16f,-0.14805581531507334f,-0.9889790066282443f,-3.8643949715135717f,0f,0f,0f,1f], start_interpolation: 0, interpolation_duration: 1 }
$data merge entity $(bone_tail2) { transformation: [-1.5416666666666665f,2.7952895716116583e-17f,1.8671895446239462e-16f,-0.12499999999999976f,0f,1.5246759685518765f,-0.2282527152774047f,0.05120731543054263f,-1.8879971486855027e-16f,-0.2282527152774047f,-1.5246759685518765f,-1.9822988687140375f,0f,0f,0f,1f], start_interpolation: 0, interpolation_duration: 1 }
$data merge entity $(bone_tail1) { transformation: [-1f,1.8131608032075623e-17f,1.2111499748912084e-16f,1.1102230246251565e-16f,0f,0.9889790066282443f,-0.14805581531507334f,0.20851661920280806f,-1.2246467991473532e-16f,-0.14805581531507334f,-0.9889790066282443f,-0.9315086741715279f,0f,0f,0f,1f], start_interpolation: 0, interpolation_duration: 1 }
$data merge entity $(bone_body1) { transformation: [-1.3333333333333333f,2.4175477376100828e-17f,1.6148666331882778e-16f,0.5f,0f,1.3186386755043258f,-0.19740775375343111f,-0.11311983471074383f,-1.6328623988631375e-16f,-0.19740775375343111f,-1.3186386755043258f,-0.12499999999999994f,0f,0f,0f,1f], start_interpolation: 0, interpolation_duration: 1 }
data modify entity @s data merge value {"locators":{"hitbox_head":{"posx":-4.1212746376355013e-16,"posy":0.7168244122828632,"posz":3.2493128131095625,"roty":0,"rotx":10.591660405709993},"hitbox_neck":{"posx":-2.7755575615628914e-16,"posy":0.10197597418564858,"posz":2.1170064728599747,"roty":0,"rotx":10.591660405709993},"hitbox_right_arm":{"posx":-0.9375000000000006,"posy":-1.7469507096620647,"posz":2.918173885338845,"roty":0,"rotx":-4.611194590533435},"hitbox_left_arm":{"posx":0.9374999999999996,"posy":-1.7469507096620647,"posz":2.918173885338845,"roty":0,"rotx":-4.611194590533435},"hitbox_tail1":{"posx":2.914335439641036e-16,"posy":-0.7923153125697535,"posz":-2.5511800742846504,"roty":0,"rotx":-8.51427498121713},"hitbox_tail2":{"posx":5.022964482034083e-16,"posy":-1.4222801168567234,"posz":-4.226372405140926,"roty":0,"rotx":-8.51427498121713}},"cameras":{}}