# This file was generated by Animated Java via MC-Build. It is not recommended to edit this file directly.
$data merge entity $(bone_jaw) { transformation: [-1f,-1.5322386994179827e-17f,1.2150235505297487e-16f,-4.189536473820485e-16f,0f,0.9921420211735296f,0.12511678473211924f,1.0418465429429367f,-1.2246467991473532e-16f,0.12511678473211924f,-0.9921420211735296f,3.3426337538400994f,0f,0f,0f,1f], start_interpolation: 0, interpolation_duration: 1 }
$data merge entity $(bone_head) { transformation: [-1.125f,-1.7237685368452306e-17f,1.3669014943459672e-16f,-3.885780586188048e-16f,0f,1.1161597738202207f,0.14075638282363415f,1.0731257391259665f,-1.3777276490407724e-16f,0.14075638282363415f,-1.1161597738202207f,3.094598248546717f,0f,0f,0f,1f], start_interpolation: 0, interpolation_duration: 1 }
$data merge entity $(bone_neck) { transformation: [-1f,-1.5322386994179827e-17f,1.2150235505297487e-16f,0.4999999999999997f,0f,0.9921420211735296f,0.12511678473211924f,0.12063222922393826f,-1.2246467991473532e-16f,0.12511678473211924f,-0.9921420211735296f,2.1555462725653474f,0f,0f,0f,1f], start_interpolation: 0, interpolation_duration: 1 }
$data merge entity $(bone_right_arm2) { transformation: [-1f,1.6646834194444366e-17f,1.2132798827113743e-16f,-0.8750000000000004f,0f,0.9907182083488126f,-0.13593171685121405f,-1.1476917241793f,-1.2246467991473532e-16f,-0.13593171685121405f,-0.9907182083488126f,2.503364810494095f,0f,0f,0f,1f], start_interpolation: 0, interpolation_duration: 1 }
$data merge entity $(bone_right_arm1) { transformation: [-1.1354166666666665f,1.8901092991608705e-17f,1.3775782001618727e-16f,-0.5625000000000003f,0f,1.1248779657293808f,-0.1543391368414826f,0.0591728689433067f,-1.3904843865318904e-16f,-0.1543391368414826f,-1.1248779657293808f,1.6438356638870677f,0f,0f,0f,1f], start_interpolation: 0, interpolation_duration: 1 }
$data merge entity $(bone_left_arm2) { transformation: [-1f,1.6646834194444366e-17f,1.2132798827113743e-16f,0.8749999999999997f,0f,0.9907182083488126f,-0.13593171685121405f,-1.1476917241793f,-1.2246467991473532e-16f,-0.13593171685121405f,-0.9907182083488126f,2.503364810494095f,0f,0f,0f,1f], start_interpolation: 0, interpolation_duration: 1 }
$data merge entity $(bone_left_arm1) { transformation: [-1.1354166666666665f,1.8901092991608705e-17f,1.3775782001618727e-16f,0.5624999999999998f,0f,1.1248779657293808f,-0.1543391368414826f,0.0591728689433067f,-1.3904843865318904e-16f,-0.1543391368414826f,-1.1248779657293808f,1.6438356638870677f,0f,0f,0f,1f], start_interpolation: 0, interpolation_duration: 1 }
$data merge entity $(bone_body2) { transformation: [-1.5833333333333335f,-2.426044607411806e-17f,1.9237872883387688e-16f,0.4999999999999999f,0f,1.5708915335247553f,0.19810157582585547f,0.23847873095301408f,-1.9390240986499761e-16f,0.19810157582585547f,-1.5708915335247553f,0.7215223180826413f,0f,0f,0f,1f], start_interpolation: 0, interpolation_duration: 1 }
$data merge entity $(bone_right_leg2) { transformation: [-0.984807753012208f,0.04692715680768854f,0.16718711541560988f,-1.1349748324950233f,-0.007012580684045591f,0.9512591778966915f,-0.3083128284380338f,-1.6186845140695525f,-0.17350652241110592f,-0.3048012769350834f,-0.9364783330432942f,0.6541388023811586f,0f,0f,0f,1f], start_interpolation: 0, interpolation_duration: 1 }
$data merge entity $(bone_right_leg1) { transformation: [-1.3130770040162774f,0.1656448901741854f,0.16176628097535312f,-0.625f,-0.009350107578727455f,0.892877599230158f,-0.9901817742510883f,-0.4213472813029225f,-0.23134202988147456f,-0.9762730872711535f,-0.8781511840555403f,-0.12752399016587165f,0f,0f,0f,1f], start_interpolation: 0, interpolation_duration: 1 }
$data merge entity $(bone_left_leg2) { transformation: [-0.984807753012208f,-0.04692715680768847f,-0.16718711541560966f,1.134974832495023f,0.007012580684045591f,0.9512591778966915f,-0.3083128284380338f,-1.6186845140695525f,0.1735065224111057f,-0.3048012769350834f,-0.9364783330432942f,0.6541388023811591f,0f,0f,0f,1f], start_interpolation: 0, interpolation_duration: 1 }
$data merge entity $(bone_left_leg1) { transformation: [-1.3130770040162774f,-0.16564489017418518f,-0.1617662809753529f,0.625f,0.009350107578727455f,0.892877599230158f,-0.9901817742510883f,-0.4213472813029225f,0.23134202988147426f,-0.9762730872711535f,-0.8781511840555403f,-0.1275239901658715f,0f,0f,0f,1f], start_interpolation: 0, interpolation_duration: 1 }
$data merge entity $(bone_tail3) { transformation: [-1f,4.945594364342407e-18f,1.223647781144638e-16f,4.579669976578771e-16f,0f,0.9991842398939754f,-0.04038384265394498f,-0.008221566148983409f,-1.2246467991473532e-16f,-0.04038384265394498f,-0.9991842398939754f,-3.83473178626775f,0f,0f,0f,1f], start_interpolation: 0, interpolation_duration: 1 }
$data merge entity $(bone_tail2) { transformation: [-1.5416666666666665f,7.62445797836121e-18f,1.8864569959313168e-16f,-0.12499999999999976f,0f,1.540409036503212f,-0.0622584240914985f,-0.11984890615295697f,-1.8879971486855027e-16f,-0.0622584240914985f,-1.540409036503212f,-1.9536893659689314f,0f,0f,0f,1f], start_interpolation: 0, interpolation_duration: 1 }
$data merge entity $(bone_tail1) { transformation: [-1f,4.945594364342407e-18f,1.223647781144638e-16f,1.1102230246251565e-16f,0f,0.9991842398939754f,-0.04038384265394498f,-0.07694107333314043f,-1.2246467991473532e-16f,-0.04038384265394498f,-0.9991842398939754f,-0.8920561110815826f,0f,0f,0f,1f], start_interpolation: 0, interpolation_duration: 1 }
$data merge entity $(bone_body1) { transformation: [-1.3333333333333333f,6.594125819123209e-18f,1.6315303748595174e-16f,0.5f,0f,1.332245653191967f,-0.053845123538593304f,-0.48379629629629595f,-1.6328623988631375e-16f,-0.053845123538593304f,-1.332245653191967f,-0.12499999999999994f,0f,0f,0f,1f], start_interpolation: 0, interpolation_duration: 1 }
data modify entity @s data merge value {"locators":{"hitbox_head":{"posx":-4.16971052701497e-16,"posy":0.41393798066372334,"posz":3.3264446397058705,"roty":0,"rotx":7.187500000000004},"hitbox_neck":{"posx":-2.7755575615628914e-16,"posy":-0.2670606268076502,"posz":2.232645230937494,"roty":0,"rotx":7.187500000000004},"hitbox_right_arm":{"posx":-0.9375000000000006,"posy":-2.0704440741025056,"posz":3.134655631519715,"roty":0,"rotx":-7.812499999999995},"hitbox_left_arm":{"posx":0.9374999999999996,"posy":-2.0704440741025056,"posz":3.134655631519715,"roty":0,"rotx":-7.812499999999995},"hitbox_tail1":{"posx":3.191891195797325e-16,"posy":-0.8970009778980257,"posz":-2.6103406489055807,"roty":0,"rotx":-2.314453125000003},"hitbox_tail2":{"posx":5.203060927440636e-16,"posy":-1.3423667925026703,"posz":-4.3437691277248085,"roty":0,"rotx":-2.314453125000003}},"cameras":{}}