# This file was generated by Animated Java via MC-Build. It is not recommended to edit this file directly.
$data merge entity $(bone_jaw) { transformation: [-1f,-1.009115624242682e-17f,1.2204821339253397e-16f,-4.190901119669383e-16f,0f,0.9965992927716685f,0.08240054397278199f,0.8100031703606946f,-1.2246467991473532e-16f,0.08240054397278199f,-0.9965992927716685f,3.3612489456303662f,0f,0f,0f,1f], start_interpolation: 0, interpolation_duration: 1 }
$data merge entity $(bone_head) { transformation: [-1.125f,-1.1352550772730173e-17f,1.3730424006660072e-16f,-3.885780586188048e-16f,0f,1.121174204368127f,0.09270061196937973f,0.8306033063538901f,-1.3777276490407724e-16f,0.09270061196937973f,-1.121174204368127f,3.1120991224374492f,0f,0f,0f,1f], start_interpolation: 0, interpolation_duration: 1 }
$data merge entity $(bone_neck) { transformation: [-1f,-1.009115624242682e-17f,1.2204821339253397e-16f,0.4999999999999997f,0f,0.9965992927716685f,0.08240054397278199f,-0.16133300023812233f,-1.2246467991473532e-16f,0.08240054397278199f,-0.9965992927716685f,2.214811619089388f,0f,0f,0f,1f], start_interpolation: 0, interpolation_duration: 1 }
$data merge entity $(bone_right_arm2) { transformation: [-1f,2.184109361504611e-17f,1.2050130479093317e-16f,-0.8750000000000004f,0f,0.9839678254565386f,-0.17834606378143258f,-1.413552491910162f,-1.2246467991473532e-16f,-0.17834606378143258f,-0.9839678254565386f,2.616768993421456f,0f,0f,0f,1f], start_interpolation: 0, interpolation_duration: 1 }
$data merge entity $(bone_right_arm1) { transformation: [-1.1354166666666665f,2.4798741708750266e-17f,1.3681918981470535e-16f,-0.5625000000000003f,0f,1.1172134684871113f,-0.20249709325183488f,-0.24470763984818988f,-1.3904843865318904e-16f,-0.20249709325183488f,-1.1172134684871113f,1.7062119047069557f,0f,0f,0f,1f], start_interpolation: 0, interpolation_duration: 1 }
$data merge entity $(bone_left_arm2) { transformation: [-1f,2.184109361504611e-17f,1.2050130479093317e-16f,0.8749999999999997f,0f,0.9839678254565386f,-0.17834606378143258f,-1.413552491910162f,-1.2246467991473532e-16f,-0.17834606378143258f,-0.9839678254565386f,2.6167689934214566f,0f,0f,0f,1f], start_interpolation: 0, interpolation_duration: 1 }
$data merge entity $(bone_left_arm1) { transformation: [-1.1354166666666665f,2.4798741708750266e-17f,1.3681918981470535e-16f,0.5624999999999998f,0f,1.1172134684871113f,-0.20249709325183488f,-0.24470763984818988f,-1.3904843865318904e-16f,-0.20249709325183488f,-1.1172134684871113f,1.7062119047069562f,0f,0f,0f,1f], start_interpolation: 0, interpolation_duration: 1 }
$data merge entity $(bone_body2) { transformation: [-1.5833333333333335f,-1.5977664050509134e-17f,1.932430045381788e-16f,0.4999999999999999f,0f,1.5779488802218085f,0.13046752795690483f,-0.1051696740754775f,-1.9390240986499761e-16f,0.13046752795690483f,-1.5779488802218085f,0.7770501017318157f,0f,0f,0f,1f], start_interpolation: 0, interpolation_duration: 1 }
$data merge entity $(bone_right_leg2) { transformation: [-0.984807753012208f,0.03557352223525055f,0.1699653321204768f,-1.1203115229488563f,0.007012580684045586f,0.9861402169284076f,-0.16576578738854114f,-1.9991534896721987f,-0.1735065224111059f,-0.16205553699942332f,-0.9714079933831268f,0.4748295218094647f,0f,0f,0f,1f], start_interpolation: 0, interpolation_duration: 1 }
$data merge entity $(bone_right_leg1) { transformation: [-1.3130770040162774f,0.15438698669074125f,0.17254337901515582f,-0.625f,0.009350107578727448f,1.0281861144789701f,-0.848836655228014f,-0.6943239616870105f,-0.2313420298814745f,-0.8347309447426572f,-1.0136483082791228f,-0.12247600983412853f,0f,0f,0f,1f], start_interpolation: 0, interpolation_duration: 1 }
$data merge entity $(bone_left_leg2) { transformation: [-0.984807753012208f,-0.03557352223525048f,-0.16996533212047657f,1.120311522948856f,-0.007012580684045586f,0.9861402169284076f,-0.16576578738854114f,-1.9991534896721987f,0.17350652241110567f,-0.16205553699942332f,-0.9714079933831268f,0.47482952180946486f,0f,0f,0f,1f], start_interpolation: 0, interpolation_duration: 1 }
$data merge entity $(bone_left_leg1) { transformation: [-1.3130770040162774f,-0.15438698669074102f,-0.1725433790151556f,0.625f,-0.009350107578727448f,1.0281861144789701f,-0.848836655228014f,-0.6943239616870105f,0.23134202988147423f,-0.8347309447426572f,-1.0136483082791228f,-0.12247600983412837f,0f,0f,0f,1f], start_interpolation: 0, interpolation_duration: 1 }
$data merge entity $(bone_tail3) { transformation: [-1f,-4.945594364342399e-18f,1.223647781144638e-16f,4.579669976578771e-16f,0f,0.9991842398939754f,0.040383842653944915f,0.016632593039772603f,-1.2246467991473532e-16f,0.040383842653944915f,-0.9991842398939754f,-3.7842519829503187f,0f,0f,0f,1f], start_interpolation: 0, interpolation_duration: 1 }
$data merge entity $(bone_tail2) { transformation: [-1.5416666666666665f,-7.624457978361199e-18f,1.8864569959313168e-16f,-0.12499999999999976f,0f,1.540409036503212f,0.062258424091498406f,-0.2464341569164945f,-1.8879971486855027e-16f,0.062258424091498406f,-1.540409036503212f,-1.9183535036467294f,0f,0f,0f,1f], start_interpolation: 0, interpolation_duration: 1 }
$data merge entity $(bone_tail1) { transformation: [-1f,-4.945594364342399e-18f,1.223647781144638e-16f,1.1102230246251565e-16f,0f,0.9991842398939754f,0.040383842653944915f,-0.289341989736311f,-1.2246467991473532e-16f,0.040383842653944915f,-0.9991842398939754f,-0.8567202487593806f,0f,0f,0f,1f], start_interpolation: 0, interpolation_duration: 1 }
$data merge entity $(bone_body1) { transformation: [-1.3333333333333333f,-6.594125819123199e-18f,1.6315303748595174e-16f,0.5f,0f,1.332245653191967f,0.05384512353859322f,-0.7567729766803839f,-1.6328623988631375e-16f,0.05384512353859322f,-1.332245653191967f,-0.12499999999999994f,0f,0f,0f,1f], start_interpolation: 0, interpolation_duration: 1 }
data modify entity @s data merge value {"locators":{"hitbox_head":{"posx":-4.204111526524549e-16,"posy":0.181978578380103,"posz":3.372036061445607,"roty":0,"rotx":4.726562499999999},"hitbox_neck":{"posx":-2.7755575615628914e-16,"posy":-0.5453578030240958,"posz":2.308486326696053,"roty":0,"rotx":4.726562499999999},"hitbox_right_arm":{"posx":-0.9375000000000006,"posy":-2.3083472854759846,"posz":3.287098969931158,"roty":0,"rotx":-10.2734375},"hitbox_left_arm":{"posx":0.9374999999999996,"posy":-2.3083472854759846,"posz":3.287098969931159,"roty":0,"rotx":-10.2734375},"hitbox_tail1":{"posx":3.191891195797325e-16,"posy":-0.9680584450123889,"posz":-2.6355805505642964,"roty":0,"rotx":2.3144531249999996},"hitbox_tail2":{"posx":5.332882779504624e-16,"posy":-1.2720808103282262,"posz":-4.399296911373982,"roty":0,"rotx":2.3144531249999996}},"cameras":{}}