# This file was generated by Animated Java via MC-Build. It is not recommended to edit this file directly.
$data merge entity $(bone_jaw) { transformation: [-1f,-5.5766170005549384e-18f,1.2233764412251731e-16f,-4.191624696494341e-16f,0f,0.9989626740354325f,0.04553653350858054f,0.3522725652087881f,-1.2246467991473532e-16f,0.04553653350858054f,-0.9989626740354325f,3.390209048957354f,0f,0f,0f,1f], start_interpolation: 0, interpolation_duration: 1 }
$data merge entity $(bone_head) { transformation: [-1.125f,-6.2736941256243056e-18f,1.3762984963783197e-16f,-3.885780586188048e-16f,0f,1.1238330082898615f,0.05122860019715311f,0.3636566985859332f,-1.3777276490407724e-16f,0.05122860019715311f,-1.1238330082898615f,3.140468380448496f,0f,0f,0f,1f], start_interpolation: 0, interpolation_duration: 1 }
$data merge entity $(bone_neck) { transformation: [-1f,-5.5766170005549384e-18f,1.2233764412251731e-16f,0.4999999999999997f,0f,0.9989626740354325f,0.04553653350858054f,-0.6607427091009922f,-1.2246467991473532e-16f,0.04553653350858054f,-0.9989626740354325f,2.28042864094184f,0f,0f,0f,1f], start_interpolation: 0, interpolation_duration: 1 }
$data merge entity $(bone_right_arm2) { transformation: [-1f,2.6639028538902938e-17f,1.1953225499890014e-16f,-0.8750000000000004f,0f,0.976054933407111f,-0.21752417560271312f,-1.8943690059710991f,-1.2246467991473532e-16f,-0.21752417560271312f,-0.976054933407111f,2.731793484431501f,0f,0f,0f,1f], start_interpolation: 0, interpolation_duration: 1 }
$data merge entity $(bone_right_arm1) { transformation: [-1.1354166666666665f,3.024639698687937e-17f,1.3571891453000117e-16f,-0.5625000000000003f,0f,1.1082290389726572f,-0.24698057438224716f,-0.762844776601131f,-1.3904843865318904e-16f,-0.24698057438224716f,-1.1082290389726572f,1.7752552372355512f,0f,0f,0f,1f], start_interpolation: 0, interpolation_duration: 1 }
$data merge entity $(bone_left_arm2) { transformation: [-1f,2.6639028538902938e-17f,1.1953225499890014e-16f,0.8749999999999997f,0f,0.976054933407111f,-0.21752417560271312f,-1.8943690059710991f,-1.2246467991473532e-16f,-0.21752417560271312f,-0.976054933407111f,2.731793484431501f,0f,0f,0f,1f], start_interpolation: 0, interpolation_duration: 1 }
$data merge entity $(bone_left_arm1) { transformation: [-1.1354166666666665f,3.024639698687937e-17f,1.3571891453000117e-16f,0.5624999999999998f,0f,1.1082290389726572f,-0.24698057438224716f,-0.762844776601131f,-1.3904843865318904e-16f,-0.24698057438224716f,-1.1082290389726572f,1.7752552372355512f,0f,0f,0f,1f], start_interpolation: 0, interpolation_duration: 1 }
$data merge entity $(bone_body2) { transformation: [-1.5833333333333335f,-8.829643584211987e-18f,1.9370126986065242e-16f,0.4999999999999999f,0f,1.5816909005561015f,0.07209951138858586f,-0.6577191093096222f,-1.9390240986499761e-16f,0.07209951138858586f,-1.5816909005561015f,0.8415737636716196f,0f,0f,0f,1f], start_interpolation: 0, interpolation_duration: 1 }
$data merge entity $(bone_right_leg2) { transformation: [-0.9844549647156426f,0.020989188597229716f,0.17437854342995524f,-1.103143569043815f,0.025823970558770004f,0.9993411426751493f,0.025503001809728365f,-2.5467346528527735f,-0.17372836553453969f,0.029609703118355535f,-0.9843483735395413f,0.22708797057352345f,0f,0f,0f,1f], start_interpolation: 0, interpolation_duration: 1 }
$data merge entity $(bone_right_leg1) { transformation: [-1.3126066196208568f,0.14162144995628217f,0.18650738542364842f,-0.625f,0.03443196074502667f,1.1670612883174343f,-0.6438634693534657f,-1.1472751897153597f,-0.23163782071271957f,-0.6290382277738837f,-1.1525765075656935f,-0.11581061270903317f,0f,0f,0f,1f], start_interpolation: 0, interpolation_duration: 1 }
$data merge entity $(bone_left_leg2) { transformation: [-0.9844549647156426f,-0.020989188597229716f,-0.174378543429955f,1.103143569043815f,-0.025823970558770004f,0.9993411426751493f,0.025503001809728365f,-2.5467346528527735f,0.17372836553453946f,0.029609703118355535f,-0.9843483735395413f,0.2270879705735237f,0f,0f,0f,1f], start_interpolation: 0, interpolation_duration: 1 }
$data merge entity $(bone_left_leg1) { transformation: [-1.3126066196208568f,-0.14162144995628204f,-0.1865073854236482f,0.625f,-0.03443196074502667f,1.1670612883174343f,-0.6438634693534657f,-1.1472751897153597f,0.23163782071271927f,-0.6290382277738837f,-1.1525765075656935f,-0.11581061270903302f,0f,0f,0f,1f], start_interpolation: 0, interpolation_duration: 1 }
$data merge entity $(bone_tail3) { transformation: [-1f,-1.8006005971212778e-17f,1.2113373425921958e-16f,4.579669976578771e-16f,0f,0.9891320039668384f,0.14703019665547046f,-0.04871458731696576f,-1.2246467991473532e-16f,0.14703019665547046f,-0.9891320039668384f,-3.6805303917180474f,0f,0f,0f,1f], start_interpolation: 0, interpolation_duration: 1 }
$data merge entity $(bone_tail2) { transformation: [-1.5416666666666665f,-2.77592592056197e-17f,1.8674784031629683e-16f,-0.12499999999999976f,0f,1.5249118394488757f,0.2266715531771836f,-0.509858456789755f,-1.8879971486855027e-16f,0.2266715531771836f,-1.5249118394488757f,-1.8534760461531263f,0f,0f,0f,1f], start_interpolation: 0, interpolation_duration: 1 }
$data merge entity $(bone_tail1) { transformation: [-1f,-1.8006005971212778e-17f,1.2113373425921958e-16f,1.1102230246251565e-16f,0f,0.9891320039668384f,0.14703019665547046f,-0.6660780407361924f,-1.2246467991473532e-16f,0.14703019665547046f,-0.9891320039668384f,-0.8025232919383605f,0f,0f,0f,1f], start_interpolation: 0, interpolation_duration: 1 }
$data merge entity $(bone_body1) { transformation: [-1.3333333333333333f,-2.4008007961617036e-17f,1.6151164567895943e-16f,0.5f,0f,1.3188426719557844f,0.19604026220729392f,-1.209095939963287f,-1.6328623988631375e-16f,0.19604026220729392f,-1.3188426719557844f,-0.12499999999999994f,0f,0f,0f,1f], start_interpolation: 0, interpolation_duration: 1 }
data modify entity @s data merge value {"locators":{"hitbox_head":{"posx":-4.233231867817446e-16,"posy":-0.2749251394076435,"posz":3.4241838826417057,"roty":0,"rotx":2.609953703703704},"hitbox_neck":{"posx":-2.7755575615628914e-16,"posy":-1.041045778552852,"posz":2.3882227751305516,"roty":0,"rotx":2.609953703703704},"hitbox_right_arm":{"posx":-0.9375000000000006,"posy":-2.7616618515768536,"posz":3.4373451267377693,"roty":0,"rotx":-12.563657407407408},"hitbox_left_arm":{"posx":0.9374999999999996,"posy":-2.7616618515768536,"posz":3.4373451267377693,"roty":0,"rotx":-12.563657407407408},"hitbox_tail1":{"posx":3.191891195797325e-16,"posy":-1.1506241995642479,"posz":-2.6437769463719305,"roty":0,"rotx":8.45486111111111},"hitbox_tail2":{"posx":5.497376060159049e-16,"posy":-1.264245856904739,"posz":-4.429894277059699,"roty":0,"rotx":8.45486111111111}},"cameras":{}}