# This file was generated by Animated Java via MC-Build. It is not recommended to edit this file directly.
$data merge entity $(bone_jaw) { transformation: [-1f,-1.8693115309756294e-17f,1.2102960491811386e-16f,-4.1883545984833325e-16f,0f,0.9882817233701946f,0.15264087019025543f,0.08413575367759094f,-1.2246467991473532e-16f,0.15264087019025543f,-0.9882817233701946f,3.463197995136943f,0f,0f,0f,1f], start_interpolation: 0, interpolation_duration: 1 }
$data merge entity $(bone_head) { transformation: [-1.125f,-2.102975472347583e-17f,1.361583055328781e-16f,-3.885780586188048e-16f,0f,1.111816938791469f,0.17172097896403737f,0.12229597122515479f,-1.3777276490407724e-16f,0.17172097896403737f,-1.111816938791469f,3.2161275642943945f,0f,0f,0f,1f], start_interpolation: 0, interpolation_duration: 1 }
$data merge entity $(bone_neck) { transformation: [-1f,-1.8693115309756294e-17f,1.2102960491811386e-16f,0.4999999999999997f,0f,0.9882817233701946f,0.15264087019025543f,-0.8037326528260943f,-1.2246467991473532e-16f,0.15264087019025543f,-0.9882817233701946f,2.2509677394789653f,0f,0f,0f,1f], start_interpolation: 0, interpolation_duration: 1 }
$data merge entity $(bone_right_arm2) { transformation: [-1f,8.414767253136194e-18f,1.2217524102163304e-16f,-0.8750000000000004f,0f,0.9976365520793115f,-0.06871178905619876f,-2.1131060527802004f,-1.2246467991473532e-16f,-0.06871178905619876f,-0.9976365520793115f,2.513806121710874f,0f,0f,0f,1f], start_interpolation: 0, interpolation_duration: 1 }
$data merge entity $(bone_right_arm1) { transformation: [-1.1354166666666665f,9.55426698533172e-18f,1.3871980490997916e-16f,-0.5625000000000003f,0f,1.1327331685067181f,-0.07801651049089234f,-0.8509474331522409f,-1.3904843865318904e-16f,-0.07801651049089234f,-1.1327331685067181f,1.7377467690200863f,0f,0f,0f,1f], start_interpolation: 0, interpolation_duration: 1 }
$data merge entity $(bone_left_arm2) { transformation: [-1f,8.414767253136194e-18f,1.2217524102163304e-16f,0.8749999999999997f,0f,0.9976365520793115f,-0.06871178905619876f,-2.1131060527802004f,-1.2246467991473532e-16f,-0.06871178905619876f,-0.9976365520793115f,2.513806121710874f,0f,0f,0f,1f], start_interpolation: 0, interpolation_duration: 1 }
$data merge entity $(bone_left_arm1) { transformation: [-1.1354166666666665f,9.55426698533172e-18f,1.3871980490997916e-16f,0.5624999999999998f,0f,1.1327331685067181f,-0.07801651049089234f,-0.8509474331522409f,-1.3904843865318904e-16f,-0.07801651049089234f,-1.1327331685067181f,1.7377467690200863f,0f,0f,0f,1f], start_interpolation: 0, interpolation_duration: 1 }
$data merge entity $(bone_body2) { transformation: [-1.5833333333333335f,-2.95974325737808e-17f,1.9163020778701364e-16f,0.4999999999999999f,0f,1.5647793953361415f,0.2416813778012378f,-0.6460790096382393f,-1.9390240986499761e-16f,0.2416813778012378f,-1.5647793953361415f,0.8207727077474198f,0f,0f,0f,1f], start_interpolation: 0, interpolation_duration: 1 }
$data merge entity $(bone_right_leg2) { transformation: [-0.9890673983243705f,0.01633536180024929f,0.1465566017848259f,-1.068439004253122f,0.016335361800249304f,0.9998658446438919f,-0.0012036068342313744f,-2.595935698030866f,-0.1465566017848259f,0.0012036068342315964f,-0.9892015536804785f,0.15692201670980976f,0f,0f,0f,1f], start_interpolation: 0, interpolation_duration: 1 }
$data merge entity $(bone_right_leg1) { transformation: [-1.3187565310991607f,0.10360946567507234f,0.16710496127767233f,-0.625f,0.021780482400332403f,1.203196592383724f,-0.5741265961792583f,-1.1703042115627433f,-0.19540880237976788f,-0.5651201787907579f,-1.1917350214094506f,-0.11807655473682642f,0f,0f,0f,1f], start_interpolation: 0, interpolation_duration: 1 }
$data merge entity $(bone_left_leg2) { transformation: [-0.9890673983243705f,-0.016335361800249283f,-0.14655660178482566f,1.0684390042531218f,-0.016335361800249304f,0.9998658446438919f,-0.0012036068342313744f,-2.595935698030866f,0.14655660178482569f,0.0012036068342315964f,-0.9892015536804786f,0.1569220167098101f,0f,0f,0f,1f], start_interpolation: 0, interpolation_duration: 1 }
$data merge entity $(bone_left_leg1) { transformation: [-1.3187565310991607f,-0.10360946567507219f,-0.16710496127767205f,0.625f,-0.021780482400332403f,1.203196592383724f,-0.5741265961792583f,-1.1703042115627433f,0.19540880237976757f,-0.565120178790758f,-1.1917350214094509f,-0.11807655473682627f,0f,0f,0f,1f], start_interpolation: 0, interpolation_duration: 1 }
$data merge entity $(bone_tail3) { transformation: [-1f,-1.3566040128988055e-17f,1.2171097067165827e-16f,4.579669976578771e-16f,0f,0.9938454969742966f,0.11077512421077866f,-0.20278284898745513f,-1.2246467991473532e-16f,0.11077512421077866f,-0.9938454969742966f,-3.720570817460982f,0f,0f,0f,1f], start_interpolation: 0, interpolation_duration: 1 }
$data merge entity $(bone_tail2) { transformation: [-1.5416666666666665f,-2.091431186552325e-17f,1.876377464521398e-16f,-0.12499999999999976f,0f,1.5321784745020404f,0.1707783164916171f,-0.5968322375653458f,-1.8879971486855027e-16f,0.1707783164916171f,-1.5321784745020404f,-1.877880846423697f,0f,0f,0f,1f], start_interpolation: 0, interpolation_duration: 1 }
$data merge entity $(bone_tail1) { transformation: [-1f,-1.3566040128988055e-17f,1.2171097067165827e-16f,1.1102230246251565e-16f,0f,0.9938454969742966f,0.11077512421077866f,-0.714530807039298f,-1.2246467991473532e-16f,0.11077512421077866f,-0.9938454969742966f,-0.8219200058885068f,0f,0f,0f,1f], start_interpolation: 0, interpolation_duration: 1 }
$data merge entity $(bone_body1) { transformation: [-1.3333333333333333f,-1.8088053505317405e-17f,1.6228129422887768e-16f,0.5f,0f,1.325127329299062f,0.14770016561437155f,-1.2324195551236368f,-1.6328623988631375e-16f,0.14770016561437155f,-1.325127329299062f,-0.12499999999999994f,0f,0f,0f,1f], start_interpolation: 0, interpolation_duration: 1 }
data modify entity @s data merge value {"locators":{"hitbox_head":{"posx":-4.147166130871177e-16,"posy":-0.5430803778156716,"posz":3.4295650589786706,"roty":0,"rotx":8.780000000000003},"hitbox_neck":{"posx":-2.7755575615628914e-16,"posy":-1.1934184078636991,"posz":2.3172626285788938,"roty":0,"rotx":8.780000000000003},"hitbox_right_arm":{"posx":-0.9375000000000006,"posy":-3.0763867103314126,"posz":3.0813361868067286,"roty":0,"rotx":-3.939999999999998},"hitbox_left_arm":{"posx":0.9374999999999996,"posy":-3.0763867103314126,"posz":3.0813361868067286,"roty":0,"rotx":-3.939999999999998},"hitbox_tail1":{"posx":3.191891195797325e-16,"posy":-1.266058462401158,"posz":-2.64423096875161,"roty":0,"rotx":6.359999999999999},"hitbox_tail2":{"posx":5.442348463299817e-16,"posy":-1.4448940563976564,"posz":-4.425001260035671,"roty":0,"rotx":6.359999999999999}},"cameras":{}}