# This file was generated by Animated Java via MC-Build. It is not recommended to edit this file directly.
$data merge entity $(bone_jaw) { transformation: [-1f,-1.7589462262625434e-17f,1.2119492004176684e-16f,-4.188767886292465e-16f,0f,0.9896316237967342f,0.1436288591524667f,1.170438966306534f,-1.2246467991473532e-16f,0.1436288591524667f,-0.9896316237967342f,3.306383461535103f,0f,0f,0f,1f], start_interpolation: 0, interpolation_duration: 1 }
$data merge entity $(bone_head) { transformation: [-1.125f,-1.9788145045453615e-17f,1.363442850469877e-16f,-3.885780586188048e-16f,0f,1.113335576771326f,0.16158246654652503f,1.2063461810946507f,-1.3777276490407724e-16f,0.16158246654652503f,-1.113335576771326f,3.0589755555859193f,0f,0f,0f,1f], start_interpolation: 0, interpolation_duration: 1 }
$data merge entity $(bone_neck) { transformation: [-1f,-1.7589462262625434e-17f,1.2119492004176684e-16f,0.4999999999999997f,0f,0.9896316237967342f,0.1436288591524667f,0.2715610288719999f,-1.2246467991473532e-16f,0.1436288591524667f,-0.9896316237967342f,2.102294198401577f,0f,0f,0f,1f], start_interpolation: 0, interpolation_duration: 1 }
$data merge entity $(bone_right_arm2) { transformation: [-1f,8.817616923286652e-18f,1.221468274594668e-16f,-0.8750000000000004f,0f,0.9974045377370042f,-0.07200130624949017f,-1.0399210522596518f,-1.2246467991473532e-16f,-0.07200130624949017f,-0.9974045377370042f,2.3697421132557976f,0f,0f,0f,1f], start_interpolation: 0, interpolation_duration: 1 }
$data merge entity $(bone_right_arm1) { transformation: [-1.1354166666666665f,1.0011669214981718e-17f,1.3868754367793624e-16f,-0.5625000000000003f,0f,1.1324697355555566f,-0.08175148313744195f,0.2196715054736415f,-1.3904843865318904e-16f,-0.08175148313744195f,-1.1324697355555566f,1.5895247791091514f,0f,0f,0f,1f], start_interpolation: 0, interpolation_duration: 1 }
$data merge entity $(bone_left_arm2) { transformation: [-1f,8.817616923286652e-18f,1.221468274594668e-16f,0.8749999999999997f,0f,0.9974045377370042f,-0.07200130624949017f,-1.0399210522596518f,-1.2246467991473532e-16f,-0.07200130624949017f,-0.9974045377370042f,2.369742113255798f,0f,0f,0f,1f], start_interpolation: 0, interpolation_duration: 1 }
$data merge entity $(bone_left_arm1) { transformation: [-1.1354166666666665f,1.0011669214981718e-17f,1.3868754367793624e-16f,0.5624999999999998f,0f,1.1324697355555566f,-0.08175148313744195f,0.2196715054736415f,-1.3904843865318904e-16f,-0.08175148313744195f,-1.1324697355555566f,1.5895247791091516f,0f,0f,0f,1f], start_interpolation: 0, interpolation_duration: 1 }
$data merge entity $(bone_body2) { transformation: [-1.5833333333333335f,-2.784998191582361e-17f,1.918919567327975e-16f,0.4999999999999999f,0f,1.5669167376781625f,0.22741236032473897f,0.4161755374163749f,-1.9390240986499761e-16f,0.22741236032473897f,-1.5669167376781625f,0.6707219354967424f,0f,0f,0f,1f], start_interpolation: 0, interpolation_duration: 1 }
$data merge entity $(bone_right_leg2) { transformation: [-0.9896316237967342f,0.04083071473027011f,0.13770294810226263f,-1.0986262728419187f,-0.015495415033121015f,0.9227941683391453f,-0.38498157747120376f,-1.5079992392405037f,-0.14279055043801203f,-0.38312370797678463f,-0.9125936023727808f,0.6557081441364045f,0f,0f,0f,1f], start_interpolation: 0, interpolation_duration: 1 }
$data merge entity $(bone_right_leg1) { transformation: [-1.319508831728979f,0.12636719087799625f,0.14389424532137118f,-0.625f,-0.020660553377494686f,0.9020652523021411f,-0.9816461683829809f,-0.2995760377500762f,-0.19038740058401604f,-0.9736977926628243f,-0.8907541883371544f,-0.13174281927242784f,0f,0f,0f,1f], start_interpolation: 0, interpolation_duration: 1 }
$data merge entity $(bone_left_leg2) { transformation: [-0.9896316237967342f,-0.040830714730270015f,-0.13770294810226238f,1.0986262728419183f,0.015495415033121015f,0.9227941683391453f,-0.38498157747120376f,-1.5079992392405037f,0.1427905504380118f,-0.38312370797678463f,-0.9125936023727808f,0.6557081441364047f,0f,0f,0f,1f], start_interpolation: 0, interpolation_duration: 1 }
$data merge entity $(bone_left_leg1) { transformation: [-1.319508831728979f,-0.12636719087799597f,-0.14389424532137096f,0.625f,0.020660553377494686f,0.9020652523021411f,-0.9816461683829809f,-0.2995760377500762f,0.19038740058401574f,-0.9736977926628243f,-0.8907541883371544f,-0.13174281927242767f,0f,0f,0f,1f], start_interpolation: 0, interpolation_duration: 1 }
$data merge entity $(bone_tail3) { transformation: [-1f,1.3212115262732375e-17f,1.2174989871413796e-16f,4.579669976578771e-16f,0f,0.99416336856394f,-0.10788510835884407f,-0.13818548000609737f,-1.2246467991473532e-16f,-0.10788510835884407f,-0.99416336856394f,-3.8584056143038064f,0f,0f,0f,1f], start_interpolation: 0, interpolation_duration: 1 }
$data merge entity $(bone_tail2) { transformation: [-1.5416666666666665f,2.036867769671241e-17f,1.8769776051762933e-16f,-0.12499999999999976f,0f,1.532668526536074f,-0.16632287538655127f,-0.1223065334390035f,-1.8879971486855027e-16f,-0.16632287538655127f,-1.532668526536074f,-1.9741208404291357f,0f,0f,0f,1f], start_interpolation: 0, interpolation_duration: 1 }
$data merge entity $(bone_tail1) { transformation: [-1f,1.3212115262732375e-17f,1.2174989871413796e-16f,1.1102230246251565e-16f,0f,0.99416336856394f,-0.10788510835884407f,-0.007678605807731664f,-1.2246467991473532e-16f,-0.10788510835884407f,-0.99416336856394f,-0.9178222613299494f,0f,0f,0f,1f], start_interpolation: 0, interpolation_duration: 1 }
$data merge entity $(bone_body1) { transformation: [-1.3333333333333333f,1.7616153683643165e-17f,1.6233319828551728e-16f,0.5f,0f,1.3255511580852533f,-0.14384681114512543f,-0.3617112482853224f,-1.6328623988631375e-16f,-0.14384681114512543f,-1.3255511580852533f,-0.12499999999999994f,0f,0f,0f,1f], start_interpolation: 0, interpolation_duration: 1 }
data modify entity @s data merge value {"locators":{"hitbox_head":{"posx":-4.1545805721771604e-16,"posy":0.542942397736546,"posz":3.278467401052107,"roty":0,"rotx":8.25788751714678},"hitbox_neck":{"posx":-2.7755575615628914e-16,"posy":-0.11750443744583372,"posz":2.1721373291939936,"roty":0,"rotx":8.25788751714678},"hitbox_right_arm":{"posx":-0.9375000000000006,"posy":-2.001324936871911,"posz":2.94044568837379,"roty":0,"rotx":-4.128943758573382},"hitbox_left_arm":{"posx":0.9374999999999996,"posy":-2.001324936871911,"posz":2.9404456883737904,"roty":0,"rotx":-4.128943758573382},"hitbox_tail1":{"posx":3.191891195797325e-16,"posy":-0.9421000718586638,"posz":-2.5766943250477112,"roty":0,"rotx":-6.193415637860081},"hitbox_tail2":{"posx":5.091104144022434e-16,"posy":-1.5037102746981184,"posz":-4.27602330440004,"roty":0,"rotx":-6.193415637860081}},"cameras":{}}