# This file was generated by Animated Java via MC-Build. It is not recommended to edit this file directly.
$data merge entity $(bone_left_arm2) { transformation: [-0.841103577182216f,-0.5404822186707905f,-0.020585037089591068f,0.4902585018154746f,-0.537115346713134f,0.830174225306683f,0.1493916328369117f,-0.7654041379875289f,-0.06365435394778556f,0.13671037611369707f,-0.9885638048635715f,-0.02622079978495104f,0f,0f,0f,1f], start_interpolation: 0, interpolation_duration: 1 }
$data merge entity $(bone_left_arm) { transformation: [-0.841103577182216f,-0.5404822186707905f,-0.020585037089591068f,0.25f,-0.537115346713134f,0.830174225306683f,0.1493916328369117f,-0.625f,-0.06365435394778556f,0.13671037611369707f,-0.9885638048635715f,3.061616997868383e-17f,0f,0f,0f,1f], start_interpolation: 0, interpolation_duration: 1 }
$data merge entity $(item_display_weapon) { transformation: [0.17522118324359384f,0.5112611735390815f,-0.8413736086746221f,-0.008506468060438477f,-0.9781968314832821f,-0.006363798807750232f,-0.20758241963326762f,-0.6983970457193478f,-0.11148316383554246f,0.8594018352878795f,0.49899898765933576f,0.6271562785391117f,0f,0f,0f,1f], start_interpolation: 0, interpolation_duration: 1 }
$data merge entity $(bone_right_arm2) { transformation: [-0.8413736086746221f,-0.48541632964595277f,-0.23761615588780088f,-0.23381761867283957f,-0.2075824196332677f,0.6961894981680903f,-0.6871897275859561f,-0.824995176996181f,0.4989989876593358f,-0.5288583643599809f,-0.686519366632467f,0.1945894645474122f,0f,0f,0f,1f], start_interpolation: 0, interpolation_duration: 1 }
$data merge entity $(bone_right_arm) { transformation: [-0.8413736086746221f,-0.48541632964595277f,-0.23761615588780088f,-0.25f,-0.2075824196332677f,0.6961894981680903f,-0.6871897275859561f,-0.625f,0.4989989876593358f,-0.5288583643599809f,-0.686519366632467f,-3.061616997868383e-17f,0f,0f,0f,1f], start_interpolation: 0, interpolation_duration: 1 }