# This file was generated by Animated Java via MC-Build. It is not recommended to edit this file directly.
$data merge entity $(bone_left_arm2) { transformation: [-0.9999860128254646f,-0.00013137515736518946f,-0.005287427918922703f,0.3750310953925244f,-0.00007103949207361564f,0.9999349044273916f,-0.011409726603808696f,-0.8749748461703387f,0.005288582685402764f,-0.01140919139777755f,-0.9999209274961839f,0.002191225013769073f,0f,0f,0f,1f], start_interpolation: 0, interpolation_duration: 1 }
$data merge entity $(bone_left_arm) { transformation: [-0.9999860128254646f,-0.00013137515736518946f,-0.005287427918922703f,0.25f,-0.00007103949207361564f,0.9999349044273916f,-0.011409726603808696f,-0.625f,0.005288582685402764f,-0.01140919139777755f,-0.9999209274961839f,3.061616997868383e-17f,0f,0f,0f,1f], start_interpolation: 0, interpolation_duration: 1 }
$data merge entity $(item_display_weapon) { transformation: [-0.014467870122811179f,0.024658730003123474f,-0.999591230338053f,-0.35924171635871377f,-0.6330892379622235f,-0.7740151130745974f,-0.009930836245231476f,-1.167324587105536f,-0.7739436009881604f,0.6326867722394325f,0.026809526715849775f,0.38856343063625026f,0f,0f,0f,1f], start_interpolation: 0, interpolation_duration: 1 }
$data merge entity $(bone_right_arm2) { transformation: [-0.999591230338053f,-0.007206026127490906f,-0.02766668427382266f,-0.37314739726038393f,-0.009930836245231587f,0.9949730284552322f,0.09964964193660816f,-0.874984611644462f,0.026809526715849765f,0.09988366149713246f,-0.9946378755321951f,-0.021619724534801925f,0f,0f,0f,1f], start_interpolation: 0, interpolation_duration: 1 }
$data merge entity $(bone_right_arm) { transformation: [-0.999591230338053f,-0.007206026127490906f,-0.02766668427382266f,-0.25f,-0.009930836245231587f,0.9949730284552322f,0.09964964193660816f,-0.625f,0.026809526715849765f,0.09988366149713246f,-0.9946378755321951f,-3.061616997868383e-17f,0f,0f,0f,1f], start_interpolation: 0, interpolation_duration: 1 }