# This file was generated by Animated Java via MC-Build. It is not recommended to edit this file directly.
$data merge entity $(bone_left_arm2) { transformation: [-0.7947430436962395f,-0.6057812376659197f,-0.037584392882998474f,0.5007881898785098f,-0.6024930415877023f,0.7799109080052058f,0.16953203358921418f,-0.7446660968028387f,-0.07338684715149073f,0.15737873956301013f,-0.9848077492580579f,-0.030171328996816158f,0f,0f,0f,1f], start_interpolation: 0, interpolation_duration: 1 }
$data merge entity $(bone_left_arm) { transformation: [-0.7947430436962395f,-0.6057812376659197f,-0.037584392882998474f,0.25f,-0.6024930415877023f,0.7799109080052058f,0.16953203358921418f,-0.625f,-0.07338684715149073f,0.15737873956301013f,-0.9848077492580579f,3.061616997868383e-17f,0f,0f,0f,1f], start_interpolation: 0, interpolation_duration: 1 }
$data merge entity $(item_display_weapon) { transformation: [0.3535533262227106f,0.3535534811459305f,-0.8660253930956365f,-0.10825311695326062f,-0.9185586867279762f,0.3061861709776577f,-0.24999993547722438f,-0.49387026126249556f,0.17677665160714334f,0.8838834564984429f,0.4330127605220566f,0.6478765798862989f,0f,0f,0f,1f], start_interpolation: 0, interpolation_duration: 1 }
$data merge entity $(bone_right_arm2) { transformation: [-0.8660253930956364f,-0.500000018513536f,-1.0954725925809906e-7f,-0.23325316950857056f,-0.24999993547722443f,0.4330127584993161f,-0.866025394107007f,-0.764503181559482f,0.43301276052205667f,-0.7499999549755165f,-0.5000000167617911f,0.24162658380913618f,0f,0f,0f,1f], start_interpolation: 0, interpolation_duration: 1 }
$data merge entity $(bone_right_arm) { transformation: [-0.8660253930956364f,-0.500000018513536f,-1.0954725925809906e-7f,-0.25f,-0.24999993547722443f,0.4330127584993161f,-0.866025394107007f,-0.625f,0.43301276052205667f,-0.7499999549755165f,-0.5000000167617911f,-3.061616997868383e-17f,0f,0f,0f,1f], start_interpolation: 0, interpolation_duration: 1 }