# This file was generated by Animated Java via MC-Build. It is not recommended to edit this file directly.
$data merge entity $(bone_jaw) { transformation: [-0.9996159360753185f,0f,0.027712458286207477f,-0.06908911375317803f,0f,1f,0f,0.625f,-0.027712458286207477f,0f,-0.9996159360753185f,3.235183611045193f,0f,0f,0f,1f], start_interpolation: 0, interpolation_duration: 1 }
$data merge entity $(bone_head) { transformation: [-1.1245679280847334f,0f,0.03117651557198341f,-0.06216099918162615f,0f,1.125f,0f,0.625f,-0.03117651557198341f,0f,-1.1245679280847334f,2.985279627026363f,0f,0f,0f,1f], start_interpolation: 0, interpolation_duration: 1 }
$data merge entity $(bone_neck) { transformation: [-0.9996159360753185f,0f,0.027712458286207477f,0.46016334121357666f,0f,1f,0f,-0.4375f,-0.027712458286207477f,0f,-0.9996159360753185f,2.1869479081082703f,0f,0f,0f,1f], start_interpolation: 0, interpolation_duration: 1 }
$data merge entity $(bone_right_arm2) { transformation: [-0.9996159360753185f,0.0002608696852115963f,0.027711230417867178f,-0.9198462041210065f,0f,0.999955692550707f,-0.009413444398089773f,-1.8684701034491162f,-0.027712458286207477f,-0.009409829033689471f,-0.9995716456429184f,2.3485912169132996f,0f,0f,0f,1f], start_interpolation: 0, interpolation_duration: 1 }
$data merge entity $(bone_right_arm1) { transformation: [-1.1349805940855178f,0.00029619578841733323f,0.03146379287028669f,-0.5880723617233455f,0f,1.1353663592502818f,-0.010688181660331095f,-0.5625f,-0.031465187012464736f,-0.010684076715334919f,-1.1349303059903968f,1.6576954531415158f,0f,0f,0f,1f], start_interpolation: 0, interpolation_duration: 1 }
$data merge entity $(bone_left_arm2) { transformation: [-0.9996159360753185f,0.0002608696852115963f,0.027711230417867178f,0.8294816840108008f,0f,0.999955692550707f,-0.009413444398089773f,-1.8684701034491162f,-0.027712458286207477f,-0.009409829033689471f,-0.9995716456429184f,2.397088018914163f,0f,0f,0f,1f], start_interpolation: 0, interpolation_duration: 1 }
$data merge entity $(bone_left_arm1) { transformation: [-1.1349805940855178f,0.00029619578841733323f,0.03146379287028669f,0.5364955663613877f,0f,1.1353663592502818f,-0.010688181660331095f,-0.5625f,-0.031465187012464736f,-0.010684076715334919f,-1.1349303059903968f,1.688871968713499f,0f,0f,0f,1f], start_interpolation: 0, interpolation_duration: 1 }
$data merge entity $(bone_body2) { transformation: [-1.5827252321192544f,0f,0.043878058953161846f,0.4999999999999999f,0f,1.5833333333333335f,0f,-0.5f,-0.043878058953161846f,0f,-1.5827252321192544f,0.75f,0f,0f,0f,1f], start_interpolation: 0, interpolation_duration: 1 }
$data merge entity $(bone_right_leg2) { transformation: [-1f,5.816494188518105e-18f,1.2232647392111616e-16f,-1f,0f,0.9988714624190796f,-0.04749527939457952f,-2.575720002038233f,-1.2246467991473532e-16f,-0.04749527939457952f,-0.9988714624190796f,-0.36887286787625445f,0f,0f,0f,1f], start_interpolation: 0, interpolation_duration: 1 }
$data merge entity $(bone_right_leg1) { transformation: [-1.3333333333333333f,7.755325584690806e-18f,1.6310196522815486e-16f,-0.625f,0f,1.3318286165587727f,-0.06332703919277269f,-1.125f,-1.6328623988631375e-16f,-0.06332703919277269f,-1.3318286165587727f,-0.12500000000000008f,0f,0f,0f,1f], start_interpolation: 0, interpolation_duration: 1 }
$data merge entity $(bone_left_leg2) { transformation: [-1f,-5.816494188518105e-18f,1.2232647392111616e-16f,1f,0f,0.9988714624190796f,0.04749527939457952f,-2.546035452416621f,-1.2246467991473532e-16f,0.04749527939457952f,-0.9988714624190796f,-0.5054217961356703f,0f,0f,0f,1f], start_interpolation: 0, interpolation_duration: 1 }
$data merge entity $(bone_left_leg1) { transformation: [-1.3333333333333333f,-7.755325584690806e-18f,1.6310196522815486e-16f,0.625f,0f,1.3318286165587727f,0.06332703919277269f,-1.125f,-1.6328623988631375e-16f,0.06332703919277269f,-1.3318286165587727f,-0.12499999999999993f,0f,0f,0f,1f], start_interpolation: 0, interpolation_duration: 1 }
data modify entity @s data merge value {"locators":{"hitbox_head":{"posx":-0.07082114239606599,"posy":0,"posz":3.2976596070499,"roty":1.5880102040816269,"rotx":0},"hitbox_neck":{"posx":-0.04310868410985852,"posy":-0.8125,"posz":2.2980436709745815,"roty":1.5880102040816269,"rotx":0},"hitbox_right_arm":{"posx":-0.9964386850198591,"posy":-2.8637190738007785,"posz":2.8560548401255605,"roty":1.5880102040816269,"rotx":-0.5393586005830904},"hitbox_left_arm":{"posx":0.877841195121363,"posy":-2.8637190738007785,"posz":2.9080156994121995,"roty":1.5880102040816269,"rotx":-0.5393586005830904},"hitbox_tail1":{"posx":3.191891195797325e-16,"posy":-1.5,"posz":-2.625,"roty":0,"rotx":0},"hitbox_tail2":{"posx":5.268533801099157e-16,"posy":-1.875,"posz":-4.375,"roty":0,"rotx":0}},"cameras":{}}