# This file was generated by Animated Java via MC-Build. It is not recommended to edit this file directly.
$data merge entity $(bone_jaw) { transformation: [-0.852651795928897f,0f,0.5224795832367295f,-1.2325248560562725f,0f,1f,0f,0.625f,-0.5224795832367295f,0f,-0.852651795928897f,2.6203896982038777f,0f,0f,0f,1f], start_interpolation: 0, interpolation_duration: 1 }
$data merge entity $(bone_head) { transformation: [-0.959233270420009f,0f,0.5877895311413207f,-1.10190496024709f,0f,1.125f,0f,0.625f,-0.5877895311413207f,0f,-0.959233270420009f,2.4072267492216533f,0f,0f,0f,1f], start_interpolation: 0, interpolation_duration: 1 }
$data merge entity $(bone_neck) { transformation: [-0.852651795928897f,0f,0.5224795832367295f,-0.2510644009027988f,0f,1f,0f,-0.4375f,-0.5224795832367295f,0f,-0.852651795928897f,1.9756869566477893f,0f,0f,0f,1f], start_interpolation: 0, interpolation_duration: 1 }
$data merge entity $(bone_right_arm2) { transformation: [-0.852651795928897f,-0.024317378118245993f,0.5219133836382056f,-1.4891197211577358f,0f,0.9989163220598664f,0.046542255235317145f,-1.9055754731778551f,-0.5224795832367295f,0.03968433751297427f,-0.8517277959870335f,1.3644287984881447f,0f,0f,0f,1f], start_interpolation: 0, interpolation_duration: 1 }
$data merge entity $(bone_right_arm1) { transformation: [-0.9681150599609349f,-0.027610356405091803f,0.5925891543392126f,-0.895767142458887f,0f,1.1341862406721397f,0.052844852298433005f,-0.5625f,-0.5932320268000365f,0.045058258217856195f,-0.9670659350269442f,0.9942265014943158f,0f,0f,0f,1f], start_interpolation: 0, interpolation_duration: 1 }
$data merge entity $(bone_left_arm2) { transformation: [-0.852651795928897f,-0.024317378118245993f,0.5219133836382056f,0.003020921717833913f,0f,0.9989163220598664f,0.046542255235317145f,-1.9055754731778551f,-0.5224795832367295f,0.03968433751297427f,-0.8517277959870335f,2.278768069152421f,0f,0f,0f,1f], start_interpolation: 0, interpolation_duration: 1 }
$data merge entity $(bone_left_arm1) { transformation: [-0.9681150599609349f,-0.027610356405091803f,0.5925891543392126f,0.06346612796112205f,0f,1.1341862406721397f,0.052844852298433005f,-0.5625f,-0.5932320268000365f,0.045058258217856195f,-0.9670659350269442f,1.5820160326356363f,0f,0f,0f,1f], start_interpolation: 0, interpolation_duration: 1 }
$data merge entity $(bone_body2) { transformation: [-1.3500320102207537f,0f,0.8272593401248218f,0.4999999999999999f,0f,1.5833333333333335f,0f,-0.5f,-0.8272593401248218f,0f,-1.3500320102207537f,0.75f,0f,0f,0f,1f], start_interpolation: 0, interpolation_duration: 1 }
$data merge entity $(bone_right_leg2) { transformation: [-1f,9.907326009222398e-17f,7.198671378328862e-17f,-1.0000000000000002f,0f,0.5878161265224273f,-0.8089945620337443f,-2.2227964825115345f,-1.2246467991473532e-16f,-0.8089945620337443f,-0.5878161265224273f,0.8542371433852488f,0f,0f,0f,1f], start_interpolation: 0, interpolation_duration: 1 }
$data merge entity $(bone_right_leg1) { transformation: [-1.3333333333333333f,1.320976801229653e-16f,9.598228504438483e-17f,-0.625f,0f,0.7837548353632364f,-1.0786594160449923f,-1.125f,-1.6328623988631375e-16f,-1.0786594160449923f,-0.7837548353632364f,-0.12500000000000008f,0f,0f,0f,1f], start_interpolation: 0, interpolation_duration: 1 }
$data merge entity $(bone_left_leg2) { transformation: [-1f,-9.907326009222398e-17f,7.198671378328862e-17f,1.0000000000000002f,0f,0.5878161265224273f,0.8089945620337443f,-1.7171748812404442f,-1.2246467991473532e-16f,0.8089945620337443f,-0.5878161265224273f,-1.4716222224617659f,0f,0f,0f,1f], start_interpolation: 0, interpolation_duration: 1 }
$data merge entity $(bone_left_leg1) { transformation: [-1.3333333333333333f,-1.320976801229653e-16f,9.598228504438483e-17f,0.625f,0f,0.7837548353632364f,1.0786594160449923f,-1.125f,-1.6328623988631375e-16f,1.0786594160449923f,-0.7837548353632364f,-0.12499999999999993f,0f,0f,0f,1f], start_interpolation: 0, interpolation_duration: 1 }
data modify entity @s data merge value {"locators":{"hitbox_head":{"posx":-1.265179830008568,"posy":0,"posz":2.6736804354494335,"roty":31.498724489795933,"rotx":0},"hitbox_neck":{"posx":-0.7427002467718384,"posy":-0.8125,"posz":1.8210286395205366,"roty":31.498724489795933,"rotx":0},"hitbox_right_arm":{"posx":-1.7790497721041487,"posy":-2.92776292285538,"posz":1.7179533850163917,"roty":31.498724489795933,"rotx":2.6676384839650154},"hitbox_left_arm":{"posx":-0.18032765473746684,"posy":-2.92776292285538,"posz":2.697602603585259,"roty":31.498724489795933,"rotx":2.6676384839650154},"hitbox_tail1":{"posx":3.191891195797325e-16,"posy":-1.5,"posz":-2.625,"roty":0,"rotx":0},"hitbox_tail2":{"posx":5.268533801099157e-16,"posy":-1.875,"posz":-4.375,"roty":0,"rotx":0}},"cameras":{}}