# This file was generated by Animated Java via MC-Build. It is not recommended to edit this file directly.
$data merge entity $(bone_jaw) { transformation: [-0.8970203840109192f,0f,0.44198917483226124f,-1.0534831290861129f,0f,1f,0f,0.625f,-0.44198917483226124f,0f,-0.8970203840109192f,2.771556372611167f,0f,0f,0f,1f], start_interpolation: 0, interpolation_duration: 1 }
$data merge entity $(bone_head) { transformation: [-1.009147932012284f,0f,0.4972378216862939f,-0.9429858353780476f,0f,1.125f,0f,0.625f,-0.4972378216862939f,0f,-1.009147932012284f,2.5473012766084375f,0f,0f,0f,1f], start_interpolation: 0, interpolation_duration: 1 }
$data merge entity $(bone_neck) { transformation: [-0.8970203840109192f,0f,0.44198917483226124f,-0.1353594388213757f,0f,1f,0f,-0.4375f,-0.44198917483226124f,0f,-0.8970203840109192f,2.0394668020156965f,0f,0f,0f,1f], start_interpolation: 0, interpolation_duration: 1 }
$data merge entity $(bone_right_arm2) { transformation: [-0.8970203840109192f,-0.033142028296892286f,0.4407448656867953f,-1.4072810624402594f,0f,0.9971847519886925f,0.07498380092559953f,-1.9228563501215086f,-0.44198917483226124f,0.06726199790087961f,-0.8944950491587301f,1.5099054686676f,0f,0f,0f,1f], start_interpolation: 0, interpolation_duration: 1 }
$data merge entity $(bone_right_arm1) { transformation: [-1.018491894345731f,-0.037630011295429776f,0.5004290662485488f,-0.8674490094168467f,0f,1.1322201871538278f,0.08513785730094112f,-0.5625f,-0.5018418755907965f,0.07637039344995705f,-1.0156245870656413f,1.1213431117509591f,0f,0f,0f,1f], start_interpolation: 0, interpolation_duration: 1 }
$data merge entity $(bone_left_arm2) { transformation: [-0.8970203840109192f,-0.033142028296892286f,0.4407448656867953f,0.16250460957884905f,0f,0.9971847519886925f,0.07498380092559953f,-1.9228563501215086f,-0.44198917483226124f,0.06726199790087961f,-0.8944950491587301f,2.2833865246240572f,0f,0f,0f,1f], start_interpolation: 0, interpolation_duration: 1 }
$data merge entity $(bone_left_arm1) { transformation: [-1.018491894345731f,-0.037630011295429776f,0.5004290662485488f,0.14169892259543743f,0f,1.1322201871538278f,0.08513785730094112f,-0.5625f,-0.5018418755907965f,0.07637039344995705f,-1.0156245870656413f,1.6185809334372532f,0f,0f,0f,1f], start_interpolation: 0, interpolation_duration: 1 }
$data merge entity $(bone_body2) { transformation: [-1.4202822746839556f,0f,0.6998161934844137f,0.4999999999999999f,0f,1.5833333333333335f,0f,-0.5f,-0.6998161934844137f,0f,-1.4202822746839556f,0.75f,0f,0f,0f,1f], start_interpolation: 0, interpolation_duration: 1 }
$data merge entity $(bone_right_leg2) { transformation: [-1f,8.654601998757053e-17f,8.66451628824692e-17f,-1f,0f,0.7075114469151018f,-0.7067018837417225f,-2.3628920436097474f,-1.2246467991473532e-16f,-0.7067018837417225f,-0.7075114469151018f,0.6697866307177566f,0f,0f,0f,1f], start_interpolation: 0, interpolation_duration: 1 }
$data merge entity $(bone_right_leg1) { transformation: [-1.3333333333333333f,1.153946933167607e-16f,1.1552688384329226e-16f,-0.625f,0f,0.9433485958868024f,-0.9422691783222966f,-1.125f,-1.6328623988631375e-16f,-0.9422691783222966f,-0.9433485958868024f,-0.12500000000000008f,0f,0f,0f,1f], start_interpolation: 0, interpolation_duration: 1 }
$data merge entity $(bone_left_leg2) { transformation: [-1f,-8.654601998757053e-17f,8.66451628824692e-17f,1f,0f,0.7075114469151018f,0.7067018837417225f,-1.9212033662711707f,-1.2246467991473532e-16f,0.7067018837417225f,-0.7075114469151018f,-1.3619812850396953f,0f,0f,0f,1f], start_interpolation: 0, interpolation_duration: 1 }
$data merge entity $(bone_left_leg1) { transformation: [-1.3333333333333333f,-1.153946933167607e-16f,1.1552688384329226e-16f,0.625f,0f,0.9433485958868024f,0.9422691783222966f,-1.125f,-1.6328623988631375e-16f,0.9422691783222966f,-0.9433485958868024f,-0.12499999999999993f,0f,0f,0f,1f], start_interpolation: 0, interpolation_duration: 1 }
data modify entity @s data merge value {"locators":{"hitbox_head":{"posx":-1.0811074525131292,"posy":0,"posz":2.82762014661185,"roty":26.230867346938766,"rotx":0},"hitbox_neck":{"posx":-0.6391182776808679,"posy":-0.8125,"posz":1.9305997626009308,"roty":26.230867346938766,"rotx":0},"hitbox_right_arm":{"posx":-1.6505752409874472,"posy":-2.957533002573001,"posz":1.862266671919069,"roty":26.230867346938766,"rotx":4.300291545189503},"hitbox_left_arm":{"posx":0.03133797903302615,"posy":-2.957533002573001,"posz":2.690996374729559,"roty":26.230867346938766,"rotx":4.300291545189503},"hitbox_tail1":{"posx":3.191891195797325e-16,"posy":-1.5,"posz":-2.625,"roty":0,"rotx":0},"hitbox_tail2":{"posx":5.268533801099157e-16,"posy":-1.875,"posz":-4.375,"roty":0,"rotx":0}},"cameras":{}}