# This file was generated by Animated Java via MC-Build. It is not recommended to edit this file directly.
$data merge entity $(bone_jaw) { transformation: [-0.9863149800196149f,0f,0.16487195088585166f,-0.4053373672244368f,0f,1f,0f,0.625f,-0.16487195088585166f,0f,-0.9863149800196149f,3.133351474606111f,0f,0f,0f,1f], start_interpolation: 0, interpolation_duration: 1 }
$data merge entity $(bone_head) { transformation: [-1.1096043525220667f,0f,0.1854809447465831f,-0.3641193795029739f,0f,1.125f,0f,0.625f,-0.1854809447465831f,0f,-1.1096043525220667f,2.8867727296012076f,0f,0f,0f,1f], start_interpolation: 0, interpolation_duration: 1 }
$data merge entity $(bone_neck) { transformation: [-0.9863149800196149f,0f,0.16487195088585166f,0.2629965706015881f,0f,1f,0f,-0.4375f,-0.16487195088585166f,0f,-0.9863149800196149f,2.1678277837781965f,0f,0f,0f,1f], start_interpolation: 0, interpolation_duration: 1 }
$data merge entity $(bone_right_arm2) { transformation: [-0.9863149800196149f,0.009474779984696632f,0.16459947974750186f,-1.1363483425387784f,0f,0.9983473772410296f,-0.05746750695790852f,-1.8333220215952895f,-0.16487195088585166f,-0.05668106297696662f,-0.984684973436121f,2.199336175694945f,0f,0f,0f,1f], start_interpolation: 0, interpolation_duration: 1 }
$data merge entity $(bone_right_arm1) { transformation: [-1.119878466897271f,0.0107578231076243f,0.18688899262997605f,-0.7025271202263269f,0f,1.1335402512424189f,-0.06524956519179195f,-0.5625f,-0.18719836090164405f,-0.06435662358843085f,-1.1180277302555957f,1.4994938459521716f,0f,0f,0f,1f], start_interpolation: 0, interpolation_duration: 1 }
$data merge entity $(bone_left_arm2) { transformation: [-0.9863149800196149f,0.009474779984696632f,0.16459947974750186f,0.5897028724955478f,0f,0.9983473772410296f,-0.05746750695790852f,-1.8333220215952895f,-0.16487195088585166f,-0.05668106297696662f,-0.984684973436121f,2.4878620897451853f,0f,0f,0f,1f], start_interpolation: 0, interpolation_duration: 1 }
$data merge entity $(bone_left_arm1) { transformation: [-1.119878466897271f,0.0107578231076243f,0.18688899262997605f,0.4070772322957399f,0f,1.1335402512424189f,-0.06524956519179195f,-0.5625f,-0.18719836090164405f,-0.06435662358843085f,-1.1180277302555957f,1.6849747906987549f,0f,0f,0f,1f], start_interpolation: 0, interpolation_duration: 1 }
$data merge entity $(bone_body2) { transformation: [-1.5616653850310571f,0f,0.26104725556926517f,0.4999999999999999f,0f,1.5833333333333335f,0f,-0.5f,-0.26104725556926517f,0f,-1.5616653850310571f,0.75f,0f,0f,0f,1f], start_interpolation: 0, interpolation_duration: 1 }
$data merge entity $(bone_right_leg2) { transformation: [-1f,3.430655997133382e-17f,1.1756129367079903e-16f,-1f,0f,0.9599608128045555f,-0.28013432113830194f,-2.592485643762268f,-1.2246467991473532e-16f,-0.28013432113830194f,-0.9599608128045555f,-0.02229466736511468f,0f,0f,0f,1f], start_interpolation: 0, interpolation_duration: 1 }
$data merge entity $(bone_right_leg1) { transformation: [-1.3333333333333333f,4.574207996177842e-17f,1.5674839156106536e-16f,-0.625f,0f,1.279947750406074f,-0.37351242818440256f,-1.125f,-1.6328623988631375e-16f,-0.37351242818440256f,-1.279947750406074f,-0.12500000000000008f,0f,0f,0f,1f], start_interpolation: 0, interpolation_duration: 1 }
$data merge entity $(bone_left_leg2) { transformation: [-1f,-3.430655997133382e-17f,1.1756129367079903e-16f,1f,0f,0.9599608128045555f,0.28013432113830194f,-2.417401693050829f,-1.2246467991473532e-16f,0.28013432113830194f,-0.9599608128045555f,-0.8276808406377324f,0f,0f,0f,1f], start_interpolation: 0, interpolation_duration: 1 }
$data merge entity $(bone_left_leg1) { transformation: [-1.3333333333333333f,-4.574207996177842e-17f,1.5674839156106536e-16f,0.625f,0f,1.279947750406074f,0.37351242818440256f,-1.125f,-1.6328623988631375e-16f,0.37351242818440256f,-1.279947750406074f,-0.12499999999999993f,0f,0f,0f,1f], start_interpolation: 0, interpolation_duration: 1 }
data modify entity @s data merge value {"locators":{"hitbox_head":{"posx":-0.41564186415480253,"posy":0,"posz":3.1949961608573374,"roty":9.48979591836735,"rotx":0},"hitbox_neck":{"posx":-0.2507699132689508,"posy":-0.8125,"posz":2.2086811808377225,"roty":9.48979591836735,"rotx":0},"hitbox_right_arm":{"posx":-1.289767548648452,"posy":-2.8029356453573646,"posz":2.7380552284596065,"roty":9.48979591836735,"rotx":-3.294460641399418},"hitbox_left_arm":{"posx":0.5595730388883261,"posy":-2.8029356453573646,"posz":3.0471901363705785,"roty":9.48979591836735,"rotx":-3.294460641399418},"hitbox_tail1":{"posx":3.191891195797325e-16,"posy":-1.5,"posz":-2.625,"roty":0,"rotx":0},"hitbox_tail2":{"posx":5.268533801099157e-16,"posy":-1.875,"posz":-4.375,"roty":0,"rotx":0}},"cameras":{}}