# This file was generated by Animated Java via MC-Build. It is not recommended to edit this file directly.
$data merge entity $(bone_left_arm2) { transformation: [-0.8191520442889917f,0.3164110726028253f,0.4784077355891053f,0.22807924845766556f,0f,0.8340784336131711f,-0.5516458706284303f,-0.8335196084032928f,-0.5735764363510462f,-0.45188184264885933f,-0.6832370539915892f,0.3280616242938571f,0f,0f,0f,1f], start_interpolation: 0, interpolation_duration: 1 }
$data merge entity $(bone_left_arm) { transformation: [-0.8191520442889917f,0.3164110726028253f,0.4784077355891053f,0.20478801107224792f,0f,0.8340784336131711f,-0.5516458706284303f,-0.625f,-0.5735764363510462f,-0.45188184264885933f,-0.6832370539915892f,0.14339410908776154f,0f,0f,0f,1f], start_interpolation: 0, interpolation_duration: 1 }
$data merge entity $(item_display_weapon) { transformation: [0.5620217690871238f,-0.11454893892719042f,-0.8191520442889917f,-0.3582798646271928f,-0.19970998051440708f,-0.9798550523842469f,9.260130813406277e-17f,-1.2833842852065238f,-0.802650269267453f,0.16359283880329117f,-0.5735764363510462f,-0.14211587383475166f,0f,0f,0f,1f], start_interpolation: 0, interpolation_duration: 1 }
$data merge entity $(bone_right_arm2) { transformation: [-0.8191520442889917f,-0.3164110726028253f,0.4784077355891053f,-0.22807924845766556f,0f,0.8340784336131711f,0.5516458706284303f,-0.8335196084032928f,-0.5735764363510462f,0.45188184264885933f,-0.6832370539915892f,-0.3280616242938571f,0f,0f,0f,1f], start_interpolation: 0, interpolation_duration: 1 }
$data merge entity $(bone_right_arm) { transformation: [-0.8191520442889917f,-0.3164110726028253f,0.4784077355891053f,-0.20478801107224792f,0f,0.8340784336131711f,0.5516458706284303f,-0.625f,-0.5735764363510462f,0.45188184264885933f,-0.6832370539915892f,-0.14339410908776154f,0f,0f,0f,1f], start_interpolation: 0, interpolation_duration: 1 }
$data merge entity $(bone_right_leg) { transformation: [-0.8191520442889917f,0.4030234656793942f,0.4081200980703301f,-0.12031826917209415f,0f,0.7115356772092852f,-0.7026499697988493f,-1.25f,-0.5735764363510462f,-0.5755771591803257f,-0.5828559045705382f,-0.04609855315984978f,0f,0f,0f,1f], start_interpolation: 0, interpolation_duration: 1 }
$data merge entity $(bone_left_leg) { transformation: [-0.8191520442889917f,-0.4030234656793942f,0.4081200980703301f,0.08446974190015377f,0f,0.7115356772092852f,0.7026499697988493f,-1.25f,-0.5735764363510462f,0.5755771591803257f,-0.5828559045705382f,0.09729555592791175f,0f,0f,0f,1f], start_interpolation: 0, interpolation_duration: 1 }