# This file was generated by Animated Java via MC-Build. It is not recommended to edit this file directly.
$data merge entity $(bone_left_arm2) { transformation: [-0.8191520442889917f,0.4055797876726389f,0.40557978767263886f,0.20578706969021215f,0f,0.7071067811865475f,-0.7071067811865476f,-0.8017766952966369f,-0.5735764363510462f,-0.5792279653395692f,-0.5792279653395691f,0.35989815496653466f,0f,0f,0f,1f], start_interpolation: 0, interpolation_duration: 1 }
$data merge entity $(bone_left_arm) { transformation: [-0.8191520442889917f,0.4055797876726389f,0.40557978767263886f,0.20478801107224792f,0f,0.7071067811865475f,-0.7071067811865476f,-0.625f,-0.5735764363510462f,-0.5792279653395692f,-0.5792279653395691f,0.14339410908776154f,0f,0f,0f,1f], start_interpolation: 0, interpolation_duration: 1 }
$data merge entity $(item_display_weapon) { transformation: [0.573576436351046f,0f,-0.8191520442889917f,-0.2818332798788319f,0f,-1f,7.850462293418875e-17f,-1.2879126073623883f,-0.8191520442889919f,0f,-0.573576436351046f,-0.2512929114653655f,0f,0f,0f,1f], start_interpolation: 0, interpolation_duration: 1 }
$data merge entity $(bone_right_arm2) { transformation: [-0.8191520442889917f,-0.4055797876726389f,0.40557978767263886f,-0.20578706969021215f,0f,0.7071067811865475f,0.7071067811865476f,-0.8017766952966369f,-0.5735764363510462f,0.5792279653395692f,-0.5792279653395691f,-0.35989815496653466f,0f,0f,0f,1f], start_interpolation: 0, interpolation_duration: 1 }
$data merge entity $(bone_right_arm) { transformation: [-0.8191520442889917f,-0.4055797876726389f,0.40557978767263886f,-0.20478801107224792f,0f,0.7071067811865475f,0.7071067811865476f,-0.625f,-0.5735764363510462f,0.5792279653395692f,-0.5792279653395691f,-0.14339410908776154f,0f,0f,0f,1f], start_interpolation: 0, interpolation_duration: 1 }
$data merge entity $(bone_right_leg) { transformation: [-0.8191520442889917f,0.4967317648921541f,0.28678821817552314f,-0.12031826917209415f,0f,0.5000000000000001f,-0.8660254037844386f,-1.25f,-0.5735764363510462f,-0.7094064799162224f,-0.40957602214449595f,-0.04609855315984978f,0f,0f,0f,1f], start_interpolation: 0, interpolation_duration: 1 }
$data merge entity $(bone_left_leg) { transformation: [-0.8191520442889917f,-0.4967317648921541f,0.28678821817552314f,0.08446974190015377f,0f,0.5000000000000001f,0.8660254037844386f,-1.25f,-0.5735764363510462f,0.7094064799162224f,-0.40957602214449595f,0.09729555592791175f,0f,0f,0f,1f], start_interpolation: 0, interpolation_duration: 1 }