# This file was generated by Animated Java via MC-Build. It is not recommended to edit this file directly.
$data merge entity $(bone_left_arm2) { transformation: [-0.8191520442889917f,0.3820087134904433f,0.42785426392001996f,0.21167983823576106f,0f,0.7459411454241823f,-0.6660118674342514f,-0.8114852863560456f,-0.5735764363510462f,-0.545564982729496f,-0.6110392141934909f,0.3514824093140163f,0f,0f,0f,1f], start_interpolation: 0, interpolation_duration: 1 }
$data merge entity $(bone_left_arm) { transformation: [-0.8191520442889917f,0.3820087134904433f,0.42785426392001996f,0.20478801107224792f,0f,0.7459411454241823f,-0.6660118674342514f,-0.625f,-0.5735764363510462f,-0.545564982729496f,-0.6110392141934909f,0.14339410908776154f,0f,0f,0f,1f], start_interpolation: 0, interpolation_duration: 1 }
$data merge entity $(item_display_weapon) { transformation: [0.5726596031588661f,-0.03241769959598351f,-0.8191520442889917f,-0.30336390032815896f,-0.05651853448202482f,-0.9984015501089751f,8.281610346651895e-17f,-1.289350764714576f,-0.8178426707930653f,0.04629727306116849f,-0.573576436351046f,-0.22054399878673805f,0f,0f,0f,1f], start_interpolation: 0, interpolation_duration: 1 }
$data merge entity $(bone_right_arm2) { transformation: [-0.8191520442889917f,-0.3820087134904433f,0.42785426392001996f,-0.21167983823576106f,0f,0.7459411454241823f,0.6660118674342514f,-0.8114852863560456f,-0.5735764363510462f,0.545564982729496f,-0.6110392141934909f,-0.3514824093140163f,0f,0f,0f,1f], start_interpolation: 0, interpolation_duration: 1 }
$data merge entity $(bone_right_arm) { transformation: [-0.8191520442889917f,-0.3820087134904433f,0.42785426392001996f,-0.20478801107224792f,0f,0.7459411454241823f,0.6660118674342514f,-0.625f,-0.5735764363510462f,0.545564982729496f,-0.6110392141934909f,-0.14339410908776154f,0f,0f,0f,1f], start_interpolation: 0, interpolation_duration: 1 }
$data merge entity $(bone_right_leg) { transformation: [-0.8191520442889917f,0.47371766006616417f,0.3233906412971838f,-0.12031826917209415f,0f,0.563814377303427f,-0.8259015364714785f,-1.25f,-0.5735764363510462f,-0.6765389319820309f,-0.4618496997676271f,-0.04609855315984978f,0f,0f,0f,1f], start_interpolation: 0, interpolation_duration: 1 }
$data merge entity $(bone_left_leg) { transformation: [-0.8191520442889917f,-0.47371766006616417f,0.3233906412971838f,0.08446974190015377f,0f,0.563814377303427f,0.8259015364714785f,-1.25f,-0.5735764363510462f,0.6765389319820309f,-0.4618496997676271f,0.09729555592791175f,0f,0f,0f,1f], start_interpolation: 0, interpolation_duration: 1 }