# This file was generated by Animated Java via MC-Build. It is not recommended to edit this file directly.
$data merge entity $(bone_left_arm2) { transformation: [-0.8191520442889917f,-0.21783234021001824f,0.5306024876456881f,0.36164010166087646f,0f,0.925077206834458f,0.3797790955218011f,-0.8562693017086145f,-0.5735764363510462f,0.3110968224749076f,-0.7577788851035967f,0.1373169580129154f,0f,0f,0f,1f], start_interpolation: 0, interpolation_duration: 1 }
$data merge entity $(bone_left_arm) { transformation: [-0.8191520442889917f,-0.21783234021001824f,0.5306024876456881f,0.20478801107224792f,0f,0.925077206834458f,0.3797790955218011f,-0.625f,-0.5735764363510462f,0.3110968224749076f,-0.7577788851035967f,0.14339410908776154f,0f,0f,0f,1f], start_interpolation: 0, interpolation_duration: 1 }
$data merge entity $(item_display_weapon) { transformation: [0.22116189220447818f,-0.5292233420529563f,-0.8191520442889917f,-0.6482367750583695f,-0.9226727398701149f,-0.38558399227739654f,1.0270420145835435e-16f,-0.921385249126441f,-0.3158519155191402f,0.7558092610743297f,-0.5735764363510462f,0.271985509838635f,0f,0f,0f,1f], start_interpolation: 0, interpolation_duration: 1 }
$data merge entity $(bone_right_arm2) { transformation: [-0.8191520442889917f,0.21783234021001824f,0.5306024876456881f,-0.36164010166087646f,0f,0.925077206834458f,-0.3797790955218011f,-0.8562693017086145f,-0.5735764363510462f,-0.3110968224749076f,-0.7577788851035967f,-0.1373169580129154f,0f,0f,0f,1f], start_interpolation: 0, interpolation_duration: 1 }
$data merge entity $(bone_right_arm) { transformation: [-0.8191520442889917f,0.21783234021001824f,0.5306024876456881f,-0.20478801107224792f,0f,0.925077206834458f,-0.3797790955218011f,-0.625f,-0.5735764363510462f,-0.3110968224749076f,-0.7577788851035967f,-0.14339410908776154f,0f,0f,0f,1f], start_interpolation: 0, interpolation_duration: 1 }
$data merge entity $(bone_right_leg) { transformation: [-0.8191520442889917f,-0.2847050031248858f,0.497928699246011f,-0.12031826917209415f,0f,0.8681121951482392f,0.4963680253953767f,-1.25f,-0.5735764363510462f,0.406600882722313f,-0.7111158793278842f,-0.04609855315984978f,0f,0f,0f,1f], start_interpolation: 0, interpolation_duration: 1 }
$data merge entity $(bone_left_leg) { transformation: [-0.8191520442889917f,0.2847050031248858f,0.497928699246011f,0.08446974190015377f,0f,0.8681121951482392f,-0.4963680253953767f,-1.25f,-0.5735764363510462f,-0.406600882722313f,-0.7111158793278842f,0.09729555592791175f,0f,0f,0f,1f], start_interpolation: 0, interpolation_duration: 1 }