# This file was generated by Animated Java via MC-Build. It is not recommended to edit this file directly.
$data merge entity $(bone_left_arm2) { transformation: [-0.8191520442889917f,-0.10393535614752358f,0.5640809960277452f,0.3331658556452528f,0f,0.9834452049953296f,0.18120576362713756f,-0.8708613012488324f,-0.5735764363510462f,0.14843507171211753f,-0.8055911501181308f,0.17798239570361293f,0f,0f,0f,1f], start_interpolation: 0, interpolation_duration: 1 }
$data merge entity $(bone_left_arm) { transformation: [-0.8191520442889917f,-0.10393535614752358f,0.5640809960277452f,0.20478801107224792f,0f,0.9834452049953296f,0.18120576362713756f,-0.625f,-0.5735764363510462f,0.14843507171211753f,-0.8055911501181308f,0.14339410908776154f,0f,0f,0f,1f], start_interpolation: 0, interpolation_duration: 1 }
$data merge entity $(item_display_weapon) { transformation: [0.32537210229272756f,-0.4723588925666335f,-0.8191520442889917f,-0.6059351304442722f,-0.8235325976284276f,-0.5672689491267563f,1.091843510043022e-16f,-1.0374450809107922f,-0.46467951933885054f,0.6745984108859501f,-0.5735764363510462f,0.21157250040109862f,0f,0f,0f,1f], start_interpolation: 0, interpolation_duration: 1 }
$data merge entity $(bone_right_arm2) { transformation: [-0.8191520442889917f,0.10393535614752358f,0.5640809960277452f,-0.3331658556452528f,0f,0.9834452049953296f,-0.18120576362713756f,-0.8708613012488324f,-0.5735764363510462f,-0.14843507171211753f,-0.8055911501181308f,-0.17798239570361293f,0f,0f,0f,1f], start_interpolation: 0, interpolation_duration: 1 }
$data merge entity $(bone_right_arm) { transformation: [-0.8191520442889917f,0.10393535614752358f,0.5640809960277452f,-0.20478801107224792f,0f,0.9834452049953296f,-0.18120576362713756f,-0.625f,-0.5735764363510462f,-0.14843507171211753f,-0.8055911501181308f,-0.14339410908776154f,0f,0f,0f,1f], start_interpolation: 0, interpolation_duration: 1 }
$data merge entity $(bone_right_leg) { transformation: [-0.8191520442889917f,-0.13798348903632068f,0.556731968805932f,-0.12031826917209415f,0f,0.9706325670345272f,0.24056687180899217f,-1.25f,-0.5735764363510462f,0.19706084483054373f,-0.7950956515398047f,-0.04609855315984978f,0f,0f,0f,1f], start_interpolation: 0, interpolation_duration: 1 }
$data merge entity $(bone_left_leg) { transformation: [-0.8191520442889917f,0.13798348903632068f,0.556731968805932f,0.08446974190015377f,0f,0.9706325670345272f,-0.24056687180899217f,-1.25f,-0.5735764363510462f,-0.19706084483054373f,-0.7950956515398047f,0.09729555592791175f,0f,0f,0f,1f], start_interpolation: 0, interpolation_duration: 1 }