# This file was generated by Animated Java via MC-Build. It is not recommended to edit this file directly.
$data merge entity $(bone_jaw) { transformation: [-0.9999194921105615f,-0.005059363299223973f,-0.011636672220321586f,0.009928809985572743f,-0.004885689172683284f,0.9998769773677719f,-0.014905038450002198f,0.6341335578411387f,0.011710650650782129f,-0.014846985313341698f,-0.9998211978591177f,3.2441249041955476f,0f,0f,0f,1f], start_interpolation: 0, interpolation_duration: 1 }
$data merge entity $(bone_head) { transformation: [-1.1249094286243817f,-0.005640187667013508f,-0.013113568356781881f,0.007014683684065659f,-0.005496400319268694f,1.1249189090921945f,-0.01233845818396122f,0.6313916782447029f,0.013174481982129895f,-0.012273396021797934f,-1.1248559004488508f,2.994156926318025f,0f,0f,0f,1f], start_interpolation: 0, interpolation_duration: 1 }
$data merge entity $(bone_neck) { transformation: [-0.9999194921105615f,-0.005013500148456452f,-0.011656505206028338f,0.5028303631671834f,-0.004885689172683284f,0.9999279191930618f,-0.010967518385743306f,-0.4375f,0.011710650650782129f,-0.010909685352709274f,-0.9998719115100896f,2.18749721357794f,0f,0f,0f,1f], start_interpolation: 0, interpolation_duration: 1 }
$data merge entity $(bone_right_arm2) { transformation: [-0.9999980616194366f,0f,-0.001968948290214623f,-0.8717977937551267f,0f,1f,0f,-1.875f,0.001968948290214623f,0f,-0.9999980616194366f,2.3777041540306296f,0f,0f,0f,1f], start_interpolation: 0, interpolation_duration: 1 }
$data merge entity $(bone_right_arm1) { transformation: [-1.1354144657970684f,0f,-0.0022355767045145196f,-0.5606520514485752f,0f,1.1354166666666665f,0f,-0.5625f,0.0022355767045145196f,0f,-1.1354144657970684f,1.6895901903265749f,0f,0f,0f,1f], start_interpolation: 0, interpolation_duration: 1 }
$data merge entity $(bone_left_arm2) { transformation: [-0.9999980616194366f,0f,-0.001968948290214623f,0.8781988140788872f,0f,1f,0f,-1.875f,0.001968948290214623f,0f,-0.9999980616194366f,2.374258494522754f,0f,0f,0f,1f], start_interpolation: 0, interpolation_duration: 1 }
$data merge entity $(bone_left_arm1) { transformation: [-1.1354144657970684f,0f,-0.0022355767045145196f,0.5643457678732908f,0f,1.1354166666666665f,0f,-0.5625f,0.0022355767045145196f,0f,-1.1354144657970684f,1.6873751235000833f,0f,0f,0f,1f], start_interpolation: 0, interpolation_duration: 1 }
$data merge entity $(bone_body2) { transformation: [-1.5833302642307747f,0f,-0.0031175014595064866f,0.4999999999999999f,0f,1.5833333333333335f,0f,-0.5f,0.0031175014595064866f,0f,-1.5833302642307747f,0.75f,0f,0f,0f,1f], start_interpolation: 0, interpolation_duration: 1 }
$data merge entity $(bone_right_leg2) { transformation: [-1f,1.44672701532079e-18f,1.2245613421777497e-16f,-1f,0f,0.9999302190887503f,-0.011813422582968882f,-2.5660913844972564f,-1.2246467991473532e-16f,-0.011813422582968882f,-0.9999302190887503f,-0.4204963985022169f,0f,0f,0f,1f], start_interpolation: 0, interpolation_duration: 1 }
$data merge entity $(bone_right_leg1) { transformation: [-1.3333333333333333f,1.928969353761053e-18f,1.6327484562369996e-16f,-0.625f,0f,1.3332402921183337f,-0.015751230110625174f,-1.125f,-1.6328623988631375e-16f,-0.015751230110625174f,-1.3332402921183337f,-0.12500000000000008f,0f,0f,0f,1f], start_interpolation: 0, interpolation_duration: 1 }
$data merge entity $(bone_left_leg2) { transformation: [-1f,-1.44672701532079e-18f,1.2245613421777497e-16f,1f,0f,0.9999302190887503f,0.011813422582968882f,-2.5587079953829006f,-1.2246467991473532e-16f,0.011813422582968882f,-0.9999302190887503f,-0.45445998842825214f,0f,0f,0f,1f], start_interpolation: 0, interpolation_duration: 1 }
$data merge entity $(bone_left_leg1) { transformation: [-1.3333333333333333f,-1.928969353761053e-18f,1.6327484562369996e-16f,0.625f,0f,1.3332402921183337f,0.015751230110625174f,-1.125f,-1.6328623988631375e-16f,0.015751230110625174f,-1.3332402921183337f,-0.12499999999999993f,0f,0f,0f,1f], start_interpolation: 0, interpolation_duration: 1 }
$data merge entity $(bone_tail3) { transformation: [-0.9961445798248332f,0.08540024150092738f,0.020069251037100007f,0.06628636464126189f,0.08712173292790905f,0.9898604907038185f,0.11218739944946447f,-0.5625f,-0.010284927673296654f,0.1135033378151449f,-0.9934843796293812f,-3.809964325578477f,0f,0f,0f,1f], start_interpolation: 0, interpolation_duration: 1 }
$data merge entity $(bone_tail2) { transformation: [-1.5410809895706086f,0f,0.04249111313186966f,-0.110344528862683f,0f,1.5416666666666665f,0f,-0.75f,-0.04249111313186966f,0f,-1.5410809895706086f,-1.9391218609492393f,0f,0f,0f,1f], start_interpolation: 0, interpolation_duration: 1 }
$data merge entity $(bone_tail1) { transformation: [-0.9999050208252526f,0f,0.01378221057926913f,1.1102230246251565e-16f,0f,1f,0f,-0.75f,-0.01378221057926913f,0f,-0.9999050208252526f,-0.875f,0f,0f,0f,1f], start_interpolation: 0, interpolation_duration: 1 }
data modify entity @s data merge value {"locators":{"head":{"posx":0.013790779153734797,"posy":0.009864078244584018,"posz":3.3134354520103715,"roty":359.33207614843076,"rotx":-0.6284051137689919},"neck":{"posx":0.006207742818327422,"posy":-0.8135448744855219,"posz":2.322427659849358,"roty":359.33207614843076,"rotx":-0.6284051137689919},"right_arm":{"posx":-0.9333131984612342,"posy":-2.875,"posz":2.877826244108486,"roty":359.88718750000004,"rotx":0},"left_arm":{"posx":0.9416831670752093,"posy":-2.875,"posz":2.874134466064334,"roty":359.88718750000004,"rotx":0},"tail1":{"posx":0.033556723445092,"posy":-1.5,"posz":-2.6229154552335485,"roty":1.5793749999999989,"rotx":0},"tail2":{"posx":-0.03451249862033655,"posy":-1.798586481858438,"posz":-4.517772420002382,"roty":1.1572673222603669,"rotx":6.441424977411596}},"cameras":{}}