# This file was generated by Animated Java via MC-Build. It is not recommended to edit this file directly.
$data merge entity $(bone_jaw) { transformation: [-0.9992674812333892f,-0.016305859030296573f,-0.03462109054842666f,0.029005670874758627f,-0.014732130534186616f,0.9988677737240313f,-0.04523422316698904f,0.6523779419300737f,0.035319474506310934f,-0.04469104582443084f,-0.9983763043781221f,3.231518337019196f,0f,0f,0f,1f], start_interpolation: 0, interpolation_duration: 1 }
$data merge entity $(bone_head) { transformation: [-1.1241759163875629f,-0.017880130340085582f,-0.0391638858287195f,0.020302585135043183f,-0.016573646850959942f,1.1242514573198414f,-0.0375363150065708f,0.6440365385952802f,0.039734408819599804f,-0.0369318514731444f,-1.1236913344431034f,2.9818091515873952f,0f,0f,0f,1f], start_interpolation: 0, interpolation_duration: 1 }
$data merge entity $(bone_neck) { transformation: [-0.9992674812333892f,-0.015893449191187185f,-0.03481234295886178f,0.5085380868632989f,-0.014732130534186616f,0.9993346287287479f,-0.033365613339174045f,-0.4375f,0.035319474506310934f,-0.0328283124205728f,-0.998836741727203f,2.1874746436277457f,0f,0f,0f,1f], start_interpolation: 0, interpolation_duration: 1 }
$data merge entity $(bone_right_arm2) { transformation: [-0.9999823607845189f,0f,-0.005939538687512415f,-0.8653239957115058f,0f,1f,0f,-1.875f,0.005939538687512415f,0f,-0.9999823607845189f,2.383138201970173f,0f,0f,0f,1f], start_interpolation: 0, interpolation_duration: 1 }
$data merge entity $(bone_right_arm1) { transformation: [-1.1353966388074224f,0f,-0.006743851218113054f,-0.5569129408140084f,0f,1.1354166666666665f,0f,-0.5625f,0.006743851218113054f,0f,-1.1353966388074224f,1.6937942230909684f,0f,0f,0f,1f], start_interpolation: 0, interpolation_duration: 1 }
$data merge entity $(bone_left_arm2) { transformation: [-0.9999823607845189f,0f,-0.005939538687512415f,0.884645135661402f,0f,1f,0f,-1.875f,0.005939538687512415f,0f,-0.9999823607845189f,2.372744009267026f,0f,0f,0f,1f], start_interpolation: 0, interpolation_duration: 1 }
$data merge entity $(bone_left_arm1) { transformation: [-1.1353966388074224f,0f,-0.006743851218113054f,0.5680672150685752f,0f,1.1354166666666665f,0f,-0.5625f,0.006743851218113054f,0f,-1.1353966388074224f,1.687112242067517f,0f,0f,0f,1f], start_interpolation: 0, interpolation_duration: 1 }
$data merge entity $(bone_body2) { transformation: [-1.5833054045754884f,0f,-0.009404269588561324f,0.4999999999999999f,0f,1.5833333333333335f,0f,-0.5f,0.009404269588561324f,0f,-1.5833054045754884f,0.75f,0f,0f,0f,1f], start_interpolation: 0, interpolation_duration: 1 }
$data merge entity $(bone_right_leg2) { transformation: [-1f,4.3634041424861735e-18f,1.2238692140464974e-16f,-1f,0f,0.9993650535800223f,-0.035629898722832946f,-2.5727216078721673f,-1.2246467991473532e-16f,-0.035629898722832946f,-0.9993650535800223f,-0.38608359982968476f,0f,0f,0f,1f], start_interpolation: 0, interpolation_duration: 1 }
$data merge entity $(bone_right_leg1) { transformation: [-1.3333333333333333f,5.817872189981565e-18f,1.631825618728663e-16f,-0.625f,0f,1.3324867381066963f,-0.047506531630443924f,-1.125f,-1.6328623988631375e-16f,-0.047506531630443924f,-1.3324867381066963f,-0.12500000000000008f,0f,0f,0f,1f], start_interpolation: 0, interpolation_duration: 1 }
$data merge entity $(bone_left_leg2) { transformation: [-1f,-4.3634041424861735e-18f,1.2238692140464974e-16f,1f,0f,0.9993650535800223f,0.035629898722832946f,-2.550452921170397f,-1.2246467991473532e-16f,0.035629898722832946f,-0.9993650535800223f,-0.4885195586578292f,0f,0f,0f,1f], start_interpolation: 0, interpolation_duration: 1 }
$data merge entity $(bone_left_leg1) { transformation: [-1.3333333333333333f,-5.817872189981565e-18f,1.631825618728663e-16f,0.625f,0f,1.3324867381066963f,0.047506531630443924f,-1.125f,-1.6328623988631375e-16f,0.047506531630443924f,-1.3324867381066963f,-0.12499999999999993f,0f,0f,0f,1f], start_interpolation: 0, interpolation_duration: 1 }
$data merge entity $(bone_tail3) { transformation: [-0.9962962460226374f,0.03850884078278537f,0.07688211328239046f,0.19957315366139544f,0.042796530640062024f,0.9975729814468312f,0.05492361652745091f,-0.5625f,-0.07458047416297692f,0.058010480681048776f,-0.9955262613335619f,-3.7999164420182554f,0f,0f,0f,1f], start_interpolation: 0, interpolation_duration: 1 }
$data merge entity $(bone_tail2) { transformation: [-1.5363397385756192f,0f,0.1280481112102361f,-0.0807291225598879f,0f,1.5416666666666665f,0f,-0.75f,-0.1280481112102361f,0f,-1.5363397385756192f,-1.941777417632521f,0f,0f,0f,1f], start_interpolation: 0, interpolation_duration: 1 }
$data merge entity $(bone_tail1) { transformation: [-0.9991358004026013f,0f,0.0415650376380585f,1.1102230246251565e-16f,0f,1f,0f,-0.75f,-0.0415650376380585f,0f,-0.9991358004026013f,-0.875f,0f,0f,0f,1f], start_interpolation: 0, interpolation_duration: 1 }
data modify entity @s data merge value {"locators":{"head":{"posx":0.041114848054179476,"posy":0.02987914980830464,"posz":3.314463328640004,"roty":358.00388471715985,"rotx":-1.9120637091658257},"neck":{"posx":0.01921593256315729,"posy":-0.815445849372977,"posz":2.342299590754516,"roty":358.00388471715985,"rotx":-1.9120637091658257},"right_arm":{"posx":-0.924853123916782,"posy":-2.875,"posz":2.883500603530402,"roty":359.6596875,"rotx":0},"left_arm":{"posx":0.9501138025541906,"posy":-2.875,"posz":2.872363968491316,"roty":359.6596875,"rotx":0},"tail1":{"posx":0.10094150043188924,"posy":-1.5,"posz":-2.616519616358657,"roty":4.764375000000001,"rotx":0},"tail2":{"posx":0.19227648885533427,"posy":-1.8409200038522748,"posz":-4.43603871991226,"roty":4.416050739796589,"rotx":3.148475728238089}},"cameras":{}}