# This file was generated by Animated Java via MC-Build. It is not recommended to edit this file directly.
$data merge entity $(bone_jaw) { transformation: [-0.6188893749970343f,0.19160675671113872f,-0.7617498226441665f,1.3571106880040131f,-0.09702394167686744f,0.943716281862116f,0.31620552507795796f,0.12464841497835469f,0.7794628254492093f,0.26960421015069813f,-0.5654655370681345f,3.1857444638780494f,0f,0f,0f,1f], start_interpolation: 0, interpolation_duration: 1 }
$data merge entity $(bone_head) { transformation: [-0.6962505468716637f,0.08619570408771407f,-0.8794489618947384f,1.161677585360738f,-0.10915193438647587f,1.10267179964174f,0.1944884507998799f,0.16786807071166132f,0.8768956786303604f,0.2056944405463358f,-0.6740688139409282f,3.0359513941133986f,0f,0f,0f,1f], start_interpolation: 0, interpolation_duration: 1 }
$data merge entity $(bone_neck) { transformation: [-0.979284707527677f,0.07661840363352362f,-0.18743287285607851f,1.4176236760683938f,0.03950383369464187f,0.9801527107926576f,0.19426814110715887f,-0.7354532367032918f,0.19859735327002362f,0.18283950270785404f,-0.9628752813961351f,1.9600495797169324f,0f,0f,0f,1f], start_interpolation: 0, interpolation_duration: 1 }
$data merge entity $(bone_right_arm2) { transformation: [-0.9479295315273234f,0.08205828783988992f,-0.30772721793038593f,0.053960634810429675f,0.017708397165533414f,0.9783223539831654f,0.20632931048851452f,-2.15612932016808f,0.31798744618021835f,0.19013629083797728f,-0.9288337714457625f,2.2981177322812205f,0f,0f,0f,1f], start_interpolation: 0, interpolation_duration: 1 }
$data merge entity $(bone_right_arm1) { transformation: [-1.0762949889216482f,0.09317034765154167f,-0.3493986120251256f,0.24632765387543343f,0.020106409281699395f,1.1108035060850523f,0.23426973795050082f,-0.7357637037185509f,0.36104824618378956f,0.21588391355562f,-1.054613344662376f,1.809727319205786f,0f,0f,0f,1f], start_interpolation: 0, interpolation_duration: 1 }
$data merge entity $(bone_left_arm2) { transformation: [-0.9479295315273234f,0.08205828783988992f,-0.30772721793038593f,1.7128373149832457f,0.017708397165533414f,0.9783223539831654f,0.20632931048851452f,-2.1871190152077635f,0.31798744618021835f,0.19013629083797728f,-0.9288337714457625f,1.7416397014658387f,0f,0f,0f,1f], start_interpolation: 0, interpolation_duration: 1 }
$data merge entity $(bone_left_arm1) { transformation: [-1.0762949889216482f,0.09317034765154167f,-0.3493986120251256f,1.3127483768436723f,0.020106409281699395f,1.1108035060850523f,0.23426973795050082f,-0.755685650529776f,0.36104824618378956f,0.21588391355562f,-1.054613344662376f,1.4519914422530404f,0f,0f,0f,1f], start_interpolation: 0, interpolation_duration: 1 }
$data merge entity $(bone_body2) { transformation: [-1.5008884249182621f,0.12992562241315905f,-0.4872347617231111f,0.9701371573034708f,0.028038295512094576f,1.5490103938066786f,0.326688074940148f,-0.5f,0.5034801231186791f,0.3010491271601307f,-1.4706534714557908f,0.6129675150862752f,0f,0f,0f,1f], start_interpolation: 0, interpolation_duration: 1 }
$data merge entity $(bone_right_leg2) { transformation: [-0.9030172740824705f,0.08860330443267149f,-0.4203680020556704f,-1.0103638938510293f,-1.734723475976807e-18f,0.9785005902573001f,0.206244017770493f,-2.5015233028026804f,0.42960423963069166f,0.18624191072292715f,-0.8836029357022354f,0.17199765568396014f,0f,0f,0f,1f], start_interpolation: 0, interpolation_duration: 1 }
$data merge entity $(bone_right_leg1) { transformation: [-1.2040230321099605f,0.08357316678821963f,-0.5666761347714437f,-0.44881537653949655f,-2.3129646346357427e-18f,1.319065508428375f,0.1945352468124224f,-1.125f,0.5728056528409222f,0.17566868828951424f,-1.191138939757199f,0.4794620593901768f,0f,0f,0f,1f], start_interpolation: 0, interpolation_duration: 1 }
$data merge entity $(bone_left_leg2) { transformation: [-0.35869380875114953f,-0.6624836336826453f,-0.6576124897431868f,1.9663640706294274f,0f,0.704492766740916f,-0.7097111677363754f,-1.7866896834608197f,0.933455275609707f,-0.25456900186858666f,-0.2526971937399342f,-0.07093457304978724f,0f,0f,0f,1f], start_interpolation: 0, interpolation_duration: 1 }
$data merge entity $(bone_left_leg1) { transformation: [-0.4782584116681994f,-1.205147638854439f,-0.31091130248024124f,0.6054239307266107f,0f,0.33307573550019587f,-1.2910609327985965f,-1.125f,1.2446070341462758f,-0.46309556331534063f,-0.1194722041691555f,-0.19216245104335292f,0f,0f,0f,1f], start_interpolation: 0, interpolation_duration: 1 }
$data merge entity $(bone_tail3) { transformation: [0.23647108602782113f,0.017593360126025637f,-0.9714792324863661f,-2.972989164806137f,-0.028780244532788116f,0.9995241776970051f,0.011095752509799162f,-1.6741024082410654f,0.9712121925704268f,0.025335585223194734f,0.23686490901765603f,-0.1964068792696808f,0f,0f,0f,1f], start_interpolation: 0, interpolation_duration: 1 }
$data merge entity $(bone_tail2) { transformation: [0.45603459750956016f,-0.6541799399064616f,-1.3194003043843f,-1.2596846313092445f,0.4036829558023787f,1.383836731960258f,-0.5466004771158899f,-1.148168294039153f,1.4162657336037114f,-0.183795039684541f,0.5806434933058405f,-0.7619281856078526f,0f,0f,0f,1f], start_interpolation: 0, interpolation_duration: 1 }
$data merge entity $(bone_tail1) { transformation: [-0.39923668673343027f,-0.3481279616579636f,-0.8481845260778957f,-0.32218751730455186f,0f,0.9251093098201147f,-0.37970088870603264f,-0.75f,0.9168478979449716f,-0.15159052475673546f,-0.369337575718833f,-0.48499638924720306f,0f,0f,0f,1f], start_interpolation: 0, interpolation_duration: 1 }
data modify entity @s data merge value {"locators":{"head":{"posx":1.3580824613938798,"posy":-0.49875194320038296,"posz":3.1089180421268034,"roty":307.4689822653779,"rotx":9.955230647345749},"neck":{"posx":0.9226785300489937,"posy":-1.1075421040416122,"posz":2.1111428530110157,"roty":348.9845837662355,"rotx":11.20197361165613},"right_arm":{"posx":0.06652036021527502,"posy":-3.236509554572657,"posz":2.5922725425523883,"roty":341.66971123154883,"rotx":11.907326694390443},"left_arm":{"posx":1.8438882318290064,"posy":-3.269712799258032,"posz":1.9960460809644789,"roty":341.66971123154883,"rotx":11.907326694390443},"tail1":{"posx":-1.5667919258106855,"posy":-2.097871480933855,"posz":-0.5284111274171236,"roty":246.2465996694011,"rotx":-20.76596921700191},"tail2":{"posx":-3.542537518245126,"posy":-2.9797365306816226,"posz":-0.09642332355269237,"roty":256.2975617110172,"rotx":0.6357528349833349}},"cameras":{}}