# This file was generated by Animated Java via MC-Build. It is not recommended to edit this file directly.
$data merge entity $(bone_jaw) { transformation: [-0.32637149498459106f,0.2800026915384899f,-0.9028178886091728f,1.7853518027443238f,-0.1651587270545242f,0.9235337379505061f,0.34613296541198624f,0.06719116777665762f,0.930700941301368f,0.2620761866297039f,-0.25517019861727674f,3.0638696257438185f,0f,0f,0f,1f], start_interpolation: 0, interpolation_duration: 1 }
$data merge entity $(bone_head) { transformation: [-0.36716793185766494f,0.07771306845837762f,-1.060553340858511f,1.5496732825535435f,-0.18580356793633973f,1.100043879242708f,0.14493273571826437f,0.09939844238071638f,1.047038558964039f,0.22246155337819115f,-0.34618797395500495f,2.9869389648649287f,0f,0f,0f,1f], start_interpolation: 0, interpolation_duration: 1 }
$data merge entity $(bone_neck) { transformation: [-0.9296998639286634f,0.06907828307411344f,-0.3617821911296319f,1.647179508458804f,-0.0087846143216644f,0.9778167815490739f,0.209277739552563f,-0.765101417467885f,0.3682132446860711f,0.19774360300283658f,-0.9084693026785289f,1.8545984559050748f,0f,0f,0f,1f], start_interpolation: 0, interpolation_duration: 1 }
$data merge entity $(bone_right_arm2) { transformation: [-0.8800351396971179f,0.08463487844383824f,-0.46730620608876056f,0.403088467253892f,-0.02677342094053789f,0.973585357749416f,0.22674817553198154f,-2.2439591059381567f,0.47415328410695967f,0.21205774809409408f,-0.8545233610872478f,2.361949338870743f,0f,0f,0f,1f], start_interpolation: 0, interpolation_duration: 1 }
$data merge entity $(bone_right_arm1) { transformation: [-0.9992065648644358f,0.09609585156644132f,-0.5305872548299468f,0.4679097096807562f,-0.030398988359569057f,1.105425041611316f,0.25745365763527067f,-0.8018722591698927f,0.5383615413297771f,0.24077390148183597f,-0.9702400662344791f,1.9046174212133338f,0f,0f,0f,1f], start_interpolation: 0, interpolation_duration: 1 }
$data merge entity $(bone_left_arm2) { transformation: [-0.8800351396971179f,0.08463487844383824f,-0.46730620608876056f,1.9431499617238481f,-0.02677342094053789f,0.973585357749416f,0.22674817553198154f,-2.1971056192922154f,0.47415328410695967f,0.21205774809409408f,-0.8545233610872478f,1.5321810916835639f,0f,0f,0f,1f], start_interpolation: 0, interpolation_duration: 1 }
$data merge entity $(bone_left_arm1) { transformation: [-0.9992065648644358f,0.09609585156644132f,-0.5305872548299468f,1.4579492418400137f,-0.030398988359569057f,1.105425041611316f,0.25745365763527067f,-0.7717521606117876f,0.5383615413297771f,0.24077390148183597f,-0.9702400662344791f,1.3711949765930043f,0f,0f,0f,1f], start_interpolation: 0, interpolation_duration: 1 }
$data merge entity $(bone_body2) { transformation: [-1.3933889711871035f,0.13400522420274388f,-0.739901492973871f,0.9701371573034708f,-0.04239124982251833f,1.5415101497699089f,0.35901794459230413f,-0.5f,0.7507426998360196f,0.33575810114898236f,-1.3529953217214759f,0.6129675150862752f,0f,0f,0f,1f], start_interpolation: 0, interpolation_duration: 1 }
$data merge entity $(bone_right_leg2) { transformation: [-0.8367621012342825f,0.1616472154937039f,-0.5231628462162814f,-1.237732970889816f,0f,0.9554323479339427f,0.2952101429853546f,-2.312911199846016f,0.5475666041113066f,0.24702065955009833f,-0.7994695790444101f,-0.041271567913557516f,0f,0f,0f,1f], start_interpolation: 0, interpolation_duration: 1 }
$data merge entity $(bone_right_leg1) { transformation: [-1.1156828016457099f,0.2955756067767723f,-0.667581249413358f,-0.44881537653949655f,0f,1.2191781682829863f,0.5397984547587368f,-1.125f,0.7300888054817422f,0.45168288924693945f,-1.0201620858714353f,0.4794620593901768f,0f,0f,0f,1f], start_interpolation: 0, interpolation_duration: 1 }
$data merge entity $(bone_left_leg2) { transformation: [-0.14133319782356796f,0.16584001874487936f,-0.975972343550606f,0.8149835098856091f,1.3877787807814457e-17f,0.9858684080993227f,0.16752158640517711f,-2.5875498267122494f,0.9899620837148079f,0.02367636151112077f,-0.13933593474990758f,-0.5410467974486812f,0f,0f,0f,1f], start_interpolation: 0, interpolation_duration: 1 }
$data merge entity $(bone_left_leg1) { transformation: [-0.18844426376475726f,-0.4174331016846261f,-1.252204513188596f,0.6054239307266107f,1.850371707708594e-17f,1.2649014884385572f,-0.4216657471549f,-1.125f,1.319949444953077f,-0.05959536845806612f,-0.1787725722928121f,-0.19216245104335292f,0f,0f,0f,1f], start_interpolation: 0, interpolation_duration: 1 }
$data merge entity $(bone_tail3) { transformation: [-0.27786279044049544f,-0.05991256316540283f,-0.9587506216235653f,-2.922147518510255f,-0.008590827977544596f,0.998168254229534f,-0.05988600773990965f,-1.824058325234481f,0.960582358448916f,-0.008403631555220357f,-0.27786851497318404f,-1.4309099316969034f,0f,0f,0f,1f], start_interpolation: 0, interpolation_duration: 1 }
$data merge entity $(bone_tail2) { transformation: [-0.33845051094577805f,-0.5879275032320839f,-1.3843874507141924f,-1.182159462806764f,0.28555650938552984f,1.3680775565241423f,-0.6508128689520474f,-1.1700233228754056f,1.4767006611697593f,-0.3993008407070175f,-0.19144217670768265f,-1.0280901570616603f,0f,0f,0f,1f], start_interpolation: 0, interpolation_duration: 1 }
$data merge entity $(bone_tail1) { transformation: [-0.6363295124198594f,-0.2992096621406311f,-0.7110262510661569f,-0.3283235529260877f,6.938893903907228e-18f,0.9217140849658351f,-0.3878700111836352f,-0.75f,0.7714173653888692f,-0.246813135098768f,-0.5865138742768268f,-0.49462803586300713f,0f,0f,0f,1f], start_interpolation: 0, interpolation_duration: 1 }
data modify entity @s data merge value {"locators":{"head":{"posx":1.801097505870698,"posy":-0.5519961393425283,"posz":2.9595125390867683,"roty":288.07782329269924,"rotx":7.401935639802929},"neck":{"posx":1.2016479942328837,"posy":-1.1623347351536903,"posz":2.078109889956863,"roty":338.2859353435439,"rotx":12.080029305388106},"right_arm":{"posx":0.49710449562336423,"posy":-3.3325918902623473,"posz":2.606787851576958,"roty":331.3274345300282,"rotx":13.10569849508002},"left_arm":{"posx":2.14717038255546,"posy":-3.2823917259988384,"posz":1.7177504438764086,"roty":331.3274345300282,"rotx":13.10569849508002},"tail1":{"posx":-1.4860607153951244,"posy":-2.1489551575591874,"posz":-1.038941042641653,"roty":277.8733020821318,"rotx":-24.9703302882602},"tail2":{"posx":-3.382809504018919,"posy":-3.1678400382644436,"posz":-1.5761812049530928,"roty":286.1628333595618,"rotx":-3.433269726423843}},"cameras":{}}