# This file was generated by Animated Java via MC-Build. It is not recommended to edit this file directly.
$data merge entity $(bone_jaw) { transformation: [-0.02393936143563452f,0.44361470384682017f,-0.8958978186740676f,2.4848137057476922f,-0.21908095698361044f,0.8720434971316294f,0.43765702713150056f,0.03764957466164244f,0.9754129593465528f,0.20675138123199022f,0.0763113693853334f,2.7154031686271543f,0f,0f,0f,1f], start_interpolation: 0, interpolation_duration: 1 }
$data merge entity $(bone_head) { transformation: [-0.026931781615088836f,0.07576815376661694f,-1.122122482625598f,2.235453154053115f,-0.24646607660656175f,1.0947628344026679f,0.07983614152002089f,0.0553909394438693f,1.097339579264872f,0.2477468935939151f,-0.00960856354299354f,2.7132679322842668f,0f,0f,0f,1f], start_interpolation: 0, interpolation_duration: 1 }
$data merge entity $(bone_neck) { transformation: [-0.7609314646894864f,0.06734947001477061f,-0.6453273238707956f,2.0200316238621427f,-0.09266304560892359f,0.9731225194690382f,0.21082248950410806f,-0.7609269419654341f,0.6421813342226568f,0.220219460972369f,-0.734238737050183f,1.5616251140365227f,0f,0f,0f,1f], start_interpolation: 0, interpolation_duration: 1 }
$data merge entity $(bone_right_arm2) { transformation: [-0.6811458792787266f,0.0917965268273643f,-0.7263702147004952f,1.0876929477959005f,-0.10793195864503458f,0.9686794701798873f,0.2236308931142101f,-2.343740915944859f,0.7241484540097127f,0.23072382129820435f,-0.6499042505176416f,2.347520792155767f,0f,0f,0f,1f], start_interpolation: 0, interpolation_duration: 1 }
$data merge entity $(bone_right_arm1) { transformation: [-0.7733843837643875f,0.1042273065019032f,-0.8247328479411872f,0.9216544539248278f,-0.12254774471154965f,1.0998548151000802f,0.25391424322342604f,-0.8848741352411642f,0.8222102238235279f,0.2619676720990028f,-0.7379121177752388f,1.9772402435007463f,0f,0f,0f,1f], start_interpolation: 0, interpolation_duration: 1 }
$data merge entity $(bone_left_arm2) { transformation: [-0.6811458792787266f,0.0917965268273643f,-0.7263702147004952f,2.279698236533672f,-0.10793195864503458f,0.9686794701798873f,0.2236308931142101f,-2.1548599883160486f,0.7241484540097127f,0.23072382129820435f,-0.6499042505176416f,1.0802609976387698f,0f,0f,0f,1f], start_interpolation: 0, interpolation_duration: 1 }
$data merge entity $(bone_left_arm1) { transformation: [-0.7733843837643875f,0.1042273065019032f,-0.8247328479411872f,1.6879435681133952f,-0.12254774471154965f,1.0998548151000802f,0.25391424322342604f,-0.7634506817655002f,0.8222102238235279f,0.2619676720990028f,-0.7379121177752388f,1.1625732327398195f,0f,0f,0f,1f], start_interpolation: 0, interpolation_duration: 1 }
$data merge entity $(bone_body2) { transformation: [-1.0784809755246505f,0.1453445008099935f,-1.1500861732757843f,0.9701371573034708f,-0.1708922678546381f,1.5337424944514884f,0.3540822474308327f,-0.5f,1.1465683855153785f,0.36531271705549023f,-1.0290150633195991f,0.6129675150862752f,0f,0f,0f,1f], start_interpolation: 0, interpolation_duration: 1 }
$data merge entity $(bone_right_leg2) { transformation: [-0.8298387366906522f,0.1063724613484702f,-0.5477705455337395f,-0.9964721076847078f,-1.0842021724855044e-19f,0.9816618572788486f,0.19063052736600639f,-2.5337150954437915f,0.5580032894953778f,0.15819259600407953f,-0.814621035501679f,0.3370493327814521f,0f,0f,0f,1f], start_interpolation: 0, interpolation_duration: 1 }
$data merge entity $(bone_right_leg1) { transformation: [-1.1064516489208696f,0.05808548452604882f,-0.7417335120280333f,-0.44881537653949655f,-1.4456028966473392e-19f,1.3292636907191162f,0.10409523674775752f,-1.125f,0.744004385993837f,0.08638225975827343f,-1.1030745018351051f,0.4794620593901768f,0f,0f,0f,1f], start_interpolation: 0, interpolation_duration: 1 }
$data merge entity $(bone_left_leg2) { transformation: [-0.5218299047803728f,0.1818291782353118f,-0.8334456793451978f,0.23323478801068648f,6.938893903907228e-18f,0.9770190610169907f,0.21315195145594582f,-2.4368329145569056f,0.8530495592150007f,0.11122906253200684f,-0.5098377635791056f,-0.8594383657364576f,0f,0f,0f,1f], start_interpolation: 0, interpolation_duration: 1 }
$data merge entity $(bone_left_leg1) { transformation: [-0.6957732063738304f,0.28749326646698364f,-1.1004658308217483f,0.6054239307266107f,9.25185853854297e-18f,1.2900373945851713f,0.33701824631565686f,-1.125f,1.1373994122866675f,0.17586619938414744f,-0.6731800907795003f,-0.19216245104335292f,0f,0f,0f,1f], start_interpolation: 0, interpolation_duration: 1 }
$data merge entity $(bone_tail3) { transformation: [-0.9565886923924406f,-0.04209940590534009f,-0.2883846625764588f,-1.3579534037490248f,-0.0037443273886604636f,0.9912053854048131f,-0.1322794918228164f,-2.0117714490493777f,0.29141731863313647f,-0.12545725952256992f,-0.948333497475313f,-3.1414071833445454f,0f,0f,0f,1f], start_interpolation: 0, interpolation_duration: 1 }
$data merge entity $(bone_tail2) { transformation: [-1.4426615081761038f,-0.2680698917263997f,-0.4728661724927641f,-0.8498862180840835f,0.0023087781398368184f,1.3381133808493555f,-0.7656261232785356f,-1.2151029438871574f,0.5435609933408219f,-0.7171661064584793f,-1.2517788676026749f,-1.44180403641522f,0f,0f,0f,1f], start_interpolation: 0, interpolation_duration: 1 }
$data merge entity $(bone_tail1) { transformation: [-0.936966759628906f,-0.14165709921407546f,-0.31941596327165855f,-0.33984847056074585f,0f,0.9141357972602925f,-0.4054081204999345f,-0.75f,0.3494185045908529f,-0.37985393299206877f,-0.8565148558197628f,-0.5127185328515971f,0f,0f,0f,1f], start_interpolation: 0, interpolation_duration: 1 }
data modify entity @s data merge value {"locators":{"head":{"posx":2.505060424912105,"posy":-0.5749873412020631,"posz":2.5782998146051455,"roty":270.4906030241118,"rotx":4.06944186935365},"neck":{"posx":1.69497575574571,"posy":-1.1985322207587987,"posz":1.8919133254144855,"roty":318.6875457810851,"rotx":12.170556575726076},"right_arm":{"posx":1.3165099108638634,"posy":-3.430981580097166,"posz":2.4870083744919906,"roty":311.81990958720735,"rotx":12.922382813019896},"left_arm":{"posx":2.5936584345114757,"posy":-3.2286091576377265,"posz":1.129230023223779,"roty":311.81990958720735,"rotx":12.922382813019896},"tail1":{"posx":-0.8133740362064376,"posy":-2.2076920850710424,"posz":-1.6952106412588408,"roty":339.30567347297495,"rotx":-29.77678695550059},"tail2":{"posx":-1.464914306197524,"posy":-3.387135731543529,"posz":-3.510182122551036,"roty":343.08568001488345,"rotx":-7.6013353546416855}},"cameras":{}}