# This file was generated by Animated Java via MC-Build. It is not recommended to edit this file directly.
$data merge entity $(bone_jaw) { transformation: [0.4316127238668491f,0.5200887031734854f,-0.7370333760607867f,3.3261394967138704f,-0.1987247143238166f,0.8518050230917281f,0.4847026826340227f,0.2869584660846985f,0.8798971215506711f,-0.06273709801244146f,0.47100436518128014f,1.5935572143789132f,0f,0f,0f,1f], start_interpolation: 0, interpolation_duration: 1 }
$data merge entity $(bone_head) { transformation: [0.48556431435020525f,0.051939788199131615f,-1.0134863368745748f,3.100920310741743f,-0.2235653036142937f,1.1013975410801393f,-0.05066568387451084f,0.27569942522369606f,0.9898842617445051f,0.22327273659014557f,0.4856989123377606f,1.7014903060095266f,0f,0f,0f,1f], start_interpolation: 0, interpolation_duration: 1 }
$data merge entity $(bone_neck) { transformation: [-0.2617194166992837f,0.04616870062145032f,-0.9640391060561357f,2.3994440010104836f,-0.1798813749465889f,0.9790200365156794f,0.09572073468252727f,-0.5967955791713654f,0.9482329027564438f,0.19846465474679606f,-0.24792366354651124f,0.8150671823312935f,0f,0f,0f,1f], start_interpolation: 0, interpolation_duration: 1 }
$data merge entity $(bone_right_arm2) { transformation: [-0.15428186897268953f,0.0825868153992418f,-0.9845692067236844f,2.2531946102973164f,-0.17756021834055596f,0.9779591118804458f,0.10985601646183879f,-2.2673551058043655f,0.9719410855443595f,0.19176911485487244f,-0.13621722658544633f,1.90135880233568f,0f,0f,0f,1f], start_interpolation: 0, interpolation_duration: 1 }
$data merge entity $(bone_right_arm1) { transformation: [-0.17517420539607453f,0.09377044665122244f,-1.11789628680085f,1.7329115599402534f,-0.20160483124083955f,1.1103910749475894f,0.12473235202437945f,-0.8527701919123425f,1.1035581075451582f,0.21773784915813638f,-0.1546633093522255f,1.7556748330725933f,0f,0f,0f,1f], start_interpolation: 0, interpolation_duration: 1 }
$data merge entity $(bone_left_arm2) { transformation: [-0.15428186897268953f,0.0825868153992418f,-0.9845692067236844f,2.523187880999523f,-0.17756021834055596f,0.9779591118804458f,0.10985601646183879f,-1.9566247237083927f,0.9719410855443595f,0.19176911485487244f,-0.13621722658544633f,0.2004619026330507f,0f,0f,0f,1f], start_interpolation: 0, interpolation_duration: 1 }
$data merge entity $(bone_left_arm1) { transformation: [-0.17517420539607453f,0.09377044665122244f,-1.11789628680085f,1.9064786625345294f,-0.20160483124083955f,1.1103910749475894f,0.12473235202437945f,-0.653014946279217f,1.1035581075451582f,0.21773784915813638f,-0.1546633093522255f,0.6622411118351887f,0f,0f,0f,1f], start_interpolation: 0, interpolation_duration: 1 }
$data merge entity $(bone_body2) { transformation: [-0.2442796258734251f,0.13076245771546618f,-1.5589012439791672f,0.9789640903827346f,-0.28113701237254696f,1.5484352604773728f,0.17393869273124477f,-0.5f,1.5389067187785694f,0.30363443185354805f,-0.2156772754269567f,0.6072693494362849f,0f,0f,0f,1f], start_interpolation: 0, interpolation_duration: 1 }
$data merge entity $(bone_right_leg2) { transformation: [-0.8368792564986112f,-0.037029172628560314f,-0.546133637873347f,-0.3621551683811799f,0f,0.9977093121058841f,-0.06764708816500081f,-2.408811729828513f,0.5473875318659823f,-0.05661244484782191f,-0.834962227316913f,1.2971738318462827f,0f,0f,0f,1f], start_interpolation: 0, interpolation_duration: 1 }
$data merge entity $(bone_right_leg1) { transformation: [-1.115839008664815f,-0.48352262420378667f,-0.5467055481726746f,-0.4414891635609376f,0f,0.9987541117515356f,-0.8833277998779266f,-1.125f,0.7298500424879764f,-0.7392387124063933f,-0.835836598467556f,0.49081097334923013f,0f,0f,0f,1f], start_interpolation: 0, interpolation_duration: 1 }
$data merge entity $(bone_left_leg2) { transformation: [-0.8519517232268992f,0.25368174469316296f,-0.4580653159759532f,0.3648061945527237f,0f,0.8748042814445546f,0.4844764897972618f,-2.136532235438978f,0.5236203407916054f,0.4127505803456965f,-0.7452910150629577f,-1.2997616429995995f,0f,0f,0f,1f], start_interpolation: 0, interpolation_duration: 1 }
$data merge entity $(bone_left_leg1) { transformation: [-1.1359356309691988f,0.39336798002759493f,-0.5767925557437399f,0.6046099070623264f,0f,1.1015472677622666f,0.7512465605001213f,-1.125f,0.6981604543888071f,0.6400258017863594f,-0.9384650929859457f,-0.19342344148324775f,0f,0f,0f,1f], start_interpolation: 0, interpolation_duration: 1 }
$data merge entity $(bone_tail3) { transformation: [-0.1320530826959646f,-0.07710931053948372f,0.9882389071366388f,2.058172894854837f,0.022876764620010606f,0.9964671009903989f,0.08080823153807337f,-1.7170425073417959f,-0.9909786259001824f,0.03327868494871332f,-0.12982254094367002f,-1.672070512196942f,0f,0f,0f,1f], start_interpolation: 0, interpolation_duration: 1 }
$data merge entity $(bone_tail2) { transformation: [-0.2574709222032239f,0.43246168432589593f,1.4571965299577614f,0.08682771412945545f,-0.4967365507304537f,1.3728668155642871f,-0.4952026019740766f,-1.2793301660210985f,-1.4365575639351678f,-0.552222518033712f,-0.0899375738402673f,-1.604250041834284f,0f,0f,0f,1f], start_interpolation: 0, interpolation_duration: 1 }
$data merge entity $(bone_tail1) { transformation: [-0.8442961033180124f,0.22479695396221483f,0.4864467282358161f,-0.36535076216217854f,0f,0.9077582856756516f,-0.4194936170994764f,-0.75f,-0.535876935426428f,-0.35417682628386626f,-0.7664167833505917f,-0.5345710797148375f,0f,0f,0f,1f], start_interpolation: 0, interpolation_duration: 1 }
$data merge entity $(bone_body1) { transformation: [-1.115839008664815f,0f,-0.7298500424879764f,0.5f,0f,1.3333333333333333f,0f,-1.1875f,0.7298500424879764f,0f,-1.115839008664815f,-0.12499999999999994f,0f,0f,0f,1f], start_interpolation: 0, interpolation_duration: 1 }
data modify entity @s data merge value {"locators":{"head":{"posx":3.3535888553184963,"posy":-0.3221142965223506,"posz":1.442533532254512,"roty":244.39459218731037,"rotx":-2.581255167158788},"neck":{"posx":2.371775918184815,"posy":-1.0658338721733553,"posz":1.2457498461227807,"roty":284.42232808884313,"rotx":5.492803919502555},"right_arm":{"posx":2.653249781449124,"posy":-3.3113397395620154,"posz":1.8384446186200532,"roty":277.8769873424576,"rotx":6.307015618875508},"left_arm":{"posx":2.9425282857729167,"posy":-2.9784143301734733,"posz":0.01605508322437893,"roty":277.8769873424576,"rotx":6.307015618875508},"tail1":{"posx":0.5471478544820665,"posy":-2.127768975765371,"posz":-1.2592309054005568,"roty":86.46820793697589,"rotx":-18.73626751205107},"tail2":{"posx":2.7152632502022684,"posy":-2.9794509471515283,"posz":-1.7887739654729424,"roty":82.51604776991321,"rotx":4.6350244101052285}},"cameras":{}}