# This file was generated by Animated Java via MC-Build. It is not recommended to edit this file directly.
$data merge entity $(bone_jaw) { transformation: [0.4323842186000766f,0.522123572240498f,-0.7351400293933279f,3.34565554198231f,-0.1979904719531572f,0.8503707451276218f,0.48751345504186794f,0.2920657409633388f,0.8796838412301133f,-0.06524240294405886f,0.4710623826381362f,1.5554632982819097f,0f,0f,0f,1f], start_interpolation: 0, interpolation_duration: 1 }
$data merge entity $(bone_head) { transformation: [0.48643224592508616f,0.052802760144294976f,-1.0130254383012407f,3.1205387779153675f,-0.22273928094730183f,1.1016163566736075f,-0.04953398260029137f,0.2810581892743852f,0.9896443213838775f,0.22198709699059332f,0.48677597097877945f,1.663635736277194f,0f,0f,0f,1f], start_interpolation: 0, interpolation_duration: 1 }
$data merge entity $(bone_neck) { transformation: [-0.2455618174927911f,0.046935786794928866f,-0.9682439907934252f,2.4067521706724935f,-0.18016653876320282f,0.9792145392654289f,0.09316063761740279f,-0.5935809712493919f,0.9524911611661939f,0.1973218639916385f,-0.23200144372641474f,0.7892345021752691f,0f,0f,0f,1f], start_interpolation: 0, interpolation_duration: 1 }
$data merge entity $(bone_right_arm2) { transformation: [-0.13793298833681844f,0.08356754269706089f,-0.9869098016212273f,2.2820115568863235f,-0.17743687013906484f,0.9782288171283173f,0.10763149378776472f,-2.2639414973977683f,0.974418107304933f,0.18996011988653802f,-0.12010206080232066f,1.8785108637830887f,0f,0f,0f,1f], start_interpolation: 0, interpolation_duration: 1 }
$data merge entity $(bone_right_arm1) { transformation: [-0.15661141384076258f,0.09488398077062121f,-1.120553837257435f,1.7562975269168777f,-0.2014647796370632f,1.1106973027811102f,0.12220659190485784f,-0.8505705010193056f,1.106370559335809f,0.21568388612117334f,-0.13636588153596824f,1.7407576957997828f,0f,0f,0f,1f], start_interpolation: 0, interpolation_duration: 1 }
$data merge entity $(bone_left_arm2) { transformation: [-0.13793298833681844f,0.08356754269706089f,-0.9869098016212273f,2.5233942864757557f,-0.17743687013906484f,0.9782288171283173f,0.10763149378776472f,-1.9534269746544046f,0.974418107304933f,0.18996011988653802f,-0.12010206080232066f,0.17327917599945597f,0f,0f,0f,1f], start_interpolation: 0, interpolation_duration: 1 }
$data merge entity $(bone_left_arm1) { transformation: [-0.15661141384076258f,0.09488398077062121f,-1.120553837257435f,1.9114721387957985f,-0.2014647796370632f,1.1106973027811102f,0.12220659190485784f,-0.6509540221128577f,1.106370559335809f,0.21568388612117334f,-0.13636588153596824f,0.6445373250817332f,0f,0f,0f,1f], start_interpolation: 0, interpolation_duration: 1 }
$data merge entity $(bone_body2) { transformation: [-0.21839389819996255f,0.1323152759370131f,-1.5626071859002768f,0.982846359423413f,-0.28094171105351934f,1.5488622937865026f,0.1704165318306275f,-0.5f,1.5428286698994773f,0.3007701898203519f,-0.19016159627034107f,0.6047152822790245f,0f,0f,0f,1f], start_interpolation: 0, interpolation_duration: 1 }
$data merge entity $(bone_right_leg2) { transformation: [-0.8339603226045993f,-0.04025670677424692f,-0.5503540477555561f,-0.34480199852593274f,0f,0.997335451304142f,-0.07295202239803411f,-2.3987259985675498f,0.5518244107696149f,-0.06083909213372246f,-0.831738194714606f,1.3165249438909088f,0f,0f,0f,1f], start_interpolation: 0, interpolation_duration: 1 }
$data merge entity $(bone_right_leg1) { transformation: [-1.1119470968061322f,-0.49503925514203073f,-0.5443230360278855f,-0.4382053629301742f,0f,0.9864062288740227f,-0.8970956077343746f,-1.125f,0.7357658810261531f,-0.748142142433328f,-0.8226236568509663f,0.49580246211581674f,0f,0f,0f,1f], start_interpolation: 0, interpolation_duration: 1 }
$data merge entity $(bone_left_leg2) { transformation: [-0.8512873472783808f,0.2574107999959608f,-0.4572193482445562f,0.3587713189819306f,-1.734723475976807e-18f,0.8713923109797649f,0.4905868326457048f,-2.127873484386189f,0.5246997735503012f,0.417630363372665f,-0.7418052488527419f,-1.3069357892881266f,0f,0f,0f,1f], start_interpolation: 0, interpolation_duration: 1 }
$data merge entity $(bone_left_leg1) { transformation: [-1.1350497963711743f,0.3988336562366182f,-0.5747794813565146f,0.6042450403255749f,-2.3129646346357427e-18f,1.095444500513802f,0.7601178356490818f,-1.125f,0.6995996980670682f,0.647078695928691f,-0.9325380429330854f,-0.1939780513462018f,0f,0f,0f,1f], start_interpolation: 0, interpolation_duration: 1 }
$data merge entity $(bone_tail3) { transformation: [-0.10582040549753872f,-0.09550856546906161f,0.9897879347124708f,2.080705628306746f,0.025177567412123222f,0.9948002591209543f,0.09868401366021906f,-1.686208119518183f,-0.9940664625061768f,0.03536323479157853f,-0.10286549346370359f,-1.610319716109061f,0f,0f,0f,1f], start_interpolation: 0, interpolation_duration: 1 }
$data merge entity $(bone_tail2) { transformation: [-0.21076919969375718f,0.4255055719960027f,1.4667165587706164f,0.10012588836822611f,-0.5028350095256884f,1.3787259872367332f,-0.4722369282727758f,-1.2791409441827293f,-1.4420365490398863f,-0.5429509843711128f,-0.049708459186396804f,-1.5964162915328048f,0f,0f,0f,1f], start_interpolation: 0, interpolation_duration: 1 }
$data merge entity $(bone_tail1) { transformation: [-0.8366302129119327f,0.22928246158185905f,0.4974730541988155f,-0.36793954774399795f,2.7755575615628914e-17f,0.9081818710472345f,-0.4185757865681487f,-0.75f,-0.5477680958607706f,-0.35019314943628993f,-0.7598123921370052f,-0.5306129828068111f,0f,0f,0f,1f], start_interpolation: 0, interpolation_duration: 1 }
$data merge entity $(bone_body1) { transformation: [-1.1119470968061322f,0f,-0.7357658810261531f,0.5f,0f,1.3333333333333333f,0f,-1.1875f,0.7357658810261531f,0f,-1.1119470968061322f,-0.12499999999999994f,0f,0f,0f,1f], start_interpolation: 0, interpolation_duration: 1 }
data modify entity @s data merge value {"locators":{"head":{"posx":3.372599866252215,"posy":-0.3171914581553158,"posz":1.4050940237883145,"roty":244.33492278592257,"rotx":-2.5235608538968077},"neck":{"posx":2.3874008407271776,"posy":-1.0625147725577044,"posz":1.2204845642273034,"roty":283.4746310933599,"rotx":5.345462577437105},"right_arm":{"posx":2.683278103228825,"posy":-3.3070758658036596,"posz":1.8095029060042693,"roty":276.93849600114766,"rotx":6.178799485189606},"left_arm":{"posx":2.9419024563603595,"posy":-2.974381734292913,"posz":-0.017531045192480055,"roty":276.93849600114766,"rotx":6.178799485189606},"tail1":{"posx":0.5642888754727773,"posy":-2.1196942430525922,"posz":-1.2375233783105306,"roty":88.05893291648809,"rotx":-17.837345837198015},"tail2":{"posx":2.7628163337606546,"posy":-2.9363737019305622,"posz":-1.714595801846341,"roty":84.06673306352862,"rotx":5.663395174399532}},"cameras":{}}