# This file was generated by Animated Java via MC-Build. It is not recommended to edit this file directly.
$data merge entity $(bone_jaw) { transformation: [0.35956363295567695f,0.53851408859997f,-0.7620476167767071f,3.432516068051667f,-0.200662433755376f,0.8421827286283803f,0.5004626252572966f,0.29026642342651415f,0.911289515760543f,-0.02703383027615089f,0.4108778291481735f,1.420812210326564f,0f,0f,0f,1f], start_interpolation: 0, interpolation_duration: 1 }
$data merge entity $(bone_head) { transformation: [0.40450908707513655f,0.06678533565788315f,-1.047634057013566f,3.1997084998264302f,-0.225745237974798f,1.101988209985296f,-0.016913680412756676f,0.2865078277792349f,1.025200705230611f,0.21630234394122255f,0.40963619224891684f,1.5118424752707678f,0f,0f,0f,1f], start_interpolation: 0, interpolation_duration: 1 }
$data merge entity $(bone_neck) { transformation: [-0.18432850858697375f,0.05936474280700725f,-0.9810702463297722f,2.431678139744532f,-0.17853957021674483f,0.9795450755424854f,0.0928173844023126f,-0.5895749050494044f,0.9665126087066439f,0.1922687501699756f,-0.1699591272016703f,0.6862088330104896f,0f,0f,0f,1f], start_interpolation: 0, interpolation_duration: 1 }
$data merge entity $(bone_right_arm2) { transformation: [-0.07415166108263616f,0.092999060155711f,-0.9929011561927201f,2.382202423568208f,-0.17672773476244807f,0.9786577507259091f,0.10486331441375563f,-2.259057928468844f,0.9814626018980142f,0.18324896112736577f,-0.056133584611367304f,1.7828245761143022f,0f,0f,0f,1f], start_interpolation: 0, interpolation_duration: 1 }
$data merge entity $(bone_right_arm1) { transformation: [-0.08419303185424312f,0.10559268288513017f,-1.1273565210938175f,1.8448165392284073f,-0.20065961551152955f,1.1111843211367092f,0.11906355490728501f,-0.8472486848683662f,1.1143689959050367f,0.2080639246133632f,-0.06373500752748995f,1.6780399350805253f,0f,0f,0f,1f], start_interpolation: 0, interpolation_duration: 1 }
$data merge entity $(bone_left_arm2) { transformation: [-0.07415166108263616f,0.092999060155711f,-0.9929011561927201f,2.5119678304628215f,-0.17672773476244807f,0.9786577507259091f,0.10486331441375563f,-1.94978439263456f,0.9814626018980142f,0.18324896112736577f,-0.056133584611367304f,0.06526502279277735f,0f,0f,0f,1f], start_interpolation: 0, interpolation_duration: 1 }
$data merge entity $(bone_left_arm1) { transformation: [-0.08419303185424312f,0.10559268288513017f,-1.1273565210938175f,1.928237157946373f,-0.20065961551152955f,1.1111843211367092f,0.11906355490728501f,-0.6484299832606122f,1.1143689959050367f,0.2080639246133632f,-0.06373500752748995f,0.5738945079452593f,0f,0f,0f,1f], start_interpolation: 0, interpolation_duration: 1 }
$data merge entity $(bone_body2) { transformation: [-0.11740679671417392f,0.1472485119132091f,-1.5720934973051404f,0.998570286457765f,-0.27981891337387615f,1.5495414386493562f,0.1660335811551131f,-0.5f,1.5539824530051891f,0.2901441884516625f,-0.08887817563466491f,0.5940637450611888f,0f,0f,0f,1f], start_interpolation: 0, interpolation_duration: 1 }
$data merge entity $(bone_right_leg2) { transformation: [-0.8217871372127871f,-0.05706537844980325f,-0.5669298401865901f,-0.272025155803423f,0f,0.9949722709864881f,-0.10015078615762574f,-2.3540063625649297f,0.5697946130945887f,-0.08230262784608527f,-0.8176554141800915f,1.394073079078693f,0f,0f,0f,1f], start_interpolation: 0, interpolation_duration: 1 }
$data merge entity $(bone_right_leg1) { transformation: [-1.0957161829503828f,-0.5428248827765982f,-0.5315307807051193f,-0.4245105293643855f,0f,0.9328462721301343f,-0.9526676284784157f,-1.125f,0.7597261507927848f,-0.7828900031225723f,-0.7666010674334436f,0.5160189397314123f,0f,0f,0f,1f], start_interpolation: 0, interpolation_duration: 1 }
$data merge entity $(bone_left_leg2) { transformation: [-0.8406221204677696f,0.28772592983080875f,-0.45887715118892924f,0.3077988751650661f,1.734723475976807e-18f,0.8472275950741297f,0.5312300839983619f,-2.0710310222756285f,0.5416220551087916f,0.44656375966697426f,-0.7121982574900237f,-1.3463253370582515f,0f,0f,0f,1f], start_interpolation: 0, interpolation_duration: 1 }
$data merge entity $(bone_left_leg1) { transformation: [-1.120829493957026f,0.44174915416863625f,-0.5712938893819093f,0.6027233921515984f,2.3129646346357427e-18f,1.054783282905933f,0.8156040729912768f,-1.125f,0.7221627401450554f,0.6856148253000766f,-0.8866741599103407f,-0.19622432663682354f,0f,0f,0f,1f], start_interpolation: 0, interpolation_duration: 1 }
$data merge entity $(bone_tail3) { transformation: [-0.01855904620376788f,-0.23782531369241414f,0.9711306204476882f,2.1739014641931442f,0.03595843715804653f,0.970510774283537f,0.2383607094231774f,-1.4317180458072756f,-0.9991809408716508f,0.03934408680697038f,-0.009459927704181033f,-1.3974379082801476f,0f,0f,0f,1f], start_interpolation: 0, interpolation_duration: 1 }
$data merge entity $(bone_tail2) { transformation: [-0.017127367417200674f,0.3016059782583885f,1.511779282261557f,0.15930270420456782f,-0.5141671098452328f,1.424181985468773f,-0.28995511123402407f,-1.2675259082954666f,-1.4532979555307532f,-0.5074205526544382f,0.08476760174210494f,-1.5643863004203693f,0f,0f,0f,1f], start_interpolation: 0, interpolation_duration: 1 }
$data merge entity $(bone_tail1) { transformation: [-0.8024285172204143f,0.24252503771371858f,0.5452431391896708f,-0.37829710582253073f,0f,0.9136903853862066f,-0.4064109738341293f,-0.75f,-0.5967482507317868f,-0.3261157551158249f,-0.7331712211440025f,-0.5142161475723855f,0f,0f,0f,1f], start_interpolation: 0, interpolation_duration: 1 }
$data merge entity $(bone_body1) { transformation: [-1.0957161829503828f,0f,-0.7597261507927848f,0.5f,0f,1.3333333333333333f,0f,-1.1875f,0.7597261507927848f,0f,-1.0957161829503828f,-0.12499999999999994f,0f,0f,0f,1f], start_interpolation: 0, interpolation_duration: 1 }
data modify entity @s data merge value {"locators":{"head":{"posx":3.453614995853597,"posy":-0.3210095998757194,"posz":1.2778866752342783,"roty":248.64396671142055,"rotx":-0.8614391242493638},"neck":{"posx":2.439885887689639,"posy":-1.0577762665364978,"posz":1.1186092469502795,"roty":279.8282882118093,"rotx":5.325710031695213},"right_arm":{"posx":2.781019462691192,"posy":-3.301192819824284,"posz":1.688983819911246,"roty":273.2357676981163,"rotx":6.019291578567751},"left_arm":{"posx":2.9200538272211354,"posy":-2.969828317144694,"posz":-0.15125855864753066,"roty":273.2357676981163,"rotx":6.019291578567751},"tail1":{"posx":0.6881360190941976,"posy":-2.0479862797620507,"posz":-1.1618963208766697,"roty":93.20929483381262,"rotx":-10.840697494305989},"tail2":{"posx":3.032308162416262,"posy":-2.5714355380038807,"posz":-1.454398231547898,"roty":89.44189094894546,"rotx":13.789808284742351}},"cameras":{}}