# This file was generated by Animated Java via MC-Build. It is not recommended to edit this file directly.
$data merge entity $(bone_jaw) { transformation: [-0.8657502095630216f,0.1584828505682841f,-0.474720718651857f,1.3587617636147875f,-0.027095822094149374f,0.9323039939873795f,0.3606592286635996f,0.09538300734863854f,0.4997423246700512f,0.32510375093334654f,-0.8028481550470437f,3.2481340329375255f,0f,0f,0f,1f], start_interpolation: 0, interpolation_duration: 1 }
$data merge entity $(bone_head) { transformation: [-0.9739689857583993f,0.09057704353029546f,-0.5557024509268126f,1.2352723300754958f,-0.030482799855918046f,1.1002356583878663f,0.23276016610400183f,0.1471074887050834f,0.5622101152538076f,0.21656937733005902f,-0.9500749923606931f,3.0370062568573712f,0f,0f,0f,1f], start_interpolation: 0, interpolation_duration: 1 }
$data merge entity $(bone_neck) { transformation: [-0.9732767815794758f,0.08051292758248485f,-0.215058073390411f,1.4616310506791346f,0.035466324745339006f,0.9779872519003256f,0.20562848764095729f,-0.7426639826034045f,0.22687980572839883f,0.19250611318227467f,-0.9547077825911432f,1.9433285353817011f,0f,0f,0f,1f], start_interpolation: 0, interpolation_duration: 1 }
$data merge entity $(bone_right_arm2) { transformation: [-0.937417311747509f,0.08235873348559293f,-0.3383279808923924f,0.11772806405809325f,0.009606272979281346f,0.977373137456129f,0.21130421126567828f,-2.1740487819623926f,0.3480754273940082f,0.19483015474461843f,-0.9169976595644433f,2.313800961771406f,0f,0f,0f,1f], start_interpolation: 0, interpolation_duration: 1 }
$data merge entity $(bone_right_arm1) { transformation: [-1.0643592393799841f,0.09351147864510029f,-0.3841432283049038f,0.28616632481551074f,0.010907122445225693f,1.1097257498199797f,0.23991832320790552f,-0.748976854112095f,0.3952106415202801f,0.2212134048662855f,-1.041174425963795f,1.8303060778625357f,0f,0f,0f,1f], start_interpolation: 0, interpolation_duration: 1 }
$data merge entity $(bone_left_arm2) { transformation: [-0.937417311747509f,0.08235873348559293f,-0.3383279808923924f,1.758208359616234f,0.009606272979281346f,0.977373137456129f,0.21130421126567828f,-2.190859759676135f,0.3480754273940082f,0.19483015474461843f,-0.9169976595644433f,1.7046689638318921f,0f,0f,0f,1f], start_interpolation: 0, interpolation_duration: 1 }
$data merge entity $(bone_left_arm1) { transformation: [-1.0643592393799841f,0.09351147864510029f,-0.3841432283049038f,1.3407608005314584f,0.010907122445225693f,1.1097257498199797f,0.23991832320790552f,-0.7597839112137865f,0.3952106415202801f,0.2212134048662855f,-1.041174425963795f,1.4387212220442767f,0f,0f,0f,1f], start_interpolation: 0, interpolation_duration: 1 }
$data merge entity $(bone_body2) { transformation: [-1.484244076933556f,0.13040132801885548f,-0.535685969746288f,0.9701371573034708f,0.015209932217195465f,1.547507467638871f,0.3345650011706573f,-0.5f,0.5511194267071797f,0.30848107834564586f,-1.4519129609770354f,0.6129675150862752f,0f,0f,0f,1f], start_interpolation: 0, interpolation_duration: 1 }
$data merge entity $(bone_right_leg2) { transformation: [-0.9487330856015586f,0.022965612528599966f,-0.3152429427063073f,-0.7831520000314321f,0f,0.9973569167005722f,0.0726579707226106f,-2.5945108553928793f,0.3160783641519077f,0.06893302075721003f,-0.9462255050273906f,0.6623400735813312f,0f,0f,0f,1f], start_interpolation: 0, interpolation_duration: 1 }
$data merge entity $(bone_right_leg1) { transformation: [-1.2649774474687447f,-0.1084181356198963f,-0.4072534137879547f,-0.44881537653949655f,0f,1.2884571042395934f,-0.3430103035074884f,-1.125f,0.4214378188692103f,-0.32542522363978654f,-1.2224018841704782f,0.4794620593901768f,0f,0f,0f,1f], start_interpolation: 0, interpolation_duration: 1 }
$data merge entity $(bone_left_leg2) { transformation: [-0.6453058982038558f,-0.521385188148995f,-0.5583348308337497f,1.6420913061592481f,2.7755575615628914e-17f,0.730877194503473f,-0.6825089937537325f,-2.1651575029895436f,0.7639242748750135f,-0.4404270792464621f,-0.4716393644757778f,0.19264999897374893f,0f,0f,0f,1f], start_interpolation: 0, interpolation_duration: 1 }
$data merge entity $(bone_left_leg1) { transformation: [-0.8604078642718076f,-0.8568219145733954f,-0.5507561089845353f,0.6054239307266107f,3.700743415417188e-17f,0.7209564181929486f,-1.1216058224011551f,-1.125f,1.0185656998333512f,-0.7237788526552518f,-0.46523742900783543f,-0.19216245104335292f,0f,0f,0f,1f], start_interpolation: 0, interpolation_duration: 1 }
$data merge entity $(bone_tail3) { transformation: [0.1416931605126897f,0.00016759971816532326f,-0.9899106122141837f,-3.0094628436695023f,-0.023879269349375128f,0.9997095708651528f,-0.003248756062256386f,-1.7034003571402292f,0.9896225688409018f,0.02409866865506312f,0.14165601084948143f,-0.42400179573324526f,0f,0f,0f,1f], start_interpolation: 0, interpolation_duration: 1 }
$data merge entity $(bone_tail2) { transformation: [0.3119640517034985f,-0.6470451775545492f,-1.3640920349299201f,-1.2508462684389503f,0.3837613581983445f,1.3811432718828025f,-0.5673681288173837f,-1.1520506242478221f,1.4601855229763134f,-0.22474855249228942f,0.4405478836109897f,-0.8126534651792319f,0f,0f,0f,1f], start_interpolation: 0, interpolation_duration: 1 }
$data merge entity $(bone_tail1) { transformation: [-0.44645405307576314f,-0.3409910405352599f,-0.8272870655140842f,-0.32333347662547895f,0f,0.9245429159566458f,-0.3810779402620708f,-0.75f,0.8948065592586053f,-0.17013379096776504f,-0.41276593207132906f,-0.48679518506522584f,0f,0f,0f,1f], start_interpolation: 0, interpolation_duration: 1 }
data modify entity @s data merge value {"locators":{"head":{"posx":1.3393135422605573,"posy":-0.5287901454281762,"posz":3.180599656218642,"roty":329.6764735643503,"rotx":11.940624408593996},"neck":{"posx":0.9716825712197662,"posy":-1.1173796006484769,"posz":2.1039171186264403,"roty":347.3054040400663,"rotx":11.866292584391859},"right_arm":{"posx":0.14594473903447722,"posy":-3.2564736329901556,"posz":2.599224351021135,"roty":339.7483675030019,"rotx":12.198793306091536},"left_arm":{"posx":1.9036021985610565,"posy":-3.274485394826308,"posz":1.9465829246573698,"roty":339.7483675030019,"rotx":12.198793306091536},"tail1":{"posx":-1.5696732288571205,"posy":-2.1080894646254524,"posz":-0.6252492096248103,"roty":252.10159134928512,"rotx":-21.59371564226447},"tail2":{"posx":-3.5665075376700726,"posy":-3.0173465941857613,"posz":-0.37594979224018227,"roty":261.85627293071695,"rotx":-0.18614033846956396}},"cameras":{}}