# This file was generated by Animated Java via MC-Build. It is not recommended to edit this file directly.
$data merge entity $(bone_jaw) { transformation: [-0.8677772698724724f,-0.12012222810801415f,0.48221702604433664f,-0.5660682121175631f,0.18850802008739742f,0.8182589285059186f,0.5430626596287716f,0.1980235765596736f,-0.4598122837152217f,0.5621592089743901f,-0.6874224956385122f,3.231207821612479f,0f,0f,0f,1f], start_interpolation: 0, interpolation_duration: 1 }
$data merge entity $(bone_head) { transformation: [-0.9762494286065314f,-0.033801882611163465f,0.5580497163133066f,-0.44205716404793943f,0.2120715225983221f,1.0166263713965902f,0.4325754157182671f,0.2941514467192885f,-0.5172888191796244f,0.4805759603985028f,-0.8758333310846341f,3.03657819248256f,0f,0f,0f,1f], start_interpolation: 0, interpolation_duration: 1 }
$data merge entity $(bone_neck) { transformation: [-0.8640339072945167f,-0.030046117876589746f,0.5025362055075402f,0.43019445681807195f,0.1913855058214627f,0.9036678856858579f,0.3830873797732236f,-0.4504299386669227f,-0.46563611888129275f,0.42717863146533586f,-0.775049302697944f,2.1857913975492074f,0f,0f,0f,1f], start_interpolation: 0, interpolation_duration: 1 }
$data merge entity $(bone_right_arm2) { transformation: [-0.9984826435682809f,-0.007529992862758857f,0.054550065997982775f,-0.9421229507227203f,-0.00704968937474091f,0.9999347216606563f,0.008991901753539977f,-1.8992154055231736f,-0.054614214016290116f,0.008593696812923463f,-0.9984705483901216f,2.285556641931379f,0f,0f,0f,1f], start_interpolation: 0, interpolation_duration: 1 }
$data merge entity $(bone_right_arm1) { transformation: [-1.1336938348848187f,-0.008549679396257451f,0.06193705410187627f,-0.6024770698663904f,-0.00800433481090374f,1.1353425485522033f,0.010209555115998515f,-0.578416122958397f,-0.06200988883099606f,0.009757426589673513f,-1.1336801018179505f,1.627454308860223f,0f,0f,0f,1f], start_interpolation: 0, interpolation_duration: 1 }
$data merge entity $(bone_left_arm2) { transformation: [-0.9984826435682809f,-0.007529992862758857f,0.054550065997982775f,0.8052216755217714f,-0.00704968937474091f,0.9999347216606563f,0.008991901753539977f,-1.886878449117377f,-0.054614214016290116f,0.008593696812923463f,-0.9984705483901216f,2.3811315164598863f,0f,0f,0f,1f], start_interpolation: 0, interpolation_duration: 1 }
$data merge entity $(bone_left_arm1) { transformation: [-1.1336938348848187f,-0.008549679396257451f,0.06193705410187627f,0.5208159041479258f,-0.00800433481090374f,1.1353425485522033f,0.010209555115998515f,-0.5704852224118134f,-0.06200988883099606f,0.009757426589673513f,-1.1336801018179505f,1.6888952996285493f,0f,0f,0f,1f], start_interpolation: 0, interpolation_duration: 1 }
$data merge entity $(bone_body2) { transformation: [-1.580930852316445f,-0.01192248869936819f,0.0863709378301394f,0.5090808012440946f,-0.011162008176673108f,1.583229975962706f,0.014237177776438298f,-0.5f,-0.08647250552579269f,0.01360668662046215f,-1.5809117016176928f,0.7499528781875999f,0f,0f,0f,1f], start_interpolation: 0, interpolation_duration: 1 }
$data merge entity $(bone_right_leg2) { transformation: [-0.9999461465001143f,0.005149223352352036f,-0.00901052708999374f,-1.0099371134356425f,0f,0.8682285837796256f,0.4961644145926084f,-2.2350752286117612f,0.01037805856467955f,0.4961376944023639f,-0.8681818266316883f,-1.0746764713796932f,0f,0f,0f,1f], start_interpolation: 0, interpolation_duration: 1 }
$data merge entity $(bone_right_leg1) { transformation: [-1.333261528666819f,0.006654514603019729f,-0.012132245884118863f,-0.6249394148126286f,0f,1.169028466018632f,0.6412099682755263f,-1.125f,0.013837411419572733f,0.641175436874573f,-1.168965509744271f,-0.11332468411473545f,0f,0f,0f,1f], start_interpolation: 0, interpolation_duration: 1 }
$data merge entity $(bone_left_leg2) { transformation: [-0.9999461465001143f,-0.005036283047538014f,-0.00907413646784088f,1.004340533207524f,0f,0.8743578012484523f,-0.48528181028756057f,-2.5345955510726395f,0.01037805856467955f,-0.4852556761636457f,-0.8743107140207026f,0.2906242401017678f,0f,0f,0f,1f], start_interpolation: 0, interpolation_duration: 1 }
$data merge entity $(bone_left_leg1) { transformation: [-1.333261528666819f,-0.006684800189822604f,-0.012115585054658713f,0.6249932683125143f,0f,1.167423076209323f,-0.644128200680376f,-1.125f,0.013837411419572733f,-0.6440935121223943f,-1.1673602063908217f,-0.1262972573205849f,0f,0f,0f,1f], start_interpolation: 0, interpolation_duration: 1 }
$data merge entity $(bone_tail3) { transformation: [-0.3365303316226618f,0.3520961306064033f,-0.8733702827036993f,-2.3881567016914187f,0.23097353369726106f,0.9299986616614014f,0.2859260674359765f,-0.5792661635716313f,0.912906656032993f,-0.10550262612845664f,-0.3942976455048364f,-2.5354237350314737f,0f,0f,0f,1f], start_interpolation: 0, interpolation_duration: 1 }
$data merge entity $(bone_tail2) { transformation: [-0.5983201609838315f,-0.0009103499668948835f,-1.4208266140998098f,-0.7052283986677214f,0.008413845180979675f,1.5416370485294697f,-0.004530885313791918f,-0.7605593055700831f,1.4208019929887006f,-0.00951277958296126f,-0.5983036978450438f,-1.690011323675559f,0f,0f,0f,1f], start_interpolation: 0, interpolation_duration: 1 }
$data merge entity $(bone_tail1) { transformation: [-0.8322934619531152f,-0.005481389060540978f,-0.5543081702122613f,-0.007775184168967719f,0f,0.9999511103585423f,-0.009888219896337145f,-0.75f,0.5543352714649307f,-0.008229900770076116f,-0.8322527714241728f,-0.8715595467454686f,0f,0f,0f,1f], start_interpolation: 0, interpolation_duration: 1 }
$data merge entity $(bone_body1) { transformation: [-1.333261528666819f,0f,-0.013837411419572733f,0.5f,0f,1.3333333333333333f,0f,-1.1875f,0.013837411419572733f,0f,-1.333261528666819f,-0.12499999999999994f,0f,0f,0f,1f], start_interpolation: 0, interpolation_duration: 1 }
data modify entity @s data merge value {"locators":{"head":{"posx":-0.5782921504621005,"posy":-0.39080081953389134,"posz":3.0128785842291235,"roty":32.50383170690171,"rotx":22.613415734962405},"neck":{"posx":-0.05337222831390781,"posy":-0.741498565360041,"posz":1.889662514146303,"roty":32.95907536635204,"rotx":22.52505367609198},"right_arm":{"posx":-1.0242731560819704,"posy":-2.904086683646521,"posz":2.772784830937498,"roty":3.1271672749992376,"rotx":0.5152049631890452},"left_arm":{"posx":0.8478818006085564,"posy":-2.890868516068882,"posz":2.8751864822180417,"roty":3.1271672749992376,"rotx":0.5152049631890452},"tail1":{"posx":-1.2898849486755934,"posy":-1.513247630347136,"posz":-2.0673947550516676,"roty":292.83574060337105,"rotx":-0.16838982464027621},"tail2":{"posx":-3.341553657133154,"posy":-1.639055994069484,"posz":-2.618743963834345,"roty":294.29759363357016,"rotx":16.61421203322396}},"cameras":{}}