# This file was generated by Animated Java via MC-Build. It is not recommended to edit this file directly.
$data merge entity $(bone_jaw) { transformation: [-0.8298609043768931f,-0.12470265963551949f,0.5438567146469673f,-0.6849417526922398f,0.2035274612951282f,0.8398960851043841f,0.50314127114071f,0.25080305127788477f,-0.5195261801733626f,0.5282270467385753f,-0.6716165090349683f,3.168835899432336f,0f,0f,0f,1f], start_interpolation: 0, interpolation_duration: 1 }
$data merge entity $(bone_head) { transformation: [-0.9335935174240048f,-0.03998099936279165f,0.6264420674841584f,-0.5457324043624268f,0.2289683939570192f,1.023670652013915f,0.4065671786730324f,0.3411513132052253f,-0.5844669526950329f,0.4648923702270866f,-0.8413670217640001f,2.9818654501514468f,0f,0f,0f,1f], start_interpolation: 0, interpolation_duration: 1 }
$data merge entity $(bone_neck) { transformation: [-0.8406631899258271f,-0.03553866610025924f,0.5403909735696434f,0.3514266893573475f,0.19637282411023443f,0.9099294684568133f,0.36533009236151365f,-0.4270044590415263f,-0.5047010155078983f,0.413237662424077f,-0.7579653813331984f,2.1793040692465904f,0f,0f,0f,1f], start_interpolation: 0, interpolation_duration: 1 }
$data merge entity $(bone_right_arm2) { transformation: [-0.9945964155771736f,0.006265549936336269f,0.10362776174864238f,-1.0445803154226203f,0.005538413005890977f,0.9999579946766666f,-0.00730307220256141f,-1.8554594324681541f,-0.10366916659457764f,-0.006689676091928821f,-0.9945893384364075f,2.23286087551802f,0f,0f,0f,1f], start_interpolation: 0, interpolation_duration: 1 }
$data merge entity $(bone_right_arm1) { transformation: [-1.129281346853249f,0.007114009823548472f,0.11766068781877102f,-0.6543013150611204f,0.006288406433772046f,1.135368973122465f,-0.008292029896658266f,-0.5497661806586311f,-0.11770769957092668f,-0.007595569729377514f,-1.129273311349671f,1.5726971200331388f,0f,0f,0f,1f], start_interpolation: 0, interpolation_duration: 1 }
$data merge entity $(bone_left_arm2) { transformation: [-0.9945964155771736f,0.006265549936336269f,0.10362776174864238f,0.6959634118374338f,0.005538413005890977f,0.9999579946766666f,-0.00730307220256141f,-1.8651516552284635f,-0.10366916659457764f,-0.006689676091928821f,-0.9945893384364075f,2.4142819170585312f,0f,0f,0f,1f], start_interpolation: 0, interpolation_duration: 1 }
$data merge entity $(bone_left_arm1) { transformation: [-1.129281346853249f,0.007114009823548472f,0.11766068781877102f,0.4646196524632f,0.006288406433772046f,1.135368973122465f,-0.008292029896658266f,-0.5559968952902585f,-0.11770769957092668f,-0.007595569729377514f,-1.129273311349671f,1.6893249324520387f,0f,0f,0f,1f], start_interpolation: 0, interpolation_duration: 1 }
$data merge entity $(bone_body2) { transformation: [-1.5747776579971917f,0.009920454065865761f,0.16407728943535047f,0.4999999999999999f,0.008769153925994047f,1.5832668249047221f,-0.011563197654055567f,-0.5f,-0.16414284710808127f,-0.010591987145553967f,-1.5747664525243121f,0.75f,0f,0f,0f,1f], start_interpolation: 0, interpolation_duration: 1 }
$data merge entity $(bone_right_leg2) { transformation: [-1f,-6.099994402131631e-17f,1.0619135866921965e-16f,-0.9999999999999998f,0f,0.8671182478340222f,0.49810234317181773f,-2.2021188987353257f,-1.2246467991473532e-16f,0.49810234317181773f,-0.8671182478340222f,-1.1269368133705835f,0f,0f,0f,1f], start_interpolation: 0, interpolation_duration: 1 }
$data merge entity $(bone_right_leg1) { transformation: [-1.3333333333333333f,-8.327693595180185e-17f,1.404540781703767e-16f,-0.625f,0f,1.1468945843664173f,0.6800077868147982f,-1.125f,-1.6328623988631375e-16f,0.6800077868147982f,-1.1468945843664173f,-0.12500000000000008f,0f,0f,0f,1f], start_interpolation: 0, interpolation_duration: 1 }
$data merge entity $(bone_left_leg2) { transformation: [-1f,6.204239827561723e-17f,1.0558569336244502e-16f,1f,0f,0.8621726152875907f,-0.5066146281426903f,-2.5217840847867534f,-1.2246467991473532e-16f,-0.5066146281426903f,-0.8621726152875907f,0.3365806760322963f,0f,0f,0f,1f], start_interpolation: 0, interpolation_duration: 1 }
$data merge entity $(bone_left_leg1) { transformation: [-1.3333333333333333f,8.300022771234058e-17f,1.4061777389757816e-16f,0.625f,0f,1.1482312614174286f,-0.6777482925699766f,-1.125f,-1.6328623988631375e-16f,-0.6777482925699766f,-1.1482312614174286f,-0.12499999999999993f,0f,0f,0f,1f], start_interpolation: 0, interpolation_duration: 1 }
$data merge entity $(bone_tail3) { transformation: [-0.26199435050675635f,0.32607260067198224f,-0.9083147138484288f,-2.4713208602860313f,0.2090193624868233f,0.9380231489397599f,0.2764479664579557f,-0.548965612317311f,0.9421623354858466f,-0.11742755700493412f,-0.3139122527836532f,-2.358297173697273f,0f,0f,0f,1f], start_interpolation: 0, interpolation_duration: 1 }
$data merge entity $(bone_tail2) { transformation: [-0.4778329336738987f,0.001389045524316176f,-1.4657454994507872f,-0.7275695638156446f,-0.0071029353159584065f,1.5416456782409782f,0.003776530408066389f,-0.7416320508685345f,1.4657289472878687f,0.007923662319730468f,-0.47782002863939294f,-1.659285507475719f,0f,0f,0f,1f], start_interpolation: 0, interpolation_duration: 1 }
$data merge entity $(bone_tail1) { transformation: [-0.8075622668567016f,0.004644958544532704f,-0.5897640286668772f,1.1102230246251565e-16f,4.336808689942018e-19f,0.9999689860612777f,0.00787571682961461f,-0.75f,0.5897823201396134f,0.006360131736045049f,-0.8075372211700429f,-0.875f,0f,0f,0f,1f], start_interpolation: 0, interpolation_duration: 1 }
data modify entity @s data merge value {"locators":{"head":{"posx":-0.697532423462031,"posy":-0.34048993198945865,"posz":2.95730497273751,"roty":36.66962524912239,"rotx":21.185772522223633},"neck":{"posx":-0.12312677751417428,"posy":-0.7157078592029033,"posz":1.866735110750262,"roty":35.48694767129419,"rotx":21.427898559346385},"right_arm":{"posx":-1.164822022206851,"posy":-2.851419740230672,"posz":2.7303658979159913,"roty":5.948271003851147,"rotx":-0.4184389343062031},"left_arm":{"posx":0.7000462570003497,"posy":-2.8618042646167177,"posz":2.924745585280825,"roty":5.948271003851147,"rotx":-0.4184389343062031},"tail1":{"posx":-1.3431453681225092,"posy":-1.4893617981835787,"posz":-1.9950650543991983,"roty":288.0555089369775,"rotx":0.14035425080539174},"tail2":{"posx":-3.410218175207749,"posy":-1.6246190141681458,"posz":-2.3807491473191016,"roty":289.0650756333606,"rotx":16.04832210719029}},"cameras":{}}