# This file was generated by Animated Java via MC-Build. It is not recommended to edit this file directly.
$data merge entity $(bone_jaw) { transformation: [-0.986746495147913f,0.03599780563945024f,0.1582261429171999f,-0.15617859666067774f,0.05585874466593251f,0.9908424449293359f,0.12292701074540849f,0.5529690844225142f,-0.15235207565916503f,0.13013611072872888f,-0.9797211020115593f,3.276441558138275f,0f,0f,0f,1f], start_interpolation: 0, interpolation_duration: 1 }
$data merge entity $(bone_head) { transformation: [-1.110089807041402f,0.045336188975843045f,0.17683396243914618f,-0.1168821605630897f,0.06284108774917407f,1.1180541647496804f,0.10784656868159849f,0.5769349885739806f,-0.17139608511656065f,0.11629494681644938f,-1.1057684510564028f,3.0307152356812965f,0f,0f,0f,1f], start_interpolation: 0, interpolation_duration: 1 }
$data merge entity $(bone_neck) { transformation: [-0.9897548183338571f,0.04029883464519382f,0.13697227278231527f,0.4464677084289516f,0.05388649217642601f,0.9938259242219382f,0.09698596963133463f,-0.4271472016745824f,-0.13221817403758698f,0.10337328605906611f,-0.9858155599215894f,2.1860150638260407f,0f,0f,0f,1f], start_interpolation: 0, interpolation_duration: 1 }
$data merge entity $(bone_right_arm2) { transformation: [-0.9992782311938433f,0.006046533804533361f,0.037502747780056786f,-0.9432635170153603f,0.005780285585641313f,0.9999573458638025f,-0.007203801188820825f,-1.8552872809506376f,-0.03754470616015454f,-0.0069818251174219755f,-0.9992705585362642f,2.331790696187672f,0f,0f,0f,1f], start_interpolation: 0, interpolation_duration: 1 }
$data merge entity $(bone_right_arm1) { transformation: [-1.1345971583346761f,0.006865335257230586f,0.0425812448752728f,-0.5972698550500452f,0.00656303259203024f,1.1353682364495257f,-0.008179315933140311f,-0.5496022170672242f,-0.042628885119342125f,-0.007927280602072867f,-1.1345884466713831f,1.6473612624024225f,0f,0f,0f,1f], start_interpolation: 0, interpolation_duration: 1 }
$data merge entity $(bone_left_arm2) { transformation: [-0.9992782311938433f,0.006046533804533361f,0.037502747780056786f,0.8054733875738654f,0.005780285585641313f,0.9999573458638025f,-0.007203801188820825f,-1.86540278072551f,-0.03754470616015454f,-0.0069818251174219755f,-0.9992705585362642f,2.3974939319679427f,0f,0f,0f,1f], start_interpolation: 0, interpolation_duration: 1 }
$data merge entity $(bone_left_arm1) { transformation: [-1.1345971583346761f,0.006865335257230586f,0.0425812448752728f,0.5269181550430285f,0.00656303259203024f,1.1353682364495257f,-0.008179315933140311f,-0.5561050383510707f,-0.042628885119342125f,-0.007927280602072867f,-1.1345884466713831f,1.6895990568325963f,0f,0f,0f,1f], start_interpolation: 0, interpolation_duration: 1 }
$data merge entity $(bone_body2) { transformation: [-1.5821905327235855f,0.009573678523844489f,0.059379350651756584f,0.4999999999999999f,0.00915211884393208f,1.5832657976176874f,-0.011406018548966309f,-0.5f,-0.05944578475357803f,-0.011054556435918128f,-1.582178384349085f,0.75f,0f,0f,0f,1f], start_interpolation: 0, interpolation_duration: 1 }
$data merge entity $(bone_right_leg2) { transformation: [-1f,-1.4618022824781685e-17f,1.2158910821003968e-16f,-1f,0f,0.9928504144598651f,0.11936521481099138f,-2.50787985845551f,-1.2246467991473532e-16f,0.11936521481099138f,-0.9928504144598651f,-0.6267028972191286f,0f,0f,0f,1f], start_interpolation: 0, interpolation_duration: 1 }
$data merge entity $(bone_right_leg1) { transformation: [-1.3333333333333333f,-2.1809700214064342e-17f,1.6182315382164396e-16f,-0.625f,0f,1.3213863289751098f,0.17808971720866051f,-1.125f,-1.6328623988631375e-16f,0.17808971720866051f,-1.3213863289751098f,-0.12500000000000008f,0f,0f,0f,1f], start_interpolation: 0, interpolation_duration: 1 }
$data merge entity $(bone_left_leg2) { transformation: [-1f,1.5860672473074725e-17f,1.2143326107504661e-16f,1f,0f,0.9915778260278242f,-0.12951221923021025f,-2.591115619998442f,-1.2246467991473532e-16f,-0.12951221923021025f,-0.9915778260278242f,-0.24569585244151648f,0f,0f,0f,1f], start_interpolation: 0, interpolation_duration: 1 }
$data merge entity $(bone_left_leg1) { transformation: [-1.3333333333333333f,2.1478676681431564e-17f,1.6186742286274075e-16f,0.625f,0f,1.321747813128154f,-0.17538670493717745f,-1.125f,-1.6328623988631375e-16f,-0.17538670493717745f,-1.321747813128154f,-0.12499999999999993f,0f,0f,0f,1f], start_interpolation: 0, interpolation_duration: 1 }
$data merge entity $(bone_tail3) { transformation: [-0.9339098700989741f,0.17030167904281016f,-0.3143400907407724f,-0.7663901883703613f,0.12312966838670672f,0.9786780321840631f,0.16440314499214853f,-0.5461678022367438f,0.3356358730748204f,0.11483312864992165f,-0.9349662631719786f,-3.7215681082468635f,0f,0f,0f,1f], start_interpolation: 0, interpolation_duration: 1 }
$data merge entity $(bone_tail2) { transformation: [-1.4635272133309318f,0.00006379786473855035f,-0.4845866309347999f,-0.2957001975140944f,-0.001969646527098124f,1.5416531352289928f,0.006151604854420865f,-0.7413075391708168f,0.48458263221401754f,0.006458922476628654f,-1.4635142862261665f,-1.9031133616070062f,0f,0f,0f,1f], start_interpolation: 0, interpolation_duration: 1 }
$data merge entity $(bone_tail1) { transformation: [-0.9867541598987312f,0.001327167148885368f,-0.16221734355459116f,1.1102230246251565e-16f,0f,0.9999665339174011f,0.008181139603937128f,-0.75f,0.1622227725152956f,0.008072773536897218f,-0.9867211371025112f,-0.875f,0f,0f,0f,1f], start_interpolation: 0, interpolation_duration: 1 }
data modify entity @s data merge value {"locators":{"head":{"posx":-0.19118947733832087,"posy":-0.0741635942540636,"posz":3.273264834965603,"roty":9.08578092638075,"rotx":5.501028271554802},"neck":{"posx":-0.08064329782771401,"posy":-0.785011923373513,"posz":2.204367939525296,"roty":7.910210128798781,"rotx":5.5656354181993235},"right_arm":{"posx":-1.0305163141595373,"posy":-2.851281458370927,"posz":2.8360612564382164,"roty":2.1493089697109156,"rotx":-0.412750974558131},"left_arm":{"posx":0.8431303693289189,"posy":-2.8621194938440047,"posz":2.9064575804885067,"roty":2.1493089697109156,"rotx":-0.412750974558131},"tail1":{"posx":-0.39316630918968076,"posy":-1.488397971993591,"posz":-2.598194286578712,"roty":341.67969117385286,"rotx":0.2286239550535081},"tail2":{"posx":-1.1667274431557342,"posy":-1.7382059504202432,"posz":-4.398205112634123,"roty":341.41711133695924,"rotx":9.462563711935564}},"cameras":{}}