# This file was generated by Animated Java via MC-Build. It is not recommended to edit this file directly.
$data merge entity $(bone_left_leg4) { transformation: [-0.8738086366540253f,-0.08234841476955322f,-0.19919137806083698f,0.6038899804014644f,-0.1271380310335718f,0.8685452629426382f,0.1986581165842718f,-0.6126923784628946f,0.17405282983548473f,0.22101553068697544f,-0.8549021859963951f,-0.7534483924974331f,0f,0f,0f,1f], start_interpolation: 0, interpolation_duration: 1 }
$data merge entity $(bone_left_leg3) { transformation: [-0.9851729666693325f,-0.11759857261752332f,-0.12491917972140035f,0.5234984996709094f,0.009192682333130933f,0.6908908264326884f,-0.722900657450717f,-0.04934296754770856f,0.17131760077548544f,-0.7133305276444278f,-0.6795659188004164f,-1.245973418305728f,0f,0f,0f,1f], start_interpolation: 0, interpolation_duration: 1 }
$data merge entity $(bone_left_leg2) { transformation: [-0.9881929386716843f,-0.013484348264486412f,-0.1526200783360526f,0.5167563255386662f,-0.13957932028289233f,0.490024898403321f,0.8604610463549067f,0.19566948165395193f,0.06318488196385719f,0.8716041368056358f,-0.486121280540686f,-0.8101713499029102f,0f,0f,0f,1f], start_interpolation: 0, interpolation_duration: 1 }
$data merge entity $(bone_left_leg1) { transformation: [-0.732731065174736f,-0.14944677850200322f,0.6639057512352712f,0.27266134306608525f,-0.31023066190539883f,0.9416729401423404f,-0.1304185961334443f,0.35790781196748667f,-0.6056914416942301f,-0.3015256775119715f,-0.7363559894910285f,-0.8043520966186157f,0f,0f,0f,1f], start_interpolation: 0, interpolation_duration: 1 }
$data merge entity $(bone_right_leg4) { transformation: [-0.6257681532050875f,0.01665294330615169f,0.6466350577516937f,-0.6287389679499231f,0.03327613588106927f,0.8993391748560785f,0.009041424114162366f,-0.6677875559518258f,-0.6459929699424901f,0.030194834797190928f,-0.625924400176612f,-0.9142961074777394f,0f,0f,0f,1f], start_interpolation: 0, interpolation_duration: 1 }
$data merge entity $(bone_right_leg3) { transformation: [-0.5651895812014712f,0.7514374825670362f,0.3404444846000899f,-0.08643863631215148f,-0.03767181903574437f,0.388739823392608f,-0.9205770927843154f,-0.3186966201083502f,-0.8241004619291533f,-0.533125744550007f,-0.19140368111966138f,-1.3021776858202658f,0f,0f,0f,1f], start_interpolation: 0, interpolation_duration: 1 }
$data merge entity $(bone_right_leg2) { transformation: [-0.47123385415826113f,-0.6481753579992899f,0.5981700092596112f,-0.41052631531179645f,-0.09777183722039501f,0.712399378571226f,0.6949300635732202f,0.03750306917726284f,-0.8765724856175325f,0.2689903914526013f,-0.3990800004566469f,-1.167682490093965f,0f,0f,0f,1f], start_interpolation: 0, interpolation_duration: 1 }
$data merge entity $(bone_right_leg1) { transformation: [-0.6966620734034179f,0.599087032176628f,0.3946602125361139f,-0.28511352745377283f,0.10680514698889583f,0.6306081444984002f,-0.768717131764972f,0.28652591510303316f,-0.7094044093871501f,-0.49338432886552525f,-0.5033063559821037f,-1.0771465588362128f,0f,0f,0f,1f], start_interpolation: 0, interpolation_duration: 1 }
$data merge entity $(bone_right_wing3) { transformation: [-0.8368771508235632f,-0.11305973064357926f,0.8085849972098157f,-1.6180225662344387f,-0.49710009231705504f,0.9891036247894334f,-0.3761928808780694f,1.0326012530645214f,-0.6476756121889812f,-0.6130636856899675f,-0.7560587177200079f,-1.2739777634136642f,0f,0f,0f,1f], start_interpolation: 0, interpolation_duration: 1 }
$data merge entity $(bone_right_wing2) { transformation: [-0.9568282800189892f,-0.09670095154662599f,-0.27409591118051935f,-0.8173970757584257f,0.06606620764088478f,0.8459887632041426f,-0.5290919284399229f,0.7546883029780844f,0.2830457538347002f,-0.5243585972426714f,-0.8030773080680611f,-1.8700059039400128f,0f,0f,0f,1f], start_interpolation: 0, interpolation_duration: 1 }
$data merge entity $(bone_right_wing1) { transformation: [-0.5557342768922635f,0.07682961038955255f,0.9267511724111996f,-0.6785852090563045f,-0.4942193557051177f,0.8901360177693182f,-0.3701570064544361f,1.1537483571265867f,-0.7877294923033935f,-0.6126713572122335f,-0.42157699903845364f,-1.2728136494309084f,0f,0f,0f,1f], start_interpolation: 0, interpolation_duration: 1 }
$data merge entity $(bone_left_wing3) { transformation: [0.5410484519285244f,-0.2416651471322668f,-1.0078790082662934f,-1.36311458649272f,-0.5473747421570487f,0.8988273562419721f,-0.5093582641875303f,1.8579274587231647f,0.8801153505596936f,0.7075753714687708f,0.302802954702525f,-1.3565933766157046f,0f,0f,0f,1f], start_interpolation: 0, interpolation_duration: 1 }
$data merge entity $(bone_left_wing2) { transformation: [0.43671856636589257f,-0.20669826073632813f,-0.8755299668200369f,-1.3025512519458686f,-0.48102131316627017f,0.7687747010360756f,-0.42143084287542354f,1.2282477396934226f,0.7601943107331937f,0.60519524787912f,0.2363119164862701f,-0.5360314581255821f,0f,0f,0f,1f], start_interpolation: 0, interpolation_duration: 1 }
$data merge entity $(bone_left_wing1) { transformation: [0.6729576693279039f,-0.3335623653265968f,-0.7806889488404398f,-0.6953229736015204f,-0.4561180979037102f,0.6981601189995077f,-0.6914765651230748f,1.0983596925906238f,0.7160274905117586f,0.7582345994396655f,0.2932508075949885f,-0.14930266013042492f,0f,0f,0f,1f], start_interpolation: 0, interpolation_duration: 1 }
$data merge entity $(bone_beak_down) { transformation: [-1.0859968398698467f,-0.06022536740693696f,-0.16426737020298707f,-1.1432202852009803f,-0.1128821985994113f,1.030253030836206f,0.36855976678440494f,1.9510949706270477f,0.13367300786646802f,0.3807250944888076f,-1.0233180978534582f,-0.08758851621458985f,0f,0f,0f,1f], start_interpolation: 0, interpolation_duration: 1 }
$data merge entity $(bone_beak_up) { transformation: [-1.0859968398698467f,-0.06022536740693696f,-0.16426737020298707f,-1.1488664133953805f,-0.1128821985994113f,1.030253030836206f,0.36855976678440494f,2.047681192267942f,0.13367300786646802f,0.3807250944888076f,-1.0233180978534582f,-0.05189553860626417f,0f,0f,0f,1f], start_interpolation: 0, interpolation_duration: 1 }
$data merge entity $(bone_head) { transformation: [-1.0859968398698467f,-0.06022536740693696f,-0.16426737020298707f,-1.231000098496874f,-0.1128821985994113f,1.030253030836206f,0.36855976678440494f,2.2319610756601445f,0.13367300786646802f,0.3807250944888076f,-1.0233180978534582f,-0.5635545875329933f,0f,0f,0f,1f], start_interpolation: 0, interpolation_duration: 1 }
$data merge entity $(bone_neck2) { transformation: [-0.8898791872895296f,0.4145882746749934f,0.1903459863799023f,-1.1120338570094352f,-0.12716028441460075f,0.1752870184629135f,-0.9762708247335778f,1.6217918102016582f,-0.43811561727074216f,-0.8929675378536412f,-0.1032651066095516f,-0.628095279163963f,0f,0f,0f,1f], start_interpolation: 0, interpolation_duration: 1 }
$data merge entity $(bone_neck1) { transformation: [-0.6092574419170242f,0.607557235635891f,0.50958765182763f,-0.8253908028563934f,-0.23267461702868222f,0.4773747584224466f,-0.847334563564869f,1.1451661181964194f,-0.7580685272844927f,-0.6348130003769495f,-0.1494809770276316f,-0.7121783287420058f,0f,0f,0f,1f], start_interpolation: 0, interpolation_duration: 1 }
$data merge entity $(bone_body3) { transformation: [0.014878012929080808f,0.5648000124473584f,0.8250936859961695f,-0.2744072483308277f,0.049234368476411494f,0.8237702452863439f,-0.5647818693456846f,0.8436630901857629f,-0.9986764349337631f,0.04902579851813149f,-0.01555150756835294f,-0.7188339085648432f,0f,0f,0f,1f], start_interpolation: 0, interpolation_duration: 1 }
$data merge entity $(bone_body2) { transformation: [-0.6213329120562138f,0.4155303765319428f,0.6642890324060506f,-0.10833499022931502f,-0.11880069474736181f,0.7880369371967728f,-0.6040564382084457f,0.6926489806336515f,-0.7744880937259715f,-0.4542381443612494f,-0.44026798757570296f,-0.8289009054587689f,0f,0f,0f,1f], start_interpolation: 0, interpolation_duration: 1 }
$data merge entity $(bone_tail2) { transformation: [-0.9596757135523446f,0.21402325709353892f,-0.18225413641635474f,0.3965589359101487f,0.26653476824801525f,0.8988202823324803f,-0.34796740850651126f,-0.16425891525743208f,0.08934059621904883f,-0.3825129350634216f,-0.9196206350318546f,-2.206623079755865f,0f,0f,0f,1f], start_interpolation: 0, interpolation_duration: 1 }
$data merge entity $(bone_tail1) { transformation: [-0.9656398560983754f,0.24851219944902947f,0.07603522235986765f,0.33953251914024796f,0.13564789092766244f,0.7315240871725489f,-0.6681857223656056f,0.33688037651677205f,-0.22167390013527916f,-0.6349127472427805f,-0.740098969994851f,-1.6515488522597268f,0f,0f,0f,1f], start_interpolation: 0, interpolation_duration: 1 }
$data merge entity $(bone_body1) { transformation: [-0.892439792831773f,0.03320582503383422f,0.44994287343417766f,1.2246467991473532e-16f,-0.11421103498312565f,0.9481767278119471f,-0.2965075586286329f,0.5f,-0.43647113954815536f,-0.3160035854537908f,-0.8423981708918197f,-1f,0f,0f,0f,1f], start_interpolation: 0, interpolation_duration: 1 }