# This file was generated by Animated Java via MC-Build. It is not recommended to edit this file directly.
$data merge entity $(bone_left_leg4) { transformation: [-0.872254825563167f,-0.08294617461396848f,-0.20564885460093954f,0.6053039748099315f,-0.13038730161301554f,0.8669764529549464f,0.20334940766999043f,-0.611481600964301f,0.179361843377698f,0.22687389038531597f,-0.8522661362518079f,-0.7462724740878328f,0f,0f,0f,1f], start_interpolation: 0, interpolation_duration: 1 }
$data merge entity $(bone_left_leg3) { transformation: [-0.9838878820485519f,-0.12111262448290898f,-0.131515655907869f,0.5226892349419916f,0.01149854591480999f,0.6912129956116683f,-0.7225596017903222f,-0.04791187914365466f,0.17841642020806325f,-0.7124298750672979f,-0.678683471223319f,-1.2381771634368488f,0f,0f,0f,1f], start_interpolation: 0, interpolation_duration: 1 }
$data merge entity $(bone_left_leg2) { transformation: [-0.9876043864092084f,-0.014858355999864958f,-0.1562587764007916f,0.5152600569420591f,-0.14311130918099896f,0.49414220394484704f,0.857521215752141f,0.19915922282876886f,0.06447270065533012f,0.8692541121775096f,-0.49014340690526265f,-0.803550107348094f,0f,0f,0f,1f], start_interpolation: 0, interpolation_duration: 1 }
$data merge entity $(bone_left_leg1) { transformation: [-0.7242278288509523f,-0.15508730635811682f,0.6718943215450028f,0.2696725231038552f,-0.3142438876643623f,0.9415492758782457f,-0.12139085698164837f,0.3591800117819537f,-0.6137954308916151f,-0.29905332049608646f,-0.7306314259028566f,-0.7993536414457765f,0f,0f,0f,1f], start_interpolation: 0, interpolation_duration: 1 }
$data merge entity $(bone_right_leg4) { transformation: [-0.6096710155084052f,0.014161845539799323f,0.6618917547302255f,-0.6361729537698979f,0.031719368371502105f,0.8993855734254858f,0.009973564268758839f,-0.6670351989619332f,-0.6612829458855439f,0.0300837571625783f,-0.6097539118660247f,-0.9166632023998584f,0f,0f,0f,1f], start_interpolation: 0, interpolation_duration: 1 }
$data merge entity $(bone_right_leg3) { transformation: [-0.5400554490825497f,0.7679262594062968f,0.3444261488773738f,-0.08175489352001108f,-0.04490902873251501f,0.38236069376647985f,-0.9229211661895713f,-0.32258210575022517f,-0.8404304201149242f,-0.5138964486904627f,-0.1720091537354412f,-1.2913349668092404f,0f,0f,0f,1f], start_interpolation: 0, interpolation_duration: 1 }
$data merge entity $(bone_right_leg2) { transformation: [-0.4448465549217654f,-0.6525199255572163f,0.6134568357472614f,-0.4080148562986192f,-0.10606122667348505f,0.7185240958516745f,0.687367543514421f,0.0366799421756121f,-0.8893045365738063f,0.24070909918683758f,-0.3888400324013832f,-1.1709804172158216f,0f,0f,0f,1f], start_interpolation: 0, interpolation_duration: 1 }
$data merge entity $(bone_right_leg1) { transformation: [-0.674237380717712f,0.6169219639056971f,0.40596951227112754f,-0.2841815990274234f,0.10152776832996177f,0.621921453866935f,-0.7764701008267965f,0.2861873876394415f,-0.731502608813432f,-0.4823079883961864f,-0.48195740229647605f,-1.0796083260078382f,0f,0f,0f,1f], start_interpolation: 0, interpolation_duration: 1 }
$data merge entity $(bone_right_wing3) { transformation: [-0.834277987300838f,-0.0651305243120346f,0.8165132091305469f,-1.5831814039101655f,-0.49070755226901186f,0.9729206299677384f,-0.4237771960663957f,1.0677681164906891f,-0.6558520443118101f,-0.6450883881783802f,-0.7215778775613905f,-1.3377253745133282f,0f,0f,0f,1f], start_interpolation: 0, interpolation_duration: 1 }
$data merge entity $(bone_right_wing2) { transformation: [-0.9615893131620468f,-0.05570669273535972f,-0.2687801279801598f,-0.7758585167945297f,0.10404660679096284f,0.8321473097598089f,-0.5447064883722238f,0.7473116834918367f,0.2540084573942951f,-0.5517495983179334f,-0.7943878676869187f,-1.9025472567150763f,0f,0f,0f,1f], start_interpolation: 0, interpolation_duration: 1 }
$data merge entity $(bone_right_wing1) { transformation: [-0.5494904305578303f,0.12146100307792862f,0.9256989805372937f,-0.6407662775260513f,-0.5007452250211372f,0.8682240868578474f,-0.41115965965729057f,1.1599753054453947f,-0.7879883231717414f,-0.6364316702068427f,-0.38423982460675105f,-1.3138070151776056f,0f,0f,0f,1f], start_interpolation: 0, interpolation_duration: 1 }
$data merge entity $(bone_left_wing3) { transformation: [0.4587118062102853f,-0.23913129487445192f,-1.0485014394990253f,-1.3086334226686003f,-0.6288009558095219f,0.8651031929193093f,-0.47239960790670665f,1.987662864330245f,0.8724381942538347f,0.7492451237005459f,0.2108053789508801f,-1.3914472053214655f,0f,0f,0f,1f], start_interpolation: 0, interpolation_duration: 1 }
$data merge entity $(bone_left_wing2) { transformation: [0.39234011874700325f,-0.20453103529704497f,-0.8967922205404698f,-1.2990060865824287f,-0.5378188185490947f,0.7399301366199784f,-0.40404741223771734f,1.3109100416790664f,0.746203825798316f,0.64083574223186f,0.18030363790588838f,-0.6069733309581783f,0f,0f,0f,1f], start_interpolation: 0, interpolation_duration: 1 }
$data merge entity $(bone_left_wing1) { transformation: [0.599995641114475f,-0.33991437748587006f,-0.8355085623338246f,-0.7254299537981292f,-0.5312747489125824f,0.6777675986328427f,-0.6572589554524558f,1.1254300561274173f,0.7289468313413633f,0.773757332329054f,0.20867970398561347f,-0.19252931198822387f,0f,0f,0f,1f], start_interpolation: 0, interpolation_duration: 1 }
$data merge entity $(bone_beak_down) { transformation: [-1.0892285085904232f,-0.039565894319172984f,-0.1483772087640387f,-1.1278613945756775f,-0.08805305326097433f,1.0316954791977058f,0.3712830429933973f,1.9811402664435718f,0.12580904532386816f,0.3795246740460244f,-1.0247600235689118f,-0.16449270038246777f,0f,0f,0f,1f], start_interpolation: 0, interpolation_duration: 1 }
$data merge entity $(bone_beak_up) { transformation: [-1.0892285085904232f,-0.039565894319172984f,-0.1483772087640387f,-1.1315706971681f,-0.08805305326097433f,1.0316954791977058f,0.3712830429933973f,2.0778617176183567f,0.12580904532386816f,0.3795246740460244f,-1.0247600235689118f,-0.128912262190653f,0f,0f,0f,1f], start_interpolation: 0, interpolation_duration: 1 }
$data merge entity $(bone_head) { transformation: [-1.0892285085904232f,-0.039565894319172984f,-0.1483772087640387f,-1.2057593015501193f,-0.08805305326097433f,1.0316954791977058f,0.3712830429933973f,2.2635032391150554f,0.12580904532386816f,0.3795246740460244f,-1.0247600235689118f,-0.6412922739751089f,0f,0f,0f,1f], start_interpolation: 0, interpolation_duration: 1 }
$data merge entity $(bone_neck2) { transformation: [-0.8813341496520132f,0.4398692129788597f,0.17252591727193262f,-1.0979306032551615f,-0.1105399815738248f,0.1630544410456602f,-0.9804051008276863f,1.6507500510977513f,-0.45938113710819906f,-0.8831355075687114f,-0.09508231244838543f,-0.7007187192553498f,0f,0f,0f,1f], start_interpolation: 0, interpolation_duration: 1 }
$data merge entity $(bone_neck1) { transformation: [-0.5853281310121594f,0.643770628529433f,0.49289994612358323f,-0.8206743835606458f,-0.23495885760384888f,0.44715674539671346f,-0.8630441357657863f,1.1652877247294964f,-0.7760060014454186f,-0.6209752192229875f,-0.11047381061435092f,-0.7628602377259222f,0f,0f,0f,1f], start_interpolation: 0, interpolation_duration: 1 }
$data merge entity $(bone_body3) { transformation: [0.07525660113073596f,0.5824053576487752f,0.8094074643640566f,-0.27839438348006196f,0.030706888282646616f,0.8099708079918626f,-0.5856657555406551f,0.8498698030160784f,-0.9966912917238949f,0.06892959874402182f,0.04307179377204784f,-0.7316322666968909f,0f,0f,0f,1f], start_interpolation: 0, interpolation_duration: 1 }
$data merge entity $(bone_body2) { transformation: [-0.5919769572880287f,0.4461930825282835f,0.6711743552490038f,-0.11060079466781098f,-0.12476154670556888f,0.7719982603929768f,-0.6232601723308268f,0.6940547599333717f,-0.7962398121820096f,-0.45269241108519365f,-0.4013374421135313f,-0.8319666272252737f,0f,0f,0f,1f], start_interpolation: 0, interpolation_duration: 1 }
$data merge entity $(bone_tail2) { transformation: [-0.956634469121994f,0.22339881593687638f,-0.18693170283737962f,0.40673413700928923f,0.27697767231035497f,0.8963078153694604f,-0.3462884190225873f,-0.17108852311860812f,0.09018792341116588f,-0.38304734582767586f,-0.9193154351609433f,-2.1989049723658995f,0f,0f,0f,1f], start_interpolation: 0, interpolation_duration: 1 }
$data merge entity $(bone_tail1) { transformation: [-0.9628767592198098f,0.2586251622242832f,0.0773393303489236f,0.34872963924759653f,0.14183626008727898f,0.7284864398311827f,-0.6702163697691534f,0.33157375420825697f,-0.22967547078173262f,-0.6343662447250421f,-0.738125088094584f,-1.6453111562949618f,0f,0f,0f,1f], start_interpolation: 0, interpolation_duration: 1 }
$data merge entity $(bone_body1) { transformation: [-0.8861665954100457f,0.03869086912951573f,0.46174861323600225f,1.2246467991473532e-16f,-0.11678819862801951f,0.9456869348762796f,-0.3033755722953474f,0.5f,-0.4484074952992989f,-0.32276808679036095f,-0.8335175344940856f,-1f,0f,0f,0f,1f], start_interpolation: 0, interpolation_duration: 1 }