# This file was generated by Animated Java via MC-Build. It is not recommended to edit this file directly.
$data merge entity $(bone_left_leg4) { transformation: [-0.8682589389017797f,-0.08408154085964367f,-0.22148749288351127f,0.6082774121105281f,-0.13832143736899294f,0.8630223072070979f,0.21461518405535163f,-0.6084181226175926f,0.19233719084288176f,0.24108668928334603f,-0.8455079025467851f,-0.7286256964624479f,0f,0f,0f,1f], start_interpolation: 0, interpolation_duration: 1 }
$data merge entity $(bone_left_leg3) { transformation: [-0.9804939378282151f,-0.12972854346572008f,-0.1476554871732939f,0.520209472459569f,0.017189054742184767f,0.6917640290754619f,-0.7219190151771546f,-0.044475162362424076f,0.19579625706123727f,-0.7103752762361214f,-0.6760405258808553f,-1.2191546207719854f,0f,0f,0f,1f], start_interpolation: 0, interpolation_duration: 1 }
$data merge entity $(bone_left_leg2) { transformation: [-0.9860319440057976f,-0.01832104941878876f,-0.1655455965839676f,0.5110489477501745f,-0.15207992374595916f,0.5043322995642268f,0.8500121342720244f,0.2076909874196893f,0.06791687708935629f,0.8633152788897304f,-0.5000740215627842f,-0.7874969813271202f,0f,0f,0f,1f], start_interpolation: 0, interpolation_duration: 1 }
$data merge entity $(bone_left_leg1) { transformation: [-0.702983953880125f,-0.1691035875025083f,0.6908093349693878f,0.26194228055167834f,-0.3237059605096496f,0.940956355786263f,-0.0990736475353598f,0.36223336797878736f,-0.6332677251507386f,-0.2932662837750311f,-0.7162170586373878f,-0.7873521766842706f,0f,0f,0f,1f], start_interpolation: 0, interpolation_duration: 1 }
$data merge entity $(bone_right_leg4) { transformation: [-0.5684961216491599f,0.007727510323335018f,0.6976764617314147f,-0.6548586839287025f,0.0276082758483486f,0.8994891285547983f,0.012533583542249038f,-0.6648193192522993f,-0.6971728213108604f,0.029318819825016704f,-0.568410471428459f,-0.9239601742849934f,0f,0f,0f,1f], start_interpolation: 0, interpolation_duration: 1 }
$data merge entity $(bone_right_leg3) { transformation: [-0.47638780497339456f,0.8059729890176294f,0.3513718831190382f,-0.07233968486042036f,-0.06326184207090924f,0.36717725903371173f,-0.9279971981564845f,-0.33143655009223527f,-0.8769564405433294f,-0.4643149808292626f,-0.12393143252256555f,-1.26445069537428f,0f,0f,0f,1f], start_interpolation: 0, interpolation_duration: 1 }
$data merge entity $(bone_right_leg2) { transformation: [-0.3786229264290798f,-0.6590037243329676f,0.6498913531487844f,-0.40184154702690417f,-0.1268732383334762f,0.7324928611379125f,0.668847807633973f,0.034809880476720956f,-0.9168139729394705f,0.17078729372313808f,-0.3609485272523911f,-1.179057048512711f,0f,0f,0f,1f], start_interpolation: 0, interpolation_duration: 1 }
$data merge entity $(bone_right_leg1) { transformation: [-0.6163553141944478f,0.6594467214692645f,0.4303906925198335f,-0.2818491273245799f,0.0877758004393375f,0.6006773435490473f,-0.7946585038896227f,0.2854633768165544f,-0.7825608829487307f,-0.4520141043046091f,-0.42811413663672077f,-1.0857181820818487f,0f,0f,0f,1f], start_interpolation: 0, interpolation_duration: 1 }
$data merge entity $(bone_right_wing3) { transformation: [-0.8522061181084692f,-0.017797548362816683f,0.8002396800380048f,-1.5361482549048502f,-0.4782654146289784f,0.9486058657833674f,-0.48822604452007845f,1.11679537128256f,-0.6418430426551546f,-0.6832171870278321f,-0.6987183623760804f,-1.3886625468665672f,0f,0f,0f,1f], start_interpolation: 0, interpolation_duration: 1 }
$data merge entity $(bone_right_wing2) { transformation: [-0.9572022439733169f,-0.01522239485345181f,-0.2890192776050963f,-0.7412289476448529f,0.15710602086233572f,0.8113506846495576f,-0.5630521865044993f,0.7383137443806934f,0.2430669914678864f,-0.584361485053233f,-0.7742351661124224f,-1.9348688093425679f,0f,0f,0f,1f], start_interpolation: 0, interpolation_duration: 1 }
$data merge entity $(bone_right_wing1) { transformation: [-0.5674865539078463f,0.16382740059231585f,0.9081468521445596f,-0.5906656004674642f,-0.5063039175864448f,0.8360552096339585f,-0.4672035322979133f,1.167438199533148f,-0.7715092127003581f,-0.6691661829248349f,-0.36138797082829266f,-1.361859969553119f,0f,0f,0f,1f], start_interpolation: 0, interpolation_duration: 1 }
$data merge entity $(bone_left_wing3) { transformation: [0.35636791200895124f,-0.262593704061888f,-1.0821284692003992f,-1.2815096270042756f,-0.8095283896601176f,0.7190697715233236f,-0.4410873110759978f,2.2478258131444724f,0.7646052992238799f,0.8837074042040244f,0.03735674143053753f,-1.3220413651300633f,0f,0f,0f,1f], start_interpolation: 0, interpolation_duration: 1 }
$data merge entity $(bone_left_wing2) { transformation: [0.37206658688794225f,-0.22459863391139046f,-0.900623066863543f,-1.29276178229002f,-0.662767065806238f,0.6150265062449913f,-0.42717936876524065f,1.4425843349870227f,0.6498509609165373f,0.7558424771479947f,0.07997423544264794f,-0.670162634857913f,0f,0f,0f,1f], start_interpolation: 0, interpolation_duration: 1 }
$data merge entity $(bone_left_wing1) { transformation: [0.500576112480432f,-0.36085558690437824f,-0.8904032300733105f,-0.7696108116605201f,-0.6862911121818495f,0.5683117942698124f,-0.6161471617601898f,1.149241243431662f,0.6723385873689599f,0.8487732683142382f,0.03399814761112789f,-0.2513319500147949f,0f,0f,0f,1f], start_interpolation: 0, interpolation_duration: 1 }
$data merge entity $(bone_beak_down) { transformation: [-1.0846542714300873f,-0.00034990883426391783f,-0.18309830428563123f,-1.0868318347947759f,-0.06915211445054802f,1.0193122179981928f,0.40770159100330206f,1.9920946483756623f,0.16953789114969028f,0.413524460949305f,-1.0051141346439734f,-0.2480561778919827f,0f,0f,0f,1f], start_interpolation: 0, interpolation_duration: 1 }
$data merge entity $(bone_beak_up) { transformation: [-1.0846542714300873f,-0.00034990883426391783f,-0.18309830428563123f,-1.086864638747988f,-0.06915211445054802f,1.0193122179981928f,0.40770159100330206f,2.087655168812993f,0.16953789114969028f,0.413524460949305f,-1.0051141346439734f,-0.20928825967798537f,0f,0f,0f,1f], start_interpolation: 0, interpolation_duration: 1 }
$data merge entity $(bone_head) { transformation: [-1.0846542714300873f,-0.00034990883426391783f,-0.18309830428563123f,-1.1784137908908037f,-0.06915211445054802f,1.0193122179981928f,0.40770159100330206f,2.291505964314644f,0.16953789114969028f,0.413524460949305f,-1.0051141346439734f,-0.711845326999972f,0f,0f,0f,1f], start_interpolation: 0, interpolation_duration: 1 }
$data merge entity $(bone_neck2) { transformation: [-0.8831824820986716f,0.4423490853762972f,0.15593585213408218f,-1.0809538833070023f,-0.0844461719484636f,0.17706509077833002f,-0.9805696291803618f,1.6786499460769178f,-0.46136487442942575f,-0.8791901047523311f,-0.1190260994416998f,-0.7862366391510345f,0f,0f,0f,1f], start_interpolation: 0, interpolation_duration: 1 }
$data merge entity $(bone_neck1) { transformation: [-0.56583513004125f,0.6764432423578874f,0.4714394398854953f,-0.815769198371411f,-0.236791565358712f,0.4143716999419761f,-0.8787638185895956f,1.1843452981202702f,-0.7897850088385905f,-0.6088683225095101f,-0.07429001048783512f,-0.8280247700504417f,0f,0f,0f,1f], start_interpolation: 0, interpolation_duration: 1 }
$data merge entity $(bone_body3) { transformation: [0.15906240994938306f,0.5960955197087143f,0.7870001786049936f,-0.28663811676149537f,0.01617507209021002f,0.7954685917589527f,-0.6057789089823986f,0.8554502669912056f,-0.9871360173673994f,0.10908643778319224f,0.11688726324028137f,-0.7481523281638164f,0f,0f,0f,1f], start_interpolation: 0, interpolation_duration: 1 }
$data merge entity $(bone_body2) { transformation: [-0.5637505432017801f,0.4643916724781843f,0.6830268659230123f,-0.1158814002807423f,-0.13794955057047492f,0.7624073602099104f,-0.6322222224781093f,0.6973947113716783f,-0.8143434450752961f,-0.4506388705279103f,-0.36574494095233545f,-0.8395885634019002f,0f,0f,0f,1f], start_interpolation: 0, interpolation_duration: 1 }
$data merge entity $(bone_tail2) { transformation: [-0.9583569046015303f,0.23965877223894155f,-0.1552923574793566f,0.4468940417652747f,0.28097235570680495f,0.8885338051928342f,-0.3627150567016914f,-0.19409112427021302f,0.05105466414679313f,-0.3912433384972398f,-0.9188699969801999f,-2.171191198514527f,0f,0f,0f,1f], start_interpolation: 0, interpolation_duration: 1 }
$data merge entity $(bone_tail1) { transformation: [-0.953674025695627f,0.28325006836466604f,0.10136691513954926f,0.37086885541061276f,0.13997179362393314f,0.716019699809286f,-0.6839032727474836f,0.3188363302903997f,-0.26629635690935705f,-0.6380322783812995f,-0.7224964097076001f,-1.6293188912338266f,0f,0f,0f,1f], start_interpolation: 0, interpolation_duration: 1 }
$data merge entity $(bone_body1) { transformation: [-0.8700662526020132f,0.05308492472773805f,0.49006806348683873f,1.2246467991473532e-16f,-0.12283198585957264f,0.939475347212422f,-0.31984117188050226f,0.5f,-0.477385608636125f,-0.33847904329034856f,-0.8108852680375731f,-1f,0f,0f,0f,1f], start_interpolation: 0, interpolation_duration: 1 }