# This file was generated by Animated Java via MC-Build. It is not recommended to edit this file directly.
$data merge entity $(bone_left_leg4) { transformation: [-0.8695541353919162f,-0.08377235237036364f,-0.21646662237202519f,0.6074099675322091f,-0.1358117536442633f,0.8642916800850811f,0.21108069383005812f,-0.6094036997482233f,0.1882306383001643f,0.2366053353456859f,-0.8476951940945927f,-0.734228603664428f,0f,0f,0f,1f], start_interpolation: 0, interpolation_duration: 1 }
$data merge entity $(bone_left_leg3) { transformation: [-0.9816071276923019f,-0.1269976918818568f,-0.14254484599714537f,0.5210707514956381f,0.015378221276512782f,0.6916268670881198f,-0.7220912594902699f,-0.045552845713991486f,0.19029176853989124f,-0.7110020133435309f,-0.6769528638298292f,-1.2251705596827118f,0f,0f,0f,1f], start_interpolation: 0, interpolation_duration: 1 }
$data merge entity $(bone_left_leg2) { transformation: [-0.9865509552084999f,-0.017207319476069072f,-0.16254575027863666f,0.5124670917576035f,-0.14918936921781595f,0.5010868289306544f,0.8524403333868075f,0.2049905687513357f,0.0667813214124024f,0.8652259231141135f,-0.49691483886249943f,-0.7925575981256551f,0f,0f,0f,1f], start_interpolation: 0, interpolation_duration: 1 }
$data merge entity $(bone_left_leg1) { transformation: [-0.7097789664059821f,-0.16463231536519116f,0.6849160675478068f,0.26445439916066865f,-0.32076474622281353f,0.9411888955317674f,-0.10617645929444913f,0.3612759795033996f,-0.6271553208163586f,-0.2950587461255606f,-0.7208443243215156f,-0.7911172173159583f,0f,0f,0f,1f], start_interpolation: 0, interpolation_duration: 1 }
$data merge entity $(bone_right_leg4) { transformation: [-0.5818081092541677f,0.009813173919024754f,0.6865879591310394f,-0.64886840871209f,0.028955250792912696f,0.8994582556344832f,0.011680745802054249f,-0.6655790225340829f,-0.6860473142995387f,0.029640310197561248f,-0.5817736110840558f,-0.9214134295555441f,0f,0f,0f,1f], start_interpolation: 0, interpolation_duration: 1 }
$data merge entity $(bone_right_leg3) { transformation: [-0.49687184010711327f,0.7942872576247942f,0.34960853376806345f,-0.07500349885399826f,-0.057352869875109506f,0.37192099323866634f,-0.9264909190625953f,-0.32873259516367087f,-0.865926684440236f,-0.4803983005415896f,-0.13924241455494893f,-1.273009504052052f,0f,0f,0f,1f], start_interpolation: 0, interpolation_duration: 1 }
$data merge entity $(bone_right_leg2) { transformation: [-0.3998366478161576f,-0.6575945670032757f,0.6385139313365941f,-0.4038007823556361f,-0.12020310117595259f,0.7282245289037842f,0.6747149397860889f,0.03537966928822123f,-0.9086703855253684f,0.19302440506484247f,-0.3702157607646409f,-1.1764973015196307f,0f,0f,0f,1f], start_interpolation: 0, interpolation_duration: 1 }
$data merge entity $(bone_right_leg1) { transformation: [-0.635139335055729f,0.6461644099420433f,0.42316613804653297f,-0.28259618949326176f,0.09225754600560016f,0.6074030954118559f,-0.7890183932514632f,0.2856765051618936f,-0.7668680266316956f,-0.4620963481876337f,-0.4453991409080871f,-1.0837695245555838f,0f,0f,0f,1f], start_interpolation: 0, interpolation_duration: 1 }
$data merge entity $(bone_right_wing3) { transformation: [-0.8462670886756932f,-0.033585844096381025f,0.8060146224959327f,-1.551643345732133f,-0.4834161320150829f,0.956301156597235f,-0.46770985362180334f,1.1005752030147469f,-0.6458300271034967f,-0.6718003088297045f,-0.706076119922188f,-1.372706351274808f,0f,0f,0f,1f], start_interpolation: 0, interpolation_duration: 1 }
$data merge entity $(bone_right_wing2) { transformation: [-0.9589400018098746f,-0.02872625880257322f,-0.2821504474284676f,-0.7522772757749111f,0.13970656402614373f,0.8179325324913407f,-0.5580935837835004f,0.7406918657652815f,0.24681197073255173f,-0.5745965317920998f,-0.7803349772729684f,-1.9249600953964145f,0f,0f,0f,1f], start_interpolation: 0, interpolation_duration: 1 }
$data merge entity $(bone_right_wing1) { transformation: [-0.5614362041158305f,0.14974736987521386f,0.9143173546611559f,-0.6069775357770546f,-0.5055991463952718f,0.8463503849526826f,-0.44907865699221305f,1.1651863987450992f,-0.7763826395428295f,-0.6594526989989599f,-0.3687319431655023f,-1.3471637411098876f,0f,0f,0f,1f], start_interpolation: 0, interpolation_duration: 1 }
$data merge entity $(bone_left_wing3) { transformation: [0.3843708415441834f,-0.24931208998414067f,-1.0756663534455826f,-1.2848027673221116f,-0.756729171568723f,0.7699609643856281f,-0.44886149333155057f,2.170597706893391f,0.8040992370622497f,0.8437767246651541f,0.09176503607482576f,-1.3495341634705422f,0f,0f,0f,1f], start_interpolation: 0, interpolation_duration: 1 }
$data merge entity $(bone_left_wing2) { transformation: [0.3745665345654542f,-0.21323875615401172f,-0.9023464656425023f,-1.2943722907316797f,-0.6271298733377388f,0.6585541773893873f,-0.41595013813001547f,1.4038848027530397f,0.6829407244783531f,0.7216894264965209f,0.11294396191078365f,-0.6527228009258559f,0f,0f,0f,1f], start_interpolation: 0, interpolation_duration: 1 }
$data merge entity $(bone_left_wing1) { transformation: [0.528763277881731f,-0.3502891054266706f,-0.8782471461349932f,-0.7561385614294287f,-0.6415291972541562f,0.6062909738093385f,-0.6280626204916774f,1.1416980323013661f,0.694593979347155f,0.8266316645325278f,0.08848958220026208f,-0.23234344838637555f,0f,0f,0f,1f], start_interpolation: 0, interpolation_duration: 1 }
$data merge entity $(bone_beak_down) { transformation: [-1.0862742449520668f,-0.013324117928920298f,-0.17271575676594686f,-1.1007134242670005f,-0.07544456631173181f,1.0236524404373069f,0.39552976955063723f,1.9889818582291396f,0.1559371096559512f,0.4024402428537208f,-1.011793194661827f,-0.2218759667423263f,0f,0f,0f,1f], start_interpolation: 0, interpolation_duration: 1 }
$data merge entity $(bone_beak_up) { transformation: [-1.0862742449520668f,-0.013324117928920298f,-0.17271575676594686f,-1.1019625603228367f,-0.07544456631173181f,1.0236524404373069f,0.39552976955063723f,2.0849492745201372f,0.1559371096559512f,0.4024402428537208f,-1.011793194661827f,-0.18414719397478996f,0f,0f,0f,1f], start_interpolation: 0, interpolation_duration: 1 }
$data merge entity $(bone_head) { transformation: [-1.0862742449520668f,-0.013324117928920298f,-0.17271575676594686f,-1.1883204387058102f,-0.07544456631173181f,1.0236524404373069f,0.39552976955063723f,2.282714159295456f,0.1559371096559512f,0.4024402428537208f,-1.011793194661827f,-0.6900437913057035f,0f,0f,0f,1f], start_interpolation: 0, interpolation_duration: 1 }
$data merge entity $(bone_neck2) { transformation: [-0.8827062571211687f,0.4412274327316508f,0.16170348247385918f,-1.0872557621596481f,-0.0934301949411851f,0.17245356013282878f,-0.9805766508900592f,1.6698537524891688f,-0.4605436595073147f,-0.8806691332177762f,-0.11100187153855294f,-0.759419961017299f,0f,0f,0f,1f], start_interpolation: 0, interpolation_duration: 1 }
$data merge entity $(bone_neck1) { transformation: [-0.5719866287393205f,0.6660119515797334f,0.4788103767634757f,-0.817924925230193f,-0.23665560024796953f,0.4249137667577464f,-0.8737519199927499f,1.178368297493247f,-0.7853823421841747f,-0.6130875721890783f,-0.08542953477926582f,-0.807474074330636f,0f,0f,0f,1f], start_interpolation: 0, interpolation_duration: 1 }
$data merge entity $(bone_body3) { transformation: [0.1325875783576658f,0.5920895714584418f,0.7948902272863898f,-0.28411293496004675f,0.02087854794998495f,0.8001242744632556f,-0.5994707929917429f,0.8537068190273612f,-0.9909513713097884f,0.09607853446429819f,0.09372456942788637f,-0.7428913100341884f,0f,0f,0f,1f], start_interpolation: 0, interpolation_duration: 1 }
$data merge entity $(bone_body2) { transformation: [-0.5727723574707098f,0.4585597620401949f,0.6794518166544888f,-0.11424998079642455f,-0.1338296318905905f,0.7654543025707656f,-0.6294198442247686f,0.696351857971169f,-0.808715930438788f,-0.4514450745257307f,-0.37706218126587926f,-0.8371568553506582f,0f,0f,0f,1f], start_interpolation: 0, interpolation_duration: 1 }
$data merge entity $(bone_tail2) { transformation: [-0.9579839953344501f,0.2343926460525919f,-0.16530805231297305f,0.4343049320943259f,0.27970928783718507f,0.8910107041906596f,-0.357578857478011f,-0.18689157421925073f,0.06347738952303494f,-0.38879302012012673f,-0.9191357943879739f,-2.1801376140344937f,0f,0f,0f,1f], start_interpolation: 0, interpolation_duration: 1 }
$data merge entity $(bone_tail1) { transformation: [-0.9567491749916291f,0.2753591766788847f,0.09385275686714595f,0.36391536444396644f,0.14054158166193192f,0.7199632047243321f,-0.6796330242616467f,0.3228331939769843f,-0.25471372161075145f,-0.637048120365955f,-0.7275236163599119f,-1.6344949017645596f,0f,0f,0f,1f], start_interpolation: 0, interpolation_duration: 1 }
$data merge entity $(bone_body1) { transformation: [-0.8752809418462887f,0.04837810755358235f,0.4811889769624899f,1.2246467991473532e-16f,-0.1209591589464097f,0.9414600408925516f,-0.3146774114384003f,0.5f,-0.4682436915834007f,-0.3336353550092212f,-0.8181902561019778f,-1f,0f,0f,0f,1f], start_interpolation: 0, interpolation_duration: 1 }