# This file was generated by Animated Java via MC-Build. It is not recommended to edit this file directly.
$data merge entity $(bone_left_leg4) { transformation: [-0.8709508761059819f,-0.08337710953658603f,-0.21093323354926113f,0.6063734861076153f,-0.13304003412863208f,0.8656736701061005f,0.20714595386849166f,-0.6104743276128379f,0.18369790616464698f,0.2316405717709205f,-0.8500574832212031f,-0.7403933331025827f,0f,0f,0f,1f], start_interpolation: 0, interpolation_duration: 1 }
$data merge entity $(bone_left_leg3) { transformation: [-0.9827938050121606f,-0.1239876733864049f,-0.1369065143736619f,0.5219393882161655f,0.013390522481927986f,0.6914351186213018f,-0.7223144541297839f,-0.04675333526375011f,0.18422006062690488f,-0.7117194205481349f,-0.677877891420901f,-1.2318155302998774f,0f,0f,0f,1f], start_interpolation: 0, interpolation_duration: 1 }
$data merge entity $(bone_left_leg2) { transformation: [-0.9871006108064406f,-0.0159977616323011f,-0.15929989255585852f,0.513940507400015f,-0.14605499381336462f,0.4975267832337849f,0.8550643477231527f,0.20201005635314234f,0.06557684749764991f,0.86730108473805f,-0.4934455445988661f,-0.7981649879308526f,0f,0f,0f,1f], start_interpolation: 0, interpolation_duration: 1 }
$data merge entity $(bone_left_leg1) { transformation: [-0.7172019880350681f,-0.15973490259407527f,0.6783111890952465f,0.2671566167038836f,-0.31746075472311697f,0.9413972133059266f,-0.11397348810343877f,0.36020946852700875f,-0.6203547191479847f,-0.29707919427838936f,-0.7258815156468224f,-0.7953088925677695f,0f,0f,0f,1f], start_interpolation: 0, interpolation_duration: 1 }
$data merge entity $(bone_right_leg4) { transformation: [-0.596200187735576f,0.012063605602106897f,0.6740918376333753f,-0.6423376900794218f,0.03039307594389469f,0.8994220058221519f,0.010785007071204444f,-0.666354586707778f,-0.6735143629342529f,0.029908608505480522f,-0.596224687562108f,-0.9188593277272726f,0f,0f,0f,1f], start_interpolation: 0, interpolation_duration: 1 }
$data merge entity $(bone_right_leg3) { transformation: [-0.5191259309011295f,0.7810031181340519f,0.34719216196643043f,-0.07828486160178483f,-0.05093824689042269f,0.3772230263854942f,-0.9247205433904339f,-0.3256422829567553f,-0.853178505864843f,-0.4977317729756229f,-0.15604332507600888f,-1.2824054496417392f,0f,0f,0f,1f], start_interpolation: 0, interpolation_duration: 1 }
$data merge entity $(bone_right_leg2) { transformation: [-0.4229818485949147f,-0.655345214728343f,0.6257867091045405f,-0.4059574689659563f,-0.11292991962316484f,0.7233494124098575f,0.6811846011326296f,0.03603242324817346f,-0.8990735170235712f,0.21745867906104893f,-0.3799717540658644f,-1.1736761101112148f,0f,0f,0f,1f], start_interpolation: 0, interpolation_duration: 1 }
$data merge entity $(bone_right_leg1) { transformation: [-0.6553751886937726f,0.6313098030635202f,0.4146459870787379f,-0.283411104882088f,0.09706580344909771f,0.61482439038817f,-0.7826680003581317f,0.2859290210819678f,-0.7490404474027972f,-0.47269324253654643f,-0.464219244123833f,-1.081634928888249f,0f,0f,0f,1f], start_interpolation: 0, interpolation_duration: 1 }
$data merge entity $(bone_right_wing3) { transformation: [-0.8399822753907175f,-0.05014822353984937f,0.8117083827839847f,-1.5680809688314363f,-0.48779278480177607f,0.9647955947587312f,-0.445177745856682f,1.0834237016798711f,-0.6507253968467217f,-0.6584908366761877f,-0.714074115123026f,-1.3549162225553286f,0f,0f,0f,1f], start_interpolation: 0, interpolation_duration: 1 }
$data merge entity $(bone_right_wing2) { transformation: [-0.9604697505394948f,-0.04289220314847568f,-0.275060206514265f,-0.7643764467449006f,0.1211449114685037f,0.8251978978729386f,-0.5516995013332635f,0.7438295355198152f,0.25064271129216664f,-0.5632128267850024f,-0.7873814469626257f,-1.9136837695842417f,0f,0f,0f,1f], start_interpolation: 0, interpolation_duration: 1 }
$data merge entity $(bone_right_wing1) { transformation: [-0.5551289645884632f,0.13492185165536766f,0.9204558858152512f,-0.6244959620980493f,-0.5036798957037989f,0.8575934190248625f,-0.42947782413084834f,1.1625828133620373f,-0.7821441724195498f,-0.648028342514619f,-0.3767238669888116f,-1.3303867677821093f,0f,0f,0f,1f], start_interpolation: 0, interpolation_duration: 1 }
$data merge entity $(bone_left_wing3) { transformation: [0.4202480830953486f,-0.24085649925009586f,-1.0641124289285586f,-1.2944219585540715f,-0.6935851986357853f,0.8212637789592401f,-0.45980533226519815f,2.0795798723628613f,0.842191597479223f,0.7965359490413093f,0.15231336447212168f,-1.3742815608883863f,0f,0f,0f,1f], start_interpolation: 0, interpolation_duration: 1 }
$data merge entity $(bone_left_wing2) { transformation: [0.3816695738080335f,-0.20600661730831918f,-0.9010491718293615f,-1.2966943720739676f,-0.5833992022162694f,0.7024339120928781f,-0.4077155503476847f,1.3578930654217327f,0.7169195961072724f,0.6812839883389882f,0.14791355566785258f,-0.6308776888585772f,0f,0f,0f,1f], start_interpolation: 0, interpolation_duration: 1 }
$data merge entity $(bone_left_wing1) { transformation: [0.563612295195478f,-0.3428360969531249f,-0.8593111790507234f,-0.7407147588035936f,-0.587421188086117f,0.6447598729317393f,-0.642520167119798f,1.1333804269331889f,0.7147647442362356f,0.8002244860000884f,0.14954345025414492f,-0.21178701276730727f,0f,0f,0f,1f], start_interpolation: 0, interpolation_duration: 1 }
$data merge entity $(bone_beak_down) { transformation: [-1.0878778174063024f,-0.027052876571111967f,-0.16059264075457488f,-1.1150803838207028f,-0.08207189634964958f,1.027973662778172f,0.3827980570274654f,1.985156073597524f,0.140662924130249f,0.390561506684489f,-1.0186636595419851f,-0.19268038315893676f,0f,0f,0f,1f], start_interpolation: 0, interpolation_duration: 1 }
$data merge entity $(bone_beak_up) { transformation: [-1.0878778174063024f,-0.027052876571111967f,-0.16059264075457488f,-1.1176165909992446f,-0.08207189634964958f,1.027973662778172f,0.3827980570274654f,2.0815286044829775f,0.140662924130249f,0.390561506684489f,-1.0186636595419851f,-0.1560652419072659f,0f,0f,0f,1f], start_interpolation: 0, interpolation_duration: 1 }
$data merge entity $(bone_head) { transformation: [-1.0878778174063024f,-0.027052876571111967f,-0.16059264075457488f,-1.197912911376532f,-0.08207189634964958f,1.027973662778172f,0.3827980570274654f,2.2729276329967103f,0.140662924130249f,0.390561506684489f,-1.0186636595419851f,-0.6653970716782585f,0f,0f,0f,1f], start_interpolation: 0, interpolation_duration: 1 }
$data merge entity $(bone_neck2) { transformation: [-0.882054774691714f,0.44035914125407966f,0.16752074843886938f,-1.0932124436022388f,-0.10256578340189648f,0.16756191484233857f,-0.9805117361712326f,1.66010779788969f,-0.45984740351414927f,-0.882046955330802f,-0.10263300674225997f,-0.7295427008921709f,0f,0f,0f,1f], start_interpolation: 0, interpolation_duration: 1 }
$data merge entity $(bone_neck1) { transformation: [-0.5787913110539251f,0.6545908048104313f,0.48632447656488587f,-0.8196549255344905f,-0.2360252551562989f,0.43637260105512843f,-0.8682574687135067f,1.1717129717383425f,-0.7805720320232351f,-0.6173247373190333f,-0.09806870814435996f,-0.7847063492233733f,0f,0f,0f,1f], start_interpolation: 0, interpolation_duration: 1 }
$data merge entity $(bone_body3) { transformation: [0.10330559707159495f,0.5873126043417783f,0.8027402184984622f,-0.2812352512015904f,0.02595767682564315f,0.8051914626189445f,-0.5924465440353084f,0.8517583481299589f,-0.9943108933464907f,0.08204031513129986f,0.06793551402367037f,-0.7371191332628731f,0f,0f,0f,1f], start_interpolation: 0, interpolation_duration: 1 }
$data merge entity $(bone_body2) { transformation: [-0.5826352497249913f,0.4521998643360853f,0.6753158138769764f,-0.11240629773234627f,-0.12922411570724074f,0.76880496101777f,-0.6262907151109196f,0.6951856693522289f,-0.8023947243704801f,-0.45216613607046174f,-0.3894977428606356f,-0.8344935689780321f,0f,0f,0f,1f], start_interpolation: 0, interpolation_duration: 1 }
$data merge entity $(bone_tail2) { transformation: [-0.9573865914569928f,0.2287087750028972f,-0.1763610238545784f,0.42027849827341934f,0.278314437883521f,0.8937269745659737f,-0.3518425338112649f,-0.1788590328353611f,0.07714912937902005f,-0.3859331433938079f,-0.919295176026848f,-2.1898243543736875f,0f,0f,0f,1f], start_interpolation: 0, interpolation_duration: 1 }
$data merge entity $(bone_tail1) { transformation: [-0.9599681378871886f,0.2667536816014766f,0.08546138071352166f,0.3561824627382781f,0.1411927896960331f,0.7243181334061766f,-0.6748539380909353f,0.3272814207328404f,-0.24192100028574462f,-0.6357717475407743f,-0.7329860262308514f,-1.640084834700549f,0f,0f,0f,1f], start_interpolation: 0, interpolation_duration: 1 }
$data merge entity $(bone_body1) { transformation: [-0.8809083545375544f,0.04334530180854574f,0.47129784183365847f,1.2246467991473532e-16f,-0.11884871591206547f,0.9436306943760624f,-0.30892733022088464f,0.5f,-0.4581216581127672f,-0.3281498094506173f,-0.8261006288131805f,-1f,0f,0f,0f,1f], start_interpolation: 0, interpolation_duration: 1 }