# This file was generated by Animated Java via MC-Build. It is not recommended to edit this file directly.
$data merge entity $(bone_left_leg4) { transformation: [-0.8713677306418876f,-0.08324605697394766f,-0.20925671314033578f,0.60604264795721f,-0.13219903767951846f,0.8660888112830692f,0.2059455884618286f,-0.6107954989639837f,0.18232304416232134f,0.2301309735098035f,-0.8507632118273649f,-0.7422593289060893f,0f,0f,0f,1f], start_interpolation: 0, interpolation_duration: 1 }
$data merge entity $(bone_left_leg3) { transformation: [-0.9831450547904533f,-0.1230755916234967f,-0.13519689340958277f,0.5221857600776864f,0.012789684450228267f,0.6913687409971888f,-0.722388875844323f,-0.04711963847582182f,0.1823793442600873f,-0.7119421765273407f,-0.6781416607676984f,-1.2338321075036136f,0f,0f,0f,1f], start_interpolation: 0, interpolation_duration: 1 }
$data merge entity $(bone_left_leg2) { transformation: [-0.9872626421953629f,-0.01563469489838437f,-0.15832887178548616f,0.5143684126284942f,-0.14511585235834795f,0.49645143141431053f,0.8558489151953118f,0.20110607723133345f,0.06522165836392557f,0.8679236905178451f,-0.49239679397630404f,-0.7998702622446909f,0f,0f,0f,1f], start_interpolation: 0, interpolation_duration: 1 }
$data merge entity $(bone_left_leg1) { transformation: [-0.7194376343958385f,-0.15825730273575472f,0.6762870073761016f,0.26796165018304136f,-0.31644670411394316f,0.9414504152081468f,-0.11632970024817546f,0.359884010865151f,-0.6182806593047707f,-0.2977007588757737f,-0.7273948614710213f,-0.7965877004211783f,0f,0f,0f,1f], start_interpolation: 0, interpolation_duration: 1 }
$data merge entity $(bone_right_leg4) { transformation: [-0.6005029250592034f,0.012734861622416827f,0.6702492523642217f,-0.6403741172373169f,0.030818869044569777f,0.8994106216554599f,0.010522878130618585f,-0.666576858747614f,-0.6696614325957216f,0.0299726033703462f,-0.6005457590734028f,-0.9181370676024248f,0f,0f,0f,1f], start_interpolation: 0, interpolation_duration: 1 }
$data merge entity $(bone_right_leg3) { transformation: [-0.5258006448846565f,0.7768953739999581f,0.34636290173219186f,-0.0793502680956103f,-0.04901511620702524f,0.378845063789459f,-0.9241612067304987f,-0.3246829854848636f,-0.8491944419401783f,-0.5029015763544848f,-0.161117361814558f,-1.2852434147548786f,0f,0f,0f,1f], start_interpolation: 0, interpolation_duration: 1 }
$data merge entity $(bone_right_leg2) { transformation: [-0.4299443964465669f,-0.6545203066690708f,0.6218930648608514f,-0.4066104214301457f,-0.11074253977166554f,0.7218365839720466f,0.6831456915801252f,0.03623530650115975f,-0.8960378930877411f,0.22484464458241377f,-0.38283283552157577f,-1.1728210924636717f,0f,0f,0f,1f], start_interpolation: 0, interpolation_duration: 1 }
$data merge entity $(bone_right_leg1) { transformation: [-0.661408746506429f,0.626765979422454f,0.4119500905248186f,-0.2836563489485355f,0.09849523958710031f,0.6170749299012106f,-0.7807158373352596f,0.2860091704096104f,-0.7435301996714552f,-0.4757971604854617f,-0.46987222119476035f,-1.0809907436217463f,0f,0f,0f,1f], start_interpolation: 0, interpolation_duration: 1 }
$data merge entity $(bone_right_wing3) { transformation: [-0.8381390691348141f,-0.05499056163183491f,0.8132985336872336f,-1.5729336325395535f,-0.4888509925847727f,0.9673720422349266f,-0.4383738187069027f,1.0783795021656066f,-0.6523060430620522f,-0.6543110391932917f,-0.7164701362590663f,-1.3494836630015725f,0f,0f,0f,1f], start_interpolation: 0, interpolation_duration: 1 }
$data merge entity $(bone_right_wing2) { transformation: [-0.9608593503728059f,-0.047033896203465f,-0.2730148739703948f,-0.7680268567659457f,0.11565256688718822f,0.8274015553656618f,-0.5495736074002173f,0.7448838713449171f,0.2517415193676905f,-0.5596378103616708f,-0.7895769301594628f,-1.9101904265261842f,0f,0f,0f,1f], start_interpolation: 0, interpolation_duration: 1 }
$data merge entity $(bone_right_wing1) { transformation: [-0.5532979215258516f,0.13057647368111838f,0.9221834446937809f,-0.6297070476500278f,-0.5028646130637922f,0.8609776598539711f,-0.4236221916657498f,1.1617684584813428f,-0.7839640948885903f,-0.6444209531544539f,-0.3791214108595421f,-1.3251851945716075f,0f,0f,0f,1f], start_interpolation: 0, interpolation_duration: 1 }
$data merge entity $(bone_left_wing3) { transformation: [0.43204312099833714f,-0.23962678719787797f,-1.0596571664608327f,-1.2984421518160019f,-0.6734871184552764f,0.8357390788732268f,-0.46358479191567614f,2.050907830950738f,0.8524725267417048f,0.7817127099375543f,0.17079635900469445f,-1.3804563578354054f,0f,0f,0f,1f], start_interpolation: 0, interpolation_duration: 1 }
$data merge entity $(bone_left_wing2) { transformation: [0.38466335422808207f,-0.20495483410575077f,-0.9000153442529106f,-1.2974411259201062f,-0.569315174143908f,0.7148147595231458f,-0.4061035484422155f,1.3432997390401757f,0.7265771372700166f,0.668605545553244f,0.15827914597936188f,-0.6236366208208051f,0f,0f,0f,1f], start_interpolation: 0, interpolation_duration: 1 }
$data merge entity $(bone_left_wing1) { transformation: [0.5748589747988957f,-0.3414636442771418f,-0.8523795221855386f,-0.735923809870298f,-0.5700703378702187f,0.6556453257693913f,-0.6471167806419444f,1.1308589740014472f,0.7198389264862022f,0.7919235427393436f,0.16822643514462818f,-0.20563724866101396f,0f,0f,0f,1f], start_interpolation: 0, interpolation_duration: 1 }
$data merge entity $(bone_beak_down) { transformation: [-1.0883255678017418f,-0.03108789645817231f,-0.1567832936343073f,-1.119235991664207f,-0.08400850547131028f,1.0291950501131166f,0.37907798647657714f,1.9839191320084784f,0.1359780477779132f,0.38702854095849964f,-1.0206463045570893f,-0.18376849667836398f,0f,0f,0f,1f], start_interpolation: 0, interpolation_duration: 1 }
$data merge entity $(bone_beak_up) { transformation: [-1.0883255678017418f,-0.03108789645817231f,-0.1567832936343073f,-1.1221504819571606f,-0.08400850547131028f,1.0291950501131166f,0.37907798647657714f,2.080406167956583f,0.1359780477779132f,0.38702854095849964f,-1.0206463045570893f,-0.14748457096350465f,0f,0f,0f,1f], start_interpolation: 0, interpolation_duration: 1 }
$data merge entity $(bone_head) { transformation: [-1.0883255678017418f,-0.03108789645817231f,-0.1567832936343073f,-1.2005421287743143f,-0.08400850547131028f,1.0291950501131166f,0.37907798647657714f,2.2699451611948716f,0.1359780477779132f,0.38702854095849964f,-1.0206463045570893f,-0.6578077232420493f,0f,0f,0f,1f], start_interpolation: 0, interpolation_duration: 1 }
$data merge entity $(bone_neck2) { transformation: [-0.8818353710404868f,0.4401688060595906f,0.16916796550754198f,-1.0948121503321007f,-0.10517509614534909f,0.166115644927169f,-0.9804814081160576f,1.6571442811223358f,-0.45967877646537353f,-0.8824154433612919f,-0.10019185488247893f,-0.7204276325435987f,0f,0f,0f,1f], start_interpolation: 0, interpolation_duration: 1 }
$data merge entity $(bone_neck1) { transformation: [-0.5808604955308968f,0.6511481426823555f,0.4884743401786008f,-0.8200453339816376f,-0.23573579013194818f,0.43981095506905976f,-0.8665996544264873f,1.1696819755074368f,-0.7791211215096577f,-0.618524389238258f,-0.10196988739315552f,-0.7777856942022486f,0f,0f,0f,1f], start_interpolation: 0, interpolation_duration: 1 }
$data merge entity $(bone_body3) { transformation: [0.09441489975135128f,0.5857918280791653f,0.8049433277322148f,-0.28034376489405555f,0.02747509731546277f,0.8067139645628918f,-0.5903030564097794f,0.8511621880365053f,-0.9951537296983055f,0.07784930015672076f,0.0600711306091426f,-0.7353756563117395f,0f,0f,0f,1f], start_interpolation: 0, interpolation_duration: 1 }
$data merge entity $(bone_body2) { transformation: [-0.5856071437294805f,0.4502870244118107f,0.6740221575433234f,-0.11183822550822468f,-0.12781515897825113f,0.7698187352820837f,-0.6253338308008431f,0.6948287303362946f,-0.8004545948074531f,-0.45235020775395973f,-0.393257843146943f,-0.8336901170984753f,0f,0f,0f,1f], start_interpolation: 0, interpolation_duration: 1 }
$data merge entity $(bone_tail2) { transformation: [-0.9571671508198591f,0.22701159591447184f,-0.17971305103346666f,0.41599720604407675f,0.27789092296151463f,0.8945471694324565f,-0.35008855536275046f,-0.17640445322533882f,0.08128763944776832f,-0.38503389069112404f,-0.9193156273512731f,-2.1927233279576357f,0f,0f,0f,1f], start_interpolation: 0, interpolation_duration: 1 }
$data merge entity $(bone_tail1) { transformation: [-0.9609083919559286f,0.2641652984867283f,0.08289606350176737f,0.3538251584177512f,0.141394711809382f,0.7256395480597566f,-0.6733905120834225f,0.3286384308372281f,-0.23803906767800348f,-0.6353455291154961f,-0.734624707515298f,-1.6417547973211621f,0f,0f,0f,1f], start_interpolation: 0, interpolation_duration: 1 }
$data merge entity $(bone_body1) { transformation: [-0.8825887986105229f,0.04185253004131817f,0.4682791670535583f,1.2246467991473532e-16f,-0.11819974472886503f,0.9442848499339698f,-0.3071724963781934f,0.5f,-0.4550448691209087f,-0.32645748255220103f,-0.8284682728821994f,-1f,0f,0f,0f,1f], start_interpolation: 0, interpolation_duration: 1 }