# This file was generated by Animated Java via MC-Build. It is not recommended to edit this file directly.
$data merge entity $(bone_left_leg4) { transformation: [-0.8990135053274835f,-0.03397449010471382f,-0.0249088590849839f,0.5092914363895314f,-0.035281349881440285f,0.8979964845624107f,0.04855450611524931f,-0.6351291699762482f,0.02302050367247147f,0.049477749905155244f,-0.8983440369229316f,-0.9556684864944f,0f,0f,0f,1f], start_interpolation: 0, interpolation_duration: 1 }
$data merge entity $(bone_left_leg3) { transformation: [-0.9978803463188689f,-0.022235810264564587f,0.06115867209490876f,0.4887921616851762f,-0.060448036187998024f,0.6647837792411977f,-0.7445861681355661f,-0.09000470003687713f,-0.02410081640834487f,-0.7467048249473613f,-0.6647187789199147f,-1.4741521815224263f,0f,0f,0f,1f], start_interpolation: 0, interpolation_duration: 1 }
$data merge entity $(bone_left_leg2) { transformation: [-0.9956711022014424f,0.028156221874928833f,-0.08857924932338769f,0.5028702726226406f,-0.07147839157194169f,0.37722906499025033f,0.9233574995985412f,0.09860983245824803f,0.059412926028375945f,0.925691881619533f,-0.37358351746889945f,-1.0113062407126598f,0f,0f,0f,1f], start_interpolation: 0, interpolation_duration: 1 }
$data merge entity $(bone_left_leg1) { transformation: [-0.9296074965079316f,-0.01593222611186904f,0.36820655426998605f,0.3146433142375513f,-0.1607259748556531f,0.9165812032775139f,-0.36612301048287693f,0.3190261256813647f,-0.33165805197967957f,-0.3995310525722189f,-0.8546214802984881f,-0.9674340420114442f,0f,0f,0f,1f], start_interpolation: 0, interpolation_duration: 1 }
$data merge entity $(bone_right_leg4) { transformation: [-0.8933720645519212f,0.031090486172006538f,0.10449754039127358f,-0.48704236843069526f,0.032868785458839124f,0.899299182638374f,0.01343960745012418f,-0.6491506164099182f,-0.10395189859111945f,0.017156974545091075f,-0.8938118599592206f,-0.9653619976378043f,0f,0f,0f,1f], start_interpolation: 0, interpolation_duration: 1 }
$data merge entity $(bone_right_leg3) { transformation: [-0.9915968185077089f,0.12936646567143478f,0.0002590078590717776f,-0.39003370716831115f,0.07973149742101837f,0.6127178997710687f,-0.7862694599303299f,-0.14047035033597108f,-0.10187559984800926f,-0.7796416438722424f,-0.6178837020797654f,-1.5114754991620007f,0f,0f,0f,1f], start_interpolation: 0, interpolation_duration: 1 }
$data merge entity $(bone_right_leg2) { transformation: [-0.9730187999476154f,-0.17539197400630427f,0.14990687243310066f,-0.47772969417146327f,0.0615529410619087f,0.42884387881589076f,0.9012791815241107f,0.0739515890719743f,-0.22236377941366986f,0.8861887965080092f,-0.4064772644915769f,-1.0683811009079962f,0f,0f,0f,1f], start_interpolation: 0, interpolation_duration: 1 }
$data merge entity $(bone_right_leg1) { transformation: [-0.982317961377071f,0.07538759234163363f,-0.1713713327162012f,-0.30867265055098536f,0.14875781653450415f,0.8700712047504198f,-0.4699438377977095f,0.3066096824829355f,0.11367732744871369f,-0.48712709797863296f,-0.8659010657338592f,-1.0115706478849806f,0f,0f,0f,1f], start_interpolation: 0, interpolation_duration: 1 }
$data merge entity $(bone_right_wing3) { transformation: [-1.1023917628712798f,-0.08804524288451408f,0.3793889855221421f,-1.6056151844446596f,0.05014512902065471f,1.0973364540749073f,0.4003670048472689f,0.49585272896468424f,-0.3862297673220114f,0.3937718981088902f,-1.030885941833852f,0.13185242467966318f,0f,0f,0f,1f], start_interpolation: 0, interpolation_duration: 1 }
$data merge entity $(bone_right_wing2) { transformation: [-0.7524631331566309f,-0.07530584689722f,-0.6543151096094282f,-1.1542392739335758f,-0.2751146338152598f,0.9385612248658779f,0.20836210173387698f,0.8427184681492412f,0.5984239061909219f,0.3367964616817634f,-0.7269504604151804f,-0.7338439854522264f,0f,0f,0f,1f], start_interpolation: 0, interpolation_duration: 1 }
$data merge entity $(bone_right_wing1) { transformation: [-0.8961305602101294f,0.06121057579379788f,0.605652041670448f,-0.7253068895703279f,0.18776482364028535f,1.0530818195474354f,0.17138892453453944f,0.6840087321003202f,-0.5790556978149192f,0.2467449246909959f,-0.8817156866464512f,-0.16289348030511586f,0f,0f,0f,1f], start_interpolation: 0, interpolation_duration: 1 }
$data merge entity $(bone_left_wing3) { transformation: [-0.9802168601231364f,0.3516558431785845f,0.5314777898137052f,0.8379206520905884f,0.6166093385806272f,0.7696851199754617f,0.6279596369513596f,-0.19836338581532503f,-0.16100744293995775f,0.8067704444408461f,-0.8307548490807732f,0.6217603963581768f,0f,0f,0f,1f], start_interpolation: 0, interpolation_duration: 1 }
$data merge entity $(bone_left_wing2) { transformation: [-0.17630487781850657f,0.3007742408258727f,0.9372574065394317f,1.0506408868264685f,0.7494513940500631f,0.6583182453135715f,-0.07028296979836451f,0.48740501765805583f,-0.6381529581642782f,0.6900376395117012f,-0.3414803918870025f,-0.12520555109624548f,0f,0f,0f,1f], start_interpolation: 0, interpolation_duration: 1 }
$data merge entity $(bone_left_wing1) { transformation: [-1.0225890698743645f,0.3176635794212793f,0.16435496826641216f,0.36376206134471906f,0.3569801979998129f,0.8757518818671707f,0.5284268073756617f,0.5920054954558613f,0.022087180005768037f,0.5529553352907275f,-0.9313236090446881f,0.10373214599465075f,0f,0f,0f,1f], start_interpolation: 0, interpolation_duration: 1 }
$data merge entity $(bone_beak_down) { transformation: [-1.0973692452594506f,-0.07391855271441784f,0.017798514637735286f,-0.36936618070720284f,-0.0650935139104276f,1.0464618781453954f,0.3326865973182662f,1.155792709877312f,-0.03928834439750303f,0.3308377021335672f,-1.0483333634114125f,1.215324914791589f,0f,0f,0f,1f], start_interpolation: 0, interpolation_duration: 1 }
$data merge entity $(bone_beak_up) { transformation: [-1.0973692452594506f,-0.07391855271441784f,0.017798514637735286f,-0.3762960450241795f,-0.0650935139104276f,1.0464618781453954f,0.3326865973182662f,1.2538985109534428f,-0.03928834439750303f,0.3308377021335672f,-1.0483333634114125f,1.246340949366611f,0f,0f,0f,1f], start_interpolation: 0, interpolation_duration: 1 }
$data merge entity $(bone_head) { transformation: [-1.0973692452594506f,-0.07391855271441784f,0.017798514637735286f,-0.36739678770531187f,-0.0650935139104276f,1.0464618781453954f,0.3326865973182662f,1.420241809612576f,-0.03928834439750303f,0.3308377021335672f,-1.0483333634114125f,0.7221742676609048f,0f,0f,0f,1f], start_interpolation: 0, interpolation_duration: 1 }
$data merge entity $(bone_neck2) { transformation: [-0.9906097128592336f,0.10984399271674392f,0.08140450880013152f,-0.3165189697052297f,-0.05395185611898466f,0.23302461491969645f,-0.9709730820485416f,0.8133836333322374f,-0.12562481446857213f,-0.966247290348372f,-0.2249101595841454f,0.5816054179208139f,0f,0f,0f,1f], start_interpolation: 0, interpolation_duration: 1 }
$data merge entity $(bone_neck1) { transformation: [-0.9817473008106063f,0.060239036240833446f,0.18039815925852587f,-0.2150450051223089f,-0.025206552957203317f,0.8989369031595295f,-0.4373523451703107f,0.5673729391739376f,-0.1885122463902667f,-0.43391670012887307f,-0.8810104598188179f,0.08603703427272891f,0f,0f,0f,1f], start_interpolation: 0, interpolation_duration: 1 }
$data merge entity $(bone_body3) { transformation: [-0.9680612897022639f,0.06304798802837053f,0.2426567340618509f,-0.05944404708187895f,0.08178065479507458f,0.9943342822913145f,0.06790625568756833f,0.671960241621875f,-0.2370005567109036f,0.08558204406177156f,-0.967732633454577f,-0.5134469838825211f,0f,0f,0f,1f], start_interpolation: 0, interpolation_duration: 1 }
$data merge entity $(bone_body2) { transformation: [-0.9871525705553158f,0.022388230729542886f,0.15820420212760786f,-0.01989299654997698f,0.0010036360975474593f,0.990984008321634f,-0.13397644556179023f,0.6384661302314274f,-0.15977732993330424f,-0.13209641318214657f,-0.9782748808304319f,-0.7580157040901291f,0f,0f,0f,1f], start_interpolation: 0, interpolation_duration: 1 }
$data merge entity $(bone_tail2) { transformation: [-0.9994204324847473f,0.015979781887609956f,-0.030057373518411135f,0.06546964195081675f,0.02318172095339948f,0.9660823765816571f,-0.25719146461726944f,0.11739193746274212f,0.024928035334530266f,-0.2577391864446729f,-0.9658929054637467f,-2.3822284010696997f,0f,0f,0f,1f], start_interpolation: 0, interpolation_duration: 1 }
$data merge entity $(bone_tail1) { transformation: [-0.9995982075104508f,0.022674481894507468f,0.01700856880250492f,0.05271321534893807f,0.009945745803180805f,0.8424876370865323f,-0.5386238608683893f,0.5213598331140341f,-0.026542525921856082f,-0.5382382829446147f,-0.8423746465145543f,-1.7504474161837837f,0f,0f,0f,1f], start_interpolation: 0, interpolation_duration: 1 }
$data merge entity $(bone_body1) { transformation: [-0.9973055436616587f,-0.01592176983084198f,0.07161110128448742f,1.2246467991473532e-16f,-0.01986630911748656f,0.9983045115618662f,-0.05471226514477677f,0.5f,-0.0706185693976584f,-0.05598749360953367f,-0.9959309304442505f,-1f,0f,0f,0f,1f], start_interpolation: 0, interpolation_duration: 1 }