# This file was generated by Animated Java via MC-Build. It is not recommended to edit this file directly.
$data merge entity $(bone_left_leg4) { transformation: [-0.8985084320438618f,-0.03853761413197f,-0.03460418823056725f,0.5183566047585302f,-0.04072223884652726f,0.8971932477412484f,0.05818913533330938f,-0.6345965090571507f,0.032004637310982256f,0.05965843196503917f,-0.897450040217318f,-0.9432987107217599f,0f,0f,0f,1f], start_interpolation: 0, interpolation_duration: 1 }
$data merge entity $(bone_left_leg3) { transformation: [-0.9983646546907932f,-0.02756001105321749f,0.05008454906335958f,0.4945563121521571f,-0.05568627083107283f,0.6669327322717725f,-0.7430341646690533f,-0.08795732456150551f,-0.012924995360228734f,-0.7446080689968755f,-0.667376781196112f,-1.4600437136446596f,0f,0f,0f,1f], start_interpolation: 0, interpolation_duration: 1 }
$data merge entity $(bone_left_leg2) { transformation: [-0.9956181057677007f,0.02488442545471853f,-0.09014073905468237f,0.5069985248795164f,-0.07371795820291327f,0.38421894821884345f,0.9202942260320878f,0.10415214954791621f,0.05753477301536264f,0.9229065853050321f,-0.38070091239012877f,-0.9985904209921435f,0f,0f,0f,1f], start_interpolation: 0, interpolation_duration: 1 }
$data merge entity $(bone_left_leg1) { transformation: [-0.9204908845279617f,-0.022070610333138604f,0.39014025639563715f,0.31464762680187575f,-0.17171738265611108f,0.9196844439678481f,-0.35311990034163304f,0.32133829127393004f,-0.35101235305137835f,-0.39203751310693835f,-0.8503510547546005f,-0.9565331760646291f,0f,0f,0f,1f], start_interpolation: 0, interpolation_duration: 1 }
$data merge entity $(bone_right_leg4) { transformation: [-0.8882509083659417f,0.03402482546517385f,0.14089937912973216f,-0.49091050144925785f,0.0362606183603329f,0.8991963230864343f,0.011451641976710725f,-0.6528459146348752f,-0.14034062613229936f,0.016978922224361814f,-0.8888285688797887f,-0.957113265624213f,0f,0f,0f,1f], start_interpolation: 0, interpolation_duration: 1 }
$data merge entity $(bone_right_leg3) { transformation: [-0.9847266166047287f,0.1713873771588819f,0.030657095439762805f,-0.3642860370450816f,0.0791011000771023f,0.5972533722306563f,-0.7981424843508211f,-0.1550219801899566f,-0.15510160062615663f,-0.7835271382088231f,-0.6016882225650557f,-1.5071531053705143f,0f,0f,0f,1f], start_interpolation: 0, interpolation_duration: 1 }
$data merge entity $(bone_right_leg2) { transformation: [-0.9600074890011558f,-0.21949851480932192f,0.17379880050851154f,-0.4740352944497426f,0.05774667381601051f,0.4521815551896443f,0.8900545841741742f,0.07106879740486555f,-0.2739542712294933f,0.864495369069596f,-0.42142237023245555f,-1.0749054208357163f,0f,0f,0f,1f], start_interpolation: 0, interpolation_duration: 1 }
$data merge entity $(bone_right_leg1) { transformation: [-0.9863664451766573f,0.10344178025249892f,-0.12798841325588056f,-0.30734632751983926f,0.15370842973606563f,0.8569075305481423f,-0.4920195145702633f,0.3047790646475584f,0.0587788606357534f,-0.5049844375701873f,-0.8611247083635938f,-1.0154764776414218f,0f,0f,0f,1f], start_interpolation: 0, interpolation_duration: 1 }
$data merge entity $(bone_right_wing3) { transformation: [-1.0832769865603327f,-0.14182757332183119f,0.4163549877339853f,-1.6533109708523404f,-0.00018823681022005895f,1.106870107574551f,0.3765555676143533f,0.5239579443499665f,-0.43984827035266333f,0.34882527199173113f,-1.0255778832756812f,0.03870252056925416f,0f,0f,0f,1f], start_interpolation: 0, interpolation_duration: 1 }
$data merge entity $(bone_right_wing2) { transformation: [-0.7716700345011411f,-0.12130633265884946f,-0.624347764879372f,-1.1714542487006852f,-0.2790023304126191f,0.9467154399863588f,0.16089616314804753f,0.8552461068033883f,0.5715619454419048f,0.29835322915681006f,-0.7643966857426637f,-0.8166036122630185f,0f,0f,0f,1f], start_interpolation: 0, interpolation_duration: 1 }
$data merge entity $(bone_right_wing1) { transformation: [-0.8723154031216379f,0.01574698489026012f,0.642206338379427f,-0.7660709363456674f,0.1374190512415068f,1.0625126973889398f,0.1606047426269672f,0.7309752298323627f,-0.6275292446920138f,0.21078403987317487f,-0.8575478101552854f,-0.22046825078802068f,0f,0f,0f,1f], start_interpolation: 0, interpolation_duration: 1 }
$data merge entity $(bone_left_wing3) { transformation: [-0.7952505231962329f,0.3492676287254166f,0.7826520905595312f,0.5539035251852489f,0.8198416196543519f,0.6211851530523024f,0.5558275724417411f,-0.31971998122442435f,-0.2497836864473118f,0.9268746922472717f,-0.667433128360347f,0.6336936386737668f,0f,0f,0f,1f], start_interpolation: 0, interpolation_duration: 1 }
$data merge entity $(bone_left_wing2) { transformation: [0.039215328892676315f,0.29873158064258615f,0.9535311220440691f,0.9786526538664841f,0.8231600840675792f,0.531304957519864f,-0.20030606109818905f,0.38348013658134783f,-0.566453558535645f,0.792763826648011f,-0.22506861438394116f,0.002358466101004042f,0f,0f,0f,1f], start_interpolation: 0, interpolation_duration: 1 }
$data merge entity $(bone_left_wing1) { transformation: [-0.9203665624320406f,0.38500833968439424f,0.42226186216802203f,0.29712882874583796f,0.5612808539938482f,0.759320724873292f,0.5310432664378164f,0.6171291555148708f,-0.10723947411320087f,0.6699341208376206f,-0.8445703523333978f,0.12920349652917995f,0f,0f,0f,1f], start_interpolation: 0, interpolation_duration: 1 }
$data merge entity $(bone_beak_down) { transformation: [-1.0955676969513137f,-0.098140740435939f,0.00999081895942028f,-0.47331075542329776f,-0.08996910356210604f,1.039736046489228f,0.347641358349638f,1.2038387516823066f,-0.04045963174604208f,0.34542343391500796f,-1.0435735093903729f,1.1817840079540973f,0f,0f,0f,1f], start_interpolation: 0, interpolation_duration: 1 }
$data merge entity $(bone_beak_up) { transformation: [-1.0955676969513137f,-0.098140740435939f,0.00999081895942028f,-0.48251144983916705f,-0.08996910356210604f,1.039736046489228f,0.347641358349638f,1.3013140060406718f,-0.04045963174604208f,0.34542343391500796f,-1.0435735093903729f,1.2141674548836294f,0f,0f,0f,1f], start_interpolation: 0, interpolation_duration: 1 }
$data merge entity $(bone_head) { transformation: [-1.0955676969513137f,-0.098140740435939f,0.00999081895942028f,-0.4775160403594569f,-0.08996910356210604f,1.039736046489228f,0.347641358349638f,1.4751346852154907f,-0.04045963174604208f,0.34542343391500796f,-1.0435735093903729f,0.692380700188443f,0f,0f,0f,1f], start_interpolation: 0, interpolation_duration: 1 }
$data merge entity $(bone_neck2) { transformation: [-0.9848608601500469f,0.13483136256574763f,0.10894764712086895f,-0.4094237609089138f,-0.07411872257972243f,0.24060877506321454f,-0.9677881133418256f,0.8702671143768499f,-0.1567019499165841f,-0.9612116941814867f,-0.22697263681134983f,0.5505228021813493f,0f,0f,0f,1f], start_interpolation: 0, interpolation_duration: 1 }
$data merge entity $(bone_neck1) { transformation: [-0.9696651438960835f,0.07921157106245441f,0.23124669883655666f,-0.2793474928133507f,-0.03847882339871558f,0.884777412917949f,-0.46442255515863146f,0.6090294271001196f,-0.24138949617337924f,-0.459232464662549f,-0.8548898493590404f,0.06964726191688908f,0f,0f,0f,1f], start_interpolation: 0, interpolation_duration: 1 }
$data merge entity $(bone_body3) { transformation: [-0.9450664578591157f,0.08892021899796543f,0.3145514026085054f,-0.07719535249566196f,0.10119651050443736f,0.9946033131074209f,0.022880468034266382f,0.68549242669075f,-0.3108193309486228f,0.05345506719756002f,-0.9489646459692558f,-0.5201147001140483f,0f,0f,0f,1f], start_interpolation: 0, interpolation_duration: 1 }
$data merge entity $(bone_body2) { transformation: [-0.9786190156564715f,0.032854044856454434f,0.2030404736305767f,-0.026435234088017786f,-0.0024041636079289407f,0.9852656996548717f,-0.1710138037730947f,0.6427389757474763f,-0.20566730949012085f,-0.16784550282973415f,-0.964120762657318f,-0.7611448907783778f,0f,0f,0f,1f], start_interpolation: 0, interpolation_duration: 1 }
$data merge entity $(bone_tail2) { transformation: [-0.9989313594001393f,0.02307059995828806f,-0.040048553339095086f,0.0875146803125286f,0.03303695852040388f,0.9623947587179418f,-0.26963843895846074f,0.09500007881423023f,0.03232179726919314f,-0.27067337477077236f,-0.9621284870595457f,-2.3750547410854415f,0f,0f,0f,1f], start_interpolation: 0, interpolation_duration: 1 }
$data merge entity $(bone_tail1) { transformation: [-0.9992414039837383f,0.031924881768740414f,0.022302880725578254f,0.07078751976834491f,0.014375194936037866f,0.8346195585547674f,-0.5506392160465835f,0.5079794908491678f,-0.03619351233520084f,-0.5499008950728277f,-0.8344453458812895f,-1.7492207316744741f,0f,0f,0f,1f], start_interpolation: 0, interpolation_duration: 1 }
$data merge entity $(bone_body1) { transformation: [-0.9951903269147441f,-0.019470131418763314f,0.09600587064268998f,1.2246467991473532e-16f,-0.026494762602194688f,0.9970203842093641f,-0.07244571088522321f,0.5f,-0.09430928252286824f,-0.0746409234505314f,-0.9927408986117545f,-1f,0f,0f,0f,1f], start_interpolation: 0, interpolation_duration: 1 }