# This file was generated by Animated Java via MC-Build. It is not recommended to edit this file directly.
$data merge entity $(bone_left_leg4) { transformation: [-0.8969264761863444f,-0.04798924729191178f,-0.056744413472189344f,0.5368512318639296f,-0.0529166177912582f,0.8949108690742209f,0.07958874276150274f,-0.6329456995368642f,0.052179765019411066f,0.08265330336519222f,-0.8946763121740404f,-0.91587092956376f,0f,0f,0f,1f], start_interpolation: 0, interpolation_duration: 1 }
$data merge entity $(bone_left_leg3) { transformation: [-0.9988910141058597f,-0.03971871235313347f,0.025281729125523768f,0.5054820895287342f,-0.045422177717116305f,0.6716218507956194f,-0.7395004498344147f,-0.08301053332549865f,0.01239224394538833f,-0.7398287054601737f,-0.6726811420480898f,-1.4286998872808847f,0f,0f,0f,1f], start_interpolation: 0, interpolation_duration: 1 }
$data merge entity $(bone_left_leg2) { transformation: [-0.9953335692765386f,0.01819409504329028f,-0.09476318260158693f,0.5145791370503794f,-0.07964520429785499f,0.3995333538106871f,0.9132522875006323f,0.1167561435798449f,0.05447685107987554f,0.9165380920061863f,-0.39621988667668f,-0.9704308412777914f,0f,0f,0f,1f], start_interpolation: 0, interpolation_duration: 1 }
$data merge entity $(bone_left_leg1) { transformation: [-0.8986885443589303f,-0.03688112583424454f,0.43703396068866973f,0.31338399028246666f,-0.19530615198740925f,0.9258589592356469f,-0.32348213953625915f,0.3265943306011511f,-0.3927014225004768f,-0.37606511425587386f,-0.8392619511248074f,-0.932669112177426f,0f,0f,0f,1f], start_interpolation: 0, interpolation_duration: 1 }
$data merge entity $(bone_right_leg4) { transformation: [-0.8715110816291521f,0.03865613422830501f,0.22130101193647697f,-0.5020094342883341f,0.04185211396633512f,0.8989926485866055f,0.0077857783033485894f,-0.6596838688852134f,-0.22071890529389268f,0.017830341381007364f,-0.8723332183128775f,-0.9406213017455831f,0f,0f,0f,1f], start_interpolation: 0, interpolation_duration: 1 }
$data merge entity $(bone_right_leg3) { transformation: [-0.9596468806367378f,0.26469180688639654f,0.09495320874722164f,-0.30942515467023807f,0.07396621822180688f,0.5633633318522906f,-0.8228917030121581f,-0.18573063855773558f,-0.27130584779201306f,-0.7826621261384126f,-0.5602081160268535f,-1.4926048890977142f,0f,0f,0f,1f], start_interpolation: 0, interpolation_duration: 1 }
$data merge entity $(bone_right_leg2) { transformation: [-0.9217152360362209f,-0.3122701580606192f,0.23006167008758674f,-0.46556023370054767f,0.045805732610869676f,0.5013589475822166f,0.8640260647337173f,0.06494883523337269f,-0.3851530325970123f,0.8069241315415274f,-0.44780641734713544f,-1.0891428233269504f,0f,0f,0f,1f], start_interpolation: 0, interpolation_duration: 1 }
$data merge entity $(bone_right_leg1) { transformation: [-0.9849727430632779f,0.16938727939358006f,-0.033714166192319206f,-0.3043571197702818f,0.16059761188409802f,0.8264614160097703f,-0.5396016446456127f,0.30101095762074476f,-0.06353819701192887f,-0.5369073266651953f,-0.8412451605172576f,-1.0241372048531976f,0f,0f,0f,1f], start_interpolation: 0, interpolation_duration: 1 }
$data merge entity $(bone_right_wing3) { transformation: [-1.0338295466655163f,-0.24245572352271624f,0.4892517312682816f,-1.7302539725188697f,-0.11311355111931493f,1.1199593422093144f,0.3159936112136134f,0.5792518499862478f,-0.534188505090771f,0.23208158028098297f,-1.013773321359233f,-0.16277222649743206f,0f,0f,0f,1f], start_interpolation: 0, interpolation_duration: 1 }
$data merge entity $(bone_right_wing2) { transformation: [-0.804519622557999f,-0.20737444746339334f,-0.5565465079024273f,-1.189543226103638f,-0.2824359360479229f,0.9579107739659605f,0.051350668434484145f,0.8693098105834335f,0.5224730796393898f,0.1985013543006371f,-0.8292280104970795f,-0.997628259793164f,0f,0f,0f,1f], start_interpolation: 0, interpolation_duration: 1 }
$data merge entity $(bone_right_wing1) { transformation: [-0.8146280616631787f,-0.06989731372348908f,0.7107085181677814f,-0.8365773834714934f,0.02238546704583145f,1.0751026460395572f,0.13139369259973524f,0.8247820274351785f,-0.7137864688596608f,0.11348910575070131f,-0.806994554417732f,-0.358418872766595f,0f,0f,0f,1f], start_interpolation: 0, interpolation_duration: 1 }
$data merge entity $(bone_left_wing3) { transformation: [-0.26343932311046075f,0.1033258071273503f,1.134406922844332f,-0.12057309945150807f,1.089058292200928f,0.36417421878564776f,0.21973789053511775f,-0.41162182231975636f,-0.33392712558889637f,1.1061900749554332f,-0.17830243644603627f,0.5285393457881838f,0f,0f,0f,1f], start_interpolation: 0, interpolation_duration: 1 }
$data merge entity $(bone_left_wing2) { transformation: [0.4672298948459608f,0.08837544377349318f,0.8797079096496012f,0.6821367323686988f,0.8259103530535467f,0.3114813142120398f,-0.4699483797351648f,0.18465745366699465f,-0.3155444724301135f,0.9461338022893901f,0.07254318771754337f,0.2572566905134839f,0f,0f,0f,1f], start_interpolation: 0, interpolation_duration: 1 }
$data merge entity $(bone_left_wing1) { transformation: [-0.5158704303543968f,0.31095118593109833f,0.9004433186853708f,0.1469628087933229f,0.8959435657535436f,0.5063093328297278f,0.338448072214118f,0.6751336229611778f,-0.32368802446477113f,0.9058539234162816f,-0.49826282558558826f,0.16682301935366872f,0f,0f,0f,1f], start_interpolation: 0, interpolation_duration: 1 }
$data merge entity $(bone_beak_down) { transformation: [-1.0902213768644158f,-0.1450679495490354f,-0.019303871153114945f,-0.6784020498689415f,-0.14306073811045208f,1.0258561844853027f,0.3703413479002168f,1.3098852517402404f,-0.030837876696527385f,0.36955970933922866f,-1.0356035180482703f,1.0804431710874958f,0f,0f,0f,1f], start_interpolation: 0, interpolation_duration: 1 }
$data merge entity $(bone_beak_up) { transformation: [-1.0902213768644158f,-0.1450679495490354f,-0.019303871153114945f,-0.6920021701391635f,-0.14306073811045208f,1.0258561844853027f,0.3703413479002168f,1.4060592690357374f,-0.030837876696527385f,0.36955970933922866f,-1.0356035180482703f,1.1150893938380486f,0f,0f,0f,1f], start_interpolation: 0, interpolation_duration: 1 }
$data merge entity $(bone_head) { transformation: [-1.0902213768644158f,-0.1450679495490354f,-0.019303871153114945f,-0.7016541057157211f,-0.14306073811045208f,1.0258561844853027f,0.3703413479002168f,1.5912299429858459f,-0.030837876696527385f,0.36955970933922866f,-1.0356035180482703f,0.5972876348139133f,0f,0f,0f,1f], start_interpolation: 0, interpolation_duration: 1 }
$data merge entity $(bone_neck2) { transformation: [-0.9698382743488957f,0.17911509383971164f,0.1653224266902339f,-0.5983275890343249f,-0.11697524113170804f,0.2530326850379572f,-0.9603599602569136f,0.9910049678252748f,-0.21384694192373957f,-0.9507324773359083f,-0.22444875131885128f,0.45700716523963125f,0f,0f,0f,1f], start_interpolation: 0, interpolation_duration: 1 }
$data merge entity $(bone_neck1) { transformation: [-0.9352152643351586f,0.12478957872538379f,0.3313607858453697f,-0.4119371469963044f,-0.0715538709678582f,0.8499216066304527f,-0.5220280702531476f,0.6973641783078792f,-0.3467743544497413f,-0.5119187666263577f,-0.785930482594812f,0.014921268780049513f,0f,0f,0f,1f], start_interpolation: 0, interpolation_duration: 1 }
$data merge entity $(bone_body3) { transformation: [-0.8742579486798365f,0.15192240583237268f,0.4610776743415673f,-0.11426845016830152f,0.1330208039768895f,0.9883882364935346f,-0.07344494312437572f,0.7132353536359903f,-0.4668816818846789f,-0.0028769023801142324f,-0.8843151127020441f,-0.5379554830574852f,0f,0f,0f,1f], start_interpolation: 0, interpolation_duration: 1 }
$data merge entity $(bone_body2) { transformation: [-0.9534910119371044f,0.06192929172363358f,0.29499093711801716f,-0.04052071588879723f,-0.013189329148251782f,0.9691565781099997f,-0.2460926018854187f,0.6517122031646356f,-0.3011327477239497f,-0.2385378165673636f,-0.9232652805751438f,-0.7687718032012711f,0f,0f,0f,1f], start_interpolation: 0, interpolation_duration: 1 }
$data merge entity $(bone_tail2) { transformation: [-0.997212924378777f,0.041612026895945314f,-0.06192594504356854f,0.1359102585781662f,0.05809039877183905f,0.9538953284373185f,-0.2944642728006052f,0.04781139249181948f,0.046817614446452396f,-0.29724088144646515f,-0.9536540092583221f,-2.3570029738286475f,0f,0f,0f,1f], start_interpolation: 0, interpolation_duration: 1 }
$data merge entity $(bone_tail1) { transformation: [-0.9979329481409035f,0.055040064983254144f,0.033172613123541375f,0.11103079873551015f,0.02596278981204235f,0.8174951489644304f,-0.5753499934516377f,0.4793238875805478f,-0.05878575133466185f,-0.5732994615959995f,-0.8172343377353625f,-1.7440772205271258f,0f,0f,0f,1f], start_interpolation: 0, interpolation_duration: 1 }
$data merge entity $(bone_body1) { transformation: [-0.9883857760843976f,-0.02407165469915895f,0.15004703620560994f,1.2246467991473532e-16f,-0.040933396768650154f,0.9930525647416111f,-0.1103225302877372f,0.5f,-0.1463489482812344f,-0.11518315458500383f,-0.9825043644874173f,-1f,0f,0f,0f,1f], start_interpolation: 0, interpolation_duration: 1 }