# This file was generated by Animated Java via MC-Build. It is not recommended to edit this file directly.
$data merge entity $(bone_jaw) { transformation: [-0.9995771687372661f,-0.0008340785156093951f,-0.029065237866236965f,0.028808782955534164f,-0.014243560373889547f,0.8854916784815692f,0.4644368722741212f,-0.05503235991093541f,0.02534964944661957f,0.4646544863152866f,-0.8851291451647102f,3.6922204616322127f,0f,0f,0f,1f], start_interpolation: 0, interpolation_duration: 1 }
$data merge entity $(bone_head) { transformation: [-1.1245243148294244f,-0.0009383383300605694f,-0.03269839259951658f,0.021542473488974923f,-0.01602400542062574f,0.9961781382917654f,0.5224914813083864f,0.06107685815759489f,0.028518355627447017f,0.5227362971046974f,-0.995770288310299f,3.4709381753410353f,0f,0f,0f,1f], start_interpolation: 0, interpolation_duration: 1 }
$data merge entity $(bone_neck) { transformation: [-0.9995771687372661f,-0.002101092527032224f,-0.02900119220625224f,0.4999999999999997f,-0.014243560373889547f,0.9049073384510159f,0.4253702267500321f,-0.5476520995252636f,0.02534964944661957f,0.4256034471520305f,-0.9045546423767014f,2.2711090410876236f,0f,0f,0f,1f], start_interpolation: 0, interpolation_duration: 1 }
$data merge entity $(bone_right_arm2) { transformation: [-1f,2.6506208041798652e-17f,1.1956177801397677e-16f,-0.8750000000000004f,0f,0.9762960071199334f,-0.21643961393810288f,-1.7833097083027944f,-1.2246467991473532e-16f,-0.21643961393810288f,-0.9762960071199334f,2.7214130050647416f,0f,0f,0f,1f], start_interpolation: 0, interpolation_duration: 1 }
$data merge entity $(bone_right_arm1) { transformation: [-1.1354166666666665f,3.0095590380792216e-17f,1.3575243545336942e-16f,-0.5625000000000003f,0f,1.108502758084091f,-0.24574914499222095f,-0.6507234335403278f,-1.3904843865318904e-16f,-0.24574914499222095f,-1.108502758084091f,1.7661325068760276f,0f,0f,0f,1f], start_interpolation: 0, interpolation_duration: 1 }
$data merge entity $(bone_left_arm2) { transformation: [-1f,2.6506208041798652e-17f,1.1956177801397677e-16f,0.8749999999999997f,0f,0.9762960071199334f,-0.21643961393810288f,-1.7833097083027944f,-1.2246467991473532e-16f,-0.21643961393810288f,-0.9762960071199334f,2.7214130050647416f,0f,0f,0f,1f], start_interpolation: 0, interpolation_duration: 1 }
$data merge entity $(bone_left_arm1) { transformation: [-1.1354166666666665f,3.0095590380792216e-17f,1.3575243545336942e-16f,0.5624999999999998f,0f,1.108502758084091f,-0.24574914499222095f,-0.6507234335403278f,-1.3904843865318904e-16f,-0.24574914499222095f,-1.108502758084091f,1.7661325068760276f,0f,0f,0f,1f], start_interpolation: 0, interpolation_duration: 1 }
$data merge entity $(bone_body2) { transformation: [-1.5833333333333335f,-8.457904326973477e-18f,1.9371785773606232e-16f,0.4999999999999999f,0f,1.5818263508379415f,0.06906402999511531f,-0.5473897440364592f,-1.9390240986499761e-16f,0.06906402999511531f,-1.5818263508379415f,0.8322510108533696f,0f,0f,0f,1f], start_interpolation: 0, interpolation_duration: 1 }
$data merge entity $(bone_right_leg2) { transformation: [-0.984807753012208f,0.022665635416815433f,0.1721625934348047f,-1.1032101189440613f,0.02266563541681542f,0.9997411683685392f,-0.001966021429171183f,-2.444250596194415f,-0.17216259343480467f,0.00196602142917085f,-0.9850665846436688f,0.2572673440181537f,0f,0f,0f,1f], start_interpolation: 0, interpolation_duration: 1 }
$data merge entity $(bone_right_leg1) { transformation: [-1.3130770040162774f,0.1409470837083744f,0.18368581571672687f,-0.625f,0.030220847222420556f,1.1530909844022734f,-0.6687642782484218f,-1.0528323642025457f,-0.22955012457973956f,-0.6544408904263836f,-1.1387675965802355f,-0.11684211298624686f,0f,0f,0f,1f], start_interpolation: 0, interpolation_duration: 1 }
$data merge entity $(bone_left_leg2) { transformation: [-0.984807753012208f,-0.02266563541681542f,-0.1721625934348045f,1.103210118944061f,-0.02266563541681542f,0.9997411683685392f,-0.001966021429171183f,-2.444250596194415f,0.17216259343480445f,0.00196602142917085f,-0.9850665846436688f,0.2572673440181539f,0f,0f,0f,1f], start_interpolation: 0, interpolation_duration: 1 }
$data merge entity $(bone_left_leg1) { transformation: [-1.3130770040162774f,-0.14094708370837422f,-0.18368581571672665f,0.625f,-0.030220847222420556f,1.1530909844022734f,-0.6687642782484218f,-1.0528323642025457f,0.22955012457973925f,-0.6544408904263836f,-1.1387675965802355f,-0.11684211298624671f,0f,0f,0f,1f], start_interpolation: 0, interpolation_duration: 1 }
$data merge entity $(bone_tail3) { transformation: [-1f,-8.659560562354933e-17f,8.659560562354933e-17f,3.7470027081099033e-16f,0f,0.7071067811865475f,0.7071067811865475f,1.194761751148216f,-1.2246467991473532e-16f,0.7071067811865475f,-0.7071067811865475f,-3.018045390356375f,0f,0f,0f,1f], start_interpolation: 0, interpolation_duration: 1 }
$data merge entity $(bone_tail2) { transformation: [-1.5416666666666665f,-1.3350155866963853e-16f,1.3350155866963853e-16f,-0.12499999999999976f,0f,1.0901229543292605f,1.0901229543292605f,-0.26364598504903797f,-1.8879971486855027e-16f,1.0901229543292605f,-1.0901229543292605f,-1.8248026971040763f,0f,0f,0f,1f], start_interpolation: 0, interpolation_duration: 1 }
$data merge entity $(bone_tail1) { transformation: [-1f,-3.682583948479538e-17f,1.16796641102639e-16f,1.1102230246251565e-16f,0f,0.9537169507482268f,0.30070579950427306f,-0.5831458970223281f,-1.2246467991473532e-16f,0.30070579950427306f,-0.9537169507482268f,-0.8114784369340853f,0f,0f,0f,1f], start_interpolation: 0, interpolation_duration: 1 }
$data merge entity $(bone_body1) { transformation: [-1.3333333333333333f,-2.1313131134290442e-17f,1.618893034683371e-16f,0.5f,0f,1.321926481831747f,0.17403492296006876f,-1.1147976680384089f,-1.6328623988631375e-16f,0.17403492296006876f,-1.321926481831747f,-0.12499999999999994f,0f,0f,0f,1f], start_interpolation: 0, interpolation_duration: 1 }
data modify entity @s data merge value {"locators":{"head":{"posx":0.031146659394429847,"posy":-0.6374919634790488,"posz":3.4571319792579533,"roty":358.1192379739104,"rotx":27.6737834780442},"neck":{"posx":0.004624474354785302,"posy":-0.9472854099750934,"posz":2.2372519034260097,"roty":358.1636522136441,"rotx":25.174099806512636},"right_arm":{"posx":-0.9375000000000006,"posy":-2.651385908453676,"posz":3.4260006225628112,"roty":0,"rotx":-12.5},"left_arm":{"posx":0.9374999999999996,"posy":-2.651385908453676,"posz":3.4260006225628112,"roty":0,"rotx":-12.5},"tail1":{"posx":3.469446951953614e-16,"posy":-0.3078401588731972,"posz":-2.841268695059738,"roty":0,"rotx":45.00000000000001},"tail2":{"posx":5.370670313551453e-16,"posy":0.6644316652583054,"posz":-4.343870605081152,"roty":0,"rotx":45.00000000000001}},"cameras":{}}