# This file was generated by Animated Java via MC-Build. It is not recommended to edit this file directly.
$data merge entity $(bone_jaw) { transformation: [-0.9999718516061287f,-0.0026075297678715983f,-0.007035395079191353f,0.004610496567980871f,-0.004734302179683467f,0.9467194945505133f,0.32202450996918214f,-0.10967409681696767f,0.0058208571776063f,0.32204875318269766f,-0.9467051907511587f,3.5331045852154017f,0f,0f,0f,1f], start_interpolation: 0, interpolation_duration: 1 }
$data merge entity $(bone_head) { transformation: [-1.1249683330568947f,-0.002933470988855548f,-0.007914819464090271f,0.0028516477981830324f,-0.0053260899521439f,1.0650594313693276f,0.3622775737153299f,-0.02916796932467214f,0.006548464324807088f,0.36230484733053486f,-1.0650433395950536f,3.296428287527612f,0f,0f,0f,1f], start_interpolation: 0, interpolation_duration: 1 }
$data merge entity $(bone_neck) { transformation: [-0.9999718516061287f,-0.0026865629440514993f,-0.007005595974526061f,0.4999999999999997f,-0.004734302179683467f,0.9502845807047996f,0.31134675533490724f,-0.7835089465240678f,0.0058208571776063f,0.3113711580320997f,-0.9502705507209339f,2.1905911810689442f,0f,0f,0f,1f], start_interpolation: 0, interpolation_duration: 1 }
$data merge entity $(bone_right_arm2) { transformation: [-1f,-1.7924370953524044e-17f,1.2114584083879663e-16f,-0.8750000000000004f,0f,0.989230861691249f,0.14636359614873193f,-2.1982385555677224f,-1.2246467991473532e-16f,0.14636359614873193f,-0.989230861691249f,2.1634373553205215f,0f,0f,0f,1f], start_interpolation: 0, interpolation_duration: 1 }
$data merge entity $(bone_right_arm1) { transformation: [-1.1354166666666665f,-2.035162952014709e-17f,1.37551006785717e-16f,-0.5625000000000003f,0f,1.123189207545272f,0.16618366646053936f,-0.7992480772457047f,-1.3904843865318904e-16f,0.16618366646053936f,-1.123189207545272f,1.6754433578529984f,0f,0f,0f,1f], start_interpolation: 0, interpolation_duration: 1 }
$data merge entity $(bone_left_arm2) { transformation: [-1f,-1.7924370953524044e-17f,1.2114584083879663e-16f,0.8749999999999997f,0f,0.989230861691249f,0.14636359614873193f,-2.1982385555677224f,-1.2246467991473532e-16f,0.14636359614873193f,-0.989230861691249f,2.1634373553205215f,0f,0f,0f,1f], start_interpolation: 0, interpolation_duration: 1 }
$data merge entity $(bone_left_arm1) { transformation: [-1.1354166666666665f,-2.035162952014709e-17f,1.37551006785717e-16f,0.5624999999999998f,0f,1.123189207545272f,0.16618366646053936f,-0.7992480772457047f,-1.3904843865318904e-16f,0.16618366646053936f,-1.123189207545272f,1.6754433578529986f,0f,0f,0f,1f], start_interpolation: 0, interpolation_duration: 1 }
$data merge entity $(bone_body2) { transformation: [-1.5833333333333335f,-4.126163899005044e-17f,1.8946139896904668e-16f,0.4999999999999999f,0f,1.5470697273773717f,0.33692685122582605f,-0.5386833734655166f,-1.9390240986499761e-16f,0.33692685122582605f,-1.5470697273773717f,0.7727149739279429f,0f,0f,0f,1f], start_interpolation: 0, interpolation_duration: 1 }
$data merge entity $(bone_right_leg2) { transformation: [-0.9989863435996542f,0.001519938705909587f,0.04498861064451594f,-0.9966277761610149f,0.0015199387059095905f,0.9999988443074275f,-0.0000342073025473566f,-2.5997047031347025f,-0.044988610644515946f,0.00003420730254746762f,-0.9989874992922267f,-0.25574636653564964f,0f,0f,0f,1f], start_interpolation: 0, interpolation_duration: 1 }
$data merge entity $(bone_right_leg1) { transformation: [-1.3319817914662055f,0.010086755749207955f,0.05916538125213987f,-0.625f,0.002026584941212787f,1.321178221450753f,-0.179615639339894f,-1.133781994677538f,-0.059984814192687926f,-0.17934364304445993f,-1.3198543319410623f,-0.1228896436525781f,0f,0f,0f,1f], start_interpolation: 0, interpolation_duration: 1 }
$data merge entity $(bone_left_leg2) { transformation: [-0.9989863435996542f,-0.0015199387059095862f,-0.044988610644515696f,0.9966277761610149f,-0.0015199387059095905f,0.9999988443074275f,-0.0000342073025473566f,-2.5997047031347025f,0.044988610644515696f,0.00003420730254746762f,-0.9989874992922267f,-0.2557463665356494f,0f,0f,0f,1f], start_interpolation: 0, interpolation_duration: 1 }
$data merge entity $(bone_left_leg1) { transformation: [-1.3319817914662055f,-0.01008675574920791f,-0.059165381252139555f,0.625f,-0.002026584941212787f,1.321178221450753f,-0.179615639339894f,-1.133781994677538f,0.05998481419268759f,-0.17934364304445993f,-1.3198543319410623f,-0.12288964365257794f,0f,0f,0f,1f], start_interpolation: 0, interpolation_duration: 1 }
$data merge entity $(bone_tail3) { transformation: [-1f,2.2981709516524906e-17f,1.2028898060220082e-16f,4.579669976578771e-16f,0f,0.9822340668832082f,-0.18765989942998804f,-1.0065000890021922f,-1.2246467991473532e-16f,-0.18765989942998804f,-0.9822340668832082f,-3.7939605527778837f,0f,0f,0f,1f], start_interpolation: 0, interpolation_duration: 1 }
$data merge entity $(bone_tail2) { transformation: [-1.5416666666666665f,3.543013550464256e-17f,1.8544551176172626e-16f,-0.12499999999999976f,0f,1.5142775197782792f,-0.2893090116212315f,-0.8388066651115662f,-1.8879971486855027e-16f,-0.2893090116212315f,-1.5142775197782792f,-1.9170854462287454f,0f,0f,0f,1f], start_interpolation: 0, interpolation_duration: 1 }
$data merge entity $(bone_tail1) { transformation: [-1f,1.2117965099591997e-17f,1.218636645947579e-16f,1.1102230246251565e-16f,0f,0.9950923374772557f,-0.09895069425755244f,-0.7336715524629167f,-1.2246467991473532e-16f,-0.09895069425755244f,-0.9950923374772557f,-0.8597998376591613f,0f,0f,0f,1f], start_interpolation: 0, interpolation_duration: 1 }
$data merge entity $(bone_body1) { transformation: [-1.3333333333333333f,-5.5134744446520206e-18f,1.6319313017329797e-16f,0.5f,0f,1.332573034828649f,0.04502093541166903f,-1.196246355685131f,-1.6328623988631375e-16f,0.04502093541166903f,-1.332573034828649f,-0.12499999999999994f,0f,0f,0f,1f], start_interpolation: 0, interpolation_duration: 1 }
data modify entity @s data merge value {"locators":{"head":{"posx":0.006679914865350079,"posy":-0.7215003127841123,"posz":3.3909931888981633,"roty":359.5742169485733,"rotx":18.78540293743609},"neck":{"posx":0.0018972347977704862,"posy":-1.1811511597950728,"posz":2.195521244235827,"roty":359.5776110177844,"rotx":18.140410971760765},"right_arm":{"posx":-0.9375000000000004,"posy":-3.260651215333337,"posz":2.511689190017414,"roty":0,"rotx":8.416250000000005},"left_arm":{"posx":0.9374999999999997,"posy":-3.260651215333337,"posz":2.511689190017414,"roty":0,"rotx":8.416250000000005},"tail1":{"posx":2.914335439641036e-16,"posy":-1.7044983961320892,"posz":-2.45162644263846,"roty":0,"rotx":-10.816250000000013},"tail2":{"posx":4.954660555061761e-16,"posy":-2.401240995215771,"posz":-4.100163597397829,"roty":0,"rotx":-10.816250000000013}},"cameras":{}}