# This file was generated by Animated Java via MC-Build. It is not recommended to edit this file directly.
$data merge entity $(bone_jaw) { transformation: [-0.9999902297972322f,-0.0017276966666855853f,-0.0040688295991274165f,0.0024543246453804946f,-0.002809165024651056f,0.959066229534183f,0.28316792890253367f,-0.050844871404031586f,0.003413048775375044f,0.28317659230825204f,-0.9590617126477018f,3.496259642829142f,0f,0f,0f,1f], start_interpolation: 0, interpolation_duration: 1 }
$data merge entity $(bone_head) { transformation: [-1.124989008521886f,-0.0019436587500212836f,-0.004577433299018344f,0.0014371172455986403f,-0.003160310652732438f,1.078949508225956f,0.3185639200153504f,0.019947110821601832f,0.0038396798722969243f,0.3185736663467835f,-1.0789444267286645f,3.256494214667217f,0f,0f,0f,1f], start_interpolation: 0, interpolation_duration: 1 }
$data merge entity $(bone_neck) { transformation: [-0.9999902297972322f,-0.001754643970924653f,-0.004057281677935317f,0.4999999999999997f,-0.002809165024651056f,0.9609231635617967f,0.2768009796266136f,-0.7747283720038582f,0.003413048775375044f,0.27680967279870117f,-0.9609187042321182f,2.1799309657423134f,0f,0f,0f,1f], start_interpolation: 0, interpolation_duration: 1 }
$data merge entity $(bone_right_arm2) { transformation: [-1f,-2.1981069402101803e-17f,1.204758499225407e-16f,-0.8750000000000003f,0f,0.9837599706823283f,0.17948905282246175f,-2.2020501831988524f,-1.2246467991473532e-16f,0.17948905282246175f,-0.9837599706823283f,2.105455799778693f,0f,0f,0f,1f], start_interpolation: 0, interpolation_duration: 1 }
$data merge entity $(bone_right_arm1) { transformation: [-1.1354166666666665f,-2.4957672550303087e-17f,1.3679028793288473e-16f,-0.5625000000000003f,0f,1.1169774667122268f,0.20379486205883676f,-0.7874664978628539f,-1.3904843865318904e-16f,0.20379486205883676f,-1.1169774667122268f,1.6647002017640733f,0f,0f,0f,1f], start_interpolation: 0, interpolation_duration: 1 }
$data merge entity $(bone_left_arm2) { transformation: [-1f,-2.1981069402101803e-17f,1.204758499225407e-16f,0.8749999999999998f,0f,0.9837599706823283f,0.17948905282246175f,-2.2020501831988524f,-1.2246467991473532e-16f,0.17948905282246175f,-0.9837599706823283f,2.105455799778693f,0f,0f,0f,1f], start_interpolation: 0, interpolation_duration: 1 }
$data merge entity $(bone_left_arm1) { transformation: [-1.1354166666666665f,-2.4957672550303087e-17f,1.3679028793288473e-16f,0.5624999999999998f,0f,1.1169774667122268f,0.20379486205883676f,-0.7874664978628539f,-1.3904843865318904e-16f,0.20379486205883676f,-1.1169774667122268f,1.6647002017640735f,0f,0f,0f,1f], start_interpolation: 0, interpolation_duration: 1 }
$data merge entity $(bone_body2) { transformation: [-1.5833333333333335f,-4.236455226685778e-17f,1.8921783547721442e-16f,0.4999999999999999f,0f,1.545080880535966f,0.3459328215805049f,-0.5216478187479774f,-1.9390240986499761e-16f,0.3459328215805049f,-1.545080880535966f,0.763504923351219f,0f,0f,0f,1f], start_interpolation: 0, interpolation_duration: 1 }
$data merge entity $(bone_right_leg2) { transformation: [-0.9996481265944145f,0.0005277443302267766f,0.02652064256761711f,-0.9954068505057027f,0.0005277443302267795f,0.9999998607184563f,-0.000006999290806553038f,-2.5867133404466602f,-0.026520642567617114f,0.0000069992908067750825f,-0.9996482658759582f,-0.3308678349097139f,0f,0f,0f,1f], start_interpolation: 0, interpolation_duration: 1 }
$data merge entity $(bone_right_leg1) { transformation: [-1.3328641687925527f,0.0035127267314023665f,0.035192983357849233f,-0.625f,0.0007036591069690393f,1.329111906198332f,-0.10601331729304253f,-1.1291155994598618f,-0.035360856756822816f,-0.10595744112861834f,-1.32864608088711f,-0.12375653495573273f,0f,0f,0f,1f], start_interpolation: 0, interpolation_duration: 1 }
$data merge entity $(bone_left_leg2) { transformation: [-0.9996481265944145f,-0.000527744330226777f,-0.026520642567616864f,0.9954068505057028f,-0.0005277443302267795f,0.9999998607184563f,-0.000006999290806553038f,-2.5867133404466602f,0.02652064256761687f,0.0000069992908067750825f,-0.9996482658759582f,-0.3308678349097136f,0f,0f,0f,1f], start_interpolation: 0, interpolation_duration: 1 }
$data merge entity $(bone_left_leg1) { transformation: [-1.3328641687925527f,-0.003512726731402341f,-0.035192983357848914f,0.625f,-0.0007036591069690393f,1.329111906198332f,-0.10601331729304253f,-1.1291155994598618f,0.03536085675682249f,-0.10595744112861834f,-1.32864608088711f,-0.12375653495573258f,0f,0f,0f,1f], start_interpolation: 0, interpolation_duration: 1 }
$data merge entity $(bone_tail3) { transformation: [-1f,3.833120575592296e-17f,1.1631129133457195e-16f,4.579669976578771e-16f,0f,0.9497537691320668f,-0.31299804794827896f,-1.3095085647091977f,-1.2246467991473532e-16f,-0.31299804794827896f,-0.9497537691320668f,-3.755785044226711f,0f,0f,0f,1f], start_interpolation: 0, interpolation_duration: 1 }
$data merge entity $(bone_tail2) { transformation: [-1.5416666666666665f,5.90939422070479e-17f,1.7931324080746509e-16f,-0.12499999999999976f,0f,1.4642037274119362f,-0.4825386572535967f,-0.9007160565184372f,-1.8879971486855027e-16f,-0.4825386572535967f,-1.4642037274119362f,-1.9163095931137835f,0f,0f,0f,1f], start_interpolation: 0, interpolation_duration: 1 }
$data merge entity $(bone_tail1) { transformation: [-1f,1.8608616157292914e-17f,1.210426256792586e-16f,1.1102230246251565e-16f,0f,0.9883880459536023f,-0.15195088224824463f,-0.7392682441296773f,-1.2246467991473532e-16f,-0.15195088224824463f,-0.9883880459536023f,-0.866147294288081f,0f,0f,0f,1f], start_interpolation: 0, interpolation_duration: 1 }
$data merge entity $(bone_body1) { transformation: [-1.3333333333333333f,-3.24865170413574e-18f,1.6325392000903381e-16f,0.5f,0f,1.3330694215074712f,0.026527254277703402f,-1.1916032285930245f,-1.6328623988631375e-16f,0.026527254277703402f,-1.3330694215074712f,-0.12499999999999994f,0f,0f,0f,1f], start_interpolation: 0, interpolation_duration: 1 }
data modify entity @s data merge value {"locators":{"head":{"posx":0.0037884369120044486,"posy":-0.6679592604193043,"posz":3.379215629676966,"roty":359.7569234994435,"rotx":16.44936795773981},"neck":{"posx":0.0011700368002222628,"posy":-1.1710792633051843,"posz":2.1979487008595027,"roty":359.7580817877855,"rotx":16.069369584654847},"right_arm":{"posx":-0.9375000000000003,"posy":-3.2755546802924114,"posz":2.4178467322973956,"roty":0,"rotx":10.340000000000012},"left_arm":{"posx":0.9374999999999998,"posy":-3.2755546802924114,"posz":2.4178467322973956,"roty":0,"rotx":10.340000000000012},"tail1":{"posx":2.914335439641036e-16,"posy":-1.828217541331929,"posz":-2.3345167734308703,"roty":0,"rotx":-18.24000000000004},"tail2":{"posx":4.730823914789249e-16,"posy":-2.732121788665942,"posz":-3.8792116014313827,"roty":0,"rotx":-18.24000000000004}},"cameras":{}}