# This file was generated by Animated Java via MC-Build. It is not recommended to edit this file directly.
$data merge entity $(bone_jaw) { transformation: [-0.9999978077892728f,0.001003968051498633f,0.0018375159319103367f,-0.0008932425943538459f,0.0012009142012669052f,0.9938723761651708f,0.11052718082389842f,0.3022916369312819f,-0.001715290567119678f,0.11052914522400467f,-0.9938714030669771f,3.35089766393391f,0f,0f,0f,1f], start_interpolation: 0, interpolation_duration: 1 }
$data merge entity $(bone_head) { transformation: [-1.1249975337629319f,0.0011294640579359622f,0.002067205423399129f,-0.0004338636113762617f,0.0013510284764252684f,1.118106423185817f,0.12434307842688573f,0.3299234321372565f,-0.0019297018880096379f,0.12434528837700526f,-1.1181053284503493f,3.1024298131671655f,0f,0f,0f,1f], start_interpolation: 0, interpolation_duration: 1 }
$data merge entity $(bone_neck) { transformation: [-0.9999978077892728f,0.0009981903800621642f,0.0018406609176069412f,0.4999999999999997f,0.0012009142012669052f,0.9935202407974897f,0.11364897241409376f,-0.6339524907242586f,-0.001715290567119678f,0.11365093374743297f,-0.9935192615327633f,2.1752989413487076f,0f,0f,0f,1f], start_interpolation: 0, interpolation_duration: 1 }
$data merge entity $(bone_right_arm2) { transformation: [-1f,-1.9664190368016027e-17f,1.2087562799749587e-16f,-0.8750000000000004f,0f,0.9870244063974541f,0.1605702997934343f,-2.092579598243396f,-1.2246467991473532e-16f,0.1605702997934343f,-0.9870244063974541f,2.130449682424374f,0f,0f,0f,1f], start_interpolation: 0, interpolation_duration: 1 }
$data merge entity $(bone_right_arm1) { transformation: [-1.1354166666666665f,-2.2327049480351528e-17f,1.3724420262215676e-16f,-0.5625000000000003f,0f,1.1206839614304427f,0.1823141945571285f,-0.6867179837387509f,-1.3904843865318904e-16f,0.1823141945571285f,-1.1206839614304427f,1.6626189215050067f,0f,0f,0f,1f], start_interpolation: 0, interpolation_duration: 1 }
$data merge entity $(bone_left_arm2) { transformation: [-1f,-1.9664190368016027e-17f,1.2087562799749587e-16f,0.8749999999999998f,0f,0.9870244063974541f,0.1605702997934343f,-2.092579598243396f,-1.2246467991473532e-16f,0.1605702997934343f,-0.9870244063974541f,2.130449682424374f,0f,0f,0f,1f], start_interpolation: 0, interpolation_duration: 1 }
$data merge entity $(bone_left_arm1) { transformation: [-1.1354166666666665f,-2.2327049480351528e-17f,1.3724420262215676e-16f,0.5624999999999998f,0f,1.1206839614304427f,0.1823141945571285f,-0.6867179837387509f,-1.3904843865318904e-16f,0.1823141945571285f,-1.1206839614304427f,1.6626189215050067f,0f,0f,0f,1f], start_interpolation: 0, interpolation_duration: 1 }
$data merge entity $(bone_body2) { transformation: [-1.5833333333333335f,-2.7522101799731467e-17f,1.9193925722472398e-16f,0.4999999999999999f,0f,1.5673029755057504f,0.2247350159972118f,-0.49178397523359596f,-1.9390240986499761e-16f,0.2247350159972118f,-1.5673029755057504f,0.7434816997975446f,0f,0f,0f,1f], start_interpolation: 0, interpolation_duration: 1 }
$data merge entity $(bone_right_leg2) { transformation: [-0.9999210442038161f,0.00011843038243706546f,-0.012565481789192205f,-1.004743835665306f,0.00011843038243706534f,0.9999999929868454f,7.440967822805455e-7f,-2.549658516577206f,0.012565481789192208f,-7.440967822944233e-7f,-0.9999210512169707f,-0.48730459052295305f,0f,0f,0f,1f], start_interpolation: 0, interpolation_duration: 1 }
$data merge entity $(bone_right_leg1) { transformation: [-1.3332280589384213f,0.0007892553845073978f,-0.016736120010465445f,-0.625f,0.00015790717658275378f,1.332385916783032f,0.05025456796491813f,-1.1250027758056906f,0.016753975718922943f,0.05024861801039921f,-1.3322808106639652f,-0.12558903990207157f,0f,0f,0f,1f], start_interpolation: 0, interpolation_duration: 1 }
$data merge entity $(bone_left_leg2) { transformation: [-0.9999210442038161f,-0.0001184303824370653f,0.012565481789192453f,1.004743835665306f,-0.00011843038243706534f,0.9999999929868454f,7.440967822805455e-7f,-2.549658516577206f,-0.012565481789192454f,-7.440967822944233e-7f,-0.9999210512169707f,-0.4873045905229528f,0f,0f,0f,1f], start_interpolation: 0, interpolation_duration: 1 }
$data merge entity $(bone_left_leg1) { transformation: [-1.3332280589384213f,-0.00078925538450741f,0.016736120010465774f,0.625f,-0.00015790717658275378f,1.332385916783032f,0.05025456796491813f,-1.1250027758056906f,-0.016753975718923272f,0.05024861801039921f,-1.3322808106639652f,-0.12558903990207143f,0f,0f,0f,1f], start_interpolation: 0, interpolation_duration: 1 }
$data merge entity $(bone_tail3) { transformation: [-1f,4.662813610881776e-17f,1.1324051726142965e-16f,4.579669976578771e-16f,0f,0.9246789959380295f,-0.3807476256932373f,-1.481383043913723f,-1.2246467991473532e-16f,-0.3807476256932373f,-0.9246789959380295f,-3.7307400555500774f,0f,0f,0f,1f], start_interpolation: 0, interpolation_duration: 1 }
$data merge entity $(bone_tail2) { transformation: [-1.5416666666666665f,7.188504316776071e-17f,1.7457913077803737e-16f,-0.12499999999999976f,0f,1.425546785404462f,-0.5869859229437407f,-0.9408585574772836f,-1.8879971486855027e-16f,-0.5869859229437407f,-1.425546785404462f,-1.92557675834879f,0f,0f,0f,1f], start_interpolation: 0, interpolation_duration: 1 }
$data merge entity $(bone_tail1) { transformation: [-1f,2.1181565728551033e-17f,1.2061898316560978e-16f,1.1102230246251565e-16f,0f,0.9849287423083078f,-0.17296060989420348f,-0.7570879094646925f,-1.2246467991473532e-16f,-0.17296060989420348f,-0.9849287423083078f,-0.8790899696462129f,0f,0f,0f,1f], start_interpolation: 0, interpolation_duration: 1 }
$data merge entity $(bone_body1) { transformation: [-1.3333333333333333f,1.538913772036124e-18f,1.632789878723317e-16f,0.5f,0f,1.3332741161452664f,-0.012566184577525338f,-1.1875f,-1.6328623988631375e-16f,-0.012566184577525338f,-1.3332741161452664f,-0.12499999999999994f,0f,0f,0f,1f], start_interpolation: 0, interpolation_duration: 1 }
data modify entity @s data merge value {"locators":{"head":{"posx":-0.0016355673722848875,"posy":-0.32578654697344356,"posz":3.343933910860593,"roty":0.10593099610517243,"rotx":6.345706115984271},"neck":{"posx":-0.0006033079018609722,"posy":-1.0201282454744456,"posz":2.256012103601456,"roty":0.10614991124501216,"rotx":6.5257059845350724},"right_arm":{"posx":-0.9375000000000004,"posy":-3.1598891545375674,"posz":2.4633915858296667,"roty":0,"rotx":9.239999999999993},"left_arm":{"posx":0.9374999999999998,"posy":-3.1598891545375674,"posz":2.4633915858296667,"roty":0,"rotx":9.239999999999993},"tail1":{"posx":2.636779683484747e-16,"posy":-1.8961317970949063,"posz":-2.2757328487862574,"roty":0,"rotx":-22.379999999999995},"tail2":{"posx":4.60465359974608e-16,"posy":-2.9091947655348327,"posz":-3.751140732042845,"roty":0,"rotx":-22.379999999999995}},"cameras":{}}