# This file was generated by Animated Java via MC-Build. It is not recommended to edit this file directly.
$data merge entity $(bone_jaw) { transformation: [-0.9787480381979949f,0.10330327135524048f,0.17714601844490183f,1.2797508452085982f,0.17370458024824253f,0.8767703145841304f,0.4484423421855108f,1.4775722003452214f,-0.10899080935729327f,0.46968313743560186f,-0.8760814767384889f,2.521957610062587f,0f,0f,0f,1f], start_interpolation: 0, interpolation_duration: 1 }
$data merge entity $(bone_head) { transformation: [-1.1010915429727444f,0.17738412085288147f,0.14750351746026652f,1.3125294046442129f,0.19541765277927287f,1.0994443067884347f,0.13659852580733708f,1.5079274283024073f,-0.12261466052695494f,0.15931757574024433f,-1.1068913926325883f,2.275981745033123f,0f,0f,0f,1f], start_interpolation: 0, interpolation_duration: 1 }
$data merge entity $(bone_neck) { transformation: [-0.8743679279804014f,-0.05141008853318872f,-0.48253261995047464f,1.412278833991166f,0.11754424376798384f,0.9423210613950168f,-0.3133917165599338f,0.193308408981264f,0.47081214648336367f,-0.33073859776019304f,-0.8178923539655747f,1.727447894314617f,0f,0f,0f,1f], start_interpolation: 0, interpolation_duration: 1 }
$data merge entity $(bone_right_arm2) { transformation: [-0.7355771699494449f,0.4862457196186814f,-0.47168986336540675f,-0.29169840541822517f,0.6544273134551639f,0.6899818202531829f,-0.30927330813369763f,-0.46193954928706515f,0.1750746082475184f,-0.5361811148041444f,-0.8257473546275295f,3.19731456016388f,0f,0f,0f,1f], start_interpolation: 0, interpolation_duration: 1 }
$data merge entity $(bone_right_arm1) { transformation: [-0.8351865783800988f,0.5520914941503777f,-0.5355645323628055f,0.25208018612677857f,0.7430476788188839f,0.783416858412468f,-0.3511540686101358f,0.02652765499858145f,0.1987826281143698f,-0.6087889741005389f,-0.9375673089000073f,1.8711647255996646f,0f,0f,0f,1f], start_interpolation: 0, interpolation_duration: 1 }
$data merge entity $(bone_left_arm2) { transformation: [-0.5803211859715528f,-0.7654675492968434f,0.2780049497509979f,2.2474363298212143f,0.3364268020000513f,-0.5362095356311826f,-0.7741423259286435f,1.0165018511158102f,0.7416497340447096f,-0.3557228765087737f,0.5686975532914971f,1.1752388522672015f,0f,0f,0f,1f], start_interpolation: 0, interpolation_duration: 1 }
$data merge entity $(bone_left_arm1) { transformation: [-0.6492469813350977f,-0.8739711189968578f,0.32221708106661195f,1.2414487921073916f,0.3884373520483082f,-0.6110128161952938f,-0.8746146402406257f,-0.12095447976283003f,0.8466202145622356f,-0.38988309600304655f,0.6483798197739634f,1.34475271335921f,0f,0f,0f,1f], start_interpolation: 0, interpolation_duration: 1 }
$data merge entity $(bone_body2) { transformation: [-1.384415885968969f,-0.11212178645365725f,-0.7601090738332491f,0.7266056664236238f,0.18611171929930775f,1.4708000022200824f,-0.5559264572345036f,-0.3694721904376963f,0.7454525652653259f,-0.57543071078653f,-1.2728410798161327f,0.5945565472757544f,0f,0f,0f,1f], start_interpolation: 0, interpolation_duration: 1 }
$data merge entity $(bone_right_leg2) { transformation: [-0.9902144571138958f,-0.003415704526608554f,-0.1395122284433136f,-0.7839243525718755f,0.000948348899617979f,0.9995126384008235f,-0.031202344645699764f,-2.5097703429395763f,0.1395508135304019f,-0.031029319032349734f,-0.98972862533292f,0.7917302226146139f,0f,0f,0f,1f], start_interpolation: 0, interpolation_duration: 1 }
$data merge entity $(bone_right_leg1) { transformation: [-1.2717592017549784f,-0.21271117086428115f,-0.33935271962791813f,-0.5760355145035476f,0f,1.1297421849144778f,-0.7081386682016731f,-1.1257970494688876f,0.40050756613242383f,-0.6754364005529951f,-1.0775700144568212f,0.2034380724319893f,0f,0f,0f,1f], start_interpolation: 0, interpolation_duration: 1 }
$data merge entity $(bone_left_leg2) { transformation: [-0.9538194013162338f,0.01979909737826684f,-0.2997274518887904f,0.8243525184429146f,0f,0.9978253504111115f,0.06591335279700383f,-2.5100399464383205f,0.3003806745993179f,0.0628694347035839f,-0.9517451783472877f,-0.7596156432921183f,0f,0f,0f,1f], start_interpolation: 0, interpolation_duration: 1 }
$data merge entity $(bone_left_leg1) { transformation: [-1.2717592017549784f,0.05241208338563262f,-0.39706332498040575f,0.6162387371417446f,0f,1.321867079198934f,0.17448553724551644f,-1.1257970494688876f,0.40050756613242383f,0.1664276906738599f,-1.2608224661011658f,-0.17203777081715807f,0f,0f,0f,1f], start_interpolation: 0, interpolation_duration: 1 }
$data merge entity $(bone_tail3) { transformation: [-0.45984095497055094f,-0.047819008364553564f,-0.8867128275664012f,-2.4640017054501984f,0.11319123559957954f,0.9872472084977986f,-0.11194058020550364f,-1.0750963871486594f,0.8807576512952993f,-0.15184298387589423f,-0.4485640065057079f,-2.57683685896386f,0f,0f,0f,1f], start_interpolation: 0, interpolation_duration: 1 }
$data merge entity $(bone_tail2) { transformation: [-0.708921472246266f,-0.07372097122868673f,-1.3670156091648684f,-0.8499292090661608f,0.1745031548826851f,1.5220061131007727f,-0.17257506115015142f,-1.0361677464067298f,1.3578347124135863f,-0.23409126680867026f,-0.6915361766962996f,-1.5972140808770152f,0f,0f,0f,1f], start_interpolation: 0, interpolation_duration: 1 }
$data merge entity $(bone_tail1) { transformation: [-0.8702623021029021f,-0.047819008364553564f,-0.49026204011486335f,-0.2202430036812557f,0.03343493343430732f,0.9872472084977986f,-0.1556439993689052f,-0.8749753637565564f,0.49145257224354877f,-0.15184298387589423f,-0.8575652030503944f,-0.7474826241664148f,0f,0f,0f,1f], start_interpolation: 0, interpolation_duration: 1 }
$data merge entity $(bone_body1) { transformation: [-1.2717592017549784f,-0.06375867781940475f,-0.39539997664648285f,0.5f,0f,1.316329611330398f,-0.21225958662105465f,-1.1875f,0.40050756613242383f,-0.20245731183452564f,-1.255540721813991f,-0.12499999999999994f,0f,0f,0f,1f], start_interpolation: 0, interpolation_duration: 1 }
data modify entity @s data merge value {"locators":{"head":{"posx":1.173009471542538,"posy":0.8591810006956833,"posz":2.4949418120198175,"roty":7.590472841249181,"rotx":6.974114528632813},"neck":{"posx":1.0546902306947203,"posy":-0.06211590258788363,"posz":2.189117485962068,"roty":329.46063549426407,"rotx":-18.263750462601138},"right_arm":{"posx":-0.5880727664760435,"posy":-0.9563830083824515,"posz":4.157311515297259,"roty":330.26379023892713,"rotx":-18.015442131548365},"left_arm":{"posx":2.910171478365781,"posy":1.9187558745863114,"posz":1.2002598437524323,"roty":153.94853474571974,"rotx":-50.727337470234815},"tail1":{"posx":-1.3661999023733276,"posy":-1.86771120612131,"posz":-1.901814303854681,"roty":296.8336130920294,"rotx":-6.427193633045164},"tail2":{"posx":-2.9000152224778226,"posy":-2.433824924667616,"posz":-2.62986019628621,"roty":296.8336130920294,"rotx":-6.427193633045164}},"cameras":{}}