# This file was generated by Animated Java via MC-Build. It is not recommended to edit this file directly.
$data merge entity $(bone_jaw) { transformation: [-0.43688526196887756f,-0.8238554196974187f,0.3611004227490951f,-1.9882772394674022f,0.622799033721378f,0.012611427494801541f,0.7822802026718181f,-0.6580351327856742f,-0.6490397764930149f,0.5666596856418618f,0.5075866125088049f,2.441772882397968f,0f,0f,0f,1f], start_interpolation: 0, interpolation_duration: 1 }
$data merge entity $(bone_head) { transformation: [-0.49149591971498724f,-0.7201910142074947f,0.7109020072825081f,-1.8302990156268448f,0.7006489129365503f,0.32806255225728964f,0.8167564279558888f,-0.47653370435103226f,-0.7301697485546418f,0.7995779291984074f,0.30520857365814213f,2.509597009877555f,0f,0f,0f,1f], start_interpolation: 0, interpolation_duration: 1 }
$data merge entity $(bone_neck) { transformation: [-0.761836598572166f,-0.38025624006736974f,0.5244141387928241f,-0.619271973500012f,0.09672607940942576f,0.7337138164455508f,0.6725385499129295f,-0.7580301022248876f,-0.6405068794619413f,0.5630890049066234f,-0.5221893429735951f,1.8072895407291925f,0f,0f,0f,1f], start_interpolation: 0, interpolation_duration: 1 }
$data merge entity $(bone_right_arm2) { transformation: [-0.6043676340992815f,0.21598328534443584f,0.7668709039369411f,-2.097824319372725f,0.7966660635591007f,0.15424780444768038f,0.5844063637541235f,-1.0249005408812555f,0.007933853192729934f,0.9641363157120959f,-0.265288934368967f,-0.3490476945582295f,0f,0f,0f,1f], start_interpolation: 0, interpolation_duration: 1 }
$data merge entity $(bone_right_arm1) { transformation: [-0.6862090845502258f,0.24523102190149482f,0.8707180055117352f,-1.0982576252454805f,0.9045479263327288f,0.1751355279666371f,0.6635447255124942f,-0.6696290673249342f,0.009008229145912112f,1.0946964417981087f,-0.3012134775647646f,0.7315157483125034f,0f,0f,0f,1f], start_interpolation: 0, interpolation_duration: 1 }
$data merge entity $(bone_left_arm2) { transformation: [-0.5260908636401243f,-0.16211875557835514f,0.8348328648802188f,-0.3649691565288914f,0.0132222795729711f,0.9799836548492854f,0.19863838388169242f,-2.5127834224673515f,-0.8503255697186121f,0.11554023246454873f,-0.513416867822587f,2.1577673506017887f,0f,0f,0f,1f], start_interpolation: 0, interpolation_duration: 1 }
$data merge entity $(bone_left_arm1) { transformation: [-0.5740251220317945f,-0.17658807756093847f,0.9635781323194085f,-0.17553128935028672f,-0.14555446900846944f,1.1197950914624482f,0.11850677884709113f,-0.9843892874114857f,-0.9687518065905681f,-0.06361297779842458f,-0.588765091719585f,1.4496144519392415f,0f,0f,0f,1f], start_interpolation: 0, interpolation_duration: 1 }
$data merge entity $(bone_body2) { transformation: [-1.2062412810725962f,-0.10485771647950047f,1.0202603959654082f,0.311156190592773f,0.1531496257315908f,1.5389637818555146f,0.33923460130076716f,-0.510789363485593f,-1.0141358924814072f,0.3571271228514036f,-1.1622964570836751f,0.7379495814222481f,0f,0f,0f,1f], start_interpolation: 0, interpolation_duration: 1 }
$data merge entity $(bone_right_leg2) { transformation: [-0.9413295832557086f,-0.026316374720876293f,0.33646108855138723f,-1.0496784429408705f,-0.007395251814646925f,0.9983242056639985f,0.05739416900647937f,-2.5423840234217137f,-0.3374076554232758f,0.05153861471650922f,-0.9399467246896874f,-0.0601942290706034f,0f,0f,0f,1f], start_interpolation: 0, interpolation_duration: 1 }
$data merge entity $(bone_right_leg1) { transformation: [-1.302510164723323f,0.13290565284156744f,0.2521530011975989f,-0.5991569117983082f,0f,1.1795176037410737f,-0.6217041098808123f,-1.1250047061350534f,-0.28503517076003015f,-0.6073319419275178f,-1.1522502512571338f,-0.36474918454655936f,0f,0f,0f,1f], start_interpolation: 0, interpolation_duration: 1 }
$data merge entity $(bone_left_leg2) { transformation: [-0.9768826235424923f,-0.161873364648736f,0.13963292462035815f,1.2298685739684765f,0f,0.6531728429537768f,0.7572088465064845f,-2.0667635181113533f,-0.21377637807002264f,0.739704164544839f,-0.6380732004513938f,-1.1213492192284025f,0f,0f,0f,1f], start_interpolation: 0, interpolation_duration: 1 }
$data merge entity $(bone_left_leg1) { transformation: [-1.302510164723323f,-0.1752094027835876f,0.22482596323916448f,0.6219463676298073f,0f,1.0516875871361357f,0.8195919697273456f,-1.1250047061350534f,-0.28503517076003015f,0.8006451536216084f,-1.0273753292686219f,-0.0975287119590311f,0f,0f,0f,1f], start_interpolation: 0, interpolation_duration: 1 }
$data merge entity $(bone_tail3) { transformation: [-0.20457019929980474f,-0.0026233650080688202f,0.9788483802481733f,2.8041746372061516f,0.011197745187930618f,0.9999247018391445f,0.005020075159204949f,-0.5344368287982049f,-0.9787878442548947f,0.011987852515456218f,-0.20452541976713629f,-1.9576306235440757f,0f,0f,0f,1f], start_interpolation: 0, interpolation_duration: 1 }
$data merge entity $(bone_tail2) { transformation: [-0.3153790572538656f,-0.004044354387439431f,1.509057919549267f,0.943754530267364f,0.0172631904980597f,1.5415505820020143f,0.007739282537107629f,-0.7299356331680624f,-1.5089645932262958f,0.018481272627995f,-0.31531002214100173f,-1.698741664359205f,0f,0f,0f,1f], start_interpolation: 0, interpolation_duration: 1 }
$data merge entity $(bone_tail1) { transformation: [-0.6021340554673944f,-0.0026233650080688202f,0.7983906920815294f,0.17073117686416345f,0.007991546395566231f,0.9999247018391445f,0.009312670836306965f,-0.7408292892310844f,-0.798355005265575f,0.011987852515456218f,-0.6020677511372546f,-0.9592503031176751f,0f,0f,0f,1f], start_interpolation: 0, interpolation_duration: 1 }
$data merge entity $(bone_body1) { transformation: [-1.302510164723323f,-0.0034978200107584267f,0.28501370813589283f,0.5f,0f,1.333232935785526f,0.016362051047626565f,-1.1875f,-0.28503517076003015f,0.015983803353941624f,-1.3024120881034238f,-0.12499999999999994f,0f,0f,0f,1f], start_interpolation: 0, interpolation_duration: 1 }
data modify entity @s data merge value {"locators":{"head":{"posx":-1.627665676423378,"posy":-0.8856674633706068,"posz":1.9806068898622893,"roty":113.23509597330259,"rotx":46.552575776638996},"neck":{"posx":-0.9231459501099343,"posy":-1.0688770624263726,"posz":1.3411513920299374,"roty":45.121795141081265,"rotx":42.263294941050894},"right_arm":{"posx":-2.7350160338168363,"posy":-1.4215598982335538,"posz":-1.1800436772612963,"roty":70.91760939561637,"rotx":35.76106339662701},"left_arm":{"posx":-0.5873861544131379,"posy":-3.592912661730794,"posz":2.3520809001559466,"roty":58.40875041868122,"rotx":11.45734671751552},"tail1":{"posx":1.6442515903565105,"posy":-1.4778275760239588,"posz":-1.7259952993038417,"roty":78.19813015902007,"rotx":0.28763032757226065},"tail2":{"posx":3.3582200176688395,"posy":-1.8440142076850292,"posz":-2.088410228589626,"roty":78.19813015902007,"rotx":0.28763032757226065}},"cameras":{}}