# This file was generated by Animated Java via MC-Build. It is not recommended to edit this file directly.
$data merge entity $(bone_jaw) { transformation: [-0.4329864235525861f,-0.829133573592137f,0.35363862085676245f,-2.000574774361069f,0.6258553466307852f,0.005815794696516774f,0.7799174710350496f,-0.6679885886258767f,-0.6487124494818952f,0.5590202980879858f,0.5163995199579676f,2.426650573376295f,0f,0f,0f,1f], start_interpolation: 0, interpolation_duration: 1 }
$data merge entity $(bone_head) { transformation: [-0.48710972649665935f,-0.7277708805188721f,0.7061859952032011f,-1.8436445532048018f,0.7040872649596334f,0.32109290823684244f,0.8165693281048887f,-0.48652873793590146f,-0.7298015056671321f,0.7955337137725795f,0.3164504267293612f,2.496972890427264f,0f,0f,0f,1f], start_interpolation: 0, interpolation_duration: 1 }
$data merge entity $(bone_neck) { transformation: [-0.7580644971639685f,-0.38610545353627146f,0.5256051720532151f,-0.6273210579472919f,0.09724164955485733f,0.7299961130402218f,0.6764981423019711f,-0.7611156921982143f,-0.6448893546426318f,0.5639399380215218f,-0.5158386051594941f,1.8011125169086242f,0f,0f,0f,1f], start_interpolation: 0, interpolation_duration: 1 }
$data merge entity $(bone_right_arm2) { transformation: [-0.6026708178992988f,0.20932384577166874f,0.7700463705803366f,-2.092401445486906f,0.7979214915414727f,0.1454399281578825f,0.5849517250454617f,-1.0148643759734113f,0.010448855861845463f,0.966969883134314f,-0.25467639569145345f,-0.3681462602838119f,0f,0f,0f,1f], start_interpolation: 0, interpolation_duration: 1 }
$data merge entity $(bone_right_arm1) { transformation: [-0.6842824911564954f,0.23766978321991553f,0.8743234832630905f,-1.0999223875440787f,0.9059733601877137f,0.16513491842926242f,0.6641639378120345f,-0.6711706254041457f,0.011863805093137034f,1.0979137214754189f,-0.2891638242746711f,0.7226464218352742f,0f,0f,0f,1f], start_interpolation: 0, interpolation_duration: 1 }
$data merge entity $(bone_left_arm2) { transformation: [-0.5187382594530352f,-0.1679395420292374f,0.8382761647587541f,-0.36882571614600834f,0.013851130804765611f,0.9787370715193879f,0.20465065601918264f,-2.5203260494021293f,-0.8548208960683313f,0.1177711979079033f,-0.5053822123781886f,2.1482675953030315f,0f,0f,0f,1f], start_interpolation: 0, interpolation_duration: 1 }
$data merge entity $(bone_left_arm1) { transformation: [-0.5647464681558195f,-0.18146579055359657f,0.9681438945263924f,-0.1808084508233625f,-0.14579361202216287f,1.11908976829485f,0.12471295095439801f,-0.9878290469293665f,-0.9741543288121771f,-0.06228374026165473f,-0.5799267939145076f,1.4456806970701779f,0f,0f,0f,1f], start_interpolation: 0, interpolation_duration: 1 }
$data merge entity $(bone_body2) { transformation: [-1.2002687871762836f,-0.10831741641088771f,1.026920941590388f,0.30929074756546376f,0.1539659451285241f,1.538224615477179f,0.3422045653190645f,-0.5111493611378995f,-1.0210748115175003f,0.3592726180584876f,-1.1555405054096315f,0.7378215599686238f,0f,0f,0f,1f], start_interpolation: 0, interpolation_duration: 1 }
$data merge entity $(bone_right_leg2) { transformation: [-0.9458483584398518f,-0.0255432805603453f,0.3236022615107213f,-1.050486255348439f,-0.00694284320094616f,0.9982630292812927f,0.05850402805298316f,-2.5415180225602727f,-0.32453455866043734f,0.05308921913489273f,-0.9443827905286725f,-0.06038183436619188f,0f,0f,0f,1f], start_interpolation: 0, interpolation_duration: 1 }
$data merge entity $(bone_right_leg1) { transformation: [-1.3019106632364645f,0.1347341125710363f,0.2542697812140918f,-0.5986581461695877f,0f,1.1781525477171324f,-0.6242870750587487f,-1.1250050238358449f,-0.2877610166943514f,-0.609574499954766f,-1.1503870235941067f,-0.3670245975297689f,0f,0f,0f,1f], start_interpolation: 0, interpolation_duration: 1 }
$data merge entity $(bone_left_leg2) { transformation: [-0.9764329974273485f,-0.16422959209932897f,0.14002586408921688f,1.2328128129610607f,0f,0.6488062707856728f,0.760953627357928f,-2.061929257689834f,-0.21582076252076357f,0.7430202312643152f,-0.6335158517329144f,-1.1237111943967795f,0f,0f,0f,1f], start_interpolation: 0, interpolation_duration: 1 }
$data merge entity $(bone_left_leg1) { transformation: [-1.3019106632364645f,-0.17785262164274435f,0.22621858390452715f,0.6218831006145978f,0f,1.0481780402511705f,0.824075587378363f,-1.1250050238358449f,-0.2877610166943514f,0.8046545958905575f,-1.023475625679974f,-0.09724864437881446f,0f,0f,0f,1f], start_interpolation: 0, interpolation_duration: 1 }
$data merge entity $(bone_tail3) { transformation: [-0.30866232535884885f,-0.0027363850211311836f,0.9511677460369881f,2.713995347386994f,0.010931144319252791f,0.9999196186264816f,0.006423890545717518f,-0.5305967184443345f,-0.951108868104982f,0.012380164897440598f,-0.30860760283760413f,-2.208343418754747f,0f,0f,0f,1f], start_interpolation: 0, interpolation_duration: 1 }
$data merge entity $(bone_tail2) { transformation: [-0.4758544182615586f,-0.004218593574243907f,1.4663836084736899f,0.8924861050892474f,0.016852180825514717f,1.5415427453824924f,0.00990349792464784f,-0.7287600486701136f,-1.4662928383285136f,0.01908608755022092f,-0.47577005437463965f,-1.7509140528656322f,0f,0f,0f,1f], start_interpolation: 0, interpolation_duration: 1 }
$data merge entity $(bone_tail1) { transformation: [-0.6558864517023243f,-0.0027363850211311836f,0.7548546049871796f,0.17243889375315963f,0.007550667424344697f,0.9999196186264816f,0.010185465493468195f,-0.7405259391849666f,-0.7548218000924336f,0.012380164897440598f,-0.6558130691152249f,-0.9597599419191514f,0f,0f,0f,1f], start_interpolation: 0, interpolation_duration: 1 }
$data merge entity $(bone_body1) { transformation: [-1.3019106632364645f,-0.0036485133615082447f,0.2877378860685844f,0.5f,0f,1.333226158168642f,0.016905293628351588f,-1.1875f,-0.2877610166943514f,0.016506886529920797f,-1.3018060138691552f,-0.12499999999999994f,0f,0f,0f,1f], start_interpolation: 0, interpolation_duration: 1 }
data modify entity @s data merge value {"locators":{"head":{"posx":-1.6354901738063177,"posy":-0.8917385003188386,"posz":1.9671068197954527,"roty":114.13772438559887,"rotx":46.538721104349776},"neck":{"posx":-0.9272644079598262,"posy":-1.0708056775986152,"posz":1.3316701884741744,"roty":45.53729896153257,"rotx":42.57059788818329},"right_arm":{"posx":-2.724415402667449,"posy":-1.4029100734326825,"posz":-1.2071248920810338,"roty":71.69946965120957,"rotx":35.79957968085738},"left_arm":{"posx":-0.5876031152803334,"posy":-3.6022541446064062,"posz":2.336613809588493,"roty":58.914951174442876,"rotx":11.809049553743542},"tail1":{"posx":1.5870490099253811,"posy":-1.4756497309297005,"posz":-1.8534782949764428,"roty":72.02427823432768,"rotx":0.3680643477997812},"tail2":{"posx":3.2526187098730346,"posy":-1.8393777794596256,"posz":-2.39818416177879,"roty":72.02427823432768,"rotx":0.3680643477997812}},"cameras":{}}