# This file was generated by Animated Java via MC-Build. It is not recommended to edit this file directly.
$data merge entity $(bone_jaw) { transformation: [-0.42186044343604984f,-0.8415908701403417f,0.3372811491328296f,-2.0100317418146463f,0.636947480005466f,-0.010354121598638966f,0.770837661171668f,-0.669775863211123f,-0.6452376879713596f,0.5400162955525909f,0.5404171782604905f,2.4085031574067144f,0f,0f,0f,1f], start_interpolation: 0, interpolation_duration: 1 }
$data merge entity $(bone_head) { transformation: [-0.47459299886555606f,-0.7422734962199777f,0.6995831203203586f,-1.8545688261878999f,0.7165659150061492f,0.3064914484044753f,0.8113083763319143f,-0.4894851129151421f,-0.7258923989677796f,0.7878566169451761f,0.34349261455889235f,2.4848348495309125f,0f,0f,0f,1f], start_interpolation: 0, interpolation_duration: 1 }
$data merge entity $(bone_neck) { transformation: [-0.7542609386376669f,-0.3925819334187029f,0.5262792623680501f,-0.6327181519376539f,0.09897458087461942f,0.7244091363667249f,0.6822282869312217f,-0.7543466276104793f,-0.6490720058561447f,0.5666664174817924f,-0.5075378828346035f,1.794913254081465f,0f,0f,0f,1f], start_interpolation: 0, interpolation_duration: 1 }
$data merge entity $(bone_right_arm2) { transformation: [-0.5843660466569378f,0.20580989816644268f,0.7849577118108084f,-2.0916203257263866f,0.8109369455298553f,0.11239324917801181f,0.5742377799430459f,-0.9530900496292228f,0.02995987131564823f,0.9721162704923357f,-0.23257764887198834f,-0.3928308449702964f,0f,0f,0f,1f], start_interpolation: 0, interpolation_duration: 1 }
$data merge entity $(bone_right_arm1) { transformation: [-0.6634989488083981f,0.23367998854314842f,0.891254068618522f,-1.0992220179327066f,0.9207513235703564f,0.12761316833753422f,0.6519991459769999f,-0.664203231850318f,0.034016937222975586f,1.1037570154548393f,-0.26407253882340337f,0.7138121666652619f,0f,0f,0f,1f], start_interpolation: 0, interpolation_duration: 1 }
$data merge entity $(bone_left_arm2) { transformation: [-0.5110445468575656f,-0.13810477641106694f,0.8483870236275391f,-0.42539334305103504f,0.013502906467094126f,0.9855964738138026f,0.16857420420319247f,-2.5010640232614025f,-0.8594481616968449f,0.09760461842683431f,-0.5018188874660516f,2.177973854364223f,0f,0f,0f,1f], start_interpolation: 0, interpolation_duration: 1 }
$data merge entity $(bone_left_arm1) { transformation: [-0.5608180123905615f,-0.14548560074708497f,0.9764671545413107f,-0.18368415588785797f,-0.15037242937319123f,1.1225050335434157f,0.08088009086631928f,-0.9874547709237004f,-0.9757265479667694f,-0.08937223612173531f,-0.5737083875523316f,1.4421348263633815f,0f,0f,0f,1f], start_interpolation: 0, interpolation_duration: 1 }
$data merge entity $(bone_body2) { transformation: [-1.194246486176306f,-0.10500703330701494f,1.034259782480229f,0.3104258755762519f,0.15670975305148077f,1.5390506518257239f,0.3372085242958786f,-0.5089487825981314f,-1.0276973426055624f,0.35670864653848766f,-1.1504527621465341f,0.7363426418745396f,0f,0f,0f,1f], start_interpolation: 0, interpolation_duration: 1 }
$data merge entity $(bone_right_leg2) { transformation: [-0.982234916091231f,-0.011017290925273412f,0.18733176162071505f,-1.0562697415213549f,0.00046807587598042544f,0.9981281210447359f,0.06115582461776997f,-2.5335707220938684f,-0.18765487075007364f,0.0601570717403449f,-0.9803911342945735f,-0.032451259577907066f,0f,0f,0f,1f], start_interpolation: 0, interpolation_duration: 1 }
$data merge entity $(bone_right_leg1) { transformation: [-1.3021676369026967f,0.1390635033400895f,0.2505964190083443f,-0.5988407898090182f,0f,1.1658524481967698f,-0.646966650463048f,-1.125003242679449f,-0.28659592317586224f,-0.6318442757912401f,-1.1386014955842083f,-0.36619354049457775f,0f,0f,0f,1f], start_interpolation: 0, interpolation_duration: 1 }
$data merge entity $(bone_left_leg2) { transformation: [-0.9766257276770225f,-0.16610392741372787f,0.13642460678727072f,1.2350570066124633f,0f,0.6346896833027977f,0.7727671097484639f,-2.0441637771602856f,-0.21494694238189668f,0.7547042408829628f,-0.6198542738046937f,-1.1386249511281292f,0f,0f,0f,1f], start_interpolation: 0, interpolation_duration: 1 }
$data merge entity $(bone_left_leg1) { transformation: [-1.3021676369026967f,-0.18061743493782056f,0.22251868545699008f,0.62194136978726f,0f,1.035226102735812f,0.8402884587998335f,-1.125003242679449f,-0.28659592317586224f,0.820647327533991f,-1.0110284458946104f,-0.09750986251720695f,0f,0f,0f,1f], start_interpolation: 0, interpolation_duration: 1 }
$data merge entity $(bone_tail3) { transformation: [-0.9613772881509106f,-0.0021895387578848894f,0.2752252091426743f,0.9555385184977248f,0.0006331664798578225f,0.9999481171288171f,0.010166717795937096f,-0.5250446173934693f,-0.2752331900912567f,0.00994831496089461f,-0.9613260227943635f,-3.7862826815863944f,0f,0f,0f,1f], start_interpolation: 0, interpolation_duration: 1 }
$data merge entity $(bone_tail2) { transformation: [-1.4821233192326537f,-0.003375538918405871f,0.4243055307616228f,0.3197296288534502f,0.0009761316564474763f,1.541586680573593f,0.015673689935403023f,-0.7315183394125223f,-0.4243178347240207f,0.015336985564712522f,-1.4820442851413103f,-2.0200658466635373f,0f,0f,0f,1f], start_interpolation: 0, interpolation_duration: 1 }
$data merge entity $(bone_tail1) { transformation: [-0.967483127513856f,-0.0021895387578848894f,0.25292608385857657f,0.1719310556929446f,0.00039795835225865656f,0.9999481171288171f,0.010178638400262934f,-0.742382887506834f,-0.25293524785042876f,0.00994831496089461f,-0.9674320603661433f,-0.9605523765432065f,0f,0f,0f,1f], start_interpolation: 0, interpolation_duration: 1 }
$data merge entity $(bone_body1) { transformation: [-1.3021676369026967f,-0.002919385010513186f,0.28658105375649856f,0.5f,0f,1.3332641561717562f,0.013581886665437224f,-1.1875f,-0.28659592317586224f,0.01326441994785948f,-1.3021000767069326f,-0.12499999999999994f,0f,0f,0f,1f], start_interpolation: 0, interpolation_duration: 1 }
data modify entity @s data merge value {"locators":{"head":{"posx":-1.6365233061546784,"posy":-0.8851215776764935,"posz":1.951722113850567,"roty":116.15086028652712,"rotx":46.15058362744719},"neck":{"posx":-0.92841530402048,"posy":-1.0617912991770941,"posz":1.3213195799520459,"roty":46.03856310330977,"rotx":43.01801559356276},"right_arm":{"posx":-2.726431957714292,"posy":-1.3019186296831418,"posz":-1.2467857990694098,"roty":73.49580059323839,"rotx":35.04627091827597},"left_arm":{"posx":-0.6795417942751398,"posy":-3.5717915308309944,"posz":2.3849941897764673,"roty":59.39578721192639,"rotx":9.704930620283939},"tail1":{"posx":0.6307612752263163,"posy":-1.4745689545844107,"posz":-2.654034574793926,"roty":15.976283380339112,"rotx":0.5825200565892948},"tail2":{"posx":1.1132264682602029,"posy":-1.8317577423648272,"posz":-4.340085732794398,"roty":15.976283380339112,"rotx":0.5825200565892948}},"cameras":{}}