# This file was generated by Animated Java via MC-Build. It is not recommended to edit this file directly.
$data merge entity $(bone_jaw) { transformation: [-0.4364518516094769f,-0.8198686533747559f,0.37057411194000545f,-1.9392516856729367f,0.6277974113854119f,0.017526961508780414f,0.7781794239621385f,-0.607142430132892f,-0.6444999546039044f,0.5722833186750547f,0.50706174346112f,2.4877731249650425f,0f,0f,0f,1f], start_interpolation: 0, interpolation_duration: 1 }
$data merge entity $(bone_head) { transformation: [-0.49100833306066155f,-0.7072601636320738f,0.7240986657936354f,-1.778340871052129f,0.7062720878085884f,0.33710514018942345f,0.8081861558084046f,-0.4275455066199132f,-0.7250624489293924f,0.807321612120598f,0.2968859372814926f,2.553747777694263f,0f,0f,0f,1f], start_interpolation: 0, interpolation_duration: 1 }
$data merge entity $(bone_neck) { transformation: [-0.7747043657291615f,-0.36113793763122093f,0.5190496466848292f,-0.5855517915229522f,0.09755658727634983f,0.7427691559593567f,0.6624022140923269f,-0.7273142295148889f,-0.6247526374487502f,0.5638025992835554f,-0.5401951231193567f,1.8281752971453833f,0f,0f,0f,1f], start_interpolation: 0, interpolation_duration: 1 }
$data merge entity $(bone_right_arm2) { transformation: [-0.5757969736345462f,0.24633475123281717f,0.7796005614982354f,-2.126466419961756f,0.8169428560313376f,0.13533498940714023f,0.5606146721425783f,-0.9545866983369304f,0.032591642067545196f,0.9596893408688226f,-0.2791668925394014f,-0.2953079389509802f,0f,0f,0f,1f], start_interpolation: 0, interpolation_duration: 1 }
$data merge entity $(bone_right_arm1) { transformation: [-0.6537694804808909f,0.2796925821289278f,0.885171470867788f,-1.0872401186778504f,0.9275705344522478f,0.1536616025560238f,0.6365312423285524f,-0.6468315801518293f,0.03700509359752527f,1.089647272444809f,-0.3169707425707786f,0.7621721941724032f,0f,0f,0f,1f], start_interpolation: 0, interpolation_duration: 1 }
$data merge entity $(bone_left_arm2) { transformation: [-0.5508785167330249f,-0.07132326121668718f,0.831532231613086f,-0.45149503444762573f,0.008952517505802192f,0.995779320972188f,0.09134219372489584f,-2.424590126136542f,-0.8345374241053127f,0.05776275905446612f,-0.5479149125859645f,2.2739719526750566f,0f,0f,0f,1f], start_interpolation: 0, interpolation_duration: 1 }
$data merge entity $(bone_left_arm1) { transformation: [-0.6164952464675085f,-0.07937256067884287f,0.9501603099681093f,-0.15203018147494524f,-0.15283023449062244f,1.1250720518936244f,-0.005177298316272173f,-0.9646758989312555f,-0.941141613920536f,-0.13070532354727454f,-0.6215622156211678f,1.4637268322000763f,0f,0f,0f,1f], start_interpolation: 0, interpolation_duration: 1 }
$data merge entity $(bone_body2) { transformation: [-1.2266152457378392f,-0.07941221540784725f,0.9980246406837675f,0.32368421970604117f,0.15446459652088726f,1.5444361111346818f,0.3127334831598071f,-0.5043497294540646f,-0.9891916759605213f,0.33963987267640344f,-1.1887342131625622f,0.7355229244316202f,0f,0f,0f,1f], start_interpolation: 0, interpolation_duration: 1 }
$data merge entity $(bone_right_leg2) { transformation: [-0.9972646112100011f,0.004469165526640978f,0.07377887087548113f,-1.0563133245149372f,0.008648767169680556f,0.998369180836524f,0.056428517455740734f,-2.5311130431457376f,-0.07340636249406512f,0.05691225979789999f,-0.9956769057430659f,-0.0022489132252055954f,0f,0f,0f,1f], start_interpolation: 0, interpolation_duration: 1 }
$data merge entity $(bone_right_leg1) { transformation: [-1.306197180595141f,0.13120090196844963f,0.23326599946359086f,-0.6021661136620982f,0f,1.1621246062813362f,-0.6536391797109683f,-1.125000769253914f,-0.2676316557940833f,-0.6403362402487405f,-1.1384729131686895f,-0.35051043002738147f,0f,0f,0f,1f], start_interpolation: 0, interpolation_duration: 1 }
$data merge entity $(bone_left_leg2) { transformation: [-0.9796478854463557f,-0.15274145945423712f,0.1302308224049655f,1.2181311799345176f,0f,0.6488062707856727f,0.7609536273579282f,-2.057541546728994f,-0.20072374184556252f,0.7454666119639284f,-0.6356016912395198f,-1.138909416119455f,0f,0f,0f,1f], start_interpolation: 0, interpolation_duration: 1 }
$data merge entity $(bone_left_leg1) { transformation: [-1.306197180595141f,-0.16622219640039573f,0.2097543434756739f,0.6223937431458465f,0f,1.044990201692531f,0.8281142772253003f,-1.125000769253914f,-0.2676316557940833f,0.8112604005917025f,-1.0237224414002486f,-0.09960575272042835f,0f,0f,0f,1f], start_interpolation: 0, interpolation_duration: 1 }
$data merge entity $(bone_tail3) { transformation: [-0.9915953846865422f,-0.0009958805591676117f,0.1293738817932746f,0.5675884425411444f,-0.0003586805363987051f,0.9999876919373794f,0.004948466633786648f,-0.5442265400314044f,-0.12937721753315434f,0.004860472782020595f,-0.9915835372714262f,-3.8691280547715876f,0f,0f,0f,1f], start_interpolation: 0, interpolation_duration: 1 }
$data merge entity $(bone_tail2) { transformation: [-1.5287095513917524f,-0.0015353158620500678f,0.199451401097965f,0.20124971869778066f,-0.0005529658269480037f,1.541647691736793f,0.007628886060421081f,-0.7410474422750628f,-0.19945654369694626f,0.0074932288722817505f,-1.5286912866267819f,-2.0269924132259365f,0f,0f,0f,1f], start_interpolation: 0, interpolation_duration: 1 }
$data merge entity $(bone_tail1) { transformation: [-0.9879472709391377f,-0.0009958805591676117f,0.15478759015444965f,0.16028131302607013f,-0.0002315247316662359f,0.9999876919373794f,0.004956043790314801f,-0.746284298210814f,-0.15479062064675833f,0.004860472782020595f,-0.9879353417932403f,-0.9579622849897738f,0f,0f,0f,1f], start_interpolation: 0, interpolation_duration: 1 }
$data merge entity $(bone_body1) { transformation: [-1.306197180595141f,-0.0013278407455568156f,0.2676283617669045f,0.5f,0f,1.3333169225831725f,0.006615265007257888f,-1.1875f,-0.2676316557940833f,0.00648063037602746f,-1.3061811038384472f,-0.12499999999999994f,0f,0f,0f,1f], start_interpolation: 0, interpolation_duration: 1 }
data modify entity @s data merge value {"locators":{"head":{"posx":-1.5865570761992087,"posy":-0.8393222944497053,"posz":2.0227674550490717,"roty":112.29400066531856,"rotx":45.92152540985818},"neck":{"posx":-0.9023584536114287,"posy":-1.0398746461230135,"posz":1.3718973940795944,"roty":43.85636852826454,"rotx":41.48333763889061},"right_arm":{"posx":-2.7985887627958497,"posy":-1.3191700953134013,"posz":-1.1133768559208805,"roty":70.29807968534745,"rotx":34.09831708133227},"left_arm":{"posx":-0.7615079817416675,"posy":-3.4666000763152907,"posz":2.5423252389201547,"roty":56.6182323490447,"rotx":5.240827210505183},"tail1":{"posx":0.4148905959358504,"posy":-1.4875913053503191,"posz":-2.696179297494913,"roty":7.433504377063002,"rotx":0.28352741032314616},"tail2":{"posx":0.6416683442837688,"posy":-1.8539268732177097,"posz":-4.433273165013167,"roty":7.433504377063002,"rotx":0.28352741032314616}},"cameras":{}}