# This file was generated by Animated Java via MC-Build. It is not recommended to edit this file directly.
$data merge entity $(bone_jaw) { transformation: [-0.7643359937166059f,-0.30177720220018533f,0.569842968668981f,-1.1385821717375744f,0.34512652924083553f,0.555030595066644f,0.756854488890792f,-0.09128199178411239f,-0.5446817121250018f,0.775159053854237f,-0.3200785430240225f,3.1220901696211527f,0f,0f,0f,1f], start_interpolation: 0, interpolation_duration: 1 }
$data merge entity $(bone_head) { transformation: [-0.8598779929311816f,-0.1929423064867931f,0.6992911436878056f,-0.983184139806951f,0.38826734539594f,0.7936553340346687f,0.6964084141202692f,0.06347543357594743f,-0.612766926140627f,0.7736339425890484f,-0.5400298298263647f,3.0020835407708493f,0f,0f,0f,1f], start_interpolation: 0, interpolation_duration: 1 }
$data merge entity $(bone_neck) { transformation: [-0.9291341587431539f,-0.0971501231901609f,0.35675141011744915f,-0.12553453382540064f,0.06002935998045876f,0.9124268132070035f,0.40481327359814734f,-0.6070819506482285f,-0.36483721163964117f,0.3975413992341535f,-0.8419350597866578f,2.0780421738277224f,0f,0f,0f,1f], start_interpolation: 0, interpolation_duration: 1 }
$data merge entity $(bone_right_arm2) { transformation: [-0.8059086778292971f,0.41181956974262884f,0.4253420329293005f,-2.014308859040259f,0.5819097573026429f,0.6833266004786843f,0.44096007918429925f,-1.6265912314496371f,-0.10905153531891783f,0.6028842335434228f,-0.790340662998777f,0.9310942743056613f,0f,0f,0f,1f], start_interpolation: 0, interpolation_duration: 1 }
$data merge entity $(bone_right_arm1) { transformation: [-0.9150421446186809f,0.46758680314527645f,0.4829404332218099f,-0.9295265642925097f,0.6607100369373757f,0.7758604109601728f,0.5006734232405063f,-0.6084118130392342f,-0.12381893072668794f,0.6845248068357612f,-0.8973659611131947f,1.2130992298069063f,0f,0f,0f,1f], start_interpolation: 0, interpolation_duration: 1 }
$data merge entity $(bone_left_arm2) { transformation: [-0.8621992586328809f,-0.01057906939154064f,0.5064588055347832f,0.14576220794200634f,-0.005548228308592068f,0.9999191538968578f,0.011441277587212209f,-2.1602953606122215f,-0.5065388983834768f,0.007054711971503536f,-0.862188248274965f,2.4870949578828645f,0f,0f,0f,1f], start_interpolation: 0, interpolation_duration: 1 }
$data merge entity $(bone_left_arm1) { transformation: [-0.9759086383700759f,-0.06045083725074921f,0.5771646496233045f,0.1505311843313733f,-0.09882933158506013f,1.1300563772867718f,-0.04874786473674369f,-0.7942618032944109f,-0.5718444716158045f,-0.0921373288826253f,-0.9765631673646411f,1.6223913513529482f,0f,0f,0f,1f], start_interpolation: 0, interpolation_duration: 1 }
$data merge entity $(bone_body2) { transformation: [-1.4711290846766605f,0.019682215747729846f,0.5850950957289902f,0.4048932945700879f,0.09504648663572637f,1.5694732831342812f,0.18618330577780007f,-0.5f,-0.577658918429432f,0.2081121533101922f,-1.4594327494091597f,0.744815908444004f,0f,0f,0f,1f], start_interpolation: 0, interpolation_duration: 1 }
$data merge entity $(bone_right_leg2) { transformation: [-0.9981009052590906f,-0.021631734633479865f,-0.05767712698922074f,-1.0047575488804106f,-0.02314030040857392f,0.9994039710200362f,0.025616971061849902f,-2.5907094066589003f,0.057088610229930614f,0.026902988052062426f,-0.9980065730324054f,-0.16325120022997797f,0f,0f,0f,1f], start_interpolation: 0, interpolation_duration: 1 }
$data merge entity $(bone_right_leg1) { transformation: [-1.3254337652480062f,0.04275868028522932f,0.13847312727939975f,-0.6183347394280052f,0f,1.2739794299652751f,-0.39338809057104174f,-1.125f,-0.144924503512247f,-0.39105739356697466f,-1.2664315145305376f,-0.24728004983845836f,0f,0f,0f,1f], start_interpolation: 0, interpolation_duration: 1 }
$data merge entity $(bone_left_leg2) { transformation: [-0.9940753239360046f,-0.05116240025274242f,0.09589921345822285f,1.0866927052833946f,0f,0.8822912264349533f,0.47070393216533263f,-2.3430703749084527f,-0.10869337763418527f,0.46791516384520415f,-0.8770639367242209f,-0.8906100386865579f,0f,0f,0f,1f], start_interpolation: 0, interpolation_duration: 1 }
$data merge entity $(bone_left_leg1) { transformation: [-1.3254337652480062f,-0.05391422690847f,0.13452274103337808f,0.6242594154920006f,0f,1.2376351159692842f,0.4960212671826419f,-1.125f,-0.144924503512247f,0.4930825018537322f,-1.2303025288217408f,-0.11141332779572678f,0f,0f,0f,1f], start_interpolation: 0, interpolation_duration: 1 }
$data merge entity $(bone_tail3) { transformation: [-0.9985209094238436f,0f,0.054369048578951876f,0.26485592477858416f,0f,1f,0f,-0.5625f,-0.054369048578951876f,0f,-0.9985209094238436f,-3.8591554521719056f,0f,0f,0f,1f], start_interpolation: 0, interpolation_duration: 1 }
$data merge entity $(bone_tail2) { transformation: [-1.5393864020284254f,0f,0.0838189498925508f,0.03809884501506895f,0f,1.5416666666666665f,0f,-0.75f,-0.0838189498925508f,0f,-1.5393864020284254f,-1.9937248780745676f,0f,0f,0f,1f], start_interpolation: 0, interpolation_duration: 1 }
$data merge entity $(bone_tail1) { transformation: [-0.9972825059209911f,0f,0.07367227011534702f,0.08448237125763663f,0f,1f,0f,-0.75f,-0.07367227011534702f,0f,-0.9972825059209911f,-0.924903181769096f,0f,0f,0f,1f], start_interpolation: 0, interpolation_duration: 1 }
$data merge entity $(bone_body1) { transformation: [-1.3254337652480062f,0f,0.144924503512247f,0.5f,0f,1.3333333333333333f,0f,-1.1875f,-0.144924503512247f,0f,-1.3254337652480062f,-0.12499999999999994f,0f,0f,0f,1f], start_interpolation: 0, interpolation_duration: 1 }
data modify entity @s data merge value {"locators":{"head":{"posx":-1.0702415094497897,"posy":-0.5708909781433877,"posz":2.7222951920620346,"roty":52.32277033267937,"rotx":38.24531270378826},"neck":{"posx":-0.5982642432653484,"posy":-0.9698289848103938,"posz":1.8517874257684266,"roty":22.963730720675017,"rotx":23.879426434549135},"right_arm":{"posx":-2.6891687376118694,"posy":-2.4940285116890557,"posz":0.7165646513041947,"roty":28.288052064920265,"rotx":26.165154019234425},"left_arm":{"posx":-0.04300067176928957,"posy":-3.1655883890333985,"posz":2.942793051197811,"roty":30.43044198160436,"rotx":0.655551220767352},"tail1":{"posx":0.20029267959107883,"posy":-1.5,"posz":-2.673411872231091,"roty":3.1166537756971593,"rotx":0},"tail2":{"posx":0.2954385146042446,"posy":-1.875,"posz":-4.420823463722818,"roty":3.1166537756971593,"rotx":0}},"cameras":{}}