# This file was generated by Animated Java via MC-Build. It is not recommended to edit this file directly.
$data merge entity $(bone_jaw) { transformation: [-0.9328287541542437f,-0.02822558185497642f,0.3592127948055154f,-0.5660912507582908f,0.15569388774878426f,0.8674802806709218f,0.47248002705380865f,0.25662533381548547f,-0.32494603973692343f,0.4966701915517447f,-0.8048159988986568f,3.288717486878256f,0f,0f,0f,1f], start_interpolation: 0, interpolation_duration: 1 }
$data merge entity $(bone_head) { transformation: [-1.0494323484235242f,0.012906945542903486f,0.40515448515231706f,-0.4760569207244426f,0.1751556237173823f,1.0284785108008045f,0.4209245304103031f,0.3501641183511084f,-0.36556429470403884f,0.4557305822278244f,-0.9614038604352629f,3.0750721845593088f,0f,0f,0f,1f], start_interpolation: 0, interpolation_duration: 1 }
$data merge entity $(bone_neck) { transformation: [-0.9816717594398904f,-0.010256514270651697f,0.19030333847099423f,0.1802979679157528f,0.03121721493135744f,0.9764098615108894f,0.21365689278891786f,-0.5292837415788945f,-0.18800543133143605f,0.21568167807976085f,-0.958193806873421f,2.161380649180626f,0f,0f,0f,1f], start_interpolation: 0, interpolation_duration: 1 }
$data merge entity $(bone_right_arm2) { transformation: [-0.9430038372373957f,0.2812715948934832f,0.1778483985354479f,-1.5563472930412328f,0.31890808904205586f,0.9165137304009311f,0.24145436987164592f,-1.8581956377609186f,-0.09508624347975601f,0.2844096902228292f,-0.95397575147813f,1.7160310239529146f,0f,0f,0f,1f], start_interpolation: 0, interpolation_duration: 1 }
$data merge entity $(bone_right_arm1) { transformation: [-1.0707022735299596f,0.31936045670197566f,0.2019320358371231f,-0.7702188516137294f,0.36209355943316757f,1.040624964726057f,0.2741513157917646f,-0.5889302651485824f,-0.10796250561763962f,0.32292350244050394f,-1.0831599678241266f,1.4631748643165874f,0f,0f,0f,1f], start_interpolation: 0, interpolation_duration: 1 }
$data merge entity $(bone_left_arm2) { transformation: [-0.9654834002025171f,-0.007970066513009674f,0.2603426241958168f,0.5296750218601849f,-0.006509382594874543f,0.9999578673922391f,0.006472354949981114f,-2.0241820474331123f,-0.26038324038159527f,0.004554281517781103f,-0.9654946020813567f,2.4641193468345497f,0f,0f,0f,1f], start_interpolation: 0, interpolation_duration: 1 }
$data merge entity $(bone_left_arm1) { transformation: [-1.0948983578346378f,-0.04614736517941802f,0.29705052372021595f,0.35244046623008923f,-0.054276204501688054f,1.1338666121544634f,-0.023908291672439016f,-0.683743131505699f,-0.29567327674368554f,-0.03725497916790347f,-1.0956095960200856f,1.6743360302052288f,0f,0f,0f,1f], start_interpolation: 0, interpolation_duration: 1 }
$data merge entity $(bone_body2) { transformation: [-1.55431361911316f,0.029453887101088542f,0.3003099838807092f,0.45178516826398524f,0.04942725697464928f,1.5793404430793494f,0.10092153172802941f,-0.5f,-0.29767526627477375f,0.1084466589296599f,-1.5513133798364795f,0.7486706072660725f,0f,0f,0f,1f], start_interpolation: 0, interpolation_duration: 1 }
$data merge entity $(bone_right_leg2) { transformation: [-0.9993142944117083f,-0.02421649616850561f,-0.02800896816647433f,-0.9926619965058625f,-0.024622403626258487f,0.9995954113183263f,0.014239062855808005f,-2.5932074766278035f,0.027652815843878027f,0.014918947170185687f,-0.9995062515018291f,-0.29932575759580216f,0f,0f,0f,1f], start_interpolation: 0, interpolation_duration: 1 }
$data merge entity $(bone_right_leg1) { transformation: [-1.3313075920244912f,0.011096132794634353f,0.07262746748119585f,-0.6232907807706645f,0f,1.3180391128188362f,-0.20137198131198067f,-1.125f,-0.07347021978821297f,-0.2010660356562404f,-1.3160366081107062f,-0.18699049794630465f,0f,0f,0f,1f], start_interpolation: 0, interpolation_duration: 1 }
$data merge entity $(bone_left_leg2) { transformation: [-0.9984806940183685f,-0.01353049259774464f,0.05341562919838686f,1.031329835913453f,0f,0.9693837739493005f,0.24555060334646178f,-2.4758965255825016f,-0.055102664841159735f,0.24517753684600427f,-0.9679109833830429f,-0.6789220907648557f,0f,0f,0f,1f], start_interpolation: 0, interpolation_duration: 1 }
$data merge entity $(bone_left_leg1) { transformation: [-1.3313075920244912f,-0.01408878950187746f,0.0721067209495766f,0.6248100867522961f,0f,1.3085886346410498f,0.25568254353015674f,-1.125f,-0.07347021978821297f,0.2552940835123726f,-1.3066004881009448f,-0.11811216689485497f,0f,0f,0f,1f], start_interpolation: 0, interpolation_duration: 1 }
$data merge entity $(bone_tail3) { transformation: [-0.9994762877399807f,0f,0.032359700948979f,0.14575717550872627f,0f,1f,0f,-0.5625f,-0.032359700948979f,0f,-0.9994762877399807f,-3.8380701412138056f,0f,0f,0f,1f], start_interpolation: 0, interpolation_duration: 1 }
$data merge entity $(bone_tail2) { transformation: [-1.54085927693247f,0f,0.04988787229634262f,-0.03985179973810693f,0f,1.5416666666666665f,0f,-0.75f,-0.04988787229634262f,0f,-1.54085927693247f,-1.9680970643199642f,0f,0f,0f,1f], start_interpolation: 0, interpolation_duration: 1 }
$data merge entity $(bone_tail1) { transformation: [-0.9991822796600638f,0f,0.04043231397432044f,0.04208665162168557f,0f,1f,0f,-0.75f,-0.04043231397432044f,0f,-0.9991822796600638f,-0.9014118529343562f,0f,0f,0f,1f], start_interpolation: 0, interpolation_duration: 1 }
$data merge entity $(bone_body1) { transformation: [-1.3313075920244912f,0f,0.07347021978821297f,0.5f,0f,1.3333333333333333f,0f,-1.1875f,-0.07347021978821297f,0f,-1.3313075920244912f,-0.12499999999999994f,0f,0f,0f,1f], start_interpolation: 0, interpolation_duration: 1 }
data modify entity @s data merge value {"locators":{"head":{"posx":-0.595770358568366,"posy":-0.3381363127633117,"posz":3.0889451556647574,"roty":22.85151412189012,"rotx":21.972104843159922},"neck":{"posx":-0.3304796362615723,"posy":-0.906535943778414,"posz":2.1062715300941752,"roty":11.233130760830164,"rotx":12.336742084663522},"right_arm":{"posx":-1.985480827029777,"posy":-2.8755047975325443,"posz":1.9026663192516657,"roty":10.56034393696899,"rotx":13.972394351042027},"left_arm":{"posx":0.46781648878794346,"posy":-3.0269692558881625,"posz":2.958586318881297,"roty":15.090716823532375,"rotx":0.3708412113501868},"tail1":{"posx":0.1073300306318137,"posy":-1.5,"posz":-2.6511920495225785,"roty":1.8543980256462476,"rotx":0},"tail2":{"posx":0.16395950729252695,"posy":-1.875,"posz":-4.400275553067544,"roty":1.8543980256462476,"rotx":0}},"cameras":{}}