# This file was generated by Animated Java via MC-Build. It is not recommended to edit this file directly.
$data merge entity $(bone_jaw) { transformation: [-0.6081309054489769f,-0.5245258508780807f,0.5958602467008796f,-1.0820083754071468f,0.5118941558876233f,0.31459720040723305f,0.7993703613870289f,0.006271456287602173f,-0.60674638441931f,0.7911391996713073f,0.07718543734110864f,3.076364578994393f,0f,0f,0f,1f], start_interpolation: 0, interpolation_duration: 1 }
$data merge entity $(bone_head) { transformation: [-0.684147268630099f,-0.322455867933051f,0.8328203456097347f,-0.8969371874938724f,0.5758809253735763f,0.6425667430410396f,0.7218685063974632f,0.1666866799314829f,-0.6825896824717237f,0.8653064162325236f,-0.22570142093034729f,3.0262087076765383f,0f,0f,0f,1f], start_interpolation: 0, interpolation_duration: 1 }
$data merge entity $(bone_neck) { transformation: [-0.9335661039700206f,-0.0783461920066709f,0.34973733531936574f,-0.06274972155478953f,0.08311680085697129f,0.9018861609360863f,0.42390205251599145f,-0.4887053488223515f,-0.34863437428563915f,0.4248096360842367f,-0.8354584646506605f,2.0703556539511947f,0f,0f,0f,1f], start_interpolation: 0, interpolation_duration: 1 }
$data merge entity $(bone_right_arm2) { transformation: [-0.601850958350441f,0.5825114924195034f,0.5463110699334754f,-2.2132541094144575f,0.7986004181581f,0.4420547377310516f,0.4084421390689737f,-1.1078603025664537f,-0.003577156742930382f,0.6821055417226383f,-0.7312449889749006f,0.8291737288563321f,0f,0f,0f,1f], start_interpolation: 0, interpolation_duration: 1 }
$data merge entity $(bone_right_arm1) { transformation: [-0.6833516089603965f,0.6613932570179777f,0.6202906939869668f,-0.8850404905500823f,0.9067442247836759f,0.5019163167987981f,0.4637520120678972f,-0.4964221193589354f,-0.004061563385202204f,0.7744740004975788f,-0.830267747898585f,1.2228241839292164f,0f,0f,0f,1f], start_interpolation: 0, interpolation_duration: 1 }
$data merge entity $(bone_left_arm2) { transformation: [-0.8816592173653819f,0.22475723194037112f,0.41492313881629267f,-0.024769877573228127f,-0.008419392222902526f,0.8716532332353203f,-0.49005076759965316f,-1.5480802390002344f,-0.4718115495293212f,-0.435551176879267f,-0.7666087881376173f,3.0367874069676826f,0f,0f,0f,1f], start_interpolation: 0, interpolation_duration: 1 }
$data merge entity $(bone_left_arm1) { transformation: [-1.0241305390267434f,0.18176733703819994f,0.4552892280334308f,0.20307491680162515f,-0.11004001688769767f,0.9423426405147435f,-0.6237407710704025f,-0.7427241971886422f,-0.47772255615638565f,-0.606730574471228f,-0.8323642089167858f,1.620103383718638f,0f,0f,0f,1f], start_interpolation: 0, interpolation_duration: 1 }
$data merge entity $(bone_body2) { transformation: [-1.478146331285866f,0.09158337309800722f,0.5600360287718733f,0.4420889082605425f,0.1316016013568712f,1.5753009308643708f,0.0897353898002258f,-0.4694179921957401f,-0.5520044259522621f,0.13032232132018878f,-1.4782596695909942f,0.7231071780862057f,0f,0f,0f,1f], start_interpolation: 0, interpolation_duration: 1 }
$data merge entity $(bone_right_leg2) { transformation: [-0.9540833114512093f,-0.017217729938677706f,0.29904612451268053f,-1.0244090588845889f,-0.010008613729057786f,0.9996215984820306f,0.025622012010232675f,-2.5373387711003197f,-0.2993741178884998f,0.021452496917346298f,-0.9538946104861342f,0.1813178389140045f,0f,0f,0f,1f], start_interpolation: 0, interpolation_duration: 1 }
$data merge entity $(bone_right_leg1) { transformation: [-1.3302358047767529f,0.04336312856442952f,0.07981303495561914f,-0.6222355458753248f,0f,1.1715826068253763f,-0.6365312036043744f,-1.1250392722719358f,-0.09083216097683752f,-0.6350524484191352f,-1.1688608488896004f,-0.20384977530464005f,0f,0f,0f,1f], start_interpolation: 0, interpolation_duration: 1 }
$data merge entity $(bone_left_leg2) { transformation: [-0.9976768535825647f,-0.03990696396627734f,0.055211684022387325f,1.0649622309101283f,0f,0.8104571982525948f,0.5857978574564389f,-2.2323881532149796f,-0.06812412073262815f,0.5844369632625477f,-0.8085743875159898f,-1.0593201826738323f,0f,0f,0f,1f], start_interpolation: 0, interpolation_duration: 1 }
$data merge entity $(bone_left_leg1) { transformation: [-1.3302358047767529f,-0.04390625729480804f,0.07951554588936835f,0.624860521102881f,0f,1.1672157384819537f,0.6445038383266659f,-1.1250392722719358f,-0.09083216097683752f,0.643006561543634f,-1.1645041254207253f,-0.11869462438885488f,0f,0f,0f,1f], start_interpolation: 0, interpolation_duration: 1 }
$data merge entity $(bone_tail3) { transformation: [-0.9607947581865087f,0.002414630480967228f,-0.2772500715977704f,-0.1658698128992537f,0.012122758492843146f,0.9993716436490281f,-0.03330700522058829f,-0.6911682560145594f,0.27699543564443907f,-0.035362231686935156f,-0.9602203086803919f,-3.8178653123697206f,0f,0f,0f,1f], start_interpolation: 0, interpolation_duration: 1 }
$data merge entity $(bone_tail2) { transformation: [-1.4812252522042009f,0.003722555324824476f,-0.4274271937132293f,0.23342198335807088f,0.018689252676466515f,1.540697950625585f,-0.05134829971507361f,-0.8145844595985438f,0.42703462995184355f,-0.054516773850691695f,-1.4803396425489372f,-1.9761973856971304f,0f,0f,0f,1f], start_interpolation: 0, interpolation_duration: 1 }
$data merge entity $(bone_tail1) { transformation: [-0.9592924351199723f,0.002414630480967228f,0.28240430853872284f,0.053278959925674385f,-0.007671610047708286f,0.9993716436490281f,-0.034604396678977044f,-0.7768583368711671f,-0.2823104148289073f,-0.035362231686935156f,-0.958671133522466f,-0.9223205044758969f,0f,0f,0f,1f], start_interpolation: 0, interpolation_duration: 1 }
$data merge entity $(bone_body1) { transformation: [-1.3302358047767529f,0.0032195073079563036f,0.09077508601161523f,0.5f,0f,1.3324955248653707f,-0.04725943283131896f,-1.1875f,-0.09083216097683752f,-0.04714964224924687f,-1.3293999426605312f,-0.12499999999999994f,0f,0f,0f,1f], start_interpolation: 0, interpolation_duration: 1 }
data modify entity @s data merge value {"locators":{"head":{"posx":-0.9491340235337704,"posy":-0.3908138735350567,"posz":2.6081777600280107,"roty":74.83658010066367,"rotx":39.91578000855902},"neck":{"posx":-0.543870118452219,"posy":-0.8383420153093972,"posz":1.8411671613581189,"roty":22.715027183796735,"rotx":25.081186687095734},"right_arm":{"posx":-3.1065368216976013,"posy":-1.704223583697111,"posz":0.5124671093247111,"roty":36.76330491230834,"rotx":24.10700991783119},"left_arm":{"posx":-0.4018849778364092,"posy":-2.1741818764217964,"posz":3.8851311997613407,"roty":28.42424412572049,"rotx":-29.343918436277267},"tail1":{"posx":0.16110093104719192,"posy":-1.5885271032360746,"posz":-2.6444516036052534,"roty":343.8946727030482,"rotx":-1.9087038438810737},"tail2":{"posx":-0.32499218067926905,"posy":-2.0215787287404896,"posz":-4.311576306913339,"roty":343.8946727030482,"rotx":-1.9087038438810737}},"cameras":{}}