# This file was generated by Animated Java via MC-Build. It is not recommended to edit this file directly.
$data merge entity $(bone_jaw) { transformation: [-0.9962586080224272f,-0.0360307848861315f,-0.07855296609107243f,0.11740615426532418f,-0.026388698184660855f,0.992362526885387f,-0.12050000764219215f,0.7073519254577532f,0.08229472977861178f,-0.117976259366615f,-0.9896005151961705f,3.212283205543184f,0f,0f,0f,1f], start_interpolation: 0, interpolation_duration: 1 }
$data merge entity $(bone_head) { transformation: [-1.1207909340252304f,-0.038301032748270875f,-0.08936281719634404f,0.0975477504439144f,-0.029687285457743462f,1.1194619679647058f,-0.10746426086256937f,0.6834709785994044f,0.09258157100093825f,-0.10470402652717703f,-1.1162843363319197f,2.964220019691646f,0f,0f,0f,1f], start_interpolation: 0, interpolation_duration: 1 }
$data merge entity $(bone_neck) { transformation: [-0.9990448583338721f,-0.009328490093556146f,-0.0426889951770693f,0.5722968917538851f,-0.007177765590968342f,0.9987103731570602f,-0.05026002616002509f,-0.4149061813395083f,0.043102792459126495f,-0.049905609114204f,-0.9978234209824731f,2.1849618035976652f,0f,0f,0f,1f], start_interpolation: 0, interpolation_duration: 1 }
$data merge entity $(bone_right_arm2) { transformation: [-0.9967191792302462f,-0.07691415822157954f,-0.025200992433832833f,-0.7028994067077289f,-0.07550502986579201f,0.9957481907689013f,-0.052768655899363706f,-1.849612221713897f,0.02915249937055356f,-0.05069272971073294f,-0.9982887252368046f,2.495175459863468f,0f,0f,0f,1f], start_interpolation: 0, interpolation_duration: 1 }
$data merge entity $(bone_right_arm1) { transformation: [-1.131691568084342f,-0.08732961714741842f,-0.028613626825914357f,-0.5097001781623601f,-0.08572966932678466f,1.13058909160219f,-0.05991441138573587f,-0.5553758504274667f,0.03310023366031602f,-0.05755737019239468f,-1.1334736567792885f,1.7332075974645296f,0f,0f,0f,1f], start_interpolation: 0, interpolation_duration: 1 }
$data merge entity $(bone_left_arm2) { transformation: [-0.9982982051752048f,0.0026447765199233302f,-0.05825546069789834f,0.9456739906416923f,0.002746138889471808f,0.9999948515884867f,-0.0016599752167023888f,-1.839699349924508f,0.058250770511336994f,-0.0018171278656159053f,-0.9983003284488868f,2.347652809707032f,0f,0f,0f,1f], start_interpolation: 0, interpolation_duration: 1 }
$data merge entity $(bone_left_arm1) { transformation: [-1.1333838938546044f,0.014086892359300907f,-0.06643429505215348f,0.609623637758151f,0.013803622112155632f,1.1353206483079723f,0.00524332781675792f,-0.5338351808798466f,0.06649372986984504f,0.0044262776309952736f,-1.1334593062385494f,1.684703013468929f,0f,0f,0f,1f], start_interpolation: 0, interpolation_duration: 1 }
$data merge entity $(bone_body2) { transformation: [-1.5818210256952976f,-0.012425981538651062f,-0.06806087051693159f,0.5109952848979334f,-0.01136479551903321f,1.5830967954065476f,-0.024896229448952593f,-0.5f,0.06824608806028362f,-0.02438392504838863f,-1.5816739044784633f,0.7499309136783392f,0f,0f,0f,1f], start_interpolation: 0, interpolation_duration: 1 }
$data merge entity $(bone_right_leg2) { transformation: [-0.9999729964013745f,0.00721804329054733f,0.0013806951555615874f,-1.0044302210248182f,0.007212601754693458f,0.999966358836483f,-0.003906350116727221f,-2.550844662830751f,-0.0014088449116206637f,-0.0038962862269148676f,-0.9999914170179928f,-0.4681023280951015f,0f,0f,0f,1f], start_interpolation: 0, interpolation_duration: 1 }
$data merge entity $(bone_right_leg1) { transformation: [-1.3332280589384213f,0.0005788863166760363f,-0.016744716411424873f,-0.624911174729293f,0f,1.3325372644732971f,0.046067521832629715f,-1.125f,0.01675471984446998f,0.046063884534765204f,-1.332432052932636f,-0.1108632051312284f,0f,0f,0f,1f], start_interpolation: 0, interpolation_duration: 1 }
$data merge entity $(bone_left_leg2) { transformation: [-0.9999210442038161f,-0.0007102141584497529f,-0.012545953698270327f,0.9968316583170931f,0f,0.998401550108975f,-0.05651853448202453f,-2.574849880574137f,0.012566039883352486f,-0.056514072016135355f,-0.9983227205196749f,-0.38025698245698925f,0f,0f,0f,1f], start_interpolation: 0, interpolation_duration: 1 }
$data merge entity $(bone_left_leg1) { transformation: [-1.3332280589384213f,-0.0007366735045043352f,-0.016738516935930658f,0.624990130525477f,0f,1.3320439129041661f,-0.0586241577571532f,-1.125f,0.01675471984446998f,-0.05861952904010188f,-1.3319387403164709f,-0.126570754985419f,0f,0f,0f,1f], start_interpolation: 0, interpolation_duration: 1 }
$data merge entity $(bone_tail3) { transformation: [-0.9999210442038161f,0f,-0.012566039883352486f,-0.04629779417177032f,0f,1f,0f,-0.5625f,0.012566039883352486f,0f,-0.9999210442038161f,-3.8059258305598958f,0f,0f,0f,1f], start_interpolation: 0, interpolation_duration: 1 }
$data merge entity $(bone_tail2) { transformation: [-1.5415449431475496f,0f,-0.019372644820168414f,-0.14772659991596143f,0f,1.5416666666666665f,0f,-0.75f,0.019372644820168414f,0f,-1.5415449431475496f,-1.9295031176923212f,0f,0f,0f,1f], start_interpolation: 0, interpolation_duration: 1 }
$data merge entity $(bone_tail1) { transformation: [-0.9999210442038161f,0f,-0.012566039883352486f,-0.009385052014422413f,0f,1f,0f,-0.75f,0.012566039883352486f,0f,-0.9999210442038161f,-0.8686577632111858f,0f,0f,0f,1f], start_interpolation: 0, interpolation_duration: 1 }
$data merge entity $(bone_body1) { transformation: [-1.3332280589384213f,0f,-0.01675471984446998f,0.5f,0f,1.3333333333333333f,0f,-1.1875f,0.01675471984446998f,0f,-1.3332280589384213f,-0.12499999999999994f,0f,0f,0f,1f], start_interpolation: 0, interpolation_duration: 1 }
data modify entity @s data merge value {"locators":{"head":{"posx":0.14364910674749376,"posy":0.09139884663639275,"posz":3.332467905632278,"roty":355.42301511906635,"rotx":-5.48146772740728},"neck":{"posx":0.08160877076916623,"posy":-0.7867289507988869,"posz":2.349955730867864,"roty":357.5502593045631,"rotx":-2.880901139507713},"right_arm":{"posx":-0.6756797009711233,"posy":-2.823695148899729,"posz":3.0468345834032626,"roty":358.5539214589793,"rotx":-3.0248261697808516},"left_arm":{"posx":1.0345505822941685,"posy":-2.8390358475852353,"posz":2.844979428640133,"roty":356.6603125628479,"rotx":-0.0951096176927679},"tail1":{"posx":-0.031375621810289245,"posy":-1.5,"posz":-2.618519590567864,"roty":359.28000000000003,"rotx":0},"tail2":{"posx":-0.0533661916061561,"posy":-1.875,"posz":-4.368381417924542,"roty":359.28000000000003,"rotx":0}},"cameras":{}}