# This file was generated by Animated Java via MC-Build. It is not recommended to edit this file directly.
$data merge entity $(bone_jaw) { transformation: [-0.9996053841787961f,-0.01005719647085541f,-0.026228395298001885f,0.03885910722490013f,-0.009028657223140153f,0.9991967582680406f,-0.039042561588426276f,0.651950815803665f,0.026599986268956474f,-0.038790347585264465f,-0.9988932623982931f,3.2388394539913925f,0f,0f,0f,1f], start_interpolation: 0, interpolation_duration: 1 }
$data merge entity $(bone_head) { transformation: [-1.1245560572011455f,-0.011072566948913325f,-0.02959852147279953f,0.03228165800872246f,-0.010157239376032672f,1.1244180731778517f,-0.0347250226675984f,0.6442341440997542f,0.029924984552576035f,-0.034444084719572436f,-1.1240743304280898f,2.989045158340706f,0f,0f,0f,1f], start_interpolation: 0, interpolation_duration: 1 }
$data merge entity $(bone_neck) { transformation: [-0.9998987745631471f,-0.0025660007564228043f,-0.013994865745505432f,0.5235865926757721f,-0.0023375053762841433f,0.9998641026739347f,-0.016319076342221326f,-0.430211961831214f,0.014034838642910238f,-0.016284711362669055f,-0.9997688890339116f,2.1870180225020333f,0f,0f,0f,1f], start_interpolation: 0, interpolation_duration: 1 }
$data merge entity $(bone_right_arm2) { transformation: [-0.9996553559467176f,-0.024710467852799588f,-0.008863526698626861f,-0.8193823615692719f,-0.02455337256528469f,0.9995468204495614f,-0.01741509761219585f,-1.8678341726536027f,0.009289845139281817f,-0.01719146612909274f,-0.9998090579053683f,2.415450898393167f,0f,0f,0f,1f], start_interpolation: 0, interpolation_duration: 1 }
$data merge entity $(bone_right_arm1) { transformation: [-1.1350253520645022f,-0.02805667704119953f,-0.010063795939065914f,-0.545516226498028f,-0.027878308433500323f,1.134902119052106f,-0.019773392080514037f,-0.5602289214952866f,0.010547845001892894f,-0.019519477167407377f,-1.1351998678300534f,1.7026152951827664f,0f,0f,0f,1f], start_interpolation: 0, interpolation_duration: 1 }
$data merge entity $(bone_left_arm2) { transformation: [-0.9998182331200869f,0.0008287076395259775f,-0.019047676085971313f,0.8983479758316195f,0.0008390230774686392f,0.9999995056695132f,-0.0005335738042411618f,-1.863559913160798f,0.019047224493436495f,-0.0005494582580038371f,-0.9998184341842868f,2.3663393662341643f,0f,0f,0f,1f], start_interpolation: 0, interpolation_duration: 1 }
$data merge entity $(bone_left_arm1) { transformation: [-1.1352000069059534f,0.004463472623929427f,-0.021726220962310173f,0.5778946155785077f,0.00443147532920692f,1.1354067244950121f,0.0017143343775350714f,-0.5532081892775985f,0.021732769993130736f,0.0016292108785546148f,-1.1352074873452793f,1.686824523870531f,0f,0f,0f,1f], start_interpolation: 0, interpolation_duration: 1 }
$data merge entity $(bone_body2) { transformation: [-1.5831730597249831f,-0.003813317074691782f,-0.022202838070118056f,0.5035792785229554f,-0.0037010501791165606f,1.5833086528602913f,-0.008028477423867534f,-0.5f,0.022221827851274547f,-0.00797576548437537f,-1.5831572953993962f,0.7499926792638067f,0f,0f,0f,1f], start_interpolation: 0, interpolation_duration: 1 }
$data merge entity $(bone_right_leg2) { transformation: [-0.9999973569661109f,0.0022420471330295085f,0.0005092007911962808f,-1.0013318296371616f,0.002241409231059693f,0.9999967069295699f,-0.0012498858647891336f,-2.5588937487238512f,-0.0005120014173819768f,-0.0012487412339445888f,-0.999999089249525f,-0.4475119450330371f,0f,0f,0f,1f], start_interpolation: 0, interpolation_duration: 1 }
$data merge entity $(bone_right_leg1) { transformation: [-1.3333221779258007f,0.00006135336186799563f,-0.0054537936101197145f,-0.6249905876248945f,0f,1.3332489713358644f,0.014998606923210409f,-1.125f,0.005454138701646222f,0.01499848143653092f,-1.3332378166341514f,-0.12039807047048595f,0f,0f,0f,1f], start_interpolation: 0, interpolation_duration: 1 }
$data merge entity $(bone_left_leg2) { transformation: [-0.9999916334443506f,-0.00007529464346249924f,-0.004089911003446544f,0.99880181944938f,0f,0.9998305817958234f,-0.01840672990580482f,-2.5668266302770038f,0.004090604026234667f,-0.018406575904874743f,-0.9998222166576207f,-0.4189306264036613f,0f,0f,0f,1f], start_interpolation: 0, interpolation_duration: 1 }
$data merge entity $(bone_left_leg1) { transformation: [-1.3333221779258007f,-0.00007808507611737896f,-0.005453579714066979f,0.6249989541805439f,0f,1.3331966817347778f,-0.019088886535237434f,-1.125f,0.005454138701646222f,-0.01908872682700595f,-1.3331855274705484f,-0.1255113255032793f,0f,0f,0f,1f], start_interpolation: 0, interpolation_duration: 1 }
$data merge entity $(bone_tail3) { transformation: [-0.9999916334443506f,0f,-0.004090604026234667f,-0.015079919068915634f,0f,1f,0f,-0.5625f,0.004090604026234667f,0f,-0.9999916334443506f,-3.810423846312925f,0f,0f,0f,1f], start_interpolation: 0, interpolation_duration: 1 }
$data merge entity $(bone_tail2) { transformation: [-1.541653768226707f,0f,-0.006306347873778444f,-0.13240899070026946f,0f,1.5416666666666665f,0f,-0.75f,0.006306347873778444f,0f,-1.541653768226707f,-1.9349282081014885f,0f,0f,0f,1f], start_interpolation: 0, interpolation_duration: 1 }
$data merge entity $(bone_tail1) { transformation: [-0.9999916334443506f,0f,-0.004090604026234667f,-0.0030637697418512966f,0f,1f,0f,-0.75f,0.004090604026234667f,0f,-0.9999916334443506f,-0.8729484230701454f,0f,0f,0f,1f], start_interpolation: 0, interpolation_duration: 1 }
$data merge entity $(bone_body1) { transformation: [-1.3333221779258007f,0f,-0.005454138701646222f,0.5f,0f,1.3333333333333333f,0f,-1.1875f,0.005454138701646222f,0f,-1.3333221779258007f,-0.12499999999999994f,0f,0f,0f,1f], start_interpolation: 0, interpolation_duration: 1 }
data modify entity @s data merge value {"locators":{"head":{"posx":0.04665489561167417,"posy":0.029203276408613865,"posz":3.320423630526049,"roty":358.4916668447222,"rotx":-1.7688118312193084},"neck":{"posx":0.026348813896045264,"posy":-0.804289868479304,"posz":2.3251133197137284,"roty":359.19802027857406,"rotx":-0.9350557058916662},"right_arm":{"posx":-0.8527185901138288,"posy":-2.8602080300823967,"posz":2.933127508796149,"roty":359.4920736475615,"rotx":-0.9978620368573974},"left_arm":{"posx":0.9695317458050846,"posy":-2.8633450708705324,"posz":2.8656075900534717,"roty":358.9085823916579,"rotx":-0.030571528492382375},"tail1":{"posx":-0.01022232678776197,"posy":-1.5,"posz":-2.6229337815977587,"roty":359.765625,"rotx":0},"tail2":{"posx":-0.017380883833672634,"posy":-1.875,"posz":-4.372919140125372,"roty":359.765625,"rotx":0}},"cameras":{}}