# This file was generated by Animated Java via MC-Build. It is not recommended to edit this file directly.
$data merge entity $(bone_jaw) { transformation: [-0.9999344120333938f,-0.0039049289095135376f,-0.010766761892159223f,0.015925816948714918f,-0.0037334602778906776f,0.9998666150742016f,-0.015900104855362134f,0.636010889570908f,0.010827414547537148f,-0.015858864721969963f,-0.9998156147530133f,3.2455785052028796f,0f,0f,0f,1f], start_interpolation: 0, interpolation_duration: 1 }
$data merge entity $(bone_head) { transformation: [-1.1249262135375682f,-0.004352589442543555f,-0.012127203353381728f,0.013230882870185645f,-0.004200142812627012f,1.1249033832289588f,-0.014132841200404499f,0.6328702581930403f,0.012180841365979292f,-0.014086637824086045f,-1.124845853323214f,2.9956127600199434f,0f,0f,0f,1f], start_interpolation: 0, interpolation_duration: 1 }
$data merge entity $(bone_neck) { transformation: [-0.9999831493624433f,-0.0009918021158749784f,-0.005719905570225069f,0.5096288240237166f,-0.000953742227942328f,0.9999774148596436f,-0.006652829953234005f,-0.4345342983183624f,0.0057263746761791155f,-0.00664726253332557f,-0.9999615105262206f,2.187343561820958f,0f,0f,0f,1f], start_interpolation: 0, interpolation_duration: 1 }
$data merge entity $(bone_right_arm2) { transformation: [-0.9999427836993916f,-0.010039410218729299f,-0.003693178843689803f,-0.8523611119799108f,-0.010012891887106563f,0.9999244489618969f,-0.007130102685368756f,-1.8722068534808516f,0.0037644818459543422f,-0.0070927153267885245f,-0.9999677605131699f,2.391657730531726f,0f,0f,0f,1f], start_interpolation: 0, interpolation_duration: 1 }
$data merge entity $(bone_right_arm1) { transformation: [-1.1353517023253508f,-0.01139891368584889f,-0.00419329681210613f,-0.5555947784409698f,-0.011368804330152242f,1.1353308847588204f,-0.00809563742401244f,-0.5615789310998321f,0.0042742554292606585f,-0.008053187193957803f,-1.1353800614159948f,1.6936943057356508f,0f,0f,0f,1f], start_interpolation: 0, interpolation_duration: 1 }
$data merge entity $(bone_left_arm2) { transformation: [-0.9999696757596066f,0.0003342905999553367f,-0.007780476272180639f,0.884565640082507f,0.0003359882491869703f,0.9999999200358699f,-0.00021688741349761844f,-1.870338433186518f,0.007780403146598043f,-0.00021949498515208283f,-0.9999697081156147f,2.371495564740753f,0f,0f,0f,1f], start_interpolation: 0, interpolation_duration: 1 }
$data merge entity $(bone_left_arm1) { transformation: [-1.1353805432299264f,0.001806312779824811f,-0.008875034281769017f,0.568786887230912f,0.0018008931536867472f,1.1354150224653756f,0.0007003486583862193f,-0.5587135769850538f,0.00887613560115763f,0.0006862496162044395f,-1.135381764087612f,1.6872518672102843f,0f,0f,0f,1f], start_interpolation: 0, interpolation_duration: 1 }
$data merge entity $(bone_body2) { transformation: [-1.583306653157202f,-0.001528770526525311f,-0.009063629144084087f,0.5014603490321083f,-0.0015100918609086862f,1.5833292432169097f,-0.003266747799329435f,-0.5f,0.009066759903950268f,-0.0032580483866931566f,-1.5833040211627072f,0.7499987813595539f,0f,0f,0f,1f], start_interpolation: 0, interpolation_duration: 1 }
$data merge entity $(bone_right_leg2) { transformation: [-0.9999995701180473f,0.0009020866852980168f,0.0002144838749546657f,-1.000530469880249f,0.0009019777444977448f,0.9999994644519511f,-0.0005074760677693142f,-2.5610505925024225f,-0.00021494154749208722f,-0.0005072823899327497f,-0.9999998482323424f,-0.4415904368966321f,0f,0f,0f,1f], start_interpolation: 0, interpolation_duration: 1 }
$data merge entity $(bone_right_leg1) { transformation: [-1.3333314763574153f,0.000010213329319955436f,-0.002225270325263405f,-0.6249984331765692f,0f,1.3333192899743467f,0.0061195392049931034f,-1.125f,0.00222529376321278f,0.006119530682115404f,-1.3333174330179873f,-0.12312240838728916f,0f,0f,0f,1f], start_interpolation: 0, interpolation_duration: 1 }
$data merge entity $(bone_left_leg2) { transformation: [-0.9999986072680616f,-0.000012534466699405235f,-0.0016689232529473953f,0.9994917735886342f,0f,0.9999717973042673f,-0.007510299333129262f,-2.564300901681425f,0.0016689703224095852f,-0.0075102888732955135f,-0.9999704046116077f,-0.42993176701733876f,0f,0f,0f,1f], start_interpolation: 0, interpolation_duration: 1 }
$data merge entity $(bone_left_leg1) { transformation: [-1.3333314763574153f,-0.000012998754483605949f,-0.0022252557976501423f,0.6249998259085077f,0f,1.3333105854377427f,-0.007788487493797328f,-1.125f,0.00222529376321278f,-0.007788476646522043f,-1.3333087284935066f,-0.12520862129030114f,0f,0f,0f,1f], start_interpolation: 0, interpolation_duration: 1 }
$data merge entity $(bone_tail3) { transformation: [-0.9999986072680616f,0f,-0.0016689703224095852f,-0.006153631697916093f,0f,1f,0f,-0.5625f,0.0016689703224095852f,0f,-0.9999986072680616f,-3.8116603791397723f,0f,0f,0f,1f], start_interpolation: 0, interpolation_duration: 1 }
$data merge entity $(bone_tail2) { transformation: [-1.5416645195382614f,0f,-0.002572995913714777f,-0.1280241382519058f,0f,1.5416666666666665f,0f,-0.75f,0.002572995913714777f,0f,-1.5416645195382614f,-1.9364543692218557f,0f,0f,0f,1f], start_interpolation: 0, interpolation_duration: 1 }
$data merge entity $(bone_tail1) { transformation: [-0.9999986072680616f,0f,-0.0016689703224095852f,-0.00125103137583793f,0f,1f,0f,-0.75f,0.0016689703224095852f,0f,-0.9999986072680616f,-0.8741644702898415f,0f,0f,0f,1f], start_interpolation: 0, interpolation_duration: 1 }
$data merge entity $(bone_body1) { transformation: [-1.3333314763574153f,0f,-0.00222529376321278f,0.5f,0f,1.3333333333333333f,0f,-1.1875f,0.00222529376321278f,0f,-1.3333314763574153f,-0.12499999999999994f,0f,0f,0f,1f], start_interpolation: 0, interpolation_duration: 1 }
data modify entity @s data merge value {"locators":{"head":{"posx":0.019017655714204766,"posy":0.011849723399286693,"posz":3.315895851400884,"roty":359.3823058973909,"rotx":-0.7197986254282822},"neck":{"posx":0.0107241633322262,"posy":-0.8091710962605456,"posz":2.3176946614248224,"roty":359.67226451156154,"rotx":-0.3811818900348301},"right_arm":{"posx":-0.9029715363205486,"posy":-2.8691920568430085,"posz":2.8989696062304717,"roty":359.78839057920516,"rotx":-0.4085282529010773},"left_arm":{"posx":0.9506196923536174,"posy":-2.8702509087812134,"posz":2.8712136385870504,"roty":359.55420703870027,"rotx":-0.012426733520348133},"tail1":{"posx":-0.0041717294400547,"posy":-1.5,"posz":-2.624162033008949,"roty":359.904375,"rotx":0},"tail2":{"posx":-0.007092427504271484,"posy":-1.875,"posz":-4.374159595728057,"roty":359.904375,"rotx":0}},"cameras":{}}