# This file was generated by Animated Java via MC-Build. It is not recommended to edit this file directly.
$data merge entity $(bone_jaw) { transformation: [-1f,-5.754400437480685e-17f,1.0810312385463608e-16f,-4.1872772451539527e-16f,0f,0.8827289952490928f,0.46988245439314613f,0.34860856080268504f,-1.2246467991473532e-16f,0.46988245439314613f,-0.8827289952490928f,3.4198821880510617f,0f,0f,0f,1f], start_interpolation: 0, interpolation_duration: 1 }
$data merge entity $(bone_head) { transformation: [-1.125f,-2.3959071087471012e-17f,1.356734965346572e-16f,-3.885780586188048e-16f,0f,1.107858172896205f,0.19564066230485597f,0.39208426353709747f,-1.3777276490407724e-16f,0.19564066230485597f,-1.107858172896205f,3.173691482963016f,0f,0f,0f,1f], start_interpolation: 0, interpolation_duration: 1 }
$data merge entity $(bone_neck) { transformation: [-1f,-2.129695207775201e-17f,1.2059866358636197e-16f,0.4999999999999997f,0f,0.9847628203521821f,0.17390281093764975f,-0.5129301992002555f,-1.2246467991473532e-16f,0.17390281093764975f,-0.9847628203521821f,2.1887999548056154f,0f,0f,0f,1f], start_interpolation: 0, interpolation_duration: 1 }
$data merge entity $(bone_right_arm2) { transformation: [-1f,-6.41879269951232e-18f,1.222963487880945e-16f,-0.8750000000000004f,0f,0.9986254720401179f,0.05241341996713937f,-1.9582818315017636f,-1.2246467991473532e-16f,0.05241341996713937f,-0.9986254720401179f,2.300697939610375f,0f,0f,0f,1f], start_interpolation: 0, interpolation_duration: 1 }
$data merge entity $(bone_right_arm1) { transformation: [-1.1354166666666665f,-7.288004210904613e-18f,1.3885731268648227e-16f,-0.5625000000000003f,0f,1.133856004712217f,0.05951107058768949f,-0.6115516732217006f,-1.3904843865318904e-16f,0.05951107058768949f,-1.133856004712217f,1.6829355412896643f,0f,0f,0f,1f], start_interpolation: 0, interpolation_duration: 1 }
$data merge entity $(bone_left_arm2) { transformation: [-1f,-6.41879269951232e-18f,1.222963487880945e-16f,0.8749999999999997f,0f,0.9986254720401179f,0.05241341996713937f,-1.9582818315017636f,-1.2246467991473532e-16f,0.05241341996713937f,-0.9986254720401179f,2.300697939610375f,0f,0f,0f,1f], start_interpolation: 0, interpolation_duration: 1 }
$data merge entity $(bone_left_arm1) { transformation: [-1.1354166666666665f,-7.288004210904613e-18f,1.3885731268648227e-16f,0.5624999999999998f,0f,1.133856004712217f,0.05951107058768949f,-0.6115516732217006f,-1.3904843865318904e-16f,0.05951107058768949f,-1.133856004712217f,1.6829355412896643f,0f,0f,0f,1f], start_interpolation: 0, interpolation_duration: 1 }
$data merge entity $(bone_body2) { transformation: [-1.5833333333333335f,-1.0163088440894507e-17f,1.9363588558114962e-16f,0.4999999999999999f,0f,1.5811569973968533f,0.08298791494797068f,-0.5f,-1.9390240986499761e-16f,0.08298791494797068f,-1.5811569973968533f,0.75f,0f,0f,0f,1f], start_interpolation: 0, interpolation_duration: 1 }
$data merge entity $(bone_tail3) { transformation: [-1f,2.140469421211534e-18f,1.2244597264620603e-16f,4.579669976578771e-16f,0f,0.9998472435600018f,-0.01747825922300056f,-0.6138710283000638f,-1.2246467991473532e-16f,-0.01747825922300056f,-0.9998472435600018f,-3.815328451561818f,0f,0f,0f,1f], start_interpolation: 0, interpolation_duration: 1 }
$data merge entity $(bone_tail2) { transformation: [-1.5416666666666665f,3.2998903577011142e-18f,1.887708744962343e-16f,-0.12499999999999976f,0f,1.5414311671550025f,-0.02694564963545919f,-0.7685706504244381f,-1.8879971486855027e-16f,-0.02694564963545919f,-1.5414311671550025f,-1.937337696282502f,0f,0f,0f,1f], start_interpolation: 0, interpolation_duration: 1 }
$data merge entity $(bone_tail1) { transformation: [-1f,2.140469421211534e-18f,1.2244597264620603e-16f,1.1102230246251565e-16f,0f,0.9998472435600018f,-0.01747825922300056f,-0.75f,-1.2246467991473532e-16f,-0.01747825922300056f,-0.9998472435600018f,-0.875f,0f,0f,0f,1f], start_interpolation: 0, interpolation_duration: 1 }
data modify entity @s data merge value {"locators":{"head":{"posx":-4.1295454594094787e-16,"posy":-0.277737127601032,"posz":3.372740607487042,"roty":0,"rotx":10.014814814814814},"neck":{"posx":-2.7755575615628914e-16,"posy":-0.90395410819953,"posz":2.246681753248019,"roty":0,"rotx":10.014814814814814},"right_arm":{"posx":-0.9375000000000004,"posy":-2.9831140135254515,"posz":2.7475972556632944,"roty":0,"rotx":3.0044444444444456},"left_arm":{"posx":0.9374999999999996,"posy":-2.9831140135254515,"posz":2.7475972556632944,"roty":0,"rotx":3.0044444444444456},"tail1":{"posx":3.191891195797325e-16,"posy":-1.5304723863102523,"posz":-2.6116239818127527,"roty":0,"rotx":-1.0014814814814816},"tail2":{"posx":5.240334911560279e-16,"posy":-1.936002056285504,"posz":-4.354802310834131,"roty":0,"rotx":-1.0014814814814816}},"cameras":{}}