# This file was generated by Animated Java via MC-Build. It is not recommended to edit this file directly.
$data merge entity $(bone_jaw) { transformation: [-1f,-8.080548067652386e-17f,9.202212842167096e-17f,-4.1779620032699833e-16f,0f,0.7514177025223956f,0.6598268229891573f,0.12817596804781575f,-1.2246467991473532e-16f,0.6598268229891573f,-0.7514177025223956f,3.518617279512787f,0f,0f,0f,1f], start_interpolation: 0, interpolation_duration: 1 }
$data merge entity $(bone_head) { transformation: [-1.125f,-4.1157182854181273e-17f,1.31481637686871e-16f,-3.885780586188048e-16f,0f,1.0736290478072017f,0.3360739021474315f,0.20285905741391164f,-1.3777276490407724e-16f,0.3360739021474315f,-1.0736290478072017f,3.280033046666742f,0f,0f,0f,1f], start_interpolation: 0, interpolation_duration: 1 }
$data merge entity $(bone_neck) { transformation: [-1f,-3.658416253705002e-17f,1.1687256683277424e-16f,0.4999999999999997f,0f,0.9543369313841793f,0.29873235746438354f,-0.5684038917419671f,-1.2246467991473532e-16f,0.29873235746438354f,-0.9543369313841793f,2.187231160111189f,0f,0f,0f,1f], start_interpolation: 0, interpolation_duration: 1 }
$data merge entity $(bone_right_arm2) { transformation: [-1f,-1.1130036233957774e-17f,1.2195786206739344e-16f,-0.8750000000000004f,0f,0.9958615182132943f,0.09088364287325079f,-2.016995507212312f,-1.2246467991473532e-16f,0.09088364287325079f,-0.9958615182132943f,2.243309958145883f,0f,0f,0f,1f], start_interpolation: 0, interpolation_duration: 1 }
$data merge entity $(bone_right_arm1) { transformation: [-1.1354166666666665f,-1.2637228640639554e-17f,1.3847298922235296e-16f,-0.5625000000000003f,0f,1.1307177654713443f,0.10319080284567016f,-0.6474447600820035f,-1.3904843865318904e-16f,0.10319080284567016f,-1.1307177654713443f,1.677939945645385f,0f,0f,0f,1f], start_interpolation: 0, interpolation_duration: 1 }
$data merge entity $(bone_left_arm2) { transformation: [-1f,-1.1130036233957774e-17f,1.2195786206739344e-16f,0.8749999999999997f,0f,0.9958615182132943f,0.09088364287325079f,-2.016995507212312f,-1.2246467991473532e-16f,0.09088364287325079f,-0.9958615182132943f,2.2433099581458835f,0f,0f,0f,1f], start_interpolation: 0, interpolation_duration: 1 }
$data merge entity $(bone_left_arm1) { transformation: [-1.1354166666666665f,-1.2637228640639554e-17f,1.3847298922235296e-16f,0.5624999999999998f,0f,1.1307177654713443f,0.10319080284567016f,-0.6474447600820035f,-1.3904843865318904e-16f,0.10319080284567016f,-1.1307177654713443f,1.6779399456453852f,0f,0f,0f,1f], start_interpolation: 0, interpolation_duration: 1 }
$data merge entity $(bone_body2) { transformation: [-1.5833333333333335f,-1.7622557370433142e-17f,1.9309994827337296e-16f,0.4999999999999999f,0f,1.5767807371710494f,0.14389910121598043f,-0.5f,-1.9390240986499761e-16f,0.14389910121598043f,-1.5767807371710494f,0.75f,0f,0f,0f,1f], start_interpolation: 0, interpolation_duration: 1 }
$data merge entity $(bone_tail3) { transformation: [-1f,3.714568691722157e-18f,1.2240833225746137e-16f,4.579669976578771e-16f,0f,0.9995398864610335f,-0.030331755199200162f,-0.6516858021862066f,-1.2246467991473532e-16f,-0.030331755199200162f,-0.9995398864610335f,-3.816835620579136f,0f,0f,0f,1f], start_interpolation: 0, interpolation_duration: 1 }
$data merge entity $(bone_tail2) { transformation: [-1.5416666666666665f,5.726626733071658e-18f,1.8871284556358626e-16f,-0.12499999999999976f,0f,1.54095732496076f,-0.046761455932100245f,-0.7822274898991501f,-1.8879971486855027e-16f,-0.046761455932100245f,-1.54095732496076f,-1.9370111293648482f,0f,0f,0f,1f], start_interpolation: 0, interpolation_duration: 1 }
$data merge entity $(bone_tail1) { transformation: [-1f,3.714568691722157e-18f,1.2240833225746137e-16f,1.1102230246251565e-16f,0f,0.9995398864610335f,-0.030331755199200162f,-0.75f,-1.2246467991473532e-16f,-0.030331755199200162f,-0.9995398864610335f,-0.875f,0f,0f,0f,1f], start_interpolation: 0, interpolation_duration: 1 }
data modify entity @s data merge value {"locators":{"head":{"posx":-4.022356341683905e-16,"posy":-0.4869553864088203,"posz":3.391555614309058,"roty":0,"rotx":17.38148148148148},"neck":{"posx":-2.7755575615628914e-16,"posy":-0.9636217856940823,"posz":2.194498642485067,"roty":0,"rotx":17.38148148148148},"right_arm":{"posx":-0.9375000000000004,"posy":-3.0582988468622316,"posz":2.6503570743792793,"roty":0,"rotx":5.214444444444443},"left_arm":{"posx":0.9374999999999997,"posy":-3.0582988468622316,"posz":2.6503570743792797,"roty":0,"rotx":5.214444444444443},"tail1":{"posx":3.191891195797325e-16,"posy":-1.5527354864443754,"posz":-2.6014459849074085,"roty":0,"rotx":-1.7381481481481482},"tail2":{"posx":5.219463131448137e-16,"posy":-1.9806435154658633,"posz":-4.339266378014517,"roty":0,"rotx":-1.7381481481481482}},"cameras":{}}