# This file was generated by Animated Java via MC-Build. It is not recommended to edit this file directly.
$data merge entity $(bone_jaw) { transformation: [-1f,-9.425157069279132e-17f,7.819360107170115e-17f,-4.168841171369973e-16f,0f,0.6384992074951126f,0.7696224801992944f,-0.0286990273713799f,-1.2246467991473532e-16f,0.7696224801992944f,-0.6384992074951126f,3.5721552022704914f,0f,0f,0f,1f], start_interpolation: 0, interpolation_duration: 1 }
$data merge entity $(bone_head) { transformation: [-1.125f,-5.250111937281454e-17f,1.2737726333186633e-16f,-3.885780586188048e-16f,0f,1.0401142878138523f,0.42870417339405825f,0.0665685667161886f,-1.3777276490407724e-16f,0.42870417339405825f,-1.0401142878138523f,3.3410186938674133f,0f,0f,0f,1f], start_interpolation: 0, interpolation_duration: 1 }
$data merge entity $(bone_neck) { transformation: [-1f,-4.666766166472403e-17f,1.1322423407277008e-16f,0.4999999999999997f,0f,0.9245460336123132f,0.381070376350274f,-0.6061419132122965f,-1.2246467991473532e-16f,0.381070376350274f,-0.9245460336123132f,2.184937766685243f,0f,0f,0f,1f], start_interpolation: 0, interpolation_duration: 1 }
$data merge entity $(bone_right_arm2) { transformation: [-1f,-1.4330499897888248e-17f,1.2162333081812553e-16f,-0.8750000000000004f,0f,0.9931298632618354f,0.11701741194167739f,-2.0557068563902496f,-1.2246467991473532e-16f,0.11701741194167739f,-0.9931298632618354f,2.202937086380676f,0f,0f,0f,1f], start_interpolation: 0, interpolation_duration: 1 }
$data merge entity $(bone_right_arm1) { transformation: [-1.1354166666666665f,-1.627108842572728e-17f,1.3809315686641334e-16f,-0.5625000000000003f,0f,1.1276161989118754f,0.13286351980877953f,-0.6717744401491873f,-1.3904843865318904e-16f,0.13286351980877953f,-1.1276161989118754f,1.6737456585616157f,0f,0f,0f,1f], start_interpolation: 0, interpolation_duration: 1 }
$data merge entity $(bone_left_arm2) { transformation: [-1f,-1.4330499897888248e-17f,1.2162333081812553e-16f,0.8749999999999997f,0f,0.9931298632618354f,0.11701741194167739f,-2.0557068563902496f,-1.2246467991473532e-16f,0.11701741194167739f,-0.9931298632618354f,2.202937086380676f,0f,0f,0f,1f], start_interpolation: 0, interpolation_duration: 1 }
$data merge entity $(bone_left_arm1) { transformation: [-1.1354166666666665f,-1.627108842572728e-17f,1.3809315686641334e-16f,0.5624999999999998f,0f,1.1276161989118754f,0.13286351980877953f,-0.6717744401491873f,-1.3904843865318904e-16f,0.13286351980877953f,-1.1276161989118754f,1.6737456585616157f,0f,0f,0f,1f], start_interpolation: 0, interpolation_duration: 1 }
$data merge entity $(bone_body2) { transformation: [-1.5833333333333335f,-2.2689958171656396e-17f,1.9257027379536543e-16f,0.4999999999999999f,0f,1.5724556168312396f,0.1852775689076559f,-0.5f,-1.9390240986499761e-16f,0.1852775689076559f,-1.5724556168312396f,0.75f,0f,0f,0f,1f], start_interpolation: 0, interpolation_duration: 1 }
$data merge entity $(bone_tail3) { transformation: [-1f,4.7865830571769876e-18f,1.2237110136488648e-16f,4.579669976578771e-16f,0f,0.9992358731520469f,-0.03908541679535351f,-0.6774566856203421f,-1.2246467991473532e-16f,-0.03908541679535351f,-0.9992358731520469f,-3.8175838930332664f,0f,0f,0f,1f], start_interpolation: 0, interpolation_duration: 1 }
$data merge entity $(bone_tail2) { transformation: [-1.5416666666666665f,7.379315546481188e-18f,1.886554479375333e-16f,-0.12499999999999976f,0f,1.540488637776072f,-0.06025668422616999f,-0.7915282553450631f,-1.8879971486855027e-16f,-0.06025668422616999f,-1.540488637776072f,-1.9366881152240498f,0f,0f,0f,1f], start_interpolation: 0, interpolation_duration: 1 }
$data merge entity $(bone_tail1) { transformation: [-1f,4.7865830571769876e-18f,1.2237110136488648e-16f,1.1102230246251565e-16f,0f,0.9992358731520469f,-0.03908541679535351f,-0.75f,-1.2246467991473532e-16f,-0.03908541679535351f,-0.9992358731520469f,-0.875f,0f,0f,0f,1f], start_interpolation: 0, interpolation_duration: 1 }
data modify entity @s data merge value {"locators":{"head":{"posx":-3.947933432260929e-16,"posy":-0.6303571969009678,"posz":3.39177034415234,"roty":0,"rotx":22.4},"neck":{"posx":-2.7755575615628914e-16,"posy":-1.0004804728606982,"posz":2.157604629755429,"roty":0,"rotx":22.4},"right_arm":{"posx":-0.9375000000000004,"posy":-3.107345425622924,"posz":2.582484606069916,"roty":0,"rotx":6.719999999999997},"left_arm":{"posx":0.9374999999999997,"posy":-3.107345425622924,"posz":2.582484606069916,"roty":0,"rotx":6.719999999999997},"tail1":{"posx":3.191891195797325e-16,"posy":-1.5678263842559037,"posz":-2.594348715419567,"roty":0,"rotx":-2.239999999999999},"tail2":{"posx":5.205183519130809e-16,"posy":-2.0109393160797904,"posz":-4.3283544621373915,"roty":0,"rotx":-2.239999999999999}},"cameras":{}}