# This file was generated by Animated Java via MC-Build. It is not recommended to edit this file directly.
$data merge entity $(bone_jaw) { transformation: [-1f,-9.756400917632907e-17f,7.401933490689955e-17f,-4.1659381299877475e-16f,0f,0.6044137375644527f,0.7966705930579897f,-0.07280638363511927f,-1.2246467991473532e-16f,0.7966705930579897f,-0.6044137375644527f,3.5849011828771857f,0f,0f,0f,1f], start_interpolation: 0, interpolation_duration: 1 }
$data merge entity $(bone_head) { transformation: [-1.125f,-5.556495528989761e-17f,1.2607089470986483e-16f,-3.885780586188048e-16f,0f,1.0294469784891471f,0.45372229224445854f,0.028020792419204854f,-1.3777276490407724e-16f,0.45372229224445854f,-1.0294469784891471f,3.356135187657375f,0f,0f,0f,1f], start_interpolation: 0, interpolation_duration: 1 }
$data merge entity $(bone_neck) { transformation: [-1f,-4.939107136879788e-17f,1.1206301751987985e-16f,0.4999999999999997f,0f,0.9150639808792418f,0.4033087042172965f,-0.6165463650884362f,-1.2246467991473532e-16f,0.4033087042172965f,-0.9150639808792418f,2.1841302049621136f,0f,0f,0f,1f], start_interpolation: 0, interpolation_duration: 1 }
$data merge entity $(bone_right_arm2) { transformation: [-1f,-1.5212226484821346e-17f,1.215161964183914e-16f,-0.8750000000000004f,0f,0.9922550444993259f,0.12421725590931762f,-2.066203727039214f,-1.2246467991473532e-16f,0.12421725590931762f,-0.9922550444993259f,2.1916157204360927f,0f,0f,0f,1f], start_interpolation: 0, interpolation_duration: 1 }
$data merge entity $(bone_right_arm1) { transformation: [-1.1354166666666665f,-1.7272215487974235e-17f,1.3797151468338187e-16f,-0.5625000000000003f,0f,1.1266229151086093f,0.14103834264703768f,-0.6784696176961931f,-1.3904843865318904e-16f,0.14103834264703768f,-1.1266229151086093f,1.6724755257237855f,0f,0f,0f,1f], start_interpolation: 0, interpolation_duration: 1 }
$data merge entity $(bone_left_arm2) { transformation: [-1f,-1.5212226484821346e-17f,1.215161964183914e-16f,0.8749999999999997f,0f,0.9922550444993259f,0.12421725590931762f,-2.066203727039214f,-1.2246467991473532e-16f,0.12421725590931762f,-0.9922550444993259f,2.191615720436093f,0f,0f,0f,1f], start_interpolation: 0, interpolation_duration: 1 }
$data merge entity $(bone_left_arm1) { transformation: [-1.1354166666666665f,-1.7272215487974235e-17f,1.3797151468338187e-16f,0.5624999999999998f,0f,1.1266229151086093f,0.14103834264703768f,-0.6784696176961931f,-1.3904843865318904e-16f,0.14103834264703768f,-1.1266229151086093f,1.6724755257237858f,0f,0f,0f,1f], start_interpolation: 0, interpolation_duration: 1 }
$data merge entity $(bone_body2) { transformation: [-1.5833333333333335f,-2.40860252676338e-17f,1.9240064432911974e-16f,0.4999999999999999f,0f,1.5710704871239327f,0.1966773218564196f,-0.5f,-1.9390240986499761e-16f,0.1966773218564196f,-1.5710704871239327f,0.75f,0f,0f,0f,1f], start_interpolation: 0, interpolation_duration: 1 }
$data merge entity $(bone_tail3) { transformation: [-1f,5.0824136721054975e-18f,1.2235917169499053e-16f,4.579669976578771e-16f,0f,0.9991384600048091f,-0.041501057085553746f,-0.6845708939379125f,-1.2246467991473532e-16f,-0.041501057085553746f,-0.9991384600048091f,-3.8177506744676677f,0f,0f,0f,1f], start_interpolation: 0, interpolation_duration: 1 }
$data merge entity $(bone_tail2) { transformation: [-1.5416666666666665f,7.835387744495974e-18f,1.8863705636311038e-16f,-0.12499999999999976f,0f,1.5403384591740805f,-0.06398079634022869f,-0.7940948731534009f,-1.8879971486855027e-16f,-0.06398079634022869f,-1.5403384591740805f,-1.9365846137551097f,0f,0f,0f,1f], start_interpolation: 0, interpolation_duration: 1 }
$data merge entity $(bone_tail1) { transformation: [-1f,5.0824136721054975e-18f,1.2235917169499053e-16f,1.1102230246251565e-16f,0f,0.9991384600048091f,-0.041501057085553746f,-0.75f,-1.2246467991473532e-16f,-0.041501057085553746f,-0.9991384600048091f,-0.875f,0f,0f,0f,1f], start_interpolation: 0, interpolation_duration: 1 }
data modify entity @s data merge value {"locators":{"head":{"posx":-3.9272833198826857e-16,"posy":-0.6699281656982264,"posz":3.390024741546328,"roty":0,"rotx":23.785185185185185},"neck":{"posx":-2.7755575615628914e-16,"posy":-1.0101089459453139,"posz":2.147272438490533,"roty":0,"rotx":23.785185185185185},"right_arm":{"posx":-0.9375000000000004,"posy":-3.120567399493199,"posz":2.5635259867764377,"roty":0,"rotx":7.135555555555555},"left_arm":{"posx":0.9374999999999997,"posy":-3.120567399493199,"posz":2.5635259867764386,"roty":0,"rotx":7.135555555555555},"tail1":{"posx":3.191891195797325e-16,"posy":-1.571980694903326,"posz":-2.5923665121942507,"roty":0,"rotx":-2.378518518518519},"tail2":{"posx":5.201233637916708e-16,"posy":-2.0192844673048485,"posz":-4.3252959207955834,"roty":0,"rotx":-2.378518518518519}},"cameras":{}}