# This file was generated by Animated Java via MC-Build. It is not recommended to edit this file directly.
$data merge entity $(bone_jaw) { transformation: [-1f,-1.00137055629814e-16f,7.049941784447664e-17f,-4.163441045596037e-16f,0f,0.5756714335395405f,0.8176811118073661f,-0.10912695204715603f,-1.2246467991473532e-16f,0.8176811118073661f,-0.5756714335395405f,3.5946650015810793f,0f,0f,0f,1f], start_interpolation: 0, interpolation_duration: 1 }
$data merge entity $(bone_head) { transformation: [-1.125f,-5.804765523934946e-17f,1.249472067335951e-16f,-3.885780586188048e-16f,0f,1.0202713698397632f,0.47399507580279066f,-0.003794712979869219f,-1.3777276490407724e-16f,0.47399507580279066f,-1.0202713698397632f,3.3679380305055764f,0f,0f,0f,1f], start_interpolation: 0, interpolation_duration: 1 }
$data merge entity $(bone_neck) { transformation: [-1f,-5.159791576831063e-17f,1.1106418376319566e-16f,0.4999999999999997f,0f,0.9069078843020116f,0.42132895626914724f,-0.6250545630820745f,-1.2246467991473532e-16f,0.42132895626914724f,-0.9069078843020116f,2.183413358474223f,0f,0f,0f,1f], start_interpolation: 0, interpolation_duration: 1 }
$data merge entity $(bone_right_arm2) { transformation: [-1f,-1.593304603908492e-17f,1.2142378626337994e-16f,-0.8750000000000004f,0f,0.9915004583192469f,0.13010319424488861f,-2.0747308208369084f,-1.2246467991473532e-16f,0.13010319424488861f,-0.9915004583192469f,2.1822963526820542f,0f,0f,0f,1f], start_interpolation: 0, interpolation_duration: 1 }
$data merge entity $(bone_right_arm1) { transformation: [-1.1354166666666665f,-1.8090646023544334e-17f,1.378665906532126e-16f,-0.5625000000000003f,0f,1.1257661453833114f,0.14772133513221727f,-0.683940523249536f,-1.3904843865318904e-16f,0.14772133513221727f,-1.1257661453833114f,1.6714002300339883f,0f,0f,0f,1f], start_interpolation: 0, interpolation_duration: 1 }
$data merge entity $(bone_left_arm2) { transformation: [-1f,-1.593304603908492e-17f,1.2142378626337994e-16f,0.8749999999999997f,0f,0.9915004583192469f,0.13010319424488861f,-2.0747308208369084f,-1.2246467991473532e-16f,0.13010319424488861f,-0.9915004583192469f,2.1822963526820542f,0f,0f,0f,1f], start_interpolation: 0, interpolation_duration: 1 }
$data merge entity $(bone_left_arm1) { transformation: [-1.1354166666666665f,-1.8090646023544334e-17f,1.378665906532126e-16f,0.5624999999999998f,0f,1.1257661453833114f,0.14772133513221727f,-0.683940523249536f,-1.3904843865318904e-16f,0.14772133513221727f,-1.1257661453833114f,1.6714002300339885f,0f,0f,0f,1f], start_interpolation: 0, interpolation_duration: 1 }
$data merge entity $(bone_body2) { transformation: [-1.5833333333333335f,-2.5227322895217792e-17f,1.9225432825035158e-16f,0.4999999999999999f,0f,1.5698757256721412f,0.20599672422107365f,-0.5f,-1.9390240986499761e-16f,0.20599672422107365f,-1.5698757256721412f,0.75f,0f,0f,0f,1f], start_interpolation: 0, interpolation_duration: 1 }
$data merge entity $(bone_tail3) { transformation: [-1f,5.32443488527069e-18f,1.2234887911121658e-16f,4.579669976578771e-16f,0f,0.9990544146802216f,-0.04347731026592948f,-0.6903918961536263f,-1.2246467991473532e-16f,-0.04347731026592948f,-0.9990544146802216f,-3.8178743387980125f,0f,0f,0f,1f], start_interpolation: 0, interpolation_duration: 1 }
$data merge entity $(bone_tail2) { transformation: [-1.5416666666666665f,8.20850378145898e-18f,1.8862118862979222e-16f,-0.12499999999999976f,0f,1.5402088892986747f,-0.06702751999330794f,-0.7961946421575501f,-1.8879971486855027e-16f,-0.06702751999330794f,-1.5402088892986747f,-1.9364953155977354f,0f,0f,0f,1f], start_interpolation: 0, interpolation_duration: 1 }
$data merge entity $(bone_tail1) { transformation: [-1f,5.32443488527069e-18f,1.2234887911121658e-16f,1.1102230246251565e-16f,0f,0.9990544146802216f,-0.04347731026592948f,-0.75f,-1.2246467991473532e-16f,-0.04347731026592948f,-0.9990544146802216f,-0.875f,0f,0f,0f,1f], start_interpolation: 0, interpolation_duration: 1 }
data modify entity @s data merge value {"locators":{"head":{"posx":-3.910369186896093e-16,"posy":-0.702277439502735,"posz":3.3880161466817382,"roty":0,"rotx":24.918518518518532},"neck":{"posx":-2.7755575615628914e-16,"posy":-1.0178111392289724,"posz":2.138778485411044,"roty":0,"rotx":24.918518518518532},"right_arm":{"posx":-0.9375000000000004,"posy":-3.1312828762785996,"posz":2.547943387596789,"roty":0,"rotx":7.475555555555557},"left_arm":{"posx":0.9374999999999997,"posy":-3.1312828762785996,"posz":2.547943387596789,"roty":0,"rotx":7.475555555555557},"tail1":{"posx":3.191891195797325e-16,"posy":-1.5753761039755427,"posz":-2.5907372429909405,"roty":0,"rotx":-2.4918518518518513},"tail2":{"posx":5.197999213710187e-16,"posy":-2.0261068024460025,"posz":-4.322778477331605,"roty":0,"rotx":-2.4918518518518513}},"cameras":{}}