# This file was generated by Animated Java via MC-Build. It is not recommended to edit this file directly.
$data merge entity $(bone_jaw) { transformation: [-1f,-7.365555584996402e-17f,9.783893355434436e-17f,-4.181530558143067e-16f,0f,0.7989155209686877f,0.6014432561392059f,0.20127132848719975f,-1.2246467991473532e-16f,0.6014432561392059f,-0.7989155209686877f,3.4890733924550053f,0f,0f,0f,1f], start_interpolation: 0, interpolation_duration: 1 }
$data merge entity $(bone_head) { transformation: [-1.125f,-3.5623804573020005e-17f,1.3308748737975863e-16f,-3.885780586188048e-16f,0f,1.0867418056571032f,0.2908904395767227f,0.26591364839313814f,-1.3777276490407724e-16f,0.2908904395767227f,-1.0867418056571032f,3.2475752134200935f,0f,0f,0f,1f], start_interpolation: 0, interpolation_duration: 1 }
$data merge entity $(bone_neck) { transformation: [-1f,-3.1665604064906674e-17f,1.1829998878200768e-16f,0.4999999999999997f,0f,0.9659927161396472f,0.25856927962375353f,-0.5503660728109373f,-1.2246467991473532e-16f,0.25856927962375353f,-0.9659927161396472f,2.187976271956392f,0f,0f,0f,1f], start_interpolation: 0, interpolation_duration: 1 }
$data merge entity $(bone_right_arm2) { transformation: [-1f,-9.598997691570078e-18f,1.2208790714045274e-16f,-0.8750000000000004f,0f,0.9969234168207118f,0.07838176442590038f,-1.998140065320567f,-1.2246467991473532e-16f,0.07838176442590038f,-0.9969234168207118f,2.2622256262480436f,0f,0f,0f,1f], start_interpolation: 0, interpolation_duration: 1 }
$data merge entity $(bone_right_arm1) { transformation: [-1.1354166666666665f,-1.0898861962303523e-17f,1.3862064456572236e-16f,-0.5625000000000003f,0f,1.1319234628485164f,0.08899596169190771f,-0.6357906177005761f,-1.3904843865318904e-16f,0.08899596169190771f,-1.1319234628485164f,1.6797168429927984f,0f,0f,0f,1f], start_interpolation: 0, interpolation_duration: 1 }
$data merge entity $(bone_left_arm2) { transformation: [-1f,-9.598997691570078e-18f,1.2208790714045274e-16f,0.8749999999999997f,0f,0.9969234168207118f,0.07838176442590038f,-1.998140065320567f,-1.2246467991473532e-16f,0.07838176442590038f,-0.9969234168207118f,2.2622256262480436f,0f,0f,0f,1f], start_interpolation: 0, interpolation_duration: 1 }
$data merge entity $(bone_left_arm1) { transformation: [-1.1354166666666665f,-1.0898861962303523e-17f,1.3862064456572236e-16f,0.5624999999999998f,0f,1.1319234628485164f,0.08899596169190771f,-0.6357906177005761f,-1.3904843865318904e-16f,0.08899596169190771f,-1.1319234628485164f,1.6797168429927987f,0f,0f,0f,1f], start_interpolation: 0, interpolation_duration: 1 }
$data merge entity $(bone_body2) { transformation: [-1.5833333333333335f,-1.5198413011652624e-17f,1.9330585297238353e-16f,0.4999999999999999f,0f,1.578462076632794f,0.12410446034100894f,-0.5f,-1.9390240986499761e-16f,0.12410446034100894f,-1.578462076632794f,0.75f,0f,0f,0f,1f], start_interpolation: 0, interpolation_duration: 1 }
$data merge entity $(bone_tail3) { transformation: [-1f,3.2025861435684648e-18f,1.2242279717688042e-16f,4.579669976578771e-16f,0f,0.9996580014916622f,-0.026151100429921754f,-0.6393829822332086f,-1.2246467991473532e-16f,-0.026151100429921754f,-0.9996580014916622f,-3.816398710712368f,0f,0f,0f,1f], start_interpolation: 0, interpolation_duration: 1 }
$data merge entity $(bone_tail2) { transformation: [-1.5416666666666665f,4.9373203046680496e-18f,1.8873514564769062e-16f,-0.12499999999999976f,0f,1.5411394189663123f,-0.0403162798294627f,-0.7777855442067919f,-1.8879971486855027e-16f,-0.0403162798294627f,-1.5411394189663123f,-1.937136626584891f,0f,0f,0f,1f], start_interpolation: 0, interpolation_duration: 1 }
$data merge entity $(bone_tail1) { transformation: [-1f,3.2025861435684648e-18f,1.2242279717688042e-16f,1.1102230246251565e-16f,0f,0.9996580014916622f,-0.026151100429921754f,-0.75f,-1.2246467991473532e-16f,-0.026151100429921754f,-0.9996580014916622f,-0.875f,0f,0f,0f,1f], start_interpolation: 0, interpolation_duration: 1 }
data modify entity @s data merge value {"locators":{"head":{"posx":-4.057558025726155e-16,"posy":-0.41863469907656436,"posz":3.3878421374488874,"roty":0,"rotx":14.985185185185184},"neck":{"posx":-2.7755575615628914e-16,"posy":-0.9449345013162742,"posz":2.2117618816149403,"roty":0,"rotx":14.985185185185184},"right_arm":{"posx":-0.9375000000000004,"posy":-3.0342543643542292,"posz":2.682305570232499,"roty":0,"rotx":4.495555555555555},"left_arm":{"posx":0.9374999999999997,"posy":-3.0342543643542292,"posz":2.682305570232499,"roty":0,"rotx":4.495555555555555},"tail1":{"posx":3.191891195797325e-16,"posy":-1.5455079268711098,"posz":-2.6047881772879675,"roty":0,"rotx":-1.4985185185185181},"tail2":{"posx":5.226264267564387e-16,"posy":-1.9661441031828462,"posz":-4.344383017237155,"roty":0,"rotx":-1.4985185185185181}},"cameras":{}}