# This file was generated by Animated Java via MC-Build. It is not recommended to edit this file directly.
$data merge entity $(bone_jaw) { transformation: [-1f,-4.521471265320052e-17f,1.1381224708398953e-16f,-4.1899854204330423e-16f,0f,0.9293475242268223f,0.3692061473126845f,0.44946070984241215f,-1.2246467991473532e-16f,0.3692061473126845f,-0.9293475242268223f,3.364439058262403f,0f,0f,0f,1f], start_interpolation: 0, interpolation_duration: 1 }
$data merge entity $(bone_head) { transformation: [-1.125f,-1.555207577026873e-17f,1.3689217541024745e-16f,-3.885780586188048e-16f,0f,1.1178094411021782f,0.12699233592164444f,0.4776812289361109f,-1.3777276490407724e-16f,0.12699233592164444f,-1.1178094411021782f,3.1160369602396965f,0f,0f,0f,1f], start_interpolation: 0, interpolation_duration: 1 }
$data merge entity $(bone_neck) { transformation: [-1f,-1.3824067351349981e-17f,1.2168193369799773e-16f,0.4999999999999997f,0f,0.9936083920908251f,0.11288207637479505f,-0.4863110006058698f,-1.2246467991473532e-16f,0.11288207637479505f,-0.9936083920908251f,2.1887929355176814f,0f,0f,0f,1f], start_interpolation: 0, interpolation_duration: 1 }
$data merge entity $(bone_right_arm2) { transformation: [-1f,-4.155280934073558e-18f,1.223941643501744e-16f,-0.8750000000000004f,0f,0.9994241967185149f,0.03393044375706225f,-1.9293452415931842f,-1.2246467991473532e-16f,0.03393044375706225f,-0.9994241967185149f,2.327409959501626f,0f,0f,0f,1f], start_interpolation: 0, interpolation_duration: 1 }
$data merge entity $(bone_right_arm1) { transformation: [-1.1354166666666665f,-4.717975227229352e-18f,1.3896837410592715e-16f,-0.5625000000000003f,0f,1.1347628900241469f,0.03852519134916443f,-0.5942738033171531f,-1.3904843865318904e-16f,0.03852519134916443f,-1.1347628900241469f,1.6848395316887912f,0f,0f,0f,1f], start_interpolation: 0, interpolation_duration: 1 }
$data merge entity $(bone_left_arm2) { transformation: [-1f,-4.155280934073558e-18f,1.223941643501744e-16f,0.8749999999999997f,0f,0.9994241967185149f,0.03393044375706225f,-1.9293452415931842f,-1.2246467991473532e-16f,0.03393044375706225f,-0.9994241967185149f,2.327409959501626f,0f,0f,0f,1f], start_interpolation: 0, interpolation_duration: 1 }
$data merge entity $(bone_left_arm1) { transformation: [-1.1354166666666665f,-4.717975227229352e-18f,1.3896837410592715e-16f,0.5624999999999998f,0f,1.1347628900241469f,0.03852519134916443f,-0.5942738033171531f,-1.3904843865318904e-16f,0.03852519134916443f,-1.1347628900241469f,1.6848395316887914f,0f,0f,0f,1f], start_interpolation: 0, interpolation_duration: 1 }
$data merge entity $(bone_body2) { transformation: [-1.5833333333333335f,-6.579194812283134e-18f,1.9379076022110948e-16f,0.4999999999999999f,0f,1.5824216448043154f,0.05372320261534857f,-0.5f,-1.9390240986499761e-16f,0.05372320261534857f,-1.5824216448043154f,0.75f,0f,0f,0f,1f], start_interpolation: 0, interpolation_duration: 1 }
$data merge entity $(bone_tail3) { transformation: [-1f,1.3853300062015836e-18f,1.2245684418354286e-16f,4.579669976578771e-16f,0f,0.9999360163991943f,-0.011312077957220844f,-0.5957412259244873f,-1.2246467991473532e-16f,-0.011312077957220844f,-0.9999360163991943f,-3.814433062789612f,0f,0f,0f,1f], start_interpolation: 0, interpolation_duration: 1 }
$data merge entity $(bone_tail2) { transformation: [-1.5416666666666665f,2.135717092894108e-18f,1.887876347829619e-16f,-0.12499999999999976f,0f,1.541568025282091f,-0.017439453517382134f,-0.7620190828295471f,-1.8879971486855027e-16f,-0.017439453517382134f,-1.541568025282091f,-1.937432017424144f,0f,0f,0f,1f], start_interpolation: 0, interpolation_duration: 1 }
$data merge entity $(bone_tail1) { transformation: [-1f,1.3853300062015836e-18f,1.2245684418354286e-16f,1.1102230246251565e-16f,0f,0.9999360163991943f,-0.011312077957220844f,-0.75f,-1.2246467991473532e-16f,-0.011312077957220844f,-0.9999360163991943f,-0.875f,0f,0f,0f,1f], start_interpolation: 0, interpolation_duration: 1 }
data modify entity @s data merge value {"locators":{"head":{"posx":-4.1796362080483537e-16,"posy":-0.17859966498777818,"posz":3.3559882850338325,"roty":0,"rotx":6.481481481481485},"neck":{"posx":-2.7755575615628914e-16,"posy":-0.8730244071867785,"posz":2.270663205888486,"roty":0,"rotx":6.481481481481485},"right_arm":{"posx":-0.9375000000000004,"posy":-2.9457346601902303,"posz":2.7931916141038213,"roty":0,"rotx":1.944444444444446},"left_arm":{"posx":0.9374999999999996,"posy":-2.9457346601902303,"posz":2.7931916141038213,"roty":0,"rotx":1.944444444444446},"tail1":{"posx":3.191891195797325e-16,"posy":-1.5197481487245321,"posz":-2.6164039702306745,"roty":0,"rotx":-0.6481481481481488},"tail2":{"posx":5.250307268779804e-16,"posy":-1.9145202912993664,"posz":-4.362049969695306,"roty":0,"rotx":-0.6481481481481488}},"cameras":{}}