# This file was generated by Animated Java via MC-Build. It is not recommended to edit this file directly.
$data merge entity $(bone_left_arm2) { transformation: [-0.9263961513126685f,-0.3765197693648825f,0.004799386470270219f,0.4599294612553042f,-0.3742780080435092f,0.9221290110806393f,0.09794927063753488f,-0.8087475017647212f,-0.041305490289527166f,0.08894352253457158f,-0.9951798361457511f,-0.017072694347451966f,0f,0f,0f,1f], start_interpolation: 0, interpolation_duration: 1 }
$data merge entity $(bone_left_arm) { transformation: [-0.9263961513126685f,-0.3765197693648825f,0.004799386470270219f,0.25f,-0.3742780080435092f,0.9221290110806393f,0.09794927063753488f,-0.625f,-0.041305490289527166f,0.08894352253457158f,-0.9951798361457511f,3.061616997868383e-17f,0f,0f,0f,1f], start_interpolation: 0, interpolation_duration: 1 }
$data merge entity $(item_display_weapon) { transformation: [-0.3180401991615299f,-0.2182924954403928f,-0.9226043670781646f,-0.5240899170496185f,-0.7864064568801813f,0.6042775772913553f,0.1281151597589033f,-0.2431569643491015f,0.5295425538089018f,0.7662878023414543f,-0.36385118893340196f,0.48590314209381247f,0f,0f,0f,1f], start_interpolation: 0, interpolation_duration: 1 }
$data merge entity $(bone_right_arm2) { transformation: [-0.9226043670781646f,0.37924448532507304f,-0.07053227770900246f,-0.46013666721603885f,0.12811515975890328f,0.12878456580716713f,-0.9833621110505579f,-0.6411817464819288f,-0.36385118893340185f,-0.9162904321012959f,-0.1674041706510624f,0.18359120940864873f,0f,0f,0f,1f], start_interpolation: 0, interpolation_duration: 1 }
$data merge entity $(bone_right_arm) { transformation: [-0.9226043670781646f,0.37924448532507304f,-0.07053227770900246f,-0.25f,0.12811515975890328f,0.12878456580716713f,-0.9833621110505579f,-0.625f,-0.36385118893340185f,-0.9162904321012959f,-0.1674041706510624f,-3.061616997868383e-17f,0f,0f,0f,1f], start_interpolation: 0, interpolation_duration: 1 }