# This file was generated by Animated Java via MC-Build. It is not recommended to edit this file directly.
$data merge entity $(bone_jaw) { transformation: [-0.4734535535665163f,-0.7690396352677757f,0.4294412323036113f,-1.8420232091241684f,0.5970504927692178f,0.07825426719789275f,0.7983777168416932f,-0.5386774953990272f,-0.6475897171043343f,0.6343928664893131f,0.4221057323090991f,2.5983954043337114f,0f,0f,0f,1f], start_interpolation: 0, interpolation_duration: 1 }
$data merge entity $(bone_head) { transformation: [-0.5326352477623308f,-0.6415995922893433f,0.755165317010328f,-1.6742086942329844f,0.6716818043653701f,0.3965663120028529f,0.8106810185695337f,-0.3585261579391308f,-0.7285384317423761f,0.8346916336939078f,0.195311623094363f,2.64179798724357f,0f,0f,0f,1f], start_interpolation: 0, interpolation_duration: 1 }
$data merge entity $(bone_neck) { transformation: [-0.8017886059137518f,-0.317010131556412f,0.5065960993903021f,-0.5248817957428003f,0.09245151266498534f,0.7717029342790477f,0.6292275415388807f,-0.7134389044427711f,-0.5904132021159744f,0.5513430490318112f,-0.589434553662633f,1.8722870238543685f,0f,0f,0f,1f], start_interpolation: 0, interpolation_duration: 1 }
$data merge entity $(bone_right_arm2) { transformation: [-0.6080150044969703f,0.291736675597443f,0.7383816536303577f,-2.1542968925722326f,0.7939224620228899f,0.226008373240409f,0.5644531331481266f,-1.0799959467870386f,-0.0022087557723649287f,0.9294137546521335f,-0.36903278182481536f,-0.13779793660168826f,0f,0f,0f,1f], start_interpolation: 0, interpolation_duration: 1 }
$data merge entity $(bone_right_arm1) { transformation: [-0.6903503696892683f,0.33124268375126337f,0.8383708358928018f,-1.0737504300744143f,0.9014327954218228f,0.256613673783381f,0.640889494928602f,-0.6433991972518178f,-0.002507858116539346f,1.0552718672612764f,-0.41900597103025905f,0.8290378150535405f,0f,0f,0f,1f], start_interpolation: 0, interpolation_duration: 1 }
$data merge entity $(bone_left_arm2) { transformation: [-0.6050193048491352f,-0.0663763489449565f,0.7934392358968686f,-0.36094423718430835f,0.006026384117860209f,0.9961087572359356f,0.08792625576210987f,-2.3938903029835346f,-0.7961879950453492f,0.05797865174887496f,-0.6022650184819385f,2.308419362554168f,0f,0f,0f,1f], start_interpolation: 0, interpolation_duration: 1 }
$data merge entity $(bone_left_arm1) { transformation: [-0.6779897400173764f,-0.08606229640234062f,0.9066941052601865f,-0.11265282754581707f,-0.14554944489204047f,1.126047313241637f,-0.0019530431007475837f,-0.9420623862108054f,-0.8990641125455031f,-0.11739564056510016f,-0.683427386086862f,1.491492656528464f,0f,0f,0f,1f], start_interpolation: 0, interpolation_duration: 1 }
$data merge entity $(bone_body2) { transformation: [-1.269498626030107f,-0.061575915951672666f,0.9442065926092805f,0.3347890284400337f,0.14638156171956015f,1.5481752775186801f,0.2977754068302903f,-0.5042023618278503f,-0.9348209033502929f,0.32604625607283827f,-1.2356165108983743f,0.7376070499042853f,0f,0f,0f,1f], start_interpolation: 0, interpolation_duration: 1 }
$data merge entity $(bone_right_leg2) { transformation: [-0.9239278480600006f,-0.02672692385083937f,0.3816320258058645f,-1.0455907499811468f,-0.00897781399542022f,0.9987966926473137f,0.048213749207576706f,-2.5449604149908884f,-0.3824614103868262f,0.041119804209880484f,-0.9230560282380809f,-0.02930972316800684f,0f,0f,0f,1f], start_interpolation: 0, interpolation_duration: 1 }
$data merge entity $(bone_right_leg1) { transformation: [-1.3095315906309404f,0.1154725306216847f,0.2226452011366992f,-0.604973637056105f,7.228014483236696e-20f,1.183614328216649f,-0.6138687969086133f,-1.1250007181068578f,-0.25080827521710114f,-0.6029104365408285f,-1.16248526544234f,-0.33632522607072945f,0f,0f,0f,1f], start_interpolation: 0, interpolation_duration: 1 }
$data merge entity $(bone_left_leg2) { transformation: [-0.9821486929732053f,-0.13603624324487334f,0.12991568579215634f,1.1971530099225682f,5.421010862427522e-20f,0.6906507141345345f,0.7231884893065275f,-2.10642257235833f,-0.18810620641282585f,0.7102786295456727f,-0.6783216961882439f,-1.1069342010035463f,0f,0f,0f,1f], start_interpolation: 0, interpolation_duration: 1 }
$data merge entity $(bone_left_leg1) { transformation: [-1.3095315906309404f,-0.1470247035828258f,0.20319578601378363f,0.6227122291604017f,7.228014483236696e-20f,1.080218403681171f,0.7816047454604403f,-1.1250007181068578f,-0.25080827521710114f,0.7676520791756262f,-1.0609350933010644f,-0.10119246805469713f,0f,0f,0f,1f], start_interpolation: 0, interpolation_duration: 1 }
$data merge entity $(bone_tail3) { transformation: [-0.4033449680600462f,-0.0009017193799840444f,0.9150475526675103f,2.707395520470848f,0.003944437237942643f,0.9999885102902757f,0.0027240966045714156f,-0.5501962645417958f,-0.9150394954074474f,0.004708098299193348f,-0.40333677696794384f,-2.313986093375495f,0f,0f,0f,1f], start_interpolation: 0, interpolation_duration: 1 }
$data merge entity $(bone_tail2) { transformation: [-0.6218234924259045f,-0.001390150710808735f,1.4106983103624116f,0.9414323105955076f,0.006081007408494907f,1.5416489533641748f,0.004199648932047598f,-0.742308736700051f,-1.410685888753148f,0.0072583182112564105f,-0.6218108644922467f,-1.67299234191763f,0f,0f,0f,1f], start_interpolation: 0, interpolation_duration: 1 }
$data merge entity $(bone_tail1) { transformation: [-0.5813664465734895f,-0.0009017193799840444f,0.8136413470938371f,0.14960918512999194f,0.003306482762395638f,0.9999885102902757f,0.0034708009417260765f,-0.7464097730459345f,-0.8136351282794124f,0.004708098299193348f,-0.5813567853221884f,-0.9535963664778784f,0f,0f,0f,1f], start_interpolation: 0, interpolation_duration: 1 }
$data merge entity $(bone_body1) { transformation: [-1.3095315906309404f,-0.0012022925066453925f,0.25080539350282244f,0.5f,7.228014483236696e-20f,1.3333180137203675f,0.006391562137013121f,-1.1875f,-0.25080827521710114f,0.006277464398924464f,-1.3095165444930892f,-0.12499999999999994f,0f,0f,0f,1f], start_interpolation: 0, interpolation_duration: 1 }
data modify entity @s data merge value {"locators":{"head":{"posx":-1.5275326199084402,"posy":-0.804029947543364,"posz":2.1238271843318537,"roty":104.50089555427239,"rotx":46.104481880201114},"neck":{"posx":-0.8702218117898094,"posy":-1.0352551911572814,"posz":1.4440060986172814,"roty":40.67777865295281,"rotx":38.99315491804317},"right_arm":{"posx":-2.853225332765915,"posy":-1.5386107327250804,"posz":-0.8828333475771869,"roty":63.444760644375094,"rotx":34.364324514030535},"left_arm":{"posx":-0.6534737996347152,"posy":-3.4343388371078913,"posz":2.6013349697365964,"roty":52.79945667518258,"rotx":5.044317282620476},"tail1":{"posx":1.6216219135969148,"posy":-1.4909203576568577,"posz":-1.8394375128815554,"roty":66.21296335191097,"rotx":0.1560794314647655},"tail2":{"posx":3.223293275532552,"posy":-1.8611488799577112,"posz":-2.5470424094376547,"roty":66.21296335191097,"rotx":0.1560794314647655}},"cameras":{}}