# This file was generated by Animated Java via MC-Build. It is not recommended to edit this file directly.
$data merge entity $(bone_jaw) { transformation: [-0.4266365549090139f,-0.8340727409550077f,0.34971976325505083f,-1.981331263285889f,0.6344257461117306f,-0.0004094811653016506f,0.7729837029302423f,-0.6432647573736102f,-0.644581432160392f,0.5516543257520747f,0.5293319206255014f,2.4406507546347926f,0f,0f,0f,1f], start_interpolation: 0, interpolation_duration: 1 }
$data merge entity $(bone_head) { transformation: [-0.4799661242726407f,-0.7292177434317106f,0.7095766358999316f,-1.8236475664192375f,0.713728964375697f,0.31785952337583456f,0.809432695664366f,-0.46339082500375106f,-0.7251541111804409f,0.7955072633632274f,0.32702401895648825f,2.5133227588473455f,0f,0f,0f,1f], start_interpolation: 0, interpolation_duration: 1 }
$data merge entity $(bone_neck) { transformation: [-0.7626554938364325f,-0.37986774495780923f,0.523504626590612f,-0.6133628313784768f,0.09854995311275092f,0.7316753615517021f,0.6744917138406228f,-0.7420463557133039f,-0.6392530832640402f,0.5659961675125149f,-0.5205802857375252f,1.808606890335579f,0f,0f,0f,1f], start_interpolation: 0, interpolation_duration: 1 }
$data merge entity $(bone_right_arm2) { transformation: [-0.5785233171962647f,0.2226816239976825f,0.7846806138767448f,-2.10677297394278f,0.8149828849620994f,0.11844885029998362f,0.5672501803273979f,-0.9467865987743369f,0.03337167480189754f,0.967668726474286f,-0.25000713414730713f,-0.3542689476625248f,0f,0f,0f,1f], start_interpolation: 0, interpolation_duration: 1 }
$data merge entity $(bone_right_arm1) { transformation: [-0.6568650163999254f,0.2528364272473686f,0.8909394470058872f,-1.0942468837817267f,0.9253451506340502f,0.13448879877810638f,0.6440653089133996f,-0.6560201353311784f,0.03789075576465449f,1.098707199851012f,-0.2838622668964216f,0.7334877027331091f,0f,0f,0f,1f], start_interpolation: 0, interpolation_duration: 1 }
$data merge entity $(bone_left_arm2) { transformation: [-0.5272697278787273f,-0.10577069605453748f,0.8430890782822605f,-0.44421973232451306f,0.01147476182077826f,0.9912452276298098f,0.13153413451375717f,-2.4668912623012327f,-0.8496204822765571f,0.07902821367882101f,-0.521439907888613f,2.2219091072685333f,0f,0f,0f,1f], start_interpolation: 0, interpolation_duration: 1 }
$data merge entity $(bone_left_arm1) { transformation: [-0.584392336921489f,-0.11268394903303718f,0.9669327438463365f,-0.1706269835129109f,-0.15207968757575235f,1.1245049335388109f,0.03913348972657793f,-0.9777065584622068f,-0.9615239841619899f,-0.10937087830697216f,-0.5938692160771251f,1.4510724241622697f,0f,0f,0f,1f], start_interpolation: 0, interpolation_duration: 1 }
$data merge entity $(bone_body2) { transformation: [-1.2075378652410182f,-0.09358113526086115f,1.0198231805449893f,0.31622325892924485f,0.15603742576185564f,1.5414877868693568f,0.32620878151679344f,-0.5067313219757951f,-1.0121507151680638f,0.3492884459874762f,-1.1664017128454829f,0.7358492123842533f,0f,0f,0f,1f], start_interpolation: 0, interpolation_duration: 1 }
$data merge entity $(bone_right_leg2) { transformation: [-0.9915743060102953f,-0.0030923400142130186f,0.12950225130644563f,-1.0569923430409505f,0.004640422479990192f,0.9982254310171585f,0.05936712347600387f,-2.5315752962256948f,-0.1294560239595227f,0.059467859418718017f,-0.9898003392385493f,-0.016364236298359813f,0f,0f,0f,1f], start_interpolation: 0, interpolation_duration: 1 }
$data merge entity $(bone_right_leg1) { transformation: [-1.3039505925908284f,0.13620648732783244f,0.24277236801089747f,-0.6003083934770148f,0f,1.1628224171433543f,-0.6523969680851254f,-1.1250018383480642f,-0.27837138836418807f,-0.6380200598542942f,-1.1371972349339823f,-0.3594070584136908f,0f,0f,0f,1f], start_interpolation: 0, interpolation_duration: 1 }
$data merge entity $(bone_left_leg2) { transformation: [-0.9779629444431213f,-0.1605722729219482f,0.1334354692906652f,1.228059209827041f,0f,0.6391244448637757f,0.7691033376455796f,-2.047851138111447f,-0.20877854127314108f,0.752154564664903f,-0.6250400239645536f,-1.1405015322863576f,0f,0f,0f,1f], start_interpolation: 0, interpolation_duration: 1 }
$data merge entity $(bone_left_leg1) { transformation: [-1.3039505925908284f,-0.17473825942080135f,0.21669603262264484f,0.6221452870768868f,0f,1.0379229172750348f,0.8369550738080622f,-1.1250018383480642f,-0.27837138836418807f,0.8185110483479423f,-1.0150501522832873f,-0.09843388182226442f,0f,0f,0f,1f], start_interpolation: 0, interpolation_duration: 1 }
$data merge entity $(bone_tail3) { transformation: [-0.9847114687726343f,-0.0016012956560541164f,0.17418599002176874f,0.6916185540668367f,-0.000270232791334713f,0.9999705864309741f,0.007665066675001897f,-0.5342349415154128f,-0.17419314062809796f,0.007500808297486305f,-0.9846829376164717f,-3.8497993231361094f,0f,0f,0f,1f], start_interpolation: 0, interpolation_duration: 1 }
$data merge entity $(bone_tail2) { transformation: [-1.5180968476911443f,-0.0024686641364167626f,0.2685367346168934f,0.24223113211495112f,-0.0004166088866410158f,1.5416213207477516f,0.011816977790627924f,-0.7361352055857658f,-0.2685477584683177f,0.011563746125291386f,-1.518052862158727f,-2.0266993592395157f,0f,0f,0f,1f], start_interpolation: 0, interpolation_duration: 1 }
$data merge entity $(bone_tail1) { transformation: [-0.9824563945992182f,-0.0016012956560541164f,0.18648557199774873f,0.16689726119224535f,-0.00017436480470960186f,0.9999705864309741f,0.007667846490939667f,-0.7442604968818005f,-0.1864923652807817f,0.007500808297486305f,-0.982427776259845f,-0.9595583013033329f,0f,0f,0f,1f], start_interpolation: 0, interpolation_duration: 1 }
$data merge entity $(bone_body1) { transformation: [-1.3039505925908284f,-0.0021350608747388216f,0.27836320046814156f,0.5f,0f,1.3332941152412987f,0.010226438319374795f,-1.1875f,-0.27837138836418807f,0.010001077729981739f,-1.3039122387500668f,-0.12499999999999994f,0f,0f,0f,1f], start_interpolation: 0, interpolation_duration: 1 }
data modify entity @s data merge value {"locators":{"head":{"posx":-1.6156312189293793,"posy":-0.8648218645637609,"posz":1.9805342739354168,"roty":114.74365392864884,"rotx":46.012862610895645},"neck":{"posx":-0.9176782522613411,"posy":-1.0514611039688946,"posz":1.3418043216035564,"roty":45.160477321932774,"rotx":42.414691295529444},"right_arm":{"posx":-2.7579526122036016,"posy":-1.2979241089278883,"posz":-1.1948483773880387,"roty":72.32759800507903,"rotx":34.55869420524203},"left_arm":{"posx":-0.7270392174186854,"posy":-3.52462072980172,"posz":2.4567021276763037,"roty":58.26373429530091,"rotx":7.558253077824371},"tail1":{"posx":0.486273905593537,"posy":-1.4808096329710159,"posz":-2.687520342495443,"roty":10.031588994829207,"rotx":0.4391802707800734},"tail2":{"posx":0.7916998740026526,"posy":-1.8423847362013779,"posz":-4.413528286435826,"roty":10.031588994829207,"rotx":0.4391802707800734}},"cameras":{}}