# This file was generated by Animated Java via MC-Build. It is not recommended to edit this file directly.
$data merge entity $(bone_jaw) { transformation: [-0.4646727076698807f,-0.7798828860279853f,0.41935898562854523f,-1.8461916475506923f,0.6066542808896302f,0.06459679024545145f,0.7923369473704169f,-0.5344043830512004f,-0.6450192696540371f,0.6225832785825892f,0.44310292597129963f,2.588053940868568f,0f,0f,0f,1f], start_interpolation: 0, interpolation_duration: 1 }
$data merge entity $(bone_head) { transformation: [-0.5227567961286158f,-0.652523045485223f,0.7527044620646504f,-1.6789239893141032f,0.6824860660008341f,0.3846109184357064f,0.8074108069221936f,-0.354979759290713f,-0.7256466783607918f,0.8318131500107052f,0.2171377020538302f,2.636306763547197f,0f,0f,0f,1f], start_interpolation: 0, interpolation_duration: 1 }
$data merge entity $(bone_neck) { transformation: [-0.7998011718800374f,-0.32075599256754495f,0.5073792257191143f,-0.5259745403742878f,0.09456182805143314f,0.7673779164386522f,0.6341838803043198f,-0.7023253067852376f,-0.5927698930739398f,0.5551997177541447f,-0.5834184838268565f,1.8687644918610673f,0f,0f,0f,1f], start_interpolation: 0, interpolation_duration: 1 }
$data merge entity $(bone_right_arm2) { transformation: [-0.5835390940643366f,0.2941976042590028f,0.7569213270524464f,-2.1606865718838377f,0.811850669380513f,0.18894832356329946f,0.5524463970821346f,-1.0069955442193776f,0.01950939068721408f,0.9368811561083303f,-0.3491032555049176f,-0.1596655809370009f,0f,0f,0f,1f], start_interpolation: 0, interpolation_duration: 1 }
$data merge entity $(bone_right_arm1) { transformation: [-0.6625600130522153f,0.33403686316907605f,0.8594210900907984f,-1.0718128370502344f,0.921788780859124f,0.21453507571249625f,0.6272568466870069f,-0.6328973057299899f,0.022151287342774315f,1.0637504793313333f,-0.39637765468787517f,0.8238857637057976f,0f,0f,0f,1f], start_interpolation: 0, interpolation_duration: 1 }
$data merge entity $(bone_left_arm2) { transformation: [-0.6009365237222606f,-0.02495574097807761f,0.7989070693446391f,-0.42402843054240114f,0.004807840201567868f,0.9993815305392846f,0.03483448133033128f,-2.3527377694264175f,-0.799282290013485f,0.024774329641629192f,-0.6004448796197757f,2.358988008987452f,0f,0f,0f,1f], start_interpolation: 0, interpolation_duration: 1 }
$data merge entity $(bone_left_arm1) { transformation: [-0.6798048544286874f,-0.03872883572106019f,0.9085903610116752f,-0.11248951171291166f,-0.1506535951173201f,1.1235086658375488f,-0.0648288439708875f,-0.9390415293535488f,-0.896849965779038f,-0.1593717729589096f,-0.6778139743399484f,1.4897436220617903f,0f,0f,0f,1f], start_interpolation: 0, interpolation_duration: 1 }
$data merge entity $(bone_body2) { transformation: [-1.266351855476726f,-0.05465084967759002f,0.9488470409948147f,0.3376359645951197f,0.14972289441476916f,1.5495050115037985f,0.2890704389195163f,-0.5010444482203005f,-0.9385523307004048f,0.3209235865413687f,-1.234128039784652f,0.735638103640474f,0f,0f,0f,1f], start_interpolation: 0, interpolation_duration: 1 }
$data merge entity $(bone_right_leg2) { transformation: [-0.9999148396525838f,0.012381421528222872f,-0.004124784053526537f,-1.0515455532330051f,0.012159785968980999f,0.9986748874320777f,0.0500060878065417f,-2.535372291668977f,0.004738464702447376f,0.0499516727794721f,-0.9987403953674829f,0.007971422016862906f,0f,0f,0f,1f], start_interpolation: 0, interpolation_duration: 1 }
$data merge entity $(bone_right_leg1) { transformation: [-1.310221227480128f,0.11901098533111078f,0.21664371259919527f,-0.6055129845845517f,-1.807003620809174e-20f,1.1686135779884412f,-0.6419657959103673f,-1.1250000444836967f,-0.24718032453705652f,-0.630837909838454f,-1.1483567374514696f,-0.33348512291148497f,0f,0f,0f,1f], start_interpolation: 0, interpolation_duration: 1 }
$data merge entity $(bone_left_leg2) { transformation: [-0.9826659206100959f,-0.13659491896454154f,0.12533761041516192f,1.1975913128509035f,-1.3552527156068805e-20f,0.676092703575316f,0.7368165688773698f,-2.087306150005034f,-0.1853852434027924f,0.7240445319766529f,-0.6643732589766066f,-1.1256147536198373f,0f,0f,0f,1f], start_interpolation: 0, interpolation_duration: 1 }
$data merge entity $(bone_left_leg1) { transformation: [-1.310221227480128f,-0.14834265415981907f,0.19771841035944243f,0.6228194161780684f,-1.807003620809174e-20f,1.0665272312416658f,0.8001858801539576f,-1.1250000444836967f,-0.24718032453705652f,0.7863153945806888f,-1.0480399635438282f,-0.10175356865799451f,0f,0f,0f,1f], start_interpolation: 0, interpolation_duration: 1 }
$data merge entity $(bone_tail3) { transformation: [-0.996187406744737f,-0.0002211823710987906f,0.08723876272365658f,0.4414520417884015f,-0.00011805893672951314f,0.9999992882608509f,0.0011872404469915443f,-0.5581092461219461f,-0.08723896322907099f,0.0011724146665022157f,-0.9961867238317155f,-3.8807152925860926f,0f,0f,0f,1f], start_interpolation: 0, interpolation_duration: 1 }
$data merge entity $(bone_tail2) { transformation: [-1.5357889187314695f,-0.00034098948877730214f,0.13449309253230388f,0.15339740753303427f,-0.0001820075274579994f,1.541665569402145f,0.0018303290224452973f,-0.747849945876056f,-0.13449340164481777f,0.0018074726108575825f,-1.535787865907228f,-2.0239898835552292f,0f,0f,0f,1f], start_interpolation: 0, interpolation_duration: 1 }
$data merge entity $(bone_tail1) { transformation: [-0.9925038739754637f,-0.0002211823710987906f,0.1222129748515089f,0.14760910600023902f,-0.00007623992350355371f,0.9999992882608509f,0.0011906574929754388f,-0.7491054894719045f,-0.12221315122019766f,0.0011724146665022157f,-0.992503184434528f,-0.9541786061910187f,0f,0f,0f,1f], start_interpolation: 0, interpolation_duration: 1 }
$data merge entity $(bone_body1) { transformation: [-1.310221227480128f,-0.0002949098281317208f,0.24718014860914264f,0.5f,-1.807003620809174e-20f,1.333332384347801f,0.0015907945137303126f,-1.1875f,-0.24718032453705652f,0.0015632195553362876f,-1.3102202949443864f,-0.12499999999999994f,0f,0f,0f,1f], start_interpolation: 0, interpolation_duration: 1 }
data modify entity @s data merge value {"locators":{"head":{"posx":-1.5254957590624934,"posy":-0.7929332714556037,"posz":2.1138723185262966,"roty":106.09161850066229,"rotx":45.86478937805341},"neck":{"posx":-0.8690140323163664,"posy":-1.0220840964620557,"posz":1.4371069616446501,"roty":41.01237522847819,"rotx":39.35948064438261},"right_arm":{"posx":-2.869816033048085,"posy":-1.4214263994874623,"posz":-0.9207757723749216,"roty":65.2401530995693,"rotx":33.535008449163},"left_arm":{"posx":-0.7609676915040018,"posy":-3.369837030643466,"posz":2.6843912622815536,"roty":53.07210317628714,"rotx":1.9962726271850522},"tail1":{"posx":0.33806336952696436,"posy":-1.4970184268972964,"posz":-2.6988426967857766,"roty":5.004778417668746,"rotx":0.06802388286024315},"tail2":{"posx":0.49081414768252546,"posy":-1.8699404892128801,"posz":-4.442609118991217,"roty":5.004778417668746,"rotx":0.06802388286024315}},"cameras":{}}