# This file was generated by Animated Java via MC-Build. It is not recommended to edit this file directly.
$data merge entity $(bone_jaw) { transformation: [-0.5443403791877341f,-0.6645637773997326f,0.5119067662709218f,-1.6634462760475337f,0.5413899163122533f,0.18782183932440785f,0.8195242004896547f,-0.4122929844572998f,-0.6407733687515151f,0.7232412753991538f,0.2575491165930104f,2.7687657073920158f,0f,0f,0f,1f], start_interpolation: 0, interpolation_duration: 1 }
$data merge entity $(bone_head) { transformation: [-0.6123829265862009f,-0.5232532743950246f,0.7853777193558553f,-1.4889178939684546f,0.609063655851285f,0.4960201510064912f,0.8053759823315848f,-0.2333205439391698f,-0.7208700398454545f,0.8635942453666435f,0.013280249351204379f,2.7717168739145057f,0f,0f,0f,1f], start_interpolation: 0, interpolation_duration: 1 }
$data merge entity $(bone_neck) { transformation: [-0.8430198223116615f,-0.24789380468371786f,0.4773533709832216f,-0.4161712014123059f,0.08596415871493296f,0.8139669699659683f,0.5745153916309416f,-0.6743487731853375f,-0.5309686832630042f,0.5253631443143408f,-0.6648803080179924f,1.9387876244474016f,0f,0f,0f,1f], start_interpolation: 0, interpolation_duration: 1 }
$data merge entity $(bone_right_arm2) { transformation: [-0.6387310871605821f,0.36315635072757496f,0.6783362464301103f,-2.183661253615522f,0.7688510564816149f,0.33543691350054783f,0.5443805011279614f,-1.198100415118513f,-0.02984378062118423f,0.8692522890320489f,-0.4934671283588989f,0.12707881731612602f,0f,0f,0f,1f], start_interpolation: 0, interpolation_duration: 1 }
$data merge entity $(bone_right_arm1) { transformation: [-0.7252259218802442f,0.41233377322193404f,0.7701942798008543f,-1.0410589091271976f,0.8729663037135001f,0.380860662203747f,0.6180986939890395f,-0.6238438267740752f,-0.03388512591363626f,0.9869635365051387f,-0.560290801990833f,0.9380399773680673f,0f,0f,0f,1f], start_interpolation: 0, interpolation_duration: 1 }
$data merge entity $(bone_left_arm2) { transformation: [-0.6884515391436348f,-0.010794082259070914f,0.7252020173985622f,-0.27200693224131745f,0.0007048513450311357f,0.9998788185792465f,0.0155515703757384f,-2.2884907314147354f,-0.7252820013176542f,0.011217662178660284f,-0.6883605033846026f,2.427118805646224f,0f,0f,0f,1f], start_interpolation: 0, interpolation_duration: 1 }
$data merge entity $(bone_left_arm1) { transformation: [-0.7796294430366858f,-0.04056242612363147f,0.8244414036677901f,-0.04053915330494068f,-0.13775905545787442f,1.1245340372524377f,-0.07494430361629283f,-0.8980472226897382f,-0.8138620160285807f,-0.15148892894248658f,-0.7770783295255356f,1.5340644868286177f,0f,0f,0f,1f], start_interpolation: 0, interpolation_duration: 1 }
$data merge entity $(bone_body2) { transformation: [-1.3347813853267976f,-0.025313450242973677f,0.8512710068282111f,0.35769248045447677f,0.13610991796531052f,1.5559503644132278f,0.2596863457293527f,-0.5f,-0.8407004151664234f,0.2920995329739247f,-1.3095209502790948f,0.7383502011818845f,0f,0f,0f,1f], start_interpolation: 0, interpolation_duration: 1 }
$data merge entity $(bone_right_leg2) { transformation: [-0.9982861127844445f,0.0052292831579173055f,-0.058288005793453085f,-1.0357804779102926f,0.0028844867369771515f,0.999185897924665f,0.04023954677609076f,-2.555577713148324f,0.05845097739120794f,0.04000244975167544f,-0.9974884897861614f,-0.03072258853285509f,0f,0f,0f,1f], start_interpolation: 0, interpolation_duration: 1 }
$data merge entity $(bone_right_leg1) { transformation: [-1.315581258943824f,0.0941751696193463f,0.19533245076209949f,-0.6100216872338515f,0f,1.201032067473864f,-0.579050732386406f,-1.125f,-0.2168495535931782f,-0.5713412186289386f,-1.1850414595193774f,-0.30796681084424404f,0f,0f,0f,1f], start_interpolation: 0, interpolation_duration: 1 }
$data merge entity $(bone_left_leg2) { transformation: [-0.986685944207868f,-0.10907840090502832f,0.12063477922485621f,1.1625924735805047f,0f,0.7417417727387393f,0.6706855765367199f,-2.1647574457639696f,-0.16263716519488366f,0.6617560313517318f,-0.7318661813931409f,-1.0704830341856242f,0f,0f,0f,1f], start_interpolation: 0, interpolation_duration: 1 }
$data merge entity $(bone_left_leg1) { transformation: [-1.315581258943824f,-0.11734190196349466f,0.18235845726795968f,0.6233357430259835f,0f,1.1212594430642255f,0.7214950028358343f,-1.125f,-0.2168495535931782f,0.7118889781143336f,-1.1063309322818136f,-0.10467035435063948f,0f,0f,0f,1f], start_interpolation: 0, interpolation_duration: 1 }
$data merge entity $(bone_tail3) { transformation: [-0.9972513881041943f,0f,0.07409230003352171f,0.380129908900975f,0f,1f,0f,-0.5625f,-0.07409230003352171f,0f,-0.9972513881041943f,-3.8766772753319287f,0f,0f,0f,1f], start_interpolation: 0, interpolation_duration: 1 }
$data merge entity $(bone_tail2) { transformation: [-1.5374292233272995f,0f,0.11422562921834596f,0.11655042282509749f,0f,1.5416666666666665f,0f,-0.75f,-0.11422562921834596f,0f,-1.5374292233272995f,-2.016092460140755f,0f,0f,0f,1f], start_interpolation: 0, interpolation_duration: 1 }
$data merge entity $(bone_tail1) { transformation: [-0.9944070491478644f,0f,0.1056154373424488f,0.1286349017922287f,0f,1f,0f,-0.75f,-0.1056154373424488f,0f,-0.9944070491478644f,-0.9463330407533428f,0f,0f,0f,1f], start_interpolation: 0, interpolation_duration: 1 }
$data merge entity $(bone_body1) { transformation: [-1.315581258943824f,0f,0.2168495535931782f,0.5f,0f,1.3333333333333333f,0f,-1.1875f,-0.2168495535931782f,0f,-1.315581258943824f,-0.12499999999999994f,0f,0f,0f,1f], start_interpolation: 0, interpolation_duration: 1 }
data modify entity @s data merge value {"locators":{"head":{"posx":-1.4163821080145118,"posy":-0.732602845145994,"posz":2.288253335002147,"roty":90.96874371597103,"rotx":45.71616592100239},"neck":{"posx":-0.8043901071846452,"posy":-1.0084187315189768,"posz":1.5594021422002706,"roty":35.67660191454371,"rotx":35.06570183620788},"right_arm":{"posx":-2.9259064205056884,"posy":-1.7576743881529406,"posz":-0.49730514382529745,"roty":53.96535285225028,"rotx":32.98233940836077},"left_arm":{"posx":-0.5807856374850504,"posy":-3.2961893883909155,"posz":2.8054115202422185,"roty":46.492955193803226,"rotx":0.891075267750152},"tail1":{"posx":0.29214530261116795,"posy":-1.5,"posz":-2.692441251958198,"roty":4.24906981477713,"rotx":0},"tail2":{"posx":0.42180682766983096,"posy":-1.875,"posz":-4.437631181140538,"roty":4.24906981477713,"rotx":0}},"cameras":{}}