# This file was generated by Animated Java via MC-Build. It is not recommended to edit this file directly.
$data merge entity $(bone_jaw) { transformation: [-0.5742376219319629f,-0.618682278915401f,0.536174776834914f,-1.5992882089288034f,0.5161679507158856f,0.23475309339620176f,0.823687824236025f,-0.37188945863268136f,-0.6354697476762264f,0.7497487731880326f,0.18453990595898967f,2.8248354830188243f,0f,0f,0f,1f], start_interpolation: 0, interpolation_duration: 1 }
$data merge entity $(bone_head) { transformation: [-0.6460173246734583f,-0.4770330794343496f,0.7878616993782149f,-1.4242078312892001f,0.5806889445553713f,0.53602028222871f,0.8006919549431121f,-0.19395791308976756f,-0.7149034661357547f,0.8664564029221755f,-0.06157382513899748f,2.8111524107657138f,0f,0f,0f,1f], start_interpolation: 0, interpolation_duration: 1 }
$data merge entity $(bone_neck) { transformation: [-0.8562424695336068f,-0.22506982073671353f,0.46496495476598443f,-0.3791658862422762f,0.08276692072886137f,0.8286919040927281f,0.5535515919263814f,-0.666065853112537f,-0.5099004512648059f,0.5124580996381191f,-0.6909328664314898f,1.96023295155703f,0f,0f,0f,1f], start_interpolation: 0, interpolation_duration: 1 }
$data merge entity $(bone_right_arm2) { transformation: [-0.6605094384755041f,0.3798344623007996f,0.6476519612673435f,-2.1795151297355067f,0.7494390386127088f,0.385784963224485f,0.5380623472731961f,-1.26402486686552f,-0.045479765698967195f,0.8407709220700637f,-0.5394773836903841f,0.22856657043579687f,0f,0f,0f,1f], start_interpolation: 0, interpolation_duration: 1 }
$data merge entity $(bone_right_arm1) { transformation: [-0.7499534249357286f,0.4312703790706995f,0.7353548310222962f,-1.0293124750708136f,0.850925575091513f,0.4380266769944673f,0.6109249567997747f,-0.6219639384495326f,-0.05163848397070233f,0.9546253177670513f,-0.6125316127317902f,0.9754001311465436f,0f,0f,0f,1f], start_interpolation: 0, interpolation_duration: 1 }
$data merge entity $(bone_left_arm2) { transformation: [-0.7152560721659669f,-0.010754089257847842f,0.6987797226551065f,-0.21580215844546646f,-0.0003555790698613515f,0.9998870684369571f,0.015024111823100345f,-2.272031544540295f,-0.6988623790083698f,0.010497615766553337f,-0.7151791211088169f,2.440433830379668f,0f,0f,0f,1f], start_interpolation: 0, interpolation_duration: 1 }
$data merge entity $(bone_left_arm1) { transformation: [-0.809679417014486f,-0.04514374020849412f,0.7947026433374398f,-0.016307481848643057f,-0.13287297146969843f,1.1253490929287013f,-0.07145067838590263f,-0.8847487044287357f,-0.7848152789417002f,-0.14395300868332345f,-0.807783087329219f,1.5476417889745493f,0f,0f,0f,1f], start_interpolation: 0, interpolation_duration: 1 }
$data merge entity $(bone_body2) { transformation: [-1.355717243428211f,-0.017521025017396295f,0.8177213547402303f,0.36393064733835634f,0.13104762448736385f,1.5578662753084953f,0.25064642989098984f,-0.5f,-0.807342381169276f,0.282294396655725f,-1.3324611054845648f,0.7393553269727915f,0f,0f,0f,1f], start_interpolation: 0, interpolation_duration: 1 }
$data merge entity $(bone_right_leg2) { transformation: [-0.998035602586163f,0.0008735909559254434f,-0.06264321838249015f,-1.0306315563108002f,-0.0014997745363347498f,0.9992830638419242f,0.03783000125610386f,-2.562102654851481f,0.0626313551411335f,0.037849638803274965f,-0.9973187645861512f,-0.04776336203327253f,0f,0f,0f,1f], start_interpolation: 0, interpolation_duration: 1 }
$data merge entity $(bone_right_leg1) { transformation: [-1.3171128791966344f,0.08632042875548052f,0.1885211521596427f,-0.6113139918221604f,0f,1.2122936202237593f,-0.5550873410036923f,-1.125f,-0.20734377548440933f,-0.548334514436233f,-1.1975456554234702f,-0.29994631056497034f,0f,0f,0f,1f], start_interpolation: 0, interpolation_duration: 1 }
$data merge entity $(bone_left_leg2) { transformation: [-0.987834659397476f,-0.10049416901424262f,0.11867437670874653f,1.151609736781407f,0f,0.7631408365583012f,0.6462322056173742f,-2.190724699335739f,-0.155507831613307f,0.6383705707277184f,-0.7538569683538744f,-1.0489578541023465f,0f,0f,0f,1f], start_interpolation: 0, interpolation_duration: 1 }
$data merge entity $(bone_left_leg1) { transformation: [-1.3171128791966344f,-0.10775577097277178f,0.1771443904113046f,0.6234793324246845f,0f,1.1391348498241558f,0.6929282586919627f,-1.125f,-0.20734377548440933f,0.684498550411861f,-1.12527688638384f,-0.10556152104833658f,0f,0f,0f,1f], start_interpolation: 0, interpolation_duration: 1 }
$data merge entity $(bone_tail3) { transformation: [-0.9974376623169258f,0f,0.07154096582900125f,0.36494152134276164f,0f,1f,0f,-0.5625f,-0.07154096582900125f,0f,-0.9974376623169258f,-3.8745819236456134f,0f,0f,0f,1f], start_interpolation: 0, interpolation_duration: 1 }
$data merge entity $(bone_tail2) { transformation: [-1.5377163960719271f,0f,0.11029232231971026f,0.10612250262376856f,0f,1.5416666666666665f,0f,-0.75f,-0.11029232231971026f,0f,-1.5377163960719271f,-2.0133289275300026f,0f,0f,0f,1f], start_interpolation: 0, interpolation_duration: 1 }
$data merge entity $(bone_tail1) { transformation: [-0.9948431603961264f,0f,0.10142527403486312f,0.12271354401124229f,0f,1f,0f,-0.75f,-0.10142527403486312f,0f,-0.9948431603961264f,-0.9436299103547603f,0f,0f,0f,1f], start_interpolation: 0, interpolation_duration: 1 }
$data merge entity $(bone_body1) { transformation: [-1.3171128791966344f,0f,0.20734377548440933f,0.5f,0f,1.3333333333333333f,0f,-1.1875f,-0.20734377548440933f,0f,-1.3171128791966344f,-0.12499999999999994f,0f,0f,0f,1f], start_interpolation: 0, interpolation_duration: 1 }
data modify entity @s data merge value {"locators":{"head":{"posx":-1.3780399258751768,"posy":-0.7141613907010265,"posz":2.3468915827920043,"roty":85.53124135114516,"rotx":45.375536369061585},"neck":{"posx":-0.7810065575785601,"posy":-1.004635805773677,"posz":1.5994775468642688,"roty":33.938677933060774,"rotx":33.611009871374364},"right_arm":{"posx":-2.924457412574697,"posy":-1.8720010638133089,"posz":-0.3453081451452602,"roty":50.20657426270773,"rotx":32.551831595069444},"left_arm":{"posx":-0.5097344260047989,"posy":-3.2794084451969363,"posz":2.8312046738555465,"roty":44.3355010341767,"rotx":0.860850586231509},"tail1":{"posx":0.2799866244208226,"posy":-1.5,"posz":-2.690124699644264,"roty":4.102499999999964,"rotx":0},"tail2":{"posx":0.40518331462157486,"posy":-1.875,"posz":-4.435640608698884,"roty":4.102499999999964,"rotx":0}},"cameras":{}}