# This file was generated by Animated Java via MC-Build. It is not recommended to edit this file directly.
$data merge entity $(bone_jaw) { transformation: [-0.6079593475080298f,-0.5651639831079343f,0.5576514179800723f,-1.5247193162707313f,0.4873176646286673f,0.28888344425008006f,0.8240557319617847f,-0.3255425353733233f,-0.6268228820954709f,0.7727457718006522f,0.09978500210824313f,2.884895003638844f,0f,0f,0f,1f], start_interpolation: 0, interpolation_duration: 1 }
$data merge entity $(bone_head) { transformation: [-0.6839542659465335f,-0.4251544627789938f,0.7855413705672311f,-1.350154567255791f,0.5482323727072508f,0.5812873519059456f,0.7919414625020915f,-0.14955554370619184f,-0.7051757423574048f,0.8642764009813519f,-0.14621379927149433f,2.8524030482451788f,0f,0f,0f,1f], start_interpolation: 0, interpolation_duration: 1 }
$data merge entity $(bone_neck) { transformation: [-0.8704993526883774f,-0.2002556966446916f,0.4495870693541632f,-0.33684371937635993f,0.07906782436486554f,0.8447135207178439f,0.5293461505165327f,-0.6565038243566509f,-0.4857768583612467f,0.4963433528091358f,-0.7194887907416372f,1.9833420225885152f,0f,0f,0f,1f], start_interpolation: 0, interpolation_duration: 1 }
$data merge entity $(bone_right_arm2) { transformation: [-0.6854716614570447f,0.3950526813209192f,0.6116060662881548f,-2.1681379900718802f,0.7255124925285696f,0.44134763248836073f,0.528056711425867f,-1.335381805658343f,-0.06132066963350097f,0.8056957529229452f,-0.5891469504271645f,0.3456333844419178f,0f,0f,0f,1f], start_interpolation: 0, interpolation_duration: 1 }
$data merge entity $(bone_right_arm1) { transformation: [-0.7782959489460195f,0.4485493985831269f,0.6944277210980091f,-1.0149422810597406f,0.8237589758918133f,0.5011134577211596f,0.5995643910981197f,-0.6197967028272641f,-0.06962451031303755f,0.9148003861312605f,-0.6689272666308429f,1.0172332409950768f,0f,0f,0f,1f], start_interpolation: 0, interpolation_duration: 1 }
$data merge entity $(bone_left_arm2) { transformation: [-0.7441349755642426f,-0.010737908087217224f,0.6679429881897964f,-0.1526186445605095f,-0.0014758582151234445f,0.9998947902725774f,0.014430184624152832f,-2.2532902557965198f,-0.6680276640862509f,0.009752215936327469f,-0.7440725329561617f,2.453412504180606f,0f,0f,0f,1f], start_interpolation: 0, interpolation_duration: 1 }
$data merge entity $(bone_left_arm1) { transformation: [-0.8421385872387962f,-0.04961514914449726f,0.7599420660834995f,0.011447266591773197f,-0.12727655143639785f,1.1262387300102896f,-0.06751303151030867f,-0.8695945554900862f,-0.7508490436048691f,-0.1352614762030315f,-0.8408930096733319f,1.5622933562821562f,0f,0f,0f,1f], start_interpolation: 0, interpolation_duration: 1 }
$data merge entity $(bone_body2) { transformation: [-1.3782906417565977f,-0.009373633913783135f,0.7792120932569523f,0.37096885084036435f,0.1251907219110371f,1.5599911717291413f,0.24020672704772308f,-0.5f,-0.7691466924053073f,0.2707104053390566f,-1.3572301523498453f,0.7404339735338243f,0f,0f,0f,1f], start_interpolation: 0, interpolation_duration: 1 }
$data merge entity $(bone_right_leg2) { transformation: [-0.9978786099541476f,-0.00394371667298133f,-0.06498251222276216f,-1.0251986984712325f,-0.00625211186931296f,0.9993551407562182f,0.03535836168847123f,-2.568776264049588f,0.06480116428855101f,0.03568963074791326f,-0.9972597752661669f,-0.06719403535383789f,0f,0f,0f,1f], start_interpolation: 0, interpolation_duration: 1 }
$data merge entity $(bone_right_leg1) { transformation: [-1.3187565310991607f,0.0778347501610969f,0.18055675320642534f,-0.6127008231149169f,0f,1.2244110052849528f,-0.5278214356341249f,-1.125f,-0.19661889395754f,-0.522050974122478f,-1.2110250074769153f,-0.29089719177667434f,0f,0f,0f,1f], start_interpolation: 0, interpolation_duration: 1 }
$data merge entity $(bone_left_leg2) { transformation: [-0.9890673983243705f,-0.09111215531014136f,0.11594937139373274f,1.1395333461576778f,0f,0.786288432136619f,0.6178596130903342f,-2.2191702667933213f,-0.14746417046815502f,0.6111048000489591f,-0.7776922539059141f,-1.0238053328823744f,0f,0f,0f,1f], start_interpolation: 0, interpolation_duration: 1 }
$data merge entity $(bone_left_leg1) { transformation: [-1.3187565310991607f,-0.09735691271926224f,0.1708233620054948f,0.6236334247905463f,0f,1.1584058789547405f,0.6602072382069685f,-1.125f,-0.19661889395754f,0.6529894554482842f,-1.1457414889014208f,-0.10656697869148057f,0f,0f,0f,1f], start_interpolation: 0, interpolation_duration: 1 }
$data merge entity $(bone_tail3) { transformation: [-0.9976402072348438f,0f,0.06865869870903604f,0.347830846266508f,0f,1f,0f,-0.5625f,-0.06865869870903604f,0f,-0.9976402072348438f,-3.872133791987948f,0f,0f,0f,1f], start_interpolation: 0, interpolation_duration: 1 }
$data merge entity $(bone_tail2) { transformation: [-1.5380286528203841f,0f,0.10584882717643056f,0.09439076028270994f,0f,1.5416666666666665f,0f,-0.75f,-0.10584882717643056f,0f,-1.5380286528203841f,-2.0101407407612455f,0f,0f,0f,1f], start_interpolation: 0, interpolation_duration: 1 }
$data merge entity $(bone_tail1) { transformation: [-0.9953138649631984f,0f,0.09669700208393292f,0.11606442868893102f,0f,1f,0f,-0.75f,-0.09669700208393292f,0f,-0.9953138649631984f,-0.9405326339773554f,0f,0f,0f,1f], start_interpolation: 0, interpolation_duration: 1 }
$data merge entity $(bone_body1) { transformation: [-1.3187565310991607f,0f,0.19661889395754f,0.5f,0f,1.3333333333333333f,0f,-1.1875f,-0.19661889395754f,0f,-1.3187565310991607f,-0.12499999999999994f,0f,0f,0f,1f], start_interpolation: 0, interpolation_duration: 1 }
data modify entity @s data merge value {"locators":{"head":{"posx":-1.3321635797583586,"posy":-0.6924767010156315,"posz":2.4128644363865095,"roty":79.45612347847977,"rotx":44.744614418414564},"neck":{"posx":-0.7531958931480597,"posy":-0.9999057512579762,"posz":1.6442609349471706,"roty":32.000032929883474,"rotx":31.961287491392437},"right_arm":{"posx":-2.911835683377942,"posy":-1.9954132630766017,"posz":-0.1693214351195389,"roty":46.07154635597948,"rotx":31.87424843816714},"left_arm":{"posx":-0.4293437945954253,"posy":-3.260307897242728,"posz":2.85744828372775,"roty":41.91385654750903,"rotx":0.8268173729800485},"tail1":{"posx":0.2662986415495277,"posy":-1.5,"posz":-2.687436045896571,"roty":3.9369509464685564,"rotx":0},"tail2":{"posx":0.38645136429034077,"posy":-1.875,"posz":-4.433306408557548,"roty":3.9369509464685564,"rotx":0}},"cameras":{}}