# This file was generated by Animated Java via MC-Build. It is not recommended to edit this file directly.
$data merge entity $(bone_jaw) { transformation: [-0.9988196000745962f,-0.018403605242860048f,-0.04495235056021561f,0.06676830762767214f,-0.015338778410191099f,0.9975947557667085f,-0.06759752320643467f,0.6714885477127843f,0.04608826731074403f,-0.06682821695082393f,-0.9966994838141868f,3.2300315437470855f,0f,0f,0f,1f], start_interpolation: 0, interpolation_duration: 1 }
$data merge entity $(bone_head) { transformation: [-1.1236720500839208f,-0.019987074551085362f,-0.0508590278228743f,0.055466301444811184f,-0.017256125711464985f,1.1232570078859434f,-0.06017408379483948f,0.6581165290917089f,0.05184930072458703f,-0.059322938952884f,-1.1222376927052322f,2.9806453898125893f,0f,0f,0f,1f], start_interpolation: 0, interpolation_duration: 1 }
$data merge entity $(bone_neck) { transformation: [-0.9996977529972512f,-0.004720515773724604f,-0.024127150330633215f,0.5407274163093797f,-0.004038805312444609f,0.9995934091001315f,-0.02822595499226585f,-0.42486565385217456f,0.024250581516638448f,-0.028119978919040202f,-0.9993103502324477f,2.1864579170918867f,0f,0f,0f,1f], start_interpolation: 0, interpolation_duration: 1 }
$data merge entity $(bone_right_arm2) { transformation: [-0.9989676162288295f,-0.04290955943494893f,-0.014915476364791132f,-0.7786314809429821f,-0.04244861266627995f,0.9986494440712321f,-0.029956687716216426f,-1.8619439711507217f,0.016180760451789462f,-0.029292619639038106f,-0.9994399058602195f,2.4440944147592982f,0f,0f,0f,1f], start_interpolation: 0, interpolation_duration: 1 }
$data merge entity $(bone_right_arm1) { transformation: [-1.1342444809264833f,-0.04872022894176493f,-0.016935280455856596f,-0.5330272876306372f,-0.04819686229817202f,1.133883222955878f,-0.03401332251112073f,-0.558546607153916f,0.018371905096302616f,-0.03325932854849118f,-1.1347807264454575f,1.7134764285629758f,0f,0f,0f,1f], start_interpolation: 0, interpolation_duration: 1 }
$data merge entity $(bone_left_arm2) { transformation: [-0.9994587359604878f,0.0014517513764876172f,-0.03286529370330306f,0.9151381327951034f,0.0014829912532109046f,0.9999984714561752f,-0.0009261869444226723f,-1.8552004481237905f,0.03286389887408986f,-0.0009744245758319964f,-0.9994593611786021f,2.3598853232343906f,0f,0f,0f,1f], start_interpolation: 0, interpolation_duration: 1 }
$data merge entity $(bone_left_arm1) { transformation: [-1.1347710175282781f,0.0077884710065933786f,-0.03748445600058418f,0.5890699211398744f,0.007694995074631769f,1.1353867384133702f,0.0029577407415609346f,-0.5464197797846774f,0.037503756786243014f,0.0027020175558924338f,-1.134793890657017f,1.6861899137065774f,0f,0f,0f,1f], start_interpolation: 0, interpolation_duration: 1 }
$data merge entity $(bone_body2) { transformation: [-1.5828547755789812f,-0.00673020431617007f,-0.03833938211709473f,0.5061849590313399f,-0.006394775078037298f,1.5832592346230563f,-0.013919313092254547f,-0.5f,0.03839675406801088f,-0.01376026072142172f,-1.582807881249763f,0.749978140459395f,0f,0f,0f,1f], start_interpolation: 0, interpolation_duration: 1 }
$data merge entity $(bone_right_leg2) { transformation: [-0.9999918821453279f,0.003939911943097948f,0.0008442377185708871f,-1.0023685264276256f,0.003938069660195409f,0.9999898851193285f,-0.002172847528861672f,-2.556154240774168f,-0.0008527900071365986f,-0.0021695052230557114f,-0.9999972829944545f,-0.45477090519601715f,0f,0f,0f,1f], start_interpolation: 0, interpolation_duration: 1 }
$data merge entity $(bone_right_leg1) { transformation: [-1.333300023557173f,0.00018319146879047213f,-0.009422918927001828f,-0.624971894876365f,0f,1.3330814350342461f,0.025916507187750577f,-1.125f,0.00942469947632745f,0.025915859732960622f,-1.333048131551093f,-0.11704790981684866f,0f,0f,0f,1f], start_interpolation: 0, interpolation_duration: 1 }
$data merge entity $(bone_left_leg2) { transformation: [-0.9999750176678799f,-0.00022480213971592418f,-0.007064948982208968f,0.9980306288913141f,0f,0.999494148321567f,-0.03180326195448069f,-2.5697905718683125f,0.007068524607245588f,-0.03180246743482804f,-0.9994691786268015f,-0.4053715323041142f,0f,0f,0f,1f], start_interpolation: 0, interpolation_duration: 1 }
$data merge entity $(bone_left_leg1) { transformation: [-1.333300023557173f,-0.00023314367720603848f,-0.009421815337017901f,0.624996877208485f,0f,1.33292530768869f,-0.03298335793682527f,-1.125f,0.00942469947632745f,-0.03298253393562285f,-1.3328920081059619f,-0.12588356557590563f,0f,0f,0f,1f], start_interpolation: 0, interpolation_duration: 1 }
$data merge entity $(bone_tail3) { transformation: [-0.9999750176678799f,0f,-0.007068524607245588f,-0.0260526933231581f,0f,1f,0f,-0.5625f,0.007068524607245588f,0f,-0.9999750176678799f,-3.808873615346684f,0f,0f,0f,1f], start_interpolation: 0, interpolation_duration: 1 }
$data merge entity $(bone_tail2) { transformation: [-1.5416281522379813f,0f,-0.010897308769503613f,-0.1377960868930576f,0f,1.5416666666666665f,0f,-0.75f,0.010897308769503613f,0f,-1.5416281522379813f,-1.933036891643504f,0f,0f,0f,1f], start_interpolation: 0, interpolation_duration: 1 }
$data merge entity $(bone_tail1) { transformation: [-0.9999750176678799f,0f,-0.007068524607245588f,-0.0052889022893741755f,0f,1f,0f,-0.75f,0.007068524607245588f,0f,-0.9999750176678799f,-0.8714470009472872f,0f,0f,0f,1f], start_interpolation: 0, interpolation_duration: 1 }
$data merge entity $(bone_body1) { transformation: [-1.333300023557173f,0f,-0.00942469947632745f,0.5f,0f,1.3333333333333333f,0f,-1.1875f,0.00942469947632745f,0f,-1.333300023557173f,-0.12499999999999994f,0f,0f,0f,1f], start_interpolation: 0, interpolation_duration: 1 }
data modify entity @s data merge value {"locators":{"head":{"posx":0.08069773947954591,"posy":0.050799881320306994,"posz":3.325335270537867,"roty":357.4051708024402,"rotx":-3.066104116511702},"neck":{"posx":0.04566462701723001,"posy":-0.798204340546913,"posz":2.334041993723902,"roty":358.61693079496155,"rotx":-1.6174429129677719},"right_arm":{"posx":-0.7906996593399395,"posy":-2.8482681096554883,"posz":2.974118284856683,"roty":359.1449907059888,"rotx":-1.7166485939502703},"left_arm":{"posx":0.9925851992677978,"posy":-2.85482851306108,"posz":2.858535434719893,"roty":358.11661741767836,"rotx":-0.053066610542491975},"tail1":{"posx":-0.01765882035205396,"posy":-1.5,"posz":-2.621403281866077,"roty":359.595,"rotx":0},"tail2":{"posx":-0.030028738414733743,"posy":-1.875,"posz":-4.371359562784867,"roty":359.595,"rotx":0}},"cameras":{}}