# This file was generated by Animated Java via MC-Build. It is not recommended to edit this file directly.
$data merge entity $(bone_jaw) { transformation: [-0.9964324349676369f,-0.03501472569697625f,-0.0767878345106272f,0.11472352939177492f,-0.025816831290574146f,0.9927180411668067f,-0.11766215179084669f,0.7054379706231549f,0.08034857663070324f,-0.11525996584375567f,-0.9900804242621485f,3.2132823790856806f,0f,0f,0f,1f], start_interpolation: 0, interpolation_duration: 1 }
$data merge entity $(bone_head) { transformation: [-1.1209864893385915f,-0.03725967613695065f,-0.087327013314949f,0.09531752643289737f,-0.029043935201895917f,1.1197199551595212f,-0.10492221807390424f,0.6821219221622873f,0.09039214870954115f,-0.10229339446772406f,-1.1166872081742238f,2.9651296661580755f,0f,0f,0f,1f], start_interpolation: 0, interpolation_duration: 1 }
$data merge entity $(bone_neck) { transformation: [-0.9990890989371396f,-0.00906099164506042f,-0.04169976996798018f,0.57060831642536f,-0.007009691081410376f,0.9987703480827634f,-0.049078060491208476f,-0.41544265128405067f,0.04209318966195734f,-0.0487410527281025f,-0.9979240818634645f,2.185057123336641f,0f,0f,0f,1f], start_interpolation: 0, interpolation_duration: 1 }
$data merge entity $(bone_right_arm2) { transformation: [-0.996872046918497f,-0.07508037457692683f,-0.024679129358917334f,-0.7069712460268596f,-0.07373408292867906f,0.9959442705838826f,-0.051558655003839694f,-1.850320046164375f,0.028450080618383035f,-0.04957768897928428f,-0.9983649861990759f,2.492498479487846f,0f,0f,0f,1f], start_interpolation: 0, interpolation_duration: 1 }
$data merge entity $(bone_right_arm1) { transformation: [-1.1318651366053767f,-0.085247508634219f,-0.028021094792937386f,-0.5109586244313015f,-0.08371890665860433f,1.1308117238921165f,-0.058540556202276314f,-0.5555478654229568f,0.0323026957021224f,-0.056291334361895685f,-1.1335602447468673f,1.7321611844974263f,0f,0f,0f,1f], start_interpolation: 0, interpolation_duration: 1 }
$data merge entity $(bone_left_arm2) { transformation: [-0.9983765834333694f,0.0025794788144947304f,-0.05689941951336094f,0.9440533672459226f,0.0026760089396367704f,0.9999951066664489f,-0.0016203762874164264f,-1.840531997875829f,0.05689496135921747f,-0.0017700090969851546f,-0.9983786007521043f,2.3483182893019023f,0f,0f,0f,1f], start_interpolation: 0, interpolation_duration: 1 }
$data merge entity $(bone_left_arm1) { transformation: [-1.1334776572826837f,0.013744376547084054f,-0.06488836181268824f,0.6085252444958973f,0.013473604810013256f,1.1353251702368257f,0.005121205384564567f,-0.5345110508029783f,0.0649451257510982f,0.004342451438907653f,-1.1335494169647475f,1.684793016082266f,0f,0f,0f,1f], start_interpolation: 0, interpolation_duration: 1 }
$data merge entity $(bone_body2) { transformation: [-1.5818910733171379f,-0.012110652650650134f,-0.06647111174317318f,0.5107375960000048f,-0.01109867754556643f,1.5831078731101866f,-0.024304853377994037f,-0.5f,0.06664755029809913f,-0.023816772102061803f,-1.5817507103998234f,0.7499341141092515f,0f,0f,0f,1f], start_interpolation: 0, interpolation_duration: 1 }
$data merge entity $(bone_right_leg2) { transformation: [-0.9999743171131472f,0.007037744082757166f,0.0013547222299881059f,-1.0043149305417627f,0.007032534641633972f,0.9999680036487151f,-0.0038124972547352934f,-2.5511373778449205f,-0.0013815102638147798f,-0.0038028722077874944f,-0.999991814762682f,-0.4673905215725826f,0f,0f,0f,1f], start_interpolation: 0, interpolation_duration: 1 }
$data merge entity $(bone_right_leg1) { transformation: [-1.333232935785526f,0.0005520747762389751f,-0.01635273457029658f,-0.6249152895690375f,0f,1.3325741394072823f,0.0449882291351701f,-1.125f,0.016362051047626402f,0.04498484160425607f,-1.3324737990253812f,-0.11119451942856516f,0f,0f,0f,1f], start_interpolation: 0, interpolation_duration: 1 }
$data merge entity $(bone_left_leg2) { transformation: [-0.9999247018391445f,-0.0006773305542268796f,-0.012252831314361494f,0.9968884772781378f,0f,0.9984755805732947f,-0.055195244349689934f,-2.5745924389365964f,0.012271538285719802f,-0.05519108824930243f,-0.9984003971984183f,-0.3816049534324357f,0f,0f,0f,1f], start_interpolation: 0, interpolation_duration: 1 }
$data merge entity $(bone_left_leg1) { transformation: [-1.333232935785526f,-0.0007025579518656002f,-0.016346960782035375f,0.624990587729893f,0f,1.332103637003527f,-0.057251009246587756f,-1.125f,0.016362051047626402f,-0.05724669835088437f,-1.3320033320495916f,-0.1265339422857149f,0f,0f,0f,1f], start_interpolation: 0, interpolation_duration: 1 }
$data merge entity $(bone_tail3) { transformation: [-0.9999247018391445f,0f,-0.012271538285719802f,-0.04521364834816401f,0f,1f,0f,-0.5625f,0.012271538285719802f,0f,-0.9999247018391445f,-3.8060865688889853f,0f,0f,0f,1f], start_interpolation: 0, interpolation_duration: 1 }
$data merge entity $(bone_tail2) { transformation: [-1.5415505820020143f,0f,-0.018918621523818027f,-0.14719510179233244f,0f,1.5416666666666665f,0f,-0.75f,0.018918621523818027f,0f,-1.5415505820020143f,-1.9296938106548744f,0f,0f,0f,1f], start_interpolation: 0, interpolation_duration: 1 }
$data merge entity $(bone_tail1) { transformation: [-0.9999247018391445f,0f,-0.012271538285719802f,-0.00916600463386208f,0f,1f,0f,-0.75f,0.012271538285719802f,0f,-0.9999247018391445f,-0.8688077572364985f,0f,0f,0f,1f], start_interpolation: 0, interpolation_duration: 1 }
$data merge entity $(bone_body1) { transformation: [-1.333232935785526f,0f,-0.016362051047626402f,0.5f,0f,1.3333333333333333f,0f,-1.1875f,0.016362051047626402f,0f,-1.333232935785526f,-0.12499999999999994f,0f,0f,0f,1f], start_interpolation: 0, interpolation_duration: 1 }
data modify entity @s data merge value {"locators":{"head":{"posx":0.14027485020757802,"posy":0.08920034098308227,"posz":3.332150220910762,"roty":355.52846409996647,"rotx":-5.351421857379566},"neck":{"posx":0.07967411006968539,"posy":-0.787351619794391,"posz":2.3491221231735913,"roty":357.60720108081307,"rotx":-2.813095801171141},"right_arm":{"posx":-0.6818558097028802,"posy":-2.8250933694293803,"posz":3.043036791605317,"roty":358.5839627126911,"rotx":-2.9554037057538265},"left_arm":{"posx":1.0323221346526938,"posy":-2.839884166957297,"posz":2.8457216636899885,"roty":356.73813743283824,"rotx":-0.09284076311948543},"tail1":{"posx":-0.030641196633871742,"posy":-1.5,"posz":-2.6186759854550012,"roty":359.296875,"rotx":0},"tail2":{"posx":-0.0521163886338814,"posy":-1.875,"posz":-4.368544213673504,"roty":359.296875,"rotx":0}},"cameras":{}}