# This file was generated by Animated Java via MC-Build. It is not recommended to edit this file directly.
$data merge entity $(bone_jaw) { transformation: [-0.9960539056483335f,-0.03720725692184454f,-0.08057441948318794f,0.12048190690347338f,-0.027042444091188014f,0.9919438084180009f,-0.12375858418213749f,0.7095483588789157f,0.08453001396117155f,-0.12109129189807208f,-0.9890356797235275f,3.211129310743128f,0f,0f,0f,1f], start_interpolation: 0, interpolation_duration: 1 }
$data merge entity $(bone_head) { transformation: [-1.1205606438543751f,-0.03950499006561497f,-0.09169623331731773f,0.10010496616629166f,-0.030422749602586514f,1.1191580931211382f,-0.1103839612809568f,0.6850185897053697f,0.09509626570631799f,-0.10746868549197534f,-1.1158101011764234f,2.9631715104817005f,0f,0f,0f,1f], start_interpolation: 0, interpolation_duration: 1 }
$data merge entity $(bone_neck) { transformation: [-0.9989927705872329f,-0.0096384901549162f,-0.043824009651992055f,0.5742352394072631f,-0.00737072614425952f,0.9986397380962327f,-0.05161730224637798f,-0.4142898270249299f,0.044261910380717175f,-0.05124229700765951f,-0.9977049214506403f,2.1848502471833346f,0f,0f,0f,1f], start_interpolation: 0, interpolation_duration: 1 }
$data merge entity $(bone_right_arm2) { transformation: [-0.9965391182420855f,-0.0790211790285906f,-0.025796105873133614f,-0.6982224358989881f,-0.07753829301258673f,0.9955174155079677f,-0.054156149577222173f,-1.8487930210578274f,0.029959955440232687f,-0.05196853553129674f,-0.9981992147786691f,2.4982406935760695f,0f,0f,0f,1f], start_interpolation: 0, interpolation_duration: 1 }
$data merge entity $(bone_right_arm1) { transformation: [-1.1314871238373678f,-0.08972196368871223f,-0.029289328543453785f,-0.508254081711141f,-0.0880382701913745f,1.1303270655246715f,-0.061489794832471f,-0.5551780494715268f,0.03401703273943086f,-0.059005941384493166f,-1.1333720251132804f,1.7344075444558347f,0f,0f,0f,1f], start_interpolation: 0, interpolation_duration: 1 }
$data merge entity $(bone_left_arm2) { transformation: [-0.9982059662150233f,0.0027199391104726456f,-0.059811796026928016f,0.9475325757963202f,0.0028270038706011947f,0.9999945496780528f,-0.0017054803733419811f,-1.838743036351897f,0.05980683123061382f,-0.0018715088628083187f,-0.998208214949531f,2.346887348102287f,0f,0f,0f,1f], start_interpolation: 0, interpolation_duration: 1 }
$data merge entity $(bone_left_arm1) { transformation: [-1.1332735360091244f,0.014480847152239285f,-0.06820853752700903f,0.6108843646648714f,0.014182919222529683f,1.1353153172975374f,0.0053834985244814925f,-0.5330589474906764f,0.06827110902971412f,0.0045213183685048975f,-1.1333532636810588f,1.6845982350086128f,0f,0f,0f,1f], start_interpolation: 0, interpolation_duration: 1 }
$data merge entity $(bone_body2) { transformation: [-1.5817385534297856f,-0.012789447166461786f,-0.06988578596160094f,0.5112911487513279f,-0.011670316395077575f,1.5830837415472172f,-0.02557568002121271f,-0.5f,0.0700813581028022f,-0.025034810454344525f,-1.581583480552458f,0.7499271455154854f,0f,0f,0f,1f], start_interpolation: 0, interpolation_duration: 1 }
$data merge entity $(bone_right_leg2) { transformation: [-0.9999714348306505f,0.007425703696492582f,0.0014101231655147557f,-1.0045632657840524f,0.007419990818257853f,0.9999644141487235f,-0.0040142461879133715f,-2.5505074291557843f,-0.0014398815878377252f,-0.004003668419350473f,-0.999990948649137f,-0.46891924731670914f,0f,0f,0f,1f], start_interpolation: 0, interpolation_duration: 1 }
$data merge entity $(bone_right_leg1) { transformation: [-1.3332223169759776f,0.000610453343288402f,-0.017194727148137422f,-0.6249063299484812f,0f,1.332493848586568f,0.04730667243353219f,-1.125f,0.017205560002023362f,0.04730273357269305f,-1.3323829021266165f,-0.11048280874829274f,0f,0f,0f,1f], start_interpolation: 0, interpolation_duration: 1 }
$data merge entity $(bone_left_leg2) { transformation: [-0.9999167377319833f,-0.0007489289283032415f,-0.012882418596227001f,0.9967674582761188f,0f,0.9983143894347359f,-0.05803774502468333f,-2.5751435617846776f,0.012904170001517522f,-0.058032912670402004f,-0.998231267514478f,-0.3787089722740072f,0f,0f,0f,1f], start_interpolation: 0, interpolation_duration: 1 }
$data merge entity $(bone_left_leg1) { transformation: [-1.3332223169759776f,-0.0007768395349142161f,-0.01718801371072936f,0.6249895922164979f,0f,1.3319735952570415f,-0.0602006587655665f,-1.125f,0.017205560002023362f,-0.060195646322181585f,-1.3318626921145622f,-0.12661302125018964f,0f,0f,0f,1f], start_interpolation: 0, interpolation_duration: 1 }
$data merge entity $(bone_tail3) { transformation: [-0.9999167377319833f,0f,-0.012904170001517522f,-0.047542495746587546f,0f,1f,0f,-0.5625f,0.012904170001517522f,0f,-0.9999167377319833f,-3.8057408853859296f,0f,0f,0f,1f], start_interpolation: 0, interpolation_duration: 1 }
$data merge entity $(bone_tail2) { transformation: [-1.541538304003474f,0f,-0.019893928752339512f,-0.1483367692102401f,0f,1.5416666666666665f,0f,-0.75f,0.019893928752339512f,0f,-1.541538304003474f,-1.9292839808882711f,0f,0f,0f,1f], start_interpolation: 0, interpolation_duration: 1 }
$data merge entity $(bone_tail1) { transformation: [-0.9999167377319833f,0f,-0.012904170001517522f,-0.009636496367129821f,0f,1f,0f,-0.75f,0.012904170001517522f,0f,-0.9999167377319833f,-0.8684854682982286f,0f,0f,0f,1f], start_interpolation: 0, interpolation_duration: 1 }
$data merge entity $(bone_body1) { transformation: [-1.3332223169759776f,0f,-0.017205560002023362f,0.5f,0f,1.3333333333333333f,0f,-1.1875f,0.017205560002023362f,0f,-1.3332223169759776f,-0.12499999999999994f,0f,0f,0f,1f], start_interpolation: 0, interpolation_duration: 1 }
data modify entity @s data merge value {"locators":{"head":{"posx":0.14752335879088824,"posy":0.09392630499389198,"posz":3.3328235860818043,"roty":355.30204303085736,"rotx":-5.630868812881332},"neck":{"posx":0.08383128912823917,"posy":-0.7860129291023497,"posz":2.3509101789328954,"roty":357.48490986414754,"rotx":-2.958768425511904},"right_arm":{"posx":-0.668586898823961,"posy":-2.8220785050904706,"posz":3.0511813337117153,"roty":358.51965511599474,"rotx":-3.1044375632647294},"left_arm":{"posx":1.0371064075877505,"posy":-2.8380615335851913,"posz":2.844125037487948,"roty":356.5709849342814,"rotx":-0.097716874805845},"tail1":{"posx":-0.03221879386978549,"posy":-1.5,"posz":-2.6183397593291993,"roty":359.260625,"rotx":0},"tail2":{"posx":-0.05480109137244115,"posy":-1.875,"posz":-4.36819405036017,"roty":359.260625,"rotx":0}},"cameras":{}}