# This file was generated by Animated Java via MC-Build. It is not recommended to edit this file directly.
$data merge entity $(bone_jaw) { transformation: [-0.9971830804079408f,-0.03041569961563636f,-0.06856230279841537f,0.10225888657560879f,-0.02313939938333294f,0.9942527258046239f,-0.10452791697079905f,0.6965659453172776f,0.07134754616879845f,-0.10264697972647331f,-0.9921557968427763f,3.2178372185582687f,0f,0f,0f,1f], start_interpolation: 0, interpolation_duration: 1 }
$data merge entity $(bone_head) { transformation: [-1.1218309654589333f,-0.03252688059322127f,-0.0778606895445425f,0.08495651112126601f,-0.026031824306249556f,1.120833433205748f,-0.09316522490449455f,0.6758625620051677f,0.08026598943989825f,-0.09110113636552959f,-1.1184287880290564f,2.969297487885145f,0f,0f,0f,1f], start_interpolation: 0, interpolation_duration: 1 }
$data merge entity $(bone_neck) { transformation: [-0.9992802518496698f,-0.00785296042567872f,-0.037112117641185306f,0.5627868119149215f,-0.006231429395420337f,0.99902927549025f,-0.04360821024894384f,-0.4179219993327797f,0.03741854554830191f,-0.04334556177948237f,-0.9983591611855279f,2.1854760560384525f,0f,0f,0f,1f], start_interpolation: 0, interpolation_duration: 1 }
$data merge entity $(bone_right_arm2) { transformation: [-0.9975317985148473f,-0.06660763058608787f,-0.022220137250731818f,-0.7258017230725696f,-0.06553496668619646f,0.9967922698784427f,-0.04593842457051169f,-1.8535279075401188f,0.025208710660667016f,-0.04436884332827176f,-0.998697114569046f,2.4800170586626873f,0f,0f,0f,1f], start_interpolation: 0, interpolation_duration: 1 }
$data merge entity $(bone_right_arm1) { transformation: [-1.1326142295637327f,-0.07562741389462059f,-0.02522911417010175f,-0.5167718955407983f,-0.07440949342495222f,1.1317745564244817f,-0.052159252897768474f,-0.5563410431274531f,0.028622390229299004f,-0.05037712419564189f,-1.1339373488336042f,1.7273009634466532f,0f,0f,0f,1f], start_interpolation: 0, interpolation_duration: 1 }
$data merge entity $(bone_left_arm2) { transformation: [-0.9987156295489739f,0.0022792030875041494f,-0.050615180804604906f,0.9365279836844241f,0.0023549768712439454f,0.999996193874951f,-0.001437469842226851f,-1.844383565274843f,0.05061171187119478f,-0.0015548211785659316f,-0.9987171957829553f,2.3513844021091916f,0f,0f,0f,1f], start_interpolation: 0, interpolation_duration: 1 }
$data merge entity $(bone_left_arm1) { transformation: [-1.133883133200102f,0.012166067610478446f,-0.057723773158564286f,0.603436008165068f,0.011949844647952037f,1.135344642335849f,0.004555356914312806f,-0.5376375918117938f,0.05776892245536463f,0.003941682714810085f,-1.1339392495544751f,1.685194446440178f,0f,0f,0f,1f], start_interpolation: 0, interpolation_duration: 1 }
$data merge entity $(bone_body2) { transformation: [-1.5821937320953108f,-0.010665825303233204f,-0.05910734923305239f,0.5095445800574094f,-0.009866429876082201f,1.5831556307260943f,-0.021571900848267548f,-0.5f,0.05924603045147803f,-0.021188051239036682f,-1.5820826207265155f,0.7499479418751311f,0f,0f,0f,1f], start_interpolation: 0, interpolation_duration: 1 }
$data merge entity $(bone_right_leg2) { transformation: [-0.9999799614235736f,0.0062099104975784376f,0.0012303507305514473f,-1.0037883096119433f,0.006205721894795105f,0.9999750338272213f,-0.0033794582423791394f,-2.5524803452126434f,-0.00125130614661801f,-0.0033717553083800096f,-0.9999935327286211f,-0.4640915568191665f,0f,0f,0f,1f], start_interpolation: 0, interpolation_duration: 1 }
$data merge entity $(bone_right_leg1) { transformation: [-1.3332540066668663f,0.00043622690776017525f,-0.0145375785676361f,-0.6249330681251686f,0f,1.3327334644552267f,0.039991130253430096f,-1.125f,0.014544121992242998f,0.03998875098114166f,-1.3326541734779584f,-0.11272839706904492f,0f,0f,0f,1f], start_interpolation: 0, interpolation_duration: 1 }
$data merge entity $(bone_left_leg2) { transformation: [-0.9999405050001497f,-0.000535234680970213f,-0.010894952220259518f,0.9971624750666788f,0f,0.9987954562051723f,-0.049067674327418015f,-2.573380510487112f,0.010908091494182249f,-0.04906475504614125f,-0.998736032869655f,-0.387841911092328f,0f,0f,0f,1f], start_interpolation: 0, interpolation_duration: 1 }
$data merge entity $(bone_left_leg1) { transformation: [-1.3332540066668663f,-0.0005551462687194836f,-0.014533523218599584f,0.6249925631250187f,0f,1.3323616900675002f,-0.05089307043450881f,-1.125f,0.014544121992242998f,-0.05089004255129093f,-1.3322824212089492f,-0.1263635114367727f,0f,0f,0f,1f], start_interpolation: 0, interpolation_duration: 1 }
$data merge entity $(bone_tail3) { transformation: [-0.9999405050001497f,0f,-0.010908091494182249f,-0.04019383988487196f,0f,1f,0f,-0.5625f,0.010908091494182249f,0f,-0.9999405050001497f,-3.806826566440961f,0f,0f,0f,1f], start_interpolation: 0, interpolation_duration: 1 }
$data merge entity $(bone_tail2) { transformation: [-1.541574945208564f,0f,-0.016816641053530965f,-0.14473373145829896f,0f,1.5416666666666665f,0f,-0.75f,0.016816641053530965f,0f,-1.541574945208564f,-1.9305746081289077f,0f,0f,0f,1f], start_interpolation: 0, interpolation_duration: 1 }
$data merge entity $(bone_tail1) { transformation: [-0.9999405050001497f,0f,-0.010908091494182249f,-0.008151321120711597f,0f,1f,0f,-0.75f,0.010908091494182249f,0f,-0.9999405050001497f,-0.8695013330030212f,0f,0f,0f,1f], start_interpolation: 0, interpolation_duration: 1 }
$data merge entity $(bone_body1) { transformation: [-1.3332540066668663f,0f,-0.014544121992242998f,0.5f,0f,1.3333333333333333f,0f,-1.1875f,0.014544121992242998f,0f,-1.3332540066668663f,-0.12499999999999994f,0f,0f,0f,1f], start_interpolation: 0, interpolation_duration: 1 }
data modify entity @s data merge value {"locators":{"head":{"posx":0.12465496965765074,"posy":0.07905655047544513,"posz":3.3305838936518435,"roty":356.01771424103185,"rotx":-4.750306193899013},"neck":{"posx":0.07073056085486429,"posy":-0.7902226660582157,"posz":2.3452348096281,"roty":357.8711177600428,"rotx":-2.4993589884590466},"right_arm":{"posx":-0.7104297612682938,"posy":-2.831446900551193,"posz":3.0253100036917737,"roty":358.72542930819293,"rotx":-2.6330044883189507},"left_arm":{"posx":1.0219760978460333,"posy":-2.8438082102831332,"posz":2.8491345891872855,"roty":357.0987210653724,"rotx":-0.08236098350096994},"tail1":{"posx":-0.027240481235530536,"posy":-1.5,"posz":-2.6193972167532835,"roty":359.375,"rotx":0},"tail2":{"posx":-0.046329641350349476,"posy":-1.875,"posz":-4.369293100503545,"roty":359.375,"rotx":0}},"cameras":{}}