# This file was generated by Animated Java via MC-Build. It is not recommended to edit this file directly.
$data merge entity $(bone_jaw) { transformation: [-0.9977650698530246f,-0.026547147764673477f,-0.061319771091788884f,0.09132984463118052f,-0.020764795259594356f,0.9954419106314282f,-0.09308182333989179f,0.6888149636227522f,0.06351132701350148f,-0.09160049947468783f,-0.993768413583855f,3.2217133780499867f,0f,0f,0f,1f], start_interpolation: 0, interpolation_duration: 1 }
$data merge entity $(bone_head) { transformation: [-1.1224857035846527f,-0.02851901624526654f,-0.06955221750935978f,0.07587379629576724f,-0.02336039466704365f,1.1216960042018176f,-0.08292988676391712f,0.6703860998974372f,0.07145024289018917f,-0.08130030670347055f,-1.119781283519623f,2.972873092823404f,0f,0f,0f,1f], start_interpolation: 0, interpolation_duration: 1 }
$data merge entity $(bone_neck) { transformation: [-0.9994285909235939f,-0.006840417213498108f,-0.03310136457647615f,0.555961176328519f,-0.005552613517510115f,0.9992299538544924f,-0.03884157312821048f,-0.42007819748087705f,0.03334156756369856f,-0.038635579616387764f,-0.9986969669825282f,2.1858113267106623f,0f,0f,0f,1f], start_interpolation: 0, interpolation_duration: 1 }
$data merge entity $(bone_right_arm2) { transformation: [-0.9980428498995304f,-0.05924307726466792f,-0.020018180752406797f,-0.7421930615689452f,-0.05838533653682097f,0.9974512753689768f,-0.041013482445210234f,-1.8562318734439855f,0.02239692483144956f,-0.0397644446838378f,-0.9989580405087495f,2.4690153355818114f,0f,0f,0f,1f], start_interpolation: 0, interpolation_duration: 1 }
$data merge entity $(bone_right_arm1) { transformation: [-1.133194485823425f,-0.06726557731092503f,-0.022728976062628546f,-0.5218237091524983f,-0.06629168419284881f,1.132522802241859f,-0.04656739152633245f,-0.5570284260355292f,0.025429841735708354f,-0.045149213234774166f,-1.1342336084943092f,1.7230418100746812f,0f,0f,0f,1f], start_interpolation: 0, interpolation_duration: 1 }
$data merge entity $(bone_left_arm2) { transformation: [-0.9989792128485329f,0.002020101661315831f,-0.04512705935249571f,0.9299356819868791f,0.0020799158144172982f,0.9999970196306907f,-0.001278546026238699f,-1.8477377147094227f,0.04512434206424132f,-0.001371101387287957f,-0.9989804371629383f,2.354037983736408f,0f,0f,0f,1f], start_interpolation: 0, interpolation_duration: 1 }
$data merge entity $(bone_left_arm1) { transformation: [-1.1341982110210658f,0.010799844677406224f,-0.051466381415464814f,0.5989928143813013f,0.010626614739654249f,1.1353596733199807f,0.004061305500248652f,-0.5403605835995192f,0.05150242829452962f,0.003575261967365101f,-1.134242356961719f,1.6855240070761868f,0f,0f,0f,1f], start_interpolation: 0, interpolation_duration: 1 }
$data merge entity $(bone_body2) { transformation: [-1.5824286022956906f,-0.009426127003383154f,-0.05268122256239125f,0.5085042555943763f,-0.008791638069391016f,1.5831925625132415f,-0.01919535223063221f,-0.5f,0.052790815309189394f,-0.01889186536362392f,-1.5823402515535396f,0.7499586719593021f,0f,0f,0f,1f], start_interpolation: 0, interpolation_duration: 1 }
$data merge entity $(bone_right_leg2) { transformation: [-0.9999842664935387f,0.005497308883087929f,0.0011164051340426424f,-1.003338682218065f,0.005493934092683893f,0.999980396727864f,-0.0030038056143532853f,-2.553635031587975f,-0.001132896096135842f,-0.002997624897731078f,-0.9999948653825218f,-0.4612101323078744f,0f,0f,0f,1f], start_interpolation: 0, interpolation_duration: 1 }
$data merge entity $(bone_right_leg1) { transformation: [-1.3332703572713174f,0.00034632437587991775f,-0.012954237099039048f,-0.6249468639476741f,0f,1.332857101467495f,0.03563319864178557f,-1.125f,0.012958865667621076f,0.03563151561288995f,-1.332794147898885f,-0.11406595709294466f,0f,0f,0f,1f], start_interpolation: 0, interpolation_duration: 1 }
$data merge entity $(bone_left_leg2) { transformation: [-0.9999527679534881f,-0.0004249495601157279f,-0.009709854789287382f,0.9974160840702839f,0f,0.9990436959873066f,-0.043722917423500894f,-2.5722967835591346f,0.009719149250715807f,-0.04372085230063151f,-0.9989965091089902f,-0.39327552927460097f,0f,0f,0f,1f], start_interpolation: 0, interpolation_duration: 1 }
$data merge entity $(bone_left_leg1) { transformation: [-1.3332703572713174f,-0.00044074394797130167f,-0.012951368428230853f,0.624994095994186f,0f,1.332561944892141f,-0.045347996681792f,-1.125f,0.012958865667621076f,-0.045345854803103505f,-1.33249900526438f,-0.12621489365633942f,0f,0f,0f,1f], start_interpolation: 0, interpolation_duration: 1 }
$data merge entity $(bone_tail3) { transformation: [-0.9999527679534881f,0f,-0.009719149250715807f,-0.0358157468387586f,0f,1f,0f,-0.5625f,0.009719149250715807f,0f,-0.9999527679534881f,-3.8074662572031297f,0f,0f,0f,1f], start_interpolation: 0, interpolation_duration: 1 }
$data merge entity $(bone_tail2) { transformation: [-1.5415938505949607f,0f,-0.014983688428186868f,-0.14258643798785248f,0f,1.5416666666666665f,0f,-0.75f,0.014983688428186868f,0f,-1.5415938505949607f,-1.9313399236339999f,0f,0f,0f,1f], start_interpolation: 0, interpolation_duration: 1 }
$data merge entity $(bone_tail1) { transformation: [-0.9999527679534881f,0f,-0.009719149250715807f,-0.007265745914780908f,0f,1f,0f,-0.75f,0.009719149250715807f,0f,-0.9999527679534881f,-0.8701050013397582f,0f,0f,0f,1f], start_interpolation: 0, interpolation_duration: 1 }
$data merge entity $(bone_body1) { transformation: [-1.3332703572713174f,0f,-0.012958865667621076f,0.5f,0f,1.3333333333333333f,0f,-1.1875f,0.012958865667621076f,0f,-1.3332703572713174f,-0.12499999999999994f,0f,0f,0f,1f], start_interpolation: 0, interpolation_duration: 1 }
data modify entity @s data merge value {"locators":{"head":{"posx":0.11103775462907081,"posy":0.07025773277529335,"posz":3.3290902864141163,"roty":356.4457919472194,"rotx":-4.227418971979468},"neck":{"posx":0.06294970789384335,"posy":-0.7927105402940404,"posz":2.341807573721473,"roty":358.1016519450129,"rotx":-2.2260181696602683},"right_arm":{"posx":-0.7353185720467945,"posy":-2.8368254911239084,"posz":3.0096586083219896,"roty":358.8520000484966,"rotx":-2.3505587429777735},"left_arm":{"posx":1.0129153108048445,"posy":-2.847225456065395,"posz":2.85207903232615,"roty":357.413529465169,"rotx":-0.07325531117487387},"tail1":{"posx":-0.024274257103533578,"posy":-1.5,"posz":-2.6200223452583624,"roty":359.443125,"rotx":0},"tail2":{"posx":-0.04128276829228624,"posy":-1.875,"posz":-4.369939689176967,"roty":359.443125,"rotx":0}},"cameras":{}}