# This file was generated by Animated Java via MC-Build. It is not recommended to edit this file directly.
$data merge entity $(bone_jaw) { transformation: [-0.9999854838590712f,-0.0018033867889633494f,-0.005077387835176231f,0.007506564249788122f,-0.0017653957218336852f,0.9999704887176182f,-0.007476969425690446f,0.6301840716278345f,0.00509072186283384f,-0.007467897290186232f,-0.9999591566964016f,3.2479420504595313f,0f,0f,0f,1f], start_interpolation: 0, interpolation_duration: 1 }
$data merge entity $(bone_head) { transformation: [-1.124983669341455f,-0.0020198351533985267f,-0.005715241113802865f,0.0062365106689430405f,-0.001986070187062896f,1.1249786248256357f,-0.006644487236304423f,0.6287075189086557f,0.00572706209568807f,-0.006634301121779746f,-1.1249658602857147f,2.997949637062706f,0f,0f,0f,1f], start_interpolation: 0, interpolation_duration: 1 }
$data merge entity $(bone_neck) { transformation: [-0.9999962683624364f,-0.00045725308188576913f,-0.0026933586507013477f,0.50453212234597f,-0.00044882280124007617f,0.9999950014472039f,-0.0031297985078413064f,-0.43610572001599945f,0.002694776297819326f,-0.003128577987793276f,-0.9999914750539022f,2.187433289544531f,0f,0f,0f,1f], start_interpolation: 0, interpolation_duration: 1 }
$data merge entity $(bone_right_arm2) { transformation: [-0.9999873420296572f,-0.004716910874502379f,-0.0017511516962855746f,-0.8643558354933207f,-0.004711008667972676f,0.9999832601611853f,-0.003359433692947531f,-1.8737081107241769f,0.001766968531606873f,-0.0033511414785153404f,-0.9999928238107508f,2.382865249892802f,0f,0f,0f,1f], start_interpolation: 0, interpolation_duration: 1 }
$data merge entity $(bone_right_arm1) { transformation: [-1.1354022945961733f,-0.005355659222091242f,-0.001988286821824246f,-0.5592546534230336f,-0.0053489577584273085f,1.1353976599746791f,-0.0038143570055341755f,-0.5620675022177808f,0.00200624552026197f,-0.0038049418870642923f,-1.13540851870179f,1.6904196326662322f,0f,0f,0f,1f], start_interpolation: 0, interpolation_duration: 1 }
$data merge entity $(bone_left_arm2) { transformation: [-0.999993279261113f,0.0001566538801088055f,-0.0036629076110973827f,0.8795082761670968f,0.00015702827258412937f,0.999999982476763f,-0.00010192445838871217f,-1.8728073519260895f,0.003662891580049501f,-0.00010249895343584738f,-0.9999932863370822f,2.3733559011461547f,0f,0f,0f,1f], start_interpolation: 0, interpolation_duration: 1 }
$data merge entity $(bone_left_arm1) { transformation: [-1.1354086624381619f,0.0008474629304651776f,-0.0041782785222952215f,0.5654595186361326f,0.0008462552287535578f,1.1354163034207359f,0.00032973159332167076f,-0.5607189532796905f,0.0041785232937239245f,0.000326615090457495f,-1.135408930830699f,1.6873879498577227f,0f,0f,0f,1f], start_interpolation: 0, interpolation_duration: 1 }
$data merge entity $(bone_body2) { transformation: [-1.5833274249071911f,-0.0007147717394391502f,-0.004266038275589748f,0.5006872233223203f,-0.000710636101963454f,1.5833324290424424f,-0.0015357679950248795f,-0.5f,0.004266729138213933f,-0.0015338475688462926f,-1.5833268414255288f,0.7499997301280186f,0f,0f,0f,1f], start_interpolation: 0, interpolation_duration: 1 }
$data merge entity $(bone_right_leg2) { transformation: [-0.9999999056089789f,0.00042232968296138107f,0.00010207679522405326f,-1.0002474121747704f,0.00042230533909202344f,0.9999998824142345f,-0.00023838984342458786f,-2.5618216960608153f,-0.00010217746232826991f,-0.0002383467133471066f,-0.9999999663753046f,-0.4394258513414978f,0f,0f,0f,1f], start_interpolation: 0, interpolation_duration: 1 }
$data merge entity $(bone_right_leg1) { transformation: [-1.3333329220998378f,0.0000022617823508751877f,-0.0010471950009852307f,-0.6249996530217381f,0f,1.333330223381072f,0.002879791026785386f,-1.125f,0.0010471974435357738f,0.002879790138585488f,-1.3333298121485357f,-0.12411642715701664f,0f,0f,0f,1f], start_interpolation: 0, interpolation_duration: 1 }
$data merge entity $(bone_left_leg2) { transformation: [-0.9999996915748783f,-0.000002775820173523534f,-0.0007853931773675753f,0.9997575133376404f,0f,0.9999937543974662f,-0.003534284377358309f,-2.5633535969888666f,0.0007853980826518303f,-0.0035342832872962203f,-0.9999934459742709f,-0.4339398936553321f,0f,0f,0f,1f], start_interpolation: 0, interpolation_duration: 1 }
$data merge entity $(bone_left_leg1) { transformation: [-1.3333329220998378f,-0.000002878630695677921f,-0.0010471934870085746f,0.6249999614468598f,0f,1.3333282957259258f,-0.00366518681323803f,-1.125f,0.0010471974435357738f,-0.0036651856828023408f,-1.333327884493984f,-0.12509817476033142f,0f,0f,0f,1f], start_interpolation: 0, interpolation_duration: 1 }
$data merge entity $(bone_tail3) { transformation: [-0.9999996915748783f,0f,-0.0007853980826518303f,-0.002896001217217739f,0f,1f,0f,-0.5625f,0.0007853980826518303f,0f,-0.9999996915748783f,-3.812106163641038f,0f,0f,0f,1f], start_interpolation: 0, interpolation_duration: 1 }
$data merge entity $(bone_tail2) { transformation: [-1.5416661911779372f,0f,-0.0012108220440882383f,-0.12642334125910534f,0f,1.5416666666666665f,0f,-0.75f,0.0012108220440882383f,0f,-1.5416661911779372f,-1.9370085671778097f,0f,0f,0f,1f], start_interpolation: 0, interpolation_duration: 1 }
$data merge entity $(bone_tail1) { transformation: [-0.9999996915748783f,0f,-0.0007853980826518303f,-0.000588894349427993f,0f,1f,0f,-0.75f,0.0007853980826518303f,0f,-0.9999996915748783f,-0.8746070696398329f,0f,0f,0f,1f], start_interpolation: 0, interpolation_duration: 1 }
$data merge entity $(bone_body1) { transformation: [-1.3333329220998378f,0f,-0.0010471974435357738f,0.5f,0f,1.3333333333333333f,0f,-1.1875f,0.0010471974435357738f,0f,-1.3333329220998378f,-0.12499999999999994f,0f,0f,0f,1f], start_interpolation: 0, interpolation_duration: 1 }
data modify entity @s data merge value {"locators":{"head":{"posx":0.008946208285776351,"posy":0.005565084904498252,"posz":3.314125876654171,"roty":359.7089188311682,"rotx":-0.33840292360611535},"neck":{"posx":0.005042127901796645,"posy":-0.8109370321458408,"posz":2.314952828820601,"roty":359.84568097419356,"rotx":-0.17932453799285947},"right_arm":{"posx":-0.9212625576475292,"posy":-2.8723060920806365,"posz":2.886323238809918,"roty":359.8996657810584,"rotx":-0.19248173421265655},"left_arm":{"posx":0.9436826560463563,"posy":-2.872766186440695,"posz":2.8732261125443785,"roty":359.79013038274616,"rotx":-0.005839841304941288},"tail1":{"posx":-0.0019633409940686825,"posy":-1.5,"posz":-2.62460652989587,"roty":359.95500000000004,"rotx":0},"tail2":{"posx":-0.0033377876387093936,"posy":-1.875,"posz":-4.374605990151907,"roty":359.95500000000004,"rotx":0}},"cameras":{}}