# This file was generated by Animated Java via MC-Build. It is not recommended to edit this file directly.
$data merge entity $(bone_jaw) { transformation: [-0.9999794298273219f,-0.00008227815193796941f,-0.006413513275109183f,0.016045387639855763f,0f,0.9999177201555515f,-0.012827818166950916f,0.625f,0.00641404102140671f,-0.01282755429651614f,-0.999897151675384f,3.2531555950790083f,0f,0f,0f,1f], start_interpolation: 0, interpolation_duration: 1 }
$data merge entity $(bone_head) { transformation: [-1.1249768585557371f,0f,-0.007215796149082549f,0.014441877384504087f,0f,1.125f,0f,0.625f,0.007215796149082549f,0f,-1.1249768585557371f,3.003160737622178f,0f,0f,0f,1f], start_interpolation: 0, interpolation_duration: 1 }
$data merge entity $(bone_neck) { transformation: [-0.9999794298273219f,0f,-0.00641404102140671f,0.5092201839682721f,0f,1f,0f,-0.4375f,0.00641404102140671f,0f,-0.9999794298273219f,2.1874704303767754f,0f,0f,0f,1f], start_interpolation: 0, interpolation_duration: 1 }
$data merge entity $(bone_right_arm2) { transformation: [-0.9999794298273219f,0f,-0.00641404102140671f,-0.8645488993527817f,0f,1f,0f,-1.875f,0.00641404102140671f,0f,-0.9999794298273219f,2.3837858798738325f,0f,0f,0f,1f], start_interpolation: 0, interpolation_duration: 1 }
$data merge entity $(bone_right_arm1) { transformation: [-1.1353933109497716f,0f,-0.007282609076388868f,-0.5564649807339607f,0f,1.1354166666666665f,0f,-0.5625f,0.007282609076388868f,0f,-1.1353933109497716f,1.694295634048359f,0f,0f,0f,1f], start_interpolation: 0, interpolation_duration: 1 }
$data merge entity $(bone_left_arm2) { transformation: [-0.9999794298273219f,0f,-0.00641404102140671f,0.8854151028450314f,0f,1f,0f,-1.875f,0.00641404102140671f,0f,-0.9999794298273219f,2.372561308086371f,0f,0f,0f,1f], start_interpolation: 0, interpolation_duration: 1 }
$data merge entity $(bone_left_arm1) { transformation: [-1.1353933109497716f,0f,-0.007282609076388868f,0.5685118778217763f,0f,1.1354166666666665f,0f,-0.5625f,0.007282609076388868f,0f,-1.1353933109497716f,1.6870798378992764f,0f,0f,0f,1f], start_interpolation: 0, interpolation_duration: 1 }
$data merge entity $(bone_body2) { transformation: [-1.58330076389326f,0f,-0.010155564950560626f,0.4999999999999999f,0f,1.5833333333333335f,0f,-0.5f,0.010155564950560626f,0f,-1.58330076389326f,0.75f,0f,0f,0f,1f], start_interpolation: 0, interpolation_duration: 1 }
$data merge entity $(bone_right_leg2) { transformation: [-1f,4.7118299167703426e-18f,1.2237400249012861e-16f,-1f,0f,0.9992595626374083f,-0.03847501108116154f,-2.5734590622541376f,-1.2246467991473532e-16f,-0.03847501108116154f,-0.9992595626374083f,-0.3819607848950205f,0f,0f,0f,1f], start_interpolation: 0, interpolation_duration: 1 }
$data merge entity $(bone_right_leg1) { transformation: [-1.3333333333333333f,6.2824398890271234e-18f,1.6316533665350482e-16f,-0.625f,0f,1.3323460835165444f,-0.05130001477488205f,-1.125f,-1.6328623988631375e-16f,-0.05130001477488205f,-1.3323460835165444f,-0.12500000000000008f,0f,0f,0f,1f], start_interpolation: 0, interpolation_duration: 1 }
$data merge entity $(bone_left_leg2) { transformation: [-1f,-4.7118299167703426e-18f,1.2237400249012861e-16f,1f,0f,0.9992595626374083f,0.03847501108116154f,-2.5494121803284115f,-1.2246467991473532e-16f,0.03847501108116154f,-0.9992595626374083f,-0.4925764417533597f,0f,0f,0f,1f], start_interpolation: 0, interpolation_duration: 1 }
$data merge entity $(bone_left_leg1) { transformation: [-1.3333333333333333f,-6.2824398890271234e-18f,1.6316533665350482e-16f,0.625f,0f,1.3323460835165444f,0.05130001477488205f,-1.125f,-1.6328623988631375e-16f,0.05130001477488205f,-1.3323460835165444f,-0.12499999999999993f,0f,0f,0f,1f], start_interpolation: 0, interpolation_duration: 1 }
$data merge entity $(bone_tail3) { transformation: [-0.9993778146729876f,-0.0010178745096184748f,0.03525546015763151f,0.10337206274248922f,-1.0842021724855044e-19f,0.9995834814930123f,0.028859375015906213f,-0.47780368311083565f,-0.03527015082819569f,0.028841419136224566f,-0.9989615553177034f,-3.8040418026577116f,0f,0f,0f,1f], start_interpolation: 0, interpolation_duration: 1 }
$data merge entity $(bone_tail2) { transformation: [-1.5407074642875225f,-0.001569223202328482f,0.05435216774301523f,-0.08746330041663986f,-1.6714783492484858e-19f,1.541024533968394f,0.04449153648285541f,-0.7193369140455996f,-0.05437481586013502f,0.044463854501679535f,-1.5400657311147925f,-1.9408054213785841f,0f,0f,0f,1f], start_interpolation: 0, interpolation_duration: 1 }
$data merge entity $(bone_tail1) { transformation: [-0.9993778146729876f,-0.0010178745096184748f,0.03525546015763151f,1.1102230246251565e-16f,-1.0842021724855044e-19f,0.9995834814930123f,0.028859375015906213f,-0.75f,-0.03527015082819569f,0.028841419136224566f,-0.9989615553177034f,-0.875f,0f,0f,0f,1f], start_interpolation: 0, interpolation_duration: 1 }
data modify entity @s data merge value {"locators":{"hitbox_head":{"posx":0.016446265203693685,"posy":0,"posz":3.315654309443216,"roty":359.63250000000005,"rotx":0},"hitbox_neck":{"posx":0.010032224182286942,"posy":-0.8125,"posz":2.315674879615894,"roty":359.63250000000005,"rotx":0},"hitbox_right_arm":{"posx":-0.923840593206286,"posy":-2.875,"posz":2.8841764723513315,"roty":359.63250000000005,"rotx":0},"hitbox_left_arm":{"posx":0.9511208377199424,"posy":-2.875,"posz":2.8721501454361937,"roty":359.63250000000005,"rotx":0},"hitbox_tail1":{"posx":0.062460461158069136,"posy":-1.4491837048419234,"posz":-2.6448137861581493,"roty":2.021250000000009,"rotx":1.6537500000000003},"hitbox_tail2":{"posx":0.1245392193750312,"posy":-1.773523604123967,"posz":-4.403812040140214,"roty":2.021250000000009,"rotx":1.6537500000000003}},"cameras":{}}