# This file was generated by Animated Java via MC-Build. It is not recommended to edit this file directly.
$data merge entity $(bone_jaw) { transformation: [-0.9999791842163475f,-0.00008326053484731261f,-0.006451682082346525f,0.016140956163725954f,0f,0.9999167377319833f,-0.012904170001517648f,0.625f,0.006452219308759913f,-0.01290390139110668f,-0.9998959236815002f,3.2531740701952487f,0f,0f,0f,1f], start_interpolation: 0, interpolation_duration: 1 }
$data merge entity $(bone_head) { transformation: [-1.1249765822433908f,0f,-0.007258746722354902f,0.014527901336535975f,0f,1.125f,0f,0.625f,0.007258746722354902f,0f,-1.1249765822433908f,3.003179274141162f,0f,0f,0f,1f], start_interpolation: 0, interpolation_duration: 1 }
$data merge entity $(bone_neck) { transformation: [-0.9999791842163475f,0f,-0.006452219308759913f,0.5092750652563423f,0f,1f,0f,-0.4375f,0.006452219308759913f,0f,-0.9999791842163475f,2.1874700773109996f,0f,0f,0f,1f], start_interpolation: 0, interpolation_duration: 1 }
$data merge entity $(bone_right_arm2) { transformation: [-0.9999791842163475f,0f,-0.006452219308759913f,-0.8644865219207429f,0f,1f,0f,-1.875f,0.006452219308759913f,0f,-0.9999791842163475f,2.3838379759011095f,0f,0f,0f,1f], start_interpolation: 0, interpolation_duration: 1 }
$data merge entity $(bone_right_arm1) { transformation: [-1.1353930320789778f,0f,-0.007325957340154484f,-0.5564289276279067f,0f,1.1354166666666665f,0f,-0.5625f,0.007325957340154484f,0f,-1.1353930320789778f,1.6943359682183832f,0f,0f,0f,1f], start_interpolation: 0, interpolation_duration: 1 }
$data merge entity $(bone_left_arm2) { transformation: [-0.9999791842163475f,0f,-0.006452219308759913f,0.8854770504578651f,0f,1f,0f,-1.875f,0.006452219308759913f,0f,-0.9999791842163475f,2.37254659211078f,0f,0f,0f,1f], start_interpolation: 0, interpolation_duration: 1 }
$data merge entity $(bone_left_arm1) { transformation: [-1.1353930320789778f,0f,-0.007325957340154484f,0.5685476546154841f,0f,1.1354166666666665f,0f,-0.5625f,0.007325957340154484f,0f,-1.1353930320789778f,1.6870772214960283f,0f,0f,0f,1f], start_interpolation: 0, interpolation_duration: 1 }
$data merge entity $(bone_body2) { transformation: [-1.583300375009217f,0f,-0.01021601390553653f,0.4999999999999999f,0f,1.5833333333333335f,0f,-0.5f,0.01021601390553653f,0f,-1.583300375009217f,0.75f,0f,0f,0f,1f], start_interpolation: 0, interpolation_duration: 1 }
$data merge entity $(bone_right_leg2) { transformation: [-1f,4.739862551965918e-18f,1.2237291991942927e-16f,-1f,0f,0.9992507227768044f,-0.03870391491870142f,-2.5735178874037503f,-1.2246467991473532e-16f,-0.03870391491870142f,-0.9992507227768044f,-0.3816289731721182f,0f,0f,0f,1f], start_interpolation: 0, interpolation_duration: 1 }
$data merge entity $(bone_right_leg1) { transformation: [-1.3333333333333333f,6.319816735954557e-18f,1.6316389322590568e-16f,-0.625f,0f,1.332334297035739f,-0.05160521989160189f,-1.125f,-1.6328623988631375e-16f,-0.05160521989160189f,-1.332334297035739f,-0.12500000000000008f,0f,0f,0f,1f], start_interpolation: 0, interpolation_duration: 1 }
$data merge entity $(bone_left_leg2) { transformation: [-1f,-4.739862551965918e-18f,1.2237291991942927e-16f,1f,0f,0.9992507227768044f,0.03870391491870142f,-2.549327940579562f,-1.2246467991473532e-16f,0.03870391491870142f,-0.9992507227768044f,-0.4929027285633846f,0f,0f,0f,1f], start_interpolation: 0, interpolation_duration: 1 }
$data merge entity $(bone_left_leg1) { transformation: [-1.3333333333333333f,-6.319816735954557e-18f,1.6316389322590568e-16f,0.625f,0f,1.332334297035739f,0.05160521989160189f,-1.125f,-1.6328623988631375e-16f,0.05160521989160189f,-1.332334297035739f,-0.12499999999999993f,0f,0f,0f,1f], start_interpolation: 0, interpolation_duration: 1 }
$data merge entity $(bone_tail3) { transformation: [-0.9993703864399262f,-0.001030023868522127f,0.035465049806011645f,0.10398545432981143f,0f,0.9995785085311548f,0.029031108877064466f,-0.4773001473240316f,-0.03548000432514928f,0.02901283049725149f,-0.9989491603478253f,-3.8039732528035026f,0f,0f,0f,1f], start_interpolation: 0, interpolation_duration: 1 }
$data merge entity $(bone_tail2) { transformation: [-1.5406960124282194f,-0.0015879534639716122f,0.05467528511760128f,-0.08723968288610329f,0f,1.5410168673188636f,0.04475629285214105f,-0.719154446818119f,-0.0546983400012718f,0.04472811368326271f,-1.5400466222028972f,-1.9408184834102082f,0f,0f,0f,1f], start_interpolation: 0, interpolation_duration: 1 }
$data merge entity $(bone_tail1) { transformation: [-0.9993703864399262f,-0.001030023868522127f,0.035465049806011645f,1.1102230246251565e-16f,0f,0.9995785085311548f,0.029031108877064466f,-0.75f,-0.03548000432514928f,0.02901283049725149f,-0.9989491603478253f,-0.875f,0f,0f,0f,1f], start_interpolation: 0, interpolation_duration: 1 }
data modify entity @s data merge value {"locators":{"hitbox_head":{"posx":0.016544219870523447,"posy":0,"posz":3.3156727692087706,"roty":359.63031250000006,"rotx":0},"hitbox_neck":{"posx":0.010092000561763514,"posy":-0.8125,"posz":2.315693584992423,"roty":359.63031250000006,"rotx":0},"hitbox_right_arm":{"posx":-0.9237591112798846,"posy":-2.875,"posz":2.8842308317160805,"roty":359.63031250000006,"rotx":0},"hitbox_left_arm":{"posx":0.9512018591257667,"posy":-2.875,"posz":2.872132920512156,"roty":359.63031250000006,"rotx":0},"hitbox_tail1":{"posx":0.0628363550619121,"posy":-1.4488794408635033,"posz":-2.644920653481633,"roty":2.0332812499999875,"rotx":1.6635937500000004},"hitbox_tail2":{"posx":0.12528645117312828,"posy":-1.7729169410278236,"posz":-4.403961495526797,"roty":2.0332812499999875,"rotx":1.6635937500000004}},"cameras":{}}