# This file was generated by Animated Java via MC-Build. It is not recommended to edit this file directly.
$data merge entity $(bone_jaw) { transformation: [-0.9999823607845189f,-0.00007055499508420029f,-0.005939119615997423f,0.014857666326521444f,0f,0.9999294437603591f,-0.01187886783741954f,0.625f,0.005939538687512415f,-0.011878658303510084f,-0.9999118057894346f,3.2529256713050527f,0f,0f,0f,1f], start_interpolation: 0, interpolation_duration: 1 }
$data merge entity $(bone_head) { transformation: [-1.1249801558825836f,0f,-0.006681981023451467f,0.01337278165464334f,0f,1.125f,0f,0.625f,0.006681981023451467f,0f,-1.1249801558825836f,3.0029300811089232f,0f,0f,0f,1f], start_interpolation: 0, interpolation_duration: 1 }
$data merge entity $(bone_neck) { transformation: [-0.9999823607845189f,0f,-0.005939538687512415f,0.5085380868632989f,0f,1f,0f,-0.4375f,0.005939538687512415f,0f,-0.9999823607845189f,2.1874746436277457f,0f,0f,0f,1f], start_interpolation: 0, interpolation_duration: 1 }
$data merge entity $(bone_right_arm2) { transformation: [-0.9999823607845189f,0f,-0.005939538687512415f,-0.8653239957115058f,0f,1f,0f,-1.875f,0.005939538687512415f,0f,-0.9999823607845189f,2.383138201970173f,0f,0f,0f,1f], start_interpolation: 0, interpolation_duration: 1 }
$data merge entity $(bone_right_arm1) { transformation: [-1.1353966388074224f,0f,-0.006743851218113054f,-0.5569129408140084f,0f,1.1354166666666665f,0f,-0.5625f,0.006743851218113054f,0f,-1.1353966388074224f,1.6937942230909684f,0f,0f,0f,1f], start_interpolation: 0, interpolation_duration: 1 }
$data merge entity $(bone_left_arm2) { transformation: [-0.9999823607845189f,0f,-0.005939538687512415f,0.884645135661402f,0f,1f,0f,-1.875f,0.005939538687512415f,0f,-0.9999823607845189f,2.372744009267026f,0f,0f,0f,1f], start_interpolation: 0, interpolation_duration: 1 }
$data merge entity $(bone_left_arm1) { transformation: [-1.1353966388074224f,0f,-0.006743851218113054f,0.5680672150685752f,0f,1.1354166666666665f,0f,-0.5625f,0.006743851218113054f,0f,-1.1353966388074224f,1.687112242067517f,0f,0f,0f,1f], start_interpolation: 0, interpolation_duration: 1 }
$data merge entity $(bone_body2) { transformation: [-1.5833054045754884f,0f,-0.009404269588561324f,0.4999999999999999f,0f,1.5833333333333335f,0f,-0.5f,0.009404269588561324f,0f,-1.5833054045754884f,0.75f,0f,0f,0f,1f], start_interpolation: 0, interpolation_duration: 1 }
$data merge entity $(bone_right_leg2) { transformation: [-1f,4.3634041424861735e-18f,1.2238692140464974e-16f,-1f,0f,0.9993650535800223f,-0.035629898722832946f,-2.5727216078721673f,-1.2246467991473532e-16f,-0.035629898722832946f,-0.9993650535800223f,-0.38608359982968476f,0f,0f,0f,1f], start_interpolation: 0, interpolation_duration: 1 }
$data merge entity $(bone_right_leg1) { transformation: [-1.3333333333333333f,5.817872189981565e-18f,1.631825618728663e-16f,-0.625f,0f,1.3324867381066963f,-0.047506531630443924f,-1.125f,-1.6328623988631375e-16f,-0.047506531630443924f,-1.3324867381066963f,-0.12500000000000008f,0f,0f,0f,1f], start_interpolation: 0, interpolation_duration: 1 }
$data merge entity $(bone_left_leg2) { transformation: [-1f,-4.3634041424861735e-18f,1.2238692140464974e-16f,1f,0f,0.9993650535800223f,0.035629898722832946f,-2.550452921170397f,-1.2246467991473532e-16f,0.035629898722832946f,-0.9993650535800223f,-0.4885195586578292f,0f,0f,0f,1f], start_interpolation: 0, interpolation_duration: 1 }
$data merge entity $(bone_left_leg1) { transformation: [-1.3333333333333333f,-5.817872189981565e-18f,1.631825618728663e-16f,0.625f,0f,1.3324867381066963f,0.047506531630443924f,-1.125f,-1.6328623988631375e-16f,0.047506531630443924f,-1.3324867381066963f,-0.12499999999999993f,0f,0f,0f,1f], start_interpolation: 0, interpolation_duration: 1 }
$data merge entity $(bone_tail3) { transformation: [-0.9994664596139881f,-0.0008728845032091888f,0.0326501788559332f,0.09574623454495217f,0f,0.9996428261006214f,0.026724898981339153f,-0.48406257934844976f,-0.032661844814406454f,0.02671064016842052f,-0.9991094762813096f,-3.804875841544768f,0f,0f,0f,1f], start_interpolation: 0, interpolation_duration: 1 }
$data merge entity $(bone_tail2) { transformation: [-1.5408441252382314f,-0.0013456969424474993f,0.050335692402897016f,-0.09024249241731937f,0f,1.5411160235717911f,0.04120088592956452f,-0.7216047948323272f,-0.05035367742220995f,0.04117890359298163f,-1.5402937759336854f,-1.9406365491506923f,0f,0f,0f,1f], start_interpolation: 0, interpolation_duration: 1 }
$data merge entity $(bone_tail1) { transformation: [-0.9994664596139881f,-0.0008728845032091888f,0.0326501788559332f,1.1102230246251565e-16f,0f,0.9996428261006214f,0.026724898981339153f,-0.75f,-0.032661844814406454f,0.02671064016842052f,-0.9991094762813096f,-0.875f,0f,0f,0f,1f], start_interpolation: 0, interpolation_duration: 1 }
data modify entity @s data merge value {"locators":{"hitbox_head":{"posx":0.015228887494490969,"posy":0,"posz":3.3154245688540853,"roty":359.6596875,"rotx":0},"hitbox_neck":{"posx":0.00928934880697857,"posy":-0.8125,"posz":2.315442208069567,"roty":359.6596875,"rotx":0},"hitbox_right_arm":{"posx":-0.924853123916782,"posy":-2.875,"posz":2.883500603530402,"roty":359.6596875,"rotx":0},"hitbox_left_arm":{"posx":0.9501138025541906,"posy":-2.875,"posz":2.872363968491316,"roty":359.6596875,"rotx":0},"hitbox_tail1":{"posx":0.0577924763752901,"posy":-1.4529635463581225,"posz":-2.643474563618607,"roty":1.8717187499999852,"rotx":1.5314062499999994},"hitbox_tail2":{"posx":0.11525762106187665,"posy":-1.7810610329285121,"posz":-4.401932637174057,"roty":1.8717187499999852,"rotx":1.5314062499999994}},"cameras":{}}