# This file was generated by Animated Java via MC-Build. It is not recommended to edit this file directly.
$data merge entity $(bone_jaw) { transformation: [-0.9473598447577828f,0.12722188858337882f,-0.2938093184461445f,1.3624709284941563f,0.01725212494313891f,0.9366153171711463f,0.34993443932448154f,0.09261291026928836f,0.3197056282355003f,0.3264450010425513f,-0.8895065893903613f,3.3075007122403686f,0f,0f,0f,1f], start_interpolation: 0, interpolation_duration: 1 }
$data merge entity $(bone_head) { transformation: [-1.0657798253525057f,0.09233173074346902f,-0.34815688327174865f,1.2851027322115456f,0.019408640561031275f,1.1005514149232765f,0.2324540552065009f,0.14426936698184412f,0.35966883176493786f,0.21421119160372976f,-1.044211136144676f,3.075453793097107f,0f,0f,0f,1f], start_interpolation: 0, interpolation_duration: 1 }
$data merge entity $(bone_neck) { transformation: [-0.9473598447577828f,0.08207264954975024f,-0.30947278513044324f,1.4201338265253423f,0.01725212494313891f,0.9782679243762457f,0.20662582685022302f,-0.7358828808236803f,0.3197056282355003f,0.19040994809220424f,-0.9281876765730454f,1.9591379219157905f,0f,0f,0f,1f], start_interpolation: 0, interpolation_duration: 1 }
$data merge entity $(bone_right_arm2) { transformation: [-0.9473598447577828f,0.08207264954975024f,-0.30947278513044324f,0.05756075346758316f,0.01725212494313891f,0.9782679243762457f,0.20662582685022302f,-2.157163692852134f,0.3197056282355003f,0.19040994809220424f,-0.9281876765730454f,2.299054049714506f,0f,0f,0f,1f], start_interpolation: 0, interpolation_duration: 1 }
$data merge entity $(bone_right_arm1) { transformation: [-1.0756481570687324f,0.09318665417627892f,-0.35138055811685737f,0.24856851771125776f,0.019588350195855635f,1.1107417058021953f,0.23460640756952403f,-0.7365230751935143f,0.3629990987257243f,0.21619462856302354f,-1.0538797577756451f,1.8109300701179616f,0f,0f,0f,1f], start_interpolation: 0, interpolation_duration: 1 }
$data merge entity $(bone_left_arm2) { transformation: [-0.9473598447577828f,0.08207264954975024f,-0.30947278513044324f,1.7154404817937032f,0.01725212494313891f,0.9782679243762457f,0.20662582685022302f,-2.187354911502627f,0.3197056282355003f,0.19040994809220424f,-0.9281876765730454f,1.7395692003023804f,0f,0f,0f,1f], start_interpolation: 0, interpolation_duration: 1 }
$data merge entity $(bone_left_arm1) { transformation: [-1.0756481570687324f,0.09318665417627892f,-0.35138055811685737f,1.3143483430637635f,0.019588350195855635f,1.1107417058021953f,0.23460640756952403f,-0.7559317157545457f,0.3629990987257243f,0.21619462856302354f,-1.0538797577756451f,1.4512612383530237f,0f,0f,0f,1f], start_interpolation: 0, interpolation_duration: 1 }
$data merge entity $(bone_body2) { transformation: [-1.4999864208664895f,0.12994836178710456f,-0.48999857645653516f,0.9701371573034708f,0.02731586449330328f,1.5489242135957224f,0.32715755917951983f,-0.5f,0.5062005780395422f,0.3014824178126567f,-1.4696304879073219f,0.6129675150862752f,0f,0f,0f,1f], start_interpolation: 0, interpolation_duration: 1 }
$data merge entity $(bone_right_leg2) { transformation: [-0.9115581650100607f,0.07618450595654229f,-0.4040515225260866f,-0.9672244304774366f,0f,0.9826845240934119f,0.18528660531000218f,-2.5319971044141782f,0.41117114660867327f,0.16889951793732894f,-0.8957741015663753f,0.242188586441158f,0f,0f,0f,1f], start_interpolation: 0, interpolation_duration: 1 }
$data merge entity $(bone_right_leg1) { transformation: [-1.2154108866800808f,0.045001627104714004f,-0.546378081437429f,-0.44881537653949655f,0f,1.3288337130266514f,0.10944743442210382f,-1.125f,0.548228195478231f,0.09976770248687189f,-1.21130922105008f,0.4794620593901768f,0f,0f,0f,1f], start_interpolation: 0, interpolation_duration: 1 }
$data merge entity $(bone_left_leg2) { transformation: [-0.4420538743300223f,-0.6887536103566022f,-0.5746362644408747f,1.974171062181841f,0f,0.6406283506968249f,-0.7678511029382363f,-1.7295135176241887f,0.8969885017043513f,-0.33943155496242816f,-0.2831922444311837f,0.06431795199498705f,0f,0f,0f,1f], start_interpolation: 0, interpolation_duration: 1 }
$data merge entity $(bone_left_leg1) { transformation: [-0.589405165773363f,-1.169855219428836f,-0.24863244742503376f,0.6054239307266107f,0f,0.2771857687725226f,-1.3042031388429347f,-1.125f,1.195984668939135f,-0.5765280504388953f,-0.12253104299503932f,-0.19216245104335292f,0f,0f,0f,1f], start_interpolation: 0, interpolation_duration: 1 }
$data merge entity $(bone_tail3) { transformation: [-0.20185649238695952f,-0.04669330417225842f,-0.9783014319864356f,-2.9990942921049912f,-0.10187224428908473f,0.9944459514816998f,-0.026444194545534094f,-1.7580371926163434f,0.9741026651871653f,0.09432383011272366f,-0.20549212332380934f,-1.1530475711169976f,0f,0f,0f,1f], start_interpolation: 0, interpolation_duration: 1 }
$data merge entity $(bone_tail2) { transformation: [-0.21755697284349862f,-0.5884481723445717f,-1.4082378432433271f,-1.232444324457159f,0.234305456831371f,1.392733478589047f,-0.618167066113527f,-1.1566011468879078f,1.508146553746461f,-0.30126121089960534f,-0.10710633193741526f,-0.8638610833475031f,0f,0f,0f,1f], start_interpolation: 0, interpolation_duration: 1 }
$data merge entity $(bone_tail1) { transformation: [-0.5000000000000002f,-0.3314135740355917f,-0.8001031451912656f,-0.31983473269143925f,0f,0.9238795325112867f,-0.3826834323650897f,-0.75f,0.8660254037844386f,-0.19134171618254492f,-0.46193976625564365f,-0.48130325717393646f,0f,0f,0f,1f], start_interpolation: 0, interpolation_duration: 1 }
data modify entity @s data merge value {"locators":{"hitbox_head":{"posx":1.3305175715962152,"posy":-0.5317186566440042,"posz":3.2465062244685563,"roty":341.5607794350953,"rotx":11.924689986319459},"hitbox_neck":{"posx":0.9543607587065999,"posy":-1.1199355183494808,"posz":2.1636104650705947,"roty":341.5607794350953,"rotx":11.924689986319459},"hitbox_right_arm":{"posx":0.0710145061856931,"posy":-3.237666272844545,"posz":2.5927195416735436,"roty":341.5607794350953,"rotx":11.924689986319459},"hitbox_left_arm":{"posx":1.847314215106536,"posy":-3.2700140071129304,"posz":1.99327148873198,"roty":341.5607794350953,"rotx":11.924689986319459},"hitbox_tail1":{"posx":-1.5565304431809999,"posy":-2.1288140002925067,"posz":-0.8873473628613906,"roty":274.34937089032906,"rotx":-23.63903402298713},"hitbox_tail2":{"posx":-3.488103885871272,"posy":-3.078122363367937,"posz":-1.39243691750959,"roty":281.86251769475933,"rotx":-1.515317384172505}},"cameras":{}}