# This file was generated by Animated Java via MC-Build. It is not recommended to edit this file directly.
$data merge entity $(bone_jaw) { transformation: [-0.9254779806345381f,0.14515076006187472f,-0.3498882167408296f,1.5246337557457887f,0.0010929117073801252f,0.9246912235702585f,0.3807163597694984f,0.059275571343249414f,0.37879983223942637f,0.35196221090565727f,-0.8559400032652896f,3.286049885237742f,0f,0f,0f,1f], start_interpolation: 0, interpolation_duration: 1 }
$data merge entity $(bone_head) { transformation: [-1.0411627282138554f,0.0931149974314597f,-0.41585426609765713f,1.432221696612976f,0.0012295256708026408f,1.0984678482293693f,0.2428824297329145f,0.11324944461723041f,0.4261498112693547f,0.22432784860484573f,-1.0167095724421085f,3.060114424695051f,0f,0f,0f,1f], start_interpolation: 0, interpolation_duration: 1 }
$data merge entity $(bone_neck) { transformation: [-0.9254779806345381f,0.08276888660574196f,-0.3696482365312508f,1.5066795527300028f,0.0010929117073801252f,0.9764158650927727f,0.21589549309592398f,-0.7493237797570924f,0.37879983223942637f,0.1994025320931962f,-0.903741842170763f,1.9245590714625718f,0f,0f,0f,1f], start_interpolation: 0, interpolation_duration: 1 }
$data merge entity $(bone_right_arm2) { transformation: [-0.9254779806345381f,0.08276888660574196f,-0.3696482365312508f,0.18447609921136826f,0.0010929117073801252f,0.9764158650927727f,0.21589549309592398f,-2.1918992371857913f,0.37879983223942637f,0.1994025320931962f,-0.903741842170763f,2.3282192963148316f,0f,0f,0f,1f], start_interpolation: 0, interpolation_duration: 1 }
$data merge entity $(bone_right_arm1) { transformation: [-1.050803123845465f,0.09397717333360284f,-0.4197047685615243f,0.32818896921446283f,0.0012409101677545169f,1.1086388468240855f,0.24513134111933033f,-0.7622667976566356f,0.430095642855182f,0.2264049583141498f,-1.0261235499647203f,1.8502376556199314f,0f,0f,0f,1f], start_interpolation: 0, interpolation_duration: 1 }
$data merge entity $(bone_left_arm2) { transformation: [-0.9254779806345381f,0.08276888660574196f,-0.3696482365312508f,1.8040625653218099f,0.0010929117073801252f,0.9764158650927727f,0.21589549309592398f,-2.1938118326737066f,0.37879983223942637f,0.1994025320931962f,-0.903741842170763f,1.6653195898958355f,0f,0f,0f,1f], start_interpolation: 0, interpolation_duration: 1 }
$data merge entity $(bone_left_arm1) { transformation: [-1.050803123845465f,0.09397717333360284f,-0.4197047685615243f,1.3693516974283182f,0.0012409101677545169f,1.1086388468240855f,0.24513134111933033f,-0.7634963233274383f,0.430095642855182f,0.2264049583141498f,-1.0261235499647203f,1.4240878443505767f,0f,0f,0f,1f], start_interpolation: 0, interpolation_duration: 1 }
$data merge entity $(bone_body2) { transformation: [-1.4653401360046856f,0.1310507371257581f,-0.5852763745078138f,0.9701371573034708f,0.0017304435366851984f,1.5459917863968902f,0.341834530735213f,-0.5f,0.5997664010457585f,0.31572067581422736f,-1.4309245834370417f,0.6129675150862752f,0f,0f,0f,1f], start_interpolation: 0, interpolation_duration: 1 }
$data merge entity $(bone_right_leg2) { transformation: [-0.9715192964211368f,-0.0050068605016483775f,-0.2369075516510538f,-0.7004685784629769f,0f,0.9997767467843804f,-0.02112951938026153f,-2.5171188899822203f,0.236960453834347f,-0.020527735802028324f,-0.9713024016141744f,1.0302461932541893f,0f,0f,0f,1f], start_interpolation: 0, interpolation_duration: 1 }
$data merge entity $(bone_right_leg1) { transformation: [-1.295359061894849f,-0.163300732888569f,-0.2704728252204484f,-0.44881537653949655f,0f,1.141426009462022f,-0.6891476203988384f,-1.125f,0.3159472717791293f,-0.66952021130018f,-1.1089173936293295f,0.4794620593901768f,0f,0f,0f,1f], start_interpolation: 0, interpolation_duration: 1 }
$data merge entity $(bone_left_leg2) { transformation: [-0.6193430393504895f,0.2699332426178483f,-0.7372586005859219f,0.26659269243076583f,-6.938893903907228e-18f,0.9390387851716863f,0.3438112271920215f,-2.4036608447886283f,0.7851205000559456f,0.21293709041192826f,-0.5815871352762234f,-0.9370834777027811f,0f,0f,0f,1f], start_interpolation: 0, interpolation_duration: 1 }
$data merge entity $(bone_left_leg1) { transformation: [-0.8257907191339859f,0.3125078406119038f,-0.9990927462082972f,0.6054239307266107f,-9.25185853854297e-18f,1.2725342748496626f,0.3980380598769683f,-1.125f,1.0468273334079274f,0.24652210178137368f,-0.7881352454630612f,-0.19216245104335292f,0f,0f,0f,1f], start_interpolation: 0, interpolation_duration: 1 }
$data merge entity $(bone_tail3) { transformation: [-0.5101437253853316f,-0.12133734064074397f,-0.8514873042014236f,-2.7763602189374605f,-0.2348386831880283f,0.9720319094252552f,0.002181728123666571f,-1.7123456188524466f,0.8274081050657459f,0.20107515218277167f,-0.5243706807652264f,-1.8132383456258028f,0f,0f,0f,1f], start_interpolation: 0, interpolation_duration: 1 }
$data merge entity $(bone_tail2) { transformation: [-0.7185038830570412f,-0.5179846133516466f,-1.261816239186202f,-1.2369777899025851f,0.024705391640000723f,1.4209999568529488f,-0.59739842430236f,-1.1566011468879078f,1.3637734140123787f,-0.29864221748770464f,-0.6539656048127903f,-0.8709771986715493f,0f,0f,0f,1f], start_interpolation: 0, interpolation_duration: 1 }
$data merge entity $(bone_tail1) { transformation: [-0.5000000000000002f,-0.3314135740355917f,-0.8001031451912656f,-0.32436819813686557f,0f,0.9238795325112867f,-0.3826834323650897f,-0.75f,0.8660254037844386f,-0.19134171618254492f,-0.46193976625564365f,-0.4884193724979827f,0f,0f,0f,1f], start_interpolation: 0, interpolation_duration: 1 }
data modify entity @s data merge value {"locators":{"hitbox_head":{"posx":1.496006216400403,"posy":-0.5644778126582287,"posz":3.217907167815167,"roty":337.75447044085763,"rotx":12.468069209110244},"hitbox_neck":{"posx":1.0591082595019867,"posy":-1.1419202099501826,"posz":2.152150768318682,"roty":337.75447044085763,"rotx":12.468069209110244},"hitbox_right_arm":{"posx":0.22868895708159306,"posy":-3.2761945418448146,"posz":2.604362674821981,"roty":337.75447044085763,"rotx":12.468069209110244},"hitbox_left_arm":{"posx":1.9639601707713519,"posy":-3.278243751296152,"posz":1.8941129893730566,"roty":337.75447044085763,"rotx":12.468069209110244},"hitbox_tail1":{"posx":-1.4894300400937086,"posy":-2.116308968489584,"posz":-1.1279013285815356,"roty":297.3964992202484,"rotx":-22.79913572586949},"hitbox_tail2":{"posx":-3.096066567959785,"posy":-2.9869102779035317,"posz":-2.37210799079613,"roty":301.62597142415854,"rotx":0.1250039126997}},"cameras":{}}