# This file was generated by Animated Java via MC-Build. It is not recommended to edit this file directly.
$data merge entity $(bone_jaw) { transformation: [-0.9062014800485774f,0.1629906639179271f,-0.3901703743665855f,1.6472878148961847f,-0.01147148363386036f,0.9129081703950344f,0.40800377141544786f,0.03734489856745897f,0.42269052818936714f,0.3742094545860437f,-0.8254089904268124f,3.262184842318091f,0f,0f,0f,1f], start_interpolation: 0, interpolation_duration: 1 }
$data merge entity $(bone_head) { transformation: [-1.0194766650546496f,0.09396377091409054f,-0.4663294320163104f,1.5436590522258935f,-0.012905419088092904f,1.0969656998678508f,0.24924827676755776f,0.09273340451580514f,0.47552684421303804f,0.23121864775368076f,-0.992994036922553f,3.0415195007797458f,0f,0f,0f,1f], start_interpolation: 0, interpolation_duration: 1 }
$data merge entity $(bone_neck) { transformation: [-0.9062014800485774f,0.08352335192363604f,-0.4145150506811648f,1.5712227521528725f,-0.01147148363386036f,0.9750806221047562f,0.22155402379338468f,-0.7575413703214432f,0.42269052818936714f,0.20552768689216067f,-0.8826613661533804f,1.8946387093625197f,0f,0f,0f,1f], start_interpolation: 0, interpolation_duration: 1 }
$data merge entity $(bone_right_arm2) { transformation: [-0.9062014800485774f,0.08352335192363604f,-0.4145150506811648f,0.28285247069857017f,-0.01147148363386036f,0.9750806221047562f,0.22155402379338468f,-2.2165344340548483f,0.42269052818936714f,0.20552768689216067f,-0.8826613661533804f,2.3458911418691772f,0f,0f,0f,1f], start_interpolation: 0, interpolation_duration: 1 }
$data merge entity $(bone_right_arm1) { transformation: [-1.0289162638051554f,0.09483380582996175f,-0.4706472971275725f,0.3906857352702221f,-0.013024913709278947f,1.1071227896814417f,0.25155613118207215f,-0.780837887548822f,0.4799298705483439f,0.2333595611588074f,-1.0021884261533172f,1.876725751625512f,0f,0f,0f,1f], start_interpolation: 0, interpolation_duration: 1 }
$data merge entity $(bone_left_arm2) { transformation: [-0.9062014800485774f,0.08352335192363604f,-0.4145150506811648f,1.8687050607835805f,-0.01147148363386036f,0.9750806221047562f,0.22155402379338468f,-2.1964593376955923f,0.42269052818936714f,0.20552768689216067f,-0.8826613661533804f,1.606182717537785f,0f,0f,0f,1f], start_interpolation: 0, interpolation_duration: 1 }
$data merge entity $(bone_left_arm1) { transformation: [-1.0289162638051554f,0.09483380582996175f,-0.4706472971275725f,1.4101624003248716f,-0.013024913709278947f,1.1071227896814417f,0.25155613118207215f,-0.7679324684607292f,0.4799298705483439f,0.2333595611588074f,-1.0021884261533172f,1.401198907412474f,0f,0f,0f,1f], start_interpolation: 0, interpolation_duration: 1 }
$data merge entity $(bone_body2) { transformation: [-1.4348190100769143f,0.13224530721242375f,-0.6563154969118443f,0.9701371573034708f,-0.018163182420278905f,1.543877651665864f,0.35079387100619247f,-0.5f,0.669260002966498f,0.32541883757925444f,-1.3975471630761858f,0.6129675150862752f,0f,0f,0f,1f], start_interpolation: 0, interpolation_duration: 1 }
$data merge entity $(bone_right_leg2) { transformation: [-0.8433914458128858f,0.16156910830126447f,-0.5124317441107493f,-1.243678700275122f,0f,0.9537169507482268f,0.3007057995042731f,-2.295749237071216f,0.5372996083468238f,0.2536126990082287f,-0.804356717987804f,-0.07028881189346309f,0f,0f,0f,1f], start_interpolation: 0, interpolation_duration: 1 }
$data merge entity $(bone_right_leg1) { transformation: [-1.1245219277505143f,0.302763502017991f,-0.6492784253552915f,-0.44881537653949655f,0f,1.2084103827155332f,0.5634910156542658f,-1.125f,0.716399477795765f,0.47524350239522284f,-1.0191629798137563f,0.4794620593901768f,0f,0f,0f,1f], start_interpolation: 0, interpolation_duration: 1 }
$data merge entity $(bone_left_leg2) { transformation: [-0.04039015018164882f,0.1269993611991202f,-0.9910801168539906f,1.0501484215719055f,0f,0.991889513631135f,0.1271030792254491f,-2.531848799166574f,0.999183984943866f,0.005133712458465917f,-0.04006256641916414f,-0.5494915479917588f,0f,0f,0f,1f], start_interpolation: 0, interpolation_duration: 1 }
$data merge entity $(bone_left_leg1) { transformation: [-0.053853533575531756f,-0.6511211433337687f,-1.16229033868605f,0.6054239307266107f,0f,1.16323955968064f,-0.6516529019131032f,-1.125f,1.332245313258488f,-0.026320358574577485f,-0.04698342051273611f,-0.19216245104335292f,0f,0f,0f,1f], start_interpolation: 0, interpolation_duration: 1 }
$data merge entity $(bone_tail3) { transformation: [0.05541782563124767f,-0.01605091827639976f,-0.998334228915742f,-3.025809600887039f,-0.010954460376072755f,0.999800825774526f,-0.016682583086706115f,-1.7309563916194057f,0.9984031572466974f,0.011860725233312469f,0.05523095868049166f,-0.6448575714938278f,0f,0f,0f,1f], start_interpolation: 0, interpolation_duration: 1 }
$data merge entity $(bone_tail2) { transformation: [0.1794382981684474f,-0.6395144338029781f,-1.3912437950334868f,-1.241428502964724f,0.37075012674983726f,1.3772285274920912f,-0.5852538233006737f,-1.1566011468879078f,1.4856252393441967f,-0.2664563437614745f,0.3140935787370955f,-0.8740003222562622f,0f,0f,0f,1f], start_interpolation: 0, interpolation_duration: 1 }
$data merge entity $(bone_tail1) { transformation: [-0.49772793931537973f,-0.33191405008410796f,-0.8013114012552361f,-0.32781914671661316f,0f,0.9238795325112867f,-0.3826834323650897f,-0.75f,0.8673332107240365f,-0.19047223620121262f,-0.45984065589249906f,-0.49383627671098657f,0f,0f,0f,1f], start_interpolation: 0, interpolation_duration: 1 }
data modify entity @s data merge value {"locators":{"hitbox_head":{"posx":1.620992910611485,"posy":-0.5859276167351002,"posz":3.188896373395077,"roty":334.8443313694039,"rotx":12.800324695539976},"hitbox_neck":{"posx":1.138615136492366,"posy":-1.15662659840183,"posz":2.1392437616418154,"roty":334.8443313694039,"rotx":12.800324695539976},"hitbox_right_arm":{"posx":0.34994905161248047,"posy":-3.303109035783413,"posz":2.608112296065542,"roty":334.8443313694039,"rotx":12.800324695539976},"hitbox_left_arm":{"posx":2.049076826703563,"posy":-3.281600003969925,"posz":1.8155675557104791,"roty":334.8443313694039,"rotx":12.800324695539976},"hitbox_tail1":{"posx":-1.5652819544270016,"posy":-2.1176566052546177,"posz":-0.7247602541796129,"roty":257.27792671074553,"rotx":-22.31040059346229},"hitbox_tail2":{"posx":-3.566305774414369,"posy":-3.0525789284347433,"posz":-0.6293573591047739,"roty":266.8334469741817,"rotx":-0.9558859442844152}},"cameras":{}}