# This file was generated by Animated Java via MC-Build. It is not recommended to edit this file directly.
$data merge entity $(bone_jaw) { transformation: [-0.7993055676050226f,0.26290362480230434f,-0.5403631127875237f,2.155629110198871f,-0.06559910008265954f,0.8556713389066082f,0.5133452228687025f,-0.020824853534938396f,0.5973335480817715f,0.44576702865912127f,-0.6666966240325958f,3.0889774118012374f,0f,0f,0f,1f], start_interpolation: 0, interpolation_duration: 1 }
$data merge entity $(bone_head) { transformation: [-0.8992187635556504f,0.09904255637958415f,-0.6687459811432472f,2.0070188921670384f,-0.07379898759299199f,1.091829563986034f,0.2609346903658392f,0.03716063321302587f,0.672000241591993f,0.2524356853376002f,-0.8662083468014143f,2.8964866680675896f,0f,0f,0f,1f], start_interpolation: 0, interpolation_duration: 1 }
$data merge entity $(bone_neck) { transformation: [-0.7993055676050226f,0.08803782789296369f,-0.5944408721273309f,1.8301482752298193f,-0.06559910008265954f,0.9705151679875857f,0.23194194699185708f,-0.7727593508015704f,0.5973335480817715f,0.2243872758556446f,-0.7699629749345905f,1.7338134962957268f,0f,0f,0f,1f], start_interpolation: 0, interpolation_duration: 1 }
$data merge entity $(bone_right_arm2) { transformation: [-0.7993055676050226f,0.08803782789296369f,-0.5944408721273309f,0.7160064057006524f,-0.06559910008265954f,0.9705151679875857f,0.23194194699185708f,-2.301562782458355f,0.5973335480817715f,0.2243872758556446f,-0.7699629749345905f,2.3769584736659093f,0f,0f,0f,1f], start_interpolation: 0, interpolation_duration: 1 }
$data merge entity $(bone_right_arm1) { transformation: [-0.9075448632182026f,0.09995961708680251f,-0.6749380735612401f,0.6726609450991968f,-0.07448231155218635f,1.1019390969859044f,0.263350752313671f,-0.8478018171419159f,0.678222466051178f,0.2547730527944298f,-0.8742287944569829f,1.9554504941833581f,0f,0f,0f,1f], start_interpolation: 0, interpolation_duration: 1 }
$data merge entity $(bone_left_arm2) { transformation: [-0.7993055676050226f,0.08803782789296369f,-0.5944408721273309f,2.114791149009442f,-0.06559910008265954f,0.9705151679875857f,0.23194194699185708f,-2.1867643573137006f,0.5973335480817715f,0.2243872758556446f,-0.7699629749345905f,1.3316247645228092f,0f,0f,0f,1f], start_interpolation: 0, interpolation_duration: 1 }
$data merge entity $(bone_left_arm1) { transformation: [-0.9075448632182026f,0.09995961708680251f,-0.6749380735612401f,1.5718797086548473f,-0.07448231155218635f,1.1019390969859044f,0.263350752313671f,-0.7740028295489239f,0.678222466051178f,0.2547730527944298f,-0.8742287944569829f,1.2834502525913654f,0f,0f,0f,1f], start_interpolation: 0, interpolation_duration: 1 }
$data merge entity $(bone_body2) { transformation: [-1.2655671487079525f,0.13939322749719252f,-0.9411980475349406f,0.9701371573034708f,-0.10386524179754428f,1.5366490159803443f,0.3672414160704404f,-0.5f,0.9457781177961383f,0.355279853438104f,-1.2191080436464352f,0.6129675150862752f,0f,0f,0f,1f], start_interpolation: 0, interpolation_duration: 1 }
$data merge entity $(bone_right_leg2) { transformation: [-0.829951439603915f,0.14290852913159943f,-0.5392195844002997f,-1.1552350471660628f,0f,0.9666280530997515f,0.2561839318938326f,-2.4142588897842927f,0.5578356459562164f,0.21262022307867764f,-0.8022543442316684f,0.10068737166140779f,0f,0f,0f,1f], start_interpolation: 0, interpolation_duration: 1 }
$data merge entity $(bone_right_leg1) { transformation: [-1.1066019194718866f,0.2115368829800886f,-0.7130652962653437f,-0.44881537653949655f,0f,1.278271299861162f,0.37921004961502913f,-1.125f,0.7437808612749551f,0.31472592659026544f,-1.0609031055241391f,0.4794620593901768f,0f,0f,0f,1f], start_interpolation: 0, interpolation_duration: 1 }
$data merge entity $(bone_left_leg2) { transformation: [-0.3695815841658035f,0.1475228720727203f,-0.917412914047383f,0.405004098839628f,-1.734723475976807e-18f,0.987316624410694f,0.1587636078018912f,-2.5501143664998853f,0.9291982848916022f,0.05867610567930127f,-0.36489404212293797f,-0.6754516329852057f,0f,0f,0f,1f], start_interpolation: 0, interpolation_duration: 1 }
$data merge entity $(bone_left_leg1) { transformation: [-0.49277544555440467f,0.0452939849319001f,-1.2381028200296713f,0.6054239307266107f,-2.3129646346357427e-18f,1.3324419988292435f,0.04874523088167771f,-1.125f,1.2389310465221361f,0.018015339649778292f,-0.49244602473636157f,-0.19216245104335292f,0f,0f,0f,1f], start_interpolation: 0, interpolation_duration: 1 }
$data merge entity $(bone_tail3) { transformation: [0.1457496652501653f,-0.007033047266853443f,-0.9892965032413726f,-3.027449671538575f,0.009594441475266183f,0.9999377538646069f,-0.00569518120714918f,-1.7084149493107654f,0.9892749778359111f,-0.008661676647553906f,0.14580807105716337f,-0.46826690928604797f,0f,0f,0f,1f], start_interpolation: 0, interpolation_duration: 1 }
$data merge entity $(bone_tail2) { transformation: [0.31649695485960255f,-0.6501989764702092f,-1.3615458419285054f,-1.2667753703094538f,0.40026831276849606f,1.3775138778322165f,-0.5647804044796714f,-1.1566011468879078f,1.4547683892871643f,-0.2375561375503743f,0.45161059127758263f,-0.8706768774118059f,0f,0f,0f,1f], start_interpolation: 0, interpolation_duration: 1 }
$data merge entity $(bone_tail1) { transformation: [-0.47251295792832937f,-0.33726798731359653f,-0.8142369491267616f,-0.34258449212122843f,1.3877787807814457e-17f,0.9238795325112867f,-0.3826834323650897f,-0.75f,0.8813237229246815f,-0.18082288057699436f,-0.43654505067635024f,-0.517013226433769f,0f,0f,0f,1f], start_interpolation: 0, interpolation_duration: 1 }
data modify entity @s data merge value {"locators":{"hitbox_head":{"posx":2.137758022273727,"posy":-0.6418932052141706,"posz":2.9968580503248714,"roty":322.33048606632315,"rotx":13.411429290100639},"hitbox_neck":{"posx":1.471786414983363,"posy":-1.1984948322122269,"posz":2.04458041375757,"roty":322.33048606632315,"rotx":13.411429290100639},"hitbox_right_arm":{"posx":0.8752324158960403,"posy":-3.3921488676970357,"posz":2.5748860320326705,"roty":322.33048606632315,"rotx":13.411429290100639},"hitbox_left_arm":{"posx":2.3739303551554576,"posy":-3.2691505550420485,"posz":1.454885629379349,"roty":322.33048606632315,"rotx":13.411429290100639},"hitbox_tail1":{"posx":-1.5833001184158153,"posy":-2.1110587526500693,"posz":-0.6716693081111205,"roty":251.64985418485333,"rotx":-21.490321029704337},"hitbox_tail2":{"posx":-3.5746980800741017,"posy":-3.0240367906870835,"posz":-0.37488141871647906,"roty":261.6157874619928,"rotx":-0.3263116107391003}},"cameras":{}}