# This file was generated by Animated Java via MC-Build. It is not recommended to edit this file directly.
$data merge entity $(bone_jaw) { transformation: [-0.3895364371128339f,0.537111037743611f,-0.7481798562480955f,3.169059250819977f,-0.16664790034890278f,0.7578338922408618f,0.6308060471177872f,0.09140299031386598f,0.9058089431390824f,0.3704045422305822f,-0.20569548761266349f,2.2193949581078396f,0f,0f,0f,1f], start_interpolation: 0, interpolation_duration: 1 }
$data merge entity $(bone_head) { transformation: [-0.4382284917519382f,0.10244460961680973f,-1.0310605661052512f,2.939934680574366f,-0.18747888789251563f,1.0931697293493585f,0.18829925498746858f,0.1332472691999701f,1.0190350610314678f,0.24517349937281072f,-0.40875726243564564f,2.1285600108999185f,0f,0f,0f,1f], start_interpolation: 0, interpolation_duration: 1 }
$data merge entity $(bone_neck) { transformation: [-0.3895364371128339f,0.09106187521494198f,-0.9164982809824456f,2.29329480341667f,-0.16664790034890278f,0.9717064260883187f,0.1673771155444165f,-0.6798729519645788f,0.9058089431390824f,0.21793199944249841f,-0.363339788831685f,1.1488892114969786f,0f,0f,0f,1f], start_interpolation: 0, interpolation_duration: 1 }
$data merge entity $(bone_right_arm2) { transformation: [-0.3895364371128339f,0.09106187521494198f,-0.9164982809824456f,1.798624184449253f,-0.16664790034890278f,0.9717064260883187f,0.1673771155444165f,-2.3372250116108564f,0.9058089431390824f,0.21793199944249841f,-0.363339788831685f,2.1492254695205664f,0f,0f,0f,1f], start_interpolation: 0, interpolation_duration: 1 }
$data merge entity $(bone_right_arm1) { transformation: [-0.44228616297186346f,0.10339317081696536f,-1.0406074231988183f,1.4097804640911937f,-0.18921480352115f,1.1032916712877783f,0.19004276660772287f,-0.8947110915741197f,1.028470570855833f,0.24744362436700337f,-0.41254205190264226f,1.902399819236099f,0f,0f,0f,1f], start_interpolation: 0, interpolation_duration: 1 }
$data merge entity $(bone_left_arm2) { transformation: [-0.3895364371128339f,0.09106187521494198f,-0.9164982809824456f,2.4803129493967124f,-0.16664790034890278f,0.9717064260883187f,0.1673771155444165f,-2.0455911860002765f,0.9058089431390824f,0.21793199944249841f,-0.363339788831685f,0.5640598190271722f,0f,0f,0f,1f], start_interpolation: 0, interpolation_duration: 1 }
$data merge entity $(bone_left_arm1) { transformation: [-0.44228616297186346f,0.10339317081696536f,-1.0406074231988183f,1.8480089558431319f,-0.18921480352115f,1.1032916712877783f,0.19004276660772287f,-0.707232203681604f,1.028470570855833f,0.24744362436700337f,-0.41254205190264226f,0.8833647582046311f,0f,0f,0f,1f], start_interpolation: 0, interpolation_duration: 1 }
$data merge entity $(bone_body2) { transformation: [-0.6167660254286538f,0.14418130242365815f,-1.4511222782222055f,0.9701371573034708f,-0.26385917555242944f,1.5385351746398381f,0.26501376627865947f,-0.5f,1.4341974933035473f,0.3450589991172892f,-0.5752879989835012f,0.6129675150862752f,0f,0f,0f,1f], start_interpolation: 0, interpolation_duration: 1 }
$data merge entity $(bone_right_leg2) { transformation: [-0.838967497700071f,0.019288282855640132f,-0.5438395902721338f,-0.6088466712083751f,0f,0.9993716436490281f,0.03544457462348921f,-2.568388737381337f,0.5441815301927121f,0.029736846078912194f,-0.838440327144632f,0.92184926255875f,0f,0f,0f,1f], start_interpolation: 0, interpolation_duration: 1 }
$data merge entity $(bone_right_leg1) { transformation: [-1.1186233302667612f,-0.28814256940108474f,-0.6659080135120912f,-0.44881537653949655f,0f,1.223687274495097f,-0.5294971501495911f,-1.125f,0.7255753735902828f,-0.4442308991003212f,-1.0266338506505712f,0.4794620593901768f,0f,0f,0f,1f], start_interpolation: 0, interpolation_duration: 1 }
$data merge entity $(bone_left_leg2) { transformation: [-0.7483455357951603f,0.25083142731041885f,-0.6140541947815947f,0.2652077362939781f,0f,0.9257436645087788f,0.37815164632969384f,-2.259900472437904f,0.6633090976727626f,0.2829880963844167f,-0.6927761386257971f,-1.1413417590278876f,0f,0f,0f,1f], start_interpolation: 0, interpolation_duration: 1 }
$data merge entity $(bone_left_leg1) { transformation: [-0.9977940477268803f,0.40492914278037706f,-0.786267896728421f,0.6054239307266107f,0f,1.1853717964777846f,0.6104682480627532f,-1.125f,0.88441213023035f,0.456841188182454f,-0.8870676921516394f,-0.19216245104335292f,0f,0f,0f,1f], start_interpolation: 0, interpolation_duration: 1 }
$data merge entity $(bone_tail3) { transformation: [0.1888024851120141f,-0.00112072693743398f,-0.9820144426568581f,-3.0601353032915375f,0.013460673997128067f,0.9999083543043763f,0.0014468060881693834f,-1.6949908587781808f,0.981922823785592f,-0.013491736857996942f,0.18880026791687513f,-0.41542156854906076f,0f,0f,0f,1f], start_interpolation: 0, interpolation_duration: 1 }
$data merge entity $(bone_tail2) { transformation: [0.38213511789893484f,-0.6512699521096099f,-1.344081958906757f,-1.3152485927781834f,0.40527675931908974f,1.3805398969975287f,-0.5537115244104824f,-1.1566011468879078f,1.4375185602750649f,-0.21608598609884472f,0.51340368774241f,-0.8969951720663163f,0f,0f,0f,1f], start_interpolation: 0, interpolation_duration: 1 }
$data merge entity $(bone_tail1) { transformation: [-0.44220853344548056f,-0.3432334644932022f,-0.828638885039793f,-0.3795437107427184f,2.7755575615628914e-17f,0.9238795325112867f,-0.3826834323650897f,-0.75f,0.8969122660260576f,-0.16922587940004905f,-0.40854741315211224f,-0.5750275788454542f,0f,0f,0f,1f], start_interpolation: 0, interpolation_duration: 1 }
data modify entity @s data merge value {"locators":{"hitbox_head":{"posx":3.1694267213720413,"posy":-0.5263745957128593,"posz":2.1058961952582584,"roty":291.6255285839561,"rotx":9.635353881928513},"hitbox_neck":{"posx":2.1789406667774553,"posy":-1.1485089513652018,"posz":1.5654866568795436,"roty":291.6255285839561,"rotx":9.635353881928513},"hitbox_right_arm":{"posx":2.1414654224059815,"posy":-3.40303548924319,"posz":2.169576423440103,"roty":291.6255285839561,"rotx":9.635353881928513},"hitbox_left_arm":{"posx":2.8718462419925452,"posy":-3.090570676088997,"posz":0.4711846550543236,"roty":291.6255285839561,"rotx":9.635353881928513},"hitbox_tail1":{"posx":-1.6287863910940028,"posy":-2.108000838149685,"posz":-0.679477525668917,"roty":249.09446819865087,"rotx":-21.048877528213623},"hitbox_tail2":{"posx":-3.611047473180638,"posy":-3.006556745378079,"posz":-0.29151351321969754,"roty":259.11721098382094,"rotx":0.08289591154623771}},"cameras":{}}