# This file was generated by Animated Java via MC-Build. It is not recommended to edit this file directly.
$data merge entity $(bone_jaw) { transformation: [-0.2670796642870219f,0.5663763254834954f,-0.7796706425511643f,3.3325553211191536f,-0.17599405241990296f,0.7667864094719402f,0.6173043785378088f,0.16906029037161147f,0.9474674381936048f,0.3020868421181957f,-0.1051141921050824f,1.9309067197241796f,0f,0f,0f,1f], start_interpolation: 0, interpolation_duration: 1 }
$data merge entity $(bone_head) { transformation: [-0.3004646223228996f,0.09629393665654884f,-1.0798488266861903f,3.0925889151888892f,-0.1979933089723908f,1.0968342430601354f,0.1528996169153577f,0.20303798301946874f,1.0659008679678055f,0.23088334936474808f,-0.2759949612793593f,1.8695745061065443f,0f,0f,0f,1f], start_interpolation: 0, interpolation_duration: 1 }
$data merge entity $(bone_neck) { transformation: [-0.2670796642870219f,0.08559461036137675f,-0.9598656237210581f,2.3552936545500778f,-0.17599405241990296f,0.9749637716090093f,0.13591077059142906f,-0.6344364969996161f,0.9474674381936048f,0.20522964387977607f,-0.2453288544705416f,0.9784545961301647f,0f,0f,0f,1f], start_interpolation: 0, interpolation_duration: 1 }
$data merge entity $(bone_right_arm2) { transformation: [-0.2670796642870219f,0.08559461036137675f,-0.9598656237210581f,2.044991668208642f,-0.17599405241990296f,0.9749637716090093f,0.13591077059142906f,-2.3034220102508267f,0.9474674381936048f,0.20522964387977607f,-0.2453288544705416f,2.03220387078242f,0f,0f,0f,1f], start_interpolation: 0, interpolation_duration: 1 }
$data merge entity $(bone_right_arm1) { transformation: [-0.3032467021592227f,0.09718554718114651f,-1.0898474269332845f,1.580889373089416f,-0.1998265803517648f,1.1069901156810624f,0.1543153541090184f,-0.8753452638511747f,1.0757703204489886f,0.2330211581551624f,-0.27855047018009405f,1.8368206164906271f,0f,0f,0f,1f], start_interpolation: 0, interpolation_duration: 1 }
$data merge entity $(bone_left_arm2) { transformation: [-0.2670796642870219f,0.08559461036137675f,-0.9598656237210581f,2.5123810807109304f,-0.17599405241990296f,0.9749637716090093f,0.13591077059142906f,-1.9954324185159964f,0.9474674381936048f,0.20522964387977607f,-0.2453288544705416f,0.37413585394361143f,0f,0f,0f,1f], start_interpolation: 0, interpolation_duration: 1 }
$data merge entity $(bone_left_arm1) { transformation: [-0.3032467021592227f,0.09718554718114651f,-1.0898474269332845f,1.8813539954123155f,-0.1998265803517648f,1.1069901156810624f,0.1543153541090184f,-0.6773519548787839f,1.0757703204489886f,0.2330211581551624f,-0.27855047018009405f,0.7709197485228216f,0f,0f,0f,1f], start_interpolation: 0, interpolation_duration: 1 }
$data merge entity $(bone_body2) { transformation: [-0.42287613512111805f,0.13552479973884654f,-1.519787237558342f,0.9701371573034708f,-0.2786572496648464f,1.5436926383809315f,0.21519205343642936f,-0.5f,1.5001567771398745f,0.3249469361429788f,-0.3884373529116909f,0.6129675150862752f,0f,0f,0f,1f], start_interpolation: 0, interpolation_duration: 1 }
$data merge entity $(bone_right_leg2) { transformation: [-0.8427939686879057f,-0.013208980304489082f,-0.5380742041601745f,-0.4704957101105823f,5.421010862427522e-20f,0.9996988186962041f,-0.024541228522912573f,-2.4906320021389226f,0.5382363108740338f,-0.02068319938330232f,-0.8425401349015851f,1.1422340396898f,0f,0f,0f,1f], start_interpolation: 0, interpolation_duration: 1 }
$data merge entity $(bone_right_leg1) { transformation: [-1.1237252915838742f,-0.4022378420991417f,-0.5943264803253685f,-0.44881537653949655f,7.228014483236696e-20f,1.104211046928905f,-0.7473257265864388f,-1.125f,0.7176484144987116f,-0.6298416150123576f,-0.9306224105102393f,0.4794620593901768f,0f,0f,0f,1f], start_interpolation: 0, interpolation_duration: 1 }
$data merge entity $(bone_left_leg2) { transformation: [-0.821005217876125f,0.2516168217927692f,-0.5124835677473789f,0.3376438889848329f,0f,0.8976440656912984f,0.44072114917393734f,-2.1961684485561968f,0.5709206882047424f,0.3618343631001646f,-0.7369704617280951f,-1.2340739175617335f,0f,0f,0f,1f], start_interpolation: 0, interpolation_duration: 1 }
$data merge entity $(bone_left_leg1) { transformation: [-1.0946736238348334f,0.392100113601075f,-0.6524760041351065f,0.6054239307266107f,0f,1.142848766238993f,0.6867856108595963f,-1.125f,0.7612275842729899f,0.5638545700779705f,-0.9382848003255051f,-0.19216245104335292f,0f,0f,0f,1f], start_interpolation: 0, interpolation_duration: 1 }
$data merge entity $(bone_tail3) { transformation: [0.10158558053537856f,-0.009480515260349043f,-0.994781629131584f,-3.088128238951283f,-0.004515526049428606f,0.9999398952292091f,-0.009990793436728651f,-1.7180854013088878f,0.994816555879418f,0.005506882911115771f,0.1015366652437247f,-0.6274160451175529f,0f,0f,0f,1f], start_interpolation: 0, interpolation_duration: 1 }
$data merge entity $(bone_tail2) { transformation: [0.25035380679846636f,-0.6429011413456888f,-1.3786722616303837f,-1.3128750408480867f,0.37970109882346115f,1.3794028486435472f,-0.5742917096889297f,-1.1566011468879078f,1.4730533452950314f,-0.2462965990865253f,0.3823453129105144f,-0.9430388653661661f,0f,0f,0f,1f], start_interpolation: 0, interpolation_duration: 1 }
$data merge entity $(bone_tail1) { transformation: [-0.4725129579283295f,-0.3372679873135965f,-0.8142369491267616f,-0.38868416265986117f,0f,0.9238795325112867f,-0.3826834323650897f,-0.75f,0.8813237229246815f,-0.18082288057699436f,-0.4365450506763504f,-0.589375214388129f,0f,0f,0f,1f], start_interpolation: 0, interpolation_duration: 1 }
data modify entity @s data merge value {"locators":{"hitbox_head":{"posx":3.3390502911258593,"posy":-0.4487864900459836,"posz":1.8179712457037285,"roty":284.3371086225377,"rotx":7.811288625734799},"hitbox_neck":{"posx":2.3096390464861827,"posy":-1.1050337838868747,"posz":1.405893305580869,"roty":284.3371086225377,"rotx":7.811288625734799},"hitbox_right_arm":{"posx":2.4226373906898555,"posy":-3.3573407954317944,"posz":2.008855369025015,"roty":284.3371086225377,"rotx":7.811288625734799},"hitbox_left_arm":{"posx":2.9234117612280217,"posy":-3.027351947144476,"posz":0.23235392241200584,"roty":284.3371086225377,"rotx":7.811288625734799},"hitbox_tail1":{"posx":-1.6352245866068524,"posy":-2.114551627480383,"posz":-0.7721503137257377,"roty":254.49978171017852,"rotx":-21.870717648922344},"hitbox_tail2":{"posx":-3.635249729058591,"posy":-3.0361263351053847,"posz":-0.5775294547387972,"roty":264.1720427583542,"rotx":-0.5724398212853243}},"cameras":{}}