# This file was generated by Animated Java via MC-Build. It is not recommended to edit this file directly.
$data merge entity $(bone_jaw) { transformation: [-0.22387030981317285f,0.5749311278315873f,-0.786979213597445f,3.3791159593824243f,-0.17729691213399534f,0.7699766742128391f,0.6129451248814086f,0.19932259944151512f,0.9583568695073377f,0.2767491994901419f,-0.07044140295068904f,1.8268019490370555f,0f,0f,0f,1f], start_interpolation: 0, interpolation_duration: 1 }
$data merge entity $(bone_head) { transformation: [-0.25185409853981944f,0.09318145939170039f,-1.0924796239172279f,3.1363427096230403f,-0.19945902615074476f,1.0983329997152975f,0.13966287489305312f,0.2303587938621936f,1.0781514781957549f,0.22495963496153926f,-0.22936336390600748f,1.7758323126134983f,0f,0f,0f,1f], start_interpolation: 0, interpolation_duration: 1 }
$data merge entity $(bone_neck) { transformation: [-0.22387030981317285f,0.08282796390373368f,-0.9710929990375359f,2.371260091163912f,-0.17729691213399534f,0.9762959997469312f,0.12414477768271388f,-0.617439617934718f,0.9583568695073377f,0.19996411996581268f,-0.20387854569422886f,0.9185406820195925f,0f,0f,0f,1f], start_interpolation: 0, interpolation_duration: 1 }
$data merge entity $(bone_right_arm2) { transformation: [-0.22387030981317285f,0.08282796390373368f,-0.9710929990375359f,2.12645315437872f,-0.17729691213399534f,0.9762959997469312f,0.12414477768271388f,-2.287925517570684f,0.9583568695073377f,0.19996411996581268f,-0.20387854569422886f,1.987060182458994f,0f,0f,0f,1f], start_interpolation: 0, interpolation_duration: 1 }
$data merge entity $(bone_right_arm1) { transformation: [-0.25418608093370665f,0.09404425068236427f,-1.1025951759905355f,1.637497891980681f,-0.20130586898547384f,1.1085027497126612f,0.14095604966058137f,-0.8657821982040975f,1.0881343622531228f,0.22704259454451645f,-0.231487098756989f,1.8098600680282977f,0f,0f,0f,1f], start_interpolation: 0, interpolation_duration: 1 }
$data merge entity $(bone_left_arm2) { transformation: [-0.22387030981317285f,0.08282796390373368f,-0.9710929990375359f,2.5182261965517725f,-0.17729691213399534f,0.9762959997469312f,0.12414477768271388f,-1.9776559213361922f,0.9583568695073377f,0.19996411996581268f,-0.20387854569422886f,0.3099356608211531f,0f,0f,0f,1f], start_interpolation: 0, interpolation_duration: 1 }
$data merge entity $(bone_left_arm1) { transformation: [-0.25418608093370665f,0.09404425068236427f,-1.1025951759905355f,1.8893519905205007f,-0.20130586898547384f,1.1085027497126612f,0.14095604966058137f,-0.6663231720533528f,1.0881343622531228f,0.22704259454451645f,-0.231487098756989f,0.7317085898325428f,0f,0f,0f,1f], start_interpolation: 0, interpolation_duration: 1 }
$data merge entity $(bone_body2) { transformation: [-0.35446132387085705f,0.13114427618091168f,-1.5375639151427654f,0.9701371573034708f,-0.280720110878826f,1.5458019995993078f,0.196562564664297f,-0.5f,1.5173983767199515f,0.31660985661253677f,-0.32280769734919573f,0.6129675150862752f,0f,0f,0f,1f], start_interpolation: 0, interpolation_duration: 1 }
$data merge entity $(bone_right_leg2) { transformation: [-0.8433914458128858f,-0.023436679747723455f,-0.536788218175523f,-0.42810809467468763f,0f,0.9990482215818577f,-0.04361938736533605f,-2.455683373233876f,0.5372996083468238f,-0.036788218175523135f,-0.8425887240367154f,1.209900604838516f,0f,0f,0f,1f], start_interpolation: 0, interpolation_duration: 1 }
$data merge entity $(bone_right_leg1) { transformation: [-1.1245219277505143f,-0.43611636984405117f,-0.5683579186921667f,-0.44881537653949655f,0f,1.0578044537216469f,-0.8116819053449609f,-1.125f,0.716399477795765f,-0.6845655756890445f,-0.8921432276116096f,0.4794620593901768f,0f,0f,0f,1f], start_interpolation: 0, interpolation_duration: 1 }
$data merge entity $(bone_left_leg2) { transformation: [-0.8433914458128858f,0.24809734904587277f,-0.4765905732660484f,0.36509200680809406f,0f,0.8870108331782218f,0.461748613235034f,-2.169469075747641f,0.5372996083468238f,0.38943483051839034f,-0.7480973490458729f,-1.2673426295029884f,0f,0f,0f,1f], start_interpolation: 0, interpolation_duration: 1 }
$data merge entity $(bone_left_leg1) { transformation: [-1.1245219277505143f,0.3849211588395337f,-0.6042051913577666f,0.6054239307266107f,0f,1.1245219277505143f,0.7163994777957652f,-1.125f,0.716399477795765f,0.6042051913577667f,-0.9484121744937998f,-0.19216245104335292f,0f,0f,0f,1f], start_interpolation: 0, interpolation_duration: 1 }
$data merge entity $(bone_tail3) { transformation: [0.02905736074291429f,-0.018477918367505453f,-0.999406942301013f,-3.0930306133213947f,-0.018864976898841812f,0.9996409073961101f,-0.019030735847252622f,-1.7361820822408243f,0.9993997110432153f,0.019406771835767528f,0.02869834095644111f,-0.7995491430759635f,0f,0f,0f,1f], start_interpolation: 0, interpolation_duration: 1 }
$data merge entity $(bone_tail2) { transformation: [0.13935936514122485f,-0.6351733641187967f,-1.3978089554629978f,-1.3044424719756336f,0.35915115776449014f,1.378100660857786f,-0.5904109801916548f,-1.1566011468879078f,1.4927576910989178f,-0.2722672899348265f,0.27254561014201617f,-0.9768755370864298f,0f,0f,0f,1f], start_interpolation: 0, interpolation_duration: 1 }
$data merge entity $(bone_tail1) { transformation: [-0.5000000000000002f,-0.3314135740355917f,-0.8001031451912656f,-0.3918328802099138f,0f,0.9238795325112867f,-0.3826834323650897f,-0.75f,0.8660254037844386f,-0.19134171618254492f,-0.46193976625564365f,-0.5943177109128632f,0f,0f,0f,1f], start_interpolation: 0, interpolation_duration: 1 }
data modify entity @s data merge value {"locators":{"hitbox_head":{"posx":3.3880417943824366,"posy":-0.4186214490054865,"posz":1.7145667831643119,"roty":281.85689801593844,"rotx":7.1313704647047205},"hitbox_neck":{"posx":2.349651074673117,"posy":-1.0877171711171543,"posz":1.3482173899978602,"roty":281.85689801593844,"rotx":7.1313704647047205},"hitbox_right_arm":{"posx":2.515179795630431,"posy":-3.337374963167347,"posz":1.9489326396845044,"roty":281.85689801593844,"rotx":7.1313704647047205},"hitbox_left_arm":{"posx":2.93493662653013,"posy":-3.0049432529161058,"posz":0.15201350935824623,"roty":281.85689801593844,"rotx":7.1313704647047205},"hitbox_tail1":{"posx":-1.6300858586357632,"posy":-2.1194402426148247,"posz":-0.8439149772790409,"roty":258.9668625584631,"rotx":-22.517728683531356},"hitbox_tail2":{"posx":-3.6309447505083634,"posy":-3.0589155621122988,"posz":-0.8088777143224102,"roty":268.3551824354819,"rotx":-1.0904466728112583}},"cameras":{}}