# This file was generated by Animated Java via MC-Build. It is not recommended to edit this file directly.
$data merge entity $(bone_jaw) { transformation: [-0.12266665235351992f,0.602460207975591f,-0.7886663364226905f,3.4929875317315333f,-0.17728632158726465f,0.7685838340045763f,0.6146937857867795f,0.24737163146665142f,0.9764847426245007f,0.21522218266905893f,0.012528348204316031f,1.5645770417305198f,0f,0f,0f,1f], start_interpolation: 0, interpolation_duration: 1 }
$data merge entity $(bone_head) { transformation: [-0.1379999838977099f,0.09539002573599546f,-1.1124215691159165f,3.245782738594663f,-0.19944711178567273f,1.1007513553970343f,0.11913145341153772f,0.27384528778032646f,1.0985453354525632f,0.21183058462289656f,-0.11811413706130486f,1.5383294557168965f,0f,0f,0f,1f], start_interpolation: 0, interpolation_duration: 1 }
$data merge entity $(bone_neck) { transformation: [-0.12266665235351992f,0.08479113398755152f,-0.9888191725474813f,2.413609907214821f,-0.17728632158726465f,0.9784456492418082f,0.1058946252547002f,-0.5910706707260185f,0.9764847426245007f,0.18829385299813028f,-0.1049903440544932f,0.764720211049857f,0f,0f,0f,1f], start_interpolation: 0, interpolation_duration: 1 }
$data merge entity $(bone_right_arm2) { transformation: [-0.12266665235351992f,0.08479113398755152f,-0.9888191725474813f,2.3084595999742787f,-0.17728632158726465f,0.9784456492418082f,0.1058946252547002f,-2.261210225928863f,0.9764847426245007f,0.18829385299813028f,-0.1049903440544932f,1.8564000079839507f,0f,0f,0f,1f], start_interpolation: 0, interpolation_duration: 1 }
$data merge entity $(bone_right_arm1) { transformation: [-0.1392777615263924f,0.09627326671503245f,-1.1227217688299527f,1.7782681110670215f,-0.2012938443022067f,1.1109434975766364f,0.1202345224246075f,-0.8487957809403631f,1.1087170515215683f,0.2137919789249604f,-0.11920778647853914f,1.7262033464363762f,0f,0f,0f,1f], start_interpolation: 0, interpolation_duration: 1 }
$data merge entity $(bone_left_arm2) { transformation: [-0.12266665235351992f,0.08479113398755152f,-0.9888191725474813f,2.5231262415929385f,-0.17728632158726465f,0.9784456492418082f,0.1058946252547002f,-1.9509591631511498f,0.9764847426245007f,0.18829385299813028f,-0.1049903440544932f,0.14755170839107434f,0f,0f,0f,1f], start_interpolation: 0, interpolation_duration: 1 }
$data merge entity $(bone_left_arm1) { transformation: [-0.1392777615263924f,0.09627326671503245f,-1.1227217688299527f,1.9162680949647315f,-0.2012938443022067f,1.1109434975766364f,0.1202345224246075f,-0.6493486691546904f,1.1087170515215683f,0.2137919789249604f,-0.11920778647853914f,0.6276580109838128f,0f,0f,0f,1f], start_interpolation: 0, interpolation_duration: 1 }
$data merge entity $(bone_body2) { transformation: [-0.1942221995597399f,0.13425262881362324f,-1.5656303565335121f,0.9868829008035948f,-0.28070334251316903f,1.5492056112995298f,0.16766648998660866f,-0.5f,1.546100842488793f,0.2981319339137063f,-0.16623471141961424f,0.6020282256591398f,0f,0f,0f,1f], start_interpolation: 0, interpolation_duration: 1 }
$data merge entity $(bone_right_leg2) { transformation: [-0.8308894007533025f,-0.04335212513585873f,-0.5547462455591952f,-0.3280243084877892f,0f,0.9969603862923582f,-0.07791012876251807f,-2.389481431639598f,0.556437600918394f,-0.0647347002001013f,-0.8283638179412385f,1.334289194639634f,0f,0f,0f,1f], start_interpolation: 0, interpolation_duration: 1 }
$data merge entity $(bone_right_leg1) { transformation: [-1.1078525343377366f,-0.5059600597605489f,-0.5426278262919564f,-0.43475057584746535f,0f,0.9751818090588329f,-0.9092844533249866f,-1.125f,0.7419168012245253f,-0.7555148145374925f,-0.8102682289544152f,0.5009923010331934f,0f,0f,0f,1f], start_interpolation: 0, interpolation_duration: 1 }
$data merge entity $(bone_left_leg2) { transformation: [-0.8499540370629148f,0.26167868851274145f,-0.4572771575955932f,0.35137666416234775f,0f,0.8679343585175747f,0.4966789197305298f,-2.119271910047998f,0.5268568447694812f,0.42215425294901127f,-0.7377043119276239f,-1.3136447057126632f,0f,0f,0f,1f], start_interpolation: 0, interpolation_duration: 1 }
$data merge entity $(bone_left_leg1) { transformation: [-1.1332720494172197f,0.4050561738337547f,-0.573935306307803f,0.6038611750941628f,0f,1.0893572172511494f,0.7688163831504955f,-1.125f,0.702475793025975f,0.6534585886188724f,-0.9259035646062372f,-0.1945547001147992f,0f,0f,0f,1f], start_interpolation: 0, interpolation_duration: 1 }
$data merge entity $(bone_tail3) { transformation: [-0.827585713242348f,-0.2593993024273683f,-0.4978090890465429f,-1.9281616606986887f,-0.2548870321724191f,0.9637815918619361f,-0.07847065705350331f,-1.85606526548268f,0.5001344699853135f,0.06194388660930966f,-0.8637293944542138f,-2.8522308425695986f,0f,0f,0f,1f], start_interpolation: 0, interpolation_duration: 1 }
$data merge entity $(bone_tail2) { transformation: [-1.2809544928280079f,-0.3961070313045088f,-0.7609145275035696f,-1.0584110688055293f,0f,1.3674750344830917f,-0.7118624454040104f,-1.1566011468879078f,0.8578413014158573f,-0.5914789606805188f,-1.1362205119467579f,-1.328849700274625f,0f,0f,0f,1f], start_interpolation: 0, interpolation_duration: 1 }
$data merge entity $(bone_tail1) { transformation: [-0.8308894007533025f,-0.212939451016447f,-0.5140813106081877f,-0.4083385011901669f,0f,0.9238795325112867f,-0.3826834323650897f,-0.75f,0.556437600918394f,-0.3179676077960464f,-0.7676417111365443f,-0.5827850823068457f,0f,0f,0f,1f], start_interpolation: 0, interpolation_duration: 1 }
$data merge entity $(bone_body1) { transformation: [-1.1078525343377366f,0f,-0.7419168012245253f,0.5f,0f,1.3333333333333333f,0f,-1.1875f,0.7419168012245253f,0f,-1.1078525343377366f,-0.12499999999999994f,0f,0f,0f,1f], start_interpolation: 0, interpolation_duration: 1 }
data modify entity @s data merge value {"locators":{"hitbox_head":{"posx":3.501794271273531,"posy":-0.3707753133878975,"posz":1.4534552801100942,"roty":276.0608146323173,"rotx":6.078712185728448},"hitbox_neck":{"posx":2.4440823023611644,"posy":-1.0598677781421664,"posz":1.1954761804946201,"roty":276.0608146323173,"rotx":6.078712185728448},"hitbox_right_arm":{"posx":2.710411386488373,"posy":-3.303683582897225,"posz":1.7816316234270984,"roty":276.0608146323173,"rotx":6.078712185728448},"hitbox_left_arm":{"posx":2.9404113596512227,"posy":-2.971271729921104,"posz":-0.049277268993840634,"roty":276.0608146323173,"rotx":6.078712185728448},"hitbox_tail1":{"posx":-1.101175924531035,"posy":-2.13931144337066,"posz":-1.6173508099805638,"roty":326.190209647873,"rotx":-27.500000000000004},"hitbox_tail2":{"posx":-1.8677176888514482,"posy":-3.1651683493940665,"posz":-3.419379978124813,"roty":330.0430691152055,"rotx":-4.500664463788215}},"cameras":{}}