# This file was generated by Animated Java via MC-Build. It is not recommended to edit this file directly.
$data merge entity $(bone_jaw) { transformation: [-0.10881741392486383f,0.6047756717779477f,-0.7889265854642227f,3.50915558332426f,-0.17712786302745093f,0.769142172238495f,0.6140407470384827f,0.25083200894040814f,0.978153612969882f,0.20655920630604055f,0.02342656022947366f,1.5266653879966166f,0f,0f,0f,1f], start_interpolation: 0, interpolation_duration: 1 }
$data merge entity $(bone_head) { transformation: [-0.12241959066547181f,0.096944268182556f,-1.1141096232812315f,3.2615756670395415f,-0.19926884590588229f,1.1009382542692376f,0.11769404121679677f,0.27698624032191854f,1.1004228145911172f,0.21014701794970106f,-0.10262972266459644f,1.5038587829600396f,0f,0f,0f,1f], start_interpolation: 0, interpolation_duration: 1 }
$data merge entity $(bone_neck) { transformation: [-0.10881741392486383f,0.08617268282893867f,-0.9903196651388724f,2.419791170570892f,-0.17712786302745093f,0.9786117815726557f,0.10461692552604157f,-0.5892235940953938f,0.978153612969882f,0.18679734928862315f,-0.09122642014630794f,0.7421883264870615f,0f,0f,0f,1f], start_interpolation: 0, interpolation_duration: 1 }
$data merge entity $(bone_right_arm2) { transformation: [-0.10881741392486383f,0.08617268282893867f,-0.9903196651388724f,2.3319789320711433f,-0.17712786302745093f,0.9786117815726557f,0.10461692552604157f,-2.259144515304964f,0.978153612969882f,0.18679734928862315f,-0.09122642014630794f,1.8357333084956864f,0f,0f,0f,1f], start_interpolation: 0, interpolation_duration: 1 }
$data merge entity $(bone_right_arm1) { transformation: [-0.12355310539385579f,0.09784190029535743f,-1.124425453126428f,1.7982412503526706f,-0.20111392781241821f,1.1111321269939527f,0.11878380085769302f,-0.8474399584956216f,1.1106119147262201f,0.21209282367145751f,-0.1035799978744538f,1.7125136615333294f,0f,0f,0f,1f], start_interpolation: 0, interpolation_duration: 1 }
$data merge entity $(bone_left_arm2) { transformation: [-0.10881741392486383f,0.08617268282893867f,-0.9903196651388724f,2.522409406439655f,-0.17712786302745093f,0.9786117815726557f,0.10461692552604157f,-1.949170755006925f,0.978153612969882f,0.18679734928862315f,-0.09122642014630794f,0.12396448579839259f,0f,0f,0f,1f], start_interpolation: 0, interpolation_duration: 1 }
$data merge entity $(bone_left_arm1) { transformation: [-0.12355310539385579f,0.09784190029535743f,-1.124425453126428f,1.9206608410181425f,-0.20111392781241821f,1.1111321269939527f,0.11878380085769302f,-0.6481711125897393f,1.1106119147262201f,0.21209282367145751f,-0.1035799978744538f,0.6120908469422119f,0f,0f,0f,1f], start_interpolation: 0, interpolation_duration: 1 }
$data merge entity $(bone_body2) { transformation: [-0.17229423871436775f,0.13644008114581957f,-1.5680061364698814f,0.9908208592569544f,-0.280452449793464f,1.549468654156705f,0.1656434654162325f,-0.5f,1.5487432205356466f,0.29576246970698666f,-0.1444418318983209f,0.5993755131962049f,0f,0f,0f,1f], start_interpolation: 0, interpolation_duration: 1 }
$data merge entity $(bone_right_leg2) { transformation: [-0.8278577293670911f,-0.0462709637532715f,-0.5590264554030584f,-0.3123373661360195f,0f,0.9965920136690796f,-0.08248853430028485f,-2.381157947791877f,0.5609381248650908f,-0.06828877070465317f,-0.8250364015414613f,1.35020768496456f,0f,0f,0f,1f], start_interpolation: 0, interpolation_duration: 1 }
$data merge entity $(bone_right_leg1) { transformation: [-1.1038103058227882f,-0.5160227835717921f,-0.5413880986612101f,-0.4313399455379775f,0f,0.9651476244218868f,-0.9199281715713277f,-1.125f,0.747917499820121f,-0.7615696472978591f,-0.7990049208579453f,0.5060553904732272f,0f,0f,0f,1f], start_interpolation: 0, interpolation_duration: 1 }
$data merge entity $(bone_left_leg2) { transformation: [-0.8481694267912475f,0.2662718027808671f,-0.45793880650195345f,0.34315772597935135f,0f,0.8644839633254875f,0.5026603994279409f,-2.1108469416432443f,0.5297250451475808f,0.42634118285345624f,-0.7332288676440045f,-1.3198503305880807f,0f,0f,0f,1f], start_interpolation: 0, interpolation_duration: 1 }
$data merge entity $(bone_left_leg1) { transformation: [-1.1308925690549967f,0.4117173719230596f,-0.5738889968371377f,0.6034822161708864f,0f,1.0833714624107547f,0.777228442744963f,-1.125f,0.7063000601967744f,0.6592214027688494f,-0.9188825522749253f,-0.1951172656081363f,0f,0f,0f,1f], start_interpolation: 0, interpolation_duration: 1 }
$data merge entity $(bone_tail3) { transformation: [-0.9034091017546515f,-0.3117016905533887f,-0.2944385351359658f,-1.4735233895630329f,-0.3043674348061296f,0.9498545220367183f,-0.07167183265365784f,-1.8429801786624398f,0.30201400546396884f,0.024868515688657666f,-0.9529790645292545f,-3.0738459858622162f,0f,0f,0f,1f], start_interpolation: 0, interpolation_duration: 1 }
$data merge entity $(bone_tail2) { transformation: [-1.4350264938056867f,-0.322317853096115f,-0.4621106737161345f,-0.9886495740294785f,-0.07975288472142518f,1.3679470176136954f,-0.7064676535351906f,-1.1566011468879078f,0.557740576402219f,-0.6336941452218242f,-1.2899973995544383f,-1.382637111195876f,0f,0f,0f,1f], start_interpolation: 0, interpolation_duration: 1 }
$data merge entity $(bone_tail1) { transformation: [-0.879454565087667f,-0.18215074855479788f,-0.4397508075574046f,-0.41148252036377775f,3.469446951953614e-18f,0.9238795325112867f,-0.3826834323650897f,-0.75f,0.4759828441724162f,-0.33655269157689555f,-0.8125100724581108f,-0.5788430147306853f,0f,0f,0f,1f], start_interpolation: 0, interpolation_duration: 1 }
$data merge entity $(bone_body1) { transformation: [-1.1038103058227882f,0f,-0.747917499820121f,0.5f,0f,1.3333333333333333f,0f,-1.1875f,0.747917499820121f,0f,-1.1038103058227882f,-0.12499999999999994f,0f,0f,0f,1f], start_interpolation: 0, interpolation_duration: 1 }
data modify entity @s data merge value {"locators":{"hitbox_head":{"posx":3.5171926356273526,"posy":-0.3673389123878793,"posz":1.4156186959503714,"roty":275.26312781806564,"rotx":6.005096456674351},"hitbox_neck":{"posx":2.4568576656899674,"posy":-1.0578440593896203,"posz":1.172619429507057,"roty":275.26312781806564,"rotx":6.005096456674351},"hitbox_right_arm":{"posx":2.734164993441337,"posy":-3.301135251079856,"posz":1.7556837700908348,"roty":275.26312781806564,"rotx":6.005096456674351},"hitbox_left_arm":{"posx":2.9381976445504563,"posy":-2.9690205079033856,"posz":-0.07835425422769424,"roty":275.26312781806564,"rotx":6.005096456674351},"hitbox_tail1":{"posx":-0.9215691761691837,"posy":-2.130668821109878,"posz":-1.694844792489445,"roty":340.2911530587646,"rotx":-27.274194883651738},"hitbox_tail2":{"posx":-1.230036596725691,"posy":-3.1299796447033152,"posz":-3.6425366365012852,"roty":342.83060701246256,"rotx":-4.110017414187127}},"cameras":{}}