# This file was generated by Animated Java via MC-Build. It is not recommended to edit this file directly.
$data merge entity $(bone_jaw) { transformation: [-0.07427147958443381f,0.6052739078862822f,-0.7925447897452909f,3.549098933110151f,-0.17669965852743647f,0.7741769929939534f,0.6078052436390522f,0.25408898012292813f,0.9814585971892174f,0.18518498845994155f,0.04945242210918436f,1.4306853692862356f,0f,0f,0f,1f], start_interpolation: 0, interpolation_duration: 1 }
$data merge entity $(bone_head) { transformation: [-0.08355541453248803f,0.10303157287799658f,-1.1171517299331324f,3.30084299312501f,-0.19878711584336603f,1.1011602879993574f,0.11642466537572001f,0.27996112798419925f,1.1041409218378695f,0.20604736136009677f,-0.06357916010424686f,1.4165566670408474f,0f,0f,0f,1f], start_interpolation: 0, interpolation_duration: 1 }
$data merge entity $(bone_neck) { transformation: [-0.07427147958443381f,0.09158362033599696f,-0.9930237599405621f,2.4338393313585236f,-0.17669965852743647f,0.9788091448883177f,0.10348859144508445f,-0.587589278646789f,0.9814585971892174f,0.18315321009786378f,-0.056514808981552755f,0.685308800419747f,0f,0f,0f,1f], start_interpolation: 0, interpolation_duration: 1 }
$data merge entity $(bone_right_arm2) { transformation: [-0.07427147958443381f,0.09158362033599696f,-0.9930237599405621f,2.386256547685787f,-0.17669965852743647f,0.9788091448883177f,0.10348859144508445f,-2.2569935657949243f,0.9814585971892174f,0.18315321009786378f,-0.056514808981552755f,1.7821281587232827f,0f,0f,0f,1f], start_interpolation: 0, interpolation_duration: 1 }
$data merge entity $(bone_right_arm1) { transformation: [-0.08432907577815921f,0.1039855689231632f,-1.127495727432513f,1.8469660517877822f,-0.20062773728636013f,1.111356216591944f,0.11750267153660628f,-0.8459395132206877f,1.1143644488919238f,0.20795520729861613f,-0.06416785603113802f,1.676957004180281f,0f,0f,0f,1f], start_interpolation: 0, interpolation_duration: 1 }
$data merge entity $(bone_left_arm2) { transformation: [-0.07427147958443381f,0.09158362033599696f,-0.9930237599405621f,2.5162316369585462f,-0.17669965852743647f,0.9788091448883177f,0.10348859144508445f,-1.9477691633719103f,0.9814585971892174f,0.18315321009786378f,-0.056514808981552755f,0.06457561364215247f,0f,0f,0f,1f], start_interpolation: 0, interpolation_duration: 1 }
$data merge entity $(bone_left_arm1) { transformation: [-0.08432907577815921f,0.1039855689231632f,-1.127495727432513f,1.93052146632027f,-0.20062773728636013f,1.111356216591944f,0.11750267153660628f,-0.6471523973773218f,1.1143644488919238f,0.20795520729861613f,-0.06416785603113802f,0.5728160823424115f,0f,0f,0f,1f], start_interpolation: 0, interpolation_duration: 1 }
$data merge entity $(bone_body2) { transformation: [-0.1175965093420202f,0.14500739886532854f,-1.5722876199058902f,1.000643700172966f,-0.27977445933510775f,1.5497811460731699f,0.16385693645471705f,-0.5f,1.553976112216261f,0.28999258265495104f,-0.08948178088745853f,0.5926216868776484f,0f,0f,0f,1f], start_interpolation: 0, interpolation_duration: 1 }
$data merge entity $(bone_right_leg2) { transformation: [-0.8201390707173123f,-0.05512786658418828f,-0.5695022590023848f,-0.27147109708457295f,0f,0.9953475424836576f,-0.09634972585193724f,-2.3583879670393486f,0.5721642287691039f,-0.07902017462407562f,-0.8163234085333075f,1.3907997787061679f,0f,0f,0f,1f], start_interpolation: 0, interpolation_duration: 1 }
$data merge entity $(bone_right_leg1) { transformation: [-1.0935187609564163f,-0.5421695338232647f,-0.5366998172237303f,-0.4226564545569763f,0f,0.9380170766325813f,-0.9475767735246806f,-1.125f,0.7628856383588052f,-0.7771447344718406f,-0.7693044535464152f,0.518684757365242f,0f,0f,0f,1f], start_interpolation: 0, interpolation_duration: 1 }
$data merge entity $(bone_left_leg2) { transformation: [-0.8409892702227264f,0.2833399256073961f,-0.4609289901134897f,0.3131293745606204f,0f,0.8519128712016414f,0.5236835493702047f,-2.0814017459451892f,0.5410517973080269f,0.4404122460124956f,-0.7164495838452158f,-1.3394281278527473f,0f,0f,0f,1f], start_interpolation: 0, interpolation_duration: 1 }
$data merge entity $(bone_left_leg1) { transformation: [-1.121319026963635f,0.43599103734789396f,-0.5747462334799696f,0.602517383839664f,0f,1.0622758049036847f,0.8058212531908092f,-1.125f,0.7214023964107025f,0.6776870276509015f,-0.8933625539412091f,-0.19652052859613794f,0f,0f,0f,1f], start_interpolation: 0, interpolation_duration: 1 }
$data merge entity $(bone_tail3) { transformation: [-0.807582806738744f,-0.4061196922426191f,0.42764097772867f,0.16504767791754316f,-0.45073381932867995f,0.8926516806997623f,-0.0034642542156593237f,-1.708835916919608f,-0.380327535649673f,-0.19554992333583293f,-0.9039420297286751f,-3.0887356178802006f,0f,0f,0f,1f], start_interpolation: 0, interpolation_duration: 1 }
$data merge entity $(bone_tail2) { transformation: [-1.4032889851186006f,-0.04953833603331991f,0.6364448826245432f,-0.7167621642800328f,-0.32680314678780464f,1.3760845674750248f,-0.6134550330038651f,-1.1566011468879078f,-0.548375636407661f,-0.6933060850239484f,-1.2630704433935462f,-1.5127107414992715f,0f,0f,0f,1f], start_interpolation: 0, interpolation_duration: 1 }
$data merge entity $(bone_tail1) { transformation: [-0.9840902359355108f,-0.0679911270303365f,-0.1641451009976702f,-0.4193467149780694f,0f,0.9238795325112867f,-0.3826834323650898f,-0.75f,0.17766937703608549f,-0.37659502924477234f,-0.9091808271250217f,-0.5689147848084466f,0f,0f,0f,1f], start_interpolation: 0, interpolation_duration: 1 }
$data merge entity $(bone_body1) { transformation: [-1.0935187609564163f,0f,-0.7628856383588052f,0.5f,0f,1.3333333333333333f,0f,-1.1875f,0.7628856383588052f,0f,-1.0935187609564163f,-0.12499999999999994f,0f,0f,0f,1f], start_interpolation: 0, interpolation_duration: 1 }
data modify entity @s data merge value {"locators":{"hitbox_head":{"posx":3.5539231553964377,"posy":-0.3641347723975882,"posz":1.3197467885364178,"roty":273.2572945017366,"rotx":5.940094829170149},"hitbox_neck":{"posx":2.486487703932878,"posy":-1.055928611174262,"posz":1.114419996350351,"roty":273.2572945017366,"rotx":5.940094829170149},"hitbox_right_arm":{"posx":2.786542839846044,"posy":-3.298590735063749,"posz":1.6885735154405213,"roty":273.2572945017366,"rotx":5.940094829170149},"hitbox_left_arm":{"posx":2.9258018640668575,"posy":-2.9672788753248054,"posz":-0.151661354289261,"roty":273.2572945017366,"rotx":5.940094829170149},"hitbox_tail1":{"posx":-0.29506223002974835,"posy":-2.073117925773065,"posz":-1.694224954373311,"roty":26.74294481639356,"rotx":-23.44801065882373},"hitbox_tail2":{"posx":0.9386278239583576,"posy":-2.882389890834354,"posz":-3.3405437352242995,"roty":25.3181062074554,"rotx":-0.19848754272909144}},"cameras":{}}