# This file was generated by Animated Java via MC-Build. It is not recommended to edit this file directly.
$data merge entity $(bone_jaw) { transformation: [-0.07952825902868788f,0.5947772498925668f,-0.7999470476388431f,3.5410357117297857f,-0.17681222937155688f,0.7813474505254276f,0.5985261874822807f,0.24764383171008558f,0.9810263460073465f,0.18904016654576267f,0.04302468909619719f,1.4474119014946123f,0f,0f,0f,1f], start_interpolation: 0, interpolation_duration: 1 }
$data merge entity $(bone_head) { transformation: [-0.08946929140727386f,0.10469019723167074f,-1.116539389586715f,3.2929158473771825f,-0.1989137580430015f,1.100845011997986f,0.11915777952095488f,0.2741233382702978f,1.103654639258265f,0.20689422940901014f,-0.06903778009873515f,1.4320701725837823f,0f,0f,0f,1f], start_interpolation: 0, interpolation_duration: 1 }
$data merge entity $(bone_neck) { transformation: [-0.07952825902868788f,0.09305795309481843f,-0.9924794574104134f,2.4274163425823208f,-0.17681222937155688f,0.9785288995537653f,0.10591802624084878f,-0.5910991064991098f,0.9810263460073465f,0.1839059816968979f,-0.06136691564332014f,0.6962962750669575f,0f,0f,0f,1f], start_interpolation: 0, interpolation_duration: 1 }
$data merge entity $(bone_right_arm2) { transformation: [-0.07952825902868788f,0.09305795309481843f,-0.9924794574104134f,2.370384077108526f,-0.17681222937155688f,0.9785288995537653f,0.10591802624084878f,-2.2607108449136977f,0.9810263460073465f,0.1839059816968979f,-0.06136691564332014f,1.7923489488208908f,0f,0f,0f,1f], start_interpolation: 0, interpolation_duration: 1 }
$data merge entity $(bone_right_arm1) { transformation: [-0.09029771077215601f,0.10565955090974175f,-1.1268777172680735f,1.8350455945222808f,-0.20075555209895518f,1.1110380213683375f,0.12026109229429705f,-0.8483191995301853f,1.1138736636958413f,0.2088099167183528f,-0.06967701880335307f,1.6849650621659908f,0f,0f,0f,1f], start_interpolation: 0, interpolation_duration: 1 }
$data merge entity $(bone_left_arm2) { transformation: [-0.07952825902868788f,0.09305795309481843f,-0.9924794574104134f,2.50955853040873f,-0.17681222937155688f,0.9785288995537653f,0.10591802624084878f,-1.9512894435134727f,0.9810263460073465f,0.1839059816968979f,-0.06136691564332014f,0.07555284330803436f,0f,0f,0f,1f], start_interpolation: 0, interpolation_duration: 1 }
$data merge entity $(bone_left_arm1) { transformation: [-0.09029771077215601f,0.10565955090974175f,-1.1268777172680735f,1.9245148859295549f,-0.20075555209895518f,1.1110380213683375f,0.12026109229429705f,-0.6494054414871837f,1.1138736636958413f,0.2088099167183528f,-0.06967701880335307f,0.581310422907726f,0f,0f,0f,1f], start_interpolation: 0, interpolation_duration: 1 }
$data merge entity $(bone_body2) { transformation: [-0.12591974346208915f,0.14734175906679586f,-1.571425807566488f,0.9949110004864253f,-0.27995269650496507f,1.5493374242934619f,0.1677035415480106f,-0.5f,1.553291714511632f,0.2911844710200884f,-0.09716428310192357f,0.5965872099736287f,0f,0f,0f,1f], start_interpolation: 0, interpolation_duration: 1 }
$data merge entity $(bone_right_leg2) { transformation: [-0.8246710971127184f,-0.05721414767192712f,-0.5627114028461484f,-0.27945168158500194f,0f,0.9948707484910411f,-0.1011543068627131f,-2.3536800839641447f,0.5656125719844861f,-0.08341903321815014f,-0.820441151643458f,1.390540440682523f,0f,0f,0f,1f], start_interpolation: 0, interpolation_duration: 1 }
$data merge entity $(bone_right_leg1) { transformation: [-1.0995614628169577f,-0.5390536196820835f,-0.5274121371121955f,-0.42775498425180813f,0f,0.9324618356019526f,-0.9530439144780343f,-1.125f,0.7541500959793148f,-0.7859477705492002f,-0.7689743249816015f,0.511314143482547f,0f,0f,0f,1f], start_interpolation: 0, interpolation_duration: 1 }
$data merge entity $(bone_left_leg2) { transformation: [-0.842059477086517f,0.2880108558502732f,-0.45605436513772646f,0.3095750388292138f,-1.734723475976807e-18f,0.8455085561181785f,0.5339618727315211f,-2.067390021960768f,0.5393846837358116f,0.44962765533644206f,-0.7119684926370494f,-1.3491490572868998f,0f,0f,0f,1f], start_interpolation: 0, interpolation_duration: 1 }
$data merge entity $(bone_left_leg1) { transformation: [-1.1227459694486892f,0.4417583742476204f,-0.5675110612548445f,0.6030838871390898f,-2.3129646346357427e-18f,1.0521453025403462f,0.8190042979863176f,-1.125f,0.7191795783144155f,0.6896503308939687f,-0.8859689232761592f,-0.19570157149806072f,0f,0f,0f,1f], start_interpolation: 0, interpolation_duration: 1 }
$data merge entity $(bone_tail3) { transformation: [-0.6655006201305725f,-0.39482946194670415f,0.6334182035469927f,0.6608840506473661f,-0.4878612021650762f,0.8723634487296756f,0.031200332410304787f,-1.6403552321869876f,-0.5648896989925293f,-0.28825632568834086f,-0.7731803920643532f,-2.8629198661940514f,0f,0f,0f,1f], start_interpolation: 0, interpolation_duration: 1 }
$data merge entity $(bone_tail2) { transformation: [-1.2086089104717743f,0.04473279443975389f,0.956033257654226f,-0.6052948926184283f,-0.39349015957260336f,1.380582425643059f,-0.5620442788928339f,-1.1566011468879078f,-0.8724483405674338f,-0.6846365855096038f,-1.0709074422815414f,-1.5479373117140436f,0f,0f,0f,1f], start_interpolation: 0, interpolation_duration: 1 }
$data merge entity $(bone_tail1) { transformation: [-0.9978394022159842f,-0.02514241038525833f,-0.06069914814284094f,-0.41607212243966174f,1.3877787807814457e-17f,0.9238795325112867f,-0.3826834323650897f,-0.75f,0.06570028451420351f,-0.3818566073891421f,-0.9218834004406454f,-0.5766487343101333f,0f,0f,0f,1f], start_interpolation: 0, interpolation_duration: 1 }
$data merge entity $(bone_body1) { transformation: [-1.0995614628169577f,0f,-0.7541500959793148f,0.5f,0f,1.3333333333333333f,0f,-1.1875f,0.7541500959793148f,0f,-1.0995614628169577f,-0.12499999999999994f,0f,0f,0f,1f], start_interpolation: 0, interpolation_duration: 1 }
data modify entity @s data merge value {"locators":{"hitbox_head":{"posx":3.544904457133675,"posy":-0.37055660715107086,"posz":1.3363060951617587,"roty":273.5382038734063,"rotx":6.080060546502533},"hitbox_neck":{"posx":2.4768154128337216,"posy":-1.0596933117976564,"posz":1.125515569389709,"roty":273.5382038734063,"rotx":6.080060546502533},"hitbox_right_arm":{"posx":2.768595336529621,"posy":-3.3032495219236098,"posz":1.7004405715711122,"roty":273.5382038734063,"rotx":6.080060546502533},"hitbox_left_arm":{"posx":2.917710822208411,"posy":-2.97172659185194,"posz":-0.13898382719266264,"roty":273.5382038734063,"rotx":6.080060546502533},"hitbox_tail1":{"posx":-0.10272232011046933,"posy":-2.0469726005254487,"posz":-1.6216986424375643,"roty":41.75630728132481,"rotx":-21.381076759579734},"hitbox_tail2":{"posx":1.5353954589475987,"posy":-2.7677820716638903,"posz":-2.9194974092643027,"roty":39.32561245676396,"rotx":1.7879375277297236}},"cameras":{}}