# This file was generated by Animated Java via MC-Build. It is not recommended to edit this file directly.
$data merge entity $(bone_jaw) { transformation: [-0.1027587449793349f,0.5810763757620486f,-0.8073356711192158f,3.508638364297408f,-0.17710548687330882f,0.7879758332770906f,0.5896844348383656f,0.24043288198397622f,0.9788126924236529f,0.20357880956159705f,0.021940406738315862f,1.5160956917207034f,0f,0f,0f,1f], start_interpolation: 0, interpolation_duration: 1 }
$data merge entity $(bone_head) { transformation: [-0.11560358810175177f,0.10276956220071824f,-1.1143155870322703f,3.261012678290237f,-0.19924367273247243f,1.1004560336128626f,0.12216168368650446f,0.2675799228031994f,1.1011642789766094f,0.20990458587205482f,-0.09488042756967954f,1.4950111522607745f,0f,0f,0f,1f], start_interpolation: 0, interpolation_duration: 1 }
$data merge entity $(bone_neck) { transformation: [-0.1027587449793349f,0.091350721956194f,-0.9905027440286848f,2.410548429178142f,-0.17710548687330882f,0.9781831409892112f,0.10858816327689286f,-0.5949590383987078f,0.9788126924236529f,0.18658185410849318f,-0.08433815783971516f,0.7388368328139056f,0f,0f,0f,1f], start_interpolation: 0, interpolation_duration: 1 }
$data merge entity $(bone_right_arm2) { transformation: [-0.1027587449793349f,0.091350721956194f,-0.9905027440286848f,2.3236577565249057f,-0.17710548687330882f,0.9781831409892112f,0.10858816327689286f,-2.2649776286359162f,0.9788126924236529f,0.18658185410849318f,-0.08433815783971516f,1.832306274210416f,0f,0f,0f,1f], start_interpolation: 0, interpolation_duration: 1 }
$data merge entity $(bone_right_arm1) { transformation: [-0.11667399169528649f,0.10372113222109525f,-1.1246333239492357f,1.7946970503787318f,-0.20108852155406937f,1.1106454413315001f,0.12329281038730541f,-0.8511124291868034f,1.1113602445226891f,0.2118481468523516f,-0.09575895004717656f,1.7133335078306176f,0f,0f,0f,1f], start_interpolation: 0, interpolation_duration: 1 }
$data merge entity $(bone_left_arm2) { transformation: [-0.1027587449793349f,0.091350721956194f,-0.9905027440286848f,2.503485560238742f,-0.17710548687330882f,0.9781831409892112f,0.10858816327689286f,-1.9550430266076257f,0.9788126924236529f,0.18658185410849318f,-0.08433815783971516f,0.11938406246902333f,0f,0f,0f,1f], start_interpolation: 0, interpolation_duration: 1 }
$data merge entity $(bone_left_arm1) { transformation: [-0.11667399169528649f,0.10372113222109525f,-1.1246333239492357f,1.9103006384804835f,-0.20108852155406937f,1.1106454413315001f,0.12329281038730541f,-0.651868756454331f,1.1113602445226891f,0.2118481468523516f,-0.09575895004717656f,0.612169228854008f,0f,0f,0f,1f], start_interpolation: 0, interpolation_duration: 1 }
$data merge entity $(bone_body2) { transformation: [-0.16270134621728027f,0.14463864309730717f,-1.568296011378751f,0.9809913145146454f,-0.280417020882739f,1.548789973232918f,0.17193125852174704f,-0.5f,1.549786763004117f,0.29542126900511423f,-0.133535416579549f,0.6059393650375342f,0f,0f,0f,1f], start_interpolation: 0, interpolation_duration: 1 }
$data merge entity $(bone_right_leg2) { transformation: [-0.8353592743286105f,-0.055631634718952466f,-0.5468820750506223f,-0.31098700432332715f,0f,0.9948658140576973f,-0.10120282614292658f,-2.356821565147797f,0.5497043594453089f,-0.08454071940675967f,-0.8310703844855802f,1.3713215598445099f,0f,0f,0f,1f], start_interpolation: 0, interpolation_duration: 1 }
$data merge entity $(bone_right_leg1) { transformation: [-1.1138123657714805f,-0.5218919773575152f,-0.5146149585876592f,-0.4397791836196867f,0f,0.9361667771871822f,-0.94940483623623f,-1.125f,0.7329391459270785f,-0.7930941350423703f,-0.7820355996416384f,0.49341740437597265f,0f,0f,0f,1f], start_interpolation: 0, interpolation_duration: 1 }
$data merge entity $(bone_left_leg2) { transformation: [-0.8492358357125693f,0.28349817784148457f,-0.4454517689965233f,0.32488876135931555f,0f,0.8436367212911139f,0.5369144089044169f,-2.063842142668046f,0.5280137264707935f,0.45596695675206267f,-0.716446536043471f,-1.3535084012269474f,0f,0f,0f,1f], start_interpolation: 0, interpolation_duration: 1 }
$data merge entity $(bone_left_leg1) { transformation: [-1.132314447616759f,0.43418600409575003f,-0.5541879494751728f,0.6044199092910763f,0f,1.0495711033486308f,0.8223006000200388f,-1.125f,0.704018301961058f,0.6983271372649648f,-0.8913333930920377f,-0.19371304493066355f,0f,0f,0f,1f], start_interpolation: 0, interpolation_duration: 1 }
$data merge entity $(bone_tail3) { transformation: [-0.5921424988322822f,-0.37953648882911006f,0.7108581537296533f,0.8675453487975481f,-0.5000255927339728f,0.8648290049347364f,0.04522387460880323f,-1.6126279805164048f,-0.6319348603200331f,-0.328668291550713f,-0.7018799658356377f,-2.7478313169014323f,0f,0f,0f,1f], start_interpolation: 0, interpolation_duration: 1 }
$data merge entity $(bone_tail2) { transformation: [-1.1014719251007303f,0.08919963014702856f,1.07496006219191f,-0.5399956487592025f,-0.415956726465071f,1.382429788586368f,-0.5409288238286278f,-1.1566011468879078f,-0.9952264621855991f,-0.6765112096054242f,-0.9636352958224669f,-1.574258090720929f,0f,0f,0f,1f], start_interpolation: 0, interpolation_duration: 1 }
$data merge entity $(bone_tail1) { transformation: [-0.9999665045853348f,-0.0031321582833666595f,-0.007561699007202993f,-0.40696553049088247f,0f,0.9238795325112867f,-0.3826834323650897f,-0.75f,0.008184724026355339f,-0.3826706142248372f,-0.9238485867832447f,-0.5936920577670259f,0f,0f,0f,1f], start_interpolation: 0, interpolation_duration: 1 }
$data merge entity $(bone_body1) { transformation: [-1.1138123657714805f,0f,-0.7329391459270785f,0.5f,0f,1.3333333333333333f,0f,-1.1875f,0.7329391459270785f,0f,-1.1138123657714805f,-0.12499999999999994f,0f,0f,0f,1f], start_interpolation: 0, interpolation_duration: 1 }
data modify entity @s data merge value {"locators":{"hitbox_head":{"posx":3.5134505845765798,"posy":-0.37771834133908655,"posz":1.4047531677678773,"roty":274.86681458158773,"rotx":6.23393576764148},"hitbox_neck":{"posx":2.4487253789584873,"posy":-1.063903980115928,"posz":1.1688172534650114,"roty":274.86681458158773,"rotx":6.23393576764148},"hitbox_right_arm":{"posx":2.7211359850218457,"posy":-3.3085239441931558,"posz":1.7490692922982587,"roty":274.86681458158773,"rotx":6.23393576764148},"hitbox_left_arm":{"posx":2.9138086318580987,"posy":-2.9764511563057017,"posz":-0.08620450599609056,"roty":274.86681458158773,"rotx":6.23393576764148},"hitbox_tail1":{"posx":-0.014707447169413412,"posy":-2.0366333525184963,"posz":-1.5941797453592064,"roty":48.12573566515957,"rotx":-20.540705726158436},"hitbox_tail2":{"posx":1.7655447018586852,"posy":-2.7222776200257943,"posz":-2.7112616650236676,"roty":45.36411939457011,"rotx":2.59202119395665}},"cameras":{}}