# This file was generated by Animated Java via MC-Build. It is not recommended to edit this file directly.
$data merge entity $(bone_jaw) { transformation: [-0.9320144072667084f,0.13983238412575816f,-0.33435916167647156f,1.4792283475721981f,0.005673155471345495f,0.9280865034122656f,0.3723214437700209f,0.06811794066127382f,0.36237682038767915f,0.34511207822054174f,-0.8657832832250889f,3.2932087664458547f,0f,0f,0f,1f], start_interpolation: 0, interpolation_duration: 1 }
$data merge entity $(bone_head) { transformation: [-1.048516208175047f,0.09285415246163246f,-0.39700990864820207f,1.3910039234281533f,0.006382299905263682f,1.099041425869457f,0.24019202832473516f,0.1214939469556594f,0.407673922936139f,0.22161013197384052f,-1.0248492191363547f,3.0654644955266646f,0f,0f,0f,1f], start_interpolation: 0, interpolation_duration: 1 }
$data merge entity $(bone_neck) { transformation: [-0.9320144072667084f,0.08253702441033997f,-0.35289769657617964f,1.4825861601573753f,0.005673155471345495f,0.9769257118839617f,0.21350402517754236f,-0.7458541791999695f,0.36237682038767915f,0.19698678397674713f,-0.9109770836767598f,1.934808746870164f,0f,0f,0f,1f], start_interpolation: 0, interpolation_duration: 1 }
$data merge entity $(bone_right_arm2) { transformation: [-0.9320144072667084f,0.08253702441033997f,-0.35289769657617964f,0.14858769568382124f,0.005673155471345495f,0.9769257118839617f,0.21350402517754236f,-2.1824163059808535f,0.36237682038767915f,0.19698678397674713f,-0.9109770836767598f,2.3207165761260415f,0f,0f,0f,1f], start_interpolation: 0, interpolation_duration: 1 }
$data merge entity $(bone_right_arm1) { transformation: [-1.058224691584075f,0.09371391313257349f,-0.4006859263208706f,0.3055548760971153f,0.006441395274756863f,1.109217735368248f,0.24241602858700118f,-0.755190152908389f,0.411448681481844f,0.22366207764026494f,-1.0343385637579876f,1.8397222286966f,0f,0f,0f,1f], start_interpolation: 0, interpolation_duration: 1 }
$data merge entity $(bone_left_arm2) { transformation: [-0.9320144072667084f,0.08253702441033997f,-0.35289769657617964f,1.7796129084005612f,0.005673155471345495f,0.9769257118839617f,0.21350402517754236f,-2.1923443280557082f,0.36237682038767915f,0.19698678397674713f,-0.9109770836767598f,1.686557140447603f,0f,0f,0f,1f], start_interpolation: 0, interpolation_duration: 1 }
$data merge entity $(bone_left_arm1) { transformation: [-1.058224691584075f,0.09371391313257349f,-0.4006859263208706f,1.3540710842721624f,0.006441395274756863f,1.109217735368248f,0.24241602858700118f,-0.7615724528136527f,0.411448681481844f,0.22366207764026494f,-1.0343385637579876f,1.432048305760461f,0f,0f,0f,1f], start_interpolation: 0, interpolation_duration: 1 }
$data merge entity $(bone_body2) { transformation: [-1.4756894781722885f,0.1306836219830383f,-0.5587546862456179f,0.9701371573034708f,0.008982496162963701f,1.5467990438162729f,0.3380480398644421f,-0.5f,0.5737632989471587f,0.3118957412965163f,-1.442380382488203f,0.6129675150862752f,0f,0f,0f,1f], start_interpolation: 0, interpolation_duration: 1 }
$data merge entity $(bone_right_leg2) { transformation: [-0.9597480401890346f,0.008545773482774924f,-0.2807323798725193f,-0.7373267700341575f,0f,0.9995369946159296f,0.030426902473880024f,-2.5739468111588417f,0.28086242068547973f,0.02920216001832915f,-0.959303671679076f,0.8287496404124519f,0f,0f,0f,1f], start_interpolation: 0, interpolation_duration: 1 }
$data merge entity $(bone_right_leg1) { transformation: [-1.2796640535853794f,-0.14158703597154715f,-0.3466854467438818f,-0.44881537653949655f,0f,1.234360388612164f,-0.5041152733284373f,-1.125f,0.3744832275806396f,-0.48382364560632724f,-1.1846749638574994f,0.4794620593901768f,0f,0f,0f,1f], start_interpolation: 0, interpolation_duration: 1 }
$data merge entity $(bone_left_leg2) { transformation: [-0.6460371793500337f,-0.2532843644975637f,-0.7200576321368434f,1.160535043686652f,0f,0.9433407908954965f,-0.33182548460396966f,-2.5378265241247058f,0.7633059431823208f,-0.2143716001100066f,-0.6094332237159565f,-0.21361856900459508f,0f,0f,0f,1f], start_interpolation: 0, interpolation_duration: 1 }
$data merge entity $(bone_left_leg1) { transformation: [-0.8613829058000448f,-0.484720263352566f,-0.8948986164190154f,0.6054239307266107f,0f,1.1723983343927176f,-0.6350274980589103f,-1.125f,1.0177412575764277f,-0.4102513736556875f,-0.757412913025749f,-0.19216245104335292f,0f,0f,0f,1f], start_interpolation: 0, interpolation_duration: 1 }
$data merge entity $(bone_tail3) { transformation: [-0.4395373524941395f,-0.09909220827151344f,-0.8927416479711909f,-2.851957733167491f,-0.20163076793831788f,0.9794161033737718f,-0.009440861864317862f,-1.7327950832686052f,0.875301062025545f,0.17585457262184556f,-0.4504699991175232f,-1.6577372306732503f,0f,0f,0f,1f], start_interpolation: 0, interpolation_duration: 1 }
$data merge entity $(bone_tail2) { transformation: [-0.6005273536446042f,-0.5343308950279632f,-1.3155202405338868f,-1.235705900985952f,0.07820276133077757f,1.4137255283966357f,-0.6099184942195186f,-1.1566011468879078f,1.4177402218869157f,-0.3043135489743749f,-0.5235857506328555f,-0.868980732983414f,0f,0f,0f,1f], start_interpolation: 0, interpolation_duration: 1 }
$data merge entity $(bone_tail1) { transformation: [-0.5000000000000002f,-0.3314135740355917f,-0.8001031451912656f,-0.32309630922023214f,0f,0.9238795325112867f,-0.3826834323650897f,-0.75f,0.8660254037844386f,-0.19134171618254492f,-0.46193976625564365f,-0.4864229068098475f,0f,0f,0f,1f], start_interpolation: 0, interpolation_duration: 1 }
data modify entity @s data merge value {"locators":{"hitbox_head":{"posx":1.449698813351747,"posy":-0.5558046308397987,"posz":3.227028094190185,"roty":338.82444301317497,"rotx":12.327776540031085},"hitbox_neck":{"posx":1.029739784442166,"posy":-1.1360527465679753,"posz":2.1559992485323183,"roty":338.82444301317497,"rotx":12.327776540031085},"hitbox_right_arm":{"posx":0.1842486191074018,"posy":-3.2657394582366273,"posz":2.601866885261904,"roty":338.82444301317497,"rotx":12.327776540031085},"hitbox_left_arm":{"posx":1.9317756327324802,"posy":-3.2763766247454003,"posz":1.9224103470350058,"roty":338.82444301317497,"rotx":12.327776540031085},"hitbox_tail1":{"posx":-1.5137206522662758,"posy":-2.122690956340714,"posz":-1.069379156485147,"roty":291.70288249287125,"rotx":-23.304822602459552},"hitbox_tail2":{"posx":-3.224066386794924,"posy":-3.0235892037453596,"posz":-2.1419357317430294,"roty":296.7751310410573,"rotx":-0.5409295754917303}},"cameras":{}}