# This file was generated by Animated Java via MC-Build. It is not recommended to edit this file directly.
$data merge entity $(bone_jaw) { transformation: [-0.13655609669874563f,0.5644568428950578f,-0.8140890030969261f,3.459965487044458f,-0.17751184219645594f,0.7945435002558381f,0.5806807832890817f,0.23179524636281967f,0.9745983677056017f,0.2238059398455388f,-0.008301985029598766f,1.6140663566462266f,0f,0f,0f,1f], start_interpolation: 0, interpolation_duration: 1 }
$data merge entity $(bone_head) { transformation: [-0.15362560878608883f,0.09900050823187403f,-1.1100554363161033f,3.213286501196435f,-0.19970082247101292f,1.0999701801037995f,0.12573855568923836f,0.2597371476270949f,1.096423163668802f,0.2142183518101224f,-0.13263387168536564f,1.5845921629383675f,0f,0f,0f,1f], start_interpolation: 0, interpolation_duration: 1 }
$data merge entity $(bone_neck) { transformation: [-0.13655609669874563f,0.08800045176166581f,-0.9867159433920918f,2.3863573655429633f,-0.17751184219645594f,0.9777512712033773f,0.11176760505710077f,-0.5995564778193713f,0.9745983677056017f,0.19041631272010878f,-0.11789677483143612f,0.7991845172699092f,0f,0f,0f,1f], start_interpolation: 0, interpolation_duration: 1 }
$data merge entity $(bone_right_arm2) { transformation: [-0.13655609669874563f,0.08800045176166581f,-0.9867159433920918f,2.2571013225608105f,-0.17751184219645594f,0.9777512712033773f,0.11176760505710077f,-2.2701091391425594f,0.9745983677056017f,0.19041631272010878f,-0.11789677483143612f,1.8876394686108493f,0f,0f,0f,1f], start_interpolation: 0, interpolation_duration: 1 }
$data merge entity $(bone_right_arm1) { transformation: [-0.15504806812670074f,0.09991717960439138f,-1.120333727393104f,1.736908484634292f,-0.20154990416055932f,1.1101550891788345f,0.12690280157524983f,-0.8544979165249775f,1.1065752299990685f,0.2162018550676235f,-0.13386196308985976f,1.7519448564513793f,0f,0f,0f,1f], start_interpolation: 0, interpolation_duration: 1 }
$data merge entity $(bone_left_arm2) { transformation: [-0.13655609669874563f,0.08800045176166581f,-0.9867159433920918f,2.4960744917836157f,-0.17751184219645594f,0.9777512712033773f,0.11176760505710077f,-1.959463415298762f,0.9745983677056017f,0.19041631272010878f,-0.11789677483143612f,0.1820923251260465f,0f,0f,0f,1f], start_interpolation: 0, interpolation_duration: 1 }
$data merge entity $(bone_left_arm1) { transformation: [-0.15504806812670074f,0.09991717960439138f,-1.120333727393104f,1.890534093420381f,-0.20154990416055932f,1.1101550891788345f,0.12690280157524983f,-0.6547970940539646f,1.1065752299990685f,0.2162018550676235f,-0.13386196308985976f,0.6555216927825775f,0f,0f,0f,1f], start_interpolation: 0, interpolation_duration: 1 }
$data merge entity $(bone_body2) { transformation: [-0.21621381977301393f,0.13933404862263754f,-1.5623002437041456f,0.9624531686817273f,-0.28106041681105526f,1.5481061794053477f,0.1769653746737429f,-0.5f,1.5431140822005363f,0.3014924951401723f,-0.18666989348310722f,0.6178068839047131f,0f,0f,0f,1f], start_interpolation: 0, interpolation_duration: 1 }
$data merge entity $(bone_right_leg2) { transformation: [-0.8489221530339578f,-0.05201630869776111f,-0.5259519766268101f,-0.35506581333702236f,0f,0.995145045411477f,-0.09841919829479018f,-2.3650015120283947f,0.5285179070648311f,-0.08355023771628922f,-0.8448006745317869f,1.3396915050718328f,0f,0f,0f,1f], start_interpolation: 0, interpolation_duration: 1 }
$data merge entity $(bone_right_leg1) { transformation: [-1.131896204045277f,-0.49667833809453266f,-0.49989937938881585f,-0.45503742216320253f,0f,0.945851356607857f,-0.9397568775916747f,-1.125f,0.7046905427531082f,-0.7977804318535939f,-0.8029541701016318f,0.4695826454479351f,0f,0f,0f,1f], start_interpolation: 0, interpolation_duration: 1 }
$data merge entity $(bone_left_leg2) { transformation: [-0.85901119666551f,0.27437605253785036f,-0.43222395328930496f,0.3493960991211814f,-8.673617379884035e-19f,0.8442586448031396f,0.5359359482952849f,-2.0661023222004142f,0.5119567989618738f,0.46037498028119755f,-0.7252276287675467f,-1.3542969537637468f,0f,0f,0f,1f], start_interpolation: 0, interpolation_duration: 1 }
$data merge entity $(bone_left_leg1) { transformation: [-1.1453482622206799f,0.4199083059284304f,-0.5381748327617726f,0.6061152691292447f,-1.1564823173178713e-18f,1.0512114183326848f,0.8202026162752488f,-1.125f,0.6826090652824984f,0.7045632309147833f,-0.9030023784104075f,-0.19106473838310384f,0f,0f,0f,1f], start_interpolation: 0, interpolation_duration: 1 }
$data merge entity $(bone_tail3) { transformation: [-0.5386363003359401f,-0.364015762960718f,0.759844365825356f,1.0131827476309267f,-0.5064322727446302f,0.8606307975527052f,0.05330087641402409f,-1.5966532700356264f,-0.6733478217705313f,-0.356099922240824f,-0.6479163189000257f,-2.6680167375692028f,0f,0f,0f,1f], start_interpolation: 0, interpolation_duration: 1 }
$data merge entity $(bone_tail2) { transformation: [-1.0208708925581016f,0.12317220088031355f,1.1486458726557265f,-0.48157270780538175f,-0.42794932915833583f,1.3834996237250767f,-0.5287005522378543f,-1.1566011468879078f,-1.0730415199383787f,-0.6689495580340727f,-0.8819435902627013f,-1.601027277754074f,0f,0f,0f,1f], start_interpolation: 0, interpolation_duration: 1 }
$data merge entity $(bone_tail1) { transformation: [-0.9992665101352434f,0.01465453575173059f,0.03537917896210946f,-0.39425477168571765f,0f,0.9238795325112867f,-0.3826834323650897f,-0.75f,-0.038294147361335906f,-0.38240273794603963f,-0.9232018762379336f,-0.6153385158311024f,0f,0f,0f,1f], start_interpolation: 0, interpolation_duration: 1 }
$data merge entity $(bone_body1) { transformation: [-1.131896204045277f,0f,-0.7046905427531082f,0.5f,0f,1.3333333333333333f,0f,-1.1875f,0.7046905427531082f,0f,-1.131896204045277f,-0.12499999999999994f,0f,0f,0f,1f], start_interpolation: 0, interpolation_duration: 1 }
data modify entity @s data merge value {"locators":{"hitbox_head":{"posx":3.466634951155423,"posy":-0.38628477345535994,"posz":1.5024247096231234,"roty":276.81362710451646,"rotx":6.4172203008271005},"hitbox_neck":{"posx":2.4084186407069774,"posy":-1.0689400762510033,"posz":1.2298146807065988,"roty":276.81362710451646,"rotx":6.4172203008271005},"hitbox_right_arm":{"posx":2.653924086451519,"posy":-3.3148387030117656,"posz":1.8170839412880586,"roty":276.81362710451646,"rotx":6.4172203008271005},"hitbox_left_arm":{"posx":2.9099667677616674,"posy":-2.9820039988934113,"posz":-0.0102879981599443,"roty":276.81362710451646,"rotx":6.4172203008271005},"hitbox_tail1":{"posx":0.053512966806730455,"posy":-2.030728291523069,"posz":-1.581888159778564,"roty":52.48252886447568,"rotx":-20.056151147269475},"hitbox_tail2":{"posx":1.918365892293632,"posy":-2.696249448840663,"posz":-2.565088519009386,"roty":49.54590224068181,"rotx":3.055363135099565}},"cameras":{}}