# This file was generated by Animated Java via MC-Build. It is not recommended to edit this file directly.
$data merge entity $(bone_jaw) { transformation: [-0.9347035610115635f,0.13763524307110503f,-0.3276977157336625f,1.4598721191642865f,0.007613055967551718f,0.9295211724948867f,0.3686901561780106f,0.0720045647577422f,0.3553467242161343f,0.34212122083917684f,-0.8698745747752222f,3.2959873519543312f,0f,0f,0f,1f], start_interpolation: 0, interpolation_duration: 1 }
$data merge entity $(bone_head) { transformation: [-1.051541506138009f,0.09275241552165557f,-0.3889504470802238f,1.3734386864797923f,0.008564687963495682f,1.0992884507644025f,0.23899068629569623f,0.1251136061567858f,0.39976506474315104f,0.22042434400695876f,-1.0282149588388636f,3.0674951388790284f,0f,0f,0f,1f], start_interpolation: 0, interpolation_duration: 1 }
$data merge entity $(bone_neck) { transformation: [-0.9347035610115635f,0.08244659157480495f,-0.3457337307379767f,1.4722823072127378f,0.007613055967551718f,0.9771452895683578f,0.21243616559617443f,-0.7443054074464783f,0.3553467242161343f,0.19593275022840778f,-0.9139688523012122f,1.9390435371585433f,0f,0f,0f,1f], start_interpolation: 0, interpolation_duration: 1 }
$data merge entity $(bone_right_arm2) { transformation: [-0.9347035610115635f,0.08244659157480495f,-0.3457337307379767f,0.13337300994642642f,0.007613055967551718f,0.9771452895683578f,0.21243616559617443f,-2.1783155902948916f,0.3553467242161343f,0.19593275022840778f,-0.9139688523012122f,2.317361114308869f,0f,0f,0f,1f], start_interpolation: 0, interpolation_duration: 1 }
$data merge entity $(bone_right_arm1) { transformation: [-1.0612780015652126f,0.09361123418389311f,-0.39255184010874433f,0.2959870843221125f,0.008643990629824346f,1.1094670475307393f,0.24120356302065635f,-0.7521416138789122f,0.4034665931204024f,0.22246531015517132f,-1.0377354677170012f,1.835123411709029f,0f,0f,0f,1f], start_interpolation: 0, interpolation_duration: 1 }
$data merge entity $(bone_left_arm2) { transformation: [-0.9347035610115635f,0.08244659157480495f,-0.3457337307379767f,1.7691042417166623f,0.007613055967551718f,0.9771452895683578f,0.21243616559617443f,-2.1916384382381073f,0.3553467242161343f,0.19593275022840778f,-0.9139688523012122f,1.695504346930634f,0f,0f,0f,1f], start_interpolation: 0, interpolation_duration: 1 }
$data merge entity $(bone_left_arm1) { transformation: [-1.0612780015652126f,0.09361123418389311f,-0.39255184010874433f,1.3475285904601213f,0.008643990629824346f,1.1094670475307393f,0.24120356302065635f,-0.7607063018424078f,0.4034665931204024f,0.22246531015517132f,-1.0377354677170012f,1.4353583469658777f,0f,0f,0f,1f], start_interpolation: 0, interpolation_duration: 1 }
$data merge entity $(bone_body2) { transformation: [-1.4799473049349756f,0.13054043666010787f,-0.5474117403351298f,0.9701371573034708f,0.012054005281956888f,1.5471467084832333f,0.33635726219394285f,-0.5f,0.5626323133422126f,0.31022685452831233f,-1.4471173494769194f,0.6129675150862752f,0f,0f,0f,1f], start_interpolation: 0, interpolation_duration: 1 }
$data merge entity $(bone_right_leg2) { transformation: [-0.954554779878569f,0.015196630027956112f,-0.2976478366237023f,-0.7579465214479895f,0f,0.9986991983342466f,0.050989324829157356f,-2.5869242521821043f,0.29803552172681835f,0.04867210373845321f,-0.95331309343085f,0.7476092505545793f,0f,0f,0f,1f], start_interpolation: 0, interpolation_duration: 1 }
$data merge entity $(bone_right_leg1) { transformation: [-1.2727397065047585f,-0.12713532340517864f,-0.3764943914676809f,-0.44881537653949655f,0f,1.2632534178686883f,-0.42657775378101365f,-1.125f,0.3973806956357578f,-0.4071918338615298f,-1.2058445882244957f,0.4794620593901768f,0f,0f,0f,1f], start_interpolation: 0, interpolation_duration: 1 }
$data merge entity $(bone_left_leg2) { transformation: [-0.6489563723892691f,-0.40474318153755573f,-0.6442348824258258f,1.432821303442862f,2.7755575615628914e-17f,0.8467576064678219f,-0.5319789054923938f,-2.3799080646663833f,0.7608256217658292f,-0.3452311006959576f,-0.5495087445863779f,0.02069157606799263f,0f,0f,0f,1f], start_interpolation: 0, interpolation_duration: 1 }
$data merge entity $(bone_left_leg1) { transformation: [-0.8652751631856921f,-0.7011012044634457f,-0.7331669460986753f,0.6054239307266107f,3.700743415417188e-17f,0.9636464981253394f,-0.9215005178666738f,-1.125f,1.0144341623544388f,-0.5980136332295892f,-0.6253645356890427f,-0.19216245104335292f,0f,0f,0f,1f], start_interpolation: 0, interpolation_duration: 1 }
$data merge entity $(bone_tail3) { transformation: [-0.41044233772503536f,-0.09098698981300857f,-0.9073359108332348f,-2.8781770815249708f,-0.18849047250224976f,0.9819862055065876f,-0.01320734532949136f,-1.7391942766734416f,0.8921930447939429f,0.16560332085903742f,-0.42019889450327236f,-1.5944232801871927f,0f,0f,0f,1f], start_interpolation: 0, interpolation_duration: 1 }
$data merge entity $(bone_tail2) { transformation: [-0.5525698652680565f,-0.5410906637390792f,-1.3336504597244196f,-1.235164403724415f,0.09914997608814162f,1.410860292389813f,-0.6134970486567662f,-1.1566011468879078f,1.4358175153376815f,-0.30566360608231447f,-0.47088632776647177f,-0.8681307525419308f,0f,0f,0f,1f], start_interpolation: 0, interpolation_duration: 1 }
$data merge entity $(bone_tail1) { transformation: [-0.5000000000000002f,-0.3314135740355917f,-0.8001031451912656f,-0.3225548119586952f,0f,0.9238795325112867f,-0.3826834323650897f,-0.75f,0.8660254037844386f,-0.19134171618254492f,-0.46193976625564365f,-0.4855729263683642f,0f,0f,0f,1f], start_interpolation: 0, interpolation_duration: 1 }
data modify entity @s data merge value {"locators":{"hitbox_head":{"posx":1.4299513576011569,"posy":-0.5519885015722423,"posz":3.230652436330402,"roty":339.2795040145088,"rotx":12.265156096166864},"hitbox_neck":{"posx":1.0172297712086513,"posy":-1.1334828837503585,"posz":2.157488224468609,"roty":339.2795040145088,"rotx":12.265156096166864},"hitbox_right_arm":{"posx":0.1653743111773871,"posy":-3.2612031466633646,"posz":2.6006219604945757,"roty":339.2795040145088,"rotx":12.265156096166864},"hitbox_left_arm":{"posx":1.9179434880740684,"posy":-3.275477626602524,"posz":1.9343468525893237,"roty":339.2795040145088,"rotx":12.265156096166864},"hitbox_tail1":{"posx":-1.5218641616256403,"posy":-2.1245913224046027,"posz":-1.0458370240197192,"roty":289.44714655871775,"rotx":-23.44971272775141},"hitbox_tail2":{"posx":-3.2691331072390915,"posy":-3.0354803031486766,"posz":-2.04813951697277,"roty":294.84945949626433,"rotx":-0.7567471474407135}},"cameras":{}}