# This file was generated by Animated Java via MC-Build. It is not recommended to edit this file directly.
$data merge entity $(bone_jaw) { transformation: [-0.3810285135557625f,0.42596335864431595f,-0.8205927668155134f,3.0120535154480037f,-0.17729691213399534f,0.8374112571866874f,0.5170185599035706f,0.19932259944151512f,0.9074045827552537f,0.3424873770366807f,-0.243555578390843f,2.280914938513152f,0f,0f,0f,1f], start_interpolation: 0, interpolation_duration: 1 }
$data merge entity $(bone_head) { transformation: [-0.4286570777502328f,0.05423756462960922f,-1.0387186319103356f,2.7812271528012626f,-0.19945902615074476f,1.0983329997152975f,0.13966287489305312f,0.2303587938621936f,1.0208301555996604f,0.2373771436331751f,-0.4088800375402638f,2.190052707948649f,0f,0f,0f,1f], start_interpolation: 0, interpolation_duration: 1 }
$data merge entity $(bone_neck) { transformation: [-0.3810285135557625f,0.04821116855965264f,-0.923305450586965f,2.170331364382604f,-0.17729691213399534f,0.9762959997469312f,0.12414477768271388f,-0.617439617934718f,0.9074045827552537f,0.2110019054517112f,-0.3634489222580123f,1.2168586426939443f,0f,0f,0f,1f], start_interpolation: 0, interpolation_duration: 1 }
$data merge entity $(bone_right_arm2) { transformation: [-0.3810285135557625f,0.04821116855965264f,-0.923305450586965f,1.750233375423986f,-0.17729691213399534f,0.9762959997469312f,0.12414477768271388f,-2.287925517570684f,0.9074045827552537f,0.2110019054517112f,-0.3634489222580123f,2.2293713778189606f,0f,0f,0f,1f], start_interpolation: 0, interpolation_duration: 1 }
$data merge entity $(bone_right_arm1) { transformation: [-0.43262612476643864f,0.054739764302105594f,-1.0483363970206163f,1.2978094473661674f,-0.20130586898547384f,1.1085027497126612f,0.14095604966058137f,-0.8657821982040975f,1.0302822866700274f,0.23957508014829706f,-0.41266596381378473f,1.9728763125609314f,0f,0f,0f,1f], start_interpolation: 0, interpolation_duration: 1 }
$data merge entity $(bone_left_arm2) { transformation: [-0.3810285135557625f,0.04821116855965264f,-0.923305450586965f,2.4170332741465703f,-0.17729691213399534f,0.9762959997469312f,0.12414477768271388f,-1.9776559213361922f,0.9074045827552537f,0.2110019054517112f,-0.3634489222580123f,0.6414133579972667f,0f,0f,0f,1f], start_interpolation: 0, interpolation_duration: 1 }
$data merge entity $(bone_left_arm1) { transformation: [-0.43262612476643864f,0.054739764302105594f,-1.0483363970206163f,1.7264665251164004f,-0.20130586898547384f,1.1085027497126612f,0.14095604966058137f,-0.6663231720533528f,1.0302822866700274f,0.23957508014829706f,-0.41266596381378473f,0.9520461569612709f,0f,0f,0f,1f], start_interpolation: 0, interpolation_duration: 1 }
$data merge entity $(bone_body2) { transformation: [-0.6032951464632907f,0.07633435021945002f,-1.4619002967626946f,0.8400665811288637f,-0.280720110878826f,1.5458019995993078f,0.196562564664297f,-0.5f,1.4367239226958186f,0.3340863502985428f,-0.5754607935751862f,0.6812131978573197f,0f,0f,0f,1f], start_interpolation: 0, interpolation_duration: 1 }
$data merge entity $(bone_right_leg2) { transformation: [-0.9213865118369369f,-0.016952566779731865f,-0.3882776149671015f,-0.6383310662496431f,0f,0.9990482215818577f,-0.04361938736533605f,-2.455683373233876f,0.3886475212901299f,-0.04019031517301114f,-0.920509556040203f,1.0358387673617142f,0f,0f,0f,1f], start_interpolation: 0, interpolation_duration: 1 }
$data merge entity $(bone_right_leg1) { transformation: [-1.2285153491159158f,-0.3154581605883689f,-0.411113078948578f,-0.536559825816554f,0f,1.0578044537216469f,-0.8116819053449609f,-1.125f,0.5181966950535065f,-0.7478727594869522f,-0.9746467558201647f,0.3122284614513962f,0f,0f,0f,1f], start_interpolation: 0, interpolation_duration: 1 }
$data merge entity $(bone_left_leg2) { transformation: [-0.9213865118369369f,0.17945745399295085f,-0.3447345616722088f,0.5580824011142278f,0f,0.8870108331782218f,0.461748613235034f,-2.169469075747641f,0.3886475212901299f,0.42544894409417083f,-0.8172798175436569f,-1.2738138598083133f,0f,0f,0f,1f], start_interpolation: 0, interpolation_duration: 1 }
$data merge entity $(bone_left_leg1) { transformation: [-1.2285153491159158f,0.2784268812988676f,-0.43704265985663593f,0.6151733139796172f,0f,1.1245219277505143f,0.7163994777957652f,-1.125f,0.5181966950535065f,0.6600808159280431f,-1.0361193364941943f,-0.17358094016126618f,0f,0f,0f,1f], start_interpolation: 0, interpolation_duration: 1 }
$data merge entity $(bone_tail3) { transformation: [-0.6341066150779346f,-0.34621554495292595f,0.6914069692643777f,1.002532855514196f,-0.4689147636309696f,0.8831594328362424f,0.012180338307224259f,-1.6779413539546906f,-0.6148396092992999f,-0.3164873024709126f,-0.722362818956907f,-2.940199793319814f,0f,0f,0f,1f], start_interpolation: 0, interpolation_duration: 1 }
$data merge entity $(bone_tail2) { transformation: [-1.14911097527583f,0.13691642269355592f,1.018594114850729f,-0.34612098222178495f,-0.35915115776449014f,1.378100660857786f,-0.5904109801916548f,-1.1566011468879078f,-0.9629592532854999f,-0.6773688602609687f,-0.9952974503994771f,-1.725397972257805f,0f,0f,0f,1f], start_interpolation: 0, interpolation_duration: 1 }
$data merge entity $(bone_tail1) { transformation: [-0.9967372715366076f,0.030888056906464872f,0.0745703658989394f,-0.3007598370473321f,0f,0.9238795325112867f,-0.3826834323650897f,-0.75f,-0.08071438242196194f,-0.3814348402378434f,-0.9208651644638166f,-0.7368894372122547f,0f,0f,0f,1f], start_interpolation: 0, interpolation_duration: 1 }
$data merge entity $(bone_body1) { transformation: [-1.2285153491159158f,0f,-0.5181966950535065f,0.5f,0f,1.3333333333333333f,0f,-1.1875f,0.5181966950535065f,0f,-1.2285153491159158f,-0.12499999999999994f,0f,0f,0f,1f], start_interpolation: 0, interpolation_duration: 1 }
data modify entity @s data merge value {"locators":{"hitbox_head":{"posx":3.039628125759906,"posy":-0.4186214490054865,"posz":2.1717543052469583,"roty":291.486527645568,"rotx":7.131370464704714},"hitbox_neck":{"posx":2.0771511007182237,"posy":-1.0877171711171543,"posz":1.636866334809431,"roty":291.486527645568,"rotx":7.131370464704714},"hitbox_right_arm":{"posx":2.1398606500605806,"posy":-3.337374963167347,"posz":2.2568067199184587,"roty":291.486527645568,"rotx":7.131370464704714},"hitbox_left_arm":{"posx":2.8542891129776353,"posy":-3.0049432529161058,"posz":0.5554231272523583,"roty":291.486527645568,"rotx":7.131370464704714},"hitbox_tail1":{"posx":0.13468010459930996,"posy":-2.061199514328691,"posz":-1.7616382610966546,"roty":45.66276707116654,"rotx":-22.517728683531352},"hitbox_tail2":{"posx":1.8458571784761237,"posy":-2.830236669254445,"posz":-2.9311392944900017,"roty":43.74565421633295,"rotx":0.6978992355672827}},"cameras":{}}