# This file was generated by Animated Java via MC-Build. It is not recommended to edit this file directly.
$data merge entity $(bone_jaw) { transformation: [-0.47151588668813504f,0.37061872154835185f,-0.8001965582521378f,2.8037154151811547f,-0.17449858791887238f,0.850244921233241f,0.49662240860778645f,0.1974202463241391f,0.8644206218126804f,0.3737985248164375f,-0.3362315443708901f,2.5061446066732103f,0f,0f,0f,1f], start_interpolation: 0, interpolation_duration: 1 }
$data merge entity $(bone_head) { transformation: [-0.5304553725241519f,0.0327486959998958f,-0.9915491014924926f,2.5833711704050453f,-0.19631091140873141f,1.0986895775604977f,0.14130901677461505f,0.22882225005183132f,0.9724731995392655f,0.23965336440417778f,-0.5123349891502843f,2.392292386862036f,0f,0f,0f,1f], start_interpolation: 0, interpolation_duration: 1 }
$data merge entity $(bone_neck) { transformation: [-0.47151588668813504f,0.029109951999907374f,-0.8813769791044379f,2.072080994226855f,-0.17449858791887238f,0.9766129578315534f,0.12560801491076892f,-0.6195232115697582f,0.8644206218126804f,0.2130252128037136f,-0.4554088792446972f,1.3637230729654335f,0f,0f,0f,1f], start_interpolation: 0, interpolation_duration: 1 }
$data merge entity $(bone_right_arm2) { transformation: [-0.47151588668813504f,0.029109951999907374f,-0.8813769791044379f,1.5471592776128846f,-0.17449858791887238f,0.9766129578315534f,0.12560801491076892f,-2.2868913996368354f,0.8644206218126804f,0.2130252128037136f,-0.4554088792446972f,2.331466849410911f,0f,0f,0f,1f], start_interpolation: 0, interpolation_duration: 1 }
$data merge entity $(bone_right_arm1) { transformation: [-0.5353669963438199f,0.0330519246665615f,-1.000730111691497f,1.1267681310685043f,-0.19812860503288632f,1.1088626292045762f,0.1426174335966022f,-0.8642005735071199f,0.9814775810164807f,0.24187237703754977f,-0.5170788316424165f,2.0278373924185935f,0f,0f,0f,1f], start_interpolation: 0, interpolation_duration: 1 }
$data merge entity $(bone_left_arm2) { transformation: [-0.47151588668813504f,0.029109951999907374f,-0.8813769791044379f,2.372312079317121f,-0.17449858791887238f,0.9766129578315534f,0.12560801491076892f,-1.9815188707788085f,0.8644206218126804f,0.2130252128037136f,-0.4554088792446972f,0.8187307612387209f,0f,0f,0f,1f], start_interpolation: 0, interpolation_duration: 1 }
$data merge entity $(bone_left_arm1) { transformation: [-0.5353669963438199f,0.0330519246665615f,-1.000730111691497f,1.6572235035926561f,-0.19812860503288632f,1.1088626292045762f,0.1426174335966022f,-0.6678896620983884f,0.9814775810164807f,0.24187237703754977f,-0.5170788316424165f,1.0553641928793283f,0f,0f,0f,1f], start_interpolation: 0, interpolation_duration: 1 }
$data merge entity $(bone_body2) { transformation: [-0.7465668205895473f,0.04609075733318668f,-1.3955135502486935f,0.8032822147642313f,-0.27628943087154795f,1.5463038498999597f,0.1988793569420508f,-0.5f,1.3686659845367442f,0.33728992027254656f,-0.721064058804104f,0.6957587332509492f,0f,0f,0f,1f], start_interpolation: 0, interpolation_duration: 1 }
$data merge entity $(bone_right_leg2) { transformation: [-0.9380099808582275f,-0.0017240875930671917f,-0.34660395746776884f,-0.7261151224561564f,0f,0.9999876287505469f,-0.0049741678558584135f,-2.5003791534635846f,0.34660824544483576f,-0.004665819095259316f,-0.9379983765027649f,0.8844733234227226f,0f,0f,0f,1f], start_interpolation: 0, interpolation_duration: 1 }
$data merge entity $(bone_right_leg1) { transformation: [-1.2506799744776367f,-0.25200617277051574f,-0.3873890397313178f,-0.5552612284655059f,0f,1.117656734432685f,-0.7270634097209429f,-1.125f,0.462144327259781f,-0.6819927350350592f,-1.0483731720712721f,0.2649342761254403f,0f,0f,0f,1f], start_interpolation: 0, interpolation_duration: 1 }
$data merge entity $(bone_left_leg2) { transformation: [-0.9380099808582275f,0.13923531995761346f,-0.3174126674955625f,0.6369826579600162f,0f,0.9157677916409526f,0.4017080429777986f,-2.241447625334201f,0.34660824544483576f,0.3768061537042009f,-0.8589993287077112f,-1.1968409169759444f,0f,0f,0f,1f], start_interpolation: 0, interpolation_duration: 1 }
$data merge entity $(bone_left_leg1) { transformation: [-1.2506799744776367f,0.21955865738815075f,-0.40665879454932263f,0.6172512476072785f,0f,1.1732519346947972f,0.6334490315034773f,-1.125f,0.462144327259781f,0.5941815139152394f,-1.100522024804945f,-0.16832603068060442f,0f,0f,0f,1f], start_interpolation: 0, interpolation_duration: 1 }
$data merge entity $(bone_tail3) { transformation: [-0.706179647072424f,-0.34778379961397227f,0.6167306825403897f,0.8715305960154864f,-0.44724181422439463f,0.8943794658083423f,-0.007754401953498247f,-1.722125369528383f,-0.5488944030229665f,-0.2813037501819922f,-0.7871360330105646f,-3.09242852371643f,0f,0f,0f,1f], start_interpolation: 0, interpolation_duration: 1 }
$data merge entity $(bone_tail2) { transformation: [-1.2495036408633549f,0.11580744666743073f,0.8955810392570295f,-0.33308538234018464f,-0.3186151740896927f,1.3740728838846608f,-0.6222091221798323f,-1.1583351803839936f,-0.8449622082792377f,-0.6893826630982046f,-1.0897369047208652f,-1.7517394407017504f,0f,0f,0f,1f], start_interpolation: 0, interpolation_duration: 1 }
$data merge entity $(bone_tail1) { transformation: [-0.9980526703414122f,0.02397237513134319f,0.05758639123037945f,-0.2695143392297863f,0f,0.9232018328699233f,-0.3843154638908175f,-0.75f,-0.06237681640141762f,-0.383567074989729f,-0.9214040545599131f,-0.7649505306816653f,0f,0f,0f,1f], start_interpolation: 0, interpolation_duration: 1 }
$data merge entity $(bone_body1) { transformation: [-1.2506799744776367f,0f,-0.462144327259781f,0.5f,0f,1.3333333333333333f,0f,-1.1875f,0.462144327259781f,0f,-1.2506799744776367f,-0.12499999999999994f,0f,0f,0f,1f], start_interpolation: 0, interpolation_duration: 1 }
data modify entity @s data merge value {"locators":{"hitbox_head":{"posx":2.84060775637524,"posy":-0.4208133532525049,"posz":2.401466903623683,"roty":297.3254702655718,"rotx":7.215869220625795},"hitbox_neck":{"posx":1.9355789412708773,"posy":-1.088703366579873,"posz":1.7729750389759682,"roty":297.3254702655718,"rotx":7.215869220625795},"hitbox_right_arm":{"posx":1.9292680722471878,"posy":-3.3372145266687028,"posz":2.4001723650928386,"roty":297.3254702655718,"rotx":7.215869220625795},"hitbox_left_arm":{"posx":2.813360359787441,"posy":-3.010029674320817,"posz":0.7793836991940635,"roty":297.3254702655718,"rotx":7.215869220625795},"hitbox_tail1":{"posx":0.11126769956028293,"posy":-2.078441042644049,"posz":-1.8338173965744229,"roty":39.414471793749584,"rotx":-23.803119189759126},"hitbox_tail2":{"posx":1.6749078419377943,"posy":-2.900360269500675,"posz":-3.165981370171008,"roty":38.07913237675865,"rotx":-0.4442989573308773}},"cameras":{}}