# This file was generated by Animated Java via MC-Build. It is not recommended to edit this file directly.
$data merge entity $(bone_jaw) { transformation: [-0.5762292122468604f,0.30450150102904555f,-0.7584449425135755f,2.5270574210268633f,-0.1680340240058752f,0.8640363509797535f,0.47455848002325796f,0.19997491413805368f,0.7998277700416232f,0.40089901478633017f,-0.4467163733439756f,2.7509544781880075f,0f,0f,0f,1f], start_interpolation: 0, interpolation_duration: 1 }
$data merge entity $(bone_head) { transformation: [-0.648257863777718f,0.007401101070319243f,-0.9194193633773963f,2.3227420069429976f,-0.18903827700660958f,1.0998572292186315f,0.14213938638493817f,0.23156144444581772f,0.8998062412968261f,0.23639860202306892f,-0.6325262279817467f,2.6103930941920637f,0f,0f,0f,1f], start_interpolation: 0, interpolation_duration: 1 }
$data merge entity $(bone_neck) { transformation: [-0.5762292122468604f,0.006578756506950438f,-0.8172616563354633f,1.9398415885052291f,-0.1680340240058752f,0.9776508704165614f,0.12634612123105615f,-0.6205193698686081f,0.7998277700416232f,0.21013209068717237f,-0.5622455359837749f,1.5303893648293143f,0f,0f,0f,1f], start_interpolation: 0, interpolation_duration: 1 }
$data merge entity $(bone_right_arm2) { transformation: [-0.5762292122468604f,0.006578756506950438f,-0.8172616563354633f,1.2913060197499542f,-0.1680340240058752f,0.9776508704165614f,0.12634612123105615f,-2.280629176831317f,0.7998277700416232f,0.21013209068717237f,-0.5622455359837749f,2.4335087062706937f,0f,0f,0f,1f], start_interpolation: 0, interpolation_duration: 1 }
$data merge entity $(bone_right_arm1) { transformation: [-0.6542602514052893f,0.007469629783933309f,-0.9279325056308906f,0.9181448777618395f,-0.19078863142333743f,1.1100410924521373f,0.14345549181442832f,-0.8580888185613926f,0.9081377805680929f,0.23858747796772692f,-0.638382952314911f,2.072817091170755f,0f,0f,0f,1f], start_interpolation: 0, interpolation_duration: 1 }
$data merge entity $(bone_left_arm2) { transformation: [-0.5762292122468604f,0.006578756506950438f,-0.8172616563354633f,2.29970714118196f,-0.1680340240058752f,0.9776508704165614f,0.12634612123105615f,-1.986569634821035f,0.7998277700416232f,0.21013209068717237f,-0.5622455359837749f,1.033810108697853f,0f,0f,0f,1f], start_interpolation: 0, interpolation_duration: 1 }
$data merge entity $(bone_left_arm1) { transformation: [-0.6542602514052893f,0.007469629783933309f,-0.9279325056308906f,1.5664027415395574f,-0.19078863142333743f,1.1100410924521373f,0.14345549181442832f,-0.669050541554783f,0.9081377805680929f,0.23858747796772692f,-0.638382952314911f,1.1730108498739287f,0f,0f,0f,1f], start_interpolation: 0, interpolation_duration: 1 }
$data merge entity $(bone_body2) { transformation: [-0.9123629193908624f,0.010416364469338194f,-1.2939976225311505f,0.7646167852413162f,-0.26605387134263575f,1.547947211492889f,0.2000480252825056f,-0.5f,1.26639396923257f,0.33270914358802295f,-0.890222098640977f,0.7090281511846894f,0f,0f,0f,1f], start_interpolation: 0, interpolation_duration: 1 }
$data merge entity $(bone_right_leg2) { transformation: [-0.9531750299253593f,0.015405703695296882f,-0.3020265329742456f,-0.818409027542241f,0f,0.9987016360714307f,0.050941555809060846f,-2.5492487510465196f,0.30241918313293276f,0.048556218982745925f,-0.9519374618488912f,0.6795965642715303f,0f,0f,0f,1f], start_interpolation: 0, interpolation_duration: 1 }
$data merge entity $(bone_right_leg1) { transformation: [-1.270900039900479f,-0.18155404547008586f,-0.36004026848699067f,-0.5723219086660292f,0f,1.1905338304175292f,-0.600339051211183f,-1.125f,0.40322557751057697f,-0.5722281931035812f,-1.134787119435381f,0.2152215810245494f,0f,0f,0f,1f], start_interpolation: 0, interpolation_duration: 1 }
$data merge entity $(bone_left_leg2) { transformation: [-0.9531750299253593f,0.09485711091059734f,-0.28715760626611475f,0.7227847622499557f,0f,0.9495350238410319f,0.3136610248328775f,-2.3331953784089094f,0.30241918313293276f,0.29897385673149685f,-0.9050730747648524f,-1.0761537085563941f,0f,0f,0f,1f], start_interpolation: 0, interpolation_duration: 1 }
$data merge entity $(bone_left_leg1) { transformation: [-1.270900039900479f,0.15443777676536663f,-0.37247797178693554f,0.6191468787406699f,0f,1.2316611926803842f,0.5106745384517531f,-1.125f,0.40322557751057697f,0.48676221847086887f,-1.173988694191029f,-0.16280239789161655f,0f,0f,0f,1f], start_interpolation: 0, interpolation_duration: 1 }
$data merge entity $(bone_tail3) { transformation: [-0.8020898324091724f,-0.34896640942818846f,0.4846383660386616f,0.6113564440551451f,-0.41520954712669045f,0.9091433013597482f,-0.032549801344197105f,-1.7834288063423718f,-0.4292469367632976f,-0.22733434118825085f,-0.8741087830446674f,-3.2785767218650923f,0f,0f,0f,1f], start_interpolation: 0, interpolation_duration: 1 }
$data merge entity $(bone_tail2) { transformation: [-1.3795215344487604f,0.07235320243892691f,0.6844132240102319f,-0.34169082877679796f,-0.25783646149514433f,1.3671340792597582f,-0.6642295383083673f,-1.1627607932958264f,-0.6381040716269651f,-0.7088339259195453f,-1.2112447194310831f,-1.770969888725746f,0f,0f,0f,1f], start_interpolation: 0, interpolation_duration: 1 }
$data merge entity $(bone_tail1) { transformation: [-0.9998167035509058f,0.007437750765879048f,0.017641971662621492f,-0.23545833572447006f,6.938893903907228e-18f,0.9214568408214985f,-0.38848074663136606f,-0.75f,-0.019145738444888316f,-0.3884095394899671f,-0.9212879410545822f,-0.7897082340496411f,0f,0f,0f,1f], start_interpolation: 0, interpolation_duration: 1 }
$data merge entity $(bone_body1) { transformation: [-1.270900039900479f,0f,-0.40322557751057697f,0.5f,0f,1.3333333333333333f,0f,-1.1875f,0.40322557751057697f,0f,-1.270900039900479f,-0.12499999999999994f,0f,0f,0f,1f], start_interpolation: 0, interpolation_duration: 1 }
data modify entity @s data merge value {"locators":{"hitbox_head":{"posx":2.574024551730986,"posy":-0.4189535124492382,"posz":2.6547622675075107,"roty":304.52652111245277,"rotx":7.258499225322006},"hitbox_neck":{"posx":1.7514176557336254,"posy":-1.0869487234316382,"posz":1.9217844078404083,"roty":304.52652111245277,"rotx":7.258499225322006},"hitbox_right_arm":{"posx":1.6573437656453067,"posy":-3.3319552343637735,"posz":2.5544886192030103,"roty":304.52652111245277,"rotx":7.258499225322006},"hitbox_left_arm":{"posx":2.7377735386081703,"posy":-3.0168914393527575,"posz":1.0548115503749667,"roty":304.52652111245277,"rotx":7.258499225322006},"hitbox_tail1":{"posx":0.040174715969537866,"posy":-2.1031578588168607,"posz":-1.9145432668116962,"roty":29.4685981164171,"rotx":-25.521616480550374},"hitbox_tail2":{"posx":1.3419839373263898,"posy":-2.994988652633152,"posz":-3.4718865895181383,"roty":29.00561329757977,"rotx":-1.865295716832917}},"cameras":{}}