# This file was generated by Animated Java via MC-Build. It is not recommended to edit this file directly.
$data merge entity $(bone_jaw) { transformation: [-0.871287497788562f,0.09272487862369033f,-0.4819338057052737f,1.3758638059235713f,-0.1164353488791754f,0.9148970206961966f,0.3865310479801174f,0.2827742758977695f,0.47676084752077885f,0.3928938004161493f,-0.7863418823042707f,3.310748189910999f,0f,0f,0f,1f], start_interpolation: 0, interpolation_duration: 1 }
$data merge entity $(bone_head) { transformation: [-0.9801984350121322f,-0.05556455119891014f,-0.5493164922427056f,1.253793474314081f,-0.13098976748907232f,1.1107351178769895f,0.12138442539283456f,0.3097485926517327f,0.5363559534608762f,0.16972058969038947f,-0.9742392994650856f,3.094250567807647f,0f,0f,0f,1f], start_interpolation: 0, interpolation_duration: 1 }
$data merge entity $(bone_neck) { transformation: [-0.871287497788562f,-0.049390712176809015f,-0.48828132643796057f,1.3451862771653786f,-0.1164353488791754f,0.9873201047795463f,0.10789726701585295f,-0.593394814786567f,0.47676084752077885f,0.1508627463914573f,-0.8659904884134094f,1.991961204170439f,0f,0f,0f,1f], start_interpolation: 0, interpolation_duration: 1 }
$data merge entity $(bone_right_arm2) { transformation: [-0.871287497788562f,-0.049390712176809015f,-0.48828132643796057f,0.30971786516738653f,-0.1164353488791754f,0.9873201047795463f,0.10789726701585295f,-2.1929968076815034f,0.47676084752077885f,0.1508627463914573f,-0.8659904884134094f,2.5930153881513043f,0f,0f,0f,1f], start_interpolation: 0, interpolation_duration: 1 }
$data merge entity $(bone_right_arm1) { transformation: [-0.9892743464474296f,-0.056079037784085226f,-0.5544027560597676f,0.1814764865681524f,-0.1322026357065637f,1.1210197023017765f,0.12250835525758302f,-0.7865737525602077f,0.5413222122892176f,0.17129207663196713f,-0.9832600337193919f,2.0466665171556295f,0f,0f,0f,1f], start_interpolation: 0, interpolation_duration: 1 }
$data merge entity $(bone_left_arm2) { transformation: [-0.871287497788562f,-0.049390712176809015f,-0.48828132643796057f,1.83447098629737f,-0.1164353488791754f,0.9873201047795463f,0.10789726701585295f,-1.9892349471429465f,0.47676084752077885f,0.1508627463914573f,-0.8659904884134094f,1.7586839049899414f,0f,0f,0f,1f], start_interpolation: 0, interpolation_duration: 1 }
$data merge entity $(bone_left_arm1) { transformation: [-0.9892743464474296f,-0.056079037784085226f,-0.5544027560597676f,1.1616749215802846f,-0.1322026357065637f,1.1210197023017765f,0.12250835525758302f,-0.6555839850711354f,0.5413222122892176f,0.17129207663196713f,-0.9832600337193919f,1.5103105636947536f,0f,0f,0f,1f], start_interpolation: 0, interpolation_duration: 1 }
$data merge entity $(bone_body2) { transformation: [-1.3795385381652232f,-0.07820196094661429f,-0.7731121001934377f,0.6463687899218609f,-0.1843559690586944f,1.5632568325676153f,0.17083733944176718f,-0.5f,0.7548713419079f,0.23886601511980743f,-1.371151606654565f,0.7376709554266969f,0f,0f,0f,1f], start_interpolation: 0, interpolation_duration: 1 }
$data merge entity $(bone_right_leg2) { transformation: [-0.9859096633447965f,0.045054831742425624f,-0.1610968586286267f,-1.0232433451824718f,0f,0.9630451367077627f,0.269340053953226f,-2.5719550578790806f,0.16727861705355535f,0.26554496191829435f,-0.9494755065173938f,-0.13564292419683494f,0f,0f,0f,1f], start_interpolation: 0, interpolation_duration: 1 }
$data merge entity $(bone_right_leg1) { transformation: [-1.3145462177930618f,-0.0072976039009166015f,-0.22291873864939818f,-0.609148371262896f,0f,1.3326194499684876f,-0.04362544376236818f,-1.125f,0.22303815607140712f,-0.04301074657302376f,-1.3138423932851593f,0.06318844418524983f,0f,0f,0f,1f], start_interpolation: 0, interpolation_duration: 1 }
$data merge entity $(bone_left_leg2) { transformation: [-0.9859096633447965f,-0.009119110443369476f,-0.16702987022706942f,0.943306366454588f,0f,0.9985129789397631f,-0.05451450163800632f,-2.565823254529647f,0.16727861705355535f,-0.05374637395733617f,-0.9844435949119117f,-0.5012583084364061f,0f,0f,0f,1f], start_interpolation: 0, interpolation_duration: 1 }
$data merge entity $(bone_left_leg1) { transformation: [-1.3145462177930618f,-0.0024329206131206366f,-0.22302488641634505f,0.6232387079180995f,0f,1.3332540066668663f,-0.014544121992243163f,-1.125f,0.22303815607140712f,-0.014339190417018106f,-1.3144680088660312f,-0.14590982713169437f,0f,0f,0f,1f], start_interpolation: 0, interpolation_duration: 1 }
$data merge entity $(bone_tail3) { transformation: [-0.948607547800525f,-0.2664980694206178f,-0.17065315482275187f,-0.7363120979019898f,-0.25560916028828423f,0.9631854284904742f,-0.08329338221215332f,-1.9336311294800002f,0.18656815760625597f,-0.03539222144349241f,-0.9818043151405995f,-3.4769277655923245f,0f,0f,0f,1f], start_interpolation: 0, interpolation_duration: 1 }
$data merge entity $(bone_tail2) { transformation: [-1.4989193336698945f,-0.15378547524210265f,-0.32607816527064537f,-0.442560906692292f,0.025548871658312114f,1.3455570561586172f,-0.752036950481726f,-1.1805688961303018f,0.3596167368445145f,-0.7365883160473206f,-1.3056988804295522f,-1.7701724344551262f,0f,0f,0f,1f], start_interpolation: 0, interpolation_duration: 1 }
$data merge entity $(bone_tail1) { transformation: [-0.9804488552296459f,-0.07974099057085376f,-0.17989279224486998f,-0.12886870802841188f,0f,0.9142097557035307f,-0.4052413140049899f,-0.75f,0.19677408945000088f,-0.3973183824079498f,-0.8963359084193008f,-0.8424122929408693f,0f,0f,0f,1f], start_interpolation: 0, interpolation_duration: 1 }
$data merge entity $(bone_body1) { transformation: [-1.3145462177930618f,0f,-0.22303815607140712f,0.5f,0f,1.3333333333333333f,0f,-1.1875f,0.22303815607140712f,0f,-1.3145462177930618f,-0.12499999999999994f,0f,0f,0f,1f], start_interpolation: 0, interpolation_duration: 1 }
data modify entity @s data merge value {"locators":{"hitbox_head":{"posx":1.4372505839364493,"posy":-0.34104436877793776,"posz":3.2705833789421765,"roty":330.5838944445759,"rotx":6.194116367956851},"hitbox_neck":{"posx":0.9890992111421462,"posy":-1.035344686895466,"posz":2.282016909085708,"roty":330.5838944445759,"rotx":6.194116367956851},"hitbox_right_arm":{"posx":0.5487937719513907,"posy":-3.2415427552739247,"posz":2.9049454389366005,"roty":330.5838944445759,"rotx":6.194116367956851},"hitbox_left_arm":{"posx":2.1824578303049442,"posy":-3.023226476125471,"posz":2.01101884983514,"roty":330.5838944445759,"rotx":6.194116367956851},"hitbox_tail1":{"posx":-0.39162558700575456,"posy":-2.172603580151343,"posz":-2.0232614087461904,"roty":345.9780701605482,"rotx":-29.19659301798053},"hitbox_tail2":{"posx":-0.48252578137522684,"posy":-3.244664531868084,"posz":-3.9827404022143282,"roty":350.1395982504155,"rotx":-4.777894830758526}},"cameras":{}}