# This file was generated by Animated Java via MC-Build. It is not recommended to edit this file directly.
$data merge entity $(bone_jaw) { transformation: [-0.9991025971546318f,-0.0174707621028722f,-0.03858461909121861f,0.08978457494791375f,-0.026003607794453248f,0.9720856410695345f,0.23318087144554628f,0.53238285518125f,0.033433706652745476f,0.233974953569772f,-0.9716675914948903f,3.2998097518618676f,0f,0f,0f,1f], start_interpolation: 0, interpolation_duration: 1 }
$data merge entity $(bone_head) { transformation: [-1.1239904217989607f,-0.028038683732501055f,-0.03852744370890834f,0.08122292079037857f,-0.029254058768759902f,1.1240621403940074f,0.035404866591988854f,0.5402506033128031f,0.03761291998433866f,0.036374946699498645f,-1.1237825107656998f,3.0500803050250456f,0f,0f,0f,1f], start_interpolation: 0, interpolation_duration: 1 }
$data merge entity $(bone_neck) { transformation: [-0.9991025971546318f,-0.024923274428889825f,-0.03424661663014075f,0.5794298224364005f,-0.026003607794453248f,0.9991663470168956f,0.03147099252621231f,-0.48279165506787425f,0.033433706652745476f,0.032333285955109904f,-0.9989177873472888f,2.1873886331516967f,0f,0f,0f,1f], start_interpolation: 0, interpolation_duration: 1 }
$data merge entity $(bone_right_arm2) { transformation: [-0.9991025971546318f,-0.024923274428889825f,-0.03424661663014075f,-0.7520878010415375f,-0.026003607794453248f,0.9991663470168956f,0.03147099252621231f,-1.9607490507206995f,0.033433706652745476f,0.032333285955109904f,-0.9989177873472888f,2.3741779663663682f,0f,0f,0f,1f], start_interpolation: 0, interpolation_duration: 1 }
$data merge entity $(bone_right_arm1) { transformation: [-1.1343977405193213f,-0.028298301174468653f,-0.03888417929880564f,-0.4961245860518547f,-0.029524929683285454f,1.1344701231754333f,0.03573268943080356f,-0.6195807854634866f,0.037961187761971424f,0.036711751761531033f,-1.1341879043839007f,1.7194113920522058f,0f,0f,0f,1f], start_interpolation: 0, interpolation_duration: 1 }
$data merge entity $(bone_left_arm2) { transformation: [-0.9991025971546318f,-0.024923274428889825f,-0.03424661663014075f,0.9963417439790679f,-0.026003607794453248f,0.9991663470168956f,0.03147099252621231f,-1.9152427370804064f,0.033433706652745476f,0.032333285955109904f,-0.9989177873472888f,2.3156689797240633f,0f,0f,0f,1f], start_interpolation: 0, interpolation_duration: 1 }
$data merge entity $(bone_left_arm1) { transformation: [-1.1343977405193213f,-0.028298301174468653f,-0.03888417929880564f,0.6278658357471059f,-0.029524929683285454f,1.1344701231754333f,0.03573268943080356f,-0.5903267266947267f,0.037961187761971424f,0.036711751761531033f,-1.1341879043839007f,1.6817984720678671f,0f,0f,0f,1f], start_interpolation: 0, interpolation_duration: 1 }
$data merge entity $(bone_body2) { transformation: [-1.581912445494834f,-0.03946185117907556f,-0.05422380966438953f,0.5317580156823788f,-0.04117237900788431f,1.5820133827767515f,0.04982907149983617f,-0.5f,0.05293670220018034f,0.05119436942892402f,-1.5816198299665407f,0.7494234834677749f,0f,0f,0f,1f], start_interpolation: 0, interpolation_duration: 1 }
$data merge entity $(bone_right_leg2) { transformation: [-0.9993411239631712f,0.017151694353538267f,-0.03198651804789885f,-1.0309783225000895f,0f,0.8812957198532076f,0.472565185099809f,-2.303280764888769f,0.03629487506557579f,0.4722538232235072f,-0.8807150552220365f,-0.9507253266843335f,0f,0f,0f,1f], start_interpolation: 0, interpolation_duration: 1 }
$data merge entity $(bone_right_leg1) { transformation: [-1.3324548319508949f,0.020078166065120768f,-0.04403141873653022f,-0.6242587644585675f,0f,1.2131580190585152f,0.5531956241437538f,-1.125f,0.048393166754101054f,0.552831136803327f,-1.2123586983108707f,-0.08416826555122718f,0f,0f,0f,1f], start_interpolation: 0, interpolation_duration: 1 }
$data merge entity $(bone_left_leg2) { transformation: [-0.9993411239631712f,-0.0156633934457439f,-0.03274104552071577f,1.0114767913389375f,0f,0.9020845356695915f,-0.43155937077739087f,-2.559660676266156f,0.03629487506557579f,-0.43127502664951667f,-0.9014901737858448f,0.18192464204941433f,0f,0f,0f,1f], start_interpolation: 0, interpolation_duration: 1 }
$data merge entity $(bone_left_leg1) { transformation: [-1.3324548319508949f,-0.020482211321375284f,-0.043844926820291966f,0.6249176404953964f,0f,1.2080197752733715f,-0.5643279191447562f,-1.125f,0.048393166754101054f,-0.5639560970019183f,-1.2072238399914286f,-0.12953685938319692f,0f,0f,0f,1f], start_interpolation: 0, interpolation_duration: 1 }
$data merge entity $(bone_tail3) { transformation: [-0.6214473662752746f,-0.06671801840136082f,-0.7806099390669584f,-2.0082945900118236f,-0.05771947654837663f,0.997558625833816f,-0.0393096686774424f,-1.83590728286028f,0.7813268413260267f,0.0206275070026547f,-0.6237811098280784f,-2.707121660201271f,0f,0f,0f,1f], start_interpolation: 0, interpolation_duration: 1 }
$data merge entity $(bone_tail2) { transformation: [-0.8709880813438305f,-0.3779523283910751f,-1.2146060722439473f,-0.5557244688035541f,0.3252126091115987f,1.3569625845369586f,-0.6554581711693847f,-1.1773958261159343f,1.229777472611582f,-0.6265306798087807f,-0.6869081352164405f,-1.695781482857647f,0f,0f,0f,1f], start_interpolation: 0, interpolation_duration: 1 }
$data merge entity $(bone_tail1) { transformation: [-0.9042724266930067f,-0.17174511859199953f,-0.3908900005916766f,-0.027369789838271874f,0f,0.915527716299966f,-0.40225489516793816f,-0.75f,0.4269559442410199f,-0.36374801020265246f,-0.8278864697232768f,-0.8695216018067928f,0f,0f,0f,1f], start_interpolation: 0, interpolation_duration: 1 }
$data merge entity $(bone_body1) { transformation: [-1.3324548319508949f,0f,-0.048393166754101054f,0.5f,0f,1.3333333333333333f,0f,-1.1875f,0.048393166754101054f,0f,-1.3324548319508949f,-0.12499999999999994f,0f,0f,0f,1f], start_interpolation: 0, interpolation_duration: 1 }
data modify entity @s data merge value {"locators":{"hitbox_head":{"posx":0.1075020350053537,"posy":-0.09406304873719795,"posz":3.34203380984913,"roty":358.03645665864207,"rotx":1.8034528293936518},"hitbox_neck":{"posx":0.09350557884868588,"posy":-0.8744147131622133,"posz":2.3168452276633142,"roty":358.03645665864207,"rotx":1.8034528293936518},"hitbox_right_arm":{"posx":-0.7724851306197418,"posy":-2.9772761194878545,"posz":2.843393180750699,"roty":358.03645665864207,"rotx":1.8034528293936518},"hitbox_left_arm":{"posx":1.1008322390451926,"posy":-2.928519354873255,"posz":2.780704980776801,"roty":358.03645665864207,"rotx":1.8034528293936518},"hitbox_tail1":{"posx":-0.8428837670996159,"posy":-2.1562072902590397,"posz":-1.7970183588670512,"roty":299.48988926696535,"rotx":-25.16092152040844},"hitbox_tail2":{"posx":-2.359820281585202,"posy":-3.167314667898225,"posz":-3.0850721374205494,"roty":308.6281593605978,"rotx":-2.252858568472691}},"cameras":{}}