# This file was generated by Animated Java via MC-Build. It is not recommended to edit this file directly.
$data merge entity $(bone_jaw) { transformation: [-0.9400317695598788f,0.1332660160234625f,-0.31397522384952187f,1.4202201215773425f,0.011562376680856195f,0.932435114120532f,0.3611524185167818f,0.08018347961285155f,0.34089086767411814f,0.33586444725255604f,-0.8780595022025115f,3.3011709030862924f,0f,0f,0f,1f], start_interpolation: 0, interpolation_duration: 1 }
$data merge entity $(bone_head) { transformation: [-1.0575357407548636f,0.09256238138006237f,-0.3723914104531869f,1.3374664748099676f,0.013007673765963219f,1.0997987991446945f,0.23642842854252197f,0.13272313040007866f,0.3835022261333829f,0.21794450429671322f,-1.0349160524398102f,3.0711895580996678f,0f,0f,0f,1f], start_interpolation: 0, interpolation_duration: 1 }
$data merge entity $(bone_neck) { transformation: [-0.9400317695598788f,0.08227767233783322f,-0.3310145870694995f,1.451112980736991f,0.011562376680856195f,0.9775989325730617f,0.2101586031489084f,-0.7410030587407395f,0.34089086767411814f,0.19372844826374508f,-0.9199253799464979f,1.94746827677585f,0f,0f,0f,1f], start_interpolation: 0, interpolation_duration: 1 }
$data merge entity $(bone_right_arm2) { transformation: [-0.9400317695598788f,0.08227767233783322f,-0.3310145870694995f,0.10236037868205364f,0.011562376680856195f,0.9775989325730617f,0.2101586031489084f,-2.169807994468759f,0.34089086767411814f,0.19372844826374508f,-0.9199253799464979f,2.310194584188597f,0f,0f,0f,1f], start_interpolation: 0, interpolation_duration: 1 }
$data merge entity $(bone_right_arm1) { transformation: [-1.0673277383544455f,0.09341944046691479f,-0.3758394790684942f,0.27653722300264094f,0.013128115189722137f,1.109982121358997f,0.2386175806586564f,-0.7458385985145083f,0.3870531726716549f,0.2199625089661272f,-1.0444986084809194f,1.8254860776733834f,0f,0f,0f,1f], start_interpolation: 0, interpolation_duration: 1 }
$data merge entity $(bone_left_arm2) { transformation: [-0.9400317695598788f,0.08227767233783322f,-0.3310145870694995f,1.7474159754118412f,0.011562376680856195f,0.9775989325730617f,0.2101586031489084f,-2.190042153660257f,0.34089086767411814f,0.19372844826374508f,-0.9199253799464979f,1.7136355657588904f,0f,0f,0f,1f], start_interpolation: 0, interpolation_duration: 1 }
$data merge entity $(bone_left_arm1) { transformation: [-1.0673277383544455f,0.09341944046691479f,-0.3758394790684942f,1.3340729637575044f,0.013128115189722137f,1.109982121358997f,0.2386175806586564f,-0.7588462722804715f,0.3870531726716549f,0.2199625089661272f,-1.0444986084809194f,1.4419838515400005f,0f,0f,0f,1f], start_interpolation: 0, interpolation_duration: 1 }
$data merge entity $(bone_body2) { transformation: [-1.4883836351364748f,0.13027298120156927f,-0.5241064295267076f,0.9701371573034708f,0.018307096411355646f,1.5478649765740147f,0.33275112165243836f,-0.5f,0.5397438738173538f,0.30673670975092976f,-1.4565485182486217f,0.6129675150862752f,0f,0f,0f,1f], start_interpolation: 0, interpolation_duration: 1 }
$data merge entity $(bone_right_leg2) { transformation: [-0.9423057091016587f,0.03182848526605894f,-0.33323699992661177f,-0.812878931084914f,3.469446951953614e-18f,0.9954696015636205f,0.09508034687971337f,-2.595728058544507f,0.3347535669629532f,0.08959475368811995f,-0.938036688790553f,0.574878022738358f,0f,0f,0f,1f], start_interpolation: 0, interpolation_duration: 1 }
$data merge entity $(bone_right_leg1) { transformation: [-1.2564076121355447f,-0.08531724879359104f,-0.43810804261497954f,-0.44881537653949655f,4.625929269271485e-18f,1.3087479443153012f,-0.25486583927284334f,-1.125f,0.4463380892839376f,-0.24016153540178603f,-1.2332406597033678f,0.4794620593901768f,0f,0f,0f,1f], start_interpolation: 0, interpolation_duration: 1 }
$data merge entity $(bone_left_leg2) { transformation: [-0.6327841205281183f,-0.6025099452647341f,-0.4863805327771077f,1.7846488889452619f,2.7755575615628914e-17f,0.6281322235786322f,-0.7781066184670088f,-1.9522327965089696f,0.7743282616613293f,-0.49237351224375436f,-0.3974720966725761f,0.2872141214903603f,0f,0f,0f,1f], start_interpolation: 0, interpolation_duration: 1 }
$data merge entity $(bone_left_leg1) { transformation: [-0.8437121607041577f,-0.9575801556110367f,-0.38596348692284643f,0.6054239307266107f,3.700743415417188e-17f,0.49844943809071074f,-1.2366591832210005f,-1.125f,1.0324376822151056f,-0.7825382936475221f,-0.3154108893099651f,-0.19216245104335292f,0f,0f,0f,1f], start_interpolation: 0, interpolation_duration: 1 }
$data merge entity $(bone_tail3) { transformation: [-0.3457427497943364f,-0.07485112610801342f,-0.9353391149123474f,-2.9275257217600332f,-0.1602743610894349f,0.986875282428431f,-0.019730841572973168f,-1.7497720197385238f,0.9245399289062772f,0.14308908362333794f,-0.35320169026465487f,-1.4552168883489562f,0f,0f,0f,1f], start_interpolation: 0, interpolation_duration: 1 }
$data merge entity $(bone_tail2) { transformation: [-0.44711242534887824f,-0.5560619786043827f,-1.3666095514668168f,-1.2340562232821994f,0.14372561953248603f,1.4047759869633647f,-0.6186141639602327f,-1.1566011468879078f,1.4683901172712097f,-0.3068152758791412f,-0.35557131647330587f,-0.8663912576849417f,0f,0f,0f,1f], start_interpolation: 0, interpolation_duration: 1 }
$data merge entity $(bone_tail1) { transformation: [-0.5000000000000002f,-0.3314135740355917f,-0.8001031451912656f,-0.3214466315164798f,0f,0.9238795325112867f,-0.3826834323650897f,-0.75f,0.8660254037844386f,-0.19134171618254492f,-0.46193976625564365f,-0.4838334315113751f,0f,0f,0f,1f], start_interpolation: 0, interpolation_duration: 1 }
data modify entity @s data merge value {"locators":{"hitbox_head":{"posx":1.3894849880580404,"posy":-0.5439507659421188,"posz":3.2375859591681078,"roty":340.2098661256332,"rotx":12.131646953318418},"hitbox_neck":{"posx":0.9916197922140515,"posy":-1.1280912955088231,"posz":2.160256215007317,"roty":340.2098661256332,"rotx":12.131646953318418},"hitbox_right_arm":{"posx":0.12683801428147776,"posy":-3.251763580073721,"posz":2.5977345051277334,"roty":340.2098661256332,"rotx":12.131646953318418},"hitbox_left_arm":{"posx":1.88939758220625,"posy":-3.2734430363503266,"posz":1.9585641282387618,"roty":340.2098661256332,"rotx":12.131646953318418},"hitbox_tail1":{"posx":-1.536721215397793,"posy":-2.1275275882198503,"posz":-0.9947540173551751,"roty":284.584144705345,"rotx":-23.657173584891222},"hitbox_tail2":{"posx":-3.3554118708814613,"posy":-3.0561444263106368,"posz":-1.8416972613784557,"roty":290.6874821773562,"rotx":-1.1305673125926095}},"cameras":{}}