# This file was generated by Animated Java via MC-Build. It is not recommended to edit this file directly.
$data merge entity $(bone_jaw) { transformation: [-0.9961946980917455f,-0.015134435901338644f,0.08583165117743143f,-0.21598670591501862f,0f,0.984807753012208f,0.17364817766693033f,0.625f,-0.0871557427476583f,0.17298739392508944f,-0.9810602621904069f,3.1969088738555347f,0f,0f,0f,1f], start_interpolation: 0, interpolation_duration: 1 }
$data merge entity $(bone_head) { transformation: [-1.1207190353532137f,0f,0.0980502105911156f,-0.19419777022810403f,0f,1.125f,0f,0.625f,-0.0980502105911156f,0f,-1.1207190353532137f,2.9478601993325984f,0f,0f,0f,1f], start_interpolation: 0, interpolation_duration: 1 }
$data merge entity $(bone_neck) { transformation: [-0.9961946980917455f,0f,0.0871557427476583f,0.3747136198002411f,0f,1f,0f,-0.4375f,-0.0871557427476583f,0f,-0.9961946980917455f,2.182029878506884f,0f,0f,0f,1f], start_interpolation: 0, interpolation_duration: 1 }
$data merge entity $(bone_right_arm2) { transformation: [-0.9961946980917455f,0f,0.0871557427476583f,-1.011395791841095f,0f,1f,0f,-1.875f,-0.0871557427476583f,0f,-0.9961946980917455f,2.248977238121056f,0f,0f,0f,1f], start_interpolation: 0, interpolation_duration: 1 }
$data merge entity $(bone_right_arm1) { transformation: [-1.131096063458336f,0f,0.09895808291140369f,-0.6401653755484095f,0f,1.1354166666666665f,0f,-0.5625f,-0.09895808291140369f,0f,-1.131096063458336f,1.5913295527916245f,0f,0f,0f,1f], start_interpolation: 0, interpolation_duration: 1 }
$data merge entity $(bone_left_arm2) { transformation: [-0.9961946980917455f,0f,0.0871557427476583f,0.7319449298194598f,0f,1f,0f,-1.875f,-0.0871557427476583f,0f,-0.9961946980917455f,2.4014997879294584f,0f,0f,0f,1f], start_interpolation: 0, interpolation_duration: 1 }
$data merge entity $(bone_left_arm1) { transformation: [-1.131096063458336f,0f,0.09895808291140369f,0.48055365980480436f,0f,1.1354166666666665f,0f,-0.5625f,-0.09895808291140369f,0f,-1.131096063458336f,1.68937976338274f,0f,0f,0f,1f], start_interpolation: 0, interpolation_duration: 1 }
$data merge entity $(bone_body2) { transformation: [-1.5773082719785974f,0f,0.13799659268379233f,0.4999999999999999f,0f,1.5833333333333335f,0f,-0.5f,-0.13799659268379233f,0f,-1.5773082719785974f,0.75f,0f,0f,0f,1f], start_interpolation: 0, interpolation_duration: 1 }
$data merge entity $(bone_right_leg2) { transformation: [-1f,-6.123233995736765e-17f,1.0605752387249069e-16f,-0.9999999999999998f,0f,0.8660254037844387f,0.49999999999999994f,-2.213661517940131f,-1.2246467991473532e-16f,0.49999999999999994f,-0.8660254037844387f,-1.114382938682637f,0f,0f,0f,1f], start_interpolation: 0, interpolation_duration: 1 }
$data merge entity $(bone_right_leg1) { transformation: [-1.3333333333333333f,-8.164311994315686e-17f,1.4141003182998758e-16f,-0.625f,0f,1.1547005383792515f,0.6666666666666665f,-1.125f,-1.6328623988631375e-16f,0.6666666666666665f,-1.1547005383792515f,-0.12500000000000008f,0f,0f,0f,1f], start_interpolation: 0, interpolation_duration: 1 }
$data merge entity $(bone_left_leg2) { transformation: [-1f,6.123233995736765e-17f,1.0605752387249069e-16f,1f,0f,0.8660254037844387f,-0.49999999999999994f,-2.526161517940131f,-1.2246467991473532e-16f,-0.49999999999999994f,-0.8660254037844387f,0.32311706131736284f,0f,0f,0f,1f], start_interpolation: 0, interpolation_duration: 1 }
$data merge entity $(bone_left_leg1) { transformation: [-1.3333333333333333f,8.164311994315686e-17f,1.4141003182998758e-16f,0.625f,0f,1.1547005383792515f,-0.6666666666666665f,-1.125f,-1.6328623988631375e-16f,-0.6666666666666665f,-1.1547005383792515f,-0.12499999999999993f,0f,0f,0f,1f], start_interpolation: 0, interpolation_duration: 1 }
$data merge entity $(bone_tail3) { transformation: [-0.5124703438369754f,-0.026011369194216982f,-0.8583108733787861f,-2.1678962934336896f,-0.018864976898841812f,0.9996409073961101f,-0.019030735847252622f,-1.7361820822408243f,0.8584976757884778f,0.00643932705520342f,-0.5127770234057469f,-2.4994429183664133f,0f,0f,0f,1f], start_interpolation: 0, interpolation_duration: 1 }
$data merge entity $(bone_tail2) { transformation: [-0.6845236263301341f,-0.38941067365835297f,-1.3253387655040887f,-0.5641389528889279f,0.35915115776449014f,1.378100660857786f,-0.5904109801916548f,-1.1566011468879078f,1.3338567996540633f,-0.5709063030790534f,-0.5211795681263213f,-1.6879907743528348f,0f,0f,0f,1f], start_interpolation: 0, interpolation_duration: 1 }
$data merge entity $(bone_tail1) { transformation: [-0.8870108331782218f,-0.17670354420260304f,-0.42660009293331796f,1.1102230246251565e-16f,0f,0.9238795325112867f,-0.3826834323650897f,-0.75f,0.46174861323503374f,-0.3394443501856599f,-0.8194911538891425f,-0.875f,0f,0f,0f,1f], start_interpolation: 0, interpolation_duration: 1 }
$data merge entity $(bone_body1) { transformation: [-1.3333333333333333f,0f,1.6328623988631375e-16f,0.5f,0f,1.3333333333333333f,0f,-1.1875f,-1.6328623988631375e-16f,0f,-1.3333333333333333f,-0.12499999999999994f,0f,0f,0f,1f], start_interpolation: 0, interpolation_duration: 1 }
data modify entity @s data merge value {"locators":{"hitbox_head":{"posx":-0.22143393983674725,"posy":0,"posz":3.259171042486269,"roty":5,"rotx":0},"hitbox_neck":{"posx":-0.13427819708908895,"posy":-0.8125,"posz":2.262976344394523,"roty":5,"rotx":0},"hitbox_right_arm":{"posx":-1.1172358318456581,"posy":-2.875,"posz":2.7416273532452005,"roty":5,"rotx":0},"hitbox_left_arm":{"posx":0.7506292270763647,"posy":-2.875,"posz":2.90504437089706,"roty":5,"rotx":0},"hitbox_tail1":{"posx":-0.9102234562937038,"posy":-2.1194402426148247,"posz":-1.7508210396940114,"roty":291.4668625584631,"rotx":-22.517728683531352},"hitbox_tail2":{"posx":-2.6165562376418467,"posy":-3.0589155621122988,"posz":-2.7963316107921004,"roty":300.8551824354819,"rotx":-1.0904466728112576}},"cameras":{}}