# This file was generated by Animated Java via MC-Build. It is not recommended to edit this file directly.
$data merge entity $(bone_jaw) { transformation: [-0.9945964155771736f,-0.0104958508275815f,0.10328507751095155f,-0.2493188684818146f,0.005538413005890977f,0.9880953039559646f,0.1537432804435572f,0.645979631020599f,-0.10366916659457764f,0.1534845510648393f,-0.9826979172065088f,3.1771128771903103f,0f,0f,0f,1f], start_interpolation: 0, interpolation_duration: 1 }
$data merge entity $(bone_head) { transformation: [-1.1189209675243204f,0.007048743678378303f,0.11658123196722268f,-0.22341192804465398f,0.0062307146316273486f,1.12495274401125f,-0.008215956227881587f,0.6441538629699586f,-0.11662781241889986f,-0.007525885603419923f,-1.1189130057409584f,2.9284655425812085f,0f,0f,0f,1f], start_interpolation: 0, interpolation_duration: 1 }
$data merge entity $(bone_neck) { transformation: [-0.9945964155771736f,0.006265549936336269f,0.10362776174864238f,0.3514266893573475f,0.005538413005890977f,0.9999579946766666f,-0.00730307220256141f,-0.4270044590415263f,-0.10366916659457764f,-0.006689676091928821f,-0.9945893384364075f,2.1793040692465904f,0f,0f,0f,1f], start_interpolation: 0, interpolation_duration: 1 }
$data merge entity $(bone_right_arm2) { transformation: [-0.9945964155771736f,0.006265549936336269f,0.10362776174864238f,-1.0445803154226203f,0.005538413005890977f,0.9999579946766666f,-0.00730307220256141f,-1.8554594324681541f,-0.10366916659457764f,-0.006689676091928821f,-0.9945893384364075f,2.23286087551802f,0f,0f,0f,1f], start_interpolation: 0, interpolation_duration: 1 }
$data merge entity $(bone_right_arm1) { transformation: [-1.129281346853249f,0.007114009823548472f,0.11766068781877102f,-0.6543013150611204f,0.006288406433772046f,1.135368973122465f,-0.008292029896658266f,-0.5497661806586311f,-0.11770769957092668f,-0.007595569729377514f,-1.129273311349671f,1.5726971200331388f,0f,0f,0f,1f], start_interpolation: 0, interpolation_duration: 1 }
$data merge entity $(bone_left_arm2) { transformation: [-0.9945964155771736f,0.006265549936336269f,0.10362776174864238f,0.6959634118374338f,0.005538413005890977f,0.9999579946766666f,-0.00730307220256141f,-1.8651516552284635f,-0.10366916659457764f,-0.006689676091928821f,-0.9945893384364075f,2.4142819170585312f,0f,0f,0f,1f], start_interpolation: 0, interpolation_duration: 1 }
$data merge entity $(bone_left_arm1) { transformation: [-1.129281346853249f,0.007114009823548472f,0.11766068781877102f,0.4646196524632f,0.006288406433772046f,1.135368973122465f,-0.008292029896658266f,-0.5559968952902585f,-0.11770769957092668f,-0.007595569729377514f,-1.129273311349671f,1.6893249324520387f,0f,0f,0f,1f], start_interpolation: 0, interpolation_duration: 1 }
$data merge entity $(bone_body2) { transformation: [-1.5747776579971917f,0.009920454065865761f,0.16407728943535047f,0.4999999999999999f,0.008769153925994047f,1.5832668249047221f,-0.011563197654055567f,-0.5f,-0.16414284710808127f,-0.010591987145553967f,-1.5747664525243121f,0.75f,0f,0f,0f,1f], start_interpolation: 0, interpolation_duration: 1 }
$data merge entity $(bone_right_leg2) { transformation: [-1f,-6.099994402131631e-17f,1.0619135866921965e-16f,-0.9999999999999998f,0f,0.8671182478340222f,0.49810234317181773f,-2.2021188987353257f,-1.2246467991473532e-16f,0.49810234317181773f,-0.8671182478340222f,-1.1269368133705835f,0f,0f,0f,1f], start_interpolation: 0, interpolation_duration: 1 }
$data merge entity $(bone_right_leg1) { transformation: [-1.3333333333333333f,-8.327693595180185e-17f,1.404540781703767e-16f,-0.625f,0f,1.1468945843664173f,0.6800077868147982f,-1.125f,-1.6328623988631375e-16f,0.6800077868147982f,-1.1468945843664173f,-0.12500000000000008f,0f,0f,0f,1f], start_interpolation: 0, interpolation_duration: 1 }
$data merge entity $(bone_left_leg2) { transformation: [-1f,6.204239827561723e-17f,1.0558569336244502e-16f,1f,0f,0.8621726152875907f,-0.5066146281426903f,-2.5217840847867534f,-1.2246467991473532e-16f,-0.5066146281426903f,-0.8621726152875907f,0.3365806760322963f,0f,0f,0f,1f], start_interpolation: 0, interpolation_duration: 1 }
$data merge entity $(bone_left_leg1) { transformation: [-1.3333333333333333f,8.300022771234058e-17f,1.4061777389757816e-16f,0.625f,0f,1.1482312614174286f,-0.6777482925699766f,-1.125f,-1.6328623988631375e-16f,-0.6777482925699766f,-1.1482312614174286f,-0.12499999999999993f,0f,0f,0f,1f], start_interpolation: 0, interpolation_duration: 1 }
$data merge entity $(bone_tail3) { transformation: [-0.4960566841420837f,-0.021396867957835408f,-0.8680264628221631f,-2.1965495086339875f,-0.014007322977631027f,0.9997634357943974f,-0.016639331464405882f,-1.700036779192084f,0.8681771484097939f,0.0039046754253063976f,-0.4962390477268607f,-2.47612841824996f,0f,0f,0f,1f], start_interpolation: 0, interpolation_duration: 1 }
$data merge entity $(bone_tail2) { transformation: [-0.6573340572292966f,-0.3839158113663037f,-1.3406180284109772f,-0.5726730151757587f,0.35427862710552566f,1.3874890839903722f,-0.5710488659430928f,-1.1455412664677846f,1.3487530176773679f,-0.5515603345977856f,-0.5033712404534877f,-1.6874801377329578f,0f,0f,0f,1f], start_interpolation: 0, interpolation_duration: 1 }
$data merge entity $(bone_tail1) { transformation: [-0.8833262695391835f,-0.17450673183411744f,-0.43506562963139855f,1.1102230246251565e-16f,-1.3877787807814457e-17f,0.9281228204231822f,-0.3722741331461502f,-0.75f,0.468758681564395f,-0.32883952127792215f,-0.8198352686385949f,-0.875f,0f,0f,0f,1f], start_interpolation: 0, interpolation_duration: 1 }
data modify entity @s data merge value {"locators":{"hitbox_head":{"posx":-0.2597115723013149,"posy":0.0214623263603424,"posz":3.2434557584000414,"roty":5.948271003851147,"rotx":-0.4184389343062031},"hitbox_neck":{"posx":-0.16117456987594575,"posy":-0.7983066165170105,"posz":2.254301781788326,"roty":5.948271003851147,"rotx":-0.4184389343062031},"hitbox_right_arm":{"posx":-1.164822022206851,"posy":-2.851419740230672,"posz":2.7303658979159913,"roty":5.948271003851147,"rotx":-0.4184389343062031},"hitbox_left_arm":{"posx":0.7000462570003497,"posy":-2.8618042646167177,"posz":2.924745585280825,"roty":5.948271003851147,"rotx":-0.4184389343062031},"hitbox_tail1":{"posx":-0.9304489798379146,"posy":-2.1039181767706037,"posz":-1.7529882052398365,"roty":290.58000227257423,"rotx":-21.740909900897073},"hitbox_tail2":{"posx":-2.656731004776795,"posy":-3.021585912620959,"posz":-2.7603877690920338,"roty":299.75602241740313,"rotx":-0.9534074648479953}},"cameras":{}}