# This file was generated by Animated Java via MC-Build. It is not recommended to edit this file directly.
$data merge entity $(bone_jaw) { transformation: [-0.9932364734707587f,-0.00591442073571103f,0.11595830024078396f,-0.2726755079605863f,0.00992816272446155f,0.9907179440165365f,0.1355705978026343f,0.6628814778309005f,-0.11568379036099835f,0.13580491534185357f,-0.9839584775877002f,3.1617015213155364f,0f,0f,0f,1f], start_interpolation: 0, interpolation_duration: 1 }
$data merge entity $(bone_head) { transformation: [-1.1173910326546035f,0.012815000903146873f,0.12999252245775916f,-0.24378828074775094f,0.011169183065019244f,1.124846110847301f,-0.014882078529616002f,0.6595743492687636f,-0.13014426415612315f,-0.013490836280746838f,-1.117365413749552f,2.913398096037858f,0f,0f,0f,1f], start_interpolation: 0, interpolation_duration: 1 }
$data merge entity $(bone_neck) { transformation: [-0.9932364734707587f,0.011391111913908332f,0.11554890885134148f,0.3346103880208158f,0.00992816272446155f,0.9998632096420452f,-0.013228514248547558f,-0.41849256016508507f,-0.11568379036099835f,-0.011991854471774968f,-0.9932137011107128f,2.176995204442164f,0f,0f,0f,1f], start_interpolation: 0, interpolation_duration: 1 }
$data merge entity $(bone_right_arm2) { transformation: [-0.9932364734707587f,0.011391111913908332f,0.11554890885134148f,-1.0691299067873472f,0.00992816272446155f,0.9998632096420452f,-0.013228514248547558f,-1.8396643538577877f,-0.11568379036099835f,-0.011991854471774968f,-0.9932137011107128f,2.221395852457226f,0f,0f,0f,1f], start_interpolation: 0, interpolation_duration: 1 }
$data merge entity $(bone_right_arm1) { transformation: [-1.1277372459199237f,0.01293365831891675f,0.13119615692496062f,-0.6643527996054331f,0.011272601426732384f,1.1352613526144053f,-0.01501987555303837f,-0.5395410455998741f,-0.1313493036390502f,-0.013615751431494494f,-1.1277113898027884f,1.5589733084372184f,0f,0f,0f,1f], start_interpolation: 0, interpolation_duration: 1 }
$data merge entity $(bone_left_arm2) { transformation: [-0.9932364734707587f,0.011391111913908332f,0.11554890885134148f,0.6690339217864806f,0.00992816272446155f,0.9998632096420452f,-0.013228514248547558f,-1.8570386386255953f,-0.11568379036099835f,-0.011991854471774968f,-0.9932137011107128f,2.423842485588973f,0f,0f,0f,1f], start_interpolation: 0, interpolation_duration: 1 }
$data merge entity $(bone_left_arm1) { transformation: [-1.1277372459199237f,0.01293365831891675f,0.13119615692496062f,0.4530382330491704f,0.011272601426732384f,1.1352613526144053f,-0.01501987555303837f,-0.5507102286648934f,-0.1313493036390502f,-0.013615751431494494f,-1.1277113898027884f,1.6891175725933416f,0f,0f,0f,1f], start_interpolation: 0, interpolation_duration: 1 }
$data merge entity $(bone_body2) { transformation: [-1.5726244163287015f,0.018035927197021528f,0.18295243901462402f,0.4999999999999999f,0.015719590980397456f,1.5831167485999051f,-0.0209451475602003f,-0.5f,-0.18316600140491407f,-0.0189871029136437f,-1.5725883600919621f,0.75f,0f,0f,0f,1f], start_interpolation: 0, interpolation_duration: 1 }
$data merge entity $(bone_right_leg2) { transformation: [-1f,-6.011138789134288e-17f,1.0669685502579302e-16f,-0.9999999999999998f,0f,0.871245938829706f,0.4908467317531452f,-2.199500366144475f,-1.2246467991473532e-16f,0.4908467317531452f,-0.871245938829706f,-1.1297444765488334f,0f,0f,0f,1f], start_interpolation: 0, interpolation_duration: 1 }
$data merge entity $(bone_right_leg1) { transformation: [-1.3333333333333333f,-8.364321076071168e-17f,1.4023626289177122e-16f,-0.625f,0f,1.1451159876415726f,0.6829986476014744f,-1.125f,-1.6328623988631375e-16f,0.6829986476014744f,-1.1451159876415726f,-0.12500000000000008f,0f,0f,0f,1f], start_interpolation: 0, interpolation_duration: 1 }
$data merge entity $(bone_left_leg2) { transformation: [-1f,6.198739326237167e-17f,1.0561799516727561e-16f,1f,0f,0.8624363795407048f,-0.506165478124221f,-2.5213012155980343f,-1.2246467991473532e-16f,-0.506165478124221f,-0.8624363795407048f,0.3380393237290454f,0f,0f,0f,1f], start_interpolation: 0, interpolation_duration: 1 }
$data merge entity $(bone_left_leg1) { transformation: [-1.3333333333333333f,8.314705352538515e-17f,1.40531005924876e-16f,0.625f,0f,1.1475227471522333f,-0.6789472163180058f,-1.125f,-1.6328623988631375e-16f,-0.6789472163180058f,-1.1475227471522333f,-0.12499999999999993f,0f,0f,0f,1f], start_interpolation: 0, interpolation_duration: 1 }
$data merge entity $(bone_tail3) { transformation: [-0.4941765639336238f,-0.020227327945315954f,-0.8691262157264328f,-2.204205455257948f,-0.012276054919024323f,0.9997919733740585f,-0.01628829188192804f,-1.6604151553558664f,0.8692748829538227f,0.002620149041262468f,-0.49432207383913124f,-2.4883340432621766f,0f,0f,0f,1f], start_interpolation: 0, interpolation_duration: 1 }
$data merge entity $(bone_tail2) { transformation: [-0.6542935412925099f,-0.3708444656352198f,-1.3457750388685865f,-0.5754001519993709f,0.3421174682234111f,1.3983422226172113f,-0.5516618325509487f,-1.1318044832562588f,1.353363111241924f,-0.532775301477833f,-0.5111701070836344f,-1.6921115295016476f,0f,0f,0f,1f], start_interpolation: 0, interpolation_duration: 1 }
$data merge entity $(bone_tail1) { transformation: [-0.8832137500962481f,-0.16852244435296945f,-0.43764558422337885f,1.1102230246251565e-16f,-1.3877787807814457e-17f,0.9332046326338985f,-0.35934539600589066f,-0.75f,0.4689706511509246f,-0.3173787947861839f,-0.824219163195777f,-0.875f,0f,0f,0f,1f], start_interpolation: 0, interpolation_duration: 1 }
data modify entity @s data merge value {"locators":{"hitbox_head":{"posx":-0.28701675970998786,"posy":0.038793753945156384,"posz":3.231272286679815,"roty":6.635869526096997,"rotx":-0.7579601431276035},"hitbox_neck":{"posx":-0.18072312928869683,"posy":-0.7868236181375527,"posz":2.2478019673274194,"roty":6.635869526096997,"rotx":-0.7579601431276035},"hitbox_right_arm":{"posx":-1.2003727527188488,"posy":-2.83229279620528,"posz":2.722764320586795,"roty":6.635869526096997,"rotx":-0.7579601431276035},"hitbox_left_arm":{"posx":0.661945635038824,"posy":-2.8509081013136455,"posz":2.939671427513667,"roty":6.635869526096997,"rotx":-0.7579601431276035},"hitbox_tail1":{"posx":-0.9420814259458626,"posy":-2.0858296899824937,"posz":-1.7706099260963704,"roty":290.7984420199015,"rotx":-20.96727708223407},"hitbox_tail2":{"posx":-2.6665405836758396,"posy":-2.9818042845929025,"posz":-2.769829155413345,"roty":299.62938010127255,"rotx":-0.9332916517749148}},"cameras":{}}