# This file was generated by Animated Java via MC-Build. It is not recommended to edit this file directly.
$data merge entity $(bone_jaw) { transformation: [-0.9916770234134948f,0.0021115175782016327f,0.1287331454104486f,-0.29396393352344935f,0.015665096880370565f,0.9944158829475784f,0.10436309923203937f,0.685177160234382f,-0.12779391993940623f,0.10551110479520551f,-0.9861724599639842f,3.1438674506168334f,0f,0f,0f,1f], start_interpolation: 0, interpolation_duration: 1 }
$data merge entity $(bone_head) { transformation: [-1.1156366513401816f,0.020508085139189704f,0.14338507813015117f,-0.2621005828278602f,0.017623233990416886f,1.12461162905751f,-0.02372984223150899f,0.6799038619607134f,-0.143768159931832f,-0.02128619817010636f,-1.1155727739404893f,2.895962389741169f,0f,0f,0f,1f], start_interpolation: 0, interpolation_duration: 1 }
$data merge entity $(bone_neck) { transformation: [-0.9916770234134948f,0.01822940901261307f,0.1274534027823566f,0.3179250715636506f,0.015665096880370565f,0.9996547813844534f,-0.021093193094674657f,-0.40720011108987686f,-0.12779391993940623f,-0.01892106504009454f,-0.9916202435026572f,2.1742715334700637f,0f,0f,0f,1f], start_interpolation: 0, interpolation_duration: 1 }
$data merge entity $(bone_right_arm2) { transformation: [-0.9916770234134948f,0.01822940901261307f,0.1274534027823566f,-1.0957331241072277f,0.015665096880370565f,0.9996547813844534f,-0.021093193094674657f,-1.8187093774142677f,-0.12779391993940623f,-0.01892106504009454f,-0.9916202435026572f,2.2116827202052645f,0f,0f,0f,1f], start_interpolation: 0, interpolation_duration: 1 }
$data merge entity $(bone_right_arm1) { transformation: [-1.1259666203340721f,0.02069797481640442f,0.14471271774246736f,-0.6742837405485859f,0.01778641208292074f,1.1350246996969313f,-0.023949562992911847f,-0.5260593898748771f,-0.14509934659786747f,-0.02148329259760734f,-1.1259021514769751f,1.545045504913128f,0f,0f,0f,1f], start_interpolation: 0, interpolation_duration: 1 }
$data merge entity $(bone_left_arm2) { transformation: [-0.9916770234134948f,0.01822940901261307f,0.1274534027823566f,0.639701666866388f,0.015665096880370565f,0.9996547813844534f,-0.021093193094674657f,-1.8461232969549162f,-0.12779391993940623f,-0.01892106504009454f,-0.9916202435026572f,2.4353220800992252f,0f,0f,0f,1f], start_interpolation: 0, interpolation_duration: 1 }
$data merge entity $(bone_left_arm1) { transformation: [-1.1259666203340721f,0.02069797481640442f,0.14471271774246736f,0.4413529107915957f,0.01778641208292074f,1.1350246996969313f,-0.023949562992911847f,-0.543682623865294f,-0.14509934659786747f,-0.02148329259760734f,-1.1259021514769751f,1.6888136648449599f,0f,0f,0f,1f], start_interpolation: 0, interpolation_duration: 1 }
$data merge entity $(bone_body2) { transformation: [-1.5701552870713669f,0.02886323093663736f,0.2018012210720646f,0.4999999999999999f,0.02480307006058673f,1.5827867371920514f,-0.03339755573323488f,-0.5f,-0.2023403732373932f,-0.02995835298014969f,-1.5700653855458742f,0.75f,0f,0f,0f,1f], start_interpolation: 0, interpolation_duration: 1 }
$data merge entity $(bone_right_leg2) { transformation: [-1f,-5.658581082492091e-17f,1.0860775220906121e-16f,-0.9999999999999998f,0f,0.8868495984693558f,0.46205821028820854f,-2.2177962725895384f,-1.2246467991473532e-16f,0.46205821028820854f,-0.8868495984693558f,-1.109814097489679f,0f,0f,0f,1f], start_interpolation: 0, interpolation_duration: 1 }
$data merge entity $(bone_right_leg1) { transformation: [-1.3333333333333333f,-8.105006846660537e-17f,1.417507761452098e-16f,-0.625f,0f,1.157482926864319f,0.6618240338605024f,-1.125f,-1.6328623988631375e-16f,0.6618240338605024f,-1.157482926864319f,-0.12500000000000008f,0f,0f,0f,1f], start_interpolation: 0, interpolation_duration: 1 }
$data merge entity $(bone_left_leg2) { transformation: [-1f,5.959625528811121e-17f,1.0698543911324033e-16f,1f,0f,0.8736024067325188f,-0.4866403548321398f,-2.5304743498122297f,-1.2246467991473532e-16f,-0.4866403548321398f,-0.8736024067325188f,0.30940114182618267f,0f,0f,0f,1f], start_interpolation: 0, interpolation_duration: 1 }
$data merge entity $(bone_left_leg1) { transformation: [-1.3333333333333333f,8.025712281193448e-17f,1.4220123197131895e-16f,0.625f,0f,1.161161177821434f,-0.6553491412202492f,-1.125f,-1.6328623988631375e-16f,-0.6553491412202492f,-1.161161177821434f,-0.12499999999999993f,0f,0f,0f,1f], start_interpolation: 0, interpolation_duration: 1 }
$data merge entity $(bone_tail3) { transformation: [-0.5286816807196674f,-0.02542613291743695f,-0.8484392684431175f,-2.1617194260364054f,-0.015878984700950317f,0.9996725981368679f,-0.02006375785218445f,-1.5703280640245065f,0.8486716316198478f,0.002865012940448386f,-0.5289123305279964f,-2.6049293045635045f,0f,0f,0f,1f], start_interpolation: 0, interpolation_duration: 1 }
$data merge entity $(bone_tail2) { transformation: [-0.7121321161220249f,-0.3265956280763125f,-1.3277572278169365f,-0.5648989063137168f,0.30046894418852743f,1.423072134317931f,-0.5111948994435982f,-1.0973185315083764f,1.3339124311126682f,-0.4949112115929059f,-0.5936974228290397f,-1.7145179052982917f,0f,0f,0f,1f], start_interpolation: 0, interpolation_duration: 1 }
$data merge entity $(bone_tail1) { transformation: [-0.8922708290556195f,-0.14759013276738683f,-0.4266965201710724f,1.1102230246251565e-16f,0f,0.9450630751798048f,-0.3268880296549424f,-0.75f,0.4515005732182378f,-0.29167265322857344f,-0.8432522136005378f,-0.875f,0f,0f,0f,1f], start_interpolation: 0, interpolation_duration: 1 }
data modify entity @s data merge value {"locators":{"hitbox_head":{"posx":-0.3133231518302298,"posy":0.0617112464375158,"posz":3.2176693814858086,"roty":7.324097308385916,"rotx":-1.2086405773708542},"hitbox_neck":{"posx":-0.2006811438706213,"posy":-0.7716014565320273,"posz":2.241422503328228,"roty":7.324097308385916,"rotx":-1.2086405773708542},"hitbox_right_arm":{"posx":-1.2396690484743624,"posy":-2.8068384936963606,"posz":2.7184267870004746,"roty":7.324097308385916,"rotx":-1.2086405773708542},"hitbox_left_arm":{"posx":0.61972537042594,"posy":-2.8362105503470554,"posz":2.958040386886861,"roty":7.324097308385916,"rotx":-1.2086405773708542},"hitbox_tail1":{"posx":-0.940382057806683,"posy":-2.0419515339707472,"posz":-1.8466623096589634,"roty":294.0914743914518,"rotx":-19.365060288821322},"hitbox_tail2":{"posx":-2.605594715081523,"posy":-2.8936842128709994,"posz":-2.906202819969841,"roty":301.93918443734435,"rotx":-1.1496457873929946}},"cameras":{}}