# This file was generated by Animated Java via MC-Build. It is not recommended to edit this file directly.
$data merge entity $(bone_jaw) { transformation: [-0.9923714742538686f,0.009483515910533273f,0.12291834693477682f,-0.2763751843217303f,0.01811064770697445f,0.9974342470721185f,0.06925985278146324f,0.6941901108468718f,-0.12194614191042437f,0.07095763308940599f,-0.9899970468539347f,3.1451568951375473f,0f,0f,0f,1f], start_interpolation: 0, interpolation_duration: 1 }
$data merge entity $(bone_head) { transformation: [-1.1164179085356023f,0.023545746942461573f,0.13668083736176587f,-0.24600166490800457f,0.020374478670346256f,1.1244843211984685f,-0.027292709607712205f,0.6881250642673802f,-0.1371894096492274f,-0.02460912797603487f,-1.1163325923309575f,2.897082985730668f,0f,0f,0f,1f], start_interpolation: 0, interpolation_duration: 1 }
$data merge entity $(bone_neck) { transformation: [-0.9923714742538686f,0.02092955283774362f,0.12149407765490298f,0.3266603604234358f,0.01811064770697445f,0.9995416188430832f,-0.024260186317966406f,-0.4026546309902306f,-0.12194614191042437f,-0.021874780423142105f,-0.9922956376275177f,2.17505780531311f,0f,0f,0f,1f], start_interpolation: 0, interpolation_duration: 1 }
$data merge entity $(bone_right_arm2) { transformation: [-0.9923714742538686f,0.02092955283774362f,0.12149407765490298f,-1.0907167884401845f,0.01811064770697445f,0.9995416188430832f,-0.024260186317966406f,-1.8100447825454542f,-0.12194614191042437f,-0.021874780423142105f,-0.9922956376275177f,2.2248822890997033f,0f,0f,0f,1f], start_interpolation: 0, interpolation_duration: 1 }
$data merge entity $(bone_right_arm1) { transformation: [-1.1267551113924132f,0.023763763117854733f,0.13794640067067107f,-0.6696034862485661f,0.020563131250627236f,1.1348962130614173f,-0.027545419881857686f,-0.5204848633159388f,-0.1384596819607943f,-0.024836990272109262f,-1.1266690052229107f,1.5520765582724183f,0f,0f,0f,1f], start_interpolation: 0, interpolation_duration: 1 }
$data merge entity $(bone_left_arm2) { transformation: [-0.9923714742538686f,0.02092955283774362f,0.12149407765490298f,0.6459332915040858f,0.01811064770697445f,0.9995416188430832f,-0.024260186317966406f,-1.8417384160326595f,-0.12194614191042437f,-0.021874780423142105f,-0.9922956376275177f,2.4382880374429456f,0f,0f,0f,1f], start_interpolation: 0, interpolation_duration: 1 }
$data merge entity $(bone_left_arm1) { transformation: [-1.1267551113924132f,0.023763763117854733f,0.13794640067067107f,0.44681442228703616f,0.020563131250627236f,1.1348962130614173f,-0.027545419881857686f,-0.540859341986285f,-0.1384596819607943f,-0.024836990272109262f,-1.1266690052229107f,1.6892659679216457f,0f,0f,0f,1f], start_interpolation: 0, interpolation_duration: 1 }
$data merge entity $(bone_body2) { transformation: [-1.571254834235292f,0.033138458659760735f,0.1923656229535964f,0.4999999999999999f,0.028675192202709546f,1.5826075631682153f,-0.03841196167011348f,-0.5f,-0.19308139135817193f,-0.03463506900330834f,-1.5711347595769032f,0.75f,0f,0f,0f,1f], start_interpolation: 0, interpolation_duration: 1 }
$data merge entity $(bone_right_leg2) { transformation: [-1f,-4.770654277078489e-17f,1.1279044109975742e-16f,-0.9999999999999999f,0f,0.9210038451763114f,0.3895534843515701f,-2.287703102039615f,-1.2246467991473532e-16f,0.3895534843515701f,-0.9210038451763114f,-1.026212514619863f,0f,0f,0f,1f], start_interpolation: 0, interpolation_duration: 1 }
$data merge entity $(bone_right_leg1) { transformation: [-1.3333333333333333f,-7.033391414835041e-17f,1.4736192404004258e-16f,-0.625f,0f,1.203301426522665f,0.5743199933019023f,-1.125f,-1.6328623988631375e-16f,0.5743199933019023f,-1.203301426522665f,-0.12500000000000008f,0f,0f,0f,1f], start_interpolation: 0, interpolation_duration: 1 }
$data merge entity $(bone_left_leg2) { transformation: [-1f,5.131985600068238e-17f,1.1119294135280263e-16f,1f,0f,0.9079592698092175f,-0.41905842595933185f,-2.5590612547902856f,-1.2246467991473532e-16f,-0.41905842595933185f,-0.9079592698092175f,0.20291891910853732f,0f,0f,0f,1f], start_interpolation: 0, interpolation_duration: 1 }
$data merge entity $(bone_left_leg1) { transformation: [-1.3333333333333333f,6.938163864114287e-17f,1.4781266642504177e-16f,0.625f,0f,1.206982017410691f,-0.5665440736827065f,-1.125f,-1.6328623988631375e-16f,-0.5665440736827065f,-1.206982017410691f,-0.12499999999999993f,0f,0f,0f,1f], start_interpolation: 0, interpolation_duration: 1 }
$data merge entity $(bone_tail3) { transformation: [-0.6483474717546678f,-0.04185678068394946f,-0.76019311084757f,-1.949321708550337f,-0.030113130282854342f,0.9991161020537498f,-0.02932940506537876f,-1.4041094280030415f,0.7607488121935504f,0.0038761485648743377f,-0.6490348374458839f,-2.9390470425945114f,0f,0f,0f,1f], start_interpolation: 0, interpolation_duration: 1 }
$data merge entity $(bone_tail2) { transformation: [-0.9155648769271105f,-0.23221456968895304f,-1.2184225296967919f,-0.5134491472212936f,0.21198315855490715f,1.462832469382192f,-0.4380872266129136f,-1.0320248722996368f,1.2221048268203674f,-0.42770745990277476f,-0.8368167255241654f,-1.7701889156050243f,0f,0f,0f,1f], start_interpolation: 0, interpolation_duration: 1 }
$data merge entity $(bone_tail1) { transformation: [-0.9213211793237053f,-0.10320182525522667f,-0.37485552922901705f,1.1102230246251565e-16f,6.938893903907228e-18f,0.9641287094787938f,-0.26543517392906985f,-0.75f,0.388802372072981f,-0.24455104747832349f,-0.8882721996368443f,-0.875f,0f,0f,0f,1f], start_interpolation: 0, interpolation_duration: 1 }
data modify entity @s data merge value {"locators":{"hitbox_head":{"posx":-0.2970495346987515,"posy":0.0709928607148177,"posz":3.220847110253731,"roty":6.980402593166531,"rotx":-1.390142671917015},"hitbox_neck":{"posx":-0.1925607187245152,"posy":-0.7653948909131538,"posz":2.246324731720016,"roty":6.980402593166531,"rotx":-1.390142671917015},"hitbox_right_arm":{"posx":-1.2344165972462464,"posy":-2.7963243927478683,"posz":2.7352832544672028,"roty":6.980402593166531,"rotx":-1.390142671917015},"hitbox_left_arm":{"posx":0.6262799169797575,"posy":-2.830281857198446,"posz":2.963932270549248,"roty":6.980402593166531,"rotx":-1.390142671917015},"hitbox_tail1":{"posx":-0.8695954946487148,"posy":-1.9562241469930761,"posz":-2.0343796229931295,"roty":304.4814116266135,"rotx":-16.508924421258694},"hitbox_tail2":{"posx":-2.3219933087544113,"posy":-2.7319471022978634,"posz":-3.309216583649219,"roty":310.48991332704844,"rotx":-1.6806921437825058}},"cameras":{}}