# This file was generated by Animated Java via MC-Build. It is not recommended to edit this file directly.
$data merge entity $(bone_jaw) { transformation: [-0.9424336129934773f,0.13128949369851445f,-0.3075417921916443f,1.401730501758929f,0.01339225752441104f,0.9337819357146177f,0.35759186787658015f,0.08409646824431583f,0.33412502531007865f,0.3328879171394622f,-0.88178574613343f,3.3033547550214983f,0f,0f,0f,1f], start_interpolation: 0, interpolation_duration: 1 }
$data merge entity $(bone_head) { transformation: [-1.0602378146176619f,0.0924824580063983f,-0.3646474618256093f,1.3206977324643492f,0.01506628971496242f,1.1000386241627624f,0.23518722810629344f,0.13636029671238104f,0.3758906534738385f,0.2167648963997438f,-1.037951923896198f,3.0726987719334544f,0f,0f,0f,1f], start_interpolation: 0, interpolation_duration: 1 }
$data merge entity $(bone_neck) { transformation: [-0.9424336129934773f,0.08220662933902072f,-0.3241310771783194f,1.4412134950809938f,0.01339225752441104f,0.9778121103668999f,0.20905531387226084f,-0.7394037567934437f,0.33412502531007865f,0.19267990791088338f,-0.9226239323521761f,1.9512819120869584f,0f,0f,0f,1f], start_interpolation: 0, interpolation_duration: 1 }
$data merge entity $(bone_right_arm2) { transformation: [-0.9424336129934773f,0.08220662933902072f,-0.3241310771783194f,0.08796982451105523f,0.01339225752441104f,0.9778121103668999f,0.20905531387226084f,-2.165792182700846f,0.33412502531007865f,0.19267990791088338f,-0.9226239323521761f,2.306718441582455f,0f,0f,0f,1f], start_interpolation: 0, interpolation_duration: 1 }
$data merge entity $(bone_right_arm1) { transformation: [-1.0700548314196772f,0.0933387770620131f,-0.36802382721288346f,0.26753641401888695f,0.015205792397508366f,1.110224166979084f,0.23736488762579613f,-0.742873340033489f,0.37937112248748506f,0.2187719787738155f,-1.0475625898581997f,1.8208927968139688f,0f,0f,0f,1f], start_interpolation: 0, interpolation_duration: 1 }
$data merge entity $(bone_left_arm2) { transformation: [-0.9424336129934773f,0.08220662933902072f,-0.3241310771783194f,1.7372286472496403f,0.01339225752441104f,0.9778121103668999f,0.20905531387226084f,-2.1892286333685655f,0.33412502531007865f,0.19267990791088338f,-0.9226239323521761f,1.7219996472898171f,0f,0f,0f,1f], start_interpolation: 0, interpolation_duration: 1 }
$data merge entity $(bone_left_arm1) { transformation: [-1.0700548314196772f,0.0933387770620131f,-0.36802382721288346f,1.3277742286365488f,0.015205792397508366f,1.110224166979084f,0.23736488762579613f,-0.7579396297484515f,0.37937112248748506f,0.2187719787738155f,-1.0475625898581997f,1.44500214334013f,0f,0f,0f,1f], start_interpolation: 0, interpolation_duration: 1 }
$data merge entity $(bone_body2) { transformation: [-1.4921865539063393f,0.1301604964534495f,-0.5132075388656724f,0.9701371573034708f,0.02120440774698415f,1.548202508080925f,0.33100424696441305f,-0.5f,0.5290312900742913f,0.3050765208588987f,-1.460821226224279f,0.6129675150862752f,0f,0f,0f,1f], start_interpolation: 0, interpolation_duration: 1 }
$data merge entity $(bone_right_leg2) { transformation: [-0.9353108659198208f,0.041717534044586016f,-0.3513591203392247f,-0.8468166373422688f,0f,0.9930250285762302f,0.11790374303293744f,-2.589999080270755f,0.3538270539293385f,0.11027665199132478f,-0.9287870993576889f,0.4872203585108734f,0f,0f,0f,1f], start_interpolation: 0, interpolation_duration: 1 }
$data merge entity $(bone_right_leg1) { transformation: [-1.247081154559761f,-0.05794690784121882f,-0.4681971033563881f,-0.44881537653949655f,0f,1.3232371526058888f,-0.16377184050146484f,-1.125f,0.471769405239118f,-0.15317758195270786f,-1.2376380870210921f,0.4794620593901768f,0f,0f,0f,1f], start_interpolation: 0, interpolation_duration: 1 }
$data merge entity $(bone_left_leg2) { transformation: [-0.6087614290087208f,-0.6521521731088438f,-0.45178209975681105f,1.8713145473906656f,0f,0.5694588738870937f,-0.8220198239405443f,-1.7984477054335704f,0.7933533402912352f,-0.5004139626955428f,-0.3466645978292041f,0.3065124276984562f,0f,0f,0f,1f], start_interpolation: 0, interpolation_duration: 1 }
$data merge entity $(bone_left_leg1) { transformation: [-0.811681905344961f,-1.0218561459892757f,-0.2734232601979866f,0.6054239307266107f,0f,0.34464247682831284f,-1.2880214831063275f,-1.125f,1.0578044537216469f,-0.7840977986497399f,-0.2098050466911086f,-0.19216245104335292f,0f,0f,0f,1f], start_interpolation: 0, interpolation_duration: 1 }
$data merge entity $(bone_tail3) { transformation: [-0.3109015435261811f,-0.06712748573667954f,-0.948068631952197f,-2.9494172340595606f,-0.14560950104823273f,0.9890911889217596f,-0.02228212740795915f,-1.753579521673685f,0.9392220735467852f,0.13112025265385852f,-0.3172843770286611f,-1.3811272062909663f,0f,0f,0f,1f], start_interpolation: 0, interpolation_duration: 1 }
$data merge entity $(bone_tail2) { transformation: [-0.39093772093476287f,-0.5640486188183066f,-1.3804901177011755f,-1.2335399119398036f,0.1666811090189956f,1.401667948284447f,-0.6199036068288173f,-1.1566011468879078f,1.4819315832242872f,-0.30645102295854665f,-0.2944531614385032f,-0.8655808112174808f,0f,0f,0f,1f], start_interpolation: 0, interpolation_duration: 1 }
$data merge entity $(bone_tail1) { transformation: [-0.5000000000000002f,-0.3314135740355917f,-0.8001031451912656f,-0.32093032017408407f,0f,0.9238795325112867f,-0.3826834323650897f,-0.75f,0.8660254037844386f,-0.19134171618254492f,-0.46193976625564365f,-0.4830229850439142f,0f,0f,0f,1f], start_interpolation: 0, interpolation_duration: 1 }
data modify entity @s data merge value {"locators":{"hitbox_head":{"posx":1.3706095507456861,"posy":-0.5401020578520129,"posz":3.240593808349207,"roty":340.64289014431915,"rotx":12.066996978002933},"hitbox_neck":{"posx":0.9796855872294123,"posy":-1.1255190836528581,"posz":2.1614174508194384,"roty":340.64289014431915,"rotx":12.066996978002933},"hitbox_right_arm":{"posx":0.10892663294910188,"posy":-3.247294933908601,"posz":2.59623331392954,"roty":340.64289014431915,"rotx":12.066996978002933},"hitbox_left_arm":{"posx":1.8759896573118717,"posy":-3.2724054167668717,"posz":1.9697488914731418,"roty":340.64289014431915,"rotx":12.066996978002933},"hitbox_tail1":{"posx":-1.5430641995218466,"posy":-2.128451847127165,"posz":-0.9679633382486788,"roty":282.04053480645246,"rotx":-23.70950269862218},"hitbox_tail2":{"posx":-3.3946010145032797,"posy":-3.0642954038004717,"posz":-1.7316949999777775,"roty":288.503535377252,"rotx":-1.2767775258086373}},"cameras":{}}