# This file was generated by Animated Java via MC-Build. It is not recommended to edit this file directly.
$data merge entity $(bone_jaw) { transformation: [-0.9952284360949605f,0.010898454498490702f,0.09696176399758599f,-0.21834882581397438f,0.015352672314456348f,0.9988549458045668f,0.04531106591728985f,0.6826015872620597f,-0.09635691693274627f,0.04658348346034664f,-0.9942561659994447f,3.1688950887247964f,0f,0f,0f,1f], start_interpolation: 0, interpolation_duration: 1 }
$data merge entity $(bone_head) { transformation: [-1.1196319906068306f,0.019368813208438796f,0.10804653943871978f,-0.1943384837164811f,0.017271756353763393f,1.1246397819658231f,-0.022628461112553806f,0.6775730403481588f,-0.10840153154933956f,-0.020861684849568907f,-1.1195708544183323f,2.9201015655207225f,0f,0f,0f,1f], start_interpolation: 0, interpolation_duration: 1 }
$data merge entity $(bone_neck) { transformation: [-0.9952284360949605f,0.017216722851945598f,0.09604136838997314f,0.3630165781176601f,0.015352672314456348f,0.9996798061918427f,-0.020114187655603383f,-0.40860586735807997f,-0.09635691693274627f,-0.018543719866283472f,-0.9951740928162954f,2.1794037759317817f,0f,0f,0f,1f], start_interpolation: 0, interpolation_duration: 1 }
$data merge entity $(bone_right_arm2) { transformation: [-0.9952284360949605f,0.017216722851945598f,0.09604136838997314f,-1.0481793171857021f,0.015352672314456348f,0.9996798061918427f,-0.020114187655603383f,-1.8207642541410507f,-0.09635691693274627f,-0.018543719866283472f,-0.9951740928162954f,2.2601647548600936f,0f,0f,0f,1f], start_interpolation: 0, interpolation_duration: 1 }
$data merge entity $(bone_right_arm1) { transformation: [-1.1299989534828196f,0.019548154071479897f,0.10904697035944866f,-0.6485450413947419f,0.017431680023705643f,1.1350531132803212f,-0.022837983900633005f,-0.5273107226257521f,-0.10940524943405565f,-0.021054848598176024f,-1.129937251218502f,1.5817554702658767f,0f,0f,0f,1f], start_interpolation: 0, interpolation_duration: 1 }
$data merge entity $(bone_left_arm2) { transformation: [-0.9952284360949605f,0.017216722851945598f,0.09604136838997314f,0.6934704459804786f,0.015352672314456348f,0.9996798061918427f,-0.020114187655603383f,-1.8476314306913495f,-0.09635691693274627f,-0.018543719866283472f,-0.9951740928162954f,2.4287893594923995f,0f,0f,0f,1f], start_interpolation: 0, interpolation_duration: 1 }
$data merge entity $(bone_left_arm1) { transformation: [-1.1299989534828196f,0.019548154071479897f,0.10904697035944866f,0.4710869492120885f,0.017431680023705643f,1.1350531132803212f,-0.022837983900633005f,-0.5445824789795155f,-0.10940524943405565f,-0.021054848598176024f,-1.129937251218502f,1.6901570018152163f,0f,0f,0f,1f], start_interpolation: 0, interpolation_duration: 1 }
$data merge entity $(bone_body2) { transformation: [-1.5757783571503543f,0.0272598111822472f,0.15206549995079083f,0.4999999999999999f,0.02430839783122255f,1.582826359803751f,-0.03184746378803869f,-0.5f,-0.15256511847684828f,-0.029360889788282166f,-1.5756923136258012f,0.75f,0f,0f,0f,1f], start_interpolation: 0, interpolation_duration: 1 }
$data merge entity $(bone_right_leg2) { transformation: [-1f,-3.5869077442077775e-17f,1.1709400971045786e-16f,-0.9999999999999999f,0f,0.9561451497034351f,0.2928932445424365f,-2.3795188552103803f,-1.2246467991473532e-16f,0.2928932445424365f,-0.9561451497034351f,-0.8932740018519675f,0f,0f,0f,1f], start_interpolation: 0, interpolation_duration: 1 }
$data merge entity $(bone_right_leg1) { transformation: [-1.3333333333333333f,-5.374985832554219e-17f,1.5418608518992542e-16f,-0.625f,0f,1.259024931084422f,0.4389009007573852f,-1.125f,-1.6328623988631375e-16f,0.4389009007573852f,-1.259024931084422f,-0.12500000000000008f,0f,0f,0f,1f], start_interpolation: 0, interpolation_duration: 1 }
$data merge entity $(bone_left_leg2) { transformation: [-1f,3.904858841501074e-17f,1.1607241519591838e-16f,1f,0f,0.9478031974340072f,-0.31885592190497614f,-2.586203345908391f,-1.2246467991473532e-16f,-0.31885592190497614f,-0.9478031974340072f,0.045139007597088346f,0f,0f,0f,1f], start_interpolation: 0, interpolation_duration: 1 }
$data merge entity $(bone_left_leg1) { transformation: [-1.3333333333333333f,5.2908108387272543e-17f,1.5447695039419772e-16f,0.625f,0f,1.2614000257196651f,-0.4320274908986757f,-1.125f,-1.6328623988631375e-16f,-0.4320274908986757f,-1.2614000257196651f,-0.12499999999999993f,0f,0f,0f,1f], start_interpolation: 0, interpolation_duration: 1 }
$data merge entity $(bone_tail3) { transformation: [-0.7965645709542601f,-0.053257849174560404f,-0.6022030270612686f,-1.553466537772124f,-0.041880963203742565f,0.9985802951060855f,-0.03291472538196141f,-1.200234520755635f,0.6031010439566343f,-0.000997861284424001f,-0.7976641743561478f,-3.3300228494464807f,0f,0f,0f,1f], start_interpolation: 0, interpolation_duration: 1 }
$data merge entity $(bone_tail2) { transformation: [-1.1735870811431082f,-0.13222541375550212f,-0.9909318412697696f,-0.427353403296176f,0.11962852021438501f,1.4985680932181762f,-0.3416413298341799f,-0.9572834671421363f,0.9925313552913211f,-0.336966201653425f,-1.1305181992422535f,-1.8336103916298376f,0f,0f,0f,1f], start_interpolation: 0, interpolation_duration: 1 }
$data merge entity $(bone_tail1) { transformation: [-0.9553428528766161f,-0.05764911867461706f,-0.28982169099915206f,1.1102230246251565e-16f,-3.469446951953614e-18f,0.9807852804032304f,-0.19509032201612828f,-0.75f,0.2954996335997188f,-0.1863781448035057f,-0.9369862078398141f,-0.875f,0f,0f,0f,1f], start_interpolation: 0, interpolation_duration: 1 }
data modify entity @s data merge value {"locators":{"hitbox_head":{"posx":-0.23511186312081372,"posy":0.059058845120633086,"posz":3.242683294442242,"roty":5.512378574231093,"rotx":-1.1525357855034088},"hitbox_neck":{"posx":-0.1530590820480464,"posy":-0.7732951850658424,"posz":2.262575974017302,"roty":5.512378574231093,"rotx":-1.1525357855034088},"hitbox_right_arm":{"posx":-1.1756185014885694,"posy":-2.8094274244854383,"posz":2.7702732138262283,"roty":5.512378574231093,"rotx":-1.1525357855034088},"hitbox_left_arm":{"posx":0.6904348161894814,"posy":-2.838213685075044,"posz":2.9509424330751273,"roty":5.512378574231093,"rotx":-1.1525357855034088},"hitbox_tail1":{"posx":-0.7097738543751716,"posy":-1.848369769326847,"posz":-2.254306411186851,"roty":318.76449945094214,"rotx":-12.803330852931476},"hitbox_tail2":{"posx":-1.8223048134524769,"posy":-2.5293856911097254,"posz":-3.7773992545860073,"roty":322.94872468150857,"rotx":-1.8862155339166913}},"cameras":{}}