# This file was generated by Animated Java via MC-Build. It is not recommended to edit this file directly.
$data merge entity $(bone_jaw) { transformation: [-0.996270043036901f,0.010296468520166564f,0.08567370707086655f,-0.1934572471861252f,0.01369332385201722f,0.999139278691947f,0.03915602963554507f,0.6759861720795592f,-0.08519679705913366f,0.040183137146682896f,-0.995553525060263f,3.179361761739636f,0f,0f,0f,1f], start_interpolation: 0, interpolation_duration: 1 }
$data merge entity $(bone_head) { transformation: [-1.1208037984165136f,0.017049963388102957f,0.09556748507509989f,-0.17222002828054744f,0.015404989333519371f,1.124716888383623f,-0.01999017979646743f,0.6715439099025665f,-0.09584639669152537f,-0.018606980763285826f,-1.1207552134646197f,2.930305047636387f,0f,0f,0f,1f], start_interpolation: 0, interpolation_duration: 1 }
$data merge entity $(bone_neck) { transformation: [-0.996270043036901f,0.015155523011647073f,0.08494887562231102f,0.37883321148115573f,0.01369332385201722f,0.9997483452298871f,-0.01776904870797105f,-0.4119727209054237f,-0.08519679705913366f,-0.01653953845625407f,-0.9962268564129954f,2.181042384940165f,0f,0f,0f,1f], start_interpolation: 0, interpolation_duration: 1 }
$data merge entity $(bone_right_arm2) { transformation: [-0.996270043036901f,0.015155523011647073f,0.08494887562231102f,-1.028752076203009f,0.01369332385201722f,0.9997483452298871f,-0.01776904870797105f,-1.8269509502441181f,-0.08519679705913366f,-0.01653953845625407f,-0.9962268564129954f,2.274464911092158f,0f,0f,0f,1f], start_interpolation: 0, interpolation_duration: 1 }
$data merge entity $(bone_right_arm1) { transformation: [-1.1311816113648145f,0.017207833419474277f,0.09645236919616562f,-0.6391237118108518f,0.015547628123644549f,1.1351309336464341f,-0.020175274053842125f,-0.5312766318203768f,-0.096733863327558f,-0.018779267622205137f,-1.131132576552255f,1.5944748021653696f,0f,0f,0f,1f], start_interpolation: 0, interpolation_duration: 1 }
$data merge entity $(bone_left_arm2) { transformation: [-0.996270043036901f,0.015155523011647073f,0.08494887562231102f,0.7147204991115677f,0.01369332385201722f,0.9997483452298871f,-0.01776904870797105f,-1.8509142669851482f,-0.08519679705913366f,-0.01653953845625407f,-0.9962268564129954f,2.423559305945642f,0f,0f,0f,1f], start_interpolation: 0, interpolation_duration: 1 }
$data merge entity $(bone_left_arm1) { transformation: [-1.1311816113648145f,0.017207833419474277f,0.09645236919616562f,0.4816800866056617f,0.015547628123644549f,1.1351309336464341f,-0.020175274053842125f,-0.5466816211538962f,-0.096733863327558f,-0.018779267622205137f,-1.131132576552255f,1.690321198856895f,0f,0f,0f,1f], start_interpolation: 0, interpolation_duration: 1 }
$data merge entity $(bone_body2) { transformation: [-1.5774275681417602f,0.0239962447684412f,0.13450238640199244f,0.4999999999999999f,0.021681096099027266f,1.5829348799473213f,-0.028134327120954164f,-0.5f,-0.13489492867696165f,-0.02618760255573561f,-1.577359189320576f,0.75f,0f,0f,0f,1f], start_interpolation: 0, interpolation_duration: 1 }
$data merge entity $(bone_right_leg2) { transformation: [-1f,-3.1569395137206366e-17f,1.1832569931037597e-16f,-0.9999999999999999f,0f,0.9662026585359871f,0.2577836741106595f,-2.4097295076015577f,-1.2246467991473532e-16f,0.2577836741106595f,-0.9662026585359871f,-0.841611884005463f,0f,0f,0f,1f], start_interpolation: 0, interpolation_duration: 1 }
$data merge entity $(bone_right_leg1) { transformation: [-1.3333333333333333f,-4.743400800280186e-17f,1.5624471517782908e-16f,-0.625f,0f,1.275834920620482f,0.3873280690875709f,-1.125f,-1.6328623988631375e-16f,0.3873280690875709f,-1.275834920620482f,-0.12500000000000008f,0f,0f,0f,1f], start_interpolation: 0, interpolation_duration: 1 }
$data merge entity $(bone_left_leg2) { transformation: [-1f,3.443490141831053e-17f,1.1752376521763509e-16f,1f,0f,0.9596543697289677f,-0.281182308583058f,-2.5918484046172567f,-1.2246467991473532e-16f,-0.281182308583058f,-0.9596543697289677f,-0.01356276263380872f,0f,0f,0f,1f], start_interpolation: 0, interpolation_duration: 1 }
$data merge entity $(bone_left_leg1) { transformation: [-1.3333333333333333f,4.6674156079172904e-17f,1.564733820510946e-16f,0.625f,0f,1.277702127340205f,-0.38112340726868565f,-1.125f,-1.6328623988631375e-16f,-0.38112340726868565f,-1.277702127340205f,-0.12499999999999993f,0f,0f,0f,1f], start_interpolation: 0, interpolation_duration: 1 }
$data merge entity $(bone_tail3) { transformation: [-0.8421048677548001f,-0.053649902573170566f,-0.5366386863221472f,-1.3871729952022316f,-0.0432811679429411f,0.9985531485832156f,-0.031911595949454696f,-1.1262399544612063f,0.5375743038921834f,-0.0036465611794719854f,-0.8432084975771998f,-3.447170306835499f,0f,0f,0f,1f], start_interpolation: 0, interpolation_duration: 1 }
$data merge entity $(bone_tail2) { transformation: [-1.2542775448988825f,-0.10274286346786932f,-0.8904874257843085f,-0.39335017327783556f,0.09270597414574862f,1.5084260737804367f,-0.30461860318787937f,-0.9316983940860751f,0.8915882198813697f,-0.3013814776273911f,-1.2210551839384702f,-1.8531577504517551f,0f,0f,0f,1f], start_interpolation: 0, interpolation_duration: 1 }
$data merge entity $(bone_tail1) { transformation: [-0.9654839966136398f,-0.04454173785925888f,-0.256625575248123f,1.1102230246251565e-16f,0f,0.985269249129806f,-0.17101025325748248f,-0.75f,0.260462381704063f,-0.16510766277694489f,-0.9512616923903651f,-0.875f,0f,0f,0f,1f], start_interpolation: 0, interpolation_duration: 1 }
data modify entity @s data merge value {"locators":{"hitbox_head":{"posx":-0.20823875379479906,"posy":0.05225402185512806,"posz":3.2519631518006067,"roty":4.873856380722515,"rotx":-1.018145079756799},"hitbox_neck":{"posx":-0.1356037406194514,"posy":-0.7778105573521263,"posz":2.2691746703833178,"roty":4.873856380722515,"rotx":-1.018145079756799},"hitbox_right_arm":{"posx":-1.1486489147156178,"posy":-2.8169589383792686,"posz":2.7837930779387143,"roty":4.873856380722515,"rotx":-1.018145079756799},"hitbox_left_arm":{"posx":0.7193574159785714,"posy":-2.8426339206018008,"posz":2.94353707242459,"roty":4.873856380722515,"rotx":-1.018145079756799},"hitbox_tail1":{"posx":-0.6387782367460192,"posy":-1.8088874266018893,"posz":-2.3233552801094803,"roty":323.8975900955329,"rotx":-11.396090083230327},"hitbox_tail2":{"posx":-1.618616759131153,"posy":-2.454791234698245,"posz":-3.9166889751746172,"roty":327.5263189270613,"rotx":-1.8287102328623948}},"cameras":{}}