# This file was generated by Animated Java via MC-Build. It is not recommended to edit this file directly.
$data merge entity $(bone_jaw) { transformation: [-0.9972360581931097f,0.009304676543928673f,0.07371341284923376f,-0.1670389660266548f,0.011814253031031228f,0.9993627533019712f,0.033682498987191625f,0.6686399238136564f,-0.07335303446202812f,0.0344602714312621f,-0.9967105006109328f,3.190279645096213f,0f,0f,0f,1f], start_interpolation: 0, interpolation_duration: 1 }
$data merge entity $(bone_head) { transformation: [-1.1218905654672484f,0.01450625769741028f,0.08231723758237955f,-0.14874624656390378f,0.013291034659910132f,1.124791912968871f,-0.017073397948171472f,0.6648458353807295f,-0.08252216376978164f,-0.0160536913961831f,-1.1218544341755348f,2.9409786597238723f,0f,0f,0f,1f], start_interpolation: 0, interpolation_duration: 1 }
$data merge entity $(bone_neck) { transformation: [-0.9972360581931097f,0.012894451286586915f,0.07317087785100404f,0.39562276629459325f,0.011814253031031228f,0.9998150337501076f,-0.015176353731707976f,-0.41569555190128804f,-0.07335303446202812f,-0.01426994790771831f,-0.9972039414893643f,2.182588794146729f,0f,0f,0f,1f], start_interpolation: 0, interpolation_duration: 1 }
$data merge entity $(bone_right_arm2) { transformation: [-0.9972360581931097f,0.012894451286586915f,0.07317087785100404f,-1.0078321270424646f,0.011814253031031228f,0.9998150337501076f,-0.015176353731707976f,-1.8338394986747044f,-0.07335303446202812f,-0.01426994790771831f,-0.9972039414893643f,2.289217160908041f,0f,0f,0f,1f], start_interpolation: 0, interpolation_duration: 1 }
$data merge entity $(bone_right_arm1) { transformation: [-1.1322784410734266f,0.014640574898312225f,0.08307943422666082f,-0.6289669130209071f,0.01341409979565004f,1.1352066529037679f,-0.017231484966210096f,-0.5357079641404349f,-0.08328625787876108f,-0.016202336686888495f,-1.1322419752327155f,1.6078329677746066f,0f,0f,0f,1f], start_interpolation: 0, interpolation_duration: 1 }
$data merge entity $(bone_left_arm2) { transformation: [-0.9972360581931097f,0.012894451286586915f,0.07317087785100404f,0.7373309747954775f,0.011814253031031228f,0.9998150337501076f,-0.015176353731707976f,-1.8545144414790093f,-0.07335303446202812f,-0.01426994790771831f,-0.9972039414893643f,2.41758497121659f,0f,0f,0f,1f], start_interpolation: 0, interpolation_duration: 1 }
$data merge entity $(bone_left_arm1) { transformation: [-1.1322784410734266f,0.014640574898312225f,0.08307943422666082f,0.4929236524463413f,0.01341409979565004f,1.1352066529037679f,-0.017231484966210096f,-0.548998998800345f,-0.08328625787876108f,-0.016202336686888495f,-1.1322419752327155f,1.690355131544388f,0f,0f,0f,1f], start_interpolation: 0, interpolation_duration: 1 }
$data merge entity $(bone_body2) { transformation: [-1.5789570921390905f,0.02041621453709595f,0.1158538899307564f,0.4999999999999999f,0.01870590063246611f,1.5830404701043372f,-0.024029226741870965f,-0.5f,-0.11614230456487787f,-0.02259408418722066f,-1.5789062406914935f,0.75f,0f,0f,0f,1f], start_interpolation: 0, interpolation_duration: 1 }
$data merge entity $(bone_right_leg2) { transformation: [-1f,-2.7215231060576575e-17f,1.1940238282772252e-16f,-0.9999999999999999f,0f,0.9749944466507005f,0.22222922625139657f,-2.438237157016083f,-1.2246467991473532e-16f,0.22222922625139657f,-0.9749944466507005f,-0.7879258400698499f,0f,0f,0f,1f], start_interpolation: 0, interpolation_duration: 1 }
$data merge entity $(bone_right_leg1) { transformation: [-1.3333333333333333f,-4.093878905341031e-17f,1.5807090714945357e-16f,-0.625f,0f,1.2907469097172237f,0.3342905814306091f,-1.125f,-1.6328623988631375e-16f,0.3342905814306091f,-1.2907469097172237f,-0.12500000000000008f,0f,0f,0f,1f], start_interpolation: 0, interpolation_duration: 1 }
$data merge entity $(bone_left_leg2) { transformation: [-1f,2.9709837146920587e-17f,1.188062431159324e-16f,1f,0f,0.9701265964901058f,-0.24259923079540757f,-2.595165452285622f,-1.2246467991473532e-16f,-0.24259923079540757f,-0.9701265964901058f,-0.07326951666750962f,0f,0f,0f,1f], start_interpolation: 0, interpolation_duration: 1 }
$data merge entity $(bone_left_leg1) { transformation: [-1.3333333333333333f,4.0276305967430354e-17f,1.5824100389541497e-16f,0.625f,0f,1.2921358550529713f,-0.32888099650831804f,-1.125f,-1.6328623988631375e-16f,-0.32888099650831804f,-1.2921358550529713f,-0.12499999999999993f,0f,0f,0f,1f], start_interpolation: 0, interpolation_duration: 1 }
$data merge entity $(bone_tail3) { transformation: [-0.8828022205604997f,-0.05198736641716878f,-0.46685924335548684f,-1.209372746411072f,-0.043025259032423976f,0.9986281208790871f,-0.029844652363465896f,-1.0508979058319659f,0.46777031378513484f,-0.0062601855012725666f,-0.8838278925327296f,-3.5504214384163544f,0f,0f,0f,1f], start_interpolation: 0, interpolation_duration: 1 }
$data merge entity $(bone_tail2) { transformation: [-1.3270258114028972f,-0.07660467820459568f,-0.7809419506331844f,-0.35785838435146944f,0.06895722850808955f,1.5169821885264718f,-0.26598129904380347f,-0.9063138438285524f,0.7816543402413089f,-0.2638804162527345f,-1.3023516151221677f,-1.871009341812063f,0f,0f,0f,1f], start_interpolation: 0, interpolation_duration: 1 }
$data merge entity $(bone_tail1) { transformation: [-0.9744485281527048f,-0.03304451433324682f,-0.22216688784224137f,1.1102230246251565e-16f,-3.469446951953614e-18f,0.9891188127719618f,-0.14711891183863754f,-0.75f,0.22461092133070293f,-0.14335980710458787f,-0.963845371273789f,-0.875f,0f,0f,0f,1f], start_interpolation: 0, interpolation_duration: 1 }
data modify entity @s data merge value {"locators":{"hitbox_head":{"posx":-0.17967117794645937,"posy":0.04470404982807097,"posz":3.2615236088816224,"roty":4.196616692706499,"rotx":-0.8695743997138963},"hitbox_neck":{"posx":-0.11697704176580714,"posy":-0.7828220188255993,"posz":2.2759140000672797,"roty":4.196616692706499,"rotx":-0.8695743997138963},"hitbox_right_arm":{"posx":-1.119639270891623,"posy":-2.8253279647445186,"posz":2.7975045149065645,"roty":4.196616692706499,"rotx":-0.8695743997138963},"hitbox_left_arm":{"posx":0.7501783382204579,"posy":-2.8474796891777023,"posz":2.9350414545228674,"roty":4.196616692706499,"rotx":-0.8695743997138963},"hitbox_tail1":{"posx":-0.5612524530962297,"posy":-1.7685095874291883,"posz":-2.3867908871550485,"roty":329.0514179677811,"rotx":-9.934858825194574},"hitbox_tail2":{"posx":-1.4037476523759993,"posy":-2.3783849314402175,"posz":-4.039358134495594,"roty":332.15590366435003,"rotx":-1.7102265696304453}},"cameras":{}}