# This file was generated by Animated Java via MC-Build. It is not recommended to edit this file directly.
$data merge entity $(bone_jaw) { transformation: [-0.9987615628936052f,0.006560882127277709f,0.04931830605399006f,-0.11278236189276947f,0.007764756915621634f,0.9996755646874378f,0.024258481339391784f,0.653224442024549f,-0.04914314841729589f,0.024611383393955764f,-0.9984884730286431f,3.2117465676365398f,0f,0f,0f,1f], start_interpolation: 0, interpolation_duration: 1 }
$data merge entity $(bone_head) { transformation: [-1.1236067582553058f,0.009264660772544609f,0.05519980854833015f,-0.10051573777091832f,0.00873535153007434f,1.1249123697518926f,-0.01099336221668039f,0.6507814726430644f,-0.055286041969457876f,-0.010551134533820578f,-1.123591174370554f,2.962059639998639f,0f,0f,0f,1f], start_interpolation: 0, interpolation_duration: 1 }
$data merge entity $(bone_neck) { transformation: [-0.9987615628936052f,0.008235254020039653f,0.049066496487404576f,0.4299816146756083f,0.007764756915621634f,0.9999221064461268f,-0.009771877525938125f,-0.423457794403581f,-0.04914314841729589f,-0.009378786252284959f,-0.9987477105516035f,2.185113659777162f,0f,0f,0f,1f], start_interpolation: 0, interpolation_duration: 1 }
$data merge entity $(bone_right_arm2) { transformation: [-0.9987615628936052f,0.008235254020039653f,0.049066496487404576f,-0.964353680048294f,0.007764756915621634f,0.9999221064461268f,-0.009771877525938125f,-1.848337054624795f,-0.04914314841729589f,-0.009378786252284959f,-0.9987477105516035f,2.3182890316694653f,0f,0f,0f,1f], start_interpolation: 0, interpolation_duration: 1 }
$data merge entity $(bone_right_arm1) { transformation: [-1.1340105245354475f,0.009350444668586689f,0.0557109178867406f,-0.6076987044076497f,0.008816234414612063f,1.135328225027373f,-0.011095152607575577f,-0.545083942249468f,-0.055797949765471366f,-0.010648830223948545f,-1.1339947963554664f,1.634697557589519f,0f,0f,0f,1f], start_interpolation: 0, interpolation_duration: 1 }
$data merge entity $(bone_left_arm2) { transformation: [-0.9987615628936052f,0.008235254020039653f,0.049066496487404576f,0.7834790550155148f,0.007764756915621634f,0.9999221064461268f,-0.009771877525938125f,-1.861925379227133f,-0.04914314841729589f,-0.009378786252284959f,-0.9987477105516035f,2.4042895413997334f,0f,0f,0f,1f], start_interpolation: 0, interpolation_duration: 1 }
$data merge entity $(bone_left_arm1) { transformation: [-1.1340105245354475f,0.009350444668586689f,0.0557109178867406f,0.5159080538476559f,0.008816234414612063f,1.135328225027373f,-0.011095152607575577f,-0.5538192937795423f,-0.055797949765471366f,-0.010648830223948545f,-1.1339947963554664f,1.6899835995589771f,0f,0f,0f,1f], start_interpolation: 0, interpolation_duration: 1 }
$data merge entity $(bone_body2) { transformation: [-1.5813724745815416f,0.013039152198396119f,0.07768861943839059f,0.4999999999999999f,0.012294198449734256f,1.5832100018730342f,-0.0154721394160687f,-0.5f,-0.07780998499405184f,-0.014849744899451185f,-1.5813505417067057f,0.75f,0f,0f,0f,1f], start_interpolation: 0, interpolation_duration: 1 }
$data merge entity $(bone_right_leg2) { transformation: [-1f,-1.8658788625551812e-17f,1.2103490171700706e-16f,-0.9999999999999999f,0f,0.9883249750154595f,0.15236057154228294f,-2.487693495026124f,-1.2246467991473532e-16f,0.15236057154228294f,-0.9883249750154595f,-0.6791921495415537f,0f,0f,0f,1f], start_interpolation: 0, interpolation_duration: 1 }
$data merge entity $(bone_right_leg1) { transformation: [-1.3333333333333333f,-2.797890014962503e-17f,1.6087130658581757e-16f,-0.625f,0f,1.3136139064571306f,0.22846505759134006f,-1.125f,-1.6328623988631375e-16f,0.22846505759134006f,-1.3136139064571306f,-0.12500000000000008f,0f,0f,0f,1f], start_interpolation: 0, interpolation_duration: 1 }
$data merge entity $(bone_left_leg2) { transformation: [-1f,2.032053417342553e-17f,1.2076702247519898e-16f,1f,0f,0.9861375750075998f,-0.16592975368549917f,-2.594611703931208f,-1.2246467991473532e-16f,-0.16592975368549917f,-0.9861375750075998f,-0.19060441805557482f,0f,0f,0f,1f], start_interpolation: 0, interpolation_duration: 1 }
$data merge entity $(bone_left_leg1) { transformation: [-1.3333333333333333f,2.7536576895944017e-17f,1.6094760970286126e-16f,0.625f,0f,1.3142369686910484f,-0.22485321412766568f,-1.125f,-1.6328623988631375e-16f,-0.22485321412766568f,-1.3142369686910484f,-0.12499999999999993f,0f,0f,0f,1f], start_interpolation: 0, interpolation_duration: 1 }
$data merge entity $(bone_tail3) { transformation: [-0.9456607775271024f,-0.042947310478022305f,-0.3223061004224714f,-0.838867462205126f,-0.03746348052005098f,0.9990286270546639f,-0.023201076539613535f,-0.9014490581595238f,0.32298944483397535f,-0.009865639765245904f,-0.9463511439618293f,-3.705483828966174f,0f,0f,0f,1f], start_interpolation: 0, interpolation_duration: 1 }
$data merge entity $(bone_tail2) { transformation: [-1.4408206090738196f,-0.036257708491404715f,-0.5472270663574766f,-0.2857346014733337f,0.03251927423986149f,1.5299388830957543f,-0.18699096744425664f,-0.8574645613005984f,0.5474619442318988f,-0.18630218377082616f,-1.4290951777440022f,-1.9003479192865926f,0f,0f,0f,1f], start_interpolation: 0, interpolation_duration: 1 }
$data merge entity $(bone_tail1) { transformation: [-0.9881548396916261f,-0.015521436236048765f,-0.15267317318765228f,1.1102230246251565e-16f,0f,0.9948718862149959f,-0.10114311651821034f,-0.75f,0.15346013421738103f,-0.09994506008896362f,-0.983087469236485f,-0.875f,0f,0f,0f,1f], start_interpolation: 0, interpolation_duration: 1 }
data modify entity @s data merge value {"locators":{"hitbox_head":{"posx":-0.12099605168575703,"posy":0.02888386784109087,"posz":3.2800300409536933,"roty":2.8125668299471727,"rotx":-0.5598962511067023},"hitbox_neck":{"posx":-0.0786206990896347,"posy":-0.7933247211723254,"posz":2.2889025942320713,"roty":2.8125668299471727,"rotx":-0.5598962511067023},"hitbox_right_arm":{"posx":-1.0595447799928863,"posy":-2.8428879250007264,"posz":2.823970226421471,"roty":2.8125668299471727,"rotx":-0.5598962511067023},"hitbox_left_arm":{"posx":0.8131331504326232,"posy":-2.857446844217517,"posz":2.916113629703901,"roty":2.8125668299471727,"rotx":-0.5598962511067023},"hitbox_tail1":{"posx":-0.39530611538770183,"posy":-1.6877837148485282,"posz":-2.4914024316540755,"roty":339.0472295559946,"rotx":-6.966641007692742},"hitbox_tail2":{"posx":-0.9637962986903619,"posy":-2.2257247367223028,"posz":-4.224857695252818,"roty":341.1923018352185,"rotx":-1.32944305504873}},"cameras":{}}