# This file was generated by Animated Java via MC-Build. It is not recommended to edit this file directly.
$data merge entity $(bone_jaw) { transformation: [-0.9883068989131698f,0.14446169633620023f,0.04878823477336799f,1.160117331581508f,0.15245555888465717f,0.9416755389259384f,0.3000074698298538f,1.3886443047129218f,-0.0026030992683042653f,0.3039374897576987f,-0.9526884203106428f,2.6514556579188864f,0f,0f,0f,1f], start_interpolation: 0, interpolation_duration: 1 }
$data merge entity $(bone_head) { transformation: [-1.111845261277316f,0.17115617853420634f,0.011431427065071241f,1.1626576487070794f,0.17151250374523933f,1.1104918796691043f,0.054920362781205906f,1.400848829775412f,-0.0029284866768422985f,0.05602095802953443f,-1.1236004967190236f,2.4017666586479924f,0f,0f,0f,1f], start_interpolation: 0, interpolation_duration: 1 }
$data merge entity $(bone_neck) { transformation: [-0.8995497721644318f,-0.055142490951298674f,-0.4333237970508948f,1.3189458463211983f,0.08788678084431564f,0.9488671928842153f,-0.30319459761158796f,0.10238843635436012f,0.4278856402728916f,-0.3108220647890292f,-0.848706971155853f,1.8284978682857598f,0f,0f,0f,1f], start_interpolation: 0, interpolation_duration: 1 }
$data merge entity $(bone_right_arm2) { transformation: [-0.8328632661430359f,0.3443388836872039f,-0.4333237970508948f,-0.26089931879670913f,0.4945216757631176f,0.8145681973779638f,-0.30319459761158796f,-0.7805740064395121f,0.24857009496315688f,-0.46680765310935624f,-0.848706971155853f,3.171474875648075f,0f,0f,0f,1f], start_interpolation: 0, interpolation_duration: 1 }
$data merge entity $(bone_right_arm1) { transformation: [-0.9456468334332385f,0.390968107519846f,-0.4920030612348701f,0.1534051262399545f,0.561488152689373f,0.924874307439563f,-0.34425219937149043f,-0.07443755691487541f,0.28223062865608434f,-0.5300211894679149f,-0.9636360401665414f,1.8976256335964092f,0f,0f,0f,1f], start_interpolation: 0, interpolation_duration: 1 }
$data merge entity $(bone_left_arm2) { transformation: [-0.6693879874571648f,-0.7415620712637707f,-0.044781879270896136f,2.3786701265377443f,0.28096556059254485f,-0.196896829607147f,-0.9393029289060963f,0.6430859294324209f,0.6877340154514417f,-0.6413402630068068f,0.3401537755742184f,1.8092407829499892f,0f,0f,0f,1f], start_interpolation: 0, interpolation_duration: 1 }
$data merge entity $(bone_left_arm1) { transformation: [-0.7600342774253224f,-0.8419819350807396f,-0.05084609208882998f,1.1653986199249402f,0.3190129802561186f,-0.22355994194978146f,-1.0665002005287967f,-0.17331018536473047f,0.7808646633771578f,-0.7281884236223118f,0.3862162660165604f,1.416254288289406f,0f,0f,0f,1f], start_interpolation: 0, interpolation_duration: 1 }
$data merge entity $(bone_body2) { transformation: [-1.4242871392603504f,-0.08730894400622291f,-0.6860960119972501f,0.6994892937449932f,0.13915406967016644f,1.5023730554000077f,-0.4800581128850143f,-0.392757997267561f,0.6774855970987451f,-0.4921349359159629f,-1.343786037663434f,0.6279079762985353f,0f,0f,0f,1f], start_interpolation: 0, interpolation_duration: 1 }
$data merge entity $(bone_right_leg2) { transformation: [-0.9894814774098224f,0.01493467468657704f,-0.1438866267409205f,-0.8746626481059252f,0.019160014607761122f,0.9994235822763696f,-0.028024935862530742f,-2.5652467266785663f,0.1433851446388546f,-0.030487024811789887f,-0.9891972713341965f,0.5433938366976894f,0f,0f,0f,1f], start_interpolation: 0, interpolation_duration: 1 }
$data merge entity $(bone_right_leg1) { transformation: [-1.2888597576380123f,-0.13952409775852306f,-0.31169107953826963f,-0.58954266239936f,0f,1.2169696603831766f,-0.5447592344188701f,-1.1255233660110315f,0.3414942209160528f,-0.5265886911331306f,-1.1763774161507063f,0.15533361134746493f,0f,0f,0f,1f], start_interpolation: 0, interpolation_duration: 1 }
$data merge entity $(bone_left_leg2) { transformation: [-0.9666448182285092f,-6.938893903907228e-18f,-0.2561206656870396f,0.877561983911068f,0f,1f,-4.163336342344337e-17f,-2.53979008097276f,0.2561206656870396f,-1.3877787807814457e-17f,-0.9666448182285093f,-0.6522189353798142f,0f,0f,0f,1f], start_interpolation: 0, interpolation_duration: 1 }
$data merge entity $(bone_left_leg1) { transformation: [-1.2888597576380123f,0.022096887746833556f,-0.3407785651577365f,0.6187633603862764f,0f,1.3305391200807772f,0.08627530186819954f,-1.1255233660110315f,0.3414942209160528f,0.08339757349199553f,-1.2861587458764034f,-0.16481722076133462f,0f,0f,0f,1f], start_interpolation: 0, interpolation_duration: 1 }
$data merge entity $(bone_tail3) { transformation: [-0.6428881135602899f,-0.03307587027659511f,-0.7652456208619149f,-2.1244143529470674f,0.0745243346403471f,0.9916261438234949f,-0.105469021196553f,-1.0031761701311774f,0.7623260437564137f,-0.12483420080727571f,-0.6350397037347375f,-2.9720954304501417f,0f,0f,0f,1f], start_interpolation: 0, interpolation_duration: 1 }
$data merge entity $(bone_tail2) { transformation: [-0.9911191750721134f,-0.050991966676417456f,-1.1797536654954521f,-0.7637381023491514f,0.11489168257053511f,1.5287569717278877f,-0.16259807434468587f,-0.9820361155245025f,1.1752526507911376f,-0.19245272624455004f,-0.9790195432577202f,-1.662698817826593f,0f,0f,0f,1f], start_interpolation: 0, interpolation_duration: 1 }
$data merge entity $(bone_tail1) { transformation: [-0.8994374608402326f,-0.03307587027659511f,-0.43579610007745706f,-0.1882750634118242f,0.024928973231702727f,0.9916261438234949f,-0.12671281379307475f,-0.8505198725233234f,0.43633794280452876f,-0.12483420080727571f,-0.8910811534186549f,-0.7704673351698381f,0f,0f,0f,1f], start_interpolation: 0, interpolation_duration: 1 }
$data merge entity $(bone_body1) { transformation: [-1.2888597576380123f,-0.044101160368793475f,-0.3386345974249941f,0.5f,0f,1.3221681917646597f,-0.1721889963486266f,-1.1875f,0.3414942209160528f,-0.1664456010763676f,-1.2780670313958664f,-0.12499999999999994f,0f,0f,0f,1f], start_interpolation: 0, interpolation_duration: 1 }
data modify entity @s data merge value {"locators":{"head":{"posx":1.0643954864477783,"posy":0.7686532402977969,"posz":2.6827551532757576,"roty":0.5829028462466113,"rotx":2.7981833012128083},"neck":{"posx":0.9440148689770813,"posy":-0.17159404585361426,"posz":2.265087334112573,"roty":332.9525348368157,"rotx":-17.649579497754843},"right_arm":{"posx":-0.4406302580924054,"posy":-1.4126373002764872,"posz":4.0781716452705545,"roty":332.9525348368157,"rotx":-17.649579497754846},"left_arm":{"posx":3.184459886653036,"posy":1.292073875955582,"posz":2.2375207822039718,"roty":187.49996442750987,"rotx":-69.93482001982824},"tail1":{"posx":-1.1846765497892353,"posy":-1.8075812172947971,"posz":-2.10095371900832,"roty":309.68761176236274,"rotx":-6.054189542361997},"tail2":{"posx":-2.5114529349438635,"posy":-2.3640118083225756,"posz":-3.1654603752413824,"roty":309.68761176236274,"rotx":-6.054189542361997}},"cameras":{}}