# This file was generated by Animated Java via MC-Build. It is not recommended to edit this file directly.
$data merge entity $(bone_jaw) { transformation: [-0.9997106296576003f,0.023767506598013143f,-0.003709795104564268f,0.11421301810508608f,0.023631915292893716f,0.9991728349768937f,0.03309348008032148f,0.697079637636528f,0.004493275997971141f,0.032996234244994385f,-0.9994453756941675f,3.2274108874218643f,0f,0f,0f,1f], start_interpolation: 0, interpolation_duration: 1 }
$data merge entity $(bone_head) { transformation: [-1.1246744583648003f,0.026638543254453733f,-0.004769770971831461f,0.11315306900023464f,0.02658590470450543f,1.1246206085044343f,0.012111011442429319f,0.6997709735126234f,0.005054935497717534f,0.01199478805132859f,-1.1249246964515969f,2.9774276215437316f,0f,0f,0f,1f], start_interpolation: 0, interpolation_duration: 1 }
$data merge entity $(bone_neck) { transformation: [-0.9992216995706443f,0.004678544981572156f,-0.03916766937166886f,0.5759692333781554f,0.005771036553376917f,0.999596115769085f,-0.02782625516409909f,-0.3877942500895484f,0.03902166378119401f,-0.02803063602941199f,-0.998845129737105f,2.176137672522987f,0f,0f,0f,1f], start_interpolation: 0, interpolation_duration: 1 }
$data merge entity $(bone_right_arm2) { transformation: [-0.9982753045623445f,0.04372996657842255f,-0.03916766937166886f,-0.8483013163410753f,0.04483625756125712f,0.9986067341708863f,-0.02782625516409909f,-1.7980546234908479f,0.037896257187998585f,-0.029534395060792834f,-0.998845129737105f,2.4589919555084294f,0f,0f,0f,1f], start_interpolation: 0, interpolation_duration: 1 }
$data merge entity $(bone_right_arm1) { transformation: [-1.1334584187218284f,0.04965173288591726f,-0.04447162459908234f,-0.5058724752241853f,0.050907834106010685f,1.1338347294231936f,-0.0315943938842375f,-0.5205251658047706f,0.04302804201554005f,-0.03353384439194186f,-1.1341054077223378f,1.7216794549256296f,0f,0f,0f,1f], start_interpolation: 0, interpolation_duration: 1 }
$data merge entity $(bone_left_arm2) { transformation: [-0.9972742255217418f,0.003227177801334644f,-0.07371366517443248f,0.9763426062115048f,0.015069283948175138f,0.9868936856087921f,-0.16066664242083306f,-1.7165663788583414f,0.07222905088189266f,-0.16133951353878917f,-0.9842522672464453f,2.5436400500227867f,0f,0f,0f,1f], start_interpolation: 0, interpolation_duration: 1 }
$data merge entity $(bone_left_arm1) { transformation: [-1.1323217768944775f,0.003664191461932043f,-0.08369572400013686f,0.6182519367927898f,0.01710991614949052f,1.1205355388683158f,-0.18242358358198751f,-0.5270175819273196f,0.08201006818881561f,-0.1831875726638335f,-1.117536428436068f,1.6777800831717862f,0f,0f,0f,1f], start_interpolation: 0, interpolation_duration: 1 }
$data merge entity $(bone_body2) { transformation: [-1.582101024320187f,0.007407696220822581f,-0.062015476505142365f,0.5193732995950332f,0.009137474542846786f,1.5826938499677181f,-0.0440582373431569f,-0.49026924912350867f,0.06178430098689052f,-0.044381840379902324f,-1.5815047887504166f,0.7420497132777366f,0f,0f,0f,1f], start_interpolation: 0, interpolation_duration: 1 }
$data merge entity $(bone_right_leg2) { transformation: [-0.9998913367748382f,0.00524770902698115f,-0.013775928012127141f,-1.005451954562728f,0.005277089195370294f,0.9999838768384042f,-0.00209723457417349f,-2.5728989132174833f,0.013764700223807087f,-0.002169703482769736f,-0.9999029079938438f,-0.35224571864829485f,0f,0f,0f,1f], start_interpolation: 0, interpolation_duration: 1 }
$data merge entity $(bone_right_leg1) { transformation: [-1.333000623717496f,-0.0010810237962881133f,-0.029764850647967314f,-0.624734871051938f,0f,1.3324548319508946f,-0.04839316675410109f,-1.125003899062432f,0.029784474924764773f,-0.04838109110016117f,-1.3321223415494508f,-0.1005672922625937f,0f,0f,0f,1f], start_interpolation: 0, interpolation_duration: 1 }
$data merge entity $(bone_left_leg2) { transformation: [-0.9997504677881222f,0f,-0.022338356193573577f,0.9926996687818682f,0f,0.9999999999999999f,2.6020852139652106e-18f,-2.56073615910023f,0.02233835619357358f,1.734723475976807e-18f,-0.9997504677881222f,-0.4573107390690629f,0f,0f,0f,1f], start_interpolation: 0, interpolation_duration: 1 }
$data merge entity $(bone_left_leg1) { transformation: [-1.333000623717496f,0.00016634702428403085f,-0.029784010395033325f,0.6249532136832145f,0f,1.3333125381715307f,0.007446699427771081f,-1.125003899062432f,0.029784474924764773f,0.0074448412363916795f,-1.3329798337447565f,-0.12849023750456068f,0f,0f,0f,1f], start_interpolation: 0, interpolation_duration: 1 }
$data merge entity $(bone_tail3) { transformation: [-0.9971589741664183f,-0.0002495166448111004f,-0.07532541391071323f,-0.1998054450087861f,0.0005923732992869291f,0.9999376150010865f,-0.011154156167690419f,-0.603747419530093f,0.07532349788247092f,-0.011167087685824648f,-0.9970966185979002f,-3.8062842331054485f,0f,0f,0f,1f], start_interpolation: 0, interpolation_duration: 1 }
$data merge entity $(bone_tail2) { transformation: [-1.5372867518398947f,-0.0003846714940837797f,-0.11612667977901622f,-0.183168381326099f,0.0009132421697340156f,1.5415704897933415f,-0.01719599075852273f,-0.7702476328659663f,0.11612372590214265f,-0.017215926848979664f,-1.5371906203384293f,-1.9252188070579845f,0f,0f,0f,1f], start_interpolation: 0, interpolation_duration: 1 }
$data merge entity $(bone_tail1) { transformation: [-0.9992358965005833f,-0.0002495166448111004f,-0.03908402341263535f,-0.01673711938760103f,0.0001871442941469259f,0.9999376150010865f,-0.011168307076370282f,-0.7584046996340913f,0.039084371834387135f,-0.011167087685824648f,-0.9991735124746495f,-0.8684824965329678f,0f,0f,0f,1f], start_interpolation: 0, interpolation_duration: 1 }
$data merge entity $(bone_body1) { transformation: [-1.333000623717496f,-0.00033268885974813383f,-0.02978261682032895f,0.5f,0f,1.3332501533347818f,-0.014893166572562915f,-1.1875f,0.029784474924764773f,-0.014889450247766197f,-1.3329174644750337f,-0.12499999999999994f,0f,0f,0f,1f], start_interpolation: 0, interpolation_duration: 1 }
data modify entity @s data merge value {"locators":{"head":{"posx":0.0996788146843802,"posy":0.07161757672059621,"posz":3.2832429327517705,"roty":359.75706275356765,"rotx":0.6168206623613992},"neck":{"posx":0.07949988789620227,"posy":-0.7562789933307544,"posz":2.3310156341417514,"roty":357.7544136701663,"rotx":-1.594532800303351},"right_arm":{"posx":-0.9348396547688099,"posy":-2.7799459639821062,"posz":2.9903174315120244,"roty":357.7544136701663,"rotx":-1.594532800303351},"left_arm":{"posx":1.0723019000924954,"posy":-2.624068573503478,"posz":3.1925913815046805,"roty":355.71693959579113,"rotx":-9.245592637565549},"tail1":{"posx":-0.11012259413530373,"posy":-1.5279433731444791,"posz":-2.611762853814981,"roty":355.6798106935562,"rotx":-0.639099325184037},"tail2":{"posx":-0.24184849973724773,"posy":-1.9224397520633447,"posz":-4.3524942784791225,"roty":355.6798106935562,"rotx":-0.639099325184037}},"cameras":{}}