# This file was generated by Animated Java via MC-Build. It is not recommended to edit this file directly.
$data merge entity $(bone_jaw) { transformation: [-0.9943041097384754f,0.10650605473287224f,0.003974627330495896f,1.5753922725940048f,0.10035529725052153f,0.923021612849754f,0.37142955795951166f,1.715390529994541f,0.035890829900371346f,0.36971281086469965f,-0.9284526298156441f,2.0803438436188535f,0f,0f,0f,1f], start_interpolation: 0, interpolation_duration: 1 }
$data merge entity $(bone_head) { transformation: [-1.1185921234557847f,0.11313552262299577f,-0.039711646446601724f,1.5665674622725378f,0.11289970940683672f,1.119287405765237f,0.00862316132153463f,1.7173067880659931f,0.040377183637917764f,0.004588770657483435f,-1.1242658165333157f,1.830506995500339f,0f,0f,0f,1f], start_interpolation: 0, interpolation_duration: 1 }
$data merge entity $(bone_neck) { transformation: [-0.7671254167303891f,-0.1901471096708158f,-0.6126684843290551f,1.654368331145617f,0.14566817107975819f,0.878478015341876f,-0.4550353398311798f,0.34137359761253716f,0.6247394488428797f,-0.4383154722854689f,-0.6462044319057718f,1.4588063594587704f,0f,0f,0f,1f], start_interpolation: 0, interpolation_duration: 1 }
$data merge entity $(bone_right_arm2) { transformation: [-0.7260695389305036f,0.3039430876627416f,-0.6167995007287903f,0.35173099973665767f,0.644577735627903f,0.6132285640725285f,-0.4565854475761908f,-0.12334333863565322f,0.23946308143438627f,-0.729088010920207f,-0.6411615279805586f,3.3211560390812984f,0f,0f,0f,1f], start_interpolation: 0, interpolation_duration: 1 }
$data merge entity $(bone_right_arm1) { transformation: [-0.8243914556606758f,0.34510204745040446f,-0.7003244331191473f,0.553503376458745f,0.7318643039941815f,0.6962699321240166f,-0.5184147269354665f,0.16618611411718953f,0.2718903737119594f,-0.8278186790656517f,-0.7279854848945925f,1.8485972613136472f,0f,0f,0f,1f], start_interpolation: 0, interpolation_duration: 1 }
$data merge entity $(bone_left_arm2) { transformation: [-0.30460794585598294f,-0.6548645404297485f,0.6916403928409133f,1.8913314251605855f,0.48223657955416505f,-0.7322344094516003f,-0.4809164698312647f,1.1487576516920242f,0.821378037605887f,0.18704331932148857f,0.5388440553962728f,0.28012915098288316f,0f,0f,0f,1f], start_interpolation: 0, interpolation_duration: 1 }
$data merge entity $(bone_left_arm1) { transformation: [-0.34985488123639524f,-0.7444545651063222f,0.782662104302916f,1.4132788746672214f,0.5432977499966037f,-0.8323298767159713f,-0.5488401753871963f,0.009293292573054779f,0.9335952676980211f,0.20539080739599097f,0.6126871137159057f,1.144140720530912f,0f,0f,0f,1f], start_interpolation: 0, interpolation_duration: 1 }
$data merge entity $(bone_body2) { transformation: [-1.2146152431564496f,-0.28247593511128427f,-0.9756339485787943f,0.7797457700061047f,0.2306412708762838f,1.4044359969992635f,-0.6937640657642216f,-0.3439294093444243f,0.9891707940012262f,-0.6743228609947433f,-1.0362307966275142f,0.5446358807177933f,0f,0f,0f,1f], start_interpolation: 0, interpolation_duration: 1 }
$data merge entity $(bone_right_leg2) { transformation: [-0.973819181738098f,-0.013325543378179067f,-0.22693309845110166f,-0.6686476749836207f,-0.003425509647005942f,0.9990272688667887f,-0.04396341597536779f,-2.481936216693809f,0.22729818996771484f,-0.04203505625357512f,-0.9729175642792967f,0.9688931735834843f,0f,0f,0f,1f], start_interpolation: 0, interpolation_duration: 1 }
$data merge entity $(bone_right_leg1) { transformation: [-1.230291999980527f,-0.29554711888928703f,-0.42048932575980313f,-0.5427126018166561f,0f,1.0908391090992544f,-0.7667123423014149f,-1.126177096969281f,0.5139643689612075f,-0.7074600457648217f,-1.0065379718930236f,0.2975176701353737f,0f,0f,0f,1f], start_interpolation: 0, interpolation_duration: 1 }
$data merge entity $(bone_left_leg2) { transformation: [-0.9227189999853954f,-0.012051270479793284f,-0.3852848478019538f,0.796220611735964f,0f,0.9995111751440859f,-0.03126356924741837f,-2.5371092410478866f,0.3854732767209056f,-0.028847489351952055f,-0.9222679520031785f,-0.7130345721813712f,0f,0f,0f,1f], start_interpolation: 0, interpolation_duration: 1 }
$data merge entity $(bone_left_leg1) { transformation: [-1.230291999980527f,0.037420958987233535f,-0.5126002773996206f,0.610686148165088f,0f,1.3297945885124451f,0.09707795908852959f,-1.126177096969281f,0.5139643689612075f,0.08957567733079111f,-1.2270267328981936f,-0.18432392576575826f,0f,0f,0f,1f], start_interpolation: 0, interpolation_duration: 1 }
$data merge entity $(bone_tail3) { transformation: [-0.26825516898953294f,-0.07445962932938155f,-0.9604659951869864f,-2.8289398496738642f,0.15243701686190272f,0.9811664484915039f,-0.11863960656042709f,-1.149560666790385f,0.9512108705227463f,-0.17823625881032193f,-0.25185256767533437f,-2.032039421601566f,0f,0f,0f,1f], start_interpolation: 0, interpolation_duration: 1 }
$data merge entity $(bone_tail2) { transformation: [-0.4135600521921966f,-0.11479192854946321f,-1.480718409246604f,-1.0476368243226974f,0.2350070676621f,1.5126316080910684f,-0.18290272678065841f,-1.0920254864740033f,1.4664500920559005f,-0.2747808989992463f,-0.38827270849947376f,-1.4074951998680352f,0f,0f,0f,1f], start_interpolation: 0, interpolation_duration: 1 }
$data merge entity $(bone_tail1) { transformation: [-0.7695694979195494f,-0.07445962932938155f,-0.6342070257195073f,-0.2775956722557774f,0.05713278319692851f,0.9811664484915039f,-0.18452166658347122f,-0.9031128136286813f,0.6360020699306137f,-0.17823625881032193f,-0.7508216852817149f,-0.6892474179975399f,0f,0f,0f,1f], start_interpolation: 0, interpolation_duration: 1 }
$data merge entity $(bone_body1) { transformation: [-1.230291999980527f,-0.09927950577250873f,-0.5042845945448449f,0.5f,0f,1.3082219313220051f,-0.2575522397221588f,-1.1875f,0.5139643689612075f,-0.23764834508042923f,-1.207121232228403f,-0.12499999999999994f,0f,0f,0f,1f], start_interpolation: 0, interpolation_duration: 1 }
data modify entity @s data merge value {"locators":{"head":{"posx":1.514745407050485,"posy":1.093085128940435,"posz":2.140253738616547,"roty":357.97702274772763,"rotx":0.4391783003665503},"neck":{"posx":1.4186943494481101,"posy":0.14165784487811023,"posz":2.0163199399754825,"roty":316.52597922290784,"rotx":-27.067208078553417},"right_arm":{"posx":0.31080831625515476,"posy":-0.4679930704433423,"posz":4.385791256581434,"roty":316.10946749903655,"rotx":-27.166991200436087},"left_arm":{"posx":2.2194137657858763,"posy":2.0913105098371214,"posz":-0.22767232338710974,"roty":127.92148747325813,"rotx":-28.745275222424045},"tail1":{"posx":-1.618580577893023,"posy":-1.9285196794606627,"posz":-1.5658680048524294,"roty":284.6932481571301,"rotx":-6.813596915990709},"tail2":{"posx":-3.271473708471731,"posy":-2.504076409125724,"posz":-1.939771401230394,"roty":284.6932481571301,"rotx":-6.813596915990709}},"cameras":{}}