# This file was generated by Animated Java via MC-Build. It is not recommended to edit this file directly.
$data merge entity $(bone_jaw) { transformation: [-0.9928423727753926f,0.11596813018613214f,-0.028555482886136574f,1.5633771582020033f,0.10002393546642926f,0.9380365294461406f,0.33178710306226117f,1.7060974237952995f,0.0652628160251742f,0.32655606288319333f,-0.9429220024152006f,2.099975055042339f,0f,0f,0f,1f], start_interpolation: 0, interpolation_duration: 1 }
$data merge entity $(bone_head) { transformation: [-1.1169476693723166f,0.11118927624252684f,-0.07543108598192606f,1.5466146946504642f,0.11252692739973293f,1.1192375453854462f,-0.01643190827434876f,1.7024458886232219f,0.07342066802832098f,-0.0238592088767509f,-1.1223480492512339f,1.8505643774309535f,0f,0f,0f,1f], start_interpolation: 0, interpolation_duration: 1 }
$data merge entity $(bone_neck) { transformation: [-0.7706613427115934f,-0.19478992955997046f,-0.6067437500230105f,1.6459303692700336f,0.1392353847923198f,0.8776587284875779f,-0.4586160310448193f,0.3276902719850947f,0.6218477325452738f,-0.43791784577885123f,-0.6492560033428352f,1.4774077195822923f,0f,0f,0f,1f], start_interpolation: 0, interpolation_duration: 1 }
$data merge entity $(bone_right_arm2) { transformation: [-0.7437714313523663f,0.2685151466547349f,-0.6121304386493439f,0.37887551303072065f,0.6118540476098809f,0.6422215740944975f,-0.4617207751347035f,-0.18578888113769432f,0.2691443522117041f,-0.7179492083598755f,-0.6419581387348945f,3.32690470222271f,0f,0f,0f,1f], start_interpolation: 0, interpolation_duration: 1 }
$data merge entity $(bone_right_arm1) { transformation: [-0.8444904793479991f,0.30487657276423025f,-0.6950231022164425f,0.5428905387412508f,0.6947092832237189f,0.729189078919794f,-0.5242454634341945f,0.14848951207813726f,0.3055909832403723f,-0.8151714969919419f,-0.7288899700219114f,1.859142535803976f,0f,0f,0f,1f], start_interpolation: 0, interpolation_duration: 1 }
$data merge entity $(bone_left_arm2) { transformation: [-0.3185414977215283f,-0.7048679486459359f,0.6337921498417248f,1.9909274345740107f,0.47460516447030376f,-0.6973746605517609f,-0.5370461066597841f,1.136535963746841f,0.8205371728858123f,0.12972955635469577f,0.5566767375421505f,0.3612577043567142f,0f,0f,0f,1f], start_interpolation: 0, interpolation_duration: 1 }
$data merge entity $(bone_left_arm1) { transformation: [-0.3685682876882239f,-0.8012659246023945f,0.715053384249095f,1.4046891462715685f,0.5324087423627837f,-0.7928784699481937f,-0.6140485891952969f,0.003102607489059661f,0.9326678697750306f,0.13596932340835163f,0.6330987243121136f,1.1570379794643868f,0f,0f,0f,1f], start_interpolation: 0, interpolation_duration: 1 }
$data merge entity $(bone_body2) { transformation: [-1.2202137926266896f,-0.27876663429297793f,-0.9696968125826749f,0.7765516828841701f,0.22045602592117305f,1.41127273263296f,-0.6831199449629514f,-0.34821886486151743f,0.9845922431966836f,-0.6614702428500527f,-1.0487991594701338f,0.5513191501758572f,0f,0f,0f,1f], start_interpolation: 0, interpolation_duration: 1 }
$data merge entity $(bone_right_leg2) { transformation: [-0.9731529552600164f,-0.007687669638027417f,-0.23003092271308412f,-0.6926269778558607f,0.0024783198532599277f,0.9990340649931004f,-0.04387248470358779f,-2.4987807900171886f,0.23014600496076676f,-0.0432647283465199f,-0.9721939002491736f,0.9215261637761133f,0f,0f,0f,1f], start_interpolation: 0, interpolation_duration: 1 }
$data merge entity $(bone_right_leg1) { transformation: [-1.2341421020950027f,-0.27735845069864123f,-0.421596180533404f,-0.5457399864885972f,0f,1.1138984899793631f,-0.7328082503625845f,-1.126107046829457f,0.5046494323927306f,-0.6782921359012808f,-1.0310317679576855f,0.289957872512172f,0f,0f,0f,1f], start_interpolation: 0, interpolation_duration: 1 }
$data merge entity $(bone_left_leg2) { transformation: [-0.9256065765712521f,-0.01901682498778535f,-0.3780090286956525f,0.810281487671874f,0f,0.9987369566060175f,-0.050244318179769556f,-2.5441949259504018f,0.378487074294548f,-0.04650647134253323f,-0.924437495299287f,-0.6872422240422249f,0f,0f,0f,1f], start_interpolation: 0, interpolation_duration: 1 }
$data merge entity $(bone_left_leg1) { transformation: [-1.2341421020950027f,0.027818521544336006f,-0.503882108705392f,0.6112682342254679f,0f,1.3313059888361167f,0.0734992643967729f,-1.126107046829457f,0.5046494323927306f,0.06803140249880227f,-1.2322655786954035f,-0.18315097035601302f,0f,0f,0f,1f], start_interpolation: 0, interpolation_duration: 1 }
$data merge entity $(bone_tail3) { transformation: [-0.3098351715517615f,-0.07092140553501723f,-0.9481415087983586f,-2.7873542526068116f,0.14358444975737694f,0.9822872507286887f,-0.12039627421039903f,-1.1413426452624489f,0.9398859889674713f,-0.1734413771071134f,-0.29416392785286627f,-2.122887935435097f,0f,0f,0f,1f], start_interpolation: 0, interpolation_duration: 1 }
$data merge entity $(bone_tail2) { transformation: [-0.4776625561422989f,-0.10933716686648488f,-1.4617181593974693f,-1.0350205565160437f,0.22135936004262277f,1.5143595115400617f,-0.18561092274103183f,-1.0818304344099077f,1.4489908996581848f,-0.2673887897067998f,-0.4535027221065021f,-1.4213245638824552f,0f,0f,0f,1f], start_interpolation: 0, interpolation_duration: 1 }
$data merge entity $(bone_tail1) { transformation: [-0.7764631337461629f,-0.07092140553501723f,-0.626159050218094f,-0.27266867394104843f,0.05478499437861573f,0.9822872507286887f,-0.17919364231693416f,-0.8982853137454921f,0.6277767169336747f,-0.1734413771071134f,-0.7588244081361412f,-0.6935457198545145f,0f,0f,0f,1f], start_interpolation: 0, interpolation_duration: 1 }
$data merge entity $(bone_body1) { transformation: [-1.2341421020950027f,-0.09456187404668964f,-0.49571070352684865f,0.5f,0f,1.3097163343049183f,-0.24984175278096615f,-1.1875f,0.5046494323927306f,-0.2312551694761512f,-1.212282052475425f,-0.12499999999999994f,0f,0f,0f,1f], start_interpolation: 0, interpolation_duration: 1 }
data modify entity @s data merge value {"locators":{"head":{"posx":1.5057959539551509,"posy":1.0852116712630708,"posz":2.1755828404878246,"roty":356.1550312267451,"rotx":-0.8368999754955947},"neck":{"posx":1.4094888902521021,"posy":0.12551294507901534,"posz":2.0337077784398527,"roty":316.9385697729623,"rotx":-27.297838514910463},"right_arm":{"posx":0.3699398712411348,"posy":-0.5589091896892225,"posz":4.382654501963264,"roty":316.3624868364376,"rotx":-27.49820183410377},"left_arm":{"posx":2.3988081519066795,"posy":2.0727708548491,"posz":-0.0980937940744201,"roty":131.2937098024751,"rotx":-32.48278001669225},"tail1":{"posx":-1.594947393219682,"posy":-1.9192663671957457,"posz":-1.6109669800718995,"roty":287.23667010238296,"rotx":-6.914973233312292},"tail2":{"posx":-3.227599506541178,"posy":-2.498317566087202,"posz":-2.060713337399248,"roty":287.23667010238296,"rotx":-6.914973233312292}},"cameras":{}}