# This file was generated by Animated Java via MC-Build. It is not recommended to edit this file directly.
$data merge entity $(bone_jaw) { transformation: [-0.9929649196075345f,0.11753070735320426f,-0.014394487064770776f,1.5439985694326144f,0.10579334335728532f,0.9351933064220349f,0.3379663417038885f,1.6884357205785554f,0.05318305115438482f,0.3340658804075588f,-0.9410481128069026f,2.137521959184344f,0f,0f,0f,1f], start_interpolation: 0, interpolation_duration: 1 }
$data merge entity $(bone_head) { transformation: [-1.1170855345584763f,0.11850707013200888f,-0.06083570340622488f,1.530479524231231f,0.11901751127694599f,1.1186689807663108f,-0.006288360732778213f,1.6870383070823824f,0.05983093254868292f,-0.012680134068323141f,-1.123336313714804f,1.887891667247721f,0f,0f,0f,1f], start_interpolation: 0, interpolation_duration: 1 }
$data merge entity $(bone_neck) { transformation: [-0.7803818040585317f,-0.18229398850463588f,-0.5981414060650065f,1.6283678966188546f,0.13675550671945233f,0.8836494338027462f,-0.447729393185205f,0.31600289834425965f,0.6101656916578129f,-0.43119900266020766f,-0.6646542325364257f,1.5009261978094393f,0f,0f,0f,1f], start_interpolation: 0, interpolation_duration: 1 }
$data merge entity $(bone_right_arm2) { transformation: [-0.7453619987706547f,0.28470404958143963f,-0.6028093354789257f,0.3265387965943506f,0.6124208449780018f,0.6496701648888917f,-0.45041024132414054f,-0.21452139430548145f,0.26339362069922045f,-0.7048916803347656f,-0.6585981472565694f,3.3233939626747686f,0f,0f,0f,1f], start_interpolation: 0, interpolation_duration: 1 }
$data merge entity $(bone_right_arm1) { transformation: [-0.8462964361041807f,0.3232577229622595f,-0.6844397663250301f,0.5187070681440582f,0.695352834402106f,0.7376463330509291f,-0.5114032948367845f,0.13713214214521674f,0.2990615068355732f,-0.800345762046765f,-0.7477833130308964f,1.8631268995279906f,0f,0f,0f,1f], start_interpolation: 0, interpolation_duration: 1 }
$data merge entity $(bone_left_arm2) { transformation: [-0.3413284124955136f,-0.7228888425194336f,0.6007717005520529f,2.03193680910583f,0.46268976938263723f,-0.6855756843604066f,-0.562053519090844f,1.1319277455304142f,0.8181766875998939f,0.08612608417124952f,0.568479731822861f,0.4263935598097397f,0f,0f,0f,1f], start_interpolation: 0, interpolation_duration: 1 }
$data merge entity $(bone_left_arm1) { transformation: [-0.39351717715949325f,-0.8212263205071251f,0.6781611672244265f,1.3923001940644926f,0.5199717560647031f,-0.7790935868764655f,-0.6417270157375299f,-0.007161372780328135f,0.9294862081385914f,0.08815622688577356f,0.6461074798250294f,1.1745530012814687f,0f,0f,0f,1f], start_interpolation: 0, interpolation_duration: 1 }
$data merge entity $(bone_body2) { transformation: [-1.2356045230926753f,-0.2639061217812625f,-0.9542428757102359f,0.7724331590048745f,0.21652955230579954f,1.417073648237961f,-0.672280947887303f,-0.35029455361544803f,0.9660956784582038f,-0.655133786947654f,-1.069767874685183f,0.5555501189616145f,0f,0f,0f,1f], start_interpolation: 0, interpolation_duration: 1 }
$data merge entity $(bone_right_leg2) { transformation: [-0.9747257238228223f,-0.00677328735310595f,-0.2233022299407409f,-0.7025598139679102f,0.002867827329620515f,0.9990785739576122f,-0.0428226415022685f,-2.5011184739277095f,0.22338652350686394f,-0.042380722472093235f,-0.973808161538124f,0.9071023441445111f,0f,0f,0f,1f], start_interpolation: 0, interpolation_duration: 1 }
$data merge entity $(bone_right_leg1) { transformation: [-1.2378352130079313f,-0.27047291513572724f,-0.4151941297674723f,-0.5487111477758841f,0f,1.117190556851169f,-0.727779525309934f,-1.1260740785780268f,0.49552170811719926f,-0.675653342801125f,-1.0371733581827371f,0.2823856093531649f,0f,0f,0f,1f], start_interpolation: 0, interpolation_duration: 1 }
$data merge entity $(bone_left_leg2) { transformation: [-0.9283764097559485f,-0.015811818997846f,-0.37130476456495204f,0.8120797019004684f,0f,0.9990945125311097f,-0.042545916727981165f,-2.5423566684841985f,0.37164128108789946f,-0.03949862542169874f,-0.9275357765505012f,-0.6907944299847661f,0f,0f,0f,1f], start_interpolation: 0, interpolation_duration: 1 }
$data merge entity $(bone_left_leg1) { transformation: [-1.2378352130079313f,0.029579143840053147f,-0.4946380873578947f,0.6117593644190517f,0f,1.3309557159795293f,0.07959057657283544f,-1.1260740785780268f,0.49552170811719926f,0.07389001372909483f,-1.2356278891452332f,-0.18216599200670938f,0f,0f,0f,1f], start_interpolation: 0, interpolation_duration: 1 }
$data merge entity $(bone_tail3) { transformation: [-0.32610602419122053f,-0.06860298880707048f,-0.9428406497987514f,-2.7603914668803586f,0.14025041126662371f,0.9828147427515733f,-0.1200208463963728f,-1.1355767748862269f,0.9348714794696316f,-0.171373309931552f,-0.3108802108809216f,-2.169055108101869f,0f,0f,0f,1f], start_interpolation: 0, interpolation_duration: 1 }
$data merge entity $(bone_tail2) { transformation: [-0.5027467872947983f,-0.10576294107756698f,-1.4535460017730748f,-1.0204654411302767f,0.21621938403604488f,1.5151727284086753f,-0.18503213819440803f,-1.07728415075062f,1.4412601975156818f,-0.2642005194778093f,-0.4792736584414208f,-1.4371632821542712f,0f,0f,0f,1f], start_interpolation: 0, interpolation_duration: 1 }
$data merge entity $(bone_tail1) { transformation: [-0.784974226696809f,-0.06860298880707048f,-0.6157183555396764f,-0.2681429100322694f,0.05284025349692266f,0.9828147427515733f,-0.17687026047512838f,-0.8959645306829114f,0.6172709057068276f,-0.171373309931552f,-0.7678592433584275f,-0.6984716992992954f,0f,0f,0f,1f], start_interpolation: 0, interpolation_duration: 1 }
$data merge entity $(bone_body1) { transformation: [-1.2378352130079313f,-0.09147065174276064f,-0.48700604009102544f,0.5f,0f,1.3104196570020976f,-0.24612618779862155f,-1.1875f,0.49552170811719926f,-0.22849774657540267f,-1.2165626964412288f,-0.12499999999999994f,0f,0f,0f,1f], start_interpolation: 0, interpolation_duration: 1 }
data modify entity @s data merge value {"locators":{"head":{"posx":1.4815410695485107,"posy":1.0673023068602037,"posz":2.2069740510953464,"roty":356.90010255912165,"rotx":-0.3202652500163654},"neck":{"posx":1.381304916036953,"posy":0.10897828817610666,"posz":2.0507904487029767,"roty":318.0150452316023,"rotx":-26.59809723635289},"right_arm":{"posx":0.2966542898292079,"posy":-0.6007101357211777,"posz":4.37404681793152,"roty":317.53239479010017,"rotx":-26.770007653390646},"left_arm":{"posx":2.4757728271302066,"posy":2.0696120788498282,"posz":0.0048915667520662565,"roty":133.41802773780833,"rotx":-34.19793156788983},"tail1":{"posx":-1.5764528932377129,"posy":-1.9144408411201341,"posz":-1.6392223796199448,"roty":288.24879367370465,"rotx":-6.893305685165439},"tail2":{"posx":-3.2006979095828765,"posy":-2.4930328508456263,"posz":-2.118997757437225,"roty":288.24879367370465,"rotx":-6.893305685165439}},"cameras":{}}