# This file was generated by Animated Java via MC-Build. It is not recommended to edit this file directly.
$data merge entity $(bone_jaw) { transformation: [-0.9787340223888829f,0.10321747002084589f,0.1772734252531204f,1.2797135769681038f,0.17369818728637076f,0.8767334820703847f,0.448516823709175f,1.4775515533024426f,-0.10912677559566547f,0.46977074759847914f,-0.8760175749086654f,2.521950091923364f,0f,0f,0f,1f], start_interpolation: 0, interpolation_duration: 1 }
$data merge entity $(bone_head) { transformation: [-1.101075775187493f,0.1773424561050768f,0.14767122454249504f,1.3125294046442137f,0.1954104606971671f,1.099434037477623f,0.13669143749984314f,1.5079274283024078f,-0.12276762254512366f,0.15943478446773f,-1.1068575610060882f,2.275981745033122f,0f,0f,0f,1f], start_interpolation: 0, interpolation_duration: 1 }
$data merge entity $(bone_neck) { transformation: [-0.8743679279804013f,-0.05141008853318903f,-0.482532619950475f,1.4122788339911667f,0.11754424376798386f,0.9423210613950166f,-0.31339171655993425f,0.19330840898126433f,0.470812146483364f,-0.3307385977601934f,-0.8178923539655742f,1.7274478943146163f,0f,0f,0f,1f], start_interpolation: 0, interpolation_duration: 1 }
$data merge entity $(bone_right_arm2) { transformation: [-0.7355771699494451f,0.48624571961868107f,-0.4716898633654071f,-0.29169840541822395f,0.6544273134551638f,0.6899818202531828f,-0.309273308133698f,-0.4619395492870647f,0.17507460824751855f,-0.536181114804145f,-0.825747354627529f,3.19731456016388f,0f,0f,0f,1f], start_interpolation: 0, interpolation_duration: 1 }
$data merge entity $(bone_right_arm1) { transformation: [-0.835186578380099f,0.5520914941503774f,-0.5355645323628059f,0.2520801861267791f,0.7430476788188838f,0.7834168584124679f,-0.35115406861013626f,0.026527654998581673f,0.19878262811437f,-0.6087889741005396f,-0.9375673089000068f,1.8711647255996644f,0f,0f,0f,1f], start_interpolation: 0, interpolation_duration: 1 }
$data merge entity $(bone_left_arm2) { transformation: [-0.5803211859715525f,-0.7654675492968434f,0.278004949750999f,2.247436329821214f,0.3364268020000516f,-0.5362095356311832f,-0.7741423259286426f,1.016501851115811f,0.7416497340447098f,-0.3557228765087723f,0.5686975532914975f,1.1752388522671986f,0f,0f,0f,1f], start_interpolation: 0, interpolation_duration: 1 }
$data merge entity $(bone_left_arm1) { transformation: [-0.6492469813350973f,-0.8739711189968578f,0.32221708106661323f,1.241448792107392f,0.38843735204830854f,-0.6110128161952946f,-0.8746146402406249f,-0.12095447976282975f,0.8466202145622359f,-0.389883096003045f,0.648379819773964f,1.3447527133592094f,0f,0f,0f,1f], start_interpolation: 0, interpolation_duration: 1 }
$data merge entity $(bone_body2) { transformation: [-1.3844158859689688f,-0.11212178645365763f,-0.7601090738332497f,0.7266056664236239f,0.1861117192993078f,1.4708000022200822f,-0.555926457234504f,-0.3694721904376963f,0.7454525652653264f,-0.5754307107865302f,-1.2728410798161323f,0.5945565472757541f,0f,0f,0f,1f], start_interpolation: 0, interpolation_duration: 1 }
$data merge entity $(bone_right_leg2) { transformation: [-0.9902144571138958f,-0.003415704526608554f,-0.13951222844331376f,-0.7839243525718753f,0.0009483488996179512f,0.9995126384008236f,-0.03120234464569982f,-2.5097703429395763f,0.13955081353040213f,-0.0310293190323499f,-0.9897286253329198f,0.7917302226146142f,0f,0f,0f,1f], start_interpolation: 0, interpolation_duration: 1 }
$data merge entity $(bone_right_leg1) { transformation: [-1.2717592017549784f,-0.2127111708642813f,-0.3393527196279183f,-0.5760355145035476f,0f,1.1297421849144778f,-0.7081386682016733f,-1.1257970494688876f,0.40050756613242405f,-0.6754364005529951f,-1.0775700144568208f,0.20343807243198953f,0f,0f,0f,1f], start_interpolation: 0, interpolation_duration: 1 }
$data merge entity $(bone_left_leg2) { transformation: [-0.9538194013162338f,0.01979909737826674f,-0.29972745188879063f,0.8243525184429145f,0f,0.9978253504111116f,0.06591335279700346f,-2.5100399464383205f,0.30038067459931805f,0.06286943470358348f,-0.9517451783472876f,-0.759615643292118f,0f,0f,0f,1f], start_interpolation: 0, interpolation_duration: 1 }
$data merge entity $(bone_left_leg1) { transformation: [-1.2717592017549784f,0.05241208338563254f,-0.3970633249804061f,0.6162387371417446f,0f,1.3218670791989342f,0.17448553724551608f,-1.1257970494688876f,0.40050756613242405f,0.16642769067385946f,-1.2608224661011658f,-0.1720377708171581f,0f,0f,0f,1f], start_interpolation: 0, interpolation_duration: 1 }
$data merge entity $(bone_tail3) { transformation: [-0.4522817342223073f,-0.04781900836455362f,-0.8905922609858528f,-2.4837910508911856f,0.11413933295173644f,0.9872472084977986f,-0.11097369952667613f,-1.0726469236894254f,0.8845413758339373f,-0.15184298387589432f,-0.4410558498483724f,-2.554678885300961f,0f,0f,0f,1f], start_interpolation: 0, interpolation_duration: 1 }
$data merge entity $(bone_tail2) { transformation: [-0.6972676735927237f,-0.07372097122868683f,-1.3729964023531895f,-0.8614997142521462f,0.17596480496726033f,1.5220061131007727f,-0.17108445343695902f,-1.0354126720512777f,1.3636679544106531f,-0.23409126680867037f,-0.6799611018495741f,-1.5886609353792904f,0f,0f,0f,1f], start_interpolation: 0, interpolation_duration: 1 }
$data merge entity $(bone_tail1) { transformation: [-0.8635806770084224f,-0.04781900836455362f,-0.5019380008892589f,-0.22024300368125582f,0.03552806649507137f,0.9872472084977986f,-0.15517959210033427f,-0.8749753637565565f,0.5029574244295402f,-0.15184298387589432f,-0.8508686957802997f,-0.7474826241664145f,0f,0f,0f,1f], start_interpolation: 0, interpolation_duration: 1 }
$data merge entity $(bone_body1) { transformation: [-1.2717592017549784f,-0.06375867781940482f,-0.3953999766464831f,0.5f,0f,1.316329611330398f,-0.21225958662105476f,-1.1875f,0.40050756613242405f,-0.20245731183452575f,-1.2555407218139907f,-0.12499999999999994f,0f,0f,0f,1f], start_interpolation: 0, interpolation_duration: 1 }
data modify entity @s data merge value {"locators":{"head":{"posx":1.1729860333240336,"posy":0.8591608970648831,"posz":2.4948672983860742,"roty":7.599231742770115,"rotx":6.978881778724472},"neck":{"posx":1.0546902306947215,"posy":-0.06211590258788313,"posz":2.1891174859620675,"roty":329.46063549426407,"rotx":-18.263750462601166},"right_arm":{"posx":-0.5880727664760418,"posy":-0.9563830083824507,"posz":4.157311515297259,"roty":330.2637902389271,"rotx":-18.015442131548397},"left_arm":{"posx":2.91017147836578,"posy":1.9187558745863122,"posz":1.200259843752428,"roty":153.94853474571966,"rotx":-50.727337470234744},"tail1":{"posx":-1.3813824206287162,"posy":-1.8664099134681835,"posz":-1.888572266222368,"roty":296.34639885794127,"rotx":-6.371448111724732},"tail2":{"posx":-2.9219867492172513,"posy":-2.430831590826541,"posz":-2.6034788845035592,"roty":296.34639885794127,"rotx":-6.371448111724732}},"cameras":{}}