# This file was generated by Animated Java via MC-Build. It is not recommended to edit this file directly.
$data merge entity $(bone_jaw) { transformation: [-0.5338890787493118f,-0.6592611960353523f,0.5294687214503307f,-1.4944758119909765f,0.5597845651155378f,0.19372672809280686f,0.8056743731066938f,-0.27469185011317504f,-0.6337220938634059f,0.7265291668092151f,0.2656156575296118f,2.8684667032118654f,0f,0f,0f,1f], start_interpolation: 0, interpolation_duration: 1 }
$data merge entity $(bone_head) { transformation: [-0.6006252135929757f,-0.48962405065018055f,0.81556277613762f,-1.3132396395159498f,0.62975763575498f,0.518222603746256f,0.7749036412191835f,-0.10249104095335648f,-0.7129373555963316f,0.8702520450946152f,-0.002589402237838899f,2.8678912804923455f,0f,0f,0f,1f], start_interpolation: 0, interpolation_duration: 1 }
$data merge entity $(bone_neck) { transformation: [-0.8742263444271335f,-0.19279647890285923f,0.4455982679861203f,-0.30923161572937236f,0.08671582516124919f,0.8410184117483774f,0.5340116073334366f,-0.6055465850582149f,-0.47771190520665757f,0.505487436859608f,-0.7185219459424529f,1.9858677503540978f,0f,0f,0f,1f], start_interpolation: 0, interpolation_duration: 1 }
$data merge entity $(bone_right_arm2) { transformation: [-0.6006333532239244f,0.4447516111205293f,0.664406185552692f,-2.2255701896577342f,0.7995182300737862f,0.3374270788282018f,0.4969039809189973f,-1.1089643946539276f,-0.0031897922605043927f,0.829661961812858f,-0.5582569787706864f,0.32055401914829085f,0f,0f,0f,1f], start_interpolation: 0, interpolation_duration: 1 }
$data merge entity $(bone_right_arm1) { transformation: [-0.6819691198063308f,0.5049783917931009f,0.7543778565129523f,-0.9973565246120875f,0.9077863237296113f,0.3831203290861874f,0.5641930616684447f,-0.5743193137081604f,-0.0036217432957810288f,0.9420120191416824f,-0.6338542779792167f,1.0266804812042278f,0f,0f,0f,1f], start_interpolation: 0, interpolation_duration: 1 }
$data merge entity $(bone_left_arm2) { transformation: [-0.7542510858129374f,0.12788807841661f,0.6440108220743747f,-0.29275302277473897f,-0.005769498234193208f,0.9795186968273907f,-0.20127055287770246f,-2.030985558371473f,-0.6565607454304061f,-0.15552415235093672f,-0.7380651906135337f,2.6897064902261576f,0f,0f,0f,1f], start_interpolation: 0, interpolation_duration: 1 }
$data merge entity $(bone_left_arm1) { transformation: [-0.8720322123026778f,0.09961124936569343f,0.720283573775459f,0.03358812599024069f,-0.13786459965657386f,1.0816623997599302f,-0.31649772835135154f,-0.8465871347599458f,-0.7139497039795409f,-0.33053753022892707f,-0.8186524099043078f,1.5654195659691823f,0f,0f,0f,1f], start_interpolation: 0, interpolation_duration: 1 }
$data merge entity $(bone_body2) { transformation: [-1.3841917120096283f,0.0240634797919809f,0.7683610465065237f,0.3874094601860775f,0.13730005650531124f,1.564850109217072f,0.19833626650565428f,-0.48724853162086057f,-0.7563771832438746f,0.24001985140413803f,-1.3701198750636538f,0.7324686591224594f,0f,0f,0f,1f], start_interpolation: 0, interpolation_duration: 1 }
$data merge entity $(bone_right_leg2) { transformation: [-0.9344040665004126f,-0.02231166410618994f,0.3555154429167673f,-1.038794833989611f,-0.010105712941487793f,0.999295152017659f,0.03615347452110296f,-2.54150993442103f,-0.3560715027539229f,0.03018921659825502f,-0.9339709289521525f,0.07239582165670333f,0f,0f,0f,1f], start_interpolation: 0, interpolation_duration: 1 }
$data merge entity $(bone_right_leg1) { transformation: [-1.3219857308536325f,0.08127859919906447f,0.1533795765719887f,-0.6153061956845953f,1.4456028966473392e-19f,1.1781371685219675f,-0.6243160977620379f,-1.125006714195306f,-0.17358428845135931f,-0.6190027295877266f,-1.168110394330757f,-0.2723700413818485f,0f,0f,0f,1f], start_interpolation: 0, interpolation_duration: 1 }
$data merge entity $(bone_left_leg2) { transformation: [-0.9914892981402245f,-0.08578899536945603f,0.09792456253108617f,1.1306831736711611f,1.0842021724855044e-19f,0.7521768504490425f,0.6589612929820376f,-2.169828861178091f,-0.13018821633851949f,0.6533530698803354f,-0.7457752975290457f,-1.087572656239634f,0f,0f,0f,1f], start_interpolation: 0, interpolation_duration: 1 }
$data merge entity $(bone_left_leg1) { transformation: [-1.3219857308536325f,-0.09321685944291337f,0.14643128870827044f,0.6240554269906851f,1.4456028966473392e-19f,1.1247660719731745f,0.7160161039500532f,-1.125006714195306f,-0.17358428845135931f,0.7099223043625362f,-1.11519352327262f,-0.1096347709586991f,0f,0f,0f,1f], start_interpolation: 0, interpolation_duration: 1 }
$data merge entity $(bone_tail3) { transformation: [-0.9447383378299643f,0.0019082355705127363f,-0.3278198158612191f,-0.216463787428756f,0.006566742880174737f,0.9998925728751035f,-0.013104220585432452f,-0.6146225599939181f,0.32775959318107206f,-0.014532768016225509f,-0.944649378198898f,-3.8098647273928243f,0f,0f,0f,1f], start_interpolation: 0, interpolation_duration: 1 }
$data merge entity $(bone_tail2) { transformation: [-1.4564716041545283f,0.0029418631712071347f,-0.5053888827860461f,0.2797482809128131f,0.010123728606936052f,1.5415010498491177f,-0.02020234006920836f,-0.7767111609502924f,0.505296039487486f,-0.022404684025014325f,-1.4563344580566344f,-1.994952300119214f,0f,0f,0f,1f], start_interpolation: 0, interpolation_duration: 1 }
$data merge entity $(bone_tail1) { transformation: [-0.9601234938011366f,0.0019082355705127363f,0.2795697324248574f,0.10272087693654425f,-0.002230985208285667f,0.9998925728751035f,-0.01448673235089293f,-0.7610401346764329f,-0.2795673431502673f,-0.014532768016225509f,-0.9600160932493201f,-0.9399892831480279f,0f,0f,0f,1f], start_interpolation: 0, interpolation_duration: 1 }
$data merge entity $(bone_body1) { transformation: [-1.3219857308536325f,0.0025443140940169815f,0.17356564079032377f,0.5f,1.4456028966473392e-19f,1.3331900971668045f,-0.019543351660961203f,-1.1875f,-0.17358428845135931f,-0.01937702402163401f,-1.3218437137274126f,-0.12499999999999994f,0f,0f,0f,1f], start_interpolation: 0, interpolation_duration: 1 }
data modify entity @s data merge value {"locators":{"head":{"posx":-1.2677714936374107,"posy":-0.6056434989288274,"posz":2.3851372005058478,"roty":89.81808718407599,"rotx":43.53544918317542},"neck":{"posx":-0.729745891852632,"posy":-0.9443220277999114,"posz":1.6472692521712227,"roty":31.805516832305443,"rotx":32.27690585984309},"right_arm":{"posx":-3.0400644781311046,"posy":-1.6448735745620162,"posz":-0.23017881529550555,"roty":49.96186516837068,"rotx":29.795379543778935},"left_arm":{"posx":-0.6955058193652277,"posy":-2.9095083851203754,"posz":3.2552982844732616,"roty":41.10685498522997,"rotx":-11.611267340690212},"tail1":{"posx":0.171033273059086,"posy":-1.5364605851191266,"posz":-2.674469120766421,"roty":340.86179225881233,"rotx":-0.7508380234583156},"tail2":{"posx":-0.40336699303698975,"posy":-1.9343526859717972,"posz":-4.322155744608408,"roty":340.86179225881233,"rotx":-0.7508380234583156}},"cameras":{}}