# This file was generated by Animated Java via MC-Build. It is not recommended to edit this file directly.
$data merge entity $(bone_jaw) { transformation: [-0.4733914744023672f,-0.7649928319420005f,0.436676629830944f,-1.8213641909832583f,0.5978818922131675f,0.08500366585729413f,0.7970643761669594f,-0.521675412757746f,-0.646867648693885f,0.6384045299558736f,0.41713535118120215f,2.6162107202589286f,0f,0f,0f,1f], start_interpolation: 0, interpolation_duration: 1 }
$data merge entity $(bone_head) { transformation: [-0.5325654087026631f,-0.6355024377721915f,0.7603523768878268f,-1.6523969961192968f,0.6726171287398134f,0.40208725525017486f,0.8071784420381842f,-0.3423024256381495f,-0.7277261047806206f,0.836712310624735f,0.18961072140003712f,2.6583464361256035f,0f,0f,0f,1f], start_interpolation: 0, interpolation_duration: 1 }
$data merge entity $(bone_neck) { transformation: [-0.806874319677977f,-0.30872907924890736f,0.5036270325055279f,-0.511738225667603f,0.09199087771572433f,0.7764902423908937f,0.6233783617425471f,-0.7068238281205167f,-0.5835165041892926f,0.5493170842945386f,-0.5981297770892653f,1.8804748422722746f,0f,0f,0f,1f], start_interpolation: 0, interpolation_duration: 1 }
$data merge entity $(bone_right_arm2) { transformation: [-0.6076562364768686f,0.30189452679642803f,0.7345839590959833f,-2.1609649747624884f,0.7941960771029077f,0.23395028476641438f,0.5608206980596078f,-1.0837320971086286f,-0.002547427156997656f,0.9241898933379842f,-0.38192479844441296f,-0.10926901409849532f,0f,0f,0f,1f], start_interpolation: 0, interpolation_duration: 1 }
$data merge entity $(bone_right_arm1) { transformation: [-0.6899430184997778f,0.34277607730011095f,0.8340588702235643f,-1.0698093625646663f,0.9017434625439263f,0.26563105249519964f,0.6367651675885129f,-0.6392943925313881f,-0.0028923912511744213f,1.049340608060836f,-0.4336437815670938f,0.8419529929636368f,0f,0f,0f,1f], start_interpolation: 0, interpolation_duration: 1 }
$data merge entity $(bone_left_arm2) { transformation: [-0.6152308605305913f,-0.05232823600933831f,0.7866083803055618f,-0.3609609937735627f,0.005100796175703904f,0.9975094911634786f,0.07034768594027872f,-2.3746206472953215f,-0.7883304954961226f,0.04729239637541266f,-0.6134317069698214f,2.3317445604656357f,0f,0f,0f,1f], start_interpolation: 0, interpolation_duration: 1 }
$data merge entity $(bone_left_arm1) { transformation: [-0.6915711809510915f,-0.07247260283519708f,0.8975789828536812f,-0.103816751758808f,-0.145520487240737f,1.1258528397652523f,-0.021217396875672215f,-0.9361207665905162f,-0.8886642202854661f,-0.12796136907384617f,-0.6950343865979696f,1.496803260864524f,0f,0f,0f,1f], start_interpolation: 0, interpolation_duration: 1 }
$data merge entity $(bone_body2) { transformation: [-1.277551006156797f,-0.055668392615445275f,0.9336535230886316f,0.3381183305292643f,0.14565222304989686f,1.5494033858812148f,0.29168308518818f,-0.503166950221296f,-0.9239011316330467f,0.32123919799408757f,-1.245052818591941f,0.7374174465245618f,0f,0f,0f,1f], start_interpolation: 0, interpolation_duration: 1 }
$data merge entity $(bone_right_leg2) { transformation: [-0.923573978953581f,-0.02650449875219174f,0.3825030940342128f,-1.0452622027331566f,-0.009095989814753722f,0.9988417154557918f,0.04724923739724102f,-2.5448892819257267f,-0.38331236396591833f,0.04015892193804538f,-0.9227453021390213f,-0.02342907652156717f,0f,0f,0f,1f], start_interpolation: 0, interpolation_duration: 1 }
$data merge entity $(bone_right_leg1) { transformation: [-1.3104471223554288f,0.11328975841094005f,0.21833815041660634f,-0.6057314327877896f,7.228014483236696e-20f,1.1835012505178828f,-0.6140867754644983f,-1.1250004082116423f,-0.2459799123671561f,-0.603546185837982f,-1.1631868560339083f,-0.33232353839193174f,0f,0f,0f,1f], start_interpolation: 0, interpolation_duration: 1 }
$data merge entity $(bone_left_leg2) { transformation: [-0.9828353417665716f,-0.13265419942486736f,0.12820902600649467f,1.1928069160256194f,5.421010862427522e-20f,0.6949566180570956f,0.7190516664459127f,-2.1108572600374162f,-0.18448493427536708f,0.7067093903391913f,-0.6830279252210862f,-1.1056498443945857f,0f,0f,0f,1f], start_interpolation: 0, interpolation_duration: 1 }
$data merge entity $(bone_left_leg1) { transformation: [-1.3104471223554288f,-0.1433851241054268f,0.19986701447068533f,0.622812744420425f,7.228014483236696e-20f,1.0833785168189318f,0.7772186095771181f,-1.1250004082116423f,-0.2459799123671561f,0.7638779177710663f,-1.0647826948402963f,-0.10171737054772291f,0f,0f,0f,1f], start_interpolation: 0, interpolation_duration: 1 }
$data merge entity $(bone_tail3) { transformation: [-0.9977791176228595f,-0.0006667728063441017f,0.06660621479841378f,0.8213804018855512f,-0.0004286890525880187f,0.9999934686137227f,0.003588726179545392f,-0.5492402814849705f,-0.06660817263252244f,0.0035522026856984515f,-0.9977728865802256f,-3.7963169927771854f,0f,0f,0f,1f], start_interpolation: 0, interpolation_duration: 1 }
$data merge entity $(bone_tail2) { transformation: [-1.5382428063352416f,-0.00102794140978049f,0.10268458114755456f,0.5718963793368574f,-0.0006608956227398621f,1.5416565974461558f,0.005532619526799146f,-0.7435215045682646f,-0.10268759947513875f,0.005476312473785112f,-1.5382332001445143f,-1.9344848900218963f,0f,0f,0f,1f], start_interpolation: 0, interpolation_duration: 1 }
$data merge entity $(bone_tail1) { transformation: [-0.8648794377925498f,-0.0006667728063441017f,0.5019791962797537f,0.1466534130136879f,0.0012064580621851408f,0.9999934686137227f,0.003406932467741583f,-0.7472921775730131f,-0.5019781893096422f,0.0035522026856984515f,-0.8648729844974304f,-0.9528100703296711f,0f,0f,0f,1f], start_interpolation: 0, interpolation_duration: 1 }
$data merge entity $(bone_body1) { transformation: [-1.3104471223554288f,-0.0008890304084588022f,0.24597830577733196f,0.5f,7.228014483236696e-20f,1.3333246248182968f,0.004818986503970085f,-1.1875f,-0.2459799123671561f,0.004736270247597935f,-1.3104385633190767f,-0.12499999999999994f,0f,0f,0f,1f], start_interpolation: 0, interpolation_duration: 1 }
data modify entity @s data merge value {"locators":{"head":{"posx":-1.510549079825809,"posy":-0.7899004680099645,"posz":2.140836618722963,"roty":104.00238240506978,"rotx":45.84779739051527},"neck":{"posx":-0.8623553598514422,"posy":-1.029934525377058,"posz":1.4574889057033344,"roty":40.097477274886415,"rotx":38.56326225216567},"right_arm":{"posx":-2.8681299958867124,"posy":-1.5484554760859153,"posz":-0.8426557224115854,"roty":62.529182283571544,"rotx":34.11257350048309},"left_arm":{"posx":-0.6634850191338434,"posy":-3.4076227811899207,"posz":2.6404386735436414,"roty":52.05133208779985,"rotx":4.033957386045706},"tail1":{"posx":0.7429106213183825,"posy":-1.4909957706485457,"posz":-2.61479187998101,"roty":3.819107006281996,"rotx":0.20561930527798655},"tail2":{"posx":0.8597215370179856,"posy":-1.8597130505644874,"posz":-4.362226507503541,"roty":3.819107006281996,"rotx":0.20561930527798655}},"cameras":{}}