# This file was generated by Animated Java via MC-Build. It is not recommended to edit this file directly.
$data merge entity $(bone_jaw) { transformation: [-0.46186969346111684f,-0.7831053310332923f,0.41644018390324855f,-1.8734158519013926f,0.6055473635250478f,0.06464979478424898f,0.7931789171190938f,-0.5635143581528128f,-0.648065410888436f,0.6185195587381148f,0.4443475876702947f,2.565764412215959f,0f,0f,0f,1f], start_interpolation: 0, interpolation_duration: 1 }
$data merge entity $(bone_head) { transformation: [-0.5196034051437565f,-0.661539149973128f,0.7469961542175733f,-1.7074167065197097f,0.6812407839656788f,0.3801823413598948f,0.8105537499635271f,-0.38339130260536236f,-0.7290735872494906f,0.8267117637792146f,0.22499858667160438f,2.615764098142982f,0f,0f,0f,1f], start_interpolation: 0, interpolation_duration: 1 }
$data merge entity $(bone_neck) { transformation: [-0.7938325207971182f,-0.3298505542169522f,0.510909523113107f,-0.5449202447362396f,0.09320241621303442f,0.7642090591154248f,0.6381988902982908f,-0.7234280376546571f,-0.6009519436169127f,0.5542410358758064f,-0.575911135171363f,1.8594311720066614f,0f,0f,0f,1f], start_interpolation: 0, interpolation_duration: 1 }
$data merge entity $(bone_right_arm2) { transformation: [-0.6083242794738775f,0.27606329021334924f,0.7441307887724897f,-2.143562818428541f,0.7936873549098177f,0.21324005907559768f,0.5697271802026764f,-1.073067816757242f,-0.0013977334670921826f,0.9371860738412706f,-0.3488270478892645f,-0.18160257585408102f,0f,0f,0f,1f], start_interpolation: 0, interpolation_duration: 1 }
$data merge entity $(bone_right_arm1) { transformation: [-0.6907015256526317f,0.3134468607630736f,0.8448984997520976f,-1.079538495406847f,0.9011658508871887f,0.24211631707541817f,0.6468777358551221f,-0.6495301012404981f,-0.0015870098740942487f,1.064096688007276f,-0.39606404395760236f,0.8090723423471834f,0f,0f,0f,1f], start_interpolation: 0, interpolation_duration: 1 }
$data merge entity $(bone_left_arm2) { transformation: [-0.5891226704340852f,-0.08786227435020161f,0.8032525754248299f,-0.3605308724965866f,0.007478285150798999f,0.9934354021850198f,0.11414980042335396f,-2.4221736137361294f,-0.8080090064051362f,0.07325518706206471f,-0.5845982578974097f,2.2735288013810804f,0f,0f,0f,1f], start_interpolation: 0, interpolation_duration: 1 }
$data merge entity $(bone_left_arm1) { transformation: [-0.6568467079233673f,-0.10679612939886521f,0.9199554315183424f,-0.12609436358370973f,-0.1455294458983526f,1.1257331803875088f,0.02677674169101819f,-0.9511251573072654f,-0.9146281154716364f,-0.10242265503534781f,-0.6649330921745114f,1.4831666728226778f,0f,0f,0f,1f], start_interpolation: 0, interpolation_duration: 1 }
$data merge entity $(bone_body2) { transformation: [-1.256901491262104f,-0.07069588063660405f,0.9602839049825624f,0.32970708533884757f,0.14757049233730452f,1.5462618100128254f,0.3069882882646046f,-0.5057516368622987f,-0.9515072440601119f,0.33319806692314624f,-1.2208838835631561f,0.7378445645510403f,0f,0f,0f,1f], start_interpolation: 0, interpolation_duration: 1 }
$data merge entity $(bone_right_leg2) { transformation: [-0.9250630709078812f,-0.02702912407033936f,0.3788505527176522f,-1.0461375979242618f,-0.008787865903101114f,0.9987207509785647f,0.049795933344810306f,-2.5449445863653786f,-0.3797118489793932f,0.04273509116407603f,-0.9241172131974649f,-0.03783646017997533f,0f,0f,0f,1f], start_interpolation: 0, interpolation_duration: 1 }
$data merge entity $(bone_right_leg1) { transformation: [-1.3081002464768021f,0.11887148748089987f,0.22917480753605038f,-0.6037889266785779f,0f,1.183588054371048f,-0.613919453452922f,-1.1250013433435637f,-0.2581695623908974f,-0.6023011412840031f,-1.161188869237325f,-0.34242854747685336f,0f,0f,0f,1f], start_interpolation: 0, interpolation_duration: 1 }
$data merge entity $(bone_left_leg2) { transformation: [-0.9810751848576016f,-0.14128571318909985f,0.13240026021602214f,1.2038673989783515f,0f,0.6837896716141072f,0.72967916579403f,-2.099318615692869f,-0.19362717179317307f,0.7158701224681185f,-0.6708490784825288f,-1.1090914206579539f,0f,0f,0f,1f], start_interpolation: 0, interpolation_duration: 1 }
$data merge entity $(bone_left_leg1) { transformation: [-1.3081002464768021f,-0.1526888651431178f,0.20817692813185198f,0.6225550543934242f,0f,1.0751431537419784f,0.7885714785227336f,-1.1250013433435637f,-0.2581695623908974f,0.7736479090651229f,-1.0547962683057963f,-0.10039458273538701f,0f,0f,0f,1f], start_interpolation: 0, interpolation_duration: 1 }
$data merge entity $(bone_tail3) { transformation: [-0.9285822466169038f,-0.0012694994204154918f,0.3711245069233843f,1.5367631168254574f,0.0012083889430207064f,0.9999785065029818f,0.006444092506196033f,-0.5391201154132281f,-0.371124710931603f,0.0064323326474608955f,-0.9285607540880924f,-3.5529599125585922f,0f,0f,0f,1f], start_interpolation: 0, interpolation_duration: 1 }
$data merge entity $(bone_tail2) { transformation: [-1.4315642968677265f,-0.0019571449398072165f,0.5721502815068841f,0.7250699166583268f,0.0018629329538235888f,1.5416335308587634f,0.009934642613718883f,-0.7385477102137772f,-0.5721505960195545f,0.009916512831502213f,-1.4315311625524756f,-1.8595051498812685f,0f,0f,0f,1f], start_interpolation: 0, interpolation_duration: 1 }
$data merge entity $(bone_tail1) { transformation: [-0.777537258622482f,-0.0012694994204154918f,0.6288355904567242f,0.15412425912586752f,0.0030578227431502262f,0.9999785065029818f,0.005799676899405672f,-0.7450920947622894f,-0.6288294372672982f,0.0064323326474608955f,-0.7775166647235322f,-0.9547900139541032f,0f,0f,0f,1f], start_interpolation: 0, interpolation_duration: 1 }
$data merge entity $(bone_body1) { transformation: [-1.3081002464768021f,-0.0016926658938873223f,0.25816401342417794f,0.5f,0f,1.333304675337309f,0.008741882031388542f,-1.1875f,-0.2581695623908974f,0.00857644352994786f,-1.3080721308280547f,-0.12499999999999994f,0f,0f,0f,1f], start_interpolation: 0, interpolation_duration: 1 }
data modify entity @s data merge value {"locators":{"head":{"posx":-1.5473938882617422,"posy":-0.8197575339062837,"posz":2.0939801775235285,"roty":106.76253653260088,"rotx":46.095134177247004},"neck":{"posx":-0.8820062376925799,"posy":-1.0431800880037105,"posz":1.423103703641198,"roty":41.57727634832466,"rotx":39.657646021960694},"right_arm":{"posx":-2.8297117704952526,"posy":-1.5215660062523142,"posz":-0.9444624840924126,"roty":64.88417147156329,"rotx":34.73120339099838},"left_arm":{"posx":-0.6374747189566696,"posy":-3.473151308954751,"posz":2.5430733061680417,"roty":53.95329037981371,"rotx":6.554589280162733},"tail1":{"posx":1.097242920560578,"posy":-1.4842523251108815,"posz":-2.456324328935977,"roty":21.785460737143637,"rotx":0.36922185883166414},"tail2":{"posx":1.7471868699591564,"posy":-1.8479671031636564,"posz":-4.083717773332936,"roty":21.785460737143637,"rotx":0.36922185883166414}},"cameras":{}}