# This file was generated by Animated Java via MC-Build. It is not recommended to edit this file directly.
$data merge entity $(bone_jaw) { transformation: [-0.4264217625360562f,-0.8345139775913478f,0.34892821846378497f,-2.011373847215971f,0.631348931074572f,0.001643967517001521f,0.775497146739947f,-0.6762172659023357f,-0.6477368351936139f,0.550984317903396f,0.5261684841929348f,2.4116774066929847f,0f,0f,0f,1f], start_interpolation: 0, interpolation_duration: 1 }
$data merge entity $(bone_head) { transformation: [-0.4797244828530632f,-0.7372803390936313f,0.7013609071921112f,-1.8555158678399464f,0.7102675474588935f,0.3126584034858115f,0.8144874055235185f,-0.4952200646748871f,-0.7287039395928157f,0.7901186140799896f,0.33215680650293294f,2.485490030360303f,0f,0f,0f,1f], start_interpolation: 0, interpolation_duration: 1 }
$data merge entity $(bone_neck) { transformation: [-0.7546325241508265f,-0.3914326499338007f,0.5266025389794043f,-0.6344378522891039f,0.09776647815570537f,0.7265302467538026f,0.6801437467924621f,-0.7634248966597796f,-0.6488231417287631f,0.5647426680512652f,-0.5099943623605621f,1.795492097002259f,0f,0f,0f,1f], start_interpolation: 0, interpolation_duration: 1 }
$data merge entity $(bone_right_arm2) { transformation: [-0.6003776216695136f,0.2034355461228713f,0.7734084884277826f,-2.087615127660845f,0.7996016547452253f,0.1363052090069217f,0.5848573191183272f,-1.0032649233266235f,0.013561162455918846f,0.9695539534091275f,-0.24450199651858795f,-0.38557909569247173f,0f,0f,0f,1f], start_interpolation: 0, interpolation_duration: 1 }
$data merge entity $(bone_right_arm1) { transformation: [-0.6816787579372601f,0.2309841096603434f,0.8781408879023781f,-1.1012696308087526f,0.9078810454919743f,0.15476320605994232f,0.6640567477489339f,-0.6721504467190718f,0.01539756987182452f,1.10084771793328f,-0.27761164188048004f,0.7146274822830042f,0f,0f,0f,1f], start_interpolation: 0, interpolation_duration: 1 }
$data merge entity $(bone_left_arm2) { transformation: [-0.5120520467174853f,-0.1715204875628601f,0.8416551691747832f,-0.3747618145356902f,0.014385257720245525f,0.9780102702039146f,0.2080600291646338f,-2.5258830769779363f,-0.8588339570678122f,0.11864499029400646f,-0.49832479415074127f,2.141595996829464f,0f,0f,0f,1f], start_interpolation: 0, interpolation_duration: 1 }
$data merge entity $(bone_left_arm1) { transformation: [-0.5565729565951959f,-0.18393092112561452f,0.9724026774876801f,-0.18543874984788833f,-0.14620571149765857f,1.1186745288485747f,0.12791479732746924f,-0.9907498078279848f,-0.9787856971047288f,-0.06251177252123866f,-0.5720505610380145f,1.4421220873891762f,0f,0f,0f,1f], start_interpolation: 0, interpolation_duration: 1 }
$data merge entity $(bone_body2) { transformation: [-1.1948348299054754f,-0.11113872882304301f,1.0329386993644865f,0.3077488114295633f,0.1547969237465335f,1.5376288394368471f,0.3444995050434032f,-0.5113514844270918f,-1.0273033077372082f,0.36095730984721447f,-1.1494790902076026f,0.737637766030335f,0f,0f,0f,1f], start_interpolation: 0, interpolation_duration: 1 }
$data merge entity $(bone_right_leg2) { transformation: [-0.9514479508791267f,-0.02431629455668849f,0.3068477058525013f,-1.0514645269406808f,-0.006287214926393586f,0.9982020546786576f,0.05960812833645951f,-2.540398482651943f,-0.3077454592620013f,0.05478481408509894f,-0.9498901812574342f,-0.059199622839173016f,0f,0f,0f,1f], start_interpolation: 0, interpolation_duration: 1 }
$data merge entity $(bone_right_leg1) { transformation: [-1.3014055434412226f,0.1365185240042895f,0.2558985773347003f,-0.5982364132185327f,0f,1.1763955954368797f,-0.6275915716566686f,-1.1250052067145255f,-0.29003687572140435f,-0.6125633627782334f,-1.1482258118860447f,-0.36893120237701926f,0f,0f,0f,1f], start_interpolation: 0, interpolation_duration: 1 }
$data merge entity $(bone_left_leg2) { transformation: [-0.9760541575809171f,-0.16634557226832736f,0.14016929783561358f,1.235449954952978f,0f,0.6443746046060411f,0.7647099900869665f,-2.0569255520025047f,-0.2175276567910533f,0.7463983651680455f,-0.6289445118652859f,-1.1264312177039555f,0f,0f,0f,1f], start_interpolation: 0, interpolation_duration: 1 }
$data merge entity $(bone_left_leg1) { transformation: [-1.3014055434412226f,-0.18026166385466974f,0.2272160245726067f,0.6218312837576138f,0f,1.0445385562667078f,0.8286838855981451f,-1.1250052067145255f,-0.29003687572140435f,0.8088403518583785f,-1.0195262005976886f,-0.09702163138820266f,0f,0f,0f,1f], start_interpolation: 0, interpolation_duration: 1 }
$data merge entity $(bone_tail3) { transformation: [-0.2678228805056566f,-0.0028077750400137187f,0.9634640735787595f,2.7046379528032922f,0.011386449274310838f,0.9999166925675922f,0.006079202053799294f,-0.5306688925029143f,-0.9634008788923623f,0.012598584206649863f,-0.26776859828107474f,-2.155883847594666f,0f,0f,0f,1f], start_interpolation: 0, interpolation_duration: 1 }
$data merge entity $(bone_tail2) { transformation: [-0.41289360744622056f,-0.004328653186687816f,1.4853404467672542f,0.8651914125999136f,0.017554109297895873f,1.541538234375038f,0.009372103166273911f,-0.7281284700509226f,-1.485243021625725f,0.019422817318585205f,-0.4128099223499902f,-1.7766050702179428f,0f,0f,0f,1f], start_interpolation: 0, interpolation_duration: 1 }
$data merge entity $(bone_tail1) { transformation: [-0.6824399962582827f,-0.0028077750400137187f,0.7309362269762798f,0.17387667096990173f,0.007292840739830621f,0.9999166925675922f,0.010649995240883356f,-0.7403556950868401f,-0.7309052373467702f,0.012598584206649863f,-0.6823626672782218f,-0.9602315815664859f,0f,0f,0f,1f], start_interpolation: 0, interpolation_duration: 1 }
$data merge entity $(bone_body1) { transformation: [-1.3014055434412226f,-0.0037437000533516247f,0.2900127134939844f,0.5f,0f,1.3332222567567895f,0.01721022562637929f,-1.1875f,-0.29003687572140435f,0.01679811227553315f,-1.3012971266868774f,-0.12499999999999994f,0f,0f,0f,1f], start_interpolation: 0, interpolation_duration: 1 }
data modify entity @s data merge value {"locators":{"head":{"posx":-1.6407381536746266,"posy":-0.8951656792568708,"posz":1.9542694651761607,"roty":115.3417200395522,"rotx":46.38479320187251},"neck":{"posx":-0.9307921880117673,"posy":-1.0720084684636606,"posz":1.3230513209137231,"roty":45.917904552786354,"rotx":42.854876946232295},"right_arm":{"posx":-2.715278519351952,"posy":-1.3820236884711323,"posz":-1.2320344781888104,"roty":72.456397478391,"rotx":35.79291090161161},"left_arm":{"posx":-0.5920656586403789,"posy":-3.608822440371683,"posz":2.3257905259275664,"roty":59.37119415405752,"rotx":12.008689177615329},"tail1":{"posx":1.563156654528528,"posy":-1.4753098442239185,"posz":-1.8497198098296237,"roty":74.46817726083462,"rotx":0.34831476593967337},"tail2":{"posx":3.2502716989313623,"posy":-1.8396400003426168,"posz":-2.323039325898998,"roty":74.46817726083462,"rotx":0.34831476593967337}},"cameras":{}}