# This file was generated by Animated Java via MC-Build. It is not recommended to edit this file directly.
$data merge entity $(bone_jaw) { transformation: [-0.42324535569290717f,-0.8386592983295014f,0.3428030778885348f,-2.0197677385026203f,0.634101700359764f,-0.003948794706804648f,0.7732395751778486f,-0.6824375301657398f,-0.6471309005798135f,0.5446420736096614f,0.5334665961135032f,2.4004796115096774f,0f,0f,0f,1f], start_interpolation: 0, interpolation_duration: 1 }
$data merge entity $(bone_head) { transformation: [-0.47615102515452057f,-0.7431067765864893f,0.6976370975195747f,-1.8647372723871591f,0.7133644129047345f,0.307026833450068f,0.8139230540675868f,-0.5015657403729428f,-0.7280222631522901f,0.7868620222967059f,0.3412575892515151f,2.4763146313433473f,0f,0f,0f,1f], start_interpolation: 0, interpolation_duration: 1 }
$data merge entity $(bone_neck) { transformation: [-0.7518804303779876f,-0.39574004298094734f,0.5273192930246816f,-0.639876335948355f,0.09828428329347065f,0.7236017647385802f,0.6831842253189847f,-0.7644475739827445f,-0.6519325257050003f,0.5655000481420408f,-0.5051669797990054f,1.7909889219582371f,0f,0f,0f,1f], start_interpolation: 0, interpolation_duration: 1 }
$data merge entity $(bone_right_arm2) { transformation: [-0.5972120977411025f,0.1989797493991139f,0.7770101477076974f,-2.08410692351566f,0.8018929811177669f,0.12701509156809204f,0.5838105971528866f,-0.9897126589824544f,0.017474471257598517f,0.971737735113243f,-0.23541541370788005f,-0.3998613723775324f,0f,0f,0f,1f], start_interpolation: 0, interpolation_duration: 1 }
$data merge entity $(bone_right_arm1) { transformation: [-0.6780845693102101f,0.22592492379691054f,0.882230271876448f,-1.1021227453361868f,0.910482655644131f,0.14421505188460448f,0.6628682821840066f,-0.6722271223560262f,0.01984080590706498f,1.1033272200764945f,-0.2672945843141554f,0.7082355357664318f,0f,0f,0f,1f], start_interpolation: 0, interpolation_duration: 1 }
$data merge entity $(bone_left_arm2) { transformation: [-0.5066767293673592f,-0.17143625449589583f,0.8449191100703158f,-0.3838679136163078f,0.014740919730470977f,0.978163870414103f,0.2073117167504085f,-2.528206172894243f,-0.8620100911260236f,0.1174949073829169f,-0.4930857425803186f,2.1394959064579853f,0f,0f,0f,1f], start_interpolation: 0, interpolation_duration: 1 }
$data merge entity $(bone_left_arm1) { transformation: [-0.5504733365492266f,-0.18250845087360504f,0.9761356350694934f,-0.18891897189597728f,-0.1468917514619322f,1.1187637451112071f,0.12633884169817233f,-0.9927605067648555f,-0.9821267362439798f,-0.0650334908251648f,-0.5660112419115767f,1.439305003865134f,0f,0f,0f,1f], start_interpolation: 0, interpolation_duration: 1 }
$data merge entity $(bone_body2) { transformation: [-1.1904773480984805f,-0.1128391622228906f,1.0377742777587478f,0.3067676463150957f,0.15561678188132855f,1.5372840769951075f,0.34566678790222843f,-0.5113007827423703f,-1.032226499032917f,0.36189699436522177f,-1.1447634972377965f,0.7373787602147686f,0f,0f,0f,1f], start_interpolation: 0, interpolation_duration: 1 }
$data merge entity $(bone_right_leg2) { transformation: [-0.9585084449124864f,-0.022332116291003498f,0.284188032143178f,-1.0526694554454152f,-0.005277261251313031f,0.9981459119153573f,0.0606373568054005f,-2.538922756237586f,-0.2850152830027405f,0.05662168408503199f,-0.956849138237707f,-0.05593468035843652f,0f,0f,0f,1f], start_interpolation: 0, interpolation_duration: 1 }
$data merge entity $(bone_right_leg1) { transformation: [-1.301071904297018f,0.1381610662839493f,0.2567122852338609f,-0.5979550246261822f,0f,1.174092458375649f,-0.6318897664650084f,-1.1250051605361029f,-0.2915298914806319f,-0.6166005163203199f,-1.1456840329796796f,-0.3701946348077411f,0f,0f,0f,1f], start_interpolation: 0, interpolation_duration: 1 }
$data merge entity $(bone_left_leg2) { transformation: [-0.9758039282227635f,-0.16799935838191815f,0.13993894828920087f,1.23750275988772f,0f,0.6400210401683533f,0.7683573830853838f,-2.0518555909441103f,-0.21864741861047393f,0.7497661526936802f,-0.6245350451414983f,-1.1296223804951169f,0f,0f,0f,1f], start_interpolation: 0, interpolation_duration: 1 }
$data merge entity $(bone_left_leg1) { transformation: [-1.301071904297018f,-0.18220322334576647f,0.22757781752429596f,0.6217998856522723f,0f,1.0408438341992583f,0.8333198009090894f,-1.1250051605361029f,-0.2915298914806319f,0.8131567351929007f,-1.015659502078079f,-0.09688536154464872f,0f,0f,0f,1f], start_interpolation: 0, interpolation_duration: 1 }
$data merge entity $(bone_tail3) { transformation: [-0.39206468516773496f,-0.0028096860091707016f,0.919933360797865f,2.5316011161178387f,0.010433986869918754f,0.9999174314223556f,0.007500817003318191f,-0.5272702473060956f,-0.9198784781493279f,0.012539378064671895f,-0.3920029967174078f,-2.474963218124339f,0f,0f,0f,1f], start_interpolation: 0, interpolation_duration: 1 }
$data merge entity $(bone_tail2) { transformation: [-0.604433056300258f,-0.004331599264138165f,1.4182305978967085f,0.7582447951025943f,0.016085729757791413f,1.541539373442798f,0.01156375954678221f,-0.727514549220269f,-1.4181459871468804f,0.019331541183035837f,-0.6043379532726703f,-1.8572935424349915f,0f,0f,0f,1f], start_interpolation: 0, interpolation_duration: 1 }
$data merge entity $(bone_tail1) { transformation: [-0.7687620947560948f,-0.0028096860091707016f,0.6395286915618024f,0.1748408221626913f,0.005859536548313396f,0.9999174314223556f,0.011436615284160071f,-0.7403983950282282f,-0.6395080198853335f,0.012539378064671895f,-0.7686821557055239f,-0.9606302495122057f,0f,0f,0f,1f], start_interpolation: 0, interpolation_duration: 1 }
$data merge entity $(bone_body1) { transformation: [-1.301071904297018f,-0.003746248012227602f,0.2915058202721515f,0.5f,0f,1.333223241896474f,0.0171337399546511f,-1.1875f,-0.2915298914806319f,0.01671917075289586f,-1.300964476640467f,-0.12499999999999994f,0f,0f,0f,1f], start_interpolation: 0, interpolation_duration: 1 }
data modify entity @s data merge value {"locators":{"head":{"posx":-1.6456882569278803,"posy":-0.8982259406417546,"posz":1.9443752886086454,"roty":116.06612553345326,"rotx":46.34314237905907},"neck":{"posx":-0.9333289466475787,"posy":-1.07205412227785,"posz":1.3161060135273472,"roty":46.22911014491302,"rotx":43.092973549870344},"right_arm":{"posx":-2.7089175028774415,"posy":-1.3585147378071294,"posz":-1.2527992461832356,"roty":73.14445179785758,"rotx":35.71900852434346},"left_arm":{"posx":-0.6032239185701099,"posy":-3.6109472091667048,"posz":2.322419501060604,"roty":59.73262216633816,"rotx":11.96485832672828},"tail1":{"posx":1.4418143308039713,"posy":-1.4736000594559944,"posz":-2.021215326458047,"roty":66.92012392418579,"rotx":0.4297691872183266},"tail2":{"posx":3.0527513444536742,"posy":-1.8354426664835706,"posz":-2.7119228374877626,"roty":66.92012392418579,"rotx":0.4297691872183266}},"cameras":{}}