# This file was generated by Animated Java via MC-Build. It is not recommended to edit this file directly.
$data merge entity $(bone_jaw) { transformation: [-0.42040035361842104f,-0.8421165570662983f,0.33779172131997304f,-2.021770543723502f,0.6371950241986f,-0.008974655973523427f,0.770650346581835f,-0.6818416097770263f,-0.6459458520758935f,0.5392208822597292f,0.5403654285027746f,2.3958180308080506f,0f,0f,0f,1f], start_interpolation: 0, interpolation_duration: 1 }
$data merge entity $(bone_head) { transformation: [-0.4729503978207237f,-0.7468911854058281f,0.6957704207310742f,-1.8671548946721521f,0.7168444022234249f,0.3028860433970117f,0.8124156249828309f,-0.5013048042252861f,-0.7266890835853802f,0.7848812661023198f,0.34858194720819946f,2.473280685743206f,0f,0f,0f,1f], start_interpolation: 0, interpolation_duration: 1 }
$data merge entity $(bone_neck) { transformation: [-0.7509059015850276f,-0.3974824569497049f,0.5273974055510728f,-0.6408664413603302f,0.09889403199175811f,0.7219092721426673f,0.6848846422798931f,-0.7613116500203361f,-0.6529627075118378f,0.5664403756898604f,-0.502777290047134f,1.7894125921653523f,0f,0f,0f,1f], start_interpolation: 0, interpolation_duration: 1 }
$data merge entity $(bone_right_arm2) { transformation: [-0.5902270250804772f,0.19850418769026446f,0.7824500919126267f,-2.084517948812843f,0.8068526310037809f,0.11515096537624797f,0.5794213380737666f,-0.9665870024698884f,0.024917678602266263f,0.9733120479282819f,-0.2281288378323263f,-0.40684448194220413f,0f,0f,0f,1f], start_interpolation: 0, interpolation_duration: 1 }
$data merge entity $(bone_right_arm1) { transformation: [-0.6701536013934584f,0.2253849631066544f,0.8884068751924614f,-1.1016008189417907f,0.9161139247855428f,0.1307443252709482f,0.6578846442712557f,-0.6692406376765299f,0.028291947579656484f,1.1051147210852366f,-0.25902128462212043f,0.7060022303907332f,0f,0f,0f,1f], start_interpolation: 0, interpolation_duration: 1 }
$data merge entity $(bone_left_arm2) { transformation: [-0.5046651502444319f,-0.15870474914100224f,0.8486023148264776f,-0.40600556470447446f,0.01452352859986909f,0.9812578916634721f,0.19215102696880443f,-2.519768356925675f,-0.8631929988396416f,0.10929662688413108f,-0.49290170836179636f,2.152538871964448f,0f,0f,0f,1f], start_interpolation: 0, interpolation_duration: 1 }
$data merge entity $(bone_left_arm1) { transformation: [-0.5502431712268563f,-0.16743248155199827f,0.9789636477336613f,-0.18930447662603989f,-0.14869656186852356f,1.1204397167836184f,0.10805174911480567f,-0.9921170491982167f,-0.9819841098261911f,-0.07584333932276659f,-0.5649123851303659f,1.4384616354569637f,0f,0f,0f,1f], start_interpolation: 0, interpolation_duration: 1 }
$data merge entity $(bone_body2) { transformation: [-1.1889343441762938f,-0.11102528322206978f,1.0397369648944823f,0.3074878537368471f,0.15658221732028368f,1.5377269017287776f,0.34325271938197754f,-0.5103740588075714f,-1.0338576202270766f,0.36057427338832476f,-1.1437084676233416f,0.7368124989262004f,0f,0f,0f,1f], start_interpolation: 0, interpolation_duration: 1 }
$data merge entity $(bone_right_leg2) { transformation: [-0.9721917554984449f,-0.016873629564466877f,0.2335775485062142f,-1.0548807363016088f,-0.0025346530151221227f,0.9981005948045956f,0.061553051791162716f,-2.535888273431702f,-0.2341725134915382f,0.05924933143955102f,-0.9703879382231735f,-0.044813321020264085f,0f,0f,0f,1f], start_interpolation: 0, interpolation_duration: 1 }
$data merge entity $(bone_right_leg1) { transformation: [-1.3012627649999038f,0.13964097345275045f,0.2549380174390448f,-0.5981012569789155f,-2.8912057932946783e-19f,1.1693997332678174f,-0.640532623377557f,-1.1250043523982212f,-0.29067678648729844f,-0.6251259394266915f,-1.1412722477266728f,-0.36953869520417415f,0f,0f,0f,1f], start_interpolation: 0, interpolation_duration: 1 }
$data merge entity $(bone_left_leg2) { transformation: [-0.975947073749928f,-0.16840987702279603f,0.13843923779087838f,1.2379804248340154f,-2.168404344971009e-19f,0.6350202663875383f,0.7724954765415135f,-2.04547400255718f,-0.21800758986547383f,0.7539146998157462f,-0.6197461707528177f,-1.1351934351798647f,0f,0f,0f,1f], start_interpolation: 0, interpolation_duration: 1 }
$data merge entity $(bone_left_leg1) { transformation: [-1.3012627649999038f,-0.1829317911111048f,0.22589589195792295f,0.6218325852084945f,-2.8912057932946783e-19f,1.0361836122188075f,0.8391074421949563f,-1.1250043523982212f,-0.29067678648729844f,0.8189244527719544f,-1.0112603642125753f,-0.0970292078723319f,0f,0f,0f,1f], start_interpolation: 0, interpolation_duration: 1 }
$data merge entity $(bone_tail3) { transformation: [-0.798947033967819f,-0.0025727841639447036f,0.6013958909866866f,1.7149032545435108f,0.004871230863406861f,0.9999303616284609f,0.010749093145499598f,-0.521559496567661f,-0.6013816658528094f,0.01151749431174113f,-0.7988788639718034f,-3.4042240693899855f,0f,0f,0f,1f], start_interpolation: 0, interpolation_duration: 1 }
$data merge entity $(bone_tail2) { transformation: [-1.2317100107003875f,-0.003966375586081417f,0.9271519986044751f,0.487899976728236f,0.007509814247752242f,1.5415593075105438f,0.016571518599311878f,-0.7285920851628833f,-0.9271300681897477f,0.01775613706393424f,-1.2316049152898634f,-1.9836584378579063f,0f,0f,0f,1f], start_interpolation: 0, interpolation_duration: 1 }
$data merge entity $(bone_tail1) { transformation: [-0.915307892625342f,-0.0025727841639447036f,0.4027466231756651f,0.17439517618225953f,0.0022839213986735035f,0.9999303616284609f,0.011578238061981418f,-0.7411794532785727f,-0.40274836486421656f,0.01151749431174113f,-0.9152382760374366f,-0.9608742239601029f,0f,0f,0f,1f], start_interpolation: 0, interpolation_duration: 1 }
$data merge entity $(bone_body1) { transformation: [-1.3012627649999038f,-0.0034303788852596048f,0.29065654422924325f,0.5f,-2.8912057932946783e-19f,1.333240482171281f,0.015735135127067784f,-1.1875f,-0.29067678648729844f,0.015356659082321507f,-1.3011721471800048f,-0.12499999999999994f,0f,0f,0f,1f], start_interpolation: 0, interpolation_duration: 1 }
data modify entity @s data merge value {"locators":{"head":{"posx":-1.6454849085386571,"posy":-0.8952458352744124,"posz":1.9404072192396398,"roty":116.61093307948465,"rotx":46.23204481225948},"neck":{"posx":-0.9331881464905888,"posy":-1.0681911913629438,"posz":1.3133632587816275,"roty":46.36904958182063,"rotx":43.22653559384919},"right_arm":{"posx":-2.7111363715269503,"posy":-1.3210203474452833,"posz":-1.264534756041681,"roty":73.7455838224945,"rotx":35.409852928170785},"left_arm":{"posx":-0.640060401086434,"posy":-3.598009482611041,"posz":2.3436426616886927,"roty":59.85028970053543,"rotx":11.078342359706365},"tail1":{"posx":1.003157619150519,"posy":-1.471758758704624,"posz":-2.466353069340726,"roty":36.97242837145183,"rotx":0.6158895315061357},"tail2":{"posx":2.0565652224386994,"posy":-1.8279217313106724,"posz":-3.868710141658285,"roty":36.97242837145183,"rotx":0.6158895315061357}},"cameras":{}}