# This file was generated by Animated Java via MC-Build. It is not recommended to edit this file directly.
$data merge entity $(bone_jaw) { transformation: [-0.42457451117147565f,-0.836358988230417f,0.34675658215770827f,-1.9934518061857514f,0.6355920203737482f,-0.0025740955520696662f,0.7720208272250856f,-0.6542229233089103f,-0.6447939733749992f,0.5481760819648025f,0.5326759944478435f,2.427099152825251f,0f,0f,0f,1f], start_interpolation: 0, interpolation_duration: 1 }
$data merge entity $(bone_head) { transformation: [-0.4776463250679101f,-0.7348136688443f,0.7053565482992977f,-1.8367059065636853f,0.7150410229204667f,0.3129245226390739f,0.8101972467689333f,-0.47417909069359176f,-0.7253932200468741f,0.7923080936167994f,0.334181928145943f,2.5013618035243494f,0f,0f,0f,1f], start_interpolation: 0, interpolation_duration: 1 }
$data merge entity $(bone_neck) { transformation: [-0.7591194552355102f,-0.3852657042313325f,0.5246979986869376f,-0.6214842442670027f,0.09877011193510475f,0.7285443823663711f,0.6778403557702429f,-0.746897263862091f,-0.6434144214044857f,0.5663862816713856f,-0.5149994779251653f,1.8028465141365482f,0f,0f,0f,1f], start_interpolation: 0, interpolation_duration: 1 }
$data merge entity $(bone_right_arm2) { transformation: [-0.5803852403723904f,0.215648236320527f,0.7852698968696868f,-2.100585177928159f,0.8136910361792936f,0.11501995842670436f,0.5698046216072543f,-0.9476067848939094f,0.032555650805195874f,0.969673268341128f,-0.24222692308099197f,-0.3708201956937627f,0f,0f,0f,1f], start_interpolation: 0, interpolation_duration: 1 }
$data merge entity $(bone_right_arm1) { transformation: [-0.6589790750061515f,0.24485060165559833f,0.8916085287374568f,-1.0963034260431859f,0.9238783639952395f,0.13059557779698722f,0.64696566411657f,-0.6591808609099018f,0.03696422851839948f,1.1009831900956557f,-0.2750284855815429f,0.7251713185091619f,0f,0f,0f,1f], start_interpolation: 0, interpolation_duration: 1 }
$data merge entity $(bone_left_arm2) { transformation: [-0.5204079305857343f,-0.11809423738089132f,0.845712325132429f,-0.4383786677446939f,0.012291218077419154f,0.9892522623898946f,0.14570136346187051f,-2.480525352961604f,-0.8538293223716593f,0.08621897966167585f,-0.5133632006722458f,2.204643223570182f,0f,0f,0f,1f], start_interpolation: 0, interpolation_duration: 1 }
$data merge entity $(bone_left_arm1) { transformation: [-0.5746532683391214f,-0.1250056170926315f,0.9712457072373087f,-0.1760865111744846f,-0.1515383734038709f,1.1239140053302576f,0.05499488115315867f,-0.9816965701721068f,-0.9674609808760862f,-0.10179347357385671f,-0.5855154533951208f,1.4473260360000226f,0f,0f,0f,1f], start_interpolation: 0, interpolation_duration: 1 }
$data merge entity $(bone_body2) { transformation: [-1.2019391374562245f,-0.09815089682835075f,1.025988867262809f,0.31388002588587716f,0.15638601056391588f,1.5405212176568712f,0.33057864131449566f,-0.5075767033656491f,-1.0187395005571025f,0.35228571337087417f,-1.159745252460162f,0.7360138883488667f,0f,0f,0f,1f], start_interpolation: 0, interpolation_duration: 1 }
$data merge entity $(bone_right_leg2) { transformation: [-0.9885937404180357f,-0.006005095344483791f,0.15048706002903056f,-1.0568758890441838f,0.003095684002847505f,0.9981834422703189f,0.06016836642232809f,-2.532157713838218f,-0.1505750083740057f,0.05994793080065963f,-0.9867793129397715f,-0.022157068436404193f,0f,0f,0f,1f], start_interpolation: 0, interpolation_duration: 1 }
$data merge entity $(bone_right_leg1) { transformation: [-1.303233014528062f,0.13750818598163592f,0.24587189023944528f,-0.5997168149715852f,-1.4456028966473392e-19f,1.1637045078452388f,-0.650822246238132f,-1.1250023273555076f,-0.2817117101255785f,-0.6361297784151341f,-1.1374336003342842f,-0.3621670672390538f,0f,0f,0f,1f], start_interpolation: 0, interpolation_duration: 1 }
$data merge entity $(bone_left_leg2) { transformation: [-0.9774247608960465f,-0.16288870317793683f,0.13456636713650388f,1.2309906350733293f,-1.0842021724855044e-19f,0.6368987031767016f,0.7709474961966187f,-2.045824605401083f,-0.2112837825941839f,0.753543172133386f,-0.6225205626674898f,-1.1401671087589778f,0f,0f,0f,1f], start_interpolation: 0, interpolation_duration: 1 }
$data merge entity $(bone_left_leg1) { transformation: [-1.303233014528062f,-0.17722250175811263f,0.2189832698917288f,0.6220641361484728f,-1.4456028966473392e-19f,1.0364414495187897f,0.8387889481253121f,-1.1250023273555076f,-0.2817117101255785f,0.8198530870636296f,-1.013043535978655f,-0.09806233899632386f,0f,0f,0f,1f], start_interpolation: 0, interpolation_duration: 1 }
$data merge entity $(bone_tail3) { transformation: [-0.9803888716706899f,-0.0018233434165283978f,0.19706429337415945f,0.7535613330999227f,-0.00012527998895858113f,0.9999627623118776f,0.008628921979225837f,-0.5306966797213755f,-0.19707268864354527f,0.008435010870449589f,-0.9803525926840913f,-3.8376843740941267f,0f,0f,0f,1f], start_interpolation: 0, interpolation_duration: 1 }
$data merge entity $(bone_tail2) { transformation: [-1.5114328438256468f,-0.0028109877671479463f,0.3038074522851625f,0.2618590509551365f,-0.00019313998297781256f,1.5416092585641445f,0.013302921384639831f,-0.7343845863645209f,-0.30382039499213226f,0.013003975091943116f,-1.5113769137213071f,-2.025738913430108f,0f,0f,0f,1f], start_interpolation: 0, interpolation_duration: 1 }
$data merge entity $(bone_tail1) { transformation: [-0.9792490079374019f,-0.0018233434165283978f,0.20265254963212176f,0.16894684296318235f,-0.00007606453741464948f,0.9999627623118776f,0.008629496148985066f,-0.7435439179556407f,-0.20266073785467256f,0.008435010870449589f,-0.9792126816600238f,-0.9599928469344983f,0f,0f,0f,1f], start_interpolation: 0, interpolation_duration: 1 }
$data merge entity $(bone_body1) { transformation: [-1.303233014528062f,-0.0024311245553711967f,0.28170121983277646f,0.5f,-1.4456028966473392e-19f,1.3332836830825034f,0.01150644183628942f,-1.1875f,-0.2817117101255785f,0.011246681160599452f,-1.3031844851435164f,-0.12499999999999994f,0f,0f,0f,1f], start_interpolation: 0, interpolation_duration: 1 }
data modify entity @s data merge value {"locators":{"head":{"posx":-1.6244084650666568,"posy":-0.8730808384844476,"posz":1.9683623270300323,"roty":115.35053246303947,"rotx":46.0689579420228},"neck":{"posx":-0.9221565826338752,"posy":-1.055446395753208,"posz":1.3331193825481813,"roty":45.534451802355875,"rotx":42.67511046226691},"right_arm":{"posx":-2.745142440206804,"posy":-1.296673364363035,"posz":-1.21734527431907,"roty":72.85692706103427,"rotx":34.73660254847254},"left_arm":{"posx":-0.7106150972684087,"posy":-3.5433964982122728,"posz":2.4284701768928576,"roty":58.74146606300309,"rotx":8.377895695262744},"tail1":{"posx":0.5212568691711037,"posy":-1.4784086142390915,"posz":-2.6814234929728147,"roty":11.36576794664336,"rotx":0.4944069467364308},"tail2":{"posx":0.866803136357081,"posy":-1.8382940366424003,"posz":-4.400203659246393,"roty":11.36576794664336,"rotx":0.4944069467364308}},"cameras":{}}