# This file was generated by Animated Java via MC-Build. It is not recommended to edit this file directly.
$data merge entity $(bone_jaw) { transformation: [-0.42819192175029047f,-0.8316571149174239f,0.3535507337780819f,-1.976913047998326f,0.6333117735526355f,0.0029228765149678093f,0.7738912418889965f,-0.6394160088482608f,-0.6446455426258748f,0.555281820340001f,0.525446690324039f,2.44589821996899f,0f,0f,0f,1f], start_interpolation: 0, interpolation_duration: 1 }
$data merge entity $(bone_head) { transformation: [-0.48171591196907676f,-0.7264625028084634f,0.7112151658739176f,-1.8188652333596775f,0.7124757452467149f,0.3201858627047044f,0.809619864973175f,-0.45950048329866633f,-0.7252262354541091f,0.7970936239472172f,0.32297625620431253f,2.517670721347726f,0f,0f,0f,1f], start_interpolation: 0, interpolation_duration: 1 }
$data merge entity $(bone_neck) { transformation: [-0.7639443319389787f,-0.37788794200715536f,0.5230580856691771f,-0.6104024344013792f,0.09845992672136987f,0.7328336296416004f,0.6732462507109416f,-0.7403535994509116f,-0.6377261955795215f,0.5658229180157996f,-0.5226372785400555f,1.8107041799319044f,0f,0f,0f,1f], start_interpolation: 0, interpolation_duration: 1 }
$data merge entity $(bone_right_arm2) { transformation: [-0.5779893094281994f,0.22523115170412028f,0.7843464072007653f,-2.1089768223660323f,0.8153555040584896f,0.11990881186562405f,0.5664073435598279f,-0.9469206283613527f,0.03352253254513646f,0.9668985495588511f,-0.2529494705919549f,-0.34814589045144284f,0f,0f,0f,1f], start_interpolation: 0, interpolation_duration: 1 }
$data merge entity $(bone_right_arm1) { transformation: [-0.6562586950799346f,0.25573120349738654f,0.8905599831758688f,-1.0935011216075359f,0.92576822856641f,0.1361464634724273f,0.6431083380002212f,-0.6549338591086175f,0.03806204216062368f,1.0978327281449454f,-0.2872030447346154f,0.7365299033922251f,0f,0f,0f,1f], start_interpolation: 0, interpolation_duration: 1 }
$data merge entity $(bone_left_arm2) { transformation: [-0.5297790125497501f,-0.10158675748898267f,0.8420298857906924f,-0.44583942571642887f,0.011186977982704852f,0.9918775327799413f,0.12670363645133087f,-2.4620920727922506f,-0.8480619372342013f,0.07654469719876854f,-0.5243394510670759f,2.2279209594674736f,0f,0f,0f,1f], start_interpolation: 0, interpolation_duration: 1 }
$data merge entity $(bone_left_arm1) { transformation: [-0.5878974494726188f,-0.10854764069433477f,0.9652797550698593f,-0.16864113278374032f,-0.15223314864448426f,1.1246585162349154f,0.03375347772465708f,-0.9762771606307524f,-0.9593605496901675f,-0.11194480114956734f,-0.5968808123387848f,1.4524334116751774f,0f,0f,0f,1f], start_interpolation: 0, interpolation_duration: 1 }
$data merge entity $(bone_body2) { transformation: [-1.2095785255700497f,-0.09197289571444321f,1.0175486334215822f,0.31705512340431163f,0.1558948839755023f,1.5418258443551798f,0.3246756770581174f,-0.5064438075569042f,-1.009733143000909f,0.34822190708911815f,-1.168813470059773f,0.7357989805188558f,0f,0f,0f,1f], start_interpolation: 0, interpolation_duration: 1 }
$data merge entity $(bone_right_leg2) { transformation: [-0.992458806842596f,-0.0021283363924776283f,0.12256013587121758f,-1.0569903388136717f,0.005153317475358826f,0.9982408212132539f,0.059065270527499825f,-2.5314247324478343f,-0.12247024144488741f,0.059251439203525214f,-0.9907019263697544f,-0.014483422227114295f,0f,0f,0f,1f], start_interpolation: 0, interpolation_duration: 1 }
$data merge entity $(bone_right_leg1) { transformation: [-1.3042040707398808f,0.13570855869443754f,0.2416872084748799f,-0.6005175935619396f,0f,1.1625947119336595f,-0.6528026605044355f,-1.1250016850886306f,-0.27718138401289083f,-0.6385409154147819f,-1.1371955669434033f,-0.35842287140269025f,0f,0f,0f,1f], start_interpolation: 0, interpolation_duration: 1 }
$data merge entity $(bone_left_leg2) { transformation: [-0.9781530530549106f,-0.15973077214509718f,0.13305143828342564f,1.2269937153185246f,0f,0.6400210401683535f,0.7683573830853837f,-2.0487028448413764f,-0.20788603800966815f,0.7515711201022495f,-0.6260385344600544f,-1.1405137122808096f,0f,0f,0f,1f], start_interpolation: 0, interpolation_duration: 1 }
$data merge entity $(bone_left_leg1) { transformation: [-1.3042040707398808f,-0.1738307340281579f,0.2158990401797411f,0.6221737227566987f,0f,1.0385451675677244f,0.8361828225331497f,-1.1250016850886306f,-0.27718138401289083f,0.8179147807728728f,-1.0158561263917933f,-0.09856532389060506f,0f,0f,0f,1f], start_interpolation: 0, interpolation_duration: 1 }
$data merge entity $(bone_tail3) { transformation: [-0.9835110135920673f,-0.0015265420026416932f,0.18084179774769576f,0.7086593295021707f,-0.0002023909374708123f,0.9999730385819111f,0.007340377862770256f,-0.535435306292593f,-0.18084812739150155f,0.0071827417309818856f,-0.9834848056987018f,-3.846223300088925f,0f,0f,0f,1f], start_interpolation: 0, interpolation_duration: 1 }
$data merge entity $(bone_tail2) { transformation: [-1.516246145954437f,-0.002353418920739277f,0.27879777152769764f,0.2469283086517281f,-0.0003120193619341689f,1.5416251011471127f,0.01131641587177081f,-0.7367187583865793f,-0.2788075297285649f,0.011073393501930406f,-1.5162057421188317f,-2.026142069402356f,0f,0f,0f,1f], start_interpolation: 0, interpolation_duration: 1 }
$data merge entity $(bone_tail1) { transformation: [-0.981495007168317f,-0.0015265420026416932f,0.19148164552556884f,0.16616593617685083f,-0.00012289003805283097f,0.9999730385819111f,0.007342139150027417f,-0.7445044199787269f,-0.19148769099266927f,0.0071827417309818856f,-0.9814687322678812f,-0.9593955799936487f,0f,0f,0f,1f], start_interpolation: 0, interpolation_duration: 1 }
$data merge entity $(bone_body1) { transformation: [-1.3042040707398808f,-0.0020353893368555906f,0.27717391080971f,0.5f,0f,1.3332973847758813f,0.009790890029665825f,-1.1875f,-0.27718138401289083f,0.009576988974642514f,-1.3041689075486562f,-0.12499999999999994f,0f,0f,0f,1f], start_interpolation: 0, interpolation_duration: 1 }
data modify entity @s data merge value {"locators":{"head":{"posx":-1.6128347223199528,"posy":-0.8622759250716063,"posz":1.9851253035425183,"roty":114.42369713902157,"rotx":46.02659001324904},"neck":{"posx":-0.9160488828268324,"posy":-1.0500920285446944,"posz":1.3449871477037258,"roty":45.02305687871572,"rotx":42.31810913778425},"right_arm":{"posx":-2.762505509509798,"posy":-1.2990733930032352,"posz":-1.1864745464302455,"roty":72.1256372267071,"rotx":34.500076936693446},"left_arm":{"posx":-0.732156422838433,"posy":-3.518020609921776,"posz":2.4665498588793806,"roty":58.089113263956094,"rotx":7.279149294307348},"tail1":{"posx":0.4953408278042586,"posy":-1.4816267286751743,"posz":-2.6850689136945123,"roty":10.419079808629135,"rotx":0.4205764484825748},"tail2":{"posx":0.8123864271137168,"posy":-1.843770956883543,"posz":-4.408860851816359,"roty":10.419079808629135,"rotx":0.4205764484825748}},"cameras":{}}