# This file was generated by Animated Java via MC-Build. It is not recommended to edit this file directly.
$data merge entity $(bone_jaw) { transformation: [-0.43293189214605127f,-0.8255684730364524f,0.36194843982410063f,-1.9572938356719267f,0.6301169486229077f,0.009971498519466215f,0.7764362177767291f,-0.6224325939659805f,-0.6446104310519618f,0.5642138473535872f,0.5158877073874384f,2.4680701197708794f,0f,0f,0f,1f], start_interpolation: 0, interpolation_duration: 1 }
$data merge entity $(bone_head) { transformation: [-0.48704837866430767f,-0.7160920950290994f,0.7180675374066877f,-1.797723271803774f,0.7088815672007711f,0.3292338378164388f,0.8091458482372863f,-0.4426224054688058f,-0.7251867349334571f,0.8027715686753576f,0.30868593748834416f,2.5366669947682894f,0f,0f,0f,1f], start_interpolation: 0, interpolation_duration: 1 }
$data merge entity $(bone_neck) { transformation: [-0.7695954702978262f,-0.3691378747714887f,0.5210182736778592f,-0.5973891973468934f,0.09801634281133936f,0.7379980433032889f,0.6676463769259944f,-0.7332908166318496f,-0.6309640311768634f,0.5648859331667816f,-0.5317784067366187f,1.8198877508935132f,0f,0f,0f,1f], start_interpolation: 0, interpolation_duration: 1 }
$data merge entity $(bone_right_arm2) { transformation: [-0.5763768500487738f,0.23634989404693557f,0.7822585597562072f,-2.1183574906649136f,0.8164983853909185f,0.12735760650093014f,0.5631255869878203f,-0.9496374140064077f,0.033468094984274444f,0.9632854030090752f,-0.26638528294139513f,-0.3207719558072848f,0f,0f,0f,1f], start_interpolation: 0, interpolation_duration: 1 }
$data merge entity $(bone_right_arm1) { transformation: [-0.6544278818262118f,0.2683556088657914f,0.8881894063898601f,-1.0902277292556763f,0.9270658750792719f,0.14460394904793109f,0.6393821768924209f,-0.6504874598544723f,0.03800023284672827f,1.0937303013332207f,-0.3024582900063757f,0.7499414739373316f,0f,0f,0f,1f], start_interpolation: 0, interpolation_duration: 1 }
$data merge entity $(bone_left_arm2) { transformation: [-0.5408284829306526f,-0.08475934270801325f,0.8368514837619843f,-0.4503910974457929f,0.009977906985645955f,0.9941934565304354f,0.10714388626632276f,-2.4418767675325945f,-0.8410737146190663f,0.06629649173048659f,-0.5368424179972321f,2.252929232744176f,0f,0f,0f,1f], start_interpolation: 0, interpolation_duration: 1 }
$data merge entity $(bone_left_arm1) { transformation: [-0.6030489763840602f,-0.09215635632340384f,0.9576064666739544f,-0.15993138353088887f,-0.15268478808159955f,1.1250384650114598f,0.012116710674904193f,-0.9701216062290674f,-0.9498369831266092f,-0.12233832260700712f,-0.609929542858099f,1.4583783994865547f,0f,0f,0f,1f], start_interpolation: 0, interpolation_duration: 1 }
$data merge entity $(bone_body2) { transformation: [-1.2185261613048914f,-0.08520310089173004f,1.0074119665054828f,0.32059810517354737f,0.15519254278462066f,1.5432386340297015f,0.31823613488513436f,-0.5052832191978343f,-0.9990263826967005f,0.3436559245539343f,-1.17931816599227f,0.7356256294839285f,0f,0f,0f,1f], start_interpolation: 0, interpolation_duration: 1 }
$data merge entity $(bone_right_leg2) { transformation: [-0.9954533644239194f,0.0016251146541855638f,0.09523632846482696f,-1.0567651292268392f,0.007150082636012078f,0.9983083185312687f,0.05770075796355645f,-2.53107110383445f,-0.09498144858548886f,0.05811936126310652f,-0.9937809941184075f,-0.007365618977976773f,0f,0f,0f,1f], start_interpolation: 0, interpolation_duration: 1 }
$data merge entity $(bone_right_leg1) { transformation: [-1.3052754542817389f,0.13341043357965338f,0.23714009032524863f,-0.6014029926770164f,1.4456028966473392e-19f,1.1620606518296321f,-0.6537528732228011f,-1.1250011339190342f,-0.2720914666566708f,-0.6399956839379126f,-1.1376069339148924f,-0.35420861559004735f,0f,0f,0f,1f], start_interpolation: 0, interpolation_duration: 1 }
$data merge entity $(bone_left_leg2) { transformation: [-0.9789565907113041f,-0.15605329707732815f,0.13149662343267757f,1.2223334462960191f,1.0842021724855044e-19f,0.6443746046060411f,0.7647099900869664f,-2.052997988886652f,-0.2040685999925031f,0.7486178847784116f,-0.6308147660660747f,-1.1400169499389279f,0f,0f,0f,1f], start_interpolation: 0, interpolation_duration: 1 }
$data merge entity $(bone_left_leg1) { transformation: [-1.3052754542817389f,-0.1698410752766837f,0.21257416441383006f,0.6222927457121139f,1.4456028966473392e-19f,1.0416799273461934f,0.8322744179306527f,-1.1250011339190342f,-0.2720914666566708f,0.8147605267136268f,-1.0197594302872286f,-0.09912286559941844f,0f,0f,0f,1f], start_interpolation: 0, interpolation_duration: 1 }
$data merge entity $(bone_tail3) { transformation: [-0.9862018914248527f,-0.0012292500287855504f,0.16554249694386597f,0.6655318441276762f,-0.00023607116835079053f,0.9999818572954512f,0.006019082184467184f,-0.5402978087817598f,-0.16554689251220217f,0.005896950424297926f,-0.9861842892458015f,-3.8535321418588024f,0f,0f,0f,1f], start_interpolation: 0, interpolation_duration: 1 }
$data merge entity $(bone_tail2) { transformation: [-1.5203945826133145f,-0.0018950937943777234f,0.2552113494551267f,0.2320949103102182f,-0.0003639430512074687f,1.5416386966638205f,0.00927941836772024f,-0.7391096950165768f,-0.25521812595631166f,0.009091131904125969f,-1.5203674459206105f,-2.0262356392915057f,0f,0f,0f,1f], start_interpolation: 0, interpolation_duration: 1 }
$data merge entity $(bone_tail1) { transformation: [-0.9835356701243878f,-0.0012292500287855504f,0.18070991820411592f,0.1630325809838935f,-0.00014335210386249864f,0.9999818572954512f,0.006022003828811051f,-0.7454901550717057f,-0.18071404218584083f,0.005896950424297926f,-0.9835180023428892f,-0.9586585065289557f,0f,0f,0f,1f], start_interpolation: 0, interpolation_duration: 1 }
$data merge entity $(bone_body1) { transformation: [-1.3052754542817389f,-0.0016390000383807338f,0.27208653018158097f,0.5f,1.4456028966473392e-19f,1.3333091430606014f,0.008031613087172382f,-1.1875f,-0.2720914666566708f,0.007862600565730567f,-1.3052517730548168f,-0.12499999999999994f,0f,0f,0f,1f], start_interpolation: 0, interpolation_duration: 1 }
data modify entity @s data merge value {"locators":{"head":{"posx":-1.599357534956132,"posy":-0.8502928287660736,"posz":2.004936696201884,"roty":113.26210834626953,"rotx":45.99183120912116},"neck":{"posx":-0.9088875136662307,"posy":-1.0444877085806625,"posz":1.3590458112096158,"roty":44.41442753631344,"rotx":41.8856699143557},"right_arm":{"posx":-2.781860217718001,"posy":-1.3075266649143156,"posz":-1.1487729614091453,"roty":71.19456888770307,"rotx":34.27222971145508},"left_arm":{"posx":-0.7502557164356061,"posy":-3.4902657863827944,"posz":2.507621057175997,"roty":57.319721911220356,"rotx":6.150699133761382},"tail1":{"posx":0.4701025509088218,"posy":-1.4849284600903,"posz":-2.6879666894021925,"roty":9.528924884326784,"rotx":0.34487008813693765},"tail2":{"posx":0.7602628893213819,"posy":-1.8493882627532767,"posz":-4.4160005519914565,"roty":9.528924884326784,"rotx":0.34487008813693765}},"cameras":{}}