# This file was generated by Animated Java via MC-Build. It is not recommended to edit this file directly.
$data merge entity $(bone_jaw) { transformation: [-0.47389530227508253f,-0.7737183480490017f,0.42045589587248267f,-1.8230975309275146f,0.5993825988805563f,0.06637504560563573f,0.797705994386428f,-0.5177479602109649f,-0.6451075434691478f,0.6300430709191029f,0.4322984919543764f,2.6124263018665137f,0f,0f,0f,1f], start_interpolation: 0, interpolation_duration: 1 }
$data merge entity $(bone_head) { transformation: [-0.5331322150594678f,-0.6369038688876499f,0.758780932194351f,-1.6544795459954367f,0.6743054237406259f,0.3979584089952916f,0.8078157588360796f,-0.3382333471362806f,-0.7257459864027913f,0.8376201803358607f,0.19315847564722605f,2.6553504075658974f,0f,0f,0f,1f], start_interpolation: 0, interpolation_duration: 1 }
$data merge entity $(bone_neck) { transformation: [-0.805701653030439f,-0.31102399033549044f,0.5040921778204925f,-0.5115908352696082f,0.09365991388007533f,0.7734410555747314f,0.6269104833095569f,-0.6974796579354554f,-0.5848697862225363f,0.5523160426669084f,-0.5940322568487093f,1.8782982966539992f,0f,0f,0f,1f], start_interpolation: 0, interpolation_duration: 1 }
$data merge entity $(bone_right_arm2) { transformation: [-0.5880180961588007f,0.30494355229209535f,0.7491622978402328f,-2.167023271549674f,0.808718080226779f,0.2050675009757083f,0.5512915623859038f,-1.0260378821083662f,0.014483967139301002f,0.9300305102302053f,-0.3671967656949769f,-0.12485850075208971f,0f,0f,0f,1f], start_interpolation: 0, interpolation_duration: 1 }
$data merge entity $(bone_right_arm1) { transformation: [-0.667645546680305f,0.3462379916649832f,0.8506113590060975f,-1.0679801243515132f,0.9182319869241553f,0.2328370583995021f,0.6259456281256616f,-0.6305982380083086f,0.016445337689414675f,1.0559721418238788f,-0.41692132771617163f,0.8388325277787267f,0f,0f,0f,1f], start_interpolation: 0, interpolation_duration: 1 }
$data merge entity $(bone_left_arm2) { transformation: [-0.6128354135578589f,-0.01859036451782453f,0.7899918697280769f,-0.41025116263385564f,0.004054885003815595f,0.9996360853969994f,0.02666935844313989f,-2.339552624545723f,-0.7902001732453459f,0.019547253496521068f,-0.6125370120113305f,2.3742000914938837f,0f,0f,0f,1f], start_interpolation: 0, interpolation_duration: 1 }
$data merge entity $(bone_left_arm1) { transformation: [-0.6940531892549588f,-0.03421054170022077f,0.8979369778921248f,-0.10299904335920695f,-0.14950028537365256f,1.123176836268413f,-0.07276308190091792f,-0.9332635122219759f,-0.8860648069428452f,-0.16270968087701693f,-0.6910757734074336f,1.4958132747136603f,0f,0f,0f,1f], start_interpolation: 0, interpolation_duration: 1 }
$data merge entity $(bone_body2) { transformation: [-1.2756942839648617f,-0.04970646388018137f,0.9365243220292531f,0.34063676488379957f,0.14829486364345262f,1.550525365225168f,0.28429591916658675f,-0.500573837845732f,-0.9260438281856825f,0.31677247937018277f,-1.2446053467012421f,0.735823476121154f,0f,0f,0f,1f], start_interpolation: 0, interpolation_duration: 1 }
$data merge entity $(bone_right_leg2) { transformation: [-0.9997689127548293f,0.012849795193714889f,-0.01723379971179695f,-1.0498780146734217f,0.012000527187036147f,0.9987506709659995f,0.04850860328023171f,-2.537309211763136f,0.01783559464273493f,0.04829057887875515f,-0.9986740767414035f,0.006746368656924517f,0f,0f,0f,1f], start_interpolation: 0, interpolation_duration: 1 }
$data merge entity $(bone_right_leg1) { transformation: [-1.311055902218265f,0.11586636212688109f,0.2132725607383914f,-0.6062108769295513f,9.03501810404587e-21f,1.1715976046219718f,-0.6365035982787803f,-1.1250000134334832f,-0.24271423327944408f,-0.6258688494799189f,-1.1520224659233134f,-0.329749841127993f,0f,0f,0f,1f], start_interpolation: 0, interpolation_duration: 1 }
$data merge entity $(bone_left_leg2) { transformation: [-0.9832919266636989f,-0.13282763944926174f,0.12447411440266566f,1.192794320097153f,6.776263578034403e-21f,0.6837896716141072f,0.7296791657940298f,-2.0960612143609696f,-0.18203567495958306f,0.7174876327799724f,-0.6723648636341734f,-1.120513993782991f,0f,0f,0f,1f], start_interpolation: 0, interpolation_duration: 1 }
$data merge entity $(bone_left_leg1) { transformation: [-1.311055902218265f,-0.14412495275548343f,0.19529003310373538f,0.6229040314000723f,9.03501810404587e-21f,1.0728118713383799f,0.7917401508659394f,-1.1250000134334832f,-0.24271423327944408f,0.7785116983619775f,-1.054887251916004f,-0.1022052474285142f,0f,0f,0f,1f], start_interpolation: 0, interpolation_duration: 1 }
$data merge entity $(bone_tail3) { transformation: [-0.9945066398548389f,-0.00011935092624001795f,0.10467343999312381f,0.4851456944134377f,-0.00005121321562330526f,0.9999997850642676f,0.0006536425821683045f,-0.5600844688796229f,-0.10467349550790893f,0.00064469122460584f,-0.9945064322121707f,-3.8743439482887254f,0f,0f,0f,1f], start_interpolation: 0, interpolation_duration: 1 }
$data merge entity $(bone_tail2) { transformation: [-1.5331977364428764f,-0.00018399934462002765f,0.16137155332273254f,0.16459204274314565f,-0.00007895370741926228f,1.5416663353074123f,0.0010076989808428026f,-0.7488164100726916f,-0.16137163890802625f,0.0009938989712673365f,-1.5331974163270963f,-2.0228494544340077f,0f,0f,0f,1f], start_interpolation: 0, interpolation_duration: 1 }
$data merge entity $(bone_tail1) { transformation: [-0.9908226453863566f,-0.00011935092624001795f,0.13516830673252778f,0.14482854751312946f,-0.00003111375429700557f,0.9999997850642676f,0.0006549071330896263f,-0.7495083596823122f,-0.1351683558438017f,0.00064469122460584f,-0.9908224361366211f,-0.9532045715583728f,0f,0f,0f,1f], start_interpolation: 0, interpolation_duration: 1 }
$data merge entity $(bone_body1) { transformation: [-1.311055902218265f,-0.00015913456832002392f,0.24271418111148257f,0.5f,9.03501810404587e-21f,1.3333330467523568f,0.0008741944036813453f,-1.1875f,-0.24271423327944408f,0.0008595882994744533f,-1.3110556204255046f,-0.12499999999999994f,0f,0f,0f,1f], start_interpolation: 0, interpolation_duration: 1 }
data modify entity @s data merge value {"locators":{"head":{"posx":-1.511416544445173,"posy":-0.7837146184770203,"posz":2.1363507308106344,"roty":104.28210545128091,"rotx":45.89441443916307},"neck":{"posx":-0.8608191876365804,"posy":-1.0190539072496367,"posz":1.4529989196487292,"roty":40.31773437411536,"rotx":38.822549638118666},"right_arm":{"posx":-2.8832991037718108,"posy":-1.4562062842628527,"posz":-0.8703853801886003,"roty":63.8885326447858,"rotx":33.455664738650114},"left_arm":{"posx":-0.7483545196327034,"posy":-3.3527768194770307,"posz":2.710308854830862,"roty":52.211027571920084,"rotx":1.5282228769132882},"tail1":{"posx":0.36095787591495315,"posy":-1.4983604679436988,"posz":-2.6939719580598407,"roty":6.008353661593617,"rotx":0.03745096393508944},"tail2":{"posx":0.5441811525002599,"posy":-1.8722165128240045,"posz":-4.434599973640367,"roty":6.008353661593617,"rotx":0.03745096393508944}},"cameras":{}}