# This file was generated by Animated Java via MC-Build. It is not recommended to edit this file directly.
$data merge entity $(bone_jaw) { transformation: [-0.5268509264117822f,-0.708099422527027f,0.47013116165165836f,-1.7001914866185925f,0.5560110759054775f,0.1312316064743258f,0.8207496262153282f,-0.4356998319837971f,-0.6428684039595354f,0.6938108339303f,0.32457162832179465f,2.734677906887036f,0f,0f,0f,1f], start_interpolation: 0, interpolation_duration: 1 }
$data merge entity $(bone_head) { transformation: [-0.592707292213255f,-0.550346569086219f,0.7819473893122598f,-1.526425400104757f,0.6255124603936622f,0.4726747541750702f,0.8068071260578975f,-0.2564093595264865f,-0.7232269544544773f,0.8598384910322195f,0.056969655869919776f,2.747337830413685f,0f,0f,0f,1f], start_interpolation: 0, interpolation_duration: 1 }
$data merge entity $(bone_neck) { transformation: [-0.8350085598214474f,-0.26162116458683815f,0.4840610201876813f,-0.43764905391802655f,0.08780282827113609f,0.8051053814354323f,0.5865969554398457f,-0.6791252151423267f,-0.5431863109214938f,0.5323154055857613f,-0.6492988068705846f,1.9257905868572105f,0f,0f,0f,1f], start_interpolation: 0, interpolation_duration: 1 }
$data merge entity $(bone_right_arm2) { transformation: [-0.6261566872185456f,0.35202105213267165f,0.69570754049881f,-2.183513712751092f,0.7794407763782539f,0.30549128672720405f,0.54694346129433f,-1.1583369027723665f,-0.019996979030884793f,0.8847351313185005f,-0.46566497424701625f,0.06868918463117357f,0f,0f,0f,1f], start_interpolation: 0, interpolation_duration: 1 }
$data merge entity $(bone_right_arm1) { transformation: [-0.7109487386127236f,0.39969056960897087f,0.7899179366080238f,-1.047513182978233f,0.8849900481794757f,0.3468598984715129f,0.6210087216779371f,-0.6249312019212637f,-0.02270490327465044f,1.0045430136845472f,-0.5287237728429663f,0.9160084306390333f,0f,0f,0f,1f], start_interpolation: 0, interpolation_duration: 1 }
$data merge entity $(bone_left_arm2) { transformation: [-0.672207822140688f,-0.010833839277073404f,0.7402832375377629f,-0.3050416437679743f,0.0013547792319451198f,0.999873255876844f,0.015863062613250156f,-2.2980818640182634f,-0.7403612688587284f,0.011666195127707592f,-0.6721079462892372f,2.418502576712782f,0f,0f,0f,1f], start_interpolation: 0, interpolation_duration: 1 }
$data merge entity $(bone_left_arm1) { transformation: [-0.7614532103820846f,-0.0376092478428101f,0.8413950081976711f,-0.0545864087587013f,-0.1405951406551026f,1.1240444725861902f,-0.07699374661002793f,-0.9057915388798391f,-0.8304173780499979f,-0.1558222547313937f,-0.7584836254708706f,1.5258467571484085f,0f,0f,0f,1f], start_interpolation: 0, interpolation_duration: 1 }
$data merge entity $(bone_body2) { transformation: [-1.3220968863839584f,-0.030128287480618826f,0.870687403005104f,0.3540327312108422f,0.13902114476263214f,1.5548140219533688f,0.2648979480677817f,-0.5f,-0.8600449922923653f,0.2976408706396336f,-1.2956376684097106f,0.7377389851178826f,0f,0f,0f,1f], start_interpolation: 0, interpolation_duration: 1 }
$data merge entity $(bone_right_leg2) { transformation: [-0.998500643090655f,0.007723838009962361f,-0.054192324861960656f,-1.03894547422758f,0.005460760862501357f,0.9991117197222271f,0.041784585728429524f,-2.5514830443013494f,0.05446692426005893f,0.041426004394459315f,-0.9976558726943672f,-0.020810501127973335f,0f,0f,0f,1f], start_interpolation: 0, interpolation_duration: 1 }
$data merge entity $(bone_right_leg1) { transformation: [-1.3146498820843924f,0.09892689601448601f,0.19921579896737687f,-0.609235838008706f,0f,1.194198024957514f,-0.5930167408811918f,-1.125f,-0.22242631434538324f,-0.5847070413551472f,-1.1774642195218574f,-0.31267220272891705f,0f,0f,0f,1f], start_interpolation: 0, interpolation_duration: 1 }
$data merge entity $(bone_left_leg2) { transformation: [-0.9859874115632943f,-0.1142242633168223f,0.12157977590226231f,1.1691509483719187f,0f,0.7288093063393773f,0.6847167260941679f,-2.149198312986142f,-0.16681973575903744f,0.6751220724156818f,-0.7185968014808026f,-1.082766842174703f,0f,0f,0f,1f], start_interpolation: 0, interpolation_duration: 1 }
$data merge entity $(bone_left_leg1) { transformation: [-1.3146498820843924f,-0.12312237284775918f,0.18524131995213328f,0.6232484264454118f,0f,1.110428086396833f,0.7380563953512259f,-1.125f,-0.22242631434538324f,0.7277143148400906f,-1.0948681146335955f,-0.10414753303012027f,0f,0f,0f,1f], start_interpolation: 0, interpolation_duration: 1 }
$data merge entity $(bone_tail3) { transformation: [-0.9969746296494737f,0f,0.07772765167747406f,0.398176071303178f,0f,1f,0f,-0.5625f,-0.07772765167747406f,0f,-0.9969746296494737f,-3.877330907171056f,0f,0f,0f,1f], start_interpolation: 0, interpolation_duration: 1 }
$data merge entity $(bone_tail2) { transformation: [-1.5370025540429384f,0f,0.11983012966943916f,0.12781489570172994f,0f,1.5416666666666665f,0f,-0.75f,-0.11983012966943916f,0f,-1.5370025540429384f,-2.0177194330379775f,0f,0f,0f,1f], start_interpolation: 0, interpolation_duration: 1 }
$data merge entity $(bone_tail1) { transformation: [-0.9936128606653163f,0f,0.1128427362327186f,0.13212109603763095f,0f,1f,0f,-0.75f,-0.1128427362327186f,0f,-0.9936128606653163f,-0.9479004265519895f,0f,0f,0f,1f], start_interpolation: 0, interpolation_duration: 1 }
$data merge entity $(bone_body1) { transformation: [-1.3146498820843924f,0f,0.22242631434538324f,0.5f,0f,1.3333333333333333f,0f,-1.1875f,-0.22242631434538324f,0f,-1.3146498820843924f,-0.12499999999999994f,0f,0f,0f,1f], start_interpolation: 0, interpolation_duration: 1 }
data modify entity @s data merge value {"locators":{"head":{"posx":-1.437884914310263,"posy":-0.7431195357509415,"posz":2.2538248754319183,"roty":94.16698600977469,"rotx":45.8206551901395},"neck":{"posx":-0.8175530246321461,"posy":-1.0104629384750266,"posz":1.535741505160626,"roty":36.70502590374747,"rotx":35.91588788652765},"right_arm":{"posx":-2.9225233280843277,"posy":-1.6885848716230947,"posz":-0.5844632707532491,"roty":56.20401693926459,"rotx":33.15757328592304},"left_arm":{"posx":-0.6223364343759894,"posy":-3.3059713249037292,"posz":2.7891629340333637,"roty":47.7634886396653,"rotx":0.9089246604179381},"tail1":{"posx":0.3058744849361775,"posy":-1.5,"posz":-2.6934235344623065,"roty":4.4579629629629665,"rotx":0},"tail2":{"posx":0.4418978753717572,"posy":-1.875,"posz":-4.438129136348885,"roty":4.4579629629629665,"rotx":0}},"cameras":{}}