# This file was generated by Animated Java via MC-Build. It is not recommended to edit this file directly.
$data merge entity $(bone_jaw) { transformation: [-0.563813342089326f,-0.6607997681903235f,0.49543736399435945f,-1.621857553353137f,0.5249971183448785f,0.17633089969345733f,0.8326376399988591f,-0.3860406924782712f,-0.6375676756326645f,0.7295553989745472f,0.24750026023309762f,2.805593882317483f,0f,0f,0f,1f], start_interpolation: 0, interpolation_duration: 1 }
$data merge entity $(bone_head) { transformation: [-0.6342900098504918f,-0.4931304226670953f,0.787479250294276f,-1.4468621643988535f,0.5906217581379883f,0.5220597345466813f,0.8026484737287181f,-0.20767436498300057f,-0.7172636350867475f,0.8659682556567654f,-0.03545219283661384f,2.79771561724268f,0f,0f,0f,1f], start_interpolation: 0, interpolation_duration: 1 }
$data merge entity $(bone_neck) { transformation: [-0.8516971387744229f,-0.23293786393554755f,0.4694165904062253f,-0.39211613487506447f,0.08388990232312724f,0.8236159551587685f,0.560909299883792f,-0.6689724623451747f,-0.5172760076513095f,0.517104157741024f,-0.6819302178047756f,1.9528621515021165f,0f,0f,0f,1f], start_interpolation: 0, interpolation_duration: 1 }
$data merge entity $(bone_right_arm2) { transformation: [-0.6528768203126472f,0.37435751576902776f,0.6584894136473947f,-2.181591508667612f,0.7563966854574429f,0.368348510228997f,0.5405399423179315f,-1.2413277207121638f,-0.04019840453850934f,0.8509852086842171f,-0.5236489882289831f,0.19293903061773876f,0f,0f,0f,1f], start_interpolation: 0, interpolation_duration: 1 }
$data merge entity $(bone_right_arm1) { transformation: [-0.7412872230633181f,0.4250517626960835f,0.7476598550788126f,-1.033511790990477f,0.8588254032798048f,0.4182290376558403f,0.6137380595068179f,-0.6226230548984781f,-0.04564193848643248f,0.9662227890268714f,-0.5945597887183245f,0.962410439026632f,0f,0f,0f,1f], start_interpolation: 0, interpolation_duration: 1 }
$data merge entity $(bone_left_arm2) { transformation: [-0.7060433825115265f,-0.010764620085753011f,0.7080867637275051f,-0.2353691822718974f,0.000006967601846188639f,0.9998843578604973f,0.015207592095839342f,-2.277782907878305f,-0.708168583010525f,0.010742153429844123f,-0.7059616591406044f,2.435989028712565f,0f,0f,0f,1f], start_interpolation: 0, interpolation_duration: 1 }
$data merge entity $(bone_left_arm1) { transformation: [-0.7993431131192759f,-0.04361266648454881f,0.8051829169669064f,-0.024791534335629306f,-0.13458321557151484f,1.125067882632873f,-0.07266790556262771f,-0.8893968003704402f,-0.795052798586144f,-0.14659877807995314f,-0.7972269768831516f,1.5429729056904609f,0f,0f,0f,1f], start_interpolation: 0, interpolation_duration: 1 }
$data merge entity $(bone_body2) { transformation: [-1.3485204697261697f,-0.020176293677182613f,0.8294756803833419f,0.36175690232864777f,0.1328256786782848f,1.5572018770058655f,0.25381902564131703f,-0.5f,-0.8190203454479068f,0.28576157171198957f,-1.3245717958342347f,0.7390103274534565f,0f,0f,0f,1f], start_interpolation: 0, interpolation_duration: 1 }
$data merge entity $(bone_right_leg2) { transformation: [-0.9981089647023833f,0.002392398826770406f,-0.061422886683957706f,-1.0323903671665122f,0.000017100376764223046f,0.9992530932309474f,0.0386426626406694f,-2.559894035324747f,0.06146945817488356f,0.03856853764711782f,-0.9973635112713162f,-0.0418052285011552f,0f,0f,0f,1f], start_interpolation: 0, interpolation_duration: 1 }
$data merge entity $(bone_right_leg1) { transformation: [-1.316587165643362f,0.08902219886590124f,0.1909216099608313f,-0.6108704210115867f,0f,1.208424952346435f,-0.5634597699253194f,-1.125f,-0.21065614883253672f,-0.5563829260800279f,-1.1932475871768808f,-0.3027411255774528f,0f,0f,0f,1f], start_interpolation: 0, interpolation_duration: 1 }
$data merge entity $(bone_left_leg2) { transformation: [-0.9874403742325216f,-0.10345777804390417f,0.11940684862165962f,1.1554078970865236f,0f,0.7557772814982537f,0.6548287568296838f,-2.1817560258266364f,-0.15799211162440255f,0.6466043527021198f,-0.7462850016790735f,-1.0565415666065117f,0f,0f,0f,1f], start_interpolation: 0, interpolation_duration: 1 }
$data merge entity $(bone_left_leg1) { transformation: [-1.316587165643362f,-0.11105739588371535f,0.17900354147469705f,0.6234300467790652f,0f,1.13299037296397f,0.7029300054406138f,-1.125f,-0.21065614883253672f,0.6941014676315481f,-1.118760437881387f,-0.10525098604694963f,0f,0f,0f,1f], start_interpolation: 0, interpolation_duration: 1 }
$data merge entity $(bone_tail3) { transformation: [-0.9976667417036447f,0f,0.06827204770938991f,0.36326821639067397f,0f,1f,0f,-0.5625f,-0.06827204770938991f,0f,-0.9976667417036447f,-3.8764005802809187f,0f,0f,0f,1f], start_interpolation: 0, interpolation_duration: 1 }
$data merge entity $(bone_tail2) { transformation: [-1.538069560126452f,0f,0.10525274021864277f,0.11054978422261227f,0f,1.5416666666666665f,0f,-0.75f,-0.10525274021864277f,0f,-1.538069560126452f,-2.014309445550259f,0f,0f,0f,1f], start_interpolation: 0, interpolation_duration: 1 }
$data merge entity $(bone_tail1) { transformation: [-0.9946163046466174f,0f,0.10362628301308083f,0.12477389660204108f,0f,1f,0f,-0.75f,-0.10362628301308083f,0f,-0.9946163046466174f,-0.9445763364865924f,0f,0f,0f,1f], start_interpolation: 0, interpolation_duration: 1 }
$data merge entity $(bone_body1) { transformation: [-1.316587165643362f,0f,0.21065614883253672f,0.5f,0f,1.3333333333333333f,0f,-1.1875f,-0.21065614883253672f,0f,-1.316587165643362f,-0.12499999999999994f,0f,0f,0f,1f], start_interpolation: 0, interpolation_duration: 1 }
data modify entity @s data merge value {"locators":{"head":{"posx":-1.391645054665544,"posy":-0.7206654602113562,"posz":2.326469973221314,"roty":87.42229350299185,"rotx":45.517566524072436},"neck":{"posx":-0.7892900790872237,"posy":-1.0059971568536232,"posz":1.5855513657491747,"roty":34.54214612194005,"rotx":34.11870523860563},"right_arm":{"posx":-2.925998532529878,"posy":-1.8326714092590364,"posz":-0.3987340842356437,"roty":51.507309329440716,"rotx":32.72040262598493},"left_arm":{"posx":-0.5345202326429266,"posy":-3.2852714972618378,"posz":2.8224882412911807,"roty":45.08610697499262,"rotx":0.8713644327157725},"tail1":{"posx":0.2821951597357734,"posy":-1.5,"posz":-2.691671324507841,"roty":3.9147453703703547,"rotx":0},"tail2":{"posx":0.4016712432272058,"posy":-1.875,"posz":-4.437588122489219,"roty":3.9147453703703547,"rotx":0}},"cameras":{}}