# This file was generated by Animated Java via MC-Build. It is not recommended to edit this file directly.
$data merge entity $(bone_jaw) { transformation: [-0.7374565700816474f,-0.40792842035843585f,0.5382863653365964f,-1.2108936603686333f,0.3708782395007917f,0.4214905754566035f,0.8275234294363236f,-0.13477290278491874f,-0.5644529552657207f,0.8099012894576305f,-0.1595392197130913f,3.0861232498369593f,0f,0f,0f,1f], start_interpolation: 0, interpolation_duration: 1 }
$data merge entity $(bone_head) { transformation: [-0.8296386413418534f,-0.23136836903045255f,0.7237357270472643f,-1.0500634988025745f,0.4172380194383907f,0.7568301798437099f,0.7202399003199327f,0.025280408397288512f,-0.6350095746739358f,0.7995634788370001f,-0.47231989517963524f,2.981163273130374f,0f,0f,0f,1f], start_interpolation: 0, interpolation_duration: 1 }
$data merge entity $(bone_neck) { transformation: [-0.9198193277543734f,-0.11350182716469415f,0.37556589238077603f,-0.16441085600351968f,0.06359484088409768f,0.9014502452875975f,0.4281858842650659f,-0.6164068666974666f,-0.3871538460385212f,0.41773770538605437f,-0.82195322798586f,2.0630568864384404f,0f,0f,0f,1f], start_interpolation: 0, interpolation_duration: 1 }
$data merge entity $(bone_right_arm2) { transformation: [-0.7847127058772803f,0.4158730156001129f,0.4596472605492448f,-2.053917531540093f,0.6110624821464223f,0.643490656459089f,0.4610015379181549f,-1.5811638758758162f,-0.10406061766014253f,0.6426269601763679f,-0.7590796914070819f,0.8244912426488498f,0f,0f,0f,1f], start_interpolation: 0, interpolation_duration: 1 }
$data merge entity $(bone_right_arm1) { transformation: [-0.8909758847981618f,0.4721891531292948f,0.5218911604152883f,-0.9468539863506886f,0.6938105266037503f,0.7306300161879239f,0.5234288295112383f,-0.6106008576252875f,-0.11815215963495349f,0.7296493610335842f,-0.8618717329517908f,1.1785907830567584f,0f,0f,0f,1f], start_interpolation: 0, interpolation_duration: 1 }
$data merge entity $(bone_left_arm2) { transformation: [-0.8435647584023259f,-0.010660983821426932f,0.5369216346968941f,0.09296373387471624f,-0.004994874596365181f,0.9999154432894135f,0.012006560669155994f,-2.1773918187486485f,-0.5370042361186664f,0.007446455216733039f,-0.8435466796184505f,2.484406234240137f,0f,0f,0f,1f], start_interpolation: 0, interpolation_duration: 1 }
$data merge entity $(bone_left_arm1) { transformation: [-0.954664490218485f,-0.05982693259923823f,0.611724984119572f,0.12489355187869078f,-0.10415849819582279f,1.129428352017136f,-0.0520923397237139f,-0.8081250823476798f,-0.6057538487817599f,-0.09991667898837639f,-0.9551177617919493f,1.6128959009329757f,0f,0f,0f,1f], start_interpolation: 0, interpolation_duration: 1 }
$data merge entity $(bone_body2) { transformation: [-1.456380602277758f,0.01574671127989626f,0.6210088782275077f,0.39877825536303746f,0.10069183139982134f,1.5678770993498343f,0.19638482850807193f,-0.5f,-0.6129935895609919f,0.22013152173794295f,-1.4431650691237343f,0.7441255136127634f,0f,0f,0f,1f], start_interpolation: 0, interpolation_duration: 1 }
$data merge entity $(bone_right_leg2) { transformation: [-0.9979861466451334f,-0.019312323397989994f,-0.06042090093146385f,-1.0077277516736596f,-0.02098600332438405f,0.9994099863805613f,0.027189460959631817f,-2.588007523911945f,0.05986016011394607f,0.02840269860027117f,-0.9978026097096334f,-0.1457005268080364f,0f,0f,0f,1f], start_interpolation: 0, interpolation_duration: 1 }
$data merge entity $(bone_right_leg1) { transformation: [-1.3243817350289726f,0.04834961373536241f,0.14646881084745392f,-0.6174470889306956f,0f,1.2661331806834193f,-0.41795280421390335f,-1.125f,-0.15424265849441904f,-0.4151467950037753f,-1.2576327439584438f,-0.25514224310466604f,0f,0f,0f,1f], start_interpolation: 0, interpolation_duration: 1 }
$data merge entity $(bone_left_leg2) { transformation: [-0.9932863012717295f,-0.057654386651228025f,0.10029105346838178f,1.0955020080609492f,0f,0.866954744749472f,0.4983868683626985f,-2.3223993853698968f,-0.11568199387081429f,0.49504084907838514f,-0.8611342717821793f,-0.915995935710905f,0f,0f,0f,1f], start_interpolation: 0, interpolation_duration: 1 }
$data merge entity $(bone_left_leg1) { transformation: [-1.3243817350289726f,-0.06088725791501549f,0.14171640527128948f,0.6241607876589662f,0f,1.2250515445778762f,0.5263330608133379f,-1.125f,-0.15424265849441904f,0.5227994192123087f,-1.216826917580978f,-0.11053975076614816f,0f,0f,0f,1f], start_interpolation: 0, interpolation_duration: 1 }
$data merge entity $(bone_tail3) { transformation: [-0.9990504253493901f,0f,0.04356888349731501f,0.24845911973463441f,0f,1f,0f,-0.5625f,-0.04356888349731501f,0f,-0.9990504253493901f,-3.864319028403549f,0f,0f,0f,1f], start_interpolation: 0, interpolation_duration: 1 }
$data merge entity $(bone_tail2) { transformation: [-1.5402027390803097f,0f,0.06716869539169397f,0.041886160008494974f,0f,1.5416666666666665f,0f,-0.75f,-0.06716869539169397f,0f,-1.5402027390803097f,-1.996545591310607f,0f,0f,0f,1f], start_interpolation: 0, interpolation_duration: 1 }
$data merge entity $(bone_tail1) { transformation: [-0.9974084441054663f,0f,0.07194717247475976f,0.090118344767246f,0f,1f,0f,-0.75f,-0.07194717247475976f,0f,-0.9974084441054663f,-0.927805722889204f,0f,0f,0f,1f], start_interpolation: 0, interpolation_duration: 1 }
$data merge entity $(bone_body1) { transformation: [-1.3243817350289726f,0f,0.15424265849441904f,0.5f,0f,1.3333333333333333f,0f,-1.1875f,-0.15424265849441904f,0f,-1.3243817350289726f,-0.12499999999999994f,0f,0f,0f,1f], start_interpolation: 0, interpolation_duration: 1 }
data modify entity @s data merge value {"locators":{"head":{"posx":-1.122563217965452,"posy":-0.5952474416047538,"posz":2.668161311326384,"roty":56.87098046629308,"rotx":39.807722459779335},"neck":{"posx":-0.6287030712415431,"posy":-0.9761765237714001,"posz":1.8155724773976418,"roty":24.556552503279732,"rotx":25.35248678042737},"right_arm":{"posx":-2.7486587215321583,"posy":-2.416963896159831,"posz":0.5549003395722639,"roty":31.196258825501445,"rotx":27.45175381561376},"left_arm":{"posx":-0.11211330225215854,"posy":-3.182998362710367,"posz":2.932295883590046,"roty":32.47695473168358,"rotx":0.6879417821467048},"tail1":{"posx":0.1967210705815728,"posy":-1.5,"posz":-2.6779466483011483,"roty":2.497103587962954,"rotx":0},"tail2":{"posx":0.2729666167018741,"posy":-1.875,"posz":-4.426284892662581,"roty":2.497103587962954,"rotx":0}},"cameras":{}}