# This file was generated by Animated Java via MC-Build. It is not recommended to edit this file directly.
$data merge entity $(bone_jaw) { transformation: [-0.7908014643253071f,-0.31514214552321373f,0.5247079874901617f,-1.0641095359708224f,0.31901869094944746f,0.5193944868683612f,0.7927524467547562f,-0.046515622877873475f,-0.5223601428572542f,0.7943014510409616f,-0.31020168605017573f,3.1554386328962356f,0f,0f,0f,1f], start_interpolation: 0, interpolation_duration: 1 }
$data merge entity $(bone_head) { transformation: [-0.8896516473659705f,-0.15602970043007086f,0.6706710661141699f,-0.9150715212787845f,0.3588960273181284f,0.8300618329071839f,0.6691905521792962f,0.1021933887175257f,-0.5876551607144109f,0.7431534741454611f,-0.6066377221631138f,3.0206302501933213f,0f,0f,0f,1f], start_interpolation: 0, interpolation_duration: 1 }
$data merge entity $(bone_neck) { transformation: [-0.938034883797746f,-0.08162330456825431f,0.3367910226385303f,-0.08568661238233538f,0.05634914076379276f,0.923004821386105f,0.3806400846379515f,-0.5974037356187716f,-0.3419288392542098f,0.3760315623047653f,-0.8612113172949518f,2.092326939569465f,0f,0f,0f,1f], start_interpolation: 0, interpolation_duration: 1 }
$data merge entity $(bone_right_arm2) { transformation: [-0.8269622314268048f,0.40450001432640303f,0.3905293922402503f,-1.9688741350441952f,0.5508924741533777f,0.72185436342957f,0.41886007200359926f,-1.6693582939316118f,-0.11247644070990866f,0.561521162920535f,-0.8197823088342419f,1.0392551361651017f,0f,0f,0f,1f], start_interpolation: 0, interpolation_duration: 1 }
$data merge entity $(bone_right_arm1) { transformation: [-0.9389467002658511f,0.4592760579331034f,0.44341358077278414f,-0.9110532117547427f,0.6254924966949809f,0.8196054751439908f,0.4755807067540866f,-0.6061120406007573f,-0.12770762538937544f,0.6375604870660241f,-0.9307944964888787f,1.247800212896609f,0f,0f,0f,1f], start_interpolation: 0, interpolation_duration: 1 }
$data merge entity $(bone_left_arm2) { transformation: [-0.8799401273132964f,-0.010451135168495027f,0.4749696265210541f,0.1989210887235872f,-0.006019858909981796f,0.9999230211241485f,0.010849567948051787f,-2.142749042084896f,-0.47504645419428587f,0.006687720063319476f,-0.8799353048706426f,2.4883890545792884f,0f,0f,0f,1f], start_interpolation: 0, interpolation_duration: 1 }
$data merge entity $(bone_left_arm1) { transformation: [-0.9961878695764504f,-0.060484299257907166f,0.5414077806944197f,0.17682469581315824f,-0.09330555914907038f,1.1306665617567528f,-0.04536745200566457f,-0.7800285205134454f,-0.5367260083926029f,-0.08429580424248215f,-0.9969906801201809f,1.631424900072993f,0f,0f,0f,1f], start_interpolation: 0, interpolation_duration: 1 }
$data merge entity $(bone_body2) { transformation: [-1.4852218993464315f,0.023074523470818366f,0.5482042689662479f,0.41111432167369943f,0.0892194728760052f,1.5710353513006856f,0.17559115885403914f,-0.5f,-0.5413873288191656f,0.19560147181085139f,-1.4749861927706043f,0.7454736275088829f,0f,0f,0f,1f], start_interpolation: 0, interpolation_duration: 1 }
$data merge entity $(bone_right_leg2) { transformation: [-0.9982370827866601f,-0.02354420376563682f,-0.054482997518683726f,-1.0020629473298688f,-0.024885210428455026f,0.9994005702035507f,0.024067126516257697f,-2.592894046464858f,0.05388369745581907f,0.02538051902267191f,-0.9982246122003954f,-0.18118247601995807f,0f,0f,0f,1f], start_interpolation: 0, interpolation_duration: 1 }
$data merge entity $(bone_right_leg1) { transformation: [-1.3264360038230596f,0.0374098189384431f,0.13017607686008492f,-0.6191803782257066f,0f,1.2814670416805605f,-0.36826620651948266f,-1.125f,-0.13544484316388658f,-0.3663611664890852f,-1.2748380163482906f,-0.23928158641952924f,0f,0f,0f,1f], start_interpolation: 0, interpolation_duration: 1 }
$data merge entity $(bone_left_leg2) { transformation: [-0.9948270028672948f,-0.04490808879442017f,0.0911180439150666f,1.0780819807578168f,0f,0.8969756424988917f,0.4420799664808396f,-2.3633268370685716f,-0.10158363237291494f,0.4397930880818077f,-0.8923355900721386f,-0.8642092857363649f,0f,0f,0f,1f], start_interpolation: 0, interpolation_duration: 1 }
$data merge entity $(bone_left_leg1) { transformation: [-1.3264360038230596f,-0.047226236672325506f,0.12694482309042512f,0.6243533753584118f,0f,1.249658238488745f,0.46490005888898833f,-1.125f,-0.13544484316388658f,0.46249513221736116f,-1.2431937600041811f,-0.11230204595338558f,0f,0f,0f,1f], start_interpolation: 0, interpolation_duration: 1 }
$data merge entity $(bone_tail3) { transformation: [-0.9992660672032553f,0f,0.03830570370244368f,0.21790277725536383f,0f,1f,0f,-0.5625f,-0.03830570370244368f,0f,-0.9992660672032553f,-3.8590235179129455f,0f,0f,0f,1f], start_interpolation: 0, interpolation_duration: 1 }
$data merge entity $(bone_tail2) { transformation: [-1.5405351869383517f,0f,0.05905462654126734f,0.02117132441287499f,0f,1.5416666666666665f,0f,-0.75f,-0.05905462654126734f,0f,-1.5405351869383517f,-1.9901878548696472f,0f,0f,0f,1f], start_interpolation: 0, interpolation_duration: 1 }
$data merge entity $(bone_tail1) { transformation: [-0.998001046712494f,0f,0.06319739520555095f,0.07877422284603885f,0f,1f,0f,-0.75f,-0.06319739520555095f,0f,-0.998001046712494f,-0.9219120683369284f,0f,0f,0f,1f], start_interpolation: 0, interpolation_duration: 1 }
$data merge entity $(bone_body1) { transformation: [-1.3264360038230596f,0f,0.13544484316388658f,0.5f,0f,1.3333333333333333f,0f,-1.1875f,-0.13544484316388658f,0f,-1.3264360038230596f,-0.12499999999999994f,0f,0f,0f,1f], start_interpolation: 0, interpolation_duration: 1 }
data modify entity @s data merge value {"locators":{"head":{"posx":-1.0146858727382368,"posy":-0.5448383385029365,"posz":2.776277687380041,"roty":47.86991802793693,"rotx":36.50094510045918},"neck":{"posx":-0.5661941928979293,"posy":-0.9629359838364084,"posz":1.888002098739942,"roty":21.35881054551453,"rotx":22.373336605346484},"right_arm":{"posx":-2.620323984954899,"posy":-2.566211913728395,"posz":0.8805953501173183,"roty":25.472281347884234,"rotx":24.76263997081229},"left_arm":{"posx":0.026883668588636223,"posy":-3.1477206060011964,"posz":2.951359390338433,"roty":28.35919272725181,"rotx":0.6216466493654886},"tail1":{"posx":0.17241475410871193,"posy":-1.5,"posz":-2.6723950631090796,"roty":2.195292245370382,"rotx":0},"tail2":{"posx":0.2394497355879884,"posy":-1.875,"posz":-4.421110680714777,"roty":2.195292245370382,"rotx":0}},"cameras":{}}