# This file was generated by Animated Java via MC-Build. It is not recommended to edit this file directly.
$data merge entity $(bone_jaw) { transformation: [-0.8412310891895506f,-0.22295087934597668f,0.4925679242295607f,-0.9108182852692703f,0.2666121850781138f,0.621507136608326f,0.7366456555989406f,0.045818653476265014f,-0.4703702768551985f,0.7510138377844813f,-0.463389704360583f,3.2127796052479853f,0f,0f,0f,1f], start_interpolation: 0, interpolation_duration: 1 }
$data merge entity $(bone_head) { transformation: [-0.9463849753382444f,-0.0890184404953113f,0.6017110566591023f,-0.7771047171228032f,0.29993870821287805f,0.8998785362393312f,0.6048804768971706f,0.18023653723119182f,-0.5291665614620983f,0.6692677620112456f,-0.7332724002462099f,3.04983018297105f,0f,0f,0f,1f], start_interpolation: 0, interpolation_duration: 1 }
$data merge entity $(bone_neck) { transformation: [-0.9542970244751398f,-0.05371796427176619f,0.2939924648564855f,-0.00401199015058723f,0.04873100525297153f,0.942579540872725f,0.3304074730619719f,-0.5771636557097122f,-0.29486009937753443f,0.32963341675664515f,-0.8968831207868785f,2.118307191716543f,0f,0f,0f,1f], start_interpolation: 0, interpolation_duration: 1 }
$data merge entity $(bone_right_arm2) { transformation: [-0.8675724560261909f,0.3798953167354707f,0.3209323633838438f,-1.8613673662508519f,0.48398844282376163f,0.7933549422372669f,0.3692466964520242f,-1.7450881746482698f,-0.11433818591229103f,0.4756758181263362f,-0.8721578385201426f,1.2564306033036492f,0f,0f,0f,1f], start_interpolation: 0, interpolation_duration: 1 }
$data merge entity $(bone_right_arm1) { transformation: [-0.9850562261130709f,0.4313394742100657f,0.36439195425873927f,-0.8709973707009692f,0.549528544456146f,0.9007884239985633f,0.41924885326323574f,-0.601199097533516f,-0.1298214819212471f,0.5400902518309442f,-0.9902625458197452f,1.3168772837094584f,0f,0f,0f,1f], start_interpolation: 0, interpolation_duration: 1 }
$data merge entity $(bone_left_arm2) { transformation: [-0.9121480049552038f,-0.010018659039530312f,0.409738506278445f,0.3048890776593896f,-0.00667475551261183f,0.999931732339304f,0.009590531776994572f,-2.1066627503685806f,-0.4098066186570058f,0.006013080073333697f,-0.9121526068443498f,2.4867238233275897f,0f,0f,0f,1f], start_interpolation: 0, interpolation_duration: 1 }
$data merge entity $(bone_left_arm1) { transformation: [-1.033153843461379f,-0.058702342068614105f,0.4672453078641713f,0.23074925046609635f,-0.08175699001082742f,1.131811903313954f,-0.03858260029674957f,-0.7507412308504753f,-0.46376711533893206f,-0.06875214539887971f,-1.034100677969849f,1.647777054198904f,0f,0f,0f,1f], start_interpolation: 0, interpolation_duration: 1 }
$data merge entity $(bone_body2) { transformation: [-1.5109702887523047f,0.02802395934576335f,0.4723641483588789f,0.423738725095799f,0.0771574249838716f,1.5739922323297857f,0.15342629754967363f,-0.5f,-0.46686182401442955f,0.16943303902288293f,-1.503421739569385f,0.7466703608302774f,0f,0f,0f,1f], start_interpolation: 0, interpolation_duration: 1 }
$data merge entity $(bone_right_leg2) { transformation: [-0.9985547916627245f,-0.02598167927302976f,-0.04704551402170162f,-0.9976152148502696f,-0.026994391600224f,0.999414553589413f,0.021020297234060736f,-2.595581066708492f,0.04647182877342426f,0.02225988355378175f,-0.9986715509688987f,-0.2177496333550353f,0f,0f,0f,1f], start_interpolation: 0, interpolation_duration: 1 }
$data merge entity $(bone_right_leg1) { transformation: [-1.3282595974556606f,0.02762092064843673f,0.11287738607549676f,-0.6207190353532137f,0f,1.295122759751015f,-0.3169145231015641f,-1.125f,-0.11620765699687774f,-0.31570856766205213f,-1.2901944266419108f,-0.22305021059111554f,0f,0f,0f,1f], start_interpolation: 0, interpolation_duration: 1 }
$data merge entity $(bone_left_leg2) { transformation: [-0.9961946980917455f,-0.03335305878500266f,0.08052140686538053f,1.0617472868000544f,0f,0.9238795325112867f,0.3826834323650897f,-2.401997554355491f,-0.0871557427476583f,0.3812272063696535f,-0.9203638919632242f,-0.8089442462239685f,0f,0f,0f,1f], start_interpolation: 0, interpolation_duration: 1 }
$data merge entity $(bone_left_leg1) { transformation: [-1.3282595974556606f,-0.03494431640576445f,0.1108292122846581f,0.6245243372614682f,0f,1.271622600997636f,0.4009410660056974f,-1.125f,-0.11620765699687774f,0.39941536420212836f,-1.26678369308748f,-0.11410553215654265f,0f,0f,0f,1f], start_interpolation: 0, interpolation_duration: 1 }
$data merge entity $(bone_tail3) { transformation: [-0.9994363409616785f,0f,0.03357082610141182f,0.1883883260762946f,0f,1f,0f,-0.5625f,-0.03357082610141182f,0f,-0.9994363409616785f,-3.853213576067038f,0f,0f,0f,1f], start_interpolation: 0, interpolation_duration: 1 }
$data merge entity $(bone_tail2) { transformation: [-1.540797692315921f,0f,0.05175502357300989f,0.0005134845159376067f,0f,1.5416666666666665f,0f,-0.75f,-0.05175502357300989f,0f,-1.540797692315921f,-1.983466790026567f,0f,0f,0f,1f], start_interpolation: 0, interpolation_duration: 1 }
$data merge entity $(bone_tail1) { transformation: [-0.9985060020982747f,0f,0.054642142836095066f,0.06726945801487094f,0f,1f,0f,-0.75f,-0.054642142836095066f,0f,-0.9985060020982747f,-0.9157238949426383f,0f,0f,0f,1f], start_interpolation: 0, interpolation_duration: 1 }
$data merge entity $(bone_body1) { transformation: [-1.3282595974556606f,0f,0.11620765699687774f,0.5f,0f,1.3333333333333333f,0f,-1.1875f,-0.11620765699687774f,0f,-1.3282595974556606f,-0.12499999999999994f,0f,0f,0f,1f], start_interpolation: 0, interpolation_duration: 1 }
data modify entity @s data merge value {"locators":{"head":{"posx":-0.8947919881418253,"posy":-0.4877183375954285,"posz":2.8817015374776385,"roty":39.3717291752516,"rotx":32.52527038149059},"neck":{"posx":-0.49776532389330547,"posy":-0.9475664150432448,"posz":1.9593750008423934,"roty":18.148807921571716,"rotx":19.29350930590366},"right_arm":{"posx":-2.455952143179881,"posy":-2.6928171874350637,"posz":1.2096875678178662,"roty":20.20235839595125,"rotx":21.669166608425122},"left_arm":{"posx":0.16704773386939764,"posy":-3.1109725763768434,"posz":2.962399960342494,"roty":24.18959289019179,"rotx":0.5495054180897734},"tail1":{"posx":0.14852297008086804,"posy":-1.5,"posz":-2.6663829211750443,"roty":1.923828125,"rotx":0},"tail2":{"posx":0.20727191575833875,"posy":-1.875,"posz":-4.415396517857982,"roty":1.923828125,"rotx":0}},"cameras":{}}