# This file was generated by Animated Java via MC-Build. It is not recommended to edit this file directly.
$data merge entity $(bone_jaw) { transformation: [-0.864609915333765f,-0.17944846806633755f,0.4693058082052515f,-0.8331438421529914f,0.24075696541897795f,0.6718655643975076f,0.7004518163150579f,0.09283105224899646f,-0.44100541709687047f,0.7186062278365414f,-0.5376981601286654f,3.236214244719595f,0f,0f,0f,1f], start_interpolation: 0, interpolation_duration: 1 }
$data merge entity $(bone_head) { transformation: [-0.9726861547504856f,-0.05992201776042684f,0.5620640498592961f,-0.7082407199620367f,0.2708515860963502f,0.9324624958282487f,0.5681356459357614f,0.21908341801249898f,-0.4961310942339793f,0.6265365477458377f,-0.7917896764121908f,3.060260983294664f,0f,0f,0f,1f], start_interpolation: 0, interpolation_duration: 1 }
$data merge entity $(bone_neck) { transformation: [-0.9615415606483849f,-0.04161058140600633f,0.2714892017390791f,0.03732627951903922f,0.04483965535575939f,0.9514143189087414f,0.3046312509953508f,-0.566701232072196f,-0.27097459743201946f,0.30508909074313006f,-0.9129586048973332f,2.129812256617015f,0f,0f,0f,1f], start_interpolation: 0, interpolation_duration: 1 }
$data merge entity $(bone_right_arm2) { transformation: [-0.8866167135393719f,0.3627518161601676f,0.28691797285137677f,-1.8000640783999087f,0.44855266273514544f,0.8256372879438825f,0.3422332209325702f,-1.777360940321962f,-0.1127444545237335f,0.4321275143162844f,-0.8947371118630182f,1.3635542892239374f,0f,0f,0f,1f], start_interpolation: 0, interpolation_duration: 1 }
$data merge entity $(bone_right_arm1) { transformation: [-1.0066793934978284f,0.4118744579318569f,0.3257714483416673f,-0.8496284903733136f,0.5092941691471963f,0.9374423373529498f,0.3885773029338557f,-0.5985993676092068f,-0.12801193274048905f,0.4906447818799478f,-1.0158994290944685f,1.3508225293969023f,0f,0f,0f,1f], start_interpolation: 0, interpolation_duration: 1 }
$data merge entity $(bone_left_arm2) { transformation: [-0.9263899493848499f,-0.00969844087732657f,0.37644070173572397f,0.3570147373568933f,-0.006841098238319874f,0.9999367563693505f,0.008926513117433768f,-2.0883105069655814f,-0.37650346751873204f,0.005694164213566527f,-0.926397709107854f,2.4838144466866066f,0f,0f,0f,1f], start_interpolation: 0, interpolation_duration: 1 }
$data merge entity $(bone_left_arm1) { transformation: [-1.049569148890852f,-0.0568862841107579f,0.42934783022748196f,0.258050157193862f,-0.07577909344214291f,1.1323374952330048f,-0.035218359288528574f,-0.7358400564115701f,-0.4264189696039137f,-0.06121073855100139f,-1.0505194499829222f,1.654966416919439f,0f,0f,0f,1f], start_interpolation: 0, interpolation_duration: 1 }
$data merge entity $(bone_body2) { transformation: [-1.522440804359943f,0.02951312695924171f,0.4338748863455714f,0.4300740134264958f,0.07099612097995238f,1.575357367790125f,0.1419618223312648f,-0.5f,-0.4290431126006975f,0.15595699256814785f,-1.5160949404451716f,0.7472014425588405f,0f,0f,0f,1f], start_interpolation: 0, interpolation_duration: 1 }
$data merge entity $(bone_right_leg2) { transformation: [-0.998726591317135f,-0.026456104909108144f,-0.04295660960893874f,-0.9959009376073361f,-0.02731419236935187f,0.9994364287359978f,0.01951306768923683f,-2.596049323285489f,0.04241616073227919f,0.020661544677805704f,-0.9988863648485049f,-0.23616102431516867f,0f,0f,0f,1f], start_interpolation: 0, interpolation_duration: 1 }
$data merge entity $(bone_right_leg1) { transformation: [-1.3290688648515663f,0.023253420348370003f,0.10398561776538545f,-0.621401854718509f,0f,1.3011960217260423f,-0.2909754127449578f,-1.125f,-0.10655388430248254f,-0.2900447711374928f,-1.2970343396586037f,-0.21490483988021958f,0f,0f,0f,1f], start_interpolation: 0, interpolation_duration: 1 }
$data merge entity $(bone_left_leg2) { transformation: [-0.9968016486386747f,-0.02815238377606118f,0.07479248999027552f,1.054149364278782f,0f,0.9358956798228201f,0.3522772721720513f,-2.4201542906395757f,-0.07991541322686191f,0.35115056567903585f,-0.9329023566012004f,-0.7804054817495193f,0f,0f,0f,1f], start_interpolation: 0, interpolation_duration: 1 }
$data merge entity $(bone_left_leg1) { transformation: [-1.3290688648515663f,-0.029447026422996896f,0.10240411561451113f,0.6246002060798344f,0f,1.2814063205030153f,0.3684774342516806f,-1.125f,-0.10655388430248254f,0.3672989139482241f,-1.2773079328534236f,-0.1150105733466422f,0f,0f,0f,1f], start_interpolation: 0, interpolation_duration: 1 }
$data merge entity $(bone_tail3) { transformation: [-0.9995082974064543f,0f,0.031355436779783f,0.1740256482272687f,0f,1f,0f,-0.5625f,-0.031355436779783f,0f,-0.9995082974064543f,-3.8501706626721512f,0f,0f,0f,1f], start_interpolation: 0, interpolation_duration: 1 }
$data merge entity $(bone_tail2) { transformation: [-1.5409086251682835f,0f,0.04833963170216546f,-0.009704332910631192f,0f,1.5416666666666665f,0f,-0.75f,-0.04833963170216546f,0f,-1.5409086251682835f,-1.980012034632522f,0f,0f,0f,1f], start_interpolation: 0, interpolation_duration: 1 }
$data merge entity $(bone_tail1) { transformation: [-0.9987266999702021f,0f,0.050447782573962374f,0.06153573560080905f,0f,1f,0f,-0.75f,-0.050447782573962374f,0f,-0.9987266999702021f,-0.912558943092437f,0f,0f,0f,1f], start_interpolation: 0, interpolation_duration: 1 }
$data merge entity $(bone_body1) { transformation: [-1.3290688648515663f,0f,0.10655388430248254f,0.5f,0f,1.3333333333333333f,0f,-1.1875f,-0.10655388430248254f,0f,-1.3290688648515663f,-0.12499999999999994f,0f,0f,0f,1f], start_interpolation: 0, interpolation_duration: 1 }
data modify entity @s data merge value {"locators":{"head":{"posx":-0.8310796128338263,"posy":-0.4567667590964618,"posz":2.9321267002170295,"roty":35.36962200207802,"rotx":30.331980543834852},"neck":{"posx":-0.46177668299528574,"posy":-0.9391406803595133,"posz":1.9940363744844982,"roty":16.561054342297922,"rotx":17.735980465337544},"right_arm":{"posx":-2.3616884255819754,"posy":-2.746080297311183,"posz":1.3717488024314288,"roty":17.779639529019505,"rotx":20.012992494831746},"left_arm":{"posx":0.23639219920291102,"posy":-3.092282951253754,"posz":2.964850603746888,"roty":22.114312626428784,"rotx":0.5114583199417059},"tail1":{"posx":0.13679106705127642,"posy":-1.5,"posz":-2.6632545595019863,"roty":1.7968287037036816,"rotx":0},"tail2":{"posx":0.19166308141589666,"posy":-1.875,"posz":-4.412394079963282,"roty":1.7968287037036816,"rotx":0}},"cameras":{}}