# This file was generated by Animated Java via MC-Build. It is not recommended to edit this file directly.
$data merge entity $(bone_jaw) { transformation: [-0.8864214848114226f,-0.13888082747327057f,0.4415530172301542f,-0.755578227989654f,0.21542378564996303f,0.7205444461340313f,0.6590965738961483f,0.14001117659795995f,-0.4096944518064066f,0.6793583862040283f,-0.6087878442062608f,3.2559261795118406f,0f,0f,0f,1f], start_interpolation: 0, interpolation_duration: 1 }
$data merge entity $(bone_head) { transformation: [-0.9972241704128504f,-0.034305772902241835f,0.5196076095381807f,-0.6401098703145027f,0.2423517588562084f,0.9630000381637418f,0.5286979775599053f,0.2574996160557167f,-0.46090625828220744f,0.5805850845846902f,-0.8462336442343116f,3.0678742585708827f,0f,0f,0f,1f], start_interpolation: 0, interpolation_duration: 1 }
$data merge entity $(bone_neck) { transformation: [-0.9681391876735566f,-0.030864658059118984f,0.24850329207815314f,0.07866234752358892f,0.040926334936369824f,0.9595290868072276f,0.27861975285245616f,-0.556084656952527f,-0.24704564031664739f,0.279913030160765f,-0.9276945333172749f,2.1402376758631076f,0f,0f,0f,1f], start_interpolation: 0, interpolation_duration: 1 }
$data merge entity $(bone_right_arm2) { transformation: [-0.9045101338367777f,0.3426224286273905f,0.2539119713366099f,-1.7344558421629719f,0.41214798221193916f,0.8552463214905737f,0.31414609711958763f,-1.8056063890529503f,-0.10952378072912637f,0.38879763499577913f,-0.9147901073341838f,1.4684965830197303f,0f,0f,0f,1f], start_interpolation: 0, interpolation_duration: 1 }
$data merge entity $(bone_right_arm1) { transformation: [-1.0269958811271744f,0.3890192158373496f,0.2882958841217758f,-0.8275400074716093f,0.46795968813647254f,0.9710609275257553f,0.3566867144378651f,-0.5959163947680871f,-0.12435512603619556f,0.4414473147347908f,-1.038667934369021f,1.384101461637291f,0f,0f,0f,1f], start_interpolation: 0, interpolation_duration: 1 }
$data merge entity $(bone_left_arm2) { transformation: [-0.9392896997504793f,-0.009301885000905051f,0.34299903043315527f,0.4081397208922971f,-0.006892502645491395f,0.9999422727077882f,0.008242855043316087f,-2.0698839482847236f,-0.34305590411758924f,0.005378307114061592f,-0.939299590366487f,2.4796064132957074f,0f,0f,0f,1f], start_interpolation: 0, interpolation_duration: 1 }
$data merge entity $(bone_left_arm1) { transformation: [-1.0644792855775465f,-0.054478524788047836f,0.3912632717974924f,0.2853491131856137f,-0.06970109027946328f,1.1328262259539232f,-0.03189838160924381f,-0.7208746179165904f,-0.38884008992722763f,-0.053924382911192364f,-1.0653950217348853f,1.6614369926748602f,0f,0f,0f,1f], start_interpolation: 0, interpolation_duration: 1 }
$data merge entity $(bone_body2) { transformation: [-1.532887047149798f,0.030324769410604316f,0.39532537672784424f,0.4363791460234499f,0.0648000303159189f,1.5766296902570913f,0.13032352172700462f,-0.5f,-0.39115559716802506f,0.14235052723634967f,-1.5276380692572782f,0.7476840132254599f,0f,0f,0f,1f], start_interpolation: 0, interpolation_duration: 1 }
$data merge entity $(bone_right_leg2) { transformation: [-0.9989005149478535f,-0.02642340411709676f,-0.03872421660638209f,-0.9945395129063088f,-0.027136621742943744f,0.9994694922752041f,0.018009380098329697f,-2.5959325040144305f,0.03822780398209917f,0.019040423472452356f,-0.9990876324310575f,-0.25450564850851487f,0f,0f,0f,1f], start_interpolation: 0, interpolation_duration: 1 }
$data merge entity $(bone_right_leg1) { transformation: [-1.329804210629272f,0.01927235735027308f,0.09501113309817828f,-0.6220223027184484f,0f,1.3067215584932026f,-0.26505951472617084f,-1.125f,-0.09694606320236204f,-0.26435794406266017f,-1.3032628729532292f,-0.2067982408269929f,0f,0f,0f,1f], start_interpolation: 0, interpolation_duration: 1 }
$data merge entity $(bone_left_leg2) { transformation: [-0.9973531579719541f,-0.023387739729206207f,0.06884542042670211f,1.0470004059679778f,0f,0.9468553014954502f,0.3216598172448035f,-2.43738330127142f,-0.07270954740177153f,0.3208084345217864f,-0.944349125088974f,-0.7515006994527598f,0f,0f,0f,1f], start_interpolation: 0, interpolation_duration: 1 }
$data merge entity $(bone_left_leg1) { transformation: [-1.329804210629272f,-0.024426822289119687f,0.09381827925991898f,0.6246691447464943f,0f,1.2903158197575733f,0.3359506854601125f,-1.125f,-0.09694606320236204f,0.3350614770664858f,-1.2869005576163866f,-0.11591130657477851f,0f,0f,0f,1f], start_interpolation: 0, interpolation_duration: 1 }
$data merge entity $(bone_tail3) { transformation: [-0.9995730974512047f,0f,0.02921682480702488f,0.1599269845249692f,0f,1f,0f,-0.5625f,-0.02921682480702488f,0f,-0.9995730974512047f,-3.8470662436060055f,0f,0f,0f,1f], start_interpolation: 0, interpolation_duration: 1 }
$data merge entity $(bone_tail2) { transformation: [-1.5410085252372738f,0f,0.045042604910830016f,-0.019801199169603045f,0f,1.5416666666666665f,0f,-0.75f,-0.045042604910830016f,0f,-1.5410085252372738f,-1.9765187889858746f,0f,0f,0f,1f], start_interpolation: 0, interpolation_duration: 1 }
$data merge entity $(bone_tail1) { transformation: [-0.9989269109718664f,0f,0.04631443118732109f,0.055855581565351586f,0f,1f,0f,-0.75f,-0.04631443118732109f,0f,-0.9989269109718664f,-0.9093696421798514f,0f,0f,0f,1f], start_interpolation: 0, interpolation_duration: 1 }
$data merge entity $(bone_body1) { transformation: [-1.329804210629272f,0f,0.09694606320236204f,0.5f,0f,1.3333333333333333f,0f,-1.1875f,-0.09694606320236204f,0f,-1.329804210629272f,-0.12499999999999994f,0f,0f,0f,1f], start_interpolation: 0, interpolation_duration: 1 }
data modify entity @s data merge value {"locators":{"head":{"posx":-0.7653865546849741,"posy":-0.42436095446855804,"posz":2.9803918905333635,"roty":31.550915858264176,"rotx":28.031294897886664},"neck":{"posx":-0.42489591105078894,"posy":-0.9302723661436094,"posz":2.0277092860591566,"roty":14.99586774676689,"rotx":16.177844511456236},"right_arm":{"posx":-2.260566139823466,"posy":-2.792166510215072,"posz":1.5302487653954726,"roty":15.512690942383301,"rotx":18.30927216026947},"left_arm":{"posx":0.3046476969110295,"posy":-3.0735168670988267,"posz":2.9653188953722385,"roty":20.060407703822705,"rotx":0.4722861534433949},"tail1":{"posx":0.12523200506662716,"posy":-1.5,"posz":-2.6600731903826995,"roty":1.6742390046296123,"rotx":0},"tail2":{"posx":0.17636144847892068,"posy":-1.875,"posz":-4.409326110922308,"roty":1.6742390046296123,"rotx":0}},"cameras":{}}