# This file was generated by Animated Java via MC-Build. It is not recommended to edit this file directly.
$data merge entity $(bone_jaw) { transformation: [-0.9245480885248566f,-0.06956545969960964f,0.37466181927415043f,-0.6031861736621622f,0.16713528568505093f,0.8095532086560047f,0.5627516313914549f,0.2336167315008807f,-0.34245675388873653f,0.5829101553168802f,-0.7368440286413671f,3.2840147002628925f,0f,0f,0f,1f], start_interpolation: 0, interpolation_duration: 1 }
$data merge entity $(bone_head) { transformation: [-1.0401165995904638f,0.005453426595521029f,0.42866387694175806f,-0.5079275343417715f,0.1880271963956823f,1.0167390846819384f,0.4432971995126f,0.33212722028145847f,-0.3852638481248286f,0.4814944379933185f,-0.9409356372832031f,3.0749178919777362f,0f,0f,0f,1f], start_interpolation: 0, interpolation_duration: 1 }
$data merge entity $(bone_neck) { transformation: [-0.9793070118783403f,-0.013656943951972526f,0.20191895494927894f,0.16029562544265857f,0.03313732027403958f,0.9734345103395096f,0.22655500896059436f,-0.5346396623108074f,-0.19964892809873033f,0.2285579619308239f,-0.9528386870541393f,2.157718088244113f,0f,0f,0f,1f], start_interpolation: 0, interpolation_duration: 1 }
$data merge entity $(bone_right_arm2) { transformation: [-0.9360909777370563f,0.2946126332802719f,0.19219021231828093f,-1.5931733177726504f,0.33764783326627684f,0.9057632337772751f,0.25609940458330194f,-1.8497191706764082f,-0.09862870824395097f,0.3046249507985143f,-0.9473521083848033f,1.6685800870005503f,0f,0f,0f,1f], start_interpolation: 0, interpolation_duration: 1 }
$data merge entity $(bone_right_arm1) { transformation: [-1.062853297638949f,0.3345080940369753f,0.21821597023638145f,-0.7818350350806453f,0.38337097735441844f,1.0284186716846142f,0.2907795322872907f,-0.5903515335884262f,-0.11198467915198598f,0.3458762462191464f,-1.075639373061912f,1.4479172317352829f,0f,0f,0f,1f], start_interpolation: 0, interpolation_duration: 1 }
$data merge entity $(bone_left_arm2) { transformation: [-0.9609365588299191f,-0.008274363264435989f,0.27664501588982504f,0.5062192903534779f,-0.006643690533416139f,0.999954596886378f,0.0068312181854790315f,-2.033226386346189f,-0.27668897932554093f,0.004726423422586588f,-0.9609479016270449f,2.4677182196841363f,0f,0f,0f,1f], start_interpolation: 0, interpolation_duration: 1 }
$data merge entity $(bone_left_arm1) { transformation: [-1.0896025372823084f,-0.0480500880932748f,0.31563983703998516f,0.33924214687426246f,-0.05736992563898461f,1.1336804492466557f,-0.025462473809957434f,-0.6910927292290665f,-0.3140796225872943f,-0.04038359784087997f,-1.0903642339352906f,1.6721330264194385f,0f,0f,0f,1f], start_interpolation: 0, interpolation_duration: 1 }
$data merge entity $(bone_body2) { transformation: [-1.5505694354740391f,0.029946842687648374f,0.31903300273044843f,0.4487618972892111f,0.05246742376722934f,1.5788557347123549f,0.1067997324602671f,-0.5f,-0.3161108028229897f,0.11516162565453777f,-1.5471768498654748f,0.7484985156430426f,0f,0f,0f,1f], start_interpolation: 0, interpolation_duration: 1 }
$data merge entity $(bone_right_leg2) { transformation: [-0.999236089165086f,-0.024886868546377477f,-0.030131078374651475f,-0.9928682228804172f,-0.025347269081003498f,0.9995662303599949f,0.014995568480213828f,-2.594014748773673f,0.029744815686086667f,0.015747853754239177f,-0.9994334650400375f,-0.29053741872847816f,0f,0f,0f,1f], start_interpolation: 0, interpolation_duration: 1 }
$data merge entity $(bone_right_leg1) { transformation: [-1.3310453571703504f,0.012525905226862599f,0.07706579417146991f,-0.6230695201124832f,0f,1.316062975256055f,-0.2139065752564831f,-1.125f,-0.07807710889263068f,-0.21353951539751403f,-1.3138046347187777f,-0.19087756062815708f,0f,0f,0f,1f], start_interpolation: 0, interpolation_duration: 1 }
$data merge entity $(bone_left_leg2) { transformation: [-0.9982840178777629f,-0.015261157323378835f,0.0565342084669222f,1.0341992969010638f,0f,0.9654423132677955f,0.26061684472061286f,-2.468743689457425f,-0.058557831669473016f,0.26016963087431844f,-0.9637856315181766f,-0.6933718045731663f,0f,0f,0f,1f], start_interpolation: 0, interpolation_duration: 1 }
$data merge entity $(bone_left_leg1) { transformation: [-1.3310453571703504f,-0.015899265049699133f,0.07644114274336253f,0.6247855022347204f,0f,1.3053957184554073f,0.27151389654319513f,-1.125f,-0.07807710889263068f,0.2710479835507881f,-1.303155682740093f,-0.11768027104131581f,0f,0f,0f,1f], start_interpolation: 0, interpolation_duration: 1 }
$data merge entity $(bone_tail3) { transformation: [-0.9996850428139997f,0f,0.02509611870333068f,0.132521359160917f,0f,1f,0f,-0.5625f,-0.02509611870333068f,0f,-0.9996850428139997f,-3.8407678494672775f,0f,0f,0f,1f], start_interpolation: 0, interpolation_duration: 1 }
$data merge entity $(bone_tail2) { transformation: [-1.5411811076715827f,0f,0.03868984966763479f,-0.03949449375957799f,0f,1.5416666666666665f,0f,-0.75f,-0.03868984966763479f,0f,-1.5411811076715827f,-1.969495409028944f,0f,0f,0f,1f], start_interpolation: 0, interpolation_duration: 1 }
$data merge entity $(bone_tail1) { transformation: [-0.9992683070856332f,0f,0.03824722805920266f,0.044776364813223335f,0f,1f,0f,-0.75f,-0.03824722805920266f,0f,-0.9992683070856332f,-0.9029919292430586f,0f,0f,0f,1f], start_interpolation: 0, interpolation_duration: 1 }
$data merge entity $(bone_body1) { transformation: [-1.3310453571703504f,0f,0.07807710889263068f,0.5f,0f,1.3333333333333333f,0f,-1.1875f,-0.07807710889263068f,0f,-1.3310453571703504f,-0.12499999999999994f,0f,0f,0f,1f], start_interpolation: 0, interpolation_duration: 1 }
data modify entity @s data merge value {"locators":{"head":{"posx":-0.630030514934216,"posy":-0.35586593773978514,"posz":3.0687919923378937,"roty":24.49267860800984,"rotx":23.20623664458106},"neck":{"posx":-0.34947639588318175,"posy":-0.911428319671178,"posz":2.0912892243524563,"roty":11.964718846298354,"rotx":13.09433514482341},"right_arm":{"posx":-2.0423867433206286,"posy":-2.862429117166192,"posz":1.8314668961291907,"roty":11.468010873741008,"rotx":14.838739797762791},"left_arm":{"posx":0.43622968059987133,"posy":-3.0361813616669675,"posz":2.9607588082829186,"roty":16.060455256739885,"rotx":0.39140301517351606},"tail1":{"posx":0.10271971820071181,"posy":-1.5,"posz":-2.6536418611256525,"roty":1.4380526620370517,"rotx":0},"tail2":{"posx":0.1466379259315405,"posy":-1.875,"posz":-4.403090686050152,"roty":1.4380526620370517,"rotx":0}},"cameras":{}}