# This file was generated by Animated Java via MC-Build. It is not recommended to edit this file directly.
$data merge entity $(bone_jaw) { transformation: [-0.9898041712407784f,0.021112303670878314f,0.1408615392080621f,-0.20791508609150383f,0.05247633613712642f,0.9734414148203033f,0.22284085365630235f,0.4851011489359619f,-0.132415772247792f,0.22796070395213927f,-0.9646242691917232f,3.289688719972854f,0f,0f,0f,1f], start_interpolation: 0, interpolation_duration: 1 }
$data merge entity $(bone_head) { transformation: [-1.1135296926458755f,0.03491835337292819f,0.15638840172373678f,-0.17316210793067344f,0.059035878154267224f,1.1101304064588449f,0.17248259548741224f,0.5234306145998313f,-0.14896774377876598f,0.1789306828166793f,-1.1006440941831381f,3.045101143487712f,0f,0f,0f,1f], start_interpolation: 0, interpolation_duration: 1 }
$data merge entity $(bone_neck) { transformation: [-0.9973312191752997f,0.005940151665174934f,0.07276780783083395f,0.37831593437528055f,0.011989627269206875f,0.996478947549774f,0.08298166019091346f,-0.47390048190128997f,-0.07201866491581158f,0.08363265922048313f,-0.9938907838467236f,2.184714513648392f,0f,0f,0f,1f], start_interpolation: 0, interpolation_duration: 1 }
$data merge entity $(bone_right_arm2) { transformation: [-0.9912015179548379f,0.12020162698340695f,0.05541768377122178f,-1.1520780455247974f,0.12493628029801535f,0.9879057000130815f,0.09183274877166063f,-1.8941786330701316f,-0.043708999866400366f,0.09794843925354345f,-0.9942311736102797f,2.1477183674486606f,0f,0f,0f,1f], start_interpolation: 0, interpolation_duration: 1 }
$data merge entity $(bone_right_arm1) { transformation: [-1.125426723511222f,0.13647893063740996f,0.06292216178190806f,-0.646463278155474f,0.14185473492170492f,1.1216845968898528f,0.10426843350115633f,-0.5734599746155752f,-0.04962792693164208f,0.11121229040246078f,-1.1288666450366716f,1.6064008245701191f,0f,0f,0f,1f], start_interpolation: 0, interpolation_duration: 1 }
$data merge entity $(bone_left_arm2) { transformation: [-0.995102741122667f,-0.0037447974332982924f,0.09877505303637227f,0.7499877706212217f,-0.0035021649649567615f,0.9999904097450283f,0.0026296879147024842f,-1.9329616812435417f,-0.09878395340698216f,0.002270883122061869f,-0.9951063127320283f,2.415419634998548f,0f,0f,0f,1f], start_interpolation: 0, interpolation_duration: 1 }
$data merge entity $(bone_left_arm1) { transformation: [-1.1296165134242007f,-0.020852784882431655f,0.11270625939336368f,0.4828087411545947f,-0.021846078522825517f,1.1351713756732356f,-0.008927690056908442f,-0.6095990994452632f,-0.1125179469994529f,-0.011050618047182246f,-1.1297736952099071f,1.6873744682687195f,0f,0f,0f,1f], start_interpolation: 0, interpolation_duration: 1 }
$data merge entity $(bone_body2) { transformation: [-1.5791077636942246f,0.01604227480128176f,0.11448039353649224f,0.4816188334491505f,0.018983576509577552f,1.582712469353416f,0.04006629032693166f,-0.5f,-0.11402955278336833f,0.04133193942772493f,-1.5786808975596092f,0.7498069116760737f,0f,0f,0f,1f], start_interpolation: 0, interpolation_duration: 1 }
$data merge entity $(bone_right_leg2) { transformation: [-0.999898592024077f,-0.011694316866511366f,-0.008127030287506241f,-0.9948588982496348f,-0.011743297899311349f,0.9999130102543382f,0.006005570626984494f,-2.5781458465499965f,0.008056092273332375f,0.006100399751925861f,-0.9999489409465615f,-0.38543525678829055f,0f,0f,0f,1f], start_interpolation: 0, interpolation_duration: 1 }
$data merge entity $(bone_right_leg1) { transformation: [-1.333039103506398f,0.001617304472926997f,0.027962664874400203f,-0.6247517435835235f,0f,1.3311087572931792f,-0.07698866173135914f,-1.125f,-0.02800939664891346f,-0.07697167246089624f,-1.3308150183687113f,-0.14863292842252068f,0f,0f,0f,1f], start_interpolation: 0, interpolation_duration: 1 }
$data merge entity $(bone_left_leg2) { transformation: [-0.9997793276297986f,-0.001983021305946988f,0.020913241513644f,1.0086550612878546f,0f,0.9955345474845738f,0.09439790656939709f,-2.5356582569802057f,-0.021007047486685096f,0.09437707555961238f,-0.9953148605163631f,-0.5316642480472276f,0f,0f,0f,1f], start_interpolation: 0, interpolation_duration: 1 }
$data merge entity $(bone_left_leg1) { transformation: [-1.333039103506398f,-0.0020576776671434845f,0.027933711949082302f,0.6249724159537249f,0f,1.3297305090964133f,0.09795177872795799f,-1.125f,-0.02800939664891346f,0.09793016347678064f,-1.3294370743132418f,-0.1223741190641643f,0f,0f,0f,1f], start_interpolation: 0, interpolation_duration: 1 }
$data merge entity $(bone_tail3) { transformation: [-0.9999199022615362f,0f,0.012656581737573145f,0.05653591421360088f,0f,1f,0f,-0.5625f,-0.012656581737573145f,0f,-0.9999199022615362f,-3.8229629768422226f,0f,0f,0f,1f], start_interpolation: 0, interpolation_duration: 1 }
$data merge entity $(bone_tail2) { transformation: [-1.5415431826532013f,0f,0.019512230178758597f,-0.0921851643270408f,0f,1.5416666666666665f,0f,-0.75f,-0.019512230178758597f,0f,-1.5415431826532013f,-1.9496952328190391f,0f,0f,0f,1f], start_interpolation: 0, interpolation_duration: 1 }
$data merge entity $(bone_tail1) { transformation: [-0.9998729938163124f,0f,0.015937259388125864f,0.015865621800114527f,0f,1f,0f,-0.75f,-0.015937259388125864f,0f,-0.9998729938163124f,-0.8853380194656915f,0f,0f,0f,1f], start_interpolation: 0, interpolation_duration: 1 }
$data merge entity $(bone_body1) { transformation: [-1.333039103506398f,0f,0.02800939664891346f,0.5f,0f,1.3333333333333333f,0f,-1.1875f,-0.02800939664891346f,0f,-1.333039103506398f,-0.12499999999999994f,0f,0f,0f,1f], start_interpolation: 0, interpolation_duration: 1 }
data modify entity @s data merge value {"locators":{"head":{"posx":-0.23600241583889375,"posy":-0.1412203321793637,"posz":3.2514296791959842,"roty":8.086914714018121,"rotx":8.819250818179647},"neck":{"posx":-0.13167320806566418,"posy":-0.851957981121716,"posz":2.2415792819636455,"roty":4.187444391204593,"rotx":4.7599724286325396},"right_arm":{"posx":-1.3619386092659926,"posy":-2.9201921899504173,"posz":2.544153702508607,"roty":3.1903216159250007,"rotx":5.269052574810584},"left_arm":{"posx":0.7665389628565005,"posy":-2.9340480496356114,"posz":2.9168759053304365,"roty":5.668656620523308,"rotx":0.15067019260324027},"tail1":{"posx":0.04150622340023277,"posy":-1.5,"posz":-2.6355580929066487,"roty":0.7251880787036953,"rotx":0},"tail2":{"posx":0.06365524144098578,"posy":-1.875,"posz":-4.385417921864336,"roty":0.7251880787036953,"rotx":0}},"cameras":{}}