# This file was generated by Animated Java via MC-Build. It is not recommended to edit this file directly.
$data merge entity $(bone_left_arm2) { transformation: [-0.9998661379095618f,-0.016355647935576815f,-0.00044614170914588107f,0.3790721792225894f,-0.016361731626486777f,0.9994943632910037f,0.027263739429759182f,-0.87282837436944f,-1.2242118148236495e-16f,0.027267389499518378f,-0.9996281756082517f,-0.006816847374879548f,0f,0f,0f,1f], start_interpolation: 0, interpolation_duration: 1 }
$data merge entity $(bone_left_arm) { transformation: [-0.9998661379095618f,-0.016355647935576815f,-0.00044614170914588107f,0.25f,-0.016361731626486777f,0.9994943632910037f,0.027263739429759182f,-0.625f,-1.2242118148236495e-16f,0.027267389499518378f,-0.9996281756082517f,3.061616997868383e-17f,0f,0f,0f,1f], start_interpolation: 0, interpolation_duration: 1 }
$data merge entity $(item_display_weapon) { transformation: [-0.011880659393853554f,-0.011249719738038913f,-0.9998661379095618f,-0.3829659042087323f,-0.7260276170720853f,-0.6874708670095135f,0.016361731626486888f,-1.1107740791916714f,-0.6875629056173673f,0.726124817658096f,-1.254484698467437e-16f,0.4509710215783692f,0f,0f,0f,1f], start_interpolation: 0, interpolation_duration: 1 }
$data merge entity $(bone_right_arm2) { transformation: [-0.9998661379095618f,0.016355647935576815f,-0.00044614170914588107f,-0.3790721792225894f,0.016361731626486777f,0.9994943632910037f,-0.027263739429759182f,-0.87282837436944f,-1.2242118148236495e-16f,-0.027267389499518378f,-0.9996281756082517f,0.006816847374879548f,0f,0f,0f,1f], start_interpolation: 0, interpolation_duration: 1 }
$data merge entity $(bone_right_arm) { transformation: [-0.9998661379095618f,0.016355647935576815f,-0.00044614170914588107f,-0.25f,0.016361731626486777f,0.9994943632910037f,-0.027263739429759182f,-0.625f,-1.2242118148236495e-16f,-0.027267389499518378f,-0.9996281756082517f,-3.061616997868383e-17f,0f,0f,0f,1f], start_interpolation: 0, interpolation_duration: 1 }