# This file was generated by Animated Java via MC-Build. It is not recommended to edit this file directly.
$data merge entity $(bone_left_arm2) { transformation: [-0.9993429043796921f,-0.036214133765125396f,-0.0015152496834172908f,0.3839713964887429f,-0.036245819979157476f,0.9984692755535866f,0.0417773420592364f,-0.870086591391002f,-1.224926291271695e-16f,0.04180481181798979f,-0.9991257967387602f,-0.010451202954497401f,0f,0f,0f,1f], start_interpolation: 0, interpolation_duration: 1 }
$data merge entity $(bone_left_arm) { transformation: [-0.9993429043796921f,-0.036214133765125396f,-0.0015152496834172908f,0.25f,-0.036245819979157476f,0.9984692755535866f,0.0417773420592364f,-0.625f,-1.224926291271695e-16f,0.04180481181798979f,-0.9991257967387602f,3.061616997868383e-17f,0f,0f,0f,1f], start_interpolation: 0, interpolation_duration: 1 }
$data merge entity $(item_display_weapon) { transformation: [-0.026678702886452244f,-0.02453581623378175f,-0.9993429043796921f,-0.3923620081935292f,-0.7355654374203966f,-0.6764833536803244f,0.03624581997915759f,-1.1014263231284827f,-0.6769281602096613f,0.7360490920551176f,-1.2713389558921492e-16f,0.45801994198220247f,0f,0f,0f,1f], start_interpolation: 0, interpolation_duration: 1 }
$data merge entity $(bone_right_arm2) { transformation: [-0.9993429043796921f,0.036214133765125396f,-0.0015152496834172908f,-0.3839713964887429f,0.036245819979157476f,0.9984692755535866f,-0.0417773420592364f,-0.870086591391002f,-1.224926291271695e-16f,-0.04180481181798979f,-0.9991257967387602f,0.010451202954497401f,0f,0f,0f,1f], start_interpolation: 0, interpolation_duration: 1 }
$data merge entity $(bone_right_arm) { transformation: [-0.9993429043796921f,0.036214133765125396f,-0.0015152496834172908f,-0.25f,0.036245819979157476f,0.9984692755535866f,-0.0417773420592364f,-0.625f,-1.224926291271695e-16f,-0.04180481181798979f,-0.9991257967387602f,-3.061616997868383e-17f,0f,0f,0f,1f], start_interpolation: 0, interpolation_duration: 1 }