# This file was generated by Animated Java via MC-Build. It is not recommended to edit this file directly.
$data merge entity $(bone_left_arm2) { transformation: [-0.9990482215818578f,-0.0435778713738291f,-0.0019026509541271116f,0.3857754955411895f,-0.043619387365336f,0.9980973490458728f,0.04357787137382909f,-0.8690719138408012f,-1.2245654089265634e-16f,0.04361938736533599f,-0.9990482215818578f,-0.010904846841333951f,0f,0f,0f,1f], start_interpolation: 0, interpolation_duration: 1 }
$data merge entity $(bone_left_arm) { transformation: [-0.9990482215818578f,-0.0435778713738291f,-0.0019026509541271116f,0.25f,-0.043619387365336f,0.9980973490458728f,0.04357787137382909f,-0.625f,-1.2245654089265634e-16f,0.04361938736533599f,-0.9990482215818578f,3.061616997868383e-17f,0f,0f,0f,1f], start_interpolation: 0, interpolation_duration: 1 }
$data merge entity $(item_display_weapon) { transformation: [-0.032159585750004244f,-0.029468830966215345f,-0.9990482215818578f,-0.3958375535922162f,-0.7365756121527628f,-0.6749471954365434f,0.04361938736533611f,-1.0995309323762192f,-0.6755902076156601f,0.7372773368101241f,-1.2729926570996032e-16f,0.4588932906247307f,0f,0f,0f,1f], start_interpolation: 0, interpolation_duration: 1 }
$data merge entity $(bone_right_arm2) { transformation: [-0.9990482215818578f,0.0435778713738291f,-0.0019026509541271116f,-0.3857754955411895f,0.043619387365336f,0.9980973490458728f,-0.04357787137382909f,-0.8690719138408012f,-1.2245654089265634e-16f,-0.04361938736533599f,-0.9990482215818578f,0.010904846841333951f,0f,0f,0f,1f], start_interpolation: 0, interpolation_duration: 1 }
$data merge entity $(bone_right_arm) { transformation: [-0.9990482215818578f,0.0435778713738291f,-0.0019026509541271116f,-0.25f,0.043619387365336f,0.9980973490458728f,-0.04357787137382909f,-0.625f,-1.2245654089265634e-16f,-0.04361938736533599f,-0.9990482215818578f,-3.061616997868383e-17f,0f,0f,0f,1f], start_interpolation: 0, interpolation_duration: 1 }