# This file was generated by Animated Java via MC-Build. It is not recommended to edit this file directly.
$data merge entity $(bone_left_arm2) { transformation: [-0.9965992927716684f,-0.08239363082219993f,0.001067355116821954f,0.3951733193020085f,-0.082400543972782f,0.996515681175813f,-0.012909203061963059f,-0.8638288522973555f,-1.219397931752854e-16f,-0.012953253284036502f,-0.9999161030953345f,0.0032383133210091715f,0f,0f,0f,1f], start_interpolation: 0, interpolation_duration: 1 }
$data merge entity $(bone_left_arm) { transformation: [-0.9965992927716684f,-0.08239363082219993f,0.001067355116821954f,0.25f,-0.082400543972782f,0.996515681175813f,-0.012909203061963059f,-0.625f,-1.219397931752854e-16f,-0.012953253284036502f,-0.9999161030953345f,3.061616997868383e-17f,0f,0f,0f,1f], start_interpolation: 0, interpolation_duration: 1 }
$data merge entity $(item_display_weapon) { transformation: [-0.05750636103991977f,-0.05901582912199746f,-0.9965992927716684f,-0.4162386948711681f,-0.6955148106933208f,-0.7137711807429772f,0.08240054397278211f,-1.1186055489309177f,-0.7162067903519072f,0.6978881238807689f,-1.2050169317131154e-16f,0.4309866684621906f,0f,0f,0f,1f], start_interpolation: 0, interpolation_duration: 1 }
$data merge entity $(bone_right_arm2) { transformation: [-0.9965992927716684f,0.08239363082219993f,0.001067355116821954f,-0.3951733193020085f,0.082400543972782f,0.996515681175813f,0.012909203061963059f,-0.8638288522973555f,-1.219397931752854e-16f,0.012953253284036502f,-0.9999161030953345f,-0.0032383133210091715f,0f,0f,0f,1f], start_interpolation: 0, interpolation_duration: 1 }
$data merge entity $(bone_right_arm) { transformation: [-0.9965992927716684f,0.08239363082219993f,0.001067355116821954f,-0.25f,0.082400543972782f,0.996515681175813f,0.012909203061963059f,-0.625f,-1.219397931752854e-16f,0.012953253284036502f,-0.9999161030953345f,-3.061616997868383e-17f,0f,0f,0f,1f], start_interpolation: 0, interpolation_duration: 1 }