# This file was generated by Animated Java via MC-Build. It is not recommended to edit this file directly.
$data merge entity $(bone_left_arm2) { transformation: [-0.9969246042235391f,-0.07835289159870094f,0.0014689696600614893f,0.39420379842761766f,-0.07836666060092111f,0.9967494448256058f,-0.018687181331238863f,-0.8643915286312863f,-1.2219647277260845e-16f,-0.0187448290994819f,-0.9998243002558156f,0.004686207274870521f,0f,0f,0f,1f], start_interpolation: 0, interpolation_duration: 1 }
$data merge entity $(bone_left_arm) { transformation: [-0.9969246042235391f,-0.07835289159870094f,0.0014689696600614893f,0.25f,-0.07836666060092111f,0.9967494448256058f,-0.018687181331238863f,-0.625f,-1.2219647277260845e-16f,-0.0187448290994819f,-0.9998243002558156f,3.061616997868383e-17f,0f,0f,0f,1f], start_interpolation: 0, interpolation_duration: 1 }
$data merge entity $(item_display_weapon) { transformation: [-0.05436514256702935f,-0.05644257938300268f,-0.9969246042235391f,-0.4144346955535698f,-0.6915944589395308f,-0.7180221242206939f,0.07836666060092122f,-1.1217545316701047f,-0.7202371384744085f,0.6937279469375555f,-1.2011537868671761e-16f,0.4280507168121784f,0f,0f,0f,1f], start_interpolation: 0, interpolation_duration: 1 }
$data merge entity $(bone_right_arm2) { transformation: [-0.9969246042235391f,0.07835289159870094f,0.0014689696600614893f,-0.39420379842761766f,0.07836666060092111f,0.9967494448256058f,0.018687181331238863f,-0.8643915286312863f,-1.2219647277260845e-16f,0.0187448290994819f,-0.9998243002558156f,-0.004686207274870521f,0f,0f,0f,1f], start_interpolation: 0, interpolation_duration: 1 }
$data merge entity $(bone_right_arm) { transformation: [-0.9969246042235391f,0.07835289159870094f,0.0014689696600614893f,-0.25f,0.07836666060092111f,0.9967494448256058f,0.018687181331238863f,-0.625f,-1.2219647277260845e-16f,0.0187448290994819f,-0.9998243002558156f,-3.061616997868383e-17f,0f,0f,0f,1f], start_interpolation: 0, interpolation_duration: 1 }