# This file was generated by Animated Java via MC-Build. It is not recommended to edit this file directly.
$data merge entity $(bone_left_arm2) { transformation: [-0.999816862086095f,-0.01912888215753f,0.0005728487740481934f,0.37975932830014436f,-0.019137457728616886f,0.9993688401650923f,-0.02992789699867844f,-0.872450027825196f,-1.2244225198872868e-16f,-0.029933378935252778f,-0.9995518960141683f,0.0074833447338132405f,0f,0f,0f,1f], start_interpolation: 0, interpolation_duration: 1 }
$data merge entity $(bone_left_arm) { transformation: [-0.999816862086095f,-0.01912888215753f,0.0005728487740481934f,0.25f,-0.019137457728616886f,0.9993688401650923f,-0.02992789699867844f,-0.625f,-1.2244225198872868e-16f,-0.029933378935252778f,-0.9995518960141683f,3.061616997868383e-17f,0f,0f,0f,1f], start_interpolation: 0, interpolation_duration: 1 }
$data merge entity $(item_display_weapon) { transformation: [-0.013121097037384163f,-0.013931227542831695f,-0.999816862086095f,-0.38479217017817297f,-0.6854982648728537f,-0.7278227027016897f,0.019137457728616997f,-1.135385692803391f,-0.7279560190484329f,0.6856238285905455f,-1.1911897933885396e-16f,0.4223372650385722f,0f,0f,0f,1f], start_interpolation: 0, interpolation_duration: 1 }
$data merge entity $(bone_right_arm2) { transformation: [-0.999816862086095f,0.01912888215753f,0.0005728487740481934f,-0.37975932830014436f,0.019137457728616886f,0.9993688401650923f,0.02992789699867844f,-0.872450027825196f,-1.2244225198872868e-16f,0.029933378935252778f,-0.9995518960141683f,-0.0074833447338132405f,0f,0f,0f,1f], start_interpolation: 0, interpolation_duration: 1 }
$data merge entity $(bone_right_arm) { transformation: [-0.999816862086095f,0.01912888215753f,0.0005728487740481934f,-0.25f,0.019137457728616886f,0.9993688401650923f,0.02992789699867844f,-0.625f,-1.2244225198872868e-16f,0.029933378935252778f,-0.9995518960141683f,-3.061616997868383e-17f,0f,0f,0f,1f], start_interpolation: 0, interpolation_duration: 1 }