# This file was generated by Animated Java via MC-Build. It is not recommended to edit this file directly.
$data merge entity $(bone_left_arm2) { transformation: [-0.9999376150010865f,-0.011167259159938674f,0.00024172048671975842f,0.3777840166651205f,-0.011169874929422187f,0.9997034488787925f,-0.02163904327618447f,-0.8735296278535203f,-1.224570399558119e-16f,-0.021640393312097734f,-0.9997658192683413f,0.0054100983280244794f,0f,0f,0f,1f], start_interpolation: 0, interpolation_duration: 1 }
$data merge entity $(bone_left_arm) { transformation: [-0.9999376150010865f,-0.011167259159938674f,0.00024172048671975842f,0.25f,-0.011169874929422187f,0.9997034488787925f,-0.02163904327618447f,-0.625f,-1.224570399558119e-16f,-0.021640393312097734f,-0.9997658192683413f,3.061616997868383e-17f,0f,0f,0f,1f], start_interpolation: 0, interpolation_duration: 1 }
$data merge entity $(item_display_weapon) { transformation: [-0.0077255224839491935f,-0.008067366874571477f,-0.9999376150010865f,-0.3806815841680451f,-0.6915959736387941f,-0.7221982021167523f,0.011169874929422298f,-1.1329225715065492f,-0.7222432592616967f,0.6916391215446401f,-1.2005447366410839e-16f,0.42657734927385044f,0f,0f,0f,1f], start_interpolation: 0, interpolation_duration: 1 }
$data merge entity $(bone_right_arm2) { transformation: [-0.9999376150010865f,0.011167259159938674f,0.00024172048671975842f,-0.3777840166651205f,0.011169874929422187f,0.9997034488787925f,0.02163904327618447f,-0.8735296278535203f,-1.224570399558119e-16f,0.021640393312097734f,-0.9997658192683413f,-0.0054100983280244794f,0f,0f,0f,1f], start_interpolation: 0, interpolation_duration: 1 }
$data merge entity $(bone_right_arm) { transformation: [-0.9999376150010865f,0.011167259159938674f,0.00024172048671975842f,-0.25f,0.011169874929422187f,0.9997034488787925f,0.02163904327618447f,-0.625f,-1.224570399558119e-16f,0.021640393312097734f,-0.9997658192683413f,-3.061616997868383e-17f,0f,0f,0f,1f], start_interpolation: 0, interpolation_duration: 1 }