# This file was generated by Animated Java via MC-Build. It is not recommended to edit this file directly.
$data merge entity $(bone_left_arm2) { transformation: [-0.9999062197426589f,-0.01369084417052455f,-0.00033541890796298364f,0.3784109885104635f,-0.013694952352797916f,0.9996062700311773f,0.024489859011672988f,-0.8731896984636947f,-1.2248030019984986e-16f,0.02449215589235541f,-0.999700022156519f,-0.0061230389730888065f,0f,0f,0f,1f], start_interpolation: 0, interpolation_duration: 1 }
$data merge entity $(bone_left_arm) { transformation: [-0.9999062197426589f,-0.01369084417052455f,-0.00033541890796298364f,0.25f,-0.013694952352797916f,0.9996062700311773f,0.024489859011672988f,-0.625f,-1.2248030019984986e-16f,0.02449215589235541f,-0.999700022156519f,3.061616997868383e-17f,0f,0f,0f,1f], start_interpolation: 0, interpolation_duration: 1 }
$data merge entity $(item_display_weapon) { transformation: [-0.009918065737505257f,-0.00944371176878741f,-0.9999062197426589f,-0.3816869537808608f,-0.7241453174330931f,-0.6895114266781801f,0.013694952352798027f,-1.112376952653882f,-0.6895760953018538f,0.724213234336579f,-1.2519947573929003e-16f,0.4496148376396547f,0f,0f,0f,1f], start_interpolation: 0, interpolation_duration: 1 }
$data merge entity $(bone_right_arm2) { transformation: [-0.9999062197426589f,0.01369084417052455f,-0.00033541890796298364f,-0.3784109885104635f,0.013694952352797916f,0.9996062700311773f,-0.024489859011672988f,-0.8731896984636947f,-1.2248030019984986e-16f,-0.02449215589235541f,-0.999700022156519f,0.0061230389730888065f,0f,0f,0f,1f], start_interpolation: 0, interpolation_duration: 1 }
$data merge entity $(bone_right_arm) { transformation: [-0.9999062197426589f,0.01369084417052455f,-0.00033541890796298364f,-0.25f,0.013694952352797916f,0.9996062700311773f,-0.024489859011672988f,-0.625f,-1.2248030019984986e-16f,-0.02449215589235541f,-0.999700022156519f,-3.061616997868383e-17f,0f,0f,0f,1f], start_interpolation: 0, interpolation_duration: 1 }