# This file was generated by Animated Java via MC-Build. It is not recommended to edit this file directly.
$data merge entity $(bone_jaw) { transformation: [-0.6892583384839472f,0f,-0.7245156608592727f,1.4683573110887285f,0f,1f,0f,0.625f,0.7245156608592727f,0f,-0.6892583384839472f,3.088595141873392f,0f,0f,0f,1f], start_interpolation: 0, interpolation_duration: 1 }
$data merge entity $(bone_head) { transformation: [-0.7754156307944406f,0f,-0.8150801184666817f,1.2872283958739104f,0f,1.125f,0f,0.625f,0.8150801184666817f,0f,-0.7754156307944406f,2.916280557252405f,0f,0f,0f,1f], start_interpolation: 0, interpolation_duration: 1 }
$data merge entity $(bone_neck) { transformation: [-0.8433914458128858f,0f,-0.5372996083468238f,1.272368186998559f,0f,1f,0f,-0.4375f,0.5372996083468238f,0f,-0.8433914458128858f,1.9623752033560233f,0f,0f,0f,1f], start_interpolation: 0, interpolation_duration: 1 }
$data merge entity $(bone_right_arm2) { transformation: [-0.8433914458128858f,-0.006698145949644783f,-0.5372578561272859f,0.22221123747884697f,0f,0.9999222924809749f,-0.01246631459541502f,-1.8663274175969315f,0.5372996083468238f,-0.010513983090585355f,-0.8433259079560647f,2.873052606452651f,0f,0f,0f,1f], start_interpolation: 0, interpolation_duration: 1 }
$data merge entity $(bone_right_arm1) { transformation: [-0.9576007041000474f,-0.007605186546992513f,-0.6100115241445225f,0.10761497164895595f,0f,1.13532843625444f,-0.014154461363544136f,-0.5625f,0.6100589303104561f,-0.01193775163410212f,-0.9575262913251149f,2.1115603143180808f,0f,0f,0f,1f], start_interpolation: 0, interpolation_duration: 1 }
$data merge entity $(bone_left_arm2) { transformation: [-0.8433914458128858f,-0.006698145949644783f,-0.5372578561272859f,1.6981462676513972f,0f,0.9999222924809749f,-0.01246631459541502f,-1.8663274175969315f,0.5372996083468238f,-0.010513983090585355f,-0.8433259079560647f,1.9327782918457093f,0f,0f,0f,1f], start_interpolation: 0, interpolation_duration: 1 }
$data merge entity $(bone_left_arm1) { transformation: [-0.9576007041000474f,-0.007605186546992513f,-0.6100115241445225f,1.0564303481884525f,0f,1.13532843625444f,-0.014154461363544136f,-0.5625f,0.6100589303104561f,-0.01193775163410212f,-0.9575262913251149f,1.507098254927904f,0f,0f,0f,1f], start_interpolation: 0, interpolation_duration: 1 }
$data merge entity $(bone_body2) { transformation: [-1.335369789203736f,0f,-0.8507243798824711f,0.4999999999999999f,0f,1.5833333333333335f,0f,-0.5f,0.8507243798824711f,0f,-1.335369789203736f,0.75f,0f,0f,0f,1f], start_interpolation: 0, interpolation_duration: 1 }
$data merge entity $(bone_right_leg2) { transformation: [-1f,-1.0118506702975153e-16f,6.89868106003116e-17f,-0.9999999999999998f,0f,0.5633200580636221f,0.8262387743159948f,-1.6765729664927083f,-1.2246467991473532e-16f,0.8262387743159948f,-0.5633200580636221f,-1.4887557562241245f,0f,0f,0f,1f], start_interpolation: 0, interpolation_duration: 1 }
$data merge entity $(bone_right_leg1) { transformation: [-1.3333333333333333f,-1.3491342270633538e-16f,9.198241413374878e-17f,-0.625f,0f,0.751093410751496f,1.101651699087993f,-1.125f,-1.6328623988631375e-16f,1.101651699087993f,-0.751093410751496f,-0.12500000000000008f,0f,0f,0f,1f], start_interpolation: 0, interpolation_duration: 1 }
$data merge entity $(bone_left_leg2) { transformation: [-1f,1.0118506702975153e-16f,6.89868106003116e-17f,0.9999999999999998f,0f,0.5633200580636221f,-0.8262387743159948f,-2.192972200440205f,-1.2246467991473532e-16f,-0.8262387743159948f,-0.5633200580636221f,0.8866807199343608f,0f,0f,0f,1f], start_interpolation: 0, interpolation_duration: 1 }
$data merge entity $(bone_left_leg1) { transformation: [-1.3333333333333333f,1.3491342270633538e-16f,9.198241413374878e-17f,0.625f,0f,0.751093410751496f,-1.101651699087993f,-1.125f,-1.6328623988631375e-16f,-1.101651699087993f,-0.751093410751496f,-0.12499999999999993f,0f,0f,0f,1f], start_interpolation: 0, interpolation_duration: 1 }
$data merge entity $(bone_tail3) { transformation: [-0.5633200580636217f,0f,0.8262387743159949f,2.005571202452496f,0f,1f,0f,-0.5625f,-0.8262387743159949f,0f,-0.5633200580636217f,-2.8257264462125717f,0f,0f,0f,1f], start_interpolation: 0, interpolation_duration: 1 }
$data merge entity $(bone_tail2) { transformation: [-0.8684517561814168f,0f,1.273784777070492f,0.3859584933520524f,0f,1.5416666666666665f,0f,-0.75f,-1.273784777070492f,0f,-0.8684517561814168f,-1.8727811841327804f,0f,0f,0f,1f], start_interpolation: 0, interpolation_duration: 1 }
$data merge entity $(bone_tail1) { transformation: [-0.8841153935046097f,0f,0.46726862827306215f,1.1102230246251565e-16f,0f,1f,0f,-0.75f,-0.46726862827306215f,0f,-0.8841153935046097f,-0.875f,0f,0f,0f,1f], start_interpolation: 0, interpolation_duration: 1 }
data modify entity @s data merge value {"locators":{"head":{"posx":1.513639539892433,"posy":0,"posz":3.1316737880286385,"roty":313.57142857142856,"rotx":0},"neck":{"posx":0.9178349151354691,"posy":-0.8125,"posz":2.336448938256046,"roty":327.5,"rotx":0},"right_arm":{"posx":0.4448263461288293,"posy":-2.860016552780199,"posz":3.3388107690429454,"roty":327.5,"rotx":-0.7142857142857134},"left_arm":{"posx":2.0261853070279905,"posy":-2.860016552780199,"posz":2.3313740033926504,"roty":327.5,"rotx":-0.7142857142857134},"tail1":{"posx":1.0244126579522517,"posy":-1.5,"posz":-2.156783877262021,"roty":55.71428571428574,"rotx":0},"tail2":{"posx":2.470330513005243,"posy":-1.875,"posz":-3.142593978873359,"roty":55.71428571428574,"rotx":0}},"cameras":{}}