# This file was generated by Animated Java via MC-Build. It is not recommended to edit this file directly.
$data merge entity $(bone_jaw) { transformation: [-0.6427876096865395f,0f,-0.7660444431189779f,1.5724820704251017f,0f,1f,0f,0.625f,0.7660444431189779f,0f,-0.6427876096865395f,3.04057722024739f,0f,0f,0f,1f], start_interpolation: 0, interpolation_duration: 1 }
$data merge entity $(bone_head) { transformation: [-0.7231360608973569f,0f,-0.8617999985088501f,1.3809709596453572f,0f,1.125f,0f,0.625f,0.8617999985088501f,0f,-0.7231360608973569f,2.879880317825755f,0f,0f,0f,1f], start_interpolation: 0, interpolation_duration: 1 }
$data merge entity $(bone_neck) { transformation: [-0.8191520442889919f,0f,-0.5735764363510459f,1.3245161272546284f,0f,1f,0f,-0.4375f,0.5735764363510459f,0f,-0.8191520442889919f,1.927531063665426f,0f,0f,0f,1f], start_interpolation: 0, interpolation_duration: 1 }
$data merge entity $(bone_right_arm2) { transformation: [-0.8191520442889919f,0f,-0.5735764363510459f,0.3057276481730858f,0f,1f,0f,-1.875f,0.5735764363510459f,0f,-0.8191520442889919f,2.8697896719523f,0f,0f,0f,1f], start_interpolation: 0, interpolation_duration: 1 }
$data merge entity $(bone_right_arm1) { transformation: [-0.9300788836197927f,0f,-0.65124824544025f,0.16737886202205166f,0f,1.1354166666666665f,0f,-0.5625f,0.65124824544025f,0f,-0.9300788836197927f,2.127380005143916f,0f,0f,0f,1f], start_interpolation: 0, interpolation_duration: 1 }
$data merge entity $(bone_left_arm2) { transformation: [-0.8191520442889919f,0f,-0.5735764363510459f,1.7392437256788216f,0f,1f,0f,-1.875f,0.5735764363510459f,0f,-0.8191520442889919f,1.8660309083379696f,0f,0f,0f,1f], start_interpolation: 0, interpolation_duration: 1 }
$data merge entity $(bone_left_arm1) { transformation: [-0.9300788836197927f,0f,-0.65124824544025f,1.0889249118471676f,0f,1.1354166666666665f,0f,-0.5625f,0.65124824544025f,0f,-0.9300788836197927f,1.4821065142489895f,0f,0f,0f,1f], start_interpolation: 0, interpolation_duration: 1 }
$data merge entity $(bone_body2) { transformation: [-1.296990736790904f,0f,-0.9081626908891561f,0.4999999999999999f,0f,1.5833333333333335f,0f,-0.5f,0.9081626908891561f,0f,-1.296990736790904f,0.75f,0f,0f,0f,1f], start_interpolation: 0, interpolation_duration: 1 }
$data merge entity $(bone_right_leg2) { transformation: [-1f,-1.0605752387249068e-16f,6.123233995736767e-17f,-0.9999999999999998f,0f,0.5000000000000001f,0.8660254037844386f,-1.573117061317363f,-1.2246467991473532e-16f,0.8660254037844386f,-0.5000000000000001f,-1.5261615179401304f,0f,0f,0f,1f], start_interpolation: 0, interpolation_duration: 1 }
$data merge entity $(bone_right_leg1) { transformation: [-1.3333333333333333f,-1.4141003182998756e-16f,8.164311994315689e-17f,-0.625f,0f,0.6666666666666667f,1.1547005383792515f,-1.125f,-1.6328623988631375e-16f,1.1547005383792515f,-0.6666666666666667f,-0.12500000000000008f,0f,0f,0f,1f], start_interpolation: 0, interpolation_duration: 1 }
$data merge entity $(bone_left_leg2) { transformation: [-1f,1.0605752387249068e-16f,6.123233995736767e-17f,0.9999999999999998f,0f,0.5000000000000001f,-0.8660254037844386f,-2.1143829386826374f,-1.2246467991473532e-16f,-0.8660254037844386f,-0.5000000000000001f,0.9636615179401306f,0f,0f,0f,1f], start_interpolation: 0, interpolation_duration: 1 }
$data merge entity $(bone_left_leg1) { transformation: [-1.3333333333333333f,1.4141003182998756e-16f,8.164311994315689e-17f,0.625f,0f,0.6666666666666667f,-1.1547005383792515f,-1.125f,-1.6328623988631375e-16f,-1.1547005383792515f,-0.6666666666666667f,-0.12499999999999993f,0f,0f,0f,1f], start_interpolation: 0, interpolation_duration: 1 }
$data merge entity $(bone_tail3) { transformation: [-0.5f,0f,0.8660254037844386f,2.1092944566227674f,0f,1f,0f,-0.5625f,-0.8660254037844386f,0f,-0.5f,-2.6868988160479113f,0f,0f,0f,1f], start_interpolation: 0, interpolation_duration: 1 }
$data merge entity $(bone_tail2) { transformation: [-0.7708333333333333f,0f,1.3351224975010094f,0.4229968245269453f,0f,1.5416666666666665f,0f,-0.75f,-1.3351224975010094f,0f,-0.7708333333333333f,-1.857651991520966f,0f,0f,0f,1f], start_interpolation: 0, interpolation_duration: 1 }
$data merge entity $(bone_tail1) { transformation: [-0.8660254037844386f,0f,0.5f,1.1102230246251565e-16f,0f,1f,0f,-0.75f,-0.5f,0f,-0.8660254037844386f,-0.875f,0f,0f,0f,1f], start_interpolation: 0, interpolation_duration: 1 }
data modify entity @s data merge value {"locators":{"head":{"posx":1.6203598481200379,"posy":0,"posz":3.0807514458527985,"roty":310,"rotx":0},"neck":{"posx":0.9866371596540132,"posy":-0.8125,"posz":2.316713287377073,"roty":325,"rotx":0},"right_arm":{"posx":0.5413188635805468,"posy":-2.875,"posz":3.3152142213687363,"roty":325,"rotx":0},"left_arm":{"posx":2.0772289466224065,"posy":-2.875,"posz":2.239758403210525,"roty":325,"rotx":0},"tail1":{"posx":1.0808892896287468,"posy":-1.5,"posz":-2.0931488160479113,"roty":60,"rotx":0},"tail2":{"posx":2.596433746251514,"posy":-1.875,"posz":-2.9681488160479113,"roty":60,"rotx":0}},"cameras":{}}