# This file was generated by Animated Java via MC-Build. It is not recommended to edit this file directly.
$data merge entity $(bone_jaw) { transformation: [-0.9922392066001721f,0f,-0.12434370464748508f,0.22908899829822904f,0f,1f,0f,0.625f,0.12434370464748508f,0f,-0.9922392066001721f,3.2830757437302993f,0f,0f,0f,1f], start_interpolation: 0, interpolation_duration: 1 }
$data merge entity $(bone_head) { transformation: [-1.1162691074251936f,0f,-0.1398866677284207f,0.19800307213635776f,0f,1.125f,0f,0.625f,0.1398866677284207f,0f,-1.1162691074251936f,3.0350159420802565f,0f,0f,0f,1f], start_interpolation: 0, interpolation_duration: 1 }
$data merge entity $(bone_neck) { transformation: [-0.9961946980917455f,0f,-0.08715574274765807f,0.6252863801997584f,0f,1f,0f,-0.4375f,0.08715574274765807f,0f,-0.9961946980917455f,2.182029878506884f,0f,0f,0f,1f], start_interpolation: 0, interpolation_duration: 1 }
$data merge entity $(bone_right_arm2) { transformation: [-0.9961946980917455f,-0.0021728529556446444f,-0.08712865317407986f,-0.7253063824887573f,0f,0.9996891820008162f,-0.024930691738072882f,-1.857452200806146f,0.08715574274765807f,-0.02483582292922789f,-0.9958850628488872f,2.521039674042263f,0f,0f,0f,1f], start_interpolation: 0, interpolation_duration: 1 }
$data merge entity $(bone_right_arm1) { transformation: [-1.131096063458336f,-0.0024670934600548563f,-0.09892732495806983f,-0.47674835789655035f,0f,1.1350637587300934f,-0.028306722910936916f,-0.5625f,0.09895808291140341f,-0.028199007284227497f,-1.1307444984430073f,1.7765355061303982f,0f,0f,0f,1f], start_interpolation: 0, interpolation_duration: 1 }
$data merge entity $(bone_left_arm2) { transformation: [-0.9961946980917455f,-0.0021728529556446444f,-0.08712865317407986f,1.0180343391717974f,0f,0.9996891820008162f,-0.024930691738072882f,-1.857452200806146f,0.08715574274765807f,-0.02483582292922789f,-0.9958850628488872f,2.368517124233861f,0f,0f,0f,1f], start_interpolation: 0, interpolation_duration: 1 }
$data merge entity $(bone_left_arm1) { transformation: [-1.131096063458336f,-0.0024670934600548563f,-0.09892732495806983f,0.6439706774566634f,0f,1.1350637587300934f,-0.028306722910936916f,-0.5625f,0.09895808291140341f,-0.028199007284227497f,-1.1307444984430073f,1.6784852955392828f,0f,0f,0f,1f], start_interpolation: 0, interpolation_duration: 1 }
$data merge entity $(bone_body2) { transformation: [-1.5773082719785974f,0f,-0.13799659268379197f,0.4999999999999999f,0f,1.5833333333333335f,0f,-0.5f,0.13799659268379197f,0f,-1.5773082719785974f,0.75f,0f,0f,0f,1f], start_interpolation: 0, interpolation_duration: 1 }
$data merge entity $(bone_right_leg2) { transformation: [-1f,-1.825241342103199e-17f,1.2109685062348362e-16f,-1f,0f,0.9888308262251285f,0.14904226617617447f,-2.499868604518568f,-1.2246467991473532e-16f,0.14904226617617447f,-0.9888308262251285f,-0.6482578908236036f,0f,0f,0f,1f], start_interpolation: 0, interpolation_duration: 1 }
$data merge entity $(bone_right_leg1) { transformation: [-1.3333333333333333f,-2.433655122804265e-17f,1.6146246749797816e-16f,-0.625f,0f,1.3184411016335047f,0.19872302156823263f,-1.125f,-1.6328623988631375e-16f,0.19872302156823263f,-1.3184411016335047f,-0.12500000000000008f,0f,0f,0f,1f], start_interpolation: 0, interpolation_duration: 1 }
$data merge entity $(bone_left_leg2) { transformation: [-1f,1.825241342103199e-17f,1.2109685062348362e-16f,1f,0f,0.9888308262251285f,-0.14904226617617447f,-2.5930200208786767f,-1.2246467991473532e-16f,-0.14904226617617447f,-0.9888308262251285f,-0.21976137556710174f,0f,0f,0f,1f], start_interpolation: 0, interpolation_duration: 1 }
$data merge entity $(bone_left_leg1) { transformation: [-1.3333333333333333f,2.433655122804265e-17f,1.6146246749797816e-16f,0.625f,0f,1.3184411016335047f,-0.19872302156823263f,-1.125f,-1.6328623988631375e-16f,-0.19872302156823263f,-1.3184411016335047f,-0.12499999999999993f,0f,0f,0f,1f], start_interpolation: 0, interpolation_duration: 1 }
$data merge entity $(bone_tail3) { transformation: [-0.9888308262251284f,0f,0.1490422661761746f,0.35780835214639695f,0f,1f,0f,-0.5625f,-0.1490422661761746f,0f,-0.9888308262251284f,-3.779297812103401f,0f,0f,0f,1f], start_interpolation: 0, interpolation_duration: 1 }
$data merge entity $(bone_tail2) { transformation: [-1.5244475237637396f,0f,0.22977349368826916f,-0.04524975021207149f,0f,1.5416666666666665f,0f,-0.75f,-0.22977349368826916f,0f,-1.5244475237637396f,-1.943870296203307f,0f,0f,0f,1f], start_interpolation: 0, interpolation_duration: 1 }
$data merge entity $(bone_tail1) { transformation: [-0.9972037971811801f,0f,0.07473009358642439f,1.1102230246251565e-16f,0f,1f,0f,-0.75f,-0.07473009358642439f,0f,-0.9972037971811801f,-0.875f,0f,0f,0f,1f], start_interpolation: 0, interpolation_duration: 1 }
data modify entity @s data merge value {"locators":{"head":{"posx":0.23686047983869685,"posy":0,"posz":3.3450906941428102,"roty":352.8571428571429,"rotx":0},"neck":{"posx":0.13808349899734285,"posy":-0.8125,"posz":2.3501320871421814,"roty":355,"rotx":0},"right_arm":{"posx":-0.7418313715768069,"posy":-2.844676036937926,"posz":3.049265262317663,"roty":355,"rotx":-1.428571428571429},"left_arm":{"posx":1.1260336873452161,"posy":-2.844676036937926,"posz":2.8858482446658043,"roty":355,"rotx":-1.428571428571429},"tail1":{"posx":0.18082066106218958,"posy":-1.5,"posz":-2.6050612059610607,"roty":8.571428571428584,"rotx":0},"tail2":{"posx":0.44164462687049516,"posy":-1.875,"posz":-4.335515151855036,"roty":8.571428571428584,"rotx":0}},"cameras":{}}