# This file was generated by Animated Java via MC-Build. It is not recommended to edit this file directly.
$data merge entity $(bone_jaw) { transformation: [-0.969077286229078f,0f,-0.24675739769029353f,0.45999387266706226f,0f,1f,0f,0.625f,0.24675739769029353f,0f,-0.969077286229078f,3.2949108546682027f,0f,0f,0f,1f], start_interpolation: 0, interpolation_duration: 1 }
$data merge entity $(bone_head) { transformation: [-1.0902119470077127f,0f,-0.27760207240158025f,0.3983045232444889f,0f,1.125f,0f,0.625f,0.27760207240158025f,0f,-1.0902119470077127f,3.052641533110933f,0f,0f,0f,1f], start_interpolation: 0, interpolation_duration: 1 }
$data merge entity $(bone_neck) { transformation: [-0.984807753012208f,0f,-0.17364817766693022f,0.7496192553962121f,0f,1f,0f,-0.4375f,0.17364817766693022f,0f,-0.984807753012208f,2.165661144955049f,0f,0f,0f,1f], start_interpolation: 0, interpolation_duration: 1 }
$data merge entity $(bone_right_arm2) { transformation: [-0.984807753012208f,0.008655647209174232f,-0.17343231930189965f,-0.5834413112710242f,0f,0.9987569212189223f,0.04984588566069717f,-1.9076375054915649f,0.17364817766693022f,0.04908861465441462f,-0.9835835593909977f,2.523808403088366f,0f,0f,0f,1f], start_interpolation: 0, interpolation_duration: 1 }
$data merge entity $(bone_right_arm1) { transformation: [-1.118167136232611f,0.009827766102083241f,-0.19691794587403186f,-0.383563071012724f,0f,1.1340052543006514f,0.05659584934391657f,-0.5625f,0.197163035059327f,0.05573603122219993f,-1.1167771663918618f,1.8577584572200585f,0f,0f,0f,1f], start_interpolation: 0, interpolation_duration: 1 }
$data merge entity $(bone_left_arm2) { transformation: [-0.984807753012208f,0.008655647209174232f,-0.17343231930189965f,1.1399722565003398f,0f,0.9987569212189223f,0.04984588566069717f,-1.9076375054915649f,0.17364817766693022f,0.04908861465441462f,-0.9835835593909977f,2.219924092171238f,0f,0f,0f,1f], start_interpolation: 0, interpolation_duration: 1 }
$data merge entity $(bone_left_arm1) { transformation: [-1.118167136232611f,0.009827766102083241f,-0.19691794587403186f,0.72434565112601f,0f,1.1340052543006514f,0.05659584934391657f,-0.5625f,0.197163035059327f,0.05573603122219993f,-1.1167771663918618f,1.662404257344762f,0f,0f,0f,1f], start_interpolation: 0, interpolation_duration: 1 }
$data merge entity $(bone_body2) { transformation: [-1.5592789422693296f,0f,-0.2749429479726395f,0.4999999999999999f,0f,1.5833333333333335f,0f,-0.5f,0.2749429479726395f,0f,-1.5592789422693296f,0.75f,0f,0f,0f,1f], start_interpolation: 0, interpolation_duration: 1 }
$data merge entity $(bone_right_leg2) { transformation: [-1f,-3.609709808744336e-17f,1.1702391779582527e-16f,-0.9999999999999999f,0f,0.9555728057861408f,0.29475517441090415f,-2.4065249163141695f,-1.2246467991473532e-16f,0.29475517441090415f,-0.9555728057861408f,-0.8473270650238439f,0f,0f,0f,1f], start_interpolation: 0, interpolation_duration: 1 }
$data merge entity $(bone_right_leg1) { transformation: [-1.3333333333333333f,-4.812946411659114e-17f,1.5603189039443368e-16f,-0.625f,0f,1.274097074381521f,0.39300689921453885f,-1.125f,-1.6328623988631375e-16f,0.39300689921453885f,-1.274097074381521f,-0.12500000000000008f,0f,0f,0f,1f], start_interpolation: 0, interpolation_duration: 1 }
$data merge entity $(bone_left_leg2) { transformation: [-1f,3.609709808744336e-17f,1.1702391779582527e-16f,1f,0f,0.9555728057861408f,-0.29475517441090415f,-2.590746900320985f,-1.2246467991473532e-16f,-0.29475517441090415f,-0.9555728057861408f,0.0000940614075058549f,0f,0f,0f,1f], start_interpolation: 0, interpolation_duration: 1 }
$data merge entity $(bone_left_leg1) { transformation: [-1.3333333333333333f,4.812946411659114e-17f,1.5603189039443368e-16f,0.625f,0f,1.274097074381521f,-0.39300689921453885f,-1.125f,-1.6328623988631375e-16f,-0.39300689921453885f,-1.274097074381521f,-0.12499999999999993f,0f,0f,0f,1f], start_interpolation: 0, interpolation_duration: 1 }
$data merge entity $(bone_tail3) { transformation: [-0.900968867902419f,0f,0.4338837391175582f,0.9609066738672685f,0f,1f,0f,-0.5625f,-0.4338837391175582f,0f,-0.900968867902419f,-3.5793441960635617f,0f,0f,0f,1f], start_interpolation: 0, interpolation_duration: 1 }
$data merge entity $(bone_tail2) { transformation: [-1.3889936713495625f,0f,0.6689040978062355f,0.03475355453404448f,0f,1.5416666666666665f,0f,-0.75f,-0.6689040978062355f,0f,-1.3889936713495625f,-1.9442630361362208f,0f,0f,0f,1f], start_interpolation: 0, interpolation_duration: 1 }
$data merge entity $(bone_tail1) { transformation: [-0.9888308262251285f,0f,0.14904226617617453f,1.1102230246251565e-16f,0f,1f,0f,-0.75f,-0.14904226617617453f,0f,-0.9888308262251285f,-0.875f,0f,0f,0f,1f], start_interpolation: 0, interpolation_duration: 1 }
data modify entity @s data merge value {"locators":{"head":{"posx":0.4754162100227056,"posy":0,"posz":3.35547818505752,"roty":345.7142857142857,"rotx":0},"neck":{"posx":0.27892140109847435,"posy":-0.8125,"posz":2.37558620291504,"roty":350,"rotx":0},"right_arm":{"posx":-0.5669312833925115,"posy":-2.931317369540836,"posz":2.9773645792336336,"roty":350,"rotx":2.857142857142858},"left_arm":{"posx":1.2795832535053784,"posy":-2.931317369540836,"posz":2.6517742461081393,"roty":350,"rotx":2.857142857142858},"tail1":{"posx":0.4456697336651681,"posy":-1.5,"posz":-2.509443665429439,"roty":25.714285714285722,"rotx":0},"tail2":{"posx":1.2049662771208949,"posy":-1.875,"posz":-4.0861391842586725,"roty":25.714285714285722,"rotx":0}},"cameras":{}}