# This file was generated by Animated Java via MC-Build. It is not recommended to edit this file directly.
$data merge entity $(bone_jaw) { transformation: [-0.9922392066001722f,0f,-0.1243437046474849f,0.22908899829822865f,0f,1f,0f,0.625f,0.1243437046474849f,0f,-0.9922392066001722f,3.2830757437302998f,0f,0f,0f,1f], start_interpolation: 0, interpolation_duration: 1 }
$data merge entity $(bone_head) { transformation: [-1.1162691074251936f,0f,-0.1398866677284205f,0.19800307213635743f,0f,1.125f,0f,0.625f,0.1398866677284205f,0f,-1.1162691074251936f,3.0350159420802565f,0f,0f,0f,1f], start_interpolation: 0, interpolation_duration: 1 }
$data merge entity $(bone_neck) { transformation: [-0.9961946980917455f,0f,-0.08715574274765793f,0.6252863801997581f,0f,1f,0f,-0.4375f,0.08715574274765793f,0f,-0.9961946980917455f,2.182029878506884f,0f,0f,0f,1f], start_interpolation: 0, interpolation_duration: 1 }
$data merge entity $(bone_right_arm2) { transformation: [-0.9961946980917455f,0.002172852955644639f,-0.08712865317407972f,-0.7310101214973247f,0f,0.9996891820008162f,0.024930691738072858f,-1.8917319019459964f,0.08715574274765793f,0.024835822929227865f,-0.9958850628488872f,2.4558456388530394f,0f,0f,0f,1f], start_interpolation: 0, interpolation_duration: 1 }
$data merge entity $(bone_right_arm1) { transformation: [-1.131096063458336f,0.00246709346005485f,-0.09892732495806968f,-0.47674835789655046f,0f,1.1350637587300934f,0.028306722910936888f,-0.5625f,0.09895808291140326f,0.02819900728422747f,-1.1307444984430073f,1.776535506130398f,0f,0f,0f,1f], start_interpolation: 0, interpolation_duration: 1 }
$data merge entity $(bone_left_arm2) { transformation: [-0.9961946980917455f,0.002172852955644639f,-0.08712865317407972f,1.0123306001632302f,0f,0.9996891820008162f,0.024930691738072858f,-1.8917319019459964f,0.08715574274765793f,0.024835822929227865f,-0.9958850628488872f,2.303323089044638f,0f,0f,0f,1f], start_interpolation: 0, interpolation_duration: 1 }
$data merge entity $(bone_left_arm1) { transformation: [-1.131096063458336f,0.00246709346005485f,-0.09892732495806968f,0.6439706774566634f,0f,1.1350637587300934f,0.028306722910936888f,-0.5625f,0.09895808291140326f,0.02819900728422747f,-1.1307444984430073f,1.6784852955392828f,0f,0f,0f,1f], start_interpolation: 0, interpolation_duration: 1 }
$data merge entity $(bone_body2) { transformation: [-1.5773082719785974f,0f,-0.13799659268379175f,0.4999999999999999f,0f,1.5833333333333335f,0f,-0.5f,0.13799659268379175f,0f,-1.5773082719785974f,0.75f,0f,0f,0f,1f], start_interpolation: 0, interpolation_duration: 1 }
$data merge entity $(bone_right_leg2) { transformation: [-1f,-1.8252413421031965e-17f,1.2109685062348362e-16f,-1f,0f,0.9888308262251285f,0.14904226617617428f,-2.499868604518568f,-1.2246467991473532e-16f,0.14904226617617428f,-0.9888308262251285f,-0.6482578908236034f,0f,0f,0f,1f], start_interpolation: 0, interpolation_duration: 1 }
$data merge entity $(bone_right_leg1) { transformation: [-1.3333333333333333f,-2.433655122804262e-17f,1.6146246749797816e-16f,-0.625f,0f,1.3184411016335047f,0.19872302156823235f,-1.125f,-1.6328623988631375e-16f,0.19872302156823235f,-1.3184411016335047f,-0.12500000000000008f,0f,0f,0f,1f], start_interpolation: 0, interpolation_duration: 1 }
$data merge entity $(bone_left_leg2) { transformation: [-1f,1.8252413421031965e-17f,1.2109685062348362e-16f,1f,0f,0.9888308262251285f,-0.14904226617617428f,-2.5930200208786767f,-1.2246467991473532e-16f,-0.14904226617617428f,-0.9888308262251285f,-0.219761375567102f,0f,0f,0f,1f], start_interpolation: 0, interpolation_duration: 1 }
$data merge entity $(bone_left_leg1) { transformation: [-1.3333333333333333f,2.433655122804262e-17f,1.6146246749797816e-16f,0.625f,0f,1.3184411016335047f,-0.19872302156823235f,-1.125f,-1.6328623988631375e-16f,-0.19872302156823235f,-1.3184411016335047f,-0.12499999999999993f,0f,0f,0f,1f], start_interpolation: 0, interpolation_duration: 1 }
$data merge entity $(bone_tail3) { transformation: [-0.9749279121818236f,0f,0.22252093395631434f,0.49384298997874576f,0f,1f,0f,-0.5625f,-0.22252093395631434f,0f,-0.9749279121818236f,-3.7440450147996867f,0f,0f,0f,1f], start_interpolation: 0, interpolation_duration: 1 }
$data merge entity $(bone_tail2) { transformation: [-1.5030138646136446f,0f,0.3430531065159846f,-0.045249750212071574f,0f,1.5416666666666665f,0f,-0.75f,-0.3430531065159846f,0f,-1.5030138646136446f,-1.943870296203307f,0f,0f,0f,1f], start_interpolation: 0, interpolation_duration: 1 }
$data merge entity $(bone_tail1) { transformation: [-0.9972037971811801f,0f,0.07473009358642431f,1.1102230246251565e-16f,0f,1f,0f,-0.75f,-0.07473009358642431f,0f,-0.9972037971811801f,-0.875f,0f,0f,0f,1f], start_interpolation: 0, interpolation_duration: 1 }
data modify entity @s data merge value {"locators":{"head":{"posx":0.23686047983869646,"posy":0,"posz":3.3450906941428102,"roty":352.8571428571429,"rotx":0},"neck":{"posx":0.13808349899734262,"posy":-0.8125,"posz":2.3501320871421814,"roty":355,"rotx":0},"right_arm":{"posx":-0.7518808164966636,"posy":-2.903886429815849,"posz":2.9343995812699837,"roty":355,"rotx":1.4285714285714275},"left_arm":{"posx":1.1159842424253594,"posy":-2.903886429815849,"posz":2.770982563618125,"roty":355,"rotx":1.4285714285714275},"tail1":{"posx":0.22959938090562249,"posy":-1.5,"posz":-2.5863181190837716,"roty":12.857142857142861,"rotx":0},"tail2":{"posx":0.6190110153291726,"posy":-1.875,"posz":-4.292441965401962,"roty":12.857142857142861,"rotx":0}},"cameras":{}}