# This file was generated by Animated Java via MC-Build. It is not recommended to edit this file directly.
$data merge entity $(bone_jaw) { transformation: [-0.9063077870366499f,0f,-0.4226182617406993f,0.8053841389456753f,0f,1f,0f,0.625f,0.4226182617406993f,0f,-0.9063077870366499f,3.2727929856948093f,0f,0f,0f,1f], start_interpolation: 0, interpolation_duration: 1 }
$data merge entity $(bone_head) { transformation: [-1.0195962604162312f,0f,-0.4754455444582867f,0.6997295735105005f,0f,1.125f,0f,0.625f,0.4754455444582867f,0f,-1.0195962604162312f,3.046216038935647f,0f,0f,0f,1f], start_interpolation: 0, interpolation_duration: 1 }
$data merge entity $(bone_neck) { transformation: [-0.9537169507482269f,0f,-0.30070579950427295f,0.9322645867873922f,0f,1f,0f,-0.4375f,0.30070579950427295f,0f,-0.9537169507482269f,2.1209681167005763f,0f,0f,0f,1f], start_interpolation: 0, interpolation_duration: 1 }
$data merge entity $(bone_right_arm2) { transformation: [-0.9537169507482269f,-0.02620823730432329f,-0.2995615231515962f,-0.2891022616149097f,0f,0.9961946980917455f,-0.08715574274765818f,-1.810085968106401f,0.30070579950427295f,-0.08312190921349345f,-0.95008776981561f,2.81986296323578f,0f,0f,0f,1f], start_interpolation: 0, interpolation_duration: 1 }
$data merge entity $(bone_right_arm1) { transformation: [-1.0828661211620492f,-0.029757269439283734f,-0.3401271460783748f,-0.2314125731347355f,0f,1.131096063458336f,-0.09895808291140354f,-0.5625f,0.3414263765204765f,-0.09437800108615402f,-1.0787454886448071f,1.9636095532997528f,0f,0f,0f,1f], start_interpolation: 0, interpolation_duration: 1 }
$data merge entity $(bone_left_arm2) { transformation: [-0.9537169507482269f,-0.02620823730432329f,-0.2995615231515962f,1.3799024021944877f,0f,0.9961946980917455f,-0.08715574274765818f,-1.810085968106401f,0.30070579950427295f,-0.08312190921349345f,-0.95008776981561f,2.2936278141033024f,0f,0f,0f,1f], start_interpolation: 0, interpolation_duration: 1 }
$data merge entity $(bone_left_arm1) { transformation: [-1.0828661211620492f,-0.029757269439283734f,-0.3401271460783748f,0.84151899645702f,0f,1.131096063458336f,-0.09895808291140354f,-0.5625f,0.3414263765204765f,-0.09437800108615402f,-1.0787454886448071f,1.6253155288574457f,0f,0f,0f,1f], start_interpolation: 0, interpolation_duration: 1 }
$data merge entity $(bone_body2) { transformation: [-1.5100518386846928f,0f,-0.47611751588176554f,0.4999999999999999f,0f,1.5833333333333335f,0f,-0.5f,0.47611751588176554f,0f,-1.5100518386846928f,0.75f,0f,0f,0f,1f], start_interpolation: 0, interpolation_duration: 1 }
$data merge entity $(bone_right_leg2) { transformation: [-1f,-6.123233995736765e-17f,1.0605752387249069e-16f,-0.9999999999999998f,0f,0.8660254037844387f,0.49999999999999994f,-2.213661517940131f,-1.2246467991473532e-16f,0.49999999999999994f,-0.8660254037844387f,-1.114382938682637f,0f,0f,0f,1f], start_interpolation: 0, interpolation_duration: 1 }
$data merge entity $(bone_right_leg1) { transformation: [-1.3333333333333333f,-8.164311994315686e-17f,1.4141003182998758e-16f,-0.625f,0f,1.1547005383792515f,0.6666666666666665f,-1.125f,-1.6328623988631375e-16f,0.6666666666666665f,-1.1547005383792515f,-0.12500000000000008f,0f,0f,0f,1f], start_interpolation: 0, interpolation_duration: 1 }
$data merge entity $(bone_left_leg2) { transformation: [-1f,6.123233995736765e-17f,1.0605752387249069e-16f,1f,0f,0.8660254037844387f,-0.49999999999999994f,-2.526161517940131f,-1.2246467991473532e-16f,-0.49999999999999994f,-0.8660254037844387f,0.32311706131736284f,0f,0f,0f,1f], start_interpolation: 0, interpolation_duration: 1 }
$data merge entity $(bone_left_leg1) { transformation: [-1.3333333333333333f,8.164311994315686e-17f,1.4141003182998758e-16f,0.625f,0f,1.1547005383792515f,-0.6666666666666665f,-1.125f,-1.6328623988631375e-16f,-0.6666666666666665f,-1.1547005383792515f,-0.12499999999999993f,0f,0f,0f,1f], start_interpolation: 0, interpolation_duration: 1 }
$data merge entity $(bone_tail3) { transformation: [-0.8660254037844387f,0f,0.5000000000000001f,1.2000076826083501f,0f,1f,0f,-0.5625f,-0.5000000000000001f,0f,-0.8660254037844387f,-3.4949462031657728f,0f,0f,0f,1f], start_interpolation: 0, interpolation_duration: 1 }
$data merge entity $(bone_tail2) { transformation: [-1.3351224975010096f,0f,0.7708333333333335f,0.15425450713529498f,0f,1.5416666666666665f,0f,-0.75f,-0.7708333333333335f,0f,-1.3351224975010096f,-1.9336485710699503f,0f,0f,0f,1f], start_interpolation: 0, interpolation_duration: 1 }
$data merge entity $(bone_tail1) { transformation: [-0.9659258262890683f,0f,0.25881904510252085f,1.1102230246251565e-16f,0f,1f,0f,-0.75f,-0.25881904510252085f,0f,-0.9659258262890683f,-0.875f,0f,0f,0f,1f], start_interpolation: 0, interpolation_duration: 1 }
data modify entity @s data merge value {"locators":{"head":{"posx":0.8317977803044689,"posy":0,"posz":3.3294372223846,"roty":335,"rotx":0},"neck":{"posx":0.49299433635131285,"posy":-0.8125,"posz":2.3905356352962412,"roty":342.5,"rotx":0},"right_arm":{"posx":-0.1727205721565525,"posy":-2.7627027948243175,"posz":3.396822869826096,"roty":342.5,"rotx":-5.000000000000001},"left_arm":{"posx":1.6154987104963732,"posy":-2.7627027948243175,"posz":2.8329994957555837,"roty":342.5,"rotx":-5.000000000000001},"tail1":{"posx":0.6062576826083499,"posy":-1.5,"posz":-2.466541036171752,"roty":30,"rotx":0},"tail2":{"posx":1.4812576826083501,"posy":-1.875,"posz":-3.9820854927945195,"roty":30,"rotx":0}},"cameras":{}}