# This file was generated by Animated Java via MC-Build. It is not recommended to edit this file directly.
$data merge entity $(bone_left_arm2) { transformation: [-0.9991452956763691f,-0.0412971997840093f,-0.0017942736080612046f,0.38521746190554845f,-0.041336160051230725f,0.9982035786019157f,0.04336977678693122f,-0.8693838746440751f,-1.2236000882332011e-16f,0.04340687683223504f,-0.9990574773473602f,-0.010851719208058714f,0f,0f,0f,1f], start_interpolation: 0, interpolation_duration: 1 }
$data merge entity $(bone_left_arm) { transformation: [-0.9991452956763691f,-0.0412971997840093f,-0.0017942736080612046f,0.25f,-0.041336160051230725f,0.9982035786019157f,0.04336977678693122f,-0.625f,-1.2236000882332011e-16f,0.04340687683223504f,-0.9990574773473602f,3.061616997868383e-17f,0f,0f,0f,1f], start_interpolation: 0, interpolation_duration: 1 }
$data merge entity $(item_display_weapon) { transformation: [-0.030470273046852958f,-0.02793278697572447f,-0.9991452956763691f,-0.394756767148024f,-0.7365035826986795f,-0.6751694561695074f,0.041336160051230836f,-1.0999604919502715f,-0.6757470200692413f,0.7371336139856467f,-1.2717914023194168e-16f,0.45879108475558755f,0f,0f,0f,1f], start_interpolation: 0, interpolation_duration: 1 }
$data merge entity $(bone_right_arm2) { transformation: [-0.9991452956763691f,0.0412971997840093f,-0.0017942736080612046f,-0.38521746190554845f,0.041336160051230725f,0.9982035786019157f,-0.04336977678693122f,-0.8693838746440751f,-1.2236000882332011e-16f,-0.04340687683223504f,-0.9990574773473602f,0.010851719208058714f,0f,0f,0f,1f], start_interpolation: 0, interpolation_duration: 1 }
$data merge entity $(bone_right_arm) { transformation: [-0.9991452956763691f,0.0412971997840093f,-0.0017942736080612046f,-0.25f,0.041336160051230725f,0.9982035786019157f,-0.04336977678693122f,-0.625f,-1.2236000882332011e-16f,-0.04340687683223504f,-0.9990574773473602f,-3.061616997868383e-17f,0f,0f,0f,1f], start_interpolation: 0, interpolation_duration: 1 }