# This file was generated by Animated Java via MC-Build. It is not recommended to edit this file directly.
$data merge entity $(bone_left_arm2) { transformation: [-0.9971060692324597f,-0.07600513224707929f,-0.0016451662217941956f,0.39363954171582727f,-0.07602293535370326f,0.9968725662036255f,0.02157776751207018f,-0.8647152746316935f,-1.2200185539234455e-16f,0.021640393312097723f,-0.9997658192683413f,-0.005410098328024385f,0f,0f,0f,1f], start_interpolation: 0, interpolation_duration: 1 }
$data merge entity $(bone_left_arm) { transformation: [-0.9971060692324597f,-0.07600513224707929f,-0.0016451662217941956f,0.25f,-0.07602293535370326f,0.9968725662036255f,0.02157776751207018f,-0.625f,-1.2200185539234455e-16f,0.021640393312097723f,-0.9997658192683413f,3.061616997868383e-17f,0f,0f,0f,1f], start_interpolation: 0, interpolation_duration: 1 }
$data merge entity $(item_display_weapon) { transformation: [-0.05490705260850006f,-0.052580436225280365f,-0.9971060692324597f,-0.41192106455556216f,-0.7201531372720708f,-0.6896375658107674f,0.07602293535370337f,-1.1044931428960691f,-0.69163912154464f,0.7222432592616969f,-1.2440442168404806e-16f,0.4482177425859481f,0f,0f,0f,1f], start_interpolation: 0, interpolation_duration: 1 }
$data merge entity $(bone_right_arm2) { transformation: [-0.9971060692324597f,0.07600513224707929f,-0.0016451662217941956f,-0.39363954171582727f,0.07602293535370326f,0.9968725662036255f,-0.02157776751207018f,-0.8647152746316935f,-1.2200185539234455e-16f,-0.021640393312097723f,-0.9997658192683413f,0.005410098328024385f,0f,0f,0f,1f], start_interpolation: 0, interpolation_duration: 1 }
$data merge entity $(bone_right_arm) { transformation: [-0.9971060692324597f,0.07600513224707929f,-0.0016451662217941956f,-0.25f,0.07602293535370326f,0.9968725662036255f,-0.02157776751207018f,-0.625f,-1.2200185539234455e-16f,-0.021640393312097723f,-0.9997658192683413f,-3.061616997868383e-17f,0f,0f,0f,1f], start_interpolation: 0, interpolation_duration: 1 }