# This file was generated by Animated Java via MC-Build. It is not recommended to edit this file directly.
$data merge entity $(bone_left_arm2) { transformation: [-0.9962132146270727f,-0.08694361117403085f,-0.00019869175361673545f,0.3962625546218918f,-0.08694383820831708f,0.9962106132402375f,0.0022766346030903125f,-0.8631846735340197f,-1.2200093245613397e-16f,0.00228528850015561f,-0.9999973887248261f,-0.0005713221250388566f,0f,0f,0f,1f], start_interpolation: 0, interpolation_duration: 1 }
$data merge entity $(bone_left_arm) { transformation: [-0.9962132146270727f,-0.08694361117403085f,-0.00019869175361673545f,0.25f,-0.08694383820831708f,0.9962106132402375f,0.0022766346030903125f,-0.625f,-1.2200093245613397e-16f,0.00228528850015561f,-0.9999973887248261f,3.061616997868383e-17f,0f,0f,0f,1f], start_interpolation: 0, interpolation_duration: 1 }
$data merge entity $(item_display_weapon) { transformation: [-0.06161891332835217f,-0.06133792075565545f,-0.9962132146270727f,-0.4179115297731922f,-0.7060371038783101f,-0.7028174563460519f,0.08694383820831719f,-1.1112412992052272f,-0.7054889917407368f,0.7087208777315922f,-1.2225465044721236e-16f,0.4386415018171892f,0f,0f,0f,1f], start_interpolation: 0, interpolation_duration: 1 }
$data merge entity $(bone_right_arm2) { transformation: [-0.9962132146270727f,0.08694361117403085f,-0.00019869175361673545f,-0.3962625546218918f,0.08694383820831708f,0.9962106132402375f,-0.0022766346030903125f,-0.8631846735340197f,-1.2200093245613397e-16f,-0.00228528850015561f,-0.9999973887248261f,0.0005713221250388566f,0f,0f,0f,1f], start_interpolation: 0, interpolation_duration: 1 }
$data merge entity $(bone_right_arm) { transformation: [-0.9962132146270727f,0.08694361117403085f,-0.00019869175361673545f,-0.25f,0.08694383820831708f,0.9962106132402375f,-0.0022766346030903125f,-0.625f,-1.2200093245613397e-16f,-0.00228528850015561f,-0.9999973887248261f,-3.061616997868383e-17f,0f,0f,0f,1f], start_interpolation: 0, interpolation_duration: 1 }