# This file was generated by Animated Java via MC-Build. It is not recommended to edit this file directly.
$data merge entity $(bone_left_arm2) { transformation: [-0.9999950652018582f,-0.0031414265228356204f,-0.000031801463173373274f,0.3757847397809412f,-0.0031415874858795613f,0.9999438292422212f,0.010122686820797169f,-0.8745932588748204f,-1.2246746370804947e-16f,0.010122736774459795f,-0.9999487637875227f,-0.002530684193614903f,0f,0f,0f,1f], start_interpolation: 0, interpolation_duration: 1 }
$data merge entity $(bone_left_arm) { transformation: [-0.9999950652018582f,-0.0031414265228356204f,-0.000031801463173373274f,0.25f,-0.0031415874858795613f,0.9999438292422212f,0.010122686820797169f,-0.625f,-1.2246746370804947e-16f,0.010122736774459795f,-0.9999487637875227f,3.061616997868383e-17f,0f,0f,0f,1f], start_interpolation: 0, interpolation_duration: 1 }
$data merge entity $(item_display_weapon) { transformation: [-0.0022438110271581126f,-0.002198836966634797f,-0.9999950652018582f,-0.37655618327151175f,-0.7142248829576312f,-0.6999092419680043f,0.0031415874858796724f,-1.120150540701277f,-0.6999126958958756f,0.7142284075306495f,-1.2359131325197198e-16f,0.44253895254427106f,0f,0f,0f,1f], start_interpolation: 0, interpolation_duration: 1 }
$data merge entity $(bone_right_arm2) { transformation: [-0.9999950652018582f,0.0031414265228356204f,-0.000031801463173373274f,-0.3757847397809412f,0.0031415874858795613f,0.9999438292422212f,-0.010122686820797169f,-0.8745932588748204f,-1.2246746370804947e-16f,-0.010122736774459795f,-0.9999487637875227f,0.002530684193614903f,0f,0f,0f,1f], start_interpolation: 0, interpolation_duration: 1 }
$data merge entity $(bone_right_arm) { transformation: [-0.9999950652018582f,0.0031414265228356204f,-0.000031801463173373274f,-0.25f,0.0031415874858795613f,0.9999438292422212f,-0.010122686820797169f,-0.625f,-1.2246746370804947e-16f,-0.010122736774459795f,-0.9999487637875227f,-3.061616997868383e-17f,0f,0f,0f,1f], start_interpolation: 0, interpolation_duration: 1 }