# This file was generated by Animated Java via MC-Build. It is not recommended to edit this file directly.
$data merge entity $(bone_left_arm2) { transformation: [-0.9961946980917455f,-0.08715574274765818f,1.2246467991473532e-16f,0.3963132729483827f,-0.08715574274765818f,0.9961946980917455f,0f,-0.8631542066794791f,-1.2199866483456202e-16f,-1.0673500138322974e-17f,-1f,4.853437811758483e-17f,0f,0f,0f,1f], start_interpolation: 0, interpolation_duration: 1 }
$data merge entity $(bone_left_arm) { transformation: [-0.9961946980917455f,-0.08715574274765818f,1.2246467991473532e-16f,0.25f,-0.08715574274765818f,0.9961946980917455f,0f,-0.625f,-1.2199866483456202e-16f,-1.0673500138322974e-17f,-1f,3.061616997868383e-17f,0f,0f,0f,1f], start_interpolation: 0, interpolation_duration: 1 }
$data merge entity $(item_display_weapon) { transformation: [-0.0616284167162195f,-0.061628416716219436f,-0.9961946980917455f,-0.4181022086352973f,-0.7044160264027587f,-0.7044160264027586f,0.08715574274765829f,-1.1122028812024154f,-0.7071067811865475f,0.7071067811865476f,-1.2199866483456202e-16f,0.43749999999999994f,0f,0f,0f,1f], start_interpolation: 0, interpolation_duration: 1 }
$data merge entity $(bone_right_arm2) { transformation: [-0.9961946980917455f,0.08715574274765818f,1.2246467991473532e-16f,-0.3963132729483827f,0.08715574274765818f,0.9961946980917455f,0f,-0.8631542066794791f,-1.2199866483456202e-16f,1.0673500138322974e-17f,-1f,-4.853437811758483e-17f,0f,0f,0f,1f], start_interpolation: 0, interpolation_duration: 1 }
$data merge entity $(bone_right_arm) { transformation: [-0.9961946980917455f,0.08715574274765818f,1.2246467991473532e-16f,-0.25f,0.08715574274765818f,0.9961946980917455f,0f,-0.625f,-1.2199866483456202e-16f,1.0673500138322974e-17f,-1f,-3.061616997868383e-17f,0f,0f,0f,1f], start_interpolation: 0, interpolation_duration: 1 }