# This file was generated by Animated Java via MC-Build. It is not recommended to edit this file directly.
$data merge entity $(bone_left_arm2) { transformation: [-0.9988294685009362f,-0.04832606633518277f,0.0020698228679699856f,0.3869352001464127f,-0.04837037165597611f,0.9979145807606784f,-0.042741041764354455f,-0.8684323487331727f,-1.2232133114937235e-16f,-0.04279113013005223f,-0.9990840400998271f,0.010697782532513104f,0f,0f,0f,1f], start_interpolation: 0, interpolation_duration: 1 }
$data merge entity $(bone_left_arm) { transformation: [-0.9988294685009362f,-0.04832606633518277f,0.0020698228679699856f,0.25f,-0.04837037165597611f,0.9979145807606784f,-0.042741041764354455f,-0.625f,-1.2232133114937235e-16f,-0.04279113013005223f,-0.9990840400998271f,3.061616997868383e-17f,0f,0f,0f,1f], start_interpolation: 0, interpolation_duration: 1 }
$data merge entity $(item_display_weapon) { transformation: [-0.03270810342788233f,-0.035635274999475226f,-0.9988294685009362f,-0.39992226423494526f,-0.6754096866342538f,-0.7358546475673587f,0.04837037165597622f,-1.1366101996952473f,-0.7367169980194361f,0.6762012014402444f,-1.1757056135736082e-16f,0.4157037024786482f,0f,0f,0f,1f], start_interpolation: 0, interpolation_duration: 1 }
$data merge entity $(bone_right_arm2) { transformation: [-0.9988294685009362f,0.04832606633518277f,0.0020698228679699856f,-0.3869352001464127f,0.04837037165597611f,0.9979145807606784f,0.042741041764354455f,-0.8684323487331727f,-1.2232133114937235e-16f,0.04279113013005223f,-0.9990840400998271f,-0.010697782532513104f,0f,0f,0f,1f], start_interpolation: 0, interpolation_duration: 1 }
$data merge entity $(bone_right_arm) { transformation: [-0.9988294685009362f,0.04832606633518277f,0.0020698228679699856f,-0.25f,0.04837037165597611f,0.9979145807606784f,0.042741041764354455f,-0.625f,-1.2232133114937235e-16f,0.04279113013005223f,-0.9990840400998271f,-3.061616997868383e-17f,0f,0f,0f,1f], start_interpolation: 0, interpolation_duration: 1 }