# This file was generated by Animated Java via MC-Build. It is not recommended to edit this file directly.
$data merge entity $(bone_left_arm2) { transformation: [-0.9995294175010931f,-0.030651644078149867f,0.001191748812383248f,0.3826040882071741f,-0.030674803176636626f,0.9987747851050179f,-0.03883278368208701f,-0.8708593458791749f,-1.224070501796332e-16f,-0.03885106631395823f,-0.9992450123199357f,0.009712766578489605f,0f,0f,0f,1f], start_interpolation: 0, interpolation_duration: 1 }
$data merge entity $(bone_left_arm) { transformation: [-0.9995294175010931f,-0.030651644078149867f,0.001191748812383248f,0.25f,-0.030674803176636626f,0.9987747851050179f,-0.03883278368208701f,-0.625f,-1.224070501796332e-16f,-0.03885106631395823f,-0.9992450123199357f,3.061616997868383e-17f,0f,0f,0f,1f], start_interpolation: 0, interpolation_duration: 1 }
$data merge entity $(item_display_weapon) { transformation: [-0.02083129171546927f,-0.02251667904888346f,-0.9995294175010931f,-0.3907883893321293f,-0.6787814987519409f,-0.7336993480998489f,0.030674803176636737f,-1.1375423850163424f,-0.7340447767251898f,0.6791010718313337f,-1.1809371534433368e-16f,0.41774415973299267f,0f,0f,0f,1f], start_interpolation: 0, interpolation_duration: 1 }
$data merge entity $(bone_right_arm2) { transformation: [-0.9995294175010931f,0.030651644078149867f,0.001191748812383248f,-0.3826040882071741f,0.030674803176636626f,0.9987747851050179f,0.03883278368208701f,-0.8708593458791749f,-1.224070501796332e-16f,0.03885106631395823f,-0.9992450123199357f,-0.009712766578489605f,0f,0f,0f,1f], start_interpolation: 0, interpolation_duration: 1 }
$data merge entity $(bone_right_arm) { transformation: [-0.9995294175010931f,0.030651644078149867f,0.001191748812383248f,-0.25f,0.030674803176636626f,0.9987747851050179f,0.03883278368208701f,-0.625f,-1.224070501796332e-16f,0.03885106631395823f,-0.9992450123199357f,-3.061616997868383e-17f,0f,0f,0f,1f], start_interpolation: 0, interpolation_duration: 1 }