# This file was generated by Animated Java via MC-Build. It is not recommended to edit this file directly.
$data merge entity $(bone_left_arm2) { transformation: [-0.9996137614102814f,-0.027771813024262f,0.00102684007248674f,0.3818946734323507f,-0.027790789826649998f,0.9989311801330695f,-0.03693466337688773f,-0.871258946304936f,-1.2252579954672327e-16f,-0.03694893448123337f,-0.9993171549816913f,0.009237233620308389f,0f,0f,0f,1f], start_interpolation: 0, interpolation_duration: 1 }
$data merge entity $(bone_left_arm) { transformation: [-0.9996137614102814f,-0.027771813024262f,0.00102684007248674f,0.25f,-0.027790789826649998f,0.9989311801330695f,-0.03693466337688773f,-0.625f,-1.2252579954672327e-16f,-0.03694893448123337f,-0.9993171549816913f,3.061616997868383e-17f,0f,0f,0f,1f], start_interpolation: 0, interpolation_duration: 1 }
$data merge entity $(item_display_weapon) { transformation: [-0.018911551736851304f,-0.02036372289375f,-0.9996137614102814f,-0.3892868692201291f,-0.6802342604761343f,-0.7324677623454137f,0.02779078982665011f,-1.1371506565655918f,-0.7327507789728995f,0.6804970947143044f,-1.1842364376708011e-16f,0.41872678806387326f,0f,0f,0f,1f], start_interpolation: 0, interpolation_duration: 1 }
$data merge entity $(bone_right_arm2) { transformation: [-0.9996137614102814f,0.027771813024262f,0.00102684007248674f,-0.3818946734323507f,0.027790789826649998f,0.9989311801330695f,0.03693466337688773f,-0.871258946304936f,-1.2252579954672327e-16f,0.03694893448123337f,-0.9993171549816913f,-0.009237233620308389f,0f,0f,0f,1f], start_interpolation: 0, interpolation_duration: 1 }
$data merge entity $(bone_right_arm) { transformation: [-0.9996137614102814f,0.027771813024262f,0.00102684007248674f,-0.25f,0.027790789826649998f,0.9989311801330695f,0.03693466337688773f,-0.625f,-1.2252579954672327e-16f,0.03694893448123337f,-0.9993171549816913f,-3.061616997868383e-17f,0f,0f,0f,1f], start_interpolation: 0, interpolation_duration: 1 }