# This file was generated by Animated Java via MC-Build. It is not recommended to edit this file directly.
$data merge entity $(bone_left_arm2) { transformation: [-0.999998350648839f,-0.0018161828016459267f,0.00001340271023126117f,0.37545383953151634f,-0.0018162322543210136f,0.9999711225267729f,-0.007379391095756934f,-0.8747657515999031f,-1.2246532496042058e-16f,-0.00737940326698428f,-0.999972771833025f,0.001844850816746116f,0f,0f,0f,1f], start_interpolation: 0, interpolation_duration: 1 }
$data merge entity $(bone_left_arm) { transformation: [-0.999998350648839f,-0.0018161828016459267f,0.00001340271023126117f,0.25f,-0.0018162322543210136f,0.9999711225267729f,-0.007379391095756934f,-0.625f,-1.2246532496042058e-16f,-0.00737940326698428f,-0.999972771833025f,3.061616997868383e-17f,0f,0f,0f,1f], start_interpolation: 0, interpolation_duration: 1 }
$data merge entity $(item_display_weapon) { transformation: [-0.001274758027627636f,-0.0012937123222090201f,-0.999998350648839f,-0.375913748917654f,-0.7018683442445679f,-0.7123043792142425f,0.0018162322543211246f,-1.12798701583599f,-0.7123055540562349f,0.7018695018738456f,-1.2164604661892058e-16f,0.4337983860434563f,0f,0f,0f,1f], start_interpolation: 0, interpolation_duration: 1 }
$data merge entity $(bone_right_arm2) { transformation: [-0.999998350648839f,0.0018161828016459267f,0.00001340271023126117f,-0.37545383953151634f,0.0018162322543210136f,0.9999711225267729f,0.007379391095756934f,-0.8747657515999031f,-1.2246532496042058e-16f,0.00737940326698428f,-0.999972771833025f,-0.001844850816746116f,0f,0f,0f,1f], start_interpolation: 0, interpolation_duration: 1 }
$data merge entity $(bone_right_arm) { transformation: [-0.999998350648839f,0.0018161828016459267f,0.00001340271023126117f,-0.25f,0.0018162322543210136f,0.9999711225267729f,0.007379391095756934f,-0.625f,-1.2246532496042058e-16f,0.00737940326698428f,-0.999972771833025f,-3.061616997868383e-17f,0f,0f,0f,1f], start_interpolation: 0, interpolation_duration: 1 }