# This file was generated by Animated Java via MC-Build. It is not recommended to edit this file directly.
$data merge entity $(bone_left_arm2) { transformation: [-0.9999376150010865f,-0.011167259159938681f,-0.00024172048671951355f,0.3777840166651205f,-0.011169874929422187f,0.9997034488787925f,0.02163904327618447f,-0.8735296278535203f,-1.224570399558119e-16f,0.021640393312097734f,-0.9997658192683413f,-0.0054100983280243875f,0f,0f,0f,1f], start_interpolation: 0, interpolation_duration: 1 }
$data merge entity $(bone_left_arm) { transformation: [-0.9999376150010865f,-0.011167259159938681f,-0.00024172048671951355f,0.25f,-0.011169874929422187f,0.9997034488787925f,0.02163904327618447f,-0.625f,-1.224570399558119e-16f,0.021640393312097734f,-0.9997658192683413f,3.061616997868383e-17f,0f,0f,0f,1f], start_interpolation: 0, interpolation_duration: 1 }
$data merge entity $(item_display_weapon) { transformation: [-0.008067366874571533f,-0.0077255224839491475f,-0.9999376150010865f,-0.3804700787421654f,-0.7221982021167525f,-0.691595973638794f,0.011169874929422298f,-1.1139884086398877f,-0.69163912154464f,0.7222432592616969f,-1.248596062475154e-16f,0.44821774258594815f,0f,0f,0f,1f], start_interpolation: 0, interpolation_duration: 1 }
$data merge entity $(bone_right_arm2) { transformation: [-0.9999376150010865f,0.011167259159938681f,-0.00024172048671951355f,-0.3777840166651205f,0.011169874929422187f,0.9997034488787925f,-0.02163904327618447f,-0.8735296278535203f,-1.224570399558119e-16f,-0.021640393312097734f,-0.9997658192683413f,0.0054100983280243875f,0f,0f,0f,1f], start_interpolation: 0, interpolation_duration: 1 }
$data merge entity $(bone_right_arm) { transformation: [-0.9999376150010865f,0.011167259159938681f,-0.00024172048671951355f,-0.25f,0.011169874929422187f,0.9997034488787925f,-0.02163904327618447f,-0.625f,-1.224570399558119e-16f,-0.021640393312097734f,-0.9997658192683413f,-3.061616997868383e-17f,0f,0f,0f,1f], start_interpolation: 0, interpolation_duration: 1 }