# This file was generated by Animated Java via MC-Build. It is not recommended to edit this file directly.
$data merge entity $(bone_jaw) { transformation: [-1f,4.579100638679901e-18f,1.2237904095048064e-16f,-4.1917281885642493e-16f,0f,0.9993007047883985f,-0.037391194276325625f,0.7176912785777624f,-1.2246467991473532e-16f,-0.037391194276325625f,-0.9993007047883985f,3.20618666841013f,0f,0f,0f,1f], start_interpolation: 0, interpolation_duration: 1 }
$data merge entity $(bone_head) { transformation: [-1.125f,5.151488218514889e-18f,1.376764210692907e-16f,-3.885780586188048e-16f,0f,1.1242132928869484f,-0.04206509356086633f,0.708343480008681f,-1.3777276490407724e-16f,-0.04206509356086633f,-1.1242132928869484f,2.9563614922130306f,0f,0f,0f,1f], start_interpolation: 0, interpolation_duration: 1 }
$data merge entity $(bone_neck) { transformation: [-1f,4.579100638679901e-18f,1.2237904095048064e-16f,0.4999999999999997f,0f,0.9993007047883985f,-0.037391194276325625f,-0.383793864178507f,-1.2246467991473532e-16f,-0.037391194276325625f,-0.9993007047883985f,2.1841578134910526f,0f,0f,0f,1f], start_interpolation: 0, interpolation_duration: 1 }
$data merge entity $(bone_right_arm2) { transformation: [-1f,0f,1.2246467991473532e-16f,-0.8750000000000004f,0f,0.9999999999999999f,0f,-1.8399020494152194f,-1.2246467991473532e-16f,0f,-0.9999999999999999f,2.3766813603813937f,0f,0f,0f,1f], start_interpolation: 0, interpolation_duration: 1 }
$data merge entity $(bone_right_arm1) { transformation: [-1.1354166666666665f,0f,1.3904843865318904e-16f,-0.5625000000000003f,0f,1.1354166666666663f,0f,-0.5274020494152196f,-1.3904843865318904e-16f,0f,-1.1354166666666663f,1.6891813603813939f,0f,0f,0f,1f], start_interpolation: 0, interpolation_duration: 1 }
$data merge entity $(bone_left_arm2) { transformation: [-1f,0f,1.2246467991473532e-16f,0.8749999999999997f,0f,0.9999999999999999f,0f,-1.8399020494152194f,-1.2246467991473532e-16f,0f,-0.9999999999999999f,2.376681360381394f,0f,0f,0f,1f], start_interpolation: 0, interpolation_duration: 1 }
$data merge entity $(bone_left_arm1) { transformation: [-1.1354166666666665f,0f,1.3904843865318904e-16f,0.5624999999999998f,0f,1.1354166666666663f,0f,-0.5274020494152196f,-1.3904843865318904e-16f,0f,-1.1354166666666663f,1.689181360381394f,0f,0f,0f,1f], start_interpolation: 0, interpolation_duration: 1 }
$data merge entity $(bone_body2) { transformation: [-1.5833333333333335f,7.250242677909843e-18f,1.9376681483826103e-16f,0.4999999999999999f,0f,1.5822261159149644f,-0.05920272427084891f,-0.5f,-1.9390240986499761e-16f,-0.05920272427084891f,-1.5822261159149644f,0.75f,0f,0f,0f,1f], start_interpolation: 0, interpolation_duration: 1 }
$data merge entity $(bone_right_leg2) { transformation: [-1f,-5.3135433231240276e-17f,1.1033686402081121e-16f,-0.9999999999999999f,0f,0.9009688679024191f,0.43388373911755806f,-2.2845540791354906f,-1.2246467991473532e-16f,0.43388373911755806f,-0.9009688679024191f,-1.0302606462009958f,0f,0f,0f,1f], start_interpolation: 0, interpolation_duration: 1 }
$data merge entity $(bone_right_leg1) { transformation: [-1.3333333333333333f,-7.084724430832036e-17f,1.4711581869441494e-16f,-0.625f,0f,1.2012918238698922f,0.578511652156744f,-1.125f,-1.6328623988631375e-16f,0.578511652156744f,-1.2012918238698922f,-0.12500000000000008f,0f,0f,0f,1f], start_interpolation: 0, interpolation_duration: 1 }
$data merge entity $(bone_left_leg2) { transformation: [-1f,5.3135433231240276e-17f,1.1033686402081121e-16f,1f,0f,0.9009688679024191f,-0.43388373911755806f,-2.5557314160839644f,-1.2246467991473532e-16f,-0.43388373911755806f,-0.9009688679024191f,0.21715510376198377f,0f,0f,0f,1f], start_interpolation: 0, interpolation_duration: 1 }
$data merge entity $(bone_left_leg1) { transformation: [-1.3333333333333333f,7.084724430832036e-17f,1.4711581869441494e-16f,0.625f,0f,1.2012918238698922f,-0.578511652156744f,-1.125f,-1.6328623988631375e-16f,-0.578511652156744f,-1.2012918238698922f,-0.12499999999999993f,0f,0f,0f,1f], start_interpolation: 0, interpolation_duration: 1 }
data modify entity @s data merge value {"locators":{"hitbox_head":{"posx":-4.2968344681500494e-16,"posy":0.09546528772728369,"posz":3.2920124588821085,"roty":0,"rotx":-2.1428571428571432},"hitbox_neck":{"posx":-2.7755575615628914e-16,"posy":-0.7538577291896158,"posz":2.3230920994432247,"roty":0,"rotx":-2.1428571428571432},"hitbox_right_arm":{"posx":-0.9375000000000004,"posy":-2.8399020494152194,"posz":2.8766813603813937,"roty":0,"rotx":0},"hitbox_left_arm":{"posx":0.9374999999999996,"posy":-2.8399020494152194,"posz":2.876681360381394,"roty":0,"rotx":0},"hitbox_tail1":{"posx":3.191891195797325e-16,"posy":-1.5,"posz":-2.625,"roty":0,"rotx":0},"hitbox_tail2":{"posx":5.268533801099157e-16,"posy":-1.875,"posz":-4.375,"roty":0,"rotx":0}},"cameras":{}}