# This file was generated by Animated Java via MC-Build. It is not recommended to edit this file directly.
$data merge entity $(bone_jaw) { transformation: [-0.9798884685241211f,0.12606442786435088f,-0.15468144452611682f,1.4606564607310604f,0.0538978347833899f,0.9135623837174244f,0.4031113921265434f,0.033575995175780006f,0.19212915619216853f,0.38666720973438035f,-0.9019838447872081f,3.2471962685773965f,0f,0f,0f,1f], start_interpolation: 0, interpolation_duration: 1 }
$data merge entity $(bone_head) { transformation: [-1.1023745270896363f,0.10691187719079111f,-0.19739618167391623f,1.4167906425813013f,0.060635064131313636f,1.0942625612037873f,0.25404298090189253f,0.09002999093175612f,0.2161453007161896f,0.23829456070852525f,-1.078017583954473f,3.0076368054764027f,0f,0f,0f,1f], start_interpolation: 0, interpolation_duration: 1 }
$data merge entity $(bone_neck) { transformation: [-0.9591682062998681f,0.09503277972514765f,-0.26639279795295756f,1.5789582689364878f,0.03252909034287985f,0.9726778321811442f,0.22986886058110323f,-0.772936301710003f,0.280959446014827f,0.2118173872964669f,-0.9360529814780466f,1.8815580610155804f,0f,0f,0f,1f], start_interpolation: 0, interpolation_duration: 1 }
$data merge entity $(bone_right_arm2) { transformation: [-0.912380400779653f,0.09503277972514765f,-0.39815923328596975f,0.2624804532506844f,0f,0.9726778321811442f,0.23215907215396495f,-2.2146905114992665f,0.409343381860706f,0.2118173872964669f,-0.8874521903549165f,2.306315002526927f,0f,0f,0f,1f], start_interpolation: 0, interpolation_duration: 1 }
$data merge entity $(bone_right_arm1) { transformation: [-1.035931913385231f,0.10790180197959472f,-0.4520766294601114f,0.39859537899947806f,0f,1.104394621955674f,0.263597279841481f,-0.7784414946556637f,0.4647752981543432f,0.24050099182619677f,-1.0076280077988113f,1.8462821356530639f,0f,0f,0f,1f], start_interpolation: 0, interpolation_duration: 1 }
$data merge entity $(bone_left_arm2) { transformation: [-0.912380400779653f,0.09503277972514765f,-0.39815923328596975f,1.8591461546150772f,0f,0.9726778321811442f,0.23215907215396495f,-2.2146905114992665f,0.409343381860706f,0.2118173872964669f,-0.8874521903549165f,1.5899640842706912f,0f,0f,0f,1f], start_interpolation: 0, interpolation_duration: 1 }
$data merge entity $(bone_left_arm1) { transformation: [-1.035931913385231f,0.10790180197959472f,-0.4520766294601114f,1.4250233298765878f,0f,1.104394621955674f,0.263597279841481f,-0.7784414946556637f,0.4647752981543432f,0.24050099182619677f,-1.0076280077988113f,1.3857708310597696f,0f,0f,0f,1f], start_interpolation: 0, interpolation_duration: 1 }
$data merge entity $(bone_body2) { transformation: [-1.4446023012344507f,0.15046856789815047f,-0.6304187860361188f,1.0006648223550845f,0f,1.5400732342868118f,0.3675851975771112f,-0.5f,0.6481270212794512f,0.3353775298860726f,-1.405132634728618f,0.5926069506743588f,0f,0f,0f,1f], start_interpolation: 0, interpolation_duration: 1 }
$data merge entity $(bone_right_leg2) { transformation: [-0.9726778321811442f,-0.010874845463930458f,-0.23190423135321514f,-0.6413148095423384f,0f,0.9989023009164131f,-0.046842216257301394f,-2.4547205967123036f,0.23215907215396492f,-0.04556238536371221f,-0.9716101246161335f,1.217790502652143f,0f,0f,0f,1f], start_interpolation: 0, interpolation_duration: 1 }
$data merge entity $(bone_right_leg1) { transformation: [-1.2969037762415256f,-0.18881547502670618f,-0.24528980683813176f,-0.42263750800988986f,0f,1.0565592141730247f,-0.8133021607765825f,-1.125f,0.30954542953861985f,-0.7910809826524066f,-1.027691726012831f,0.5187119144565375f,0f,0f,0f,1f], start_interpolation: 0, interpolation_duration: 1 }
$data merge entity $(bone_left_leg2) { transformation: [-0.6586750967451477f,0.4863884857707753f,-0.5740848002145524f,-0.029066508415341197f,0f,0.7629769157956836f,0.6464257312042169f,-2.0197712754549775f,0.7524274828365656f,0.42578453103949054f,-0.5025538938260362f,-1.2477972073043424f,0f,0f,0f,1f], start_interpolation: 0, interpolation_duration: 1 }
$data merge entity $(bone_left_leg1) { transformation: [-0.8782334623268635f,0.6485179810277004f,-0.7654464002860699f,0.6025152786677656f,0f,1.0173025543942447f,0.8619009749389558f,-1.125f,1.0032366437820874f,0.5677127080526541f,-0.670071858434715f,-0.1965235460507263f,0f,0f,0f,1f], start_interpolation: 0, interpolation_duration: 1 }
$data merge entity $(bone_tail3) { transformation: [0.202813422760941f,0.3692710056901127f,-0.9069209667355831f,-2.9242370047938224f,-0.26461009493291393f,0.912380400779653f,0.3123195509934563f,0.47467408835253005f,0.9427874697977197f,0.17663784597240956f,0.2827558278137539f,-0.3141084629069766f,0f,0f,0f,1f], start_interpolation: 0, interpolation_duration: 1 }
$data merge entity $(bone_tail2) { transformation: [0.3126706934231173f,0.5692928004389236f,-1.3981698237173572f,-1.2676468278863826f,-0.4079405630215756f,1.4065864512019648f,0.4814926411149118f,-0.3150726567729997f,1.4534640159381509f,0.2723166792074647f,0.4359152345462039f,-0.759546802452877f,0f,0f,0f,1f], start_interpolation: 0, interpolation_duration: 1 }
$data merge entity $(bone_tail1) { transformation: [-0.4315150892863756f,0.3692710056901127f,-0.8230635771766261f,-0.3392023909754205f,-1.3877787807814457e-17f,0.912380400779653f,0.4093433818607061f,-0.75f,0.9021057187038398f,0.17663784597240956f,-0.3937059101055711f,-0.45399748780368765f,0f,0f,0f,1f], start_interpolation: 0, interpolation_duration: 1 }
$data merge entity $(bone_body1) { transformation: [-1.093496305789499f,0f,-0.7629178245410813f,0.5f,0f,1.3333333333333333f,0f,-1.1875f,0.7629178245410813f,0f,-1.093496305789499f,-0.12499999999999994f,0f,0f,0f,1f], start_interpolation: 0, interpolation_duration: 1 }
data modify entity @s data merge value {"locators":{"hitbox_head":{"posx":1.4122274279402829,"posy":-0.5884611488764292,"posz":3.174700267292353,"roty":349.6235029902391,"rotx":13.050865528712063},"hitbox_neck":{"posx":1.0970359731337431,"posy":-1.15015955117913,"posz":2.059612886471575,"roty":344.11409314797925,"rotx":13.289351147163545},"hitbox_right_arm":{"posx":0.30950351511979335,"posy":-3.3034478797573934,"posz":2.5638076717742124,"roty":335.83640625,"rotx":13.42421875},"hitbox_left_arm":{"posx":2.0202167665816426,"posy":-3.3034478797573934,"posz":1.7962888307853886,"roty":335.83640625,"rotx":13.42421875},"hitbox_tail1":{"posx":-2.1934599246297983,"posy":-0.751562004183124,"posz":-0.8154789890349433,"roty":252.68379564231353,"rotx":18.199073139441765},"hitbox_tail2":{"posx":-3.919048243550861,"posy":-0.5471454402369453,"posz":-0.38689548260052753,"roty":252.68379564231353,"rotx":18.199073139441765}},"cameras":{}}