# This file was generated by Animated Java via MC-Build. It is not recommended to edit this file directly.
$data merge entity $(bone_jaw) { transformation: [-0.9816209097995102f,0.11684381920514678f,-0.15089039518119307f,1.4042741717997893f,0.04979314866420957f,0.9200826380933921f,0.3885467557774843f,0.056850116877016604f,0.1842309197460773f,0.3738923120266838f,-0.908990377956145f,3.262685641073723f,0f,0f,0f,1f], start_interpolation: 0, interpolation_duration: 1 }
$data merge entity $(bone_head) { transformation: [-1.104323523524449f,0.09892913586663674f,-0.19054548398538876f,1.3619307309141473f,0.05601729224723577f,1.0966337338518544f,0.24470700183572197f,0.11122945061828815f,0.20725978471433698f,0.23072165016491358f,-1.0814045967099206f,3.022373508471518f,0f,0f,0f,1f], start_interpolation: 0, interpolation_duration: 1 }
$data merge entity $(bone_neck) { transformation: [-0.9624210144139629f,0.08793700965923265f,-0.2569297050685083f,1.540952779990031f,0.03003808456303687f,0.9747855412016483f,0.22111278149395486f,-0.7598450942261433f,0.2698953584079995f,0.20508591125770095f,-0.9407955487317188f,1.90512566521169f,0f,0f,0f,1f], start_interpolation: 0, interpolation_duration: 1 }
$data merge entity $(bone_right_arm2) { transformation: [-0.9190751671826969f,0.08793700965923265f,-0.38414570074424853f,0.2228422926182227f,0f,0.9747855412016483f,0.22314378473130184f,-2.2029387693406317f,0.394082271953583f,0.20508591125770095f,-0.8959011842471806f,2.320159263761268f,0f,0f,0f,1f], start_interpolation: 0, interpolation_duration: 1 }
$data merge entity $(bone_right_arm1) { transformation: [-1.0435332627386869f,0.09984514638392039f,-0.43616543105336547f,0.3613704382788875f,0f,1.1067877499060381f,0.25336117224699894f,-0.7701213945106985f,0.4474475796139639f,0.2328579617405146f,-1.017221136280653f,1.850251748131569f,0f,0f,0f,1f], start_interpolation: 0, interpolation_duration: 1 }
$data merge entity $(bone_left_arm2) { transformation: [-0.9190751671826969f,0.08793700965923265f,-0.38414570074424853f,1.8312238351879422f,0f,0.9747855412016483f,0.22314378473130184f,-2.2029387693406317f,0.394082271953583f,0.20508591125770095f,-0.8959011842471806f,1.6305152878424978f,0f,0f,0f,1f], start_interpolation: 0, interpolation_duration: 1 }
$data merge entity $(bone_left_arm1) { transformation: [-1.0435332627386869f,0.09984514638392039f,-0.43616543105336547f,1.3953300013594214f,0f,1.1067877499060381f,0.25336117224699894f,-0.7701213945106985f,0.4474475796139639f,0.2328579617405146f,-1.017221136280653f,1.4069091921837882f,0f,0f,0f,1f], start_interpolation: 0, interpolation_duration: 1 }
$data merge entity $(bone_body2) { transformation: [-1.4552023480392702f,0.13923359862711837f,-0.6082306928450603f,0.9832472720664719f,0f,1.5434104402359432f,0.35331099249122794f,-0.5f,0.6239635972598397f,0.3247193594913599f,-1.4185102083913694f,0.6044498434027616f,0f,0f,0f,1f], start_interpolation: 0, interpolation_duration: 1 }
$data merge entity $(bone_right_leg2) { transformation: [-0.9747855412016483f,-0.01003979324218622f,-0.22291781269307237f,-0.6707426225480437f,0f,0.9989873254211337f,-0.044992484349387574f,-2.470583379720784f,0.22314378473130175f,-0.04385802320652454f,-0.9737984006642271f,1.1595376847136742f,0f,0f,0f,1f], start_interpolation: 0, interpolation_duration: 1 }
$data merge entity $(bone_right_leg1) { transformation: [-1.299714054935531f,-0.17531116264725458f,-0.24038957845980927f,-0.43786408437497915f,0f,1.077285566117264f,-0.7856421493359325f,-1.125f,0.2975250463084023f,-0.7658326077312534f,-1.0501223935963413f,0.496317921228321f,0f,0f,0f,1f], start_interpolation: 0, interpolation_duration: 1 }
$data merge entity $(bone_left_leg2) { transformation: [-0.6258043638054108f,0.4874775769890033f,-0.6088797173293223f,-0.05214017167396756f,1.3877787807814457e-17f,0.7806349757265456f,0.6249872276074251f,-2.0518542689795893f,0.7799800627209039f,0.39111973435937214f,-0.4885247743488032f,-1.201426458226862f,0f,0f,0f,1f], start_interpolation: 0, interpolation_duration: 1 }
$data merge entity $(bone_left_leg1) { transformation: [-0.8344058184072144f,0.6499701026520044f,-0.8118396231057631f,0.6042071204861088f,1.850371707708594e-17f,1.0408466343020608f,0.8333163034765667f,-1.125f,1.0399734169612052f,0.5214929791458295f,-0.6513663657984042f,-0.19403532458092448f,0f,0f,0f,1f], start_interpolation: 0, interpolation_duration: 1 }
$data merge entity $(bone_tail3) { transformation: [0.138846947565737f,0.34759815786356296f,-0.9273063387044946f,-2.9421486707787636f,-0.24629638659750525f,0.9190751671826969f,0.3076344048007472f,0.4486405651235268f,0.9591973806786014f,0.1856781024190933f,0.21322295181653156f,-0.5092394566099855f,0f,0f,0f,1f], start_interpolation: 0, interpolation_duration: 1 }
$data merge entity $(bone_tail2) { transformation: [0.2140557108305112f,0.5358804933729928f,-1.429597272169429f,-1.2512680718615372f,-0.3797069293378206f,1.4169075494066576f,0.47426970740115193f,-0.3312875860493181f,1.478762628546177f,0.2862537412294355f,0.32871871738381947f,-0.823947462884737f,0f,0f,0f,1f], start_interpolation: 0, interpolation_duration: 1 }
$data merge entity $(bone_tail1) { transformation: [-0.4711658342270302f,0.34759815786356296f,-0.8106653300265185f,-0.33104042942998246f,0f,0.9190751671826969f,0.394082271953583f,-0.75f,0.8820446455010917f,0.1856781024190933f,-0.43303681786298265f,-0.47410142459295446f,0f,0f,0f,1f], start_interpolation: 0, interpolation_duration: 1 }
$data merge entity $(bone_body1) { transformation: [-1.1115426185184938f,0f,-0.7363767955298619f,0.5f,0f,1.3333333333333333f,0f,-1.1875f,0.7363767955298619f,0f,-1.1115426185184938f,-0.12499999999999994f,0f,0f,0f,1f], start_interpolation: 0, interpolation_duration: 1 }
data modify entity @s data merge value {"locators":{"hitbox_head":{"posx":1.3598994009841794,"posy":-0.5659856798093315,"posz":3.194584979688211,"roty":350.0069537612876,"rotx":12.563255852796388},"hitbox_neck":{"posx":1.058882107294401,"posy":-1.1380097275819874,"posz":2.0807655712855166,"roty":344.72509432204697,"rotx":12.77440040465474},"hitbox_right_arm":{"posx":0.2695359353821958,"posy":-3.2892962029079307,"posz":2.587654086624256,"roty":336.79125,"rotx":12.893750000000002},"hitbox_left_arm":{"posx":1.9928018738497524,"posy":-3.2892962029079307,"posz":1.848749826711288,"roty":336.79125,"rotx":12.893750000000002},"hitbox_tail1":{"posx":-2.1668456665642664,"posy":-0.7783082598111388,"posz":-0.9365149329100166,"roty":257.0506101617221,"rotx":17.916726426011515},"hitbox_tail2":{"posx":-3.9199810684959684,"posy":-0.5846012391033424,"posz":-0.6330040556382465,"roty":257.0506101617221,"rotx":17.916726426011515}},"cameras":{}}