# This file was generated by Animated Java via MC-Build. It is not recommended to edit this file directly.
$data merge entity $(bone_jaw) { transformation: [-0.9827992261574868f,0.11043344372127692f,-0.14802072683278072f,1.3637861369437125f,0.04695565599643306f,0.9245960773923781f,0.37804399220272233f,0.07349424106475208f,0.1786080833394439f,0.36459093266082054f,-0.9138777841633552f,3.273000989597149f,0f,0f,0f,1f], start_interpolation: 0, interpolation_duration: 1 }
$data merge entity $(bone_head) { transformation: [-1.1056491294271726f,0.09339524261661826f,-0.18558645223592762f,1.3225447031135065f,0.05282511299598719f,1.098269888451611f,0.23798688946546354f,0.12638021650152176f,0.20093409375687438f,0.2251789971934963f,-1.0837642313663225f,3.032164493737966f,0f,0f,0f,1f], start_interpolation: 0, interpolation_duration: 1 }
$data merge entity $(bone_neck) { transformation: [-0.9646557553469846f,0.08301799343699401f,-0.25009455500197136f,1.5134641368210908f,0.028317446772810586f,0.9762399008458765f,0.21483430406874526f,-0.7504805294777719f,0.26198739642243835f,0.20015910861644115f,-0.9440862965606821f,1.9214316266662241f,0f,0f,0f,1f], start_interpolation: 0, interpolation_duration: 1 }
$data merge entity $(bone_right_arm2) { transformation: [-0.9237009752365122f,0.08301799343699401f,-0.3740113916885575f,0.19416406624681215f,0f,0.9762399008458765f,0.21669253793435772f,-2.1944552378064115f,0.3831142236293458f,0.20015910861644115f,-0.9017537484761323f,2.3295637933597155f,0f,0f,0f,1f], start_interpolation: 0, interpolation_duration: 1 }
$data merge entity $(bone_right_arm1) { transformation: [-1.0487854822997897f,0.09426001338158693f,-0.42465876764638294f,0.33464890560839355f,0f,1.108439054085422f,0.24603631911296864f,-0.7641642481163277f,0.43499427474581964f,0.22726398790825086f,-1.0238662352489418f,1.852593726457283f,0f,0f,0f,1f], start_interpolation: 0, interpolation_duration: 1 }
$data merge entity $(bone_left_arm2) { transformation: [-0.9237009752365122f,0.08301799343699401f,-0.3740113916885575f,1.8106407729107086f,0f,0.9762399008458765f,0.21669253793435772f,-2.1944552378064115f,0.3831142236293458f,0.20015910861644115f,-0.9017537484761323f,1.6591139020083603f,0f,0f,0f,1f], start_interpolation: 0, interpolation_duration: 1 }
$data merge entity $(bone_left_arm1) { transformation: [-1.0487854822997897f,0.09426001338158693f,-0.42465876764638294f,1.3738125027494699f,0f,1.108439054085422f,0.24603631911296864f,-0.7641642481163277f,0.43499427474581964f,0.22726398790825086f,-1.0238662352489418f,1.421590224874269f,0f,0f,0f,1f], start_interpolation: 0, interpolation_duration: 1 }
$data merge entity $(bone_body2) { transformation: [-1.4625265441244777f,0.13144515627524053f,-0.5921847035068828f,0.9706341366789772f,0f,1.5457131763393046f,0.3430965183960664f,-0.5f,0.6065975207464642f,0.3169185886426985f,-1.427776768420543f,0.6126506689432565f,0f,0f,0f,1f], start_interpolation: 0, interpolation_duration: 1 }
$data merge entity $(bone_right_leg2) { transformation: [-0.9762399008458766f,-0.009463212859567777f,-0.2164858046126985f,-0.6910882780047589f,1.3877787807814457e-17f,0.9990459601256707f,-0.04367115245304143f,-2.4813609292140733f,0.2166925379343574f,-0.0426335215405822f,-0.9753085290535584f,1.117344168410531f,0f,0f,0f,1f], start_interpolation: 0, interpolation_duration: 1 }
$data merge entity $(bone_right_leg1) { transformation: [-1.3016532011278354f,-0.16589128389083999f,-0.2365519048760443f,-0.4484080029270441f,1.850371707708594e-17f,1.0916476733855172f,-0.7655606670733319f,-1.125f,0.2889233839124765f,-0.7473708697151725f,-1.0657100164245092f,0.48010103287297085f,0f,0f,0f,1f], start_interpolation: 0, interpolation_duration: 1 }
$data merge entity $(bone_left_leg2) { transformation: [-0.6120210404948844f,0.4819212827408135f,-0.6270423615937029f,-0.05382602476047604f,1.3877787807814457e-17f,0.792879961029433f,0.6093778527301142f,-2.0743343650016492f,0.790841479685758f,0.3729520674824228f,-0.4852592187367769f,-1.1765611058403815f,0f,0f,0f,1f], start_interpolation: 0, interpolation_duration: 1 }
$data merge entity $(bone_left_leg1) { transformation: [-0.8160280539931791f,0.6425617103210846f,-0.8360564821249371f,0.6053786669918938f,1.850371707708594e-17f,1.0571732813725774f,0.8125038036401523f,-1.125f,1.0544553062476774f,0.4972694233098971f,-0.6470122916490358f,-0.19223344809699672f,0f,0f,0f,1f], start_interpolation: 0, interpolation_duration: 1 }
$data merge entity $(bone_tail3) { transformation: [0.09223472666805377f,0.33202460390316946f,-0.9387504554456487f,-2.9472673851272804f,-0.2334613229456157f,0.9237009752365121f,0.3037635907010574f,0.4289921933957107f,0.9679816970815887f,0.19114437148412183f,0.1627122102516823f,-0.6497389613256276f,0f,0f,0f,1f], start_interpolation: 0, interpolation_duration: 1 }
$data merge entity $(bone_tail2) { transformation: [0.14219520361324955f,0.5118712643507195f,-1.4472402854787083f,-1.2378355535650263f,-0.3599195395411575f,1.4240390034896226f,0.4683022023307968f,-0.3429411373938198f,1.4923051163341157f,0.2946809060380211f,0.25084799080467685f,-0.8696662130656062f,0f,0f,0f,1f], start_interpolation: 0, interpolation_duration: 1 }
$data merge entity $(bone_tail1) { transformation: [-0.49892267030275933f,0.33202460390316946f,-0.800522224214236f,-0.3249153565495557f,1.3877787807814457e-17f,0.9237009752365121f,0.38311422362934605f,-0.75f,0.8666465075553955f,0.19114437148412183f,-0.46085535712626363f,-0.4883382095633756f,0f,0f,0f,1f], start_interpolation: 0, interpolation_duration: 1 }
$data merge entity $(bone_body1) { transformation: [-1.1240391145802002f,0f,-0.7171567797012988f,0.5f,0f,1.3333333333333333f,0f,-1.1875f,0.7171567797012988f,0f,-1.1240391145802002f,-0.12499999999999994f,0f,0f,0f,1f], start_interpolation: 0, interpolation_duration: 1 }
data modify entity @s data merge value {"locators":{"hitbox_head":{"posx":1.322210249503143,"posy":-0.5498771908231131,"posz":3.208110670676669,"roty":350.28278078324854,"rotx":12.212844187308296},"hitbox_neck":{"posx":1.0312663309839722,"posy":-1.1292660569171633,"posz":2.0953764462163633,"roty":345.1627810471152,"rotx":12.405806473727797},"hitbox_right_arm":{"posx":0.2404204577018149,"posy":-3.279041407619467,"posz":2.604226197958175,"roty":337.47328125,"rotx":12.514843749999997},"hitbox_left_arm":{"posx":1.9723597862702753,"posy":-3.279041407619467,"posz":1.8858870286531513,"roty":337.47328125,"rotx":12.514843749999997},"hitbox_tail1":{"posx":-2.1437742854447936,"posy":-0.797696734846025,"posz":-1.0221575592658647,"roty":260.1667047734462,"rotx":17.683794023105467},"hitbox_tail2":{"posx":-3.9110968089383675,"posy":-0.6124983168328667,"posz":-0.8090903306319661,"roty":260.1667047734462,"rotx":17.683794023105467}},"cameras":{}}