# This file was generated by Animated Java via MC-Build. It is not recommended to edit this file directly.
$data merge entity $(bone_jaw) { transformation: [-0.9996470391950837f,0.002679923784104799f,-0.0264313268114584f,0.20259666405559362f,0.0010992658539749998f,0.9982195487971892f,0.05963659961565925f,0.541833254511052f,0.026544088665558213f,0.059586495178417354f,-0.9978701623704695f,3.299216721094808f,0f,0f,0f,1f], start_interpolation: 0, interpolation_duration: 1 }
$data merge entity $(bone_head) { transformation: [-1.124602919094469f,0.0022250995255426254f,-0.02980475291459733f,0.19597338563012756f,0.0012366740857218748f,1.1243814929344769f,0.037279068975000065f,0.550117492061052f,0.02986209974875299f,0.03723314757764294f,-1.1239870763136277f,3.049441815247335f,0f,0f,0f,1f], start_interpolation: 0, interpolation_duration: 1 }
$data merge entity $(bone_neck) { transformation: [-0.9992076903619102f,0.001977866244926778f,-0.039750214675322526f,0.6611786985021484f,0.0006596368858012926f,0.9994502159417572f,0.033148615855777296f,-0.4851949304371467f,0.039793924169349515f,0.03309613118012706f,-0.9986596465764058f,2.1829692509404452f,0f,0f,0f,1f], start_interpolation: 0, interpolation_duration: 1 }
$data merge entity $(bone_right_arm2) { transformation: [-0.9982190652782118f,0.001977866244926778f,-0.05962202412037292f,-0.7030365694599053f,-5.421010862427522e-20f,0.9994502159417572f,0.033155178388526274f,-1.9281212118012716f,0.05965482139017057f,0.03309613118012706f,-0.9976702603494877f,2.404482115596026f,0f,0f,0f,1f], start_interpolation: 0, interpolation_duration: 1 }
$data merge entity $(bone_right_arm1) { transformation: [-1.1333945637013028f,0.002245702298927279f,-0.06769583988667341f,-0.42948730369675414f,-6.155106083381248e-20f,1.13479243268387f,0.037644942128639204f,-0.5935486182356032f,0.06773307845342283f,0.03757789894410259f,-1.1327714414384806f,1.7433803520952416f,0f,0f,0f,1f], start_interpolation: 0, interpolation_duration: 1 }
$data merge entity $(bone_left_arm2) { transformation: [-0.9982190652782118f,0.001977866244926778f,-0.05962202412037292f,1.0438467947769654f,-5.421010862427522e-20f,0.9994502159417572f,0.033155178388526274f,-1.9281212118012716f,0.05965482139017057f,0.03309613118012706f,-0.9976702603494877f,2.3000861781632276f,0f,0f,0f,1f], start_interpolation: 0, interpolation_duration: 1 }
$data merge entity $(bone_left_arm1) { transformation: [-1.1333945637013028f,0.002245702298927279f,-0.06769583988667341f,0.6935091447412343f,-6.155106083381248e-20f,1.13479243268387f,0.037644942128639204f,-0.5935486182356032f,0.06773307845342283f,0.03757789894410259f,-1.1327714414384806f,1.6762686780312996f,0f,0f,0f,1f], start_interpolation: 0, interpolation_duration: 1 }
$data merge entity $(bone_body2) { transformation: [-1.5805135200238356f,0.003131621554467399f,-0.09440153819059047f,0.5753484221888043f,-8.583267198843578e-20f,1.5824628419077824f,0.052495699115166605f,-0.5f,0.09445346720110341f,0.05240220770186785f,-1.579644578886689f,0.7467497434892985f,0f,0f,0f,1f], start_interpolation: 0, interpolation_duration: 1 }
$data merge entity $(bone_right_leg2) { transformation: [-0.9994502159417571f,-0.00021989185818384934f,-0.03315444919683778f,-1.0015122918888506f,0f,0.9999780067029094f,-0.006632202535817103f,-2.5852822400567126f,0.03315517838852616f,-0.0066285562565918665f,-0.9994282347362305f,-0.1934639992745194f,0f,0f,0f,1f], start_interpolation: 0, interpolation_duration: 1 }
$data merge entity $(bone_right_leg1) { transformation: [-1.3326002879223426f,-0.004098782638457536f,-0.04401647859551389f,-0.6208210987719551f,0f,1.3275898588060813f,-0.12362420706733346f,-1.125f,0.044206904518034884f,-0.12355624044907493f,-1.3268599710658247f,-0.028123457185822917f,0f,0f,0f,1f], start_interpolation: 0, interpolation_duration: 1 }
$data merge entity $(bone_left_leg2) { transformation: [-0.9939609554551797f,0.010898784315853234f,-0.10919173746700245f,0.9474816155245435f,0f,0.9950555699612263f,0.09931974974363901f,-2.5243549600243758f,0.10973431109104514f,0.09871995335075677f,-0.9890463850496589f,-0.6279013552415595f,0f,0f,0f,1f], start_interpolation: 0, interpolation_duration: 1 }
$data merge entity $(bone_left_leg1) { transformation: [-1.3252812739402395f,0.014531712421137644f,-0.1455889832893366f,0.6245356776413283f,0f,1.3267407599483017f,0.13242633299151868f,-1.125f,0.14631241478806017f,0.13162660446767568f,-1.3187285133995452f,-0.13576406031268629f,0f,0f,0f,1f], start_interpolation: 0, interpolation_duration: 1 }
$data merge entity $(bone_tail3) { transformation: [-0.9667621985917483f,0.009455452051112027f,-0.25550234010779327f,-0.7107048304133141f,-0.005924901931473238f,0.9982190652782118f,0.05935986229933147f,-0.38741032298059824f,0.255608581450529f,0.058900697293005705f,-0.9649844355984432f,-3.686798117306168f,0f,0f,0f,1f], start_interpolation: 0, interpolation_duration: 1 }
$data merge entity $(bone_tail2) { transformation: [-1.4904250561622785f,0.014577155245464374f,-0.39389944099951457f,-0.35425611479475383f,-0.00913422381102124f,1.5389210589705764f,0.09151312104480268f,-0.6866167522729436f,0.3940632297362322f,0.09080524166005045f,-1.4876843382142664f,-1.8565451086202096f,0f,0f,0f,1f], start_interpolation: 0, interpolation_duration: 1 }
$data merge entity $(bone_tail1) { transformation: [-0.9873585390151004f,0.009455452051112027f,-0.15822044703664462f,-0.06272707244143139f,0f,0.9982190652782118f,0.059654821390170705f,-0.75f,0.1585027300520926f,0.058900697293005705f,-0.9856001179101143f,-0.8291578245972246f,0f,0f,0f,1f], start_interpolation: 0, interpolation_duration: 1 }
$data merge entity $(bone_body1) { transformation: [-1.3283805615075024f,0f,-0.1148166433353209f,0.5f,0f,1.3333333333333333f,0f,-1.1875f,0.1148166433353209f,0f,-1.3283805615075024f,-0.12499999999999994f,0f,0f,0f,1f], start_interpolation: 0, interpolation_duration: 1 }
data modify entity @s data merge value {"locators":{"hitbox_head":{"posx":0.20301631725888092,"posy":-0.08489418984004626,"posz":3.3409753655690966,"roty":358.4810443976391,"rotx":1.8989550275359617},"hitbox_neck":{"posx":0.16580193031376111,"posy":-0.8638025199543771,"posz":2.3152876196546233,"roty":357.7206269329676,"rotx":1.899623787776032},"hitbox_right_arm":{"posx":-0.7375921152245339,"posy":-2.944149016937292,"posz":2.873949540927528,"roty":356.58000000000004,"rotx":1.9000000000000001},"hitbox_left_arm":{"posx":1.1340686321721134,"posy":-2.944149016937292,"posz":2.762096750820959,"roty":356.58000000000004,"rotx":1.9000000000000001},"hitbox_tail1":{"posx":-0.41616028783322717,"posy":-1.393730533159378,"posz":-2.5960985037452096,"roty":345.16989770428086,"rotx":3.40307008686136},"hitbox_tail2":{"posx":-0.8668351775410323,"posy":-1.6641829236148773,"posz":-4.306909027527363,"roty":345.16989770428086,"rotx":3.40307008686136}},"cameras":{}}