# This file was generated by Animated Java via MC-Build. It is not recommended to edit this file directly.
$data merge entity $(bone_jaw) { transformation: [-0.9828444021421493f,0.11018535651975368f,-0.1479056063388263f,1.3621965385586146f,0.04684610648167502f,0.9247704315465531f,0.37763089286326856f,0.07414659586548508f,0.17838812596512313f,0.3642236073428199f,-0.9140671968563552f,3.273392339147107f,0f,0f,0f,1f], start_interpolation: 0, interpolation_duration: 1 }
$data merge entity $(bone_head) { transformation: [-1.105699952409918f,0.09318133615680912f,-0.18539108347689445f,1.3209985200081935f,0.0527018697918844f,1.098333008009925f,0.23772277222914343f,0.12697387858307252f,0.20068664171076353f,0.22495964550981515f,-1.08385563140621f,3.0325355321679495f,0f,0f,0f,1f], start_interpolation: 0, interpolation_duration: 1 }
$data merge entity $(bone_neck) { transformation: [-0.9647418068371856f,0.08282785436160811f,-0.24982552448133616f,1.512381589526492f,0.028251038652918573f,0.9762960071199334f,0.21458794303666345f,-0.750113444591027f,0.2616775209213695f,0.1999641293420579f,-0.9442135468319225f,1.9220613774803912f,0f,0f,0f,1f], start_interpolation: 0, interpolation_duration: 1 }
$data merge entity $(bone_right_arm2) { transformation: [-0.9238795325112868f,0.08282785436160811f,-0.3736123070089882f,0.19303449924284605f,3.469446951953614e-18f,0.9762960071199334f,0.21643961393810288f,-2.1941213824393255f,0.3826834323650897f,0.1999641293420579f,-0.9019798986506f,2.329923892050169f,0f,0f,0f,1f], start_interpolation: 0, interpolation_duration: 1 }
$data merge entity $(bone_right_arm1) { transformation: [-1.0489882192055235f,0.0940441263064092f,-0.42420564024978863f,0.33359995093355443f,3.939267893363999e-18f,1.108502758084091f,0.24574914499222095f,-0.7639306385119673f,0.4345051471645289f,0.22704260519046154f,-1.024123009926202f,1.852677058875242f,0f,0f,0f,1f], start_interpolation: 0, interpolation_duration: 1 }
$data merge entity $(bone_left_arm2) { transformation: [-0.9238795325112868f,0.08282785436160811f,-0.3736123070089882f,1.809823681137598f,3.469446951953614e-18f,0.9762960071199334f,0.21643961393810288f,-2.1941213824393255f,0.3826834323650897f,0.1999641293420579f,-0.9019798986506f,1.660227885411262f,0f,0f,0f,1f], start_interpolation: 0, interpolation_duration: 1 }
$data merge entity $(bone_left_arm1) { transformation: [-1.0489882192055235f,0.0940441263064092f,-0.42420564024978863f,1.3729644250087523f,3.939267893363999e-18f,1.108502758084091f,0.24574914499222095f,-0.7639306385119673f,0.4345051471645289f,0.22704260519046154f,-1.024123009926202f,1.4221581974645159f,0f,0f,0f,1f], start_interpolation: 0, interpolation_duration: 1 }
$data merge entity $(bone_body2) { transformation: [-1.4628092598095377f,0.13114410273921284f,-0.591552819430898f,0.9701371573034708f,5.49329100725989e-18f,1.545802011273228f,0.34269605540199627f,-0.5f,0.6059154345780587f,0.31660987145825836f,-1.4281348395301168f,0.6129675150862752f,0f,0f,0f,1f], start_interpolation: 0, interpolation_duration: 1 }
$data merge entity $(bone_right_leg2) { transformation: [-0.9762960071199334f,-0.009440963361569868f,-0.21623361138472552f,-0.6918737245102766f,1.3877787807814457e-17f,0.9990482215818577f,-0.04361938736533594f,-2.4817737000251276f,0.2164396139381029f,-0.04258543371779516f,-0.9753667896506384f,1.115681570566815f,0f,0f,0f,1f], start_interpolation: 0, interpolation_duration: 1 }
$data merge entity $(bone_right_leg1) { transformation: [-1.3017280094932444f,-0.16552621659708427f,-0.23639593629668945f,-0.44881537653949655f,1.850371707708594e-17f,1.0922027257186557f,-0.7647685818013947f,-1.125f,0.2885861519174705f,-0.746640512783476f,-1.0663131600846314f,0.4794620593901768f,0f,0f,0f,1f], start_interpolation: 0, interpolation_duration: 1 }
$data merge entity $(bone_left_leg2) { transformation: [-0.6087614290087209f,0.4829629131445341f,-0.6294095225512604f,-0.05724019683765558f,0f,0.7933533402912352f,0.6087614290087205f,-2.0752074801034253f,0.7933533402912352f,0.3705904774487397f,-0.48296291314453427f,-1.1733196753427964f,0f,0f,0f,1f], start_interpolation: 0, interpolation_duration: 1 }
$data merge entity $(bone_left_leg1) { transformation: [-0.8116819053449611f,0.6439505508593788f,-0.8392126967350138f,0.6054239307266107f,0f,1.0578044537216469f,0.8116819053449607f,-1.125f,1.0578044537216469f,0.49412063659831956f,-0.643950550859379f,-0.19216245104335292f,0f,0f,0f,1f], start_interpolation: 0, interpolation_duration: 1 }
$data merge entity $(bone_tail3) { transformation: [0.09039526387538899f,0.3314135740355917f,-0.9391452173193741f,-2.947336666258857f,-0.23296291314453413f,0.9238795325112867f,0.30360317934095893f,0.4282048846411388f,0.96827525909119f,0.19134171618254492f,0.16072140579340188f,-0.6552568060993621f,0f,0f,0f,1f], start_interpolation: 0, interpolation_duration: 1 }
$data merge entity $(bone_tail2) { transformation: [0.13935936514122468f,0.5109292599715372f,-1.4478488767007016f,-1.2372800209322805f,-0.3591511577644901f,1.4243142792882335f,0.4680549014839783f,-0.3433988531120922f,1.4927576910989178f,0.2949851457814234f,0.24777883393149455f,-0.871451606359819f,0f,0f,0f,1f], start_interpolation: 0, interpolation_duration: 1 }
$data merge entity $(bone_tail1) { transformation: [-0.5000000000000002f,0.3314135740355917f,-0.8001031451912656f,-0.32467042916656075f,0f,0.9238795325112867f,0.3826834323650897f,-0.75f,0.8660254037844386f,0.19134171618254492f,-0.46193976625564365f,-0.48889378018625246f,0f,0f,0f,1f], start_interpolation: 0, interpolation_duration: 1 }
$data merge entity $(bone_body1) { transformation: [-1.1245219277505143f,0f,-0.716399477795765f,0.5f,0f,1.3333333333333333f,0f,-1.1875f,0.716399477795765f,0f,-1.1245219277505143f,-0.12499999999999994f,0f,0f,0f,1f], start_interpolation: 0, interpolation_duration: 1 }
data modify entity @s data merge value {"locators":{"hitbox_head":{"posx":1.3207286342202147,"posy":-0.5492452292638701,"posz":3.2086289600531104,"roty":350.2936184915143,"rotx":12.19908169044881},"hitbox_neck":{"posx":1.0301784312824633,"posy":-1.1289224208141255,"posz":2.0959402827917946,"roty":345.17994833164676,"rotx":12.391353958973268},"hitbox_right_arm":{"posx":0.2392703276037766,"posy":-3.2786371965283103,"posz":2.604867426556229,"roty":337.5,"rotx":12.5},"hitbox_left_arm":{"posx":1.9715444510624396,"posy":-3.2786371965283103,"posz":1.887335990871686,"roty":337.5,"rotx":12.5},"hitbox_tail1":{"posx":-2.1428019463504677,"posy":-0.7984609525555811,"posz":-1.0254963344001626,"roty":260.2887156814211,"rotx":17.674147555507904},"hitbox_tail2":{"posx":-3.9105861669227187,"posy":-0.6136102134006356,"posz":-0.8159870178301638,"roty":260.2887156814211,"rotx":17.674147555507904}},"cameras":{}}