# This file was generated by Animated Java via MC-Build. It is not recommended to edit this file directly.
$data merge entity $(bone_head) { transformation: [-1f,0f,1.2246467991473532e-16f,0f,0f,1f,0f,-0.4501953125f,-1.2246467991473532e-16f,0f,-1f,0f,0f,0f,0f,1f], start_interpolation: 0, interpolation_duration: 1 }
$data merge entity $(bone_left_arm2) { transformation: [-0.9957254249164991f,0.09229517992003576f,0.0035324125446368707f,0.41263231230004555f,0.09232997444263553f,0.9956626520947744f,0.011448102158109062f,-0.8735749074776873f,-0.002460486594060372f,0.011725313945837803f,-0.999928228933753f,-0.002170890168421117f,0f,0f,0f,1f], start_interpolation: 0, interpolation_duration: 1 }
$data merge entity $(bone_left_arm) { transformation: [-0.9947392579843031f,-0.10237837020803059f,0.0035324125446368707f,0.2626953125f,-0.10233207261821572f,0.994684416219857f,0.011448102158109062f,-0.6376953125f,-0.004685673750732069f,0.01102639754905063f,-0.999928228933753f,3.2170897360413866e-17f,0f,0f,0f,1f], start_interpolation: 0, interpolation_duration: 1 }
$data merge entity $(item_display_weapon) { transformation: [-0.9999865513344692f,0.0037972637266149582f,0.003532412544636615f,-0.014746158213856386f,-0.0038374779525812835f,-0.9999271047031084f,-0.01144810215810894f,-0.8347171525735254f,0.003488683585311861f,-0.01146150375167152f,0.999928228933753f,-0.2531495536689595f,0f,0f,0f,1f], start_interpolation: 0, interpolation_duration: 1 }
$data merge entity $(bone_right_arm2) { transformation: [-0.9957254249164991f,-0.09229517992003576f,-0.003532412544636626f,-0.41263231230004555f,-0.09232997444263553f,0.9956626520947744f,0.011448102158109062f,-0.8735749074776873f,0.002460486594060129f,0.01172531394583778f,-0.999928228933753f,-0.0021708901684212175f,0f,0f,0f,1f], start_interpolation: 0, interpolation_duration: 1 }
$data merge entity $(bone_right_arm) { transformation: [-0.9947392579843031f,0.10237837020803059f,-0.003532412544636626f,-0.2626953125f,0.10233207261821572f,0.994684416219857f,0.011448102158109062f,-0.6376953125f,0.004685673750731826f,0.011026397549050654f,-0.999928228933753f,-3.2170897360413866e-17f,0f,0f,0f,1f], start_interpolation: 0, interpolation_duration: 1 }
$data merge entity $(bone_right_leg) { transformation: [-0.9998428985718276f,0.017725071945861766f,1.2246467991473532e-16f,-0.13134765625f,0.017725071945861766f,0.9998428985718276f,0f,-1.2626953125f,-1.2244544053862003e-16f,2.170695262315616e-18f,-1f,0.031249999999999983f,0f,0f,0f,1f], start_interpolation: 0, interpolation_duration: 1 }
$data merge entity $(bone_left_leg) { transformation: [-0.9998428985718276f,-0.017725071945861766f,1.2246467991473532e-16f,0.13134765625f,-0.017725071945861766f,0.9998428985718276f,0f,-1.2626953125f,-1.2244544053862003e-16f,-2.170695262315616e-18f,-1f,0.031250000000000014f,0f,0f,0f,1f], start_interpolation: 0, interpolation_duration: 1 }
$data merge entity $(bone_body) { transformation: [-1f,0f,1.2246467991473532e-16f,0f,0f,1f,0f,-1.2626953125f,-1.2246467991473532e-16f,0f,-1f,0f,0f,0f,0f,1f], start_interpolation: 0, interpolation_duration: 1 }