# This file was generated by Animated Java via MC-Build. It is not recommended to edit this file directly.
$data merge entity $(bone_head) { transformation: [-1f,0f,1.2246467991473532e-16f,0f,0f,1f,0f,-0.4873046875f,-1.2246467991473532e-16f,0f,-1f,0f,0f,0f,0f,1f], start_interpolation: 0, interpolation_duration: 1 }
$data merge entity $(bone_left_arm2) { transformation: [-0.9350546773812531f,0.35450352542170505f,-0.000027767302609389495f,0.5127564331603748f,0.35411082536467997f,0.9340225538319334f,0.0469828936190406f,-0.8556474445875506f,0.016681536709359072f,0.04392174173294459f,-0.9988956937219015f,-0.008511828779540652f,0f,0f,0f,1f], start_interpolation: 0, interpolation_duration: 1 }
$data merge entity $(bone_left_arm) { transformation: [-0.9200602703097287f,-0.39177684748663466f,-0.000027767302609389495f,0.2998046875f,-0.39134540645587246f,0.9190437315781388f,0.0469828936190406f,-0.6748046875f,-0.018381290582461657f,0.04323796040939358f,-0.9988956937219015f,3.671548509162475e-17f,0f,0f,0f,1f], start_interpolation: 0, interpolation_duration: 1 }
$data merge entity $(item_display_weapon) { transformation: [-0.9998922394245979f,0.014680216873044771f,-0.000027767302609677568f,-0.0028405591444541356f,-0.014662700981051878f,-0.998788072068906f,-0.04698289361904049f,-0.8500545011189866f,-0.0007174527182907797f,-0.04697742357173482f,0.9988956937219015f,-0.25851097274736357f,0f,0f,0f,1f], start_interpolation: 0, interpolation_duration: 1 }
$data merge entity $(bone_right_arm2) { transformation: [-0.9350546773812531f,-0.35450352542170505f,0.000027767302609634152f,-0.5127564331603748f,-0.35411082536467997f,0.9340225538319334f,0.0469828936190406f,-0.8556474445875506f,-0.016681536709359297f,0.0439217417329445f,-0.9988956937219015f,-0.008511828779540776f,0f,0f,0f,1f], start_interpolation: 0, interpolation_duration: 1 }
$data merge entity $(bone_right_arm) { transformation: [-0.9200602703097287f,0.39177684748663466f,0.000027767302609634152f,-0.2998046875f,0.39134540645587246f,0.9190437315781388f,0.0469828936190406f,-0.6748046875f,0.018381290582461435f,0.04323796040939368f,-0.9988956937219015f,-3.671548509162475e-17f,0f,0f,0f,1f], start_interpolation: 0, interpolation_duration: 1 }
$data merge entity $(bone_right_leg) { transformation: [-0.9975830362926349f,0.06948442776023686f,1.2246467991473532e-16f,-0.14990234375f,0.06948442776023686f,0.9975830362926349f,0f,-1.2998046875f,-1.2216868722794733e-16f,8.509388204715956e-18f,-1f,0.031249999999999983f,0f,0f,0f,1f], start_interpolation: 0, interpolation_duration: 1 }
$data merge entity $(bone_left_leg) { transformation: [-0.9975830362926349f,-0.06948442776023686f,1.2246467991473532e-16f,0.14990234375f,-0.06948442776023686f,0.9975830362926349f,0f,-1.2998046875f,-1.2216868722794733e-16f,-8.509388204715956e-18f,-1f,0.03125000000000002f,0f,0f,0f,1f], start_interpolation: 0, interpolation_duration: 1 }
$data merge entity $(bone_body) { transformation: [-1f,0f,1.2246467991473532e-16f,0f,0f,1f,0f,-1.2998046875f,-1.2246467991473532e-16f,0f,-1f,0f,0f,0f,0f,1f], start_interpolation: 0, interpolation_duration: 1 }