# This file was generated by Animated Java via MC-Build. It is not recommended to edit this file directly.
$data merge entity $(bone_jaw) { transformation: [-1f,-1.1507915602278505e-16f,4.1885387376769936e-17f,-5.10071707925513e-16f,0f,0.3420201433256687f,0.9396926207859084f,-0.28404537524453555f,-1.2246467991473532e-16f,0.9396926207859084f,-0.3420201433256687f,3.507877788834886f,0f,0f,0f,1f], start_interpolation: 0, interpolation_duration: 1 }
$data merge entity $(bone_head) { transformation: [-1.125f,-1.2946405052563318e-16f,4.712106079886618e-17f,-4.996003610813204e-16f,0f,0.3847726612413773f,1.057154198384147f,-0.04912222004805844f,-1.3777276490407724e-16f,1.057154198384147f,-0.3847726612413773f,3.4223727530034687f,0f,0f,0f,1f], start_interpolation: 0, interpolation_duration: 1 }
$data merge entity $(bone_neck) { transformation: [-1f,-6.123233995736767e-17f,1.060575238724907e-16f,0.4999999999999997f,0f,0.8660254037844386f,0.5f,-0.5630242115690245f,-1.2246467991473532e-16f,0.5f,-0.8660254037844386f,2.1874771124286125f,0f,0f,0f,1f], start_interpolation: 0, interpolation_duration: 1 }
$data merge entity $(bone_right_arm2) { transformation: [-0.9998723663613894f,-0.0012320756531928184f,-0.015928997974139852f,-0.6529069896608432f,-0.0013420869723711065f,0.9999753112660525f,0.006897511212009211f,-1.546021814977725f,0.015920106451714863f,0.006918008958219868f,-0.9998493343312381f,2.891374025603761f,0f,0f,0f,1f], start_interpolation: 0, interpolation_duration: 1 }
$data merge entity $(bone_right_arm1) { transformation: [-1.118167136232611f,-0.09858151752966351f,-0.1707481970486191f,-0.5625000000000003f,-0.01718389076297823f,1.028285268712682f,-0.48114979683169107f,-0.6439706774566636f,0.19641277018577852f,-0.4712558726365967f,-1.0141552805946004f,1.6784852955392826f,0f,0f,0f,1f], start_interpolation: 0, interpolation_duration: 1 }
$data merge entity $(bone_left_arm2) { transformation: [-0.9998723663613894f,0.0012320756531927907f,0.01592899797414009f,0.6529069896608424f,0.0013420869723711065f,0.9999753112660525f,0.006897511212009211f,-1.546021814977725f,-0.015920106451715085f,0.006918008958219868f,-0.9998493343312381f,2.8913740256037617f,0f,0f,0f,1f], start_interpolation: 0, interpolation_duration: 1 }
$data merge entity $(bone_left_arm1) { transformation: [-1.118167136232611f,0.09858151752966361f,0.17074819704861935f,0.5624999999999998f,0.01718389076297823f,1.028285268712682f,-0.48114979683169107f,-0.6439706774566636f,-0.19641277018577877f,-0.4712558726365967f,-1.0141552805946004f,1.6784852955392828f,0f,0f,0f,1f], start_interpolation: 0, interpolation_duration: 1 }
$data merge entity $(bone_body2) { transformation: [-1.5833333333333335f,-1.689970855234471e-17f,1.9316455265472322e-16f,0.4999999999999999f,0f,1.5773082719785974f,0.13799659268379214f,-0.5f,-1.9390240986499761e-16f,0.13799659268379214f,-1.5773082719785974f,0.75f,0f,0f,0f,1f], start_interpolation: 0, interpolation_duration: 1 }
$data merge entity $(bone_right_leg2) { transformation: [-0.7777612263980848f,0.5714957571642184f,0.26168697761838206f,-1.6564084303171014f,0.020537823050054305f,0.4392113372679147f,-0.8981489848792874f,-2.029336171453634f,-0.628224221545231f,-0.6931709751270797f,-0.3533388270559317f,0.5254308102107367f,0f,0f,0f,1f], start_interpolation: 0, interpolation_duration: 1 }
$data merge entity $(bone_right_leg1) { transformation: [-1.0370149685307797f,0.7619943428856245f,0.3489159701578427f,-0.625f,0.02738376406673907f,0.5856151163572196f,-1.1975319798390498f,-1.125f,-0.8376322953936414f,-0.9242279668361062f,-0.4711184360745756f,-0.12500000000000008f,0f,0f,0f,1f], start_interpolation: 0, interpolation_duration: 1 }
$data merge entity $(bone_left_leg2) { transformation: [-1f,-1.0605752387249068e-16f,6.123233995736767e-17f,1.0000000000000002f,0f,0.5000000000000001f,0.8660254037844386f,-1.573117061317363f,-1.2246467991473532e-16f,0.8660254037844386f,-0.5000000000000001f,-1.5261615179401304f,0f,0f,0f,1f], start_interpolation: 0, interpolation_duration: 1 }
$data merge entity $(bone_left_leg1) { transformation: [-1.3333333333333333f,-1.4141003182998756e-16f,8.164311994315689e-17f,0.625f,0f,0.6666666666666667f,1.1547005383792515f,-1.125f,-1.6328623988631375e-16f,1.1547005383792515f,-0.6666666666666667f,-0.12499999999999993f,0f,0f,0f,1f], start_interpolation: 0, interpolation_duration: 1 }
$data merge entity $(bone_tail3) { transformation: [-1f,0f,1.2246467991473532e-16f,4.579669976578771e-16f,0f,1f,0f,-0.5625f,-1.2246467991473532e-16f,0f,-1f,-3.8125f,0f,0f,0f,1f], start_interpolation: 0, interpolation_duration: 1 }
$data merge entity $(bone_tail2) { transformation: [-1.5416666666666665f,0f,1.8879971486855027e-16f,-0.12499999999999976f,0f,1.5416666666666665f,0f,-0.75f,-1.8879971486855027e-16f,0f,-1.5416666666666665f,-1.9375f,0f,0f,0f,1f], start_interpolation: 0, interpolation_duration: 1 }
$data merge entity $(bone_tail1) { transformation: [-1f,0f,1.2246467991473532e-16f,1.1102230246251565e-16f,0f,1f,0f,-0.75f,-1.2246467991473532e-16f,0f,-1f,-0.875f,0f,0f,0f,1f], start_interpolation: 0, interpolation_duration: 1 }
$data merge entity $(bone_body1) { transformation: [-1.3333333333333333f,0f,1.6328623988631375e-16f,0.5f,0f,1.3333333333333333f,0f,-1.1875f,-1.6328623988631375e-16f,0f,-1.3333333333333333f,-0.12499999999999994f,0f,0f,0f,1f], start_interpolation: 0, interpolation_duration: 1 }
data modify entity @s data merge value {"locators":{"head":{"posx":-4.407650721223204e-16,"posy":-0.5565387536221978,"posz":2.9419461598015473,"roty":0,"rotx":70.00000000000001},"neck":{"posx":-2.7755575615628914e-16,"posy":-0.950283737988189,"posz":2.108230287901667,"roty":0,"rotx":30.000000000000007},"right_arm":{"posx":-0.7062024379181673,"posy":-2.5495297622855553,"posz":3.3853756904643926,"roty":359.08727533046,"rotx":0.39520141529595615},"left_arm":{"posx":0.7062024379181664,"posy":-2.5495297622855553,"posz":3.385375690464393,"roty":0.9127246695400402,"rotx":0.39520141529595615},"tail1":{"posx":3.191891195797325e-16,"posy":-1.5,"posz":-2.625,"roty":0,"rotx":0},"tail2":{"posx":5.268533801099157e-16,"posy":-1.875,"posz":-4.375,"roty":0,"rotx":0}},"cameras":{}}