# This file was generated by Animated Java via MC-Build. It is not recommended to edit this file directly.
$data merge entity $(bone_jaw) { transformation: [-0.8988836568639944f,0.4376966662444218f,-0.02073161309044743f,1.9209031089984347f,0.10125123396545568f,0.2535027941011272f,0.9620210605820405f,-0.47002298418928556f,0.4263289329183338f,0.8626459075086607f,-0.2721868461466753f,3.196459637621688f,0f,0f,0f,1f], start_interpolation: 0, interpolation_duration: 1 }
$data merge entity $(bone_head) { transformation: [-1.0112441139719937f,0.49260938663223275f,-0.018610055314609002f,1.9167675411507439f,0.11390763821113764f,0.2748211280573288f,1.0849531775751697f,-0.22892227806147003f,0.47962004953312554f,0.9733623887202097f,-0.2969095288311396f,3.1304797423258792f,0f,0f,0f,1f], start_interpolation: 0, interpolation_duration: 1 }
$data merge entity $(bone_neck) { transformation: [-0.8988836568639944f,0.3191101154370774f,-0.3002946980027251f,1.7831654298036321f,0.10125123396545568f,0.8180251459396148f,0.5662005371164393f,-0.6886616761979317f,0.4263289329183338f,0.478543200595523f,-0.7676197275477669f,1.7851720966014086f,0f,0f,0f,1f], start_interpolation: 0, interpolation_duration: 1 }
$data merge entity $(bone_right_arm2) { transformation: [-0.8454778136856854f,0.006065259719830685f,-0.5339761035756232f,1.174115742649105f,-0.005693735414714712f,0.9997762691149561f,0.020371379226903574f,-1.6229638074707786f,0.5339801943352402f,0.02026386782206424f,-0.8452541202020782f,3.01422892493553f,0f,0f,0f,1f], start_interpolation: 0, interpolation_duration: 1 }
$data merge entity $(bone_right_arm1) { transformation: [-0.8492436679922358f,-0.3342451490199392f,-0.6754527220140402f,0.6124876840282617f,-0.022722230764037694f,1.0285303567965112f,-0.4803956830796793f,-0.7186484240210289f,0.7532860675391808f,-0.34579834072639026f,-0.7759862208484609f,1.9373090760025116f,0f,0f,0f,1f], start_interpolation: 0, interpolation_duration: 1 }
$data merge entity $(bone_left_arm2) { transformation: [-0.8415775933630637f,0.029326375412925182f,-0.5393395202044571f,2.27911546171004f,0.021743348856907235f,0.9995549770853356f,0.020422403492770747f,-1.6309550520527822f,0.5396984168308449f,0.005459989842012958f,-0.8418407256608608f,2.29356508505513f,0f,0f,0f,1f], start_interpolation: 0, interpolation_duration: 1 }
$data merge entity $(bone_left_arm1) { transformation: [-1.0416015289712384f,-0.15781020557233472f,-0.4234775092096862f,1.5535957609844377f,0.04071057564203919f,1.02685186264143f,-0.4827928211615867f,-0.7250805037462074f,0.4500887810422695f,-0.45808536120627935f,-0.9363487053298256f,1.3209494278763079f,0f,0f,0f,1f], start_interpolation: 0, interpolation_duration: 1 }
$data merge entity $(bone_body2) { transformation: [-1.3245224786790626f,0.15845117019876964f,-0.8529231352126392f,1.002546352957995f,0.0090525566502511f,1.5591384497707104f,0.2755898947877528f,-0.5f,0.8674691343998421f,0.22566560560632892f,-1.3051884077612559f,0.5912905577547554f,0f,0f,0f,1f], start_interpolation: 0, interpolation_duration: 1 }
$data merge entity $(bone_right_leg2) { transformation: [-0.9967469669141298f,0.014173062972408721f,0.07933856712509348f,-0.9042450876248267f,0.020675242779379266f,0.9964389458398265f,0.08174326608124394f,-2.5484501327000824f,-0.07789748573283051f,0.08311769666921387f,-0.9934905284988418f,1.6565329951637424f,0f,0f,0f,1f], start_interpolation: 0, interpolation_duration: 1 }
$data merge entity $(bone_right_leg1) { transformation: [-1.3289959558855062f,0.10574271393503065f,0.01913126936200308f,-0.42094500282754255f,0.027566990372505686f,0.5649189699460015f,-1.207428836915339f,-1.664158950617284f,-0.10386331431044067f,-1.2031054873212823f,-0.5652675261286887f,0.5211310252317078f,0f,0f,0f,1f], start_interpolation: 0, interpolation_duration: 1 }
$data merge entity $(bone_left_leg2) { transformation: [-0.818617780291149f,0.49739189513239374f,-0.2871693445474257f,0.1045676207216879f,0f,0.5000000000000001f,0.8660254037844386f,-1.573117061317363f,0.5743386890948513f,0.7089437937217631f,-0.4093088901455746f,-1.5591850761929522f,0f,0f,0f,1f], start_interpolation: 0, interpolation_duration: 1 }
$data merge entity $(bone_left_leg1) { transformation: [-1.0914903737215318f,0.6631891935098583f,-0.3828924593965676f,0.6023272225363936f,0f,0.6666666666666667f,1.1547005383792515f,-1.125f,0.765784918793135f,0.9452583916290174f,-0.5457451868607661f,-0.19679233613685637f,0f,0f,0f,1f], start_interpolation: 0, interpolation_duration: 1 }
$data merge entity $(bone_tail3) { transformation: [-0.12510235459812175f,0f,-0.99214384081846f,-3.1593021118588176f,0f,1f,0f,-0.5625f,0.99214384081846f,0f,-0.12510235459812175f,-1.2515952331484006f,0f,0f,0f,1f], start_interpolation: 0, interpolation_duration: 1 }
$data merge entity $(bone_tail2) { transformation: [-0.19286613000543767f,0f,-1.529555087928459f,-1.3146702046489707f,0f,1.5416666666666665f,0f,-0.75f,1.529555087928459f,0f,-0.19286613000543767f,-0.893010338174615f,0f,0f,0f,1f], start_interpolation: 0, interpolation_duration: 1 }
$data merge entity $(bone_tail1) { transformation: [-0.5160350854840713f,0f,-0.8565674465851754f,-0.34006290696671293f,0f,1f,0f,-0.75f,0.8565674465851754f,0f,-0.5160350854840713f,-0.45179399067093606f,0f,0f,0f,1f], start_interpolation: 0, interpolation_duration: 1 }
$data merge entity $(bone_body1) { transformation: [-1.0914903737215318f,0f,-0.765784918793135f,0.5f,0f,1.3333333333333333f,0f,-1.1875f,0.765784918793135f,0f,-1.0914903737215318f,-0.12499999999999994f,0f,0f,0f,1f], start_interpolation: 0, interpolation_duration: 1 }
data modify entity @s data merge value {"locators":{"head":{"posx":1.648265119498006,"posy":-0.6829765651975332,"posz":2.6721977288233014,"roty":356.41343759930976,"rotx":74.66646828119804},"neck":{"posx":1.2515941453330717,"posy":-1.0155705560821144,"posz":1.9148353287807254,"roty":338.634442269392,"rotx":34.48570034487105},"right_arm":{"posx":1.3821961713617306,"posy":-2.6332816246626063,"posz":3.4499658793604575,"roty":327.71798915108127,"rotx":1.1672747972198358},"left_arm":{"posx":2.5720574459845347,"posy":-2.64208019018806,"posz":2.6752943069916197,"roty":327.3536562077055,"rotx":1.1701988806282315},"tail1":{"posx":-1.9811313008868967,"posy":-1.5,"posz":-1.1030361870631311,"roty":277.18666666666667,"rotx":0},"tail2":{"posx":-3.7173830223192015,"posy":-1.875,"posz":-1.321965307609844,"roty":277.18666666666667,"rotx":0}},"cameras":{}}