# This file was generated by Animated Java via MC-Build. It is not recommended to edit this file directly.
$data merge entity $(bone_jaw) { transformation: [-0.9043053208152734f,0.42669647098023916f,0.01272825196936541f,1.9688207426532403f,0.13460373636733006f,0.25671898604202725f,0.9570669759016388f,-0.44323416371721946f,0.4051095171692959f,0.8671940289569363f,-0.2895872843208012f,3.137578091316064f,0f,0f,0f,1f], start_interpolation: 0, interpolation_duration: 1 }
$data merge entity $(bone_head) { transformation: [-1.0173434859171826f,0.4798181854773887f,0.020291390959269826f,1.973329940644189f,0.1514292034132463f,0.2753887605240329f,1.0802107326492674f,-0.2031873342396045f,0.45574820681545786f,0.979571610175705f,-0.313620841976855f,3.067884570876763f,0f,0f,0f,1f], start_interpolation: 0, interpolation_duration: 1 }
$data merge entity $(bone_neck) { transformation: [-0.9043053208152734f,0.33173251354070254f,-0.26867345645812f,1.8547196220426068f,0.13460373636733006f,0.8188556468676359f,0.5579939639000946f,-0.6871532315513058f,0.4051095171692959f,0.4684324594356729f,-0.78514795423914f,1.7296876113224118f,0f,0f,0f,1f], start_interpolation: 0, interpolation_duration: 1 }
$data merge entity $(bone_right_arm2) { transformation: [-0.8848414093446482f,0.032303186976510384f,-0.4647711097090023f,1.1367806381528978f,0.026021661949294297f,0.9994627798080753f,0.019925483374596542f,-1.5948882907272621f,0.4651650818992903f,0.005536776090405371f,-0.8852066372842848f,3.019603619838758f,0f,0f,0f,1f], start_interpolation: 0, interpolation_duration: 1 }
$data merge entity $(bone_right_arm1) { transformation: [-0.9054602389498281f,-0.2794425336817635f,-0.6254795224424864f,0.6842338440555448f,0.013437708316493385f,1.0292177743806334f,-0.47927153873208483f,-0.6990498800286618f,0.6849322525772642f,-0.3896070458974478f,-0.817462638969478f,1.8857413305508508f,0f,0f,0f,1f], start_interpolation: 0, interpolation_duration: 1 }
$data merge entity $(bone_left_arm2) { transformation: [-0.838738128837961f,0.04527971727557306f,-0.5426491485636369f,2.339015084297073f,0.03913388878105523f,0.9989722350090253f,0.02286946501220849f,-1.6309759123774392f,0.5431269556763574f,-0.0020544791351587155f,-0.8396480745724458f,2.2464112545154697f,0f,0f,0f,1f], start_interpolation: 0, interpolation_duration: 1 }
$data merge entity $(bone_left_arm1) { transformation: [-1.0394661828336942f,-0.14483955155427491f,-0.4332465418155691f,1.6231614995202195f,0.06008529966428915f,1.0241294502063332f,-0.4865384187592697f,-0.7251838566176698f,0.45284745605318977f,-0.4683496348563479f,-0.9299187104368448f,1.2665831334224797f,0f,0f,0f,1f], start_interpolation: 0, interpolation_duration: 1 }
$data merge entity $(bone_body2) { transformation: [-1.3214537373206534f,0.18108135505039752f,-0.8531787663900425f,1.0729751622259736f,0.036781152236381766f,1.559024542937614f,0.27392346705379833f,-0.5f,0.871407832995485f,0.20879765759155713f,-1.3053721198274602f,0.5363051213109722f,0f,0f,0f,1f], start_interpolation: 0, interpolation_duration: 1 }
$data merge entity $(bone_right_leg2) { transformation: [-0.9996120709627545f,0.022362789859040628f,-0.016601602792307733f,-0.7214937629637742f,0.02074621152473949f,0.9955547129803874f,0.09187169406247636f,-2.545249831589286f,0.01858231129122362f,0.09149163400146954f,-0.9956324515677546f,1.796621825611315f,0f,0f,0f,1f], start_interpolation: 0, interpolation_duration: 1 }
$data merge entity $(bone_right_leg1) { transformation: [-1.332816094617006f,-0.011055455595797792f,-0.035451552987414016f,-0.3502494416855356f,0.027661615366319316f,0.5536905349671191f,-1.212616759038456f,-1.671875f,0.024776415054964824f,-1.2128818352037318f,-0.5532463835106644f,0.6116823514333944f,0f,0f,0f,1f], start_interpolation: 0, interpolation_duration: 1 }
$data merge entity $(bone_left_leg2) { transformation: [-0.7557772814982539f,0.567098338543089f,-0.327414378414842f,-0.03963221416120166f,0f,0.5000000000000001f,0.8660254037844386f,-1.573117061317363f,0.6548287568296839f,0.6545223253806306f,-0.37788864074912704f,-1.5113804213836006f,0f,0f,0f,1f], start_interpolation: 0, interpolation_duration: 1 }
$data merge entity $(bone_left_leg1) { transformation: [-1.0077030419976718f,0.7561311180574519f,-0.43655250455312267f,0.5944721601872818f,0f,0.6666666666666667f,1.1547005383792515f,-1.125f,0.8731050091062451f,0.8726964338408407f,-0.503851520998836f,-0.20685359460371044f,0f,0f,0f,1f], start_interpolation: 0, interpolation_duration: 1 }
$data merge entity $(bone_tail3) { transformation: [0.17334260241888721f,0f,-0.9848615852934094f,-3.2803458112312645f,0f,1f,0f,-0.5625f,0.9848615852934094f,0f,0.17334260241888721f,-0.400359986592352f,0f,0f,0f,1f], start_interpolation: 0, interpolation_duration: 1 }
$data merge entity $(bone_tail2) { transformation: [0.2672365120624511f,0f,-1.5183282773273394f,-1.4120625135037608f,0f,1.5416666666666665f,0f,-0.75f,1.5183282773273394f,0f,0.2672365120624511f,-0.6022696679660894f,0f,0f,0f,1f], start_interpolation: 0, interpolation_duration: 1 }
$data merge entity $(bone_tail1) { transformation: [-0.33472071315428464f,0f,-0.9423173797534921f,-0.36901020837138976f,0f,1f,0f,-0.75f,0.9423173797534921f,0f,-0.33472071315428464f,-0.3644185827088484f,0f,0f,0f,1f], start_interpolation: 0, interpolation_duration: 1 }
$data merge entity $(bone_body1) { transformation: [-1.0077030419976718f,0f,-0.8731050091062451f,0.5f,0f,1.3333333333333333f,0f,-1.1875f,0.8731050091062451f,0f,-1.0077030419976718f,-0.12499999999999994f,0f,0f,0f,1f], start_interpolation: 0, interpolation_duration: 1 }
data modify entity @s data merge value {"locators":{"head":{"posx":1.7011277845569537,"posy":-0.6562396269333082,"posz":2.6107950213282756,"roty":3.701899507659931,"rotx":73.77816980365549},"neck":{"posx":1.3117514511144717,"posy":-0.996671476430516,"posz":1.8547236918985748,"roty":341.10932609678065,"rotx":33.91718019568088},"right_arm":{"posx":1.281560417946848,"posy":-2.602687458350805,"posz":3.485742980009201,"roty":332.2986181062851,"rotx":1.1417216592749657},"left_arm":{"posx":2.617481074355691,"posy":-2.6438287479413844,"posz":2.634344336207079,"roty":327.12615528610195,"rotx":1.3104380710867802},"tail1":{"posx":-2.1108226786953406,"posy":-1.5,"posz":-0.6062043269647805,"roty":260.01777777777784,"rotx":0},"tail2":{"posx":-3.8343304529588074,"posy":-1.875,"posz":-0.30285477273172795,"roty":260.01777777777784,"rotx":0}},"cameras":{}}