# This file was generated by Animated Java via MC-Build. It is not recommended to edit this file directly.
$data merge entity $(bone_jaw) { transformation: [-0.9030061821071111f,0.42533159888851385f,0.06060417529575974f,2.0801456584138016f,0.18085510073233507f,0.24837191037144452f,0.9516316654449537f,-0.4160729319219087f,0.3897066430219478f,0.870289851213594f,-0.301204759688795f,3.018363880237614f,0f,0f,0f,1f], start_interpolation: 0, interpolation_duration: 1 }
$data merge entity $(bone_head) { transformation: [-1.0158819548705f,0.4768153523065075f,0.0790947126760853f,2.0977222612307096f,0.20346198832387696f,0.25488451278671165f,1.0766903475228036f,-0.17680841025017457f,0.4384199733996913f,0.986562722256574f,-0.3163967793418769f,2.948053484828308f,0f,0f,0f,1f], start_interpolation: 0, interpolation_duration: 1 }
$data merge entity $(bone_neck) { transformation: [-0.9030061821071111f,0.35949738575377194f,-0.23524766675260034f,1.9761206506843947f,0.18085510073233507f,0.8147600386481268f,0.5508697776799882f,-0.6853368073149864f,0.3897066430219478f,0.45489307431341097f,-0.800750287746597f,1.6192666630652253f,0f,0f,0f,1f], start_interpolation: 0, interpolation_duration: 1 }
$data merge entity $(bone_right_arm2) { transformation: [-0.9064916896586535f,0.055458015703244934f,-0.41856567593874494f,1.19529450522819f,0.05583641879760204f,0.9983753634019201f,0.011354650498493324f,-1.5430750295304816f,0.41851536520856497f,-0.013078312060154418f,-0.9081155470742689f,2.9921695658218423f,0f,0f,0f,1f], start_interpolation: 0, interpolation_duration: 1 }
$data merge entity $(bone_right_arm1) { transformation: [-0.9353535890803679f,-0.24308546523341806f,-0.5959816498275522f,0.8108637727913268f,0.05049979719318752f,1.0203726530924708f,-0.4954396292677074f,-0.677451682354454f,0.6416653651416486f,-0.4346494131570053f,-0.829768915882217f,1.8106967634341502f,0f,0f,0f,1f], start_interpolation: 0, interpolation_duration: 1 }
$data merge entity $(bone_left_arm2) { transformation: [-0.820425399450538f,0.06221591460162207f,-0.5683584642694335f,2.4636192908757977f,0.060801099024546515f,0.9979189288931813f,0.021471788795829116f,-1.614357869875614f,0.5685115568691921f,-0.01694081836774941f,-0.8225008318410373f,2.145781977430573f,0f,0f,0f,1f], start_interpolation: 0, interpolation_duration: 1 }
$data merge entity $(bone_left_arm1) { transformation: [-1.025997954167314f,-0.14757033833712255f,-0.463381268753925f,1.730069153322991f,0.08197163239875477f,1.0139214763765125f,-0.5043955770710131f,-0.72515468722684f,0.47935358189004246f,-0.4892414965331377f,-0.9055572364812986f,1.1638498791347949f,0f,0f,0f,1f], start_interpolation: 0, interpolation_duration: 1 }
$data merge entity $(bone_body2) { transformation: [-1.293696461489009f,0.21070245353079267f,-0.8881995192812064f,1.161411779750242f,0.06713756241298767f,1.5583679046222425f,0.27189421840298106f,-0.5f,0.9103770964213151f,0.18449497110715496f,-1.2822322692835766f,0.44785203814564306f,0f,0f,0f,1f], start_interpolation: 0, interpolation_duration: 1 }
$data merge entity $(bone_right_leg2) { transformation: [-0.9903301248519318f,0.033439593165944595f,-0.13464040039918523f,-0.45899909020036667f,0.021027029210724524f,0.9954833080213177f,0.09257887174461288f,-2.51273114385509f,0.13712807098959778f,0.0888525579813561f,-0.9865602440230608f,1.9799253345656698f,0f,0f,0f,1f], start_interpolation: 0, interpolation_duration: 1 }
$data merge entity $(bone_right_leg1) { transformation: [-1.3204401664692424f,-0.15874893983515737f,-0.09494376574409782f,-0.23652404904439828f,0.028036038947632697f,0.5047070572554182f,-1.2338000424114437f,-1.687307098765432f,0.18283742798613037f,-1.2238657353793212f,-0.49648858443032395f,0.725386573964597f,0f,0f,0f,1f], start_interpolation: 0, interpolation_duration: 1 }
$data merge entity $(bone_left_leg2) { transformation: [-0.6546880435950206f,0.663118181484943f,-0.36284685882314943f,-0.23927800746932937f,0f,0.48002017984944967f,0.877257446213654f,-1.540886056591817f,0.7558991768574195f,0.5743299611907812f,-0.31426347243176617f,-1.4267562427753844f,0f,0f,0f,1f], start_interpolation: 0, interpolation_duration: 1 }
$data merge entity $(bone_left_leg1) { transformation: [-0.8729173914600274f,0.8841575753132572f,-0.4837958117641992f,0.5818360054493776f,0f,0.6400269064659329f,1.1696765949515386f,-1.125f,1.007865569143226f,0.7657732815877082f,-0.41901796324235485f,-0.21948739710717738f,0f,0f,0f,1f], start_interpolation: 0, interpolation_duration: 1 }
$data merge entity $(bone_tail3) { transformation: [0.7748369253094654f,0f,-0.6321611655084279f,-2.7241875325981852f,0f,1f,0f,-0.5625f,0.6321611655084279f,0f,0.7748369253094654f,1.351893131148838f,0f,0f,0f,1f], start_interpolation: 0, interpolation_duration: 1 }
$data merge entity $(bone_tail2) { transformation: [1.1945402598520922f,0f,-0.974581796825493f,-1.4420307316061998f,0f,1.5416666666666665f,0f,-0.75f,0.974581796825493f,0f,1.1945402598520922f,-0.02190595811785606f,0f,0f,0f,1f], start_interpolation: 0, interpolation_duration: 1 }
$data merge entity $(bone_tail1) { transformation: [0.0862363746191751f,0f,-0.9962747049346086f,-0.39426840444057487f,0f,1f,0f,-0.75f,0.9962747049346086f,0f,0.0862363746191751f,-0.2380664442675557f,0f,0f,0f,1f], start_interpolation: 0, interpolation_duration: 1 }
$data merge entity $(bone_body1) { transformation: [-0.8729173914600274f,0f,-1.007865569143226f,0.5f,0f,1.3333333333333333f,0f,-1.1875f,1.007865569143226f,0f,-0.8729173914600274f,-0.12499999999999994f,0f,0f,0f,1f], start_interpolation: 0, interpolation_duration: 1 }
data modify entity @s data merge value {"locators":{"head":{"posx":1.810854089761515,"posy":-0.617491569443571,"posz":2.487851077836288,"roty":14.035479543524303,"rotx":73.14825699681622},"neck":{"posx":1.4192119983172495,"posy":-0.9693029936518649,"posz":1.7436288676769947,"roty":343.628052890729,"rotx":33.426703833900454},"right_arm":{"posx":1.2924635968906517,"posy":-2.5436379420067983,"posz":3.4854628617446664,"roty":335.2542318635276,"rotx":0.6505875317549149},"left_arm":{"posx":2.736859195874551,"posy":-2.626812761855744,"posz":2.5384412394145164,"roty":325.3550371001371,"rotx":1.2303374276087538},"tail1":{"posx":-1.9734961485569271,"posy":-1.5,"posz":0.43177428234384785,"roty":219.20975,"rotx":0},"tail2":{"posx":-3.079778188196676,"posy":-1.875,"posz":1.7877389016354122,"roty":219.20975,"rotx":0}},"cameras":{}}