# This file was generated by Animated Java via MC-Build. It is not recommended to edit this file directly.
$data merge entity $(bone_jaw) { transformation: [-0.9061270430968824f,0.41315225435165964f,0.0907689180977836f,2.074324110181141f,0.19860625919910804f,0.2260685016308256f,0.9536501383512351f,-0.44262227516173386f,0.3734827112135679f,0.8821554552880886f,-0.2869014066365442f,3.0014186593215073f,0f,0f,0f,1f], start_interpolation: 0, interpolation_duration: 1 }
$data merge entity $(bone_head) { transformation: [-1.0193929234839927f,0.4620237083860433f,0.11400508953536687f,2.0996585745223335f,0.22343204159899654f,0.226720814768751f,1.0790277081416852f,-0.20283834001913714f,0.4201680501152639f,1.0003783109603097f,-0.29719866187877586f,2.9353745122373347f,0f,0f,0f,1f], start_interpolation: 0, interpolation_duration: 1 }
$data merge entity $(bone_neck) { transformation: [-0.9061270430968824f,0.3696857453884237f,-0.20558752740647024f,1.9928911255778174f,0.19860625919910804f,0.8009273461306463f,0.5648636472876055f,-0.6941750614613234f,0.3734827112135679f,0.4710072567134452f,-0.7991638308556246f,1.5988673338023203f,0f,0f,0f,1f], start_interpolation: 0, interpolation_duration: 1 }
$data merge entity $(bone_right_arm2) { transformation: [-0.9051626141701614f,0.04855919396857536f,-0.4222826619573219f,1.2263490749791837f,0.05614347610346872f,0.9984073715333055f,-0.005534488140341076f,-1.5192819364700834f,0.4213413722857735f,-0.028718028293714948f,-0.9064473083700246f,2.988610671290001f,0f,0f,0f,1f], start_interpolation: 0, interpolation_duration: 1 }
$data merge entity $(bone_right_arm1) { transformation: [-0.9322243492739422f,-0.25399152677843484f,-0.5963363764604493f,0.8282352883529985f,0.05466787974529896f,1.0100809416412486f,-0.5156732698150313f,-0.6789541709045208f,0.6458639117409896f,-0.45210154014594117f,-0.8170893536527932f,1.793485820356949f,0f,0f,0f,1f], start_interpolation: 0, interpolation_duration: 1 }
$data merge entity $(bone_left_arm2) { transformation: [-0.8214590646804025f,0.06085735936273655f,-0.5670109230568605f,2.4791918728914415f,0.07039844681654592f,0.9975060545184504f,0.005072463390927651f,-1.5959649462818342f,0.5659055254547496f,-0.03574986727848212f,-0.8236946541342578f,2.147171214701283f,0f,0f,0f,1f], start_interpolation: 0, interpolation_duration: 1 }
$data merge entity $(bone_left_arm1) { transformation: [-1.0275739757688847f,-0.14963585978623695f,-0.45920784045245266f,1.7453473309098426f,0.08896326518011291f,1.0024328465602323f,-0.5257232470892711f,-0.7310318975286161f,0.47470861453681723f,-0.5117699722996921f,-0.8954966407984745f,1.1440103306062737f,0f,0f,0f,1f], start_interpolation: 0, interpolation_duration: 1 }
$data merge entity $(bone_body2) { transformation: [-1.2907502821170398f,0.22174614359309014f,-0.8897959324816108f,1.176296944367154f,0.07329457821168968f,1.5563759729605753f,0.28154250130351166f,-0.5f,0.9140766152046541f,0.18832663921245973f,-1.2790392734171174f,0.4302003629678665f,0f,0f,0f,1f], start_interpolation: 0, interpolation_duration: 1 }
$data merge entity $(bone_right_leg2) { transformation: [-0.9880011890692144f,0.030409395700092913f,-0.15142298059070586f,-0.4136345665016077f,0.02113500860835693f,0.9978220603605075f,0.06248557648798958f,-2.4849377441574187f,0.15299333909991902f,0.05853549787152146f,-0.9864920849555713f,2.0164265829563237f,0f,0f,0f,1f], start_interpolation: 0, interpolation_duration: 1 }
$data merge entity $(bone_right_leg1) { transformation: [-1.3173349187589525f,-0.18005167670871286f,-0.09993939818961402f,-0.21382903810154252f,0.02818001147780924f,0.48337795294015384f,-1.2423081016166135f,-1.6805555555555556f,0.203991118799892f,-1.2295141016285842f,-0.47377259853752707f,0.7445246427577694f,0f,0f,0f,1f], start_interpolation: 0, interpolation_duration: 1 }
$data merge entity $(bone_left_leg2) { transformation: [-0.6345147005347045f,0.6940581695266174f,-0.3401093237750406f,-0.28673543210686037f,0f,0.4400369701235841f,0.8979796572999056f,-1.4769345016464317f,0.7729107935624616f,0.5697812933379062f,-0.2792099263221647f,-1.4177691079301473f,0f,0f,0f,1f], start_interpolation: 0, interpolation_duration: 1 }
$data merge entity $(bone_left_leg1) { transformation: [-0.8460196007129392f,0.9254108927021565f,-0.4534790983667208f,0.579314337566838f,0f,0.5867159601647788f,1.1973062097332074f,-1.125f,1.0305477247499488f,0.7597083911172082f,-0.3722799017628862f,-0.22161384919530763f,0f,0f,0f,1f], start_interpolation: 0, interpolation_duration: 1 }
$data merge entity $(bone_tail3) { transformation: [0.8658158883040746f,0f,-0.500362715997331f,-2.4663969463319555f,0f,1f,0f,-0.5625f,0.500362715997331f,0f,0.8658158883040746f,1.6593203841927224f,0f,0f,0f,1f], start_interpolation: 0, interpolation_duration: 1 }
$data merge entity $(bone_tail2) { transformation: [1.3347994944687815f,0f,-0.7713925204958851f,-1.4199898677989509f,0f,1.5416666666666665f,0f,-0.75f,0.7713925204958851f,0f,1.3347994944687815f,0.09846093312224896f,0f,0f,0f,1f], start_interpolation: 0, interpolation_duration: 1 }
$data merge entity $(bone_tail1) { transformation: [0.17873352654718277f,0f,-0.9838975182853178f,-0.3969404454391985f,0f,1f,0f,-0.75f,0.9838975182853178f,0f,0.17873352654718277f,-0.2144306286197975f,0f,0f,0f,1f], start_interpolation: 0, interpolation_duration: 1 }
data modify entity @s data merge value {"locators":{"head":{"posx":1.8113106561035965,"posy":-0.6285242671522447,"posz":2.462163967781267,"roty":20.98676030559764,"rotx":73.56386954060683},"neck":{"posx":1.426893890434526,"posy":-0.9658276425717124,"posz":1.7088764469985154,"roty":345.5732919449463,"rotx":34.392823270315986},"right_arm":{"posx":1.3323585486036342,"posy":-2.5114130966767516,"posz":3.496886189536589,"roty":335.0208056175866,"rotx":-0.31710443106846403},"left_arm":{"posx":2.7531811665996604,"posy":-2.600407135421783,"posz":2.5593993137059723,"roty":325.4574423492969,"rotx":0.29063199036512877},"tail1":{"posx":-1.8722162210851252,"posy":-1.5,"posz":0.6311640168316339,"roty":210.02400000000003,"rotx":0},"tail2":{"posx":-2.747850974080454,"posy":-1.875,"posz":2.146341821363764,"roty":210.02400000000003,"rotx":0}},"cameras":{}}