# This file was generated by Animated Java via MC-Build. It is not recommended to edit this file directly.
$data merge entity $(bone_jaw) { transformation: [-0.9955884664281882f,0.09334227743717034f,-0.009530202411841543f,0.40344322988295783f,0.017894151022094757f,0.2885971456508289f,0.9572833890136154f,-0.4268785461921367f,0.09210540089683567f,0.9528897663240153f,-0.28899427046326814f,3.538918483022597f,0f,0f,0f,1f], start_interpolation: 0, interpolation_duration: 1 }
$data merge entity $(bone_head) { transformation: [-1.1200370247317117f,0.10501975516802387f,-0.010626111922206884f,0.40108187167802295f,0.020130919899856603f,0.32369366453514004f,1.0772382083846628f,-0.18749227766221166f,0.10361857600894012f,1.0722957906120216f,-0.32414491842634047f,3.4668862789278543f,0f,0f,0f,1f], start_interpolation: 0, interpolation_duration: 1 }
$data merge entity $(bone_neck) { transformation: [-0.9955884664281882f,0.06531729387739449f,-0.067359161483071f,0.7747471614423902f,0.017894151022094757f,0.8369052760567915f,0.547055169308822f,-0.6411688839201821f,0.09210540089683567f,0.5434364820554832f,-0.8343820378560373f,2.1654969105374553f,0f,0f,0f,1f], start_interpolation: 0, interpolation_duration: 1 }
$data merge entity $(bone_right_arm2) { transformation: [-0.9910043828371659f,-0.009452765728586013f,-0.1334951625251208f,-0.27953621738318435f,-0.010712666673670282f,0.9999045722358423f,0.008722682763687595f,-1.5981614933629111f,0.13339996990354522f,0.010074306027591517f,-0.991011077833036f,2.9963780260036685f,0f,0f,0f,1f], start_interpolation: 0, interpolation_duration: 1 }
$data merge entity $(bone_right_arm1) { transformation: [-1.0869625573999424f,-0.1629992893865019f,-0.28480631561557146f,-0.3412449382210623f,-0.027848649120410022f,1.0277057088920774f,-0.4818884057510047f,-0.6942922822211886f,0.326967671945086f,-0.4543382159961588f,-0.9878461084261467f,1.7830432688477575f,0f,0f,0f,1f], start_interpolation: 0, interpolation_duration: 1 }
$data merge entity $(bone_left_arm2) { transformation: [-0.9944402649072959f,0.011567170416937923f,-0.10466498984690392f,1.0027422936777202f,0.010712666673670282f,0.9999045722358423f,0.008722682763687595f,-1.5981614933629111f,0.10475589865895774f,0.00755294580959065f,-0.9944692829372617f,2.8425675670278077f,0f,0f,0f,1f], start_interpolation: 0, interpolation_duration: 1 }
$data merge entity $(bone_left_arm1) { transformation: [-1.1334548397340667f,0.05092474961782747f,0.04310224013002827f,0.7757479919199781f,0.027848649120410022f,1.0277057088920774f,-0.4818884057510047f,-0.6942922822211886f,-0.06062661107165171f,-0.47999859659319677f,-1.027179034172219f,1.6490589637410293f,0f,0f,0f,1f], start_interpolation: 0, interpolation_duration: 1 }
$data merge entity $(bone_body2) { transformation: [-1.572064123902205f,0.026634981473033646f,-0.1866799736071555f,0.6042100150830109f,0f,1.567459488189737f,0.2236407774275804f,-0.5f,0.18857050348354357f,0.22204903758031402f,-1.5563032591914931f,0.743772278998587f,0f,0f,0f,1f], start_interpolation: 0, interpolation_duration: 1 }
$data merge entity $(bone_right_leg2) { transformation: [-0.8470453128883902f,0.2267847935831102f,0.4807108229624906f,-1.5635959564752433f,0.020537823050054305f,0.9176960073014291f,-0.3967521090144068f,-2.427773671453634f,-0.5311237480457578f,-0.32619426049898737f,-0.7819877676021185f,0.7776235569898928f,0f,0f,0f,1f], start_interpolation: 0, interpolation_duration: 1 }
$data merge entity $(bone_right_leg1) { transformation: [-1.1293937505178535f,0.6464980017013069f,0.29032372942150386f,-0.6169929301410404f,0.02738376406673907f,0.5856151163572196f,-1.1975319798390498f,-1.5234375f,-0.7081649973943437f,-1.008401233174531f,-0.5093202010281273f,0.008984305106728374f,0f,0f,0f,1f], start_interpolation: 0, interpolation_duration: 1 }
$data merge entity $(bone_left_leg2) { transformation: [-0.9928826045698137f,0.10314116616073937f,-0.05954858004743482f,0.8295669446640206f,0f,0.5000000000000001f,0.8660254037844386f,-1.573117061317363f,0.1190971600948696f,0.859861558533118f,-0.49644130228490696f,-1.5757374774028252f,0f,0f,0f,1f], start_interpolation: 0, interpolation_duration: 1 }
$data merge entity $(bone_left_leg1) { transformation: [-1.3238434727597514f,0.13752155488098583f,-0.07939810672991308f,0.6241103255712267f,0f,0.6666666666666667f,1.1547005383792515f,-1.125f,0.15879621345982614f,1.1464820780441571f,-0.661921736379876f,-0.13988714501185864f,0f,0f,0f,1f], start_interpolation: 0, interpolation_duration: 1 }
$data merge entity $(bone_tail3) { transformation: [-0.9691018912897285f,0f,-0.24666074738123822f,-0.7447174342519487f,0f,1f,0f,-0.5625f,0.24666074738123822f,0f,-0.9691018912897285f,-3.679608879646705f,0f,0f,0f,1f], start_interpolation: 0, interpolation_duration: 1 }
$data merge entity $(bone_tail2) { transformation: [-1.494032082404998f,0f,-0.3802686522127422f,-0.4033662693233431f,0f,1.5416666666666665f,0f,-0.75f,0.3802686522127422f,0f,-1.494032082404998f,-1.8317102400558094f,0f,0f,0f,1f], start_interpolation: 0, interpolation_duration: 1 }
$data merge entity $(bone_tail1) { transformation: [-0.9830635318730154f,0f,-0.18326508751355963f,-0.08576417235605904f,0f,1f,0f,-0.75f,0.18326508751355963f,0f,-0.9830635318730154f,-0.8101133733799255f,0f,0f,0f,1f], start_interpolation: 0, interpolation_duration: 1 }
$data merge entity $(bone_body1) { transformation: [-1.3238434727597514f,0f,-0.15879621345982614f,0.5f,0f,1.3333333333333333f,0f,-1.1875f,0.15879621345982614f,0f,-1.3238434727597514f,-0.12499999999999994f,0f,0f,0f,1f], start_interpolation: 0, interpolation_duration: 1 }
data modify entity @s data merge value {"locators":{"head":{"posx":0.34568926100751163,"posy":-0.6665549269552513,"posz":2.9612066503729366,"roty":358.12240335571744,"rotx":73.24477478326571},"neck":{"posx":0.26087883820965707,"posy":-1.0144431830940344,"posz":2.1120586849470717,"roty":355.38455536494155,"rotx":33.16521890181788},"right_arm":{"posx":-0.2652736443193608,"posy":-2.6030969486477016,"posz":3.4901467570115665,"roty":352.3280949508026,"rotx":0.49977924616096536},"left_arm":{"posx":1.1056601347409403,"posy":-2.6030969486477016,"posz":3.325702019020663,"roty":353.99190504919744,"rotx":0.4997792461609649},"tail1":{"posx":-0.45180779673672833,"posy":-1.5,"posz":-2.5288003837401525,"roty":345.72,"rotx":0},"tail2":{"posx":-0.8834641046538951,"posy":-1.875,"posz":-4.224728693497177,"roty":345.72,"rotx":0}},"cameras":{}}