# This file was generated by Animated Java via MC-Build. It is not recommended to edit this file directly.
$data merge entity $(bone_jaw) { transformation: [-0.911310322492221f,0.39951673051986697f,0.09949813140878783f,2.033414568606913f,0.2022201018004503f,0.22382484316752108f,0.9534198812741687f,-0.448149680718915f,0.3586370401212623f,0.8889819017368974f,-0.2847642039254749f,3.0190271045948562f,0f,0f,0f,1f], start_interpolation: 0, interpolation_duration: 1 }
$data merge entity $(bone_head) { transformation: [-1.0252241128037487f,0.4466913881168116f,0.12250437668933627f,2.0606377634267656f,0.2274976145255066f,0.2264364500950544f,1.078237621980217f,-0.20854132027886674f,0.40346667013642007f,1.0073819225351555f,-0.2966838523384838f,2.953097359630749f,0f,0f,0f,1f], start_interpolation: 0, interpolation_duration: 1 }
$data merge entity $(bone_neck) { transformation: [-0.911310322492221f,0.3656418641906609f,-0.18926046409723984f,1.9740243168912914f,0.2022201018004503f,0.7979200714021326f,0.5678297192657591f,-0.6960798001404285f,0.3586370401212623f,0.47919681426820193f,-0.8010929325916354f,1.6137442166794496f,0f,0f,0f,1f], start_interpolation: 0, interpolation_duration: 1 }
$data merge entity $(bone_right_arm2) { transformation: [-0.9085750209627519f,0.04569931335697708f,-0.415214407314144f,1.196311525929659f,0.05567904188912624f,0.9983771573433721f,-0.011953911045193777f,-1.514851715229622f,0.4139942941356126f,-0.03397976535628655f,-0.9096450406446943f,2.9954904314945594f,0f,0f,0f,1f], start_interpolation: 0, interpolation_duration: 1 }
$data merge entity $(bone_right_arm1) { transformation: [-0.938004155114431f,-0.2520096208120506f,-0.5880564283728842f,0.8070930686682297f,0.0549271553571115f,1.0080476887558745f,-0.5196093453189229f,-0.6793289874178977f,0.6374184022577969f,-0.4577139009867957f,-0.8205892835341023f,1.7940831259411563f,0f,0f,0f,1f], start_interpolation: 0, interpolation_duration: 1 }
$data merge entity $(bone_left_arm2) { transformation: [-0.8294992349030937f,0.05933239193318762f,-0.5553473566720823f,2.4529234034771465f,0.07242809219391065f,0.9973723126888743f,-0.0016252208455301287f,-1.5922647855134888f,0.5537916492295029f,-0.04157086899660606f,-0.8316169022419724f,2.172584939794758f,0f,0f,0f,1f], start_interpolation: 0, interpolation_duration: 1 }
$data merge entity $(bone_left_arm1) { transformation: [-1.0338708951054267f,-0.14338404256741275f,-0.44690378778365086f,1.732022796042488f,0.09041258522127288f,1.000041292325993f,-0.530013193251836f,-0.732294972347506f,0.4605513474434247f,-0.5181982602483614f,-0.8991852013840428f,1.1558632548467063f,0f,0f,0f,1f], start_interpolation: 0, interpolation_duration: 1 }
$data merge entity $(bone_body2) { transformation: [-1.3017529496378455f,0.22161885671322606f,-0.8736525538809674f,1.1720916486291015f,0.07454471953055983f,1.555939068910029f,0.28362147851308195f,-0.5f,0.8982353741329299f,0.19204983892979197f,-1.289664497637956f,0.43528369228723457f,0f,0f,0f,1f], start_interpolation: 0, interpolation_duration: 1 }
$data merge entity $(bone_right_leg2) { transformation: [-0.9887518558136835f,0.027862530416920564f,-0.1469470891979928f,-0.4271077557371856f,0.02110905980337119f,0.9986567280714118f,0.04731962670943318f,-2.4814775675272296f,0.14806814383659417f,0.043685453831551035f,-0.9880118450222735f,2.006591112204638f,0f,0f,0f,1f], start_interpolation: 0, interpolation_duration: 1 }
$data merge entity $(bone_right_leg1) { transformation: [-1.3183358077515779f,-0.17351829232791488f,-0.09828467838567785f,-0.22036474722644428f,0.028145413071161585f,0.4886604931389855f,-1.24024051536224f,-1.671875f,0.19742419178212556f,-1.2283648083735326f,-0.47950116144427285f,0.7391178339517019f,0f,0f,0f,1f], start_interpolation: 0, interpolation_duration: 1 }
$data merge entity $(bone_left_leg2) { transformation: [-0.6403242197568394f,0.6928389471581011f,-0.33160079447077445f,-0.27941912493346777f,0f,0.4317129899676069f,0.9020110278113173f,-1.463708976887398f,0.7681047412904016f,0.5775795075953465f,-0.2764362834599001f,-1.4257092513947298f,0f,0f,0f,1f], start_interpolation: 0, interpolation_duration: 1 }
$data merge entity $(bone_left_leg1) { transformation: [-0.8537656263424525f,0.9237852628774681f,-0.44213439262769927f,0.5800405274696049f,0f,0.5756173199568091f,1.2026813704150896f,-1.125f,1.0241396550538688f,0.7701060101271286f,-0.36858171127986683f,-0.22101309266130015f,0f,0f,0f,1f], start_interpolation: 0, interpolation_duration: 1 }
$data merge entity $(bone_tail3) { transformation: [0.8678326676277225f,0f,-0.4968565799082778f,-2.459920478037174f,0f,1f,0f,-0.5625f,0.4968565799082778f,0f,0.8678326676277225f,1.6549916800091757f,0f,0f,0f,1f], start_interpolation: 0, interpolation_duration: 1 }
$data merge entity $(bone_tail2) { transformation: [1.337908695926072f,0f,-0.7659872273585949f,-1.419835307255688f,0f,1.5416666666666665f,0f,-0.75f,0.7659872273585949f,0f,1.337908695926072f,0.0899125006957307f,0f,0f,0f,1f], start_interpolation: 0, interpolation_duration: 1 }
$data merge entity $(bone_tail1) { transformation: [0.17701388286360548f,0f,-0.9842083546046283f,-0.396240665846221f,0f,1f,0f,-0.75f,0.9842083546046283f,0f,0.17701388286360548f,-0.22119079417242865f,0f,0f,0f,1f], start_interpolation: 0, interpolation_duration: 1 }
$data merge entity $(bone_body1) { transformation: [-0.8537656263424525f,0f,-1.0241396550538688f,0.5f,0f,1.3333333333333333f,0f,-1.1875f,1.0241396550538688f,0f,-0.8537656263424525f,-0.12499999999999994f,0f,0f,0f,1f], start_interpolation: 0, interpolation_duration: 1 }
data modify entity @s data merge value {"locators":{"head":{"posx":1.7784468876148325,"posy":-0.6338497986595129,"posz":2.4758529172052413,"roty":22.436326689816156,"rotx":73.42224930693368},"neck":{"posx":1.4049110145858381,"posy":-0.965168490924223,"posz":1.7135005479634593,"roty":346.70744319672855,"rotx":34.59902371742192},"right_arm":{"posx":1.301433477419582,"posy":-2.5037719769323266,"posz":3.510167360556669,"roty":335.46531190383126,"rotx":-0.6849249643966263},"left_arm":{"posx":2.7231083920614436,"posy":-2.5933512435417176,"posz":2.5953522818355066,"roty":326.26530629088563,"rotx":-0.09311833621850092},"tail1":{"posx":-1.8699032893960943,"posy":-1.5,"posz":0.6244403872012552,"roty":209.79225,"rotx":0},"tail2":{"posx":-2.7394023042355804,"posy":-1.875,"posz":2.1431475555497697,"roty":209.79225,"rotx":0}},"cameras":{}}