# This file was generated by Animated Java via MC-Build. It is not recommended to edit this file directly.
$data merge entity $(bone_jaw) { transformation: [-0.9157262253250992f,0.3885537699592836f,0.10233009382519806f,1.99545890906041f,0.2028182158768349f,0.22713886103679687f,0.9525086399164283f,-0.4464079689713474f,0.3468576819970739f,0.8929915484803508f,-0.28680279423722815f,3.0379514862967625f,0f,0f,0f,1f], start_interpolation: 0, interpolation_duration: 1 }
$data merge entity $(bone_head) { transformation: [-1.0301920034907366f,0.434635511814064f,0.12418296104485849f,2.023055122625934f,0.22817049286143926f,0.23320122239653945f,1.0766524119046628f,-0.20715187743697788f,0.39021489224670813f,1.0111054157420414f,-0.3017004741892254f,2.9709069364769345f,0f,0f,0f,1f], start_interpolation: 0, interpolation_duration: 1 }
$data merge entity $(bone_neck) { transformation: [-0.9157262253250992f,0.3597852146200793f,-0.1788856606680066f,1.953301845461894f,0.2028182158768349f,0.7982219106463402f,0.5671918129457121f,-0.6958284174187407f,0.3468576819970739f,0.48311114736144267f,-0.8039237325360702f,1.630984468721308f,0f,0f,0f,1f], start_interpolation: 0, interpolation_duration: 1 }
$data merge entity $(bone_right_arm2) { transformation: [-0.912099153288471f,0.04469311139493862f,-0.40752626953890203f,1.1614888742705132f,0.055492470106539765f,0.9983507218727952f,-0.014711284700654248f,-1.5153848009284832f,0.4061966522904011f,-0.03603278964926965f,-0.9130749792531621f,3.001799555149675f,0f,0f,0f,1f], start_interpolation: 0, interpolation_duration: 1 }
$data merge entity $(bone_right_arm1) { transformation: [-0.9442467883899692f,-0.24733664117306806f,-0.5799944788469092f,0.7842719133530496f,0.054635788670689786f,1.008391053328579f,-0.5189734300594345f,-0.6789999139985968f,0.6281591678515919f,-0.459503075555048f,-0.8267067136197039f,1.7971683106140393f,0f,0f,0f,1f], start_interpolation: 0, interpolation_duration: 1 }
$data merge entity $(bone_left_arm2) { transformation: [-0.836737259357458f,0.058250081431906645f,-0.5444976462907312f,2.425292772487623f,0.07248258524335441f,0.997358659963338f,-0.004688094770244455f,-1.5927654115566714f,0.5427863609555879f,-0.04338930063173618f,-0.8387492682269708f,2.1951173221336275f,0f,0f,0f,1f], start_interpolation: 0, interpolation_duration: 1 }
$data merge entity $(bone_left_arm1) { transformation: [-1.0392854977675052f,-0.1368825406236267f,-0.436256611579715f,1.7168643191310788f,0.09051366743266855f,1.00030832499034f,-0.52949177321971f,-0.7321433754166526f,0.4481784656612602f,-0.519439536396572f,-0.9047041714782115f,1.1702136254942492f,0f,0f,0f,1f], start_interpolation: 0, interpolation_duration: 1 }
$data merge entity $(bone_body2) { transformation: [-1.3125374599838933f,0.21932754918071254f,-0.8579541285837239f,1.1657121412537483f,0.0747945012550414f,1.5559772261784783f,0.283346252208112f,-0.5f,0.8823806679463713f,0.19435725411920057f,-1.3002207731959234f,0.44284887513083043f,0f,0f,0f,1f], start_interpolation: 0, interpolation_duration: 1 }
$data merge entity $(bone_right_leg2) { transformation: [-0.9896803633663082f,0.02620520828617233f,-0.14087606406274436f,-0.4460621676218554f,0.021057900866996604f,0.9990594288112766f,0.037905441751302005f,-2.4837439061933435f,0.14173688009197832f,0.034547717174423065f,-0.9893013252087698f,1.9904094104169674f,0f,0f,0f,1f], start_interpolation: 0, interpolation_duration: 1 }
$data merge entity $(bone_right_leg1) { transformation: [-1.3195738178217442f,-0.16489450897086258f,-0.09650138863447455f,-0.23009141088249607f,0.02807720115599547f,0.49877841906599363f,-1.2362077241414775f,-1.664158950617284f,0.18898250678930442f,-1.2254826262999665f,-0.49015887479708475f,0.7309156101833907f,0f,0f,0f,1f], start_interpolation: 0, interpolation_duration: 1 }
$data merge entity $(bone_left_leg2) { transformation: [-0.6489701430066632f,0.6858657700907335f,-0.3292808814731825f,-0.26434724846246727f,0f,0.4328008360286345f,0.9014895652934176f,-1.4654357126369693f,0.7608138757185695f,0.5850398121074839f,-0.28087482045090634f,-1.434175049154701f,0f,0f,0f,1f], start_interpolation: 0, interpolation_duration: 1 }
$data merge entity $(bone_left_leg1) { transformation: [-0.8652935240088843f,0.9144876934543112f,-0.4390411752975767f,0.5811212678758328f,0f,0.5770677813715126f,1.20198608705789f,-1.125f,1.0144185009580926f,0.7800530828099785f,-0.37449976060120843f,-0.22010173446482112f,0f,0f,0f,1f], start_interpolation: 0, interpolation_duration: 1 }
$data merge entity $(bone_tail3) { transformation: [0.8569627308810062f,0f,-0.5153783832107902f,-2.4971070865081963f,0f,1f,0f,-0.5625f,0.5153783832107902f,0f,0.8569627308810062f,1.6053446068761301f,0f,0f,0f,1f], start_interpolation: 0, interpolation_duration: 1 }
$data merge entity $(bone_tail2) { transformation: [1.3211508767748843f,0f,-0.7945416741166348f,-1.423652276627839f,0f,1.5416666666666665f,0f,-0.75f,0.7945416741166348f,0f,1.3211508767748843f,0.0629617843755923f,0f,0f,0f,1f], start_interpolation: 0, interpolation_duration: 1 }
$data merge entity $(bone_tail1) { transformation: [0.16085668900701833f,0f,-0.9869777736107836f,-0.3950954782922588f,0f,1f,0f,-0.75f,0.9869777736107836f,0f,0.16085668900701833f,-0.2313206693957126f,0f,0f,0f,1f], start_interpolation: 0, interpolation_duration: 1 }
$data merge entity $(bone_body1) { transformation: [-0.8652935240088843f,0f,-1.0144185009580926f,0.5f,0f,1.3333333333333333f,0f,-1.1875f,1.0144185009580926f,0f,-0.8652935240088843f,-0.12499999999999994f,0f,0f,0f,1f], start_interpolation: 0, interpolation_duration: 1 }
data modify entity @s data merge value {"locators":{"head":{"posx":1.7470956824389934,"posy":-0.6357782265196839,"posz":2.4929873927839186,"roty":22.37256034931673,"rotx":73.14159366625317},"neck":{"posx":1.3828799849003155,"posy":-0.9646515025909148,"posz":1.7237370960263128,"roty":347.45516896252576,"rotx":34.5546335638962},"right_arm":{"posx":1.2635527005644962,"posy":-2.5029116010692922,"posz":3.5197571251936757,"roty":335.94769930215364,"rotx":-0.8429249309963142},"left_arm":{"posx":2.691587592910923,"posy":-2.5923101857125967,"posz":2.6239571093191247,"roty":327.00925003587446,"rotx":-0.2686090282237713},"tail1":{"posx":-1.8850952564453831,"posy":-1.5,"posz":0.5877013639549352,"roty":211.02275000000003,"rotx":0},"tail2":{"posx":-2.7870074270642657,"posy":-1.875,"posz":2.0873861429966962,"roty":211.02275000000003,"rotx":0}},"cameras":{}}