# This file was generated by Animated Java via MC-Build. It is not recommended to edit this file directly.
$data merge entity $(bone_jaw) { transformation: [-0.9418254771084283f,0.32684960486873216f,0.07832053668505404f,1.7323316805947515f,0.18188420380792564f,0.2996881260017634f,0.9365389279355707f,-0.34182853752258163f,0.28263564367333116f,0.8963014910903055f,-0.34170269240182616f,3.1797944928387962f,0f,0f,0f,1f], start_interpolation: 0, interpolation_duration: 1 }
$data merge entity $(bone_head) { transformation: [-1.0595536617469818f,0.37094401748066863f,0.07329102109988365f,1.7486185741725033f,0.20461972928391634f,0.3791379694465905f,1.0392353758950341f,-0.11088734287924074f,0.31796509913249754f,0.9921088327493198f,-0.4245506562407406f,3.085449902563076f,0f,0f,0f,1f], start_interpolation: 0, interpolation_duration: 1 }
$data merge entity $(bone_neck) { transformation: [-0.9418254771084283f,0.29946179299367603f,-0.1526021140302255f,1.7773639400213785f,0.18188420380792564f,0.8359203732641043f,0.5178371036987959f,-0.6692521946210427f,0.28263564367333116f,0.4599562632457714f,-0.8417584741636692f,1.7714997907697971f,0f,0f,0f,1f], start_interpolation: 0, interpolation_duration: 1 }
$data merge entity $(bone_right_arm2) { transformation: [-0.9373585211244133f,0.05259538003371117f,-0.3443729502654963f,0.8499583594329917f,0.058197292687840664f,0.9982874146762432f,-0.005942459324907057f,-1.5680950875337718f,0.34347063629844443f,-0.025611788265013147f,-0.9388141234038876f,3.0230161402220994f,0f,0f,0f,1f], start_interpolation: 0, interpolation_duration: 1 }
$data merge entity $(bone_right_arm1) { transformation: [-0.9943795992634018f,-0.18429682845938689f,-0.5161539484814698f,0.598066863948976f,0.04912174027425396f,1.035025747968001f,-0.4641979778285906f,-0.6662370554323631f,0.5458637871718816f,-0.42886756348263894f,-0.8984855846318734f,1.832986092518681f,0f,0f,0f,1f], start_interpolation: 0, interpolation_duration: 1 }
$data merge entity $(bone_left_arm2) { transformation: [-0.8818915917937331f,0.048958160119071115f,-0.46890331506747823f,2.2063833345976906f,0.05449062687444048f,0.9985127112103815f,0.0017711956762501702f,-1.6397570511375401f,0.4682926349050835f,-0.023988833007223542f,-0.8832477251511072f,2.3165422305825194f,0f,0f,0f,1f], start_interpolation: 0, interpolation_duration: 1 }
$data merge entity $(bone_left_arm1) { transformation: [-1.0688868827502858f,-0.08945507623667606f,-0.3723568559383741f,1.5833237145952825f,0.0786810317084076f,1.0291510638496773f,-0.47310505172828354f,-0.7149081375389634f,0.37478144841776934f,-0.4711866764425875f,-0.9626489437013429f,1.2921302299997524f,0f,0f,0f,1f], start_interpolation: 0, interpolation_duration: 1 }
$data merge entity $(bone_body2) { transformation: [-1.3866577897985055f,0.18175518237612925f,-0.7423541419800851f,1.0962099749719805f,0.06850004148336333f,1.561275611296204f,0.25430425543605595f,-0.5f,0.7612045472488626f,0.1905989603736843f,-1.3752033006056124f,0.5154363088894247f,0f,0f,0f,1f], start_interpolation: 0, interpolation_duration: 1 }
$data merge entity $(bone_right_leg2) { transformation: [-0.9946884394227777f,0.02182123228739711f,-0.10059195942091256f,-0.6041694291445123f,0.020083168104096993f,0.9996315717655497f,0.01825889066835873f,-2.534913473996273f,0.10095332999748774f,0.016141702233530175f,-0.9947602075934794f,1.7814089895383527f,0f,0f,0f,1f], start_interpolation: 0, interpolation_duration: 1 }
$data merge entity $(bone_right_leg1) { transformation: [-1.3262512525637036f,-0.10482813687317234f,-0.08858021545855735f,-0.32341811142926025f,0.026777557472129322f,0.6463830215638042f,-1.1658686588238192f,-1.5723125f,0.1346044399966503f,-1.161455048175143f,-0.6408444378938168f,0.641555682106832f,0f,0f,0f,1f], start_interpolation: 0, interpolation_duration: 1 }
$data merge entity $(bone_left_leg2) { transformation: [-0.7319272101593425f,0.5731921478805626f,-0.3684200328923889f,-0.07313136777750917f,0f,0.5406946249028965f,0.8412189504529222f,-1.6393676012813756f,0.6813828285394061f,0.6157110395381775f,-0.3957491083533292f,-1.4744476299662483f,0f,0f,0f,1f], start_interpolation: 0, interpolation_duration: 1 }
$data merge entity $(bone_left_leg1) { transformation: [-0.9759029468791233f,0.7642561971740834f,-0.4912267105231852f,0.5914909012699178f,0f,0.7209261665371953f,1.1216252672705629f,-1.125f,0.9085104380525415f,0.82094805271757f,-0.527665477804439f,-0.2101728535674257f,0f,0f,0f,1f], start_interpolation: 0, interpolation_duration: 1 }
$data merge entity $(bone_tail3) { transformation: [0.627356942461734f,0f,-0.7787318323691826f,-2.984257484806644f,0f,1f,0f,-0.5625f,0.7787318323691826f,0f,0.627356942461734f,0.7944798908409009f,0f,0f,0f,1f], start_interpolation: 0, interpolation_duration: 1 }
$data merge entity $(bone_tail2) { transformation: [0.9671752862951731f,0f,-1.200544908235823f,-1.4457156813067098f,0f,1.5416666666666665f,0f,-0.75f,1.200544908235823f,0f,0.9671752862951731f,-0.2844728972287026f,0f,0f,0f,1f], start_interpolation: 0, interpolation_duration: 1 }
$data merge entity $(bone_tail1) { transformation: [-0.07143488194327641f,0f,-0.9974452654866584f,-0.3770007264842259f,0f,1f,0f,-0.75f,0.9974452654866584f,0f,-0.07143488194327641f,-0.3332539933498037f,0f,0f,0f,1f], start_interpolation: 0, interpolation_duration: 1 }
$data merge entity $(bone_body1) { transformation: [-0.9759029468791233f,0f,-0.9085104380525415f,0.5f,0f,1.3333333333333333f,0f,-1.1875f,0.9085104380525415f,0f,-0.9759029468791233f,-0.12499999999999994f,0f,0f,0f,1f], start_interpolation: 0, interpolation_duration: 1 }
data modify entity @s data merge value {"locators":{"head":{"posx":1.522179947488831,"posy":-0.6101960414315226,"posz":2.652209066658104,"roty":9.79454697973145,"rotx":67.4828251299608},"neck":{"posx":1.213228293348314,"posy":-0.9565098706534685,"posz":1.845553823159757,"roty":349.7244688740991,"rotx":31.187280199989658},"right_arm":{"posx":0.9109645469617529,"posy":-2.5597739417545715,"posz":3.539501904957709,"roty":339.8561058837304,"rotx":-0.3404798431494477},"left_arm":{"posx":2.446995056499467,"posy":-2.6425610243656994,"posz":2.752886636483729,"roty":332.0368204212982,"rotx":0.10148209000149534},"tail1":{"posx":-2.0595134338682395,"posy":-1.5,"posz":0.04949352166759169,"roty":231.14460937500002,"rotx":0},"tail2":{"posx":-3.4222941405143095,"posy":-1.875,"posz":1.1473681709756263,"roty":231.14460937500002,"rotx":0}},"cameras":{}}