# This file was generated by Animated Java via MC-Build. It is not recommended to edit this file directly.
$data merge entity $(bone_jaw) { transformation: [-0.9495981725591132f,0.305405074153883f,0.0706473732947959f,1.63661346637117f,0.17005371315089396f,0.31256575219833665f,0.9345503652539446f,-0.2873264128516486f,0.263334474226195f,0.8994611671627348f,-0.3487471339670969f,3.2283026713302476f,0f,0f,0f,1f], start_interpolation: 0, interpolation_duration: 1 }
$data merge entity $(bone_head) { transformation: [-1.0682979441290024f,0.3498458549921104f,0.04441148854279332f,1.6464826860473463f,0.1913104272947557f,0.4559074520575631f,1.0105314025633634f,-0.06276387894867896f,0.2962512835044694f,0.9671511117210279f,-0.4924214700018009f,3.118875677996514f,0f,0f,0f,1f], start_interpolation: 0, interpolation_duration: 1 }
$data merge entity $(bone_neck) { transformation: [-0.9495981725591132f,0.2753513701827818f,-0.1498163329242098f,1.7069951710067768f,0.17005371315089396f,0.853994090809557f,0.4917070545619122f,-0.6556474751777266f,0.263334474226195f,0.44144729674200356f,-0.857775750929805f,1.8212278904645713f,0f,0f,0f,1f], start_interpolation: 0, interpolation_duration: 1 }
$data merge entity $(bone_right_arm2) { transformation: [-0.9448489954761912f,0.05417269222005586f,-0.3229948841162408f,0.7288145708919224f,0.05878582946862264f,0.9982603097091594f,-0.004536552993091636f,-1.5938590397201153f,0.322187215763318f,-0.02327387971534195f,-0.9463898374991551f,3.01957166239702f,0f,0f,0f,1f], start_interpolation: 0, interpolation_duration: 1 }
$data merge entity $(bone_right_arm1) { transformation: [-1.0116916003094005f,-0.15927380820584772f,-0.49018666528931143f,0.5263368485639466f,0.046419913932579715f,1.0472984218874195f,-0.4360988581125348f,-0.6600564791291961f,0.5133189110079042f,-0.40861825274474917f,-0.926663815021355f,1.844844332420094f,0f,0f,0f,1f], start_interpolation: 0, interpolation_duration: 1 }
$data merge entity $(bone_left_arm2) { transformation: [-0.8969302970862538f,0.04233834607747976f,-0.44014032605543874f,2.1234763280315576f,0.04610561150577873f,0.9989342892814661f,0.002135014147556291f,-1.6621922684032442f,0.4397616567601622f,-0.018377980007487693f,-0.8979264641909166f,2.348686540176916f,0f,0f,0f,1f], start_interpolation: 0, interpolation_duration: 1 }
$data merge entity $(bone_left_arm1) { transformation: [-1.0773813949139857f,-0.07434106361571456f,-0.35056203887204157f,1.528746874558582f,0.07255518675107632f,1.0424614047692742f,-0.44405064056527593f,-0.7060505222917521f,0.35093600800310454f,-0.4437551495716975f,-0.9844268852788861f,1.3362347692196017f,0f,0f,0f,1f], start_interpolation: 0, interpolation_duration: 1 }
$data merge entity $(bone_body2) { transformation: [-1.4107992958443019f,0.16548809667564793f,-0.6994308265642419f,1.0654531799152025f,0.06473235704359741f,1.5637864791874234f,0.23942851523289113f,-0.5f,0.7158208667266188f,0.1847430156019923f,-1.4001481883677453f,0.5427482319885135f,0f,0f,0f,1f], start_interpolation: 0, interpolation_duration: 1 }
$data merge entity $(bone_right_leg2) { transformation: [-0.9953212732680609f,0.020992024655564212f,-0.09431276626685342f,-0.6536649279787131f,0.019388065003573596f,0.9996519441082046f,0.017891159160435766f,-2.5312700419737766f,0.09465551180709525f,0.015978909272757802f,-0.9953818405732493f,1.6724321044628876f,0f,0f,0f,1f], start_interpolation: 0, interpolation_duration: 1 }
$data merge entity $(bone_right_leg1) { transformation: [-1.327095031024081f,-0.09204751134070754f,-0.09013219216768711f,-0.35853344112808894f,0.025850753338098127f,0.723602360675626f,-1.1196022239859527f,-1.496f,0.126207349076127f,-1.1161113999321128f,-0.7184321998341479f,0.602011231319546f,0f,0f,0f,1f], start_interpolation: 0, interpolation_duration: 1 }
$data merge entity $(bone_left_leg2) { transformation: [-0.7631408365583012f,0.5206665332301693f,-0.3827824770691222f,0.013492752676681596f,0f,0.5923296204395032f,0.8056957370806885f,-1.7246939115440707f,0.6462322056173742f,0.6148593188072138f,-0.4520309220604635f,-1.4732360367379516f,0f,0f,0f,1f], start_interpolation: 0, interpolation_duration: 1 }
$data merge entity $(bone_left_leg1) { transformation: [-1.0175211154110682f,0.6942220443068924f,-0.5103766360921629f,0.5953926045697877f,0f,0.789772827252671f,1.0742609827742513f,-1.125f,0.8616429408231655f,0.819812425076285f,-0.602707896080618f,-0.20577902570217171f,0f,0f,0f,1f], start_interpolation: 0, interpolation_duration: 1 }
$data merge entity $(bone_tail3) { transformation: [0.5116586519153384f,0f,-0.8591888173854326f,-3.1097550659472484f,0f,1f,0f,-0.5625f,0.8591888173854326f,0f,0.5116586519153384f,0.42594752716081097f,0f,0f,0f,1f], start_interpolation: 0, interpolation_duration: 1 }
$data merge entity $(bone_tail2) { transformation: [0.78880708836948f,0f,-1.324582760135875f,-1.434818701860145f,0f,1.5416666666666665f,0f,-0.75f,1.324582760135875f,0f,0.78880708836948f,-0.4260138430072695f,0f,0f,0f,1f], start_interpolation: 0, interpolation_duration: 1 }
$data merge entity $(bone_tail1) { transformation: [-0.16476787284580752f,0f,-0.986332372011518f,-0.36624457249218123f,0f,1f,0f,-0.75f,0.986332372011518f,0f,-0.16476787284580752f,-0.3742395246100388f,0f,0f,0f,1f], start_interpolation: 0, interpolation_duration: 1 }
$data merge entity $(bone_body1) { transformation: [-1.0175211154110682f,0f,-0.8616429408231655f,0.5f,0f,1.3333333333333333f,0f,-1.1875f,0.8616429408231655f,0f,-1.0175211154110682f,-0.12499999999999994f,0f,0f,0f,1f], start_interpolation: 0, interpolation_duration: 1 }
data modify entity @s data merge value {"locators":{"head":{"posx":1.4397873531231757,"posy":-0.5967489641371483,"posz":2.718353246485332,"roty":5.153562660178039,"rotx":63.92900021731805},"neck":{"posx":1.1476663625242032,"posy":-0.9523317844761026,"posz":1.894574360165643,"roty":350.09283746236724,"rotx":29.452843196888647},"right_arm":{"posx":0.777086258512725,"posy":-2.58617695859094,"posz":3.5361771618471467,"roty":341.15565895839035,"rotx":-0.25992623160732603},"left_arm":{"posx":2.3572662885496882,"posy":-2.6650756654776,"posz":2.788542648732352,"roty":333.88710115761904,"rotx":0.1223273927896825},"tail1":{"posx":-2.0894683453020475,"posy":-1.5,"posz":-0.18164712198865346,"roty":239.22562499999998,"rotx":0},"tail2":{"posx":-3.593048775726554,"posy":-1.875,"posz":0.7137555188631888,"roty":239.22562499999998,"rotx":0}},"cameras":{}}