# This file was generated by Animated Java via MC-Build. It is not recommended to edit this file directly.
$data merge entity $(bone_jaw) { transformation: [-0.9551430573672273f,0.28906096305439777f,0.0643855542901482f,1.5609748491085638f,0.1606773221041076f,0.32319994681656516f,0.9325902597278306f,-0.24407053966020686f,0.24876603088974655f,0.9011024103928664f,-0.3551477268117142f,3.262585403058186f,0f,0f,0f,1f], start_interpolation: 0, interpolation_duration: 1 }
$data merge entity $(bone_head) { transformation: [-1.0745359395381306f,0.3323197541687391f,0.02368745723237249f,1.5662387284935355f,0.18076198736712104f,0.5143389520206157f,0.9840759860688726f,-0.0253869872004574f,0.27986178475096485f,0.943739383211045f,-0.5446635273381547f,3.141549063649707f,0f,0f,0f,1f], start_interpolation: 0, interpolation_duration: 1 }
$data merge entity $(bone_neck) { transformation: [-0.9551430573672273f,0.2568739449177297f,-0.14736864112011314f,1.6511446697919694f,0.1606773221041076f,0.867516565588495f,0.4707417621063544f,-0.6449843174788743f,0.24876603088974655f,0.42594692727139827f,-0.8698762423606106f,1.8578229910609771f,0f,0f,0f,1f], start_interpolation: 0, interpolation_duration: 1 }
$data merge entity $(bone_right_arm2) { transformation: [-0.9502677200752437f,0.05489779107604473f,-0.3065574868078893f,0.6354753926742543f,0.0587942404950392f,0.9982640457962229f,-0.00348312434006004f,-1.6134611966738766f,0.3058341012176531f,-0.02133371523030536f,-0.9518457727630366f,3.0131619153649085f,0f,0f,0f,1f], start_interpolation: 0, interpolation_duration: 1 }
$data merge entity $(bone_right_arm1) { transformation: [-1.0242841466619994f,-0.1410062081729093f,-0.46918039504868675f,0.4702995770491175f,0.0442321758897106f,1.0563128383143139f,-0.4140262179776349f,-0.6552710869088458f,0.4879103487910511f,-0.39177984099938135f,-0.9474297096215308f,1.8523185092669763f,0f,0f,0f,1f], start_interpolation: 0, interpolation_duration: 1 }
$data merge entity $(bone_left_arm2) { transformation: [-0.9078129039232602f,0.03735267521747257f,-0.41770864142906544f,2.058835691793501f,0.039996215882403416f,0.9991968847594394f,0.0024265617898537872f,-1.6790052844548764f,0.4174638118274512f,-0.014503900893546029f,-0.9085777912063251f,2.370720793831954f,0f,0f,0f,1f], start_interpolation: 0, interpolation_duration: 1 }
$data merge entity $(bone_left_arm1) { transformation: [-1.0834922322623168f,-0.06363077542204051f,-0.3334167272211391f,1.485186621448163f,0.06783410784744456f,1.0521989402330718f,-0.4212445025509365f,-0.6990974630197517f,0.3325870162592141f,-0.42189989516001847f,-1.000278642191366f,1.3688844022079532f,0f,0f,0f,1f], start_interpolation: 0, interpolation_duration: 1 }
$data merge entity $(bone_body2) { transformation: [-1.428359543969027f,0.15313010499453278f,-0.6657962365028817f,1.0406271614540425f,0.06168156637831204f,1.5656510118640872f,0.227764654550532f,-0.5f,0.6803887432682549f,0.17953418737880716f,-1.4183733916146766f,0.5630023781195417f,0f,0f,0f,1f], start_interpolation: 0, interpolation_duration: 1 }
$data merge entity $(bone_right_leg2) { transformation: [-0.9957876929881917f,0.0202700221354458f,-0.08942033714923733f,-0.6903847745928504f,0.018773312867101183f,0.9996697712019743f,0.017547400633314725f,-2.5255688869721817f,0.08974649417803826f,0.0157947696286036f,-0.9958393906826193f,1.5831001327107401f,0f,0f,0f,1f], start_interpolation: 0, interpolation_duration: 1 }
$data merge entity $(bone_right_leg1) { transformation: [-1.3277169239842554f,-0.08235267432177669f,-0.09035255710612378f,-0.38457448615369627f,0.025031083822801576f,0.781420992354743f,-1.0800613201701845f,-1.437f,0.11966199223738434f,-1.0772079871209448f,-0.7765833747089876f,0.5700920647266261f,0f,0f,0f,1f], start_interpolation: 0, interpolation_duration: 1 }
$data merge entity $(bone_left_leg2) { transformation: [-0.7862884321366189f,0.4793516834215959f,-0.38983645941473943f,0.0822522775826593f,0f,0.6309466603018496f,0.7758262124045194f,-1.7895401328074965f,0.6178596130903343f,0.610023176162041f,-0.49610606029057724f,-1.4658712661189066f,0f,0f,0f,1f], start_interpolation: 0, interpolation_duration: 1 }
$data merge entity $(bone_left_leg1) { transformation: [-1.0483845761821584f,0.6391355778954612f,-0.5197819458863192f,0.5982860540170774f,0f,0.8412622137357995f,1.0344349498726926f,-1.125f,0.8238128174537791f,0.8133642348827214f,-0.6614747470541029f,-0.20223245163629172f,0f,0f,0f,1f], start_interpolation: 0, interpolation_duration: 1 }
$data merge entity $(bone_tail3) { transformation: [0.4143755809932844f,0f,-0.9101059706849955f,-3.1767056593943943f,0f,1f,0f,-0.5625f,0.9101059706849955f,0f,0.4143755809932844f,0.1275782327461138f,0f,0f,0f,1f], start_interpolation: 0, interpolation_duration: 1 }
$data merge entity $(bone_tail2) { transformation: [0.6388290206979801f,0f,-1.403080038139368f,-1.418460016735867f,0f,1.5416666666666665f,0f,-0.75f,1.403080038139368f,0f,0.6388290206979801f,-0.5356127352806701f,0f,0f,0f,1f], start_interpolation: 0, interpolation_duration: 1 }
$data merge entity $(bone_tail1) { transformation: [-0.23649899702372457f,0f,-0.971631732914674f,-0.3565389258860603f,0f,1f,0f,-0.75f,0.971631732914674f,0f,-0.23649899702372457f,-0.405786517557297f,0f,0f,0f,1f], start_interpolation: 0, interpolation_duration: 1 }
$data merge entity $(bone_body1) { transformation: [-1.0483845761821584f,0f,-0.8238128174537791f,0.5f,0f,1.3333333333333333f,0f,-1.1875f,0.8238128174537791f,0f,-1.0483845761821584f,-0.12499999999999994f,0f,0f,0f,1f], start_interpolation: 0, interpolation_duration: 1 }
data modify entity @s data merge value {"locators":{"head":{"posx":1.3750367936130214,"posy":-0.5844852900088197,"posz":2.7685448305708364,"roty":2.4902285000579525,"rotx":61.013535044419136},"neck":{"posx":1.0956664919042214,"posy":-0.9488070887858004,"posz":1.9312104390741525,"roty":350.3846267579771,"rotx":28.08245669534811},"right_arm":{"posx":0.6744646124974516,"posy":-2.6063090402691294,"posz":3.5295331483028356,"roty":342.14799745655046,"rotx":-0.19956872773924866},"left_arm":{"posx":2.287075643785765,"posy":-2.6819152136018927,"posz":2.8134221020894468,"roty":335.30991370999055,"rotx":0.13903188572786532},"tail1":{"posx":-2.095954819205962,"posy":-1.5,"posz":-0.36449276968341154,"roty":245.51999999999998,"rotx":0},"tail2":{"posx":-3.688640267904704,"posy":-1.875,"posz":0.3606644970548363,"roty":245.51999999999998,"rotx":0}},"cameras":{}}