# This file was generated by Animated Java via MC-Build. It is not recommended to edit this file directly.
$data merge entity $(bone_jaw) { transformation: [-0.9742443551570188f,0.22341227711652953f,0.030575985320051367f,1.2323764927977354f,0.12147401013356382f,0.40573946885849016f,0.9058805375282665f,-0.05651586234450745f,0.18997894964115325f,0.8862631876841311f,-0.42242817241420694f,3.370648103858743f,0f,0f,0f,1f], start_interpolation: 0, interpolation_duration: 1 }
$data merge entity $(bone_head) { transformation: [-1.0960248995516462f,0.25016547386132765f,-0.042091035275243945f,1.2230229294032369f,0.1366582614002593f,0.7395056423707049f,0.8367083867710119f,0.12941933471571743f,0.2137263183462974f,0.8100454558786369f,-0.7508478009933232f,3.203793036971338f,0f,0f,0f,1f], start_interpolation: 0, interpolation_duration: 1 }
$data merge entity $(bone_neck) { transformation: [-0.9742443551570188f,0.18306876211571854f,-0.13165775625500928f,1.4086626202766004f,0.12147401013356382f,0.9179830225938056f,0.37755957820138963f,-0.5999074745683538f,0.18997894964115325f,0.3518422921806855f,-0.916577874556377f,1.9902516036317266f,0f,0f,0f,1f], start_interpolation: 0, interpolation_duration: 1 }
$data merge entity $(bone_right_arm2) { transformation: [-0.9696245852207753f,0.05336823637621571f,-0.23870482835823018f,0.25563200590173407f,0.05490154366239064f,0.9984917473860963f,0.00022562213318627622f,-1.689708476216734f,0.23835684223224313f,-0.012886494789225489f,-0.9710921449652041f,2.952411383250147f,0f,0f,0f,1f], start_interpolation: 0, interpolation_duration: 1 }
$data merge entity $(bone_right_arm1) { transformation: [-1.0691509511299135f,-0.07635298029305443f,-0.37450964345770055f,0.23486518524819566f,0.03468441886241212f,1.088559247082897f,-0.32094666787947407f,-0.6352547836797854f,0.38063662689055866f,-0.31365585429755505f,-1.0226958346833592f,1.865827332449134f,0f,0f,0f,1f], start_interpolation: 0, interpolation_duration: 1 }
$data merge entity $(bone_left_arm2) { transformation: [-0.9460670996184589f,0.018984982061747993f,-0.3234139970311006f,1.7881194555546291f,0.018871280923497345f,0.9998158382141283f,0.0034877517810709135f,-1.7422953977779434f,0.32342065143683096f,-0.0028035891808581015f,-0.9462511411416533f,2.4365167748692746f,0f,0f,0f,1f], start_interpolation: 0, interpolation_duration: 1 }
$data merge entity $(bone_left_arm1) { transformation: [-1.104884010179602f,-0.02799634940864379f,-0.26003564258323314f,1.2942074120558167f,0.04903714297008821f,1.0866970448945008f,-0.3253550340341068f,-0.6696209968645608f,0.25690015493030943f,-0.3278364592015244f,-1.0562653896438312f,1.48868278470436f,0f,0f,0f,1f], start_interpolation: 0, interpolation_duration: 1 }
$data merge entity $(bone_body2) { transformation: [-1.4909260969885036f,0.10514213072498386f,-0.5225217221414655f,0.9301175515932311f,0.0483672630007949f,1.5725056172304737f,0.17841282491139582f,-0.5f,0.5307960301593113f,0.15203835229856597f,-1.4839421680921052f,0.6369868055363193f,0f,0f,0f,1f], start_interpolation: 0, interpolation_duration: 1 }
$data merge entity $(bone_right_leg2) { transformation: [-0.9974727051715178f,0.016631498702115284f,-0.06907673768162444f,-0.8236669316822447f,0.01559466736717785f,0.9997579057977151f,0.015522117918439493f,-2.5024943511193527f,0.06931817068793361f,0.014405660203142379f,-0.9974905855027356f,1.1752500878710845f,0f,0f,0f,1f], start_interpolation: 0, interpolation_duration: 1 }
$data merge entity $(bone_right_leg1) { transformation: [-1.3299636068953569f,-0.04591643001861767f,-0.08286292033241079f,-0.4796973214038389f,0.0207928898229038f,0.9963277696496791f,-0.8858196255081989f,-1.2265625f,0.09242422758391147f,-0.8848731178293412f,-0.9930937041771416f,0.42800828061986856f,0f,0f,0f,1f], start_interpolation: 0, interpolation_duration: 1 }
$data merge entity $(bone_left_leg2) { transformation: [-0.8708420634700791f,0.31106637827766137f,-0.38062029477734605f,0.3693192708429806f,0f,0.7743063650774744f,0.6328109140971804f,-2.0403119891435004f,0.4915629161065498f,0.5510783622187755f,-0.6742985527220842f,-1.3736749014684158f,0f,0f,0f,1f], start_interpolation: 0, interpolation_duration: 1 }
$data merge entity $(bone_left_leg1) { transformation: [-1.1611227512934388f,0.4147551710368818f,-0.5074937263697947f,0.6088552579337598f,0f,1.0324084867699659f,0.8437478854629071f,-1.125f,0.6554172214753997f,0.734771149625034f,-0.8990647369627789f,-0.18644536451331867f,0f,0f,0f,1f], start_interpolation: 0, interpolation_duration: 1 }
$data merge entity $(bone_tail3) { transformation: [-0.029141508764194135f,0f,-0.9995752960467492f,-3.1489022215829325f,0f,1f,0f,-0.5625f,0.9995752960467492f,0f,-0.029141508764194135f,-1.153946450897346f,0f,0f,0f,1f], start_interpolation: 0, interpolation_duration: 1 }
$data merge entity $(bone_tail2) { transformation: [-0.04492649267813262f,0f,-1.5410119147387382f,-1.2783412300908021f,0f,1.5416666666666665f,0f,-0.75f,1.5410119147387382f,0f,-0.04492649267813262f,-0.9743592099586383f,0f,0f,0f,1f], start_interpolation: 0, interpolation_duration: 1 }
$data merge entity $(bone_tail1) { transformation: [-0.5167317990176502f,0f,-0.8561473283751944f,-0.3040932188149519f,0f,1f,0f,-0.75f,0.8561473283751944f,0f,-0.5167317990176502f,-0.5323500895492843f,0f,0f,0f,1f], start_interpolation: 0, interpolation_duration: 1 }
$data merge entity $(bone_body1) { transformation: [-1.1611227512934388f,0f,-0.6554172214753997f,0.5f,0f,1.3333333333333333f,0f,-1.1875f,0.6554172214753997f,0f,-1.1611227512934388f,-0.12499999999999994f,0f,0f,0f,1f], start_interpolation: 0, interpolation_duration: 1 }
data modify entity @s data merge value {"locators":{"head":{"posx":1.0957340648345115,"posy":-0.5138361295932886,"posz":2.9623366173146852,"roty":356.79147060991716,"rotx":48.051055892811085},"neck":{"posx":0.8693468764365727,"posy":-0.9306090502494226,"posz":2.0678724532040933,"roty":351.8259138920521,"rotx":22.1825990056993},"right_arm":{"posx":0.261014647128335,"posy":-2.684881688190524,"posz":3.4657412531614895,"roty":346.1898887480469,"rotx":0.012927196105988767},"left_arm":{"posx":1.989970665734585,"posy":-2.7450345669403258,"posz":2.8922321439061576,"roty":341.13036575604946,"rotx":0.1998338621895854},"tail1":{"posx":-1.961906557527418,"posy":-1.5,"posz":-1.1193409092398654,"roty":271.669921875,"rotx":0},"tail2":{"posx":-3.711163325609229,"posy":-1.875,"posz":-1.1703385495772052,"roty":271.669921875,"rotx":0}},"cameras":{}}