# This file was generated by Animated Java via MC-Build. It is not recommended to edit this file directly.
$data merge entity $(bone_jaw) { transformation: [-0.979057961328741f,0.20280736095828122f,0.017739298180782362f,1.1241151432920649f,0.10924087283937227f,0.4498302716604635f,0.8864080089886179f,0.004887207493955159f,0.17179039571553875f,0.8697826746026913f,-0.4625647618451795f,3.3924483812727213f,0f,0f,0f,1f], start_interpolation: 0, interpolation_duration: 1 }
$data merge entity $(bone_head) { transformation: [-1.1014402064948337f,0.22224811222555363f,-0.05531950947717914f,1.1118219189638028f,0.1228959819442938f,0.8028251213079026f,0.7784557805160799f,0.17787738094197292f,0.19326419517998109f,0.7561101779563143f,-0.8102909043376366f,3.2123837358643574f,0f,0f,0f,1f], start_interpolation: 0, interpolation_duration: 1 }
$data merge entity $(bone_neck) { transformation: [-0.979057961328741f,0.16105579292840122f,-0.12452525817284313f,1.3290523473763118f,0.10924087283937227f,0.9317696581302382f,0.34622497871925867f,-0.5854405220316936f,0.17179039571553875f,0.32537107393261466f,-0.9298503773123048f,2.0252783403869374f,0f,0f,0f,1f], start_interpolation: 0, interpolation_duration: 1 }
$data merge entity $(bone_right_arm2) { transformation: [-0.9747550663289122f,0.0514069404380543f,-0.21727836325993513f,0.1390750203263074f,0.052418254409663606f,0.9986246008935893f,0.0011104480011494833f,-1.711833682812875f,0.2170366035275197f,-0.010306937708059266f,-0.9761090511640185f,2.9221770176793997f,0f,0f,0f,1f], start_interpolation: 0, interpolation_duration: 1 }
$data merge entity $(bone_right_arm1) { transformation: [-1.0808763765151062f,-0.05983764785842802f,-0.3424860895493266f,0.16001690798718538f,0.03157036428616552f,1.0969611076859438f,-0.29129134430619485f,-0.6288542340455803f,0.34623774741477475f,-0.28682188038509565f,-1.0426042576845467f,1.8640249960450386f,0f,0f,0f,1f], start_interpolation: 0, interpolation_duration: 1 }
$data merge entity $(bone_left_arm2) { transformation: [-0.9558926013392147f,0.014169005599669396f,-0.29337446034933856f,1.7022965995739403f,0.013680909751254147f,0.9998995079670633f,0.0037157335215224907f,-1.7599678605991187f,0.2933976268024796f,-0.0004617873335907019f,-0.955990386635311f,2.448969220331424f,0f,0f,0f,1f], start_interpolation: 0, interpolation_duration: 1 }
$data merge entity $(bone_left_arm1) { transformation: [-1.1103820480061954f,-0.019573911426751325f,-0.23630399150557987f,1.230976987470043f,0.043451273657938744f,1.0955826069016223f,-0.2949266776956482f,-0.660134961962148f,0.23309805067291828f,-0.29746700723029357f,-1.070677208745186f,1.5209637417258122f,0f,0f,0f,1f], start_interpolation: 0, interpolation_duration: 1 }
$data merge entity $(bone_body2) { transformation: [-1.5072771489017998f,0.0913139323316285f,-0.47615313356633643f,0.893150926151679f,0.04402472817887303f,1.5743509837663316f,0.16255844385083637f,-0.5f,0.4828269505233558f,0.1415103887372371f,-1.5012652630938337f,0.6567015730226446f,0f,0f,0f,1f], start_interpolation: 0, interpolation_duration: 1 }
$data merge entity $(bone_right_leg2) { transformation: [-0.9979172545600647f,0.015300721565113473f,-0.0626661070347431f,-0.8585947047015162f,0.014408348499552942f,0.9997886113897978f,0.014667379751525489f,-2.5003475357108087f,0.06287728162713813f,0.013733916223965248f,-0.9979267643471312f,1.0364221766679287f,0f,0f,0f,1f], start_interpolation: 0, interpolation_duration: 1 }
$data merge entity $(bone_right_leg1) { transformation: [-1.3305563394134197f,-0.03613850938480837f,-0.07804878963816667f,-0.5050448796005431f,0.019211131332737254f,1.0544875213387703f,-0.8157602451403908f,-1.1776875f,0.08383637550285084f,-0.8151857783708192f,-1.0517705960247625f,0.38047976219501595f,0f,0f,0f,1f], start_interpolation: 0, interpolation_duration: 1 }
$data merge entity $(bone_left_leg2) { transformation: [-0.8933732263115939f,0.2615547900703254f,-0.3653400748629716f,0.45653282903502557f,0f,0.8131039360232089f,0.5821185353719338f,-2.1119248657296334f,0.44931534417334745f,0.5200491140410042f,-0.7264052866517099f,-1.3242299255992767f,0f,0f,0f,1f], start_interpolation: 0, interpolation_duration: 1 }
$data merge entity $(bone_left_leg1) { transformation: [-1.1911643017487918f,0.3487397200937672f,-0.4871200998172954f,0.6116716532889492f,0f,1.0841385813642783f,0.7761580471625784f,-1.125f,0.5990871255644632f,0.6933988187213389f,-0.9685403822022798f,-0.18116441802166838f,0f,0f,0f,1f], start_interpolation: 0, interpolation_duration: 1 }
$data merge entity $(bone_tail3) { transformation: [-0.17194118937670588f,0f,-0.9851072161931025f,-3.036773817991209f,0f,1f,0f,-0.5625f,0.9851072161931025f,0f,-0.17194118937670588f,-1.549044713255692f,0f,0f,0f,1f], start_interpolation: 0, interpolation_duration: 1 }
$data merge entity $(bone_tail2) { transformation: [-0.26507600028908823f,0f,-1.5187069582976995f,-1.2111904363012305f,0f,1.5416666666666665f,0f,-0.75f,1.5187069582976995f,0f,-0.26507600028908823f,-1.1035165811502305f,0f,0f,0f,1f], start_interpolation: 0, interpolation_duration: 1 }
$data merge entity $(bone_tail1) { transformation: [-0.5962314429807726f,0f,-0.8028125973108954f,-0.28367312128580746f,0f,1f,0f,-0.75f,0.8028125973108954f,0f,-0.5962314429807726f,-0.5703722476470217f,0f,0f,0f,1f], start_interpolation: 0, interpolation_duration: 1 }
$data merge entity $(bone_body1) { transformation: [-1.1911643017487918f,0f,-0.5990871255644632f,0.5f,0f,1.3333333333333333f,0f,-1.1875f,0.5990871255644632f,0f,-1.1911643017487918f,-0.12499999999999994f,0f,0f,0f,1f], start_interpolation: 0, interpolation_duration: 1 }
data modify entity @s data merge value {"locators":{"head":{"posx":1.0037172759154893,"posy":-0.48437429215021743,"posz":3.017403332649082,"roty":356.0944103972063,"rotx":43.78551586678327},"neck":{"posx":0.7946931016353963,"posy":-0.9235118297507541,"posz":2.1053906826840145,"roty":352.37235120847834,"rotx":20.256590964527803},"right_arm":{"posx":0.13538506987266363,"posy":-2.707737366806435,"posz":3.434103268689938,"roty":347.45076385023617,"rotx":0.06362399691034598},"left_arm":{"posx":1.894558111732641,"posy":-2.7625802921863967,"posz":2.9090888493075155,"roty":342.939790150327,"rotx":0.21289633847888617},"tail1":{"posx":-1.8669589987619002,"posy":-1.5,"posz":-1.3448645508708537,"roty":279.90070312500006,"rotx":0},"tail2":{"posx":-3.5908966270998293,"posy":-1.875,"posz":-1.645761632280089,"roty":279.90070312500006,"rotx":0}},"cameras":{}}