# This file was generated by Animated Java via MC-Build. It is not recommended to edit this file directly.
$data merge entity $(bone_jaw) { transformation: [-0.9853855994118217f,0.17031891121859022f,-0.0025863010495036434f,0.9544075234179966f,0.09074045108218796f,0.5377104317088218f,0.8382324630846228f,0.10063648279027215f,0.1441575215145076f,0.8257475159592226f,-0.5453069308911886f,3.413651921799668f,0f,0f,0f,1f], start_interpolation: 0, interpolation_duration: 1 }
$data merge entity $(bone_head) { transformation: [-1.1085587993382995f,0.17905821412136055f,-0.06826817974207892f,0.9392368168086458f,0.10208300746746146f,0.8909717759559179f,0.6792446937859403f,0.25157974807603667f,0.16217721170382107f,0.663123254309202f,-0.8941985806286806f,3.2149411261044056f,0f,0f,0f,1f], start_interpolation: 0, interpolation_duration: 1 }
$data merge entity $(bone_neck) { transformation: [-0.9853855994118217f,0.1288094132275354f,-0.11146010737381654f,1.2045082777190743f,0.09074045108218796f,0.9507155295254747f,0.29648971728627865f,-0.5630278322907726f,0.1441575215145076f,0.28204275736681206f,-0.9485096161914858f,2.072527872489332f,0f,0f,0f,1f], start_interpolation: 0, interpolation_duration: 1 }
$data merge entity $(bone_right_arm2) { transformation: [-0.9817446985811054f,0.0470784824932353f,-0.1842850056136653f,-0.035907466197771354f,0.047495564159882035f,0.9988691290340268f,0.0021527767973179013f,-1.743861394438813f,0.18417795251611696f,-0.006639243099832798f,-0.9828704910912893f,2.8659137687804677f,0f,0f,0f,1f], start_interpolation: 0, interpolation_duration: 1 }
$data merge entity $(bone_right_arm1) { transformation: [-1.0966255074025029f,-0.03822638170845448f,-0.29175717163443704f,0.04506746773743031f,0.02672928593174697f,1.108199155950606f,-0.24566477763079453f,-0.6189316719783406f,0.29303421085638737f,-0.24414008568092285f,-1.0694379723835927f,1.8554955733785865f,0f,0f,0f,1f], start_interpolation: 0, interpolation_duration: 1 }
$data merge entity $(bone_left_arm2) { transformation: [-0.9689427862810659f,0.007852185980583497f,-0.2471603125285508f,1.5706692223079721f,0.007105541676979929f,0.9999671004846546f,0.003912700574973782f,-1.7849009558633562f,0.24718290432665693f,0.0020349750954316848f,-0.9689667025677403f,2.4605762774832156f,0f,0f,0f,1f], start_interpolation: 0, interpolation_duration: 1 }
$data merge entity $(bone_left_arm1) { transformation: [-1.1177057754826278f,-0.009154207642609482f,-0.1995520154738044f,1.1316321906683509f,0.03525139404540892f,1.10738540548294f,-0.24824566438446483f,-0.6454157351033742f,0.19662691986367675f,-0.2505688950174483f,-1.0898275506607007f,1.5651497497777622f,0f,0f,0f,1f], start_interpolation: 0, interpolation_duration: 1 }
$data merge entity $(bone_body2) { transformation: [-1.5292392396805548f,0.07150404269871286f,-0.4040531699460152f,0.8348480033194534f,0.0372738666204178f,1.576869117126392f,0.1379814870359115f,-0.5f,0.4086348628456045f,0.12375541917515676f,-1.5246791759371476f,0.683394590947376f,0f,0f,0f,1f], start_interpolation: 0, interpolation_duration: 1 }
$data merge entity $(bone_right_leg2) { transformation: [-0.9985165069739416f,0.013123787289777648f,-0.05284459771567253f,-0.9050349096698631f,0.012445702878808335f,0.9998362040801803f,0.013140376341209181f,-2.5070740412729826f,0.053008393490191874f,0.01246319452262784f,-0.9985162888014798f,0.8162477297659165f,0f,0f,0f,1f], start_interpolation: 0, interpolation_duration: 1 }
$data merge entity $(bone_right_leg1) { transformation: [-1.331355342631922f,-0.023099855625346628f,-0.06882678325552789f,-0.5393644740751975f,0.01659427050507778f,1.1337514943958829f,-0.7015054931497573f,-1.125f,0.0706778579869225f,-0.7013214123374303f,-1.1317820880210068f,0.3055188614107259f,0f,0f,0f,1f], start_interpolation: 0, interpolation_duration: 1 }
$data merge entity $(bone_left_leg2) { transformation: [-0.9238795325112867f,0.19134171618254478f,-0.3314135740355917f,0.5833193073571129f,0f,0.8660254037844387f,0.49999999999999994f,-2.213661517940131f,0.3826834323650896f,0.4619397662556433f,-0.8001031451912656f,-1.2304123630473025f,0f,0f,0f,1f], start_interpolation: 0, interpolation_duration: 1 }
$data merge entity $(bone_left_leg1) { transformation: [-1.2318393766817155f,0.255122288243393f,-0.4418847653807889f,0.6154849415639109f,0f,1.1547005383792515f,0.6666666666666665f,-1.125f,0.5102445764867861f,0.6159196883408578f,-1.066804193588354f,-0.17283542904563615f,0f,0f,0f,1f], start_interpolation: 0, interpolation_duration: 1 }
$data merge entity $(bone_tail3) { transformation: [-0.3826834323650899f,0f,-0.9238795325112865f,-2.7730803376015114f,0f,1f,0f,-0.5625f,0.9238795325112865f,0f,-0.3826834323650899f,-2.122496917811763f,0f,0f,0f,1f], start_interpolation: 0, interpolation_duration: 1 }
$data merge entity $(bone_tail2) { transformation: [-0.5899702915628469f,0f,-1.4243142792882333f,-1.0886416431884856f,0f,1.5416666666666665f,0f,-0.75f,1.4243142792882333f,0f,-0.5899702915628469f,-1.2894805405633085f,0f,0f,0f,1f], start_interpolation: 0, interpolation_duration: 1 }
$data merge entity $(bone_tail1) { transformation: [-0.7071067811865476f,0f,-0.7071067811865474f,-0.24895234052946058f,0f,1f,0f,-0.75f,0.7071067811865474f,0f,-0.7071067811865476f,-0.6265679332009202f,0f,0f,0f,1f], start_interpolation: 0, interpolation_duration: 1 }
$data merge entity $(bone_body1) { transformation: [-1.2318393766817155f,0f,-0.5102445764867861f,0.5f,0f,1.3333333333333333f,0f,-1.1875f,0.5102445764867861f,0f,-1.2318393766817155f,-0.12499999999999994f,0f,0f,0f,1f], start_interpolation: 0, interpolation_duration: 1 }
data modify entity @s data merge value {"locators":{"head":{"posx":0.8587234144473563,"posy":-0.432083653506679,"posz":3.094927812773927,"roty":355.6341851052358,"rotx":37.14060387997386},"neck":{"posx":0.6774444614745648,"posy":-0.9112371449825164,"posz":2.157404301257967,"roty":353.2978647676081,"rotx":17.2468888590207},"right_arm":{"posx":-0.052202489545493086,"posy":-2.7408384391115064,"posz":3.375499379458202,"roty":349.3805255761324,"rotx":0.12334511999288726},"left_arm":{"posx":1.7469561167342307,"posy":-2.787268502990309,"posz":2.927575722151238,"roty":345.69035062215863,"rotx":0.22418180145519392},"tail1":{"posx":-1.6759733927443587,"posy":-1.5,"posz":-1.6680603418782187,"roty":292.50000000000006,"rotx":0},"tail2":{"posx":-3.2927625746391103,"posy":-1.875,"posz":-2.337756348517126,"roty":292.50000000000006,"rotx":0}},"cameras":{}}