# This file was generated by Animated Java via MC-Build. It is not recommended to edit this file directly.
$data merge entity $(bone_jaw) { transformation: [-0.9872301367689581f,0.1590316437812256f,-0.009251666411282465f,0.8966459844210994f,0.08462413823650246f,0.5727589109371288f,0.8153440900441011f,0.13307634327730325f,0.1349644852651008f,0.8041493432306932f,-0.5789027737874219f,3.4173450726334345f,0f,0f,0f,1f], start_interpolation: 0, interpolation_duration: 1 }
$data merge entity $(bone_head) { transformation: [-1.1106339038650779f,0.16471100364951685f,-0.07062306182958819f,0.8809519706811909f,0.09520215551606527f,0.917856863448742f,0.6435062764302555f,0.27607773803958224f,0.1518350459232384f,0.6293123735449718f,-0.9200744835787382f,3.2128840762826036f,0f,0f,0f,1f], start_interpolation: 0, interpolation_duration: 1 }
$data merge entity $(bone_neck) { transformation: [-0.9872301367689581f,0.11845996955039165f,-0.10650771178306562f,1.162165805594638f,0.08462413823650246f,0.9564427205461655f,0.27938517774208915f,-0.5554542647435224f,0.1349644852651008f,0.2668043439083586f,-0.9542536506551896f,2.0865911270900805f,0f,0f,0f,1f], start_interpolation: 0, interpolation_duration: 1 }
$data merge entity $(bone_right_arm2) { transformation: [-0.9838493000561849f,0.04528060694215818f,-0.17317685010966388f,-0.09343452762436502f,0.04555159557431796f,0.998959077313444f,0.002411222450526801f,-1.75407156577976f,0.17310576801363087f,-0.005516202318799152f,-0.9848877928943931f,2.844440668566861f,0f,0f,0f,1f], start_interpolation: 0, interpolation_duration: 1 }
$data merge entity $(bone_right_arm1) { transformation: [-1.101301810938102f,-0.03199883219979529f,-0.27437456680011435f,0.006551527991793815f,0.025091840737948807f,1.1115224175738396f,-0.23034609114033672f,-0.6155740669090892f,0.27509221671519984f,-0.22948855508085855f,-1.0774183413763019f,1.8510651183606213f,0f,0f,0f,1f], start_interpolation: 0, interpolation_duration: 1 }
$data merge entity $(bone_left_arm2) { transformation: [-0.9727802118128538f,0.006042610275708314f,-0.2316509148835701f,1.5266036272738854f,0.005275647185303031f,0.9999783603048684f,0.003930199583078636f,-1.7926708506177724f,0.2316696506927813f,0.0026011118858156046f,-0.9727910398255333f,2.4624690771597226f,0f,0f,0f,1f], start_interpolation: 0, interpolation_duration: 1 }
$data merge entity $(bone_left_arm1) { transformation: [-1.1198664925774657f,-0.00631992103084404f,-0.18716330929125233f,1.0977496525910142f,0.03260730970822807f,1.1108553581004599f,-0.23261157253570858f,-0.6404357072732954f,0.18440935198704203f,-0.23480084949187774f,-1.0954600672420953f,1.578496683450148f,0f,0f,0f,1f], start_interpolation: 0, interpolation_duration: 1 }
$data merge entity $(bone_body2) { transformation: [-1.5357603235100141f,0.06526612763782325f,-0.3796379930407715f,0.8149181752956025f,0.03499045680888275f,1.5776264297043134f,0.12967251318290796f,-0.5f,0.38361483431844395f,0.11738664884061174f,-1.5316672216931615f,0.691364834414423f,0f,0f,0f,1f], start_interpolation: 0, interpolation_duration: 1 }
$data merge entity $(bone_right_leg2) { transformation: [-0.9986948790755396f,0.012362419529922205f,-0.049555111660246655f,-0.918623223278012f,0.011753113141862434f,0.9998519422126796f,0.012568133712164142f,-2.5236022402254807f,0.04970314718172181f,0.0119693039437746f,-0.9986923114369779f,0.740796021629166f,0f,0f,0f,1f], start_interpolation: 0, interpolation_duration: 1 }
$data merge entity $(bone_right_leg1) { transformation: [-1.3315931721007193f,-0.019297939713318057f,-0.06530690097794101f,-0.5496119299614008f,0.015670817522483244f,1.1575231296928896f,-0.6615681427350719f,-1.125f,0.0662708629089624f,-0.6614722757051701f,-1.1557856111669254f,0.2798947968086319f,0f,0f,0f,1f], start_interpolation: 0, interpolation_duration: 1 }
$data merge entity $(bone_left_leg2) { transformation: [-0.9329883821879119f,0.16966393666038357f,-0.3174064071490747f,0.6234127799105686f,0f,0.8819135510192274f,0.4714111671658369f,-2.245434739850815f,0.35990648605211717f,0.43982114219936946f,-0.8228150971950255f,-1.1943258528110976f,0f,0f,0f,1f], start_interpolation: 0, interpolation_duration: 1 }
$data merge entity $(bone_left_leg1) { transformation: [-1.2439845095838824f,0.22621858221384475f,-0.4232085428654329f,0.6166235477734889f,0f,1.1758847346923031f,0.6285482228877826f,-1.125f,0.4798753147361562f,0.5864281895991592f,-1.097086796260034f,-0.1699883107565146f,0f,0f,0f,1f], start_interpolation: 0, interpolation_duration: 1 }
$data merge entity $(bone_tail3) { transformation: [-0.4495784448159008f,0f,-0.8932408532735816f,-2.661220891834916f,0f,1f,0f,-0.5625f,0.8932408532735816f,0f,-0.4495784448159008f,-2.3026986495211483f,0f,0f,0f,1f], start_interpolation: 0, interpolation_duration: 1 }
$data merge entity $(bone_tail2) { transformation: [-0.6931001024245137f,0f,-1.3770796487967716f,-1.042591597548938f,0f,1.5416666666666665f,0f,-0.75f,1.3770796487967716f,0f,-0.6931001024245137f,-1.3480839588321367f,0f,0f,0f,1f], start_interpolation: 0, interpolation_duration: 1 }
$data merge entity $(bone_tail1) { transformation: [-0.7409346425952343f,0f,-0.6715771403214023f,-0.2364240556330438f,0f,1f,0f,-0.75f,0.6715771403214023f,0f,-0.7409346425952343f,-0.6447880436148754f,0f,0f,0f,1f], start_interpolation: 0, interpolation_duration: 1 }
$data merge entity $(bone_body1) { transformation: [-1.2439845095838824f,0f,-0.4798753147361562f,0.5f,0f,1.3333333333333333f,0f,-1.1875f,0.4798753147361562f,0f,-1.2439845095838824f,-0.12499999999999994f,0f,0f,0f,1f], start_interpolation: 0, interpolation_duration: 1 }
data modify entity @s data merge value {"locators":{"head":{"posx":0.809063374717456,"posy":-0.412594485107012,"posz":3.11884233641838,"roty":355.6106982902746,"rotx":34.890199623359614},"neck":{"posx":0.6374417126016453,"posy":-0.9067313630478444,"posz":2.173303447088895,"roty":353.63136886303596,"rotx":16.223513631787313},"right_arm":{"posx":-0.11361729076520281,"posy":-2.7513892795950725,"posz":3.3532198778337086,"roty":350.0273912340432,"rotx":0.13815300375271347},"left_arm":{"posx":1.6971852376782655,"posy":-2.7949440386632616,"posz":2.931784132018375,"roty":346.60560711450046,"rotx":0.2251844284743909},"tail1":{"posx":-1.6004973785725376,"posy":-1.5,"posz":-1.7688242463022663,"roty":296.716640625,"rotx":0},"tail2":{"posx":-3.1636688718013053,"posy":-1.875,"posz":-2.5555865247300926,"roty":296.716640625,"rotx":0}},"cameras":{}}