# This file was generated by Animated Java via MC-Build. It is not recommended to edit this file directly.
$data merge entity $(bone_jaw) { transformation: [-0.9943673652814803f,0.10046271211853942f,-0.03377552867024247f,0.6083847080164845f,0.05537215537575488f,0.7641342176116253f,0.6426762963453004f,0.2937556867415142f,0.09037404092000176f,0.6371861117043094f,-0.7653929655927949f,3.409661320719179f,0f,0f,0f,1f], start_interpolation: 0, interpolation_duration: 1 }
$data merge entity $(bone_head) { transformation: [-1.1186632859416654f,0.09780119518351024f,-0.06820834924606033f,0.5932272970729155f,0.06229367479772424f,1.0281016360902342f,0.45249477781382036f,0.39431008181125204f,0.10167079603500198f,0.4461691967059809f,-1.0277261780962617f,3.1812777255866767f,0f,0f,0f,1f], start_interpolation: 0, interpolation_duration: 1 }
$data merge entity $(bone_neck) { transformation: [-0.9943673652814803f,0.07156704447197425f,-0.07817736890375218f,0.9508518827278845f,0.05537215537575488f,0.9797180863303551f,0.19257828466945637f,-0.5178566063086943f,0.09037404092000176f,0.18716471211938795f,-0.9781625137292149f,2.142471156094839f,0f,0f,0f,1f], start_interpolation: 0, interpolation_duration: 1 }
$data merge entity $(bone_right_arm2) { transformation: [-0.9924055565893252f,0.03407808701699695f,-0.1181943113516615f,-0.3663853670500388f,0.03396571164163789f,0.9994185989123194f,0.0029655658504930127f,-1.8002657728656601f,0.11822665386159167f,-0.001071509868591669f,-0.9929860573962218f,2.720850914759623f,0f,0f,0f,1f], start_interpolation: 0, interpolation_duration: 1 }
$data merge entity $(bone_right_arm1) { transformation: [-1.1198783718847876f,-0.008890074153707742f,-0.18698771540040418f,-0.18166048084132524f,0.016978523656667428f,1.1246376326239598f,-0.15515454219860844f,-0.5988457158398732f,0.18642738227943056f,-0.1558273686229776f,-1.1091139117642164f,1.8178363451145185f,0f,0f,0f,1f], start_interpolation: 0, interpolation_duration: 1 }
$data merge entity $(bone_left_arm2) { transformation: [-0.9878124163467018f,-0.00043258024020082636f,-0.15564845963139462f,1.3114267870903706f,-0.0010034320036035787f,0.9999930560075353f,0.003589019493513146f,-1.8265467958596557f,0.15564582627074913f,0.0037014606639083625f,-0.9878059910495832f,2.4575483319415854f,0f,0f,0f,1f], start_interpolation: 0, interpolation_duration: 1 }
$data merge entity $(bone_left_arm1) { transformation: [-1.128383175024771f,0.0029971874199395685f,-0.12614846068434865f,0.9279437775399324f,0.02044555127928237f,1.1244397598415306f,-0.15616725926022917f,-0.615668473224461f,0.12451665229336646f,-0.15747142693052332f,-1.1175282367558153f,1.6331193057917799f,0f,0f,0f,1f], start_interpolation: 0, interpolation_duration: 1 }
$data merge entity $(bone_body2) { transformation: [-1.561665252536585f,0.03783549627481078f,-0.258291615593552f,0.7148567779281539f,0.02367647335608669f,1.5806866959901444f,0.08839365460045226f,-0.5f,0.2599721294171876f,0.08332159855550252f,-1.5596206101436636f,0.723210802205638f,0f,0f,0f,1f], start_interpolation: 0, interpolation_duration: 1 }
$data merge entity $(bone_right_leg2) { transformation: [-0.9994052021534257f,0.008454723287446122f,-0.033432911371925396f,-0.9705701576843697f,0.008147845852425471f,0.9999235163563751f,0.00930451747634048f,-2.5795899617246842f,0.03350902142163234f,0.009026576961125854f,-0.9993976517841783f,0.36206508704196744f,0f,0f,0f,1f], start_interpolation: 0, interpolation_duration: 1 }
$data merge entity $(bone_right_leg1) { transformation: [-1.3325402695379007f,-0.005077621943193536f,-0.04569929532321141f,-0.590556745692963f,0.010863794469900628f,1.2528919322239744f,-0.45598416849225054f,-1.125f,0.044678695228843116f,-0.4560853009046174f,-1.2521053431198073f,0.15124442876476946f,0f,0f,0f,1f], start_interpolation: 0, interpolation_duration: 1 }
$data merge entity $(bone_left_leg2) { transformation: [-0.9693837739493005f,0.07975095088570142f,-0.23223885255623744f,0.7974752536526303f,0f,0.9457881568654022f,0.3247841780831471f,-2.383075419843032f,0.24555060334646167f,0.3148405122692628f,-0.9168316928587367f,-0.9868684420786512f,0f,0f,0f,1f], start_interpolation: 0, interpolation_duration: 1 }
$data merge entity $(bone_left_leg1) { transformation: [-1.2925116985990672f,0.10633460118093521f,-0.30965180340831655f,0.6211729717436626f,0f,1.261050875820536f,0.4330455707775294f,-1.125f,0.32740080446194886f,0.4197873496923504f,-1.2224422571449822f,-0.15569382541830765f,0f,0f,0f,1f], start_interpolation: 0, interpolation_duration: 1 }
$data merge entity $(bone_tail3) { transformation: [-0.735587412232962f,0f,-0.6774298184789436f,-1.9628331853584244f,0f,1f,0f,-0.5625f,0.6774298184789436f,0f,-0.735587412232962f,-3.0680323764354367f,0f,0f,0f,1f], start_interpolation: 0, interpolation_duration: 1 }
$data merge entity $(bone_tail2) { transformation: [-1.1340305938591495f,0f,-1.0443709701550379f,-0.7846007022395254f,0f,1.5416666666666665f,0f,-0.75f,1.0443709701550379f,0f,-1.1340305938591495f,-1.604127251188765f,0f,0f,0f,1f], start_interpolation: 0, interpolation_duration: 1 }
$data merge entity $(bone_tail1) { transformation: [-0.8794098023923772f,0f,-0.4760655411350416f,-0.16885483948449653f,0f,1f,0f,-0.75f,0.4760655411350416f,0f,-0.8794098023923772f,-0.7292625287887444f,0f,0f,0f,1f], start_interpolation: 0, interpolation_duration: 1 }
$data merge entity $(bone_body1) { transformation: [-1.2925116985990672f,0f,-0.32740080446194886f,0.5f,0f,1.3333333333333333f,0f,-1.1875f,0.32740080446194886f,0f,-1.2925116985990672f,-0.12499999999999994f,0f,0f,0f,1f], start_interpolation: 0, interpolation_duration: 1 }
data modify entity @s data merge value {"locators":{"head":{"posx":0.5578400634282044,"posy":-0.30255048763160597,"posz":3.2188854435545378,"roty":356.2029500095551,"rotx":23.71688352139733},"neck":{"posx":0.43660272952312296,"posy":-0.8816370965783821,"posz":2.239741723726221,"roty":355.43048074335877,"rotx":11.103288325921815},"right_arm":{"posx":-0.40339164567803787,"posy":-2.7990442977256236,"posz":3.225804619192675,"roty":353.21206741762876,"rotx":0.16991465615669113},"left_arm":{"posx":1.4514218731679376,"posy":-2.8282716471137226,"posz":2.9380220026605466,"roty":351.0455351427336,"rotx":0.20563611103864013},"tail1":{"posx":-1.1583852759146789,"posy":-1.5,"posz":-2.194522324408794,"roty":317.35687500000006,"rotx":0},"tail2":{"posx":-2.34388745825283,"posy":-1.875,"posz":-3.4818002958164778,"roty":317.35687500000006,"rotx":0}},"cameras":{}}