# This file was generated by Animated Java via MC-Build. It is not recommended to edit this file directly.
$data merge entity $(bone_jaw) { transformation: [-0.9915053955492417f,0.11426090134746308f,0.06214094479493426f,1.4687553957698283f,0.1294684720643506f,0.912752727881942f,0.3874537036671556f,1.6230897686857335f,-0.012448507463315217f,0.3922077308867571f,-0.9197924388113857f,2.2690274884715937f,0f,0f,0f,1f], start_interpolation: 0, interpolation_duration: 1 }
$data merge entity $(bone_head) { transformation: [-1.1154435699928968f,0.14486816478798953f,0.02058778745910294f,1.4733304596496288f,0.14565203107239444f,1.1144273319110642f,0.04962063818687674f,1.634116577171706f,-0.01400457089622962f,0.05186459987840076f,-1.1237165724832332f,2.019312694586431f,0f,0f,0f,1f], start_interpolation: 0, interpolation_duration: 1 }
$data merge entity $(bone_neck) { transformation: [-0.8143728401713434f,-0.13246042508320877f,-0.5650231083575565f,1.5621748058456952f,0.13153650828141322f,0.9061364194251678f,-0.4020136022331458f,0.2789423255773279f,0.5652389089406294f,-0.40171012580978327f,-0.7205095076690486f,1.578096273807909f,0f,0f,0f,1f], start_interpolation: 0, interpolation_duration: 1 }
$data merge entity $(bone_right_arm2) { transformation: [-0.7380584805551894f,0.3688069499108304f,-0.5650231083575565f,0.10470065218462443f,0.636617515648794f,0.6581057683903762f,-0.4020136022331458f,-0.28401048375522225f,0.22357955642169622f,-0.656413155953461f,-0.7205095076690486f,3.2953827915421945f,0f,0f,0f,1f], start_interpolation: 0, interpolation_duration: 1 }
$data merge entity $(bone_right_arm1) { transformation: [-0.8380038997970378f,0.4187495577112553f,-0.6415366542809756f,0.430949662120266f,0.722826137559568f,0.7472242578599062f,-0.45645294420221755f,0.10442601208161056f,0.25385595468713423f,-0.7453024374888253f,-0.8180785034992322f,1.8686216264490263f,0f,0f,0f,1f], start_interpolation: 0, interpolation_duration: 1 }
$data merge entity $(bone_left_arm2) { transformation: [-0.42107407487909454f,-0.7507624715968975f,0.5089718407794603f,2.114162359147793f,0.4212273366812873f,-0.6588209621739768f,-0.6233157070317938f,1.1180459589898213f,0.8032833586581414f,-0.048069231758717024f,0.593654103549384f,0.6366554748032636f,0f,0f,0f,1f], start_interpolation: 0, interpolation_duration: 1 }
$data merge entity $(bone_left_arm1) { transformation: [-0.4780945225189719f,-0.8524282229589772f,0.5778951108850122f,1.347119107313027f,0.4782685385235449f,-0.7480363008017027f,-0.7077230423590158f,-0.04355255973497929f,0.9120613134764313f,-0.05457860689270995f,0.6740447634050296f,1.2327278538908182f,0f,0f,0f,1f], start_interpolation: 0, interpolation_duration: 1 }
$data merge entity $(bone_body2) { transformation: [-1.2894236636046272f,-0.20972900638174724f,-0.8946199215661312f,0.7582328641494084f,0.20826613811223763f,1.4347159974231825f,-0.6365215368691476f,-0.35558575384689217f,0.8949616058226634f,-0.6360410325321569f,-1.1408067204759937f,0.5674707393967628f,0f,0f,0f,1f], start_interpolation: 0, interpolation_duration: 1 }
$data merge entity $(bone_right_leg2) { transformation: [-0.9808102745378056f,-0.006845292586976082f,-0.19484441826871218f,-0.7253910411100568f,0.0007355886091466729f,0.9992463982059205f,-0.03880843441692666f,-2.4996493835497597f,0.19496323825396483f,-0.038207036549482654f,-0.9800660988360091f,0.8819696965103987f,0f,0f,0f,1f], start_interpolation: 0, interpolation_duration: 1 }
$data merge entity $(bone_right_leg1) { transformation: [-1.2492930978902563f,-0.2553253631932884f,-0.3896838362721234f,-0.5579678653949074f,0f,1.115261480920539f,-0.7307322402581562f,-1.1259927306217983f,0.4658803852294532f,-0.6846740581202995f,-1.0449663528426716f,0.25769060820116835f,0f,0f,0f,1f], start_interpolation: 0, interpolation_duration: 1 }
$data merge entity $(bone_left_leg2) { transformation: [-0.9369698234176923f,0f,-0.3494102889220899f,0.8110903743682798f,0f,0.9999999999999999f,2.7755575615628914e-17f,-2.529924079138784f,0.3494102889220899f,0f,-0.9369698234176923f,-0.7217703684527261f,0f,0f,0f,1f], start_interpolation: 0, interpolation_duration: 1 }
$data merge entity $(bone_left_leg1) { transformation: [-1.2492930978902563f,0.04151787610579827f,-0.46402672261972944f,0.613244413877208f,0f,1.32802821591552f,0.11882270620558562f,-1.1259927306217983f,0.4658803852294532f,0.11133329005145987f,-1.2443223629600777f,-0.17907225295144405f,0f,0f,0f,1f], start_interpolation: 0, interpolation_duration: 1 }
$data merge entity $(bone_tail3) { transformation: [-0.36215491455854393f,-0.062029024800057966f,-0.9300517286384921f,-2.680981259482687f,0.13310542412838744f,0.9841163100512287f,-0.11746503462203514f,-1.118487816032251f,0.9225653168901895f,-0.166335469378926f,-0.34814615852799036f,-2.287923037855043f,0f,0f,0f,1f], start_interpolation: 0, interpolation_duration: 1 }
$data merge entity $(bone_tail2) { transformation: [-0.5583221599444218f,-0.09562807990008935f,-1.4338297483176752f,-0.9707731904553216f,0.20520419553126396f,1.5171793113289773f,-0.18109192837563748f,-1.066124506234492f,1.4222881968723753f,-0.25643384862584423f,-0.5367253277306517f,-1.4886404254952388f,0f,0f,0f,1f], start_interpolation: 0, interpolation_duration: 1 }
$data merge entity $(bone_tail1) { transformation: [-0.8126371571678919f,-0.062029024800057966f,-0.5794594471336546f,-0.25351788322982716f,0.04695889839796519f,0.9841163100512287f,-0.17120148992460144f,-0.8900927854893487f,0.5808749544018372f,-0.166335469378926f,-0.7968166658492755f,-0.7146320873306133f,0f,0f,0f,1f], start_interpolation: 0, interpolation_duration: 1 }
$data merge entity $(bone_body1) { transformation: [-1.2492930978902563f,-0.08270536640007728f,-0.45848048563725446f,0.5f,0f,1.3121550800683048f,-0.23669985979868663f,-1.1875f,0.4658803852294532f,-0.22178062583856797f,-1.2294497136682276f,-0.12499999999999994f,0f,0f,0f,1f], start_interpolation: 0, interpolation_duration: 1 }
data modify entity @s data merge value {"locators":{"hitbox_head":{"posx":1.3871293160287728,"posy":1.0012067710580936,"posz":2.302642520343773,"roty":1.049607528916539,"rotx":2.527978478395607},"hitbox_neck":{"posx":1.2752889337109214,"posy":0.05516112271273982,"posz":2.1014207139155237,"roty":321.8964796823524,"rotx":-23.70411897056628},"hitbox_right_arm":{"posx":-0.027723398582127023,"posy":-0.7013208563009758,"posz":4.326024423606536,"roty":321.8964796823524,"rotx":-23.704118970566277},"hitbox_left_arm":{"posx":2.636756040034904,"posy":2.0621980661371144,"posz":0.3376924448711548,"roty":139.39172547300507,"rotx":-38.558671329463756},"hitbox_tail1":{"posx":-1.5183926209744234,"posy":-1.901607128091611,"posz":-1.7185599720603113,"roty":290.52237674810203,"rotx":-6.7458249935531205},"hitbox_tail2":{"posx":-3.1227222617917625,"posy":-2.4762145549493835,"posz":-2.265439948467197,"roty":290.52237674810203,"rotx":-6.7458249935531205}},"cameras":{}}