# This file was generated by Animated Java via MC-Build. It is not recommended to edit this file directly.
$data merge entity $(bone_jaw) { transformation: [-0.9926473662998643f,0.10466096180514858f,0.06080533900870848f,1.5153024784250448f,0.12034976498966038f,0.907052758744653f,0.40344916274624754f,1.6616712583362698f,-0.012928273081748709f,0.4078006570957625f,-0.9129794542197474f,2.1932737776849716f,0f,0f,0f,1f], start_interpolation: 0, interpolation_duration: 1 }
$data merge entity $(bone_head) { transformation: [-1.1167282870873474f,0.13461083394005016f,0.02056346772611587f,1.5198721379197373f,0.13539348561336792f,1.1157522924147438f,0.04889198323556382f,1.6725361434997286f,-0.014544307216967298f,0.05100730690016993f,-1.1237489567382788f,1.9435517872986874f,0f,0f,0f,1f], start_interpolation: 0, interpolation_duration: 1 }
$data merge entity $(bone_neck) { transformation: [-0.796565808187355f,-0.14916915369055717f,-0.5858596050369652f,1.6006363387170977f,0.1399630615313946f,0.8972483966583432f,-0.41875488785301535f,0.30898984490396686f,0.5881269035111256f,-0.4155645296235897f,-0.6938392227923841f,1.5272812797493767f,0f,0f,0f,1f], start_interpolation: 0, interpolation_duration: 1 }
$data merge entity $(bone_right_arm2) { transformation: [-0.7223021430354996f,0.3674889622182629f,-0.5858596050369652f,0.17473130506372003f,0.6580427681186148f,0.6257987369961684f,-0.41875488785301535f,-0.19166138759918278f,0.21274240172827708f,-0.6879882291302262f,-0.6938392227923841f,3.303673086479977f,0f,0f,0f,1f], start_interpolation: 0, interpolation_duration: 1 }
$data merge entity $(bone_right_arm1) { transformation: [-0.8201138915715567f,0.4172530925186526f,-0.6651947598857209f,0.48000150921087004f,0.7471527263013439f,0.7105423159643994f,-0.47546127891644446f,0.13616710427227302f,0.24155126862898124f,-0.7811533018249442f,-0.7877966175455193f,1.8571920695367043f,0f,0f,0f,1f], start_interpolation: 0, interpolation_duration: 1 }
$data merge entity $(bone_left_arm2) { transformation: [-0.37281202779957917f,-0.6997509924068385f,0.6093929278828318f,1.9921073417235415f,0.44677058893172006f,-0.7109689273996993f,-0.5430646601812028f,1.1455965220949738f,0.8132694712046983f,0.06979780009259445f,0.5776859305095324f,0.45263390348838595f,0f,0f,0f,1f], start_interpolation: 0, interpolation_duration: 1 }
$data merge entity $(bone_left_arm1) { transformation: [-0.4232969898974388f,-0.7945089392952644f,0.6919148868669652f,1.3761380434216444f,0.5072707728495571f,-0.8072459696517418f,-0.6166046662474073f,-0.021291339950545884f,0.923399712097001f,0.07924958552179995f,0.6559142335993648f,1.195549303086688f,0f,0f,0f,1f], start_interpolation: 0, interpolation_duration: 1 }
$data merge entity $(bone_body2) { transformation: [-1.2612291962966455f,-0.2361844933433822f,-0.9276110413085283f,0.76778622858212f,0.22160818075804145f,1.4206432947090435f,-0.663028572433941f,-0.3490483311758892f,0.9312009305592823f,-0.657977171904017f,-1.098578769421275f,0.5558601800867988f,0f,0f,0f,1f], start_interpolation: 0, interpolation_duration: 1 }
$data merge entity $(bone_right_leg2) { transformation: [-0.9788365072324513f,-0.012362258293572626f,-0.2042700826818714f,-0.6930492993828176f,-0.0041373856345319066f,0.9991651728169805f,-0.04064282802321273f,-2.483968846794839f,0.20460198960197523f,-0.03893753972063818f,-0.9780704953383559f,0.9398149173528699f,0f,0f,0f,1f], start_interpolation: 0, interpolation_duration: 1 }
$data merge entity $(bone_right_leg1) { transformation: [-1.240812453369597f,-0.27913928052023845f,-0.4003042535513995f,-0.5511965242573913f,0f,1.093685600857179f,-0.7626464346310478f,-1.126093800254041f,0.488018681343962f,-0.7097258952060947f,-1.0177940352109485f,0.27593190945837576f,0f,0f,0f,1f], start_interpolation: 0, interpolation_duration: 1 }
$data merge entity $(bone_left_leg2) { transformation: [-0.9306093400271978f,2.0816681711721685e-17f,-0.36601401100797154f,0.7979483052174078f,0f,1f,1.3877787807814457e-17f,-2.528058259802692f,0.3660140110079715f,-1.3877787807814457e-17f,-0.9306093400271978f,-0.7335191211834655f,0f,0f,0f,1f], start_interpolation: 0, interpolation_duration: 1 }
$data merge entity $(bone_left_leg1) { transformation: [-1.240812453369597f,0.04565101631561067f,-0.485878810044286f,0.612065150776606f,0f,1.3274869142474002f,0.12472477813046456f,-1.126093800254041f,0.488018681343962f,0.11607004346103023f,-1.2353717211625141f,-0.1815856043015886f,0f,0f,0f,1f], start_interpolation: 0, interpolation_duration: 1 }
$data merge entity $(bone_tail3) { transformation: [-0.3063281673125963f,-0.06817626762870115f,-0.9494814639808014f,-2.7602390448924785f,0.14473860724989207f,0.9824991959353447f,-0.1172436162772313f,-1.1347484039631694f,0.9408580070777245f,-0.17334164680947528f,-0.29109944005289956f,-2.1493298486546744f,0f,0f,0f,1f], start_interpolation: 0, interpolation_duration: 1 }
$data merge entity $(bone_tail2) { transformation: [-0.4722559246069193f,-0.10510507926091425f,-1.4637839236370687f,-1.0054692706621693f,0.22313868617691693f,1.514686260400323f,-0.18075057509406492f,-1.0810428967750014f,1.4504894275781584f,-0.26723503883127436f,-0.4487783034148868f,-1.4534095888939957f,0f,0f,0f,1f], start_interpolation: 0, interpolation_duration: 1 }
$data merge entity $(bone_tail1) { transformation: [-0.794359019234986f,-0.06817626762870115f,-0.6036105906064364f,-0.26483814073845746f,0.05166232852518622f,0.9824991959353447f,-0.17895902826556948f,-0.8973567203084821f,0.605247678534488f,-0.17334164680947528f,-0.7769349529465077f,-0.7035721612051422f,0f,0f,0f,1f], start_interpolation: 0, interpolation_duration: 1 }
$data merge entity $(bone_body1) { transformation: [-1.240812453369597f,-0.09090169017160152f,-0.4794779620218699f,0.5f,0f,1.309998927913793f,-0.24835576627590297f,-1.1875f,0.488018681343962f,-0.23112219574596704f,-1.2190972377421914f,-0.12499999999999994f,0f,0f,0f,1f], start_interpolation: 0, interpolation_duration: 1 }
data modify entity @s data merge value {"locators":{"hitbox_head":{"posx":1.4393762669180106,"posy":1.0390926523705475,"posz":2.227366882559226,"roty":1.0483377308722481,"rotx":2.490832764835478},"hitbox_neck":{"posx":1.3315243178869998,"posy":0.09484758790441239,"posz":2.0639113329628334,"roty":319.8231316344762,"rotx":-24.75600328597906},"hitbox_right_arm":{"posx":0.055028261424221014,"posy":-0.56695500766143,"posz":4.351877327114412,"roty":319.8231316344762,"rotx":-24.75600328597906},"hitbox_left_arm":{"posx":2.410462621926438,"posy":2.100174617777042,"posz":0.04316379619073163,"roty":133.46998766863368,"rotx":-32.89250824728692},"hitbox_tail1":{"posx":-1.56881455551337,"posy":-1.916614605823343,"posz":-1.6411414697079734,"roty":287.044900963994,"rotx":-6.733050385699112},"hitbox_tail2":{"posx":-3.204841017119009,"posy":-2.490228132784252,"posz":-2.085562372246994,"roty":287.044900963994,"rotx":-6.733050385699112}},"cameras":{}}