# This file was generated by Animated Java via MC-Build. It is not recommended to edit this file directly.
$data merge entity $(bone_jaw) { transformation: [-0.9992532820510791f,0.038346457916599325f,-0.004735765555544317f,0.18706350356955462f,0.03803759365783137f,0.997833671766426f,0.053675925309715516f,0.7431860941285061f,0.006783787943937268f,0.053455707407001285f,-0.9985471784381292f,3.2096059892939106f,0f,0f,0f,1f], start_interpolation: 0, interpolation_duration: 1 }
$data merge entity $(bone_head) { transformation: [-1.124159942307464f,0.04291465998159521f,-0.006910576672273067f,0.18552781986460504f,0.04279229286506029f,1.124024211068095f,0.019062859284430203f,0.7474222850806017f,0.007631761436929427f,0.01878576299784357f,-1.1248172524130127f,2.9596465998687966f,0f,0f,0f,1f], start_interpolation: 0, interpolation_duration: 1 }
$data merge entity $(bone_neck) { transformation: [-0.9978931242795651f,0.006735716053491515f,-0.0645286188044905f,0.6248881809189043f,0.00969779326818691f,0.9989081055543569f,-0.04570065058107012f,-0.35589825230211536f,0.06415033375825893f,-0.046230150195000375f,-0.9968688519016189f,2.1667350254017896f,0f,0f,0f,1f], start_interpolation: 0, interpolation_duration: 1 }
$data merge entity $(bone_right_arm2) { transformation: [-0.9953931811700163f,0.07091172142474003f,-0.0645286188044905f,-0.8282481155945796f,0.07393295325232882f,0.9962155233481638f,-0.04570065058107012f,-1.746317814668123f,0.06104369995031542f,-0.05026090732094048f,-0.9968688519016189f,2.5126300306190763f,0f,0f,0f,1f], start_interpolation: 0, interpolation_duration: 1 }
$data merge entity $(bone_right_arm1) { transformation: [-1.1301860077867891f,0.08051435036767357f,-0.07326686926759858f,-0.4684795375370654f,0.08394470733858167f,1.1311197088015608f,-0.05188928034725669f,-0.49330818543949645f,0.06931003431858729f,-0.0570670718539845f,-1.131861508929963f,1.7422390978435054f,0f,0f,0f,1f], start_interpolation: 0, interpolation_duration: 1 }
$data merge entity $(bone_left_arm2) { transformation: [-0.9926285590886134f,-0.006146854074762452f,-0.12104032330858483f,1.0556296202404147f,0.025959424548037402f,0.9647507819478905f,-0.26188172331811993f,-1.5985222395628673f,0.1183834952972665f,-0.26309341480910764f,-0.9574796097699861f,2.6366524687388875f,0f,0f,0f,1f], start_interpolation: 0, interpolation_duration: 1 }
$data merge entity $(bone_left_arm1) { transformation: [-1.1270470097985297f,-0.006979240564053199f,-0.13743120042328902f,0.6541502272774454f,0.029474763288917464f,1.095394117003334f,-0.29734487335078197f,-0.5042182028662067f,0.1344145936187713f,-0.2987206480645076f,-1.0871383069263383f,1.670069972365464f,0f,0f,0f,1f], start_interpolation: 0, interpolation_duration: 1 }
$data merge entity $(bone_body2) { transformation: [-1.5799974467759783f,0.010664883751361567f,-0.10217031310710996f,0.531707309134106f,0.015354839341295941f,1.5816045004610653f,-0.07235936342002769f,-0.48402469410955096f,0.10157136178390999f,-0.0731977378087506f,-1.5783756821775634f,0.7366254351804f,0f,0f,0f,1f], start_interpolation: 0, interpolation_duration: 1 }
$data merge entity $(bone_right_leg2) { transformation: [-0.9997128039712155f,0.008273537110898312f,-0.02249129075186021f,-1.0073412940542528f,0.008354326645865748f,0.9999589751985463f,-0.0035004494236222095f,-2.578611108077297f,0.02246140695291151f,-0.003687343698076967f,-0.999740910783463f,-0.2969046540776934f,0f,0f,0f,1f], start_interpolation: 0, interpolation_duration: 1 }
$data merge entity $(bone_right_leg1) { transformation: [-1.3324314514224078f,-0.0029290409007347675f,-0.048945130069856305f,-0.6242813057026826f,7.228014483236696e-20f,1.3309522419185176f,-0.07964865039565756f,-1.1250105698224129f,0.04903269356412443f,-0.07959477513789148f,-1.3300519706050487f,-0.08477728547758431f,0f,0f,0f,1f], start_interpolation: 0, interpolation_duration: 1 }
$data merge entity $(bone_left_leg2) { transformation: [-0.9993235885668059f,-3.2526065174565133e-19f,-0.03677452017309332f,0.9876418649991637f,5.421010862427522e-20f,0.9999999999999999f,-1.734723475976807e-18f,-2.559576175215753f,0.03677452017309332f,1.734723475976807e-18f,-0.9993235885668059f,-0.4700209948057775f,0f,0f,0f,1f], start_interpolation: 0, interpolation_duration: 1 }
$data merge entity $(bone_left_leg1) { transformation: [-1.3324314514224078f,0.00045088375705761594f,-0.04903062045284509f,0.6248731800058248f,7.228014483236696e-20f,1.3332769597553888f,0.012260765196537158f,-1.1250105698224129f,0.04903269356412443f,0.012252471874778518f,-1.332375115976196f,-0.13074543569395097f,0f,0f,0f,1f], start_interpolation: 0, interpolation_duration: 1 }
$data merge entity $(bone_tail3) { transformation: [-0.992304815887479f,-0.0006762970404144746f,-0.12381718373808094f,-0.32886018428650776f,0.00160452504627832f,0.9998308828413948f,-0.018320240609034557f,-0.6304184170201607f,0.12380863405228422f,-0.018377930757029745f,-0.9921359149810057f,-3.7952757387000173f,0f,0f,0f,1f], start_interpolation: 0, interpolation_duration: 1 }
$data merge entity $(bone_tail2) { transformation: [-1.52980325782653f,-0.001042624603972315f,-0.19088482492954142f,-0.22061426106846319f,0.0024736427796790764f,1.5414059443804835f,-0.028243704272261607f,-0.7833356907801976f,0.19087164416393815f,-0.028332643250420855f,-1.5295428689290504f,-1.916098956837153f,0f,0f,0f,1f], start_interpolation: 0, interpolation_duration: 1 }
$data merge entity $(bone_tail1) { transformation: [-0.9979291432143834f,-0.0006762970404144746f,-0.064319264188265f,-0.02753389996663369f,0.0005072728260939157f,0.9998308828413948f,-0.018383372674157482f,-0.763866766417167f,0.06432081931759426f,-0.018377930757029745f,-0.9977600332060828f,-0.8640190239703891f,0f,0f,0f,1f], start_interpolation: 0, interpolation_duration: 1 }
$data merge entity $(bone_body1) { transformation: [-1.3324314514224078f,-0.0009017293872192994f,-0.049024401294310106f,0.5f,7.228014483236696e-20f,1.3331078437885262f,-0.024520493618270623f,-1.1875f,0.04903269356412443f,-0.02450390767603966f,-1.332206114401307f,-0.12499999999999994f,0f,0f,0f,1f], start_interpolation: 0, interpolation_duration: 1 }
data modify entity @s data merge value {"locators":{"hitbox_head":{"posx":0.1636059467282391,"posy":0.11766915135265177,"posz":3.2616593016513873,"roty":359.64799446767483,"rotx":0.9709099169349859},"hitbox_neck":{"posx":0.13148180260962372,"posy":-0.719927313928272,"posz":2.3407551050917466,"roty":356.2963367775608,"rotx":-2.619366718920694},"hitbox_right_arm":{"posx":-0.9291076014402003,"posy":-2.715062203147481,"posz":3.065140595137721,"roty":356.2963367775608,"rotx":-2.6193667189206944},"hitbox_left_arm":{"posx":1.184335920912508,"posy":-2.4339546238859504,"posz":3.3710867199769092,"roty":352.7951396458586,"rotx":-15.181746290956184},"hitbox_tail1":{"posx":-0.1811932501221481,"posy":-1.5460045839607397,"posz":-2.5998850295753577,"roty":352.8863451745374,"rotx":-1.0497311925729749},"hitbox_tail2":{"posx":-0.3976197102736343,"posy":-1.9530015860920735,"posz":-4.329231156758231,"roty":352.8863451745374,"rotx":-1.0497311925729749}},"cameras":{}}