# This file was generated by Animated Java via MC-Build. It is not recommended to edit this file directly.
$data merge entity $(bone_jaw) { transformation: [-0.9923918850526839f,0.10682331749214684f,0.061213767418390935f,1.5055063009502643f,0.12244437406999154f,0.9083064367345846f,0.399983489965686f,1.6534477911636238f,-0.012873295622676861f,0.4044356510330093f,-0.9144758512029265f,2.209771822384912f,0f,0f,0f,1f], start_interpolation: 0, interpolation_duration: 1 }
$data merge entity $(bone_head) { transformation: [-1.1164408706842694f,0.13696466659273354f,0.020626739221023677f,1.5100900207771584f,0.1377499208287405f,1.1154577254816185f,0.049030826783259006f,1.6643435304487926f,-0.014482457575511469f,0.05118342279015324f,-1.1237417477579348f,1.96005143399426f,0f,0f,0f,1f], start_interpolation: 0, interpolation_duration: 1 }
$data merge entity $(bone_neck) { transformation: [-0.8004680438995658f,-0.14549832658030298f,-0.5814474590691185f,1.5924899542248545f,0.13813121768218686f,0.8991949583820578f,-0.4151724864702929f,0.3025556330696496f,0.5832415257826205f,-0.4126483536652251f,-0.6996789683991795f,1.538380385047918f,0f,0f,0f,1f], start_interpolation: 0, interpolation_duration: 1 }
$data merge entity $(bone_right_arm2) { transformation: [-0.7256451876750367f,0.3679101982089198f,-0.5814474590691185f,0.15955509068190715f,0.653540069412317f,0.632864269927303f,-0.4151724864702929f,-0.21163755931584022f,0.21523112989668766f,-0.6812671296218944f,-0.6996789683991795f,3.3022681926964026f,0f,0f,0f,1f], start_interpolation: 0, interpolation_duration: 1 }
$data merge entity $(bone_right_arm1) { transformation: [-0.8239096401726979f,0.4177313708830443f,-0.6601851358180616f,0.46945621886954436f,0.7420402871452348f,0.7185646398132919f,-0.4713937606798117f,0.12933443882406948f,0.2443770120701974f,-0.7735220534248591f,-0.7944271620365684f,1.8598160662005156f,0f,0f,0f,1f], start_interpolation: 0, interpolation_duration: 1 }
$data merge entity $(bone_left_arm2) { transformation: [-0.3832807707438546f,-0.7121316603251512f,0.588187341873778f,2.0200520157525492f,0.44126779740615296f,-0.7006255836747838f,-0.5607196469472877f,1.1411064680916003f,0.8114053128679397f,0.044635074357643356f,0.5827770829286004f,0.4908624098160168f,0f,0f,0f,1f], start_interpolation: 0, interpolation_duration: 1 }
$data merge entity $(bone_left_arm1) { transformation: [-0.43518337511541816f,-0.8085661559941819f,0.667837711085852f,1.369982768256556f,0.5010228116382361f,-0.7955019647974106f,-0.6366504324713995f,-0.026063181068390784f,0.9212831156521397f,0.05067940734357422f,0.661694812908515f,1.2036693496950677f,0f,0f,0f,1f], start_interpolation: 0, interpolation_duration: 1 }
$data merge entity $(bone_body2) { transformation: [-1.2674077361743126f,-0.23037235041881307f,-0.9206251435261045f,0.7657528772242654f,0.21870776133012923f,1.4237253507715917f,-0.6573564369112972f,-0.3504545011302751f,0.9234657491558158f,-0.6533598933032732f,-1.107825033298701f,0.5583823900781741f,0f,0f,0f,1f], start_interpolation: 0, interpolation_duration: 1 }
$data merge entity $(bone_right_leg2) { transformation: [-0.9792753735637504f,-0.011131729510576477f,-0.2022271676350152f,-0.7001610946562383f,-0.0030459797869364647f,0.9991849657120411f,-0.040250792565676596f,-2.4874510895533577f,0.20251040649486318f,-0.03880063006100437f,-0.9785111375800248f,0.9274293122753091f,0f,0f,0f,1f], start_interpolation: 0, interpolation_duration: 1 }
$data merge entity $(bone_right_leg1) { transformation: [-1.2426771590437313f,-0.2739333966875699f,-0.39811022386769845f,-0.5526855032599833f,0f,1.0984228525044444f,-0.7558075250179623f,-1.1260715630209186f,0.48325071771160194f,-0.7044185609798964f,-1.0237387423342006f,0.2720025545970485f,0f,0f,0f,1f], start_interpolation: 0, interpolation_duration: 1 }
$data merge entity $(bone_left_leg2) { transformation: [-0.9320078692827986f,3.469446951953614e-17f,-0.3624380382837016f,0.8008132244200026f,0f,1f,9.71445146547012e-17f,-2.5284631205656902f,0.36243803828370147f,2.7755575615628914e-17f,-0.9320078692827984f,-0.7310062257712037f,0f,0f,0f,1f], start_interpolation: 0, interpolation_duration: 1 }
$data merge entity $(bone_left_leg1) { transformation: [-1.2426771590437313f,0.044743129826971206f,-0.4811749250553953f,0.6123243333435148f,0f,1.327606029802952f,0.12345042490255431f,-1.1260715630209186f,0.48325071771160194f,0.11505676747548568f,-1.2373392670836445f,-0.1810449932575784f,0f,0f,0f,1f], start_interpolation: 0, interpolation_duration: 1 }
$data merge entity $(bone_tail3) { transformation: [-0.31847446150173536f,-0.0668264050693611f,-0.9455729738929117f,-2.7437278071409335f,0.1422083224822562f,0.9828549916653012f,-0.11735782196080222f,-1.1313679489605248f,0.9372037187228623f,-0.17184381555385228f,-0.30351094324246586f,-2.1795613697575713f,0f,0f,0f,1f], start_interpolation: 0, interpolation_duration: 1 }
$data merge entity $(bone_tail2) { transformation: [-0.49098146148184196f,-0.10302404114859837f,-1.4577583347515721f,-0.9980578378289355f,0.2192378304934783f,1.5152347788173393f,-0.18092664218957005f,-1.0778313034109828f,1.4448557330310794f,-0.2649258823121889f,-0.46791270416546815f,-1.4611071709212426f,0f,0f,0f,1f], start_interpolation: 0, interpolation_duration: 1 }
$data merge entity $(bone_tail1) { transformation: [-0.7983680966808216f,-0.0668264050693611f,-0.5984501765291308f,-0.2624085131816314f,0.050628709704854384f,0.9828549916653012f,-0.17729297536062255f,-0.8957861058034282f,0.6000375954520379f,-0.17184381555385228f,-0.7812967343461956f,-0.7059840901099146f,0f,0f,0f,1f], start_interpolation: 0, interpolation_duration: 1 }
$data merge entity $(bone_body1) { transformation: [-1.2426771590437313f,-0.0891018734258148f,-0.4749653801286874f,0.5f,0f,1.3104733222204015f,-0.24584029272355112f,-1.1875f,0.48325071771160194f,-0.22912508740513637f,-1.2213714487945866f,-0.12499999999999994f,0f,0f,0f,1f], start_interpolation: 0, interpolation_duration: 1 }
data modify entity @s data merge value {"locators":{"hitbox_head":{"posx":1.4282688895531332,"posy":1.0310251199636549,"posz":2.243766684599157,"roty":1.0515693702924125,"rotx":2.4979107150049478},"hitbox_neck":{"posx":1.3194987371263251,"posy":0.086319693326258,"posz":2.072204151613585,"roty":320.27272902471543,"rotx":-24.530179246173834},"hitbox_right_arm":{"posx":0.03701579777785685,"posy":-0.596069331669727,"posz":4.34682675213643,"roty":320.27272902471543,"rotx":-24.530179246173823},"hitbox_left_arm":{"posx":2.4620450533123024,"posy":2.0945126379021435,"posz":0.10412596193982704,"roty":134.73527564861587,"rotx":-34.10558074502914},"hitbox_tail1":{"posx":-1.5582101458905746,"posy":-1.9134320900682922,"posz":-1.6580385475754065,"roty":287.7956424212776,"rotx":-6.739639376856543},"hitbox_tail2":{"posx":-3.1879029483021597,"posy":-2.4873789003741837,"posz":-2.1247412674170274,"roty":287.7956424212776,"rotx":-6.739639376856543}},"cameras":{}}