# This file was generated by Animated Java via MC-Build. It is not recommended to edit this file directly.
$data merge entity $(bone_jaw) { transformation: [-0.9911294207863002f,0.11740140727118127f,0.06228467566391749f,1.451528101371773f,0.13234389471867194f,0.9147159947926027f,0.38181113446476733f,1.6091037264304393f,-0.012147624562285131f,0.386667245110477f,-0.9221392935864776f,2.295482257965102f,0f,0f,0f,1f], start_interpolation: 0, interpolation_duration: 1 }
$data merge entity $(bone_head) { transformation: [-1.1150205983845878f,0.1481091192658152f,0.020439030514693667f,1.456070108152816f,0.14888688155850593f,1.113986138006203f,0.04992575317217009f,1.620198338246477f,-0.013666077632570772f,0.05218786372644094f,-1.1237057734130456f,2.045769863873314f,0f,0f,0f,1f], start_interpolation: 0, interpolation_duration: 1 }
$data merge entity $(bone_neck) { transformation: [-0.8205239035199479f,-0.12671673151455265f,-0.5573898040928413f,1.5480893713215687f,0.12858331645550203f,0.9092098332896612f,-0.3959846080072946f,0.26813373814253416f,0.5569621661133648f,-0.3965858658647019f,-0.7297347439410112f,1.595751783845806f,0f,0f,0f,1f], start_interpolation: 0, interpolation_duration: 1 }
$data merge entity $(bone_right_arm2) { transformation: [-0.7438043668285624f,0.3688789370242021f,-0.5573898040928413f,0.08004043406015982f,0.6286728385628265f,0.6693031094165541f,-0.3959846080072946f,-0.3166506723416789f,0.22699234775674632f,-0.6449509109577465f,-0.7297347439410112f,3.291355762369309f,0f,0f,0f,1f], start_interpolation: 0, interpolation_duration: 1 }
$data merge entity $(bone_right_arm1) { transformation: [-0.8445278748365969f,0.41883129307956274f,-0.6328696733970802f,0.4134274132245225f,0.7138056187848758f,0.759937905483379f,-0.44960752367494905f,0.09310997871165005f,0.2577308948488057f,-0.7322880134832745f,-0.8285529905163564f,1.8722299466038381f,0f,0f,0f,1f], start_interpolation: 0, interpolation_duration: 1 }
$data merge entity $(bone_left_arm2) { transformation: [-0.4380371972427609f,-0.7649239379466457f,0.4722444102240939f,2.152698065348735f,0.4121397312417897f,-0.637744826726913f,-0.6507091346485039f,1.1040626968360707f,0.7989144233043058f,-0.09040412125149744f,0.5946115026612693f,0.705846753506675f,0f,0f,0f,1f], start_interpolation: 0, interpolation_duration: 1 }
$data merge entity $(bone_left_arm1) { transformation: [-0.4973547343693847f,-0.8685073878769205f,0.5361941741086066f,1.336516804684464f,0.46795031984744867f,-0.7241061053461824f,-0.7388259966321553f,-0.051546252300789686f,0.9071007514600972f,-0.10264634600430438f,0.675131810313316f,1.245647509726303f,0f,0f,0f,1f], start_interpolation: 0, interpolation_duration: 1 }
$data merge entity $(bone_body2) { transformation: [-1.2991628472399175f,-0.2006348248980417f,-0.8825338564803322f,0.7547613236577688f,0.2035902510545449f,1.4395822360419637f,-0.6269756293448833f,-0.35791975044855573f,0.8818567630128277f,-0.6279276209524447f,-1.155413344573268f,0.5715447060471461f,0f,0f,0f,1f], start_interpolation: 0, interpolation_duration: 1 }
$data merge entity $(bone_right_leg2) { transformation: [-0.9814756423177696f,-0.0050009233363144945f,-0.19152168102516703f,-0.7364927227237892f,0.0023522291934043593f,0.9992693802276955f,-0.03814672669022928f,-2.5049361383906072f,0.19157252035389422f,-0.03789058596989053f,-0.9807467934895913f,0.8611624439013621f,0f,0f,0f,1f], start_interpolation: 0, interpolation_duration: 1 }
$data merge entity $(bone_right_leg1) { transformation: [-1.2522056236306005f,-0.2470653667938181f,-0.38563915576185026f,-0.5602930625205842f,0f,1.1226896251267156f,-0.7192675325708873f,-1.125958058354565f,0.4579943819804742f,-0.6755031368851283f,-1.054378696631553f,0.25119471153809475f,0f,0f,0f,1f], start_interpolation: 0, interpolation_duration: 1 }
$data merge entity $(bone_left_leg2) { transformation: [-0.9391542177229504f,2.0816681711721685e-17f,-0.34349578648535567f,0.8156737529369655f,0f,1f,1.3877787807814457e-17f,-2.530580207610108f,0.34349578648535567f,1.3877787807814457e-17f,-0.9391542177229504f,-0.7175361285719684f,0f,0f,0f,1f], start_interpolation: 0, interpolation_duration: 1 }
$data merge entity $(bone_left_leg1) { transformation: [-1.2522056236306005f,0.04009600702787806f,-0.45623586459867105f,0.6136497096331037f,0f,1.3282138603994835f,0.11672925434730903f,-1.125958058354565f,0.4579943819804742f,0.1096267715519303f,-1.247397649032257f,-0.17817502156859982f,0f,0f,0f,1f], start_interpolation: 0, interpolation_duration: 1 }
$data merge entity $(bone_tail3) { transformation: [-0.38167550964840075f,-0.05991308131624054f,-0.9223525508295768f,-2.6511777596111483f,0.12903579913165647f,0.9846710663269614f,-0.11735694986228813f,-1.112354353676725f,0.9152450862348774f,-0.16380877212688688f,-0.3680938987502962f,-2.336172712233945f,0f,0f,0f,1f], start_interpolation: 0, interpolation_duration: 1 }
$data merge entity $(bone_tail2) { transformation: [-0.5884164107079511f,-0.09236600036253749f,-1.4219601825289307f,-0.958242462764947f,0.19893019032797038f,1.5180345605873988f,-0.18092529770436086f,-1.060806422729783f,1.4110028412787692f,-0.25253852369561725f,-0.5674780939067066f,-1.5008768715239889f,0f,0f,0f,1f], start_interpolation: 0, interpolation_duration: 1 }
$data merge entity $(bone_tail1) { transformation: [-0.8189410336821485f,-0.05991308131624054f,-0.5707416280934898f,-0.24946185370534546f,0.045342081898164216f,0.9846710663269614f,-0.16842501817623465f,-0.8875226011548043f,0.5720836293416847f,-0.16380877212688688f,-0.8036709570548929f,-0.7184869333208759f,0f,0f,0f,1f], start_interpolation: 0, interpolation_duration: 1 }
$data merge entity $(bone_body1) { transformation: [-1.2522056236306005f,-0.07988410842165405f,-0.4509738164764712f,0.5f,0f,1.312894755102615f,-0.2325621203072888f,-1.1875f,0.4579943819804742f,-0.2184116961691825f,-1.233010646680961f,-0.12499999999999994f,0f,0f,0f,1f], start_interpolation: 0, interpolation_duration: 1 }
data modify entity @s data merge value {"locators":{"hitbox_head":{"posx":1.3681097556399482,"posy":0.987448885695206,"posz":2.3289170988622487,"roty":1.0420352856893942,"rotx":2.5435330880208653},"hitbox_neck":{"posx":1.255019919391157,"posy":0.04096978488757402,"posz":2.114169409594378,"roty":322.6264961315285,"rotx":-23.32739569869312},"hitbox_right_arm":{"posx":-0.05663137384440675,"posy":-0.7486694253444091,"posz":4.315361067032358,"roty":322.6264961315285,"rotx":-23.32739569869312},"hitbox_left_arm":{"posx":2.708877123011006,"posy":2.041403357684624,"posz":0.4490129719710187,"roty":141.54316355252251,"rotx":-40.59508894608335},"hitbox_tail1":{"posx":-1.4997155917670506,"posy":-1.8961221003967843,"posz":-1.745490483599012,"roty":291.7560309055861,"rotx":-6.739589061601177},"hitbox_tail2":{"posx":-3.0913651502252195,"posy":-2.4707484125283994,"posz":-2.3282265168644476,"roty":291.7560309055861,"rotx":-6.739589061601177}},"cameras":{}}