# This file was generated by Animated Java via MC-Build. It is not recommended to edit this file directly.
$data merge entity $(bone_jaw) { transformation: [-0.9935303562658009f,0.11322959800414298f,0.008745816952746519f,0.639209471742185f,0.11303338571890124f,0.9784710804820407f,0.17267830892509306f,1.0337600211051836f,0.010994766540171425f,0.1725497110867704f,-0.9849394460131033f,3.0340226379203155f,0f,0f,0f,1f], start_interpolation: 0, interpolation_duration: 1 }
$data merge entity $(bone_head) { transformation: [-1.117721650799026f,0.12757536239302886f,-0.006916519745330668f,0.6376724673543337f,0.1271625589337639f,1.1167360712035082f,0.048530720975171374f,1.044544625766333f,0.012369112357692853f,0.04743494685609179f,-1.123931461823292f,2.784260090848473f,0f,0f,0f,1f], start_interpolation: 0, interpolation_duration: 1 }
$data merge entity $(bone_neck) { transformation: [-0.9735148998715425f,0.0014855870999513701f,-0.2286187497977122f,0.9370987467857654f,0.03902199761440109f,0.9863850254511298f,-0.15975564236657075f,-0.1528019220055319f,0.2252687804163776f,-0.1644456584916198f,-0.9603184898631159f,2.0660904397738484f,0f,0f,0f,1f], start_interpolation: 0, interpolation_duration: 1 }
$data merge entity $(bone_right_arm2) { transformation: [-0.9476103086259954f,0.22308780833267627f,-0.2286187497977122f,-0.6435114870104324f,0.26256859682033473f,0.9515964831249877f,-0.15975564236657075f,-1.3716026923730815f,0.1819132621595973f,-0.21141419790893476f,-0.9603184898631159f,2.840382972307387f,0f,0f,0f,1f], start_interpolation: 0, interpolation_duration: 1 }
$data merge entity $(bone_right_arm1) { transformation: [-1.0759325379190987f,0.25329761571105947f,-0.25957753883281903f,-0.21175590761409846f,0.2981247609730884f,1.0804585068814963f,-0.18138921893704385f,-0.3145169989049073f,0.20654734974370942f,-0.24004320387576963f,-1.090361618698746f,1.8458349813461439f,0f,0f,0f,1f], start_interpolation: 0, interpolation_duration: 1 }
$data merge entity $(bone_left_arm2) { transformation: [-0.9087629994249449f,-0.2587814166094688f,-0.32738660524489116f,1.7321656924674724f,0.11706183773655124f,0.594933888519714f,-0.7952044985012054f,-0.6291462064763266f,0.4005575327239758f,-0.7609769028744625f,-0.5103604767903485f,2.816888387217573f,0f,0f,0f,1f], start_interpolation: 0, interpolation_duration: 1 }
$data merge entity $(bone_left_arm1) { transformation: [-1.0318246555970727f,-0.293824733442001f,-0.3717202080384701f,0.8834483547413868f,0.1329139615967092f,0.6754978525900918f,-0.902888441006577f,-0.35841674622110853f,0.4547996986136808f,-0.8640258584720458f,-0.579471791355708f,1.592407603377719f,0f,0f,0f,1f], start_interpolation: 0, interpolation_duration: 1 }
$data merge entity $(bone_body2) { transformation: [-1.5413985914632757f,0.002352179574923003f,-0.361979687179711f,0.6083664447578072f,0.06178482955613506f,1.5617762902976224f,-0.2529464337470704f,-0.44409972199817294f,0.3566755689925979f,-0.2603722926117314f,-1.5205042756166003f,0.6959104642513454f,0f,0f,0f,1f], start_interpolation: 0, interpolation_duration: 1 }
$data merge entity $(bone_right_leg2) { transformation: [-0.9968661767548045f,0.02052186270877739f,-0.07639815961933215f,-0.9877856954564075f,0.021610521768912747f,0.9996759837066387f,-0.013450388434525479f,-2.5962093695121906f,0.07609737834599961f,-0.015059241386150862f,-0.9969866640320418f,0.06610538317954764f,0f,0f,0f,1f], start_interpolation: 0, interpolation_duration: 1 }
$data merge entity $(bone_right_leg1) { transformation: [-1.3218656516482326f,-0.03693493886908592f,-0.17054262534952241f,-0.6158605340822809f,0f,1.3031227579603037f,-0.28222128811219943f,-1.1251345316849413f,0.17449635173942946f,-0.27979397018957713f,-1.2919149102216294f,0.018167967225389686f,0f,0f,0f,1f], start_interpolation: 0, interpolation_duration: 1 }
$data merge entity $(bone_left_leg2) { transformation: [-0.9913992387361745f,0f,-0.1308722638045721f,0.948115847523904f,0f,0.9999999999999999f,-6.938893903907228e-18f,-2.5516087967372574f,0.1308722638045721f,6.938893903907228e-18f,-0.9913992387361745f,-0.55089841635519f,0f,0f,0f,1f], start_interpolation: 0, interpolation_duration: 1 }
$data merge entity $(bone_left_leg1) { transformation: [-1.3218656516482326f,0.005724580089163847f,-0.17440242530760125f,0.6233885143379373f,0f,1.332615637856097f,0.04374173658149753f,-1.1251345316849413f,0.17449635173942946f,0.04336552434789494f,-1.3211541288984563f,-0.14542236253032542f,0f,0f,0f,1f], start_interpolation: 0, interpolation_duration: 1 }
$data merge entity $(bone_tail3) { transformation: [-0.90357136068783f,-0.00858224806535182f,-0.42835165595908253f,-1.1525428134859965f,0.020112042874571835f,0.9978474930409392f,-0.06241703584218094f,-0.8011072013628673f,0.4279653045238069f,-0.0650132728760634f,-0.9014538105048909f,-3.589775302365193f,0f,0f,0f,1f], start_interpolation: 0, interpolation_duration: 1 }
$data merge entity $(bone_tail2) { transformation: [-1.393005847727071f,-0.013230965767417387f,-0.6603754696035855f,-0.46072070713644214f,0.031006066098298243f,1.5383482184381145f,-0.09622626359002893f,-0.8686576587446326f,0.6597798444742022f,-0.10022879568393106f,-1.38974129119504f,-1.833863755938785f,0f,0f,0f,1f], start_interpolation: 0, interpolation_duration: 1 }
$data merge entity $(bone_tail1) { transformation: [-0.9737657697474266f,-0.00858224806535182f,-0.227390788481738f,-0.0973972731561672f,0.006444783392551723f,0.9978474930409392f,-0.06525982990274956f,-0.8001246873970301f,0.22746140427603276f,-0.0650132728760634f,-0.9716144214217478f,-0.8299561087126821f,0f,0f,0f,1f], start_interpolation: 0, interpolation_duration: 1 }
$data merge entity $(bone_body1) { transformation: [-1.3218656516482326f,-0.011442997420469093f,-0.17412074712797965f,0.5f,0f,1.3304633240545856f,-0.08743638329322859f,-1.1875f,0.17449635173942946f,-0.0866843638347512f,-1.3190203266341165f,-0.12499999999999994f,0f,0f,0f,1f], start_interpolation: 0, interpolation_duration: 1 }
data modify entity @s data merge value {"locators":{"hitbox_head":{"posx":0.5687185215096873,"posy":0.410654941493503,"posz":3.070110526434892,"roty":359.64741409825285,"rotx":2.472416557450917},"hitbox_neck":{"posx":0.4783615454122265,"posy":-0.4832158524466837,"posz":2.3604317631492844,"roty":346.60911198525554,"rotx":-9.192713120301086},"hitbox_right_arm":{"posx":-0.8115155647333772,"posy":-2.226910817013513,"posz":3.5433259940328545,"roty":346.60911198525554,"rotx":-9.192713120301086},"hitbox_left_arm":{"posx":2.2114380991634457,"posy":-0.8337942106039723,"posz":3.8080106826919615,"roty":327.3205949657522,"rotx":-52.67457531062263},"hitbox_tail1":{"posx":-0.6358293644733188,"posy":-1.6624689960261578,"posz":-2.4583489590693257,"roty":334.5839282437346,"rotx":-3.5785589033085303},"hitbox_tail2":{"posx":-1.3822264193772063,"posy":-2.145891618640327,"posz":-4.011513150124361,"roty":334.5839282437346,"rotx":-3.5785589033085303}},"cameras":{}}