# This file was generated by Animated Java via MC-Build. It is not recommended to edit this file directly.
$data merge entity $(bone_jaw) { transformation: [-0.908359134910715f,0.41562884488593554f,0.04622061577954987f,2.014611857694992f,0.16722687028397798f,0.259706996400027f,0.9510980232741008f,-0.4101109136995291f,0.3832999554908446f,0.8716679065559655f,-0.30541153351020844f,3.067897893289238f,0f,0f,0f,1f], start_interpolation: 0, interpolation_duration: 1 }
$data merge entity $(bone_head) { transformation: [-1.0219040267745543f,0.46656311918153903f,0.060464997159880546f,2.028048523730521f,0.18813022906947524f,0.27272793792791544f,1.0751053384593778f,-0.1711986162641118f,0.4312124499272002f,0.9866931274176283f,-0.3257568039728437f,2.995507492406384f,0f,0f,0f,1f], start_interpolation: 0, interpolation_duration: 1 }
$data merge entity $(bone_neck) { transformation: [-0.908359134910715f,0.3438422702021063f,-0.2380255768746703f,1.923499897885471f,0.16722687028397798f,0.8203483531343243f,0.5468672173067493f,-0.6821025625495867f,0.3832999554908446f,0.4569475601554992f,-0.8026705870957606f,1.6661808799804383f,0f,0f,0f,1f], start_interpolation: 0, interpolation_duration: 1 }
$data merge entity $(bone_right_arm2) { transformation: [-0.9130557372413128f,0.054974463299491017f,-0.4041126440432863f,1.1151520939421076f,0.05316936289704101f,0.9984621300968255f,0.01569693000660316f,-1.5571575775064688f,0.40435410167308256f,-0.007154239822815878f,-0.9145745334923294f,3.0090185881708873f,0f,0f,0f,1f], start_interpolation: 0, interpolation_duration: 1 }
$data merge entity $(bone_right_arm1) { transformation: [-0.9468694510333738f,-0.23327424053556683f,-0.5815431010224058f,0.753974888034227f,0.04574108480919048f,1.025251511484458f,-0.4857345965686986f,-0.6787082698988367f,0.6249135962712605f,-0.42850142805576774f,-0.8456006919899791f,1.8296769964781974f,0f,0f,0f,1f], start_interpolation: 0, interpolation_duration: 1 }
$data merge entity $(bone_left_arm2) { transformation: [-0.8335954449616908f,0.05980303279475113f,-0.5491286109898763f,2.4004931021648956f,0.05533456000557742f,0.9981621739650106f,0.024705483893919855f,-1.6231417751019825f,0.5495968709955599f,-0.009791411236052594f,-0.8353726160569882f,2.1927926990862967f,0f,0f,0f,1f], start_interpolation: 0, interpolation_duration: 1 }
$data merge entity $(bone_left_arm1) { transformation: [-1.036026493472062f,-0.1366130404563725f,-0.4440236355710056f,1.6885701861158022f,0.07743862667456852f,1.019246809739809f,-0.49427745940759027f,-0.7229037521060921f,0.45806481077155947f,-0.48129390704322317f,-0.9207083203275229f,1.2050143770136743f,0f,0f,0f,1f], start_interpolation: 0, interpolation_duration: 1 }
$data merge entity $(bone_body2) { transformation: [-1.3153563454481432f,0.20020693179574556f,-0.8583118975026992f,1.1363401383713463f,0.062201049032433606f,1.5591839034358095f,0.2683673400590727f,-0.5f,0.8791547977648846f,0.1892278630964554f,-1.303159277233362f,0.475579910001605f,0f,0f,0f,1f], start_interpolation: 0, interpolation_duration: 1 }
$data merge entity $(bone_right_leg2) { transformation: [-0.9941118425114985f,0.031208367429414737f,-0.10376744374216905f,-0.5356057053497432f,0.02089585966570584f,0.9948657705062018f,0.09902253139529804f,-2.531553360063696f,0.10632500941558698f,0.0962711611932271f,-0.9896599698357428f,1.923883522040595f,0f,0f,0f,1f], start_interpolation: 0, interpolation_duration: 1 }
$data merge entity $(bone_right_leg1) { transformation: [-1.325482456681998f,-0.119187832341236f,-0.08165963156805467f,-0.27217417000206345f,0.02786114622094112f,0.5285966102430165f,-1.2237594363062643f,-1.6826774691358026f,0.14176667922078262f,-1.2182600962188526f,-0.5229936179355554f,0.6931516064774452f,0f,0f,0f,1f], start_interpolation: 0, interpolation_duration: 1 }
$data merge entity $(bone_left_leg2) { transformation: [-0.6863770400018342f,0.6309314366704759f,-0.3616795282833269f,-0.17680027280143173f,0f,0.4973277154225815f,0.8675627605381387f,-1.5687952282517925f,0.7272458724243958f,0.5954751595939878f,-0.34135432522262604f,-1.451291704760626f,0f,0f,0f,1f], start_interpolation: 0, interpolation_duration: 1 }
$data merge entity $(bone_left_leg1) { transformation: [-0.9151693866691122f,0.8412419155606345f,-0.4822393710444358f,0.5857971300002293f,0f,0.663103620563442f,1.156750347384185f,-1.125f,0.9696611632325276f,0.7939668794586503f,-0.4551391002968347f,-0.21590573405304941f,0f,0f,0f,1f], start_interpolation: 0, interpolation_duration: 1 }
$data merge entity $(bone_tail3) { transformation: [0.5925194415813533f,0f,-0.8055561503384612f,-3.0412591065662973f,0f,1f,0f,-0.5625f,0.8055561503384612f,0f,0.5925194415813533f,0.7939477958964738f,0f,0f,0f,1f], start_interpolation: 0, interpolation_duration: 1 }
$data merge entity $(bone_tail2) { transformation: [0.9134674724379196f,0f,-1.2418990651051276f,-1.4567763944840135f,0f,1.5416666666666665f,0f,-0.75f,1.2418990651051276f,0f,0.9134674724379196f,-0.21633163827625596f,0f,0f,0f,1f], start_interpolation: 0, interpolation_duration: 1 }
$data merge entity $(bone_tail1) { transformation: [-0.06111822234047393f,0f,-0.9981305339974028f,-0.38862292431921386f,0f,1f,0f,-0.75f,0.9981305339974028f,0f,-0.06111822234047393f,-0.27615984378917774f,0f,0f,0f,1f], start_interpolation: 0, interpolation_duration: 1 }
$data merge entity $(bone_body1) { transformation: [-0.9151693866691122f,0f,-0.9696611632325276f,0.5f,0f,1.3333333333333333f,0f,-1.1875f,0.9696611632325276f,0f,-0.9151693866691122f,-0.12499999999999994f,0f,0f,0f,1f], start_interpolation: 0, interpolation_duration: 1 }
data modify entity @s data merge value {"locators":{"head":{"posx":1.7520509583074768,"posy":-0.6213545091294476,"posz":2.5378326449446025,"roty":10.515225371427391,"rotx":72.87199694161825},"neck":{"posx":1.3701326762136574,"posy":-0.974478161996313,"posz":1.7868093460545185,"roty":343.4826955254084,"rotx":33.152355312133864},"right_arm":{"posx":1.2051679690866777,"posy":-2.5601450874255307,"posz":3.4987322260944356,"roty":336.16134811940833,"rotx":0.8994047778679989},"left_arm":{"posx":2.667354090175188,"posy":-2.6371151010143015,"posz":2.585920613913621,"roty":326.6812523891841,"rotx":1.4156639938621756},"tail1":{"posx":-2.084661178039375,"posy":-1.5,"posz":0.09033095901861682,"roty":233.66400000000004,"rotx":0},"tail2":{"posx":-3.4943844411316816,"posy":-1.875,"posz":1.127239981785985,"roty":233.66400000000004,"rotx":0}},"cameras":{}}