# This file was generated by Animated Java via MC-Build. It is not recommended to edit this file directly.
$data merge entity $(bone_jaw) { transformation: [-0.9064776905401345f,0.4193797474544019f,0.04918154103020901f,2.0363649595700104f,0.17076090156399484f,0.25756296134634177f,0.9510531191471665f,-0.4100912813033606f,0.38618507357234244f,0.8705067193121402f,-0.30508874214290405f,3.052767546334833f,0f,0f,0f,1f], start_interpolation: 0, interpolation_duration: 1 }
$data merge entity $(bone_head) { transformation: [-1.0197874018576514f,0.47063762589307473f,0.06448937979350731f,2.0506959328574563f,0.1921060142594942f,0.26890686038666917f,1.075364765892167f,-0.1711213333273235f,0.4344582077688852f,0.9858064341090065f,-0.3241245750811459f,2.9807398629834676f,0f,0f,0f,1f], start_interpolation: 0, interpolation_duration: 1 }
$data merge entity $(bone_neck) { transformation: [-0.9064776905401345f,0.34830267602852816f,-0.23871204918141473f,1.939909644887313f,0.17076090156399484f,0.8194201310146593f,0.5471666687445155f,-0.6825627549574776f,0.38618507357234244f,0.4552316934916602f,-0.8022625469200464f,1.65212533248987f,0f,0f,0f,1f], start_interpolation: 0, interpolation_duration: 1 }
$data merge entity $(bone_right_arm2) { transformation: [-0.9110378356936569f,0.055606987628495586f,-0.4085559017582562f,1.1394168883450044f,0.05408196062210761f,0.9984193710772399f,0.015293822053279338f,-1.5539826713764606f,0.4087605698570819f,-0.008162253647916062f,-0.912605157856069f,3.00378904106943f,0f,0f,0f,1f], start_interpolation: 0, interpolation_duration: 1 }
$data merge entity $(bone_right_arm1) { transformation: [-0.943384272385713f,-0.23567747339584827f,-0.5862194555739961f,0.7716708558295068f,0.047098910830516316f,1.0243060512232391f,-0.4875959525780315f,-0.6781270543208406f,0.6300625478143438f,-0.4294464447467787f,-0.8412894530900135f,1.8245483770651607f,0f,0f,0f,1f], start_interpolation: 0, interpolation_duration: 1 }
$data merge entity $(bone_left_arm2) { transformation: [-0.8292856097174959f,0.06070273607899186f,-0.5555182763402167f,2.420367434471748f,0.05655590020996473f,0.9980954182457201f,0.02463668460530838f,-1.6214281476075403f,0.5559557605303876f,-0.010986988187178026f,-0.8311392653602964f,2.1773382228518754f,0f,0f,0f,1f], start_interpolation: 0, interpolation_duration: 1 }
$data merge entity $(bone_left_arm1) { transformation: [-1.0326964050056955f,-0.13998785602141628f,-0.4506800885320805f,1.701429380783797f,0.07852678222938873f,1.0182227598683695f,-0.4962126184441331f,-0.7232461440021877f,0.46534147301251244f,-0.4824902262191554f,-0.916423211208652f,1.192774404016928f,0f,0f,0f,1f], start_interpolation: 0, interpolation_duration: 1 }
$data merge entity $(bone_body2) { transformation: [-1.3085490351208529f,0.20299210067919166f,-0.8680081072147766f,1.1438368067312978f,0.06350094103300685f,1.5590452116931757f,0.2688681885775048f,-0.5f,0.8891633694752908f,0.1873944486981271f,-1.296617240138707f,0.46753621517848626f,0f,0f,0f,1f], start_interpolation: 0, interpolation_duration: 1 }
$data merge entity $(bone_right_leg2) { transformation: [-0.9930595550998957f,0.032095192178124246f,-0.1131486573665218f,-0.5129890130280497f,0.020931567649875027f,0.9949163691797627f,0.09850526794987563f,-2.527107037973033f,0.11573499687007383f,0.09545321878913965f,-0.9886830096255709f,1.9403181717186682f,0f,0f,0f,1f], start_interpolation: 0, interpolation_duration: 1 }
$data merge entity $(bone_right_leg1) { transformation: [-1.324079406799861f,-0.13114594865236812f,-0.08597815081970935f,-0.26183227665805375f,0.027908756866500035f,0.5222864956989797f,-1.2264647143226028f,-1.6844135802469136f,0.15431332916009843f,-1.2197521610312185f,-0.5159165047572883f,0.7027901800830973f,0f,0f,0f,1f], start_interpolation: 0, interpolation_duration: 1 }
$data merge entity $(bone_left_leg2) { transformation: [-0.67718424591827f,0.6396602105002631f,-0.3636706094570513f,-0.19456649509032176f,0f,0.494242919864201f,0.8693238384883444f,-1.5638104977771814f,0.7358134934071976f,0.5886924080255054f,-0.3346935189886829f,-1.4437438079242262f,0f,0f,0f,1f], start_interpolation: 0, interpolation_duration: 1 }
$data merge entity $(bone_left_leg1) { transformation: [-0.9029123278910266f,0.8528802806670175f,-0.48489414594273506f,0.5846480307397838f,0f,0.6589905598189346f,1.1590984513177924f,-1.125f,0.9810846578762634f,0.7849232107006738f,-0.4462580253182438f,-0.21697668667589964f,0f,0f,0f,1f], start_interpolation: 0, interpolation_duration: 1 }
$data merge entity $(bone_tail3) { transformation: [0.6581990546037683f,0f,-0.7528439443328911f,-2.9483171500844145f,0f,1f,0f,-0.5625f,0.7528439443328911f,0f,0.6581990546037683f,0.9864769270321351f,0f,0f,0f,1f], start_interpolation: 0, interpolation_duration: 1 }
$data merge entity $(bone_tail2) { transformation: [1.0147235425141425f,0f,-1.1606344141798737f,-1.4544598726347724f,0f,1.5416666666666665f,0f,-0.75f,1.1606344141798737f,0f,1.0147235425141425f,-0.15354080730831896f,0f,0f,0f,1f], start_interpolation: 0, interpolation_duration: 1 }
$data merge entity $(bone_tail1) { transformation: [-0.01275219341898376f,0f,-0.999918687475639f,-0.3904522430145332f,0f,1f,0f,-0.75f,0.999918687475639f,0f,-0.01275219341898376f,-0.2649814377351036f,0f,0f,0f,1f], start_interpolation: 0, interpolation_duration: 1 }
$data merge entity $(bone_body1) { transformation: [-0.9029123278910266f,0f,-0.9810846578762634f,0.5f,0f,1.3333333333333333f,0f,-1.1875f,0.9810846578762634f,0f,-0.9029123278910266f,-0.12499999999999994f,0f,0f,0f,1f], start_interpolation: 0, interpolation_duration: 1 }
data modify entity @s data merge value {"locators":{"head":{"posx":1.771316868529774,"posy":-0.6192264685121861,"posz":2.5231042260010046,"roty":11.252889550829764,"rotx":72.91691723435034},"neck":{"posx":1.3858963022542246,"posy":-0.9728606868990419,"posz":1.7747888025816745,"roty":343.429703410602,"rotx":33.17285090691709},"right_arm":{"posx":1.2311479868647834,"posy":-2.5566688309414585,"posz":3.493801409261448,"roty":335.8828490128334,"rotx":0.8763056200003455},"left_arm":{"posx":2.6892541871702083,"posy":-2.635376651919038,"posz":2.5691476086860523,"roty":326.2419572117834,"rotx":1.4117208847966902},"tail1":{"posx":-2.0543149661891063,"posy":-1.5,"posz":0.20486554969016038,"roty":228.83733333333333,"rotx":0},"tail2":{"posx":-3.3717918687716657,"posy":-1.875,"posz":1.3567138952467548,"roty":228.83733333333333,"rotx":0}},"cameras":{}}