# This file was generated by Animated Java via MC-Build. It is not recommended to edit this file directly.
$data merge entity $(bone_jaw) { transformation: [-0.9025428948213887f,0.42567008714162075f,0.06497153161402827f,2.0880512423281217f,0.1839785000570623f,0.24478594692446104f,0.9519620537106763f,-0.41948457667595485f,0.38931765246926725f,0.871139952648907f,-0.29924396130027214f,3.010591294485656f,0f,0f,0f,1f], start_interpolation: 0, interpolation_duration: 1 }
$data merge entity $(bone_head) { transformation: [-1.0153607566740623f,0.47700730022795845f,0.08444861950032059f,2.106817602217082f,0.20697581256419506f,0.24986474723919244f,1.0771971133921987f,-0.18010744036657733f,0.43798235902792565f,0.9877533313617973f,-0.31327273989928384f,2.940975130063593f,0f,0f,0f,1f], start_interpolation: 0, interpolation_duration: 1 }
$data merge entity $(bone_neck) { transformation: [-0.9025428948213887f,0.36242362863260175f,-0.2325197548945156f,1.9840916433538431f,0.1839785000570623f,0.8127868045453012f,0.5527472495397802f,-0.6865755299734196f,0.38931765246926725f,0.45609946696506487f,-0.8002531110280061f,1.611504967468323f,0f,0f,0f,1f], start_interpolation: 0, interpolation_duration: 1 }
$data merge entity $(bone_right_arm2) { transformation: [-0.9054967778901124f,0.05485954906993992f,-0.4207921281422303f,1.208276065091992f,0.056143531608452285f,0.9983789617579683f,0.009346260086886493f,-1.5392275465642753f,0.42062273962442276f,-0.015161747752942545f,-0.9071089418123497f,2.9896838118321387f,0f,0f,0f,1f], start_interpolation: 0, interpolation_duration: 1 }
$data merge entity $(bone_right_arm1) { transformation: [-0.9335292930764642f,-0.24543144491930216f,-0.5978774721942821f,0.8194834372721684f,0.051414081136715264f,1.018829260341335f,-0.4985123242986472f,-0.6775004734890824f,0.6442442535044206f,-0.4369454783626854f,-0.8265585264876163f,1.8067909620430227f,0f,0f,0f,1f], start_interpolation: 0, interpolation_duration: 1 }
$data merge entity $(bone_left_arm2) { transformation: [-0.8187946571816478f,0.06236789846382472f,-0.570688666973503f,2.472886876519932f,0.062315871660075434f,0.9978631356217131f,0.019644202871269556f,-1.611594984356152f,0.5706943503400331f,-0.019478393373392633f,-0.8209315140019653f,2.1399445616989907f,0f,0f,0f,1f], start_interpolation: 0, interpolation_duration: 1 }
$data merge entity $(bone_left_arm1) { transformation: [-1.0248323346658392f,-0.1492395514139568f,-0.465421582075402f,1.736492583537269f,0.08312602333041696f,1.012220844807775f,-0.507612088632993f,-0.7259875596229901f,0.4816427690862596f,-0.4922474221109134f,-0.9027091033973925f,1.1568923329135299f,0f,0f,0f,1f], start_interpolation: 0, interpolation_duration: 1 }
$data merge entity $(bone_body2) { transformation: [-1.2906054651138454f,0.2129841787313078f,-0.892143327875555f,1.1657121412537483f,0.06824108418846275f,1.558083467037583f,0.27324624172598033f,-0.5f,0.9146721447007679f,0.18427721996692922f,-1.2792033530108502f,0.4428488751308303f,0f,0f,0f,1f], start_interpolation: 0, interpolation_duration: 1 }
$data merge entity $(bone_right_leg2) { transformation: [-0.989623591176048f,0.03346663451812628f,-0.1397323590363092f,-0.4456495141985651f,0.021053649101163474f,0.995774568073224f,0.08938542072457473f,-2.507897093046264f,0.14213335867187182f,0.08551604500100729f,-0.9861465988381435f,1.9899512783898237f,0f,0f,0f,1f], start_interpolation: 0, interpolation_duration: 1 }
$data merge entity $(bone_right_leg1) { transformation: [-1.319498121568064f,-0.16532303421773045f,-0.09680278566844487f,-0.23009141088249596f,0.02807153213488463f,0.49960255509725837f,-1.235875015445198f,-1.6875f,0.1895111448958291f,-1.2250891229111094f,-0.49093782158531846f,0.7309156101833909f,0f,0f,0f,1f], start_interpolation: 0, interpolation_duration: 1 }
$data merge entity $(bone_left_leg2) { transformation: [-0.6489701430066631f,0.6698380863883445f,-0.36076958229528133f,-0.25114767214718914f,0f,0.47418901496051646f,0.8804230676730223f,-1.531514500357923f,0.7608138757185696f,0.5713682841341263f,-0.3077345128511151f,-1.4229158815680647f,0f,0f,0f,1f], start_interpolation: 0, interpolation_duration: 1 }
$data merge entity $(bone_left_leg1) { transformation: [-0.8652935240088842f,0.8931174485177926f,-0.48102610972704174f,0.5811212678758328f,0f,0.6322520199473552f,1.1738974235640296f,-1.125f,1.0144185009580928f,0.7618243788455017f,-0.4103126838014868f,-0.22010173446482115f,0f,0f,0f,1f], start_interpolation: 0, interpolation_duration: 1 }
$data merge entity $(bone_tail3) { transformation: [0.7962765942671634f,0f,-0.604932711483093f,-2.671847611649892f,0f,1f,0f,-0.5625f,0.604932711483093f,0f,0.7962765942671634f,1.4242986696929179f,0f,0f,0f,1f], start_interpolation: 0, interpolation_duration: 1 }
$data merge entity $(bone_tail2) { transformation: [1.2275930828285433f,0f,-0.9326045968697683f,-1.4380642033356972f,0f,1.5416666666666665f,0f,-0.75f,0.9326045968697683f,0f,1.2275930828285433f,0.006896644377373196f,0f,0f,0f,1f], start_interpolation: 0, interpolation_duration: 1 }
$data merge entity $(bone_tail1) { transformation: [0.10723587080166985f,0f,-0.9942336083704912f,-0.3950954782922589f,0f,1f,0f,-0.75f,0.9942336083704912f,0f,0.10723587080166985f,-0.23132066939571244f,0f,0f,0f,1f], start_interpolation: 0, interpolation_duration: 1 }
$data merge entity $(bone_body1) { transformation: [-0.8652935240088842f,0f,-1.0144185009580928f,0.5f,0f,1.3333333333333333f,0f,-1.1875f,1.0144185009580928f,0f,-0.8652935240088842f,-0.12499999999999994f,0f,0f,0f,1f], start_interpolation: 0, interpolation_duration: 1 }
data modify entity @s data merge value {"locators":{"head":{"posx":1.8183555966736826,"posy":-0.6181426092195172,"posz":2.479243484834618,"roty":15.086556101518653,"rotx":73.23751626918279},"neck":{"posx":1.4259763045677376,"posy":-0.968474737841849,"posz":1.7351581324695582,"roty":343.7983669727811,"rotx":33.5556906772425},"right_arm":{"posx":1.3072190314750352,"posy":-2.5387706676401587,"posz":3.4846889517177826,"roty":335.11423117657444,"rotx":0.5355090537525006},"left_arm":{"posx":2.7470379776167118,"posy":-2.6231749633922545,"posz":2.534220315177114,"roty":325.19405187308183,"rotx":1.125602318335448},"tail1":{"posx":-1.953490016763719,"posy":-1.5,"posz":0.47872021400066134,"roty":217.22400000000002,"rotx":0},"tail2":{"posx":-3.012122261859132,"posy":-1.875,"posz":1.8722042539681971,"roty":217.22400000000002,"rotx":0}},"cameras":{}}