# This file was generated by Animated Java via MC-Build. It is not recommended to edit this file directly.
$data merge entity $(bone_jaw) { transformation: [-0.90764124905875f,0.4090447873316506f,0.09417921726090497f,2.062953872540065f,0.20014074479871682f,0.22451740634228787f,0.9536957672763084f,-0.4453151249175884f,0.36895940871386784f,0.8844627161198694f,-0.2856477875205344f,3.0057658885959486f,0f,0f,0f,1f], start_interpolation: 0, interpolation_duration: 1 }
$data merge entity $(bone_head) { transformation: [-1.0210964051910938f,0.4573562676129411f,0.11752606426229589f,2.089070775709464f,0.22515833789855644f,0.22543705904333428f,1.0789378366174074f,-0.2055511612248312f,0.41507933480310133f,1.0028102397188872f,-0.2961515978926384f,2.9399544223975846f,0f,0f,0f,1f], start_interpolation: 0, interpolation_duration: 1 }
$data merge entity $(bone_neck) { transformation: [-0.90764124905875f,0.36895213477540595f,-0.20015415372093254f,1.9882545071417126f,0.20014074479871682f,0.799552948488044f,0.5662673969384868f,-0.6950542813802159f,0.36895940871386784f,0.4739086460582309f,-0.7995495919033211f,1.6023127381823323f,0f,0f,0f,1f], start_interpolation: 0, interpolation_duration: 1 }
$data merge entity $(bone_right_arm2) { transformation: [-0.9060420986509948f,0.047480411043045345f,-0.4205155479162265f,1.2192699213769753f,0.055985126544498304f,0.9984003794314639f,-0.007896072245447416f,-1.5172109812351868f,0.4194679738405511f,-0.030696790032383958f,-0.9072509718946629f,2.9904654086773323f,0f,0f,0f,1f], start_interpolation: 0, interpolation_duration: 1 }
$data merge entity $(bone_right_arm1) { transformation: [-0.9336695900284054f,-0.25393104902365443f,-0.5940968994552821f,0.8229798311001228f,0.05485084394648109f,1.0091232592854877f,-0.5175254964075079f,-0.6791621501463656f,0.6437573211381694f,-0.4542689477118428f,-0.817549534627858f,1.793136268023425f,0f,0f,0f,1f], start_interpolation: 0, interpolation_duration: 1 }
$data merge entity $(bone_left_arm2) { transformation: [-0.8237172307711588f,0.06037242960109608f,-0.5637775212570593f,2.472512504441155f,0.07129521359654026f,0.9974517500590059f,0.0026455287657112248f,-1.5942421853362987f,0.5625005922209478f,-0.03801547117013304f,-0.8259224586502025f,2.1543312851763536f,0f,0f,0f,1f], start_interpolation: 0, interpolation_duration: 1 }
$data merge entity $(bone_left_arm1) { transformation: [-1.0293841870772718f,-0.14803153769962424f,-0.45565981410038014f,1.7421726228531194f,0.08959592862772965f,1.0013308886401475f,-0.5277120691939037f,-0.7316130728528779f,0.47065037120249165f,-0.5143871326596936f,-0.8961390030489353f,1.1466391587517997f,0f,0f,0f,1f], start_interpolation: 0, interpolation_duration: 1 }
$data merge entity $(bone_body2) { transformation: [-1.293678743948662f,0.22210747068258718f,-0.8854422755701474f,1.1755987252155555f,0.07381981714249884f,1.556177220969755f,0.28250227605515466f,-0.5f,0.9098848204563617f,0.18953937017484895f,-1.281845889762596f,0.4310497841804421f,0f,0f,0f,1f], start_interpolation: 0, interpolation_duration: 1 }
$data merge entity $(bone_right_leg2) { transformation: [-0.9881517893412093f,0.02958004107294747f,-0.15060233196032868f,-0.41604689056225386f,0.021132295703322312f,0.9981282728039014f,0.05738795263648727f,-2.482981025431584f,0.15201798347588252f,0.053525435071777705f,-0.9869273329380956f,2.01497208741032f,0f,0f,0f,1f], start_interpolation: 0, interpolation_duration: 1 }
$data merge entity $(bone_right_leg1) { transformation: [-1.3175357191216124f,-0.178794550479076f,-0.09954855767643533f,-0.21492115108913967f,0.028176394271096417f,0.48393523078911366f,-1.2420912047771469f,-1.6780478395061729f,0.20269064463451003f,-1.2294783360831736f,-0.47442312491864713f,0.7436269324200002f,0f,0f,0f,1f], start_interpolation: 0, interpolation_duration: 1 }
$data merge entity $(bone_left_leg2) { transformation: [-0.6354854676347909f,0.6947925628105134f,-0.3367811085678502f,-0.2862656716501708f,0f,0.43618121082577177f,0.8998588507774782f,-1.470804599694085f,0.7721128288177779f,0.5718472225916312f,-0.27718682073512485f,-1.4197076783640852f,0f,0f,0f,1f], start_interpolation: 0, interpolation_duration: 1 }
$data merge entity $(bone_left_leg1) { transformation: [-0.8473139568463878f,0.9263900837473511f,-0.4490414780904669f,0.5794356834543488f,0f,0.5815749477676957f,1.1998118010366374f,-1.125f,1.029483771757037f,0.7624629634555082f,-0.36958242764683313f,-0.22151410360222218f,0f,0f,0f,1f], start_interpolation: 0, interpolation_duration: 1 }
$data merge entity $(bone_tail3) { transformation: [0.8688065697309195f,0f,-0.49515163777613935f,-2.4561406562177908f,0f,1f,0f,-0.5625f,0.49515163777613935f,0f,0.8688065697309195f,1.6668819445342382f,0f,0f,0f,1f], start_interpolation: 0, interpolation_duration: 1 }
$data merge entity $(bone_tail2) { transformation: [1.3394101283351674f,0f,-0.7633587749048815f,-1.4191305141711648f,0f,1.5416666666666665f,0f,-0.75f,0.7633587749048815f,0f,1.3394101283351674f,0.09976358101078159f,0f,0f,0f,1f], start_interpolation: 0, interpolation_duration: 1 }
$data merge entity $(bone_tail1) { transformation: [0.18107059260586406f,0f,-0.9834701014740415f,-0.3968273554307289f,0f,1f,0f,-0.75f,0.9834701014740415f,0f,0.18107059260586406f,-0.21555768631720412f,0f,0f,0f,1f], start_interpolation: 0, interpolation_duration: 1 }
$data merge entity $(bone_body1) { transformation: [-0.8473139568463878f,0f,-1.029483771757037f,0.5f,0f,1.3333333333333333f,0f,-1.1875f,1.029483771757037f,0f,-0.8473139568463878f,-0.12499999999999994f,0f,0f,0f,1f], start_interpolation: 0, interpolation_duration: 1 }
data modify entity @s data merge value {"locators":{"head":{"posx":1.8023378314071925,"posy":-0.6304989264204078,"posz":2.4651019553017135,"roty":21.645369304047108,"rotx":73.54770064086202},"neck":{"posx":1.421096101286677,"posy":-0.9655996892811849,"posz":1.7090203992553448,"roty":345.94576666462217,"rotx":34.49034797715285},"right_arm":{"posx":1.325419653126356,"posy":-2.508164254134896,"posz":3.501004433022082,"roty":335.1320316457776,"rotx":-0.4524163156830648},"left_arm":{"posx":2.7455111623917863,"posy":-2.5974726506279437,"posz":2.570151698657779,"roty":325.6824199352791,"rotx":0.1515778096670865},"tail1":{"posx":-1.8681480863586255,"posy":-1.5,"posz":0.6351741429787714,"roty":209.67975000000004,"rotx":0},"tail2":{"posx":-2.734663452466869,"posy":-1.875,"posz":2.1555856400078803,"roty":209.67975000000004,"rotx":0}},"cameras":{}}