# This file was generated by Animated Java via MC-Build. It is not recommended to edit this file directly.
$data merge entity $(bone_jaw) { transformation: [-0.9207623418221085f,0.37651257807414706f,0.10215179114546122f,1.9497836685307752f,0.2017411008865919f,0.23541646855172726f,0.9507258356370145f,-0.43864118114271744f,0.333912021489692f,0.896000761655141f,-0.29272068088550657f,3.061962092359475f,0f,0f,0f,1f], start_interpolation: 0, interpolation_duration: 1 }
$data merge entity $(bone_head) { transformation: [-1.035857634549872f,0.42159809030451206f,0.12197955236978099f,1.9768902357240599f,0.22695873849741588f,0.24694207201549093f,1.073840930533176f,-0.2000098632464561f,0.3756510241759035f,1.0133605791228928f,-0.31242862339310434f,2.9925335093832297f,0f,0f,0f,1f], start_interpolation: 0, interpolation_duration: 1 }
$data merge entity $(bone_neck) { transformation: [-0.9207623418221085f,0.3513025863974198f,-0.16965613066656332f,1.9261668024212728f,0.2017411008865919f,0.8009808316165347f,0.5636756475101178f,-0.6939360836803494f,0.333912021489692f,0.4847846946566774f,-0.808385156797983f,1.653680820667303f,0f,0f,0f,1f], start_interpolation: 0, interpolation_duration: 1 }
$data merge entity $(bone_right_arm2) { transformation: [-0.916549070057786f,0.044752414907550164f,-0.39741039686469004f,1.1146373806633667f,0.055542183224511946f,0.9983332950186574f,-0.015674754857583295f,-1.5194065054736288f,0.3960465478436376f,-0.03643972306608645f,-0.91750709998561f,3.0086861054662757f,0f,0f,0f,1f], start_interpolation: 0, interpolation_duration: 1 }
$data merge entity $(bone_right_arm1) { transformation: [-0.9523502603069316f,-0.239539461367157f,-0.5699305528620976f,0.7547577401867402f,0.05400037109114125f,1.0104911007112123f,-0.5149395131953911f,-0.6779766000976408f,0.6158603320232461f,-0.45902024876449576f,-0.836174305757383f,1.8022653212001185f,0f,0f,0f,1f], start_interpolation: 0, interpolation_duration: 1 }
$data merge entity $(bone_left_arm2) { transformation: [-0.8451490711814014f,0.05714708124651628f,-0.5314670813759013f,2.3899382076399096f,0.07123517141203128f,0.9974413357361488f,-0.00602761302559951f,-1.5963423309828746f,0.5297627750560749f,-0.042953380191690704f,-0.8470575005836349f,2.2206864591240336f,0f,0f,0f,1f], start_interpolation: 0, interpolation_duration: 1 }
$data merge entity $(bone_left_arm1) { transformation: [-1.0453597024516295f,-0.12866770105887326f,-0.42407395833617195f,1.6967106603265674f,0.08976113860282378f,1.0025124191500827f,-0.5254358137689304f,-0.7309236588521799f,0.43397815317295596f,-0.5172856842195788f,-0.9128250053622089f,1.1894469915058312f,0f,0f,0f,1f], start_interpolation: 0, interpolation_duration: 1 }
$data merge entity $(bone_body2) { transformation: [-1.3257115172338307f,0.2150272301925453f,-0.8385682487393268f,1.156347185926652f,0.07451808269157345f,1.5563655488797683f,0.2812788261789255f,-0.5f,0.8624850566067747f,0.1960459460951553f,-1.3132516737450248f,0.45364788215819546f,0f,0f,0f,1f], start_interpolation: 0, interpolation_duration: 1 }
$data merge entity $(bone_right_leg2) { transformation: [-0.9908451694993635f,0.02474175968033744f,-0.13271659808666725f,-0.472310205231028f,0.020972129588414434f,0.9993380226429243f,0.029726861264809445f,-2.4903930297979793f,0.13336423756129023f,0.02667136719500718f,-0.9907081398230484f,1.9656715698494518f,0f,0f,0f,1f], start_interpolation: 0, interpolation_duration: 1 }
$data merge entity $(bone_right_leg1) { transformation: [-1.321126892665818f,-0.15334638530042968f,-0.09426768994851845f,-0.24397584848910847f,0.027962839451219246f,0.5149488352226268f,-1.2295623426611857f,-1.6548996913580247f,0.17781898341505364f,-1.2202829020337578f,-0.5070185656552282f,0.7188749533342669f,0f,0f,0f,1f], start_interpolation: 0, interpolation_duration: 1 }
$data merge entity $(bone_left_leg2) { transformation: [-0.6613118653236519f,0.6732744775347625f,-0.33070847385944707f,-0.24052252687547226f,0f,0.44087934073865864f,0.8975663802247975f,-1.4782745584915724f,0.7501110696304595f,0.5935712971582591f,-0.2915587392065443f,-1.444426380482272f,0f,0f,0f,1f], start_interpolation: 0, interpolation_duration: 1 }
$data merge entity $(bone_left_leg1) { transformation: [-0.8817491537648692f,0.8976993033796834f,-0.4409446318125961f,0.5826639831654565f,0f,0.5878391209848781f,1.1967551736330633f,-1.125f,1.0001480928406126f,0.791428396211012f,-0.3887449856087257f,-0.2187638837038074f,0f,0f,0f,1f], start_interpolation: 0, interpolation_duration: 1 }
$data merge entity $(bone_tail3) { transformation: [0.8345474984356522f,0f,-0.550935997058456f,-2.567269201418088f,0f,1f,0f,-0.5625f,0.550935997058456f,0f,0.8345474984356522f,1.514122844912082f,0f,0f,0f,1f], start_interpolation: 0, interpolation_duration: 1 }
$data merge entity $(bone_tail2) { transformation: [1.286594060088297f,0f,-0.8493596621317863f,-1.4299457696290265f,0f,1.5416666666666665f,0f,-0.75f,0.8493596621317863f,0f,1.286594060088297f,0.018213284977541155f,0f,0f,0f,1f], start_interpolation: 0, interpolation_duration: 1 }
$data merge entity $(bone_tail1) { transformation: [0.13198607323670408f,0f,-0.9912515707284177f,-0.3932392348846705f,0f,1f,0f,-0.75f,0.9912515707284177f,0f,0.13198607323670408f,-0.24592836417750918f,0f,0f,0f,1f], start_interpolation: 0, interpolation_duration: 1 }
$data merge entity $(bone_body1) { transformation: [-0.8817491537648692f,0f,-1.0001480928406126f,0.5f,0f,1.3333333333333333f,0f,-1.1875f,1.0001480928406126f,0f,-0.8817491537648692f,-0.12499999999999994f,0f,0f,0f,1f], start_interpolation: 0, interpolation_duration: 1 }
data modify entity @s data merge value {"locators":{"head":{"posx":1.7087858654521695,"posy":-0.6354890506253889,"posz":2.5163411385908185,"roty":21.326853981892413,"rotx":72.65467793737317},"neck":{"posx":1.3552541779445066,"posy":-0.9638928010320187,"posz":1.739890715515643,"roty":348.1473319813884,"rotx":34.310376363702375},"right_arm":{"posx":1.21130584730955,"posy":-2.5064310366119624,"posz":3.5286322877653946,"roty":336.5805617018989,"rotx":-0.8981340790844894},"left_arm":{"posx":2.6513464840301815,"posy":-2.5952220584194756,"posz":2.6540584161665373,"roty":327.8947136494534,"rotx":-0.3453588781964269},"tail1":{"posx":-1.9130327049111715,"posy":-1.5,"posz":0.5230976905197451,"roty":213.43125,"rotx":0},"tail2":{"posx":-2.8771706997634694,"posy":-1.875,"posz":1.9835558127821364,"roty":213.43125,"rotx":0}},"cameras":{}}