# This file was generated by Animated Java via MC-Build. It is not recommended to edit this file directly.
$data merge entity $(bone_jaw) { transformation: [-0.9690474186162686f,0.24324141228787036f,0.04219852866331514f,1.335155516881303f,0.13340823814765757f,0.3721313836518927f,0.9185425821896696f,-0.11501794152413547f,0.20772419807880893f,0.8957409495214173f,-0.3930633649718397f,3.3437766143549563f,0f,0f,0f,1f], start_interpolation: 0, interpolation_duration: 1 }
$data merge entity $(bone_head) { transformation: [-1.0901783459433023f,0.27653794586602265f,-0.025747592752072772f,1.3294338296030646f,0.15008426791611476f,0.6743376078752971f,0.8879011786956396f,0.08229343151933999f,0.23368972283866005f,0.8569834042157543f,-0.6903575583263846f,3.1903638236157597f,0f,0f,0f,1f], start_interpolation: 0, interpolation_duration: 1 }
$data merge entity $(bone_neck) { transformation: [-0.9690474186162686f,0.20501727234103098f,-0.1375318818128724f,1.4843820330758946f,0.13340823814765757f,0.9036214797016786f,0.40702636697895495f,-0.6137995865671214f,0.20772419807880893f,0.3760799641879271f,-0.90300305540398f,1.953226780110949f,0f,0f,0f,1f], start_interpolation: 0, interpolation_duration: 1 }
$data merge entity $(bone_right_arm2) { transformation: [-0.9642226872617189f,0.05460032716555986f,-0.25940974084101653f,0.3700847745082807f,0.056742618719727425f,0.9983885414720803f,-0.0007716722619280358f,-1.6673844351404359f,0.25894957924394696f,-0.01546365191880672f,-0.965767047935845f,2.976695110691643f,0f,0f,0f,1f], start_interpolation: 0, interpolation_duration: 1 }
$data merge entity $(bone_right_arm1) { transformation: [-1.056699645723341f,-0.09413473637157317f,-0.4045930264857069f,0.30712030515805466f,0.037659292068894436f,1.0796158180896829f,-0.34954609137545595f,-0.6414048728793982f,0.41368906607919814f,-0.33873196436599157f,-1.0016451566636368f,1.8647732773678725f,0f,0f,0f,1f], start_interpolation: 0, interpolation_duration: 1 }
$data merge entity $(bone_left_arm2) { transformation: [-0.9355462609389338f,0.02412748496428109f,-0.3523791397237904f,1.8710710053805224f,0.02457360287616024f,0.9996928771342896f,0.0032077170466235927f,-1.724130079457475f,0.3523483101773939f,-0.005658257352296692f,-0.9358518325241822f,2.4207216590532608f,0f,0f,0f,1f], start_interpolation: 0, interpolation_duration: 1 }
$data merge entity $(bone_left_arm1) { transformation: [-1.0990039795872424f,-0.03741110207511678f,-0.2827749445006991f,1.3541254587187965f,0.054611756922005976f,1.0771878640900434f,-0.3547602971126649f,-0.6787186668559175f,0.2799621685187839f,-0.35698420391258173f,-1.040843153073317f,1.454879523821511f,0f,0f,0f,1f], start_interpolation: 0, interpolation_duration: 1 }
$data merge entity $(bone_body2) { transformation: [-1.4735628087151182f,0.11916116077070539f,-0.5668842130275238f,0.9650071096389043f,0.05251571004102711f,1.5705712016210036f,0.1936301765791919f,-0.5f,0.5768875049911756f,0.16140372624874674f,-1.46563777523047f,0.6162107581418879f,0f,0f,0f,1f], start_interpolation: 0, interpolation_duration: 1 }
$data merge entity $(bone_right_leg2) { transformation: [-0.997002298676579f,0.017842447502753756f,-0.07528654262701433f,-0.7864932857945375f,0.016664329167353387f,0.9997291180628871f,0.01624778848349051f,-2.5078188394467116f,0.07555604917556152f,0.014944482738242393f,-0.9970295611809444f,1.305407935222817f,0f,0f,0f,1f], start_interpolation: 0, interpolation_duration: 1 }
$data merge entity $(bone_right_leg1) { transformation: [-1.3293363982354385f,-0.05624317526981937f,-0.0864825030845994f,-0.45298526046814136f,0.02221910555647118f,0.935422909812641f,-0.9498779231689198f,-1.2829375f,0.1007413989007487f,-0.9484716457601661f,-0.9316815365318238f,0.4728662838214484f,0f,0f,0f,1f], start_interpolation: 0, interpolation_duration: 1 }
$data merge entity $(bone_left_leg2) { transformation: [-0.8470980093050146f,0.3611034358880291f,-0.3899093115345433f,0.28261615570892057f,0f,0.7336890996304494f,0.6794853236703944f,-1.9673389170717728f,0.5314366967301764f,0.5755906650331646f,-0.6215065757457422f,-1.4123507342708068f,0f,0f,0f,1f], start_interpolation: 0, interpolation_duration: 1 }
$data merge entity $(bone_left_leg1) { transformation: [-1.129464012406686f,0.4814712478507055f,-0.5198790820460577f,0.6058872511631268f,0f,0.9782521328405991f,0.9059804315605258f,-1.125f,0.7085822623069018f,0.7674542200442194f,-0.8286754343276562f,-0.191429587091272f,0f,0f,0f,1f], start_interpolation: 0, interpolation_duration: 1 }
$data merge entity $(bone_tail3) { transformation: [0.10986848518766995f,0f,-0.9939461333304569f,-3.2105331539128352f,0f,1f,0f,-0.5625f,0.9939461333304569f,0f,0.10986848518766995f,-0.7626472279932592f,0f,0f,0f,1f], start_interpolation: 0, interpolation_duration: 1 }
$data merge entity $(bone_tail2) { transformation: [0.16938058133099115f,0f,-1.5323336222177875f,-1.33315059326977f,0f,1.5416666666666665f,0f,-0.75f,1.5323336222177875f,0f,0.16938058133099115f,-0.8444073710538332f,0f,0f,0f,1f], start_interpolation: 0, interpolation_duration: 1 }
$data merge entity $(bone_tail1) { transformation: [-0.435150074737037f,0f,-0.9003579357435303f,-0.32212652720013946f,0f,1f,0f,-0.75f,0.9003579357435303f,0f,-0.435150074737037f,-0.4946051586136727f,0f,0f,0f,1f], start_interpolation: 0, interpolation_duration: 1 }
$data merge entity $(bone_body1) { transformation: [-1.129464012406686f,0f,-0.7085822623069018f,0.5f,0f,1.3333333333333333f,0f,-1.1875f,0.7085822623069018f,0f,-1.129464012406686f,-0.12499999999999994f,0f,0f,0f,1f], start_interpolation: 0, interpolation_duration: 1 }
data modify entity @s data merge value {"locators":{"head":{"posx":1.1829537465530722,"posy":-0.5389777891601694,"posz":2.9060279208087807,"roty":357.8640851558593,"rotx":52.11505737182309},"neck":{"posx":0.9401683318664826,"posy":-0.9368318182537915,"posz":2.0289342745053784,"roty":351.34011752096706,"rotx":24.018172198376984},"right_arm":{"posx":0.3849253998093717,"posy":-2.6618407268115694,"posz":3.4912266352811185,"roty":344.96495427148693,"rotx":-0.044213568163827294},"left_arm":{"posx":2.08160473158682,"posy":-2.7269626652948364,"posz":2.8722840632815614,"roty":339.36698585600783,"rotx":0.18378896382580218},"tail1":{"posx":-2.030222120582918,"posy":-1.5,"posz":-0.8931160541536173,"roty":263.692265625,"rotx":0},"tail2":{"posx":-3.769627853911217,"posy":-1.875,"posz":-0.7008462050751949,"roty":263.692265625,"rotx":0}},"cameras":{}}