# This file was generated by Animated Java via MC-Build. It is not recommended to edit this file directly.
$data merge entity $(bone_jaw) { transformation: [-0.9889360382271679f,0.14752304465850205f,-0.015571242411535721f,0.8386295492020196f,0.07856938579761129f,0.609930507553827f,0.7885503329341235f,0.1655799569337215f,0.12582672176822904f,0.7786024192422063f,-0.6147730547439796f,3.4192822227282296f,0f,0f,0f,1f], start_interpolation: 0, interpolation_duration: 1 }
$data merge entity $(bone_head) { transformation: [-1.112553043005564f,0.150558825685064f,-0.07199143356951597f,0.8226314528532382f,0.0883905590223127f,0.9432582700261603f,0.6066926281923806f,0.30040054097647273f,0.14155506198925766f,0.5943238814279547f,-0.9446514110451683f,3.2093596869404144f,0f,0f,0f,1f], start_interpolation: 0, interpolation_duration: 1 }
$data merge entity $(bone_neck) { transformation: [-0.9889360382271679f,0.10838428402291711f,-0.10128355874668325f,1.1196482787107926f,0.07856938579761129f,0.9618338930872933f,0.26211145286676674f,-0.5478671078733339f,0.12582672176822904f,0.2512536747699042f,-0.9597078862881557f,2.09972663900415f,0f,0f,0f,1f], start_interpolation: 0, interpolation_duration: 1 }
$data merge entity $(bone_right_arm2) { transformation: [-0.9858290162802226f,0.043318214888968365f,-0.16206382359676005f,-0.1502273967192239f,0.04346826845471957f,0.9990513688788689f,0.002621445938169903f,-1.7639929112370636f,0.16202364116855614f,-0.004460336320444486f,-0.9867767959890378f,2.8217364661897832f,0f,0f,0f,1f], start_interpolation: 0, interpolation_duration: 1 }
$data merge entity $(bone_right_arm1) { transformation: [-1.1056668782135848f,-0.02629643754691444f,-0.2568662273211698f,-0.031846807615562245f,0.023451753858334593f,1.1146176382732986f,-0.2150547433456566f,-0.6122070695318137f,0.25714154974806724f,-0.2147254637131781f,-1.08486967215918f,1.8458552434117248f,0f,0f,0f,1f], start_interpolation: 0, interpolation_duration: 1 }
$data merge entity $(bone_left_arm2) { transformation: [-0.9763446508156394f,0.004397838337915259f,-0.21617534975487074f,1.4826874050057124f,0.003636285359283231f,0.9999857035926885f,0.003920464133457896f,-1.8001303033128804f,0.2161895007914884f,0.0030416489260646495f,-0.9763466843899955f,2.463370630057269f,0f,0f,0f,1f], start_interpolation: 0, interpolation_duration: 1 }
$data merge entity $(bone_left_arm1) { transformation: [-1.1218774730207406f,-0.003813689633088362f,-0.17477814006455125f,1.0636763377703753f,0.030023371470961263f,1.1140779104058052f,-0.2170253756033971f,-0.635443669685026f,0.17222235522300255f,-0.21905906112658607f,-1.1006923253317542f,1.591072790450337f,0f,0f,0f,1f], start_interpolation: 0, interpolation_duration: 1 }
$data merge entity $(bone_body2) { transformation: [-1.5418473898024305f,0.05925303709705996f,-0.3551621440956942f,0.7948595016858706f,0.032703363178595034f,1.5783377155658038f,0.12134657021841727f,-0.5f,0.35858271157528654f,0.11083130271605936f,-1.5382065224611488f,0.6988221132414205f,0f,0f,0f,1f], start_interpolation: 0, interpolation_duration: 1 }
$data merge entity $(bone_right_leg2) { transformation: [-0.9988615491394742f,0.011589112527778547f,-0.046274162569494855f,-0.9311762040276688f,0.01104642346196437f,0.999867383959225f,0.011966245160223321f,-2.538377125864973f,0.046406704034961443f,0.011441458183032993f,-0.9988571023200753f,0.6648193288607269f,0f,0f,0f,1f], start_interpolation: 0, interpolation_duration: 1 }
$data merge entity $(bone_right_leg1) { transformation: [-1.3318153988526322f,-0.01580208649820199f,-0.061610187624164627f,-0.5591998598818264f,0.014728564615952492f,1.1798036829447465f,-0.6209864063505282f,-1.125f,0.06187560537994859f,-0.6209600160639113f,-1.178285977887605f,0.25410507359611945f,0f,0f,0f,1f], start_interpolation: 0, interpolation_duration: 1 }
$data merge entity $(bone_left_leg2) { transformation: [-0.9415109865616235f,0.14908301519506972f,-0.3022107158326867f,0.6620078102401844f,0f,0.8968148383948527f,0.44240608679675086f,-2.275919428068616f,0.336982287640995f,0.41653019124087615f,-0.8443610232602407f,-1.156116113498082f,0f,0f,0f,1f], start_interpolation: 0, interpolation_duration: 1 }
$data merge entity $(bone_left_leg1) { transformation: [-1.2553479820821645f,0.1987773535934263f,-0.40294762111024895f,0.617688873320203f,0f,1.1957531178598035f,0.5898747823956678f,-1.125f,0.44930971685466004f,0.5553735883211681f,-1.1258146976803207f,-0.1671227859551243f,0f,0f,0f,1f], start_interpolation: 0, interpolation_duration: 1 }
$data merge entity $(bone_tail3) { transformation: [-0.5138500999709434f,0f,-0.8578799885530906f,-2.538600777448961f,0f,1f,0f,-0.5625f,0.8578799885530906f,0f,-0.5138500999709434f,-2.4752191434522217f,0f,0f,0f,1f], start_interpolation: 0, interpolation_duration: 1 }
$data merge entity $(bone_tail2) { transformation: [-0.7921855707885377f,0f,-1.322564982352681f,-0.9943070614082838f,0f,1.5416666666666665f,0f,-0.75f,1.322564982352681f,0f,-0.7921855707885377f,-1.4045152074375666f,0f,0f,0f,1f], start_interpolation: 0, interpolation_duration: 1 }
$data merge entity $(bone_tail1) { transformation: [-0.7728858756324831f,0f,-0.6345450521813321f,-0.22349220901155809f,0f,1f,0f,-0.75f,0.6345450521813321f,0f,-0.7728858756324831f,-0.66264209610072f,0f,0f,0f,1f], start_interpolation: 0, interpolation_duration: 1 }
$data merge entity $(bone_body1) { transformation: [-1.2553479820821645f,0f,-0.44930971685466004f,0.5f,0f,1.3333333333333333f,0f,-1.1875f,0.44930971685466004f,0f,-1.2553479820821645f,-0.12499999999999994f,0f,0f,0f,1f], start_interpolation: 0, interpolation_duration: 1 }
data modify entity @s data merge value {"locators":{"head":{"posx":0.7589852812419571,"posy":-0.39215756131372204,"posz":3.141582922548542,"roty":355.6419399843633,"rotx":32.63479771411337},"neck":{"posx":0.5971965979319501,"posy":-0.9020340564906091,"posz":2.18838335763557,"roty":353.9755432974609,"rotx":15.195385249765394},"right_arm":{"posx":-0.17412801332732614,"posy":-2.7616382363065974,"posz":3.329711678077781,"roty":350.6732593978314,"rotx":0.15019796050538253},"left_arm":{"posx":1.64739878222121,"posy":-2.8023035068072533,"posz":2.934990479526734,"roty":347.5154108862652,"rotx":0.22462662400205374},"tail1":{"posx":-1.5198682910421657,"posy":-1.5,"posz":-1.8650221497367265,"roty":300.9206250000001,"rotx":0},"tail2":{"posx":-3.0211582710100746,"posy":-1.875,"posz":-2.7642598246858774,"roty":300.9206250000001,"rotx":0}},"cameras":{}}