# This file was generated by Animated Java via MC-Build. It is not recommended to edit this file directly.
$data merge entity $(bone_jaw) { transformation: [-0.9977173368562486f,0.05692000784921293f,-0.03633494795538298f,0.39184317498394927f,0.03468888160017168f,0.8936514294335666f,0.4474190476104839f,0.41302793750202715f,0.05793787388059838f,0.4451373219331183f,-0.8935860156652f,3.3754850280460036f,0f,0f,0f,1f], start_interpolation: 0, interpolation_duration: 1 }
$data merge entity $(bone_head) { transformation: [-1.1224320039632798f,0.05482992280712563f,-0.052583990376735654f,0.38015784378911915f,0.03902499180019314f,1.0842382056085056f,0.29753917979628025f,0.4791477552345339f,0.06518010811567318f,0.295035918260494f,-1.0836652437179186f,3.1346705294420216f,0f,0f,0f,1f], start_interpolation: 0, interpolation_duration: 1 }
$data merge entity $(bone_neck) { transformation: [-0.9977173368562486f,0.041642383215819034f,-0.053160395564571604f,0.7915786586542213f,0.03468888160017168f,0.9914727795784979f,0.12561213654825215f,-0.48957665292225105f,0.05793787388059838f,0.12348133168618788f,-0.9906541089074438f,2.1695962140978495f,0f,0f,0f,1f], start_interpolation: 0, interpolation_duration: 1 }
$data merge entity $(bone_right_arm2) { transformation: [-0.996766508938738f,0.023441122220282756f,-0.07685727322208569f,-0.5572132014831406f,0.023312877193896017f,0.9997249260960783f,0.002565521220539449f,-1.8302063554046324f,0.07689627048838511f,0.0007654614585212022f,-0.9970388044874345f,2.610856957970959f,0f,0f,0f,1f], start_interpolation: 0, interpolation_duration: 1 }
$data merge entity $(bone_right_arm1) { transformation: [-1.1289707506681208f,0.0002574821446743295f,-0.12081384350830382f,-0.31934300332970444f,0.010920926595062315f,1.1309832464515772f,-0.0996425438886434f,-0.5861710034927387f,0.12031950981702434f,-0.10023889910229528f,-1.1245649761612688f,1.7809397560623015f,0f,0f,0f,1f], start_interpolation: 0, interpolation_duration: 1 }
$data merge entity $(bone_left_arm2) { transformation: [-0.9950081941047445f,-0.0025055280868021765f,-0.09976179626200185f,1.1540013018216886f,-0.00279895519231349f,0.9999921589110088f,0.0028014221978971687f,-1.847130479350662f,0.09975399497887963f,0.003066666839696683f,-0.9950074050177958f,2.439083558433517f,0f,0f,0f,1f], start_interpolation: 0, interpolation_duration: 1 }
$data merge entity $(bone_left_arm1) { transformation: [-1.1325094977065666f,0.005219323021348935f,-0.08103087816420854f,0.7992702175157731f,0.012370778712967713f,1.1309321428721548f,-0.10005228131869176f,-0.5969917381006904f,0.08025090892257096f,-0.10067896418934129f,-1.1280933227048668f,1.661724094959195f,0f,0f,0f,1f], start_interpolation: 0, interpolation_duration: 1 }
$data merge entity $(bone_body2) { transformation: [-1.5743445330417836f,0.02120733054156199f,-0.16713463093325157f,0.6390008754171286f,0.015229182040820844f,1.5822224588405602f,0.057311492733518286f,-0.5f,0.1677850045154835f,0.05537855466042349f,-1.5734439463761989f,0.7388887408881262f,0f,0f,0f,1f], start_interpolation: 0, interpolation_duration: 1 }
$data merge entity $(bone_right_leg2) { transformation: [-0.9997535842138677f,0.005447891480617665f,-0.02151955691784928f,-0.9931164414857822f,0.005311551272149471f,0.9999654915863195f,0.00638772726512743f,-2.5939893065809265f,0.021553613957025153f,0.006271850998368689f,-0.9997480210585294f,0.07665801093068653f,0f,0f,0f,1f], start_interpolation: 0, interpolation_duration: 1 }
$data merge entity $(bone_right_leg1) { transformation: [-1.3330047789518236f,0.0005183094841296383f,-0.029593384812432157f,-0.6107140954275907f,0.007082068362865961f,1.2999891104690369f,-0.2962362819564873f,-1.125f,0.028738151942700203f,-0.29632047144093576f,-1.2996715256578169f,0.053715411250594036f,0f,0f,0f,1f], start_interpolation: 0, interpolation_duration: 1 }
$data merge entity $(bone_left_leg2) { transformation: [-0.9873014181578584f,0.03353678924407445f,-0.1552777945189851f,0.8969172637533893f,0f,0.9774619749435719f,0.21111155235896517f,-2.464129228869208f,0.1588581433338613f,0.2084307350335133f,-0.9650495940571696f,-0.8056262514204715f,0f,0f,0f,1f], start_interpolation: 0, interpolation_duration: 1 }
$data merge entity $(bone_left_leg1) { transformation: [-1.3164018908771444f,0.044715718992099265f,-0.2070370593586468f,0.6234126772697323f,0f,1.3032826332580958f,0.28148206981195356f,-1.125f,0.21181085777848174f,0.27790764671135104f,-1.2867327920762262f,-0.14485726791673262f,0f,0f,0f,1f], start_interpolation: 0, interpolation_duration: 1 }
$data merge entity $(bone_tail3) { transformation: [-0.8876396204028542f,0f,-0.4605387109582399f,-1.31732731882362f,0f,1f,0f,-0.5625f,0.4605387109582399f,0f,-0.8876396204028542f,-3.4776020934068343f,0f,0f,0f,1f], start_interpolation: 0, interpolation_duration: 1 }
$data merge entity $(bone_tail2) { transformation: [-1.3684444147877333f,0f,-0.7099971793939531f,-0.5647721883272769f,0f,1.5416666666666665f,0f,-0.75f,0.7099971793939531f,0f,-1.3684444147877333f,-1.7557104662817031f,0f,0f,0f,1f], start_interpolation: 0, interpolation_duration: 1 }
$data merge entity $(bone_tail1) { transformation: [-0.9495281805930368f,0f,-0.31368174039889135f,-0.11279431657932526f,0f,1f,0f,-0.75f,0.31368174039889135f,0f,-0.9495281805930368f,-0.786046991951463f,0f,0f,0f,1f], start_interpolation: 0, interpolation_duration: 1 }
$data merge entity $(bone_body1) { transformation: [-1.3164018908771444f,0f,-0.21181085777848174f,0.5f,0f,1.3333333333333333f,0f,-1.1875f,0.21181085777848174f,0f,-1.3164018908771444f,-0.12499999999999994f,0f,0f,0f,1f], start_interpolation: 0, interpolation_duration: 1 }
data modify entity @s data merge value {"locators":{"head":{"posx":0.3643034395564759,"posy":-0.2058565756024915,"posz":3.271779809218947,"roty":357.221947095975,"rotx":15.336013295723157},"neck":{"posx":0.2837491459657362,"posy":-0.8597360215326335,"posz":2.2760914152692586,"roty":356.92834492873567,"rotx":7.21610725839145},"right_arm":{"posx":-0.6045235939010516,"posy":-2.8297569872863617,"posz":3.1134169156616793,"roty":355.59204114827253,"rotx":0.1469936994380812},"left_arm":{"posx":1.2685757401710382,"posy":-2.8483484146611,"posz":2.927285969416538,"roty":354.2745236413508,"rotx":0.16050987852025866},"tail1":{"posx":-0.7704375995607101,"posy":-1.5,"posz":-2.4235300441784453,"roty":332.578125,"rotx":0},"tail2":{"posx":-1.57638034373763,"posy":-1.875,"posz":-3.9768993798834398,"roty":332.578125,"rotx":0}},"cameras":{}}