# This file was generated by Animated Java via MC-Build. It is not recommended to edit this file directly.
$data merge entity $(bone_jaw) { transformation: [-0.9997769824467815f,0.013001124458717225f,-0.016641999051110776f,0.12329218631562637f,0.010489648920304304f,0.9896696758248256f,0.14298216678422976f,0.5589732885877173f,0.018329010751728683f,0.14277571052386143f,-0.9895853393463696f,3.2985917401549627f,0f,0f,0f,1f], start_interpolation: 0, interpolation_duration: 1 }
$data merge entity $(bone_head) { transformation: [-1.1247491052526293f,0.013503821464729686f,-0.019547302608265888f,0.11894834129156728f,0.011800855035342343f,1.1208920952882062f,0.09532392428372681f,0.58015638287299f,0.02062013709569477f,0.09509762103367018f,-1.1207837670219403f,3.0495286808167537f,0f,0f,0f,1f], start_interpolation: 0, interpolation_duration: 1 }
$data merge entity $(bone_neck) { transformation: [-0.9997769824467815f,0.011215336262086395f,-0.017894177883785473f,0.5923815182059156f,0.010489648920304304f,0.9991387884371219f,0.04014534476036944f,-0.4540553116838041f,0.018329010751728683f,0.03994868800008948f,-0.9990336078891112f,2.1862038880308914f,0f,0f,0f,1f], start_interpolation: 0, interpolation_duration: 1 }
$data merge entity $(bone_right_arm2) { transformation: [-0.999664892627972f,0.0078995590204516f,-0.024651560080200405f,-0.7786339333164896f,0.007875661942171049f,0.9999684179421205f,0.0010663335805622884f,-1.8621841315022853f,0.024659205098258266f,0.0008718288907796218f,-0.9996955354098104f,2.4544100606179633f,0f,0f,0f,1f], start_interpolation: 0, interpolation_duration: 1 }
$data merge entity $(bone_right_arm1) { transformation: [-1.134771521887781f,0.0023647282816070783f,-0.03819696476276125f,-0.4867063943644374f,0.0034191486861558915f,1.1349796727409605f,-0.031312279245183976f,-0.5700900592583018f,0.03811704971788103f,-0.0314095124034199f,-1.1343418973113124f,1.7207616635820555f,0f,0f,0f,1f], start_interpolation: 0, interpolation_duration: 1 }
$data merge entity $(bone_left_arm2) { transformation: [-0.999507991989406f,-0.0016896473718471935f,-0.03131962709012392f,0.9622259949069043f,-0.0017245320860240743f,0.9999979223707722f,0.0010868501383763385f,-1.8674687794930496f,0.03131772562607137f,0.0011403271012411682f,-0.9995088292334952f,2.399380704545041f,0f,0f,0f,1f], start_interpolation: 0, interpolation_duration: 1 }
$data merge entity $(bone_left_arm1) { transformation: [-1.1351260260766984f,0.0028602387850896324f,-0.02552902077751861f,0.6376543796161163f,0.003564956933279514f,1.1349781481357222f,-0.0313512564487381f,-0.5734778396078875f,0.025440183761729594f,-0.03142338671981346f,-1.1346966003129078f,1.6829943115680084f,0f,0f,0f,1f], start_interpolation: 0, interpolation_duration: 1 }
$data merge entity $(bone_body2) { transformation: [-1.5824336818985574f,0.005376986915880365f,-0.05309590237604737f,0.5439637784072984f,0.004767987158676107f,1.5832212035184385f,0.018229960848180092f,-0.5f,0.0531540509827332f,0.018059711674828328f,-1.5823378078409147f,0.7488948370302653f,0f,0f,0f,1f], start_interpolation: 0, interpolation_duration: 1 }
$data merge entity $(bone_right_leg2) { transformation: [-0.9999755082734803f,0.0017027227275111718f,-0.006788489412820677f,-1.0024576234581661f,0.0016880155899831907f,0.9999962173215113f,0.002171622903866799f,-2.5802931572668797f,0.006792161405821812f,0.002160110641111268f,-0.9999745999101454f,-0.27646642269655153f,0f,0f,0f,1f], start_interpolation: 0, interpolation_duration: 1 }
$data merge entity $(bone_right_leg1) { transformation: [-1.3333006776979737f,0.0016077154670598296f,-0.009192163993248532f,-0.6235790761817697f,0.002250687453310921f,1.3300255001010637f,-0.093834328817766f,-1.125f,0.009056215207762414f,-0.09384754716917271f,-1.3299956393290235f,-0.06847514204775915f,0f,0f,0f,1f], start_interpolation: 0, interpolation_duration: 1 }
$data merge entity $(bone_left_leg2) { transformation: [-0.9987369566060175f,0.003364886157472544f,-0.05013151753634808f,0.9788653552215332f,0f,0.9977549572268465f,0.06697048102898497f,-2.5383444756920337f,0.0502443181797696f,0.06688589440532948f,-0.9964947494193078f,-0.5576752414910795f,0f,0f,0f,1f], start_interpolation: 0, interpolation_duration: 1 }
$data merge entity $(bone_left_leg1) { transformation: [-1.3316492754746898f,0.004486514876630059f,-0.06684202338179743f,0.6248421195757522f,0f,1.3303399429691285f,0.08929397470531328f,-1.125f,0.06699242423969279f,0.0891811925404393f,-1.3286596658924104f,-0.13128053977247114f,0f,0f,0f,1f], start_interpolation: 0, interpolation_duration: 1 }
$data merge entity $(bone_tail3) { transformation: [-0.9886517447379138f,0f,-0.1502255891207574f,-0.4261464275990954f,0f,1f,0f,-0.5625f,0.1502255891207574f,0f,-0.9886517447379138f,-3.766021019574541f,0f,0f,0f,1f], start_interpolation: 0, interpolation_duration: 1 }
$data merge entity $(bone_tail2) { transformation: [-1.5241714398042836f,0f,-0.2315977832278343f,-0.2680549160899145f,0f,1.5416666666666665f,0f,-0.75f,0.2315977832278343f,0f,-1.5241714398042836f,-1.8935207995508576f,0f,0f,0f,1f], start_interpolation: 0, interpolation_duration: 1 }
$data merge entity $(bone_tail1) { transformation: [-0.9949510169813001f,0f,-0.10036171485121509f,-0.03705171693783593f,0f,1f,0f,-0.75f,0.10036171485121509f,0f,-0.9949510169813001f,-0.8489305583646283f,0f,0f,0f,1f], start_interpolation: 0, interpolation_duration: 1 }
$data merge entity $(bone_body1) { transformation: [-1.3316492754746898f,0f,-0.06699242423969279f,0.5f,0f,1.3333333333333333f,0f,-1.1875f,0.06699242423969279f,0f,-1.3316492754746898f,-0.12499999999999994f,0f,0f,0f,1f], start_interpolation: 0, interpolation_duration: 1 }
data modify entity @s data merge value {"locators":{"head":{"posx":0.1168760245356802,"posy":-0.06904031569927094,"posz":3.3080254933041426,"roty":359.0008202867823,"rotx":4.860635690592491},"neck":{"posx":0.0905240481197156,"posy":-0.8285057009826188,"posz":2.3052668363928612,"roty":358.9738570937626,"rotx":2.300777111713009},"right_arm":{"posx":-0.8366867680860892,"posy":-2.8621934873633013,"posz":2.9549271997507303,"roty":358.58742575108135,"rotx":0.0610964252977541},"left_arm":{"posx":1.0420447053231514,"posy":-2.8679023436776334,"posz":2.896037434208918,"roty":358.20522298818923,"rotx":0.062271938151895266},"tail1":{"posx":-0.24775354051819598,"posy":-1.5,"posz":-2.591997072698268,"roty":351.36,"rotx":0},"tail2":{"posx":-0.5106483214795214,"posy":-1.875,"posz":-4.322137625989617,"roty":351.36,"rotx":0}},"cameras":{}}