# This file was generated by Animated Java via MC-Build. It is not recommended to edit this file directly.
$data merge entity $(bone_jaw) { transformation: [-0.9998871686630965f,0.008681228800828748f,-0.012259127595539439f,0.08766448617449979f,0.007408133968520774f,0.9949271778751874f,0.10032462447684298f,0.5781360791758166f,0.013067880241282586f,0.10022248745577397f,-0.9948792306175541f,3.2854285135238155f,0f,0f,0f,1f], start_interpolation: 0, interpolation_duration: 1 }
$data merge entity $(bone_head) { transformation: [-1.1248730647459835f,0.009205345385132036f,-0.014172149636461226f,0.08451511958861951f,0.00833415071458587f,1.1229193693976793f,0.06787953862088748f,0.5932204210915694f,0.014701365271442909f,0.06776689049866769f,-1.122860863335835f,3.0359038772269633f,0f,0f,0f,1f], start_interpolation: 0, interpolation_duration: 1 }
$data merge entity $(bone_neck) { transformation: [-0.9998871686630965f,0.007778170117460181f,-0.012851070481477588f,0.5657529034041657f,0.007408133968520774f,0.9995636243161459f,0.02859511313275772f,-0.4492864673082303f,0.013067880241282586f,0.02849668425614836f,-0.9995084639423544f,2.186991583131001f,0f,0f,0f,1f], start_interpolation: 0, interpolation_duration: 1 }
$data merge entity $(bone_right_arm2) { transformation: [-0.999829303332453f,0.005659852037801065f,-0.017587787599687894f,-0.8068143729870998f,0.0056469662939869795f,0.9999837498122105f,0.0007822296241505808f,-1.8660112460358045f,0.017591929098768874f,0.0006827784563992467f,-0.9998450169122027f,2.431961493045491f,0f,0f,0f,1f], start_interpolation: 0, interpolation_duration: 1 }
$data merge entity $(bone_right_arm1) { transformation: [-1.135089663320735f,0.0018931211701745535f,-0.027182333584508462f,-0.5086750229826367f,0.002426355480790695f,1.1351958554373343f,-0.022259594367907216f,-0.5679125864725153f,0.027139933049757082f,-0.022311271469326134f,-1.134872961235715f,1.7115299917777387f,0f,0f,0f,1f], start_interpolation: 0, interpolation_duration: 1 }
$data merge entity $(bone_left_arm2) { transformation: [-0.9997510916779363f,-0.0012899953586144957f,-0.022273091405313486f,0.9369829970501087f,-0.001307968534514464f,0.9999988306623513f,0.0007923965185479206f,-1.8697588063627848f,0.022272043172718047f,0.0008213317871845968f,-0.9997516099046841f,2.392727642004262f,0f,0f,0f,1f], start_interpolation: 0, interpolation_duration: 1 }
$data merge entity $(bone_left_arm1) { transformation: [-1.1352692795747141f,0.002143821356233431f,-0.018167934069300264f,0.6160009737021286f,0.002500219310102151f,1.135195311429427f,-0.022279155201468635f,-0.5703166818112804f,0.01812232605807754f,-0.022316269470552017f,-1.135052673826024f,1.6846390489394474f,0f,0f,0f,1f], start_interpolation: 0, interpolation_duration: 1 }
$data merge entity $(bone_body2) { transformation: [-1.5828773286674473f,0.0036927177585042905f,-0.037817597366922355f,0.5312727406200453f,0.0033835415878916116f,1.5832765149576407f,0.012979725511571396f,-0.5f,0.03784651214278052f,0.012895172103882776f,-1.5828284178961034f,0.7494409732475438f,0f,0f,0f,1f], start_interpolation: 0, interpolation_duration: 1 }
$data merge entity $(bone_right_leg2) { transformation: [-0.9999876117817671f,0.00120856471902875f,-0.004828628616659744f,-1.0021797771765997f,0.0012010470252613826f,0.9999980627258803f,0.0015594968834198308f,-2.575888887843f,0.00483050401519523f,0.0015536781539959715f,-0.9999871260747074f,-0.32312313551223193f,0f,0f,0f,1f], start_interpolation: 0, interpolation_duration: 1 }
$data merge entity $(bone_right_leg1) { transformation: [-1.3333168157090227f,0.0012769791959209899f,-0.00651276051014014f,-0.6242812513182705f,0.0016013960336818435f,1.3316609622966018f,-0.06674050347284986f,-1.125f,0.006440672020260306f,-0.06674749880856481f,-1.3316459991020533f,-0.08479219063137033f,0f,0f,0f,1f], start_interpolation: 0, interpolation_duration: 1 }
$data merge entity $(bone_left_leg2) { transformation: [-0.999361112282907f,0.001702874195512415f,-0.03569968453845383f,0.9860765230671376f,0f,0.9988642936885619f,0.04764580562914562f,-2.5459781079181996f,0.035740274994337434f,0.04761536530915816f,-0.9982261315602815f,-0.5232628912416715f,0f,0f,0f,1f], start_interpolation: 0, interpolation_duration: 1 }
$data merge entity $(bone_left_leg1) { transformation: [-1.332481483043876f,0.0022704989273498863f,-0.04759957938460511f,0.6249201390353634f,0f,1.3318190582514158f,0.06352774083886081f,-1.125f,0.04765369999244991f,0.0634871537455442f,-1.3309681754137086f,-0.12946753437429212f,0f,0f,0f,1f], start_interpolation: 0, interpolation_duration: 1 }
$data merge entity $(bone_tail3) { transformation: [-0.9942549076332255f,0f,-0.10703821115492385f,-0.30348076509909877f,0f,1f,0f,-0.5625f,0.10703821115492385f,0f,-0.9942549076332255f,-3.78511465925834f,0f,0f,0f,1f], start_interpolation: 0, interpolation_duration: 1 }
$data merge entity $(bone_tail2) { transformation: [-1.5328096492678893f,0f,-0.16501724219717426f,-0.22706598263776978f,0f,1.5416666666666665f,0f,-0.75f,0.16501724219717426f,0f,-1.5328096492678893f,-1.9075069310516766f,0f,0f,0f,1f], start_interpolation: 0, interpolation_duration: 1 }
$data merge entity $(bone_tail1) { transformation: [-0.9974452654866582f,0f,-0.07143488194327619f,-0.02648576238720657f,0f,1f,0f,-0.75f,0.07143488194327619f,0f,-0.9974452654866582f,-0.8566506967150116f,0f,0f,0f,1f], start_interpolation: 0, interpolation_duration: 1 }
$data merge entity $(bone_body1) { transformation: [-1.332481483043876f,0f,-0.04765369999244991f,0.5f,0f,1.3333333333333333f,0f,-1.1875f,0.04765369999244991f,0f,-1.332481483043876f,-0.12499999999999994f,0f,0f,0f,1f], start_interpolation: 0, interpolation_duration: 1 }
data modify entity @s data merge value {"locators":{"head":{"posx":0.08333774705145205,"posy":-0.049479100412943455,"posz":3.3101614000987687,"roty":359.2768816924498,"rotx":3.4591775955838173},"neck":{"posx":0.06449888908875467,"posy":-0.8239931485841193,"posz":2.3077778246483813,"roty":359.26336638704163,"rotx":1.6386026578686514},"right_arm":{"posx":-0.8661696626833352,"posy":-2.866033175266716,"posz":2.932300718613866,"roty":358.9922417316567,"rotx":0.04481846064454426},"left_arm":{"posx":1.0118939813412509,"posy":-2.8700720872510033,"posz":2.8903901124711244,"roty":358.7237399267825,"rotx":0.0454009809648106},"tail1":{"posx":-0.17637288935262674,"posy":-1.5,"posz":-2.6044369564438847,"roty":353.855390625,"rotx":0},"tail2":{"posx":-0.36368975887374344,"posy":-1.875,"posz":-4.344383044802029,"roty":353.855390625,"rotx":0}},"cameras":{}}