# This file was generated by Animated Java via MC-Build. It is not recommended to edit this file directly.
$data merge entity $(bone_jaw) { transformation: [-0.9385587849637878f,0.34407399212668477f,-0.026842039961681125f,1.464734928791009f,0.06397541913472868f,0.24988346255075633f,0.9661601321158833f,-0.5039399437856156f,0.3391379555783076f,0.9050808489221561f,-0.25654259685384606f,3.385265648044032f,0f,0f,0f,1f], start_interpolation: 0, interpolation_duration: 1 }
$data merge entity $(bone_head) { transformation: [-1.0558786330842613f,0.3872458566828542f,-0.028034954575928462f,1.4585049388852471f,0.07197234652656977f,0.27504397934804f,1.0884832524021004f,-0.26205477658514875f,0.38153020002559607f,1.019811970858529f,-0.2829191590579743f,3.3223947238089266f,0f,0f,0f,1f], start_interpolation: 0, interpolation_duration: 1 }
$data merge entity $(bone_neck) { transformation: [-0.9385587849637878f,0.24496833655291167f,-0.2431006401756232f,1.4699862036369784f,0.06397541913472868f,0.8156814479637378f,0.5749529730285043f,-0.6935547340283246f,0.3391379555783076f,0.524074698429794f,-0.7812369407240586f,1.9612413645998188f,0f,0f,0f,1f], start_interpolation: 0, interpolation_duration: 1 }
$data merge entity $(bone_right_arm2) { transformation: [-0.8938245846943478f,-0.012997312110157894f,-0.4482283811561777f,0.7536196292142286f,-0.021881530304088834f,0.9996532639521774f,0.014647542500698829f,-1.6357707029470747f,0.44788258553724536f,0.022900256497901506f,-0.8937990645692144f,3.0714717114056556f,0f,0f,0f,1f], start_interpolation: 0, interpolation_duration: 1 }
$data merge entity $(bone_right_arm1) { transformation: [-0.920142980429864f,-0.31289035662915454f,-0.5870328161513388f,0.28972915776133035f,-0.04056427875873182f,1.026502782829492f,-0.48354687784798805f,-0.7307965280726644f,0.6639747297893761f,-0.37089441693861314f,-0.8430574693514883f,1.9495108728263455f,0f,0f,0f,1f], start_interpolation: 0, interpolation_duration: 1 }
$data merge entity $(bone_left_arm2) { transformation: [-0.9090523186529906f,0.01898892514744717f,-0.4162490872943341f,1.8977182890350748f,0.014114240017434665f,0.9997910694726188f,0.014785318107078727f,-1.632108643726736f,0.4164428774518202f,0.007565588182151639f,-0.9091304041198415f,2.5306886556303736f,0f,0f,0f,1f], start_interpolation: 0, interpolation_duration: 1 }
$data merge entity $(bone_left_arm1) { transformation: [-1.0941351192629682f,-0.10041732593614151f,-0.28627907431680905f,1.3071581463676227f,0.03188621388956855f,1.0274181751695977f,-0.48225114788811735f,-0.7276801966859965f,0.3016995477352311f,-0.472757084481505f,-0.9872431964381159f,1.4694551035429577f,0f,0f,0f,1f], start_interpolation: 0, interpolation_duration: 1 }
$data merge entity $(bone_body2) { transformation: [-1.4319370950755228f,0.11597838395564351f,-0.6656197222484888f,0.8610954669657592f,-0.0043859478775326735f,1.5582036615647497f,0.28093870682386846f,-0.5f,0.6756340456581015f,0.2559195342010634f,-1.4088890207558658f,0.6720163509845831f,0f,0f,0f,1f], start_interpolation: 0, interpolation_duration: 1 }
$data merge entity $(bone_right_leg2) { transformation: [-0.9667550362496234f,0.005418108161397969f,0.25564691273305173f,-1.2009297639434737f,0.020588196575351436f,0.9981788885306089f,0.05670125795405878f,-2.546836218637997f,-0.25487413765967687f,0.06007953558200507f,-0.965106016640911f,1.360333500858963f,0f,0f,0f,1f], start_interpolation: 0, interpolation_duration: 1 }
$data merge entity $(bone_right_leg1) { transformation: [-1.289006714999498f,0.3177817827161507f,0.12350791487886892f,-0.5247353084087498f,0.027450928767135247f,0.5781783844105989f,-1.2011386181819101f,-1.6496913580246915f,-0.3398321835462358f,-1.1586640031311373f,-0.5654994187902429f,0.3392656003845476f,0f,0f,0f,1f], start_interpolation: 0, interpolation_duration: 1 }
$data merge entity $(bone_left_leg2) { transformation: [-0.9108758296966665f,0.35739182581000234f,-0.20634026683757675f,0.3772058318597122f,0f,0.5000000000000001f,0.8660254037844386f,-1.573117061317363f,0.4126805336751534f,0.7888416082105411f,-0.45543791484833335f,-1.6076244270303337f,0f,0f,0f,1f], start_interpolation: 0, interpolation_duration: 1 }
$data merge entity $(bone_left_leg1) { transformation: [-1.214501106262222f,0.4765224344133364f,-0.27512035578343563f,0.6138594787120834f,0f,0.6666666666666667f,1.1547005383792515f,-1.125f,0.5502407115668712f,1.051788810947388f,-0.6072505531311111f,-0.1765850667093941f,0f,0f,0f,1f], start_interpolation: 0, interpolation_duration: 1 }
$data merge entity $(bone_tail3) { transformation: [-0.5549412259495974f,0f,-0.8318895574182658f,-2.5383455294775086f,0f,1f,0f,-0.5625f,0.8318895574182658f,0f,-0.5549412259495974f,-2.475348585417092f,0f,0f,0f,1f], start_interpolation: 0, interpolation_duration: 1 }
$data merge entity $(bone_tail2) { transformation: [-0.8555343900056293f,0f,-1.2824964010198263f,-1.04792026256196f,0f,1.5416666666666665f,0f,-0.75f,1.2824964010198263f,0f,-0.8555343900056293f,-1.3308475920843135f,0f,0f,0f,1f], start_interpolation: 0, interpolation_duration: 1 }
$data merge entity $(bone_tail1) { transformation: [-0.7622919136084181f,0f,-0.6472333724764323f,-0.2649483151046983f,0f,1f,0f,-0.75f,0.6472333724764323f,0f,-0.7622919136084181f,-0.6018166054349232f,0f,0f,0f,1f], start_interpolation: 0, interpolation_duration: 1 }
$data merge entity $(bone_body1) { transformation: [-1.214501106262222f,0f,-0.5502407115668712f,0.5f,0f,1.3333333333333333f,0f,-1.1875f,0.5502407115668712f,0f,-1.214501106262222f,-0.12499999999999994f,0f,0f,0f,1f], start_interpolation: 0, interpolation_duration: 1 }
data modify entity @s data merge value {"locators":{"head":{"posx":1.2511558392214193,"posy":-0.7172134463346433,"posz":2.834421173070292,"roty":354.34093513825155,"rotx":75.36174830828199},"neck":{"posx":0.9392312649696954,"posy":-1.039316689075925,"posz":2.0319369480683074,"roty":342.7152153065625,"rotx":35.09633893456732},"right_arm":{"posx":0.9348670953590786,"posy":-2.644115333793607,"posz":3.523463648788439,"roty":333.36684211093785,"rotx":0.839272378404681},"left_arm":{"posx":2.1436696774506068,"posy":-2.640174512253984,"posz":2.9516605896674037,"roty":335.3991304053455,"rotx":0.8471671941258767},"tail1":{"posx":-1.5504766800433178,"posy":-1.5,"posz":-1.8163558796019448,"roty":303.70666666666665,"rotx":0},"tail2":{"posx":-3.006283405525283,"posy":-1.875,"posz":-2.7875030250137405,"roty":303.70666666666665,"rotx":0}},"cameras":{}}