# This file was generated by Animated Java via MC-Build. It is not recommended to edit this file directly.
$data merge entity $(bone_jaw) { transformation: [-1f,6.3472719059351055e-18f,1.2230008162699936e-16f,-4.170046374580924e-16f,0f,0.9986559529829289f,-0.05182940836781935f,0.9819544986772774f,-1.2246467991473532e-16f,-0.05182940836781935f,-0.9986559529829289f,3.1689522244521338f,0f,0f,0f,1f], start_interpolation: 0, interpolation_duration: 1 }
$data merge entity $(bone_head) { transformation: [-1.125f,5.116551048375168e-17f,1.279196047767942e-16f,-3.885780586188048e-16f,0f,1.04454284178799f,-0.4177980991692878f,0.8891104766396578f,-1.3777276490407724e-16f,-0.4177980991692878f,-1.04454284178799f,2.9368315929436917f,0f,0f,0f,1f], start_interpolation: 0, interpolation_duration: 1 }
$data merge entity $(bone_neck) { transformation: [-1f,3.684895965796621e-18f,1.2240922909789046e-16f,0.4999999999999997f,0f,0.9995472097188882f,-0.03008945900452431f,-0.19735611912783685f,-1.2246467991473532e-16f,-0.03008945900452431f,-0.9995472097188882f,2.156669535239402f,0f,0f,0f,1f], start_interpolation: 0, interpolation_duration: 1 }
$data merge entity $(bone_right_arm2) { transformation: [-1f,3.088541716296509e-17f,1.1850607087102414e-16f,-0.8750000000000004f,0f,0.9676755041007145f,-0.2521985701058356f,-1.5011101242958844f,-1.2246467991473532e-16f,-0.2521985701058356f,-0.9676755041007145f,2.6809946787397476f,0f,0f,0f,1f], start_interpolation: 0, interpolation_duration: 1 }
$data merge entity $(bone_right_arm1) { transformation: [-1.1354166666666665f,3.506781740378327e-17f,1.3455376796814198e-16f,-0.5625000000000003f,0f,1.0987148952810193f,-0.28635045980766743f,-0.4044225421114588f,-1.3904843865318904e-16f,-0.28635045980766743f,-1.0987148952810193f,1.6847071464065972f,0f,0f,0f,1f], start_interpolation: 0, interpolation_duration: 1 }
$data merge entity $(bone_left_arm2) { transformation: [-1f,3.088541716296509e-17f,1.1850607087102414e-16f,0.8749999999999997f,0f,0.9676755041007145f,-0.2521985701058356f,-1.5011101242958844f,-1.2246467991473532e-16f,-0.2521985701058356f,-0.9676755041007145f,2.680994678739748f,0f,0f,0f,1f], start_interpolation: 0, interpolation_duration: 1 }
$data merge entity $(bone_left_arm1) { transformation: [-1.1354166666666665f,3.506781740378327e-17f,1.3455376796814198e-16f,0.5624999999999998f,0f,1.0987148952810193f,-0.28635045980766743f,-0.4044225421114588f,-1.3904843865318904e-16f,-0.28635045980766743f,-1.0987148952810193f,1.6847071464065975f,0f,0f,0f,1f], start_interpolation: 0, interpolation_duration: 1 }
$data merge entity $(bone_body2) { transformation: [-1.5833333333333335f,3.25120325243647e-17f,1.91157297251735e-16f,0.4999999999999999f,0f,1.560917787764f,-0.26548089250713625f,-0.5f,-1.9390240986499761e-16f,-0.26548089250713625f,-1.560917787764f,0.75f,0f,0f,0f,1f], start_interpolation: 0, interpolation_duration: 1 }
$data merge entity $(bone_tail3) { transformation: [-1f,1.7675934465477764e-17f,1.2118233851263437e-16f,4.579669976578771e-16f,0f,0.9895288878148888f,-0.1443349582735564f,-0.8742224044258357f,-1.2246467991473532e-16f,-0.1443349582735564f,-0.9895288878148888f,-3.819208642674908f,0f,0f,0f,1f], start_interpolation: 0, interpolation_duration: 1 }
$data merge entity $(bone_tail2) { transformation: [-1.5416666666666665f,2.725039896761155e-17f,1.8682277187364463e-16f,-0.12499999999999976f,0f,1.5255237020479535f,-0.22251639400506612f,-0.789131024128209f,-1.8879971486855027e-16f,-0.22251639400506612f,-1.5255237020479535f,-1.9367791733456998f,0f,0f,0f,1f], start_interpolation: 0, interpolation_duration: 1 }
$data merge entity $(bone_tail1) { transformation: [-1f,4.510276089032375e-18f,1.223815968036832e-16f,1.1102230246251565e-16f,0f,0.9993215749135997f,-0.03682919917949081f,-0.75f,-1.2246467991473532e-16f,-0.03682919917949081f,-0.9993215749135997f,-0.875f,0f,0f,0f,1f], start_interpolation: 0, interpolation_duration: 1 }
data modify entity @s data merge value {"locators":{"head":{"posx":-4.525365657699985e-16,"posy":0.4248639254155766,"posz":3.459092437423293,"roty":0,"rotx":-21.800509259259265},"neck":{"posx":-2.7755575615628914e-16,"posy":-0.5684251403968543,"posz":2.2928964835809595,"roty":0,"rotx":-1.7242592592592596},"right_arm":{"posx":-0.9375000000000006,"posy":-2.342686343343681,"posz":3.4170310008959404,"roty":0,"rotx":-14.607650462962967},"left_arm":{"posx":0.9374999999999996,"posy":-2.342686343343681,"posz":3.417031000895941,"roty":0,"rotx":-14.607650462962967},"tail1":{"posx":3.191891195797325e-16,"posy":-1.6305079738024457,"posz":-2.5088290650132685,"roty":0,"rotx":-8.29877},"tail2":{"posx":5.029323990852943e-16,"posy":-2.2541674837117527,"posz":-4.18637900933674,"roty":0,"rotx":-8.29877}},"cameras":{}}