# This file was generated by Animated Java via MC-Build. It is not recommended to edit this file directly.
$data merge entity $(bone_jaw) { transformation: [-1f,-5.5526307490350344e-18f,1.2233873515115094e-16f,-4.174958344795437e-16f,0f,0.9989715829603109f,0.04534067090120175f,0.8863450507815853f,-1.2246467991473532e-16f,0.04534067090120175f,-0.9989715829603109f,3.2369205051476357f,0f,0f,0f,1f], start_interpolation: 0, interpolation_duration: 1 }
$data merge entity $(bone_head) { transformation: [-1.125f,4.524953142843031e-17f,1.3012999137332502e-16f,-3.885780586188048e-16f,0f,1.0625920180735096f,-0.36949046418881587f,0.8042360587396262f,-1.3777276490407724e-16f,-0.36949046418881587f,-1.0625920180735096f,3.000788945575745f,0f,0f,0f,1f], start_interpolation: 0, interpolation_duration: 1 }
$data merge entity $(bone_neck) { transformation: [-1f,-2.682424199939241e-18f,1.2243529894205414e-16f,0.4999999999999997f,0f,0.9997600861513568f,0.021903655828005658f,-0.24021231243593566f,-1.2246467991473532e-16f,0.021903655828005658f,-0.9997600861513568f,2.1652112412605113f,0f,0f,0f,1f], start_interpolation: 0, interpolation_duration: 1 }
$data merge entity $(bone_right_arm2) { transformation: [-1f,2.888374544763794e-17f,1.1900977722664067e-16f,-0.8750000000000004f,0f,0.9717885786293639f,-0.23585368016107117f,-1.5461741659362682f,-1.2246467991473532e-16f,-0.23585368016107117f,-0.9717885786293639f,2.664841091926735f,0f,0f,0f,1f], start_interpolation: 0, interpolation_duration: 1 }
$data merge entity $(bone_right_arm1) { transformation: [-1.1354166666666665f,3.2795085977005576e-17f,1.351256845594149e-16f,-0.5625000000000003f,0f,1.1033849486520901f,-0.2677921993495495f,-0.4328510615959647f,-1.3904843865318904e-16f,-0.2677921993495495f,-1.1033849486520901f,1.6871784889076418f,0f,0f,0f,1f], start_interpolation: 0, interpolation_duration: 1 }
$data merge entity $(bone_left_arm2) { transformation: [-1f,2.888374544763794e-17f,1.1900977722664067e-16f,0.8749999999999997f,0f,0.9717885786293639f,-0.23585368016107117f,-1.5461741659362682f,-1.2246467991473532e-16f,-0.23585368016107117f,-0.9717885786293639f,2.6648410919267356f,0f,0f,0f,1f], start_interpolation: 0, interpolation_duration: 1 }
$data merge entity $(bone_left_arm1) { transformation: [-1.1354166666666665f,3.2795085977005576e-17f,1.351256845594149e-16f,0.5624999999999998f,0f,1.1033849486520901f,-0.2677921993495495f,-0.4328510615959647f,-1.3904843865318904e-16f,-0.2677921993495495f,-1.1033849486520901f,1.6871784889076418f,0f,0f,0f,1f], start_interpolation: 0, interpolation_duration: 1 }
$data merge entity $(bone_body2) { transformation: [-1.5833333333333335f,2.6692126167724585e-17f,1.9205643689316898e-16f,0.4999999999999999f,0f,1.568259820112102f,-0.2179577506453998f,-0.5f,-1.9390240986499761e-16f,-0.2179577506453998f,-1.568259820112102f,0.75f,0f,0f,0f,1f], start_interpolation: 0, interpolation_duration: 1 }
$data merge entity $(bone_tail3) { transformation: [-1f,1.4232821289500542e-17f,1.216348002208238e-16f,4.579669976578771e-16f,0f,0.9932235180421872f,-0.11621980557504406f,-0.8089772895182328f,-1.2246467991473532e-16f,-0.11621980557504406f,-0.9932235180421872f,-3.8212346669765855f,0f,0f,0f,1f], start_interpolation: 0, interpolation_duration: 1 }
$data merge entity $(bone_tail2) { transformation: [-1.5416666666666665f,2.1942266154646667e-17f,1.8752031700710334e-16f,-0.12499999999999976f,0f,1.5312195903150385f,-0.17917220026152625f,-0.7772945636979353f,-1.8879971486855027e-16f,-0.17917220026152625f,-1.5312195903150385f,-1.9371493571021636f,0f,0f,0f,1f], start_interpolation: 0, interpolation_duration: 1 }
$data merge entity $(bone_tail1) { transformation: [-1f,3.1459953004047067e-18f,1.2242426450744316e-16f,1.1102230246251565e-16f,0f,0.9996699831549775f,-0.025689001127468518f,-0.75f,-1.2246467991473532e-16f,-0.025689001127468518f,-0.9996699831549775f,-0.875f,0f,0f,0f,1f], start_interpolation: 0, interpolation_duration: 1 }
data modify entity @s data merge value {"locators":{"head":{"posx":-4.498639070160786e-16,"posy":0.3165433998623476,"posz":3.501225875145506,"roty":0,"rotx":-19.1738725925926},"neck":{"posx":-2.7755575615628914e-16,"posy":-0.6178603017211952,"posz":2.2819673810939287,"roty":0,"rotx":1.2550874074074014},"right_arm":{"posx":-0.9375000000000006,"posy":-2.4000359044850965,"posz":3.3865890614024883,"roty":0,"rotx":-13.641949629629634},"left_arm":{"posx":0.9374999999999996,"posy":-2.4000359044850965,"posz":3.3865890614024887,"roty":0,"rotx":-13.641949629629634},"tail1":{"posx":3.191891195797325e-16,"posy":-1.6021133185624183,"posz":-2.5328256715748845,"roty":0,"rotx":-6.673986560000004},"tail2":{"posx":5.07705994839621e-16,"posy":-2.1779567975845655,"posz":-4.22738440105807,"roty":0,"rotx":-6.673986560000004}},"cameras":{}}