# This file was generated by Animated Java via MC-Build. It is not recommended to edit this file directly.
$data merge entity $(bone_jaw) { transformation: [-1f,-3.41890055680102e-17f,1.175955344598133e-16f,-4.1847318075561475e-16f,0f,0.9602404100650727f,0.27917441658945197f,0.6309976138526064f,-1.2246467991473532e-16f,0.27917441658945197f,-0.9602404100650727f,3.3880795701605093f,0f,0f,0f,1f], start_interpolation: 0, interpolation_duration: 1 }
$data merge entity $(bone_head) { transformation: [-1.125f,2.972437746908634e-17f,1.3452804961564482e-16f,-3.885780586188048e-16f,0f,1.098504888995819f,-0.24271796153618835f,0.5770602890667869f,-1.3777276490407724e-16f,-0.24271796153618835f,-1.098504888995819f,3.143967372605883f,0f,0f,0f,1f], start_interpolation: 0, interpolation_duration: 1 }
$data merge entity $(bone_neck) { transformation: [-1f,-1.8385197513688968e-17f,1.210767621759073e-16f,0.4999999999999997f,0f,0.9886667916023271f,0.15012653057591346f,-0.3514203709177559f,-1.2246467991473532e-16f,0.15012653057591346f,-0.9886667916023271f,2.181166165692084f,0f,0f,0f,1f], start_interpolation: 0, interpolation_duration: 1 }
$data merge entity $(bone_right_arm2) { transformation: [-1f,2.3330328264744217e-17f,1.2022185163138128e-16f,-0.8750000000000004f,0f,0.9816859172382145f,-0.1905065875400785f,-1.6636648117658945f,-1.2246467991473532e-16f,-0.1905065875400785f,-0.9816859172382145f,2.6145096942536674f,0f,0f,0f,1f], start_interpolation: 0, interpolation_duration: 1 }
$data merge entity $(bone_right_arm1) { transformation: [-1.1354166666666665f,2.6489643550594994e-17f,1.3650189403979747e-16f,-0.5625000000000003f,0f,1.1146225518642225f,-0.21630435460279743f,-0.5061753243245419f,-1.3904843865318904e-16f,-0.21630435460279743f,-1.1146225518642225f,1.689560730006042f,0f,0f,0f,1f], start_interpolation: 0, interpolation_duration: 1 }
$data merge entity $(bone_left_arm2) { transformation: [-1f,2.3330328264744217e-17f,1.2022185163138128e-16f,0.8749999999999997f,0f,0.9816859172382145f,-0.1905065875400785f,-1.6636648117658945f,-1.2246467991473532e-16f,-0.1905065875400785f,-0.9816859172382145f,2.614509694253668f,0f,0f,0f,1f], start_interpolation: 0, interpolation_duration: 1 }
$data merge entity $(bone_left_arm1) { transformation: [-1.1354166666666665f,2.6489643550594994e-17f,1.3650189403979747e-16f,0.5624999999999998f,0f,1.1146225518642225f,-0.21630435460279743f,-0.5061753243245419f,-1.3904843865318904e-16f,-0.21630435460279743f,-1.1146225518642225f,1.689560730006042f,0f,0f,0f,1f], start_interpolation: 0, interpolation_duration: 1 }
$data merge entity $(bone_body2) { transformation: [-1.5833333333333335f,1.1626331733754942e-17f,1.9355354029795011e-16f,0.4999999999999999f,0f,1.5804845971320844f,-0.09493620317180143f,-0.5f,-1.9390240986499761e-16f,-0.09493620317180143f,-1.5804845971320844f,0.75f,0f,0f,0f,1f], start_interpolation: 0, interpolation_duration: 1 }
$data merge entity $(bone_tail3) { transformation: [-1f,5.349841966098446e-18f,1.2234777079111965e-16f,4.579669976578771e-16f,0f,0.9990453645598301f,-0.043684774825061515f,-0.6417252013709103f,-1.2246467991473532e-16f,-0.043684774825061515f,-0.9990453645598301f,-3.818897097204873f,0f,0f,0f,1f], start_interpolation: 0, interpolation_duration: 1 }
$data merge entity $(bone_tail2) { transformation: [-1.5416666666666665f,8.247673031068437e-18f,1.8861947996964277e-16f,-0.12499999999999976f,0f,1.5401949370297379f,-0.06734736118863649f,-0.747137254428888f,-1.8879971486855027e-16f,-0.06734736118863649f,-1.5401949370297379f,-1.9374961433754925f,0f,0f,0f,1f], start_interpolation: 0, interpolation_duration: 1 }
$data merge entity $(bone_tail1) { transformation: [-1f,-3.299625600409877e-19f,1.2246423539681922e-16f,1.1102230246251565e-16f,0f,0.9999963702357576f,0.0026943487728112343f,-0.75f,-1.2246467991473532e-16f,0.0026943487728112343f,-0.9999963702357576f,-0.875f,0f,0f,0f,1f], start_interpolation: 0, interpolation_duration: 1 }
data modify entity @s data merge value {"locators":{"head":{"posx":-4.4246050432819856e-16,"posy":0.03420145116249518,"posz":3.5839509315137152,"roty":0,"rotx":-12.459490740740746},"neck":{"posx":-2.7755575615628914e-16,"posy":-0.7409362340906178,"posz":2.2484520656764073,"roty":0,"rotx":8.634259259259258},"right_arm":{"posx":-0.9375000000000006,"posy":-2.5500974352340697,"posz":3.2958592404128533,"roty":0,"rotx":-10.982349537037038},"left_arm":{"posx":0.9374999999999996,"posy":-2.5500974352340697,"posz":3.2958592404128537,"roty":0,"rotx":-10.982349537037038},"tail1":{"posx":3.191891195797325e-16,"posy":-1.5264545605409903,"posz":-2.5915762503915794,"roty":0,"rotx":-2.5037500000000006},"tail2":{"posx":5.197659511473777e-16,"posy":-1.9775449281947843,"posz":-4.323523847811884,"roty":0,"rotx":-2.5037500000000006}},"cameras":{}}