# This file was generated by Animated Java via MC-Build. It is not recommended to edit this file directly.
$data merge entity $(bone_jaw) { transformation: [-1f,-7.900841015541925e-17f,9.356959416034473e-17f,-4.191941792417797e-16f,0f,0.7640537192069708f,0.6451526285817917f,0.12543881060460432f,-1.2246467991473532e-16f,0.6451526285817917f,-0.7640537192069708f,3.58680877088499f,0f,0f,0f,1f], start_interpolation: 0, interpolation_duration: 1 }
$data merge entity $(bone_head) { transformation: [-1.125f,2.473839182783282e-19f,1.3777254280338703e-16f,-3.885780586188048e-16f,0f,1.1249981864102339f,-0.0020200429907675024f,0.12498991216221156f,-1.3777276490407724e-16f,-0.0020200429907675024f,-1.1249981864102339f,3.336809173904938f,0f,0f,0f,1f], start_interpolation: 0, interpolation_duration: 1 }
$data merge entity $(bone_neck) { transformation: [-1f,-4.5513734181116255e-17f,1.136929981463646e-16f,0.4999999999999997f,0f,0.928373782755339f,0.3716478433847594f,-0.559443359265219f,-1.2246467991473532e-16f,0.3716478433847594f,-0.928373782755339f,2.1876296418199184f,0f,0f,0f,1f], start_interpolation: 0, interpolation_duration: 1 }
$data merge entity $(bone_right_arm2) { transformation: [-1f,1.2254016730760997e-17f,1.2185005909141287e-16f,-0.8750000000000004f,0f,0.9949812401114315f,-0.10006164013405923f,-1.8787779377453941f,-1.2246467991473532e-16f,-0.10006164013405923f,-0.9949812401114315f,2.4942215413543987f,0f,0f,0f,1f], start_interpolation: 0, interpolation_duration: 1 }
$data merge entity $(bone_right_arm1) { transformation: [-1.1354166666666665f,1.3913414829718213e-17f,1.3835058792670836e-16f,-0.5625000000000003f,0f,1.1297182830431878f,-0.11361165390221308f,-0.6416574376913061f,-1.3904843865318904e-16f,-0.11361165390221308f,-1.1297182830431878f,1.6788410361018367f,0f,0f,0f,1f], start_interpolation: 0, interpolation_duration: 1 }
$data merge entity $(bone_left_arm2) { transformation: [-1f,1.2254016730760997e-17f,1.2185005909141287e-16f,0.8749999999999997f,0f,0.9949812401114315f,-0.10006164013405923f,-1.8787779377453941f,-1.2246467991473532e-16f,-0.10006164013405923f,-0.9949812401114315f,2.494221541354399f,0f,0f,0f,1f], start_interpolation: 0, interpolation_duration: 1 }
$data merge entity $(bone_left_arm1) { transformation: [-1.1354166666666665f,1.3913414829718213e-17f,1.3835058792670836e-16f,0.5624999999999998f,0f,1.1297182830431878f,-0.11361165390221308f,-0.6416574376913061f,-1.3904843865318904e-16f,-0.11361165390221308f,-1.1297182830431878f,1.6788410361018369f,0f,0f,0f,1f], start_interpolation: 0, interpolation_duration: 1 }
$data merge entity $(bone_body2) { transformation: [-1.5833333333333335f,-1.6418496486586017e-17f,1.9320604939952966e-16f,0.4999999999999999f,0f,1.5776471186145036f,0.13406719797101674f,-0.5f,-1.9390240986499761e-16f,0.13406719797101674f,-1.5776471186145036f,0.75f,0f,0f,0f,1f], start_interpolation: 0, interpolation_duration: 1 }
$data merge entity $(bone_tail3) { transformation: [-1f,-1.1127579431083069e-17f,1.219580862535302e-16f,4.579669976578771e-16f,0f,0.9958633488320239f,0.0908635815553556f,-0.3346550621338162f,-1.2246467991473532e-16f,0.0908635815553556f,-0.9958633488320239f,-3.786108846798683f,0f,0f,0f,1f], start_interpolation: 0, interpolation_duration: 1 }
$data merge entity $(bone_tail2) { transformation: [-1.5416666666666665f,-1.7155018289586397e-17f,1.880187163075257e-16f,-0.12499999999999976f,0f,1.53528932944937f,0.14008135489783985f,-0.6917486554561124f,-1.8879971486855027e-16f,0.14008135489783985f,-1.53528932944937f,-1.9359019892802678f,0f,0f,0f,1f], start_interpolation: 0, interpolation_duration: 1 }
$data merge entity $(bone_tail1) { transformation: [-1f,-6.714100954513093e-18f,1.2228049180057782e-16f,1.1102230246251565e-16f,0f,0.9984959899108402f,0.05482479486483541f,-0.75f,-1.2246467991473532e-16f,0.05482479486483541f,-0.9984959899108402f,-0.875f,0f,0f,0f,1f], start_interpolation: 0, interpolation_duration: 1 }
data modify entity @s data merge value {"locators":{"head":{"posx":-4.2698564490767804e-16,"posy":-0.4994479572349274,"posz":3.650430916235985,"roty":0,"rotx":-0.1028800000000065},"neck":{"posx":-2.7755575615628914e-16,"posy":-0.9540395082215661,"posz":2.1643084233950507,"roty":0,"rotx":21.817279999999997},"right_arm":{"posx":-0.9375000000000006,"posy":-2.823728357789796,"posz":3.0917738015441736,"roty":0,"rotx":-5.74272},"left_arm":{"posx":0.9374999999999996,"posy":-2.823728357789796,"posz":3.091773801544174,"roty":0,"rotx":-5.74272},"tail1":{"posx":3.191891195797325e-16,"posy":-1.3761774547608234,"posz":-2.688705727768801,"roty":0,"rotx":5.213290239999999},"tail2":{"posx":5.411733691787843e-16,"posy":-1.59061494285096,"posz":-4.465540431308101,"roty":0,"rotx":5.213290239999999}},"cameras":{}}