# This file was generated by Animated Java via MC-Build. It is not recommended to edit this file directly.
$data merge entity $(bone_jaw) { transformation: [-1f,-8.401185544448744e-17f,8.910446661864448e-17f,-4.1918327635251276e-16f,0f,0.7275931858939446f,0.6860088598849868f,0.05553379747122339f,-1.2246467991473532e-16f,0.6860088598849868f,-0.7275931858939446f,3.605508686733758f,0f,0f,0f,1f], start_interpolation: 0, interpolation_duration: 1 }
$data merge entity $(bone_head) { transformation: [-1.125f,-3.684814870351676e-18f,1.3772347980168588e-16f,-3.885780586188048e-16f,0f,1.1245975565981499f,0.03008879680996343f,0.062220196762326374f,-1.3777276490407724e-16f,0.03008879680996343f,-1.1245975565981499f,3.3555981186008355f,0f,0f,0f,1f], start_interpolation: 0, interpolation_duration: 1 }
$data merge entity $(bone_neck) { transformation: [-1f,-4.893574509208906e-17f,1.1226259697201318e-16f,0.4999999999999997f,0f,0.9166936707806264f,0.399590683012931f,-0.5870993984940827f,-1.2246467991473532e-16f,0.399590683012931f,-0.9166936707806264f,2.1862194103903376f,0f,0f,0f,1f], start_interpolation: 0, interpolation_duration: 1 }
$data merge entity $(bone_right_arm2) { transformation: [-1f,1.0748811464805278e-17f,1.2199205252274694e-16f,-0.8750000000000004f,0f,0.9961407044682806f,-0.08777070639705274f,-1.906598975620979f,-1.2246467991473532e-16f,-0.08777070639705274f,-0.9961407044682806f,2.4759886167161893f,0f,0f,0f,1f], start_interpolation: 0, interpolation_duration: 1 }
$data merge entity $(bone_right_arm1) { transformation: [-1.1354166666666665f,1.2204379683997658e-17f,1.3851180963520225e-16f,-0.5625000000000003f,0f,1.1310347581983602f,-0.09965632288832028f,-0.6595066616543344f,-1.3904843865318904e-16f,-0.09965632288832028f,-1.1310347581983602f,1.675942830248115f,0f,0f,0f,1f], start_interpolation: 0, interpolation_duration: 1 }
$data merge entity $(bone_left_arm2) { transformation: [-1f,1.0748811464805278e-17f,1.2199205252274694e-16f,0.8749999999999997f,0f,0.9961407044682806f,-0.08777070639705274f,-1.906598975620979f,-1.2246467991473532e-16f,-0.08777070639705274f,-0.9961407044682806f,2.4759886167161897f,0f,0f,0f,1f], start_interpolation: 0, interpolation_duration: 1 }
$data merge entity $(bone_left_arm1) { transformation: [-1.1354166666666665f,1.2204379683997658e-17f,1.3851180963520225e-16f,0.5624999999999998f,0f,1.1310347581983602f,-0.09965632288832028f,-0.6595066616543344f,-1.3904843865318904e-16f,-0.09965632288832028f,-1.1310347581983602f,1.6759428302481152f,0f,0f,0f,1f], start_interpolation: 0, interpolation_duration: 1 }
$data merge entity $(bone_body2) { transformation: [-1.5833333333333335f,-2.0133688147406573e-17f,1.9285429513764142e-16f,0.4999999999999999f,0f,1.5747748270923019f,0.1644040400989447f,-0.5f,-1.9390240986499761e-16f,0.1644040400989447f,-1.5747748270923019f,0.75f,0f,0f,0f,1f], start_interpolation: 0, interpolation_duration: 1 }
$data merge entity $(bone_tail3) { transformation: [-1f,-1.3308719980060928e-17f,1.217393765349195e-16f,4.579669976578771e-16f,0f,0.994077448450273f,0.10867394573951425f,-0.29425275627183206f,-1.2246467991473532e-16f,0.10867394573951425f,-0.994077448450273f,-3.7789921733942684f,0f,0f,0f,1f], start_interpolation: 0, interpolation_duration: 1 }
$data merge entity $(bone_tail2) { transformation: [-1.5416666666666665f,-2.0517609969260593e-17f,1.8768153882466753e-16f,-0.12499999999999976f,0f,1.5325360663608374f,0.16753899968175112f,-0.6844059261178475f,-1.8879971486855027e-16f,0.16753899968175112f,-1.5325360663608374f,-1.9354733223761655f,0f,0f,0f,1f], start_interpolation: 0, interpolation_duration: 1 }
$data merge entity $(bone_tail1) { transformation: [-1f,-7.560430364500057e-18f,1.222310832780358e-16f,1.1102230246251565e-16f,0f,0.9980925387069793f,0.061735598947908275f,-0.75f,-1.2246467991473532e-16f,0.061735598947908275f,-0.9980925387069793f,-0.875f,0f,0f,0f,1f], start_interpolation: 0, interpolation_duration: 1 }
data modify entity @s data merge value {"locators":{"head":{"posx":-4.2478746141352215e-16,"posy":-0.5709142226838577,"posz":3.651270330539231,"roty":0,"rotx":1.532592592592588},"neck":{"posx":-2.7755575615628914e-16,"posy":-0.9808083604134339,"posz":2.150959613108067,"roty":0,"rotx":23.552592592592585},"right_arm":{"posx":-0.9375000000000006,"posy":-2.858854326890733,"posz":3.0618296753473824,"roty":0,"rotx":-5.035370370370381},"left_arm":{"posx":0.9374999999999996,"posy":-2.858854326890733,"posz":3.061829675347383,"roty":0,"rotx":-5.035370370370381},"tail1":{"posx":3.191891195797325e-16,"posy":-1.355250674759636,"posz":-2.700407027490364,"roty":0,"rotx":6.238879999999989},"tail2":{"posx":5.439130919325992e-16,"posy":-1.5378503128843386,"posz":-4.48079529193066,"roty":0,"rotx":6.238879999999989}},"cameras":{}}