# This file was generated by Animated Java via MC-Build. It is not recommended to edit this file directly.
$data merge entity $(bone_jaw) { transformation: [-1f,-9.041240090702461e-17f,8.26026366942729e-17f,-5.301509889515428e-16f,0f,0.6745017155296046f,0.7382732798548385f,-0.040356500131400255f,-1.2246467991473532e-16f,0.7382732798548385f,-0.6745017155296046f,3.628056945096395f,0f,0f,0f,1f], start_interpolation: 0, interpolation_duration: 1 }
$data merge entity $(bone_head) { transformation: [-1.125f,-9.010120321163061e-18f,1.374778254160005e-16f,-4.996003610813204e-16f,0f,1.1225916363127548f,0.0735732157830018f,-0.02400689662406652f,-1.3777276490407724e-16f,0.0735732157830018f,-1.1225916363127548f,3.3785921370268936f,0f,0f,0f,1f], start_interpolation: 0, interpolation_duration: 1 }
$data merge entity $(bone_neck) { transformation: [-1f,-5.351959098432557e-17f,1.1015103815892558e-16f,0.4999999999999997f,0f,0.899451484588185f,0.4370206252250689f,-0.6245948410036446f,-1.2246467991473532e-16f,0.4370206252250689f,-0.899451484588185f,2.1834533914973577f,0f,0f,0f,1f], start_interpolation: 0, interpolation_duration: 1 }
$data merge entity $(bone_right_arm2) { transformation: [-1f,8.709636224369538e-18f,1.2215457446799826e-16f,-0.8750000000000004f,0f,0.9974677968623035f,-0.07111957692971985f,-1.9439267821334463f,-1.2246467991473532e-16f,-0.07111957692971985f,-0.9974677968623035f,2.450562730000737f,0f,0f,0f,1f], start_interpolation: 0, interpolation_duration: 1 }
$data merge entity $(bone_right_arm1) { transformation: [-1.1354166666666665f,9.889066129752911e-18f,1.3869633976053968e-16f,-0.5625000000000003f,0f,1.1325415610207403f,-0.08075035297228607f,-0.6836450078908554f,-1.3904843865318904e-16f,-0.08075035297228607f,-1.1325415610207403f,1.6714591749376462f,0f,0f,0f,1f], start_interpolation: 0, interpolation_duration: 1 }
$data merge entity $(bone_left_arm2) { transformation: [-1f,8.709636224369538e-18f,1.2215457446799826e-16f,0.8749999999999997f,0f,0.9974677968623035f,-0.07111957692971985f,-1.9439267821334463f,-1.2246467991473532e-16f,-0.07111957692971985f,-0.9974677968623035f,2.4505627300007373f,0f,0f,0f,1f], start_interpolation: 0, interpolation_duration: 1 }
$data merge entity $(bone_left_arm1) { transformation: [-1.1354166666666665f,9.889066129752911e-18f,1.3869633976053968e-16f,0.5624999999999998f,0f,1.1325415610207403f,-0.08075035297228607f,-0.6836450078908554f,-1.3904843865318904e-16f,-0.08075035297228607f,-1.1325415610207403f,1.6714591749376462f,0f,0f,0f,1f], start_interpolation: 0, interpolation_duration: 1 }
$data merge entity $(bone_body2) { transformation: [-1.5833333333333335f,-2.5165662954554204e-17f,1.9226240911710044e-16f,0.4999999999999999f,0f,1.5699417109566693f,0.20549323259633323f,-0.5f,-1.9390240986499761e-16f,0.20549323259633323f,-1.5699417109566693f,0.75f,0f,0f,0f,1f], start_interpolation: 0, interpolation_duration: 1 }
$data merge entity $(bone_tail3) { transformation: [-1f,-1.6263724109609768e-17f,1.2137993699415515e-16f,4.579669976578771e-16f,0f,0.9911424018636605f,0.13280338560418567f,-0.23958573590886711f,-1.2246467991473532e-16f,0.13280338560418567f,-0.9911424018636605f,-3.7683006058689945f,0f,0f,0f,1f], start_interpolation: 0, interpolation_duration: 1 }
$data merge entity $(bone_tail2) { transformation: [-1.5416666666666665f,-2.507324133564839e-17f,1.8712740286598918e-16f,-0.12499999999999976f,0f,1.5280112028731432f,0.2047385528064529f,-0.6744312842661516f,-1.8879971486855027e-16f,0.2047385528064529f,-1.5280112028731432f,-1.9348092371754158f,0f,0f,0f,1f], start_interpolation: 0, interpolation_duration: 1 }
$data merge entity $(bone_tail1) { transformation: [-1f,-8.710116314271402e-18f,1.221545402365808e-16f,1.1102230246251565e-16f,0f,0.9974675173415678f,0.07112349716126906f,-0.75f,-1.2246467991473532e-16f,0.07112349716126906f,-0.9974675173415678f,-0.875f,0f,0f,0f,1f], start_interpolation: 0, interpolation_duration: 1 }
data modify entity @s data merge value {"locators":{"head":{"posx":-5.327830235184522e-16,"posy":-0.6681059211819863,"posz":3.6495491383454355,"roty":0,"rotx":3.7497292592592646},"neck":{"posx":-2.7755575615628914e-16,"posy":-1.0165167258773475,"posz":2.1320020926114798,"roty":0,"rotx":25.913939259259266},"right_arm":{"posx":-0.9375000000000006,"posy":-2.9058347905308897,"posz":3.0204162053616086,"roty":0,"rotx":-4.078294537037038},"left_arm":{"posx":0.9374999999999996,"posy":-2.9058347905308897,"posz":3.020416205361609,"roty":0,"rotx":-4.078294537037038},"tail1":{"posx":3.191891195797325e-16,"posy":-1.3264857580610192,"posz":-2.7158221776598217,"roty":0,"rotx":7.6316194399999935},"tail2":{"posx":5.475893501109521e-16,"posy":-1.4657582339525672,"posz":-4.500122650522798,"roty":0,"rotx":7.6316194399999935}},"cameras":{}}