# This file was generated by Animated Java via MC-Build. It is not recommended to edit this file directly.
$data merge entity $(bone_jaw) { transformation: [-1f,-9.225206925688456e-17f,8.054286774408738e-17f,-5.301256141763878e-16f,0f,0.6576824256607249f,0.753295311930869f,-0.06948218533235179f,-1.2246467991473532e-16f,0.753295311930869f,-0.6576824256607249f,3.634218236786473f,0f,0f,0f,1f], start_interpolation: 0, interpolation_duration: 1 }
$data merge entity $(bone_head) { transformation: [-1.125f,-1.0609686603586692e-17f,1.373636389278029e-16f,-4.996003610813204e-16f,0f,1.1216592328779271f,0.08663466569278236f,-0.050230037400622374f,-1.3777276490407724e-16f,0.08663466569278236f,-1.1216592328779271f,3.384960629480267f,0f,0f,0f,1f], start_interpolation: 0, interpolation_duration: 1 }
$data merge entity $(bone_neck) { transformation: [-1f,-5.488848545913111e-17f,1.0947534878054205e-16f,0.4999999999999997f,0f,0.8939340621047885f,0.4481984968837269f,-0.635873699668932f,-1.2246467991473532e-16f,0.4481984968837269f,-0.8939340621047885f,2.1824283010811665f,0f,0f,0f,1f], start_interpolation: 0, interpolation_duration: 1 }
$data merge entity $(bone_right_arm2) { transformation: [-1f,8.09880898118759e-18f,1.221965920952987e-16f,-0.8750000000000004f,0f,0.997810896826552f,-0.0661317939737914f,-1.9550533222697488f,-1.2246467991473532e-16f,-0.0661317939737914f,-0.997810896826552f,2.442778131506972f,0f,0f,0f,1f], start_interpolation: 0, interpolation_duration: 1 }
$data merge entity $(bone_right_arm1) { transformation: [-1.1354166666666665f,9.195522697390074e-18f,1.3874404727487036e-16f,-0.5625000000000003f,0f,1.1329311224384808f,-0.07508714107440898f,-0.690892128541881f,-1.3904843865318904e-16f,-0.07508714107440898f,-1.1329311224384808f,1.6699851603481166f,0f,0f,0f,1f], start_interpolation: 0, interpolation_duration: 1 }
$data merge entity $(bone_left_arm2) { transformation: [-1f,8.09880898118759e-18f,1.221965920952987e-16f,0.8749999999999997f,0f,0.997810896826552f,-0.0661317939737914f,-1.9550533222697488f,-1.2246467991473532e-16f,-0.0661317939737914f,-0.997810896826552f,2.442778131506972f,0f,0f,0f,1f], start_interpolation: 0, interpolation_duration: 1 }
$data merge entity $(bone_left_arm1) { transformation: [-1.1354166666666665f,9.195522697390074e-18f,1.3874404727487036e-16f,0.5624999999999998f,0f,1.1329311224384808f,-0.07508714107440898f,-0.690892128541881f,-1.3904843865318904e-16f,-0.07508714107440898f,-1.1329311224384808f,1.6699851603481166f,0f,0f,0f,1f], start_interpolation: 0, interpolation_duration: 1 }
$data merge entity $(bone_body2) { transformation: [-1.5833333333333335f,-2.66781817059404e-17f,1.9205837438736784e-16f,0.4999999999999999f,0f,1.5682756409528555f,0.21784388547387531f,-0.5f,-1.9390240986499761e-16f,0.21784388547387531f,-1.5682756409528555f,0.75f,0f,0f,0f,1f], start_interpolation: 0, interpolation_duration: 1 }
$data merge entity $(bone_tail3) { transformation: [-1f,-1.7152291066984707e-17f,1.212575636311897e-16f,4.579669976578771e-16f,0f,0.9901431475231383f,0.140059085435301f,-0.22316072013584765f,-1.2246467991473532e-16f,0.140059085435301f,-0.9901431475231383f,-3.764847790845721f,0f,0f,0f,1f], start_interpolation: 0, interpolation_duration: 1 }
$data merge entity $(bone_tail2) { transformation: [-1.5416666666666665f,-2.6443115394934755e-17f,1.8693874393141744e-16f,-0.12499999999999976f,0f,1.526470685764838f,0.21592442337942233f,-0.6714233454876254f,-1.8879971486855027e-16f,0.21592442337942233f,-1.526470685764838f,-1.9345904677589558f,0f,0f,0f,1f], start_interpolation: 0, interpolation_duration: 1 }
$data merge entity $(bone_tail1) { transformation: [-1f,-9.056813970474075e-18f,1.2212932468216962e-16f,1.1102230246251565e-16f,0f,0.9972616167143115f,0.07395449836458791f,-0.75f,-1.2246467991473532e-16f,0.07395449836458791f,-0.9972616167143115f,-0.875f,0f,0f,0f,1f], start_interpolation: 0, interpolation_duration: 1 }
data modify entity @s data merge value {"locators":{"head":{"posx":-5.318626571148286e-16,"posy":-0.6974392405807992,"posz":3.648402268783701,"roty":0,"rotx":4.416639999999996},"neck":{"posx":-2.7755575615628914e-16,"posy":-1.0271237850686936,"posz":2.1260956225128673,"roty":0,"rotx":26.628159999999994},"right_arm":{"posx":-0.9375000000000006,"posy":-2.919798322109405,"posz":3.0078153738940396,"roty":0,"rotx":-3.7918399999999988},"left_arm":{"posx":0.9374999999999996,"posy":-2.919798322109405,"posz":3.0078153738940396,"roty":0,"rotx":-3.7918399999999988},"tail1":{"posx":3.191891195797325e-16,"posy":-1.3177400848932095,"posz":-2.720358195757589,"roty":0,"rotx":8.051265279999996},"tail2":{"posx":5.486867592258387e-16,"posy":-1.4439403657026098,"posz":-4.505630860961318,"roty":0,"rotx":8.051265279999996}},"cameras":{}}