# This file was generated by Animated Java via MC-Build. It is not recommended to edit this file directly.
$data merge entity $(bone_jaw) { transformation: [-1f,-9.549834913662815e-17f,7.666591901749598e-17f,-5.300689231989296e-16f,0f,0.62602473685371f,0.7798031987926463f,-0.12281620556765596f,-1.2246467991473532e-16f,0.7798031987926463f,-0.62602473685371f,3.644702372128284f,0f,0f,0f,1f], start_interpolation: 0, interpolation_duration: 1 }
$data merge entity $(bone_head) { transformation: [-1.125f,-1.3512434260460514e-17f,1.3710852952924143e-16f,-4.996003610813204e-16f,0f,1.1195761065533487f,0.11033739907594893f,-0.09829678355077842f,-1.3777276490407724e-16f,0.11033739907594893f,-1.1195761065533487f,3.395907681783095f,0f,0f,0f,1f], start_interpolation: 0, interpolation_duration: 1 }
$data merge entity $(bone_neck) { transformation: [-1f,-5.737015853088553e-17f,1.081954839018692e-16f,0.4999999999999997f,0f,0.8834831722681113f,0.4684628953493274f,-0.6563715516143183f,-1.2246467991473532e-16f,0.4684628953493274f,-0.8834831722681113f,2.1803357780065946f,0f,0f,0f,1f], start_interpolation: 0, interpolation_duration: 1 }
$data merge entity $(bone_right_arm2) { transformation: [-1f,6.996348713980852e-18f,1.2226466755073173e-16f,-0.8750000000000004f,0f,0.9983667751049295f,-0.05712952272322097f,-1.9751262102069225f,-1.2246467991473532e-16f,-0.05712952272322097f,-0.9983667751049295f,2.428516993577592f,0f,0f,0f,1f], start_interpolation: 0, interpolation_duration: 1 }
$data merge entity $(bone_right_arm1) { transformation: [-1.1354166666666665f,7.943770935665758e-18f,1.3882134128155997e-16f,-0.5625000000000003f,0f,1.1335622759003887f,-0.06486581225865713f,-0.704046364753917f,-1.3904843865318904e-16f,-0.06486581225865713f,-1.1335622759003887f,1.6671573371187254f,0f,0f,0f,1f], start_interpolation: 0, interpolation_duration: 1 }
$data merge entity $(bone_left_arm2) { transformation: [-1f,6.996348713980852e-18f,1.2226466755073173e-16f,0.8749999999999997f,0f,0.9983667751049295f,-0.05712952272322097f,-1.9751262102069225f,-1.2246467991473532e-16f,-0.05712952272322097f,-0.9983667751049295f,2.428516993577592f,0f,0f,0f,1f], start_interpolation: 0, interpolation_duration: 1 }
$data merge entity $(bone_left_arm1) { transformation: [-1.1354166666666665f,7.943770935665758e-18f,1.3882134128155997e-16f,0.5624999999999998f,0f,1.1335622759003887f,-0.06486581225865713f,-0.704046364753917f,-1.3904843865318904e-16f,-0.06486581225865713f,-1.1335622759003887f,1.6671573371187254f,0f,0f,0f,1f], start_interpolation: 0, interpolation_duration: 1 }
$data merge entity $(bone_body2) { transformation: [-1.5833333333333335f,-2.9425643175714524e-17f,1.916566619639115e-16f,0.4999999999999999f,0f,1.564995410083547f,0.24027861091215688f,-0.5f,-1.9390240986499761e-16f,0.24027861091215688f,-1.564995410083547f,0.75f,0f,0f,0f,1f], start_interpolation: 0, interpolation_duration: 1 }
$data merge entity $(bone_tail3) { transformation: [-1f,-1.8767072307478013e-17f,1.210181590655901e-16f,4.579669976578771e-16f,0f,0.988188260891611f,0.15324477490607397f,-0.19332311575589955f,-1.2246467991473532e-16f,0.15324477490607397f,-0.988188260891611f,-3.7582893462957276f,0f,0f,0f,1f], start_interpolation: 0, interpolation_duration: 1 }
$data merge entity $(bone_tail2) { transformation: [-1.5416666666666665f,-2.893256980736194e-17f,1.865696618927847e-16f,-0.12499999999999976f,0f,1.5234569022079003f,0.23625236131353067f,-0.6659423676219653f,-1.8879971486855027e-16f,0.23625236131353067f,-1.5234569022079003f,-1.934169752418846f,0f,0f,0f,1f], start_interpolation: 0, interpolation_duration: 1 }
$data merge entity $(bone_tail1) { transformation: [-1f,-9.68855627629789e-18f,1.2208083266385262e-16f,1.1102230246251565e-16f,0f,0.9968656493353844f,0.07911306576756205f,-0.75f,-1.2246467991473532e-16f,0.07911306576756205f,-0.9968656493353844f,-0.875f,0f,0f,0f,1f], start_interpolation: 0, interpolation_duration: 1 }
data modify entity @s data merge value {"locators":{"head":{"posx":-5.301791558058539e-16,"posy":-0.7509327869348468,"posz":3.645602489672387,"roty":0,"rotx":5.6284859259259195},"neck":{"posx":-2.7755575615628914e-16,"posy":-1.046235603133526,"posz":2.115097588784111,"roty":0,"rotx":27.934565925925924},"right_arm":{"posx":-0.9375000000000006,"posy":-2.9449282239502415,"posz":2.9848299038532775,"roty":0,"rotx":-3.2750637037037027},"left_arm":{"posx":0.9374999999999996,"posy":-2.9449282239502415,"posz":2.9848299038532775,"roty":0,"rotx":-3.2750637037037027},"tail1":{"posx":3.469446951953614e-16,"posy":-1.3017277805427478,"posz":-2.728482762961384,"roty":0,"rotx":8.815013119999994},"tail2":{"posx":5.506714945358364e-16,"posy":-1.4041200222914725,"posz":-4.515279010111481,"roty":0,"rotx":8.815013119999994}},"cameras":{}}