# This file was generated by Animated Java via MC-Build. It is not recommended to edit this file directly.
$data merge entity $(bone_jaw) { transformation: [-1f,-9.818066412954852e-17f,7.319941951750271e-17f,-5.300097804352913e-16f,0f,0.5977186203276487f,0.8017059628776699f,-0.1688720766347181f,-1.2246467991473532e-16f,0.8017059628776699f,-0.5977186203276487f,3.6529634488870317f,0f,0f,0f,1f], start_interpolation: 0, interpolation_duration: 1 }
$data merge entity $(bone_head) { transformation: [-1.125f,-1.5984237361836363e-17f,1.3684238709286902e-16f,-4.996003610813204e-16f,0f,1.1174028886381284f,0.1305212031172189f,-0.13986736483089168f,-1.3777276490407724e-16f,0.1305212031172189f,-1.1174028886381284f,3.4046516958563364f,0f,0f,0f,1f], start_interpolation: 0, interpolation_duration: 1 }
$data merge entity $(bone_neck) { transformation: [-1f,-5.949194879281872e-17f,1.0704347647311914e-16f,0.4999999999999997f,0f,0.874076317740323f,0.48578862766178244f,-0.6738701924547867f,-1.2246467991473532e-16f,0.48578862766178244f,-0.874076317740323f,2.17831427080168f,0f,0f,0f,1f], start_interpolation: 0, interpolation_duration: 1 }
$data merge entity $(bone_right_arm2) { transformation: [-1f,6.070360893130776e-18f,1.2231413877898877e-16f,-0.8750000000000004f,0f,0.9987707383398106f,-0.049568258352997746f,-1.9920674513493728f,-1.2246467991473532e-16f,-0.049568258352997746f,-0.9987707383398106f,2.416303866682771f,0f,0f,0f,1f], start_interpolation: 0, interpolation_duration: 1 }
$data merge entity $(bone_right_arm1) { transformation: [-1.1354166666666665f,6.8923889307422345e-18f,1.3887751173864347e-16f,-0.5625000000000003f,0f,1.1340209424899932f,-0.05628062667163285f,-0.7152590348960575f,-1.3904843865318904e-16f,-0.05628062667163285f,-1.1340209424899932f,1.6645906449858416f,0f,0f,0f,1f], start_interpolation: 0, interpolation_duration: 1 }
$data merge entity $(bone_left_arm2) { transformation: [-1f,6.070360893130776e-18f,1.2231413877898877e-16f,0.8749999999999997f,0f,0.9987707383398106f,-0.049568258352997746f,-1.9920674513493728f,-1.2246467991473532e-16f,-0.049568258352997746f,-0.9987707383398106f,2.416303866682771f,0f,0f,0f,1f], start_interpolation: 0, interpolation_duration: 1 }
$data merge entity $(bone_left_arm1) { transformation: [-1.1354166666666665f,6.8923889307422345e-18f,1.3887751173864347e-16f,0.5624999999999998f,0f,1.1340209424899932f,-0.05628062667163285f,-0.7152590348960575f,-1.3904843865318904e-16f,-0.05628062667163285f,-1.1340209424899932f,1.6645906449858416f,0f,0f,0f,1f], start_interpolation: 0, interpolation_duration: 1 }
$data merge entity $(bone_body2) { transformation: [-1.5833333333333335f,-3.176972418199294e-17f,1.9128206705505254e-16f,0.4999999999999999f,0f,1.5619366105250148f,0.2594194849005629f,-0.5f,-1.9390240986499761e-16f,0.2594194849005629f,-1.5619366105250148f,0.75f,0f,0f,0f,1f], start_interpolation: 0, interpolation_duration: 1 }
$data merge entity $(bone_tail3) { transformation: [-1f,-2.0145952051752994e-17f,1.2079626833038777e-16f,4.579669976578771e-16f,0f,0.9863763855381882f,0.16450418247758775f,-0.1678496481732144f,-1.2246467991473532e-16f,0.16450418247758775f,-0.9863763855381882f,-3.7523972918432302f,0f,0f,0f,1f], start_interpolation: 0, interpolation_duration: 1 }
$data merge entity $(bone_tail2) { transformation: [-1.5416666666666665f,-3.105834274645253e-17f,1.8622758034268112e-16f,-0.12499999999999976f,0f,1.5206635943713733f,0.25361061465294776f,-0.6612405626071017f,-1.8879971486855027e-16f,0.25361061465294776f,-1.5206635943713733f,-1.9337861031736752f,0f,0f,0f,1f], start_interpolation: 0, interpolation_duration: 1 }
$data merge entity $(bone_tail1) { transformation: [-1f,-1.023049043739603e-17f,1.220366129160791e-16f,1.1102230246251565e-16f,0f,0.9965045676928707f,0.08353829401684547f,-0.75f,-1.2246467991473532e-16f,0.08353829401684547f,-0.9965045676928707f,-0.875f,0f,0f,0f,1f], start_interpolation: 0, interpolation_duration: 1 }
data modify entity @s data merge value {"locators":{"head":{"posx":-5.287320034060972e-16,"posy":-0.7969026371624127,"posz":3.642529607635139,"roty":0,"rotx":6.66239407407408},"neck":{"posx":-2.7755575615628914e-16,"posy":-1.0623723900651307,"posz":2.105403075146052,"roty":0,"rotx":29.064154074074075},"right_arm":{"posx":-0.9375000000000004,"posy":-2.9660540605126844,"posz":2.965257494205674,"roty":0,"rotx":-2.84121629629629},"left_arm":{"posx":0.9374999999999996,"posy":-2.9660540605126844,"posz":2.965257494205674,"roty":0,"rotx":-2.84121629629629},"tail1":{"posx":3.469446951953614e-16,"posy":-1.2879262263074014,"posz":-2.73529800508937,"roty":0,"rotx":9.468432640000001},"tail2":{"posx":5.52356460661646e-16,"posy":-1.3699350515484432,"posz":-4.523145748210295,"roty":0,"rotx":9.468432640000001}},"cameras":{}}