# This file was generated by Animated Java via MC-Build. It is not recommended to edit this file directly.
$data merge entity $(bone_jaw) { transformation: [-1f,-1.0474222078507861e-16f,6.345600847538723e-17f,-5.298266341937938e-16f,0f,0.5181576314049714f,0.855285139013177f,-0.28271496908658844f,-1.2246467991473532e-16f,0.855285139013177f,-0.5181576314049714f,3.6713454348439813f,0f,0f,0f,1f], start_interpolation: 0, interpolation_duration: 1 }
$data merge entity $(bone_head) { transformation: [-1.125f,-2.1917484512370898e-17f,1.360182290061303e-16f,-4.996003610813204e-16f,0f,1.1106731271484278f,0.1789698427957409f,-0.24294389290975715f,-1.3777276490407724e-16f,0.1789698427957409f,-1.1106731271484278f,3.424529184366553f,0f,0f,0f,1f], start_interpolation: 0, interpolation_duration: 1 }
$data merge entity $(bone_neck) { transformation: [-1f,-6.48193385352661e-17f,1.0390404794072816e-16f,0.4999999999999997f,0f,0.8484409383429592f,0.5292900661676155f,-0.7143642111379637f,-1.2246467991473532e-16f,0.5292900661676155f,-0.8484409383429592f,2.172800226659807f,0f,0f,0f,1f], start_interpolation: 0, interpolation_duration: 1 }
$data merge entity $(bone_right_arm2) { transformation: [-1f,4.164478368964153e-18f,1.2239385175135638e-16f,-0.8750000000000004f,0f,0.9994216441554558f,-0.03400554651237914f,-2.0295086933013637f,-1.2246467991473532e-16f,-0.03400554651237914f,-0.9994216441554558f,2.389843033640658f,0f,0f,0f,1f], start_interpolation: 0, interpolation_duration: 1 }
$data merge entity $(bone_right_arm1) { transformation: [-1.1354166666666665f,4.728418148094715e-18f,1.389680191760192e-16f,-0.5625000000000003f,0f,1.134759991801507f,-0.03861046426926381f,-0.7411465985745891f,-1.3904843865318904e-16f,-0.03861046426926381f,-1.134759991801507f,1.658108373486285f,0f,0f,0f,1f], start_interpolation: 0, interpolation_duration: 1 }
$data merge entity $(bone_left_arm2) { transformation: [-1f,4.164478368964153e-18f,1.2239385175135638e-16f,0.8749999999999997f,0f,0.9994216441554558f,-0.03400554651237914f,-2.0295086933013637f,-1.2246467991473532e-16f,-0.03400554651237914f,-0.9994216441554558f,2.389843033640658f,0f,0f,0f,1f], start_interpolation: 0, interpolation_duration: 1 }
$data merge entity $(bone_left_arm1) { transformation: [-1.1354166666666665f,4.728418148094715e-18f,1.389680191760192e-16f,0.5624999999999998f,0f,1.134759991801507f,-0.03861046426926381f,-0.7411465985745891f,-1.3904843865318904e-16f,-0.03861046426926381f,-1.134759991801507f,1.658108373486285f,0f,0f,0f,1f], start_interpolation: 0, interpolation_duration: 1 }
$data merge entity $(bone_body2) { transformation: [-1.5833333333333335f,-3.7189323672766455e-17f,1.903026504182633e-16f,0.4999999999999999f,0f,1.5539390667640616f,0.30367387314170186f,-0.5f,-1.9390240986499761e-16f,0.30367387314170186f,-1.5539390667640616f,0.75f,0f,0f,0f,1f], start_interpolation: 0, interpolation_duration: 1 }
$data merge entity $(bone_tail3) { transformation: [-1f,-2.3346947288971432e-17f,1.202186253411033e-16f,4.579669976578771e-16f,0f,0.9816595725788382f,0.1906422921713141f,-0.10860734404129413f,-1.2246467991473532e-16f,0.1906422921713141f,-0.9816595725788382f,-3.737661521799492f,0f,0f,0f,1f], start_interpolation: 0, interpolation_duration: 1 }
$data merge entity $(bone_tail2) { transformation: [-1.5416666666666665f,-3.599321040383095e-17f,1.8533704740086756e-16f,-0.12499999999999976f,0f,1.5133918410590421f,0.2939068670974425f,-0.6501228117210401f,-1.8879971486855027e-16f,0.2939068670974425f,-1.5133918410590421f,-1.932795252996292f,0f,0f,0f,1f], start_interpolation: 0, interpolation_duration: 1 }
$data merge entity $(bone_tail1) { transformation: [-1f,-1.1511932134933249e-17f,1.219224066574281e-16f,1.1102230246251565e-16f,0f,0.9955720028200394f,0.09400205955666813f,-0.75f,-1.2246467991473532e-16f,0.09400205955666813f,-0.9955720028200394f,-0.875f,0f,0f,0f,1f], start_interpolation: 0, interpolation_duration: 1 }
data modify entity @s data merge value {"locators":{"head":{"posx":-5.252068221872617e-16,"posy":-0.9096983643243673,"posz":3.6336218070212603,"roty":0,"rotx":9.153750000000004},"neck":{"posx":-2.7755575615628914e-16,"posy":-1.0986908212875253,"posz":2.080371569139821,"roty":0,"rotx":31.957500000000007},"right_arm":{"posx":-0.9375000000000004,"posy":-3.01192756420063,"posz":2.923559402230765,"roty":0,"rotx":-1.94875},"left_arm":{"posx":0.9374999999999996,"posy":-3.01192756420063,"posz":2.923559402230765,"roty":0,"rotx":-1.94875},"tail1":{"posx":3.469446951953614e-16,"posy":-1.2553009152873904,"posz":-2.750667928272729,"roty":0,"rotx":10.99027},"tail2":{"posx":5.562328427290227e-16,"posy":-1.289799243704655,"posz":-4.540063039849938,"roty":0,"rotx":10.99027}},"cameras":{}}