# This file was generated by Animated Java via MC-Build. It is not recommended to edit this file directly.
$data merge entity $(bone_jaw) { transformation: [-1f,-1.0634208015889547e-16f,6.073680773713441e-17f,-5.297752879960692e-16f,0f,0.49595367235207527f,0.868348982195805f,-0.3118003932755479f,-1.2246467991473532e-16f,0.868348982195805f,-0.49595367235207527f,3.675627935455621f,0f,0f,0f,1f], start_interpolation: 0, interpolation_duration: 1 }
$data merge entity $(bone_head) { transformation: [-1.125f,-2.3306198950663492e-17f,1.3578717111636958e-16f,-4.996003610813204e-16f,0f,1.108786396297364f,0.19030955673823816f,-0.26950938066705055f,-1.3777276490407724e-16f,0.19030955673823816f,-1.108786396297364f,3.4292309585006513f,0f,0f,0f,1f], start_interpolation: 0, interpolation_duration: 1 }
$data merge entity $(bone_neck) { transformation: [-1f,-6.62058799247506e-17f,1.0302610974897618e-16f,0.4999999999999997f,0f,0.8412720289695523f,0.5406120358200072f,-0.7241136323434441f,-1.2246467991473532e-16f,0.5406120358200072f,-0.8412720289695523f,2.1712971469041324f,0f,0f,0f,1f], start_interpolation: 0, interpolation_duration: 1 }
$data merge entity $(bone_right_arm2) { transformation: [-1f,3.6908181646968045e-18f,1.224090506780186e-16f,-0.8750000000000004f,0f,0.9995457528100716f,-0.03013781742839239f,-2.0385508078896932f,-1.2246467991473532e-16f,-0.03013781742839239f,-0.9995457528100716f,2.3831773649712567f,0f,0f,0f,1f], start_interpolation: 0, interpolation_duration: 1 }
$data merge entity $(bone_right_arm1) { transformation: [-1.1354166666666665f,4.1906164578328296e-18f,1.3898527629066694e-16f,-0.5625000000000003f,0f,1.1349009068364353f,-0.034218980205153855f,-0.747366756808494f,-1.3904843865318904e-16f,-0.034218980205153855f,-1.1349009068364353f,1.6564337745395674f,0f,0f,0f,1f], start_interpolation: 0, interpolation_duration: 1 }
$data merge entity $(bone_left_arm2) { transformation: [-1f,3.6908181646968045e-18f,1.224090506780186e-16f,0.8749999999999997f,0f,0.9995457528100716f,-0.03013781742839239f,-2.0385508078896932f,-1.2246467991473532e-16f,-0.03013781742839239f,-0.9995457528100716f,2.3831773649712567f,0f,0f,0f,1f], start_interpolation: 0, interpolation_duration: 1 }
$data merge entity $(bone_left_arm1) { transformation: [-1.1354166666666665f,4.1906164578328296e-18f,1.3898527629066694e-16f,0.5624999999999998f,0f,1.1349009068364353f,-0.034218980205153855f,-0.747366756808494f,-1.3904843865318904e-16f,-0.034218980205153855f,-1.1349009068364353f,1.6564337745395674f,0f,0f,0f,1f], start_interpolation: 0, interpolation_duration: 1 }
$data merge entity $(bone_body2) { transformation: [-1.5833333333333335f,-3.8493129962377955e-17f,1.900432148148231e-16f,0.4999999999999999f,0f,1.5518206142958002f,0.3143202594346253f,-0.5f,-1.9390240986499761e-16f,0.3143202594346253f,-1.5518206142958002f,0.75f,0f,0f,0f,1f], start_interpolation: 0, interpolation_duration: 1 }
$data merge entity $(bone_tail3) { transformation: [-1f,-2.4122984312535192e-17f,1.2006531328604342e-16f,4.579669976578771e-16f,0f,0.9804076846453816f,0.19697911536069462f,-0.09417631155123174f,-1.2246467991473532e-16f,0.19697911536069462f,-0.9804076846453816f,-3.733859493534774f,0f,0f,0f,1f], start_interpolation: 0, interpolation_duration: 1 }
$data merge entity $(bone_tail2) { transformation: [-1.5416666666666665f,-3.718960081515842e-17f,1.851006913159836e-16f,-0.12499999999999976f,0f,1.51146184716163f,0.30367613618107087f,-0.6473385937235432f,-1.8879971486855027e-16f,0.30367613618107087f,-1.51146184716163f,-1.9325286689548138f,0f,0f,0f,1f], start_interpolation: 0, interpolation_duration: 1 }
$data merge entity $(bone_tail1) { transformation: [-1f,-1.1832843538110949e-17f,1.218916799474893e-16f,1.1102230246251565e-16f,0f,0.995321100192766f,0.09662250002490053f,-0.75f,-1.2246467991473532e-16f,0.09662250002490053f,-0.995321100192766f,-0.875f,0f,0f,0f,1f], start_interpolation: 0, interpolation_duration: 1 }
data modify entity @s data merge value {"locators":{"head":{"posx":-5.243711314188323e-16,"posy":-0.9383655888150968,"posz":3.6314996481731203,"roty":0,"rotx":9.739218750000003},"neck":{"posx":-2.7755575615628914e-16,"posy":-1.107167147684527,"posz":2.0737266370928236,"roty":0,"rotx":32.7253125},"right_arm":{"posx":-0.9375000000000004,"posy":-3.0230276519855686,"posz":2.913088058804685,"roty":0,"rotx":-1.7270312500000007},"left_arm":{"posx":0.9374999999999996,"posy":-3.0230276519855686,"posz":2.913088058804685,"roty":0,"rotx":-1.7270312500000007},"tail1":{"posx":3.469446951953614e-16,"posy":-1.2472212153971018,"posz":-2.7542932886690346,"roty":0,"rotx":11.360361250000002},"tail2":{"posx":5.57165153291479e-16,"posy":-1.2701606452579044,"posz":-4.543873905058713,"roty":0,"rotx":11.360361250000002}},"cameras":{}}