# This file was generated by Animated Java via MC-Build. It is not recommended to edit this file directly.
$data merge entity $(bone_jaw) { transformation: [-1f,-1.1008764874627631e-16f,5.364985946053407e-17f,-5.296901222615905e-16f,0f,0.43808434805763763f,0.8989338707529685f,-0.38005179851036897f,-1.2246467991473532e-16f,0.8989338707529685f,-0.43808434805763763f,3.6867875899897093f,0f,0f,0f,1f], start_interpolation: 0, interpolation_duration: 1 }
$data merge entity $(bone_head) { transformation: [-1.125f,-2.5438391451288547e-17f,1.3540392531121517e-16f,-4.996003610813204e-16f,0f,1.105656956809822f,0.20772022977563603f,-0.33389174744911654f,-1.3777276490407724e-16f,0.20772022977563603f,-1.105656956809822f,3.4410860440319713f,0f,0f,0f,1f], start_interpolation: 0, interpolation_duration: 1 }
$data merge entity $(bone_neck) { transformation: [-1f,-6.977538113953087e-17f,1.0064290344307328e-16f,0.4999999999999997f,0f,0.8218116726646801f,0.5697592251750563f,-0.7441372792006059f,-1.2246467991473532e-16f,0.5697592251750563f,-0.8218116726646801f,2.1679948832434217f,0f,0f,0f,1f], start_interpolation: 0, interpolation_duration: 1 }
$data merge entity $(bone_right_arm2) { transformation: [-1f,2.3346470737874114e-18f,1.2244242422322186e-16f,-0.8750000000000004f,0f,0.9998182684874616f,-0.019063840083629685f,-2.0592815582912762f,-1.2246467991473532e-16f,-0.019063840083629685f,-0.9998182684874616f,2.3652511104988827f,0f,0f,0f,1f], start_interpolation: 0, interpolation_duration: 1 }
$data merge entity $(bone_right_arm1) { transformation: [-1.1354166666666665f,2.65079719836279e-18f,1.3902316917011646e-16f,-0.5625000000000003f,0f,1.1352103256784718f,-0.021645401761621202f,-0.7601264709589782f,-1.3904843865318904e-16f,-0.021645401761621202f,-1.1352103256784718f,1.6528547608039887f,0f,0f,0f,1f], start_interpolation: 0, interpolation_duration: 1 }
$data merge entity $(bone_left_arm2) { transformation: [-1f,2.3346470737874114e-18f,1.2244242422322186e-16f,0.8749999999999997f,0f,0.9998182684874616f,-0.019063840083629685f,-2.0592815582912762f,-1.2246467991473532e-16f,-0.019063840083629685f,-0.9998182684874616f,2.3652511104988827f,0f,0f,0f,1f], start_interpolation: 0, interpolation_duration: 1 }
$data merge entity $(bone_left_arm1) { transformation: [-1.1354166666666665f,2.65079719836279e-18f,1.3902316917011646e-16f,0.5624999999999998f,0f,1.1352103256784718f,-0.021645401761621202f,-0.7601264709589782f,-1.3904843865318904e-16f,-0.021645401761621202f,-1.1352103256784718f,1.6528547608039887f,0f,0f,0f,1f], start_interpolation: 0, interpolation_duration: 1 }
$data merge entity $(bone_body2) { transformation: [-1.5833333333333335f,-4.116966583726502e-17f,1.8948140585899569e-16f,0.4999999999999999f,0f,1.5472330960316072f,0.33617583343972274f,-0.5f,-1.9390240986499761e-16f,0.33617583343972274f,-1.5472330960316072f,0.75f,0f,0f,0f,1f], start_interpolation: 0, interpolation_duration: 1 }
$data merge entity $(bone_tail3) { transformation: [-1f,-2.576585707379003e-17f,1.1972350828417784e-16f,4.579669976578771e-16f,0f,0.9776166349965885f,0.21039418950614353f,-0.06294328791728543f,-1.2246467991473532e-16f,0.21039418950614353f,-0.9776166349965885f,-3.725449122090599f,0f,0f,0f,1f], start_interpolation: 0, interpolation_duration: 1 }
$data merge entity $(bone_tail2) { transformation: [-1.5416666666666665f,-3.9722362988759624e-17f,1.845737419381075e-16f,-0.12499999999999976f,0f,1.5071589789530737f,0.32435770882197124f,-0.6407355123031648f,-1.8879971486855027e-16f,0.32435770882197124f,-1.5071589789530737f,-1.9318668420043976f,0f,0f,0f,1f], start_interpolation: 0, interpolation_duration: 1 }
$data merge entity $(bone_tail1) { transformation: [-1f,-1.259392048173219e-17f,1.2181539719394417e-16f,1.1102230246251565e-16f,0f,0.994698204239433f,0.10283716489113896f,-0.75f,-1.2246467991473532e-16f,0.10283716489113896f,-0.994698204239433f,-0.875f,0f,0f,0f,1f], start_interpolation: 0, interpolation_duration: 1 }
data modify entity @s data merge value {"locators":{"head":{"posx":-5.230801228614977e-16,"posy":-1.0058456761700278,"posz":3.632812848826013,"roty":0,"rotx":10.640156249999999},"neck":{"posx":-2.7755575615628914e-16,"posy":-1.123536559596743,"posz":2.0570616328858606,"roty":0,"rotx":34.73343750000001},"right_arm":{"posx":-0.9375000000000004,"posy":-3.049567906736923,"posz":2.884224084826243,"roty":0,"rotx":-1.09234375},"left_arm":{"posx":0.9374999999999996,"posy":-3.049567906736923,"posz":2.884224084826243,"roty":0,"rotx":-1.09234375},"tail1":{"posx":3.469446951953614e-16,"posy":-1.2293019832651324,"posz":-2.76177392069416,"roty":0,"rotx":12.145453750000003},"tail2":{"posx":5.591291584770765e-16,"posy":-1.227718389753102,"posz":-4.5515008530029935,"roty":0,"rotx":12.145453750000003}},"cameras":{}}