# This file was generated by Animated Java via MC-Build. It is not recommended to edit this file directly.
$data merge entity $(bone_jaw) { transformation: [-1f,-8.903845638640233e-17f,8.408181201035874e-17f,-5.30028103749235e-16f,0f,0.6865800985957728f,0.7270541714426917f,-0.06740357955808679f,-1.2246467991473532e-16f,0.7270541714426917f,-0.6865800985957728f,3.6195922414288297f,0f,0f,0f,1f], start_interpolation: 0, interpolation_duration: 1 }
$data merge entity $(bone_head) { transformation: [-1.125f,-1.526179514511156e-17f,1.3692484200561555e-16f,-4.996003610813204e-16f,0f,1.1180761840960836f,0.12462201473712595f,-0.039709798505392135f,-1.3777276490407724e-16f,0.12462201473712595f,-1.1180761840960836f,3.3711308671852556f,0f,0f,0f,1f], start_interpolation: 0, interpolation_duration: 1 }
$data merge entity $(bone_neck) { transformation: [-1f,-5.2606622992562953e-17f,1.1058996809809163e-16f,0.4999999999999997f,0f,0.9030356195360872f,0.42956567582742816f,-0.6501630326526995f,-1.2246467991473532e-16f,0.42956567582742816f,-0.9030356195360872f,2.1810008957455422f,0f,0f,0f,1f], start_interpolation: 0, interpolation_duration: 1 }
$data merge entity $(bone_right_arm2) { transformation: [-1f,8.585347812817533e-18f,1.2216337270046014e-16f,-0.8750000000000004f,0f,0.9975396398824137f,-0.07010468503077774f,-1.9611381785961768f,-1.2246467991473532e-16f,-0.07010468503077774f,-0.9975396398824137f,2.4458550767968927f,0f,0f,0f,1f], start_interpolation: 0, interpolation_duration: 1 }
$data merge entity $(bone_right_arm1) { transformation: [-1.1354166666666665f,9.747946995803239e-18f,1.387063294203141e-16f,-0.5625000000000003f,0f,1.132623132783157f,-0.07959802779536222f,-0.7000643722091684f,-1.3904843865318904e-16f,-0.07959802779536222f,-1.132623132783157f,1.6680341752748375f,0f,0f,0f,1f], start_interpolation: 0, interpolation_duration: 1 }
$data merge entity $(bone_left_arm2) { transformation: [-1f,8.585347812817533e-18f,1.2216337270046014e-16f,0.8749999999999997f,0f,0.9975396398824137f,-0.07010468503077774f,-1.9611381785961768f,-1.2246467991473532e-16f,-0.07010468503077774f,-0.9975396398824137f,2.445855076796893f,0f,0f,0f,1f], start_interpolation: 0, interpolation_duration: 1 }
$data merge entity $(bone_left_arm1) { transformation: [-1.1354166666666665f,9.747946995803239e-18f,1.387063294203141e-16f,0.5624999999999998f,0f,1.132623132783157f,-0.07959802779536222f,-0.7000643722091684f,-1.3904843865318904e-16f,-0.07959802779536222f,-1.132623132783157f,1.6680341752748378f,0f,0f,0f,1f], start_interpolation: 0, interpolation_duration: 1 }
$data merge entity $(bone_body2) { transformation: [-1.5833333333333335f,-2.859365802251805e-17f,1.9178255205399894e-16f,0.4999999999999999f,0f,1.5660233806802535f,0.23348493657457864f,-0.5f,-1.9390240986499761e-16f,0.23348493657457864f,-1.5660233806802535f,0.75f,0f,0f,0f,1f], start_interpolation: 0, interpolation_duration: 1 }
$data merge entity $(bone_tail3) { transformation: [-1f,-1.8059152435274557e-17f,1.2112582234989406e-16f,4.579669976578771e-16f,0f,0.9890673983243705f,0.1474641704681549f,-0.20949920485608103f,-1.2246467991473532e-16f,0.1474641704681549f,-0.9890673983243705f,-3.761443888195048f,0f,0f,0f,1f], start_interpolation: 0, interpolation_duration: 1 }
$data merge entity $(bone_tail2) { transformation: [-1.5416666666666665f,-2.784119333771494e-17f,1.8673564278942e-16f,-0.12499999999999976f,0f,1.5248122390834045f,0.22734059613840546f,-0.671444661669691f,-1.8879971486855027e-16f,0.22734059613840546f,-1.5248122390834045f,-1.9345920482996324f,0f,0f,0f,1f], start_interpolation: 0, interpolation_duration: 1 }
$data merge entity $(bone_tail1) { transformation: [-1f,-9.05435704867297e-18f,1.221295068566713e-16f,1.1102230246251565e-16f,0f,0.997263104282007f,0.07393443607558495f,-0.75f,-1.2246467991473532e-16f,0.07393443607558495f,-0.997263104282007f,-0.875f,0f,0f,0f,1f], start_interpolation: 0, interpolation_duration: 1 }
data modify entity @s data merge value {"locators":{"head":{"posx":-5.291562643355961e-16,"posy":-0.6954804604301957,"posz":3.6124731323579864,"roty":0,"rotx":6.359999999999997},"neck":{"posx":-2.7755575615628914e-16,"posy":-1.0424970994571607,"posz":2.1327932197522674,"roty":0,"rotx":25.439999999999998},"right_arm":{"posx":-0.9375000000000006,"posy":-2.9236254759632017,"posz":3.0147295817688775,"roty":0,"rotx":-4.020000000000001},"left_arm":{"posx":0.9374999999999996,"posy":-2.9236254759632017,"posz":3.0147295817688775,"roty":0,"rotx":-4.020000000000001},"tail1":{"posx":3.191891195797325e-16,"posy":-1.3118635932161125,"posz":-2.725174012498753,"roty":0,"rotx":8.479999999999999},"tail2":{"posx":5.498029103009903e-16,"posy":-1.4247015692684804,"posz":-4.51134102349196,"roty":0,"rotx":8.479999999999999}},"cameras":{}}