# This file was generated by Animated Java via MC-Build. It is not recommended to edit this file directly.
$data merge entity $(bone_left_leg4) { transformation: [-0.8998705949139983f,-0.0006511147636057424f,-0.01524757222287091f,0.4670207091451523f,-0.000507754624113177f,0.8999600511120651f,-0.008464548872232025f,-0.6531651388944614f,0.015253019188630923f,-0.00845472956003479f,-0.8998310191106427f,-0.825563266509363f,0f,0f,0f,1f], start_interpolation: 0, interpolation_duration: 1 }
$data merge entity $(bone_left_leg3) { transformation: [-0.9978922419215486f,-0.008580977259228316f,0.06432293791535482f,0.4565647925810214f,-0.05409508336104884f,0.6575056151409828f,-0.7515052148949057f,-0.11306685160779265f,-0.03584404370250587f,-0.7534007783957711f,-0.6565839410491994f,-1.3495773539906164f,0f,0f,0f,1f], start_interpolation: 0, interpolation_duration: 1 }
$data merge entity $(bone_left_leg2) { transformation: [-0.9955437779619635f,0.06306432078032276f,-0.07011046716245407f,0.4880969529711828f,-0.03794273550665411f,0.41275884749660247f,0.9100497143758404f,0.09331257214050859f,0.08633038273686208f,0.9086545136947228f,-0.4085266695807188f,-0.895250097143255f,0f,0f,0f,1f], start_interpolation: 0, interpolation_duration: 1 }
$data merge entity $(bone_left_leg1) { transformation: [-0.9537169587565072f,-2.5700507505541453e-9f,0.30070577410525196f,0.3125000000000001f,-0.21671432231458393f,0.6932620492429601f,-0.6873300761520496f,0.3250843053627499f,-0.20846789940892443f,-0.7206855979409132f,-0.6611757737822667f,-0.9324666765991168f,0f,0f,0f,1f], start_interpolation: 0, interpolation_duration: 1 }
$data merge entity $(bone_right_leg4) { transformation: [-0.895360943911496f,0.043479587810708285f,0.08023905259738551f,-0.5199294975899478f,-0.04317049593051306f,0.49537754105397513f,-0.7501582500382369f,-0.36709433501644767f,-0.08040577341850913f,-0.7501403983676174f,-0.490738519313334f,-0.06101464620521935f,0f,0f,0f,1f], start_interpolation: 0, interpolation_duration: 1 }
$data merge entity $(bone_right_leg3) { transformation: [-0.9957242940577073f,0.08697821157847108f,-0.03111142770576827f,-0.4527513746744839f,0.027229052872078587f,-0.04547195879638888f,-0.9985944520389186f,-0.3387861508613069f,-0.08827065708926198f,-0.9951718905163218f,0.04290919975016644f,-0.8100753890768461f,0f,0f,0f,1f], start_interpolation: 0, interpolation_duration: 1 }
$data merge entity $(bone_right_leg2) { transformation: [-0.9929501996553977f,0.029458609839004862f,-0.11481328891142963f,-0.4380220697549815f,0.010428293711648051f,0.9865796977966895f,0.16294707909519424f,0.1545036980370378f,0.11807265430475308f,0.16060102802206835f,-0.979931710938923f,-0.7297748750658118f,0f,0f,0f,1f], start_interpolation: 0, interpolation_duration: 1 }
$data merge entity $(bone_right_leg1) { transformation: [-0.9537169587565072f,-0.19514492636449046f,-0.22878465922005403f,-0.3124999999999999f,0.21671432231458387f,0.08140429680825428f,-0.9728351571385996f,0.3250843053627499f,0.20846789940892416f,-0.9773902998164812f,-0.035345957911470494f,-0.9324666765991169f,0f,0f,0f,1f], start_interpolation: 0, interpolation_duration: 1 }
$data merge entity $(bone_right_wing3) { transformation: [-1.1413982952377977f,0.09648846981501985f,0.23421245226837692f,-1.392983471514869f,0.0534738976774778f,1.1484458389536225f,-0.21252826455286142f,1.1227138866699258f,-0.24760056516896187f,-0.19676812790548281f,-1.125580663455598f,0.3183767076667118f,0f,0f,0f,1f], start_interpolation: 0, interpolation_duration: 1 }
$data merge entity $(bone_right_wing2) { transformation: [-0.6616094393268412f,0.08252741087633403f,-0.7452933491234651f,-1.0651623977378812f,0.18029204506512572f,0.9822755175021763f,-0.0512794910472635f,0.930040737979277f,0.7278514465739951f,-0.1682974574076521f,-0.6647617900799219f,-0.6454161795690956f,0f,0f,0f,1f], start_interpolation: 0, interpolation_duration: 1 }
$data merge entity $(bone_right_wing1) { transformation: [-0.9585600631815867f,0.21250764982867149f,0.4578364502185452f,-0.5625f,0.04394950101870399f,1.0140489235029289f,-0.37866123806625496f,0.9895330711173121f,-0.5028341254774088f,-0.31647494469224074f,-0.9058766818659832f,-0.11726144258551313f,0f,0f,0f,1f], start_interpolation: 0, interpolation_duration: 1 }
$data merge entity $(bone_left_wing3) { transformation: [-1.1413982952377977f,-0.09648846981501975f,-0.23421245226837678f,1.392983471514869f,-0.0534738976774778f,1.1484458389536225f,-0.21252826455286142f,1.1227138866699258f,0.24760056516896167f,-0.1967681279054828f,-1.1255806634555978f,0.318376707666712f,0f,0f,0f,1f], start_interpolation: 0, interpolation_duration: 1 }
$data merge entity $(bone_left_wing2) { transformation: [-0.661609439326841f,-0.08252741087633395f,0.7452933491234651f,1.0651623977378812f,-0.18029204506512572f,0.9822755175021763f,-0.0512794910472635f,0.930040737979277f,-0.7278514465739953f,-0.16829745740765206f,-0.6647617900799216f,-0.6454161795690954f,0f,0f,0f,1f], start_interpolation: 0, interpolation_duration: 1 }
$data merge entity $(bone_left_wing1) { transformation: [-0.9585600631815867f,-0.21250764982867135f,-0.4578364502185449f,0.5625f,-0.04394950101870399f,1.0140489235029289f,-0.37866123806625496f,0.9895330711173121f,0.5028341254774086f,-0.31647494469224074f,-0.9058766818659834f,-0.11726144258551302f,0f,0f,0f,1f], start_interpolation: 0, interpolation_duration: 1 }
$data merge entity $(bone_beak_down) { transformation: [-1.1f,-1.1096963918753571e-16f,7.637298310788068e-17f,-1.2609619132814107e-16f,0f,0.6236327336261732f,0.9061358692546869f,1.7519146246658295f,-1.3471114790620887e-16f,0.9061358692546869f,-0.6236327336261732f,1.0296535410530947f,0f,0f,0f,1f], start_interpolation: 0, interpolation_duration: 1 }
$data merge entity $(bone_beak_up) { transformation: [-1.1f,-1.0439092942746664e-17f,1.3430606355910067e-16f,-1.297378253152659e-16f,0f,1.0966922352845716f,0.08524166273912401f,1.8506593670330298f,-1.3471114790620887e-16f,0.08524166273912401f,-1.0966922352845716f,1.059389739193328f,0f,0f,0f,1f], start_interpolation: 0, interpolation_duration: 1 }
$data merge entity $(bone_head) { transformation: [-1.1f,-3.884409586266484e-17f,1.2898926151746352e-16f,-6.524319455653414e-17f,0f,1.0532772519168045f,0.31718611349582254f,2.009252423780941f,-1.3471114790620887e-16f,0.31718611349582254f,-1.0532772519168045f,0.5327511132349257f,0f,0f,0f,1f], start_interpolation: 0, interpolation_duration: 1 }
$data merge entity $(bone_neck2) { transformation: [-1f,1.1956177801397682e-16f,2.6506208041798677e-17f,-4.8676814530409965e-17f,0f,0.2164396139381029f,-0.9762960071199334f,1.3990674193309827f,-1.2246467991473532e-16f,-0.9762960071199334f,-0.2164396139381029f,0.39747635452361146f,0f,0f,0f,1f], start_interpolation: 0, interpolation_duration: 1 }
$data merge entity $(bone_neck1) { transformation: [-1f,9.122057134032073e-17f,8.170927236834285e-17f,-2.7153488232171113e-18f,0f,0.6672068422114197f,-0.7448724922470058f,0.980076642442042f,-1.2246467991473532e-16f,-0.7448724922470058f,-0.6672068422114197f,0.02217250577968788f,0f,0f,0f,1f], start_interpolation: 0, interpolation_duration: 1 }
$data merge entity $(bone_body3) { transformation: [-1f,4.723064586907229e-17f,1.1299054791180042e-16f,7.085565898847517e-17f,0f,0.9226378412981509f,-0.3856674912469138f,0.7966993254938552f,-1.2246467991473532e-16f,-0.3856674912469138f,-0.9226378412981509f,-0.5785803632345885f,0f,0f,0f,1f], start_interpolation: 0, interpolation_duration: 1 }
$data merge entity $(bone_body2) { transformation: [-1f,4.410904978062648e-17f,1.142453042976769e-16f,9.94169850628944e-17f,0f,0.9328837047320006f,-0.3601777248047104f,0.7066548942926777f,-1.2246467991473532e-16f,-0.3601777248047104f,-0.9328837047320006f,-0.8118012894175887f,0f,0f,0f,1f], start_interpolation: 0, interpolation_duration: 1 }
$data merge entity $(bone_tail2) { transformation: [-1f,-3.3640214239154468e-18f,1.2241846750583844e-16f,2.9751537785276735e-16f,0f,0.9996226470446086f,0.027469319531620018f,0.03850241933545989f,-1.2246467991473532e-16f,0.027469319531620018f,-0.9996226470446086f,-2.429397423484952f,0f,0f,0f,1f], start_interpolation: 0, interpolation_duration: 1 }
$data merge entity $(bone_tail1) { transformation: [-1f,4.076759690752346e-17f,1.1547987213798025e-16f,2.1090547374928215e-16f,0f,0.9429647161808761f,-0.3328926914756765f,0.2881719379422173f,-1.2246467991473532e-16f,-0.3328926914756765f,-0.9429647161808761f,-1.7221738863492948f,0f,0f,0f,1f], start_interpolation: 0, interpolation_duration: 1 }
$data merge entity $(bone_body1) { transformation: [-1f,4.410904978062648e-17f,1.142453042976769e-16f,1.2246467991473532e-16f,0f,0.9328837047320006f,-0.3601777248047104f,0.5f,-1.2246467991473532e-16f,-0.3601777248047104f,-0.9328837047320006f,-1f,0f,0f,0f,1f], start_interpolation: 0, interpolation_duration: 1 }