# This file was generated by Animated Java via MC-Build. It is not recommended to edit this file directly.
$data merge entity $(bone_left_leg4) { transformation: [-0.8997557734229218f,0.007345213815185582f,-0.019636599148772957f,0.46080921496399163f,0.00775700254681997f,0.8997688596393278f,-0.018863407296467072f,-0.6452836955242196f,0.019477605181567312f,-0.01902753419003561f,-0.8995880033876835f,-0.7668267143110392f,0f,0f,0f,1f], start_interpolation: 0, interpolation_duration: 1 }
$data merge entity $(bone_left_leg3) { transformation: [-0.9985039040057071f,-0.006089745981488544f,0.05434030437201473f,0.4528456364546243f,-0.04495502385722814f,0.657167781555224f,-0.7524025204076483f,-0.10538270183232362f,-0.031128757048078222f,-0.7537197236902234f,-0.6564583601455434f,-1.2910878595696103f,0f,0f,0f,1f], start_interpolation: 0, interpolation_duration: 1 }
$data merge entity $(bone_left_leg2) { transformation: [-0.9955437779619635f,0.07050263303311693f,-0.06262559298416799f,0.4880969529711828f,-0.02603705006668916f,0.4327823879330468f,0.9011223428141127f,0.11100849213419978f,0.09063475153077731f,0.8987373272710825f,-0.4290181329321488f,-0.841719195934069f,0f,0f,0f,1f], start_interpolation: 0, interpolation_duration: 1 }
$data merge entity $(bone_left_leg1) { transformation: [-0.9537169587565072f,-2.570050739977317e-9f,0.30070577410525196f,0.3125000000000001f,-0.24268518464259073f,0.5904804316761401f,-0.769699136651816f,0.3357065131153677f,-0.17756087332301118f,-0.8070519560769054f,-0.563151202127111f,-0.9096456964650318f,0f,0f,0f,1f], start_interpolation: 0, interpolation_duration: 1 }
$data merge entity $(bone_right_leg4) { transformation: [-0.8873801423547848f,0.05177886630309395f,0.14098025379026757f,-0.5207289176033593f,-0.1262713610072188f,0.20018590746069076f,-0.8683208772357858f,-0.06929507603623139f,-0.08131436738846694f,-0.8759249690804036f,-0.19011423460043f,0.18951609260090463f,0f,0f,0f,1f], start_interpolation: 0, interpolation_duration: 1 }
$data merge entity $(bone_right_leg3) { transformation: [-0.9916458109760792f,0.1253203866334207f,0.030551370961779394f,-0.42864808831340495f,-0.0678473692170409f,-0.30531255358899945f,-0.9498320794284066f,-0.23891498626370555f,-0.10970560634680826f,-0.9439698328416085f,0.31126457334728114f,-0.5379153178645067f,0f,0f,0f,1f], start_interpolation: 0, interpolation_duration: 1 }
$data merge entity $(bone_right_leg2) { transformation: [-0.9848460660887247f,0.022153895963775205f,-0.17200997355731862f,-0.4175711403315173f,0.059964653654281413f,0.9741348904658371f,-0.21786568222010966f,0.248152458969213f,0.16273434309230886f,-0.224878678559658f,-0.9607013654136113f,-0.6503546571443357f,0f,0f,0f,1f], start_interpolation: 0, interpolation_duration: 1 }
$data merge entity $(bone_right_leg1) { transformation: [-0.9537169587565072f,-0.24697532689045282f,-0.1715434361542076f,-0.3124999999999999f,0.2426851846425908f,-0.2953174287705621f,-0.9240625073117811f,0.3357065131153677f,0.17756087332301093f,-0.922925134651613f,0.3415864928434257f,-0.9096456964650319f,0f,0f,0f,1f], start_interpolation: 0, interpolation_duration: 1 }
$data merge entity $(bone_right_wing3) { transformation: [-1.1413982952377977f,0.09648846981501988f,0.23421245226837692f,-1.392983471514869f,-0.002841483458527344f,1.0760815864823725f,-0.4571607060781766f,1.3675210808990839f,-0.2532931573820454f,-0.44687130183409424f,-1.050287666307235f,0.18005155920630322f,0f,0f,0f,1f], start_interpolation: 0, interpolation_duration: 1 }
$data merge entity $(bone_right_wing2) { transformation: [-0.6616094393268412f,0.08252741087633406f,-0.7452933491234651f,-1.065162397737881f,0.3374124080432943f,0.9203817553987589f,-0.1976114653240658f,0.9656452216949172f,0.6696460383606013f,-0.38221283440401077f,-0.6367790295893889f,-0.7168963018768342f,0f,0f,0f,1f], start_interpolation: 0, interpolation_duration: 1 }
$data merge entity $(bone_right_wing1) { transformation: [-0.9585600631815867f,0.2125076498286715f,0.4578364502185452f,-0.5624999999999999f,-0.06880341458044238f,0.9184587085574509f,-0.5703602387335236f,1.1409305206556264f,-0.5000398049420619f,-0.5337463916040885f,-0.7991783868663057f,-0.21513756715599347f,0f,0f,0f,1f], start_interpolation: 0, interpolation_duration: 1 }
$data merge entity $(bone_left_wing3) { transformation: [-1.1413982952377977f,-0.09648846981501973f,-0.23421245226837678f,1.392983471514869f,0.002841483458527344f,1.0760815864823725f,-0.4571607060781766f,1.3675210808990839f,0.253293157382045f,-0.44687130183409424f,-1.0502876663072351f,0.18005155920630356f,0f,0f,0f,1f], start_interpolation: 0, interpolation_duration: 1 }
$data merge entity $(bone_left_wing2) { transformation: [-0.661609439326841f,-0.08252741087633392f,0.7452933491234651f,1.0651623977378812f,-0.3374124080432943f,0.9203817553987589f,-0.1976114653240658f,0.9656452216949172f,-0.6696460383606015f,-0.38221283440401077f,-0.6367790295893887f,-0.716896301876834f,0f,0f,0f,1f], start_interpolation: 0, interpolation_duration: 1 }
$data merge entity $(bone_left_wing1) { transformation: [-0.9585600631815867f,-0.21250764982867132f,-0.4578364502185449f,0.5625000000000001f,0.06880341458044238f,0.9184587085574509f,-0.5703602387335236f,1.1409305206556264f,0.5000398049420617f,-0.5337463916040885f,-0.7991783868663058f,-0.21513756715599336f,0f,0f,0f,1f], start_interpolation: 0, interpolation_duration: 1 }
$data merge entity $(bone_beak_down) { transformation: [-1.1f,-1.2676069154223893e-16f,4.5594083497114314e-17f,-1.0370592139495904e-16f,0f,0.3723039453404743f,1.035079597076436f,1.98912937393402f,-1.3471114790620887e-16f,1.035079597076436f,-0.3723039453404743f,0.8468231123223704f,0f,0f,0f,1f], start_interpolation: 0, interpolation_duration: 1 }
$data merge entity $(bone_beak_up) { transformation: [-1.1f,-1.400217058447933e-18f,1.347038706288639e-16f,-1.0748271423486129e-16f,0f,1.09994057652092f,0.011433639963970232f,2.087535009111602f,-1.3471114790620887e-16f,0.011433639963970232f,-1.09994057652092f,0.8776629662503095f,0f,0f,0f,1f], start_interpolation: 0, interpolation_duration: 1 }
$data merge entity $(bone_head) { transformation: [-1.1f,-4.028579029229071e-17f,1.2854628921417393e-16f,-4.3209569627774325e-17f,0f,1.0496601085608754f,0.32895844189801715f,2.2520142300606105f,-1.3471114790620887e-16f,0.32895844189801715f,-1.0496601085608754f,0.3528329119698717f,0f,0f,0f,1f], start_interpolation: 0, interpolation_duration: 1 }
$data merge entity $(bone_neck2) { transformation: [-1f,1.195617780139768e-16f,2.650620804179867e-17f,-2.664318960165016e-17f,0f,0.21643961393810313f,-0.9762960071199334f,1.641829225610652f,-1.2246467991473532e-16f,-0.9762960071199334f,-0.21643961393810313f,0.21755815325855726f,0f,0f,0f,1f], start_interpolation: 0, interpolation_duration: 1 }
$data merge entity $(bone_neck1) { transformation: [-1f,1.0431973789532005e-16f,6.414818868892794e-17f,9.440166535871809e-18f,0f,0.5238097117764111f,-0.8518353044155385f,1.1626718668769116f,-1.2246467991473532e-16f,-0.8518353044155385f,-0.5238097117764111f,-0.07708480961567399f,0f,0f,0f,1f], start_interpolation: 0, interpolation_duration: 1 }
$data merge entity $(bone_body3) { transformation: [-1f,7.114137848106245e-17f,9.9682004867643e-17f,7.61877557332151e-17f,0f,0.8139653403499318f,-0.5809134399452466f,0.8504738006830032f,-1.2246467991473532e-16f,-0.5809134399452466f,-0.8139653403499318f,-0.6221202373309593f,0f,0f,0f,1f], start_interpolation: 0, interpolation_duration: 1 }
$data merge entity $(bone_body2) { transformation: [-1f,5.901445792708645e-17f,1.0730746284481205e-16f,1.0301462144441811e-16f,0f,0.8762319300513722f,-0.48188961885316334f,0.7300013959697124f,-1.2246467991473532e-16f,-0.48188961885316334f,-0.8762319300513722f,-0.8411782198438024f,0f,0f,0f,1f], start_interpolation: 0, interpolation_duration: 1 }
$data merge entity $(bone_tail2) { transformation: [-1f,-1.430062404078887e-17f,1.2162684727749292e-16f,2.951006429639127e-16f,0f,0.9931585773316378f,0.11677345705509148f,-0.00828654883962765f,-1.2246467991473532e-16f,0.11677345705509148f,-0.9931585773316378f,-2.4096796167627543f,0f,0f,0f,1f], start_interpolation: 0, interpolation_duration: 1 }
$data merge entity $(bone_tail1) { transformation: [-1f,3.292402998812853e-17f,1.17955949726834e-16f,2.0663368066878725e-16f,0f,0.9631834240612029f,-0.2688451071039546f,0.1933472814883383f,-1.2246467991473532e-16f,-0.2688451071039546f,-0.9631834240612029f,-1.687292048716852f,0f,0f,0f,1f], start_interpolation: 0, interpolation_duration: 1 }
$data merge entity $(bone_body1) { transformation: [-1f,5.901445792708645e-17f,1.0730746284481205e-16f,1.2246467991473532e-16f,0f,0.8762319300513722f,-0.48188961885316334f,0.5f,-1.2246467991473532e-16f,-0.48188961885316334f,-0.8762319300513722f,-1f,0f,0f,0f,1f], start_interpolation: 0, interpolation_duration: 1 }