# This file was generated by Animated Java via MC-Build. It is not recommended to edit this file directly.
$data merge entity $(bone_left_leg4) { transformation: [-0.8997201438282512f,0.009214379035860011f,-0.02046357761132677f,0.4593085653374604f,0.009696575728925516f,0.8996977712977308f,-0.02121076945871536f,-0.6424848040105172f,0.02023954566694884f,-0.02142464797566246f,-0.8995172845756303f,-0.7538521589932764f,0f,0f,0f,1f], start_interpolation: 0, interpolation_duration: 1 }
$data merge entity $(bone_left_leg3) { transformation: [-0.9986244204038363f,-0.005314109201872197f,0.05216346630059248f,0.4520627667922692f,-0.04280875528512436f,0.657089378084186f,-0.7525961464689264f,-0.10263051129306977f,-0.03027668152292766f,-0.7537939436293779f,-0.6564129897432186f,-1.2781718048563586f,0f,0f,0f,1f], start_interpolation: 0, interpolation_duration: 1 }
$data merge entity $(bone_left_leg2) { transformation: [-0.9955437779619635f,0.0720683723578272f,-0.06081723330532714f,0.4880969529711828f,-0.02326651213155162f,0.4372729896500337f,0.8990278093228011f,0.11600598353194708f,0.09138520435198125f,0.8964365466825948f,-0.43364762445715244f,-0.8299535315150612f,0f,0f,0f,1f], start_interpolation: 0, interpolation_duration: 1 }
$data merge entity $(bone_left_leg1) { transformation: [-0.9537169587565072f,-2.570050737822251e-9f,0.30070577410525196f,0.3125000000000001f,-0.24797683951536098f,0.5656441959911918f,-0.7864821235129575f,0.33853256349955496f,-0.1700924738023752f,-0.824649406439778f,-0.5394644629763021f,-0.9046872676397599f,0f,0f,0f,1f], start_interpolation: 0, interpolation_duration: 1 }
$data merge entity $(bone_right_leg4) { transformation: [-0.8845841141570605f,0.054150613294912435f,0.15677581465504617f,-0.5199574933667515f,-0.147755161604654f,0.129249997514557f,-0.8783295795780015f,0.009444620072103393f,-0.07536151007079858f,-0.8890231432433419f,-0.1181460688198177f,0.23305076221187637f,0f,0f,0f,1f], start_interpolation: 0, interpolation_duration: 1 }
$data merge entity $(bone_right_leg3) { transformation: [-0.9898291977045615f,0.13417478335772207f,0.0472788206542038f,-0.42228133213934765f,-0.0931613397462104f,-0.3601939877825357f,-0.9282140140840391f,-0.2026874948845459f,-0.1075133673002345f,-0.9231778911327017f,0.36903042852255674f,-0.4823970579203096f,0f,0f,0f,1f], start_interpolation: 0, interpolation_duration: 1 }
$data merge entity $(bone_right_leg2) { transformation: [-0.9829383917729113f,0.018523662727515128f,-0.18299997786349514f,-0.4130195007755901f,0.07403328347861735f,0.9506103603856234f,-0.3014282927412244f,0.2726176853082658f,0.16837811887610918f,-0.30983353053966217f,-0.9357627864138809f,-0.6373138231901407f,0f,0f,0f,1f], start_interpolation: 0, interpolation_duration: 1 }
$data merge entity $(bone_right_leg1) { transformation: [-0.9537169587565072f,-0.25655777462897145f,-0.1568504729277811f,-0.3124999999999999f,0.24797683951536098f,-0.37597065229262294f,-0.8928345623230725f,0.33853256349955496f,0.17009247380237497f,-0.8904067480045788f,0.42218997319180723f,-0.90468726763976f,0f,0f,0f,1f], start_interpolation: 0, interpolation_duration: 1 }
$data merge entity $(bone_right_wing3) { transformation: [-1.1413982952377977f,0.09648846981501988f,0.23421245226837692f,-1.392983471514869f,-0.01568263046175554f,1.0520356702756635f,-0.5098338646520038f,1.4188733737716301f,-0.2528231648931932f,-0.5008657401309794f,-1.0257531494628702f,0.1419576041445173f,0f,0f,0f,1f], start_interpolation: 0, interpolation_duration: 1 }
$data merge entity $(bone_right_wing2) { transformation: [-0.6616094393268412f,0.08252741087633406f,-0.7452933491234651f,-1.065162397737881f,0.37093684146737127f,0.899815078255952f,-0.2296490465589727f,0.9720292715834592f,0.6516738520424405f,-0.42839473782632276f,-0.6259386065477054f,-0.7334565949934392f,0f,0f,0f,1f], start_interpolation: 0, interpolation_duration: 1 }
$data merge entity $(bone_right_wing1) { transformation: [-0.9585600631815867f,0.2125076498286715f,0.4578364502185452f,-0.5624999999999999f,-0.09407251376989854f,0.8902100553591485f,-0.6101536942456258f,1.172533834763347f,-0.4959073285780679f,-0.5796358056684103f,-0.7692264720879072f,-0.24123237368322514f,0f,0f,0f,1f], start_interpolation: 0, interpolation_duration: 1 }
$data merge entity $(bone_left_wing3) { transformation: [-1.1413982952377977f,-0.09648846981501973f,-0.23421245226837678f,1.392983471514869f,0.01568263046175554f,1.0520356702756635f,-0.5098338646520038f,1.4188733737716301f,0.25282316489319284f,-0.5008657401309794f,-1.02575314946287f,0.14195760414451764f,0f,0f,0f,1f], start_interpolation: 0, interpolation_duration: 1 }
$data merge entity $(bone_left_wing2) { transformation: [-0.661609439326841f,-0.08252741087633392f,0.7452933491234651f,1.0651623977378812f,-0.37093684146737127f,0.899815078255952f,-0.2296490465589727f,0.9720292715834592f,-0.6516738520424407f,-0.4283947378263227f,-0.6259386065477052f,-0.7334565949934388f,0f,0f,0f,1f], start_interpolation: 0, interpolation_duration: 1 }
$data merge entity $(bone_left_wing1) { transformation: [-0.9585600631815867f,-0.21250764982867132f,-0.4578364502185449f,0.5625000000000001f,0.09407251376989854f,0.8902100553591485f,-0.6101536942456258f,1.172533834763347f,0.4959073285780677f,-0.5796358056684103f,-0.7692264720879073f,-0.24123237368322503f,0f,0f,0f,1f], start_interpolation: 0, interpolation_duration: 1 }
$data merge entity $(bone_beak_down) { transformation: [-1.1f,-1.2920359563806056e-16f,3.812511304120961e-17f,-9.78609318678507e-17f,0f,0.31131517322181246f,1.055027422829318f,2.0380139198928404f,-1.3471114790620887e-16f,1.055027422829318f,-0.31131517322181246f,0.799095150830307f,0f,0f,0f,1f], start_interpolation: 0, interpolation_duration: 1 }
$data merge entity $(bone_beak_up) { transformation: [-1.1f,6.500442780675947e-19f,1.3470957951328118e-16f,-1.0166828222068274e-16f,0f,1.099987193099849f,-0.005308014347648604f,2.136341008682229f,-1.3471114790620887e-16f,-0.005308014347648604f,-1.099987193099849f,0.8301845257870935f,0f,0f,0f,1f], start_interpolation: 0, interpolation_duration: 1 }
$data merge entity $(bone_head) { transformation: [-1.1f,-4.061173709687512e-17f,1.28443684859096e-16f,-3.744643979113474e-17f,0f,1.0488222804201466f,0.33161999953905547f,2.302151008451757f,-1.3471114790620887e-16f,0.33161999953905547f,-1.0488222804201466f,0.30577338557702016f,0f,0f,0f,1f], start_interpolation: 0, interpolation_duration: 1 }
$data merge entity $(bone_neck2) { transformation: [-1f,1.1956177801397677e-16f,2.650620804179867e-17f,-2.0880059765010565e-17f,0f,0.2164396139381029f,-0.9762960071199333f,1.6919660040017988f,-1.2246467991473532e-16f,-0.9762960071199333f,-0.2164396139381029f,0.17049862686570583f,0f,0f,0f,1f], start_interpolation: 0, interpolation_duration: 1 }
$data merge entity $(bone_neck1) { transformation: [-1f,1.0683665702476999e-16f,5.986256378063204e-17f,1.279263236159496e-17f,0f,0.4888149286987128f,-0.8723875087833801f,1.2012480303111475f,-1.2246467991473532e-16f,-0.8723875087833801f,-0.4888149286987128f,-0.10445977052732014f,0f,0f,0f,1f], start_interpolation: 0, interpolation_duration: 1 }
$data merge entity $(bone_body3) { transformation: [-1f,7.610484032042902e-17f,9.594608437252963e-17f,7.75154876144528e-17f,0f,0.7834592344448296f,-0.6214431816048201f,0.8618122439609368f,-1.2246467991473532e-16f,-0.6214431816048201f,-0.7834592344448296f,-0.6329619909056399f,0f,0f,0f,1f], start_interpolation: 0, interpolation_duration: 1 }
$data merge entity $(bone_body2) { transformation: [-1f,6.225303072157669e-17f,1.0546164228095922e-16f,1.038808981846926e-16f,0f,0.8611596613357069f,-0.5083345725879468f,0.7347286008139501f,-1.2246467991473532e-16f,-0.5083345725879468f,-0.8611596613357069f,-0.8482519062395666f,0f,0f,0f,1f], start_interpolation: 0, interpolation_duration: 1 }
$data merge entity $(bone_tail2) { transformation: [-1f,-1.657055593508043e-17f,1.213384296198898e-16f,2.942842526862871e-16f,0f,0.9908034684316354f,0.1353088575956552f,-0.018044691606386276f,-1.2246467991473532e-16f,0.1353088575956552f,-0.9908034684316354f,-2.403013284247991f,0f,0f,0f,1f], start_interpolation: 0, interpolation_duration: 1 }
$data merge entity $(bone_tail1) { transformation: [-1f,3.112500925397506e-17f,1.1844336885431174e-16f,2.0545172604555329e-16f,0f,0.9671635032792852f,-0.25415498799854386f,0.17257154939252162f,-1.2246467991473532e-16f,-0.25415498799854386f,-0.9671635032792852f,-1.677640656788527f,0f,0f,0f,1f], start_interpolation: 0, interpolation_duration: 1 }
$data merge entity $(bone_body1) { transformation: [-1f,6.225303072157669e-17f,1.0546164228095922e-16f,1.2246467991473532e-16f,0f,0.8611596613357069f,-0.5083345725879468f,0.5f,-1.2246467991473532e-16f,-0.5083345725879468f,-0.8611596613357069f,-1f,0f,0f,0f,1f], start_interpolation: 0, interpolation_duration: 1 }