# This file was generated by Animated Java via MC-Build. It is not recommended to edit this file directly.
$data merge entity $(bone_left_leg4) { transformation: [-0.899695016976434f,0.01044623050217438f,-0.02097028125872648f,0.45831023107567226f,0.010975782810257878f,0.8996456163193933f,-0.02274416912091043f,-0.6404566963671473f,0.020698034193534026f,-0.022992200973242227f,-0.8994681484493647f,-0.7454467436108604f,0f,0f,0f,1f], start_interpolation: 0, interpolation_duration: 1 }
$data merge entity $(bone_left_leg3) { transformation: [-0.9986995297047687f,-0.004765887923649903f,0.05075958707252668f,0.4515633409409019f,-0.041392986813996564f,0.6570374720500904f,-0.7527206526757734f,-0.10063355153734366f,-0.029763568503969908f,-0.753842852744738f,-0.6563802886708159f,-1.2698051151274878f,0f,0f,0f,1f], start_interpolation: 0, interpolation_duration: 1 }
$data merge entity $(bone_left_leg2) { transformation: [-0.9955437779619635f,0.07306722406056182f,-0.05961347942625608f,0.4880969529711828f,-0.02144298867190375f,0.44020035646797606f,0.8976434951595669f,0.11946662669664437f,0.09183019328106426f,0.8949216875981665f,-0.43667194628051353f,-0.8223442713284047f,0f,0f,0f,1f], start_interpolation: 0, interpolation_duration: 1 }
$data merge entity $(bone_left_leg1) { transformation: [-0.9537169587565072f,-2.570050736463491e-9f,0.30070577410525196f,0.3125000000000001f,-0.25131320456826123f,0.5491184709781795f,-0.7970637226973873f,0.3404616374397805f,-0.16512309284249155f,-0.8357445212686627f,-0.5237035987842205f,-0.901492330899549f,0f,0f,0f,1f], start_interpolation: 0, interpolation_duration: 1 }
$data merge entity $(bone_right_leg4) { transformation: [-0.8825158521664985f,0.055826461722938314f,0.16747888477756304f,-0.5192700081717045f,-0.16204788643812942f,0.08259597944606495f,-0.8814297400702341f,0.06278016493301802f,-0.07004465130025314f,-0.8944614638713302f,-0.07093966784094363f,0.25852560228713106f,0f,0f,0f,1f], start_interpolation: 0, interpolation_duration: 1 }
$data merge entity $(bone_right_leg3) { transformation: [-0.9884138230139219f,0.13995301177723884f,0.05874750181482932f,-0.4179769682022022f,-0.11014542159699223f,-0.3950603267420121f,-0.9120281379078803f,-0.17651332150424853f,-0.10443227746355133f,-0.907931986840961f,0.40589827136217416f,-0.44779202980372557f,0f,0f,0f,1f], start_interpolation: 0, interpolation_duration: 1 }
$data merge entity $(bone_right_leg2) { transformation: [-0.9817054341200905f,0.015800846478397162f,-0.18974923944419564f,-0.4100765449630036f,0.08356494060507977f,0.9312015233896399f,-0.3547965945982059f,0.2890874401905714f,0.17108869431015616f,-0.3641621288483748f,-0.9154859925699934f,-0.6298730942279129f,0f,0f,0f,1f], start_interpolation: 0, interpolation_duration: 1 }
$data merge entity $(bone_right_leg1) { transformation: [-0.9537169587565072f,-0.26235371203728836f,-0.1469506460023034f,-0.3124999999999999f,0.25131320456826123f,-0.42705968966618535f,-0.8685975447074743f,0.3404616374397805f,0.16512309284249133f,-0.8653268464819968f,0.47322702053840177f,-0.901492330899549f,0f,0f,0f,1f], start_interpolation: 0, interpolation_duration: 1 }
$data merge entity $(bone_right_wing3) { transformation: [-1.1413982952377977f,0.09648846981501988f,0.23421245226837692f,-1.392983471514869f,-0.0240599264085019f,1.0348435081889837f,-0.5435766730433677f,1.4515040458983677f,-0.252163870421653f,-0.5354852516441839f,-1.0082779843386935f,0.11577981699734219f,0f,0f,0f,1f], start_interpolation: 0, interpolation_duration: 1 }
$data merge entity $(bone_right_wing2) { transformation: [-0.6616094393268412f,0.08252741087633406f,-0.7452933491234651f,-1.065162397737881f,0.3923481914445056f,0.8851104754458959f,-0.25028452394458084f,0.9758690880753375f,0.6390116168457722f,-0.4580051011833698f,-0.6179769258040003f,-0.7443312564166595f,0f,0f,0f,1f], start_interpolation: 0, interpolation_duration: 1 }
$data merge entity $(bone_right_wing1) { transformation: [-0.9585600631815867f,0.2125076498286715f,0.4578364502185452f,-0.5624999999999999f,-0.11046956695033017f,0.8704942025388109f,-0.6353325343749029f,1.1925899750341784f,-0.4925141532608277f,-0.608844358782871f,-0.7485649382165555f,-0.25902844264346764f,0f,0f,0f,1f], start_interpolation: 0, interpolation_duration: 1 }
$data merge entity $(bone_left_wing3) { transformation: [-1.1413982952377977f,-0.09648846981501973f,-0.23421245226837678f,1.392983471514869f,0.0240599264085019f,1.0348435081889837f,-0.5435766730433677f,1.4515040458983677f,0.2521638704216526f,-0.5354852516441839f,-1.0082779843386935f,0.11577981699734252f,0f,0f,0f,1f], start_interpolation: 0, interpolation_duration: 1 }
$data merge entity $(bone_left_wing2) { transformation: [-0.661609439326841f,-0.08252741087633392f,0.7452933491234651f,1.0651623977378812f,-0.3923481914445056f,0.8851104754458959f,-0.25028452394458084f,0.9758690880753375f,-0.6390116168457725f,-0.4580051011833698f,-0.6179769258040001f,-0.7443312564166593f,0f,0f,0f,1f], start_interpolation: 0, interpolation_duration: 1 }
$data merge entity $(bone_left_wing1) { transformation: [-0.9585600631815867f,-0.21250764982867132f,-0.4578364502185449f,0.5625000000000001f,0.11046956695033017f,0.8704942025388109f,-0.6353325343749029f,1.1925899750341784f,0.4925141532608275f,-0.608844358782871f,-0.7485649382165556f,-0.2590284426434675f,0f,0f,0f,1f], start_interpolation: 0, interpolation_duration: 1 }
$data merge entity $(bone_beak_down) { transformation: [-1.1f,-1.3056375420040954e-16f,3.3169254729395414e-17f,-9.389532770979557e-17f,0f,0.27084751907643206f,1.0661339603493278f,2.0688967210797093f,-1.3471114790620887e-16f,1.0661339603493278f,-0.27084751907643206f,0.7667135354876944f,0f,0f,0f,1f], start_interpolation: 0, interpolation_duration: 1 }
$data merge entity $(bone_beak_up) { transformation: [-1.1f,1.990695867390049e-18f,1.3469643833513948e-16f,-9.772264694349932e-17f,0f,1.0998798872370417f,-0.016255265344881864f,2.167172104779646f,-1.3471114790620887e-16f,-0.016255265344881864f,-1.0998798872370417f,0.7979659687310466f,0f,0f,0f,1f], start_interpolation: 0, interpolation_duration: 1 }
$data merge entity $(bone_head) { transformation: [-1.1f,-4.082473849284009e-17f,1.2837614302197936e-16f,-3.3534575432509645e-17f,0f,1.0482707594659932f,0.33335928792909f,2.333851748744191f,-1.3471114790620887e-16f,0.33335928792909f,-1.0482707594659932f,0.27383058899805f,0f,0f,0f,1f], start_interpolation: 0, interpolation_duration: 1 }
$data merge entity $(bone_neck2) { transformation: [-1f,1.195617780139768e-16f,2.650620804179864e-17f,-1.696819540638549e-17f,0f,0.21643961393810282f,-0.9762960071199333f,1.723666744294233f,-1.2246467991473532e-16f,-0.9762960071199333f,-0.21643961393810282f,0.1385558302867358f,0f,0f,0f,1f], start_interpolation: 0, interpolation_duration: 1 }
$data merge entity $(bone_neck1) { transformation: [-1f,1.083876087782128e-16f,5.700635131246043e-17f,1.50978772068735e-17f,0f,0.46549218396806724f,-0.8850519909387464f,1.225824999391188f,-1.2246467991473532e-16f,-0.8850519909387464f,-0.46549218396806724f,-0.123283523195302f,0f,0f,0f,1f], start_interpolation: 0, interpolation_duration: 1 }
$data merge entity $(bone_body3) { transformation: [-1f,7.924541231984126e-17f,9.336895872224841e-17f,7.840631467826883e-17f,0f,0.7624154065258286f,-0.6470878981189924f,0.8690460259746822f,-1.2246467991473532e-16f,-0.6470878981189924f,-0.7624154065258286f,-0.6402361459063819f,0f,0f,0f,1f], start_interpolation: 0, interpolation_duration: 1 }
$data merge entity $(bone_body2) { transformation: [-1f,6.433978754951142e-17f,1.0420167736031082e-16f,1.0445673401834654e-16f,0f,0.8508712669878375f,-0.5253742352024051f,0.737702467174081f,-1.2246467991473532e-16f,-0.5253742352024051f,-0.8508712669878375f,-0.8529539626533412f,0f,0f,0f,1f], start_interpolation: 0, interpolation_duration: 1 }
$data merge entity $(bone_tail2) { transformation: [-1f,-1.7777343990700592e-17f,1.2116750334662703e-16f,2.936976281799162e-16f,0f,0.9894077494914336f,0.14516302988811042f,-0.024238823259852466f,-1.2246467991473532e-16f,0.14516302988811042f,-0.9894077494914336f,-2.3982231316359943f,0f,0f,0f,1f], start_interpolation: 0, interpolation_duration: 1 }
$data merge entity $(bone_tail1) { transformation: [-1f,2.9944671816374935e-17f,1.1874727136413777e-16f,2.046371746568129e-16f,0f,0.9696450555932883f,-0.24451680139305132f,0.15914877778493602f,-1.2246467991473532e-16f,-0.24451680139305132f,-0.9696450555932883f,-1.6709893399410283f,0f,0f,0f,1f], start_interpolation: 0, interpolation_duration: 1 }
$data merge entity $(bone_body1) { transformation: [-1f,6.433978754951142e-17f,1.0420167736031082e-16f,1.2246467991473532e-16f,0f,0.8508712669878375f,-0.5253742352024051f,0.5f,-1.2246467991473532e-16f,-0.5253742352024051f,-0.8508712669878375f,-1f,0f,0f,0f,1f], start_interpolation: 0, interpolation_duration: 1 }