# This file was generated by Animated Java via MC-Build. It is not recommended to edit this file directly.
$data merge entity $(bone_left_leg4) { transformation: [-0.8996892399554761f,0.010720941410584703f,-0.021079205953001202f,0.45808660340105173f,0.011261138948169117f,0.8996334145640578f,-0.023084760111484304f,-0.6399849219994103f,0.0207956307412943f,-0.023340540162677392f,-0.8994569255539626f,-0.7435877295131009f,0f,0f,0f,1f], start_interpolation: 0, interpolation_duration: 1 }
$data merge entity $(bone_left_leg3) { transformation: [-0.9987158208789177f,-0.0046396975729709605f,0.05044980012429433f,0.45145371771355514f,-0.04107714237630786f,0.6570258606878043f,-0.752748089842576f,-0.10016877086839604f,-0.029654299862691032f,-0.7538537600847274f,-0.6563727073132857f,-1.267954755369566f,0f,0f,0f,1f], start_interpolation: 0, interpolation_duration: 1 }
$data merge entity $(bone_left_leg2) { transformation: [-0.9955437779619635f,0.07328647051525525f,-0.05934373935502926f,0.4880969529711828f,-0.02103658198934588f,0.44084990692089243f,0.8973342865320855f,0.12025618259205018f,0.09192414470326361f,0.8945839551474517f,-0.4373436850045012f,-0.8206627777958401f,0f,0f,0f,1f], start_interpolation: 0, interpolation_duration: 1 }
$data merge entity $(bone_left_leg1) { transformation: [-0.9537169587565072f,-2.5700507361670326e-9f,0.30070577410525196f,0.3125000000000001f,-0.2520411428658672f,0.5454163100406958f,-0.799372448264549f,0.3408989319160502f,-0.16400983166598976f,-0.838165287244462f,-0.5201727851159672f,-0.9007876009031816f,0f,0f,0f,1f], start_interpolation: 0, interpolation_duration: 1 }
$data merge entity $(bone_right_leg4) { transformation: [-0.8820291024654975f,0.056213005193938875f,0.1698963226528915f,-0.5190978200993833f,-0.16523980823985673f,0.07221674769641151f,-0.8817485736450092f,0.07481660438880702f,-0.06870566335291897f,-0.8953350430979563f,-0.060454052172011885f,0.26385567687793626f,0f,0f,0f,1f], start_interpolation: 0, interpolation_duration: 1 }
$data merge entity $(bone_right_leg3) { transformation: [-0.988073269560111f,0.1412342614729636f,0.06135224011378102f,-0.41700663900177193f,-0.11395408245672929f,-0.4026927024990621f,-0.9082142117614364f,-0.17043953425039976f,-0.10356486408158636f,-0.9043735239049122f,0.41398411586385053f,-0.44029847329223865f,0f,0f,0f,1f], start_interpolation: 0, interpolation_duration: 1 }
$data merge entity $(bone_right_leg2) { transformation: [-0.9814338536811089f,0.015159915163176968f,-0.1912008572702878f,-0.40942668142018346f,0.08571091540405837f,0.9264630434688143f,-0.36649675041820046f,0.29279198748400737f,0.17158446849655726f,-0.3760803186272149f,-0.9105615652508108f,-0.6283386326058461f,0f,0f,0f,1f], start_interpolation: 0, interpolation_duration: 1 }
$data merge entity $(bone_right_leg1) { transformation: [-0.9537169587565072f,-0.2635901323331499f,-0.14472112740312404f,-0.3124999999999999f,0.25204114286586726f,-0.4382138279118385f,-0.8628116267933117f,0.3408989319160502f,0.1640098316659896f,-0.8593537590325919f,0.48436751744253814f,-0.9007876009031817f,0f,0f,0f,1f], start_interpolation: 0, interpolation_duration: 1 }
$data merge entity $(bone_right_wing3) { transformation: [-1.1413982952377977f,0.09648846981501988f,0.23421245226837692f,-1.392983471514869f,-0.025918276067486205f,1.0308676797461638f,-0.5509951322806875f,1.4586494717936862f,-0.2519796431668643f,-0.543099777227057f,-1.004243226206671f,0.10982933428097952f,0f,0f,0f,1f], start_interpolation: 0, interpolation_duration: 1 }
$data merge entity $(bone_right_wing2) { transformation: [-0.6616094393268412f,0.08252741087633406f,-0.7452933491234651f,-1.065162397737881f,0.3970484533416579f,0.8817099154815452f,-0.2548335743981227f,0.9766865251031812f,0.6361017807651695f,-0.46451786983449317f,-0.6161149836774016f,-0.7467518876297672f,0f,0f,0f,1f], start_interpolation: 0, interpolation_duration: 1 }
$data merge entity $(bone_right_wing1) { transformation: [-0.9585600631815867f,0.2125076498286715f,0.4578364502185452f,-0.5624999999999999f,-0.11409747973337477f,0.8659820219974629f,-0.6408338425885362f,1.1969792739928697f,-0.49168636497559676f,-0.615245274222071f,-0.7438607948773774f,-0.2630599725773975f,0f,0f,0f,1f], start_interpolation: 0, interpolation_duration: 1 }
$data merge entity $(bone_left_wing3) { transformation: [-1.1413982952377977f,-0.09648846981501973f,-0.23421245226837678f,1.392983471514869f,0.025918276067486205f,1.0308676797461638f,-0.5509951322806875f,1.4586494717936862f,0.25197964316686394f,-0.543099777227057f,-1.0042432262066707f,0.10982933428097974f,0f,0f,0f,1f], start_interpolation: 0, interpolation_duration: 1 }
$data merge entity $(bone_left_wing2) { transformation: [-0.661609439326841f,-0.08252741087633392f,0.7452933491234651f,1.0651623977378812f,-0.3970484533416579f,0.8817099154815452f,-0.2548335743981227f,0.9766865251031812f,-0.6361017807651697f,-0.46451786983449317f,-0.6161149836774014f,-0.746751887629767f,0f,0f,0f,1f], start_interpolation: 0, interpolation_duration: 1 }
$data merge entity $(bone_left_wing1) { transformation: [-0.9585600631815867f,-0.21250764982867132f,-0.4578364502185449f,0.5625000000000001f,0.11409747973337477f,0.8659820219974629f,-0.6408338425885362f,1.1969792739928697f,0.49168636497559653f,-0.615245274222071f,-0.7438607948773776f,-0.2630599725773974f,0f,0f,0f,1f], start_interpolation: 0, interpolation_duration: 1 }
$data merge entity $(bone_beak_down) { transformation: [-1.1f,-1.308402711404033e-16f,3.2061141871652347e-17f,-9.299905159227925e-17f,0f,0.2617990909213543f,1.0683918925154532f,2.0756398038241852f,-1.3471114790620887e-16f,1.0683918925154532f,-0.2617990909213543f,0.7593948855868385f,0f,0f,0f,1f], start_interpolation: 0, interpolation_duration: 1 }
$data merge entity $(bone_beak_up) { transformation: [-1.1f,2.2885963399062025e-18f,1.3469170611808822e-16f,-9.683080692688819e-17f,0f,1.0998412457523739f,-0.01868780730492753f,2.1739036607777633f,-1.3471114790620887e-16f,-0.01868780730492753f,-1.0998412457523739f,0.7906835423430295f,0f,0f,0f,1f], start_interpolation: 0, interpolation_duration: 1 }
$data merge entity $(bone_head) { transformation: [-1.1f,-4.0872056902495443e-17f,1.2836108574941101e-16f,-3.2650264052182685e-17f,0f,1.0481478075048332f,0.333745672066037f,2.340776496810782f,-1.3471114790620887e-16f,0.333745672066037f,-1.0481478075048332f,0.26660963859061293f,0f,0f,0f,1f], start_interpolation: 0, interpolation_duration: 1 }
$data merge entity $(bone_neck2) { transformation: [-1f,1.195617780139768e-16f,2.6506208041798646e-17f,-1.608388402605853e-17f,0f,0.2164396139381028f,-0.9762960071199333f,1.7305914923608237f,-1.2246467991473532e-16f,-0.9762960071199333f,-0.2164396139381028f,0.13133487987929865f,0f,0f,0f,1f], start_interpolation: 0, interpolation_duration: 1 }
$data merge entity $(bone_neck1) { transformation: [-1f,1.087219347497408e-16f,5.636611332078594e-17f,1.562205471688356e-17f,0f,0.46026424402554444f,-0.8877819696702529f,1.2312141344213063f,-1.2246467991473532e-16f,-0.8877819696702529f,-0.46026424402554444f,-0.1275637573850701f,0f,0f,0f,1f], start_interpolation: 0, interpolation_duration: 1 }
$data merge entity $(bone_body3) { transformation: [-1f,7.993159382967908e-17f,9.278220807065214e-17f,7.860665937539609e-17f,0f,0.7576242238598976f,-0.6526909953574416f,0.870633776314149f,-1.2246467991473532e-16f,-0.6526909953574416f,-0.7576242238598976f,-0.6418720845073462f,0f,0f,0f,1f], start_interpolation: 0, interpolation_duration: 1 }
$data merge entity $(bone_body2) { transformation: [-1f,6.480007839447915e-17f,1.0391606067729825e-16f,1.0458567454472065e-16f,0f,0.8485390297810655f,-0.5291327951830315f,0.7383505775183911f,-1.2246467991473532e-16f,-0.5291327951830315f,-0.8485390297810655f,-0.8540068419526126f,0f,0f,0f,1f], start_interpolation: 0, interpolation_duration: 1 }
$data merge entity $(bone_tail2) { transformation: [-1f,-1.8045284185613775e-17f,1.2112788921333934e-16f,2.935616370353537e-16f,0f,0.9890842755451884f,0.14735092761584487f,-0.025594651533311724f,-1.2246467991473532e-16f,0.14735092761584487f,-0.9890842755451884f,-2.397112679670112f,0f,0f,0f,1f], start_interpolation: 0, interpolation_duration: 1 }
$data merge entity $(bone_tail1) { transformation: [-1f,2.968196768186086e-17f,1.1881320895065305e-16f,2.0445173032236395e-16f,0f,0.9701834768471648f,-0.24237165934313964f,0.156184092974043f,-1.2246467991473532e-16f,-0.24237165934313964f,-0.9701834768471648f,-1.6694750720347387f,0f,0f,0f,1f], start_interpolation: 0, interpolation_duration: 1 }
$data merge entity $(bone_body1) { transformation: [-1f,6.480007839447915e-17f,1.0391606067729825e-16f,1.2246467991473532e-16f,0f,0.8485390297810655f,-0.5291327951830315f,0.5f,-1.2246467991473532e-16f,-0.5291327951830315f,-0.8485390297810655f,-1f,0f,0f,0f,1f], start_interpolation: 0, interpolation_duration: 1 }