# This file was generated by Animated Java via MC-Build. It is not recommended to edit this file directly.
$data merge entity $(bone_left_leg4) { transformation: [-0.8998574204823022f,-0.015896993987911466f,-0.0019769636025346315f,0.47767178583982095f,-0.01592610995532709f,0.8997481046668114f,0.014131778733461775f,-0.6445031938479749f,0.0017267960586794112f,0.014164523664034534f,-0.8998868731372531f,-0.9561741406360249f,0f,0f,0f,1f], start_interpolation: 0, interpolation_duration: 1 }
$data merge entity $(bone_left_leg3) { transformation: [-0.996168839608441f,-0.008534314883471256f,0.08703337556732063f,0.46583146370426f,-0.07111500654593735f,0.6582622178433675f,-0.74942211630289f,-0.10396764819651871f,-0.05089497850617293f,-0.7527403390475369f,-0.6563472275659091f,-1.4797076931988082f,0f,0f,0f,1f], start_interpolation: 0, interpolation_duration: 1 }
$data merge entity $(bone_left_leg2) { transformation: [-0.9955437779619635f,0.04453097853384552f,-0.08312387209483935f,0.4880969529711828f,-0.06096359995553774f,0.3685814924894788f,0.9275942663011073f,0.08032309804822069f,0.07194460119899318f,0.9285282307744049f,-0.3642242427588687f,-1.0154435778116058f,0f,0f,0f,1f], start_interpolation: 0, interpolation_duration: 1 }
$data merge entity $(bone_left_leg1) { transformation: [-0.9537169587565072f,-2.5700507783965927e-9f,0.30070577410525196f,0.3125000000000001f,-0.1483486141897551f,0.8698395316225338f,-0.47050172995927464f,0.31309350782109036f,-0.2615657684946905f,-0.4933347638538064f,-0.8295807130864911f,-0.9850931833923138f,0f,0f,0f,1f], start_interpolation: 0, interpolation_duration: 1 }
$data merge entity $(bone_right_leg4) { transformation: [-0.8995816666482426f,0.02701886644440924f,0.004775550903234477f,-0.4933187252629414f,0.025557402686722817f,0.882135122737154f,-0.17659117871913876f,-0.6507974014078687f,-0.009982194061372646f,-0.17637348465561736f,-0.8824923510785545f,-0.7875524382864721f,0f,0f,0f,1f], start_interpolation: 0, interpolation_duration: 1 }
$data merge entity $(bone_right_leg3) { transformation: [-0.995441084362582f,0.019774646629021814f,-0.09330600684706154f,-0.4726561148632337f,0.0897971955084784f,0.5240424591537721f,-0.846945077725161f,-0.204831489684717f,0.032148269655748477f,-0.8514625443052464f,-0.5234291016015221f,-1.3934350276653118f,0f,0f,0f,1f], start_interpolation: 0, interpolation_duration: 1 }
$data merge entity $(bone_right_leg2) { transformation: [-0.9991116672528126f,-0.012437567862590426f,0.040263920139106825f,-0.47887489879452894f,0.026660359176334192f,0.5533907691626898f,0.8324949740713847f,0.0718638948966279f,-0.03263589447056359f,0.8328288920968037f,-0.5525675839939546f,-0.97702058161691f,0f,0f,0f,1f], start_interpolation: 0, interpolation_duration: 1 }
$data merge entity $(bone_right_leg1) { transformation: [-0.9537169587565072f,-0.04569250513222667f,-0.2972139928653766f,-0.3124999999999999f,0.1483486141897551f,0.7882458419869559f,-0.5972111697366805f,0.31309350782109036f,0.26156576849469027f,-0.6136617044960654f,-0.7449850073570377f,-0.9850931833923139f,0f,0f,0f,1f], start_interpolation: 0, interpolation_duration: 1 }
$data merge entity $(bone_right_wing3) { transformation: [-1.1413982952377977f,0.09648846981501978f,0.23421245226837692f,-1.392983471514869f,0.1620507840430985f,1.109011157374786f,0.3328503600506035f,0.5379590456774911f,-0.19469216983697046f,0.3574070424425846f,-1.0960432158419569f,0.43443996867119394f,0f,0f,0f,1f], start_interpolation: 0, interpolation_duration: 1 }
$data merge entity $(bone_right_wing2) { transformation: [-0.6616094393268412f,0.08252741087633397f,-0.7452933491234651f,-1.0651623977378812f,-0.17724684776348193f,0.9485466981347099f,0.2623789557408296f,0.8134888982217718f,0.7285990013385493f,0.3056932905900749f,-0.61293972569632f,-0.5090127180437408f,0f,0f,0f,1f], start_interpolation: 0, interpolation_duration: 1 }
$data merge entity $(bone_right_wing1) { transformation: [-0.9585600631815867f,0.2125076498286714f,0.4578364502185452f,-0.5625f,0.27179929647544193f,1.0453242957391533f,0.08386519113439643f,0.6216473775044191f,-0.4253220648166262f,0.18907333659944967f,-0.9782451255582026f,-0.013347917165911993f,0f,0f,0f,1f], start_interpolation: 0, interpolation_duration: 1 }
$data merge entity $(bone_left_wing3) { transformation: [-1.1413982952377977f,-0.09648846981501982f,-0.23421245226837678f,1.392983471514869f,-0.1620507840430985f,1.109011157374786f,0.3328503600506035f,0.5379590456774911f,0.19469216983697019f,0.3574070424425846f,-1.0960432158419569f,0.4344399686711943f,0f,0f,0f,1f], start_interpolation: 0, interpolation_duration: 1 }
$data merge entity $(bone_left_wing2) { transformation: [-0.661609439326841f,-0.082527410876334f,0.7452933491234651f,1.0651623977378812f,0.17724684776348193f,0.9485466981347099f,0.2623789557408296f,0.8134888982217718f,-0.7285990013385495f,0.3056932905900749f,-0.6129397256963198f,-0.5090127180437406f,0f,0f,0f,1f], start_interpolation: 0, interpolation_duration: 1 }
$data merge entity $(bone_left_wing1) { transformation: [-0.9585600631815867f,-0.2125076498286714f,-0.4578364502185449f,0.5625f,-0.27179929647544193f,1.0453242957391533f,0.08386519113439643f,0.6216473775044191f,0.425322064816626f,0.1890733365994496f,-0.9782451255582028f,-0.013347917165911882f,0f,0f,0f,1f], start_interpolation: 0, interpolation_duration: 1 }
$data merge entity $(bone_beak_down) { transformation: [-1.1f,-5.4232947706120475e-17f,1.2331212735701905e-16f,-1.5299646725267632e-16f,0f,1.0069199335095942f,0.44284562490899065f,1.1608704716877891f,-1.3471114790620887e-16f,0.44284562490899065f,-1.0069199335095942f,1.2493109634483872f,0f,0f,0f,1f], start_interpolation: 0, interpolation_duration: 1 }
$data merge entity $(bone_beak_up) { transformation: [-1.1f,-2.966160536672825e-17f,1.3140503238946733e-16f,-1.5634597030182528e-16f,0f,1.0730035180833906f,0.24220538842203165f,1.2603023635260677f,-1.3471114790620887e-16f,0.24220538842203165f,-1.0730035180833906f,1.276661731453342f,0f,0f,0f,1f], start_interpolation: 0, interpolation_duration: 1 }
$data merge entity $(bone_head) { transformation: [-1.1f,-3.5728032524255673e-17f,1.2988687794444137e-16f,-9.14025313296046e-17f,0f,1.0606068462749723f,0.29174152538618414f,1.40617312621916f,-1.3471114790620887e-16f,0.29174152538618414f,-1.0606068462749723f,0.7463583083158558f,0f,0f,0f,1f], start_interpolation: 0, interpolation_duration: 1 }
$data merge entity $(bone_neck2) { transformation: [-1f,1.195617780139768e-16f,2.650620804179867e-17f,-7.483615130348043e-17f,0f,0.21643961393810301f,-0.9762960071199334f,0.7959881217692015f,-1.2246467991473532e-16f,-0.9762960071199334f,-0.21643961393810301f,0.6110835496045414f,0f,0f,0f,1f], start_interpolation: 0, interpolation_duration: 1 }
$data merge entity $(bone_neck1) { transformation: [-1f,5.383861724054919e-17f,1.0999545954376579e-16f,-1.2963705310112183e-17f,0f,0.8981810887869786f,-0.43962567230023986f,0.5486986811003166f,-1.2246467991473532e-16f,-0.43962567230023986f,-0.8981810887869786f,0.10585668716186591f,0f,0f,0f,1f], start_interpolation: 0, interpolation_duration: 1 }
$data merge entity $(bone_body3) { transformation: [-1f,-1.0460556151319263e-17f,1.2201710778257152e-16f,6.264320229453756e-17f,0f,0.9963452961909064f,0.0854169231373675f,0.6643558390731029f,-1.2246467991473532e-16f,0.0854169231373675f,-0.9963452961909064f,-0.5115205652613651f,0f,0f,0f,1f], start_interpolation: 0, interpolation_duration: 1 }
$data merge entity $(bone_body2) { transformation: [-1f,9.73631213017574e-18f,1.2207703327293947e-16f,9.316246061277243e-17f,0f,0.9968346249541847f,-0.07950302190765975f,0.644480083596188f,-1.2246467991473532e-16f,-0.07950302190765975f,-0.9968346249541847f,-0.7607292214999113f,0f,0f,0f,1f], start_interpolation: 0, interpolation_duration: 1 }
$data merge entity $(bone_tail2) { transformation: [-1f,2.012817336105957e-17f,1.207992320495694e-16f,2.959381512721988e-16f,0f,0.9864005861418532f,-0.16435900845103746f,0.153811589070798f,-1.2246467991473532e-16f,-0.16435900845103746f,-0.9864005861418532f,-2.416518391084209f,0f,0f,0f,1f], start_interpolation: 0, interpolation_duration: 1 }
$data merge entity $(bone_tail1) { transformation: [-1f,5.696457788874998e-17f,1.0840956919283054e-16f,2.146309743775759e-16f,0f,0.8852313113324551f,-0.4651510780774583f,0.5026748976288917f,-1.2246467991473532e-16f,-0.4651510780774583f,-0.8852313113324551f,-1.7525949075848675f,0f,0f,0f,1f], start_interpolation: 0, interpolation_duration: 1 }
$data merge entity $(bone_body1) { transformation: [-1f,9.73631213017574e-18f,1.2207703327293947e-16f,1.2246467991473532e-16f,0f,0.9968346249541847f,-0.07950302190765975f,0.5f,-1.2246467991473532e-16f,-0.07950302190765975f,-0.9968346249541847f,-1f,0f,0f,0f,1f], start_interpolation: 0, interpolation_duration: 1 }