# This file was generated by Animated Java via MC-Build. It is not recommended to edit this file directly.
$data merge entity $(bone_left_leg4) { transformation: [-0.8997094900481721f,0.009744389621620005f,-0.02068526983533321f,0.4588799239952986f,0.010246880480692624f,0.899675845370302f,-0.021871778566168065f,-0.6416298177479522f,0.02044101165972198f,-0.022100229142141103f,-0.8994963840473135f,-0.7502217264484597f,0f,0f,0f,1f], start_interpolation: 0, interpolation_duration: 1 }
$data merge entity $(bone_left_leg3) { transformation: [-0.9986571510463916f,-0.005081789475710363f,0.05155647466254315f,0.45184630222210687f,-0.04219972573424223f,0.6570670748972622f,-0.7526500131096198f,-0.10178888575565437f,-0.03005125308301817f,-0.7538149869176656f,-0.6563991831853998f,-1.2745580176876214f,0f,0f,0f,1f], start_interpolation: 0, interpolation_duration: 1 }
$data merge entity $(bone_left_leg2) { transformation: [-0.9955437779619635f,0.07250130149815179f,-0.06030047630239002f,0.4880969529711828f,-0.022481704641776956f,0.4385354975971025f,0.8984326298079687f,0.11747886304289687f,0.09158143435009591f,0.8957846720213158f,-0.434951333201823f,-0.8266656816769635f,0f,0f,0f,1f], start_interpolation: 0, interpolation_duration: 1 }
$data merge entity $(bone_left_leg1) { transformation: [-0.9537169587565072f,-2.5700507372317195e-9f,0.30070577410525196f,0.3125000000000001f,-0.24942685947865997f,0.5585490968199264f,-0.7910809997795785f,0.33935614872047154f,-0.16795893650190694f,-0.829471462102009f,-0.5326977465763338f,-0.903305620400766f,0f,0f,0f,1f], start_interpolation: 0, interpolation_duration: 1 }
$data merge entity $(bone_right_leg4) { transformation: [-0.8837168861550344f,0.05486028282941558f,0.16135307400953558f,-0.5196787955786294f,-0.15389798566210555f,0.10915816421483238f,-0.8799999461331762f,0.03226102340387699f,-0.07321116809337484f,-0.8916696947598499f,-0.09780225106447898f,0.24432628986058946f,0f,0f,0f,1f], start_interpolation: 0, interpolation_duration: 1 }
$data merge entity $(bone_right_leg3) { transformation: [-0.9892422873245107f,0.13666719071962521f,0.052170642604589305f,-0.4204390677016973f,-0.10044685371940597f,-0.37532353543172947f,-0.9214351161795922f,-0.19164193340869562f,-0.10634907873057661f,-0.9167629588567767f,0.3850137019916626f,-0.467309285656472f,0f,0f,0f,1f], start_interpolation: 0, interpolation_duration: 1 }
$data merge entity $(bone_right_leg2) { transformation: [-0.9824050573459804f,0.017382998415436807f,-0.1859519687100136f,-0.4117475684939789f,0.07811404125661753f,0.9426316824226233f,-0.3245669543432499f,0.27967390780261603f,0.1696422702618673f,-0.333381677149754f,-0.9274039882819223f,-0.634000124231349f,0f,0f,0f,1f], start_interpolation: 0, interpolation_duration: 1 }
$data merge entity $(bone_right_leg1) { transformation: [-0.9537169587565072f,-0.2591019765682079f,-0.152611036031758f,-0.3124999999999999f,0.24942685947865992f,-0.3981629450020583f,-0.8827528028830609f,0.33935614872047154f,0.16795893650190669f,-0.8799616099386014f,0.4443617452970189f,-0.9033056204007661f,0f,0f,0f,1f], start_interpolation: 0, interpolation_duration: 1 }
$data merge entity $(bone_right_wing3) { transformation: [-1.1413982952377977f,0.09648846981501988f,0.23421245226837692f,-1.392983471514869f,-0.019295703545677417f,1.0447671380054435f,-0.5244472033914892f,1.4330309911319221f,-0.2525731051190685f,-0.5158557632839175f,-1.0183590840336432f,0.13079663120292184f,0f,0f,0f,1f], start_interpolation: 0, interpolation_duration: 1 }
$data merge entity $(bone_right_wing2) { transformation: [-0.6616094393268412f,0.08252741087633406f,-0.7452933491234651f,-1.065162397737881f,0.3802160717243729f,0.8935982406350184f,-0.23857477472793798f,0.9737165455364044f,0.6463038670750075f,-0.4412158324313043f,-0.6225912789429691f,-0.7381394491735259f,0f,0f,0f,1f], start_interpolation: 0, interpolation_duration: 1 }
$data merge entity $(bone_right_wing1) { transformation: [-0.9585600631815867f,0.2125076498286715f,0.4578364502185452f,-0.5624999999999999f,-0.10115300963674943f,0.881831868103835f,-0.621089153140706f,1.1812380677614276f,-0.4945116631848548f,-0.5923041163725832f,-0.7604243287884426f,-0.2488322024319582f,0f,0f,0f,1f], start_interpolation: 0, interpolation_duration: 1 }
$data merge entity $(bone_left_wing3) { transformation: [-1.1413982952377977f,-0.09648846981501973f,-0.23421245226837678f,1.392983471514869f,0.019295703545677417f,1.0447671380054435f,-0.5244472033914892f,1.4330309911319221f,0.2525731051190683f,-0.5158557632839174f,-1.0183590840336432f,0.1307966312029223f,0f,0f,0f,1f], start_interpolation: 0, interpolation_duration: 1 }
$data merge entity $(bone_left_wing2) { transformation: [-0.661609439326841f,-0.08252741087633392f,0.7452933491234651f,1.0651623977378812f,-0.3802160717243729f,0.8935982406350184f,-0.23857477472793798f,0.9737165455364044f,-0.6463038670750076f,-0.44121583243130424f,-0.622591278942969f,-0.7381394491735256f,0f,0f,0f,1f], start_interpolation: 0, interpolation_duration: 1 }
$data merge entity $(bone_left_wing1) { transformation: [-0.9585600631815867f,-0.21250764982867132f,-0.4578364502185449f,0.5625000000000001f,0.10115300963674943f,0.881831868103835f,-0.621089153140706f,1.1812380677614276f,0.49451166318485457f,-0.5923041163725832f,-0.7604243287884427f,-0.24883220243195808f,0f,0f,0f,1f], start_interpolation: 0, interpolation_duration: 1 }
$data merge entity $(bone_beak_down) { transformation: [-1.1f,-1.2981297080741858e-16f,3.599563835189987e-17f,-9.616552030175284e-17f,0f,0.2939266927979679f,1.060003348702658f,2.051430945630273f,-1.3471114790620887e-16f,1.060003348702658f,-0.2939266927979679f,0.7852510647862474f,0f,0f,0f,1f], start_interpolation: 0, interpolation_duration: 1 }
$data merge entity $(bone_beak_up) { transformation: [-1.1f,1.2278491776064812e-18f,1.347055520630294e-16f,-9.998147805933739e-17f,0f,1.099954306472827f,-0.010026149404557705f,2.149735783910184f,-1.3471114790620887e-16f,-0.010026149404557705f,-1.099954306472827f,0.8164107245366453f,0f,0f,0f,1f], start_interpolation: 0, interpolation_duration: 1 }
$data merge entity $(bone_head) { transformation: [-1.1f,-4.070354941423507e-17f,1.2841461924287046e-16f,-3.5774168437902154e-17f,0f,1.048584941652383f,0.33236970400424415f,2.315920635912306f,-1.3471114790620887e-16f,0.33236970400424415f,-1.048584941652383f,0.29211825371045386f,0f,0f,0f,1f], start_interpolation: 0, interpolation_duration: 1 }
$data merge entity $(bone_neck2) { transformation: [-1f,1.195617780139768e-16f,2.650620804179866e-17f,-1.9207788411777994e-17f,0f,0.21643961393810296f,-0.9762960071199335f,1.705735631462348f,-1.2246467991473532e-16f,-0.9762960071199335f,-0.21643961393810296f,0.15684349499913952f,0f,0f,0f,1f], start_interpolation: 0, interpolation_duration: 1 }
$data merge entity $(bone_neck1) { transformation: [-1f,1.0751437269943168e-16f,5.863665653553482e-17f,1.3775330889460345e-17f,0f,0.4788046363764635f,-0.8779214772315362f,1.2119048005196087f,-1.2246467991473532e-16f,-0.8779214772315362f,-0.4788046363764635f,-0.11248411296262117f,0f,0f,0f,1f], start_interpolation: 0, interpolation_duration: 1 }
$data merge entity $(bone_body3) { transformation: [-1f,7.746882674038646e-17f,9.48481877005911e-17f,7.789724987360393e-17f,0f,0.7744942277775773f,-0.6325809759542366f,0.8649475797843094f,-1.2246467991473532e-16f,-0.6325809759542366f,-0.7744942277775773f,-0.6360793163207468f,0f,0f,0f,1f], start_interpolation: 0, interpolation_duration: 1 }
$data merge entity $(bone_body2) { transformation: [-1f,6.315544665159518e-17f,1.0492372174516158e-16f,1.0412818030989433e-16f,0f,0.8567672068241518f,-0.5157033578625809f,0.7360217403186642f,-1.2246467991473532e-16f,-0.5157033578625809f,-0.8567672068241518f,-0.8502711180267847f,0f,0f,0f,1f], start_interpolation: 0, interpolation_duration: 1 }
$data merge entity $(bone_tail2) { transformation: [-1f,-1.7090861399424655e-17f,1.2126623719421753e-16f,2.9403652466243446e-16f,0f,0.9902139725400647f,0.13955747413314576f,-0.020732708840613207f,-1.2246467991473532e-16f,0.13955747413314576f,-0.9902139725400647f,-2.4009904314219757f,0f,0f,0f,1f], start_interpolation: 0, interpolation_duration: 1 }
$data merge entity $(bone_tail1) { transformation: [-1f,3.0616682839566636e-17f,1.1857578403080437e-16f,2.051046866393312e-16f,0f,0.9682447552499337f,-0.250004187826916f,0.1667704320295738f,-1.2246467991473532e-16f,-0.250004187826916f,-0.9682447552499337f,-1.6748068649845251f,0f,0f,0f,1f], start_interpolation: 0, interpolation_duration: 1 }
$data merge entity $(bone_body1) { transformation: [-1f,6.315544665159518e-17f,1.0492372174516158e-16f,1.2246467991473532e-16f,0f,0.8567672068241518f,-0.5157033578625809f,0.5f,-1.2246467991473532e-16f,-0.5157033578625809f,-0.8567672068241518f,-1f,0f,0f,0f,1f], start_interpolation: 0, interpolation_duration: 1 }