# This file was generated by Animated Java via MC-Build. It is not recommended to edit this file directly.
$data merge entity $(bone_left_leg4) { transformation: [-0.8997138085914281f,0.00953097864604012f,-0.020596676332752722f,0.45905268207151384f,0.010025282469901961f,0.8996847674695525f,-0.02160585324987302f,-0.6419772985027264f,0.02036065670124923f,-0.021828413348319586f,-0.8995048438054064f,-0.7516809871613235f,0f,0f,0f,1f], start_interpolation: 0, interpolation_duration: 1 }
$data merge entity $(bone_left_leg3) { transformation: [-0.9986440475831154f,-0.005175983249109992f,0.05180034193147402f,0.4519331732639642f,-0.042444975365204446f,0.6570760602952659f,-0.7526283777888647f,-0.10213097966947302f,-0.030141172722040584f,-0.7538065137581766f,-0.656404790904731f,-1.2760105730484104f,0f,0f,0f,1f], start_interpolation: 0, interpolation_duration: 1 }
$data merge entity $(bone_left_leg2) { transformation: [-0.9955437779619635f,0.07232755941443716f,-0.06050876226111443f,0.4880969529711828f,-0.022797669200849302f,0.43802769619636234f,0.8986723561142379f,0.11688286842870815f,0.09150329196389415f,0.8960471313017293f,-0.4344268477496666f,-0.8279870073975457f,0f,0f,0f,1f], start_interpolation: 0, interpolation_duration: 1 }
$data merge entity $(bone_left_leg1) { transformation: [-0.9537169587565072f,-2.5700507374684198e-9f,0.30070577410525196f,0.3125000000000001f,-0.24884565401181494f,0.5614087371754638f,-0.7892376513462107f,0.33902335952504525f,-0.16881884687341897f,-0.8275386576003871f,-0.5354250340778606f,-0.9038606676671969f,0f,0f,0f,1f], start_interpolation: 0, interpolation_duration: 1 }
$data merge entity $(bone_right_leg4) { transformation: [-0.8840701461494285f,0.05457249150198626f,0.15950492111089826f,-0.5197941426574905f,-0.15142289296403136f,0.11724546625092946f,-0.8793887696178555f,0.023049398410580846f,-0.07410185000208613f,-0.8906600607498172f,-0.10598854660481255f,0.23984323039782318f,0f,0f,0f,1f], start_interpolation: 0, interpolation_duration: 1 }
$data merge entity $(bone_right_leg3) { transformation: [-0.9894825599355901f,0.13566470525457838f,0.05019314028330723f,-0.42118268498426337f,-0.09750880753355737f,-0.3692547512242194f,-0.9241985507193373f,-0.19612925558762512f,-0.10684706845157241f,-0.919372621109922f,0.37859964014348574f,-0.47334871294358627f,0f,0f,0f,1f], start_interpolation: 0, interpolation_duration: 1 }
$data merge entity $(bone_right_leg2) { transformation: [-0.9826193218745001f,0.017847984410079343f,-0.1847720696734093f,-0.4122586927792237f,0.07646687957923334f,0.9459124893122245f,-0.3152814280774645f,0.27682698906848713f,0.1691510703670323f,-0.32393056665842446f,-0.9308366684752158f,-0.6353139962727985f,0f,0f,0f,1f], start_interpolation: 0, interpolation_duration: 1 }
$data merge entity $(bone_right_leg1) { transformation: [-0.9537169587565072f,-0.2580867164836339f,-0.1543217721351562f,-0.3124999999999999f,0.24884565401181497f,-0.3892647734342014f,-0.8868758518770549f,0.33902335952504525f,0.16881884687341872f,-0.8842308425620065f,0.43547217362583923f,-0.9038606676671969f,0f,0f,0f,1f], start_interpolation: 0, interpolation_duration: 1 }
$data merge entity $(bone_right_wing3) { transformation: [-1.1413982952377977f,0.09648846981501988f,0.23421245226837692f,-1.392983471514869f,-0.017842438927396696f,1.0477173492790244f,-0.518580340322904f,1.4273518146936748f,-0.25267992594967414f,-0.509837128099801f,-1.0213591551504182f,0.13530935326525895f,0f,0f,0f,1f], start_interpolation: 0, interpolation_duration: 1 }
$data merge entity $(bone_right_wing2) { transformation: [-0.6616094393268412f,0.08252741087633406f,-0.7452933491234651f,-1.065162397737881f,0.3764918701078148f,0.8961215814902891f,-0.23498932514066084f,0.9730435876587703f,0.6484803941032781f,-0.4360680424445154f,-0.6239533963544595f,-0.7362545896334272f,0f,0f,0f,1f], start_interpolation: 0, interpolation_duration: 1 }
$data merge entity $(bone_right_wing1) { transformation: [-0.9585600631815867f,0.2125076498286715f,0.4578364502185452f,-0.5624999999999999f,-0.09830662125758768f,0.8852245501040578f,-0.6167044796505832f,1.177746900299297f,-0.4950853710233628f,-0.5872215133733385f,-0.7639846076599294f,-0.24576165625477087f,0f,0f,0f,1f], start_interpolation: 0, interpolation_duration: 1 }
$data merge entity $(bone_left_wing3) { transformation: [-1.1413982952377977f,-0.09648846981501973f,-0.23421245226837678f,1.392983471514869f,0.017842438927396696f,1.0477173492790244f,-0.518580340322904f,1.4273518146936748f,0.2526799259496739f,-0.509837128099801f,-1.0213591551504182f,0.13530935326525917f,0f,0f,0f,1f], start_interpolation: 0, interpolation_duration: 1 }
$data merge entity $(bone_left_wing2) { transformation: [-0.661609439326841f,-0.08252741087633392f,0.7452933491234651f,1.0651623977378812f,-0.3764918701078148f,0.8961215814902891f,-0.23498932514066084f,0.9730435876587703f,-0.6484803941032782f,-0.4360680424445154f,-0.6239533963544592f,-0.7362545896334269f,0f,0f,0f,1f], start_interpolation: 0, interpolation_duration: 1 }
$data merge entity $(bone_left_wing1) { transformation: [-0.9585600631815867f,-0.21250764982867132f,-0.4578364502185449f,0.5625000000000001f,0.09830662125758768f,0.8852245501040578f,-0.6167044796505832f,1.177746900299297f,0.49508537102336253f,-0.5872215133733385f,-0.7639846076599295f,-0.24576165625477076f,0f,0f,0f,1f], start_interpolation: 0, interpolation_duration: 1 }
$data merge entity $(bone_beak_down) { transformation: [-1.1f,-1.2957200293477412e-16f,3.6853621608728825e-17f,-9.685016504333827e-17f,0f,0.3009326577621218f,1.0580356967003646f,2.0460520758011f,-1.3471114790620887e-16f,1.0580356967003646f,-0.3009326577621218f,0.7908416133596163f,0f,0f,0f,1f], start_interpolation: 0, interpolation_duration: 1 }
$data merge entity $(bone_beak_up) { transformation: [-1.1f,9.953751061690899e-19f,1.347074704632468e-16f,-1.0066265989964492e-16f,0f,1.0999699713993893f,-0.008127854552529845f,2.1443658724755084f,-1.3471114790620887e-16f,-0.008127854552529845f,-1.0999699713993893f,0.8219729963752012f,0f,0f,0f,1f], start_interpolation: 0, interpolation_duration: 1 }
$data merge entity $(bone_head) { transformation: [-1.1f,-4.066661180060416e-17f,1.2842632150329404e-16f,-3.6449499147997907e-17f,0f,1.048680497860358f,0.3320680854995729f,2.310399915225295f,-1.3471114790620887e-16f,0.3320680854995729f,-1.048680497860358f,0.29763274744502216f,0f,0f,0f,1f], start_interpolation: 0, interpolation_duration: 1 }
$data merge entity $(bone_neck2) { transformation: [-1f,1.195617780139768e-16f,2.6506208041798677e-17f,-1.9883119121873734e-17f,0f,0.21643961393810304f,-0.9762960071199334f,1.7002149107753368f,-1.2246467991473532e-16f,-0.9762960071199334f,-0.21643961393810304f,0.16235798873370777f,0f,0f,0f,1f], start_interpolation: 0, interpolation_duration: 1 }
$data merge entity $(bone_neck1) { transformation: [-1f,1.0724338429199805e-16f,5.913082404480258e-17f,1.3377969403327715e-17f,0f,0.48283982031367545f,-0.8757086889596664f,1.2076287732355244f,-1.2246467991473532e-16f,-0.8757086889596664f,-0.48283982031367545f,-0.10923941019273464f,0f,0f,0f,1f], start_interpolation: 0, interpolation_duration: 1 }
$data merge entity $(bone_body3) { transformation: [-1f,7.692192375681204e-17f,9.529226344341799e-17f,7.77432542902647e-17f,0f,0.7781203814011041f,-0.6281151741903712f,0.8636893132041115f,-1.2246467991473532e-16f,-0.6281151741903712f,-0.7781203814011041f,-0.6348218469553228f,0f,0f,0f,1f], start_interpolation: 0, interpolation_duration: 1 }
$data merge entity $(bone_body2) { transformation: [-1f,6.279292032721654e-17f,1.0514108133074537e-16f,1.0402852462295104e-16f,0f,0.8585420825330918f,-0.5127431057749501f,0.7355035367603739f,-1.2246467991473532e-16f,-0.5127431057749501f,-0.8585420825330918f,-0.8494573675885958f,0f,0f,0f,1f], start_interpolation: 0, interpolation_duration: 1 }
$data merge entity $(bone_tail2) { transformation: [-1f,-1.6881557015739515e-17f,1.2129555168819222e-16f,2.941371257621223e-16f,0f,0.9904533435488739f,0.13784837413932843f,-0.01965454441000347f,-1.2246467991473532e-16f,0.13784837413932843f,-0.9904533435488739f,-2.4018119017410733f,0f,0f,0f,1f], start_interpolation: 0, interpolation_duration: 1 }
$data merge entity $(bone_tail1) { transformation: [-1f,3.0821273046890493e-17f,1.185227697718358e-16f,2.052450484332454e-16f,0f,0.9678118609737598f,-0.2516747936494788f,0.16910155082710565f,-1.2246467991473532e-16f,-0.2516747936494788f,-0.9678118609737598f,-1.6759530060107533f,0f,0f,0f,1f], start_interpolation: 0, interpolation_duration: 1 }
$data merge entity $(bone_body1) { transformation: [-1f,6.279292032721654e-17f,1.0514108133074537e-16f,1.2246467991473532e-16f,0f,0.8585420825330918f,-0.5127431057749501f,0.5f,-1.2246467991473532e-16f,-0.5127431057749501f,-0.8585420825330918f,-1f,0f,0f,0f,1f], start_interpolation: 0, interpolation_duration: 1 }