# This file was generated by Animated Java via MC-Build. It is not recommended to edit this file directly.
$data merge entity $(bone_left_leg4) { transformation: [-0.8997217024782572f,0.009135823067409336f,-0.02043024293805161f,0.45937198057084333f,0.009615023067314488f,0.8997009548349743f,-0.021112631300969187f,-0.6426092450505816f,0.020209142016469346f,-0.021324366483359947f,-0.8995203510610761f,-0.7543920535580991f,0f,0f,0f,1f], start_interpolation: 0, interpolation_duration: 1 }
$data merge entity $(bone_left_leg3) { transformation: [-0.9986195155454349f,-0.005348082188708227f,0.05225381506363093f,0.45209505548783524f,-0.04289900772717986f,0.6570926804261277f,-0.7525881240535425f,-0.10275297697763938f,-0.03031069626096833f,-0.7537908246637854f,-0.6564150016147299f,-1.2787092344550175f,0f,0f,0f,1f], start_interpolation: 0, interpolation_duration: 1 }
$data merge entity $(bone_left_leg2) { transformation: [-0.9955437779619635f,0.0720037949666951f,-0.06089367513638133f,0.4880969529711828f,-0.023382862444908448f,0.4370854720923013f,0.8991159724027444f,0.11578975906851127f,0.09135550287258835f,0.8965331804212514f,-0.4334540673458403f,-0.8304426442443917f,0f,0f,0f,1f], start_interpolation: 0, interpolation_duration: 1 }
$data merge entity $(bone_left_leg1) { transformation: [-0.9537169587565072f,-2.5700507379105424e-9f,0.30070577410525196f,0.3125000000000001f,-0.2477600440900562f,0.5666938392438258f,-0.7857945361960634f,0.33841132395223344f,-0.17040810759095998f,-0.8239284511188413f,-0.5404655255464265f,-0.9048929562380895f,0f,0f,0f,1f], start_interpolation: 0, interpolation_duration: 1 }
$data merge entity $(bone_right_leg4) { transformation: [-0.8847097879836352f,0.054046864262235816f,0.15610101700299928f,-0.5199965802356525f,-0.14684600641653917f,0.1322296802143027f,-0.878038474139907f,0.006080396512063213f,-0.07566268198699357f,-0.8885911591580472f,-0.12116480685699277f,0.23133919819506332f,0f,0f,0f,1f], start_interpolation: 0, interpolation_duration: 1 }
$data merge entity $(bone_right_leg3) { transformation: [-0.989913409097155f,0.13380461130897267f,0.046559300704622664f,-0.422553078047962f,-0.09208485359726488f,-0.35793516587231544f,-0.9291947033694968f,-0.20429630893157985f,-0.10766532509410354f,-0.9241097029164945f,0.36664619832744516f,-0.4846584663877729f,0f,0f,0f,1f], start_interpolation: 0, interpolation_duration: 1 }
$data merge entity $(bone_right_leg2) { transformation: [-0.9830177732992772f,0.01868867138487898f,-0.18255626787267248f,-0.4132087423555225f,0.07343140579614668f,0.9517445260581496f,-0.2979768208454294f,0.27157595409749496f,0.16817813776033014f,-0.3063218743090598f,-0.9369541201677121f,-0.6378194035423028f,0f,0f,0f,1f], start_interpolation: 0, interpolation_duration: 1 }
$data merge entity $(bone_right_leg1) { transformation: [-0.9537169587565072f,-0.25617419087286597f,-0.15747617759798194f,-0.3124999999999999f,0.2477600440900562f,-0.3726549729937493f,-0.8942836416123919f,0.33841132395223344f,0.17040810759095976f,-0.8919097796490741f,0.4188770963344826f,-0.9048929562380896f,0f,0f,0f,1f], start_interpolation: 0, interpolation_duration: 1 }
$data merge entity $(bone_right_wing3) { transformation: [-1.1413982952377977f,0.09648846981501988f,0.23421245226837692f,-1.392983471514869f,-0.015146023792413648f,1.053096297729132f,-0.5076557412745736f,1.416759816231163f,-0.25285587904593065f,-0.49863185706341834f,-1.0268328693268238f,0.14359855141937938f,0f,0f,0f,1f], start_interpolation: 0, interpolation_duration: 1 }
$data merge entity $(bone_right_wing2) { transformation: [-0.6616094393268412f,0.08252741087633406f,-0.7452933491234651f,-1.065162397737881f,0.36955294641991954f,0.9007222419596249f,-0.2283200881034843f,0.9717746283826365f,0.6524596306178478f,-0.4264840785929477f,-0.6264245853418793f,-0.7327620218083952f,0f,0f,0f,1f], start_interpolation: 0, interpolation_duration: 1 }
$data merge entity $(bone_right_wing1) { transformation: [-0.9585600631815867f,0.2125076498286715f,0.4578364502185452f,-0.5624999999999999f,-0.0930198284720273f,0.8914382224526582f,-0.6085197763200391f,1.171234083294509f,-0.496105863597134f,-0.5777451907422946f,-0.7705196803390567f,-0.2401133744473547f,0f,0f,0f,1f], start_interpolation: 0, interpolation_duration: 1 }
$data merge entity $(bone_left_wing3) { transformation: [-1.1413982952377977f,-0.09648846981501973f,-0.23421245226837678f,1.392983471514869f,0.015146023792413648f,1.053096297729132f,-0.5076557412745736f,1.416759816231163f,0.25285587904593043f,-0.49863185706341834f,-1.0268328693268238f,0.14359855141937994f,0f,0f,0f,1f], start_interpolation: 0, interpolation_duration: 1 }
$data merge entity $(bone_left_wing2) { transformation: [-0.661609439326841f,-0.08252741087633392f,0.7452933491234651f,1.0651623977378812f,-0.36955294641991954f,0.9007222419596249f,-0.2283200881034843f,0.9717746283826365f,-0.6524596306178481f,-0.4264840785929477f,-0.6264245853418791f,-0.7327620218083949f,0f,0f,0f,1f], start_interpolation: 0, interpolation_duration: 1 }
$data merge entity $(bone_left_wing1) { transformation: [-0.9585600631815867f,-0.21250764982867132f,-0.4578364502185449f,0.5625000000000001f,0.0930198284720273f,0.8914382224526582f,-0.6085197763200391f,1.171234083294509f,0.49610586359713377f,-0.5777451907422946f,-0.7705196803390568f,-0.2401133744473546f,0f,0f,0f,1f], start_interpolation: 0, interpolation_duration: 1 }
$data merge entity $(bone_beak_down) { transformation: [-1.1f,-1.2911016014697828e-16f,3.844034231156267e-17f,-9.811081249551347e-17f,0f,0.3138892155544468f,1.0542644641448438f,2.036008632598871f,-1.3471114790620887e-16f,1.0542644641448438f,-0.3138892155544468f,0.8011355810003504f,0f,0f,0f,1f], start_interpolation: 0, interpolation_duration: 1 }
$data merge entity $(bone_beak_up) { transformation: [-1.1f,5.642750866966309e-19f,1.3470996608950295e-16f,-1.0191688502074499e-16f,0f,1.0999903497342518f,-0.004607655750944073f,2.134339019915331f,-1.3471114790620887e-16f,-0.004607655750944073f,-1.0999903497342518f,0.8322145217029386f,0f,0f,0f,1f], start_interpolation: 0, interpolation_duration: 1 }
$data merge entity $(bone_head) { transformation: [-1.1f,-4.059810693580283e-17f,1.2844799369175688e-16f,-3.769288817486655e-17f,0f,1.048857464708905f,0.3315087008276082f,2.300093370329135f,-1.3471114790620887e-16f,0.3315087008276082f,-1.048857464708905f,0.30778578934848616f,0f,0f,0f,1f], start_interpolation: 0, interpolation_duration: 1 }
$data merge entity $(bone_neck2) { transformation: [-1f,1.1956177801397682e-16f,2.6506208041798677e-17f,-2.1126508148742375e-17f,0f,0.21643961393810285f,-0.9762960071199334f,1.6899083658791763f,-1.2246467991473532e-16f,-0.9762960071199334f,-0.21643961393810285f,0.17251103063717188f,0f,0f,0f,1f], start_interpolation: 0, interpolation_duration: 1 }
$data merge entity $(bone_neck1) { transformation: [-1f,1.067348650529388e-16f,6.004387070092604e-17f,1.2648169120528525e-17f,0f,0.4902954120545687f,-0.8715563142552756f,1.1996579391105837f,-1.2246467991473532e-16f,-0.8715563142552756f,-0.4902954120545687f,-0.10328013864352303f,0f,0f,0f,1f], start_interpolation: 0, interpolation_duration: 1 }
$data merge entity $(bone_body3) { transformation: [-1f,7.59010407466564e-17f,9.610738702198173e-17f,7.745910105593314e-17f,0f,0.7847763705330829f,-0.61977903179514f,0.8613445673969389f,-1.2246467991473532e-16f,-0.61977903179514f,-0.7847763705330829f,-0.6325015597138961f,0f,0f,0f,1f], start_interpolation: 0, interpolation_duration: 1 }
$data merge entity $(bone_body2) { transformation: [-1f,6.21186862503418e-17f,1.0554082928018982e-16f,1.0384430837598059e-16f,0f,0.861806272254755f,-0.507237566730189f,0.7345351757143916f,-1.2246467991473532e-16f,-0.507237566730189f,-0.861806272254755f,-0.8479531277775849f,0f,0f,0f,1f], start_interpolation: 0, interpolation_duration: 1 }
$data merge entity $(bone_tail2) { transformation: [-1f,-1.6493296875328883e-17f,1.21348955433497e-16f,2.9432036552244863e-16f,0f,0.9908894182223387f,0.13467798949715262f,-0.01764332729425619f,-1.2246467991473532e-16f,0.13467798949715262f,-0.9908894182223387f,-2.4033081679335293f,0f,0f,0f,1f], start_interpolation: 0, interpolation_duration: 1 }
$data merge entity $(bone_tail1) { transformation: [-1f,3.1200415372460226e-17f,1.1842352767589946e-16f,2.0550271976552405e-16f,0f,0.967001487762435f,-0.2547707256833821f,0.1734347169682804f,-1.2246467991473532e-16f,-0.2547707256833821f,-0.967001487762435f,-1.678057052111703f,0f,0f,0f,1f], start_interpolation: 0, interpolation_duration: 1 }
$data merge entity $(bone_body1) { transformation: [-1f,6.21186862503418e-17f,1.0554082928018982e-16f,1.2246467991473532e-16f,0f,0.861806272254755f,-0.507237566730189f,0.5f,-1.2246467991473532e-16f,-0.507237566730189f,-0.861806272254755f,-1f,0f,0f,0f,1f], start_interpolation: 0, interpolation_duration: 1 }