# This file was generated by Animated Java via MC-Build. It is not recommended to edit this file directly.
$data merge entity $(bone_left_leg4) { transformation: [-0.8997313299918084f,0.00864451908978587f,-0.020218954495183218f,0.45976790643074333f,0.009105047094773028f,0.899720476511984f,-0.02049785994808162f,-0.6433740741071655f,0.02001579247928826f,-0.020696290362176517f,-0.8995393441182389f,-0.75777930525694f,0f,0f,0f,1f], start_interpolation: 0, interpolation_duration: 1 }
$data merge entity $(bone_left_leg3) { transformation: [-0.9985885233894073f,-0.005557840965361695f,0.05282112606493104f,0.45229820532766385f,-0.043463368777922895f,0.6571133166503932f,-0.75253772307785f,-0.10350547892700498f,-0.03052698035243325f,-0.7537713177645622f,-0.6564273790649187f,-1.2820810823888042f,0f,0f,0f,1f], start_interpolation: 0, interpolation_duration: 1 }
$data merge entity $(bone_left_leg2) { transformation: [-0.9955437779619635f,0.07159749528703785f,-0.061370879330865116f,0.4880969529711828f,-0.024110712901018905f,0.4359103486959159f,0.8996670725458447f,0.11444969542095296f,0.09116611039539668f,0.8971376519622996f,-0.4322415687401511f,-0.8335122564076545f,0f,0f,0f,1f], start_interpolation: 0, interpolation_duration: 1 }
$data merge entity $(bone_left_leg1) { transformation: [-0.9537169587565072f,-2.570050738467242e-9f,0.30070577410525196f,0.3125000000000001f,-0.246393096333055f,0.5732469521337151f,-0.781459131336256f,0.3376579490299407f,-0.1723786664864555f,-0.8193826528975372f,-0.5467153404386467f,-0.9061847108045034f,0f,0f,0f,1f], start_interpolation: 0, interpolation_duration: 1 }
$data merge entity $(bone_right_leg4) { transformation: [-0.8854792454881093f,0.05340626850124292f,0.15190219318555614f,-0.5202279142150112f,-0.14116983598531585f,0.15087221525504868f,-0.8759615585583154f,-0.014854326368794163f,-0.07744406509015311f,-0.8856553196073557f,-0.14006095684916886f,0.22039900483381775f,0f,0f,0f,1f], start_interpolation: 0, interpolation_duration: 1 }
$data merge entity $(bone_right_leg3) { transformation: [-0.9904240962815244f,0.13148529823667887f,0.042091873948988244f,-0.4242446826593138f,-0.08537441719151573f,-0.343712556710532f,-0.9351860174578736f,-0.2141896178105761f,-0.10849570680047624f,-0.9298243354027258f,0.3516466790668498f,-0.49894716415990464f,0f,0f,0f,1f], start_interpolation: 0, interpolation_duration: 1 }
$data merge entity $(bone_right_leg2) { transformation: [-0.9835160230904714f,0.019696456179415983f,-0.17974504704796687f,-0.41439645456960583f,0.06968618779638841f,0.9585515258922026f,-0.27626582749253725f,0.2650861451355252f,0.16685343135431754f,-0.28423761507531375f,-0.9441233556170441f,-0.6410659716975615f,0f,0f,0f,1f], start_interpolation: 0, interpolation_duration: 1 }
$data merge entity $(bone_right_leg1) { transformation: [-0.9537169587565072f,-0.2537371282113817f,-0.16137358007827537f,-0.3124999999999999f,0.246393096333055f,-0.3517667244692768f,-0.9030784094615294f,0.3376579490299407f,0.17237866648645528f,-0.9010425302521501f,0.3980049673272366f,-0.9061847108045035f,0f,0f,0f,1f], start_interpolation: 0, interpolation_duration: 1 }
$data merge entity $(bone_right_wing3) { transformation: [-1.1413982952377977f,0.09648846981501988f,0.23421245226837692f,-1.392983471514869f,-0.011783716262032078f,1.0596310966969198f,-0.4939621938169976f,1.403452369544989f,-0.25303486249105395f,-0.4845900123632361f,-1.0334899342802009f,0.1537827574652162f,0f,0f,0f,1f], start_interpolation: 0, interpolation_duration: 1 }
$data merge entity $(bone_right_wing2) { transformation: [-0.6616094393268412f,0.08252741087633406f,-0.7452933491234651f,-1.065162397737881f,0.36084778200203904f,0.9063115112313085f,-0.21997345938506008f,0.9701551094491148f,0.6573141014901714f,-0.41447396910260914f,-0.6294040839703041f,-0.7284151546305395f,0f,0f,0f,1f], start_interpolation: 0, interpolation_duration: 1 }
$data merge entity $(bone_right_wing1) { transformation: [-0.9585600631815867f,0.2125076498286715f,0.4578364502185452f,-0.5624999999999999f,-0.08641735374686742f,0.8990388800733683f,-0.598224242403234f,1.163048639881527f,-0.4972984590322117f,-0.565845121912197f,-0.7785400771723119f,-0.2331588070511023f,0f,0f,0f,1f], start_interpolation: 0, interpolation_duration: 1 }
$data merge entity $(bone_left_wing3) { transformation: [-1.1413982952377977f,-0.09648846981501973f,-0.23421245226837678f,1.392983471514869f,0.011783716262032078f,1.0596310966969198f,-0.4939621938169976f,1.403452369544989f,0.25303486249105367f,-0.4845900123632361f,-1.033489934280201f,0.15378275746521652f,0f,0f,0f,1f], start_interpolation: 0, interpolation_duration: 1 }
$data merge entity $(bone_left_wing2) { transformation: [-0.661609439326841f,-0.08252741087633392f,0.7452933491234651f,1.0651623977378812f,-0.36084778200203904f,0.9063115112313085f,-0.21997345938506008f,0.9701551094491148f,-0.6573141014901717f,-0.41447396910260914f,-0.6294040839703039f,-0.7284151546305393f,0f,0f,0f,1f], start_interpolation: 0, interpolation_duration: 1 }
$data merge entity $(bone_left_wing1) { transformation: [-0.9585600631815867f,-0.21250764982867132f,-0.4578364502185449f,0.5625000000000001f,0.08641735374686742f,0.8990388800733683f,-0.598224242403234f,1.163048639881527f,0.4972984590322115f,-0.565845121912197f,-0.778540077172312f,-0.2331588070511022f,0f,0f,0f,1f], start_interpolation: 0, interpolation_duration: 1 }
$data merge entity $(bone_beak_down) { transformation: [-1.1f,-1.2850748840689082e-16f,4.04093899182022e-17f,-9.96652934954823e-17f,0f,0.32996770943537995f,1.0493432759254566f,2.0233694242213196f,-1.3471114790620887e-16f,1.0493432759254566f,-0.32996770943537995f,0.8138288816405935f,0f,0f,0f,1f], start_interpolation: 0, interpolation_duration: 1 }
$data merge entity $(bone_beak_up) { transformation: [-1.1f,2.708528318517532e-20f,1.347111451832992e-16f,-1.0346336181043608e-16f,0f,1.0999999777657554f,-0.00022116812132305652f,2.121720445547365f,-1.3471114790620887e-16f,-0.00022116812132305652f,-1.0999999777657554f,0.8448424630062423f,0f,0f,0f,1f], start_interpolation: 0, interpolation_duration: 1 }
$data merge entity $(bone_head) { transformation: [-1.1f,-4.051272869284035e-17f,1.2847494769046918e-16f,-3.9225887965201493e-17f,0f,1.0490775608111533f,0.3308115345669208f,2.2871262128308256f,-1.3471114790620887e-16f,0.3308115345669208f,-1.0490775608111533f,0.32030368260066566f,0f,0f,0f,1f], start_interpolation: 0, interpolation_duration: 1 }
$data merge entity $(bone_neck2) { transformation: [-1f,1.195617780139768e-16f,2.6506208041798652e-17f,-2.265950793907734e-17f,0f,0.21643961393810285f,-0.9762960071199334f,1.6769412083808675f,-1.2246467991473532e-16f,-0.9762960071199334f,-0.21643961393810285f,0.18502892388935138f,0f,0f,0f,1f], start_interpolation: 0, interpolation_duration: 1 }
$data merge entity $(bone_neck1) { transformation: [-1f,1.0609033927308359e-16f,6.117546681097412e-17f,1.1751692142095604e-17f,0f,0.4995355955167389f,-0.8662933618652153f,1.189651192331684f,-1.2246467991473532e-16f,-0.8662933618652153f,-0.4995355955167389f,-0.09595984858881423f,0f,0f,0f,1f], start_interpolation: 0, interpolation_duration: 1 }
$data merge entity $(bone_body3) { transformation: [-1f,7.461687255733133e-17f,9.710777598308774e-17f,7.710760666635864e-17f,0f,0.7929451663181413f,-0.6092930027603265f,0.8584021385013637f,-1.2246467991473532e-16f,-0.6092930027603265f,-0.7929451663181413f,-0.6296313902101729f,0f,0f,0f,1f], start_interpolation: 0, interpolation_duration: 1 }
$data merge entity $(bone_body2) { transformation: [-1f,6.127498326631902e-17f,1.0603289231333313e-16f,1.0361582974469192e-16f,0f,0.8658242718403164f,-0.5003482090426484f,0.7333150862407016f,-1.2246467991473532e-16f,-0.5003482090426484f,-0.8658242718403164f,-0.846087458170252f,0f,0f,0f,1f], start_interpolation: 0, interpolation_duration: 1 }
$data merge entity $(bone_tail2) { transformation: [-1f,-1.6009260359282993e-17f,1.2141376120262178e-16f,2.945426613370541e-16f,0f,0.991418597485861f,0.13072553139753648f,-0.015115761513186887f,-1.2246467991473532e-16f,0.13072553139753648f,-0.991418597485861f,-2.405123351011297f,0f,0f,0f,1f], start_interpolation: 0, interpolation_duration: 1 }
$data merge entity $(bone_tail1) { transformation: [-1f,3.167240689678882e-17f,1.18298167644232e-16f,2.058190356038801e-16f,0f,0.9659778454211925f,-0.2586248289616271f,0.17885286020803343f,-1.2246467991473532e-16f,-0.2586248289616271f,-0.9659778454211925f,-1.6806399669454029f,0f,0f,0f,1f], start_interpolation: 0, interpolation_duration: 1 }
$data merge entity $(bone_body1) { transformation: [-1f,6.127498326631902e-17f,1.0603289231333313e-16f,1.2246467991473532e-16f,0f,0.8658242718403164f,-0.5003482090426484f,0.5f,-1.2246467991473532e-16f,-0.5003482090426484f,-0.8658242718403164f,-1f,0f,0f,0f,1f], start_interpolation: 0, interpolation_duration: 1 }