# This file was generated by Animated Java via MC-Build. It is not recommended to edit this file directly.
$data merge entity $(bone_left_leg4) { transformation: [-0.8947845152040876f,0.0006253718645800703f,-0.09674854138960949f,0.5145091303953915f,-0.0020904460447785517f,0.8996461341211989f,0.025148824945039283f,-0.6165434770361631f,0.09672797623397203f,0.025227807491206233f,-0.8944312474096977f,-0.6936722374565193f,0f,0f,0f,1f], start_interpolation: 0, interpolation_duration: 1 }
$data merge entity $(bone_left_leg3) { transformation: [-0.994993571859871f,-0.09442414938633957f,0.03273945586294799f,0.4416448023642026f,-0.06886183978392921f,0.4103418529864263f,-0.9093281094903198f,-0.2519540804531983f,0.07242816426714227f,-0.9070301228186048f,-0.4147897266333385f,-1.3480204716558892f,0f,0f,0f,1f], start_interpolation: 0, interpolation_duration: 1 }
$data merge entity $(bone_left_leg2) { transformation: [-0.9986977239901511f,0.048212379992422894f,0.01668599749365308f,0.46575099236041406f,0.043533716244892856f,0.6347827765589992f,0.7714633122410663f,0.0654373078263013f,0.026602098541301883f,0.7711850575572081f,-0.6360549782477022f,-0.9624279428772852f,0f,0f,0f,1f], start_interpolation: 0, interpolation_duration: 1 }
$data merge entity $(bone_left_leg1) { transformation: [-0.9537169587565072f,0.10152242709315347f,0.2830497471776898f,0.3125000000000001f,-0.12708376616539035f,0.7170156025290481f,-0.6853745998409385f,0.3125f,-0.27253197786215694f,-0.6896244068527603f,-0.6709280874397191f,-1f,0f,0f,0f,1f], start_interpolation: 0, interpolation_duration: 1 }
$data merge entity $(bone_right_leg4) { transformation: [-0.8999912871302174f,-0.003914223249472881f,-0.0006016195210453296f,-0.6376864743276792f,-0.003903852093339696f,0.8998709540540549f,-0.014731801949472767f,-0.6293142632995269f,0.0006656038823087372f,-0.01472904973847422f,-0.8998792208209242f,-1.8378890142950488f,0f,0f,0f,1f], start_interpolation: 0, interpolation_duration: 1 }
$data merge entity $(bone_right_leg3) { transformation: [-0.9800124010026948f,0.19790996168942016f,-0.02018268924166783f,-0.4879925849830099f,0.19039348561279748f,0.9624995497684231f,0.19324838248169707f,0.08048237512168444f,0.057671609281716385f,0.185543158752014f,-0.980942262176109f,-1.6374227538450314f,0f,0f,0f,1f], start_interpolation: 0, interpolation_duration: 1 }
$data merge entity $(bone_right_leg2) { transformation: [-0.9753722979456481f,-0.036977977266149764f,0.21744311807350913f,-0.5064815736160848f,0.21115460130534003f,0.12834322666596049f,0.9689900672950951f,0.14465398845466468f,-0.06373864406942453f,0.991040183527527f,-0.11737435787222524f,-1.141902662081268f,0f,0f,0f,1f], start_interpolation: 0, interpolation_duration: 1 }
$data merge entity $(bone_right_leg1) { transformation: [-0.9537169587565072f,0.1254855279866112f,-0.2732715587948371f,-0.3124999999999999f,0.12708376616539033f,0.9918203721653698f,0.011919133146654461f,0.3125f,0.27253197786215677f,-0.02336089946189362f,-0.9618630824700947f,-1f,0f,0f,0f,1f], start_interpolation: 0, interpolation_duration: 1 }
$data merge entity $(bone_right_wing3) { transformation: [-1.1329827344785062f,0.1428354833898135f,0.2508061283839919f,-2.242215245718758f,0.2651808034292413f,0.9162475298154555f,0.676110325003442f,0.7607345649275137f,-0.11395100193851403f,0.7120702597134895f,-0.9202861948140562f,-0.0478636377122357f,0f,0f,0f,1f], start_interpolation: 0, interpolation_duration: 1 }
$data merge entity $(bone_right_wing2) { transformation: [-0.9510959458368581f,0.12216840673325688f,0.2837100319145407f,-1.2204447218777204f,0.26784648930923566f,0.7836743240147803f,0.5604576808686759f,0.733129312657548f,-0.15386604556369715f,0.6090397641174463f,-0.7780718512749036f,-0.21730175261476645f,0f,0f,0f,1f], start_interpolation: 0, interpolation_duration: 1 }
$data merge entity $(bone_right_wing1) { transformation: [-1.062157408632254f,0.2013833494909711f,0.06983907893524337f,-0.5625f,0.21080102444035756f,0.9399197380646288f,0.4957064909828459f,0.4849579338435873f,0.03155437360527925f,0.49960658888312104f,-0.9607334120150405f,-0.01561893309156892f,0f,0f,0f,1f], start_interpolation: 0, interpolation_duration: 1 }
$data merge entity $(bone_left_wing3) { transformation: [-1.1329827344785062f,-0.1428354833898137f,-0.25080612838399163f,2.242215245718758f,-0.2651808034292413f,0.9162475298154555f,0.676110325003442f,0.7607345649275137f,0.11395100193851379f,0.7120702597134894f,-0.9202861948140562f,-0.0478636377122352f,0f,0f,0f,1f], start_interpolation: 0, interpolation_duration: 1 }
$data merge entity $(bone_left_wing2) { transformation: [-0.9510959458368582f,-0.12216840673325703f,-0.2837100319145405f,1.2204447218777206f,-0.26784648930923566f,0.7836743240147803f,0.5604576808686759f,0.733129312657548f,0.15386604556369693f,0.6090397641174462f,-0.7780718512749036f,-0.21730175261476617f,0f,0f,0f,1f], start_interpolation: 0, interpolation_duration: 1 }
$data merge entity $(bone_left_wing1) { transformation: [-1.062157408632254f,-0.2013833494909712f,-0.06983907893524312f,0.5625f,-0.21080102444035756f,0.9399197380646288f,0.4957064909828459f,0.4849579338435873f,-0.03155437360527951f,0.499606588883121f,-0.9607334120150405f,-0.01561893309156881f,0f,0f,0f,1f], start_interpolation: 0, interpolation_duration: 1 }
$data merge entity $(bone_beak_down) { transformation: [-1.1f,-1.159467775918444e-16f,6.858161660587949e-17f,-2.2195909875457098e-16f,0f,0.5600113980098481f,0.9467772885420602f,0.12150005863386215f,-1.3471114790620887e-16f,0.9467772885420602f,-0.5600113980098481f,1.812433584190214f,0f,0f,0f,1f], start_interpolation: 0, interpolation_duration: 1 }
$data merge entity $(bone_beak_up) { transformation: [-1.1f,6.61220465785418e-17f,1.1736681100921853e-16f,-2.2200347552942464e-16f,0f,0.9583727413563968f,-0.5399274845986496f,0.2246244219891269f,-1.3471114790620887e-16f,-0.5399274845986496f,-0.9583727413563968f,1.812795948056143f,0f,0f,0f,1f], start_interpolation: 0, interpolation_duration: 1 }
$data merge entity $(bone_head) { transformation: [-1.1f,-4.733522651057456e-19f,1.3471031626360912e-16f,-1.546483173976201e-16f,0f,1.099993209122824f,0.0038652145699095974f,0.2265570292740817f,-1.3471114790620887e-16f,0.0038652145699095974f,-1.099993209122824f,1.262799343494731f,0f,0f,0f,1f], start_interpolation: 0, interpolation_duration: 1 }
$data merge entity $(bone_neck2) { transformation: [-1f,-3.048168874471803e-18f,1.2242673928979434e-16f,-7.813160534149863e-17f,0f,0.9996901912864397f,0.024890187738979608f,0.24211339661094394f,-1.2246467991473532e-16f,0.024890187738979608f,-0.9996901912864397f,0.6379929739407062f,0f,0f,0f,1f], start_interpolation: 0, interpolation_duration: 1 }
$data merge entity $(bone_neck1) { transformation: [-1f,-3.579842039919076e-17f,1.1711563056885863e-16f,-1.2254063146515649e-17f,0f,0.9563216974102176f,0.29231628600274806f,0.40654130748748973f,-1.2246467991473532e-16f,0.29231628600274806f,-0.9563216974102176f,0.10006201914745882f,0f,0f,0f,1f], start_interpolation: 0, interpolation_duration: 1 }
$data merge entity $(bone_body3) { transformation: [-1f,-1.6127050576644707e-17f,1.2139817159379674e-16f,6.261185343856702e-17f,0f,0.9912912986692889f,0.1316873615141361f,0.5508016146006554f,-1.2246467991473532e-16f,0.1316873615141361f,-0.9912912986692889f,-0.5112645824262133f,0f,0f,0f,1f], start_interpolation: 0, interpolation_duration: 1 }
$data merge entity $(bone_body2) { transformation: [-1f,-3.634672607248368e-17f,1.1694662598993788e-16f,9.184850993605148e-17f,0f,0.9549416702951469f,0.2967935415973788f,0.625f,-1.2246467991473532e-16f,0.2967935415973788f,-0.9549416702951469f,-0.75f,0f,0f,0f,1f], start_interpolation: 0, interpolation_duration: 1 }
$data merge entity $(bone_tail2) { transformation: [-1f,-6.017342718954008e-17f,1.0666187925816652e-16f,3.041779954351245e-16f,0f,0.870960340013371f,0.4913533210672266f,0.7175318742960117f,-1.2246467991473532e-16f,0.4913533210672266f,-0.870960340013371f,-2.4838018247130935f,0f,0f,0f,1f], start_interpolation: 0, interpolation_duration: 1 }
$data merge entity $(bone_tail1) { transformation: [-1f,-2.531457181632341e-17f,1.1981974077911693e-16f,2.143131898507868e-16f,0f,0.9784024329507913f,0.20670916572801562f,0.5625f,-1.2246467991473532e-16f,0.20670916572801562f,-0.9784024329507913f,-1.75f,0f,0f,0f,1f], start_interpolation: 0, interpolation_duration: 1 }