# This file was generated by Animated Java via MC-Build. It is not recommended to edit this file directly.
$data merge entity $(bone_left_leg4) { transformation: [-0.894958365136101f,-0.0003047015913176694f,-0.09512850166936038f,0.5140736799581272f,-0.0029494582681318035f,0.899651574599714f,0.024866544114132694f,-0.6174324977834399f,0.09508325493398828f,0.025038999125280625f,-0.8946128901116748f,-0.698092325850837f,0f,0f,0f,1f], start_interpolation: 0, interpolation_duration: 1 }
$data merge entity $(bone_left_leg3) { transformation: [-0.9950900809784198f,-0.09297089760187566f,0.03394323109934499f,0.4422240548130114f,-0.06966156073149914f,0.4142897134348381f,-0.907475233986323f,-0.24999801058316604f,0.07030645556998047f,-0.9053841425280114f,-0.41873208231995446f,-1.3509596776018484f,0f,0f,0f,1f], start_interpolation: 0, interpolation_duration: 1 }
$data merge entity $(bone_left_leg2) { transformation: [-0.9987413021985039f,0.0478182440230252f,0.015140238485282904f,0.466133176824524f,0.04195237432356072f,0.6309410102075595f,0.7746957079569243f,0.06547249452061374f,0.027491991041986713f,0.7743557691247732f,-0.632152935017887f,-0.9637817930394619f,0f,0f,0f,1f], start_interpolation: 0, interpolation_duration: 1 }
$data merge entity $(bone_left_leg1) { transformation: [-0.9537169587565072f,0.1000188901839846f,0.28358452741044043f,0.3125000000000001f,-0.12708376616539035f,0.7206426976034022f,-0.6815598423969181f,0.3125f,-0.272531977862157f,-0.6860541698709043f,-0.6745783846561386f,-1f,0f,0f,0f,1f], start_interpolation: 0, interpolation_duration: 1 }
$data merge entity $(bone_right_leg4) { transformation: [-0.8999580406443018f,-0.004838524424200526f,-0.0072189861521849315f,-0.6359249516763682f,-0.004536501076725015f,0.8992211655588838f,-0.037157981227500025f,-0.6406952326460065f,0.007412505490715968f,-0.03711986115705165f,-0.8992036313705764f,-1.805595406566179f,0f,0f,0f,1f], start_interpolation: 0, interpolation_duration: 1 }
$data merge entity $(bone_right_leg3) { transformation: [-0.9803708231395307f,0.19510720995151612f,-0.028394114912317123f,-0.4878199120307113f,0.1886697521931746f,0.9701742206174961f,0.1522028457572317f,0.07742275495728873f,0.05724311088755527f,0.14385811855494485f,-0.9879413282081817f,-1.635955484636959f,0f,0f,0f,1f], start_interpolation: 0, interpolation_duration: 1 }
$data merge entity $(bone_right_leg2) { transformation: [-0.9758060265662548f,-0.036952402426258246f,0.2154927341510738f,-0.5062961132438404f,0.2089860020937356f,0.13197366242789854f,0.9689725503615901f,0.143409586171238f,-0.06424522897347801f,0.9905642192105947f,-0.12105816029434133f,-1.1406733750316618f,0f,0f,0f,1f], start_interpolation: 0, interpolation_duration: 1 }
$data merge entity $(bone_right_leg1) { transformation: [-0.9537169587565072f,0.12367000207790382f,-0.27409796271824044f,-0.3124999999999999f,0.12708376616539033f,0.9918776161519686f,0.005339564954977633f,0.3125f,0.2725319778621567f,-0.029740967750550653f,-0.9616869531608514f,-1f,0f,0f,0f,1f], start_interpolation: 0, interpolation_duration: 1 }
$data merge entity $(bone_right_wing3) { transformation: [-1.1342801117167822f,0.13245626332771734f,0.2506382501646229f,-2.239607942359513f,0.2572931779151574f,0.9149864227844965f,0.6808491996726677f,0.7422440306083065f,-0.11901434677653293f,0.7156890039687986f,-0.9168317189299604f,-0.04362606286067969f,0f,0f,0f,1f], start_interpolation: 0, interpolation_duration: 1 }
$data merge entity $(bone_right_wing2) { transformation: [-0.9569633601790675f,0.11329097132276017f,0.2671821159649983f,-1.2189595050780588f,0.2516264388906907f,0.7825956884192266f,0.5694103298315077f,0.733735527534667f,-0.1445865226291087f,0.6121349069317827f,-0.777422403323727f,-0.22164488483007455f,0f,0f,0f,1f], start_interpolation: 0, interpolation_duration: 1 }
$data merge entity $(bone_right_wing1) { transformation: [-1.0620192647318059f,0.19991528906987543f,0.07589512267421117f,-0.5625f,0.21238984325837088f,0.9415049591516369f,0.4920061762667927f,0.4854097786360564f,0.024834390073244592f,0.4972055914811234f,-0.9621751212646829f,-0.015364758238552934f,0f,0f,0f,1f], start_interpolation: 0, interpolation_duration: 1 }
$data merge entity $(bone_left_wing3) { transformation: [-1.1342801117167824f,-0.1324562633277175f,-0.2506382501646226f,2.2396079423595134f,-0.2572931779151574f,0.9149864227844965f,0.6808491996726677f,0.7422440306083065f,0.11901434677653265f,0.7156890039687986f,-0.9168317189299605f,-0.04362606286067916f,0f,0f,0f,1f], start_interpolation: 0, interpolation_duration: 1 }
$data merge entity $(bone_left_wing2) { transformation: [-0.9569633601790676f,-0.11329097132276032f,-0.2671821159649981f,1.2189595050780588f,-0.2516264388906907f,0.7825956884192266f,0.5694103298315077f,0.733735527534667f,0.14458652262910848f,0.6121349069317827f,-0.7774224033237271f,-0.22164488483007427f,0f,0f,0f,1f], start_interpolation: 0, interpolation_duration: 1 }
$data merge entity $(bone_left_wing1) { transformation: [-1.0620192647318059f,-0.19991528906987557f,-0.07589512267421093f,0.5625f,-0.21238984325837088f,0.9415049591516369f,0.4920061762667927f,0.4854097786360564f,-0.024834390073244856f,0.49720559148112337f,-0.9621751212646829f,-0.015364758238552823f,0f,0f,0f,1f], start_interpolation: 0, interpolation_duration: 1 }
$data merge entity $(bone_beak_down) { transformation: [-1.1f,-1.151196323173047e-16f,6.99611579759587e-17f,-2.221460338927863e-16f,0f,0.5712762081660475f,0.940023134812874f,0.13823801630022992f,-1.3471114790620887e-16f,0.940023134812874f,-0.5712762081660475f,1.813960025433072f,0f,0f,0f,1f], start_interpolation: 0, interpolation_duration: 1 }
$data merge entity $(bone_beak_up) { transformation: [-1.1f,6.471594707313054e-17f,1.1814795624400888e-16f,-2.2224067610219046e-16f,0f,0.9647512762558814f,-0.5284458108100094f,0.24136012055614842f,-1.3471114790620887e-16f,-0.5284458108100094f,-0.9647512762558814f,1.8147328377204195f,0f,0f,0f,1f], start_interpolation: 0, interpolation_duration: 1 }
$data merge entity $(bone_head) { transformation: [-1.1f,-1.0095169003110816e-18f,1.347073652249069e-16f,-1.54886993489737e-16f,0f,1.0999691120631307f,0.008243331065037966f,0.2454817860886674f,-1.3471114790620887e-16f,0.008243331065037966f,-1.0999691120631307f,1.264748281688854f,0f,0f,0f,1f], start_interpolation: 0, interpolation_duration: 1 }
$data merge entity $(bone_neck2) { transformation: [-1f,-4.488554902405766e-19f,1.2246385734316658e-16f,-7.834708265025789e-17f,0f,0.999993283193413f,0.0036651832230572556f,0.24777252560307816f,-1.2246467991473532e-16f,0.0036651832230572556f,-0.999993283193413f,0.6397524796929709f,0f,0f,0f,1f], start_interpolation: 0, interpolation_duration: 1 }
$data merge entity $(bone_neck1) { transformation: [-1f,-3.4631317475099025e-17f,1.174660362681804e-16f,-1.227243724940642e-17f,0f,0.9591829770833913f,0.2827861674011698f,0.4068397447662362f,-1.2246467991473532e-16f,0.2827861674011698f,-0.9591829770833913f,0.10021205508356335f,0f,0f,0f,1f], start_interpolation: 0, interpolation_duration: 1 }
$data merge entity $(bone_body3) { transformation: [-1f,-1.6288098075061745e-17f,1.2137666862999554e-16f,6.256997451464944e-17f,0f,0.9911157136449686f,0.13300241413607705f,0.5519109857040949f,-1.2246467991473532e-16f,0.13300241413607705f,-0.9911157136449686f,-0.5109226150610372f,0f,0f,0f,1f], start_interpolation: 0, interpolation_duration: 1 }
$data merge entity $(bone_body2) { transformation: [-1f,-3.5803290964126117e-17f,1.1711414168560817e-16f,9.184850993605148e-17f,0f,0.9563095397558511f,0.2923560571836203f,0.625f,-1.2246467991473532e-16f,0.2923560571836203f,-0.9563095397558511f,-0.75f,0f,0f,0f,1f], start_interpolation: 0, interpolation_duration: 1 }
$data merge entity $(bone_tail2) { transformation: [-1f,-5.896678500068551e-17f,1.0733366710078206e-16f,3.0438638379664496e-16f,0f,0.8764459040395317f,0.4815003398673028f,0.7092470022195196f,-1.2246467991473532e-16f,0.4815003398673028f,-0.8764459040395317f,-2.4855034448182987f,0f,0f,0f,1f], start_interpolation: 0, interpolation_duration: 1 }
$data merge entity $(bone_tail1) { transformation: [-1f,-2.39617662070139e-17f,1.2009759192781087e-16f,2.143131898507868e-16f,0f,0.9806712597577317f,0.1956626696260262f,0.5625f,-1.2246467991473532e-16f,0.1956626696260262f,-0.9806712597577317f,-1.75f,0f,0f,0f,1f], start_interpolation: 0, interpolation_duration: 1 }