# This file was generated by Animated Java via MC-Build. It is not recommended to edit this file directly.
$data merge entity $(bone_left_leg4) { transformation: [-0.8951470629065845f,-0.0013142153587053923f,-0.09332742687820246f,0.5135865828329989f,-0.003881686713272249f,0.8996563926845601f,0.02456232094213101f,-0.6184002362252136f,0.09325592891594231f,0.02483239698046058f,-0.8948109765655702f,-0.7030115674293076f,0f,0f,0f,1f], start_interpolation: 0, interpolation_duration: 1 }
$data merge entity $(bone_left_leg3) { transformation: [-0.9951930704686003f,-0.09136024217070485f,0.03527121548500864f,0.44286195023715713f,-0.07052363312950993f,0.4186756272401885f,-0.9053933599962218f,-0.2478064307953084f,0.06794975836229317f,-0.9035286521774195f,-0.42310613920500034f,-1.3542139228620598f,0f,0f,0f,1f], start_interpolation: 0, interpolation_duration: 1 }
$data merge entity $(bone_left_leg2) { transformation: [-0.9987863309470174f,0.047389390382394925f,0.013420536225507818f,0.4665566454283546f,0.040190180862512526f,0.6266534008343658f,0.7782610516947139f,0.06552026962187452f,0.02847129213143873f,0.7778558741193055f,-0.6277974391652595f,-0.9652859858024071f,0f,0f,0f,1f], start_interpolation: 0, interpolation_duration: 1 }
$data merge entity $(bone_left_leg1) { transformation: [-0.9537169587565072f,0.09834516397592155f,0.2841693004228076f,0.3125000000000001f,-0.12708376616539033f,0.7246485850225046f,-0.6772991544377581f,0.3125f,-0.2725319778621569f,-0.6820649946650471f,-0.6786115708526563f,-1f,0f,0f,0f,1f], start_interpolation: 0, interpolation_duration: 1 }
$data merge entity $(bone_right_leg4) { transformation: [-0.8998583277416382f,-0.006078166839508356f,-0.01476637673545676f,-0.6336097154868253f,-0.005007737508915994f,0.8976835442294216f,-0.06433643590335045f,-0.6521641536914446f,0.015162867771768462f,-0.06424414609577453f,-0.8975760564617135f,-1.7674598736901213f,0f,0f,0f,1f], start_interpolation: 0, interpolation_duration: 1 }
$data merge entity $(bone_right_leg3) { transformation: [-0.9807650745802758f,0.19150011392282618f,-0.037783261520023564f,-0.4876231761997042f,0.18675041446477397f,0.9769122091067294f,0.10376328057383838f,0.07403479810273744f,0.056781609529679755f,0.09471136186199937f,-0.9938841012680829f,-1.6343085959643666f,0f,0f,0f,1f], start_interpolation: 0, interpolation_duration: 1 }
$data merge entity $(bone_right_leg2) { transformation: [-0.9762837890866581f,-0.036926085844373346f,0.21332235548767867f,-0.5060862191218909f,0.20657207737065586f,0.1360036170393294f,0.9689329146039943f,0.14203660662240214f,-0.06479151192377991f,0.9900199393630584f,-0.12515022831060788f,-1.1392986262828373f,0f,0f,0f,1f], start_interpolation: 0, interpolation_duration: 1 }
$data merge entity $(bone_right_leg1) { transformation: [-0.9537169587565072f,0.1216465802045976f,-0.27500194927448257f,-0.3124999999999999f,0.12708376616539035f,0.9918900307995846f,-0.0019705779911975453f,0.3125f,0.2725319778621567f,-0.03682765706538231f,-0.9614416491486186f,-1f,0f,0f,0f,1f], start_interpolation: 0, interpolation_duration: 1 }
$data merge entity $(bone_right_wing3) { transformation: [-1.1356035865427299f,0.12129846542930685f,0.2502933129197545f,-2.236148169118373f,0.24876445908035902f,0.9135394959108505f,0.6859427084574683f,0.7218869568299277f,-0.12440379458162558f,0.7195052728590712f,-0.9131218014034319f,-0.038791282947176986f,0f,0f,0f,1f], start_interpolation: 0, interpolation_duration: 1 }
$data merge entity $(bone_right_wing2) { transformation: [-0.9630488283983166f,0.10374761165084755f,0.24854252593343976f,-1.2172718533907676f,0.23353511890783335f,0.7813581195279558f,0.5787407340808497f,0.7344122198412442f,-0.13415775176013423f,0.6153989942504632f,-0.7767147323941942f,-0.22646253583594045f,0f,0f,0f,1f], start_interpolation: 0, interpolation_duration: 1 }
$data merge entity $(bone_right_wing1) { transformation: [-1.0618109616017664f,0.19834307634832832f,0.08263544637819849f,-0.5625f,0.21416535234243245f,0.9432525047109047f,0.4878719353721399f,0.4859137611534375f,0.017372241924538744f,0.49451577076206255f,-0.9637237512841683f,-0.015089439068628085f,0f,0f,0f,1f], start_interpolation: 0, interpolation_duration: 1 }
$data merge entity $(bone_left_wing3) { transformation: [-1.1356035865427299f,-0.12129846542930703f,-0.25029331291975426f,2.2361481691183727f,-0.24876445908035902f,0.9135394959108505f,0.6859427084574683f,0.7218869568299277f,0.1244037945816253f,0.7195052728590711f,-0.9131218014034321f,-0.038791282947176486f,0f,0f,0f,1f], start_interpolation: 0, interpolation_duration: 1 }
$data merge entity $(bone_left_wing2) { transformation: [-0.9630488283983166f,-0.1037476116508477f,-0.24854252593343956f,1.2172718533907676f,-0.23353511890783335f,0.7813581195279558f,0.5787407340808497f,0.7344122198412442f,0.134157751760134f,0.6153989942504631f,-0.7767147323941943f,-0.22646253583594017f,0f,0f,0f,1f], start_interpolation: 0, interpolation_duration: 1 }
$data merge entity $(bone_left_wing1) { transformation: [-1.0618109616017664f,-0.19834307634832846f,-0.08263544637819825f,0.5625f,-0.21416535234243245f,0.9432525047109047f,0.4878719353721399f,0.4859137611534375f,-0.017372241924539008f,0.4945157707620625f,-0.9637237512841683f,-0.015089439068627974f,0f,0f,0f,1f], start_interpolation: 0, interpolation_duration: 1 }
$data merge entity $(bone_beak_down) { transformation: [-1.1f,-1.141814347900162e-16f,7.148211887949156e-17f,-2.223034587393723e-16f,0f,0.5836957964472709f,0.9323621706235117f,0.15685737235609082f,-1.3471114790620887e-16f,0.9323621706235117f,-0.5836957964472709f,1.8152454968579395f,0f,0f,0f,1f], start_interpolation: 0, interpolation_duration: 1 }
$data merge entity $(bone_beak_up) { transformation: [-1.1f,6.314296372896458e-17f,1.18996048260987e-16f,-2.22453943898876e-16f,0f,0.9716764731172831f,-0.5156014270639269f,0.25997505107465707f,-1.3471114790620887e-16f,-0.5156014270639269f,-0.9716764731172831f,1.8164743014374185f,0f,0f,0f,1f], start_interpolation: 0, interpolation_duration: 1 }
$data merge entity $(bone_head) { transformation: [-1.1f,-1.6051750347055195e-18f,1.3470158419007716e-16f,-1.5510315180383737e-16f,0f,1.0999219063313734f,0.013107248847774797f,0.2665286754985445f,-1.3471114790620887e-16f,0.013107248847774797f,-1.0999219063313734f,1.2665133482717317f,0f,0f,0f,1f], start_interpolation: 0, interpolation_duration: 1 }
$data merge entity $(bone_neck2) { transformation: [-1f,2.4391600135414195e-18f,1.2244038682169753e-16f,-7.857791004027642e-17f,0f,0.999801631841485f,-0.019917253000944046f,0.25408039237295443f,-1.2246467991473532e-16f,-0.019917253000944046f,-0.999801631841485f,0.6416373283708036f,0f,0f,0f,1f], start_interpolation: 0, interpolation_duration: 1 }
$data merge entity $(bone_neck1) { transformation: [-1f,-3.333065389058169e-17f,1.1784169609202353e-16f,-1.2291955988513186e-17f,0f,0.9622504723326716f,0.272165443242801f,0.40717345419703f,-1.2246467991473532e-16f,0.272165443242801f,-0.9622504723326716f,0.10037143768367585f,0f,0f,0f,1f], start_interpolation: 0, interpolation_duration: 1 }
$data merge entity $(bone_body3) { transformation: [-1f,-1.6466987716682556e-17f,1.2135252837150614e-16f,6.25241875113855e-17f,0f,0.9909185934752494f,0.13446315891363544f,0.5531453406102552f,-1.2246467991473532e-16f,0.13446315891363544f,-0.9909185934752494f,-0.5105487358062527f,0f,0f,0f,1f], start_interpolation: 0, interpolation_duration: 1 }
$data merge entity $(bone_body2) { transformation: [-1f,-3.519863145018972e-17f,1.1729728969866393e-16f,9.184850993605148e-17f,0f,0.9578050567749891f,0.2874186375589793f,0.625f,-1.2246467991473532e-16f,0.2874186375589793f,-0.9578050567749891f,-0.75f,0f,0f,0f,1f], start_interpolation: 0, interpolation_duration: 1 }
$data merge entity $(bone_tail2) { transformation: [-1f,-5.761742223963946e-17f,1.0806401103548617e-16f,3.046044689335363e-16f,0f,0.8824096148434353f,0.47048195675483706f,0.7000206963423972f,-1.2246467991473532e-16f,0.47048195675483706f,-0.8824096148434353f,-2.4872842451032726f,0f,0f,0f,1f], start_interpolation: 0, interpolation_duration: 1 }
$data merge entity $(bone_tail1) { transformation: [-1f,-2.2455237412297566e-17f,1.2038837211033268e-16f,2.143131898507868e-16f,0f,0.9830456601376965f,0.1833609284565295f,0.5625f,-1.2246467991473532e-16f,0.1833609284565295f,-0.9830456601376965f,-1.75f,0f,0f,0f,1f], start_interpolation: 0, interpolation_duration: 1 }