# This file was generated by Animated Java via MC-Build. It is not recommended to edit this file directly.
$data merge entity $(bone_left_leg4) { transformation: [-0.8953482591265697f,-0.002390312367972554f,-0.0913552477190249f,0.5130495131237773f,-0.0048751718389644025f,0.8996602832267346f,0.02424061640990921f,-0.619435092401978f,0.09125638376881624f,0.024610184704209392f,-0.8950232461954626f,-0.7084051664696591f,0f,0f,0f,1f], start_interpolation: 0, interpolation_duration: 1 }
$data merge entity $(bone_left_leg3) { transformation: [-0.995300742580587f,-0.08960233408004124f,0.03671312498195557f,0.4435531922523742f,-0.07143517771470317f,0.4234749303581072f,-0.9030869275673661f,-0.2453859616604373f,0.0653716085422471f,-0.9014656982301688f,-0.4278856713083464f,-1.357761585685514f,0f,0f,0f,1f], start_interpolation: 0, interpolation_duration: 1 }
$data merge entity $(bone_left_leg2) { transformation: [-0.9988315217409848f,0.04693098102873022f,0.011535778962416865f,0.46701868276673936f,0.03825535584157966f,0.6219379718962915f,0.7821315022826801f,0.06558302428770846f,0.029531659723471354f,0.7816589039556889f,-0.6230066122769232f,-0.9669321337076696f,0f,0f,0f,1f], start_interpolation: 0, interpolation_duration: 1 }
$data merge entity $(bone_left_leg1) { transformation: [-0.9537169587565072f,0.09650959419712007f,0.2847979297820579f,0.3125000000000001f,-0.12708376616539033f,0.7290035835764048f,-0.6726094643327435f,0.3125f,-0.2725319778621568f,-0.6776722462670778f,-0.6829982779494205f,-1f,0f,0f,0f,1f], start_interpolation: 0, interpolation_duration: 1 }
$data merge entity $(bone_right_leg4) { transformation: [-0.8996737741364048f,-0.0076342488749122665f,-0.022996051297411377f,-0.6306243778546012f,-0.005152258847753634f,0.8949020252206343f,-0.09551868657374273f,-0.6628037081560683f,0.023676029226266344f,-0.09535241737954547f,-0.8946213512654134f,-1.7240974032922172f,0f,0f,0f,1f], start_interpolation: 0, interpolation_duration: 1 }
$data merge entity $(bone_right_leg3) { transformation: [-0.9811917280578979f,0.18695862118258635f,-0.04805483072764178f,-0.4874019850471838f,0.18464495848811452f,0.981592912237074f,0.04880157733990215f,0.07034087743799344f,0.05629415685200896f,0.039010621777231025f,-0.997651812654533f,-1.6324861986683856f,0f,0f,0f,1f], start_interpolation: 0, interpolation_duration: 1 }
$data merge entity $(bone_right_leg2) { transformation: [-0.9768016461910971f,-0.03689981223746991f,0.21094299669626923f,-0.5058518911659188f,0.20392496170469324f,0.14040960248848677f,0.9688651885183847f,0.14054567868223683f,-0.06536936585360265f,0.9894056536051656f,-0.12962753805435503f,-1.1377833718658028f,0f,0f,0f,1f], start_interpolation: 0, interpolation_duration: 1 }
$data merge entity $(bone_right_leg1) { transformation: [-0.9537169587565072f,0.11942466624627564f,-0.2759741141342868f,-0.3124999999999999f,0.12708376616539035f,0.9918418767849166f,-0.009970347686747118f,0.3125f,0.2725319778621567f,-0.04458071946189189f,-0.9611133546542785f,-1f,0f,0f,0f,1f], start_interpolation: 0, interpolation_duration: 1 }
$data merge entity $(bone_right_wing3) { transformation: [-1.1369204292416282f,0.10954453408346929f,0.24973485660201686f,-2.231688536404695f,0.23971563571300214f,0.9119183171392409f,0.6913009206107048f,0.6998585540553748f,-0.13001506660501133f,0.7234366205100018f,-0.9092255520701803f,-0.03333915044878927f,0f,0f,0f,1f], start_interpolation: 0, interpolation_duration: 1 }
$data merge entity $(bone_right_wing2) { transformation: [-0.9691818008588163f,0.09369437395882271f,0.22783327494579436f,-1.215379864514407f,0.21367703502436972f,0.7799715115027159f,0.5882062273959388f,0.7351564099273725f,-0.12259184959554173f,0.6187615094142757f,-0.7759545301627611f,-0.23172532168166024f,0f,0f,0f,1f], start_interpolation: 0, interpolation_duration: 1 }
$data merge entity $(bone_right_wing1) { transformation: [-1.0615169025747988f,0.19669367951345165f,0.09002540251826625f,-0.5625f,0.2161206491258268f,0.9451482708024289f,0.48331948267343905f,0.48646765582672724f,0.009210954377672028f,0.4915459833522689f,-0.9653542436229379f,-0.014796678816043352f,0f,0f,0f,1f], start_interpolation: 0, interpolation_duration: 1 }
$data merge entity $(bone_left_wing3) { transformation: [-1.1369204292416282f,-0.10954453408346947f,-0.24973485660201666f,2.2316885364046954f,-0.23971563571300214f,0.9119183171392409f,0.6913009206107048f,0.6998585540553748f,0.13001506660501105f,0.7234366205100018f,-0.9092255520701804f,-0.03333915044878871f,0f,0f,0f,1f], start_interpolation: 0, interpolation_duration: 1 }
$data merge entity $(bone_left_wing2) { transformation: [-0.9691818008588164f,-0.09369437395882287f,-0.2278332749457942f,1.2153798645144072f,-0.21367703502436972f,0.7799715115027159f,0.5882062273959388f,0.7351564099273725f,0.1225918495955415f,0.6187615094142757f,-0.7759545301627612f,-0.23172532168165996f,0f,0f,0f,1f], start_interpolation: 0, interpolation_duration: 1 }
$data merge entity $(bone_left_wing1) { transformation: [-1.0615169025747988f,-0.1966936795134518f,-0.090025402518266f,0.5625f,-0.2161206491258268f,0.9451482708024289f,0.48331948267343905f,0.48646765582672724f,-0.00921095437767229f,0.49154598335226884f,-0.9653542436229379f,-0.01479667881604324f,0f,0f,0f,1f], start_interpolation: 0, interpolation_duration: 1 }
$data merge entity $(bone_beak_down) { transformation: [-1.1f,-1.1313169059045876e-16f,7.313216771266376e-17f,-2.2241509366449514e-16f,0f,0.5971694676667693f,0.9237903587322112f,0.17725179448505685f,-1.3471114790620887e-16f,0.9237903587322112f,-0.5971694676667693f,1.8161570651991186f,0f,0f,0f,1f], start_interpolation: 0, interpolation_duration: 1 }
$data merge entity $(bone_beak_up) { transformation: [-1.1f,6.14088341680863e-17f,1.1990016036822033e-16f,-2.226266875401646e-16f,0f,0.9790591087299577f,-0.5014411845998499f,0.2803623194039123f,-1.3471114790620887e-16f,-0.5014411845998499f,-0.9790591087299577f,1.8178848603137325f,0f,0f,0f,1f], start_interpolation: 0, interpolation_duration: 1 }
$data merge entity $(bone_head) { transformation: [-1.1f,-2.257001340473731e-18f,1.3469223925363174e-16f,-1.552805679133487e-16f,0f,1.0998455991344585f,0.018429814555879588f,0.2895772266818521f,-1.3471114790620887e-16f,0.018429814555879588f,-1.0998455991344585f,1.2679620607465032f,0f,0f,0f,1f], start_interpolation: 0, interpolation_duration: 1 }
$data merge entity $(bone_neck2) { transformation: [-1f,5.5980677132167004e-18f,1.2233666443260917e-16f,-7.882015264296798e-17f,0f,0.9989546742602415f,-0.04571169186996854f,0.26100741926312176f,-1.2246467991473532e-16f,-0.04571169186996854f,-0.9989546742602415f,0.6436153893338523f,0f,0f,0f,1f], start_interpolation: 0, interpolation_duration: 1 }
$data merge entity $(bone_neck1) { transformation: [-1f,-3.1902601267267325e-17f,1.182362967070617e-16f,-1.2312235745245773e-17f,0f,0.9654726308792251f,0.2605045086426483f,0.4075412053746114f,-1.2246467991473532e-16f,0.2605045086426483f,-0.9654726308792251f,0.10053703446428819f,0f,0f,0f,1f], start_interpolation: 0, interpolation_duration: 1 }
$data merge entity $(bone_body3) { transformation: [-1f,-1.666271584830566e-17f,1.2132580816618202e-16f,6.247497461809889e-17f,0f,0.990700406440892f,0.1360614003964808f,0.5544983560249677f,-1.2246467991473532e-16f,0.1360614003964808f,-0.990700406440892f,-0.5101468820364893f,0f,0f,0f,1f], start_interpolation: 0, interpolation_duration: 1 }
$data merge entity $(bone_body2) { transformation: [-1f,-3.453584505145986e-17f,1.1749414127181038e-16f,9.184850993605148e-17f,0f,0.9594124718540429f,0.2820065759001294f,0.625f,-1.2246467991473532e-16f,0.2820065759001294f,-0.9594124718540429f,-0.75f,0f,0f,0f,1f], start_interpolation: 0, interpolation_duration: 1 }
$data merge entity $(bone_tail2) { transformation: [-1f,-5.613038064112521e-17f,1.0884382479360496e-16f,3.0482688860861175e-16f,0f,0.8887772774108116f,0.4583393406180898f,0.6898991374178913f,-1.2246467991473532e-16f,0.4583393406180898f,-0.8887772774108116f,-2.4891004395785306f,0f,0f,0f,1f], start_interpolation: 0, interpolation_duration: 1 }
$data merge entity $(bone_tail1) { transformation: [-1f,-2.0802526113727245e-17f,1.2068493167709991e-16f,2.143131898507868e-16f,0f,0.9854672527713743f,0.16986551655718835f,0.5625f,-1.2246467991473532e-16f,0.16986551655718835f,-0.9854672527713743f,-1.75f,0f,0f,0f,1f], start_interpolation: 0, interpolation_duration: 1 }