# This file was generated by Animated Java via MC-Build. It is not recommended to edit this file directly.
$data merge entity $(bone_left_leg4) { transformation: [-0.8955596205261317f,-0.0035200686539708856f,-0.08922205556790483f,0.512464124077218f,-0.005917870931714364f,0.8996629859187274f,0.02390586897468555f,-0.6205253294598632f,0.08909514513556027f,0.0243745950626999f,-0.8952474150919415f,-0.714248299465319f,0f,0f,0f,1f], start_interpolation: 0, interpolation_duration: 1 }
$data merge entity $(bone_left_leg3) { transformation: [-0.9954113215795547f,-0.08770734653618573f,0.038258623012671696f,0.44429245023678665f,-0.07238321801858943f,0.428662807550861f,-0.9005603073486452f,-0.24274320458742704f,0.06258570619971987f,-0.8991972079506224f,-0.43304435176236566f,-1.361580933443138f,0f,0f,0f,1f], start_interpolation: 0, interpolation_duration: 1 }
$data merge entity $(bone_left_leg2) { transformation: [-0.9988755728609431f,0.0464482198593667f,0.009494883549514818f,0.46751656016647f,0.03615613806087245f,0.6168127692843073f,0.7862790480029004f,0.0656631800547266f,0.03066469667624408f,0.7857382328229423f,-0.6177985965167243f,-0.9687118170316668f,0f,0f,0f,1f], start_interpolation: 0, interpolation_duration: 1 }
$data merge entity $(bone_left_leg1) { transformation: [-0.9537169587565072f,0.09452055081352431f,0.2854642325303588f,0.3125000000000001f,-0.12708376616539033f,0.7336778393438061f,-0.6675077111412455f,0.3125f,-0.2725319778621569f,-0.6728912939916165f,-0.6877089700686103f,-1f,0f,0f,0f,1f], start_interpolation: 0, interpolation_duration: 1 }
$data merge entity $(bone_right_leg4) { transformation: [-0.8993927696670863f,-0.009498573201395188f,-0.031661064064640344f,-0.6268731628745629f,-0.004831399265846561f,0.8905587762155573f,-0.12992968747204264f,-0.6717389600547563f,0.03270020568286238f,-0.1296720602619795f,-0.8900089063238144f,-1.6762105472610072f,0f,0f,0f,1f], start_interpolation: 0, interpolation_duration: 1 }
$data merge entity $(bone_right_leg3) { transformation: [-0.9816473267222646f,0.18138116928934822f,-0.058901590524028255f,-0.4871559364997999f,0.18236293210426338f,0.9831616870373657f,-0.011698638218897647f,0.06636347011194905f,0.055787874429551104f,-0.022225403687438333f,-0.9981952436760871f,-1.6304923972968304f,0f,0f,0f,1f], start_interpolation: 0, interpolation_duration: 1 }
$data merge entity $(bone_right_leg2) { transformation: [-0.9773556276961776f,-0.03687437216678824f,0.20836568260612354f,-0.505593122583194f,0.20105685463796852f,0.14516808343442142f,0.9687633192658894f,0.13894751182915976f,-0.06597058597357935f,0.9887196307494264f,-0.13446699802189577f,-1.136132581922117f,0f,0f,0f,1f], start_interpolation: 0, interpolation_duration: 1 }
$data merge entity $(bone_right_leg1) { transformation: [-0.9537169587565072f,0.11701370955470475f,-0.2770049717179926f,-0.3124999999999999f,0.12708376616539035f,0.9917172308509983f,-0.018618550170409785f,0.3125f,0.2725319778621567f,-0.05295966209743862f,-0.960688084256834f,-1f,0f,0f,0f,1f], start_interpolation: 0, interpolation_duration: 1 }
$data merge entity $(bone_right_wing3) { transformation: [-1.1382027608797833f,0.09738069453833252f,0.24893180076766644f,-2.2260837030873253f,0.2302693605263672f,0.9101436577612064f,0.6968286086380154f,0.6763680629063314f,-0.13574263407264175f,0.7274002258350257f,-0.9052173301073818f,-0.02724539962894143f,0f,0f,0f,1f], start_interpolation: 0, interpolation_duration: 1 }
$data merge entity $(bone_right_wing2) { transformation: [-0.9751888758379327f,0.0832905382891328f,0.20510812434775902f,-1.2132816302880185f,0.19217062132093599f,0.7784536302062526f,0.597562045247046f,0.7359650203414267f,-0.10989589957352687f,0.6221516148417633f,-0.7751453150259707f,-0.23740365457722426f,0f,0f,0f,1f], start_interpolation: 0, interpolation_duration: 1 }
$data merge entity $(bone_right_wing1) { transformation: [-1.0611213119506246f,0.19499439921680098f,0.09802987661613793f,-0.5625f,0.2182487510691256f,0.9471779727800508f,0.4783643816675229f,0.48706922485505333f,0.0003938172967597753f,0.4883054200656219f,-0.9670412466661307f,-0.014490212477214715f,0f,0f,0f,1f], start_interpolation: 0, interpolation_duration: 1 }
$data merge entity $(bone_left_wing3) { transformation: [-1.1382027608797833f,-0.0973806945383327f,-0.24893180076766622f,2.2260837030873253f,-0.2302693605263672f,0.9101436577612064f,0.6968286086380154f,0.6763680629063314f,0.1357426340726415f,0.7274002258350256f,-0.905217330107382f,-0.027245399628940903f,0f,0f,0f,1f], start_interpolation: 0, interpolation_duration: 1 }
$data merge entity $(bone_left_wing2) { transformation: [-0.9751888758379327f,-0.08329053828913295f,-0.20510812434775882f,1.2132816302880185f,-0.19217062132093599f,0.7784536302062526f,0.597562045247046f,0.7359650203414267f,0.10989589957352663f,0.6221516148417632f,-0.775145315025971f,-0.237403654577224f,0f,0f,0f,1f], start_interpolation: 0, interpolation_duration: 1 }
$data merge entity $(bone_left_wing1) { transformation: [-1.0611213119506246f,-0.1949943992168011f,-0.09802987661613768f,0.5625f,-0.2182487510691256f,0.9471779727800508f,0.4783643816675229f,0.48706922485505333f,-0.0003938172967600384f,0.48830542006562183f,-0.9670412466661308f,-0.014490212477214603f,0f,0f,0f,1f], start_interpolation: 0, interpolation_duration: 1 }
$data merge entity $(bone_beak_down) { transformation: [-1.1f,-1.119699428051675e-16f,7.48987668684605e-17f,-2.2246450206628324e-16f,0f,0.6115948444940038f,0.914303968157393f,0.19930949795149283f,-1.3471114790620887e-16f,0.914303968157393f,-0.6115948444940038f,1.8165605154169486f,0f,0f,0f,1f], start_interpolation: 0, interpolation_duration: 1 }
$data merge entity $(bone_beak_up) { transformation: [-1.1f,5.951943149533542e-17f,1.2084920622279882e-16f,-2.2274215798911565e-16f,0f,0.9868086562340972f,-0.48601304095821884f,0.30240957205929636f,-1.3471114790620887e-16f,-0.48601304095821884f,-0.9868086562340972f,1.818827748083753f,0f,0f,0f,1f], start_interpolation: 0, interpolation_duration: 1 }
$data merge entity $(bone_head) { transformation: [-1.1f,-2.9616631768789327e-18f,1.3467858746450824e-16f,-1.5540286425686152e-16f,0f,1.0997341238165708f,0.02418381511257743f,0.31450147961558506f,-1.3471114790620887e-16f,0.02418381511257743f,-1.0997341238165708f,1.2689606861754674f,0f,0f,0f,1f], start_interpolation: 0, interpolation_duration: 1 }
$data merge entity $(bone_neck2) { transformation: [-1f,9.009060734300457e-18f,1.2213285655917601e-16f,-7.906982890737651e-17f,0f,0.9972904566786902f,-0.07356456359966737f,0.26852362736579294f,-1.2246467991473532e-16f,-0.07356456359966737f,-0.9972904566786902f,0.6456541507512861f,0f,0f,0f,1f], start_interpolation: 0, interpolation_duration: 1 }
$data merge entity $(bone_neck1) { transformation: [-1f,-3.035341610166729e-17f,1.186434488607678e-16f,-1.2332888923194626e-17f,0f,0.9687972805168966f,0.24785445177173138f,0.40794175648739184f,-1.2246467991473532e-16f,0.24785445177173138f,-0.9687972805168966f,0.10070568046053174f,0f,0f,0f,1f], start_interpolation: 0, interpolation_duration: 1 }
$data merge entity $(bone_body3) { transformation: [-1f,-1.68742784515353e-17f,1.212965644746735e-16f,6.242282147025536e-17f,0f,0.9904616135780938f,0.1377889401522449f,0.5559636949311758f,-1.2246467991473532e-16f,0.1377889401522449f,-0.9904616135780938f,-0.5097210192662616f,0f,0f,0f,1f], start_interpolation: 0, interpolation_duration: 1 }
$data merge entity $(bone_body2) { transformation: [-1f,-3.381803601099829e-17f,1.1770275386318452e-16f,9.184850993605148e-17f,0f,0.9611159229349537f,0.2761452202752967f,0.625f,-1.2246467991473532e-16f,0.2761452202752967f,-0.9611159229349537f,-0.75f,0f,0f,0f,1f], start_interpolation: 0, interpolation_duration: 1 }
$data merge entity $(bone_tail2) { transformation: [-1f,-5.4510803596353876e-17f,1.0966389614589802e-16f,3.0504821341316036e-16f,0f,0.89547366818131f,0.44511449043353907f,0.6789293319184806f,-1.2246467991473532e-16f,0.44511449043353907f,-0.89547366818131f,-2.4909076937574723f,0f,0f,0f,1f], start_interpolation: 0, interpolation_duration: 1 }
$data merge entity $(bone_tail1) { transformation: [-1f,-1.9011307821444264e-17f,1.209800314164981e-16f,2.143131898507868e-16f,0f,0.987876925009963f,0.15523910922464074f,0.5625f,-1.2246467991473532e-16f,0.15523910922464074f,-0.987876925009963f,-1.75f,0f,0f,0f,1f], start_interpolation: 0, interpolation_duration: 1 }