# This file was generated by Animated Java via MC-Build. It is not recommended to edit this file directly.
$data merge entity $(bone_left_leg4) { transformation: [-0.8957788569186076f,-0.00469062537124329f,-0.08693812472798883f,0.5118320646309193f,-0.006997778815314978f,0.8996642944030231f,0.023562437648994128f,-0.6216591743153548f,0.08678289341364831f,0.02412789692321854f,-0.8954811968996439f,-0.7205160621535995f,0f,0f,0f,1f], start_interpolation: 0, interpolation_duration: 1 }
$data merge entity $(bone_left_leg3) { transformation: [-0.995523080034899f,-0.08568545416192555f,0.03989736912244589f,0.4450743884393223f,-0.07335482449363964f,0.4342142772886652f,-0.8978179276012423f,-0.23988484587377817f,0.05960592958200941f,-0.8967251331058741f,-0.4385557761732457f,-1.3656501759721773f,0f,0f,0f,1f], start_interpolation: 0, interpolation_duration: 1 }
$data merge entity $(bone_left_leg2) { transformation: [-0.9989171875401677f,0.045946304915379765f,0.007306811990506711f,0.46804754089701217f,0.03390081774570347f,0.6112959754986773f,0.7906756382330831f,0.06576314187556048f,0.03186199919989763f,0.7900671917019109f,-0.6121916739087869f,-0.9706165801212219f,0f,0f,0f,1f], start_interpolation: 0, interpolation_duration: 1 }
$data merge entity $(bone_left_leg1) { transformation: [-0.9537169587565072f,0.09238644950590241f,0.2861620284522952f,0.3125000000000001f,-0.12708376616539035f,0.7386414453939119f,-0.6620109753800258f,0.3125f,-0.272531977862157f,-0.6677376424121124f,-0.6927140549667337f,-1f,0f,0f,0f,1f], start_interpolation: 0, interpolation_duration: 1 }
$data merge entity $(bone_right_leg4) { transformation: [-0.8990119081912489f,-0.011649147308245098f,-0.0405201961658676f,-0.6222900989218969f,-0.0039431856592812104f,0.884404830479727f,-0.1667709420462142f,-0.67818406516467f,0.04197666276856728f,-0.16641031575931858f,-0.8834848989041623f,-1.6245965374175058f,0f,0f,0f,1f], start_interpolation: 0, interpolation_duration: 1 }
$data merge entity $(bone_right_leg3) { transformation: [-0.9821284040366741f,0.17470639287604606f,-0.07001052972672075f,-0.48688464615694227f,0.17991397593325187f,0.9806924974516473f,-0.07663671904472363f,0.06212510286436068f,0.055269876499451885f,-0.08786297132632886f,-0.9945980791362127f,-1.6283313859662392f,0f,0f,0f,1f], start_interpolation: 0, interpolation_duration: 1 }
$data merge entity $(bone_right_leg2) { transformation: [-0.9779417531999979f,-0.03685055059989639f,0.20560146951955122f,-0.5053099214568905f,0.197980053966686f,0.15025549238927766f,0.9686212806036238f,0.1372528490589995f,-0.06658697755163956f,0.9879601833714458f,-0.13964544565862957f,-1.1343512942805163f,0f,0f,0f,1f], start_interpolation: 0, interpolation_duration: 1 }
$data merge entity $(bone_right_leg1) { transformation: [-0.9537169587565072f,0.11442324644808288f,-0.27808502881766217f,-0.3124999999999999f,0.12708376616539035f,0.9915002633172859f,-0.02787371914497695f,0.3125f,0.27253197786215677f,-0.06192373142854006f,-0.960151952832731f,-1f,0f,0f,0f,1f], start_interpolation: 0, interpolation_duration: 1 }
$data merge entity $(bone_right_wing3) { transformation: [-1.1394282960536792f,0.08499453185933092f,0.24786014944477122f,-2.219194453456435f,0.22054865652941139f,0.9082464823273279f,0.7024259273543858f,0.6516387555618739f,-0.14148149784280228f,0.731313764994623f,-0.9011763028809116f,-0.020482559665437827f,0f,0f,0f,1f], start_interpolation: 0, interpolation_duration: 1 }
$data merge entity $(bone_right_wing2) { transformation: [-0.9808966872857413f,0.07269654774756076f,0.18043530923143974f,-1.2109754540119406f,0.16915011860099802f,0.7768309598826756f,0.6065656577362663f,0.7368348472256558f,-0.09607250516733165f,0.6254988982511063f,-0.774287544803302f,-0.24346776825416627f,0f,0f,0f,1f], start_interpolation: 0, interpolation_duration: 1 }
$data merge entity $(bone_right_wing1) { transformation: [-1.06060853420154f,0.1932725552875225f,0.10661316833582606f,-0.5625f,0.22054252658510212f,0.9493272016235311f,0.47302216579797424f,0.48771620555480844f,-0.009035610517897493f,0.4848037693143261f,-0.9687593994962328f,-0.014173769387908375f,0f,0f,0f,1f], start_interpolation: 0, interpolation_duration: 1 }
$data merge entity $(bone_left_wing3) { transformation: [-1.1394282960536792f,-0.0849945318593311f,-0.24786014944477103f,2.2191944534564354f,-0.22054865652941139f,0.9082464823273279f,0.7024259273543858f,0.6516387555618739f,0.141481497842802f,0.7313137649946229f,-0.9011763028809116f,-0.020482559665437328f,0f,0f,0f,1f], start_interpolation: 0, interpolation_duration: 1 }
$data merge entity $(bone_left_wing2) { transformation: [-0.9808966872857413f,-0.07269654774756092f,-0.18043530923143958f,1.2109754540119408f,-0.16915011860099802f,0.7768309598826756f,0.6065656577362663f,0.7368348472256558f,0.0960725051673314f,0.6254988982511062f,-0.774287544803302f,-0.243467768254166f,0f,0f,0f,1f], start_interpolation: 0, interpolation_duration: 1 }
$data merge entity $(bone_left_wing1) { transformation: [-1.06060853420154f,-0.1932725552875226f,-0.1066131683358258f,0.5625f,-0.22054252658510212f,0.9493272016235311f,0.47302216579797424f,0.48771620555480844f,0.00903561051789723f,0.484803769314326f,-0.9687593994962328f,-0.014173769387908264f,0f,0f,0f,1f], start_interpolation: 0, interpolation_duration: 1 }
$data merge entity $(bone_beak_down) { transformation: [-1.1f,-1.106958897866748e-16f,7.676922140118935e-17f,-2.2243538936490866e-16f,0f,0.6268682648306356f,0.9039005357605603f,0.22291257083206634f,-1.3471114790620887e-16f,0.9039005357605603f,-0.6268682648306356f,1.8163227921697653f,0f,0f,0f,1f], start_interpolation: 0, interpolation_duration: 1 }
$data merge entity $(bone_beak_up) { transformation: [-1.1f,5.748084194918812e-17f,1.2183204085551936e-16f,-2.227837474861223e-16f,0f,0.9948341100498816f,-0.46936669404769193f,0.3259983317489352f,-1.3471114790620887e-16f,-0.46936669404769193f,-0.9948341100498816f,1.81916735209885f,0f,0f,0f,1f], start_interpolation: 0, interpolation_duration: 1 }
$data merge entity $(bone_head) { transformation: [-1.1f,-3.715819959612341e-18f,1.346598902874803e-16f,-1.5545380234238216e-16f,0f,1.0995814497799343f,0.03034197257690502f,0.3411693180373877f,-1.3471114790620887e-16f,0.03034197257690502f,-1.0995814497799343f,1.269376627208883f,0f,0f,0f,1f], start_interpolation: 0, interpolation_duration: 1 }
$data merge entity $(bone_neck2) { transformation: [-1f,1.2652236075369616e-17f,1.2180935411088796e-16f,-7.93229560230772e-17f,0f,0.9946488587215216f,-0.10331334784999713f,0.2765984756311395f,-1.2246467991473532e-16f,-0.10331334784999713f,-0.9946488587215216f,0.6477210905079319f,0f,0f,0f,1f], start_interpolation: 0, interpolation_duration: 1 }
$data merge entity $(bone_neck1) { transformation: [-1f,-2.8689471855474244e-17f,1.1905675970423743e-16f,-1.2353528689443634e-17f,0f,0.9721722196728834f,0.23426731589425598f,0.40837384082165845f,-1.2246467991473532e-16f,0.23426731589425598f,-0.9721722196728834f,0.10087421694193499f,0f,0f,0f,1f], start_interpolation: 0, interpolation_duration: 1 }
$data merge entity $(bone_body3) { transformation: [-1f,-1.7100671298328635e-17f,1.212648542149171e-16f,6.236821323873401e-17f,0f,0.9902026796570768f,0.1396375780366616f,0.5575349945731393f,-1.2246467991473532e-16f,0.1396375780366616f,-0.9902026796570768f,-0.5092751092164467f,0f,0f,0f,1f], start_interpolation: 0, interpolation_duration: 1 }
$data merge entity $(bone_body2) { transformation: [-1f,-3.3048321180185516e-17f,1.1792118678926988e-16f,9.184850993605148e-17f,0f,0.9628995631342131f,0.2698600217074429f,0.625f,-1.2246467991473532e-16f,0.2698600217074429f,-0.9628995631342131f,-0.75f,0f,0f,0f,1f], start_interpolation: 0, interpolation_duration: 1 }
$data merge entity $(bone_tail2) { transformation: [-1f,-5.2763998235643283e-17f,1.105149687454492e-16f,3.0526301930961423e-16f,0f,0.902423203346418f,0.4308507422089343f,0.6671593239252176f,-1.2246467991473532e-16f,0.4308507422089343f,-0.902423203346418f,-2.492661717012205f,0f,0f,0f,1f], start_interpolation: 0, interpolation_duration: 1 }
$data merge entity $(bone_tail1) { transformation: [-1f,-1.708942747279249e-17f,1.2126643927843657e-16f,2.143131898507868e-16f,0f,0.9902156226829399f,0.13954576523362341f,0.5625f,-1.2246467991473532e-16f,0.13954576523362341f,-0.9902156226829399f,-1.75f,0f,0f,0f,1f], start_interpolation: 0, interpolation_duration: 1 }