# This file was generated by Animated Java via MC-Build. It is not recommended to edit this file directly.
$data merge entity $(bone_left_leg4) { transformation: [-0.896691540286632f,-0.00953269269127283f,-0.0765075770655528f,0.5088708080193615f,-0.011456925229653588f,0.8996536171349798f,0.022183508293995235f,-0.6263992025271823f,0.0762431665309743f,0.023075895345606667f,-0.8964677811340065f,-0.7493299203332543f,0f,0f,0f,1f], start_interpolation: 0, interpolation_duration: 1 }
$data merge entity $(bone_left_leg3) { transformation: [-0.9959502856023793f,-0.07653127981890931f,0.047180417736801664f,0.44852357204662935f,-0.0772273764645015f,0.45955024141073275f,-0.8847878321630265f,-0.22643728195894358f,0.04603217280282832f,-0.8848483140225886f,-0.4635995041395467f,-1.383991186841474f,0f,0f,0f,1f], start_interpolation: 0, interpolation_duration: 1 }
$data merge entity $(bone_left_leg2) { transformation: [-0.9990344509387187f,0.04384839743616975f,-0.002735668081628978f,0.4704477707647142f,0.023487680766104246f,0.5856869081866353f,0.8101969972981939f,0.06640617213437405f,0.03712808491967673f,0.8093504578494164f,-0.5861512959033168f,-0.9793159579167658f,0f,0f,0f,1f], start_interpolation: 0, interpolation_duration: 1 }
$data merge entity $(bone_left_leg1) { transformation: [-0.9537169587565072f,0.08257038052052888f,0.2891471854279994f,0.3125000000000001f,-0.12708376616539033f,0.7607957207768321f,-0.636427205283433f,0.3125f,-0.27253197786215694f,-0.6437173319931315f,-0.715090426123987f,-1f,0f,0f,0f,1f], start_interpolation: 0, interpolation_duration: 1 }
$data merge entity $(bone_right_leg4) { transformation: [-0.8967168304864409f,-0.022084867114999334f,-0.07356075425704009f,-0.5956670307194246f,0.005736231044685536f,0.840324833968537f,-0.32221308022666073f,-0.6686741950878395f,0.07658995740796436f,-0.3215065039159603f,-0.8371185975499428f,-1.3995154010812672f,0f,0f,0f,1f], start_interpolation: 0, interpolation_duration: 1 }
$data merge entity $(bone_right_leg3) { transformation: [-0.984238889337776f,0.1375744242883116f,-0.11111744461100968f,-0.4855413722150028f,0.16864629554427613f,0.9192762244822643f,-0.3556538346494046f,0.04301133793944646f,0.0532187534083038f,-0.3687878806080442f,-0.9279888271969082f,-1.6181070098374934f,0f,0f,0f,1f], start_interpolation: 0, interpolation_duration: 1 }
$data merge entity $(bone_right_leg2) { transformation: [-0.9805288290056214f,-0.036786374849440306f,0.19289888054185575f,-0.503934559639723f,0.1838367971614956f,0.1734228026331958f,0.9675373706148257f,0.12972273925604436f,-0.06904525688465363f,0.984160197402986f,-0.16328336825729714f,-1.1260269111360004f,0f,0f,0f,1f], start_interpolation: 0, interpolation_duration: 1 }
$data merge entity $(bone_right_leg1) { transformation: [-0.9537169587565072f,0.10246204245796327f,-0.28271096978288845f,-0.3124999999999999f,0.12708376616539035f,0.9894100615853789f,-0.07012450649264476f,0.3125f,0.27253197786215677f,-0.10280690584274542f,-0.9566384171428522f,-1f,0f,0f,0f,1f], start_interpolation: 0, interpolation_duration: 1 }
$data merge entity $(bone_right_wing3) { transformation: [-1.143523387516372f,0.03688055733679297f,0.24072734092780418f,-2.1764328099518107f,0.18132678229732352f,0.900423049611525f,0.7234047938233076f,0.5452413380521319f,-0.16257437129308783f,0.744871614572183f,-0.8863923609665466f,0.013846148451450824f,0f,0f,0f,1f], start_interpolation: 0, interpolation_duration: 1 }
$data merge entity $(bone_right_wing2) { transformation: [-0.997436041951139f,0.03154425512723717f,0.06423629959231342f,-1.1996555857577538f,0.06522071501444848f,0.7701395111796523f,0.6345324197020749f,0.7408566395579537f,-0.02945505983442856f,0.6370950425866095f,-0.770222244655214f,-0.2709822845350402f,0f,0f,0f,1f], start_interpolation: 0, interpolation_duration: 1 }
$data merge entity $(bone_right_wing1) { transformation: [-1.0570919161510206f,0.18669007581034827f,0.14599523113170773f,-0.5625f,0.23122326112962782f,0.9588299775198179f,0.44809819106199944f,0.49071152590369f,-0.05199610977615817f,0.46840474049093767f,-0.9754509289374191f,-0.012880692806920002f,0f,0f,0f,1f], start_interpolation: 0, interpolation_duration: 1 }
$data merge entity $(bone_left_wing3) { transformation: [-1.143523387516372f,-0.036880557336793164f,-0.24072734092780396f,2.17643280995181f,-0.18132678229732352f,0.900423049611525f,0.7234047938233076f,0.5452413380521319f,0.16257437129308752f,0.744871614572183f,-0.8863923609665467f,0.013846148451451268f,0f,0f,0f,1f], start_interpolation: 0, interpolation_duration: 1 }
$data merge entity $(bone_left_wing2) { transformation: [-0.997436041951139f,-0.03154425512723734f,-0.06423629959231322f,1.1996555857577538f,-0.06522071501444848f,0.7701395111796523f,0.6345324197020749f,0.7408566395579537f,0.029455059834428324f,0.6370950425866095f,-0.770222244655214f,-0.27098228453504f,0f,0f,0f,1f], start_interpolation: 0, interpolation_duration: 1 }
$data merge entity $(bone_left_wing1) { transformation: [-1.0570919161510206f,-0.1866900758103484f,-0.14599523113170748f,0.5625f,-0.23122326112962782f,0.9588299775198179f,0.44809819106199944f,0.49071152590369f,0.051996109776157914f,0.46840474049093767f,-0.9754509289374192f,-0.012880692806919891f,0f,0f,0f,1f], start_interpolation: 0, interpolation_duration: 1 }
$data merge entity $(bone_beak_down) { transformation: [-1.1f,-1.0448183667680633e-16f,8.503316514660412e-17f,-2.2122867131229547e-16f,0f,0.6943484864844911f,0.8531589414151952f,0.33018712165684916f,-1.3471114790620887e-16f,0.8531589414151952f,-0.6943484864844911f,1.8064691914952413f,0f,0f,0f,1f], start_interpolation: 0, interpolation_duration: 1 }
$data merge entity $(bone_beak_up) { transformation: [-1.1f,4.796734222286889e-17f,1.2588179951955985e-16f,-2.2189994884023008e-16f,0f,1.0279028990824428f,-0.3916830734891531f,0.4331663424347899f,-1.3471114790620887e-16f,-0.3916830734891531f,-1.0279028990824428f,1.8119505884858023f,0f,0f,0f,1f], start_interpolation: 0, interpolation_duration: 1 }
$data merge entity $(bone_head) { transformation: [-1.1f,-7.160293631302526e-18f,1.3452071797802006e-16f,-1.5463958985122005e-16f,0f,1.0984450216313684f,0.05846823456598094f,0.4624004597177804f,-1.3471114790620887e-16f,0.05846823456598094f,-1.0984450216313684f,1.262728077670118f,0f,0f,0f,1f], start_interpolation: 0, interpolation_duration: 1 }
$data merge entity $(bone_neck2) { transformation: [-1f,2.910812672397302e-17f,1.1895509566739756e-16f,-8.029265505909657e-17f,0f,0.9713420698132614f,-0.23768589232617304f,0.3138467770139222f,-1.2246467991473532e-16f,-0.23768589232617304f,-0.9713420698132614f,0.6556392840368297f,0f,0f,0f,1f], start_interpolation: 0, interpolation_duration: 1 }
$data merge entity $(bone_neck1) { transformation: [-1f,-2.10190515554302e-17f,1.2064740899964965e-16f,-1.242848749679365e-17f,0f,0.9851608568580678f,0.17163358096444198f,0.41039066630642085f,-1.2246467991473532e-16f,0.17163358096444198f,-0.9851608568580678f,0.10148630205416653f,0f,0f,0f,1f], start_interpolation: 0, interpolation_duration: 1 }
$data merge entity $(bone_body3) { transformation: [-1f,-1.8134461771644112e-17f,1.2111457023360713e-16f,6.213471503848305e-17f,0f,0.9889755178222146f,0.14807911786704564f,0.5647510848372128f,-1.2246467991473532e-16f,0.14807911786704564f,-0.9889755178222146f,-0.5073684517180272f,0f,0f,0f,1f], start_interpolation: 0, interpolation_duration: 1 }
$data merge entity $(bone_body2) { transformation: [-1f,-2.951345644248308e-17f,1.1885517959027376e-16f,9.184850993605148e-17f,0f,0.970526193127891f,0.24099566065114858f,0.625f,-1.2246467991473532e-16f,0.24099566065114858f,-0.970526193127891f,-0.75f,0f,0f,0f,1f], start_interpolation: 0, interpolation_duration: 1 }
$data merge entity $(bone_tail2) { transformation: [-1f,-4.461921277034933e-17f,1.140470239785891e-16f,3.0595256685088364e-16f,0f,0.931264623056975f,0.36434352175186313f,0.6130829396727481f,-1.2246467991473532e-16f,0.36434352175186313f,-0.931264623056975f,-2.498292299983144f,0f,0f,0f,1f], start_interpolation: 0, interpolation_duration: 1 }
$data merge entity $(bone_tail1) { transformation: [-1f,-8.259498021559274e-18f,1.2218583600012908e-16f,2.143131898507868e-16f,0f,0.9977230666441916f,0.06744391956366405f,0.5625f,-1.2246467991473532e-16f,0.06744391956366405f,-0.9977230666441916f,-1.75f,0f,0f,0f,1f], start_interpolation: 0, interpolation_duration: 1 }