# This file was generated by Animated Java via MC-Build. It is not recommended to edit this file directly.
$data merge entity $(bone_left_leg4) { transformation: [-0.8973606308761547f,-0.013014115882998441f,-0.06763527882202913f,0.506245379154002f,-0.014648154530120652f,0.8996300123671778f,0.021243173423316997f,-0.6298634019052995f,0.06730029511385108f,0.022281688356480145f,-0.8972035424816234f,-0.77415099481829f,0f,0f,0f,1f], start_interpolation: 0, interpolation_duration: 1 }
$data merge entity $(bone_left_leg3) { transformation: [-0.9962129684457782f,-0.06882497237498245f,0.05313044963139104f,0.4513059967708033f,-0.07979896425427035f,0.48111995544104225f,-0.873015299854679f,-0.21445997908360045f,0.03452313433621796f,-0.8739489182177601f,-0.48479010049877386f,-1.3993133022004367f,0f,0f,0f,1f], start_interpolation: 0, interpolation_duration: 1 }
$data merge entity $(bone_left_leg2) { transformation: [-0.9990398208223275f,0.04231224102628223f,-0.01136268764974373f,0.47246211728394444f,0.014462046280481533f,0.5633136838897441f,0.8261165430857482f,0.0671968628612716f,0.04135559972570893f,0.8251589954680854f,-0.5633847234079283f,-0.986733804466394f,0f,0f,0f,1f], start_interpolation: 0, interpolation_duration: 1 }
$data merge entity $(bone_left_leg1) { transformation: [-0.9537169587565072f,0.07411031944513533f,0.2914303057885004f,0.3125000000000001f,-0.12708376616539035f,0.7790165452192908f,-0.6139893636308541f,0.3125f,-0.272531977862157f,-0.6226081294251954f,-0.7335430718207351f,-1f,0f,0f,0f,1f], start_interpolation: 0, interpolation_duration: 1 }
$data merge entity $(bone_right_leg4) { transformation: [-0.894884538507532f,-0.029457241112238304f,-0.09118077476210223f,-0.5694955104598121f,0.017307327804885725f,0.7926410726328633f,-0.4259349555738275f,-0.6225841112484574f,0.09424499532821884f,-0.42526744634580216f,-0.7875693492855752f,-1.2385995607988818f,0f,0f,0f,1f], start_interpolation: 0, interpolation_duration: 1 }
$data merge entity $(bone_right_leg3) { transformation: [-0.9859247158035327f,0.10264838688286101f,-0.13196879721384894f,-0.48426117047180073f,0.1589369149954224f,0.8203750878727185f,-0.5492938851376077f,0.027028072477182127f,0.05187978237677331f,-0.5625371311017399f,-0.8251426933036264f,-1.60893099079371f,0f,0f,0f,1f], start_interpolation: 0, interpolation_duration: 1 }
$data merge entity $(bone_right_leg2) { transformation: [-0.9826170822467784f,-0.036789285073714095f,0.18196213391965113f,-0.5026558130086578f,0.1716638434549572f,0.1930981595558469f,0.9660458713883191f,0.12357715225510557f,-0.0706766901255286f,0.9804894947320495f,-0.18342616005627527f,-1.1186862434276852f,0f,0f,0f,1f], start_interpolation: 0, interpolation_duration: 1 }
$data merge entity $(bone_right_leg1) { transformation: [-0.9537169587565072f,0.09209805496437298f,-0.2862549752441309f,-0.3124999999999999f,0.12708376616539033f,0.9861998439063752f,-0.10611118817665528f,0.3125f,0.27253197786215666f,-0.13757840001548388f,-0.9522596835379099f,-1f,0f,0f,0f,1f], start_interpolation: 0, interpolation_duration: 1 }
$data merge entity $(bone_right_wing3) { transformation: [-1.1457332193264333f,0.00690484325448238f,0.2328159772182325f,-2.1262449570896775f,0.15468577479476478f,0.8962735312891551f,0.7346574944579097f,0.4650085572569484f,-0.17413577227150326f,0.750734071577054f,-0.8792216174351654f,0.047899246163739084f,0f,0f,0f,1f], start_interpolation: 0, interpolation_duration: 1 }
$data merge entity $(bone_right_wing2) { transformation: [-0.9992829575831172f,0.00590577130502537f,-0.037399098240878365f,-1.1889967718036256f,-0.019490925532892042f,0.7665903927804735f,0.641840535895444f,0.7443335633630103f,0.03246035282940388f,0.6421092520451424f,-0.7659256060037545f,-0.29419680506581175f,0f,0f,0f,1f], start_interpolation: 0, interpolation_duration: 1 }
$data merge entity $(bone_right_wing1) { transformation: [-1.0525697827509353f,0.1827533280519626f,0.17974755808269458f,-0.5625f,0.24058243424594583f,0.9665079807143406f,0.42613791976177623f,0.49331672937728854f,-0.08847630125098518f,0.4539544640297424f,-0.9796470792155333f,-0.011975980222178828f,0f,0f,0f,1f], start_interpolation: 0, interpolation_duration: 1 }
$data merge entity $(bone_left_wing3) { transformation: [-1.1457332193264333f,-0.00690484325448255f,-0.23281597721823227f,2.1262449570896775f,-0.15468577479476478f,0.8962735312891551f,0.7346574944579097f,0.4650085572569484f,0.17413577227150298f,0.750734071577054f,-0.8792216174351654f,0.04789924616373953f,0f,0f,0f,1f], start_interpolation: 0, interpolation_duration: 1 }
$data merge entity $(bone_left_wing2) { transformation: [-0.9992829575831171f,-0.005905771305025516f,0.03739909824087856f,1.1889967718036258f,0.019490925532892042f,0.7665903927804735f,0.641840535895444f,0.7443335633630103f,-0.0324603528294041f,0.6421092520451424f,-0.7659256060037544f,-0.2941968050658115f,0f,0f,0f,1f], start_interpolation: 0, interpolation_duration: 1 }
$data merge entity $(bone_left_wing1) { transformation: [-1.0525697827509353f,-0.18275332805196273f,-0.17974755808269433f,0.5625f,-0.24058243424594583f,0.9665079807143406f,0.42613791976177623f,0.49331672937728854f,0.08847630125098493f,0.45395446402974227f,-0.9796470792155333f,-0.011975980222178717f,0f,0f,0f,1f], start_interpolation: 0, interpolation_duration: 1 }
$data merge entity $(bone_beak_down) { transformation: [-1.1f,-9.868582092110843e-17f,9.16962492108341e-17f,-2.1882172698490056e-16f,0f,0.7487566968261918f,0.8058308811145986f,0.4201156092891059f,-1.3471114790620887e-16f,0.8058308811145986f,-0.7487566968261918f,1.7868149995349905f,0f,0f,0f,1f], start_interpolation: 0, interpolation_duration: 1 }
$data merge entity $(bone_beak_up) { transformation: [-1.1f,3.961630330558469e-17f,1.2875419170888533e-16f,-2.197684571902301e-16f,0f,1.0513577612625047f,-0.32349166578614424f,0.5229504421467087f,-1.3471114790620887e-16f,-0.32349166578614424f,-1.0513577612625047f,1.7945456383280587f,0f,0f,0f,1f], start_interpolation: 0, interpolation_duration: 1 }
$data merge entity $(bone_head) { transformation: [-1.1f,-1.0098455523515092e-17f,1.343321054932441e-16f,-1.5260240444360804e-16f,0f,1.0969048838144302f,0.08246014712606148f,0.5641805157097395f,-1.3471114790620887e-16f,0.08246014712606148f,-1.0969048838144302f,1.2460931964208437f,0f,0f,0f,1f], start_interpolation: 0, interpolation_duration: 1 }
$data merge entity $(bone_neck2) { transformation: [-1f,4.2745355358751694e-17f,1.1476250442488875e-16f,-8.087583917805256e-17f,0f,0.9371069642675006f,-0.3490423148005831f,0.3460290689593751f,-1.2246467991473532e-16f,-0.3490423148005831f,-0.9371069642675006f,0.6604013437536559f,0f,0f,0f,1f], start_interpolation: 0, interpolation_duration: 1 }
$data merge entity $(bone_neck1) { transformation: [-1f,-1.4398740013094628e-17f,1.2161527088591252e-16f,-1.2467249304726765e-17f,0f,0.9930640489207649f,0.11757463476913993f,0.4121648010170163f,-1.2246467991473532e-16f,0.11757463476913993f,-0.9930640489207649f,0.10180281623572562f,0f,0f,0f,1f], start_interpolation: 0, interpolation_duration: 1 }
$data merge entity $(bone_body3) { transformation: [-1f,-1.901633911330383e-17f,1.209792406710606e-16f,6.195625492010462e-17f,0f,0.9878704680834595f,0.15528019284044797f,0.5709568257975125f,-1.2246467991473532e-16f,0.15528019284044797f,-0.9878704680834595f,-0.5059112142639085f,0f,0f,0f,1f], start_interpolation: 0, interpolation_duration: 1 }
$data merge entity $(bone_body2) { transformation: [-1f,-2.647352012113565e-17f,1.1956902006378743e-16f,9.184850993605148e-17f,0f,0.976355142944366f,0.21617269680995f,0.625f,-1.2246467991473532e-16f,0.21617269680995f,-0.976355142944366f,-0.75f,0f,0f,0f,1f], start_interpolation: 0, interpolation_duration: 1 }
$data merge entity $(bone_tail2) { transformation: [-1f,-3.7475749042516904e-17f,1.165897339405184e-16f,3.061602753158992e-16f,0f,0.9520274255539861f,0.30601271377681283f,0.5666770080916542f,-1.2246467991473532e-16f,0.30601271377681283f,-0.9520274255539861f,-2.4999883683120707f,0f,0f,0f,1f], start_interpolation: 0, interpolation_duration: 1 }
$data merge entity $(bone_tail1) { transformation: [-1f,-6.820479452609316e-19f,1.2246278062014983e-16f,2.143131898507868e-16f,0f,0.999984491082761f,0.0055693441222056835f,0.5625f,-1.2246467991473532e-16f,0.0055693441222056835f,-0.999984491082761f,-1.75f,0f,0f,0f,1f], start_interpolation: 0, interpolation_duration: 1 }