# This file was generated by Animated Java via MC-Build. It is not recommended to edit this file directly.
$data merge entity $(bone_left_leg4) { transformation: [-0.8989265291020638f,-0.020327296425592854f,-0.038960188610201334f,0.496915311975871f,-0.021187922529257372f,0.8995384042935339f,0.01953794103630274f,-0.6373292651011534f,0.038498924860449854f,0.02043184331062492f,-0.8989440319416557f,-0.8573582335235281f,0f,0f,0f,1f], start_interpolation: 0, interpolation_duration: 1 }
$data merge entity $(bone_left_leg3) { transformation: [-0.9965024518137072f,-0.044109489475329215f,0.07097335040348567f,0.45939736046915625f,-0.08352507329048156f,0.5515319092349684f,-0.8299615143050015f,-0.1718077385308645f,-0.00253488877267217f,-0.8329867382100736f,-0.5532871481473736f,-1.4475178404218725f,0f,0f,0f,1f], start_interpolation: 0, interpolation_duration: 1 }
$data merge entity $(bone_left_leg2) { transformation: [-0.998437416952603f,0.038927020434040394f,-0.040092536825970554f,0.47886087068617644f,-0.016116929669629465f,0.4863754187707052f,0.8736012801007363f,0.0713799708544881f,0.05350671926999653f,0.8728823741465679f,-0.4849880327360801f,-1.0110766533485886f,0f,0f,0f,1f], start_interpolation: 0, interpolation_duration: 1 }
$data merge entity $(bone_left_leg1) { transformation: [-0.9537169587565072f,0.04575734607879271f,0.2972040172340616f,0.3125000000000001f,-0.1270837661653903f,0.8344217311679354f,-0.5362742683850549f,0.3125f,-0.27253197786215694f,-0.5492236701331535f,-0.789987139900397f,-1f,0f,0f,0f,1f], start_interpolation: 0, interpolation_duration: 1 }
$data merge entity $(bone_right_leg4) { transformation: [-0.8950567915032959f,-0.022647136933406198f,-0.09143548092805873f,-0.5060509078861348f,0.03383336796768274f,0.7380183555144244f,-0.513988531132503f,-0.472971529072787f,0.08791270212994953f,-0.5146027731294347f,-0.7331134582666633f,-0.9729037517505216f,0f,0f,0f,1f], start_interpolation: 0, interpolation_duration: 1 }
$data merge entity $(bone_right_leg3) { transformation: [-0.9906964477926435f,0.02466524593585992f,-0.1338363701463901f,-0.47918720030009054f,0.12649993062611942f,0.5295421233529556f,-0.8387984901908384f,-0.02339003092114289f,0.05018282457798658f,-0.8479249761846662f,-0.5277356524621095f,-1.5758640056101394f,0f,0f,0f,1f], start_interpolation: 0, interpolation_duration: 1 }
$data merge entity $(bone_right_leg2) { transformation: [-0.9886861186105695f,-0.03717172966719806f,0.14532040937292845f,-0.4977730651336896f,0.13105024512885827f,0.25728040510153094f,0.9574093306430945f,0.10525017162962258f,-0.07297665461250546f,0.965621590305613f,-0.2494982008296377f,-1.093053210457333f,0f,0f,0f,1f], start_interpolation: 0, interpolation_duration: 1 }
$data merge entity $(bone_right_leg1) { transformation: [-0.9537169587565072f,0.057071445574542225f,-0.29524026263413117f,-0.3124999999999999f,0.12708376616539033f,0.9663321570837776f,-0.22372277166849547f,0.3125f,0.27253197786215677f,-0.25088844589945836f,-0.9288602202466717f,-1f,0f,0f,0f,1f], start_interpolation: 0, interpolation_duration: 1 }
$data merge entity $(bone_right_wing3) { transformation: [-1.149929762718756f,-0.023125735401503155f,0.2099578699460631f,-1.8891553869573046f,0.11290345483915065f,0.9149031422126928f,0.7191388017839727f,0.29399300487030267f,-0.17852147398991555f,0.7275802407350298f,-0.8976149745815222f,0.1885302278226338f,0f,0f,0f,1f], start_interpolation: 0, interpolation_duration: 1 }
$data merge entity $(bone_right_wing2) { transformation: [-0.9320965700495435f,-0.019779638654816217f,-0.36166939322613606f,-1.1476790346269512f,-0.23958965655507564f,0.7825244578361275f,0.5746757950010564f,0.7558139379935382f,0.27164826628141314f,0.6223055831205118f,-0.7341273599610237f,-0.36862376596100405f,0f,0f,0f,1f], start_interpolation: 0, interpolation_duration: 1 }
$data merge entity $(bone_right_wing1) { transformation: [-1.0278071294618785f,0.18088874094008206f,0.2906937893033773f,-0.5625f,0.2727243217695512f,0.9886203053460767f,0.349088022257825f,0.5021801132725942f,-0.20699048300292155f,0.40437639195389896f,-0.9834865452499466f,-0.01030598745916228f,0f,0f,0f,1f], start_interpolation: 0, interpolation_duration: 1 }
$data merge entity $(bone_left_wing3) { transformation: [-1.149929762718756f,0.023125735401502943f,-0.20995786994606278f,1.8891553869573046f,-0.11290345483915065f,0.9149031422126928f,0.7191388017839727f,0.29399300487030267f,0.1785214739899153f,0.7275802407350298f,-0.8976149745815222f,0.188530227822634f,0f,0f,0f,1f], start_interpolation: 0, interpolation_duration: 1 }
$data merge entity $(bone_left_wing2) { transformation: [-0.9320965700495434f,0.019779638654816037f,0.3616693932261362f,1.1476790346269512f,0.23958965655507564f,0.7825244578361275f,0.5746757950010564f,0.7558139379935382f,-0.2716482662814133f,0.6223055831205118f,-0.7341273599610236f,-0.3686237659610038f,0f,0f,0f,1f], start_interpolation: 0, interpolation_duration: 1 }
$data merge entity $(bone_left_wing1) { transformation: [-1.0278071294618785f,-0.1808887409400822f,-0.2906937893033771f,0.5625f,-0.2727243217695512f,0.9886203053460767f,0.349088022257825f,0.5021801132725942f,0.20699048300292133f,0.40437639195389885f,-0.9834865452499466f,-0.01030598745916217f,0f,0f,0f,1f], start_interpolation: 0, interpolation_duration: 1 }
$data merge entity $(bone_beak_down) { transformation: [-1.1f,-7.667500824673176e-17f,1.1076116864936054e-16f,-2.023946080986357e-16f,0f,0.9044335781261733f,0.6260989560428026f,0.6929965186598684f,-1.3471114790620887e-16f,0.6260989560428026f,-0.9044335781261733f,1.6526773943274975f,0f,0f,0f,1f], start_interpolation: 0, interpolation_duration: 1 }
$data merge entity $(bone_beak_up) { transformation: [-1.1f,1.1021920652370772e-17f,1.3425948992656465e-16f,-2.0424728340537178e-16f,0f,1.0963119327143251f,-0.09000081215289735f,0.795005841375168f,-1.3471114790620887e-16f,-0.09000081215289735f,-1.0963119327143251f,1.6678056362665281f,0f,0f,0f,1f], start_interpolation: 0, interpolation_duration: 1 }
$data merge entity $(bone_head) { transformation: [-1.1f,-1.976186993851815e-17f,1.332537499162465e-16f,-1.3762040844724853e-16f,0f,1.0880994422965298f,0.16136791401632794f,0.875689798383332f,-1.3471114790620887e-16f,0.16136791401632794f,-1.0880994422965298f,1.1237559151182632f,0f,0f,0f,1f], start_interpolation: 0, interpolation_duration: 1 }
$data merge entity $(bone_neck2) { transformation: [-1f,8.272017861572134e-17f,9.030487183093574e-17f,-8.11798635529137e-17f,0f,0.7373952383153209f,-0.6754615181562095f,0.45352634953570115f,-1.2246467991473532e-16f,-0.6754615181562095f,-0.7373952383153209f,0.6628838911711876f,0f,0f,0f,1f], start_interpolation: 0, interpolation_duration: 1 }
$data merge entity $(bone_neck1) { transformation: [-1f,7.666288924440895e-18f,1.2222448952949473e-16f,-1.2428588192572908e-17f,0f,0.9980386966641501f,-0.06259999968789756f,0.4183138497112588f,-1.2246467991473532e-16f,-0.06259999968789756f,-0.9980386966641501f,0.1014871242976032f,0f,0f,0f,1f], start_interpolation: 0, interpolation_duration: 1 }
$data merge entity $(bone_body3) { transformation: [-1f,-2.1921928311689682e-17f,1.2048662533956087e-16f,6.150543212517202e-17f,0f,0.9838479586395716f,0.17900612917089712f,0.5916831778580427f,-1.2246467991473532e-16f,0.17900612917089712f,-0.9838479586395716f,-0.502229966778948f,0f,0f,0f,1f], start_interpolation: 0, interpolation_duration: 1 }
$data merge entity $(bone_body2) { transformation: [-1f,-1.632053583756386e-17f,1.2137231124351785e-16f,9.184850993605148e-17f,0f,0.9910801328842078f,0.13326728856782913f,0.625f,-1.2246467991473532e-16f,0.13326728856782913f,-0.9910801328842078f,-0.75f,0f,0f,0f,1f], start_interpolation: 0, interpolation_duration: 1 }
$data merge entity $(bone_tail2) { transformation: [-1f,-1.301160300300854e-17f,1.217714909735061e-16f,3.0434933950816384e-16f,0f,0.9943396827418988f,0.10624780150544402f,0.4142449649983103f,-1.2246467991473532e-16f,0.10624780150544402f,-0.9943396827418988f,-2.4852009552473717f,0f,0f,0f,1f], start_interpolation: 0, interpolation_duration: 1 }
$data merge entity $(bone_tail1) { transformation: [-1f,2.4208007209639746e-17f,1.2004819954316937e-16f,2.143131898507868e-16f,0f,0.9802679403298289f,-0.19767338000225293f,0.5625f,-1.2246467991473532e-16f,-0.19767338000225293f,-0.9802679403298289f,-1.75f,0f,0f,0f,1f], start_interpolation: 0, interpolation_duration: 1 }