# This file was generated by Animated Java via MC-Build. It is not recommended to edit this file directly.
$data merge entity $(bone_left_leg4) { transformation: [-0.8994878339151361f,-0.02175674413618206f,-0.021172640913431892f,0.4902651178581034f,-0.022214875295390145f,0.8995158760457782f,0.019434198136463132f,-0.6387671920373164f,0.02069144640344618f,0.019945747070234054f,-0.8995410114161244f,-0.9123784657925051f,0f,0f,0f,1f], start_interpolation: 0, interpolation_duration: 1 }
$data merge entity $(bone_left_leg3) { transformation: [-0.9962981858043276f,-0.028619537685894755f,0.08106076131921659f,0.46373416701123127f,-0.08210020005851672f,0.5963254436711523f,-0.7985333570870763f,-0.1416147744660099f,-0.02548493895140547f,-0.8022324396912968f,-0.5964676274481238f,-1.47677356884547f,0f,0f,0f,1f], start_interpolation: 0, interpolation_duration: 1 }
$data merge entity $(bone_left_leg2) { transformation: [-0.9975352129586577f,0.038126835737534504f,-0.05890537585117867f,0.4827975848799985f,-0.0365676124712411f,0.43400525986122496f,0.9001678977451618f,0.07538785546460258f,0.059885796527045565f,0.9001032045323658f,-0.4315413219668398f,-1.026721966579287f,0f,0f,0f,1f], start_interpolation: 0, interpolation_duration: 1 }
$data merge entity $(bone_left_leg1) { transformation: [-0.9537169587565072f,0.027044662767181246f,0.2994871429561681f,0.3125000000000001f,-0.12708376616539033f,0.8663849216974838f,-0.4829356932682293f,0.3125f,-0.2725319778621569f,-0.49864391470372355f,-0.8228490550346925f,-1f,0f,0f,0f,1f], start_interpolation: 0, interpolation_duration: 1 }
$data merge entity $(bone_right_leg4) { transformation: [-0.8979320482475823f,0.00031715369287495243f,-0.060974881249880694f,-0.4914978121316502f,0.025116544637236206f,0.8220145081369759f,-0.3655971930934538f,-0.5024759976874351f,0.055562540577152f,-0.3664587941718159f,-0.8201345964283857f,-0.9479382077952001f,0f,0f,0f,1f], start_interpolation: 0, interpolation_duration: 1 }
$data merge entity $(bone_right_leg3) { transformation: [-0.9931181851592149f,0.012006014982235746f,-0.11649946742502341f,-0.47521208418090943f,0.10526536511573464f,0.5275367793918828f,-0.8429852604262377f,-0.05413683436688316f,0.05133686017978501f,-0.8494473509247567f,-0.5251701865050937f,-1.5522005843321993f,0f,0f,0f,1f], start_interpolation: 0, interpolation_duration: 1 }
$data merge entity $(bone_right_leg2) { transformation: [-0.9919247023742082f,-0.037723511599276616f,0.12108807328741321f,-0.49407383998054777f,0.10446847446628844f,0.29834024506441126f,0.9487251635840562f,0.09503328816532247f,-0.07191469017193305f,0.9537138118154349f,-0.2919901410834766f,-1.0753436784244819f,0f,0f,0f,1f], start_interpolation: 0, interpolation_duration: 1 }
$data merge entity $(bone_right_leg1) { transformation: [-0.9537169587565072f,0.03378012120383286f,-0.2988023861880843f,-0.3124999999999999f,0.12708376616539035f,0.9458490778448049f,-0.29869589605040214f,0.3125f,0.27253197786215677f,-0.32284427415022654f,-0.9063652109889005f,-1f,0f,0f,0f,1f], start_interpolation: 0, interpolation_duration: 1 }
$data merge entity $(bone_right_wing3) { transformation: [-1.1503341517985444f,0.006088372124697308f,0.2089254338450861f,-1.695169477727412f,0.12431470399374762f,0.959423252945336f,0.6565123319902673f,0.27448758382181215f,-0.1680260680770491f,0.6681508208550097f,-0.9446148882025448f,0.29187414508024345f,0f,0f,0f,1f], start_interpolation: 0, interpolation_duration: 1 }
$data merge entity $(bone_right_wing2) { transformation: [-0.8392664501236221f,0.005207436586632433f,-0.5436954186868695f,-1.1161199062948755f,-0.3071303339961695f,0.8206028881163101f,0.48195628220262055f,0.7630159230567258f,0.44866778760715104f,0.5714750936124573f,-0.6871051111324511f,-0.41489879138038066f,0f,0f,0f,1f], start_interpolation: 0, interpolation_duration: 1 }
$data merge entity $(bone_right_wing1) { transformation: [-1.0037264297024915f,0.18883493865645767f,0.3612280877373913f,-0.5625f,0.2943369506535376f,0.9999362411731588f,0.29513451878691177f,0.5081172000373089f,-0.28197539769947594f,0.37159116060829117f,-0.9777632615112498f,-0.010315190183886325f,0f,0f,0f,1f], start_interpolation: 0, interpolation_duration: 1 }
$data merge entity $(bone_left_wing3) { transformation: [-1.1503341517985444f,-0.006088372124697519f,-0.2089254338450859f,1.6951694777274118f,-0.12431470399374762f,0.959423252945336f,0.6565123319902673f,0.27448758382181215f,0.16802606807704884f,0.6681508208550097f,-0.9446148882025451f,0.29187414508024395f,0f,0f,0f,1f], start_interpolation: 0, interpolation_duration: 1 }
$data merge entity $(bone_left_wing2) { transformation: [-0.839266450123622f,-0.005207436586632613f,0.5436954186868697f,1.1161199062948755f,0.3071303339961695f,0.8206028881163101f,0.48195628220262055f,0.7630159230567258f,-0.4486677876071513f,0.5714750936124573f,-0.6871051111324511f,-0.4148987913803804f,0f,0f,0f,1f], start_interpolation: 0, interpolation_duration: 1 }
$data merge entity $(bone_left_wing1) { transformation: [-1.0037264297024915f,-0.1888349386564578f,-0.36122808773739107f,0.5625f,-0.2943369506535376f,0.9999362411731588f,0.29513451878691177f,0.5081172000373089f,0.2819753976994757f,0.37159116060829117f,-0.9777632615112499f,-0.010315190183886214f,0f,0f,0f,1f], start_interpolation: 0, interpolation_duration: 1 }
$data merge entity $(bone_beak_down) { transformation: [-1.1f,-6.033916272418398e-17f,1.2044201431374736e-16f,-1.8553017137260353e-16f,0f,0.9834836819693955f,0.4927066544100265f,0.8393073786744544f,-1.3471114790620887e-16f,0.4927066544100265f,-0.9834836819693955f,1.5149688179626724f,0f,0f,0f,1f], start_interpolation: 0, interpolation_duration: 1 }
$data merge entity $(bone_beak_up) { transformation: [-1.1f,-7.965759394647227e-18f,1.3447542544076615e-16f,-1.8796805261892207e-16f,0f,1.0980751799979651f,0.06504536165197439f,0.9404927753375016f,-1.3471114790620887e-16f,0.06504536165197439f,-1.0980751799979651f,1.5348756290368195f,0f,0f,0f,1f], start_interpolation: 0, interpolation_duration: 1 }
$data merge entity $(bone_head) { transformation: [-1.1f,-2.6004066627397742e-17f,1.3217746362011314e-16f,-1.218793208088655e-16f,0f,1.0793108977391705f,0.21233931812423634f,1.0466624343996198f,-1.3471114790620887e-16f,0.21233931812423634f,-1.0793108977391705f,0.9952201801672341f,0f,0f,0f,1f], start_interpolation: 0, interpolation_duration: 1 }
$data merge entity $(bone_neck2) { transformation: [-1f,1.0254423969969676e-16f,6.694980755035597e-17f,-8.003569108989301e-17f,0f,0.5466866658776152f,-0.8373372614135935f,0.5233266460161239f,-1.2246467991473532e-16f,-0.8373372614135935f,-0.5466866658776152f,0.6535410139937247f,0f,0f,0f,1f], start_interpolation: 0, interpolation_duration: 1 }
$data merge entity $(bone_neck1) { transformation: [-1f,2.1949528145428416e-17f,1.2048160042434536e-16f,-1.2264790851198754e-17f,0f,0.9838069270930146f,-0.17923149891634496f,0.4225089278756799f,-1.2246467991473532e-16f,-0.17923149891634496f,-0.9838069270930146f,0.10014961750390394f,0f,0f,0f,1f], start_interpolation: 0, interpolation_duration: 1 }
$data merge entity $(bone_body3) { transformation: [-1f,-2.3807814340245967e-17f,1.2012820569274707e-16f,6.132734931050279e-17f,0f,0.9809212401190697f,0.194405557233497f,0.6053199786540574f,-1.2246467991473532e-16f,0.194405557233497f,-0.9809212401190697f,-0.5007758102434211f,0f,0f,0f,1f], start_interpolation: 0, interpolation_duration: 1 }
$data merge entity $(bone_body2) { transformation: [-1f,-9.64043005938407e-18f,1.2208464250219476e-16f,9.184850993605148e-17f,0f,0.9968967590263156f,0.07872008538377036f,0.625f,-1.2246467991473532e-16f,0.07872008538377036f,-0.9968967590263156f,-0.75f,0f,0f,0f,1f], start_interpolation: 0, interpolation_duration: 1 }
$data merge entity $(bone_tail2) { transformation: [-1f,3.280534773442584e-18f,1.2242073320405662e-16f,3.0113937926170095e-16f,0f,0.9996411478745602f,-0.02678759929578567f,0.31789074141957674f,-1.2246467991473532e-16f,-0.02678759929578567f,-0.9996411478745602f,-2.458989640697758f,0f,0f,0f,1f], start_interpolation: 0, interpolation_duration: 1 }
$data merge entity $(bone_tail1) { transformation: [-1f,3.994132607497634e-17f,1.1576825254788548e-16f,2.143131898507868e-16f,0f,0.9453195209303437f,-0.326145678107231f,0.5625f,-1.2246467991473532e-16f,-0.326145678107231f,-0.9453195209303437f,-1.75f,0f,0f,0f,1f], start_interpolation: 0, interpolation_duration: 1 }