# This file was generated by Animated Java via MC-Build. It is not recommended to edit this file directly.
$data merge entity $(bone_left_leg4) { transformation: [-0.8997710104166051f,-0.020247231923737716f,-0.001475944886427355f,0.48177238355315266f,-0.020275227226228584f,0.8995458013533212f,0.02015605190846642f,-0.6368151950298541f,0.0010217508532856037f,0.02018417367737313f,-0.8997730575862759f,-0.978043348907661f,0f,0f,0f,1f], start_interpolation: 0, interpolation_duration: 1 }
$data merge entity $(bone_left_leg3) { transformation: [-0.9957561173679773f,-0.010900337130777718f,0.09138346335462628f,0.46788566424540523f,-0.076653804407902f,0.647745033462968f,-0.7579911384006109f,-0.10363197378258995f,-0.0509308255778956f,-0.7617792030992279f,-0.6458316318758781f,-1.5090132742398394f,0f,0f,0f,1f], start_interpolation: 0, interpolation_duration: 1 }
$data merge entity $(bone_left_leg2) { transformation: [-0.9959541413352786f,0.03861682131564498f,-0.08114240240825632f,0.48719407490322775f,-0.0611734094473437f,0.3700863813581276f,0.926981059304792f,0.08141121689647385f,0.06582676001213711f,0.9281943823600325f,-0.36622674154351775f,-1.0449160830598232f,0f,0f,0f,1f], start_interpolation: 0, interpolation_duration: 1 }
$data merge entity $(bone_left_leg1) { transformation: [-0.9537169587565072f,0.004777394841757201f,0.3006678218212996f,0.3125000000000001f,-0.1270837661653903f,0.8997898820358552f,-0.41740613862654447f,0.3125f,-0.2725319778621569f,-0.4362973122590003f,-0.8575377404861626f,-1f,0f,0f,0f,1f], start_interpolation: 0, interpolation_duration: 1 }
$data merge entity $(bone_right_leg4) { transformation: [-0.8997209340606485f,0.018775004084140484f,-0.012236831071598543f,-0.4827990467346983f,0.01937360752460393f,0.8986309218060426f,-0.04568511470385017f,-0.6159673119100357f,0.011265173967451317f,-0.045934361818380065f,-0.898756435448348f,-0.9858406836016893f,0f,0f,0f,1f], start_interpolation: 0, interpolation_duration: 1 }
$data merge entity $(bone_right_leg3) { transformation: [-0.9952537129895495f,0.009169835268399068f,-0.09688116897347025f,-0.46986659722255714f,0.08028537432412663f,0.639971702956865f,-0.7641926969581194f,-0.08822649113250444f,0.05499368554798394f,-0.76834376000306f,-0.6376704172330787f,-1.5222441025269169f,0f,0f,0f,1f], start_interpolation: 0, interpolation_duration: 1 }
$data merge entity $(bone_right_leg2) { transformation: [-0.9949955729040932f,-0.038677826091280676f,0.09212945061221128f,-0.4892055102681975f,0.0731553598970355f,0.34605619155827594f,0.9353573678560066f,0.08480160464663353f,-0.06805955641635081f,0.9374162032166045f,-0.34149488828879293f,-1.0535360009186148f,0f,0f,0f,1f], start_interpolation: 0, interpolation_duration: 1 }
$data merge entity $(bone_right_leg1) { transformation: [-0.9537169587565072f,0.005971608010968758f,-0.3006464742484136f,-0.3124999999999999f,0.12708376616539033f,0.9141332275110954f,-0.3849807251504527f,0.3125f,0.27253197786215677f,-0.405369932602199f,-0.8725832560762494f,-1f,0f,0f,0f,1f], start_interpolation: 0, interpolation_duration: 1 }
$data merge entity $(bone_right_wing3) { transformation: [-1.1441847886724035f,0.07728040787930568f,0.22764989326871682f,-1.4472096597942095f,0.1725101111474687f,1.0350163292725867f,0.515690823718583f,0.34690467116545465f,-0.16744251819397007f,0.538260627088468f,-1.0243017457779484f,0.40180351379072315f,0f,0f,0f,1f], start_interpolation: 0, interpolation_duration: 1 }
$data merge entity $(bone_right_wing2) { transformation: [-0.6957812882567402f,0.06609859173819492f,-0.7152058270749888f,-1.0745954866737182f,-0.28981872597294045f,0.8852582907921434f,0.36376209898667916f,0.7709164970717519f,0.657186050511735f,0.4603789034632238f,-0.5967895443611482f,-0.4670226929999906f,0f,0f,0f,1f], start_interpolation: 0, interpolation_duration: 1 }
$data merge entity $(bone_right_wing1) { transformation: [-0.9674117764237273f,0.20731174865278781f,0.4413019429124718f,-0.5625f,0.32014421985405983f,1.0096314685898413f,0.22751502640104204f,0.5152445822256658f,-0.3677407299196468f,0.3335824450038623f,-0.9628606436315285f,-0.01145015817447742f,0f,0f,0f,1f], start_interpolation: 0, interpolation_duration: 1 }
$data merge entity $(bone_left_wing3) { transformation: [-1.1441847886724033f,-0.07728040787930579f,-0.22764989326871662f,1.4472096597942095f,-0.1725101111474687f,1.0350163292725867f,0.515690823718583f,0.34690467116545465f,0.16744251819396969f,0.5382606270884679f,-1.0243017457779486f,0.4018035137907236f,0f,0f,0f,1f], start_interpolation: 0, interpolation_duration: 1 }
$data merge entity $(bone_left_wing2) { transformation: [-0.69578128825674f,-0.06609859173819502f,0.7152058270749887f,1.0745954866737182f,0.28981872597294045f,0.8852582907921434f,0.36376209898667916f,0.7709164970717519f,-0.6571860505117352f,0.46037890346322374f,-0.596789544361148f,-0.4670226929999904f,0f,0f,0f,1f], start_interpolation: 0, interpolation_duration: 1 }
$data merge entity $(bone_left_wing1) { transformation: [-0.9674117764237273f,-0.20731174865278787f,-0.4413019429124716f,0.5625f,-0.32014421985405983f,1.0096314685898413f,0.22751502640104204f,0.5152445822256658f,0.36774072991964657f,0.33358244500386225f,-0.9628606436315286f,-0.01145015817447731f,0f,0f,0f,1f], start_interpolation: 0, interpolation_duration: 1 }
$data merge entity $(bone_beak_down) { transformation: [-1.1f,-3.949409482277855e-17f,1.287917304967126e-16f,-1.6075338153745747e-16f,0f,1.0516642887270224f,0.3224937577942953f,0.9685897722445838f,-1.3471114790620887e-16f,0.3224937577942953f,-1.0516642887270224f,1.3126509753618776f,0f,0f,0f,1f], start_interpolation: 0, interpolation_duration: 1 }
$data merge entity $(bone_beak_up) { transformation: [-1.1f,-3.019297583235865e-17f,1.312839578189014e-16f,-1.6387646172859521e-16f,0f,1.0720148691876414f,0.2465443575517461f,1.0685118392937039f,-1.3471114790620887e-16f,0.2465443575517461f,-1.0720148691876414f,1.3381528604222244f,0f,0f,0f,1f], start_interpolation: 0, interpolation_duration: 1 }
$data merge entity $(bone_head) { transformation: [-1.1f,-3.331285537213608e-17f,1.3052718888095164e-16f,-9.861286728811941e-17f,0f,1.065835381857281f,0.27202010731036724f,1.2045218929488875f,-1.3471114790620887e-16f,0.27202010731036724f,-1.065835381857281f,0.8052351694935839f,0f,0f,0f,1f], start_interpolation: 0, interpolation_duration: 1 }
$data merge entity $(bone_neck2) { transformation: [-1f,1.1763703074634428e-16f,3.404595165070628e-17f,-7.733414750642798e-17f,0f,0.2780062927075006f,-0.9605792529588756f,0.6041598598495901f,-1.2246467991473532e-16f,-0.9605792529588756f,-0.2780062927075006f,0.631481236551396f,0f,0f,0f,1f], start_interpolation: 0, interpolation_duration: 1 }
$data merge entity $(bone_neck1) { transformation: [-1f,3.843911308317224e-17f,1.1627567420573261e-16f,-1.1929080765703385e-17f,0f,0.9494629332039921f,-0.31387917814291477f,0.4276028221442006f,-1.2246467991473532e-16f,-0.31387917814291477f,-0.9494629332039921f,0.09740833662415038f,0f,0f,0f,1f], start_interpolation: 0, interpolation_duration: 1 }
$data merge entity $(bone_body3) { transformation: [-1f,-2.603110230261601e-17f,1.196661169234187e-16f,6.12352984175198e-17f,0f,0.977147998971907f,0.21256008116576858f,0.6215246228085501f,-1.2246467991473532e-16f,0.21256008116576858f,-0.977147998971907f,-0.5000241576604308f,0f,0f,0f,1f], start_interpolation: 0, interpolation_duration: 1 }
$data merge entity $(bone_body2) { transformation: [-1f,-1.7024438213354956e-18f,1.2245284607412672e-16f,9.184850993605148e-17f,0f,0.9999033693582767f,0.013901508765799276f,0.625f,-1.2246467991473532e-16f,0.013901508765799276f,-0.9999033693582767f,-0.75f,0f,0f,0f,1f], start_interpolation: 0, interpolation_duration: 1 }
$data merge entity $(bone_tail2) { transformation: [-1f,2.2455237412297563e-17f,1.203883721103327e-16f,2.9536119812740145e-16f,0f,0.9830456601376965f,-0.18336092845652946f,0.20963853243387226f,-1.2246467991473532e-16f,-0.18336092845652946f,-0.9830456601376965f,-2.4118072111325763f,0f,0f,0f,1f], start_interpolation: 0, interpolation_duration: 1 }
$data merge entity $(bone_tail1) { transformation: [-1f,5.761742223963946e-17f,1.0806401103548618e-16f,2.143131898507868e-16f,0f,0.8824096148434353f,-0.470481956754837f,0.5625f,-1.2246467991473532e-16f,-0.470481956754837f,-0.8824096148434353f,-1.75f,0f,0f,0f,1f], start_interpolation: 0, interpolation_duration: 1 }