# This file was generated by Animated Java via MC-Build. It is not recommended to edit this file directly.
$data merge entity $(bone_left_leg4) { transformation: [-0.8997780845644916f,-0.019984951737306106f,0.000015540663555829726f,0.4810668518802649f,-0.019979543897361667f,0.8995503537414902f,0.02024793592477947f,-0.6364859177251474f,-0.0004651484795952718f,0.020242598341569773f,-0.8997722049770569f,-0.9832821255574886f,0f,0f,0f,1f], start_interpolation: 0, interpolation_duration: 1 }
$data merge entity $(bone_left_leg3) { transformation: [-0.9957016792450101f,-0.009519138085503448f,0.09212791085646302f,0.46816950388760836f,-0.0760520217540253f,0.6517460551782516f,-0.7546145834442332f,-0.10051296487619404f,-0.05286072205137299f,-0.7583775217988055f,-0.6496685912790543f,-1.5114609799516519f,0f,0f,0f,1f], start_interpolation: 0, interpolation_duration: 1 }
$data merge entity $(bone_left_leg2) { transformation: [-0.9958047904034623f,0.03872254208606557f,-0.08290587520742775f,0.4875307749306411f,-0.0631448893973976f,0.36492348235986516f,0.9288937371762929f,0.08194877630373854f,0.06622342752007876f,0.9302319155762946f,-0.3609474212274565f,-1.0463450221635044f,0f,0f,0f,1f], start_interpolation: 0, interpolation_duration: 1 }
$data merge entity $(bone_left_leg1) { transformation: [-0.9537169587565072f,0.0030046025249293703f,0.30069076298400993f,0.3125000000000001f,-0.12708376616539035f,0.902235230231491f,-0.412093806925497f,0.3125f,-0.27253197786215694f,-0.43123376687452897f,-0.8600952036546566f,-1f,0f,0f,0f,1f], start_interpolation: 0, interpolation_duration: 1 }
$data merge entity $(bone_right_leg4) { transformation: [-0.8997542491733523f,0.019258176613470693f,-0.008450664353890004f,-0.4818851035580497f,0.01943516362106857f,0.8995846018410251f,-0.01923066679933705f,-0.6245452386632112f,0.008035266611633118f,-0.01940790467951664f,-0.8997548375676742f,-0.9893106970966115f,0f,0f,0f,1f], start_interpolation: 0, interpolation_duration: 1 }
$data merge entity $(bone_right_leg3) { transformation: [-0.9953888587409261f,0.008668692983632903f,-0.0955294386898232f,-0.4694129939022111f,0.07831317501421634f,0.6485292499001465f,-0.7571504861275244f,-0.09082639585513111f,0.05539013011024512f,-0.7611403719327399f,-0.6462176627889875f,-1.5197773721218546f,0f,0f,0f,1f], start_interpolation: 0, interpolation_duration: 1 }
$data merge entity $(bone_right_leg2) { transformation: [-0.9952035678796654f,-0.03876751802851608f,0.08981613454994107f,-0.4887967529164691f,0.07067977141343154f,0.3498068141952852f,0.9341517878029729f,0.08407701124251149f,-0.0676330421652723f,0.9360193760219147f,-0.34538891024324536f,-1.0517676841108974f,0f,0f,0f,1f], start_interpolation: 0, interpolation_duration: 1 }
$data merge entity $(bone_right_leg1) { transformation: [-0.9537169587565072f,0.0037557237843077133f,-0.30068231926585676f,-0.3124999999999999f,0.1270837661653903f,0.9112711481154033f,-0.39170730270146226f,0.3125f,0.27253197786215666f,-0.4117897390068026f,-0.8695720395063599f,-1f,0f,0f,0f,1f], start_interpolation: 0, interpolation_duration: 1 }
$data merge entity $(bone_right_wing3) { transformation: [-1.1432218785055888f,0.08427018579445762f,0.22999530053651696f,-1.427108218188565f,0.17755493763614094f,1.0413552630862193f,0.501008010055946f,0.3567264779074848f,-0.1687410637744747f,0.5248174137786972f,-1.0310425314056935f,0.4091426142842831f,0f,0f,0f,1f], start_interpolation: 0, interpolation_duration: 1 }
$data merge entity $(bone_right_wing2) { transformation: [-0.6832188303042673f,0.0720770083826288f,-0.726647737752124f,-1.0711159140166107f,-0.283791571613503f,0.8906800349275666f,0.35517801066868765f,0.7715063864357592f,0.6728108008933914f,0.44888080850492906f,-0.5880745241524703f,-0.4710354557541716f,0f,0f,0f,1f], start_interpolation: 0, interpolation_duration: 1 }
$data merge entity $(bone_right_wing1) { transformation: [-0.9641703946379327f,0.20919005585918657f,0.44746629118233516f,-0.5625f,0.32219362219719083f,1.010214346486787f,0.22196701349263298f,0.5158142000046266f,-0.3744032999725f,0.3306321306119767f,-0.9613093541039728f,-0.011592741363014358f,0f,0f,0f,1f], start_interpolation: 0, interpolation_duration: 1 }
$data merge entity $(bone_left_wing3) { transformation: [-1.1432218785055888f,-0.08427018579445775f,-0.22999530053651668f,1.4271082181885648f,-0.17755493763614094f,1.0413552630862193f,0.501008010055946f,0.3567264779074848f,0.16874106377447431f,0.5248174137786972f,-1.0310425314056937f,0.4091426142842835f,0f,0f,0f,1f], start_interpolation: 0, interpolation_duration: 1 }
$data merge entity $(bone_left_wing2) { transformation: [-0.6832188303042671f,-0.0720770083826289f,0.726647737752124f,1.0711159140166107f,0.283791571613503f,0.8906800349275666f,0.35517801066868765f,0.7715063864357592f,-0.6728108008933916f,0.448880808504929f,-0.5880745241524701f,-0.47103545575417133f,0f,0f,0f,1f], start_interpolation: 0, interpolation_duration: 1 }
$data merge entity $(bone_left_wing1) { transformation: [-0.9641703946379327f,-0.20919005585918665f,-0.44746629118233494f,0.5625f,-0.32219362219719083f,1.010214346486787f,0.22196701349263298f,0.5158142000046266f,0.3744032999724997f,0.33063213061197666f,-0.9613093541039729f,-0.011592741363014247f,0f,0f,0f,1f], start_interpolation: 0, interpolation_duration: 1 }
$data merge entity $(bone_beak_down) { transformation: [-1.1f,-3.77821360171498e-17f,1.293043060697905e-16f,-1.5860898378474643e-16f,0f,1.055849785912291f,0.30851455328552846f,0.9765812213417467f,-1.3471114790620887e-16f,0.30851455328552846f,-1.055849785912291f,1.2951406388778888f,0f,0f,0f,1f], start_interpolation: 0, interpolation_duration: 1 }
$data merge entity $(bone_beak_up) { transformation: [-1.1f,-3.193186343480443e-17f,1.308718818837319e-16f,-1.617861443962809e-16f,0f,1.0686500138231694f,0.26074345237366914f,1.076389543642067f,-1.3471114790620887e-16f,0.26074345237366914f,-1.0686500138231694f,1.321084124083146f,0f,0f,0f,1f], start_interpolation: 0, interpolation_duration: 1 }
$data merge entity $(bone_head) { transformation: [-1.1f,-3.3889713189701123e-17f,1.303786052622449e-16f,-9.659684176515845e-17f,0f,1.0646221045367494f,0.27673050885607553f,1.2147547980701048f,-1.3471114790620887e-16f,0.27673050885607553f,-1.0646221045367494f,0.7887730718147711f,0f,0f,0f,1f], start_interpolation: 0, interpolation_duration: 1 }
$data merge entity $(bone_neck2) { transformation: [-1f,1.1840717494411783e-16f,3.126241750683469e-17f,-7.705783082338677e-17f,0f,0.25527701153182125f,-0.966867957574033f,0.6104623245863343f,-1.2246467991473532e-16f,-0.966867957574033f,-0.25527701153182125f,0.6292249396073828f,0f,0f,0f,1f], start_interpolation: 0, interpolation_duration: 1 }
$data merge entity $(bone_neck1) { transformation: [-1f,3.972215267278675e-17f,1.1584363777807735e-16f,-1.1895784573218264e-17f,0f,0.9459350880493234f,-0.3243559914617249f,0.4280120793891141f,-1.2246467991473532e-16f,-0.3243559914617249f,-0.9459350880493234f,0.09713645257963843f,0f,0f,0f,1f], start_interpolation: 0, interpolation_duration: 1 }
$data merge entity $(bone_body3) { transformation: [-1f,-2.6207460033450592e-17f,1.196276174853184e-16f,6.123351010301507e-17f,0f,0.9768336272026173f,0.2140001513227916f,0.6228142756660224f,-1.2246467991473532e-16f,0.2140001513227916f,-0.9768336272026173f,-0.500009554964323f,0f,0f,0f,1f], start_interpolation: 0, interpolation_duration: 1 }
$data merge entity $(bone_body2) { transformation: [-1f,-1.0706961237696167e-18f,1.2245999933214567e-16f,9.184850993605148e-17f,0f,0.9999617801427081f,0.008742897335910053f,0.625f,-1.2246467991473532e-16f,0.008742897335910053f,-0.9999617801427081f,-0.75f,0f,0f,0f,1f], start_interpolation: 0, interpolation_duration: 1 }
$data merge entity $(bone_tail2) { transformation: [-1f,2.3961766207013904e-17f,1.200975919278109e-16f,2.9481344017637335e-16f,0f,0.9806712597577318f,-0.19566266962602613f,0.2013747450995229f,-1.2246467991473532e-16f,-0.19566266962602613f,-0.9806712597577318f,-2.4073344280296487f,0f,0f,0f,1f], start_interpolation: 0, interpolation_duration: 1 }
$data merge entity $(bone_tail1) { transformation: [-1f,5.896678500068551e-17f,1.0733366710078208e-16f,2.143131898507868e-16f,0f,0.8764459040395317f,-0.4815003398673028f,0.5625f,-1.2246467991473532e-16f,-0.4815003398673028f,-0.8764459040395317f,-1.75f,0f,0f,0f,1f], start_interpolation: 0, interpolation_duration: 1 }