# This file was generated by Animated Java via MC-Build. It is not recommended to edit this file directly.
$data merge entity $(bone_left_leg4) { transformation: [-0.8997857231853008f,-0.018701212940754504f,0.005993078211577484f,0.4781311862310787f,-0.01855906578258433f,0.8995711362911918f,0.020672005927164727f,-0.6348667775088657f,-0.006419768623807984f,0.020543499855661895f,-0.899742602739527f,-1.0047416352175804f,0f,0f,0f,1f], start_interpolation: 0, interpolation_duration: 1 }
$data merge entity $(bone_left_leg3) { transformation: [-0.9954642181432567f,-0.0039073732499993324f,0.09505641919786542f,0.46925963009371263f,-0.07333795010089383f,0.6679728222649757f,-0.7405632004024796f,-0.087601960784979f,-0.06060144776681421f,-0.7441754102022249f,-0.6652296020013823f,-1.5212963427441628f,0f,0f,0f,1f], start_interpolation: 0, interpolation_duration: 1 }
$data merge entity $(bone_left_leg2) { transformation: [-0.9951575478931549f,0.039257497181725276f,-0.09011272821477594f,0.48888837868457524f,-0.07123283246333192f,0.34367953246602734f,0.9363814727680081f,0.08423780544803466f,0.06772989333030224f,0.9382660752041289f,-0.33921885807028224f,-1.0521633051420984f,0f,0f,0f,1f], start_interpolation: 0, interpolation_duration: 1 }
$data merge entity $(bone_left_leg1) { transformation: [-0.9537169587565072f,-0.004250988695201253f,0.3006757251181945f,0.3125000000000001f,-0.12708376616539033f,0.9119151140700139f,-0.390205767650728f,0.3125f,-0.2725319778621569f,-0.41035686155563034f,-0.8702491408882597f,-1f,0f,0f,0f,1f], start_interpolation: 0, interpolation_duration: 1 }
$data merge entity $(bone_right_leg4) { transformation: [-0.8998012284183994f,0.018387018712939067f,0.004434735571515316f,-0.4756091637825939f,0.018640587034297378f,0.8978292949328832f,0.059624539204408966f,-0.6419416910196105f,-0.003205908881428375f,0.059703221882670465f,-0.8980118303480596f,-0.9860688862640358f,0f,0f,0f,1f], start_interpolation: 0, interpolation_duration: 1 }
$data merge entity $(bone_right_leg3) { transformation: [-0.9958881689217687f,0.0032490872309157842f,-0.09053285831018773f,-0.4675140447150203f,0.07027045753833965f,0.6584165499363321f,-0.7493662052476673f,-0.10129389073938225f,0.057173576055718614f,-0.7526467233716643f,-0.6559375671501808f,-1.5095578308458977f,0f,0f,0f,1f], start_interpolation: 0, interpolation_duration: 1 }
$data merge entity $(bone_right_leg2) { transformation: [-0.9959986367542958f,-0.03915559747702324f,0.08033402000274587f,-0.4870918434535319f,0.060577437064459255f,0.36508837525930926f,0.9289999205431715f,0.08125029689027238f,-0.06570456378582634f,0.9301490834466994f,-0.36125557831122707f,-1.044483289122548f,0f,0f,0f,1f], start_interpolation: 0, interpolation_duration: 1 }
$data merge entity $(bone_right_leg1) { transformation: [-0.9537169587565072f,-0.005313630523852463f,-0.3006588231050183f,-0.3124999999999999f,0.1270837661653903f,0.8990440040342279f,-0.4190102566612463f,0.3125f,0.2725319778621567f,-0.4378260432417869f,-0.8567582371368143f,-1f,0f,0f,0f,1f], start_interpolation: 0, interpolation_duration: 1 }
$data merge entity $(bone_right_wing3) { transformation: [-1.1383873894638528f,0.11452409265970984f,0.2406531730243899f,-1.3446162338197927f,0.19931710125363533f,1.0666781138694572f,0.43523104268458124f,0.40242564036449524f,-0.17692487285309763f,0.46479845048034524f,-1.058118876012307f,0.43610798414984314f,0f,0f,0f,1f], start_interpolation: 0, interpolation_duration: 1 }
$data merge entity $(bone_right_wing2) { transformation: [-0.6303885848783556f,0.0979534328639128f,-0.7700749035290263f,-1.056620043416277f,-0.25222455659372567f,0.9123388851005959f,0.32252214154147674f,0.7738517908691149f,0.7341614298682294f,0.39754607748483295f,-0.5504217575371276f,-0.48724846769277114f,0f,0f,0f,1f], start_interpolation: 0, interpolation_duration: 1 }
$data merge entity $(bone_right_wing1) { transformation: [-0.9503724244883368f,0.21748753772722162f,0.4723373125390601f,-0.5625f,0.33056253099355637f,1.012293179491279f,0.19900262050958636f,0.5181480414671458f,-0.4014122307384337f,0.31870488041430856f,-0.9544142346616625f,-0.01225665172530449f,0f,0f,0f,1f], start_interpolation: 0, interpolation_duration: 1 }
$data merge entity $(bone_left_wing3) { transformation: [-1.1383873894638528f,-0.11452409265970993f,-0.2406531730243897f,1.3446162338197925f,-0.19931710125363533f,1.0666781138694572f,0.43523104268458124f,0.40242564036449524f,0.1769248728530975f,0.4647984504803452f,-1.058118876012307f,0.4361079841498434f,0f,0f,0f,1f], start_interpolation: 0, interpolation_duration: 1 }
$data merge entity $(bone_left_wing2) { transformation: [-0.6303885848783555f,-0.09795343286391288f,0.7700749035290264f,1.056620043416277f,0.25222455659372567f,0.9123388851005959f,0.32252214154147674f,0.7738517908691149f,-0.7341614298682295f,0.3975460774848329f,-0.5504217575371275f,-0.48724846769277086f,0f,0f,0f,1f], start_interpolation: 0, interpolation_duration: 1 }
$data merge entity $(bone_left_wing1) { transformation: [-0.9503724244883368f,-0.21748753772722168f,-0.4723373125390598f,0.5625f,-0.33056253099355637f,1.012293179491279f,0.19900262050958636f,0.5181480414671458f,0.4014122307384334f,0.31870488041430844f,-0.9544142346616626f,-0.01225665172530438f,0f,0f,0f,1f], start_interpolation: 0, interpolation_duration: 1 }
$data merge entity $(bone_beak_down) { transformation: [-1.1f,-3.070990222431818e-17f,1.3116400144697207e-16f,-1.496248676190586e-16f,0f,1.0710353510766826f,0.2507653818692835f,1.0055772678638557f,-1.3471114790620887e-16f,0.2507653818692835f,-1.0710353510766826f,1.221779763138509f,0f,0f,0f,1f], start_interpolation: 0, interpolation_duration: 1 }
$data merge entity $(bone_beak_up) { transformation: [-1.1f,-3.8986445249490276e-17f,1.2894630842725578e-16f,-1.5302269400866123e-16f,0f,1.0529265133182337f,0.3183484844498361f,1.1048997765569344f,-1.3471114790620887e-16f,0.3183484844498361f,-1.0529265133182337f,1.2495251211631109f,0f,0f,0f,1f], start_interpolation: 0, interpolation_duration: 1 }
$data merge entity $(bone_head) { transformation: [-1.1f,-3.6243481489094607e-17f,1.2974399184454798e-16f,-8.815069808638724e-17f,0f,1.0594400927261707f,0.2959504855957548f,1.2528750193548117f,-1.3471114790620887e-16f,0.2959504855957548f,-1.0594400927261707f,0.7198050748000255f,0f,0f,0f,1f], start_interpolation: 0, interpolation_duration: 1 }
$data merge entity $(bone_neck2) { transformation: [-1f,1.208687565361377e-16f,1.970638272302765e-17f,-7.583420888449496e-17f,0f,0.16091482651771916f,-0.9869682966573812f,0.6360198339439485f,-1.2246467991473532e-16f,-0.9869682966573812f,-0.16091482651771916f,0.6192333082264511f,0f,0f,0f,1f], start_interpolation: 0, interpolation_duration: 1 }
$data merge entity $(bone_neck1) { transformation: [-1f,4.492074086949523e-17f,1.1392859547257764e-16f,-1.1749373931170038e-17f,0f,0.930297580918018f,-0.3668056855312961f,0.42969163583259445f,-1.2246467991473532e-16f,-0.3668056855312961f,-0.930297580918018f,0.09594091896006596f,0f,0f,0f,1f], start_interpolation: 0, interpolation_duration: 1 }
$data merge entity $(bone_body3) { transformation: [-1f,-2.6928607818722524e-17f,1.1946735080164795e-16f,6.123468233118977e-17f,0f,0.9755249504169348f,0.21988876986794292f,0.6280924264011172f,-1.2246467991473532e-16f,0.21988876986794292f,-0.9755249504169348f,-0.5000191269337718f,0f,0f,0f,1f], start_interpolation: 0, interpolation_duration: 1 }
$data merge entity $(bone_body2) { transformation: [-1f,1.5148520374907947e-18f,1.2245531041944684e-16f,9.184850993605148e-17f,0f,0.9999234922649126f,-0.012369705604468926f,0.625f,-1.2246467991473532e-16f,-0.012369705604468926f,-0.9999234922649126f,-0.75f,0f,0f,0f,1f], start_interpolation: 0, interpolation_duration: 1 }
$data merge entity $(bone_tail2) { transformation: [-1f,3.008552063540473e-17f,1.1871166444252736e-16f,2.9244101692143846e-16f,0f,0.9693543030135631f,-0.24566691928114653f,0.16815962561465497f,-1.2246467991473532e-16f,-0.24566691928114653f,-0.9693543030135631f,-2.3879621220179343f,0f,0f,0f,1f], start_interpolation: 0, interpolation_duration: 1 }
$data merge entity $(bone_tail1) { transformation: [-1f,6.439035696874423e-17f,1.0417043609420223e-16f,2.143131898507868e-16f,0f,0.8506161626905794f,-0.5257871658471267f,0.5625f,-1.2246467991473532e-16f,-0.5257871658471267f,-0.8506161626905794f,-1.75f,0f,0f,0f,1f], start_interpolation: 0, interpolation_duration: 1 }