# This file was generated by Animated Java via MC-Build. It is not recommended to edit this file directly.
$data merge entity $(bone_left_leg4) { transformation: [-0.8997788786381979f,-0.01804483318068198f,0.008506089117133395f,0.47684082333486427f,-0.01784349256634865f,0.8995808608687024f,0.020877847871831334f,-0.6340329653859531f,-0.00892072472515068f,0.02070407578729433f,-0.8997176012039402f,-1.0140047225872264f,0f,0f,0f,1f], start_interpolation: 0, interpolation_duration: 1 }
$data merge entity $(bone_left_leg3) { transformation: [-0.9953550268665278f,-0.0015071015076694172f,0.09626057934886656f,0.46969421099480807f,-0.07204441685593843f,0.674895194213217f,-0.7343882344017993f,-0.08196230507592789f,-0.06385900477944845f,-0.7379120580888688f,-0.6718689024174498f,-1.5254469597527875f,0f,0f,0f,1f], start_interpolation: 0, interpolation_duration: 1 }
$data merge entity $(bone_left_leg2) { transformation: [-0.9948605978669002f,0.03953890474007171f,-0.09321515876653082f,0.4894636633648439f,-0.07472996693569847f,0.33446256736184443f,0.9394414420683778f,0.08526897860499433f,0.06832146700491304f,0.9415792404496179f,-0.32978888868580375f,-1.0546573395279786f,0f,0f,0f,1f], start_interpolation: 0, interpolation_duration: 1 }
$data merge entity $(bone_left_leg1) { transformation: [-0.9537169587565072f,-0.007379691689752949f,0.3006152070850757f,0.3125000000000001f,-0.12708376616539033f,0.9159263492815433f,-0.3806949422687471f,0.3125f,-0.2725319778621569f,-0.4012785352374937f,-0.874472331294817f,-1f,0f,0f,0f,1f], start_interpolation: 0, interpolation_duration: 1 }
$data merge entity $(bone_right_leg4) { transformation: [-0.899785819403592f,0.017219365650472752f,0.009432531304062998f,-0.47244232909117506f,0.01806369573769674f,0.8954624698143379f,0.08843454104761178f,-0.646343057094446f,-0.007692990088563036f,0.08860281372846518f,-0.8955949750321825f,-0.9815425152422522f,0f,0f,0f,1f], start_interpolation: 0, interpolation_duration: 1 }
$data merge entity $(bone_right_leg3) { transformation: [-0.9960767269203792f,0.000316366457493264f,-0.08849324267902779f,-0.46667422658061586f,0.06681740911313798f,0.6583496826927433f,-0.7497407079369316f,-0.10572200082883021f,0.05802230542638138f,-0.7527121596006194f,-0.6557879358926777f,-1.5050898889494244f,0f,0f,0f,1f], start_interpolation: 0, interpolation_duration: 1 }
$data merge entity $(bone_right_leg2) { transformation: [-0.996313557565246f,-0.039333353819229144f,0.07623766975068574f,-0.4863409034902304f,0.056236447193448696f,0.3716448462647313f,0.9266701518080329f,0.08010042230353545f,-0.06478238200885908f,0.9275413713264737f,-0.3680628308578071f,-1.0413192032861875f,0f,0f,0f,1f], start_interpolation: 0, interpolation_duration: 1 }
$data merge entity $(bone_right_leg1) { transformation: [-0.9537169587565072f,-0.009224087865915304f,-0.30056426730947333f,-0.3124999999999999f,0.12708376616539035f,0.8935175430000526f,-0.43066938215801853f,0.3125f,0.2725319778621567f,-0.44893353244571843f,-0.8509906018801559f,-1f,0f,0f,0f,1f], start_interpolation: 0, interpolation_duration: 1 }
$data merge entity $(bone_right_wing3) { transformation: [-1.1358342703526867f,0.12831658055414683f,0.24570496825223712f,-1.308977899707977f,0.20906988904132f,1.0770446818081854f,0.4040050752917804f,0.42468582930708143f,-0.1820051036789677f,0.4364231599264162f,-1.0692822516488392f,0.44604770325355947f,0f,0f,0f,1f], start_interpolation: 0, interpolation_duration: 1 }
$data merge entity $(bone_right_wing2) { transformation: [-0.6069526979444235f,0.1097502653523256f,-0.7871234348646209f,-1.0502450048934506f,-0.23528420350985177f,0.9212054990421061f,0.30987380030154016f,0.7748273171499096f,0.7591111684310273f,0.3732764495513725f,-0.5333056592364285f,-0.4941355532220626f,0f,0f,0f,1f], start_interpolation: 0, interpolation_duration: 1 }
$data merge entity $(bone_right_wing1) { transformation: [-0.9441598006530232f,0.22136496346423995f,0.48287776392419457f,-0.5625f,0.3341598895353667f,1.0130341046088729f,0.1889713794100093f,0.5191555304655401f,-0.41292923142793614f,0.3136408247675769f,-0.9511729569234815f,-0.012582858602761204f,0f,0f,0f,1f], start_interpolation: 0, interpolation_duration: 1 }
$data merge entity $(bone_left_wing3) { transformation: [-1.1358342703526865f,-0.1283165805541469f,-0.24570496825223687f,1.3089778997079768f,-0.20906988904132f,1.0770446818081854f,0.4040050752917804f,0.42468582930708143f,0.18200510367896736f,0.4364231599264163f,-1.0692822516488392f,0.4460477032535597f,0f,0f,0f,1f], start_interpolation: 0, interpolation_duration: 1 }
$data merge entity $(bone_left_wing2) { transformation: [-0.6069526979444233f,-0.10975026535232568f,0.7871234348646209f,1.0502450048934506f,0.23528420350985177f,0.9212054990421061f,0.30987380030154016f,0.7748273171499096f,-0.7591111684310274f,0.37327644955137257f,-0.5333056592364283f,-0.4941355532220624f,0f,0f,0f,1f], start_interpolation: 0, interpolation_duration: 1 }
$data merge entity $(bone_left_wing1) { transformation: [-0.9441598006530232f,-0.22136496346424f,-0.48287776392419435f,0.5625f,-0.3341598895353667f,1.0130341046088729f,0.1889713794100093f,0.5191555304655401f,0.41292923142793586f,0.3136408247675768f,-0.9511729569234817f,-0.012582858602761093f,0f,0f,0f,1f], start_interpolation: 0, interpolation_duration: 1 }
$data merge entity $(bone_beak_down) { transformation: [-1.1f,-2.7630601434295344e-17f,1.318470448458652e-16f,-1.456589261400097e-16f,0f,1.0766128236946542f,0.2256209827481102f,1.016214815784809f,-1.3471114790620887e-16f,0.2256209827481102f,-1.0766128236946542f,1.189395393360952f,0f,0f,0f,1f], start_interpolation: 0, interpolation_duration: 1 }
$data merge entity $(bone_beak_up) { transformation: [-1.1f,-4.199471965899009e-17f,1.279981909675731e-16f,-1.4915158289988846e-16f,0f,1.0451845467337229f,0.3429129091606531f,1.1153177519229762f,-1.3471114790620887e-16f,0.3429129091606531f,-1.0451845467337229f,1.2179151001230202f,0f,0f,0f,1f], start_interpolation: 0, interpolation_duration: 1 }
$data merge entity $(bone_head) { transformation: [-1.1f,-3.725500543870713e-17f,1.2945716642955838e-16f,-8.442299968510928e-17f,0f,1.0570979854737832f,0.3042102054620607f,1.2674228546540065f,-1.3471114790620887e-16f,0.3042102054620607f,-1.0570979854737832f,0.6893661073861287f,0f,0f,0f,1f], start_interpolation: 0, interpolation_duration: 1 }
$data merge entity $(bone_neck2) { transformation: [-1f,1.2158411808651887e-16f,1.4659469831546042e-17f,-7.526083104039301e-17f,0f,0.11970365530496246f,-0.9928096670090549f,0.6469168127733472f,-1.2246467991473532e-16f,-0.9928096670090549f,-0.11970365530496246f,0.6145513228205272f,0f,0f,0f,1f], start_interpolation: 0, interpolation_duration: 1 }
$data merge entity $(bone_neck1) { transformation: [-1f,4.713505040577111e-17f,1.1303045983213548e-16f,-1.168119738481681e-17f,0f,0.9229637468601697f,-0.3848868950507883f,0.4304179343072788f,-1.2246467991473532e-16f,-0.3848868950507883f,-0.9229637468601697f,0.09538421521168172f,0f,0f,0f,1f], start_interpolation: 0, interpolation_duration: 1 }
$data merge entity $(bone_body3) { transformation: [-1f,-2.7239326348264527e-17f,1.19396888262263e-16f,6.123939988233102e-17f,0f,0.97494958011887f,0.2224259792066546f,0.6303685200688673f,-1.2246467991473532e-16f,0.2224259792066546f,-0.97494958011887f,-0.5000576486621962f,0f,0f,0f,1f], start_interpolation: 0, interpolation_duration: 1 }
$data merge entity $(bone_body2) { transformation: [-1f,2.6298163673987042e-18f,1.2243644021488184e-16f,9.184850993605148e-17f,0f,0.9997694053512153f,-0.021474080275469504f,0.625f,-1.2246467991473532e-16f,-0.021474080275469504f,-0.9997694053512153f,-0.75f,0f,0f,0f,1f], start_interpolation: 0, interpolation_duration: 1 }
$data merge entity $(bone_tail2) { transformation: [-1f,3.270312468446756e-17f,1.1801738627206904e-16f,2.9135406173789376e-16f,0f,0.9636850915238364f,-0.26704127840971564f,0.1541493827356154f,-1.2246467991473532e-16f,-0.26704127840971564f,-0.9636850915238364f,-2.379086459383602f,0f,0f,0f,1f], start_interpolation: 0, interpolation_duration: 1 }
$data merge entity $(bone_tail1) { transformation: [-1f,6.667803684835661e-17f,1.0272116251614259e-16f,2.143131898507868e-16f,0f,0.8387819458448025f,-0.5444674896858461f,0.5625f,-1.2246467991473532e-16f,-0.5444674896858461f,-0.8387819458448025f,-1.75f,0f,0f,0f,1f], start_interpolation: 0, interpolation_duration: 1 }