# This file was generated by Animated Java via MC-Build. It is not recommended to edit this file directly.
$data merge entity $(bone_left_leg4) { transformation: [-0.8997776451769657f,-0.017960860759500735f,0.008808900077327111f,0.4766829155842115f,-0.017752306768250223f,0.8995820625268327f,0.020903788756496622f,-0.633925983276805f,-0.009221976154840147f,0.020724870584592936f,-0.8997140850820622f,-1.0151313097292247f,0f,0f,0f,1f], start_interpolation: 0, interpolation_duration: 1 }
$data merge entity $(bone_left_leg3) { transformation: [-0.995341489232687f,-0.0012160566722851512f,0.09640456948831203f,0.46974558748697814f,-0.0718821393173405f,0.6757336837636294f,-0.7336327055648477f,-0.08127367635628005f,-0.06425167592537512f,-0.7371448364015081f,-0.6726731838771154f,-1.525947863038036f,0f,0f,0f,1f], start_interpolation: 0, interpolation_duration: 1 }
$data merge entity $(bone_left_leg2) { transformation: [-0.9948237615254549f,0.039575202846122814f,-0.09359213013941473f,0.48953318891003955f,-0.07515553260622729f,0.33333967251867386f,0.9398065272404836f,0.08539615990305688f,0.06839100396265002f,0.9419758309239319f,-0.32863993143279074f,-1.0549599475760703f,0f,0f,0f,1f], start_interpolation: 0, interpolation_duration: 1 }
$data merge entity $(bone_left_leg1) { transformation: [-0.9537169587565072f,-0.007760073253292052f,0.30060562842924676f,0.3125000000000001f,-0.12708376616539035f,0.916407333451151f,-0.37953565784280585f,0.3125f,-0.272531977862157f,-0.4001716887287937f,-0.8749793943759397f,-1f,0f,0f,0f,1f], start_interpolation: 0, interpolation_duration: 1 }
$data merge entity $(bone_right_leg4) { transformation: [-0.8997824133570839f,0.01705741805240188f,0.010032601989881512f,-0.4720551391716311f,0.017993924280605235f,0.8951114829960433f,0.09193286516587768f,-0.6468742081069963f,-0.008235733257313832f,0.09211122351814238f,-0.8952361114251952f,-0.9809899298750641f,0f,0f,0f,1f], start_interpolation: 0, interpolation_duration: 1 }
$data merge entity $(bone_right_leg3) { transformation: [-0.9960985497503827f,-0.000042152435629938534f,-0.08824781815068702f,-0.46657126486393563f,0.06639823890803959f,0.6583410065820376f,-0.7497855646266203f,-0.10625685538130425f,0.058128762717741055f,-0.7527198132610309f,-0.6557697230500833f,-1.504544182130207f,0f,0f,0f,1f], start_interpolation: 0, interpolation_duration: 1 }
$data merge entity $(bone_right_leg2) { transformation: [-0.9963506957291397f,-0.039355393036844266f,0.07573931712772936f,-0.48624896138235774f,0.055709326324733105f,0.3724406432355372f,0.9263824470631683f,0.07996346623646436f,-0.06466654529587645f,0.9272211819761318f,-0.36888903157220815f,-1.0409335911421411f,0f,0f,0f,1f], start_interpolation: 0, interpolation_duration: 1 }
$data merge entity $(bone_right_leg1) { transformation: [-0.9537169587565072f,-0.009699480023932158f,-0.3005493015588358f,-0.3124999999999999f,0.1270837661653903f,0.8928352338301442f,-0.4320821236856395f,0.3125f,0.2725319778621567f,-0.4502789860949955f,-0.8502794574278527f,-1f,0f,0f,0f,1f], start_interpolation: 0, interpolation_duration: 1 }
$data merge entity $(bone_right_wing3) { transformation: [-1.1355038307993672f,0.13002160301446597f,0.2463351354680711f,-1.3046436392776624f,0.21026350654816583f,1.0782730717114972f,0.4000899981410226f,0.4274903749845393f,-0.18269065118553174f,0.4328708023740601f,-1.0706085000587309f,0.44718099827976143f,0f,0f,0f,1f], start_interpolation: 0, interpolation_duration: 1 }
$data merge entity $(bone_right_wing2) { transformation: [-0.6040779866171034f,0.11120858559935509f,-0.7891276427635885f,-1.0494649131559435f,-0.23309190758666606f,0.9222561513994428f,0.3084019355054321f,0.7749443857021622f,0.7620747658217243f,0.3702380878500731f,-0.5311928177252452f,-0.4949685950949503f,0f,0f,0f,1f], start_interpolation: 0, interpolation_duration: 1 }
$data merge entity $(bone_right_wing1) { transformation: [-0.9433937198690874f,0.2218485615206219f,0.4841514392975691f,-0.5625f,0.33459670279167586f,1.0131176711547099f,0.18774648328559068f,0.5192780589415392f,-0.4143240843875911f,0.31302861092302486f,-0.9507679806088847f,-0.012624161400774825f,0f,0f,0f,1f], start_interpolation: 0, interpolation_duration: 1 }
$data merge entity $(bone_left_wing3) { transformation: [-1.135503830799367f,-0.13002160301446608f,-0.24633513546807081f,1.3046436392776621f,-0.21026350654816583f,1.0782730717114972f,0.4000899981410226f,0.4274903749845393f,0.18269065118553143f,0.43287080237406006f,-1.070608500058731f,0.4471809982797619f,0f,0f,0f,1f], start_interpolation: 0, interpolation_duration: 1 }
$data merge entity $(bone_left_wing2) { transformation: [-0.6040779866171032f,-0.11120858559935518f,0.7891276427635885f,1.0494649131559435f,0.23309190758666606f,0.9222561513994428f,0.3084019355054321f,0.7749443857021622f,-0.7620747658217245f,0.37023808785007306f,-0.531192817725245f,-0.49496859509495006f,0f,0f,0f,1f], start_interpolation: 0, interpolation_duration: 1 }
$data merge entity $(bone_left_wing1) { transformation: [-0.9433937198690874f,-0.221848561520622f,-0.4841514392975688f,0.5625f,-0.33459670279167586f,1.0131176711547099f,0.18774648328559068f,0.5192780589415392f,0.41432408438759083f,0.3130286109230248f,-0.9507679806088848f,-0.012624161400774714f,0f,0f,0f,1f], start_interpolation: 0, interpolation_duration: 1 }
$data merge entity $(bone_beak_down) { transformation: [-1.1f,-2.725511241004576e-17f,1.3192517658780775e-16f,-1.4517338654525533e-16f,0f,1.077250817784027f,0.22255488218335157f,1.0174306332358203f,-1.3471114790620887e-16f,0.22255488218335157f,-1.077250817784027f,1.1854306616922583f,0f,0f,0f,1f], start_interpolation: 0, interpolation_duration: 1 }
$data merge entity $(bone_beak_up) { transformation: [-1.1f,-4.235896856380376e-17f,1.2787811052881245e-16f,-1.4867755964934184e-16f,0f,1.0442040155402044f,0.3458872271849789f,1.1165064588983913f,-1.3471114790620887e-16f,0.3458872271849789f,-1.0442040155402044f,1.2140444065411915f,0f,0f,0f,1f], start_interpolation: 0, interpolation_duration: 1 }
$data merge entity $(bone_head) { transformation: [-1.1f,-3.737784644358939e-17f,1.2942175228858532e-16f,-8.396668350504918e-17f,0f,1.0568088070674235f,0.30521327838862045f,1.2691130980927015f,-1.3471114790620887e-16f,0.30521327838862045f,-1.0568088070674235f,0.6856400030074797f,0f,0f,0f,1f], start_interpolation: 0, interpolation_duration: 1 }
$data merge entity $(bone_neck2) { transformation: [-1f,1.2165675862670768e-16f,1.4043892162131014e-17f,-7.51892509037173e-17f,0f,0.11467708217511313f,-0.9934028220333393f,0.6482363343218644f,-1.2246467991473532e-16f,-0.9934028220333393f,-0.11467708217511313f,0.613966826648034f,0f,0f,0f,1f], start_interpolation: 0, interpolation_duration: 1 }
$data merge entity $(bone_neck1) { transformation: [-1f,4.7403088695273825e-17f,1.1291831121995483e-16f,-1.1672700842492706e-17f,0f,0.9220479839458443f,-0.38707559378163314f,0.43050631281969576f,-1.2246467991473532e-16f,-0.38707559378163314f,-0.9220479839458443f,0.09531483567849663f,0f,0f,0f,1f], start_interpolation: 0, interpolation_duration: 1 }
$data merge entity $(bone_body3) { transformation: [-1f,-2.7277095106998063e-17f,1.1938826537454322e-16f,6.124014657240943e-17f,0f,0.9748791688972361f,0.2227343845261298f,0.6306452512046041f,-1.2246467991473532e-16f,0.2227343845261298f,-0.9748791688972361f,-0.5000637458493928f,0f,0f,0f,1f], start_interpolation: 0, interpolation_duration: 1 }
$data merge entity $(bone_body2) { transformation: [-1f,2.7653755272404868e-18f,1.2243345345456818e-16f,9.184850993605148e-17f,0f,0.9997450166024288f,-0.022581004818416614f,0.625f,-1.2246467991473532e-16f,-0.022581004818416614f,-0.9997450166024288f,-0.75f,0f,0f,0f,1f], start_interpolation: 0, interpolation_duration: 1 }
$data merge entity $(bone_tail2) { transformation: [-1f,3.302034277714898e-17f,1.1792902437270548e-16f,2.912193155668435e-16f,0f,0.9629635618597319f,-0.26963156070908795f,0.15245931174939759f,-1.2246467991473532e-16f,-0.26963156070908795f,-0.9629635618597319f,-2.377986173397928f,0f,0f,0f,1f], start_interpolation: 0, interpolation_duration: 1 }
$data merge entity $(bone_tail1) { transformation: [-1f,6.695400218483707e-17f,1.0254150095474228e-16f,2.143131898507868e-16f,0f,0.8373148978639038f,-0.5467209176674699f,0.5625f,-1.2246467991473532e-16f,-0.5467209176674699f,-0.8373148978639038f,-1.75f,0f,0f,0f,1f], start_interpolation: 0, interpolation_duration: 1 }