# This file was generated by Animated Java via MC-Build. It is not recommended to edit this file directly.
$data merge entity $(bone_left_leg4) { transformation: [-0.8997796009251693f,-0.018096502001390735f,0.008317834709633792f,0.47693872474581916f,-0.01789963674022641f,0.8995801167321544f,0.020861845189990458f,-0.6340987569882334f,-0.008733427935871695f,0.020691307244271595f,-0.8997197324950769f,-1.0133054876922802f,0f,0f,0f,1f], start_interpolation: 0, interpolation_duration: 1 }
$data merge entity $(bone_left_leg3) { transformation: [-0.9953634016177477f,-0.0016878383041930983f,0.09617094115066717f,0.4696621621957576f,-0.07214459823546651f,0.6743743977903605f,-0.7348566721139106f,-0.08238941663834362f,-0.0636149012841277f,-0.738387650768042f,-0.6713693629648758f,-1.525135640583007f,0f,0f,0f,1f], start_interpolation: 0, interpolation_duration: 1 }
$data merge entity $(bone_left_leg2) { transformation: [-0.9948833823527767f,0.03951660173632704f,-0.09298114704342614f,0.4894204630639212f,-0.07446585867313787f,0.33515930180782716f,0.9392140748007145f,0.08519023426556996f,0.06827804486341829f,0.9413323964460708f,-0.33050178212942644f,-1.0544694423599716f,0f,0f,0f,1f], start_interpolation: 0, interpolation_duration: 1 }
$data merge entity $(bone_left_leg1) { transformation: [-0.9537169587565072f,-0.007143586806410042f,0.3006209103634976f,0.3125000000000001f,-0.12708376616539035f,0.9156270697091144f,-0.38141419165143936f,0.3125f,-0.2725319778621569f,-0.40196522036544385f,-0.8741568981933969f,-1f,0f,0f,0f,1f], start_interpolation: 0, interpolation_duration: 1 }
$data merge entity $(bone_right_leg4) { transformation: [-0.8997877678026216f,0.01731772519024765f,0.009059211169350274f,-0.4726824235138549f,0.018107044678260235f,0.895673435343578f,0.08626257678073684f,-0.6460129371316641f,-0.007355803545181651f,0.08642449660870527f,-0.8958106376573884f,-0.9818852600548993f,0f,0f,0f,1f], start_interpolation: 0, interpolation_duration: 1 }
$data merge entity $(bone_right_leg3) { transformation: [-0.9960630611515702f,0.0005386872873395232f,-0.08864585735030173f,-0.4667380419639564f,0.0670776613592621f,0.6583550079482975f,-0.7497127922451161f,-0.10538963165512114f,0.057956583370103225f,-0.7527073756284066f,-0.6557992384248863f,-1.5054283393746488f,0f,0f,0f,1f], start_interpolation: 0, interpolation_duration: 1 }
$data merge entity $(bone_right_leg2) { transformation: [-0.9962903803101041f,-0.03931972063629541f,0.07654696382373266f,-0.4863979022821041f,0.05656370525301077f,0.3711507472388862f,0.9268482454383064f,0.08018574196432196f,-0.0648538769049212f,0.9277397708372215f,-0.36754985003030716f,-1.041558453956038f,0f,0f,0f,1f], start_interpolation: 0, interpolation_duration: 1 }
$data merge entity $(bone_right_leg1) { transformation: [-0.9537169587565072f,-0.008929005188687063f,-0.30057317818890483f,-0.3124999999999999f,0.12708376616539038f,0.8939399210105301f,-0.4297919659566796f,0.3125f,0.27253197786215677f,-0.4480978581627318f,-0.8514309311697064f,-1f,0f,0f,0f,1f], start_interpolation: 0, interpolation_duration: 1 }
$data merge entity $(bone_right_wing3) { transformation: [-1.1360371711882709f,0.12726126138074267f,0.24531547649281385f,-1.311668076294997f,0.20832963961750298f,1.0762784510709016f,0.40642222256395455f,0.4229555340573391f,-0.18158709456334027f,0.43861695485784113f,-1.068455361714209f,0.4453359001779147f,0f,0f,0f,1f], start_interpolation: 0, interpolation_duration: 1 }
$data merge entity $(bone_right_wing2) { transformation: [-0.6087343123715868f,0.10884764186584929f,-0.7858719538205544f,-1.0507286660554285f,-0.23663063258804284f,0.9205501353597603f,0.31079477474711487f,0.7747544829838329f,0.7572638118004017f,0.375152821060126f,-0.5346137673013622f,-0.4936180134105216f,0f,0f,0f,1f], start_interpolation: 0, interpolation_duration: 1 }
$data merge entity $(bone_right_wing1) { transformation: [-0.9446341384267499f,0.2210661172823082f,0.4820863277667058f,-0.5625f,0.3338886953183943f,1.0129815203560062f,0.18973109831265408f,0.5190794805750086f,-0.4120628529344079f,0.31402121316571957f,-0.9514231414174227f,-0.01255740102889591f,0f,0f,0f,1f], start_interpolation: 0, interpolation_duration: 1 }
$data merge entity $(bone_left_wing3) { transformation: [-1.1360371711882709f,-0.12726126138074276f,-0.24531547649281357f,1.3116680762949966f,-0.20832963961750298f,1.0762784510709016f,0.40642222256395455f,0.4229555340573391f,0.18158709456333993f,0.4386169548578411f,-1.068455361714209f,0.4453359001779149f,0f,0f,0f,1f], start_interpolation: 0, interpolation_duration: 1 }
$data merge entity $(bone_left_wing2) { transformation: [-0.6087343123715866f,-0.10884764186584937f,0.7858719538205545f,1.0507286660554285f,0.23663063258804284f,0.9205501353597603f,0.31079477474711487f,0.7747544829838329f,-0.7572638118004018f,0.37515282106012593f,-0.534613767301362f,-0.49361801341052136f,0f,0f,0f,1f], start_interpolation: 0, interpolation_duration: 1 }
$data merge entity $(bone_left_wing1) { transformation: [-0.9446341384267499f,-0.2210661172823083f,-0.48208632776670557f,0.5625f,-0.3338886953183943f,1.0129815203560062f,0.18973109831265408f,0.5190794805750086f,0.41206285293440764f,0.31402121316571946f,-0.9514231414174228f,-0.012557401028895798f,0f,0f,0f,1f], start_interpolation: 0, interpolation_duration: 1 }
$data merge entity $(bone_beak_down) { transformation: [-1.1f,-2.786355113101834e-17f,1.3179801170191308e-16f,-1.4595994784455324e-16f,0f,1.076212437689593f,0.22752316137532874f,1.015451681605099f,-1.3471114790620887e-16f,0.22752316137532874f,-1.076212437689593f,1.1918534221146548f,0f,0f,0f,1f], start_interpolation: 0, interpolation_duration: 1 }
$data merge entity $(bone_beak_up) { transformation: [-1.1f,-4.1768462731848024e-17f,1.2807220186764461e-16f,-1.494454549458858e-16f,0f,1.0457888915956293f,0.341065381144415f,1.1145714000429956f,-1.3471114790620887e-16f,0.341065381144415f,-1.0457888915956293f,1.220314747484217f,0f,0f,0f,1f], start_interpolation: 0, interpolation_duration: 1 }
$data merge entity $(bone_head) { transformation: [-1.1f,-3.717874241421406e-17f,1.2947908897851425e-16f,-8.470591045662868e-17f,0f,1.057276996670898f,0.303587470608663f,1.266365135347327f,-1.3471114790620887e-16f,0.303587470608663f,-1.057276996670898f,0.6916762491487681f,0f,0f,0f,1f], start_interpolation: 0, interpolation_duration: 1 }
$data merge entity $(bone_neck2) { transformation: [-1f,1.215374640864665e-16f,1.5041364633883905e-17f,-7.530505756045124e-17f,0f,0.12282206301732279f,-0.9924287081882348f,0.6460971927296804f,-1.2246467991473532e-16f,-0.9924287081882348f,-0.12282206301732279f,0.6149124597629414f,0f,0f,0f,1f], start_interpolation: 0, interpolation_duration: 1 }
$data merge entity $(bone_neck1) { transformation: [-1f,4.696854826539553e-17f,1.1309974933862496e-16f,-1.1686448557474697e-17f,0f,0.9235295386177416f,-0.3835273018971417f,0.4303630854125381f,-1.2246467991473532e-16f,-0.3835273018971417f,-0.9235295386177416f,0.09542709429046181f,0f,0f,0f,1f], start_interpolation: 0, interpolation_duration: 1 }
$data merge entity $(bone_body3) { transformation: [-1f,-2.7215882299145222e-17f,1.194022343898876e-16f,6.123895529250848e-17f,0f,0.9749932345637947f,0.22223454401786683f,0.630196752583942f,-1.2246467991473532e-16f,0.22223454401786683f,-0.9749932345637947f,-0.5000540183107932f,0f,0f,0f,1f], start_interpolation: 0, interpolation_duration: 1 }
$data merge entity $(bone_body2) { transformation: [-1f,2.5456745671541604e-18f,1.2243821857417202e-16f,9.184850993605148e-17f,0f,0.9997839267568271f,-0.020787010335768307f,0.625f,-1.2246467991473532e-16f,-0.020787010335768307f,-0.9997839267568271f,-0.75f,0f,0f,0f,1f], start_interpolation: 0, interpolation_duration: 1 }
$data merge entity $(bone_tail2) { transformation: [-1f,3.2506111622564875e-17f,1.1807180245003432e-16f,2.9143741718910324e-16f,0f,0.9641294333373549f,-0.26543254467489635f,0.1551998780895032f,-1.2246467991473532e-16f,-0.26543254467489635f,-0.9641294333373549f,-2.37976710829615f,0f,0f,0f,1f], start_interpolation: 0, interpolation_duration: 1 }
$data merge entity $(bone_tail1) { transformation: [-1f,6.650650541200223e-17f,1.0283230311775525e-16f,2.143131898507868e-16f,0f,0.8396894777281997f,-0.5430668292139957f,0.5625f,-1.2246467991473532e-16f,-0.5430668292139957f,-0.8396894777281997f,-1.75f,0f,0f,0f,1f], start_interpolation: 0, interpolation_duration: 1 }