# This file was generated by Animated Java via MC-Build. It is not recommended to edit this file directly.
$data merge entity $(bone_left_leg4) { transformation: [-0.8997812435932458f,-0.0182227504150732f,0.007851435862450629f,0.47718039664862527f,-0.01803694317573879f,0.8995782832348844f,0.020822608219253413f,-0.6342594005627913f,-0.008269362651824902f,0.020660196017639854f,-0.8997248323470041f,-1.0115769121941633f,0f,0f,0f,1f], start_interpolation: 0, interpolation_duration: 1 }
$data merge entity $(bone_left_leg3) { transformation: [-0.9953840133846595f,-0.002134950439757921f,0.09594846473429365f,0.46958240477291346f,-0.07239048247251914f,0.6730857115081852f,-0.7360130725815373f,-0.0834442998953063f,-0.06301018922082446f,-0.7395614017443981f,-0.6701333069652753f,-1.5243646318171322f,0f,0f,0f,1f], start_interpolation: 0, interpolation_duration: 1 }
$data merge entity $(bone_left_leg2) { transformation: [-0.9949394493680703f,0.03946220964785335f,-0.09240252215643284f,0.4893135095968401f,-0.07381304371810801f,0.33688100925919023f,0.9386494660828282f,0.08499620473428882f,0.06816983693856002f,0.9407198943416785f,-0.33226338004894856f,-1.054004684646293f,0f,0f,0f,1f], start_interpolation: 0, interpolation_duration: 1 }
$data merge entity $(bone_left_leg1) { transformation: [-0.9537169587565072f,-0.006559864460773951f,0.30063421421803455f,0.3125000000000001f,-0.12708376616539033f,0.9148847603174077f,-0.3831913252099788f,0.3125f,-0.27253197786215694f,-0.40366179348213727f,-0.8733747635038038f,-1f,0f,0f,0f,1f], start_interpolation: 0, interpolation_duration: 1 }
$data merge entity $(bone_right_leg4) { transformation: [-0.8997920380045634f,0.017553766941677033f,0.008133486936826834f,-0.4732752312236356f,0.018214350415104157f,0.8961723378126553f,0.08089115142187059f,-0.6451953620043052f,-0.006521179536712635f,0.08103706686176071f,-0.8963205163399377f,-0.9827318126749117f,0f,0f,0f,1f], start_interpolation: 0, interpolation_duration: 1 }
$data merge entity $(bone_right_leg3) { transformation: [-0.9960288801190144f,0.0010876278567418518f,-0.08902408120563315f,-0.4668955052557271f,0.06772131580903451f,0.6583679767630534f,-0.7496435356607944f,-0.10456665845321539f,0.057795271034531345f,-0.7526954392306155f,-0.6558271741910944f,-1.50626419371093f,0f,0f,0f,1f], start_interpolation: 0, interpolation_duration: 1 }
$data merge entity $(bone_right_leg2) { transformation: [-0.9962326669812371f,-0.03928616875351931f,0.07731151391688976f,-0.48653858963248675f,0.057373019258485675f,0.3699287123168179f,0.9272869482877384f,0.08039769770519356f,-0.0650293003239068f,0.9282291445264427f,-0.36628110154783067f,-1.0421496214477086f,0f,0f,0f,1f], start_interpolation: 0, interpolation_duration: 1 }
$data merge entity $(bone_right_leg1) { transformation: [-0.9537169587565072f,-0.008199458898186804f,-0.3005939644337784f,-0.3124999999999999f,0.12708376616539035f,0.8949804344058901f,-0.4276210219433378f,0.3125f,0.27253197786215677f,-0.4460300336349797f,-0.8525159999308634f,-1f,0f,0f,0f,1f], start_interpolation: 0, interpolation_duration: 1 }
$data merge entity $(bone_right_wing3) { transformation: [-1.1365315803475147f,0.12466214936244228f,0.2443581006753813f,-1.3183185578518632f,0.20650192041706195f,1.0743721085620506f,0.41235554462691626f,0.4187125338920873f,-0.18057820940913388f,0.44400392660069055f,-1.0663993573827404f,0.44354884416790924f,0f,0f,0f,1f], start_interpolation: 0, interpolation_duration: 1 }
$data merge entity $(bone_right_wing2) { transformation: [-0.6131299596570825f,0.10662459919702977f,-0.7827533758579247f,-1.0519226239959885f,-0.23991207684088853f,0.9189196243588026f,0.31309570318701063f,0.7745738615507822f,0.752671141971576f,0.3797603439201489f,-0.5378366231755273f,-0.4923369661888071f,0f,0f,0f,1f], start_interpolation: 0, interpolation_duration: 1 }
$data merge entity $(bone_right_wing1) { transformation: [-0.9458029874648048f,0.22033164284860468f,0.48012684487893015f,-0.5625f,0.33321802125282307f,1.0128491737723775f,0.19160744404139488f,0.5188914763615533f,-0.4099189801974463f,0.31496290171916763f,-0.9520377678042181f,-0.012495051570223514f,0f,0f,0f,1f], start_interpolation: 0, interpolation_duration: 1 }
$data merge entity $(bone_left_wing3) { transformation: [-1.1365315803475147f,-0.12466214936244238f,-0.24435810067538097f,1.318318557851863f,-0.20650192041706195f,1.0743721085620506f,0.41235554462691626f,0.4187125338920873f,0.18057820940913355f,0.4440039266006905f,-1.0663993573827404f,0.4435488441679096f,0f,0f,0f,1f], start_interpolation: 0, interpolation_duration: 1 }
$data merge entity $(bone_left_wing2) { transformation: [-0.6131299596570823f,-0.10662459919702985f,0.7827533758579248f,1.0519226239959885f,0.23991207684088853f,0.9189196243588026f,0.31309570318701063f,0.7745738615507822f,-0.7526711419715761f,0.37976034392014885f,-0.537836623175527f,-0.4923369661888069f,0f,0f,0f,1f], start_interpolation: 0, interpolation_duration: 1 }
$data merge entity $(bone_left_wing1) { transformation: [-0.9458029874648048f,-0.22033164284860474f,-0.48012684487892987f,0.5625f,-0.33321802125282307f,1.0128491737723775f,0.19160744404139488f,0.5188914763615533f,0.4099189801974461f,0.3149629017191676f,-0.9520377678042182f,-0.012495051570223403f,0f,0f,0f,1f], start_interpolation: 0, interpolation_duration: 1 }
$data merge entity $(bone_beak_down) { transformation: [-1.1f,-2.8439079554537894e-17f,1.3167502467931849e-16f,-1.4670297952721417e-16f,0f,1.075208172437929f,0.23222270759486152f,1.013537165993855f,-1.3471114790620887e-16f,0.23222270759486152f,-1.075208172437929f,1.1979207362429272f,0f,0f,0f,1f], start_interpolation: 0, interpolation_duration: 1 }
$data merge entity $(bone_beak_up) { transformation: [-1.1f,-4.120854698518277e-17f,1.282534561935017e-16f,-1.501708058982459e-16f,0f,1.0472689454853166f,0.33649332210620864f,1.1126982263799103f,-1.3471114790620887e-16f,0.33649332210620864f,-1.0472689454853166f,1.2262376874932484f,0f,0f,0f,1f], start_interpolation: 0, interpolation_duration: 1 }
$data merge entity $(bone_head) { transformation: [-1.1f,-3.699014795767191e-17f,1.2953309354862954e-16f,-8.540425912393113e-17f,0f,1.057717977451258f,0.3020474800034254f,1.263721966381623f,-1.3471114790620887e-16f,0.3020474800034254f,-1.057717977451258f,0.6973786987676194f,0f,0f,0f,1f], start_interpolation: 0, interpolation_duration: 1 }
$data merge entity $(bone_neck2) { transformation: [-1f,1.2141697760125282e-16f,1.5984848350717854e-17f,-7.541372890473246e-17f,0f,0.13052619222005174f,-0.9914448613738104f,0.6440689280229916f,-1.2246467991473532e-16f,-0.9914448613738104f,-0.13052619222005174f,0.615799828630087f,0f,0f,0f,1f], start_interpolation: 0, interpolation_duration: 1 }
$data merge entity $(bone_neck1) { transformation: [-1f,4.655648156090351e-17f,1.1326999537074162e-16f,-1.1699356508690297e-17f,0f,0.9249197029674564f,-0.38016252190687094f,0.4302275094503768f,-1.2246467991473532e-16f,-0.38016252190687094f,-0.9249197029674564f,0.09553249571089273f,0f,0f,0f,1f], start_interpolation: 0, interpolation_duration: 1 }
$data merge entity $(bone_body3) { transformation: [-1f,-2.7157918898368003e-17f,1.1941543144723064e-16f,6.123791821468085e-17f,0f,0.9751009967149085f,0.22176123693195787f,0.6297720948275323f,-1.2246467991473532e-16f,0.22176123693195787f,-0.9751009967149085f,-0.5000455499276777f,0f,0f,0f,1f], start_interpolation: 0, interpolation_duration: 1 }
$data merge entity $(bone_body2) { transformation: [-1f,2.3376522623060103e-18f,1.2244236688548255e-16f,9.184850993605148e-17f,0f,0.999817800289289f,-0.01908837931012905f,0.625f,-1.2246467991473532e-16f,-0.01908837931012905f,-0.999817800289289f,-0.75f,0f,0f,0f,1f], start_interpolation: 0, interpolation_duration: 1 }
$data merge entity $(bone_tail2) { transformation: [-1f,3.2018664087153747e-17f,1.1820491942678438e-16f,2.9164256785261153e-16f,0f,0.9652164159419945f,-0.2614522334884343f,0.1578017992954579f,-1.2246467991473532e-16f,-0.2614522334884343f,-0.9652164159419945f,-2.38144229059076f,0f,0f,0f,1f], start_interpolation: 0, interpolation_duration: 1 }
$data merge entity $(bone_tail1) { transformation: [-1f,6.608164748180142e-17f,1.0310583733576633e-16f,2.143131898507868e-16f,0f,0.8419230541210138f,-0.5395976009393895f,0.5625f,-1.2246467991473532e-16f,-0.5395976009393895f,-0.8419230541210138f,-1.75f,0f,0f,0f,1f], start_interpolation: 0, interpolation_duration: 1 }