# This file was generated by Animated Java via MC-Build. It is not recommended to edit this file directly.
$data merge entity $(bone_left_leg4) { transformation: [-0.8997829765105468f,-0.01837447577036043f,0.007278311753773671f,0.4774756754502738f,-0.018202200403451045f,0.8995760509650201f,0.02077518786084359f,-0.634452251291473f,-0.007699031256806363f,0.020622976757616207f,-0.8997307473613219f,-1.009460071419251f,0f,0f,0f,1f], start_interpolation: 0, interpolation_duration: 1 }
$data merge entity $(bone_left_leg3) { transformation: [-0.9954090758672113f,-0.002683101956368325f,0.09567430504098834f,0.4694837049179358f,-0.07268814977049662f,0.671505189092466f,-0.7374260735184472f,-0.08473422987722051f,-0.06226720295730474f,-0.7409949945753916f,-0.6686173894314226f,-1.5234177305113308f,0f,0f,0f,1f], start_interpolation: 0, interpolation_duration: 1 }
$data merge entity $(bone_left_leg2) { transformation: [-0.9950076085561501f,0.03939704186091514f,-0.09169368575851038f,0.4891822258483934f,-0.07301376326604311f,0.3389881061850679f,0.9379531194248417f,0.08475982321531345f,0.06803564719396266f,0.9399653913616558f,-0.33441921857636764f,-1.0534350348305028f,0f,0f,0f,1f], start_interpolation: 0, interpolation_duration: 1 }
$data merge entity $(bone_left_leg1) { transformation: [-0.9537169587565072f,-0.0058449350865628765f,0.3006489636005298f,0.3125000000000001f,-0.12708376616539035f,0.9139709411426841f,-0.3853658458192379f,0.3125f,-0.27253197786215694f,-0.4057375450714293f,-0.872412382742216f,-1f,0f,0f,0f,1f], start_interpolation: 0, interpolation_duration: 1 }
$data merge entity $(bone_right_leg4) { transformation: [-0.8997962024773796f,0.01782896858235941f,0.006994418244255035f,-0.4739997772562916f,0.018346030971094315f,0.8967393984106153f,0.0743093162784802f,-0.6441912618893373f,-0.005497013270310894f,0.07443506712200099f,-0.8968997734572401f,-0.9837670660072017f,0f,0f,0f,1f], start_interpolation: 0, interpolation_duration: 1 }
$data merge entity $(bone_right_leg3) { transformation: [-0.9959862496725203f,0.0017585910660537218f,-0.0894890933060018f,-0.4670877656251262f,0.06851009726154991f,0.6583834803514935f,-0.7495582428160384f,-0.10355626144971475f,0.05759997427500184f,-0.7526806096597124f,-0.6558613746866039f,-1.5072861873340733f,0f,0f,0f,1f], start_interpolation: 0, interpolation_duration: 1 }
$data merge entity $(bone_right_leg2) { transformation: [-0.9961611816232673f,-0.03924537286902924f,0.0782476896483631f,-0.48671045205964086f,0.05836469903039457f,0.368431070849085f,0.9278211616147198f,0.08065927397482775f,-0.06524156753195873f,0.9288263275453421f,-0.3647261865079138f,-1.042873023561402f,0f,0f,0f,1f], start_interpolation: 0, interpolation_duration: 1 }
$data merge entity $(bone_right_leg1) { transformation: [-0.9537169587565072f,-0.007305904257281303f,-0.3006170094043617f,-0.3124999999999999f,0.12708376616539033f,0.896247588009592f,-0.42495879490158683f,0.3125f,0.2725319778621567f,-0.4434939511988546f,-0.853838062101104f,-1f,0f,0f,0f,1f], start_interpolation: 0, interpolation_duration: 1 }
$data merge entity $(bone_right_wing3) { transformation: [-1.137123174788982f,0.1214983790834221f,0.24319661842733184f,-1.3264629375856218f,0.20426879384832317f,1.0720149449194116f,0.41953996675614164f,0.4135840442353962f,-0.17938983024168156f,0.45053042930094545f,-1.0638595711165684f,0.441307762007f,0f,0f,0f,1f], start_interpolation: 0, interpolation_duration: 1 }
$data merge entity $(bone_right_wing2) { transformation: [-0.6184959790266262f,0.10391859950364062f,-0.7788861589507784f,-1.0533814596496225f,-0.24383883068202927f,0.916903522198495f,0.3159597373584403f,0.7743515730310717f,0.7469975559394528f,0.3853425173234792f,-0.5417617518460381f,-0.4907649951852439f,0f,0f,0f,1f], start_interpolation: 0, interpolation_duration: 1 }
$data merge entity $(bone_right_wing1) { transformation: [-0.9472270807103182f,0.21944055252971853f,0.47772148013834487f,-0.5625f,0.3323962145301754f,1.012682546813744f,0.19390184902663976f,0.5186612409576973f,-0.40728948580356056f,0.31611867138053085f,-0.9527829613661184f,-0.012419830417726208f,0f,0f,0f,1f], start_interpolation: 0, interpolation_duration: 1 }
$data merge entity $(bone_left_wing3) { transformation: [-1.137123174788982f,-0.1214983790834222f,-0.24319661842733156f,1.3264629375856216f,-0.20426879384832317f,1.0720149449194116f,0.41953996675614164f,0.4135840442353962f,0.17938983024168142f,0.4505304293009454f,-1.0638595711165684f,0.4413077620070003f,0f,0f,0f,1f], start_interpolation: 0, interpolation_duration: 1 }
$data merge entity $(bone_left_wing2) { transformation: [-0.618495979026626f,-0.1039185995036407f,0.7788861589507784f,1.0533814596496225f,0.24383883068202927f,0.916903522198495f,0.3159597373584403f,0.7743515730310717f,-0.7469975559394529f,0.38534251732347913f,-0.541761751846038f,-0.49076499518524375f,0f,0f,0f,1f], start_interpolation: 0, interpolation_duration: 1 }
$data merge entity $(bone_left_wing1) { transformation: [-0.9472270807103182f,-0.21944055252971859f,-0.47772148013834465f,0.5625f,-0.3323962145301754f,1.012682546813744f,0.19390184902663976f,0.5186612409576973f,0.4072894858035604f,0.3161186713805308f,-0.9527829613661185f,-0.012419830417726097f,0f,0f,0f,1f], start_interpolation: 0, interpolation_duration: 1 }
$data merge entity $(bone_beak_down) { transformation: [-1.1f,-2.9143199625153766e-17f,1.3152097659999681e-16f,-1.4761068850327717e-16f,0f,1.0739502744102778f,0.23797228429816997f,1.0111384137773376f,-1.3471114790620887e-16f,0.23797228429816997f,-1.0739502744102778f,1.2053327425184919f,0f,0f,0f,1f], start_interpolation: 0, interpolation_duration: 1 }
$data merge entity $(bone_beak_up) { transformation: [-1.1f,-4.0521737077054024e-17f,1.2847210667871288e-16f,-1.5105685093120275e-16f,0f,1.0490543621896546f,0.3308850936063103f,1.1103498199442723f,-1.3471114790620887e-16f,0.3308850936063103f,-1.0490543621896546f,1.2334727942487125f,0f,0f,0f,1f], start_interpolation: 0, interpolation_duration: 1 }
$data merge entity $(bone_head) { transformation: [-1.1f,-3.675906589787291e-17f,1.295988597346609e-16f,-8.62574210638723e-17f,0f,1.0582549991139705f,0.30016055178902207f,1.2604300958387833f,-1.3471114790620887e-16f,0.30016055178902207f,-1.0582549991139705f,0.7043452946917274f,0f,0f,0f,1f], start_interpolation: 0, interpolation_duration: 1 }
$data merge entity $(bone_neck2) { transformation: [-1f,1.2125943850521493e-16f,1.713903147842884e-17f,-7.554552638985427e-17f,0f,0.13995081267808573f,-0.9901584570313701f,0.641581060194177f,-1.2246467991473532e-16f,-0.9901584570313701f,-0.13995081267808573f,0.6168760367679238f,0f,0f,0f,1f], start_interpolation: 0, interpolation_duration: 1 }
$data merge entity $(bone_neck1) { transformation: [-1f,4.605097549831169e-17f,1.1347645342656983e-16f,-1.171502133740874e-17f,0f,0.9266055609305195f,-0.3760347516555317f,0.43006151238794044f,-1.2246467991473532e-16f,-0.3760347516555317f,-0.9266055609305195f,0.09566040874450654f,0f,0f,0f,1f], start_interpolation: 0, interpolation_duration: 1 }
$data merge entity $(bone_body3) { transformation: [-1f,-2.7086921297742543e-17f,1.1943155580175818e-16f,6.123676845758121e-17f,0f,0.9752326620615109f,0.2211814975272994f,0.629251989721347f,-1.2246467991473532e-16f,0.2211814975272994f,-0.9752326620615109f,-0.5000361614484816f,0f,0f,0f,1f], start_interpolation: 0, interpolation_duration: 1 }
$data merge entity $(bone_body2) { transformation: [-1f,2.0828742409020257e-18f,1.224469659138811e-16f,9.184850993605148e-17f,0f,0.9998553542060736f,-0.017007958885388048f,0.625f,-1.2246467991473532e-16f,-0.017007958885388048f,-0.9998553542060736f,-0.75f,0f,0f,0f,1f], start_interpolation: 0, interpolation_duration: 1 }
$data merge entity $(bone_tail2) { transformation: [-1f,3.14209360239759e-17f,1.1836520859608955e-16f,2.9189202594729536e-16f,0f,0.9665252763368183f,-0.2565714134544946f,0.1609978034617991f,-1.2246467991473532e-16f,-0.2565714134544946f,-0.9665252763368183f,-2.383479270517197f,0f,0f,0f,1f], start_interpolation: 0, interpolation_duration: 1 }
$data merge entity $(bone_tail1) { transformation: [-1f,6.555978397881857e-17f,1.0343844812867806e-16f,2.143131898507868e-16f,0f,0.8446390273562625f,-0.5353362620509345f,0.5625f,-1.2246467991473532e-16f,-0.5353362620509345f,-0.8446390273562625f,-1.75f,0f,0f,0f,1f], start_interpolation: 0, interpolation_duration: 1 }