# This file was generated by Animated Java via MC-Build. It is not recommended to edit this file directly.
$data merge entity $(bone_left_leg4) { transformation: [-0.8997869434352868f,-0.01904922282921081f,0.0045369078663076365f,0.47886308003234174f,-0.01894087046591801f,0.8995657379656374f,0.020560313818898168f,-0.6353071538025774f,-0.004969894302457534f,0.020459965492183374f,-0.899753682939215f,-0.9994420455405764f,0f,0f,0f,1f], start_interpolation: 0, interpolation_duration: 1 }
$data merge entity $(bone_left_leg3) { transformation: [-0.995524933596874f,-0.0052865036301350254f,0.09435125577494101f,0.46900124882380667f,-0.07404512703522129f,0.6639900173365022f,-0.7440662443894426f,-0.0908105005258606f,-0.058714783055698036f,-0.7477227492572633f,-0.661410057750774f,-1.5188959788741005f,0f,0f,0f,1f], start_interpolation: 0, interpolation_duration: 1 }
$data merge entity $(bone_left_leg2) { transformation: [-0.9953226806266241f,0.03911017796435684f,-0.08833547084737589f,0.48855633780598506f,-0.06923365153249372f,0.3489400541855786f,0.9345841535573151f,0.08365952656692871f,0.0673755365522864f,0.9363285921964373f,-0.34460020967743155f,-1.050731682775882f,0f,0f,0f,1f], start_interpolation: 0, interpolation_duration: 1 }
$data merge entity $(bone_left_leg1) { transformation: [-0.9537169587565072f,-0.0024601184876298274f,0.3006957106399519f,0.3125000000000001f,-0.12708376616539035f,0.9095749129887789f,-0.39563012276452825f,0.3125f,-0.27253197786215694f,-0.4155327008533529f,-0.8677896608994939f,-1f,0f,0f,0f,1f], start_interpolation: 0, interpolation_duration: 1 }
$data merge entity $(bone_right_leg4) { transformation: [-0.899799777966454f,0.01892158569001813f,0.001527470620056065f,-0.4774074712912232f,0.01897304457665938f,0.8987665891027701f,0.04311196924364119f,-0.6393962210939408f,-0.000618991932037162f,0.04313457902365442f,-0.8989655304523307f,-0.98864468684905f,0f,0f,0f,1f], start_interpolation: 0, interpolation_duration: 1 }
$data merge entity $(bone_right_leg3) { transformation: [-0.995772975688235f,0.004914760992130757f,-0.0917170977156824f,-0.46798908193989497f,0.07225115537722737f,0.6584512684040846f,-0.7491473137398998f,-0.09873606268213347f,0.05670935933030413f,-0.7526073161094318f,-0.6560230760445125f,-1.5120987316783419f,0f,0f,0f,1f], start_interpolation: 0, interpolation_duration: 1 }
$data merge entity $(bone_right_leg2) { transformation: [-0.9958107974421734f,-0.039056673441228984f,0.08267667117928697f,-0.48751741866050946f,0.06306643008723573f,0.36132658445553173f,0.9303041033778964f,0.08192722954563239f,-0.06620786277803059f,0.931620993551243f,-0.35734974923869856f,-1.0462882349027203f,0f,0f,0f,1f], start_interpolation: 0, interpolation_duration: 1 }
$data merge entity $(bone_right_leg1) { transformation: [-0.9537169587565072f,-0.0030751230308099535f,-0.3006900500491895f,-0.3124999999999999f,0.12708376616539033f,0.9021385576281292f,-0.4123053955720916f,0.3125f,0.27253197786215677f,-0.4314354719526246f,-0.8599940433419041f,-1f,0f,0f,0f,1f], start_interpolation: 0, interpolation_duration: 1 }
$data merge entity $(bone_right_wing3) { transformation: [-1.139718925868327f,0.10682327122651888f,0.2378762802773217f,-1.3650023014416706f,0.19381104050356043f,1.0605638124234549f,0.45232427121846613f,0.3903544995058934f,-0.17445233324044876f,0.4803631485437397f,-1.0515575090905258f,0.42994099256393603f,0f,0f,0f,1f], start_interpolation: 0, interpolation_duration: 1 }
$data merge entity $(bone_right_wing2) { transformation: [-0.6436310114205029f,0.09136685463626948f,-0.75986263167213f,-1.0602356877983066f,-0.2610312752727816f,0.9071092709443824f,0.33017486866237467f,0.7732834741443531f,0.7194454770636103f,0.41085869644030404f,-0.5599940509434798f,-0.4832780609581061f,0f,0f,0f,1f], start_interpolation: 0, interpolation_duration: 1 }
$data merge entity $(bone_right_wing1) { transformation: [-0.9538573922451377f,0.21534891935335895f,0.4662531815481339f,-0.5625f,0.3285000470169812f,1.0118264920662783f,0.20470950191381435f,0.5175716361726963f,-0.39478463176807904f,0.32162572036033027f,-0.9561972085472495f,-0.012080765748229083f,0f,0f,0f,1f], start_interpolation: 0, interpolation_duration: 1 }
$data merge entity $(bone_left_wing3) { transformation: [-1.1397189258683267f,-0.106823271226519f,-0.23787628027732144f,1.3650023014416703f,-0.19381104050356043f,1.0605638124234549f,0.45232427121846613f,0.3903544995058934f,0.17445233324044845f,0.4803631485437397f,-1.0515575090905258f,0.4299409925639363f,0f,0f,0f,1f], start_interpolation: 0, interpolation_duration: 1 }
$data merge entity $(bone_left_wing2) { transformation: [-0.6436310114205027f,-0.09136685463626958f,0.75986263167213f,1.0602356877983066f,0.2610312752727816f,0.9071092709443824f,0.33017486866237467f,0.7732834741443531f,-0.7194454770636104f,0.41085869644030404f,-0.5599940509434795f,-0.4832780609581058f,0f,0f,0f,1f], start_interpolation: 0, interpolation_duration: 1 }
$data merge entity $(bone_left_wing1) { transformation: [-0.9538573922451377f,-0.215348919353359f,-0.46625318154813367f,0.5625f,-0.3285000470169812f,1.0118264920662783f,0.20470950191381435f,0.5175716361726963f,0.3947846317680788f,0.3216257203603302f,-0.9561972085472497f,-0.012080765748228972f,0f,0f,0f,1f], start_interpolation: 0, interpolation_duration: 1 }
$data merge entity $(bone_beak_down) { transformation: [-1.1f,-3.246480208673145e-17f,1.307406975493012e-16f,-1.5187141727711115e-16f,0f,1.0675788124406804f,0.26509522671626384f,0.9989794569822177f,-1.3471114790620887e-16f,0.26509522671626384f,-1.0675788124406804f,1.2401242332307563f,0f,0f,0f,1f], start_interpolation: 0, interpolation_duration: 1 }
$data merge entity $(bone_beak_up) { transformation: [-1.1f,-3.7255005438707194e-17f,1.294571664295584e-16f,-1.5521487618002808e-16f,0f,1.0570979854737834f,0.3042102054620611f,1.0984249115249867f,-1.3471114790620887e-16f,0.3042102054620611f,-1.0570979854737834f,1.2674256470363103f,0f,0f,0f,1f], start_interpolation: 0, interpolation_duration: 1 }
$data merge entity $(bone_head) { transformation: [-1.1f,-3.5663561631113855e-17f,1.2990459476859252e-16f,-9.026257879573182e-17f,0f,1.0607515151228677f,0.29121508059257745f,1.2440324518212753f,-1.3471114790620887e-16f,0.29121508059257745f,-1.0607515151228677f,0.7370498894748765f,0f,0f,0f,1f], start_interpolation: 0, interpolation_duration: 1 }
$data merge entity $(bone_neck2) { transformation: [-1f,1.20365021956891e-16f,2.2580064568900922e-17f,-7.615003844016875e-17f,0f,0.18438021954266354f,-0.9828549916653012f,0.629748082030462f,-1.2246467991473532e-16f,-0.9828549916653012f,-0.18438021954266354f,0.6218122522607118f,0f,0f,0f,1f], start_interpolation: 0, interpolation_duration: 1 }
$data merge entity $(bone_neck1) { transformation: [-1f,4.3645682367649594e-17f,1.14423128069813e-16f,-1.1787028900898942e-17f,0f,0.9343357460247217f,-0.35639404273981207f,0.42927643298931767f,-1.2246467991473532e-16f,-0.35639404273981207f,-0.9343357460247217f,0.09624839512180583f,0f,0f,0f,1f], start_interpolation: 0, interpolation_duration: 1 }
$data merge entity $(bone_body3) { transformation: [-1f,-2.675069305707927e-17f,1.1950731461958517e-16f,6.123312442027433e-17f,0f,0.9758512797550347f,0.21843598558951155f,0.626789628967452f,-1.2246467991473532e-16f,0.21843598558951155f,-0.9758512797550347f,-0.5000064056257464f,0f,0f,0f,1f], start_interpolation: 0, interpolation_duration: 1 }
$data merge entity $(bone_body2) { transformation: [-1f,8.766653546606245e-19f,1.224615420631086e-16f,9.184850993605148e-17f,0f,0.9999743774970146f,-0.007158515869808283f,0.625f,-1.2246467991473532e-16f,-0.007158515869808283f,-0.9999743774970146f,-0.75f,0f,0f,0f,1f], start_interpolation: 0, interpolation_duration: 1 }
$data merge entity $(bone_tail2) { transformation: [-1f,2.858069312145432e-17f,1.1908291988071096e-16f,2.9304595414530223e-16f,0f,0.9723858337246393f,-0.2333790701233474f,0.17626527398753078f,-1.2246467991473532e-16f,-0.2333790701233474f,-0.9723858337246393f,-2.3929018093162226f,0f,0f,0f,1f], start_interpolation: 0, interpolation_duration: 1 }
$data merge entity $(bone_tail1) { transformation: [-1f,6.306681612409673e-17f,1.0497701905935389e-16f,2.143131898507868e-16f,0f,0.8572024124216303f,-0.5149796346832923f,0.5625f,-1.2246467991473532e-16f,-0.5149796346832923f,-0.8572024124216303f,-1.75f,0f,0f,0f,1f], start_interpolation: 0, interpolation_duration: 1 }