# This file was generated by Animated Java via MC-Build. It is not recommended to edit this file directly.
$data merge entity $(bone_left_leg4) { transformation: [-0.8997868485595041f,-0.01919457107522842f,0.0038981534851831035f,0.4791806124917393f,-0.019100936259331104f,0.899563432550019f,0.020513045918285178f,-0.6354907422892728f,-0.004333750497317941f,0.020425456177689427f,-0.8997577559246499f,-0.9971324613776781f,0f,0f,0f,1f], start_interpolation: 0, interpolation_duration: 1 }
$data merge entity $(bone_left_leg3) { transformation: [-0.9955509800884258f,-0.005888898527353942f,0.0940402409562488f,0.4688864235364583f,-0.07434578252539269f,0.6622492327428614f,-0.7455861173279581f,-0.09220468539912943f,-0.057887396431881497f,-0.7492604851489417f,-0.6597406874891925f,-1.5178440322713098f,0f,0f,0f,1f], start_interpolation: 0, interpolation_duration: 1 }
$data merge entity $(bone_left_leg2) { transformation: [-0.9953935615131655f,0.03904909357081887f,-0.08756041336947627f,0.48841097032186775f,-0.06836276665344918f,0.3512297145625808f,0.9337902439754735f,0.08341017188216096f,0.06721748160725874f,0.9354746687642514f,-0.34694229241588936f,-1.050106697889184f,0f,0f,0f,1f], start_interpolation: 0, interpolation_duration: 1 }
$data merge entity $(bone_left_leg1) { transformation: [-0.9537169587565072f,-0.0016794517069785202f,0.30070108417197755f,0.3125000000000001f,-0.12708376616539035f,0.9085447228858302f,-0.39799020451957157f,0.3125f,-0.27253197786215694f,-0.41778423373587703f,-0.8667079410529633f,-1f,0f,0f,0f,1f], start_interpolation: 0, interpolation_duration: 1 }
$data merge entity $(bone_right_leg4) { transformation: [-0.8997967671962297f,0.019123677873374233f,0.00025037533733553163f,-0.47818808876894986f,0.019118437359870927f,0.8990800360209419f,0.03591064161914742f,-0.6382806596299864f,0.0005129289724892933f,0.035907851135616176f,-0.8992832496664729f,-0.9897640621311389f,0f,0f,0f,1f], start_interpolation: 0, interpolation_duration: 1 }
$data merge entity $(bone_right_leg3) { transformation: [-0.995721108501823f,0.005637874574749319f,-0.0922371316454502f,-0.46819486211004724f,0.07311550132132583f,0.6584656049647278f,-0.7490508464349843f,-0.09761577800425392f,0.056511923966822336f,-0.7525897032571696f,-0.6560603181117219f,-1.5132025696920335f,0f,0f,0f,1f], start_interpolation: 0, interpolation_duration: 1 }
$data merge entity $(bone_right_leg2) { transformation: [-0.9957271903225839f,-0.03901419425282765f,0.08369740198533819f,-0.48770195923646104f,0.06415236138370617f,0.35968471604721186f,0.9308659299657128f,0.08222658001935201f,-0.06642166048200712f,0.9322579029908193f,-0.35564499902286517f,-1.0470736181966238f,0f,0f,0f,1f], start_interpolation: 0, interpolation_duration: 1 }
$data merge entity $(bone_right_leg1) { transformation: [-0.9537169587565072f,-0.0020993027121405414f,-0.30069844613559527f,-0.3124999999999999f,0.12708376616539035f,0.9034718272306894f,-0.4093755901096934f,0.3125f,0.27253197786215677f,-0.4286423338035594f,-0.8613896160936576f,-1f,0f,0f,0f,1f], start_interpolation: 0, interpolation_duration: 1 }
$data merge entity $(bone_right_wing3) { transformation: [-1.1402704080130817f,0.10351257686423536f,0.23669412543865073f,-1.3738847940612735f,0.19143404140542994f,1.0578647257495828f,0.4595985158619489f,0.38525066527080637f,-0.17347037319792136f,0.48699377246762376f,-1.0486661342757704f,0.42714854100138666f,0f,0f,0f,1f], start_interpolation: 0, interpolation_duration: 1 }
$data merge entity $(bone_right_wing2) { transformation: [-0.6493631376536917f,0.08853518952181656f,-0.7553072458760665f,-1.0618041221222505f,-0.2646642965772509f,0.9048007191002863f,0.3335992638374275f,0.7730335238799535f,0.7129378132585069f,0.41652992561392344f,-0.5641121302491533f,-0.48154086517434624f,0f,0f,0f,1f], start_interpolation: 0, interpolation_duration: 1 }
$data merge entity $(bone_right_wing1) { transformation: [-0.9553603048465116f,0.21443517070208157f,0.46358964246482104f,-0.5625f,0.3276002767921831f,1.0116134531882537f,0.20718926392391285f,0.5173204411640112f,-0.39188755744521475f,0.3229038401840662f,-0.9569578692006862f,-0.012006560826263113f,0f,0f,0f,1f], start_interpolation: 0, interpolation_duration: 1 }
$data merge entity $(bone_left_wing3) { transformation: [-1.1402704080130817f,-0.10351257686423546f,-0.23669412543865054f,1.373884794061273f,-0.19143404140542994f,1.0578647257495828f,0.4595985158619489f,0.38525066527080637f,0.17347037319792097f,0.4869937724676239f,-1.0486661342757706f,0.42714854100138716f,0f,0f,0f,1f], start_interpolation: 0, interpolation_duration: 1 }
$data merge entity $(bone_left_wing2) { transformation: [-0.6493631376536915f,-0.08853518952181665f,0.7553072458760666f,1.0618041221222505f,0.2646642965772509f,0.9048007191002863f,0.3335992638374275f,0.7730335238799535f,-0.7129378132585071f,0.4165299256139235f,-0.5641121302491531f,-0.48154086517434597f,0f,0f,0f,1f], start_interpolation: 0, interpolation_duration: 1 }
$data merge entity $(bone_left_wing1) { transformation: [-0.9553603048465116f,-0.21443517070208165f,-0.4635896424648208f,0.5625f,-0.3276002767921831f,1.0116134531882537f,0.20718926392391285f,0.5173204411640112f,0.3918875574452145f,0.32290384018406615f,-0.9569578692006863f,-0.012006560826263002f,0f,0f,0f,1f], start_interpolation: 0, interpolation_duration: 1 }
$data merge entity $(bone_beak_down) { transformation: [-1.1f,-3.322795242312996e-17f,1.3054882821371735e-16f,-1.5284503036989187e-16f,0f,1.0660120804187014f,0.27132682211936165f,0.9959880753164111f,-1.3471114790620887e-16f,0.27132682211936165f,-1.0660120804187014f,1.2480743874585598f,0f,0f,0f,1f], start_interpolation: 0, interpolation_duration: 1 }
$data merge entity $(bone_beak_up) { transformation: [-1.1f,-3.6498163192687347e-17f,1.296725778789349e-16f,-1.5616476968255905e-16f,0f,1.0588569534433765f,0.2980301195258811f,1.0954865007928585f,-1.3471114790620887e-16f,0.2980301195258811f,-1.0588569534433765f,1.2751821161112498f,0f,0f,0f,1f], start_interpolation: 0, interpolation_duration: 1 }
$data merge entity $(bone_head) { transformation: [-1.1f,-3.541055266844987e-17f,1.2997379016526146e-16f,-9.117787459992831e-17f,0f,1.0613165384154375f,0.2891491056286928f,1.2400610536072048f,-1.3471114790620887e-16f,0.2891491056286928f,-1.0613165384154375f,0.744523846903531f,0f,0f,0f,1f], start_interpolation: 0, interpolation_duration: 1 }
$data merge entity $(bone_neck2) { transformation: [-1f,1.2012404861563157e-16f,2.3828780304664258e-17f,-7.628488690951316e-17f,0f,0.19457675732508972f,-0.980887295008378f,0.6270064942269686f,-1.2246467991473532e-16f,-0.980887295008378f,-0.19457675732508972f,0.6229133735753499f,0f,0f,0f,1f], start_interpolation: 0, interpolation_duration: 1 }
$data merge entity $(bone_neck1) { transformation: [-1f,4.308817485255466e-17f,1.146342314254091e-16f,-1.1803131732720547e-17f,0f,0.9360595357389732f,-0.351841648404702f,0.4290955669993237f,-1.2246467991473532e-16f,-0.351841648404702f,-0.9360595357389732f,0.09637988472217751f,0f,0f,0f,1f], start_interpolation: 0, interpolation_duration: 1 }
$data merge entity $(bone_body3) { transformation: [-1f,-2.667312188482188e-17f,1.1952465183189621e-16f,6.123270554441322e-17f,0f,0.9759928488370193f,0.21780256889898983f,0.6262217256135061f,-1.2246467991473532e-16f,0.21780256889898983f,-0.9759928488370193f,-0.5000029852447727f,0f,0f,0f,1f], start_interpolation: 0, interpolation_duration: 1 }
$data merge entity $(bone_body2) { transformation: [-1f,5.984729448066522e-19f,1.2246321756655307e-16f,9.184850993605148e-17f,0f,0.9999880590209089f,-0.0048869024540245595f,0.625f,-1.2246467991473532e-16f,-0.0048869024540245595f,-0.9999880590209089f,-0.75f,0f,0f,0f,1f], start_interpolation: 0, interpolation_duration: 1 }
$data merge entity $(bone_tail2) { transformation: [-1f,2.7923295731178235e-17f,1.1923878304531518e-16f,2.933057035577387e-16f,0f,0.973658553048388f,-0.22801101305796506f,0.1798179436880657f,-1.2246467991473532e-16f,-0.22801101305796506f,-0.973658553048388f,-2.3950228242293985f,0f,0f,0f,1f], start_interpolation: 0, interpolation_duration: 1 }
$data merge entity $(bone_tail1) { transformation: [-1f,6.248671404713834e-17f,1.0532335160926916e-16f,2.143131898507868e-16f,0f,0.8600304323058647f,-0.5102427417492458f,0.5625f,-1.2246467991473532e-16f,-0.5102427417492458f,-0.8600304323058647f,-1.75f,0f,0f,0f,1f], start_interpolation: 0, interpolation_duration: 1 }