# This file was generated by Animated Java via MC-Build. It is not recommended to edit this file directly.
$data merge entity $(bone_left_leg4) { transformation: [-0.899786455729516f,-0.019317251566981886f,0.003343333308777535f,0.4794547196609114f,-0.019236350423171678f,0.8995614630594848f,0.02047283567747027f,-0.6356455498506932f,-0.0037811252442339557f,0.02039651857983832f,-0.8997609044194521f,-0.9951336665604028f,0f,0f,0f,1f], start_interpolation: 0, interpolation_duration: 1 }
$data merge entity $(bone_left_leg3) { transformation: [-0.9955733150248034f,-0.006410906824400486f,0.09376926300346176f,0.4687859606048947f,-0.07460227427421391f,0.6607402270365179f,-0.7468981544018212f,-0.09340924492319086f,-0.05716882965076746f,-0.7505872718408038f,-0.6582936064302477f,-1.5169307700391153f,0f,0f,0f,1f], start_interpolation: 0, interpolation_duration: 1 }
$data merge entity $(bone_left_leg2) { transformation: [-0.9954543724360931f,0.03899775776133019f,-0.08688939686436158f,0.4882848394855598f,-0.06760925316377747f,0.3532098436456633f,0.9330979558644648f,0.0831956768996408f,0.06707891833132196f,0.9347309673063128f,-0.34896767396723904f,-1.0495652863859588f,0f,0f,0f,1f], start_interpolation: 0, interpolation_duration: 1 }
$data merge entity $(bone_left_leg1) { transformation: [-0.9537169587565072f,-0.0010037391976162643f,0.3007040988876972f,0.3125000000000001f,-0.12708376616539035f,0.9076481014563367f,-0.4000307991891725f,0.3125f,-0.272531977862157f,-0.41973076659965114f,-0.865766945899536f,-1f,0f,0f,0f,1f], start_interpolation: 0, interpolation_duration: 1 }
$data merge entity $(bone_right_leg4) { transformation: [-0.899792984436991f,0.019283315990598862f,-0.0008595826774612861f,-0.4788621415887285f,0.019244501721708496f,0.8993047110681804f,0.029676350922232142f,-0.637312157685673f,0.0014947613374164392f,0.029651144581331446f,-0.8995101863311841f,-0.9907312490630967f,0f,0f,0f,1f], start_interpolation: 0, interpolation_duration: 1 }
$data merge entity $(bone_right_leg3) { transformation: [-0.9956754047949861f,0.006262308002368655f,-0.09268911362627191f,-0.46837234098531f,0.07386409353142985f,0.6584776265990698f,-0.7489668290086255f,-0.09664351092333157f,0.05634344658538961f,-0.7525742480094169f,-0.6560925371164802f,-1.5141561515003794f,0f,0f,0f,1f], start_interpolation: 0, interpolation_duration: 1 }
$data merge entity $(bone_right_leg2) { transformation: [-0.9956539782253498f,-0.03897774135579529f,0.08458067937085414f,-0.4878612116632077f,0.065092755443839f,0.35826257146473817f,0.9313489480727414f,0.08248777480903752f,-0.0666039700976081f,0.9328068747421807f,-0.3541683859422844f,-1.047752714129289f,0f,0f,0f,1f], start_interpolation: 0, interpolation_duration: 1 }
$data merge entity $(bone_right_leg1) { transformation: [-0.9537169587565072f,-0.0012546669038803087f,-0.3007031566033169f,-0.3124999999999999f,0.1270837661653903f,0.9046181522887173f,-0.40683622617334275f,0.3125f,0.27253197786215666f,-0.42622109797698565f,-0.8625902252412982f,-1f,0f,0f,0f,1f], start_interpolation: 0, interpolation_duration: 1 }
$data merge entity $(bone_right_wing3) { transformation: [-1.1407337474800936f,0.1006701917253142f,0.23568537467261913f,-1.381570776113931f,0.18938951656900435f,1.0555139713960262f,0.4658083652942593f,0.3809119781126844f,-0.17266642508126254f,0.4926574211988891f,-1.046150341472907f,0.4246817633668836f,0f,0f,0f,1f], start_interpolation: 0, interpolation_duration: 1 }
$data merge entity $(bone_right_wing2) { transformation: [-0.6543044428279005f,0.0861040732788267f,-0.751313373140972f,-1.0631579118821084f,-0.2677071084166942f,0.9027900988595755f,0.336605022993256f,0.7728161064133563f,0.7072613379782917f,0.4213740926610373f,-0.5676489001444859f,-0.48003406507737306f,0f,0f,0f,1f], start_interpolation: 0, interpolation_duration: 1 }
$data merge entity $(bone_right_wing1) { transformation: [-0.9566531962111797f,0.21365336547428024f,0.46127867142494094f,-0.5625f,0.3268211458263019f,1.011424375725704f,0.20933175091171422f,0.5171030521208845f,-0.38937605464489994f,0.3240124730940068f,-0.957608122594931f,-0.011943540569279432f,0f,0f,0f,1f], start_interpolation: 0, interpolation_duration: 1 }
$data merge entity $(bone_left_wing3) { transformation: [-1.1407337474800936f,-0.10067019172531431f,-0.23568537467261888f,1.381570776113931f,-0.18938951656900435f,1.0555139713960262f,0.4658083652942593f,0.3809119781126844f,0.17266642508126215f,0.49265742119888906f,-1.046150341472907f,0.42468176336688396f,0f,0f,0f,1f], start_interpolation: 0, interpolation_duration: 1 }
$data merge entity $(bone_left_wing2) { transformation: [-0.6543044428279002f,-0.0861040732788268f,0.751313373140972f,1.0631579118821086f,0.2677071084166942f,0.9027900988595755f,0.336605022993256f,0.7728161064133563f,-0.7072613379782919f,0.42137409266103726f,-0.5676489001444857f,-0.48003406507737284f,0f,0f,0f,1f], start_interpolation: 0, interpolation_duration: 1 }
$data merge entity $(bone_left_wing1) { transformation: [-0.9566531962111797f,-0.2136533654742803f,-0.46127867142494067f,0.5625f,-0.3268211458263019f,1.011424375725704f,0.20933175091171422f,0.5171030521208845f,0.38937605464489966f,0.32401247309400677f,-0.9576081225949311f,-0.01194354056927932f,0f,0f,0f,1f], start_interpolation: 0, interpolation_duration: 1 }
$data merge entity $(bone_beak_down) { transformation: [-1.1f,-3.388757987022461e-17f,1.3037915976392713e-16f,-1.5368486921773944e-16f,0f,1.0646266323865963f,0.27671308898058167f,0.9933425353958961f,-1.3471114790620887e-16f,0.27671308898058167f,-1.0646266323865963f,1.2549321920797147f,0f,0f,0f,1f], start_interpolation: 0, interpolation_duration: 1 }
$data merge entity $(bone_beak_up) { transformation: [-1.1f,-3.584207484157484e-17f,1.2985545441474314e-16f,-1.5698406796392444e-16f,0f,1.06035025368256f,0.29267275157645045f,1.0928865051104184f,-1.3471114790620887e-16f,0.29267275157645045f,-1.06035025368256f,1.2818721942785694f,0f,0f,0f,1f], start_interpolation: 0, interpolation_duration: 1 }
$data merge entity $(bone_head) { transformation: [-1.1f,-3.5191453292639914e-17f,1.3003328414433142e-16f,-9.196742589175873e-17f,0f,1.06180234362157f,0.2873600234544489f,1.2365665168376427f,-1.3471114790620887e-16f,0.2873600234544489f,-1.06180234362157f,0.7509710224677844f,0f,0f,0f,1f], start_interpolation: 0, interpolation_duration: 1 }
$data merge entity $(bone_neck2) { transformation: [-1f,1.1990501529534244e-16f,2.4907531664985883e-17f,-7.640021860114254e-17f,0f,0.20338543065908865f,-0.9790987522183945f,0.624629796701146f,-1.2246467991473532e-16f,-0.9790987522183945f,-0.20338543065908865f,0.6238551283058539f,0f,0f,0f,1f], start_interpolation: 0, interpolation_duration: 1 }
$data merge entity $(bone_neck1) { transformation: [-1f,4.2604801534508395e-17f,1.1481475825356134e-16f,-1.1816917083514291e-17f,0f,0.9375336491590868f,-0.34789460572772085f,0.4289390809793031f,-1.2246467991473532e-16f,-0.34789460572772085f,-0.9375336491590868f,0.09649245065386758f,0f,0f,0f,1f], start_interpolation: 0, interpolation_duration: 1 }
$data merge entity $(bone_body3) { transformation: [-1f,-2.660597137712547e-17f,1.1953961733960068e-16f,6.123247054266578e-17f,0f,0.9761150514812009f,0.21725424339205052f,0.6257301738169098f,-1.2246467991473532e-16f,0.21725424339205052f,-0.9761150514812009f,-0.5000010663098798f,0f,0f,0f,1f], start_interpolation: 0, interpolation_duration: 1 }
$data merge entity $(bone_body2) { transformation: [-1f,3.576820110798811e-19f,1.2246415757354283e-16f,9.184850993605148e-17f,0f,0.9999957347604806f,-0.002920695267638908f,0.625f,-1.2246467991473532e-16f,-0.002920695267638908f,-0.9999957347604806f,-0.75f,0f,0f,0f,1f], start_interpolation: 0, interpolation_duration: 1 }
$data merge entity $(bone_tail2) { transformation: [-1f,2.7353601032361487e-17f,1.1937075997572006e-16f,2.935285879093756e-16f,0f,0.974736226468159f,-0.2233591028156537f,0.1829023509411818f,-1.2246467991473532e-16f,-0.2233591028156537f,-0.974736226468159f,-2.3968428130767307f,0f,0f,0f,1f], start_interpolation: 0, interpolation_duration: 1 }
$data merge entity $(bone_tail1) { transformation: [-1f,6.198307278449893e-17f,1.0562053074478506e-16f,2.143131898507868e-16f,0f,0.8624570841023076f,-0.5061301987450909f,0.5625f,-1.2246467991473532e-16f,-0.5061301987450909f,-0.8624570841023076f,-1.75f,0f,0f,0f,1f], start_interpolation: 0, interpolation_duration: 1 }