# This file was generated by Animated Java via MC-Build. It is not recommended to edit this file directly.
$data merge entity $(bone_left_leg4) { transformation: [-0.899783316610631f,-0.0184074543880052f,0.007151836975660915f,0.4775405873895523f,-0.018238156963984488f,0.8995755615925725f,0.020764840860554745f,-0.6344941385068703f,-0.007573161805348283f,0.020614912281176623f,-0.8997320004378576f,-1.0089940054244086f,0f,0f,0f,1f], start_interpolation: 0, interpolation_duration: 1 }
$data merge entity $(bone_left_leg3) { transformation: [-0.9954145671764729f,-0.002803879530092243f,0.09561368998452008f,0.4694618221179506f,-0.07275317682751982f,0.6711568537300444f,-0.7377367097770657f,-0.08501795384827032f,-0.062103258484388746f,-0.7413100673475087f,-0.6682833002064714f,-1.5232088496721357f,0f,0f,0f,1f], start_interpolation: 0, interpolation_duration: 1 }
$data merge entity $(bone_left_leg2) { transformation: [-0.9950225410396398f,0.039382907072821105f,-0.09153758492287112f,0.4891532756543612f,-0.07283781000358405f,0.3394518295555056f,0.937799077012396f,0.08470796092948249f,0.06800585457811775f,0.9397986178123022f,-0.3348936573021151f,-1.0533095407659845f,0f,0f,0f,1f], start_interpolation: 0, interpolation_duration: 1 }
$data merge entity $(bone_left_leg1) { transformation: [-0.9537169587565072f,-0.005687514863318587f,0.30065198278893546f,0.3125000000000001f,-0.12708376616539033f,0.9137690387817169f,-0.38584434703797f,0.3125f,-0.2725319778621569f,-0.40619428348835307f,-0.8721998194817081f,-1f,0f,0f,0f,1f], start_interpolation: 0, interpolation_duration: 1 }
$data merge entity $(bone_right_leg4) { transformation: [-0.8998686343687156f,0.015078969277162416f,0.003010907657391336f,-0.4702640253837354f,0.015145281425926214f,0.8996267924380704f,0.02102985444834804f,-0.6128994374971235f,-0.002657316298907128f,0.02107745271914052f,-0.8997492315400777f,-0.9536708201134713f,0f,0f,0f,1f], start_interpolation: 0, interpolation_duration: 1 }
$data merge entity $(bone_right_leg3) { transformation: [-0.995976749572814f,-0.0032839665823648084f,-0.08955182786441623f,-0.467130011078983f,0.06868384497052085f,0.61388807439181f,-0.7863993651825902f,-0.10333342137935414f,0.057557308401605764f,-0.789386247462547f,-0.6111926934826373f,-1.5075109623677168f,0f,0f,0f,1f], start_interpolation: 0, interpolation_duration: 1 }
$data merge entity $(bone_right_leg2) { transformation: [-0.9961453230591064f,-0.03923643405084576f,0.07845379270909822f,-0.4867482281044059f,0.05858312331422033f,0.368101168490806f,0.9279383316893717f,0.08071716286604885f,-0.06528792392333646f,0.9289574974123828f,-0.3643836645502976f,-1.0430322136615253f,0f,0f,0f,1f], start_interpolation: 0, interpolation_duration: 1 }
$data merge entity $(bone_right_leg1) { transformation: [-0.9537169587565072f,-0.007109149333959613f,-0.3006217267197867f,-0.3124999999999999f,0.12708376616539033f,0.8965255309086004f,-0.4243721112493992f,0.3125f,0.27253197786215666f,-0.4429350205445485f,-0.8541281453141216f,-1f,0f,0f,0f,1f], start_interpolation: 0, interpolation_duration: 1 }
$data merge entity $(bone_right_wing3) { transformation: [-0.8090420946986732f,0.0015505714977980369f,-0.8440403134389827f,-0.5770511808407849f,-0.07000057465493327f,1.165015688290562f,0.06923822326872028f,0.5961939639043343f,0.8411339813193407f,0.09844596356103313f,-0.8060754206058991f,0.8900941685175906f,0f,0f,0f,1f], start_interpolation: 0, interpolation_duration: 1 }
$data merge entity $(bone_right_wing2) { transformation: [0.3376707226217275f,0.0013262170219637132f,-0.9412633660312778f,-1.2812818307898255f,-0.07970232328544913f,0.9964478509116517f,-0.027188601958401906f,0.6611148712401772f,0.9378838002370135f,0.08420167196654302f,0.336576968450036f,0.13290806484951423f,0f,0f,0f,1f], start_interpolation: 0, interpolation_duration: 1 }
$data merge entity $(bone_right_wing1) { transformation: [-0.9321689801612622f,-0.02807661163810333f,-0.5512565713124395f,-0.5625f,0.004112534366218405f,1.0815476313444445f,-0.062039659133642934f,0.6728218380770716f,0.5519557868138627f,-0.055475545272264365f,-0.930525864439321f,-0.0026348311425168913f,0f,0f,0f,1f], start_interpolation: 0, interpolation_duration: 1 }
$data merge entity $(bone_left_wing3) { transformation: [-0.8090420946986728f,-0.0015505714977980694f,0.8440403134389827f,0.5770511808407848f,0.07000057465493327f,1.165015688290562f,0.06923822326872028f,0.5961939639043343f,-0.8411339813193407f,0.09844596356103315f,-0.8060754206058989f,0.8900941685175908f,0f,0f,0f,1f], start_interpolation: 0, interpolation_duration: 1 }
$data merge entity $(bone_left_wing2) { transformation: [0.3376707226217277f,-0.001326217021963741f,0.9412633660312776f,1.2812818307898255f,0.07970232328544913f,0.9964478509116517f,-0.027188601958401906f,0.6611148712401772f,-0.9378838002370133f,0.08420167196654303f,0.33657696845003615f,0.13290806484951453f,0f,0f,0f,1f], start_interpolation: 0, interpolation_duration: 1 }
$data merge entity $(bone_left_wing1) { transformation: [-0.9321689801612618f,0.028076611638103342f,0.5512565713124398f,0.5625f,-0.004112534366218405f,1.0815476313444445f,-0.062039659133642934f,0.6728218380770716f,-0.5519557868138629f,-0.05547554527226435f,-0.9305258644393208f,-0.0026348311425167803f,0f,0f,0f,1f], start_interpolation: 0, interpolation_duration: 1 }
$data merge entity $(bone_beak_down) { transformation: [-1.1f,3.927338549448833e-18f,1.3465388736359044e-16f,-1.2961023555632572e-16f,0f,1.0995324321865023f,-0.032069152936039916f,1.449496411766166f,-1.3471114790620887e-16f,-0.032069152936039916f,-1.0995324321865023f,1.0583478897471938f,0f,0f,0f,1f], start_interpolation: 0, interpolation_duration: 1 }
$data merge entity $(bone_beak_up) { transformation: [-1.1f,-7.534450764888021e-18f,1.345002803784437e-16f,-1.2995859367753938e-16f,0f,1.0982781359661253f,0.06152345941812617f,1.552582172683035f,-1.3471114790620887e-16f,0.06152345941812617f,-1.0982781359661253f,1.0611924496762788f,0f,0f,0f,1f], start_interpolation: 0, interpolation_duration: 1 }
$data merge entity $(bone_head) { transformation: [-1.1f,-3.715819959612429e-18f,1.3465989028748031e-16f,-6.262864853379921e-17f,0f,1.0995814497799345f,0.03034197257690574f,1.5677531589714877f,-1.3471114790620887e-16f,0.03034197257690574f,-1.0995814497799345f,0.5114017247863115f,0f,0f,0f,1f], start_interpolation: 0, interpolation_duration: 1 }
$data merge entity $(bone_neck2) { transformation: [-1f,1.2177871079234847e-16f,-1.294385662668302e-17f,-7.07185589254761e-17f,0f,-0.10569461036190214f,-0.9943986370366995f,0.9462540108235504f,-1.2246467991473532e-16f,-0.9943986370366995f,0.10569461036190214f,0.5774608562625003f,0f,0f,0f,1f], start_interpolation: 0, interpolation_duration: 1 }
$data merge entity $(bone_neck1) { transformation: [-1f,7.243905350747164e-17f,9.874300660583632e-17f,-1.5175617709693164e-17f,0f,0.8062978376670322f,-0.5915097606747229f,0.6135297704440188f,-1.2246467991473532e-16f,-0.5915097606747229f,-0.8062978376670322f,0.12391832257479474f,0f,0f,0f,1f], start_interpolation: 0, interpolation_duration: 1 }
$data merge entity $(bone_body3) { transformation: [-1f,3.122954540356937e-18f,1.2242485442734836e-16f,6.153510096617187e-17f,0f,0.999674800216563f,-0.025500859043858723f,0.6600714085551422f,-1.2246467991473532e-16f,-0.025500859043858723f,-0.999674800216563f,-0.5024722312507983f,0f,0f,0f,1f], start_interpolation: 0, interpolation_duration: 1 }
$data merge entity $(bone_body2) { transformation: [-1f,1.7180035291457594e-17f,1.2125363587951846e-16f,9.184850993605148e-17f,0f,0.990111074996807f,-0.14028563422056878f,0.625f,-1.2246467991473532e-16f,-0.14028563422056878f,-0.990111074996807f,-0.75f,0f,0f,0f,1f], start_interpolation: 0, interpolation_duration: 1 }
$data merge entity $(bone_tail2) { transformation: [-1f,3.128921786046419e-17f,1.1840009574446714e-16f,2.919466866076246e-16f,0f,0.9668101515220706f,-0.25549585302675804f,0.1617028909051586f,-1.2246467991473532e-16f,-0.25549585302675804f,-0.9668101515220706f,-2.383925608680717f,0f,0f,0f,1f], start_interpolation: 0, interpolation_duration: 1 }
$data merge entity $(bone_tail1) { transformation: [-1f,6.544465290140134e-17f,1.0351132900911705e-16f,2.143131898507868e-16f,0f,0.8452341449076229f,-0.5343961454597885f,0.5625f,-1.2246467991473532e-16f,-0.5343961454597885f,-0.8452341449076229f,-1.75f,0f,0f,0f,1f], start_interpolation: 0, interpolation_duration: 1 }