# This file was generated by Animated Java via MC-Build. It is not recommended to edit this file directly.
$data merge entity $(bone_left_leg4) { transformation: [-0.8996759907055863f,-0.021424323590117894f,-0.0111404715621823f,0.486115894962564f,-0.021664511779497006f,0.8995237415869659f,0.019689775284175426f,-0.6382971184779719f,0.010665865050613905f,0.019950856625498448f,-0.8997156232069282f,-0.9450734950327219f,0f,0f,0f,1f], start_interpolation: 0, interpolation_duration: 1 }
$data merge entity $(bone_left_leg3) { transformation: [-0.9960630485767422f,-0.019699731709068177f,0.08643103511237887f,0.46593915648623924f,-0.07988093433107088f,0.6222165454218669f,-0.7787590172406821f,-0.12296227083402911f,-0.03843747637920141f,-0.7825972726593602f,-0.6213405420827852f,-1.493187665647068f,0f,0f,0f,1f], start_interpolation: 0, interpolation_duration: 1 }
$data merge entity $(bone_left_leg2) { transformation: [-0.9968156597466152f,0.03817664355429662f,-0.07000774507758685f,0.48502747826338755f,-0.048793917136947224f,0.4023658702081117f,0.9141776961521769f,0.07822066427002675f,0.06306896332074063f,0.9146825954278333f,-0.39922181238886495f,-1.0358463679331513f,0f,0f,0f,1f], start_interpolation: 0, interpolation_duration: 1 }
$data merge entity $(bone_left_leg1) { transformation: [-0.9537169587565072f,0.015947362345607296f,0.30028260724600203f,0.3125000000000001f,-0.12708376616539033f,0.8836569343866939f,-0.45055536695009035f,0.3125f,-0.27253197786215694f,-0.46786333896184695f,-0.8407319531800922f,-1f,0f,0f,0f,1f], start_interpolation: 0, interpolation_duration: 1 }
$data merge entity $(bone_right_leg4) { transformation: [-0.8994420623512521f,0.026986470372338252f,-0.016604423813225237f,-0.5074484566363375f,0.026636776640113498f,0.8994074665745728f,0.018886270148775697f,-0.6889450794345877f,0.017159796139552583f,0.01838313049376339f,-0.8996485991261793f,-1.1086681408648889f,0f,0f,0f,1f], start_interpolation: 0, interpolation_duration: 1 }
$data merge entity $(bone_right_leg3) { transformation: [-0.9942837898780841f,0.03811318034710666f,-0.09973530302507204f,-0.47263011493694057f,0.09277069766221788f,0.7707886060589165f,-0.6303003430310162f,-0.07145985345096176f,0.05285208454677459f,-0.6359499274735236f,-0.7699184027580318f,-1.5375106862976546f,0f,0f,0f,1f], start_interpolation: 0, interpolation_duration: 1 }
$data merge entity $(bone_right_leg2) { transformation: [-0.9935612326942821f,-0.038159113506350706f,0.1066768903906931f,-0.4917096716901159f,0.08881470357430725f,0.32226501666101537f,0.9424739823812026f,0.08967265487954593f,-0.07034220152956869f,0.9458800881152348f,-0.31680093685323696f,-1.0645706422400372f,0f,0f,0f,1f], start_interpolation: 0, interpolation_duration: 1 }
$data merge entity $(bone_right_leg1) { transformation: [-0.9537169587565072f,0.01992894708715696f,-0.3000446627557904f,-0.3124999999999999f,0.12708376616539033f,0.9310274632292953f,-0.34210755485671995f,0.3125f,0.2725319778621567f,-0.3644045825464062f,-0.890469326401376f,-1f,0f,0f,0f,1f], start_interpolation: 0, interpolation_duration: 1 }
$data merge entity $(bone_right_wing3) { transformation: [-0.8127411983799119f,0.11498456839973173f,-0.8325778398819381f,-0.7753162475344183f,-0.11444232236113688f,1.132249074859447f,0.2680868391194876f,0.40906638490199443f,0.8326525477563476f,0.26785471339219663f,-0.7758215988260507f,1.0422996958728503f,0f,0f,0f,1f], start_interpolation: 0, interpolation_duration: 1 }
$data merge entity $(bone_right_wing2) { transformation: [0.10075211246223376f,0.09834728169028786f,-0.990038799249064f,-1.273548866919917f,-0.2387210822507379f,0.9684222870816955f,0.07190631941974489f,0.6658093586865004f,0.9658474293196797f,0.22909842004603415f,0.12104816070051239f,0.17090218008711366f,0f,0f,0f,1f], start_interpolation: 0, interpolation_duration: 1 }
$data merge entity $(bone_right_wing1) { transformation: [-0.9025878677436339f,0.005593646070960827f,-0.5990951203579814f,-0.5625f,0.01159246931851898f,1.0832463658493414f,-0.0073509618693577f,0.660148975127292f,0.5990090706894268f,-0.012535274585679384f,-0.902575266243188f,-0.0009515917942868879f,0f,0f,0f,1f], start_interpolation: 0, interpolation_duration: 1 }
$data merge entity $(bone_left_wing3) { transformation: [-0.8127411983799114f,-0.11498456839973181f,0.8325778398819382f,0.7753162475344181f,0.11444232236113688f,1.132249074859447f,0.2680868391194876f,0.40906638490199443f,-0.8326525477563478f,0.26785471339219663f,-0.7758215988260506f,1.0422996958728503f,0f,0f,0f,1f], start_interpolation: 0, interpolation_duration: 1 }
$data merge entity $(bone_left_wing2) { transformation: [0.10075211246223403f,-0.09834728169028793f,0.9900387992490638f,1.273548866919917f,0.2387210822507379f,0.9684222870816955f,0.07190631941974489f,0.6658093586865004f,-0.9658474293196797f,0.22909842004603415f,0.12104816070051266f,0.17090218008711397f,0f,0f,0f,1f], start_interpolation: 0, interpolation_duration: 1 }
$data merge entity $(bone_left_wing1) { transformation: [-0.9025878677436335f,-0.005593646070960824f,0.5990951203579816f,0.5625f,-0.01159246931851898f,1.0832463658493414f,-0.0073509618693577f,0.660148975127292f,-0.5990090706894271f,-0.012535274585679384f,-0.9025752662431878f,-0.0009515917942867769f,0f,0f,0f,1f], start_interpolation: 0, interpolation_duration: 1 }
$data merge entity $(bone_beak_down) { transformation: [-1.1f,-1.9120618092445047e-17f,1.3334727344033454e-16f,-1.5841232423048396e-16f,0f,1.0888631198250474f,0.15613169532437898f,1.385483747615464f,-1.3471114790620887e-16f,0.15613169532437898f,-1.0888631198250474f,1.2935347917520117f,0f,0f,0f,1f], start_interpolation: 0, interpolation_duration: 1 }
$data merge entity $(bone_beak_up) { transformation: [-1.1f,1.2958297132925415e-17f,1.3408644937361604e-16f,-1.5820073035481455e-16f,0f,1.0948989493703183f,-0.10581252604381508f,1.4885942725343195f,-1.3471114790620887e-16f,-0.10581252604381508f,-1.0948989493703183f,1.2918069966373982f,0f,0f,0f,1f], start_interpolation: 0, interpolation_duration: 1 }
$data merge entity $(bone_head) { transformation: [-1.1f,2.2570013404736893e-18f,1.3469223925363177e-16f,-9.085461072799868e-17f,0f,1.0998455991344585f,-0.018429814555879276f,1.4793793652563798f,-1.3471114790620887e-16f,-0.018429814555879276f,-1.0998455991344585f,0.741884197070169f,0f,0f,0f,1f], start_interpolation: 0, interpolation_duration: 1 }
$data merge entity $(bone_neck2) { transformation: [-1f,1.202228082407378e-16f,2.3325398288761618e-17f,-7.627623679752267e-17f,0f,0.19046633123118983f,-0.9816937285463987f,0.8658207849148807f,-1.2246467991473532e-16f,-0.9816937285463987f,-0.19046633123118983f,0.6228427400506753f,0f,0f,0f,1f], start_interpolation: 0, interpolation_duration: 1 }
$data merge entity $(bone_neck1) { transformation: [-1f,5.745593671017399e-17f,1.0814995683482753e-16f,-1.5441886077932184e-17f,0f,0.8831114155536578f,-0.4691633273379479f,0.601916413287285f,-1.2246467991473532e-16f,-0.4691633273379479f,-0.8831114155536578f,0.1260925688017428f,0f,0f,0f,1f], start_interpolation: 0, interpolation_duration: 1 }
$data merge entity $(bone_body3) { transformation: [-1f,4.145786783123248e-18f,1.2239448630787033e-16f,6.131377953843198e-17f,0f,0.9994268257026118f,-0.0338529181312498f,0.643222516061667f,-1.2246467991473532e-16f,-0.0338529181312498f,-0.9994268257026118f,-0.5006650046455927f,0f,0f,0f,1f], start_interpolation: 0, interpolation_duration: 1 }
$data merge entity $(bone_body2) { transformation: [-1f,8.926458386932678e-18f,1.22138921590478e-16f,9.184850993605148e-17f,0f,0.997339981417629f,-0.0728900642466679f,0.625f,-1.2246467991473532e-16f,-0.0728900642466679f,-0.997339981417629f,-0.75f,0f,0f,0f,1f], start_interpolation: 0, interpolation_duration: 1 }
$data merge entity $(bone_tail2) { transformation: [-1f,1.2886069786247867e-17f,1.2178483908961135e-16f,2.9851820195056133e-16f,0f,0.9944486783814133f,-0.10522274500059647f,0.2629580996925167f,-1.2246467991473532e-16f,-0.10522274500059647f,-0.9944486783814133f,-2.437586103670065f,0f,0f,0f,1f], start_interpolation: 0, interpolation_duration: 1 }
$data merge entity $(bone_tail1) { transformation: [-1f,4.891107058961e-17f,1.1227334946636608e-16f,2.143131898507868e-16f,0f,0.916781471560087f,-0.3993892004099777f,0.5625f,-1.2246467991473532e-16f,-0.3993892004099777f,-0.916781471560087f,-1.75f,0f,0f,0f,1f], start_interpolation: 0, interpolation_duration: 1 }