# This file was generated by Animated Java via MC-Build. It is not recommended to edit this file directly.
$data merge entity $(bone_left_leg4) { transformation: [-0.899786455729516f,-0.019317251566981893f,0.0033433333087775283f,0.4794547196609114f,-0.01923635042317169f,0.8995614630594848f,0.02047283567747027f,-0.6356455498506932f,-0.0037811252442339696f,0.02039651857983832f,-0.8997609044194521f,-0.9951336665604028f,0f,0f,0f,1f], start_interpolation: 0, interpolation_duration: 1 }
$data merge entity $(bone_left_leg3) { transformation: [-0.9955733150248034f,-0.0064109068244005f,0.09376926300346176f,0.4687859606048947f,-0.07460227427421393f,0.6607402270365179f,-0.7468981544018212f,-0.09340924492319086f,-0.05716882965076747f,-0.7505872718408038f,-0.6582936064302477f,-1.5169307700391153f,0f,0f,0f,1f], start_interpolation: 0, interpolation_duration: 1 }
$data merge entity $(bone_left_leg2) { transformation: [-0.9954543724360931f,0.03899775776133019f,-0.08688939686436158f,0.4882848394855598f,-0.06760925316377747f,0.3532098436456633f,0.9330979558644648f,0.0831956768996408f,0.06707891833132196f,0.9347309673063128f,-0.34896767396723904f,-1.0495652863859588f,0f,0f,0f,1f], start_interpolation: 0, interpolation_duration: 1 }
$data merge entity $(bone_left_leg1) { transformation: [-0.9537169587565072f,-0.0010037391976162643f,0.3007040988876972f,0.3125000000000001f,-0.12708376616539035f,0.9076481014563367f,-0.4000307991891725f,0.3125f,-0.272531977862157f,-0.41973076659965114f,-0.865766945899536f,-1f,0f,0f,0f,1f], start_interpolation: 0, interpolation_duration: 1 }
$data merge entity $(bone_right_leg4) { transformation: [-0.8998026124124654f,0.01878419138299499f,-0.0015533350538590313f,-0.47815497459275436f,0.018743930470724236f,0.8995708098041375f,0.020518850329316718f,-0.6319624985958845f,0.0019808498709355804f,0.02048199947308016f,-0.8997647269877687f,-0.9852477175376229f,0f,0f,0f,1f], start_interpolation: 0, interpolation_duration: 1 }
$data merge entity $(bone_right_leg3) { transformation: [-0.9956754047949861f,0.005314487665155479f,-0.09274828573724361f,-0.46837234098531f,0.07386409353142986f,0.6507870808584177f,-0.7556588324598338f,-0.09664351092333157f,0.0563434465853896f,-0.7592416819489274f,-0.6483652399830231f,-1.5141561515003794f,0f,0f,0f,1f], start_interpolation: 0, interpolation_duration: 1 }
$data merge entity $(bone_right_leg2) { transformation: [-0.9956539782253498f,-0.03897774135579529f,0.08458067937085414f,-0.4878612116632077f,0.065092755443839f,0.35826257146473817f,0.9313489480727414f,0.08248777480903752f,-0.0666039700976081f,0.9328068747421807f,-0.3541683859422844f,-1.047752714129289f,0f,0f,0f,1f], start_interpolation: 0, interpolation_duration: 1 }
$data merge entity $(bone_right_leg1) { transformation: [-0.9537169587565072f,-0.0012546669038803087f,-0.3007031566033169f,-0.3124999999999999f,0.1270837661653903f,0.9046181522887173f,-0.40683622617334275f,0.3125f,0.27253197786215666f,-0.42622109797698565f,-0.8625902252412982f,-1f,0f,0f,0f,1f], start_interpolation: 0, interpolation_duration: 1 }
$data merge entity $(bone_right_wing3) { transformation: [-1.1608540931731055f,0.10186820486307144f,0.09484834831342316f,-1.320357110078885f,0.131054238899617f,1.068316851027679f,0.4565955083586662f,0.368553818363773f,-0.046884185033455573f,0.46398010800555006f,-1.072138003498369f,0.5181467200038667f,0f,0f,0f,1f], start_interpolation: 0, interpolation_duration: 1 }
$data merge entity $(bone_right_wing2) { transformation: [-0.557778926676367f,0.08712874412959759f,-0.825403689658678f,-1.1240443195143106f,-0.28531774735770754f,0.9137405109636048f,0.2892612342964301f,0.7580096727470127f,0.7794077572095901f,0.39684614218909814f,-0.48480582446083165f,-0.42167866477373667f,0f,0f,0f,1f], start_interpolation: 0, interpolation_duration: 1 }
$data merge entity $(bone_right_wing1) { transformation: [-1.0089903335767212f,0.19753419915460513f,0.34136469944063735f,-0.5625f,0.2730199652774661f,1.026503452658277f,0.21298326542627377f,0.5355970181456344f,-0.28462205891276093f,0.284397631769493f,-1.0058426227473538f,-0.008935599060479749f,0f,0f,0f,1f], start_interpolation: 0, interpolation_duration: 1 }
$data merge entity $(bone_left_wing3) { transformation: [-1.1608540931731055f,-0.10186820486307153f,-0.09484834831342304f,1.3203571100788847f,-0.131054238899617f,1.068316851027679f,0.4565955083586662f,0.368553818363773f,0.04688418503345525f,0.46398010800555f,-1.0721380034983692f,0.5181467200038672f,0f,0f,0f,1f], start_interpolation: 0, interpolation_duration: 1 }
$data merge entity $(bone_left_wing2) { transformation: [-0.5577789266763669f,-0.08712874412959767f,0.8254036896586782f,1.1240443195143106f,0.28531774735770754f,0.9137405109636048f,0.2892612342964301f,0.7580096727470127f,-0.7794077572095903f,0.3968461421890981f,-0.4848058244608314f,-0.4216786647737364f,0f,0f,0f,1f], start_interpolation: 0, interpolation_duration: 1 }
$data merge entity $(bone_left_wing1) { transformation: [-1.0089903335767212f,-0.19753419915460518f,-0.34136469944063713f,0.5625f,-0.2730199652774661f,1.026503452658277f,0.21298326542627377f,0.5355970181456344f,0.28462205891276066f,0.28439763176949295f,-1.005842622747354f,-0.008935599060479638f,0f,0f,0f,1f], start_interpolation: 0, interpolation_duration: 1 }
$data merge entity $(bone_beak_down) { transformation: [-1.1f,-2.99496485540185e-17f,1.313396814435731e-16f,-1.5222830979192028e-16f,0f,1.0724698871137124f,0.2445574395398787f,1.049736170835218f,-1.3471114790620887e-16f,0.2445574395398787f,-1.0724698871137124f,1.2430384817721118f,0f,0f,0f,1f], start_interpolation: 0, interpolation_duration: 1 }
$data merge entity $(bone_beak_up) { transformation: [-1.1f,-3.191901496398191e-17f,1.3087501615639855e-16f,-1.551592477062627e-16f,0f,1.068675607101728f,0.2606385366475065f,1.1500455959120646f,-1.3471114790620887e-16f,0.2606385366475065f,-1.068675607101728f,1.2669714060763526f,0f,0f,0f,1f], start_interpolation: 0, interpolation_duration: 1 }
$data merge entity $(bone_head) { transformation: [-1.1f,-3.126333775298587e-17f,1.3103319076764945e-16f,-8.964265232243798e-17f,0f,1.0699672008196965f,0.25528452591190054f,1.2776878588680147f,-1.3471114790620887e-16f,0.25528452591190054f,-1.0699672008196965f,0.7319878056665043f,0f,0f,0f,1f], start_interpolation: 0, interpolation_duration: 1 }
$data merge entity $(bone_neck2) { transformation: [-1f,1.206001045156378e-16f,2.128879088712696e-17f,-7.633715801798363e-17f,0f,0.1738361697588972f,-0.9847745864326293f,0.6622037423476216f,-1.2246467991473532e-16f,-0.9847745864326293f,-0.1738361697588972f,0.6233401995671936f,0f,0f,0f,1f], start_interpolation: 0, interpolation_duration: 1 }
$data merge entity $(bone_neck1) { transformation: [-1f,4.603983475163959e-17f,1.1348097392365074e-16f,-1.2504110185930084e-17f,0f,0.9266424735904311f,-0.3759437805552942f,0.45073536578526857f,-1.2246467991473532e-16f,-0.3759437805552942f,-0.9266424735904311f,0.10210380817257614f,0f,0f,0f,1f], start_interpolation: 0, interpolation_duration: 1 }
$data merge entity $(bone_body3) { transformation: [-1f,-2.299745511032754e-17f,1.2028597127290883e-16f,6.123728091524247e-17f,0f,0.9822094938447281f,0.18778847196056253f,0.6294912541259157f,-1.2246467991473532e-16f,0.18778847196056253f,-0.9822094938447281f,-0.5000403459828437f,0f,0f,0f,1f], start_interpolation: 0, interpolation_duration: 1 }
$data merge entity $(bone_body2) { transformation: [-1f,2.200079995784004e-18f,1.2244491608323609e-16f,9.184850993605148e-17f,0f,0.9998386160686249f,-0.017965016503662813f,0.625f,-1.2246467991473532e-16f,-0.017965016503662813f,-0.9998386160686249f,-0.75f,0f,0f,0f,1f], start_interpolation: 0, interpolation_duration: 1 }
$data merge entity $(bone_tail2) { transformation: [-1f,2.7353601032361475e-17f,1.1937075997572006e-16f,2.935285879093756e-16f,0f,0.974736226468159f,-0.22335910281565358f,0.1829023509411819f,-1.2246467991473532e-16f,-0.22335910281565358f,-0.974736226468159f,-2.3968428130767307f,0f,0f,0f,1f], start_interpolation: 0, interpolation_duration: 1 }
$data merge entity $(bone_tail1) { transformation: [-1f,6.198307278449891e-17f,1.0562053074478506e-16f,2.143131898507868e-16f,0f,0.8624570841023076f,-0.5061301987450908f,0.5625f,-1.2246467991473532e-16f,-0.5061301987450908f,-0.8624570841023076f,-1.75f,0f,0f,0f,1f], start_interpolation: 0, interpolation_duration: 1 }