# This file was generated by Animated Java via MC-Build. It is not recommended to edit this file directly.
$data merge entity $(bone_left_leg4) { transformation: [-0.8986522043773993f,-0.019225603361510864f,-0.04532760464691147f,0.4991165899104074f,-0.020241057406500576f,0.8995556010483827f,0.019748929529205705f,-0.6361878581052984f,0.04488335061810334f,0.020738775225857653f,-0.898640855981645f,-0.8383899824597635f,0f,0f,0f,1f], start_interpolation: 0, interpolation_duration: 1 }
$data merge entity $(bone_left_leg3) { transformation: [-0.9965069298415115f,-0.04960030304659734f,0.06718443804580518f,0.4577173352475966f,-0.08331653933477456f,0.5357519871330189f,-0.8402548200137256f,-0.18185794150467635f,0.005682697521589602f,-0.8429173258515377f,-0.5380130934542122f,-1.4369521585075284f,0f,0f,0f,1f], start_interpolation: 0, interpolation_duration: 1 }
$data merge entity $(bone_left_leg2) { transformation: [-0.9986568532448488f,0.03946470832057608f,-0.03357121183794949f,0.4774496894078847f,-0.00910632764171626f,0.504163514176572f,0.8635602039059068f,0.07022381558360966f,0.05100553169979061f,0.8627060262744788f,-0.5031269700241882f,-1.005599145370289f,0f,0f,0f,1f], start_interpolation: 0, interpolation_duration: 1 }
$data merge entity $(bone_left_leg1) { transformation: [-0.9537169587565072f,0.05221700715629464f,0.29613737816067437f,0.3125000000000001f,-0.1270837661653903f,0.8225485871555495f,-0.5543135738421259f,0.3125f,-0.27253197786215694f,-0.5662925091611657f,-0.7778426030441454f,-1f,0f,0f,0f,1f], start_interpolation: 0, interpolation_duration: 1 }
$data merge entity $(bone_right_leg4) { transformation: [-0.8991206335059108f,0.02223847231005794f,-0.032977822142232924f,-0.5699427602106245f,0.02171102787028694f,0.8996177410538786f,0.014715680410111731f,-0.7391159572937012f,0.03332743123532895f,0.013905766085754112f,-0.8992752148240397f,-1.4100320157976687f,0f,0f,0f,1f], start_interpolation: 0, interpolation_duration: 1 }
$data merge entity $(bone_right_leg3) { transformation: [-0.9897268820343672f,0.11191473135991148f,-0.08897073610558098f,-0.48044604068409213f,0.13386837431730012f,0.9439105103919222f,-0.30184798612762753f,-0.01231757536678281f,0.0501991766483602f,-0.3106574339627173f,-0.9491954495189738f,-1.5837003756747707f,0f,0f,0f,1f], start_interpolation: 0, interpolation_duration: 1 }
$data merge entity $(bone_right_leg2) { transformation: [-0.9874275735435165f,-0.03703559214070523f,0.15367222234597488f,-0.4989638367544448f,0.14027239706845987f,0.2428789645025122f,0.9598611687232983f,0.10912190688447329f,-0.07287277699272693f,0.9693493557623973f,-0.23463031529705108f,-1.0990256977935722f,0f,0f,0f,1f], start_interpolation: 0, interpolation_duration: 1 }
$data merge entity $(bone_right_leg1) { transformation: [-0.9537169587565072f,0.0650846441654295f,-0.2935778460206051f,-0.3124999999999999f,0.12708376616539035f,0.9720624252135528f,-0.1973432488461831f,0.3125f,0.27253197786215677f,-0.2255185814557319f,-0.9353436215962213f,-1f,0f,0f,0f,1f], start_interpolation: 0, interpolation_duration: 1 }
$data merge entity $(bone_right_wing3) { transformation: [-1.0653907555061286f,0.15407494850398387f,-0.4562444676948281f,-1.5753295937753968f,-0.10504048609824897f,1.006683935526494f,0.5852431257261332f,0.2205445305035335f,0.46996233927718684f,0.5742855824177948f,-0.903486046081914f,0.9064274742819536f,0f,0f,0f,1f], start_interpolation: 0, interpolation_duration: 1 }
$data merge entity $(bone_right_wing2) { transformation: [-0.6280897359321512f,0.1317816170710891f,-0.7669008338884561f,-1.2882350279822505f,-0.31082531995559404f,0.861025352864156f,0.4025207599610954f,0.6803239723204041f,0.7133658977629802f,0.49119135489876453f,-0.4998401232209485f,0.023440552918102764f,0f,0f,0f,1f], start_interpolation: 0, interpolation_duration: 1 }
$data merge entity $(bone_right_wing1) { transformation: [-1.0057195489293278f,0.13566513691441243f,-0.3791230283674339f,-0.5625f,0.058410681065895004f,1.0583594344709106f,0.22377357063545994f,0.5916156007280954f,0.3984061901501012f,0.18730026482500933f,-0.9898495994633092f,-0.0009673140317747464f,0f,0f,0f,1f], start_interpolation: 0, interpolation_duration: 1 }
$data merge entity $(bone_left_wing3) { transformation: [-1.0653907555061286f,-0.154074948503984f,0.4562444676948283f,1.5753295937753968f,0.10504048609824897f,1.006683935526494f,0.5852431257261332f,0.2205445305035335f,-0.4699623392771872f,0.5742855824177948f,-0.903486046081914f,0.906427474281954f,0f,0f,0f,1f], start_interpolation: 0, interpolation_duration: 1 }
$data merge entity $(bone_left_wing2) { transformation: [-0.6280897359321511f,-0.1317816170710892f,0.7669008338884562f,1.2882350279822505f,0.31082531995559404f,0.861025352864156f,0.4025207599610954f,0.6803239723204041f,-0.7133658977629804f,0.49119135489876453f,-0.4998401232209483f,0.02344055291810307f,0f,0f,0f,1f], start_interpolation: 0, interpolation_duration: 1 }
$data merge entity $(bone_left_wing1) { transformation: [-1.0057195489293278f,-0.1356651369144125f,0.37912302836743417f,0.5625f,-0.058410681065895004f,1.0583594344709106f,0.22377357063545994f,0.5916156007280954f,-0.3984061901501014f,0.1873002648250093f,-0.9898495994633091f,-0.0009673140317746354f,0f,0f,0f,1f], start_interpolation: 0, interpolation_duration: 1 }
$data merge entity $(bone_beak_down) { transformation: [-1.1f,-6.543774437834385e-17f,1.1774971329427093e-16f,-2.0366196971821162e-16f,0f,0.9614993757894348f,0.5343397330879741f,0.9753859938361537f,-1.3471114790620887e-16f,0.5343397330879741f,-0.9614993757894348f,1.6630261873056709f,0f,0f,0f,1f], start_interpolation: 0, interpolation_duration: 1 }
$data merge entity $(bone_beak_up) { transformation: [-1.1f,3.699014795767191e-17f,1.2953309354862956e-16f,-2.0345533462610499e-16f,0f,1.0577179774512584f,-0.3020474800034254f,1.0784971893080773f,-1.3471114790620887e-16f,-0.3020474800034254f,-1.0577179774512584f,1.6613388837316894f,0f,0f,0f,1f], start_interpolation: 0, interpolation_duration: 1 }
$data merge entity $(bone_head) { transformation: [-1.1f,2.204107649137338e-18f,1.346931151903448e-16f,-1.3610877703093259e-16f,0f,1.099852751700518f,-0.01799790478913532f,1.0694982369135095f,-1.3471114790620887e-16f,-0.01799790478913532f,-1.099852751700518f,1.1114125078814303f,0f,0f,0f,1f], start_interpolation: 0, interpolation_duration: 1 }
$data merge entity $(bone_neck2) { transformation: [-1f,8.800086781400339e-17f,8.516715969551218e-17f,-8.287930222123748e-17f,0f,0.6954426350096117f,-0.718581617779698f,0.6203847258011983f,-1.2246467991473532e-16f,-0.718581617779698f,-0.6954426350096117f,0.6767608610004231f,0f,0f,0f,1f], start_interpolation: 0, interpolation_duration: 1 }
$data merge entity $(bone_neck1) { transformation: [-1f,2.0607661767780638e-17f,1.2071835860002124e-16f,-1.4975225508725534e-17f,0f,0.9857402043109089f,-0.16827432841965942f,0.5257304160651398f,-1.2246467991473532e-16f,-0.16827432841965942f,-0.9857402043109089f,0.1222819960755368f,0f,0f,0f,1f], start_interpolation: 0, interpolation_duration: 1 }
$data merge entity $(bone_body3) { transformation: [-1f,-3.3392921271689313e-18f,1.2241914455961535e-16f,6.1328034083086e-17f,0f,0.9996281756082516f,0.027267389499518367f,0.6052492954778546f,-1.2246467991473532e-16f,0.027267389499518367f,-0.9996281756082516f,-0.5007814018359005f,0f,0f,0f,1f], start_interpolation: 0, interpolation_duration: 1 }
$data merge entity $(bone_body2) { transformation: [-1f,-9.675054829580235e-18f,1.2208190341186195e-16f,9.184850993605148e-17f,0f,0.996874392656398f,0.07900281808858182f,0.625f,-1.2246467991473532e-16f,0.07900281808858182f,-0.996874392656398f,-0.75f,0f,0f,0f,1f], start_interpolation: 0, interpolation_duration: 1 }
$data merge entity $(bone_tail2) { transformation: [-1f,-1.8629741797293806e-17f,1.2103937601947863e-16f,3.0509272186539576e-16f,0f,0.9883615104677607f,0.1521233861899166f,0.4484074603575625f,-1.2246467991473532e-16f,0.1521233861899166f,-0.9883615104677607f,-2.4912711328508204f,0f,0f,0f,1f], start_interpolation: 0, interpolation_duration: 1 }
$data merge entity $(bone_tail1) { transformation: [-1f,1.8629741797293815e-17f,1.2103937601947863e-16f,2.143131898507868e-16f,0f,0.9883615104677607f,-0.1521233861899167f,0.5625f,-1.2246467991473532e-16f,-0.1521233861899167f,-0.9883615104677607f,-1.75f,0f,0f,0f,1f], start_interpolation: 0, interpolation_duration: 1 }