# This file was generated by Animated Java via MC-Build. It is not recommended to edit this file directly.
$data merge entity $(bone_left_leg4) { transformation: [-0.896691540286632f,-0.009532692691272767f,-0.07650757706555274f,0.5088708080193614f,-0.01145692522965356f,0.8996536171349797f,0.022183508293995124f,-0.6263992025271822f,0.07624316653097424f,0.023075895345606556f,-0.8964677811340065f,-0.749329920333254f,0f,0f,0f,1f], start_interpolation: 0, interpolation_duration: 1 }
$data merge entity $(bone_left_leg3) { transformation: [-0.9959502856023793f,-0.07653127981890923f,0.047180417736801636f,0.44852357204662935f,-0.07722737646450147f,0.4595502414107326f,-0.8847878321630265f,-0.2264372819589436f,0.04603217280282828f,-0.8848483140225887f,-0.46359950413954665f,-1.3839911868414738f,0f,0f,0f,1f], start_interpolation: 0, interpolation_duration: 1 }
$data merge entity $(bone_left_leg2) { transformation: [-0.9990344509387187f,0.04384839743616975f,-0.0027356680816289503f,0.4704477707647142f,0.023487680766104246f,0.5856869081866354f,0.8101969972981938f,0.06640617213437408f,0.0371280849196767f,0.8093504578494164f,-0.5861512959033169f,-0.9793159579167657f,0f,0f,0f,1f], start_interpolation: 0, interpolation_duration: 1 }
$data merge entity $(bone_left_leg1) { transformation: [-0.9537169587565072f,0.08257038052052891f,0.2891471854279994f,0.3125000000000001f,-0.12708376616539035f,0.760795720776832f,-0.6364272052834331f,0.3125f,-0.27253197786215694f,-0.6437173319931316f,-0.7150904261239869f,-1f,0f,0f,0f,1f], start_interpolation: 0, interpolation_duration: 1 }
$data merge entity $(bone_right_leg4) { transformation: [-0.8997517043765394f,0.005966806422185995f,-0.020279736009937557f,-0.6155652481389282f,0.005776495374161462f,0.8999413278197376f,0.00849932839934209f,-0.6954564997434733f,0.020334762666549232f,0.008366821569014924f,-0.8997313453048791f,-1.6826461018487113f,0f,0f,0f,1f], start_interpolation: 0, interpolation_duration: 1 }
$data merge entity $(bone_right_leg3) { transformation: [-0.984238889337776f,0.1690339809234733f,-0.05197424370112629f,-0.4855413722150028f,0.16864629554427613f,0.9856061401406913f,0.01178827876157823f,0.04301133793944646f,0.053218753408303815f,0.002837218731589597f,-0.998578847400412f,-1.6181070098374934f,0f,0f,0f,1f], start_interpolation: 0, interpolation_duration: 1 }
$data merge entity $(bone_right_leg2) { transformation: [-0.9805288290056214f,-0.036786374849440306f,0.19289888054185575f,-0.503934559639723f,0.1838367971614956f,0.1734228026331958f,0.9675373706148257f,0.12972273925604436f,-0.06904525688465363f,0.984160197402986f,-0.16328336825729714f,-1.1260269111360004f,0f,0f,0f,1f], start_interpolation: 0, interpolation_duration: 1 }
$data merge entity $(bone_right_leg1) { transformation: [-0.9537169587565072f,0.10246204245796327f,-0.28271096978288845f,-0.3124999999999999f,0.12708376616539035f,0.9894100615853789f,-0.07012450649264476f,0.3125f,0.27253197786215677f,-0.10280690584274542f,-0.9566384171428522f,-1f,0f,0f,0f,1f], start_interpolation: 0, interpolation_duration: 1 }
$data merge entity $(bone_right_wing3) { transformation: [-1.1627746521602738f,0.11805277577368489f,-0.031212439863691672f,-2.1277829113466566f,0.07688599154528794f,0.9399902539317952f,0.6909865648432671f,0.44958804142550157f,0.09486421124014263f,0.6851550413022799f,-0.9426128138214646f,0.3825818495168166f,0f,0f,0f,1f], start_interpolation: 0, interpolation_duration: 1 }
$data merge entity $(bone_right_wing2) { transformation: [-0.9805463783228826f,0.10097154561622085f,-0.16832571679262104f,-1.2615819669546615f,-0.019238155542642566f,0.8039816783777324f,0.5943427918333335f,0.7093761676093745f,0.19534250261833785f,0.5860189483359695f,-0.7863988166712924f,-0.12307849256399914f,0f,0f,0f,1f], start_interpolation: 0, interpolation_duration: 1 }
$data merge entity $(bone_right_wing1) { transformation: [-1.0588980773001035f,0.19638386557681922f,-0.11738547756158105f,-0.5625f,0.1397681351154207f,0.9952951146625041f,0.4043063371336405f,0.5273756963706713f,0.18113763111957754f,0.3800422649932101f,-0.9981824214652997f,-0.007681430436354164f,0f,0f,0f,1f], start_interpolation: 0, interpolation_duration: 1 }
$data merge entity $(bone_left_wing3) { transformation: [-1.1627746521602738f,-0.11805277577368503f,0.031212439863691932f,2.1277829113466566f,-0.07688599154528794f,0.9399902539317952f,0.6909865648432671f,0.44958804142550157f,-0.09486421124014288f,0.6851550413022799f,-0.9426128138214646f,0.3825818495168172f,0f,0f,0f,1f], start_interpolation: 0, interpolation_duration: 1 }
$data merge entity $(bone_left_wing2) { transformation: [-0.9805463783228826f,-0.10097154561622096f,0.16832571679262126f,1.2615819669546615f,0.019238155542642566f,0.8039816783777324f,0.5943427918333335f,0.7093761676093745f,-0.19534250261833808f,0.5860189483359695f,-0.7863988166712924f,-0.12307849256399886f,0f,0f,0f,1f], start_interpolation: 0, interpolation_duration: 1 }
$data merge entity $(bone_left_wing1) { transformation: [-1.0588980773001035f,-0.19638386557681928f,0.1173854775615813f,0.5625f,-0.1397681351154207f,0.9952951146625041f,0.4043063371336405f,0.5273756963706713f,-0.18113763111957779f,0.38004226499321003f,-0.9981824214652997f,-0.007681430436354053f,0f,0f,0f,1f], start_interpolation: 0, interpolation_duration: 1 }
$data merge entity $(bone_beak_down) { transformation: [-1.1f,-9.925740578978472e-17f,9.107722418964303e-17f,-2.226389238273701e-16f,0f,0.7437019739328476f,0.810498225765107f,0.4749830992596248f,-1.3471114790620887e-16f,0.810498225765107f,-0.7437019739328476f,1.8179847771813065f,0f,0f,0f,1f], start_interpolation: 0, interpolation_duration: 1 }
$data merge entity $(bone_beak_up) { transformation: [-1.1f,5.534515518263717e-17f,1.228169661244663e-16f,-2.2256143269632253e-16f,0f,1.002876635205973f,-0.4519274881636944f,0.578106157960643f,-1.3471114790620887e-16f,-0.4519274881636944f,-1.002876635205973f,1.8173520140768624f,0f,0f,0f,1f], start_interpolation: 0, interpolation_duration: 1 }
$data merge entity $(bone_head) { transformation: [-1.1f,8.265720645076797e-19f,1.3470861200691907e-16f,-1.55207126692863e-16f,0f,1.0999792928108614f,-0.0067494731140698705f,0.5747314214036081f,-1.3471114790620887e-16f,-0.0067494731140698705f,-1.0999792928108614f,1.2673623676714318f,0f,0f,0f,1f], start_interpolation: 0, interpolation_duration: 1 }
$data merge entity $(bone_neck2) { transformation: [-1f,3.610849553155962e-17f,1.170204015420641e-16f,-8.206937572907295e-17f,0f,0.9555440933952405f,-0.29484824160484274f,0.39045127040058136f,-1.2246467991473532e-16f,-0.29484824160484274f,-0.9555440933952405f,0.6701473092994065f,0f,0f,0f,1f], start_interpolation: 0, interpolation_duration: 1 }
$data merge entity $(bone_neck1) { transformation: [-1f,-1.3830212444781522e-17f,1.2168123540772745e-16f,-1.3623680812226253e-17f,0f,0.9936026901180541f,0.11293225487063416f,0.45397566376531306f,-1.2246467991473532e-16f,0.11293225487063416f,-0.9936026901180541f,0.111245796108001f,0f,0f,0f,1f], start_interpolation: 0, interpolation_duration: 1 }
$data merge entity $(bone_body3) { transformation: [-1f,-1.092300244989115e-17f,1.2197657908015886e-16f,6.192899345975484e-17f,0f,0.9960143542210186f,0.08919308373235589f,0.5719722382368492f,-1.2246467991473532e-16f,0.08919308373235589f,-0.9960143542210186f,-0.5056886075468634f,0f,0f,0f,1f], start_interpolation: 0, interpolation_duration: 1 }
$data merge entity $(bone_body2) { transformation: [-1f,-2.597611148367641e-17f,1.1967806590518661e-16f,9.184850993605148e-17f,0f,0.9772455698125463f,0.21211104705260317f,0.625f,-1.2246467991473532e-16f,0.21211104705260317f,-0.9772455698125463f,-0.75f,0f,0f,0f,1f], start_interpolation: 0, interpolation_duration: 1 }
$data merge entity $(bone_tail2) { transformation: [-1f,-4.461921277034933e-17f,1.140470239785891e-16f,3.0595256685088364e-16f,0f,0.931264623056975f,0.36434352175186313f,0.6130829396727481f,-1.2246467991473532e-16f,0.36434352175186313f,-0.931264623056975f,-2.498292299983144f,0f,0f,0f,1f], start_interpolation: 0, interpolation_duration: 1 }
$data merge entity $(bone_tail1) { transformation: [-1f,-8.259498021559274e-18f,1.2218583600012908e-16f,2.143131898507868e-16f,0f,0.9977230666441916f,0.06744391956366405f,0.5625f,-1.2246467991473532e-16f,0.06744391956366405f,-0.9977230666441916f,-1.75f,0f,0f,0f,1f], start_interpolation: 0, interpolation_duration: 1 }