# This file was generated by Animated Java via MC-Build. It is not recommended to edit this file directly.
$data merge entity $(bone_left_leg4) { transformation: [-0.8962321524302911f,-0.0071037679392740305f,-0.08196014538318223f,0.5104346021637334f,-0.009222067229579932f,0.8996622076314943f,0.02286625539171866f,-0.6240109895726731f,0.08174889862365455f,0.02361035028734504f,-0.8959685647014234f,-0.7342251698882125f,0f,0f,0f,1f], start_interpolation: 0, interpolation_duration: 1 }
$data merge entity $(bone_left_leg3) { transformation: [-0.995743605268864f,-0.0813015411605548f,0.04341349987139267f,0.4467451025513552f,-0.07531806263296313f,0.4463071833907539f,-0.8917045965425037f,-0.2335490647457011f,0.05312120111012023f,-0.8911789704984802f,-0.45053099841618843f,-1.3744512103610609f,0f,0f,0f,1f], start_interpolation: 0, interpolation_duration: 1 }
$data merge entity $(bone_left_leg2) { transformation: [-0.9989880471125999f,0.044905507373599884f,0.0025252987295533297f,0.46919785623815513f,0.02895546166428084f,0.599161645931739f,0.8001043077525443f,0.06603175822016841f,0.03441602774816249f,0.7993677610786473f,-0.5998555822713905f,-0.9747673298217372f,0f,0f,0f,1f], start_interpolation: 0, interpolation_duration: 1 }
$data merge entity $(bone_left_leg1) { transformation: [-0.9537169587565072f,0.08771707673476525f,0.2876276708339205f,0.3125000000000001f,-0.12708376616539033f,0.7493175033976822f,-0.6499022968716798f,0.3125f,-0.2725319778621569f,-0.6563756497242809f,-0.7034893940149838f,-1f,0f,0f,0f,1f], start_interpolation: 0, interpolation_duration: 1 }
$data merge entity $(bone_right_leg4) { transformation: [-0.8998656816014864f,0.0032074382772674234f,-0.015214053226866468f,-0.6221680973874663f,0.0030878986509539977f,0.8999667618194248f,0.007091720678380202f,-0.6797069230702185f,0.015238764970096567f,0.007038462897270156f,-0.8998434530973873f,-1.7290828065520745f,0f,0f,0f,1f], start_interpolation: 0, interpolation_duration: 1 }
$data merge entity $(bone_right_leg3) { transformation: [-0.983153194797216f,0.1776035627980479f,-0.043206134303680206f,-0.48626504189495035f,0.17455445756569618f,0.9824108090774265f,0.0663305627277645f,0.05295552356736609f,0.05422671762123679f,0.05767128132160926f,-0.9968618191137378f,-1.623525481866259f,0f,0f,0f,1f], start_interpolation: 0, interpolation_duration: 1 }
$data merge entity $(bone_right_leg2) { transformation: [-0.9791945826135234f,-0.036810811440476654f,0.19955684288297765f,-0.5046704476151886f,0.19125022300784103f,0.16132275618329348f,0.9681933280790966f,0.13361690165901283f,-0.0678330419469656f,0.9862149524817193f,-0.15092629300987256f,-1.1304180056253994f,0f,0f,0f,1f], start_interpolation: 0, interpolation_duration: 1 }
$data merge entity $(bone_right_leg1) { transformation: [-0.9537169587565072f,0.10874259867813402f,-0.28035514943186784f,-0.3124999999999999f,0.12708376616539035f,0.9907280666107448f,-0.048037635318113725f,0.3125f,0.2725319778621567f,-0.08144289571510817f,-0.9586935776253427f,-1f,0f,0f,0f,1f], start_interpolation: 0, interpolation_duration: 1 }
$data merge entity $(bone_right_wing3) { transformation: [-1.1621855437775477f,0.11996672429895938f,0.04345472209122154f,-2.1804882888580264f,0.12229664074084343f,0.9337938725899728f,0.6928406029914017f,0.5231220952811061f,0.03638487975179926f,0.6932478305418356f,-0.9407651949084045f,0.271898572756755f,0f,0f,0f,1f], start_interpolation: 0, interpolation_duration: 1 }
$data merge entity $(bone_right_wing2) { transformation: [-0.9935856876792931f,0.10260856210787313f,-0.047528562160252835f,-1.2527854086663028f,0.05381085999323373f,0.7986818605868254f,0.5993427040653416f,0.7153165928766002f,0.09945789353115654f,0.5929407799702444f,-0.7990803206578321f,-0.14752361228237287f,0f,0f,0f,1f], start_interpolation: 0, interpolation_duration: 1 }
$data merge entity $(bone_right_wing1) { transformation: [-1.0623127401968089f,0.2005492333169862f,-0.06987673534608814f,-0.5625f,0.1569601793444654f,0.9815227081321698f,0.4307990095533599f,0.5162920922418371f,0.14306032023874216f,0.4123157643699446f,-0.991534450403176f,-0.009496250033149412f,0f,0f,0f,1f], start_interpolation: 0, interpolation_duration: 1 }
$data merge entity $(bone_left_wing3) { transformation: [-1.1621855437775477f,-0.11996672429895948f,-0.04345472209122129f,2.180488288858027f,-0.12229664074084343f,0.9337938725899728f,0.6928406029914017f,0.5231220952811061f,-0.03638487975179955f,0.6932478305418356f,-0.9407651949084045f,0.2718985727567555f,0f,0f,0f,1f], start_interpolation: 0, interpolation_duration: 1 }
$data merge entity $(bone_left_wing2) { transformation: [-0.9935856876792931f,-0.10260856210787321f,0.04752856216025304f,1.252785408666303f,-0.05381085999323373f,0.7986818605868254f,0.5993427040653416f,0.7153165928766002f,-0.09945789353115679f,0.5929407799702444f,-0.7990803206578321f,-0.1475236122823726f,0f,0f,0f,1f], start_interpolation: 0, interpolation_duration: 1 }
$data merge entity $(bone_left_wing1) { transformation: [-1.0623127401968089f,-0.20054923331698626f,0.06987673534608838f,0.5625f,-0.1569601793444654f,0.9815227081321698f,0.4307990095533599f,0.5162920922418371f,-0.14306032023874243f,0.41231576436994455f,-0.991534450403176f,-0.0094962500331493f,0f,0f,0f,1f], start_interpolation: 0, interpolation_duration: 1 }
$data merge entity $(bone_beak_down) { transformation: [-1.1f,-1.0415549528291744e-16f,8.543258261681341e-17f,-2.2351301570348526e-16f,0f,0.6976099776384088f,0.8504941617079679f,0.3819397753424808f,-1.3471114790620887e-16f,0.8504941617079679f,-0.6976099776384088f,1.825122279004066f,0f,0f,0f,1f], start_interpolation: 0, interpolation_duration: 1 }
$data merge entity $(bone_beak_up) { transformation: [-1.1f,5.837633812643112e-17f,1.2140550447635012e-16f,-2.2346011491410746e-16f,0f,0.9913511761993526f,-0.4766789752529056f,0.4850638706300669f,-1.3471114790620887e-16f,-0.4766789752529056f,-0.9913511761993526f,1.8246903112774149f,0f,0f,0f,1f], start_interpolation: 0, interpolation_duration: 1 }
$data merge entity $(bone_head) { transformation: [-1.1f,5.642750866966524e-19f,1.347099660895029e-16f,-1.5610513186935602e-16f,0f,1.0999903497342516f,-0.0046076557509441285f,0.48276004275459483f,-1.3471114790620887e-16f,-0.0046076557509441285f,-1.0999903497342516f,1.2746951364102892f,0f,0f,0f,1f], start_interpolation: 0, interpolation_duration: 1 }
$data merge entity $(bone_neck2) { transformation: [-1f,2.583803917319496e-17f,1.1970795110728035e-16f,-8.128766242730579e-17f,0f,0.9774896010068019f,-0.2109836010773426f,0.3508952920812557f,-1.2246467991473532e-16f,-0.2109836010773426f,-0.9774896010068019f,0.6637641357810381f,0f,0f,0f,1f], start_interpolation: 0, interpolation_duration: 1 }
$data merge entity $(bone_neck1) { transformation: [-1f,-1.974857267687629e-17f,1.2086187034728826e-16f,-1.3302860356956137e-17f,0f,0.9869120666582152f,0.16125933363502037f,0.4416036672509547f,-1.2246467991473532e-16f,0.16125933363502037f,-0.9869120666582152f,0.10862609828579206f,0f,0f,0f,1f], start_interpolation: 0, interpolation_duration: 1 }
$data merge entity $(bone_body3) { transformation: [-1f,-1.2248232134503135e-17f,1.218506406884999e-16f,6.208827556494987e-17f,0f,0.9949859892120492f,0.10001440532103481f,0.5662992949023545f,-1.2246467991473532e-16f,0.10001440532103481f,-0.9949859892120492f,-0.5069892446391739f,0f,0f,0f,1f], start_interpolation: 0, interpolation_duration: 1 }
$data merge entity $(bone_body2) { transformation: [-1f,-2.87550522422097e-17f,1.1904093748440647e-16f,9.184850993605148e-17f,0f,0.9720430214433043f,0.23480282039058187f,0.625f,-1.2246467991473532e-16f,0.23480282039058187f,-0.9720430214433043f,-0.75f,0f,0f,0f,1f], start_interpolation: 0, interpolation_duration: 1 }
$data merge entity $(bone_tail2) { transformation: [-1f,-4.8911070589609975e-17f,1.122733494663661e-16f,3.056518191679953e-16f,0f,0.9167814715600872f,0.3993892004099775f,0.6414170587504472f,-1.2246467991473532e-16f,0.3993892004099775f,-0.9167814715600872f,-2.49583650878606f,0f,0f,0f,1f], start_interpolation: 0, interpolation_duration: 1 }
$data merge entity $(bone_tail1) { transformation: [-1f,-1.2886069786247841e-17f,1.2178483908961135e-16f,2.143131898507868e-16f,0f,0.9944486783814133f,0.1052227450005963f,0.5625f,-1.2246467991473532e-16f,0.1052227450005963f,-0.9944486783814133f,-1.75f,0f,0f,0f,1f], start_interpolation: 0, interpolation_duration: 1 }