# This file was generated by Animated Java via MC-Build. It is not recommended to edit this file directly.
$data merge entity $(bone_left_leg4) { transformation: [-0.8997868485595041f,-0.019194571075228414f,0.0038981534851830896f,0.4791806124917393f,-0.019100936259331104f,0.899563432550019f,0.020513045918285178f,-0.6354907422892728f,-0.004333750497317927f,0.020425456177689427f,-0.8997577559246499f,-0.9971324613776781f,0f,0f,0f,1f], start_interpolation: 0, interpolation_duration: 1 }
$data merge entity $(bone_left_leg3) { transformation: [-0.9955509800884258f,-0.005888898527353956f,0.09404024095624879f,0.4688864235364583f,-0.07434578252539269f,0.6622492327428614f,-0.7455861173279581f,-0.09220468539912943f,-0.05788739643188148f,-0.7492604851489417f,-0.6597406874891925f,-1.5178440322713098f,0f,0f,0f,1f], start_interpolation: 0, interpolation_duration: 1 }
$data merge entity $(bone_left_leg2) { transformation: [-0.9953935615131655f,0.03904909357081887f,-0.08756041336947627f,0.48841097032186775f,-0.06836276665344918f,0.3512297145625808f,0.9337902439754735f,0.08341017188216096f,0.06721748160725874f,0.9354746687642514f,-0.34694229241588936f,-1.050106697889184f,0f,0f,0f,1f], start_interpolation: 0, interpolation_duration: 1 }
$data merge entity $(bone_left_leg1) { transformation: [-0.9537169587565072f,-0.0016794517069785202f,0.30070108417197755f,0.3125000000000001f,-0.12708376616539035f,0.9085447228858302f,-0.39799020451957157f,0.3125f,-0.27253197786215694f,-0.41778423373587703f,-0.8667079410529633f,-1f,0f,0f,0f,1f], start_interpolation: 0, interpolation_duration: 1 }
$data merge entity $(bone_right_leg4) { transformation: [-0.8998136884882671f,0.018289685749164883f,-0.0009018893150740323f,-0.4770094777837459f,0.01826427878988128f,0.8995790474599322f,0.020590130921550265f,-0.6292969662243273f,0.0013198975056199075f,0.02056756588120917f,-0.8997639874457619f,-0.9806204946618875f,0f,0f,0f,1f], start_interpolation: 0, interpolation_duration: 1 }
$data merge entity $(bone_right_leg3) { transformation: [-0.995721108501823f,0.004059482018264365f,-0.09232006656000692f,-0.46819486211004724f,0.07311550132132585f,0.6455579779767626f,-0.7602032758000224f,-0.09761577800425386f,0.05651192396682236f,-0.7637004764148686f,-0.6430925164960879f,-1.5132025696920335f,0f,0f,0f,1f], start_interpolation: 0, interpolation_duration: 1 }
$data merge entity $(bone_right_leg2) { transformation: [-0.9957271903225839f,-0.03901419425282765f,0.08369740198533822f,-0.48770195923646104f,0.0641523613837062f,0.35968471604721175f,0.9308659299657128f,0.08222658001935201f,-0.0664216604820071f,0.9322579029908193f,-0.3556449990228651f,-1.0470736181966238f,0f,0f,0f,1f], start_interpolation: 0, interpolation_duration: 1 }
$data merge entity $(bone_right_leg1) { transformation: [-0.9537169587565072f,-0.0020993027121405136f,-0.30069844613559527f,-0.3124999999999999f,0.12708376616539035f,0.9034718272306894f,-0.4093755901096933f,0.3125f,0.27253197786215677f,-0.42864233380355937f,-0.8613896160936576f,-1f,0f,0f,0f,1f], start_interpolation: 0, interpolation_duration: 1 }
$data merge entity $(bone_right_wing3) { transformation: [-1.1641844430629484f,0.10359664465152693f,0.029964707969873397f,-1.280424907417962f,0.10721978294555937f,1.0769991512521535f,0.4421903575653934f,0.37050716408320594f,0.01157871546768728f,0.44305319025558154f,-1.0819082077186732f,0.5605509153363853f,0f,0f,0f,1f], start_interpolation: 0, interpolation_duration: 1 }
$data merge entity $(bone_right_wing2) { transformation: [-0.5045590631259067f,0.08860709341703406f,-0.8588183363282902f,-1.1484119995094502f,-0.28651319129917985f,0.9211665563693466f,0.26336736061668475f,0.7505830397907649f,0.8144509457475428f,0.37894717101836806f,-0.43939583355797623f,-0.39422719971216924f,0f,0f,0f,1f], start_interpolation: 0, interpolation_duration: 1 }
$data merge entity $(bone_right_wing1) { transformation: [-1.0274241083045166f,0.18960226167535524f,0.28646429996313716f,-0.5625f,0.24895967641062194f,1.033434140308051f,0.20891162791570356f,0.5443790233188617f,-0.23670634192454273f,0.26396206379792736f,-1.0236724318254113f,-0.007777613838806818f,0f,0f,0f,1f], start_interpolation: 0, interpolation_duration: 1 }
$data merge entity $(bone_left_wing3) { transformation: [-1.1641844430629484f,-0.10359664465152704f,-0.02996470796987307f,1.2804249074179619f,-0.10721978294555937f,1.0769991512521535f,0.4421903575653934f,0.37050716408320594f,-0.011578715467687408f,0.44305319025558154f,-1.081908207718673f,0.5605509153363856f,0f,0f,0f,1f], start_interpolation: 0, interpolation_duration: 1 }
$data merge entity $(bone_left_wing2) { transformation: [-0.5045590631259065f,-0.08860709341703416f,0.8588183363282903f,1.1484119995094502f,0.28651319129917985f,0.9211665563693466f,0.26336736061668475f,0.7505830397907649f,-0.8144509457475428f,0.37894717101836806f,-0.43939583355797607f,-0.394227199712169f,0f,0f,0f,1f], start_interpolation: 0, interpolation_duration: 1 }
$data merge entity $(bone_left_wing1) { transformation: [-1.0274241083045166f,-0.1896022616753553f,-0.2864642999631369f,0.5625f,-0.24895967641062194f,1.033434140308051f,0.20891162791570356f,0.5443790233188617f,0.23670634192454248f,0.2639620637979273f,-1.0236724318254113f,-0.007777613838806707f,0f,0f,0f,1f], start_interpolation: 0, interpolation_duration: 1 }
$data merge entity $(bone_beak_down) { transformation: [-1.1f,-2.7455832497465293e-17f,1.3188354951274102e-16f,-1.506362881692944e-16f,0f,1.0769109069207832f,0.2241938860786728f,1.0779871428258434f,-1.3471114790620887e-16f,0.2241938860786728f,-1.0769109069207832f,1.2300386386848292f,0f,0f,0f,1f], start_interpolation: 0, interpolation_duration: 1 }
$data merge entity $(bone_beak_up) { transformation: [-1.1f,-3.0761407837987984e-17f,1.3115193158331088e-16f,-1.5341706367242517e-16f,0f,1.0709367931604767f,0.2511859571217209f,1.1785812226461614f,-1.3471114790620887e-16f,0.2511859571217209f,-1.0709367931604767f,1.2527453938493947f,0f,0f,0f,1f], start_interpolation: 0, interpolation_duration: 1 }
$data merge entity $(bone_head) { transformation: [-1.1f,-2.96616053667282e-17f,1.3140503238946736e-16f,-8.771454747769149e-17f,0f,1.0730035180833908f,0.24220538842203132f,1.299683916857177f,-1.3471114790620887e-16f,0.24220538842203132f,-1.0730035180833908f,0.7162436348076993f,0f,0f,0f,1f], start_interpolation: 0, interpolation_duration: 1 }
$data merge entity $(bone_neck2) { transformation: [-1f,1.2105558744569804e-16f,1.8524107935215982e-17f,-7.61369800181815e-17f,0f,0.15126082024721893f,-0.9884938868086837f,0.6818752376017497f,-1.2246467991473532e-16f,-0.9884938868086837f,-0.15126082024721893f,0.6217056221531875f,0f,0f,0f,1f], start_interpolation: 0, interpolation_duration: 1 }
$data merge entity $(bone_neck1) { transformation: [-1f,4.808675722346176e-17f,1.126288666654798e-16f,-1.2783242518849107e-17f,0f,0.9196844897965389f,-0.3926581709676752f,0.4610050164324324f,-1.2246467991473532e-16f,-0.3926581709676752f,-0.9196844897965389f,0.10438309664263434f,0f,0f,0f,1f], start_interpolation: 0, interpolation_duration: 1 }
$data merge entity $(bone_body3) { transformation: [-1f,-2.1392053199974488e-17f,1.2058183066493906e-16f,6.124339832173941e-17f,0f,0.9846253691177965f,0.17467937053253613f,0.6317187085851298f,-1.2246467991473532e-16f,0.17467937053253613f,-0.9846253691177965f,-0.500090298397705f,0f,0f,0f,1f], start_interpolation: 0, interpolation_duration: 1 }
$data merge entity $(bone_body2) { transformation: [-1f,3.291217985273224e-18f,1.2242044645724827e-16f,9.184850993605148e-17f,0f,0.9996388064091798f,-0.026874834340519228f,0.625f,-1.2246467991473532e-16f,-0.026874834340519228f,-0.9996388064091798f,-0.75f,0f,0f,0f,1f], start_interpolation: 0, interpolation_duration: 1 }
$data merge entity $(bone_tail2) { transformation: [-1f,2.792329573117822e-17f,1.1923878304531515e-16f,2.933057035577387e-16f,0f,0.9736585530483879f,-0.22801101305796495f,0.17981794368806575f,-1.2246467991473532e-16f,-0.22801101305796495f,-0.9736585530483879f,-2.3950228242293985f,0f,0f,0f,1f], start_interpolation: 0, interpolation_duration: 1 }
$data merge entity $(bone_tail1) { transformation: [-1f,6.248671404713833e-17f,1.0532335160926916e-16f,2.143131898507868e-16f,0f,0.8600304323058647f,-0.5102427417492457f,0.5625f,-1.2246467991473532e-16f,-0.5102427417492457f,-0.8600304323058647f,-1.75f,0f,0f,0f,1f], start_interpolation: 0, interpolation_duration: 1 }