# This file was generated by Animated Java via MC-Build. It is not recommended to edit this file directly.
$data merge entity $(bone_left_leg4) { transformation: [-0.8942530702508299f,0.0034666814041970397f,-0.10148609987089854f,0.5157684841614377f,0.0005342984994432531f,0.8996235602133759f,0.02602238332905943f,-0.6138421286242787f,0.10154388643378634f,0.025795969240422323f,-0.8938810922594069f,-0.6807674499743637f,0f,0f,0f,1f], start_interpolation: 0, interpolation_duration: 1 }
$data merge entity $(bone_left_leg3) { transformation: [-0.9946896806114556f,-0.09870005944744246f,0.029167405612289837f,0.4399204767250877f,-0.06638973831173223f,0.39877875207539254f,-0.9146408636946488f,-0.2575930105868187f,0.07864376600837619f,-0.9117202450084483f,-0.4032137806545752f,-1.339356772439789f,0f,0f,0f,1f], start_interpolation: 0, interpolation_duration: 1 }
$data merge entity $(bone_left_leg2) { transformation: [-0.9985534679618564f,0.049411089553951903f,0.021201788850028828f,0.46462602150206367f,0.04813920813994785f,0.6459397365505424f,0.7618690657748711f,0.06537685768845244f,0.023949702733200018f,0.761787635088748f,-0.6473839747513713f,-0.9584629548954151f,0f,0f,0f,1f], start_interpolation: 0, interpolation_duration: 1 }
$data merge entity $(bone_left_leg1) { transformation: [-0.9537169587565072f,0.1059099765851988f,0.28143745209186616f,0.3125000000000001f,-0.12708376616539033f,0.7062752913962752f,-0.6964373117089053f,0.3125f,-0.272531977862157f,-0.6999702062394006f,-0.6601272842563861f,-1f,0f,0f,0f,1f], start_interpolation: 0, interpolation_duration: 1 }
$data merge entity $(bone_right_leg4) { transformation: [-0.8999356821934879f,-0.00415209435942313f,0.009926128518833954f,-0.6419059606850913f,-0.004135596380083971f,0.899989217739286f,0.001518155331233756f,-0.6038527513621799f,-0.009933013516702883f,0.0014724352139097174f,-0.8999439800215446f,-1.890892798911112f,0f,0f,0f,1f], start_interpolation: 0, interpolation_duration: 1 }
$data merge entity $(bone_right_leg3) { transformation: [-0.9789432820030298f,0.2040257802167434f,-0.006597850262447497f,-0.4884742598811308f,0.1954207931092104f,0.9460173267906733f,0.25857674108936435f,0.08949919741273993f,0.058998002014506036f,0.2518426064405667f,-0.9659681865048759f,-1.6416378324241323f,0f,0f,0f,1f], start_interpolation: 0, interpolation_duration: 1 }
$data merge entity $(bone_right_leg2) { transformation: [-0.9740818426997655f,-0.037063202184390576f,0.22313870745898934f,-0.5070058609733261f,0.21748327829410202f,0.11769243273486202f,0.9689424724612915f,0.14834541378017094f,-0.0621738480800374f,0.9923582066576513f,-0.10658143503505421f,-1.1454587290953067f,0f,0f,0f,1f], start_interpolation: 0, interpolation_duration: 1 }
$data merge entity $(bone_right_leg1) { transformation: [-0.9537169587565072f,0.13077149382984452f,-0.270781792190224f,-0.3124999999999999f,0.12708376616539033f,0.9914015485992203f,0.031187911316538454f,0.3125f,0.27253197786215677f,-0.0046675300297710255f,-0.9621354037795107f,-1f,0f,0f,0f,1f], start_interpolation: 0, interpolation_duration: 1 }
$data merge entity $(bone_right_wing3) { transformation: [-1.1217932323504929f,0.1653317418576158f,0.2849577599636867f,-2.241137051726329f,0.3031394467717907f,0.914005628189421f,0.6630654216783716f,0.8309533750247657f,-0.1290038202538513f,0.7100807649478689f,-0.9198363373924319f,-0.10738807116811447f,0f,0f,0f,1f], start_interpolation: 0, interpolation_duration: 1 }
$data merge entity $(bone_right_wing2) { transformation: [-0.9224854309402438f,0.14140964839987025f,0.35919902706218126f,-1.2159685206173985f,0.32666639034754985f,0.781756806439978f,0.5311735733280306f,0.7353887358892697f,-0.20569321602885857f,0.6073381322823321f,-0.7673530438823539f,-0.22307389871781494f,0f,0f,0f,1f], start_interpolation: 0, interpolation_duration: 1 }
$data merge entity $(bone_right_wing1) { transformation: [-1.0608684964138628f,0.20205474781939023f,0.08569144246272983f,-0.5625f,0.21840538524255906f,0.9302052822158964f,0.5105177095320051f,0.47897353920872127f,0.021638671972884195f,0.5172070406833207f,-0.9516510684352552f,-0.017194347830932544f,0f,0f,0f,1f], start_interpolation: 0, interpolation_duration: 1 }
$data merge entity $(bone_left_wing3) { transformation: [-1.1217932323504929f,-0.165331741857616f,-0.28495775996368644f,2.24113705172633f,-0.3031394467717907f,0.914005628189421f,0.6630654216783716f,0.8309533750247657f,0.12900382025385101f,0.7100807649478689f,-0.9198363373924318f,-0.10738807116811394f,0f,0f,0f,1f], start_interpolation: 0, interpolation_duration: 1 }
$data merge entity $(bone_left_wing2) { transformation: [-0.9224854309402439f,-0.14140964839987044f,-0.3591990270621811f,1.2159685206173987f,-0.32666639034754985f,0.781756806439978f,0.5311735733280306f,0.7353887358892697f,0.20569321602885832f,0.6073381322823321f,-0.7673530438823539f,-0.22307389871781466f,0f,0f,0f,1f], start_interpolation: 0, interpolation_duration: 1 }
$data merge entity $(bone_left_wing1) { transformation: [-1.0608684964138628f,-0.20205474781939042f,-0.0856914424627296f,0.5625f,-0.21840538524255906f,0.9302052822158964f,0.5105177095320051f,0.47897353920872127f,-0.02163867197288446f,0.5172070406833206f,-0.9516510684352552f,-0.017194347830932433f,0f,0f,0f,1f], start_interpolation: 0, interpolation_duration: 1 }
$data merge entity $(bone_beak_down) { transformation: [-1.1f,-1.1876088043458766e-16f,6.358416979571295e-17f,-2.20678665681567e-16f,0f,0.5192041480040017f,0.969756182086734f,0.05413744829987263f,-1.3471114790620887e-16f,0.969756182086734f,-0.5192041480040017f,1.8019780546947253f,0f,0f,0f,1f], start_interpolation: 0, interpolation_duration: 1 }
$data merge entity $(bone_beak_up) { transformation: [-1.1f,6.93097006996719e-17f,1.1551302419697263e-16f,-2.2067180815211617e-16f,0f,0.9432354232861042f,-0.565956655812337f,0.15726243309720733f,-1.3471114790620887e-16f,-0.565956655812337f,-0.9432354232861042f,1.8019220587173088f,0f,0f,0f,1f], start_interpolation: 0, interpolation_duration: 1 }
$data merge entity $(bone_head) { transformation: [-1.1f,7.314698080881857e-20f,1.3471112804712046e-16f,-1.5331624412855594e-16f,0f,1.099999837838237f,-0.0005972904257761785f,0.15696378788431925f,-1.3471114790620887e-16f,-0.0005972904257761785f,-1.099999837838237f,1.2519221397981903f,0f,0f,0f,1f], start_interpolation: 0, interpolation_duration: 1 }
$data merge entity $(bone_neck2) { transformation: [-1f,-1.1576959385626404e-17f,1.2191624927794546e-16f,-7.711858832984003e-17f,0f,0.9955217240009797f,0.09453304735444323f,0.21604694248084627f,-1.2246467991473532e-16f,0.09453304735444323f,-0.9955217240009797f,0.6297210622975781f,0f,0f,0f,1f], start_interpolation: 0, interpolation_duration: 1 }
$data merge entity $(bone_neck1) { transformation: [-1f,-4.007712355300149e-17f,1.1572131175516475e-16f,-1.202535046755985e-17f,0f,0.9449362202696682f,0.3272545486658255f,0.4001276261053731f,-1.2246467991473532e-16f,0.3272545486658255f,-0.9449362202696682f,0.0981944383958897f,0f,0f,0f,1f], start_interpolation: 0, interpolation_duration: 1 }
$data merge entity $(bone_body3) { transformation: [-1f,-1.65780104017777e-17f,1.2133741136902966e-16f,6.277440598797258e-17f,0f,0.9907951537823761f,0.1353697279355971f,0.5466584031765198f,-1.2246467991473532e-16f,0.1353697279355971f,-0.9907951537823761f,-0.5125919247221206f,0f,0f,0f,1f], start_interpolation: 0, interpolation_duration: 1 }
$data merge entity $(bone_body2) { transformation: [-1f,-3.837631431598698e-17f,1.162964157923156e-16f,9.184850993605148e-17f,0f,0.9496323011115179f,0.3133663872939207f,0.625f,-1.2246467991473532e-16f,0.3133663872939207f,-0.9496323011115179f,-0.75f,0f,0f,0f,1f], start_interpolation: 0, interpolation_duration: 1 }
$data merge entity $(bone_tail2) { transformation: [-1f,-6.366332208080937e-17f,1.0461634312216093e-16f,3.0350192229551586e-16f,0f,0.8542572698920121f,0.5198504754606328f,0.7416825712320868f,-1.2246467991473532e-16f,0.5198504754606328f,-0.8542572698920121f,-2.478281268581486f,0f,0f,0f,1f], start_interpolation: 0, interpolation_duration: 1 }
$data merge entity $(bone_tail1) { transformation: [-1f,-2.9258048309649023e-17f,1.1891830992630538e-16f,2.143131898507868e-16f,0f,0.9710416914419809f,0.2389100949761157f,0.5625f,-1.2246467991473532e-16f,0.2389100949761157f,-0.9710416914419809f,-1.75f,0f,0f,0f,1f], start_interpolation: 0, interpolation_duration: 1 }