# This file was generated by Animated Java via MC-Build. It is not recommended to edit this file directly.
$data merge entity $(bone_left_leg4) { transformation: [-0.894165443424755f,0.003934704050721112f,-0.10223833864575739f,0.5159665832136389f,0.0009666889132314907f,0.8996189807994482f,0.02616782180287064f,-0.6133991815812045f,0.10230945849507934f,0.025888365908164235f,-0.8937911205718309f,-0.6787207596429476f,0f,0f,0f,1f], start_interpolation: 0, interpolation_duration: 1 }
$data merge entity $(bone_left_leg3) { transformation: [-0.9946383794207735f,-0.09938278176777113f,0.028592951427178256f,0.4396424374236119f,-0.06597873524265328f,0.3969398822200317f,-0.9154701176985117f,-0.2584773875600238f,0.07963228415031973f,-0.9124482410478127f,-0.40136879142473936f,-1.337971390964761f,0f,0f,0f,1f], start_interpolation: 0, interpolation_duration: 1 }
$data merge entity $(bone_left_leg2) { transformation: [-0.9985282420672211f,0.04960781639510481f,0.02191835638579362f,0.4644463456211643f,0.04886804544441986f,0.6477009765737922f,0.7603258242883756f,0.06537310072687233f,0.023521563055783512f,0.7602779159609108f,-0.6491719545494458f,-0.9578324329843056f,0f,0f,0f,1f], start_interpolation: 0, interpolation_duration: 1 }
$data merge entity $(bone_left_leg1) { transformation: [-0.9537169587565072f,0.10660552024435369f,0.28117472438622476f,0.3125000000000001f,-0.12708376616539033f,0.7045511583266533f,-0.6981814819069546f,0.3125f,-0.2725319778621569f,-0.7016002625099292f,-0.658394557000997f,-1f,0f,0f,0f,1f], start_interpolation: 0, interpolation_duration: 1 }
$data merge entity $(bone_right_leg4) { transformation: [-0.8999205830703396f,-0.004310581683891186f,0.011151818321979003f,-0.6425326119096729f,-0.00429249551650479f,0.8999885371326053f,0.001485769885917504f,-0.6002602444733156f,-0.01115879243380367f,0.0014324508576613326f,-0.899929680272831f,-1.8971221537423477f,0f,0f,0f,1f], start_interpolation: 0, interpolation_duration: 1 }
$data merge entity $(bone_right_leg3) { transformation: [-0.978770608602701f,0.2048981896921248f,-0.0049827298128732045f,-0.4885475490272747f,0.1962173198533527f,0.943773462712989f,0.26606468098622427f,0.0909408099997871f,0.059218739644348505f,0.25943859184713486f,-0.9639423001068637f,-1.6422968161003175f,0f,0f,0f,1f], start_interpolation: 0, interpolation_duration: 1 }
$data merge entity $(bone_right_leg2) { transformation: [-0.9738738620716272f,-0.03707817744100578f,0.22404220479933337f,-0.5070866377477776f,0.2184865544483897f,0.11599611454222186f,0.9689213213343891f,0.14893886727089803f,-0.061913861929005776f,0.9925573586290926f,-0.10486450082022508f,-1.1460181367857714f,0f,0f,0f,1f], start_interpolation: 0, interpolation_duration: 1 }
$data merge entity $(bone_right_leg1) { transformation: [-0.9537169587565072f,0.13160776973431032f,-0.2703763257494995f,-0.3124999999999999f,0.12708376616539035f,0.9913004215715788f,0.03425186957277479f,0.3125f,0.2725319778621567f,-0.0016938528775354788f,-0.9621452343097533f,-1f,0f,0f,0f,1f], start_interpolation: 0, interpolation_duration: 1 }
$data merge entity $(bone_right_wing3) { transformation: [-1.1195074567226406f,0.16873462338340775f,0.29186854436651277f,-2.239918756208637f,0.30995747029465126f,0.9132842500596593f,0.6609037836009628f,0.8429645284181378f,-0.13260839689668177f,0.7102084704093492f,-0.9192249494045875f,-0.11893425351104539f,0f,0f,0f,1f], start_interpolation: 0, interpolation_duration: 1 }
$data merge entity $(bone_right_wing2) { transformation: [-0.9168610908420373f,0.1443201619812433f,0.37220616725903044f,-1.2148267735508391f,0.3364652794045031f,0.7811398055752511f,0.5259388936949886f,0.73593373454931f,-0.21484146679633176f,0.6074473598523303f,-0.7647554178645837f,-0.2248453689782788f,0f,0f,0f,1f], start_interpolation: 0, interpolation_duration: 1 }
$data merge entity $(bone_right_wing1) { transformation: [-1.06055437771032f,0.20193052986755314f,0.08977518664974343f,-0.5625f,0.2201960068159275f,0.928407684275339f,0.5130146211093144f,0.4778059715062835f,0.01868800719464424f,0.5204751137153655f,-0.9499302740207731f,-0.017490387231624605f,0f,0f,0f,1f], start_interpolation: 0, interpolation_duration: 1 }
$data merge entity $(bone_left_wing3) { transformation: [-1.1195074567226406f,-0.16873462338340797f,-0.2918685443665126f,2.2399187562086373f,-0.30995747029465126f,0.9132842500596593f,0.6609037836009628f,0.8429645284181378f,0.13260839689668152f,0.710208470409349f,-0.9192249494045877f,-0.11893425351104484f,0f,0f,0f,1f], start_interpolation: 0, interpolation_duration: 1 }
$data merge entity $(bone_left_wing2) { transformation: [-0.9168610908420373f,-0.1443201619812435f,-0.37220616725903033f,1.2148267735508393f,-0.3364652794045031f,0.7811398055752511f,0.5259388936949886f,0.73593373454931f,0.21484146679633154f,0.6074473598523302f,-0.7647554178645838f,-0.22484536897827853f,0f,0f,0f,1f], start_interpolation: 0, interpolation_duration: 1 }
$data merge entity $(bone_left_wing1) { transformation: [-1.06055437771032f,-0.20193052986755333f,-0.0897751866497432f,0.5625f,-0.2201960068159275f,0.928407684275339f,0.5130146211093144f,0.4778059715062835f,-0.018688007194644505f,0.5204751137153655f,-0.9499302740207731f,-0.017490387231624493f,0f,0f,0f,1f], start_interpolation: 0, interpolation_duration: 1 }
$data merge entity $(bone_beak_down) { transformation: [-1.1f,-1.1921104784368865e-16f,6.273610955596665e-17f,-2.2040802464654932e-16f,0f,0.5122792106233892f,0.9734320779402519f,0.04260557911661124f,-1.3471114790620887e-16f,0.9734320779402519f,-0.5122792106233892f,1.7997681029338903f,0f,0f,0f,1f], start_interpolation: 0, interpolation_duration: 1 }
$data merge entity $(bone_beak_up) { transformation: [-1.1f,6.977109416564716e-17f,1.1523492434647092e-16f,-2.203975010948004e-16f,0f,0.9409645656747883f,-0.5697242193767583f,0.1457305433144621f,-1.3471114790620887e-16f,-0.5697242193767583f,-0.9409645656747883f,1.7996821716126614f,0f,0f,0f,1f], start_interpolation: 0, interpolation_duration: 1 }
$data merge entity $(bone_head) { transformation: [-1.1f,1.1225121865543015e-19f,1.3471110113822243e-16f,-1.5304195052568918e-16f,0f,1.0999996181104095f,-0.000916600759774927f,0.14527224293457466f,-1.3471114790620887e-16f,-0.000916600759774927f,-1.0999996181104095f,1.2496823625574567f,0f,0f,0f,1f], start_interpolation: 0, interpolation_duration: 1 }
$data merge entity $(bone_neck2) { transformation: [-1f,-1.2972638257611559e-17f,1.2177564815370818e-16f,-7.693217042962158e-17f,0f,0.9943736286943559f,0.10592963021373678f,0.21147826181816015f,-1.2246467991473532e-16f,0.10592963021373678f,-0.9943736286943559f,0.6281988446234843f,0f,0f,0f,1f], start_interpolation: 0, interpolation_duration: 1 }
$data merge entity $(bone_neck1) { transformation: [-1f,-4.079383939608468e-17f,1.1547060445821277e-16f,-1.1979955421876891e-17f,0f,0.9428890398326104f,0.3331069776566348f,0.3988509367500172f,-1.2246467991473532e-16f,0.3331069776566348f,-0.9428890398326104f,0.0978237597176409f,0f,0f,0f,1f], start_interpolation: 0, interpolation_duration: 1 }
$data merge entity $(bone_body3) { transformation: [-1f,-1.6692787271626787e-17f,1.2132167440207374e-16f,6.280279187494253e-17f,0f,0.9906666516953508f,0.13630695220245506f,0.545959447607511f,-1.2246467991473532e-16f,0.13630695220245506f,-0.9906666516953508f,-0.5128237130793f,0f,0f,0f,1f], start_interpolation: 0, interpolation_duration: 1 }
$data merge entity $(bone_body2) { transformation: [-1f,-3.871870379612011e-17f,1.161828722444358e-16f,9.184850993605148e-17f,0f,0.9487051476828f,0.31616220956995583f,0.625f,-1.2246467991473532e-16f,0.31616220956995583f,-0.9487051476828f,-0.75f,0f,0f,0f,1f], start_interpolation: 0, interpolation_duration: 1 }
$data merge entity $(bone_tail2) { transformation: [-1f,-6.421211267034076e-17f,1.0428040282349334e-16f,3.033853967122959e-16f,0f,0.85151410917905f,0.524331690696842f,0.7455065926816498f,-1.2246467991473532e-16f,0.524331690696842f,-0.85151410917905f,-2.477329764986318f,0f,0f,0f,1f], start_interpolation: 0, interpolation_duration: 1 }
$data merge entity $(bone_tail1) { transformation: [-1f,-2.9882458393392765e-17f,1.1876294248201214e-16f,2.143131898507868e-16f,0f,0.9697730199817575f,0.2440087902421996f,0.5625f,-1.2246467991473532e-16f,0.2440087902421996f,-0.9697730199817575f,-1.75f,0f,0f,0f,1f], start_interpolation: 0, interpolation_duration: 1 }