# This file was generated by Animated Java via MC-Build. It is not recommended to edit this file directly.
$data merge entity $(bone_left_leg4) { transformation: [-0.8939186906933109f,0.005251652452957788f,-0.10431584048297879f,0.5165111259150832f,0.002183386254732071f,0.8996047875000956f,0.026579298925478334f,-0.6121557344848031f,0.10442512750109328f,0.026146633691942756f,-0.8935388890770002f,-0.673070832725409f,0f,0f,0f,1f], start_interpolation: 0, interpolation_duration: 1 }
$data merge entity $(bone_left_leg3) { transformation: [-0.9944922332821322f,-0.10127400604277666f,0.02699580785168368f,0.4388683833922705f,-0.06481703604854375f,0.39185673318187403f,-0.9177401879060931f,-0.26090442285426674f,0.08236473626133434f,-0.9144352772941764f,-0.39626275860913773f,-1.3341308682829702f,0f,0f,0f,1f], start_interpolation: 0, interpolation_duration: 1 }
$data merge entity $(bone_left_leg2) { transformation: [-0.998455244766117f,0.05016034650456552f,0.023896942013058947f,0.46394855664455326f,0.0508776984384936f,0.6525510092263596f,0.756034814118544f,0.06537108175891307f,0.022328994617655556f,0.7560827467917793f,-0.6540950206225111f,-0.9560894948870805f,0f,0f,0f,1f], start_interpolation: 0, interpolation_duration: 1 }
$data merge entity $(bone_left_leg1) { transformation: [-0.9537169587565072f,0.1085250891711024f,0.2804394187710477f,0.3125000000000001f,-0.12708376616539033f,0.699762054145904f,-0.7029813539168198f,0.3125f,-0.27253197786215694f,-0.706084536438739f,-0.6535831610779395f,-1f,0f,0f,0f,1f], start_interpolation: 0, interpolation_duration: 1 }
$data merge entity $(bone_right_leg4) { transformation: [-0.8998680960968626f,-0.004674074519226688f,0.014682052118018556f,-0.6442017154065574f,-0.004647146931436466f,0.8999864190342373f,0.0016880697047454707f,-0.5899946074977267f,-0.014690597414848147f,0.0016120115753785191f,-0.8998786516893685f,-1.914487919124753f,0f,0f,0f,1f], start_interpolation: 0, interpolation_duration: 1 }
$data merge entity $(bone_right_leg3) { transformation: [-0.9782895063312352f,0.20724258680983465f,-0.0003898904411058224f,-0.4887454071466123f,0.19841488563822368f,0.9371582357221749f,0.28699472882837257f,0.09493689874213128f,0.05984291904109047f,0.2806865715178919f,-0.9579320819401409f,-1.6441022353650752f,0f,0f,0f,1f], start_interpolation: 0, interpolation_duration: 1 }
$data merge entity $(bone_right_leg2) { transformation: [-0.9732950016417907f,-0.03712161081323867f,0.2265365881921435f,-0.5073062125532316f,0.22125536383277408f,0.1113031921822353f,0.9688434669157198f,0.15058849483324893f,-0.06117927552965241f,0.9930929389642618f,-0.10011748511120347f,-1.1475557658829443f,0f,0f,0f,1f], start_interpolation: 0, interpolation_duration: 1 }
$data merge entity $(bone_right_leg1) { transformation: [-0.9537169587565072f,0.13391325977268806f,-0.2692419013402098f,-0.3124999999999999f,0.12708376616539033f,0.990971559011364f,0.042721020678431504f,0.3125f,0.2725319778621567f,0.006527487084563236f,-0.9621245828659102f,-1f,0f,0f,0f,1f], start_interpolation: 0, interpolation_duration: 1 }
$data merge entity $(bone_right_wing3) { transformation: [-1.1132774403356989f,0.17902944985322522f,0.30905883404524814f,-2.2357466017171355f,0.3282994713444408f,0.9113785107069299f,0.65464817521562f,0.8755317304080896f,-0.140671119747862f,0.7101360660348351f,-0.9180816792431994f,-0.14822735908239182f,0f,0f,0f,1f], start_interpolation: 0, interpolation_duration: 1 }
$data merge entity $(bone_right_wing2) { transformation: [-0.90086178884636f,0.15312541483273928f,0.40620271383736184f,-1.2120928567265203f,0.362756660883572f,0.7795098104588666f,0.5106584576632242f,0.7372342864291198f,-0.2384442123037111f,0.6073854317735017f,-0.757777866454398f,-0.22880747747751637f,0f,0f,0f,1f], start_interpolation: 0, interpolation_duration: 1 }
$data merge entity $(bone_right_wing1) { transformation: [-1.0597398035499488f,0.20170736708369988f,0.09938208061410467f,-0.5625f,0.22453976909499712f,0.9236574931628128f,0.5196631972057141f,0.47481561822520685f,0.012022977076923338f,0.5289443113404859f,-0.9453488639829519f,-0.018280013549498042f,0f,0f,0f,1f], start_interpolation: 0, interpolation_duration: 1 }
$data merge entity $(bone_left_wing3) { transformation: [-1.1132774403356989f,-0.17902944985322544f,-0.30905883404524787f,2.2357466017171355f,-0.3282994713444408f,0.9113785107069299f,0.65464817521562f,0.8755317304080896f,0.14067111974786178f,0.7101360660348351f,-0.9180816792431996f,-0.14822735908239132f,0f,0f,0f,1f], start_interpolation: 0, interpolation_duration: 1 }
$data merge entity $(bone_left_wing2) { transformation: [-0.9008617888463601f,-0.15312541483273948f,-0.4062027138373617f,1.2120928567265203f,-0.362756660883572f,0.7795098104588666f,0.5106584576632242f,0.7372342864291198f,0.23844421230371093f,0.6073854317735017f,-0.7577778664543983f,-0.22880747747751612f,0f,0f,0f,1f], start_interpolation: 0, interpolation_duration: 1 }
$data merge entity $(bone_left_wing1) { transformation: [-1.0597398035499488f,-0.20170736708370005f,-0.09938208061410443f,0.5625f,-0.22453976909499712f,0.9236574931628128f,0.5196631972057141f,0.47481561822520685f,-0.012022977076923602f,0.5289443113404859f,-0.945348863982952f,-0.01828001354949793f,0f,0f,0f,1f], start_interpolation: 0, interpolation_duration: 1 }
$data merge entity $(bone_beak_down) { transformation: [-1.1f,-1.20401032021634e-16f,6.04208975300263e-17f,-2.196199372486962e-16f,0f,0.49337406974887543f,0.9831490361585223f,0.011737529051425291f,-1.3471114790620887e-16f,0.9831490361585223f,-0.49337406974887543f,1.7933328809711027f,0f,0f,0f,1f], start_interpolation: 0, interpolation_duration: 1 }
$data merge entity $(bone_beak_up) { transformation: [-1.1f,7.108448539112364e-17f,1.1442940752659516e-16f,-2.1959446644103753e-16f,0f,0.9343870216805809f,-0.5804488726105801f,0.11486231931676179f,-1.3471114790620887e-16f,-0.5804488726105801f,-0.9343870216805809f,1.793124896042906f,0f,0f,0f,1f], start_interpolation: 0, interpolation_duration: 1 }
$data merge entity $(bone_head) { transformation: [-1.1f,2.7168861502597343e-19f,1.3471087393193222e-16f,-1.522390294750714e-16f,0f,1.099997762830256f,-0.0022185059007638064f,0.11375306636637988f,-1.3471114790620887e-16f,-0.0022185059007638064f,-1.099997762830256f,1.243126014627778f,0f,0f,0f,1f], start_interpolation: 0, interpolation_duration: 1 }
$data merge entity $(bone_neck2) { transformation: [-1f,-1.677564380355527e-17f,1.213102452457945e-16f,-7.642012619644985e-17f,0f,0.9905733255519505f,0.13698352712990483f,0.1993677708225704f,-1.2246467991473532e-16f,0.13698352712990483f,-0.9905733255519505f,0.624017686157809f,0f,0f,0f,1f], start_interpolation: 0, interpolation_duration: 1 }
$data merge entity $(bone_neck1) { transformation: [-1f,-4.2723377394362e-17f,1.1477068811607558e-16f,-1.186161413115734e-17f,0f,0.937173789177283f,0.348862851102111f,0.39560312456750785f,-1.2246467991473532e-16f,0.348862851102111f,-0.937173789177283f,0.09685742974558731f,0f,0f,0f,1f], start_interpolation: 0, interpolation_duration: 1 }
$data merge entity $(bone_body3) { transformation: [-1f,-1.696382471277632e-17f,1.212840734710571e-16f,6.288069274370484e-17f,0f,0.9903596167931831f,0.13852014086500045f,0.5440756886577071f,-1.2246467991473532e-16f,0.13852014086500045f,-0.9903596167931831f,-0.5134598219460895f,0f,0f,0f,1f], start_interpolation: 0, interpolation_duration: 1 }
$data merge entity $(bone_body2) { transformation: [-1f,-3.964147954341714e-17f,1.1587126876938657e-16f,9.184850993605148e-17f,0f,0.9461607122156417f,0.3236972453691716f,0.625f,-1.2246467991473532e-16f,0.3236972453691716f,-0.9461607122156417f,-0.75f,0f,0f,0f,1f], start_interpolation: 0, interpolation_duration: 1 }
$data merge entity $(bone_tail2) { transformation: [-1f,-6.572008588177486e-17f,1.033366737335333e-16f,3.0305045110742057e-16f,0f,0.8438079763526947f,0.5366452264239104f,0.7560522726160379f,-1.2246467991473532e-16f,0.5366452264239104f,-0.8438079763526947f,-2.4745947265645585f,0f,0f,0f,1f], start_interpolation: 0, interpolation_duration: 1 }
$data merge entity $(bone_tail1) { transformation: [-1f,-3.160442281692357e-17f,1.1831634834217837e-16f,2.143131898507868e-16f,0f,0.9661263020860776f,0.2580696968213839f,0.5625f,-1.2246467991473532e-16f,0.2580696968213839f,-0.9661263020860776f,-1.75f,0f,0f,0f,1f], start_interpolation: 0, interpolation_duration: 1 }