# This file was generated by Animated Java via MC-Build. It is not recommended to edit this file directly.
$data merge entity $(bone_left_leg4) { transformation: [-0.8935664449952974f,0.007128669973267696f,-0.10718297646025104f,0.5172566381256034f,0.003917470643226895f,0.8995812223709317f,0.027171267570364144f,-0.6103907480060587f,0.10734831997859104f,0.026510496450143972f,-0.8931816902376258f,-0.6652780469198565f,0f,0f,0f,1f], start_interpolation: 0, interpolation_duration: 1 }
$data merge entity $(bone_left_leg3) { transformation: [-0.9942795327773916f,-0.10389843682486807f,0.024765409855707465f,0.4377849723909707f,-0.06314901255392412f,0.38482930400326176f,-0.9208249611048943f,-0.26421720993455655f,0.08614181860999101f,-0.9171213232750155f,-0.3891889842747987f,-1.3287947278589431f,0f,0f,0f,1f], start_interpolation: 0, interpolation_duration: 1 }
$data merge entity $(bone_left_leg2) { transformation: [-0.9983464181928554f,0.05094535115170579f,0.026627062878315965f,0.46325764796682356f,0.053643873147947135f,0.6592115031716095f,0.7500416848148603f,0.06538854165124816f,0.020658270866250494f,0.7502298083135974f,-0.6608543489775642f,-0.9536798237021444f,0f,0f,0f,1f], start_interpolation: 0, interpolation_duration: 1 }
$data merge entity $(bone_left_leg1) { transformation: [-0.9537169587565072f,0.11117143687280961f,0.27940092019153f,0.3125000000000001f,-0.12708376616539033f,0.6930849904795061f,-0.7095652981574306f,0.3125f,-0.272531977862157f,-0.7122317794058742f,-0.6468788243920828f,-1f,0f,0f,0f,1f], start_interpolation: 0, interpolation_duration: 1 }
$data merge entity $(bone_right_leg4) { transformation: [-0.8997651482678857f,-0.004975923115464712f,0.019947885893464714f,-0.6463419668739651f,-0.004913655980567772f,0.8999820336424056f,0.0028627095179959428f,-0.5748959317550527f,-0.019963315039700523f,0.0027530546723191773f,-0.8997743532367415f,-1.9389765922671922f,0f,0f,0f,1f], start_interpolation: 0, interpolation_duration: 1 }
$data merge entity $(bone_right_leg3) { transformation: [-0.9776152316143902f,0.21030582508738016f,0.0063181365811730145f,-0.48900748159475327f,0.2014426604105426f,0.9269010734950405f,0.31666268255110824f,0.10048845570678341f,0.0607397191487164f,0.31084700398758436f,-0.948517172553917f,-1.6465590159918841f,0f,0f,0f,1f], start_interpolation: 0, interpolation_duration: 1 }
$data merge entity $(bone_right_leg2) { transformation: [-0.972485183542561f,-0.037186600645803036f,0.2299776609207967f,-0.5076007819176548f,0.22507227375692496f,0.1048056093052563f,0.9686889365756388f,0.15289126035941156f,-0.06012519751384765f,0.9937972333381511f,-0.09355222944087051f,-1.1496603993228085f,0f,0f,0f,1f], start_interpolation: 0, interpolation_duration: 1 }
$data merge entity $(bone_right_leg1) { transformation: [-0.9537169587565072f,0.13708555671070574f,-0.26764064101244894f,-0.3124999999999999f,0.12708376616539033f,0.9903975287417798f,0.05442840654838113f,0.3125f,0.2725319778621567f,0.017896513724503564f,-0.9619802679052464f,-1f,0f,0f,0f,1f], start_interpolation: 0, interpolation_duration: 1 }
$data merge entity $(bone_right_wing3) { transformation: [-1.1052776763429393f,0.19568108853353489f,0.3271478805446335f,-2.228759077681527f,0.35199004586329763f,0.9091076130771872f,0.6454315776554592f,0.9183909652236184f,-0.14635515627291223f,0.7086521187522071f,-0.918339756733259f,-0.18096629131439937f,0f,0f,0f,1f], start_interpolation: 0, interpolation_duration: 1 }
$data merge entity $(bone_right_wing2) { transformation: [-0.8784068790720709f,0.16736770336492052f,0.44764875367772f,-1.2096702148843859f,0.3967566836140307f,0.7775674923548781f,0.48782469068359247f,0.7384110317442047f,-0.26643102072855557f,0.606116199010799f,-0.7494248891585076f,-0.23147808590313854f,0f,0f,0f,1f], start_interpolation: 0, interpolation_duration: 1 }
$data merge entity $(bone_right_wing1) { transformation: [-1.058899836058607f,0.2019180085179788f,0.10757028466216519f,-0.5625f,0.22866713898648042f,0.9177760435929693f,0.5282135784563714f,0.47139990620516037f,0.0073203725249116405f,0.5390059023369603f,-0.9396968450000918f,-0.019270588851618975f,0f,0f,0f,1f], start_interpolation: 0, interpolation_duration: 1 }
$data merge entity $(bone_left_wing3) { transformation: [-1.1052776763429393f,-0.1956810885335351f,-0.3271478805446333f,2.228759077681527f,-0.35199004586329763f,0.9091076130771872f,0.6454315776554592f,0.9183909652236184f,0.146355156272912f,0.7086521187522071f,-0.918339756733259f,-0.1809662913143989f,0f,0f,0f,1f], start_interpolation: 0, interpolation_duration: 1 }
$data merge entity $(bone_left_wing2) { transformation: [-0.878406879072071f,-0.1673677033649207f,-0.4476487536777198f,1.2096702148843859f,-0.3967566836140307f,0.7775674923548781f,0.48782469068359247f,0.7384110317442047f,0.2664310207285554f,0.606116199010799f,-0.7494248891585077f,-0.2314780859031383f,0f,0f,0f,1f], start_interpolation: 0, interpolation_duration: 1 }
$data merge entity $(bone_left_wing1) { transformation: [-1.058899836058607f,-0.20191800851797898f,-0.10757028466216495f,0.5625f,-0.22866713898648042f,0.9177760435929693f,0.5282135784563714f,0.47139990620516037f,-0.007320372524911904f,0.5390059023369603f,-0.9396968450000919f,-0.019270588851618864f,0f,0f,0f,1f], start_interpolation: 0, interpolation_duration: 1 }
$data merge entity $(bone_beak_down) { transformation: [-1.1f,-1.2190617129020993e-16f,5.732345742861703e-17f,-2.184611883084762e-16f,0f,0.4680815519097251f,0.9954394309860263f,-0.027906931623484163f,-1.3471114790620887e-16f,0.9954394309860263f,-0.4680815519097251f,1.7838709778246058f,0f,0f,0f,1f], start_interpolation: 0, interpolation_duration: 1 }
$data merge entity $(bone_beak_up) { transformation: [-1.1f,7.301688086345365e-17f,1.132061326924504e-16f,-2.1840039684781096e-16f,0f,0.9243982246250018f,-0.5962280791024063f,0.07521687364034543f,-1.3471114790620887e-16f,-0.5962280791024063f,-0.9243982246250018f,1.7833745778772288f,0f,0f,0f,1f], start_interpolation: 0, interpolation_duration: 1 }
$data merge entity $(bone_head) { transformation: [-1.1f,6.484422470957409e-19f,1.3470958723439344e-16f,-1.5104560323061424e-16f,0f,1.0999872561475157f,-0.005294932772022198f,0.07256940725433433f,-1.3471114790620887e-16f,-0.005294932772022198f,-1.0999872561475157f,1.233380949803471f,0f,0f,0f,1f], start_interpolation: 0, interpolation_duration: 1 }
$data merge entity $(bone_neck2) { transformation: [-1f,-2.186752844748546e-17f,1.204965104317008e-16f,-7.573528421080124e-17f,0f,0.9839286765424545f,0.17856192056934694f,0.18417060761017617f,-1.2246467991473532e-16f,0.17856192056934694f,-0.9839286765424545f,0.6184255269644368f,0f,0f,0f,1f], start_interpolation: 0, interpolation_duration: 1 }
$data merge entity $(bone_neck1) { transformation: [-1f,-4.524002432039439e-17f,1.1380218814288544e-16f,-1.1721553380428181e-17f,0f,0.9292653867394173f,0.3694128327603703f,0.3919653260378845f,-1.2246467991473532e-16f,0.3694128327603703f,-0.9292653867394173f,0.09571374692351453f,0f,0f,0f,1f], start_interpolation: 0, interpolation_duration: 1 }
$data merge entity $(bone_body3) { transformation: [-1f,-1.7197891176907155e-17f,1.2125110459573486e-16f,6.29855187933494e-17f,0f,0.9900904054961366f,0.1404314385901388f,0.5416156255002298f,-1.2246467991473532e-16f,0.1404314385901388f,-0.9900904054961366f,-0.5143157915996872f,0f,0f,0f,1f], start_interpolation: 0, interpolation_duration: 1 }
$data merge entity $(bone_body2) { transformation: [-1f,-4.0846562932019105e-17f,1.1545196457080832e-16f,9.184850993605148e-17f,0f,0.9427368336012512f,0.33353749799908083f,0.625f,-1.2246467991473532e-16f,0.33353749799908083f,-0.9427368336012512f,-0.75f,0f,0f,0f,1f], start_interpolation: 0, interpolation_duration: 1 }
$data merge entity $(bone_tail2) { transformation: [-1f,-6.778266350305484e-17f,1.0199562909777173e-16f,3.025563901462787e-16f,0f,0.832857515887724f,0.5534874508327443f,0.77056895902309f,-1.2246467991473532e-16f,0.5534874508327443f,-0.832857515887724f,-2.470560412658819f,0f,0f,0f,1f], start_interpolation: 0, interpolation_duration: 1 }
$data merge entity $(bone_tail1) { transformation: [-1f,-3.397479795593985e-17f,1.176576003939892e-16f,2.143131898507868e-16f,0f,0.9607472168784256f,0.2774252786974532f,0.5625f,-1.2246467991473532e-16f,0.2774252786974532f,-0.9607472168784256f,-1.75f,0f,0f,0f,1f], start_interpolation: 0, interpolation_duration: 1 }