# This file was generated by Animated Java via MC-Build. It is not recommended to edit this file directly.
$data merge entity $(bone_left_leg4) { transformation: [-0.8932961314600935f,0.008566340956901859f,-0.10930983176751069f,0.517805316080311f,0.005245556752184577f,0.8995605204531923f,0.027628864912286943f,-0.6090444459559965f,0.10951943048058194f,0.026785963574079363f,-0.8929098535141257f,-0.6594993557527743f,0f,0f,0f,1f], start_interpolation: 0, interpolation_duration: 1 }
$data merge entity $(bone_left_leg3) { transformation: [-0.9941132724445393f,-0.10585659866173419f,0.023090735574632003f,0.4369696961105959f,-0.06186252361548523f,0.3796061484853191f,-0.9230775699821037f,-0.26664748646812564f,0.08894846666206549f,-0.9190721149898471f,-0.3839200668453751f,-1.3248084378173237f,0f,0f,0f,1f], start_interpolation: 0, interpolation_duration: 1 }
$data merge entity $(bone_left_leg2) { transformation: [-0.9982595771858989f,0.05154473655817343f,0.028652341785252358f,0.46274206438968263f,0.05569075898245296f,0.6641284975918476f,0.7455413322213287f,0.06541676232779817f,0.019399894860250372f,0.745839445738521f,-0.6658431987036193f,-0.9518887149480633f,0f,0f,0f,1f], start_interpolation: 0, interpolation_duration: 1 }
$data merge entity $(bone_left_leg1) { transformation: [-0.9537169587565072f,0.1131328059032753f,0.2786125101439106f,0.3125000000000001f,-0.12708376616539035f,0.6880798051933036f,-0.7144199731686998f,0.3125f,-0.272531977862157f,-0.7167615711752389f,-0.6418560361396811f,-1f,0f,0f,0f,1f], start_interpolation: 0, interpolation_duration: 1 }
$data merge entity $(bone_right_leg4) { transformation: [-0.8996596447384373f,-0.005017474442788938f,0.02423527551576163f,-0.6477846996680419f,-0.004890120001018288f,0.8999739533128198f,0.004792711640632608f,-0.5628159843466902f,-0.02426129335968215f,0.004659217607128341f,-0.8996608701815395f,-1.9578132748144905f,0f,0f,0f,1f], start_interpolation: 0, interpolation_duration: 1 }
$data merge entity $(bone_right_leg3) { transformation: [-0.977107193418351f,0.21242726126828448f,0.011670100263894131f,-0.4891936349833219f,0.20368522751214982f,0.9182377444621718f,0.33963476373649837f,0.10463515126640743f,0.06143175614807961f,0.33423659780921544f,-0.940485000423443f,-1.6483555139311137f,0f,0f,0f,1f], start_interpolation: 0, interpolation_duration: 1 }
$data merge entity $(bone_right_leg2) { transformation: [-0.9718760989327431f,-0.03723863622708201f,0.23252985248182684f,-0.5078129530968629f,0.22790095379426384f,0.09996865392108267f,0.9685388084598736f,0.15461947822694877f,-0.05931276070912489f,0.994293493997197f,-0.08867042467422966f,-1.1512087669325153f,0f,0f,0f,1f], start_interpolation: 0, interpolation_duration: 1 }
$data merge entity $(bone_right_leg1) { transformation: [-0.9537169587565072f,0.13943205857757168f,-0.26642571876802595f,-0.3124999999999999f,0.1270837661653903f,0.9898810221053643f,0.06312906187216426f,0.3125f,0.2725319778621566f,0.02634887315351002f,-0.9617858690613421f,-1f,0f,0f,0f,1f], start_interpolation: 0, interpolation_duration: 1 }
$data merge entity $(bone_right_wing3) { transformation: [-1.1004494679730232f,0.21044506072866595f,0.3341846956839292f,-2.2237555870501957f,0.3674741769220956f,0.9080551680087992f,0.6382429843911342f,0.947507877753479f,-0.14466949820152347f,0.7057650134740184f,-0.9208268284659715f,-0.19661541553830914f,0f,0f,0f,1f], start_interpolation: 0, interpolation_duration: 1 }
$data merge entity $(bone_right_wing2) { transformation: [-0.8626758327368218f,0.17999545465841948f,0.4726436754195912f,-1.2095061908337033f,0.41950011371686363f,0.7766673271149261f,0.46990160415101223f,0.7385693585534421f,-0.28250674718202645f,0.6036468332514178f,-0.7455202468760761f,-0.23021877242384609f,0f,0f,0f,1f], start_interpolation: 0, interpolation_duration: 1 }
$data merge entity $(bone_right_wing1) { transformation: [-1.0587023704342848f,0.20286182464786356f,0.1077380250815695f,-0.5625f,0.22951740632066844f,0.9142380398510295f,0.5339491340907777f,0.46969505052129984f,0.009064333608744769f,0.5446347378757599f,-0.9364304305533554f,-0.019871807855544377f,0f,0f,0f,1f], start_interpolation: 0, interpolation_duration: 1 }
$data merge entity $(bone_left_wing3) { transformation: [-1.1004494679730232f,-0.2104450607286662f,-0.33418469568392906f,2.2237555870501957f,-0.3674741769220956f,0.9080551680087992f,0.6382429843911342f,0.947507877753479f,0.14466949820152317f,0.7057650134740184f,-0.9208268284659716f,-0.19661541553830858f,0f,0f,0f,1f], start_interpolation: 0, interpolation_duration: 1 }
$data merge entity $(bone_left_wing2) { transformation: [-0.8626758327368219f,-0.17999545465841968f,-0.472643675419591f,1.2095061908337033f,-0.41950011371686363f,0.7766673271149261f,0.46990160415101223f,0.7385693585534421f,0.28250674718202623f,0.6036468332514178f,-0.7455202468760762f,-0.2302187724238458f,0f,0f,0f,1f], start_interpolation: 0, interpolation_duration: 1 }
$data merge entity $(bone_left_wing1) { transformation: [-1.0587023704342848f,-0.20286182464786373f,-0.10773802508156927f,0.5625f,-0.22951740632066844f,0.9142380398510295f,0.5339491340907777f,0.46969505052129984f,-0.009064333608745024f,0.5446347378757599f,-0.9364304305533554f,-0.019871807855544266f,0f,0f,0f,1f], start_interpolation: 0, interpolation_duration: 1 }
$data merge entity $(bone_beak_down) { transformation: [-1.1f,-1.2289923799847255e-16f,5.516222139837445e-17f,-2.1759599851626506e-16f,0f,0.45043372045540425f,1.0035484360391893f,-0.053928473238805924f,-1.3471114790620887e-16f,1.0035484360391893f,-0.45043372045540425f,1.7768061670333344f,0f,0f,0f,1f], start_interpolation: 0, interpolation_duration: 1 }
$data merge entity $(bone_beak_up) { transformation: [-1.1f,7.459206741088928e-17f,1.1217449286525804e-16f,-2.1749185096309548e-16f,0f,0.9159742461529178f,-0.6090904533684585f,0.04919302013182783f,-1.3471114790620887e-16f,-0.6090904533684585f,-0.9159742461529178f,1.7759557377239035f,0f,0f,0f,1f], start_interpolation: 0, interpolation_duration: 1 }
$data merge entity $(bone_head) { transformation: [-1.1f,1.1109072338088417e-18f,1.3470656723161774e-16f,-1.501385673472866e-16f,0f,1.0999625959534267f,-0.009071245967264163f,0.04465739714819575f,-1.3471114790620887e-16f,-0.009071245967264163f,-1.0999625959534267f,1.2259744397471901f,0f,0f,0f,1f], start_interpolation: 0, interpolation_duration: 1 }
$data merge entity $(bone_neck2) { transformation: [-1f,-2.5467065403048973e-17f,1.197874217369061e-16f,-7.52714287617203e-17f,0f,0.9781385279437855f,0.20795437036033684f,0.1746288786234063f,-1.2246467991473532e-16f,0.20795437036033684f,-0.9781385279437855f,0.6146378597823241f,0f,0f,0f,1f], start_interpolation: 0, interpolation_duration: 1 }
$data merge entity $(bone_neck1) { transformation: [-1f,-4.694418106969093e-17f,1.1310986557464672e-16f,-1.1647129375981529e-17f,0f,0.9236121439536542f,0.3833283286444328f,0.3902510634858997f,-1.2246467991473532e-16f,0.3833283286444328f,-0.9236121439536542f,0.09510602880839358f,0f,0f,0f,1f], start_interpolation: 0, interpolation_duration: 1 }
$data merge entity $(bone_body3) { transformation: [-1f,-1.7207810952139027e-17f,1.212496971907725e-16f,6.305844318374258e-17f,0f,0.9900789131624828f,0.1405124397019596f,0.5399512703722796f,-1.2246467991473532e-16f,0.1405124397019596f,-0.9900789131624828f,-0.5149112644367857f,0f,0f,0f,1f], start_interpolation: 0, interpolation_duration: 1 }
$data merge entity $(bone_body2) { transformation: [-1f,-4.1661861804054546e-17f,1.151602670092356e-16f,9.184850993605148e-17f,0f,0.9403549422528574f,0.3401949185108813f,0.625f,-1.2246467991473532e-16f,0.3401949185108813f,-0.9403549422528574f,-0.75f,0f,0f,0f,1f], start_interpolation: 0, interpolation_duration: 1 }
$data merge entity $(bone_tail2) { transformation: [-1f,-6.929868751305512e-17f,1.0097172740716341e-16f,3.0216591375660014e-16f,0f,0.8244967240959913f,0.5658667263189971f,0.7813093066101722f,-1.2246467991473532e-16f,0.5658667263189971f,-0.8244967240959913f,-2.467371930968013f,0f,0f,0f,1f], start_interpolation: 0, interpolation_duration: 1 }
$data merge entity $(bone_tail1) { transformation: [-1f,-3.5728548928506564e-17f,1.171369652077511e-16f,2.143131898507868e-16f,0f,0.9564959079573507f,0.2917457421468963f,0.5625f,-1.2246467991473532e-16f,0.2917457421468963f,-0.9564959079573507f,-1.75f,0f,0f,0f,1f], start_interpolation: 0, interpolation_duration: 1 }