# This file was generated by Animated Java via MC-Build. It is not recommended to edit this file directly.
$data merge entity $(bone_left_leg4) { transformation: [-0.893212674807706f,0.009009676744345035f,-0.10995427816972628f,0.517970857126094f,0.005655072371343113f,0.8995536722633264f,0.027770683715727607f,-0.6086302294724394f,0.11017775510209868f,0.026870363647083395f,-0.8928263245660579f,-0.6577485361059261f,0f,0f,0f,1f], start_interpolation: 0, interpolation_duration: 1 }
$data merge entity $(bone_left_leg3) { transformation: [-0.9940614367815659f,-0.10645191757881274f,0.022579839405152635f,0.43672067897916245f,-0.06146436129907191f,0.3780216602158831f,-0.9237541646443197f,-0.26737934902025706f,0.0897997338184584f,-0.9196562475465612f,-0.38231975381179667f,-1.3235957371526097f,0f,0f,0f,1f], start_interpolation: 0, interpolation_duration: 1 }
$data merge entity $(bone_left_leg2) { transformation: [-0.9982322277973181f,0.05172925611327911f,0.0292660801743234f,0.462585307035802f,0.05631017622113249f,0.6656144899294397f,0.7441683377099008f,0.06542789594446283f,0.019015347505322355f,0.7445007957402993f,-0.6673507186639673f,-0.9513453392824601f,0f,0f,0f,1f], start_interpolation: 0, interpolation_duration: 1 }
$data merge entity $(bone_left_leg1) { transformation: [-0.9537169587565072f,0.11372687873884257f,0.27837054375878095f,0.3125000000000001f,-0.12708376616539033f,0.6865542542716409f,-0.7158861448014842f,0.3125f,-0.2725319778621569f,-0.7181291339263656f,-0.6403255953409243f,-1f,0f,0f,0f,1f], start_interpolation: 0, interpolation_duration: 1 }
$data merge entity $(bone_right_leg4) { transformation: [-0.899621148405473f,-0.004989232921533907f,0.025629999931183756f,-0.6481909735028066f,-0.004828762172785659f,0.8999689937889818f,0.005700287214426947f,-0.5589460100204504f,-0.02566071701056836f,0.00556037528436415f,-0.8996169239344047f,-1.9637414068053871f,0f,0f,0f,1f], start_interpolation: 0, interpolation_duration: 1 }
$data merge entity $(bone_right_leg3) { transformation: [-0.9769519154705131f,0.21303903464571144f,0.013391212630631574f,-0.4892486483079376f,0.2043642008944503f,0.9153653382433156f,0.3469028263584395f,0.10589656701463378f,0.06164599136414461f,0.3416440651612789f,-0.937805472626817f,-1.6488955158952519f,0f,0f,0f,1f], start_interpolation: 0, interpolation_duration: 1 }
$data merge entity $(bone_right_leg2) { transformation: [-0.9716901154912854f,-0.03725505290591752f,0.23330319434056132f,-0.5078761747608963f,0.22875766533036343f,0.09849999116410083f,0.9684873165371212f,0.1551465625966842f,-0.05906140879740229f,0.9944394465092631f,-0.08718908886561885f,-1.1516757926406203f,0f,0f,0f,1f], start_interpolation: 0, interpolation_duration: 1 }
$data merge entity $(bone_right_leg1) { transformation: [-0.9537169587565072f,0.14014197963277092f,-0.266052979921005f,-0.3124999999999999f,0.12708376616539035f,0.9897091711544376f,0.06576832755982642f,0.3125f,0.2725319778621567f,0.028913354654973144f,-0.9617121913364396f,-1f,0f,0f,0f,1f], start_interpolation: 0, interpolation_duration: 1 }
$data merge entity $(bone_right_wing3) { transformation: [-1.0993863421635945f,0.2155437860092722f,0.33443401883406404f,-2.2225973959581675f,0.3714927965160664f,0.907987429424525f,0.6360090377661922f,0.9554936134706755f,-0.14247223861997335f,0.7043119126469424f,-0.922280844918066f,-0.19882414928470984f,0f,0f,0f,1f], start_interpolation: 0, interpolation_duration: 1 }
$data merge entity $(bone_right_wing2) { transformation: [-0.8584445305285351f,0.1843564378617477f,0.47862897094155343f,-1.2099494333531515f,0.4257025037654914f,0.7766093897262694f,0.4643869443435972f,0.7384031107087778f,-0.286095030179545f,0.6024039837251401f,-0.7451570801506527f,-0.22885988745603372f,0f,0f,0f,1f], start_interpolation: 0, interpolation_duration: 1 }
$data merge entity $(bone_right_wing1) { transformation: [-1.0587712984211772f,0.20341335870047597f,0.10600685946124758f,-0.5625f,0.22910622694617175f,0.9134248478180708f,0.535515168108369f,0.4694283509679298f,0.011170744162072291f,0.5457922351974576f,-0.9357334885447565f,-0.020010516202405015f,0f,0f,0f,1f], start_interpolation: 0, interpolation_duration: 1 }
$data merge entity $(bone_left_wing3) { transformation: [-1.0993863421635945f,-0.21554378600927246f,-0.33443401883406376f,2.222597395958168f,-0.3714927965160664f,0.907987429424525f,0.6360090377661922f,0.9554936134706755f,0.1424722386199731f,0.7043119126469423f,-0.922280844918066f,-0.1988241492847094f,0f,0f,0f,1f], start_interpolation: 0, interpolation_duration: 1 }
$data merge entity $(bone_left_wing2) { transformation: [-0.8584445305285352f,-0.1843564378617479f,-0.4786289709415532f,1.2099494333531515f,-0.4257025037654914f,0.7766093897262694f,0.4643869443435972f,0.7384031107087778f,0.2860950301795448f,0.60240398372514f,-0.7451570801506529f,-0.22885988745603345f,0f,0f,0f,1f], start_interpolation: 0, interpolation_duration: 1 }
$data merge entity $(bone_left_wing1) { transformation: [-1.0587712984211772f,-0.20341335870047617f,-0.10600685946124734f,0.5625f,-0.22910622694617175f,0.9134248478180708f,0.535515168108369f,0.4694283509679298f,-0.011170744162072548f,0.5457922351974575f,-0.9357334885447565f,-0.020010516202404904f,0f,0f,0f,1f], start_interpolation: 0, interpolation_duration: 1 }
$data merge entity $(bone_beak_down) { transformation: [-1.1f,-1.2317078135910234e-16f,5.455320329363515e-17f,-2.1734900699115233e-16f,0f,0.44546071023594097f,1.0057657558477975f,-0.06081001908933227f,-1.3471114790620887e-16f,1.0057657558477975f,-0.44546071023594097f,1.7747893281759217f,0f,0f,0f,1f], start_interpolation: 0, interpolation_duration: 1 }
$data merge entity $(bone_beak_up) { transformation: [-1.1f,7.511279928004309e-17f,1.118264760891822e-16f,-2.1722655302091267e-16f,0f,0.9131324735184068f,-0.6133425517654524f,0.04231013315985045f,-1.3471114790620887e-16f,-0.6133425517654524f,-0.9131324735184068f,1.7737894156270553f,0f,0f,0f,1f], start_interpolation: 0, interpolation_duration: 1 }
$data merge entity $(bone_head) { transformation: [-1.1f,1.3061756825564455e-18f,1.3470481533818595e-16f,-1.498741453518197e-16f,0f,1.099948290657949f,-0.010665733854576392f,0.036977266232562256f,-1.3471114790620887e-16f,-0.010665733854576392f,-1.099948290657949f,1.2238152702980807f,0f,0f,0f,1f], start_interpolation: 0, interpolation_duration: 1 }
$data merge entity $(bone_neck2) { transformation: [-1f,-2.650620804179864e-17f,1.195617780139768e-16f,-7.514803409308419e-17f,0f,0.9762960071199336f,0.21643961393810277f,0.17225202494387648f,-1.2246467991473532e-16f,0.21643961393810277f,-0.9762960071199336f,0.6136302658481222f,0f,0f,0f,1f], start_interpolation: 0, interpolation_duration: 1 }
$data merge entity $(bone_neck1) { transformation: [-1f,-4.7413181993961676e-17f,1.1291407352418938e-16f,-1.1633867735727672e-17f,0f,0.9220133805339186f,0.38715801182000054f,0.3900284065926268f,-1.2246467991473532e-16f,0.38715801182000054f,-0.9220133805339186f,0.09499773929779298f,0f,0f,0f,1f], start_interpolation: 0, interpolation_duration: 1 }
$data merge entity $(bone_body3) { transformation: [-1f,-1.71613707166551e-17f,1.2125627893739815e-16f,6.307872093035523e-17f,0f,0.9901326572022359f,0.14013322640130618f,0.5394949641685829f,-1.2246467991473532e-16f,0.14013322640130618f,-0.9901326572022359f,-0.5150768448035229f,0f,0f,0f,1f], start_interpolation: 0, interpolation_duration: 1 }
$data merge entity $(bone_body2) { transformation: [-1f,-4.188538737676991e-17f,1.1507915602278503e-16f,9.184850993605148e-17f,0f,0.9396926207859084f,0.34202014332566866f,0.625f,-1.2246467991473532e-16f,0.34202014332566866f,-0.9396926207859084f,-0.75f,0f,0f,0f,1f], start_interpolation: 0, interpolation_duration: 1 }
$data merge entity $(bone_tail2) { transformation: [-1f,-6.975567960635625e-17f,1.0065655959386825e-16f,3.0204354322178517e-16f,0f,0.8219231835983181f,0.5695983499481064f,0.784558900056525f,-1.2246467991473532e-16f,0.5695983499481064f,-0.8219231835983181f,-2.4663726997210924f,0f,0f,0f,1f], start_interpolation: 0, interpolation_duration: 1 }
$data merge entity $(bone_tail1) { transformation: [-1f,-3.6259162823520707e-17f,1.169738044946645e-16f,2.143131898507868e-16f,0f,0.955163599628123f,0.29607853340869994f,0.5625f,-1.2246467991473532e-16f,0.29607853340869994f,-0.955163599628123f,-1.75f,0f,0f,0f,1f], start_interpolation: 0, interpolation_duration: 1 }