# This file was generated by Animated Java via MC-Build. It is not recommended to edit this file directly.
$data merge entity $(bone_left_leg4) { transformation: [-0.8931764295806417f,0.009202136004594005f,-0.11023241961659891f,0.518042203646754f,0.005832845108843229f,0.8995506312104288f,0.027832351802438593f,-0.6084505475990278f,0.11046195525842026f,0.02690692442237519f,-0.8927901062728103f,-0.6569928929364003f,0f,0f,0f,1f], start_interpolation: 0, interpolation_duration: 1 }
$data merge entity $(bone_left_leg3) { transformation: [-0.9940388525312553f,-0.10670914759249332f,0.022358834460424172f,0.4366129157986075f,-0.06129130843288931f,0.3773375223381153f,-0.9240453288374528f,-0.2676945727931005f,0.0901672621794053f,-0.9199073605835626f,-0.3816285009996694f,-1.323071632061593f,0f,0f,0f,1f], start_interpolation: 0, interpolation_duration: 1 }
$data merge entity $(bone_left_leg2) { transformation: [-0.9982202742950146f,0.05180931418569695f,0.029530982882282997f,0.462517572891456f,0.05657740480567952f,0.6662552927033428f,0.7435743958812977f,0.06543307355857089f,0.018848905852601128f,0.7439218237882195f,-0.6680007775742253f,-0.9511107201674831f,0f,0f,0f,1f], start_interpolation: 0, interpolation_duration: 1 }
$data merge entity $(bone_left_leg1) { transformation: [-0.9537169587565072f,0.11398325036465096f,0.27826566661474433f,0.3125000000000001f,-0.1270837661653903f,0.6858945274363409f,-0.7165182576948745f,0.3125f,-0.2725319778621569f,-0.7187186625301918f,-0.6396638219982064f,-1f,0f,0f,0f,1f], start_interpolation: 0, interpolation_duration: 1 }
$data merge entity $(bone_right_leg4) { transformation: [-0.8996032959995889f,-0.004968991118764327f,0.026252979905871096f,-0.6483605926780293f,-0.00479087335525345f,0.8999660836800051f,0.006172176129095819f,-0.5572319371347161f,-0.026286067776873017f,0.0060297058747751375f,-0.8995958455261417f,-1.9663572350951215f,0f,0f,0f,1f], start_interpolation: 0, interpolation_duration: 1 }
$data merge entity $(bone_right_leg3) { transformation: [-0.9768847038058333f,0.21329759324820505f,0.014156701053313875f,-0.4892721915577076f,0.20465717095283054f,0.9140747279304287f,0.3501183144831146f,0.1064417141579107f,0.061739111167666054f,0.34492249632843114f,-0.9365985018559395f,-1.649127956482802f,0f,0f,0f,1f], start_interpolation: 0, interpolation_duration: 1 }
$data merge entity $(bone_right_leg2) { transformation: [-0.9716096384543326f,-0.03726223217597255f,0.23363697591756555f,-0.5079033076456939f,0.2291273689764666f,0.09786566811412999f,0.9684642274191121f,0.1553745482149757f,-0.05895217764055244f,0.9945018034462478f,-0.08654942919279068f,-1.1518770547596782f,0f,0f,0f,1f], start_interpolation: 0, interpolation_duration: 1 }
$data merge entity $(bone_right_leg1) { transformation: [-0.9537169587565072f,0.14044822871104035f,-0.2658914395616564f,-0.3124999999999999f,0.1270837661653903f,0.989632787305286f,0.06690786700822954f,0.3125f,0.27253197786215666f,0.03002068190934097f,-0.9616782620503799f,-1f,0f,0f,0f,1f], start_interpolation: 0, interpolation_duration: 1 }
$data merge entity $(bone_right_wing3) { transformation: [-1.099031771259378f,0.2178857735201102f,0.33408160894694466f,-2.2222163157573487f,0.373055601555682f,0.9080285596128037f,0.6350348171966536f,0.9587319743373985f,-0.14111785814334102f,0.7035378387845264f,-0.923079533674101f,-0.19915940994214412f,0f,0f,0f,1f], start_interpolation: 0, interpolation_duration: 1 }
$data merge entity $(bone_right_wing2) { transformation: [-0.8567762957026857f,0.18635955974713678f,0.48083728392548497f,-1.2102612623209978f,0.4282175292631534f,0.7766445687269727f,0.46200969848982043f,0.738278581769945f,-0.28733974099268683f,0.6017419117509996f,-0.7452130869009936f,-0.2280315358620181f,0f,0f,0f,1f], start_interpolation: 0, interpolation_duration: 1 }
$data merge entity $(bone_right_wing1) { transformation: [-1.0588308055693179f,0.20371883101984106f,0.10481924525796689f,-0.5625f,0.22876394082065205f,0.9131391966348805f,0.5361482799192039f,0.46937493934471486f,0.012469790244650177f,0.5461561650004741f,-0.935504708098436f,-0.020059354725330103f,0f,0f,0f,1f], start_interpolation: 0, interpolation_duration: 1 }
$data merge entity $(bone_left_wing3) { transformation: [-1.0990317712593782f,-0.21788577352011043f,-0.33408160894694433f,2.2222163157573487f,-0.373055601555682f,0.9080285596128037f,0.6350348171966536f,0.9587319743373985f,0.14111785814334074f,0.7035378387845264f,-0.923079533674101f,-0.19915940994214362f,0f,0f,0f,1f], start_interpolation: 0, interpolation_duration: 1 }
$data merge entity $(bone_left_wing2) { transformation: [-0.8567762957026858f,-0.18635955974713697f,-0.48083728392548475f,1.2102612623209978f,-0.4282175292631534f,0.7766445687269727f,0.46200969848982043f,0.738278581769945f,0.2873397409926866f,0.6017419117509996f,-0.7452130869009936f,-0.22803153586201783f,0f,0f,0f,1f], start_interpolation: 0, interpolation_duration: 1 }
$data merge entity $(bone_left_wing1) { transformation: [-1.0588308055693179f,-0.20371883101984123f,-0.10481924525796665f,0.5625f,-0.22876394082065205f,0.9131391966348805f,0.5361482799192039f,0.46937493934471486f,-0.012469790244650432f,0.5461561650004741f,-0.935504708098436f,-0.020059354725329992f,0f,0f,0f,1f], start_interpolation: 0, interpolation_duration: 1 }
$data merge entity $(bone_beak_down) { transformation: [-1.1f,-1.2328164103139287e-16f,5.4302213166824584e-17f,-2.1724815079514055e-16f,0f,0.4434112203178247f,1.006670993769194f,-0.06353491454820401f,-1.3471114790620887e-16f,1.006670993769194f,-0.4434112203178247f,1.7739657748372606f,0f,0f,0f,1f], start_interpolation: 0, interpolation_duration: 1 }
$data merge entity $(bone_beak_up) { transformation: [-1.1f,7.534839966985529e-17f,1.116678648376525e-16f,-2.1711652075122248e-16f,0f,0.9118373143619857f,-0.6152663749443168f,0.03958448392797931f,-1.3471114790620887e-16f,-0.6152663749443168f,-0.9118373143619857f,1.7728909339606118f,0f,0f,0f,1f], start_interpolation: 0, interpolation_duration: 1 }
$data merge entity $(bone_head) { transformation: [-1.1f,1.4040538017929577e-18f,1.347038306921156e-16f,-1.4976460540516468e-16f,0f,1.0999402504126221f,-0.011464969350922394f,0.03385199925251811f,-1.3471114790620887e-16f,-0.011464969350922394f,-1.0999402504126221f,1.2229208087543006f,0f,0f,0f,1f], start_interpolation: 0, interpolation_duration: 1 }
$data merge entity $(bone_neck2) { transformation: [-1f,-2.6942291101751953e-17f,1.1946426568981633e-16f,-7.509943934902948e-17f,0f,0.975499758567058f,0.22000050235308846f,0.1713523132231984f,-1.2246467991473532e-16f,0.22000050235308846f,-0.975499758567058f,0.6132334596498895f,0f,0f,0f,1f], start_interpolation: 0, interpolation_duration: 1 }
$data merge entity $(bone_neck1) { transformation: [-1f,-4.760409623878367e-17f,1.1283371769071156e-16f,-1.1630473148004236e-17f,0f,0.9213572253589426f,0.3887169449340617f,0.39000559474860813f,-1.2246467991473532e-16f,0.3887169449340617f,-0.9213572253589426f,0.0949700203854843f,0f,0f,0f,1f], start_interpolation: 0, interpolation_duration: 1 }
$data merge entity $(bone_body3) { transformation: [-1f,-1.7129110906467762e-17f,1.2126084028313716e-16f,6.308698259730225e-17f,0f,0.9901699034167539f,0.13986980506047714f,0.5393098418749535f,-1.2246467991473532e-16f,0.13986980506047714f,-0.9901699034167539f,-0.515144306433707f,0f,0f,0f,1f], start_interpolation: 0, interpolation_duration: 1 }
$data merge entity $(bone_body2) { transformation: [-1f,-4.197607114650753e-17f,1.1504610935499693e-16f,9.184850993605148e-17f,0f,0.939422774265172f,0.34276063250018624f,0.625f,-1.2246467991473532e-16f,0.34276063250018624f,-0.939422774265172f,-0.75f,0f,0f,0f,1f], start_interpolation: 0, interpolation_duration: 1 }
$data merge entity $(bone_tail2) { transformation: [-1f,-6.995257454092892e-17f,1.0051982462039198e-16f,3.0199014396185114e-16f,0f,0.820806657808421f,0.5712061191000753f,0.7859607269116057f,-1.2246467991473532e-16f,0.5712061191000753f,-0.820806657808421f,-2.465936661673459f,0f,0f,0f,1f], start_interpolation: 0, interpolation_duration: 1 }
$data merge entity $(bone_tail1) { transformation: [-1f,-3.648806185965849e-17f,1.1690260548141907e-16f,2.143131898507868e-16f,0f,0.9545822155646119f,0.2979476358821409f,0.5625f,-1.2246467991473532e-16f,0.2979476358821409f,-0.9545822155646119f,-1.75f,0f,0f,0f,1f], start_interpolation: 0, interpolation_duration: 1 }