# This file was generated by Animated Java via MC-Build. It is not recommended to edit this file directly.
$data merge entity $(bone_left_leg4) { transformation: [-0.893115101825393f,0.009527667039422517f,-0.11070067051379452f,0.5181621794230424f,0.006133528181021308f,0.899545393578903f,0.027936798725523126f,-0.6081468149124134f,0.1109405008257598f,0.02696865684018529f,-0.8927289044411899f,-0.6557207671897077f,0f,0f,0f,1f], start_interpolation: 0, interpolation_duration: 1 }
$data merge entity $(bone_left_leg3) { transformation: [-0.9940005414210348f,-0.10714259560286689f,0.021986083374947632f,0.43643110250995804f,-0.06099832554261855f,0.37618539297460346f,-0.924534344626278f,-0.2682243736423184f,0.09078616599287768f,-0.9203287533919744f,-0.38046400321750534f,-1.3221883320325944f,0f,0f,0f,1f], start_interpolation: 0, interpolation_duration: 1 }
$data merge entity $(bone_left_leg2) { transformation: [-0.9981999464164076f,0.0519446655467285f,0.029976969418530758f,0.4624034352833223f,0.05702713632826717f,0.6673333434465266f,0.7425726324385229f,0.06544229808094493f,0.0185680558077104f,0.7429454626321632f,-0.6690943631938646f,-0.950715600716513f,0f,0f,0f,1f], start_interpolation: 0, interpolation_duration: 1 }
$data merge entity $(bone_left_leg1) { transformation: [-0.9537169587565072f,0.11441481542790645f,0.2780884977679532f,0.3125000000000001f,-0.12708376616539035f,0.6847820933254289f,-0.717581494353125f,0.3125f,-0.27253197786215694f,-0.7197101740780393f,-0.6385480298075463f,-1f,0f,0f,0f,1f], start_interpolation: 0, interpolation_duration: 1 }
$data merge entity $(bone_right_leg4) { transformation: [-0.89957107064914f,-0.0049200278535386855f,0.02734377766660046f,-0.6486361691448801f,-0.004705171439027675f,0.899959391013965f,0.007138339267841354f,-0.5542620653822644f,-0.027381567027645375f,0.006991984817907637f,-0.8995562027663512f,-1.9708866667596003f,0f,0f,0f,1f], start_interpolation: 0, interpolation_duration: 1 }
$data merge entity $(bone_right_leg3) { transformation: [-0.9767712876930736f,0.2137237931966189f,0.015491667439750015f,-0.4893115534624003f,0.2051502884349398f,0.9118052721547191f,0.35570283218709386f,0.10736046172208158f,0.06189677449977439f,0.35061843347506383f,-0.934470707627594f,-1.6495184224265778f,0f,0f,0f,1f], start_interpolation: 0, interpolation_duration: 1 }
$data merge entity $(bone_right_leg2) { transformation: [-0.9714738722502524f,-0.037274446663257466f,0.23419891366325388f,-0.507948776794029f,0.2297496987226418f,0.09679716119350508f,0.9684241764442554f,0.1557590423188341f,-0.05876726530948623f,0.994605914526365f,-0.08547212011654964f,-1.1522154651633951f,0f,0f,0f,1f], start_interpolation: 0, interpolation_duration: 1 }
$data merge entity $(bone_right_leg1) { transformation: [-0.9537169587565072f,0.1409635955258401f,-0.26561857487131063f,-0.3124999999999999f,0.1270837661653903f,0.9895011751295889f,0.06882689005311073f,0.3125f,0.2725319778621567f,0.0318855634039914f,-0.9616182360422201f,-1f,0f,0f,0f,1f], start_interpolation: 0, interpolation_duration: 1 }
$data merge entity $(bone_right_wing3) { transformation: [-1.0986610858583241f,0.22211668165152948f,0.3325109985087469f,-2.2218534054258483f,0.37531430045232594f,0.9082569487358105f,0.6333751312813429f,0.963738616702089f,-0.13798028943712223f,0.7019181296859273f,-0.9247853507282757f,-0.198410041052697f,0f,0f,0f,1f], start_interpolation: 0, interpolation_duration: 1 }
$data merge entity $(bone_right_wing2) { transformation: [-0.8543266238288616f,0.18997829154391058f,0.4837708843649397f,-1.2110414203157078f,0.43211464489091106f,0.7768399118910856f,0.4580356808850727f,0.7379563411500002f,-0.28879569506483443f,0.6003565607496157f,-0.7457674211689004f,-0.22611965904389247f,0f,0f,0f,1f], start_interpolation: 0, interpolation_duration: 1 }
$data merge entity $(bone_right_wing1) { transformation: [-1.0589908780420747f,0.20437746845753366f,0.10187875991430499f,-0.5625f,0.22783656139124908f,0.912799328917313f,0.5371210268948939f,0.46941674790673193f,0.01548975881666181f,0.5464781300528901f,-0.9352715284112999f,-0.020117807121089404f,0f,0f,0f,1f], start_interpolation: 0, interpolation_duration: 1 }
$data merge entity $(bone_left_wing3) { transformation: [-1.0986610858583241f,-0.2221166816515297f,-0.33251099850874666f,2.2218534054258483f,-0.37531430045232594f,0.9082569487358105f,0.6333751312813429f,0.963738616702089f,0.13798028943712196f,0.7019181296859273f,-0.9247853507282758f,-0.1984100410526965f,0f,0f,0f,1f], start_interpolation: 0, interpolation_duration: 1 }
$data merge entity $(bone_left_wing2) { transformation: [-0.8543266238288616f,-0.18997829154391077f,-0.48377088436493954f,1.2110414203157078f,-0.43211464489091106f,0.7768399118910856f,0.4580356808850727f,0.7379563411500002f,0.2887956950648342f,0.6003565607496157f,-0.7457674211689005f,-0.2261196590438922f,0f,0f,0f,1f], start_interpolation: 0, interpolation_duration: 1 }
$data merge entity $(bone_left_wing1) { transformation: [-1.0589908780420747f,-0.20437746845753382f,-0.10187875991430474f,0.5625f,-0.22783656139124908f,0.912799328917313f,0.5371210268948939f,0.46941674790673193f,-0.015489758816662072f,0.5464781300528901f,-0.9352715284112999f,-0.020117807121089293f,0f,0f,0f,1f], start_interpolation: 0, interpolation_duration: 1 }
$data merge entity $(bone_beak_down) { transformation: [-1.1f,-1.2345561360733802e-16f,5.390551770500065e-17f,-2.1709260185373504e-16f,0f,0.440171956049138f,1.0080915876585201f,-0.0676014637072378f,-1.3471114790620887e-16f,1.0080915876585201f,-0.440171956049138f,1.7726956213406457f,0f,0f,0f,1f], start_interpolation: 0, interpolation_duration: 1 }
$data merge entity $(bone_beak_up) { transformation: [-1.1f,7.576838217076591e-17f,1.1138332744820136e-16f,-2.1694280354669035e-16f,0f,0.909513890255956f,-0.6186957923175792f,0.03551628169352705f,-1.3471114790620887e-16f,-0.6186957923175792f,-0.909513890255956f,1.7714724253371208f,0f,0f,0f,1f], start_interpolation: 0, interpolation_duration: 1 }
$data merge entity $(bone_head) { transformation: [-1.1f,1.5978486084765076e-18f,1.3470167129636096e-16f,-1.4959196789850987e-16f,0f,1.0999226176081585f,-0.013047424037599842f,0.02899256967472713f,-1.3471114790620887e-16f,-0.013047424037599842f,-1.0999226176081585f,1.2215111165330415f,0f,0f,0f,1f], start_interpolation: 0, interpolation_duration: 1 }
$data merge entity $(bone_neck2) { transformation: [-1f,-2.7650294000572748e-17f,1.1930238500675696e-16f,-7.502797726928678e-17f,0f,0.9741779024762071f,0.22578178475478783f,0.17010618514646952f,-1.2246467991473532e-16f,0.22578178475478783f,-0.9741779024762071f,0.6126499274854119f,0f,0f,0f,1f], start_interpolation: 0, interpolation_duration: 1 }
$data merge entity $(bone_neck1) { transformation: [-1f,-4.7901106629426186e-17f,1.127079491885773e-16f,-1.162975585071206e-17f,0f,0.9203302476032187f,0.3911422188240463f,0.3901236832349956f,-1.2246467991473532e-16f,0.3911422188240463f,-0.9203302476032187f,0.09496416320860146f,0f,0f,0f,1f], start_interpolation: 0, interpolation_duration: 1 }
$data merge entity $(bone_body3) { transformation: [-1f,-1.7048713307464148e-17f,1.2127216993679328e-16f,6.309980577806723e-17f,0f,0.9902624170595775f,0.1392133088441021f,0.539023402328783f,-1.2246467991473532e-16f,0.1392133088441021f,-0.9902624170595775f,-0.5152490156508781f,0f,0f,0f,1f], start_interpolation: 0, interpolation_duration: 1 }
$data merge entity $(bone_body2) { transformation: [-1f,-4.2116386055854304e-17f,1.14994816631937e-16f,9.184850993605148e-17f,0f,0.9390039373964876f,0.3439063906848683f,0.625f,-1.2246467991473532e-16f,0.3439063906848683f,-0.9390039373964876f,-0.75f,0f,0f,0f,1f], start_interpolation: 0, interpolation_duration: 1 }
$data merge entity $(bone_tail2) { transformation: [-1f,-7.028358082916425e-17f,1.0028866382821595e-16f,3.0189944912037467e-16f,0f,0.8189190866953707f,0.5739089905603675f,0.7883197603426395f,-1.2246467991473532e-16f,0.5739089905603675f,-0.8189190866953707f,-2.465196082091333f,0f,0f,0f,1f], start_interpolation: 0, interpolation_duration: 1 }
$data merge entity $(bone_tail1) { transformation: [-1f,-3.687325955837813e-17f,1.1678167902611716e-16f,2.143131898507868e-16f,0f,0.9535947761217775f,0.3010930137901861f,0.5625f,-1.2246467991473532e-16f,0.3010930137901861f,-0.9535947761217775f,-1.75f,0f,0f,0f,1f], start_interpolation: 0, interpolation_duration: 1 }