# This file was generated by Animated Java via MC-Build. It is not recommended to edit this file directly.
$data merge entity $(bone_left_leg4) { transformation: [-0.8930379411424809f,0.009937032332832135f,-0.11128562831028643f,0.5183118197847297f,0.006511633717230854f,0.8995386395414644f,0.028068391443469398f,-0.607765191736489f,0.11153848800450727f,0.027046096951454324f,-0.892652045498895f,-0.6541315586356811f,0f,0f,0f,1f], start_interpolation: 0, interpolation_duration: 1 }
$data merge entity $(bone_left_leg3) { transformation: [-0.9939521666638713f,-0.10768479073706609f,0.021519206028802557f,0.43620327635513f,-0.0606294057045892f,0.3747454184634609f,-0.9251432032418299f,-0.26888467768627894f,0.09155962837465045f,-0.9208527880093322f,-0.3790078854949277f,-1.3210831567992471f,0f,0f,0f,1f], start_interpolation: 0, interpolation_duration: 1 }
$data merge entity $(bone_left_leg2) { transformation: [-0.9981741913437309f,0.0521147661594496f,0.030534159288160178f,0.46226065943485484f,0.05758870339628752f,0.6686787927694393f,0.7413178895329181f,0.06545471869844072f,0.018216063691787993f,0.7417228075558628f,-0.6704591350522608f,-0.9502217530213158f,0f,0f,0f,1f], start_interpolation: 0, interpolation_duration: 1 }
$data merge entity $(bone_left_leg1) { transformation: [-0.9537169587565072f,0.11495388438266049f,0.27786609553088104f,0.3125000000000001f,-0.12708376616539035f,0.6833892332619038f,-0.7189081111233393f,0.3125f,-0.27253197786215694f,-0.7209471272756727f,-0.6371511286307949f,-1f,0f,0f,0f,1f], start_interpolation: 0, interpolation_duration: 1 }
$data merge entity $(bone_right_leg4) { transformation: [-0.8995239063722583f,-0.004805807844236579f,0.02887292980902799f,-0.6489487204735247f,-0.004516530285677325f,0.8999428411390207f,0.009082050253429008f,-0.5502364393998734f,-0.028919592302993142f,0.008932350955461077f,-0.8994908950553291f,-1.977099423132734f,0f,0f,0f,1f], start_interpolation: 0, interpolation_duration: 1 }
$data merge entity $(bone_right_leg3) { transformation: [-0.9766291343466176f,0.21423025289869474f,0.017347411574574062f,-0.4893602440229145f,0.20576614274125762f,0.9086142593812886f,0.3634287029808964f,0.10850996119978705f,0.06209531743022808f,0.35850456955519205f,-0.9314604903919895f,-1.6500047153168405f,0f,0f,0f,1f], start_interpolation: 0, interpolation_duration: 1 }
$data merge entity $(bone_right_leg2) { transformation: [-0.9713037664736633f,-0.037289932045246776f,0.23490094551137108f,-0.5080052100455379f,0.23052702715144266f,0.09546122302645724f,0.9683720589995414f,0.15624057271301567f,-0.05853445982319527f,0.9947344448979105f,-0.0841255083007103f,-1.1526374928678853f,0f,0f,0f,1f], start_interpolation: 0, interpolation_duration: 1 }
$data merge entity $(bone_right_leg1) { transformation: [-0.9537169587565072f,0.141607058332103f,-0.2652760894064279f,-0.3124999999999999f,0.12708376616539038f,0.9893314269970738f,0.07122530402289723f,0.3125f,0.27253197786215677f,0.03421649582382949f,-0.9615381180463304f,-1f,0f,0f,0f,1f], start_interpolation: 0, interpolation_duration: 1 }
$data merge entity $(bone_right_wing3) { transformation: [-1.0991716587239029f,0.22857471403424756f,0.32639061067816894f,-2.2226677983764342f,0.37651766645133405f,0.9092597983982978f,0.6312183709646695f,0.9680916018579587f,-0.13042882152633342f,0.6985383204215865f,-0.9284331442782529f,-0.1918712393417374f,0f,0f,0f,1f], start_interpolation: 0, interpolation_duration: 1 }
$data merge entity $(bone_right_wing2) { transformation: [-0.8528675747589526f,0.19550190170088586f,0.48414450978619983f,-1.2130946840836638f,0.4355792029881445f,0.777697657757529f,0.4532737705213773f,0.737072643284193f,-0.28790216714883443f,0.5974657810701719f,-0.7484296777929199f,-0.22151404288137833f,0f,0f,0f,1f], start_interpolation: 0, interpolation_duration: 1 }
$data merge entity $(bone_right_wing1) { transformation: [-1.059425874219974f,0.20581186139695054f,0.09417752307571807f,-0.5625f,0.22518187379419816f,0.912984494029797f,0.5379252257394147f,0.47003217128262537f,0.02282656038234441f,0.5456298218394857f,-0.9356164581556019f,-0.020088638934265657f,0f,0f,0f,1f], start_interpolation: 0, interpolation_duration: 1 }
$data merge entity $(bone_left_wing3) { transformation: [-1.099171658723903f,-0.22857471403424778f,-0.32639061067816866f,2.2226677983764347f,-0.37651766645133405f,0.9092597983982978f,0.6312183709646695f,0.9680916018579587f,0.13042882152633314f,0.6985383204215865f,-0.9284331442782529f,-0.19187123934173694f,0f,0f,0f,1f], start_interpolation: 0, interpolation_duration: 1 }
$data merge entity $(bone_left_wing2) { transformation: [-0.8528675747589527f,-0.19550190170088605f,-0.4841445097861996f,1.213094684083664f,-0.4355792029881445f,0.777697657757529f,0.4532737705213773f,0.737072643284193f,0.2879021671488342f,0.5974657810701719f,-0.74842967779292f,-0.22151404288137805f,0f,0f,0f,1f], start_interpolation: 0, interpolation_duration: 1 }
$data merge entity $(bone_left_wing1) { transformation: [-1.059425874219974f,-0.20581186139695073f,-0.09417752307571783f,0.5625f,-0.22518187379419816f,0.912984494029797f,0.5379252257394147f,0.47003217128262537f,-0.02282656038234467f,0.5456298218394857f,-0.9356164581556019f,-0.020088638934265546f,0f,0f,0f,1f], start_interpolation: 0, interpolation_duration: 1 }
$data merge entity $(bone_beak_down) { transformation: [-1.1f,-1.236221477662151e-16f,5.3522499492050687e-17f,-2.169670993803394e-16f,0f,0.4370443749929786f,1.0094514422630723f,-0.07046557293153714f,-1.3471114790620887e-16f,1.0094514422630723f,-0.4370443749929786f,1.7716708158744243f,0f,0f,0f,1f], start_interpolation: 0, interpolation_duration: 1 }
$data merge entity $(bone_beak_up) { transformation: [-1.1f,7.639385151834294e-17f,1.1095527396388987e-16f,-2.1678298581989095e-16f,0f,0.9060185683018257f,-0.6238031371292629f,0.03264846786551094f,-1.3471114790620887e-16f,-0.6238031371292629f,-0.9060185683018257f,1.770167414562498f,0f,0f,0f,1f], start_interpolation: 0, interpolation_duration: 1 }
$data merge entity $(bone_head) { transformation: [-1.1f,1.963877978116796e-18f,1.3469683200987153e-16f,-1.4943456981495518e-16f,0f,1.0998831018351796f,-0.01603628066054738f,0.02463032753523725f,-1.3471114790620887e-16f,-0.01603628066054738f,-1.0998831018351796f,1.2202258636449081f,0f,0f,0f,1f], start_interpolation: 0, interpolation_duration: 1 }
$data merge entity $(bone_neck2) { transformation: [-1f,-2.842446465210062e-17f,1.1912030740331415e-16f,-7.498437768788385e-17f,0f,0.9726911260148667f,0.23210336785994817f,0.16969493244770487f,-1.2246467991473532e-16f,0.23210336785994817f,-0.9726911260148667f,0.6122939098856164f,0f,0f,0f,1f], start_interpolation: 0, interpolation_duration: 1 }
$data merge entity $(bone_neck1) { transformation: [-1f,-4.8168445822573916e-17f,1.125939547829116e-16f,-1.1650278122496083e-17f,0f,0.9193994126412928f,0.3933252089999391f,0.3909403625101706f,-1.2246467991473532e-16f,0.3933252089999391f,-0.9193994126412928f,0.09513174027488924f,0f,0f,0f,1f], start_interpolation: 0, interpolation_duration: 1 }
$data merge entity $(bone_body3) { transformation: [-1f,-1.683673353884377e-17f,1.213017816454505e-16f,6.311103955973275e-17f,0f,0.9905042150104464f,0.1374823626744149f,0.5387733526198328f,-1.2246467991473532e-16f,0.1374823626744149f,-0.9905042150104464f,-0.5153407464394888f,0f,0f,0f,1f], start_interpolation: 0, interpolation_duration: 1 }
$data merge entity $(bone_body2) { transformation: [-1f,-4.223887508613167e-17f,1.1494988150527492e-16f,9.184850993605148e-17f,0f,0.938637014242045f,0.3449065895206685f,0.625f,-1.2246467991473532e-16f,0.3449065895206685f,-0.938637014242045f,-0.75f,0f,0f,0f,1f], start_interpolation: 0, interpolation_duration: 1 }
$data merge entity $(bone_tail2) { transformation: [-1f,-7.069626407253947e-17f,9.999818034746604e-17f,3.017847420392279e-16f,0f,0.8165471090692324f,0.5772788049726743f,0.7912650977584146f,-1.2246467991473532e-16f,0.5772788049726743f,-0.8165471090692324f,-2.464259427692476f,0f,0f,0f,1f], start_interpolation: 0, interpolation_duration: 1 }
$data merge entity $(bone_tail1) { transformation: [-1f,-3.735419263019651e-17f,1.1662873625125477e-16f,2.143131898507868e-16f,0f,0.9523459035899676f,0.30502013034455283f,0.5625f,-1.2246467991473532e-16f,0.30502013034455283f,-0.9523459035899676f,-1.75f,0f,0f,0f,1f], start_interpolation: 0, interpolation_duration: 1 }