# This file was generated by Animated Java via MC-Build. It is not recommended to edit this file directly.
$data merge entity $(bone_left_leg4) { transformation: [-0.8930224420560708f,0.010019232269184542f,-0.11140257164423006f,0.5183417039730811f,0.006587554967564184f,0.8995372608350094f,0.028094848086403168f,-0.6076886064230063f,0.11165805883930188f,0.027061621425644167f,-0.8926366262606832f,-0.6538138436404289f,0f,0f,0f,1f], start_interpolation: 0, interpolation_duration: 1 }
$data merge entity $(bone_left_leg3) { transformation: [-0.9939424267544337f,-0.10779328105546458f,0.02142570551475178f,0.43615763658681067f,-0.060555262991921904f,0.37445744918686047f,-0.9252646534221707f,-0.26901647869397516f,0.09171429780294023f,-0.9209572342447655f,-0.37871659624413895f,-1.3208619820587444f,0f,0f,0f,1f], start_interpolation: 0, interpolation_duration: 1 }
$data merge entity $(bone_left_leg2) { transformation: [-0.9981689943070046f,0.052148907752387785f,0.030645557987679685f,0.46223209046300456f,0.05770093699621523f,0.6689476003483197f,0.7410666028488828f,0.06545732148018471f,0.01814554143314817f,0.7414779830908388f,-0.6707317943244082f,-0.950122990513325f,0f,0f,0f,1f], start_interpolation: 0, interpolation_duration: 1 }
$data merge entity $(bone_left_leg1) { transformation: [-0.9537169587565072f,0.11506164636150068f,0.2778214896598529f,0.3125000000000001f,-0.12708376616539035f,0.6831103526781492f,-0.7191731102044591f,0.3125f,-0.272531977862157f,-0.7211941927113082f,-0.6368714606904797f,-1f,0f,0f,0f,1f], start_interpolation: 0, interpolation_duration: 1 }
$data merge entity $(bone_right_leg4) { transformation: [-0.8995105498574835f,-0.004748517658783197f,0.029295430959998776f,-0.6489930618366424f,-0.0044245979092375175f,0.8999334053356012f,0.010014434303050712f,-0.5492202203137847f,-0.0293461007363738f,0.009864965337636589f,-0.899467336166499f,-1.9787581596779658f,0f,0f,0f,1f], start_interpolation: 0, interpolation_duration: 1 }
$data merge entity $(bone_right_leg3) { transformation: [-0.9766006526598866f,0.21431857584115319f,0.01785254249969541f,-0.48936991386200845f,0.20588924091800706f,0.9077414593773472f,0.3655339428858704f,0.1087400027888588f,0.062135221078631564f,0.3606563336154014f,-0.9306267905689185f,-1.6501017350558573f,0f,0f,0f,1f], start_interpolation: 0, interpolation_duration: 1 }
$data merge entity $(bone_right_leg2) { transformation: [-0.9712696923287473f,-0.037293058098832405f,0.23504129973529678f,-0.5080164429114247f,0.2306824146378879f,0.09519399495723438f,0.9683613617348205f,0.156337000267476f,-0.058487676825584756f,0.9947599364377916f,-0.08385618950218768f,-1.1527217668369616f,0f,0f,0f,1f], start_interpolation: 0, interpolation_duration: 1 }
$data merge entity $(bone_right_leg1) { transformation: [-0.9537169587565072f,0.1417356511625143f,-0.2652074051940797f,-0.3124999999999999f,0.12708376616539035f,0.9892967797282383f,0.07170493704451666f,0.3125f,0.27253197786215677f,0.03468265861890889f,-0.9615214164196578f,-1f,0f,0f,0f,1f], start_interpolation: 0, interpolation_duration: 1 }
$data merge entity $(bone_right_wing3) { transformation: [-1.0999884494052214f,0.23070524520436753f,0.3221118858205193f,-2.2237770741978062f,0.37555426142246706f,0.9100024773028863f,0.6307218515372661f,0.9675633124823064f,-0.12625360937052024f,0.6968688162878036f,-0.9302631052466359f,-0.18643626571375f,0f,0f,0f,1f], start_interpolation: 0, interpolation_duration: 1 }
$data merge entity $(bone_right_wing2) { transformation: [-0.8537674624315403f,0.1973241631752196f,0.4818135476721337f,-1.2142932078259403f,0.4352513340544557f,0.7783328773565719f,0.45249774389454833f,0.7365415931688136f,-0.2857225862563631f,0.5960378399506518f,-0.7504008908909532f,-0.2189572876126037f,0f,0f,0f,1f], start_interpolation: 0, interpolation_duration: 1 }
$data merge entity $(bone_right_wing1) { transformation: [-1.059674903038213f,0.20654231129589556f,0.08966874944267847f,-0.5625f,0.2235520660558754f,0.9134733330470952f,0.5377750967505759f,0.4705700673832213f,0.02691996924615641f,0.5445345301883904f,-0.9361455932703022f,-0.020007515802594744f,0f,0f,0f,1f], start_interpolation: 0, interpolation_duration: 1 }
$data merge entity $(bone_left_wing3) { transformation: [-1.0999884494052214f,-0.23070524520436775f,-0.322111885820519f,2.2237770741978062f,-0.37555426142246706f,0.9100024773028863f,0.6307218515372661f,0.9675633124823064f,0.12625360937051996f,0.6968688162878035f,-0.930263105246636f,-0.18643626571374955f,0f,0f,0f,1f], start_interpolation: 0, interpolation_duration: 1 }
$data merge entity $(bone_left_wing2) { transformation: [-0.8537674624315404f,-0.1973241631752198f,-0.48181354767213347f,1.2142932078259403f,-0.4352513340544557f,0.7783328773565719f,0.45249774389454833f,0.7365415931688136f,0.2857225862563629f,0.5960378399506517f,-0.7504008908909533f,-0.2189572876126034f,0f,0f,0f,1f], start_interpolation: 0, interpolation_duration: 1 }
$data merge entity $(bone_left_wing1) { transformation: [-1.059674903038213f,-0.20654231129589576f,-0.08966874944267823f,0.5625f,-0.2235520660558754f,0.9134733330470952f,0.5377750967505759f,0.4705700673832213f,-0.026919969246156673f,0.5445345301883903f,-0.9361455932703022f,-0.020007515802594633f,0f,0f,0f,1f], start_interpolation: 0, interpolation_duration: 1 }
$data merge entity $(bone_beak_down) { transformation: [-1.1f,-1.236190986239347e-16f,5.352954161595615e-17f,-2.1699555647622856e-16f,0f,0.437101878298506f,1.0094265441268708f,-0.06940951610974334f,-1.3471114790620887e-16f,1.0094265441268708f,-0.437101878298506f,1.771903185696556f,0f,0f,0f,1f], start_interpolation: 0, interpolation_duration: 1 }
$data merge entity $(bone_beak_up) { transformation: [-1.1f,7.659370145621296e-17f,1.1081740958642281e-16f,-2.167960305597805e-16f,0f,0.904892820228479f,-0.6254350357143013f,0.033702612956040004f,-1.3471114790620887e-16f,-0.6254350357143013f,-0.904892820228479f,1.7702739329472164f,0f,0f,0f,1f], start_interpolation: 0, interpolation_duration: 1 }
$data merge entity $(bone_head) { transformation: [-1.1f,2.128276442112818e-18f,1.346943347345924e-16f,-1.494488631924843e-16f,0f,1.0998627100350225f,-0.017378695992955634f,0.025013264959562187f,-1.3471114790620887e-16f,-0.017378695992955634f,-1.0998627100350225f,1.2203425779297052f,0f,0f,0f,1f], start_interpolation: 0, interpolation_duration: 1 }
$data merge entity $(bone_neck2) { transformation: [-1f,-2.849852500878365e-17f,1.1910261079817817e-16f,-7.500973144362295e-17f,0f,0.9725466222677595f,0.23270811656573503f,0.17045583781314658f,-1.2246467991473532e-16f,0.23270811656573503f,-0.9725466222677595f,0.6125009390123556f,0f,0f,0f,1f], start_interpolation: 0, interpolation_duration: 1 }
$data merge entity $(bone_neck1) { transformation: [-1f,-4.8145654726061194e-17f,1.1260370223761507e-16f,-1.1670148934964473e-17f,0f,0.9194790066492163f,0.39313910557380366f,0.39159658469841113f,-1.2246467991473532e-16f,0.39313910557380366f,-0.9194790066492163f,0.0952939977721714f,0f,0f,0f,1f], start_interpolation: 0, interpolation_duration: 1 }
$data merge entity $(bone_body3) { transformation: [-1f,-1.6712197132403492e-17f,1.213190021951477e-16f,6.310971511622763e-17f,0f,0.990644831469896f,0.1364654457435334f,0.538802790254988f,-1.2246467991473532e-16f,0.1364654457435334f,-0.990644831469896f,-0.5153299315375427f,0f,0f,0f,1f], start_interpolation: 0, interpolation_duration: 1 }
$data merge entity $(bone_body2) { transformation: [-1f,-4.22244548038648e-17f,1.1495517927929542e-16f,9.184850993605148e-17f,0f,0.9386802738498292f,0.3447888389800481f,0.625f,-1.2246467991473532e-16f,0.3447888389800481f,-0.9386802738498292f,-0.75f,0f,0f,0f,1f], start_interpolation: 0, interpolation_duration: 1 }
$data merge entity $(bone_tail2) { transformation: [-1f,-7.07786568780617e-17f,9.993987971353671e-17f,3.0176162230795803e-16f,0f,0.8160710482656611f,0.5779515932866567f,0.7918537006563103f,-1.2246467991473532e-16f,0.5779515932866567f,-0.8160710482656611f,-2.464070640759901f,0f,0f,0f,1f], start_interpolation: 0, interpolation_duration: 1 }
$data merge entity $(bone_tail1) { transformation: [-1f,-3.7450303384180094e-17f,1.1659790994289497e-16f,2.143131898507868e-16f,0f,0.952094187679868f,0.3058049342084138f,0.5625f,-1.2246467991473532e-16f,0.3058049342084138f,-0.952094187679868f,-1.75f,0f,0f,0f,1f], start_interpolation: 0, interpolation_duration: 1 }