# This file was generated by Animated Java via MC-Build. It is not recommended to edit this file directly.
$data merge entity $(bone_left_leg4) { transformation: [-0.8997858107412282f,-0.018715626237500692f,0.005934654437202119f,0.47816076926306833f,-0.018574841759871112f,0.8995709160837324f,0.020667418558459494f,-0.6348850393514743f,-0.006361606899720332f,0.02054001632942354f,-0.8997430953815877f,-1.004528069630764f,0f,0f,0f,1f], start_interpolation: 0, interpolation_duration: 1 }
$data merge entity $(bone_left_leg3) { transformation: [-0.9954666900664427f,-0.003962866475728494f,0.09502823084460985f,0.46924935497848386f,-0.07336691269725171f,0.6678126349234228f,-0.7407047865093823f,-0.08773151400207077f,-0.060525739065580376f,-0.7443188700590168f,-0.665075976550525f,-1.5211999736406185f,0f,0f,0f,1f], start_interpolation: 0, interpolation_duration: 1 }
$data merge entity $(bone_left_leg2) { transformation: [-0.9951642695035249f,0.039251367808460336f,-0.09004113964561279f,0.48887503888271405f,-0.07115224586028016f,0.34389170249084444f,0.9363097002952532f,0.08421433724335145f,0.06771583723586405f,0.9381885882289944f,-0.33943591192496503f,-1.0521056795261214f,0f,0f,0f,1f], start_interpolation: 0, interpolation_duration: 1 }
$data merge entity $(bone_left_leg1) { transformation: [-0.9537169587565072f,-0.004178831579451104f,0.3006767366240185f,0.3125000000000001f,-0.12708376616539033f,0.9118214451496984f,-0.390424600329354f,0.3125f,-0.2725319778621569f,-0.4105656945383357f,-0.8701506372524213f,-1f,0f,0f,0f,1f], start_interpolation: 0, interpolation_duration: 1 }
$data merge entity $(bone_right_leg4) { transformation: [-0.8998502920315098f,0.016343597994241704f,0.0015292924538239522f,-0.47279280341602975f,0.01637467175519397f,0.8996091929235357f,0.020860731827383017f,-0.6191884439533675f,-0.0011498068169734643f,0.020885085876456266f,-0.8997569066876986f,-0.9637141075414559f,0f,0f,0f,1f], start_interpolation: 0, interpolation_duration: 1 }
$data merge entity $(bone_right_leg3) { transformation: [-0.9958836297528698f,-0.0005405664197786486f,-0.09063941625029713f,-0.46753326471522016f,0.07035020509399101f,0.6259386504579871f,-0.7766927671261441f,-0.10119115816449314f,0.05715456791440415f,-0.7798721136511928f,-0.6233240262622144f,-1.5096604411384622f,0f,0f,0f,1f], start_interpolation: 0, interpolation_duration: 1 }
$data merge entity $(bone_right_leg2) { transformation: [-0.9959911750178412f,-0.039151571923008444f,0.08042843839424897f,-0.4871090506767244f,0.06067766402613903f,0.36493693226773405f,0.9290528814633462f,0.08127730796937388f,-0.06572518828357202f,0.9302086808254223f,-0.3610983380495072f,-1.0445561007257511f,0f,0f,0f,1f], start_interpolation: 0, interpolation_duration: 1 }
$data merge entity $(bone_right_leg1) { transformation: [-0.9537169587565072f,-0.005223439113826273f,-0.30066040355201884f,-0.3124999999999999f,0.12708376616539033f,0.8991696576348616f,-0.4187405439720714f,0.3125f,0.27253197786215666f,-0.43756901452528607f,-0.8568895369707292f,-1f,0f,0f,0f,1f], start_interpolation: 0, interpolation_duration: 1 }
$data merge entity $(bone_right_wing3) { transformation: [-1.147664014514801f,0.09983066149512497f,-0.19964146560717047f,-1.1211054545559858f,0.031905609497314275f,1.1083472307725788f,0.3708153369238157f,0.3967156037360559f,0.22091832845406495f,0.3585468184780947f,-1.0906854895380518f,0.6906182212605088f,0f,0f,0f,1f], start_interpolation: 0, interpolation_duration: 1 }
$data merge entity $(bone_right_wing2) { transformation: [-0.30033837113853085f,0.0853860159152603f,-0.9500032058408924f,-1.2207842469374361f,-0.2689862134649158f,0.9479788360513219f,0.17024260149735643f,0.7222541453031048f,0.915119270798982f,0.30666815075077464f,-0.2617467583895535f,-0.28793945431552714f,0f,0f,0f,1f], start_interpolation: 0, interpolation_duration: 1 }
$data merge entity $(bone_right_wing1) { transformation: [-1.0687531573606641f,0.15457843385086484f,0.08650611267960344f,-0.5625f,0.16697474317169342f,1.0557566915955117f,0.17637560603767694f,0.575587341512374f,-0.05913742373040501f,0.18733506625996263f,-1.0653729155441378f,-0.004554647207199836f,0f,0f,0f,1f], start_interpolation: 0, interpolation_duration: 1 }
$data merge entity $(bone_left_wing3) { transformation: [-1.147664014514801f,-0.09983066149512507f,0.1996414656071708f,1.1211054545559855f,-0.031905609497314275f,1.1083472307725788f,0.3708153369238157f,0.3967156037360559f,-0.22091832845406517f,0.35854681847809466f,-1.0906854895380518f,0.690618221260509f,0f,0f,0f,1f], start_interpolation: 0, interpolation_duration: 1 }
$data merge entity $(bone_left_wing2) { transformation: [-0.30033837113853057f,-0.08538601591526038f,0.9500032058408925f,1.2207842469374361f,0.2689862134649158f,0.9479788360513219f,0.17024260149735643f,0.7222541453031048f,-0.915119270798982f,0.3066681507507746f,-0.2617467583895533f,-0.28793945431552687f,0f,0f,0f,1f], start_interpolation: 0, interpolation_duration: 1 }
$data merge entity $(bone_left_wing1) { transformation: [-1.0687531573606641f,-0.1545784338508649f,-0.08650611267960316f,0.5625f,-0.16697474317169342f,1.0557566915955117f,0.17637560603767694f,0.575587341512374f,0.05913742373040474f,0.18733506625996257f,-1.0653729155441378f,-0.004554647207199725f,0f,0f,0f,1f], start_interpolation: 0, interpolation_duration: 1 }
$data merge entity $(bone_beak_down) { transformation: [-1.1f,-1.8452722977639756e-17f,1.3344133686725027e-16f,-1.4445511880733187e-16f,0f,1.089631205994719f,0.1506779178330213f,1.1754846427253658f,-1.3471114790620887e-16f,0.1506779178330213f,-1.089631205994719f,1.1795655605184052f,0f,0f,0f,1f], start_interpolation: 0, interpolation_duration: 1 }
$data merge entity $(bone_beak_up) { transformation: [-1.1f,-2.675627753844756e-17f,1.3202725090864403e-16f,-1.4670497378715738e-16f,0f,1.0780843178667234f,0.21848158634045595f,1.2769600342203502f,-1.3471114790620887e-16f,0.21848158634045595f,-1.0780843178667234f,1.19793702061116f,0f,0f,0f,1f], start_interpolation: 0, interpolation_duration: 1 }
$data merge entity $(bone_head) { transformation: [-1.1f,-2.3998453118138867e-17f,1.3255628094566085e-16f,-8.042683331432696e-17f,0f,1.0824041759464993f,0.1959622409893817f,1.374941154715041f,-1.3471114790620887e-16f,0.1959622409893817f,-1.0824041759464993f,0.6567349326379102f,0f,0f,0f,1f], start_interpolation: 0, interpolation_duration: 1 }
$data merge entity $(bone_neck2) { transformation: [-1f,1.2216938299178805e-16f,8.499393273897953e-18f,-7.511471251814074e-17f,0f,0.06940281295648304f,-0.9975887176355431f,0.7514482061928266f,-1.2246467991473532e-16f,-0.9975887176355431f,-0.06940281295648304f,0.6133581745401082f,0f,0f,0f,1f], start_interpolation: 0, interpolation_duration: 1 }
$data merge entity $(bone_neck1) { transformation: [-1f,5.527052260686908e-17f,1.0928296828592345e-16f,-1.3643042857308796e-17f,0f,0.8923631561525373f,-0.45131806693448734f,0.49758179354217746f,-1.2246467991473532e-16f,-0.45131806693448734f,-0.8923631561525373f,0.11140389920430604f,0f,0f,0f,1f], start_interpolation: 0, interpolation_duration: 1 }
$data merge entity $(bone_body3) { transformation: [-1f,-1.569607250503758e-17f,1.214546464098232e-16f,6.128510661726585e-17f,0f,0.9917524505382667f,0.1281681584924388f,0.6396714207585934f,-1.2246467991473532e-16f,0.1281681584924388f,-0.9917524505382667f,-0.5004308724763331f,0f,0f,0f,1f], start_interpolation: 0, interpolation_duration: 1 }
$data merge entity $(bone_body2) { transformation: [-1f,7.186923388382183e-18f,1.2225361327514252e-16f,9.184850993605148e-17f,0f,0.9982765100946677f,-0.05868568303437365f,0.625f,-1.2246467991473532e-16f,-0.05868568303437365f,-0.9982765100946677f,-0.75f,0f,0f,0f,1f], start_interpolation: 0, interpolation_duration: 1 }
$data merge entity $(bone_tail2) { transformation: [-1f,3.002497812303987e-17f,1.187269915197448e-16f,2.9246563430488776e-16f,0f,0.9694794580968745f,-0.24517255215090933f,0.16848501420411305f,-1.2246467991473532e-16f,-0.24517255215090933f,-0.9694794580968745f,-2.3881631382086144f,0f,0f,0f,1f], start_interpolation: 0, interpolation_duration: 1 }
$data merge entity $(bone_tail1) { transformation: [-1f,6.433722548946971e-17f,1.042032592721346e-16f,2.143131898507868e-16f,0f,0.8508841842781524f,-0.5253533143945159f,0.5625f,-1.2246467991473532e-16f,-0.5253533143945159f,-0.8508841842781524f,-1.75f,0f,0f,0f,1f], start_interpolation: 0, interpolation_duration: 1 }