# This file was generated by Animated Java via MC-Build. It is not recommended to edit this file directly.
$data merge entity $(bone_left_leg4) { transformation: [-0.8930205030989605f,0.01002951492256475f,-0.11141718841946043f,0.5183454384685301f,0.006597052157252523f,0.8995370878385104f,0.028098158406682006f,-0.6076790271534435f,0.11167300456114723f,0.027063562836968702f,-0.892634697745307f,-0.6537741322392359f,0f,0f,0f,1f], start_interpolation: 0, interpolation_duration: 1 }
$data merge entity $(bone_left_leg3) { transformation: [-0.9939412077407821f,-0.10780684354657408f,0.021414015021008648f,0.43615192986978646f,-0.0605459867459877f,0.37442145363744933f,-0.9252798271576954f,-0.26903294772800046f,0.0917336309308106f,-0.9209702815729421f,-0.3786801835529632f,-1.3208343319468823f,0f,0f,0f,1f], start_interpolation: 0, interpolation_duration: 1 }
$data merge entity $(bone_left_leg2) { transformation: [-0.9981683435988804f,0.052153178297731084f,0.03065948190221978f,0.46222851901865203f,0.05771496432314879f,0.6689811946738013f,0.7410351840945149f,0.06545764960890021f,0.0181367232499465f,0.7414473731602662f,-0.6707658698111408f,-0.9501106453667492f,0f,0f,0f,1f], start_interpolation: 0, interpolation_duration: 1 }
$data merge entity $(bone_left_leg1) { transformation: [-0.9537169587565072f,0.11507511539218185f,0.27781591098732067f,0.3125000000000001f,-0.12708376616539038f,0.6830754853790655f,-0.7192062274837271f,0.3125f,-0.272531977862157f,-0.7212250682634583f,-0.6368364954608919f,-1f,0f,0f,0f,1f], start_interpolation: 0, interpolation_duration: 1 }
$data merge entity $(bone_right_leg4) { transformation: [-0.8995066872598317f,-0.00472108936836411f,0.029418206777766874f,-0.648988431994778f,-0.0043811862254930145f,0.8999285403514911f,0.010460758485516974f,-0.5489683360630094f,-0.02947074451216132f,0.010311817299132275f,-0.8994582489709503f,-1.9792194247498944f,0f,0f,0f,1f], start_interpolation: 0, interpolation_duration: 1 }
$data merge entity $(bone_right_leg3) { transformation: [-0.9765970912544256f,0.21432277708490038f,0.01799634896337096f,-0.4893711209913133f,0.20590462648160696f,0.9074943296508733f,0.3661383979385147f,0.10876876130398827f,0.062140213604921134f,0.3612752259346443f,-0.9303863740290945f,-1.6501138569220928f,0f,0f,0f,1f], start_interpolation: 0, interpolation_duration: 1 }
$data merge entity $(bone_right_leg2) { transformation: [-0.9712654318198382f,-0.03729344953479058f,0.23505884278967143f,-0.5080178457587086f,0.23070183623565305f,0.09516059050325644f,0.9683600181608955f,0.15634905655561648f,-0.05848182375166966f,0.9947631178511132f,-0.08382252474013832f,-1.1527322979965362f,0f,0f,0f,1f], start_interpolation: 0, interpolation_duration: 1 }
$data merge entity $(bone_right_leg1) { transformation: [-0.9537169587565072f,0.1417517229245338f,-0.26519881528424083f,-0.3124999999999999f,0.12708376616539035f,0.9892924324698011f,0.07176488998949557f,0.3125f,0.27253197786215666f,0.034740928397356007f,-0.9615193128256087f,-1f,0f,0f,0f,1f], start_interpolation: 0, interpolation_duration: 1 }
$data merge entity $(bone_right_wing3) { transformation: [-1.1005221296295116f,0.231477517535126f,0.3197260812759289f,-2.2244858575288404f,0.37470230904314533f,0.9104250520081447f,0.6306187201869798f,0.9666501269051708f,-0.12411602543596678f,0.6960603059565348f,-0.9311556414897758f,-0.18325300409789758f,0f,0f,0f,1f], start_interpolation: 0, interpolation_duration: 1 }
$data merge entity $(bone_right_wing2) { transformation: [-0.8545994438362168f,0.197984694283974f,0.4800644242433613f,-1.214919590273581f,0.4345929492545528f,0.7786943091047762f,0.4525087197237917f,0.7362603895347156f,-0.2842336346266191f,0.5953463141711022f,-0.7515144756755022f,-0.21764557683757402f,0f,0f,0f,1f], start_interpolation: 0, interpolation_duration: 1 }
$data merge entity $(bone_right_wing1) { transformation: [-1.0598023994609649f,0.2069004956066871f,0.08730504066546993f,-0.5625f,0.2226827234019722f,0.9138085718397911f,0.537566191125812f,0.4708887709621228f,0.029023954006524605f,0.5438356277966162f,-0.9364889380788214f,-0.01995179270814046f,0f,0f,0f,1f], start_interpolation: 0, interpolation_duration: 1 }
$data merge entity $(bone_left_wing3) { transformation: [-1.1005221296295116f,-0.23147751753512621f,-0.3197260812759286f,2.2244858575288404f,-0.37470230904314533f,0.9104250520081447f,0.6306187201869798f,0.9666501269051708f,0.12411602543596656f,0.6960603059565346f,-0.9311556414897759f,-0.18325300409789702f,0f,0f,0f,1f], start_interpolation: 0, interpolation_duration: 1 }
$data merge entity $(bone_left_wing2) { transformation: [-0.8545994438362169f,-0.1979846942839742f,-0.48006442424336115f,1.214919590273581f,-0.4345929492545528f,0.7786943091047762f,0.4525087197237917f,0.7362603895347156f,0.2842336346266189f,0.5953463141711021f,-0.7515144756755023f,-0.21764557683757374f,0f,0f,0f,1f], start_interpolation: 0, interpolation_duration: 1 }
$data merge entity $(bone_left_wing1) { transformation: [-1.0598023994609649f,-0.20690049560668727f,-0.0873050406654697f,0.5625f,-0.2226827234019722f,0.9138085718397911f,0.537566191125812f,0.4708887709621228f,-0.02902395400652487f,0.5438356277966161f,-0.9364889380788214f,-0.019951792708140348f,0f,0f,0f,1f], start_interpolation: 0, interpolation_duration: 1 }
$data merge entity $(bone_beak_down) { transformation: [-1.1f,-1.2359673681407065e-16f,5.3581153581477157e-17f,-2.1703180458247998e-16f,0f,0.4375233219797123f,1.0092439460922404f,-0.06829052381315509f,-1.3471114790620887e-16f,1.0092439460922404f,-0.4375233219797123f,1.7721991739462015f,0f,0f,0f,1f], start_interpolation: 0, interpolation_duration: 1 }
$data merge entity $(bone_beak_up) { transformation: [-1.1f,7.666413392493732e-17f,1.1076869566690657e-16f,-2.1682516949037335e-16f,0f,0.9044950408887529f,-0.626010160466788f,0.03482067165876848f,-1.3471114790620887e-16f,-0.626010160466788f,-0.9044950408887529f,1.77051187037222f,0f,0f,0f,1f], start_interpolation: 0, interpolation_duration: 1 }
$data merge entity $(bone_head) { transformation: [-1.1f,2.2041076491373565e-18f,1.3469311519034485e-16f,-1.4947861189520092e-16f,0f,1.099852751700518f,-0.017997904789135433f,0.025821719264200765f,-1.3471114790620887e-16f,-0.017997904789135433f,-1.099852751700518f,1.220585494521961f,0f,0f,0f,1f], start_interpolation: 0, interpolation_duration: 1 }
$data merge entity $(bone_neck2) { transformation: [-1f,-2.845889759003087e-17f,1.1911208576201961e-16f,-7.503355829393865e-17f,0f,0.9726239912189382f,0.2323845341354345f,0.17106205309884734f,-1.2246467991473532e-16f,0.2323845341354345f,-0.9726239912189382f,0.6126955000101247f,0f,0f,0f,1f], start_interpolation: 0, interpolation_duration: 1 }
$data merge entity $(bone_neck1) { transformation: [-1f,-4.8096585763128983e-17f,1.1262466987542542e-16f,-1.1682181489011852e-17f,0f,0.9196502204050923f,0.39273842708457407f,0.39197741833392025f,-1.2246467991473532e-16f,0.39273842708457407f,-0.9196502204050923f,0.09539225103226034f,0f,0f,0f,1f], start_interpolation: 0, interpolation_duration: 1 }
$data merge entity $(bone_body3) { transformation: [-1f,-1.664683419444438e-17f,1.213279882711374e-16f,6.310738404329625e-17f,0f,0.9907182083488126f,0.13593171685121416f,0.5388546293877299f,-1.2246467991473532e-16f,0.13593171685121416f,-0.9907182083488126f,-0.5153108968825467f,0f,0f,0f,1f], start_interpolation: 0, interpolation_duration: 1 }
$data merge entity $(bone_body2) { transformation: [-1f,-4.219906095267162e-17f,1.1496450357102092e-16f,9.184850993605148e-17f,0f,0.9387564124698132f,0.34458148244908043f,0.625f,-1.2246467991473532e-16f,0.34458148244908043f,-0.9387564124698132f,-0.75f,0f,0f,0f,1f], start_interpolation: 0, interpolation_duration: 1 }
$data merge entity $(bone_tail2) { transformation: [-1f,-7.078895259938797e-17f,9.993258736018088e-17f,3.01758728164538e-16f,0f,0.81601150168161f,0.5780356642313033f,0.7919272650724152f,-1.2246467991473532e-16f,0.5780356642313033f,-0.81601150168161f,-2.4640470082854433f,0f,0f,0f,1f], start_interpolation: 0, interpolation_duration: 1 }
$data merge entity $(bone_tail1) { transformation: [-1f,-3.746231544107527e-17f,1.1659405108500155e-16f,2.143131898507868e-16f,0f,0.9520626777139243f,0.3059030200965535f,0.5625f,-1.2246467991473532e-16f,0.3059030200965535f,-0.9520626777139243f,-1.75f,0f,0f,0f,1f], start_interpolation: 0, interpolation_duration: 1 }