# This file was generated by Animated Java via MC-Build. It is not recommended to edit this file directly.
$data merge entity $(bone_left_leg4) { transformation: [-0.8930224420560708f,0.01001923226918457f,-0.11140257164423006f,0.5183417039730811f,0.006587554967564198f,0.8995372608350095f,0.0280948480864035f,-0.6076886064230063f,0.1116580588393019f,0.0270616214256445f,-0.8926366262606832f,-0.6538138436404289f,0f,0f,0f,1f], start_interpolation: 0, interpolation_duration: 1 }
$data merge entity $(bone_left_leg3) { transformation: [-0.9939424267544337f,-0.10779328105546458f,0.02142570551475178f,0.43615763658681067f,-0.060555262991921904f,0.37445744918686047f,-0.9252646534221707f,-0.26901647869397516f,0.09171429780294023f,-0.9209572342447655f,-0.37871659624413895f,-1.3208619820587444f,0f,0f,0f,1f], start_interpolation: 0, interpolation_duration: 1 }
$data merge entity $(bone_left_leg2) { transformation: [-0.9981689943070046f,0.052148907752387785f,0.030645557987679685f,0.46223209046300456f,0.05770093699621523f,0.6689476003483197f,0.7410666028488828f,0.06545732148018471f,0.01814554143314817f,0.7414779830908388f,-0.6707317943244082f,-0.950122990513325f,0f,0f,0f,1f], start_interpolation: 0, interpolation_duration: 1 }
$data merge entity $(bone_left_leg1) { transformation: [-0.9537169587565072f,0.11506164636150068f,0.2778214896598529f,0.3125000000000001f,-0.12708376616539035f,0.6831103526781492f,-0.7191731102044591f,0.3125f,-0.272531977862157f,-0.7211941927113082f,-0.6368714606904797f,-1f,0f,0f,0f,1f], start_interpolation: 0, interpolation_duration: 1 }
$data merge entity $(bone_right_leg4) { transformation: [-0.899504767472263f,-0.004694785385183438f,0.02948104958879473f,-0.6489662295812191f,-0.004340055077607954f,0.8999236479676963f,0.010889983950271298f,-0.5488893992426631f,-0.029535355365954766f,0.0107418256688937f,-0.8994510970390249f,-1.9794326257911738f,0f,0f,0f,1f], start_interpolation: 0, interpolation_duration: 1 }
$data merge entity $(bone_right_leg3) { transformation: [-0.9766006526598866f,0.21430063751192677f,0.018066598635750858f,-0.48936991386200845f,0.20588924091800703f,0.9073759050562187f,0.3664404281702755f,0.10874000278885879f,0.06213522107863158f,0.3615856795911443f,-0.9302660966713339f,-1.6501017350558573f,0f,0f,0f,1f], start_interpolation: 0, interpolation_duration: 1 }
$data merge entity $(bone_right_leg2) { transformation: [-0.9712696923287473f,-0.037293058098832405f,0.23504129973529672f,-0.5080164429114247f,0.23068241463788788f,0.0951939949572344f,0.9683613617348205f,0.156337000267476f,-0.058487676825584756f,0.9947599364377916f,-0.08385618950218768f,-1.1527217668369616f,0f,0f,0f,1f], start_interpolation: 0, interpolation_duration: 1 }
$data merge entity $(bone_right_leg1) { transformation: [-0.9537169587565072f,0.14173565116251427f,-0.2652074051940797f,-0.3124999999999999f,0.12708376616539033f,0.9892967797282383f,0.07170493704451664f,0.3125f,0.27253197786215677f,0.03468265861890888f,-0.9615214164196578f,-1f,0f,0f,0f,1f], start_interpolation: 0, interpolation_duration: 1 }
$data merge entity $(bone_right_wing3) { transformation: [-1.1011333561162993f,0.23204838098854383f,0.317197804067451f,-2.225287458811968f,0.37361185060101937f,0.9108776309876134f,0.6306121569026695f,0.9653144637103457f,-0.12196344991471504f,0.6952776828171252f,-0.9320243701952821f,-0.17978754883747064f,0f,0f,0f,1f], start_interpolation: 0, interpolation_duration: 1 }
$data merge entity $(bone_right_wing2) { transformation: [-0.8556749342898556f,0.19847295866276263f,0.47794235165728993f,-1.2155582067061754f,0.4336120233283094f,0.7790814037645237f,0.4527833693207258f,0.7359712477620957f,-0.28249074330530033f,0.5946769299274594f,-0.7527006901543738f,-0.21632321449982064f,0f,0f,0f,1f], start_interpolation: 0, interpolation_duration: 1 }
$data merge entity $(bone_right_wing1) { transformation: [-1.0599303396121664f,0.20724997607672263f,0.08488953820669727f,-0.5625f,0.22178508582688208f,0.9142011034019336f,0.5372697919616928f,0.4712376836115683f,0.031147423416889183f,0.5430422645301155f,-0.9368810212933145f,-0.019886535985158493f,0f,0f,0f,1f], start_interpolation: 0, interpolation_duration: 1 }
$data merge entity $(bone_left_wing3) { transformation: [-1.1011333561162993f,-0.23204838098854405f,-0.3171978040674509f,2.225287458811968f,-0.37361185060101937f,0.9108776309876134f,0.6306121569026695f,0.9653144637103457f,0.12196344991471475f,0.695277682817125f,-0.9320243701952822f,-0.17978754883747014f,0f,0f,0f,1f], start_interpolation: 0, interpolation_duration: 1 }
$data merge entity $(bone_left_wing2) { transformation: [-0.8556749342898556f,-0.19847295866276282f,-0.4779423516572898f,1.2155582067061756f,-0.4336120233283094f,0.7790814037645237f,0.4527833693207258f,0.7359712477620957f,0.2824907433053001f,0.5946769299274592f,-0.7527006901543739f,-0.21632321449982037f,0f,0f,0f,1f], start_interpolation: 0, interpolation_duration: 1 }
$data merge entity $(bone_left_wing1) { transformation: [-1.0599303396121664f,-0.2072499760767228f,-0.08488953820669703f,0.5625f,-0.22178508582688208f,0.9142011034019336f,0.5372697919616928f,0.4712376836115683f,-0.031147423416889447f,0.5430422645301154f,-0.9368810212933145f,-0.019886535985158382f,0f,0f,0f,1f], start_interpolation: 0, interpolation_duration: 1 }
$data merge entity $(bone_beak_down) { transformation: [-1.1f,-1.2356069845878842e-16f,5.366420749983025e-17f,-2.1708229671971401e-16f,0f,0.4382015086896348f,1.0089496705892358f,-0.06678908022164902f,-1.3471114790620887e-16f,1.0089496705892358f,-0.4382015086896348f,1.7726114735355134f,0f,0f,0f,1f], start_interpolation: 0, interpolation_duration: 1 }
$data merge entity $(bone_beak_up) { transformation: [-1.1f,7.671440469078233e-17f,1.1073388588479748e-16f,-2.1686901166139505e-16f,0f,0.9042107974470249f,-0.6264206524215299f,0.03632121236923226f,-1.3471114790620887e-16f,-0.6264206524215299f,-0.9042107974470249f,1.7708698688665803f,0f,0f,0f,1f], start_interpolation: 0, interpolation_duration: 1 }
$data merge entity $(bone_head) { transformation: [-1.1f,2.2750406220686755e-18f,1.3469193576594114e-16f,-1.495230437784245e-16f,0f,1.0998431209694004f,-0.01857711646862295f,0.027032654134920786f,-1.3471114790620887e-16f,-0.01857711646862295f,-1.0998431209694004f,1.22094830838188f,0f,0f,0f,1f], start_interpolation: 0, interpolation_duration: 1 }
$data merge entity $(bone_neck2) { transformation: [-1f,-2.836873167906095e-17f,1.1913359261576905e-16f,-7.506454839356882e-17f,0f,0.9727996080070963f,0.2316482735986602f,0.1718128251340834f,-1.2246467991473532e-16f,0.2316482735986602f,-0.9727996080070963f,0.6129485533774447f,0f,0f,0f,1f], start_interpolation: 0, interpolation_duration: 1 }
$data merge entity $(bone_neck1) { transformation: [-1f,-4.8022931064335254e-17f,1.126560957898359e-16f,-1.1695494511786122e-17f,0f,0.9199068324701576f,0.3921369908268302f,0.3923898824741754f,-1.2246467991473532e-16f,0.3921369908268302f,-0.9199068324701576f,0.09550096011298104f,0f,0f,0f,1f], start_interpolation: 0, interpolation_duration: 1 }
$data merge entity $(bone_body3) { transformation: [-1f,-1.6579995778309244e-17f,1.2133714009572594e-16f,6.310396831189826e-17f,0f,0.9907929386677496f,0.13538593976526847f,0.5389306534942025f,-1.2246467991473532e-16f,0.13538593976526847f,-0.9907929386677496f,-0.5152830053190333f,0f,0f,0f,1f], start_interpolation: 0, interpolation_duration: 1 }
$data merge entity $(bone_body2) { transformation: [-1f,-4.2161819881211725e-17f,1.149781664966129e-16f,9.184850993605148e-17f,0f,0.938867978723867f,0.3442773860231899f,0.625f,-1.2246467991473532e-16f,0.3442773860231899f,-0.938867978723867f,-0.75f,0f,0f,0f,1f], start_interpolation: 0, interpolation_duration: 1 }
$data merge entity $(bone_tail2) { transformation: [-1f,-7.07786568780617e-17f,9.993987971353671e-17f,3.0176162230795803e-16f,0f,0.8160710482656611f,0.5779515932866567f,0.7918537006563103f,-1.2246467991473532e-16f,0.5779515932866567f,-0.8160710482656611f,-2.464070640759901f,0f,0f,0f,1f], start_interpolation: 0, interpolation_duration: 1 }
$data merge entity $(bone_tail1) { transformation: [-1f,-3.7450303384180094e-17f,1.1659790994289497e-16f,2.143131898507868e-16f,0f,0.952094187679868f,0.3058049342084138f,0.5625f,-1.2246467991473532e-16f,0.3058049342084138f,-0.952094187679868f,-1.75f,0f,0f,0f,1f], start_interpolation: 0, interpolation_duration: 1 }