# This file was generated by Animated Java via MC-Build. It is not recommended to edit this file directly.
$data merge entity $(bone_left_leg4) { transformation: [-0.8930688723200747f,0.00977295934085267f,-0.11105169318237357f,0.5182520075331648f,0.006360091334529f,0.8995413689654306f,0.028015616324051307f,-0.6079181017743848f,0.11129931954493899f,0.027015084407086942f,-0.892682836556922f,-0.6547671154111172f,0f,0f,0f,1f], start_interpolation: 0, interpolation_duration: 1 }
$data merge entity $(bone_left_leg3) { transformation: [-0.9939715814721095f,-0.10746786137438238f,0.021706082038222066f,0.43629448137498916f,-0.06077733241059427f,0.37532138284216837f,-0.9248999813204105f,-0.26862081581023284f,0.09125026625103956f,-0.9206435348999419f,-0.37959039839813563f,-1.3215253666861901f,0f,0f,0f,1f], start_interpolation: 0, interpolation_duration: 1 }
$data merge entity $(bone_left_leg2) { transformation: [-0.9981845393973242f,0.052046604428596155f,0.03031132256443041f,0.4623177835892872f,0.05736415633208247f,0.6681408952045829f,0.7418201249113745f,0.0654496317920586f,0.018356984405400623f,0.7422121631465441f,-0.6699135212852986f,-0.9504192851129181f,0f,0f,0f,1f], start_interpolation: 0, interpolation_duration: 1 }
$data merge entity $(bone_left_leg1) { transformation: [-0.9537169587565072f,0.11473830856422255f,0.2779551818694158f,0.3125000000000001f,-0.1270837661653903f,0.6839466859841252f,-0.7183777885684891f,0.3125f,-0.27253197786215694f,-0.720452671088916f,-0.6377101769325837f,-1f,0f,0f,0f,1f], start_interpolation: 0, interpolation_duration: 1 }
$data merge entity $(bone_right_leg4) { transformation: [-0.899516952101847f,-0.004602958290741095f,0.029121566859928234f,-0.6487035749773f,-0.004204230436211276f,0.899905064279449f,0.012377387876280732f,-0.5503259527412395f,-0.029181797885716478f,0.01223470715523517f,-0.8994435694433435f,-1.9777598941026326f,0f,0f,0f,1f], start_interpolation: 0, interpolation_duration: 1 }
$data merge entity $(bone_right_leg3) { transformation: [-0.9766860467256498f,0.21395016251278173f,0.017598127519028603f,-0.489340836062653f,0.20551987359977542f,0.9082149870173583f,0.36456428639211486f,0.108050019622272f,0.062015705163724906f,0.35968161659697573f,-0.9310119156032493f,-1.6498104369296978f,0f,0f,0f,1f], start_interpolation: 0, interpolation_duration: 1 }
$data merge entity $(bone_right_leg2) { transformation: [-0.9713718617978991f,-0.03728370891750071f,0.2346201848874863f,-0.5079826905214033f,0.23021617386963145f,0.09599563877901987f,0.9683931797695787f,0.15604783901178193f,-0.05862780395094791f,0.9946832472625459f,-0.08466414955059903f,-1.1524688132984249f,0f,0f,0f,1f], start_interpolation: 0, interpolation_duration: 1 }
$data merge entity $(bone_right_leg1) { transformation: [-0.9537169587565072f,0.14134977284971711f,-0.2654132707600961f,-0.3124999999999999f,0.12708376616539035f,0.9894000239165153f,0.07026598786909198f,0.3125f,0.2725319778621567f,0.033284146216064556f,-0.961570843283639f,-1f,0f,0f,0f,1f], start_interpolation: 0, interpolation_duration: 1 }
$data merge entity $(bone_right_wing3) { transformation: [-1.1042621401950792f,0.23224007306304997f,0.30598241807661924f,-2.229252051651549f,0.3669949775331153f,0.9129161335807124f,0.6315491948297243f,0.9558982305301198f,-0.11346972359979587f,0.6925346543590971f,-0.9351341830531457f,-0.1635242732759686f,0f,0f,0f,1f], start_interpolation: 0, interpolation_duration: 1 }
$data merge entity $(bone_right_wing2) { transformation: [-0.8622261543234973f,0.1986369145284203f,0.46595003486118736f,-1.2181505466496083f,0.4265589763483542f,0.7808249524123122f,0.45646449301884856f,0.7347729064870019f,-0.2731547153119581f,0.5923307943007348f,-0.7579780548445343f,-0.21110227002485057f,0f,0f,0f,1f], start_interpolation: 0, interpolation_duration: 1 }
$data merge entity $(bone_right_wing1) { transformation: [-1.0604288453454997f,0.20850115338033076f,0.07502695588515523f,-0.5625f,0.21803025990758784f,0.9162937221095976f,0.5352380140631644f,0.4728910844541486f,0.03955478270640554f,0.5390215162428326f,-0.9388835579045135f,-0.019538907225950974f,0f,0f,0f,1f], start_interpolation: 0, interpolation_duration: 1 }
$data merge entity $(bone_left_wing3) { transformation: [-1.104262140195079f,-0.2322400730630502f,-0.3059824180766191f,2.229252051651549f,-0.3669949775331153f,0.9129161335807124f,0.6315491948297243f,0.9558982305301198f,0.11346972359979561f,0.692534654359097f,-0.9351341830531459f,-0.16352427327596808f,0f,0f,0f,1f], start_interpolation: 0, interpolation_duration: 1 }
$data merge entity $(bone_left_wing2) { transformation: [-0.8622261543234974f,-0.1986369145284205f,-0.46595003486118713f,1.2181505466496083f,-0.4265589763483542f,0.7808249524123122f,0.45646449301884856f,0.7347729064870019f,0.27315471531195795f,0.5923307943007347f,-0.7579780548445345f,-0.21110227002485032f,0f,0f,0f,1f], start_interpolation: 0, interpolation_duration: 1 }
$data merge entity $(bone_left_wing1) { transformation: [-1.0604288453454997f,-0.20850115338033093f,-0.07502695588515498f,0.5625f,-0.21803025990758784f,0.9162937221095976f,0.5352380140631644f,0.4728910844541486f,-0.039554782706405806f,0.5390215162428326f,-0.9388835579045136f,-0.019538907225950863f,0f,0f,0f,1f], start_interpolation: 0, interpolation_duration: 1 }
$data merge entity $(bone_beak_down) { transformation: [-1.1f,-1.2328210173993335e-16f,5.430116721391169e-17f,-2.1741826676567915e-16f,0f,0.44340267946413847f,1.0066747557399174f,-0.05712746211120577f,-1.3471114790620887e-16f,1.0066747557399174f,-0.44340267946413847f,1.7753548771535943f,0f,0f,0f,1f], start_interpolation: 0, interpolation_duration: 1 }
$data merge entity $(bone_beak_up) { transformation: [-1.1f,7.670608325224925e-17f,1.1073965036204277e-16f,-2.1718389199598447e-16f,0f,0.9042578679758445f,-0.6263527027193068f,0.04597977786863826f,-1.3471114790620887e-16f,-0.6263527027193068f,-0.9042578679758445f,1.7734410619224774f,0f,0f,0f,1f], start_interpolation: 0, interpolation_duration: 1 }
$data merge entity $(bone_head) { transformation: [-1.1f,2.499997543409935e-18f,1.3468794817091624e-16f,-1.4983991791052635e-16f,0f,1.099810559785003f,-0.02041402913191412f,0.0357727633026812f,-1.3471114790620887e-16f,-0.02041402913191412f,-1.099810559785003f,1.223535782029976f,0f,0f,0f,1f], start_interpolation: 0, interpolation_duration: 1 }
$data merge entity $(bone_neck2) { transformation: [-1f,-2.7510592860861248e-17f,1.193346768842255e-16f,-7.52557448578854e-17f,0f,0.9744415856662588f,0.22464103837951632f,0.1761734122898789f,-1.2246467991473532e-16f,0.22464103837951632f,-0.9744415856662588f,0.6145097909885643f,0f,0f,0f,1f], start_interpolation: 0, interpolation_duration: 1 }
$data merge entity $(bone_neck1) { transformation: [-1f,-4.749015231094043e-17f,1.128817224359296e-16f,-1.1759775987675001e-17f,0f,0.9217492138510653f,0.38778652215483617f,0.39430333100197423f,-1.2246467991473532e-16f,0.38778652215483617f,-0.9217492138510653f,0.09602585819734f,0f,0f,0f,1f], start_interpolation: 0, interpolation_duration: 1 }
$data merge entity $(bone_body3) { transformation: [-1f,-1.6306707636776153e-17f,1.2137416987426642e-16f,6.3079910956443e-17f,0f,0.9910953097560199f,0.1331543727393851f,0.5394682708238412f,-1.2246467991473532e-16f,0.1331543727393851f,-0.9910953097560199f,-0.5150865621039609f,0f,0f,0f,1f], start_interpolation: 0, interpolation_duration: 1 }
$data merge entity $(bone_body2) { transformation: [-1f,-4.189846334444848e-17f,1.1507439591843393e-16f,9.184850993605148e-17f,0f,0.9396537515841564f,0.34212691670463535f,0.625f,-1.2246467991473532e-16f,0.34212691670463535f,-0.9396537515841564f,-0.75f,0f,0f,0f,1f], start_interpolation: 0, interpolation_duration: 1 }
$data merge entity $(bone_tail2) { transformation: [-1f,-7.053133445024376e-17f,1.0011457779607538e-16f,3.0183080323359905e-16f,0f,0.817497566365903f,0.5759320524036027f,0.7900874261772567f,-1.2246467991473532e-16f,0.5759320524036027f,-0.817497566365903f,-2.4646355458875604f,0f,0f,0f,1f], start_interpolation: 0, interpolation_duration: 1 }
$data merge entity $(bone_tail1) { transformation: [-1f,-3.7161895065888264e-17f,1.16690151177083e-16f,2.143131898507868e-16f,0f,0.9528473945167475f,0.3034499015696756f,0.5625f,-1.2246467991473532e-16f,0.3034499015696756f,-0.9528473945167475f,-1.75f,0f,0f,0f,1f], start_interpolation: 0, interpolation_duration: 1 }