# This file was generated by Animated Java via MC-Build. It is not recommended to edit this file directly.
$data merge entity $(bone_left_leg4) { transformation: [-0.8932525898743191f,0.008797673576386406f,-0.1096467583764554f,0.5178919042453893f,0.005459243820419991f,0.8995569743780982f,0.02770282484928477f,-0.6088282530179407f,0.1098635851396205f,0.026830035172624944f,-0.8928662508309433f,-0.6585839963083899f,0f,0f,0f,1f], start_interpolation: 0, interpolation_duration: 1 }
$data merge entity $(bone_left_leg3) { transformation: [-0.9940862573910827f,-0.10616772330433888f,0.02282383391464961f,0.43683962214746963f,-0.06165484494663259f,0.3787778642312889f,-0.923431648614552f,-0.26703037680606456f,0.08939347269681862f,-0.919377911468813f,-0.3830836239549356f,-1.3241747034128162f,0f,0f,0f,1f], start_interpolation: 0, interpolation_duration: 1 }
$data merge entity $(bone_left_leg2) { transformation: [-0.9982453388385857f,0.051641036930306694f,0.028973208172379285f,0.46266014061262295f,0.056014644843105116f,0.6649056194252425f,0.7448240576269239f,0.0654224329065567f,0.01919903773990045f,0.7451400677466602f,-0.666631589701812f,-0.951604669539486f,0f,0f,0f,1f], start_interpolation: 0, interpolation_duration: 1 }
$data merge entity $(bone_left_leg1) { transformation: [-0.9537169587565072f,0.1134434083654059f,0.27848618579505613f,0.3125000000000001f,-0.12708376616539033f,0.6872827482573793f,-0.7151867870179118f,0.3125f,-0.27253197786215694f,-0.7174768407734311f,-0.6410563968921279f,-1f,0f,0f,0f,1f], start_interpolation: 0, interpolation_duration: 1 }
$data merge entity $(bone_right_leg4) { transformation: [-0.8995923297013253f,-0.004496404501952454f,0.026709973588471887f,-0.6477757678642198f,-0.004094319551366178f,0.8998880451736635f,0.013592008715936799f,-0.5577808348880494f,-0.026774556764834506f,0.013464341798900548f,-0.8995008808277896f,-1.9673831356376186f,0f,0f,0f,1f], start_interpolation: 0, interpolation_duration: 1 }
$data merge entity $(bone_right_leg3) { transformation: [-0.9770260899383169f,0.2126199538206326f,0.014586802842162516f,-0.48922247767638044f,0.20404023517884867f,0.9134435693021054f,0.3521199058968272f,0.10529434796997782f,0.061543496878257845f,0.3470066295302474f,-0.9358412242758137f,-1.6486380869726946f,0f,0f,0f,1f], start_interpolation: 0, interpolation_duration: 1 }
$data merge entity $(bone_right_leg2) { transformation: [-0.9717789473502786f,-0.03724718126105009f,0.23293416446474938f,-0.5078460683069055f,0.22834887687954805f,0.09920099550365488f,0.9685122368452209f,0.15489484572180526f,-0.059181651841034244f,0.9943700568597139f,-0.08789608697875176f,-1.1514530585428377f,0f,0f,0f,1f], start_interpolation: 0, interpolation_duration: 1 }
$data merge entity $(bone_right_leg1) { transformation: [-0.9537169587565072f,0.13980327766007092f,-0.26623111413908745f,-0.3124999999999999f,0.12708376616539038f,0.9897920687999783f,0.06450873520601282f,0.3125f,0.2725319778621567f,0.027689422098704224f,-0.9617482087045344f,-1f,0f,0f,0f,1f], start_interpolation: 0, interpolation_duration: 1 }
$data merge entity $(bone_right_wing3) { transformation: [-1.1104969547596732f,0.22593383348816398f,0.2875864780051345f,-2.236416686925188f,0.3510667752664507f,0.9161964854951556f,0.6358393549057045f,0.9303721809757742f,-0.10248999341433565f,0.6902850634543888f,-0.9380607114671533f,-0.13422623653865148f,0f,0f,0f,1f], start_interpolation: 0, interpolation_duration: 1 }
$data merge entity $(bone_right_wing2) { transformation: [-0.8776709126667737f,0.1932431340541423f,0.43857822586125467f,-1.2217141940335343f,0.4070466277895962f,0.783630665372433f,0.4692931099995778f,0.7330561898011438f,-0.25299567558318237f,0.5904067000203255f,-0.7664288073313257f,-0.20445143622678189f,0f,0f,0f,1f], start_interpolation: 0, interpolation_duration: 1 }
$data merge entity $(bone_right_wing1) { transformation: [-1.061084295568916f,0.20962554347332799f,0.06138697200253693f,-0.5625f,0.21254632414888341f,0.9207108188241371f,0.5298365401726234f,0.47590105174374703f,0.05035165239519122f,0.5309988989958547f,-0.9429294732255296f,-0.01880626027168486f,0f,0f,0f,1f], start_interpolation: 0, interpolation_duration: 1 }
$data merge entity $(bone_left_wing3) { transformation: [-1.110496954759673f,-0.22593383348816418f,-0.28758647800513426f,2.2364166869251876f,-0.3510667752664507f,0.9161964854951556f,0.6358393549057045f,0.9303721809757742f,0.10248999341433539f,0.6902850634543888f,-0.9380607114671534f,-0.134226236538651f,0f,0f,0f,1f], start_interpolation: 0, interpolation_duration: 1 }
$data merge entity $(bone_left_wing2) { transformation: [-0.8776709126667737f,-0.19324313405414248f,-0.4385782258612545f,1.2217141940335343f,-0.4070466277895962f,0.783630665372433f,0.4692931099995778f,0.7330561898011438f,0.25299567558318214f,0.5904067000203255f,-0.7664288073313258f,-0.2044514362267816f,0f,0f,0f,1f], start_interpolation: 0, interpolation_duration: 1 }
$data merge entity $(bone_left_wing1) { transformation: [-1.061084295568916f,-0.20962554347332818f,-0.061386972002536705f,0.5625f,-0.21254632414888341f,0.9207108188241371f,0.5298365401726234f,0.47590105174374703f,-0.05035165239519149f,0.5309988989958547f,-0.9429294732255296f,-0.01880626027168475f,0f,0f,0f,1f], start_interpolation: 0, interpolation_duration: 1 }
$data merge entity $(bone_beak_down) { transformation: [-1.1f,-1.2246727633985492e-16f,5.611470035655622e-17f,-2.1826348302521672e-16f,0f,0.4582113013778786f,1.0000212014200451f,-0.03256646029488264f,-1.3471114790620887e-16f,1.0000212014200451f,-0.4582113013778786f,1.782256591673454f,0f,0f,0f,1f], start_interpolation: 0, interpolation_duration: 1 }
$data merge entity $(bone_beak_up) { transformation: [-1.1f,7.601969454860933e-17f,1.1121195714015923e-16f,-2.180190533729508e-16f,0f,0.9081145454966225f,-0.62074791361507f,0.07053922301131445f,-1.3471114790620887e-16f,-0.62074791361507f,-0.9081145454966225f,1.7802606720953675f,0f,0f,0f,1f], start_interpolation: 0, interpolation_duration: 1 }
$data merge entity $(bone_head) { transformation: [-1.1f,2.6072496241699844e-18f,1.3468591470382397e-16f,-1.5067609602103882e-16f,0f,1.0997939552661022f,-0.02128980883292439f,0.05989431859485225f,-1.3471114790620887e-16f,-0.02128980883292439f,-1.0997939552661022f,1.2303636944623164f,0f,0f,0f,1f], start_interpolation: 0, interpolation_duration: 1 }
$data merge entity $(bone_neck2) { transformation: [-1f,-2.4770397516606033e-17f,1.1993342000246591e-16f,-7.571770851949762e-17f,0f,0.9793306942537899f,0.20226564535874456f,0.1863103469440676f,-1.2246467991473532e-16f,0.20226564535874456f,-0.9793306942537899f,0.6182820105536977f,0f,0f,0f,1f], start_interpolation: 0, interpolation_duration: 1 }
$data merge entity $(bone_neck1) { transformation: [-1f,-4.6017173654028585e-17f,1.1349016501668132e-16f,-1.1879490697614376e-17f,0f,0.926717524560531f,0.37575873865074827f,0.3976746374351135f,-1.2246467991473532e-16f,0.37575873865074827f,-0.926717524560531f,0.09700340298839905f,0f,0f,0f,1f], start_interpolation: 0, interpolation_duration: 1 }
$data merge entity $(bone_body3) { transformation: [-1f,-1.5927527155805124e-17f,1.2142451031533818e-16f,6.301535780223417e-17f,0f,0.991506370652164f,0.1300581291429862f,0.5409301163152401f,-1.2246467991473532e-16f,0.1300581291429862f,-0.991506370652164f,-0.5145594455977668f,0f,0f,0f,1f], start_interpolation: 0, interpolation_duration: 1 }
$data merge entity $(bone_body2) { transformation: [-1f,-4.11823655836926e-17f,1.1533260853526927e-16f,9.184850993605148e-17f,0f,0.9417622176089329f,0.3362795347390396f,0.625f,-1.2246467991473532e-16f,0.3362795347390396f,-0.9417622176089329f,-0.75f,0f,0f,0f,1f], start_interpolation: 0, interpolation_duration: 1 }
$data merge entity $(bone_tail2) { transformation: [-1f,-6.953774796589701e-17f,1.0080723899824835e-16f,3.0210217236721343e-16f,0f,0.8231535743075822f,0.5678188030566192f,0.783008522813779f,-1.2246467991473532e-16f,0.5678188030566192f,-0.8231535743075822f,-2.4668514430246233f,0f,0f,0f,1f], start_interpolation: 0, interpolation_duration: 1 }
$data merge entity $(bone_tail1) { transformation: [-1f,-3.600600755314741e-17f,1.1705197668856886e-16f,2.143131898507868e-16f,0f,0.9558019240328314f,0.29401136375170533f,0.5625f,-1.2246467991473532e-16f,0.29401136375170533f,-0.9558019240328314f,-1.75f,0f,0f,0f,1f], start_interpolation: 0, interpolation_duration: 1 }