# This file was generated by Animated Java via MC-Build. It is not recommended to edit this file directly.
$data merge entity $(bone_left_leg4) { transformation: [-0.8932961314600935f,0.008566340956901883f,-0.10930983176751069f,0.517805316080311f,0.005245556752184612f,0.8995605204531923f,0.027628864912286943f,-0.6090444459559965f,0.10951943048058195f,0.026785963574079363f,-0.8929098535141257f,-0.6594993557527743f,0f,0f,0f,1f], start_interpolation: 0, interpolation_duration: 1 }
$data merge entity $(bone_left_leg3) { transformation: [-0.9941132724445393f,-0.10585659866173419f,0.023090735574631975f,0.4369696961105959f,-0.06186252361548519f,0.3796061484853191f,-0.9230775699821037f,-0.26664748646812564f,0.0889484666620655f,-0.9190721149898471f,-0.3839200668453751f,-1.3248084378173237f,0f,0f,0f,1f], start_interpolation: 0, interpolation_duration: 1 }
$data merge entity $(bone_left_leg2) { transformation: [-0.9982595771858989f,0.05154473655817343f,0.028652341785252358f,0.46274206438968263f,0.05569075898245296f,0.6641284975918476f,0.7455413322213287f,0.06541676232779817f,0.019399894860250372f,0.745839445738521f,-0.6658431987036193f,-0.9518887149480633f,0f,0f,0f,1f], start_interpolation: 0, interpolation_duration: 1 }
$data merge entity $(bone_left_leg1) { transformation: [-0.9537169587565072f,0.1131328059032753f,0.2786125101439106f,0.3125000000000001f,-0.12708376616539035f,0.6880798051933036f,-0.7144199731686998f,0.3125f,-0.272531977862157f,-0.7167615711752389f,-0.6418560361396811f,-1f,0f,0f,0f,1f], start_interpolation: 0, interpolation_duration: 1 }
$data merge entity $(bone_right_leg4) { transformation: [-0.8996106732041433f,-0.004478897226256443f,0.026087854201230946f,-0.647554608525987f,-0.004084819456430116f,0.8998874100064927f,0.013636845742869552f,-0.5596362313589602f,-0.026152455089272636f,0.013512542005229333f,-0.8995184602337856f,-1.9646964412288659f,0f,0f,0f,1f], start_interpolation: 0, interpolation_duration: 1 }
$data merge entity $(bone_right_leg3) { transformation: [-0.977107193418351f,0.21229884674940017f,0.013810584310160356f,-0.4891936349833219f,0.20368522751214982f,0.9147678874316935f,0.34887252717443984f,0.10463515126640743f,0.061431756148079636f,0.3436988678954751f,-0.9370684220183346f,-1.6483555139311137f,0f,0f,0f,1f], start_interpolation: 0, interpolation_duration: 1 }
$data merge entity $(bone_right_leg2) { transformation: [-0.9718760989327431f,-0.03723863622708201f,0.23252985248182684f,-0.5078129530968629f,0.22790095379426384f,0.09996865392108266f,0.9685388084598736f,0.15461947822694877f,-0.05931276070912489f,0.994293493997197f,-0.08867042467422964f,-1.1512087669325153f,0f,0f,0f,1f], start_interpolation: 0, interpolation_duration: 1 }
$data merge entity $(bone_right_leg1) { transformation: [-0.9537169587565072f,0.13943205857757168f,-0.26642571876802595f,-0.3124999999999999f,0.1270837661653903f,0.9898810221053643f,0.06312906187216429f,0.3125f,0.2725319778621566f,0.02634887315351004f,-0.9617858690613421f,-1f,0f,0f,0f,1f], start_interpolation: 0, interpolation_duration: 1 }
$data merge entity $(bone_right_wing3) { transformation: [-1.1116563793053447f,0.22408865042750564f,0.28453459732671044f,-2.237619870646941f,0.34780682876237345f,0.9167091350004342f,0.6368911505505309f,0.9248826438344792f,-0.10102509684506686f,0.6902059145884634f,-0.9382778326546511f,-0.1290405408257307f,0f,0f,0f,1f], start_interpolation: 0, interpolation_duration: 1 }
$data merge entity $(bone_right_wing2) { transformation: [-0.8807600770016414f,0.19166493325065836f,0.43304300031530757f,-1.2222217033766576f,0.4027985117777175f,0.7840691388650562f,0.47221705220064336f,0.7328034897528535f,-0.24902820255890448f,0.5903390033204903f,-0.7677791449947382f,-0.20359581291588724f,0f,0f,0f,1f], start_interpolation: 0, interpolation_duration: 1 }
$data merge entity $(bone_right_wing1) { transformation: [-1.0611812312831206f,0.20969188627372715f,0.0594543380630659f,-0.5625f,0.2117231321733642f,0.9215612355432581f,0.5286864056865798f,0.4764361776382385f,0.051757325918668f,0.5294953381155125f,-0.9436985626982796f,-0.01866521681851585f,0f,0f,0f,1f], start_interpolation: 0, interpolation_duration: 1 }
$data merge entity $(bone_left_wing3) { transformation: [-1.1116563793053447f,-0.22408865042750584f,-0.28453459732671016f,2.237619870646941f,-0.34780682876237345f,0.9167091350004342f,0.6368911505505309f,0.9248826438344792f,0.1010250968450666f,0.6902059145884633f,-0.9382778326546513f,-0.12904054082573013f,0f,0f,0f,1f], start_interpolation: 0, interpolation_duration: 1 }
$data merge entity $(bone_left_wing2) { transformation: [-0.8807600770016415f,-0.19166493325065853f,-0.43304300031530735f,1.2222217033766576f,-0.4027985117777175f,0.7840691388650562f,0.47221705220064336f,0.7328034897528535f,0.24902820255890426f,0.5903390033204902f,-0.7677791449947383f,-0.20359581291588696f,0f,0f,0f,1f], start_interpolation: 0, interpolation_duration: 1 }
$data merge entity $(bone_left_wing1) { transformation: [-1.0611812312831206f,-0.2096918862737273f,-0.05945433806306567f,0.5625f,-0.2117231321733642f,0.9215612355432581f,0.5286864056865798f,0.4764361776382385f,-0.05175732591866826f,0.5294953381155124f,-0.9436985626982796f,-0.01866521681851574f,0f,0f,0f,1f], start_interpolation: 0, interpolation_duration: 1 }
$data merge entity $(bone_beak_down) { transformation: [-1.1f,-1.2228528057003496e-16f,5.6510207273698e-17f,-2.1843554360568161e-16f,0f,0.46144086044272203f,0.998535093180946f,-0.027400584640006442f,-1.3471114790620887e-16f,0.998535093180946f,-0.46144086044272203f,1.783661572934865f,0f,0f,0f,1f], start_interpolation: 0, interpolation_duration: 1 }
$data merge entity $(bone_beak_up) { transformation: [-1.1f,7.582095638246642e-17f,1.113475457450976e-16f,-2.181925448901021e-16f,0f,0.9092217104770298f,-0.6191250933351227f,0.07570532419209892f,-1.3471114790620887e-16f,-0.6191250933351227f,-0.9092217104770298f,1.7816773378415411f,0f,0f,0f,1f], start_interpolation: 0, interpolation_duration: 1 }
$data merge entity $(bone_head) { transformation: [-1.1f,2.591986299514598e-18f,1.3468620930604443e-16f,-1.508494402370799e-16f,0f,1.0997963608757906f,-0.021165174328788117f,0.06512273702770487f,-1.3471114790620887e-16f,-0.021165174328788117f,-1.0997963608757906f,1.2317791574036459f,0f,0f,0f,1f], start_interpolation: 0, interpolation_duration: 1 }
$data merge entity $(bone_neck2) { transformation: [-1f,-2.4148420946860404e-17f,1.2006019986819866e-16f,-7.581181531945574e-17f,0f,0.9803659304200137f,0.1971868212424469f,0.18836450030423418f,-1.2246467991473532e-16f,0.1971868212424469f,-0.9803659304200137f,0.6190504508911373f,0f,0f,0f,1f], start_interpolation: 0, interpolation_duration: 1 }
$data merge entity $(bone_neck1) { transformation: [-1f,-4.569766039177506e-17f,1.136191958312352e-16f,-1.190101766438595e-17f,0f,0.9277711411187396f,0.37314971486955695f,0.39826121491836f,-1.2246467991473532e-16f,0.37314971486955695f,-0.9277711411187396f,0.09717918401184633f,0f,0f,0f,1f], start_interpolation: 0, interpolation_duration: 1 }
$data merge entity $(bone_body3) { transformation: [-1f,-1.587358753941755e-17f,1.2143157351054556e-16f,6.300161655849143e-17f,0f,0.9915640460179288f,0.12961767875006372f,0.5412450170132703f,-1.2246467991473532e-16f,0.12961767875006372f,-0.9915640460179288f,-0.5144472398274802f,0f,0f,0f,1f], start_interpolation: 0, interpolation_duration: 1 }
$data merge entity $(bone_body2) { transformation: [-1f,-4.1028108730935783e-17f,1.153875735102402e-16f,9.184850993605148e-17f,0f,0.9422110406900792f,0.3350199319469185f,0.625f,-1.2246467991473532e-16f,0.3350199319469185f,-0.9422110406900792f,-0.75f,0f,0f,0f,1f], start_interpolation: 0, interpolation_duration: 1 }
$data merge entity $(bone_tail2) { transformation: [-1f,-6.929868751305513e-17f,1.0097172740716339e-16f,3.021659137566001e-16f,0f,0.8244967240959912f,0.5658667263189974f,0.7813093066101724f,-1.2246467991473532e-16f,0.5658667263189974f,-0.8244967240959912f,-2.467371930968013f,0f,0f,0f,1f], start_interpolation: 0, interpolation_duration: 1 }
$data merge entity $(bone_tail1) { transformation: [-1f,-3.572854892850658e-17f,1.1713696520775108e-16f,2.143131898507868e-16f,0f,0.9564959079573506f,0.29174574214689647f,0.5625f,-1.2246467991473532e-16f,0.29174574214689647f,-0.9564959079573506f,-1.75f,0f,0f,0f,1f], start_interpolation: 0, interpolation_duration: 1 }