# This file was generated by Animated Java via MC-Build. It is not recommended to edit this file directly.
$data merge entity $(bone_left_leg4) { transformation: [-0.8933432522682835f,0.008315913747535767f,-0.10894346793300595f,0.5177110609208105f,0.005014227328014036f,0.8995642920473491f,0.027548901931907788f,-0.6092786193059851f,0.10914527544071417f,0.02673817592683564f,-0.8929570979599613f,-0.6604947042449327f,0f,0f,0f,1f], start_interpolation: 0, interpolation_duration: 1 }
$data merge entity $(bone_left_leg3) { transformation: [-0.9941424362078953f,-0.10551858082674684f,0.023380454036229834f,0.437110846923486f,-0.062087139016043486f,0.38050652776068306f,-0.9226916979686715f,-0.26623049236243096f,0.08846470312748163f,-0.9187385979873804f,-0.3848290332975784f,-1.3254968381543695f,0f,0f,0f,1f], start_interpolation: 0, interpolation_duration: 1 }
$data merge entity $(bone_left_leg2) { transformation: [-0.9982749097197627f,0.051440442579338275f,0.028303453698119027f,0.4628310682131552f,0.05533846219492777f,0.6632829237472662f,0.7463199164347545f,0.06541096951120212f,0.019617829286144806f,0.7465987168034247f,-0.6649853358094296f,-0.9521974797526571f,0f,0f,0f,1f], start_interpolation: 0, interpolation_duration: 1 }
$data merge entity $(bone_left_leg1) { transformation: [-0.9537169587565072f,0.11279503499678108f,0.2787494262959365f,0.3125000000000001f,-0.12708376616539038f,0.6889452010201107f,-0.7135854723637384f,0.3125f,-0.272531977862157f,-0.7159830934256998f,-0.6427243040146425f,-1f,0f,0f,0f,1f], start_interpolation: 0, interpolation_duration: 1 }
$data merge entity $(bone_right_leg4) { transformation: [-0.8996303619655676f,-0.004460301038601957f,0.025403101077367846f,-0.6473129437820825f,-0.004076747768401378f,0.8998875746812046f,0.013628391761775271f,-0.5616632545487548f,-0.025467468608692784f,0.013507725531140935f,-0.8995381867345267f,-1.9617269322205915f,0f,0f,0f,1f], start_interpolation: 0, interpolation_duration: 1 }
$data merge entity $(bone_right_leg3) { transformation: [-0.9771951888265121f,0.21194744718248362f,0.012955406869162273f,-0.48916207132454237f,0.20329912753352863f,0.9162163091963468f,0.3452783507646118f,0.10391908042571711f,0.0613109099461368f,0.340038166086474f,-0.9384109003662116f,-1.6480476263828479f,0f,0f,0f,1f], start_interpolation: 0, interpolation_duration: 1 }
$data merge entity $(bone_right_leg2) { transformation: [-0.9719815317190945f,-0.03722943859039324f,0.23209022146408262f,-0.507776790619739f,0.22741384186125918f,0.10080293644942004f,0.9685668343140169f,0.15432054865042713f,-0.059454575323560965f,0.99420960411043f,-0.08951210291171068f,-1.150942824327633f,0f,0f,0f,1f], start_interpolation: 0, interpolation_duration: 1 }
$data merge entity $(bone_right_leg1) { transformation: [-0.9537169587565072f,0.13902825235445943f,-0.26663665844647744f,-0.3124999999999999f,0.12708376616539035f,0.9899755292327637f,0.0616292779247815f,0.3125f,0.27253197786215677f,0.024891696759648967f,-0.961824684895832f,-1f,0f,0f,0f,1f], start_interpolation: 0, interpolation_duration: 1 }
$data merge entity $(bone_right_wing3) { transformation: [-1.1128378488818724f,0.2220138539447723f,0.2815267957568482f,-2.2387967746564232f,0.34439515734422527f,0.9171986899392387f,0.6380392658356948f,0.9190600870516251f,-0.09969685887917987f,0.6902260338518792f,-0.938405096160124f,-0.12382485094887768f,0f,0f,0f,1f], start_interpolation: 0, interpolation_duration: 1 }
$data merge entity $(bone_right_wing2) { transformation: [-0.8839661899193058f,0.1898903421296304f,0.4272533593143976f,-1.222694822668111f,0.3982742828170286f,0.7844878593780742f,0.47534870793448897f,0.7325653238400309f,-0.24491094448008516f,0.5903562114980231f,-0.7690891839179473f,-0.2028365879579626f,0f,0f,0f,1f], start_interpolation: 0, interpolation_duration: 1 }
$data merge entity $(bone_right_wing1) { transformation: [-1.0612750410147558f,0.20971761264232505f,0.05766213122876453f,-0.5625f,0.21094092511693283f,0.9224368744547622f,0.5274706151702221f,0.47697497939961836f,0.05301249419761449f,0.5279581865118144f,-0.9444897775334655f,-0.018519952921802807f,0f,0f,0f,1f], start_interpolation: 0, interpolation_duration: 1 }
$data merge entity $(bone_left_wing3) { transformation: [-1.1128378488818726f,-0.22201385394477252f,-0.28152679575684797f,2.2387967746564232f,-0.34439515734422527f,0.9171986899392387f,0.6380392658356948f,0.9190600870516251f,0.0996968588791796f,0.6902260338518791f,-0.9384050961601242f,-0.12382485094887713f,0f,0f,0f,1f], start_interpolation: 0, interpolation_duration: 1 }
$data merge entity $(bone_left_wing2) { transformation: [-0.8839661899193059f,-0.1898903421296306f,-0.42725335931439745f,1.222694822668111f,-0.3982742828170286f,0.7844878593780742f,0.47534870793448897f,0.7325653238400309f,0.24491094448008494f,0.590356211498023f,-0.7690891839179474f,-0.20283658795796233f,0f,0f,0f,1f], start_interpolation: 0, interpolation_duration: 1 }
$data merge entity $(bone_left_wing1) { transformation: [-1.0612750410147558f,-0.20971761264232522f,-0.0576621312287643f,0.5625f,-0.21094092511693283f,0.9224368744547622f,0.5274706151702221f,0.47697497939961836f,-0.05301249419761475f,0.5279581865118144f,-0.9444897775334655f,-0.018519952921802696f,0f,0f,0f,1f], start_interpolation: 0, interpolation_duration: 1 }
$data merge entity $(bone_beak_down) { transformation: [-1.1f,-1.2209000385672103e-16f,5.693087324531678e-17f,-2.1861443110330457e-16f,0f,0.4648758587778474f,0.9969405378083285f,-0.021949211833258417f,-1.3471114790620887e-16f,0.9969405378083285f,-0.4648758587778474f,1.785122300205353f,0f,0f,0f,1f], start_interpolation: 0, interpolation_duration: 1 }
$data merge entity $(bone_beak_up) { transformation: [-1.1f,7.559684196477583e-17f,1.1149982446246805e-16f,-2.1837387340455922e-16f,0f,0.9104651605679169f,-0.6172950602362192f,0.08115707866343384f,-1.3471114790620887e-16f,-0.6172950602362192f,-0.9104651605679169f,1.7831579975271206f,0f,0f,0f,1f], start_interpolation: 0, interpolation_duration: 1 }
$data merge entity $(bone_head) { transformation: [-1.1f,2.565948786617179e-18f,1.3468670787064677e-16f,-1.5103051946923584e-16f,0f,1.0998004319647174f,-0.020952561901143196f,0.07068079771286224f,-1.3471114790620887e-16f,-0.020952561901143196f,-1.0998004319647174f,1.2332577815447618f,0f,0f,0f,1f], start_interpolation: 0, interpolation_duration: 1 }
$data merge entity $(bone_neck2) { transformation: [-1f,-2.348005451724346e-17f,1.2019269889009836e-16f,-7.591008266292436e-17f,0f,0.9814478670403679f,0.19172919517358958f,0.19051154469635573f,-1.2246467991473532e-16f,0.19172919517358958f,-0.9814478670403679f,0.6198528646445319f,0f,0f,0f,1f], start_interpolation: 0, interpolation_duration: 1 }
$data merge entity $(bone_neck1) { transformation: [-1f,-4.535793199120652e-17f,1.1375524529488589e-16f,-1.1922757184551054e-17f,0f,0.9288820692961165f,0.37037562195717566f,0.39884783204726704f,-1.2246467991473532e-16f,0.37037562195717566f,-0.9288820692961165f,0.09735670066546642f,0f,0f,0f,1f], start_interpolation: 0, interpolation_duration: 1 }
$data merge entity $(bone_body3) { transformation: [-1f,-1.5823471664507346e-17f,1.2143811416149835e-16f,6.298709718735371e-17f,0f,0.991617454486047f,0.12920845157578711f,0.5415792051875119f,-1.2246467991473532e-16f,0.12920845157578711f,-0.991617454486047f,-0.5143286801648262f,0f,0f,0f,1f], start_interpolation: 0, interpolation_duration: 1 }
$data merge entity $(bone_body2) { transformation: [-1f,-4.086440373977665e-17f,1.1544565099479107e-16f,9.184850993605148e-17f,0f,0.942685279340695f,0.3336831792499522f,0.625f,-1.2246467991473532e-16f,0.3336831792499522f,-0.942685279340695f,-0.75f,0f,0f,0f,1f], start_interpolation: 0, interpolation_duration: 1 }
$data merge entity $(bone_tail2) { transformation: [-1f,-6.903839792904288e-17f,1.0114987611465325e-16f,3.0223463839756804e-16f,0f,0.8259514186872309f,0.5637413005701735f,0.7794609393619449f,-1.2246467991473532e-16f,0.5637413005701735f,-0.8259514186872309f,-2.467933110248568f,0f,0f,0f,1f], start_interpolation: 0, interpolation_duration: 1 }
$data merge entity $(bone_tail1) { transformation: [-1f,-3.5426735990614503e-17f,1.17228598062375e-16f,2.143131898507868e-16f,0f,0.9572441469980907f,0.2892812524825932f,0.5625f,-1.2246467991473532e-16f,0.2892812524825932f,-0.9572441469980907f,-1.75f,0f,0f,0f,1f], start_interpolation: 0, interpolation_duration: 1 }