# This file was generated by Animated Java via MC-Build. It is not recommended to edit this file directly.
$data merge entity $(bone_left_leg4) { transformation: [-0.8937685286169462f,0.006052284039510719f,-0.1055518219255554f,0.5168333458859616f,0.0029230635136129057f,0.8995952155212894f,0.026831025155600652f,-0.6114018625836919f,0.10568478108788634f,0.026302434661265917f,-0.8933862037088419f,-0.6697109434581712f,0f,0f,0f,1f], start_interpolation: 0, interpolation_duration: 1 }
$data merge entity $(bone_left_leg3) { transformation: [-0.9944021264935001f,-0.10240326594333404f,0.026038086514639805f,0.4384035160212961f,-0.06410723897897136f,0.3888291371309623f,-0.9190767998532465f,-0.2623377097446423f,0.08399209924569168f,-0.9156011540196589f,-0.39321731144771804f,-1.331835727007433f,0f,0f,0f,1f], start_interpolation: 0, interpolation_duration: 1 }
$data merge entity $(bone_left_leg2) { transformation: [-0.9984094855490445f,0.05049553605617102f,0.02507389088458839f,0.46365128404938166f,0.05207116194245298f,0.6554268614049216f,0.7534614943332251f,0.06537572095781843f,0.02161234044834462f,0.7535687295710285f,-0.6570137567456648f,-0.9550513622219188f,0f,0f,0f,1f], start_interpolation: 0, interpolation_duration: 1 }
$data merge entity $(bone_left_leg1) { transformation: [-0.9537169587565072f,0.10966625736839915f,0.27999513312742924f,0.3125000000000001f,-0.1270837661653903f,0.6968934135714093f,-0.7058252520971525f,0.3125f,-0.2725319778621569f,-0.7087403488694549f,-0.6507022659611261f,-1f,0f,0f,0f,1f], start_interpolation: 0, interpolation_duration: 1 }
$data merge entity $(bone_right_leg4) { transformation: [-0.8997916596726723f,-0.004247693447427696f,0.018892492791441763f,-0.6449741930614048f,-0.004000284019938455f,0.8999136088375641f,0.011810772909169542f,-0.5804422852782928f,-0.018946422122865993f,0.011724066245497933f,-0.8997241684868832f,-1.9326838740098307f,0f,0f,0f,1f], start_interpolation: 0, interpolation_duration: 1 }
$data merge entity $(bone_right_leg3) { transformation: [-0.9780003139028195f,0.20854907953781893f,0.00476103244214679f,-0.4888599479356748f,0.19972080562717537f,0.9295226669130179f,0.30999872821439656f,0.09732479439307096f,0.0602244618541231f,0.3041297307381171f,-0.9507250501988163f,-1.6451662603188169f,0f,0f,0f,1f], start_interpolation: 0, interpolation_duration: 1 }
$data merge entity $(bone_right_leg2) { transformation: [-0.9729474702979614f,-0.03714890540464649f,0.22802012820809098f,-0.507434400637998f,0.22290134595859196f,0.10850527116359471f,0.9687835651473261f,0.1515774299748683f,-0.06073063486121083f,0.9934015124595652f,-0.09728938807702969f,-1.1484655040890341f,0f,0f,0f,1f], start_interpolation: 0, interpolation_duration: 1 }
$data merge entity $(bone_right_leg1) { transformation: [-0.9537169587565072f,0.13528210641893804f,-0.26855672447938034f,-0.3124999999999999f,0.12708376616539033f,0.9907412469202631f,0.04776502934263385f,0.3125f,0.2725319778621567f,0.011425118543691354f,-0.9620788885059288f,-1f,0f,0f,0f,1f], start_interpolation: 0, interpolation_duration: 1 }
$data merge entity $(bone_right_wing3) { transformation: [-1.121338087392708f,0.2010647861571262f,0.2629247259323758f,-2.2453728877523362f,0.31700071850636896f,0.9195504399871985f,0.64876274458569f,0.8696316637853034f,-0.09522081813065697f,0.6935095572978794f,-0.9364470383890321f,-0.08828323819924008f,0f,0f,0f,1f], start_interpolation: 0, interpolation_duration: 1 }
$data merge entity $(bone_right_wing2) { transformation: [-0.908728323763362f,0.1719724258428274f,0.3803134474876789f,-1.2247388661235123f,0.3591204389734579f,0.7864993312446973f,0.5024453326115735f,0.7314634117621781f,-0.2127095294098061f,0.5931646370961245f,-0.7764730319830055f,-0.20098663722361465f,0f,0f,0f,1f], start_interpolation: 0, interpolation_duration: 1 }
$data merge entity $(bone_right_wing1) { transformation: [-1.061860843907275f,0.20861670555577655f,0.05041556754311985f,-0.5625f,0.20708320716064396f,0.929037257995329f,0.5173175327395093f,0.48066425350880565f,0.05638443579306524f,0.5167010301234998f,-0.9505008953076913f,-0.017422707175131114f,0f,0f,0f,1f], start_interpolation: 0, interpolation_duration: 1 }
$data merge entity $(bone_left_wing3) { transformation: [-1.121338087392708f,-0.20106478615712642f,-0.26292472593237554f,2.2453728877523362f,-0.31700071850636896f,0.9195504399871985f,0.64876274458569f,0.8696316637853034f,0.09522081813065668f,0.6935095572978793f,-0.9364470383890323f,-0.08828323819923956f,0f,0f,0f,1f], start_interpolation: 0, interpolation_duration: 1 }
$data merge entity $(bone_left_wing2) { transformation: [-0.908728323763362f,-0.1719724258428276f,-0.3803134474876787f,1.2247388661235123f,-0.3591204389734579f,0.7864993312446973f,0.5024453326115735f,0.7314634117621781f,0.21270952940980586f,0.5931646370961244f,-0.7764730319830057f,-0.20098663722361437f,0f,0f,0f,1f], start_interpolation: 0, interpolation_duration: 1 }
$data merge entity $(bone_left_wing1) { transformation: [-1.061860843907275f,-0.20861670555577674f,-0.05041556754311962f,0.5625f,-0.20708320716064396f,0.929037257995329f,0.5173175327395093f,0.48066425350880565f,-0.0563844357930655f,0.5167010301234997f,-0.9505008953076913f,-0.017422707175131003f,0f,0f,0f,1f], start_interpolation: 0, interpolation_duration: 1 }
$data merge entity $(bone_beak_down) { transformation: [-1.1f,-1.2034561794598266e-16f,6.053119535750193e-17f,-2.1998192657957423e-16f,0f,0.4942747198591962f,0.9826965458920236f,0.023548935374436614f,-1.3471114790620887e-16f,0.9826965458920236f,-0.4942747198591962f,1.7962887481740386f,0f,0f,0f,1f], start_interpolation: 0, interpolation_duration: 1 }
$data merge entity $(bone_beak_up) { transformation: [-1.1f,7.327306973320583e-17f,1.1304048222686083e-16f,-2.1979059657260492e-16f,0f,0.9230455859237459f,-0.5983200199781799f,0.12666210017895052f,-1.3471114790620887e-16f,-0.5983200199781799f,-0.9230455859237459f,1.7947264201044066f,0f,0f,0f,1f], start_interpolation: 0, interpolation_duration: 1 }
$data merge entity $(bone_head) { transformation: [-1.1f,2.0408534076723914e-18f,1.3469568770965488e-16f,-1.524427527177775e-16f,0f,1.099873757914815f,-0.01666483274274108f,0.11832968380757998f,-1.3471114790620887e-16f,-0.01666483274274108f,-1.099873757914815f,1.2447895411469991f,0f,0f,0f,1f], start_interpolation: 0, interpolation_duration: 1 }
$data merge entity $(bone_neck2) { transformation: [-1f,-1.7528708265053444e-17f,1.212037219444074e-16f,-7.669042650252286e-17f,0f,0.9897034967861277f,0.1431327651144609f,0.20778766200411805f,-1.2246467991473532e-16f,0.1431327651144609f,-0.9897034967861277f,0.6262248556556693f,0f,0f,0f,1f], start_interpolation: 0, interpolation_duration: 1 }
$data merge entity $(bone_neck1) { transformation: [-1f,-4.244281243855474e-17f,1.1487473829752232e-16f,-1.2073386210166554e-17f,0f,0.9380234233862579f,0.3465718643784076f,0.4027343357169723f,-1.2246467991473532e-16f,0.3465718643784076f,-0.9380234233862579f,0.09858668000089921f,0f,0f,0f,1f], start_interpolation: 0, interpolation_duration: 1 }
$data merge entity $(bone_body3) { transformation: [-1f,-1.5616871707839555e-17f,1.2146485559485695e-16f,6.286609405487907e-17f,0f,0.9918358148604605f,0.12752143490443638f,0.5444249709610238f,-1.2246467991473532e-16f,0.12752143490443638f,-0.9918358148604605f,-0.5133406146053613f,0f,0f,0f,1f], start_interpolation: 0, interpolation_duration: 1 }
$data merge entity $(bone_body2) { transformation: [-1f,-3.947038056151487e-17f,1.1592966352468967e-16f,9.184850993605148e-17f,0f,0.946637541578555f,0.3223001161559046f,0.625f,-1.2246467991473532e-16f,0.3223001161559046f,-0.946637541578555f,-0.75f,0f,0f,0f,1f], start_interpolation: 0, interpolation_duration: 1 }
$data merge entity $(bone_tail2) { transformation: [-1f,-6.661188157564166e-17f,1.0276407475169163e-16f,3.0284200419403693e-16f,0f,0.8391323508397686f,0.5439272908892543f,0.762315534634853f,-1.2246467991473532e-16f,0.5439272908892543f,-0.8391323508397686f,-2.4728926283471067f,0f,0f,0f,1f], start_interpolation: 0, interpolation_duration: 1 }
$data merge entity $(bone_tail1) { transformation: [-1f,-3.262712732139865e-17f,1.1803841912433349e-16f,2.143131898507868e-16f,0f,0.963856837796142f,0.26642071284647073f,0.5625f,-1.2246467991473532e-16f,0.26642071284647073f,-0.963856837796142f,-1.75f,0f,0f,0f,1f], start_interpolation: 0, interpolation_duration: 1 }