# This file was generated by Animated Java via MC-Build. It is not recommended to edit this file directly.
$data merge entity $(bone_left_leg4) { transformation: [-0.8939186906933109f,0.005251652452957788f,-0.10431584048297879f,0.5165111259150832f,0.002183386254732071f,0.8996047875000956f,0.026579298925478334f,-0.6121557344848031f,0.10442512750109328f,0.026146633691942756f,-0.8935388890770002f,-0.673070832725409f,0f,0f,0f,1f], start_interpolation: 0, interpolation_duration: 1 }
$data merge entity $(bone_left_leg3) { transformation: [-0.9944922332821322f,-0.10127400604277666f,0.02699580785168368f,0.4388683833922705f,-0.06481703604854375f,0.39185673318187403f,-0.9177401879060931f,-0.26090442285426674f,0.08236473626133434f,-0.9144352772941764f,-0.39626275860913773f,-1.3341308682829702f,0f,0f,0f,1f], start_interpolation: 0, interpolation_duration: 1 }
$data merge entity $(bone_left_leg2) { transformation: [-0.998455244766117f,0.05016034650456552f,0.023896942013058947f,0.46394855664455326f,0.0508776984384936f,0.6525510092263596f,0.756034814118544f,0.06537108175891307f,0.022328994617655556f,0.7560827467917793f,-0.6540950206225111f,-0.9560894948870805f,0f,0f,0f,1f], start_interpolation: 0, interpolation_duration: 1 }
$data merge entity $(bone_left_leg1) { transformation: [-0.9537169587565072f,0.1085250891711024f,0.2804394187710477f,0.3125000000000001f,-0.12708376616539033f,0.699762054145904f,-0.7029813539168198f,0.3125f,-0.27253197786215694f,-0.706084536438739f,-0.6535831610779395f,-1f,0f,0f,0f,1f], start_interpolation: 0, interpolation_duration: 1 }
$data merge entity $(bone_right_leg4) { transformation: [-0.8998391967615368f,-0.004138726687469144f,0.01650123974004874f,-0.644064949895418f,-0.003944211350183378f,0.8999285825296378f,0.010629653946507556f,-0.5871750183660971f,-0.016548811690789915f,0.010555438768893005f,-0.8997859298433262f,-1.9216007437921288f,0f,0f,0f,1f], start_interpolation: 0, interpolation_duration: 1 }
$data merge entity $(bone_right_leg3) { transformation: [-0.9782895063312352f,0.20723583774538243f,0.0017173689636990064f,-0.4887454071466123f,0.19841488563822365f,0.934191631331058f,0.29650890224104176f,0.09493689874213128f,0.05984291904109051f,0.2904122991627362f,-0.9550285448800234f,-1.6441022353650752f,0f,0f,0f,1f], start_interpolation: 0, interpolation_duration: 1 }
$data merge entity $(bone_right_leg2) { transformation: [-0.9732950016417907f,-0.03712161081323867f,0.2265365881921435f,-0.5073062125532316f,0.22125536383277408f,0.1113031921822353f,0.9688434669157198f,0.15058849483324893f,-0.06117927552965241f,0.9930929389642618f,-0.10011748511120347f,-1.1475557658829443f,0f,0f,0f,1f], start_interpolation: 0, interpolation_duration: 1 }
$data merge entity $(bone_right_leg1) { transformation: [-0.9537169587565072f,0.13391325977268806f,-0.2692419013402098f,-0.3124999999999999f,0.12708376616539033f,0.990971559011364f,0.042721020678431504f,0.3125f,0.2725319778621567f,0.006527487084563243f,-0.9621245828659102f,-1f,0f,0f,0f,1f], start_interpolation: 0, interpolation_duration: 1 }
$data merge entity $(bone_right_wing3) { transformation: [-1.12370100032843f,0.1930367420426677f,0.25882125890080937f,-2.24638669998933f,0.30832785430371107f,0.9197290752626536f,0.6526775071607233f,0.8529694604399959f,-0.09584133814756961f,0.6955507244727871f,-0.9348685434669555f,-0.07909149968405246f,0f,0f,0f,1f], start_interpolation: 0, interpolation_duration: 1 }
$data merge entity $(bone_right_wing2) { transformation: [-0.9162139064841832f,0.16510597126605353f,0.365091900509016f,-1.224801735789805f,0.345617256107011f,0.7866521195188065f,0.5115927629840263f,0.7313875731752617f,-0.2027332973294051f,0.5949104647834517f,-0.777805084224245f,-0.20184464113306277f,0f,0f,0f,1f], start_interpolation: 0, interpolation_duration: 1 }
$data merge entity $(bone_right_wing1) { transformation: [-1.0620046893038755f,0.207853289812707f,0.05053870716316937f,-0.5625f,0.20666991837859347f,0.9309912526336634f,0.513959087348496f,0.48162572020073213f,0.05517876262725823f,0.5134816535619828f,-0.95231455240445f,-0.017097036091642037f,0f,0f,0f,1f], start_interpolation: 0, interpolation_duration: 1 }
$data merge entity $(bone_left_wing3) { transformation: [-1.1237010003284302f,-0.19303674204266794f,-0.2588212589008091f,2.24638669998933f,-0.30832785430371107f,0.9197290752626536f,0.6526775071607233f,0.8529694604399959f,0.09584133814756929f,0.695550724472787f,-0.9348685434669556f,-0.07909149968405191f,0f,0f,0f,1f], start_interpolation: 0, interpolation_duration: 1 }
$data merge entity $(bone_left_wing2) { transformation: [-0.9162139064841833f,-0.16510597126605372f,-0.3650919005090158f,1.224801735789805f,-0.345617256107011f,0.7866521195188065f,0.5115927629840263f,0.7313875731752617f,0.20273329732940484f,0.5949104647834516f,-0.7778050842242451f,-0.2018446411330625f,0f,0f,0f,1f], start_interpolation: 0, interpolation_duration: 1 }
$data merge entity $(bone_left_wing1) { transformation: [-1.0620046893038755f,-0.20785328981270718f,-0.05053870716316915f,0.5625f,-0.20666991837859347f,0.9309912526336634f,0.513959087348496f,0.48162572020073213f,-0.055178762627258494f,0.5134816535619828f,-0.95231455240445f,-0.017097036091641926f,0f,0f,0f,1f], start_interpolation: 0, interpolation_duration: 1 }
$data merge entity $(bone_beak_down) { transformation: [-1.1f,-1.1972341746410286e-16f,6.175270585913331e-17f,-2.203802138676355e-16f,0f,0.5042491100464882f,0.9776158933943969f,0.038671091316253986f,-1.3471114790620887e-16f,0.9776158933943969f,-0.5042491100464882f,1.7995410106903704f,0f,0f,0f,1f], start_interpolation: 0, interpolation_duration: 1 }
$data merge entity $(bone_beak_up) { transformation: [-1.1f,7.23493985722995e-17f,1.13633876535279e-16f,-2.2021465824764779e-16f,0f,0.927891018164546f,-0.5907776725719772f,0.14178723015062206f,-1.3471114790620887e-16f,-0.5907776725719772f,-0.927891018164546f,1.7981891464622275f,0f,0f,0f,1f], start_interpolation: 0, interpolation_duration: 1 }
$data merge entity $(bone_head) { transformation: [-1.1f,1.7659266132022157e-18f,1.3469957265487248e-16f,-1.5286487192021156e-16f,0f,1.099905480899926f,-0.014419885100191654f,0.13457728760052623f,-1.3471114790620887e-16f,-0.014419885100191654f,-1.099905480899926f,1.2482364060122646f,0f,0f,0f,1f], start_interpolation: 0, interpolation_duration: 1 }
$data merge entity $(bone_neck2) { transformation: [-1f,-1.5429000948428592e-17f,1.2148886268441222e-16f,-7.693433274245392e-17f,0f,0.9920318476233108f,0.12598735373473274f,0.2133193836847342f,-1.2246467991473532e-16f,0.12598735373473274f,-0.9920318476233108f,0.6282165012476953f,0f,0f,0f,1f], start_interpolation: 0, interpolation_duration: 1 }
$data merge entity $(bone_neck1) { transformation: [-1f,-4.144767698621611e-17f,1.1523752817144626e-16f,-1.2113223146015402e-17f,0f,0.9409858275192418f,0.3384459667479113f,0.4036952399804343f,-1.2246467991473532e-16f,0.3384459667479113f,-0.9409858275192418f,0.09891197326812184f,0f,0f,0f,1f], start_interpolation: 0, interpolation_duration: 1 }
$data merge entity $(bone_body3) { transformation: [-1f,-1.5617460585893693e-17f,1.214647798806989e-16f,6.282617299280306e-17f,0f,0.9918351966074416f,0.12752624345866231f,0.5453888419300633f,-1.2246467991473532e-16f,0.12752624345866231f,-0.9918351966074416f,-0.5130146343953628f,0f,0f,0f,1f], start_interpolation: 0, interpolation_duration: 1 }
$data merge entity $(bone_body2) { transformation: [-1f,-3.8998219962704757e-17f,1.1608934777299367e-16f,9.184850993605148e-17f,0f,0.9479414624185488f,0.31844463227974656f,0.625f,-1.2246467991473532e-16f,0.31844463227974656f,-0.9479414624185488f,-0.75f,0f,0f,0f,1f], start_interpolation: 0, interpolation_duration: 1 }
$data merge entity $(bone_tail2) { transformation: [-1f,-6.572008588177486e-17f,1.033366737335333e-16f,3.0305045110742057e-16f,0f,0.8438079763526947f,0.5366452264239104f,0.7560522726160379f,-1.2246467991473532e-16f,0.5366452264239104f,-0.8438079763526947f,-2.4745947265645585f,0f,0f,0f,1f], start_interpolation: 0, interpolation_duration: 1 }
$data merge entity $(bone_tail1) { transformation: [-1f,-3.160442281692357e-17f,1.1831634834217837e-16f,2.143131898507868e-16f,0f,0.9661263020860776f,0.2580696968213839f,0.5625f,-1.2246467991473532e-16f,0.2580696968213839f,-0.9661263020860776f,-1.75f,0f,0f,0f,1f], start_interpolation: 0, interpolation_duration: 1 }