# This file was generated by Animated Java via MC-Build. It is not recommended to edit this file directly.
$data merge entity $(bone_jaw) { transformation: [-0.9243030283441898f,0.14610346461249848f,-0.3525871373461947f,1.5325664447741791f,0.00028856700452096345f,0.9240939016710874f,0.38216537993830685f,0.057770495943964086f,0.38165930949322313f,0.3531348729912283f,-0.8541849524281176f,3.2847067183861816f,0f,0f,0f,1f], start_interpolation: 0, interpolation_duration: 1 }
$data merge entity $(bone_head) { transformation: [-1.0398409068872134f,0.09316367183464351f,-0.41913770841367193f,1.439424731793363f,0.0003246378800860839f,1.098368534338727f,0.24333404485366047f,0.11184472813366642f,0.429366723179876f,0.22479344524448058f,-1.0152522464889664f,3.0590951080553f,0f,0f,0f,1f], start_interpolation: 0, interpolation_duration: 1 }
$data merge entity $(bone_neck) { transformation: [-0.9243030283441898f,0.08281215274190534f,-0.37256685192326394f,1.5108777664895316f,0.00028856700452096345f,0.9763275860788685f,0.21629692875880932f,-0.7499063609608592f,0.38165930949322313f,0.19981639577287164f,-0.9024464413235256f,1.9227227992246476f,0f,0f,0f,1f], start_interpolation: 0, interpolation_duration: 1 }
$data merge entity $(bone_right_arm2) { transformation: [-0.9243030283441898f,0.08281215274190534f,-0.37256685192326394f,0.190774917685394f,0.00028856700452096345f,0.9763275860788685f,0.21629692875880932f,-2.193536160460293f,0.38165930949322313f,0.19981639577287164f,-0.9024464413235256f,2.3294769886024875f,0f,0f,0f,1f], start_interpolation: 0, interpolation_duration: 1 }
$data merge entity $(bone_right_arm1) { transformation: [-1.0494690634324653f,0.09402629842570501f,-0.42301861312120587f,0.3321708538194601f,0.00032764378638317724f,1.1085386133603818f,0.24558713786156472f,-0.7634922423990095f,0.43334234098709706f,0.22687486603378132f,-1.0246527302527528f,1.8520355454278254f,0f,0f,0f,1f], start_interpolation: 0, interpolation_duration: 1 }
$data merge entity $(bone_left_arm2) { transformation: [-0.9243030283441898f,0.08281215274190534f,-0.37256685192326394f,1.8083052172877259f,0.00028856700452096345f,0.9763275860788685f,0.21629692875880932f,-2.1940411527182047f,0.38165930949322313f,0.19981639577287164f,-0.9024464413235256f,1.6615731969893472f,0f,0f,0f,1f], start_interpolation: 0, interpolation_duration: 1 }
$data merge entity $(bone_left_arm1) { transformation: [-1.0494690634324653f,0.09402629842570501f,-0.42301861312120587f,1.3720117607066735f,0.00032764378638317724f,1.1085386133603818f,0.24558713786156472f,-0.7638168802790956f,0.43334234098709706f,0.22687486603378132f,-1.0246527302527528f,1.4226688222479495f,0f,0f,0f,1f], start_interpolation: 0, interpolation_duration: 1 }
$data merge entity $(bone_body2) { transformation: [-1.4634797948783005f,0.13111924184135013f,-0.589897515545168f,0.9701371573034708f,0.00045689775715819215f,1.545852011291542f,0.34247013720144814f,-0.5f,0.6042939066976033f,0.3163759599737134f,-1.4288735320955823f,0.6129675150862752f,0f,0f,0f,1f], start_interpolation: 0, interpolation_duration: 1 }
$data merge entity $(bone_right_leg2) { transformation: [-0.9742046764722494f,-0.007625076872887049f,-0.22553737282828062f,-0.6949492000155496f,1.3877787807814457e-17f,0.999428982636881f,-0.03378917970903117f,-2.4979842902370866f,0.22566623216511655f,-0.032917576886699274f,-0.973648388686752f,1.0786446523476345f,0f,0f,0f,1f], start_interpolation: 0, interpolation_duration: 1 }
$data merge entity $(bone_right_leg1) { transformation: [-1.2989395686296659f,-0.16522236736933554f,-0.25146638770783736f,-0.44881537653949655f,1.850371707708594e-17f,1.1143288266710778f,-0.7321537023246122f,-1.125f,0.3008883095534887f,-0.7132675607011083f,-1.0855843540707986f,0.4794620593901768f,0f,0f,0f,1f], start_interpolation: 0, interpolation_duration: 1 }
$data merge entity $(bone_left_leg2) { transformation: [-0.6117959956118366f,0.3998164857175121f,-0.6825338361589264f,0.0648089236682603f,1.3877787807814457e-17f,0.8628576312503763f,0.5054470379703395f,-2.227904160239217f,0.7910155875539506f,0.3092304738241176f,-0.527892843582095f,-1.08436496587411f,0f,0f,0f,1f], start_interpolation: 0, interpolation_duration: 1 }
$data merge entity $(bone_left_leg1) { transformation: [-0.8157279941491155f,0.5140337410486661f,-0.9209424142707032f,0.6054239307266107f,1.850371707708594e-17f,1.1642531813039536f,0.649840216977528f,-1.125f,1.054687450071934f,0.39756964253437865f,-0.7122854342001006f,-0.19216245104335292f,0f,0f,0f,1f], start_interpolation: 0, interpolation_duration: 1 }
$data merge entity $(bone_tail3) { transformation: [0.09082293142507691f,0.3319191746411046f,-0.9389253733033973f,-2.946701575119831f,-0.23337793774162838f,0.923661268561899f,0.30394834945116594f,0.4294224504864282f,0.9681352866737276f,0.19151898721586688f,0.16135223652924136f,-0.6535457272812837f,0f,0f,0f,1f], start_interpolation: 0, interpolation_duration: 1 }
$data merge entity $(bone_tail2) { transformation: [0.14001868594699357f,0.5117087275717028f,-1.447509950509404f,-1.2370984789930335f,-0.359790987351677f,1.4239777890329275f,0.46858703873721413f,-0.34283943480756757f,1.4925419002886633f,0.29525843862446144f,0.24875136464924708f,-0.8709740700423703f,0f,0f,0f,1f], start_interpolation: 0, interpolation_duration: 1 }
$data merge entity $(bone_tail1) { transformation: [-0.4997756200202873f,0.3319191746411046f,-0.8000337437501654f,-0.32459067375594675f,0f,0.923661268561899f,0.38320994371052464f,-0.75f,0.8661549108752646f,0.19151898721586688f,-0.4616233831842482f,-0.4887685892685146f,0f,0f,0f,1f], start_interpolation: 0, interpolation_duration: 1 }
data modify entity @s data merge value {"locators":{"hitbox_head":{"posx":1.5040942775556922,"posy":-0.5659528034027543,"posz":3.216224373610857,"roty":337.567159866457,"rotx":12.491626385742789},"hitbox_neck":{"posx":1.0642425515296303,"posy":-1.1429220383330256,"posz":2.151427110721873,"roty":337.567159866457,"rotx":12.491626385742789},"hitbox_right_arm":{"posx":0.23647725163360878,"posy":-3.2779941754807833,"posz":2.604737520334705,"roty":337.567159866457,"rotx":12.491626385742789},"hitbox_left_arm":{"posx":1.9695454297789643,"posy":-3.2785352386142605,"posz":1.889126315034912,"roty":337.567159866457,"rotx":12.491626385742789},"hitbox_tail1":{"posx":-2.1429019205480824,"posy":-0.7974486537636116,"posz":-1.024700558674633,"roty":260.24909017067387,"rotx":17.69490528252642},"hitbox_tail2":{"posx":-3.910491014319442,"posy":-0.6119120179347837,"posz":-0.8141537649544107,"roty":260.24909017067387,"rotx":17.69490528252642}},"cameras":{}}