# This file was generated by Animated Java via MC-Build. It is not recommended to edit this file directly.
$data merge entity $(bone_jaw) { transformation: [-0.9999937543974662f,-0.00002498217609036031f,-0.0035341960826920605f,0.008838833744662305f,0f,0.9999750176678799f,-0.007068524607245686f,0.625f,0.0035342843773581824f,-0.007068480460050488f,-0.9999687722213758f,3.2517515281823446f,0f,0f,0f,1f], start_interpolation: 0, interpolation_duration: 1 }
$data merge entity $(bone_head) { transformation: [-1.1249929736971493f,0f,-0.0039760699245279555f,0.007955262650322759f,0f,1.125f,0f,0.625f,0.0039760699245279555f,0f,-1.1249929736971493f,3.0017530895829783f,0f,0f,0f,1f], start_interpolation: 0, interpolation_duration: 1 }
$data merge entity $(bone_neck) { transformation: [-0.9999937543974662f,0f,-0.0035342843773581824f,0.5050805337924523f,0f,1f,0f,-0.4375f,0.0035342843773581824f,0f,-0.9999937543974662f,2.1874910219463577f,0f,0f,0f,1f], start_interpolation: 0, interpolation_duration: 1 }
$data merge entity $(bone_right_arm2) { transformation: [-0.9999937543974662f,0f,-0.0035342843773581824f,-0.8692482001833091f,0f,1f,0f,-1.875f,0.0035342843773581824f,0f,-0.9999937543974662f,2.3798494919147504f,0f,0f,0f,1f], start_interpolation: 0, interpolation_duration: 1 }
$data merge entity $(bone_right_arm1) { transformation: [-1.1354095753054563f,0f,-0.004012885386792103f,-0.5591799724435346f,0f,1.1354166666666665f,0f,-0.5625f,0.004012885386792103f,0f,-1.1354095753054563f,1.6912493218985678f,0f,0f,0f,1f], start_interpolation: 0, interpolation_duration: 1 }
$data merge entity $(bone_left_arm2) { transformation: [-0.9999937543974662f,0f,-0.0035342843773581824f,0.8807408700122568f,0f,1f,0f,-1.875f,0.0035342843773581824f,0f,-0.9999937543974662f,2.373664494254373f,0f,0f,0f,1f], start_interpolation: 0, interpolation_duration: 1 }
$data merge entity $(bone_left_arm1) { transformation: [-1.1354095753054563f,0f,-0.004012885386792103f,0.5658130012536148f,0f,1.1354166666666665f,0f,-0.5625f,0.004012885386792103f,0f,-1.1354095753054563f,1.6872732519740397f,0f,0f,0f,1f], start_interpolation: 0, interpolation_duration: 1 }
$data merge entity $(bone_body2) { transformation: [-1.583323444462655f,0f,-0.005595950264150456f,0.4999999999999999f,0f,1.5833333333333335f,0f,-0.5f,0.005595950264150456f,0f,-1.583323444462655f,0.75f,0f,0f,0f,1f], start_interpolation: 0, interpolation_duration: 1 }
$data merge entity $(bone_right_leg2) { transformation: [-1f,2.596760806080513e-18f,1.2243714575215555e-16f,-1f,0f,0.99977516650026f,-0.021204161133548702f,-2.5688031021983577f,-1.2246467991473532e-16f,-0.021204161133548702f,-0.99977516650026f,-0.40694875790185514f,0f,0f,0f,1f], start_interpolation: 0, interpolation_duration: 1 }
$data merge entity $(bone_right_leg1) { transformation: [-1.3333333333333333f,3.4623477414406838e-18f,1.6324952766954073e-16f,-0.625f,0f,1.3330335553336798f,-0.0282722148447316f,-1.125f,-1.6328623988631375e-16f,-0.0282722148447316f,-1.3330335553336798f,-0.12500000000000008f,0f,0f,0f,1f], start_interpolation: 0, interpolation_duration: 1 }
$data merge entity $(bone_left_leg2) { transformation: [-1f,-2.596760806080513e-18f,1.2243714575215555e-16f,1f,0f,0.99977516650026f,0.021204161133548702f,-2.55555050148989f,-1.2246467991473532e-16f,0.021204161133548702f,-0.99977516650026f,-0.4679107211608074f,0f,0f,0f,1f], start_interpolation: 0, interpolation_duration: 1 }
$data merge entity $(bone_left_leg1) { transformation: [-1.3333333333333333f,-3.4623477414406838e-18f,1.6324952766954073e-16f,0.625f,0f,1.3330335553336798f,0.0282722148447316f,-1.125f,-1.6328623988631375e-16f,0.0282722148447316f,-1.3330335553336798f,-0.12499999999999993f,0f,0f,0f,1f], start_interpolation: 0, interpolation_duration: 1 }
$data merge entity $(bone_tail3) { transformation: [-0.998944680960386f,-0.00006869722985202101f,0.04592950752667671f,0.10664873414721143f,0.00009367296999962136f,0.9999937543974662f,0.0035330428011461214f,-0.5521332477686329f,-0.04592946337948151f,0.003533616667190945f,-0.998938435513882f,-3.8063281369337583f,0f,0f,0f,1f], start_interpolation: 0, interpolation_duration: 1 }
$data merge entity $(bone_tail2) { transformation: [-1.540039716480595f,-0.00010590822935519905f,0.07080799077029326f,-0.10432429685475841f,0.00014441249541608293f,1.541657038029427f,0.005446774318433603f,-0.7462448228490568f,-0.07080792271003399f,0.00544765902858604f,-1.5400300880839013f,-1.939722306392763f,0f,0f,0f,1f], start_interpolation: 0, interpolation_duration: 1 }
$data merge entity $(bone_tail1) { transformation: [-0.9998110762756847f,-0.00006869722985202101f,0.01943725899266077f,1.1102230246251565e-16f,-6.776263578034403e-21f,0.9999937543974662f,0.003534284377358305f,-0.75f,-0.019437380390812987f,0.003533616667190945f,-0.9998048318530933f,-0.875f,0f,0f,0f,1f], start_interpolation: 0, interpolation_duration: 1 }
data modify entity @s data merge value {"locators":{"hitbox_head":{"posx":0.00905972651824719,"posy":0,"posz":3.3142511378321866,"roty":359.7975,"rotx":0},"hitbox_neck":{"posx":0.005525442140889014,"posy":-0.8125,"posz":2.31425738343472,"roty":359.7975,"rotx":0},"hitbox_right_arm":{"posx":-0.9299806676444716,"posy":-2.875,"posz":2.8800672618870684,"roty":359.7975,"rotx":0},"hitbox_left_arm":{"posx":0.9450076218507775,"posy":-2.875,"posz":2.8734404786795213,"roty":359.7975,"rotx":0},"hitbox_tail1":{"posx":0.05217184761226909,"posy":-1.4938228808426184,"posz":-2.6234015103865147,"roty":2.6325094811254246,"rotx":0.20242886247895692},"hitbox_tail2":{"posx":0.13257424724514785,"posy":-1.8626377138396626,"posz":-4.372868878786005,"roty":2.6325094811254246,"rotx":0.20242886247895692}},"cameras":{}}