# This file was generated by Animated Java via MC-Build. It is not recommended to edit this file directly.
$data merge entity $(bone_jaw) { transformation: [-0.9999811752826011f,-0.00007529674338885882f,-0.006135422628325051f,0.01534912398158527f,0f,0.9999247018391445f,-0.012271538285719925f,0.625f,0.006135884649154353f,-0.012271307277479647f,-0.9999058785392122f,3.25302088053108f,0f,0f,0f,1f], start_interpolation: 0, interpolation_duration: 1 }
$data merge entity $(bone_head) { transformation: [-1.1249788221929262f,0f,-0.006902870230298647f,0.013815152819296683f,0f,1.125f,0f,0.625f,0.006902870230298647f,0f,-1.1249788221929262f,3.0030255867104296f,0f,0f,0f,1f], start_interpolation: 0, interpolation_duration: 1 }
$data merge entity $(bone_neck) { transformation: [-0.9999811752826011f,0f,-0.006135884649154353f,0.5088203341831593f,0f,1f,0f,-0.4375f,0.006135884649154353f,0f,-0.9999811752826011f,2.187472939468739f,0f,0f,0f,1f], start_interpolation: 0, interpolation_duration: 1 }
$data merge entity $(bone_right_arm2) { transformation: [-0.9999811752826011f,0f,-0.006135884649154353f,-0.8650033034587008f,0f,1f,0f,-1.875f,0.006135884649154353f,0f,-0.9999811752826011f,2.383406251226814f,0f,0f,0f,1f], start_interpolation: 0, interpolation_duration: 1 }
$data merge entity $(bone_right_arm1) { transformation: [-1.1353952927687865f,0f,-0.006966785695394004f,-0.5567276068791817f,0f,1.1354166666666665f,0f,-0.5625f,0.006966785695394004f,0f,-1.1353952927687865f,1.694001729267165f,0f,0f,0f,1f], start_interpolation: 0, interpolation_duration: 1 }
$data merge entity $(bone_left_arm2) { transformation: [-0.9999811752826011f,0f,-0.006135884649154353f,0.8849637532858512f,0f,1f,0f,-1.875f,0.006135884649154353f,0f,-0.9999811752826011f,2.3726684530907938f,0f,0f,0f,1f], start_interpolation: 0, interpolation_duration: 1 }
$data merge entity $(bone_left_arm1) { transformation: [-1.1353952927687865f,0f,-0.006966785695394004f,0.5682512153137447f,0f,1.1354166666666665f,0f,-0.5625f,0.006966785695394004f,0f,-1.1353952927687865f,1.6870988590368663f,0f,0f,0f,1f], start_interpolation: 0, interpolation_duration: 1 }
$data merge entity $(bone_body2) { transformation: [-1.5833035275307852f,0f,-0.009715150694494393f,0.4999999999999999f,0f,1.5833333333333335f,0f,-0.5f,0.009715150694494393f,0f,-1.5833035275307852f,0.75f,0f,0f,0f,1f], start_interpolation: 0, interpolation_duration: 1 }
$data merge entity $(bone_right_leg2) { transformation: [-1f,4.507584776063812e-18f,1.2238169596024226e-16f,-1f,0f,0.9993223845883495f,-0.03680722294135883f,-2.5730281850149272f,-1.2246467991473532e-16f,-0.03680722294135883f,-0.9993223845883495f,-0.38437786220565606f,0f,0f,0f,1f], start_interpolation: 0, interpolation_duration: 1 }
$data merge entity $(bone_right_leg1) { transformation: [-1.3333333333333333f,6.010113034751749e-18f,1.6317559461365633e-16f,-0.625f,0f,1.3324298461177992f,-0.049076297255145104f,-1.125f,-1.6328623988631375e-16f,-0.049076297255145104f,-1.3324298461177992f,-0.12500000000000008f,0f,0f,0f,1f], start_interpolation: 0, interpolation_duration: 1 }
$data merge entity $(bone_left_leg2) { transformation: [-1f,-4.507584776063812e-18f,1.2238169596024226e-16f,1f,0f,0.9993223845883495f,0.03680722294135883f,-2.5500236706765778f,-1.2246467991473532e-16f,0.03680722294135883f,-0.9993223845883495f,-0.49019862816206244f,0f,0f,0f,1f], start_interpolation: 0, interpolation_duration: 1 }
$data merge entity $(bone_left_leg1) { transformation: [-1.3333333333333333f,-6.010113034751749e-18f,1.6317559461365633e-16f,0.625f,0f,1.3324298461177992f,0.049076297255145104f,-1.125f,-1.6328623988631375e-16f,0.049076297255145104f,-1.3324298461177992f,-0.12499999999999993f,0f,0f,0f,1f], start_interpolation: 0, interpolation_duration: 1 }
$data merge entity $(bone_tail3) { transformation: [-0.9968203285109161f,-0.00020703193840735154f,0.07968180347586214f,0.18488759874928445f,0.00028227021904933655f,0.9999811752826011f,0.006129388546271756f,-0.5445268324479072f,-0.07968157246762186f,0.0061323909043870355f,-0.9968015052109837f,-3.7989854763655604f,0f,0f,0f,1f], start_interpolation: 0, interpolation_duration: 1 }
$data merge entity $(bone_tail2) { transformation: [-1.5367646731209954f,-0.00031917423837800026f,0.12284278035862078f,-0.08907950534337017f,0.00043516658770106047f,1.5416376452273433f,0.009449474008835623f,-0.7434806225602734f,-0.12284242422091703f,0.009454102644263345f,-1.536735653866933f,-1.9410926739479917f,0f,0f,0f,1f], start_interpolation: 0, interpolation_duration: 1 }
$data merge entity $(bone_tail1) { transformation: [-0.9994306045554617f,-0.00020703193840735154f,0.03374053668335289f,1.1102230246251565e-16f,1.3552527156068805e-20f,0.9999811752826011f,0.006135884649154476f,-0.75f,-0.033741171851377705f,0.0061323909043870355f,-0.9994117905567712f,-0.875f,0f,0f,0f,1f], start_interpolation: 0, interpolation_duration: 1 }
data modify entity @s data merge value {"locators":{"hitbox_head":{"posx":0.01573261677215742,"posy":0,"posz":3.3155197039862423,"roty":359.6484375,"rotx":0},"hitbox_neck":{"posx":0.009596732123003049,"posy":-0.8125,"posz":2.3155385287036414,"roty":359.6484375,"rotx":0},"hitbox_right_arm":{"posx":-0.9244341845892862,"posy":-2.875,"posz":2.8837803316586865,"roty":359.6484375,"rotx":0},"hitbox_left_arm":{"posx":0.9505305190655909,"posy":-2.875,"posz":2.872275547941522,"roty":359.6484375,"rotx":0},"hitbox_tail1":{"posx":0.09045954956395508,"posy":-1.4892878331740436,"posz":-2.6210328054003806,"roty":4.570362066367835,"rotx":0.35119029372227495},"hitbox_tail2":{"posx":0.22998034262361655,"posy":-1.8535543439490434,"posz":-4.3677350861087465,"roty":4.570362066367835,"rotx":0.35119029372227495}},"cameras":{}}