# This file was generated by Animated Java via MC-Build. It is not recommended to edit this file directly.
$data merge entity $(bone_jaw) { transformation: [-0.9999794298273219f,-0.00008227815193796941f,-0.006413513275109183f,0.016045387639855763f,0f,0.9999177201555515f,-0.012827818166950916f,0.625f,0.00641404102140671f,-0.01282755429651614f,-0.999897151675384f,3.2531555950790083f,0f,0f,0f,1f], start_interpolation: 0, interpolation_duration: 1 }
$data merge entity $(bone_head) { transformation: [-1.1249768585557371f,0f,-0.007215796149082549f,0.014441877384504087f,0f,1.125f,0f,0.625f,0.007215796149082549f,0f,-1.1249768585557371f,3.003160737622178f,0f,0f,0f,1f], start_interpolation: 0, interpolation_duration: 1 }
$data merge entity $(bone_neck) { transformation: [-0.9999794298273219f,0f,-0.00641404102140671f,0.5092201839682721f,0f,1f,0f,-0.4375f,0.00641404102140671f,0f,-0.9999794298273219f,2.1874704303767754f,0f,0f,0f,1f], start_interpolation: 0, interpolation_duration: 1 }
$data merge entity $(bone_right_arm2) { transformation: [-0.9999794298273219f,0f,-0.00641404102140671f,-0.8645488993527817f,0f,1f,0f,-1.875f,0.00641404102140671f,0f,-0.9999794298273219f,2.3837858798738325f,0f,0f,0f,1f], start_interpolation: 0, interpolation_duration: 1 }
$data merge entity $(bone_right_arm1) { transformation: [-1.1353933109497716f,0f,-0.007282609076388868f,-0.5564649807339607f,0f,1.1354166666666665f,0f,-0.5625f,0.007282609076388868f,0f,-1.1353933109497716f,1.694295634048359f,0f,0f,0f,1f], start_interpolation: 0, interpolation_duration: 1 }
$data merge entity $(bone_left_arm2) { transformation: [-0.9999794298273219f,0f,-0.00641404102140671f,0.8854151028450314f,0f,1f,0f,-1.875f,0.00641404102140671f,0f,-0.9999794298273219f,2.372561308086371f,0f,0f,0f,1f], start_interpolation: 0, interpolation_duration: 1 }
$data merge entity $(bone_left_arm1) { transformation: [-1.1353933109497716f,0f,-0.007282609076388868f,0.5685118778217763f,0f,1.1354166666666665f,0f,-0.5625f,0.007282609076388868f,0f,-1.1353933109497716f,1.6870798378992764f,0f,0f,0f,1f], start_interpolation: 0, interpolation_duration: 1 }
$data merge entity $(bone_body2) { transformation: [-1.58330076389326f,0f,-0.010155564950560626f,0.4999999999999999f,0f,1.5833333333333335f,0f,-0.5f,0.010155564950560626f,0f,-1.58330076389326f,0.75f,0f,0f,0f,1f], start_interpolation: 0, interpolation_duration: 1 }
$data merge entity $(bone_right_leg2) { transformation: [-1f,4.7118299167703426e-18f,1.2237400249012861e-16f,-1f,0f,0.9992595626374083f,-0.03847501108116154f,-2.5734590622541376f,-1.2246467991473532e-16f,-0.03847501108116154f,-0.9992595626374083f,-0.3819607848950205f,0f,0f,0f,1f], start_interpolation: 0, interpolation_duration: 1 }
$data merge entity $(bone_right_leg1) { transformation: [-1.3333333333333333f,6.2824398890271234e-18f,1.6316533665350482e-16f,-0.625f,0f,1.3323460835165444f,-0.05130001477488205f,-1.125f,-1.6328623988631375e-16f,-0.05130001477488205f,-1.3323460835165444f,-0.12500000000000008f,0f,0f,0f,1f], start_interpolation: 0, interpolation_duration: 1 }
$data merge entity $(bone_left_leg2) { transformation: [-1f,-4.7118299167703426e-18f,1.2237400249012861e-16f,1f,0f,0.9992595626374083f,0.03847501108116154f,-2.5494121803284115f,-1.2246467991473532e-16f,0.03847501108116154f,-0.9992595626374083f,-0.4925764417533597f,0f,0f,0f,1f], start_interpolation: 0, interpolation_duration: 1 }
$data merge entity $(bone_left_leg1) { transformation: [-1.3333333333333333f,-6.2824398890271234e-18f,1.6316533665350482e-16f,0.625f,0f,1.3323460835165444f,0.05130001477488205f,-1.125f,-1.6328623988631375e-16f,0.05130001477488205f,-1.3323460835165444f,-0.12499999999999993f,0f,0f,0f,1f], start_interpolation: 0, interpolation_duration: 1 }
$data merge entity $(bone_tail3) { transformation: [-0.9965256775128444f,-0.00022622419424325337f,0.08328579038575837f,0.19323568718915524f,0.0003084325402308413f,0.9999794298273219f,0.006406620918426216f,-0.5437150781676121f,-0.08328552651532359f,0.006410050299196458f,-0.9965051090326768f,-3.7980603589242206f,0f,0f,0f,1f], start_interpolation: 0, interpolation_duration: 1 }
$data merge entity $(bone_tail2) { transformation: [-1.5363104194989683f,-0.0003487622994583489f,0.1283989268447108f,-0.08744846243682664f,0.00047550016618921366f,1.541634954317121f,0.009876873915907082f,-0.7431850814147553f,-0.12839852004445718f,0.009882160877927872f,-1.5362787097587098f,-1.9412258547334664f,0f,0f,0f,1f], start_interpolation: 0, interpolation_duration: 1 }
$data merge entity $(bone_tail1) { transformation: [-0.9993778146729876f,-0.00022622419424325337f,0.03526942531510277f,1.1102230246251565e-16f,1.3552527156068805e-20f,0.9999794298273219f,0.0064140410214068334f,-0.75f,-0.03527015082819569f,0.006410050299196458f,-0.999357257298769f,-0.875f,0f,0f,0f,1f], start_interpolation: 0, interpolation_duration: 1 }
data modify entity @s data merge value {"locators":{"hitbox_head":{"posx":0.016446265203693685,"posy":0,"posz":3.315654309443216,"roty":359.63250000000005,"rotx":0},"hitbox_neck":{"posx":0.010032224182286942,"posy":-0.8125,"posz":2.315674879615894,"roty":359.63250000000005,"rotx":0},"hitbox_right_arm":{"posx":-0.923840593206286,"posy":-2.875,"posz":2.8841764723513315,"roty":359.63250000000005,"rotx":0},"hitbox_left_arm":{"posx":0.9511208377199424,"posy":-2.875,"posz":2.8721501454361937,"roty":359.63250000000005,"rotx":0},"hitbox_tail1":{"posx":0.09454589628817023,"posy":-1.4888036559713576,"posz":-2.6207199641034133,"roty":4.777556610271063,"rotx":0.36707485068037654},"hitbox_tail2":{"posx":0.2403808635360886,"posy":-1.8525843555493573,"posz":-4.367007673772797,"roty":4.777556610271063,"rotx":0.36707485068037654}},"cameras":{}}