# This file was generated by Animated Java via MC-Build. It is not recommended to edit this file directly.
$data merge entity $(bone_jaw) { transformation: [-0.9999912270311376f,-0.000035091413660773854f,-0.004188630963974245f,0.010476331372940524f,0f,0.9999649082784806f,-0.008377482414770621f,0.625f,0.0041887779554037625f,-0.008377408919378252f,-0.9999561356174769f,3.252072456555546f,0f,0f,0f,1f], start_interpolation: 0, interpolation_duration: 1 }
$data merge entity $(bone_head) { transformation: [-1.1249901304100298f,0f,-0.004712375199829233f,0.009429136884089584f,0f,1.125f,0f,0.625f,0.004712375199829233f,0f,-1.1249901304100298f,3.0020746497977613f,0f,0f,0f,1f], start_interpolation: 0, interpolation_duration: 1 }
$data merge entity $(bone_neck) { transformation: [-0.9999912270311376f,0f,-0.0041887779554037625f,0.5060213683108928f,0f,1f,0f,-0.4375f,0.0041887779554037625f,0f,-0.9999912270311376f,2.18748738885726f,0f,0f,0f,1f], start_interpolation: 0, interpolation_duration: 1 }
$data merge entity $(bone_right_arm2) { transformation: [-0.9999912270311376f,0f,-0.0041887779554037625f,-0.8681811729902831f,0f,1f,0f,-1.875f,0.0041887779554037625f,0f,-0.9999912270311376f,2.3807453136142787f,0f,0f,0f,1f], start_interpolation: 0, interpolation_duration: 1 }
$data merge entity $(bone_right_arm1) { transformation: [-1.135406705691604f,0f,-0.0047560083035313545f,-0.5585636993873927f,0f,1.1354166666666665f,0f,-0.5625f,0.0047560083035313545f,0f,-1.135406705691604f,1.691942351919308f,0f,0f,0f,1f], start_interpolation: 0, interpolation_duration: 1 }
$data merge entity $(bone_left_arm2) { transformation: [-0.9999912270311376f,0f,-0.0041887779554037625f,0.8818034743142076f,0f,1f,0f,-1.875f,0.0041887779554037625f,0f,-0.9999912270311376f,2.3734149521923222f,0f,0f,0f,1f], start_interpolation: 0, interpolation_duration: 1 }
$data merge entity $(bone_left_arm1) { transformation: [-1.135406705691604f,0f,-0.0047560083035313545f,0.566426431022637f,0f,1.1354166666666665f,0f,-0.5625f,0.0047560083035313545f,0f,-1.135406705691604f,1.6872299767194787f,0f,0f,0f,1f], start_interpolation: 0, interpolation_duration: 1 }
$data merge entity $(bone_body2) { transformation: [-1.5833194427993014f,0f,-0.006632231762722624f,0.4999999999999999f,0f,1.5833333333333335f,0f,-0.5f,0.006632231762722624f,0f,-1.5833194427993014f,0.75f,0f,0f,0f,1f], start_interpolation: 0, interpolation_duration: 1 }
$data merge entity $(bone_right_leg2) { transformation: [-1f,3.0775490946950753e-18f,1.22426004256401e-16f,-1f,0f,0.9996841892832999f,-0.025130095443337497f,-2.569899176920787f,-1.2246467991473532e-16f,-0.025130095443337497f,-0.9996841892832999f,-0.40127679695123375f,0f,0f,0f,1f], start_interpolation: 0, interpolation_duration: 1 }
$data merge entity $(bone_right_leg1) { transformation: [-1.3333333333333333f,4.103398792926767e-18f,1.63234672341868e-16f,-0.625f,0f,1.3329122523777333f,-0.033506793924449996f,-1.125f,-1.6328623988631375e-16f,-0.033506793924449996f,-1.3329122523777333f,-0.12500000000000008f,0f,0f,0f,1f], start_interpolation: 0, interpolation_duration: 1 }
$data merge entity $(bone_left_leg2) { transformation: [-1f,-3.0775490946950753e-18f,1.22426004256401e-16f,1f,0f,0.9996841892832999f,0.025130095443337497f,-2.554192867268701f,-1.2246467991473532e-16f,0.025130095443337497f,-0.9996841892832999f,-0.4735258213508288f,0f,0f,0f,1f], start_interpolation: 0, interpolation_duration: 1 }
$data merge entity $(bone_left_leg1) { transformation: [-1.3333333333333333f,-4.103398792926767e-18f,1.63234672341868e-16f,0.625f,0f,1.3329122523777333f,0.033506793924449996f,-1.125f,-1.6328623988631375e-16f,0.033506793924449996f,-1.3329122523777333f,-0.12499999999999993f,0f,0f,0f,1f], start_interpolation: 0, interpolation_duration: 1 }
$data merge entity $(bone_tail3) { transformation: [-0.9985177387734343f,-0.00009649397991013554f,0.05442716273791739f,0.126356588950299f,0.0001315726951889663f,0.9999912270311376f,0.004186711046341538f,-0.5502174317290534f,-0.054427089242525026f,0.0041876663753836274f,-0.9985089661124306f,-3.804704000934513f,0f,0f,0f,1f], start_interpolation: 0, interpolation_duration: 1 }
$data merge entity $(bone_tail2) { transformation: [-1.5393815139423777f,-0.00014876155236145895f,0.0839085425542893f,-0.10049096590874224f,0.00020284123841632305f,1.5416531416730037f,0.006454512863109871f,-0.7455494234223834f,-0.08390842924889275f,0.006455985662049758f,-1.5393679894233303f,-1.9400882630744058f,0f,0f,0f,1f], start_interpolation: 0, interpolation_duration: 1 }
$data merge entity $(bone_tail1) { transformation: [-0.9997346290416701f,-0.00009649397991013554f,0.023036106090791927f,1.1102230246251565e-16f,0f,0.9999912270311376f,0.004188777955403885f,-0.75f,-0.023036308187606363f,0.0041876663753836274f,-0.9997258584008989f,-0.875f,0f,0f,0f,1f], start_interpolation: 0, interpolation_duration: 1 }
data modify entity @s data merge value {"locators":{"hitbox_head":{"posx":0.01073812999515326,"posy":0,"posz":3.314571908244992,"roty":359.76,"rotx":0},"hitbox_neck":{"posx":0.00654935203974949,"posy":-0.8125,"posz":2.314580681213854,"roty":359.76,"rotx":0},"hitbox_right_arm":{"posx":-0.9285862357020273,"posy":-2.875,"posz":2.8810027257520603,"roty":359.76,"rotx":0},"hitbox_left_arm":{"posx":0.9463973149813556,"posy":-2.875,"posz":2.873148767085678,"roty":359.76,"rotx":0},"hitbox_tail1":{"posx":0.06181479630518785,"posy":-1.4926809264382754,"posz":-2.622900540902924,"roty":3.1200157810940254,"rotx":0.23988157379565364},"hitbox_tail2":{"posx":0.1570985163390096,"posy":-1.8603508922438543,"posz":-4.371861606490446,"roty":3.1200157810940254,"rotx":0.23988157379565364}},"cameras":{}}