# This file was generated by Animated Java via MC-Build. It is not recommended to edit this file directly.
$data merge entity $(bone_jaw) { transformation: [-0.9999939646395763f,-0.00002414122314163488f,-0.0034742051786118343f,0.00868874031197509f,0f,0.9999758586311565f,-0.006948536168237595f,0.625f,0.0034742890527053247f,-0.006948494231317403f,-0.9999698234164347f,3.2517220561252937f,0f,0f,0f,1f], start_interpolation: 0, interpolation_duration: 1 }
$data merge entity $(bone_head) { transformation: [-1.1249932102195235f,0f,-0.00390857518429349f,0.007820168048798759f,0f,1.125f,0f,0.625f,0.00390857518429349f,0f,-1.1249932102195235f,3.0017235649653995f,0f,0f,0f,1f], start_interpolation: 0, interpolation_duration: 1 }
$data merge entity $(bone_neck) { transformation: [-0.9999939646395763f,0f,-0.0034742890527053247f,0.5049942905132638f,0f,1f,0f,-0.4375f,0.0034742890527053247f,0f,-0.9999939646395763f,2.187491324169391f,0f,0f,0f,1f], start_interpolation: 0, interpolation_duration: 1 }
$data merge entity $(bone_right_arm2) { transformation: [-0.9999939646395763f,0f,-0.0034742890527053247f,-0.8693459816687713f,0f,1f,0f,-1.875f,0.0034742890527053247f,0f,-0.9999939646395763f,2.379767339986781f,0f,0f,0f,1f], start_interpolation: 0, interpolation_duration: 1 }
$data merge entity $(bone_right_arm1) { transformation: [-1.1354098140178521f,0f,-0.00394476569525917f,-0.5592364414426386f,0f,1.1354166666666665f,0f,-0.5625f,0.00394476569525917f,0f,-1.1354098140178521f,1.6911857739681022f,0f,0f,0f,1f], start_interpolation: 0, interpolation_duration: 1 }
$data merge entity $(bone_left_arm2) { transformation: [-0.9999939646395763f,0f,-0.0034742890527053247f,0.8806434564504871f,0f,1f,0f,-1.875f,0.0034742890527053247f,0f,-0.9999939646395763f,2.373687334144547f,0f,0f,0f,1f], start_interpolation: 0, interpolation_duration: 1 }
$data merge entity $(bone_left_arm1) { transformation: [-1.1354098140178521f,0f,-0.00394476569525917f,0.5657567687768846f,0f,1.1354166666666665f,0f,-0.5625f,0.00394476569525917f,0f,-1.1354098140178521f,1.6872771987838087f,0f,0f,0f,1f], start_interpolation: 0, interpolation_duration: 1 }
$data merge entity $(bone_body2) { transformation: [-1.583323777345996f,0f,-0.005500957666783431f,0.4999999999999999f,0f,1.5833333333333335f,0f,-0.5f,0.005500957666783431f,0f,-1.583323777345996f,0.75f,0f,0f,0f,1f], start_interpolation: 0, interpolation_duration: 1 }
$data merge entity $(bone_right_leg2) { transformation: [-1f,2.552686430308978e-18f,1.224380725861327e-16f,-1f,0f,0.9997827346740206f,-0.020844266543514896f,-2.568701514388753f,-1.2246467991473532e-16f,-0.020844266543514896f,-0.9997827346740206f,-0.40746847142932885f,0f,0f,0f,1f], start_interpolation: 0, interpolation_duration: 1 }
$data merge entity $(bone_right_leg1) { transformation: [-1.3333333333333333f,3.4035819070786373e-18f,1.6325076344817691e-16f,-0.625f,0f,1.3330436462320274f,-0.027792355391353194f,-1.125f,-1.6328623988631375e-16f,-0.027792355391353194f,-1.3330436462320274f,-0.12500000000000008f,0f,0f,0f,1f], start_interpolation: 0, interpolation_duration: 1 }
$data merge entity $(bone_left_leg2) { transformation: [-1f,-2.552686430308978e-18f,1.224380725861327e-16f,1f,0f,0.9997827346740206f,0.020844266543514896f,-2.5556738477990564f,-1.2246467991473532e-16f,0.020844266543514896f,-0.9997827346740206f,-0.467395737741934f,0f,0f,0f,1f], start_interpolation: 0, interpolation_duration: 1 }
$data merge entity $(bone_left_leg1) { transformation: [-1.3333333333333333f,-3.4035819070786373e-18f,1.6325076344817691e-16f,0.625f,0f,1.3330436462320274f,0.027792355391353194f,-1.125f,-1.6328623988631375e-16f,0.027792355391353194f,-1.3330436462320274f,-0.12499999999999993f,0f,0f,0f,1f], start_interpolation: 0, interpolation_duration: 1 }
$data merge entity $(bone_tail3) { transformation: [-0.9989801994473715f,-0.00006638485775033392f,0.045150378792882515f,0.10484141796662257f,0.00009052007094558152f,0.9999939646395763f,0.0034731096352555468f,-0.5523089339543439f,-0.045150336855962314f,0.003473654771621725f,-0.9989741642326495f,-3.806469502781888f,0f,0f,0f,1f], start_interpolation: 0, interpolation_duration: 1 }
$data merge entity $(bone_tail2) { transformation: [-1.540094474148031f,-0.00010234332236509811f,0.06960683397236053f,-0.10467562004012541f,0.00013955177604110482f,1.5416573621526801f,0.0053543773543523005f,-0.7463085678815005f,-0.06960676931960856f,0.005355217772916826f,-1.540085169858668f,-1.9396880472223446f,0f,0f,0f,1f], start_interpolation: 0, interpolation_duration: 1 }
$data merge entity $(bone_tail1) { transformation: [-0.9998174357187616f,-0.00006638485775033392f,0.019107350046794983f,1.1102230246251565e-16f,-6.776263578034403e-21f,0.9999939646395763f,0.0034742890527054465f,-0.75f,-0.019107465367235257f,0.003473654771621725f,-0.9998114014601791f,-0.875f,0f,0f,0f,1f], start_interpolation: 0, interpolation_duration: 1 }
data modify entity @s data merge value {"locators":{"hitbox_head":{"posx":0.008905883377769173,"posy":0,"posz":3.314221678915267,"roty":359.80093750000003,"rotx":0},"hitbox_neck":{"posx":0.005431594325063849,"posy":-0.8125,"posz":2.314227714275691,"roty":359.80093750000003,"rotx":0},"hitbox_right_arm":{"posx":-0.9301084599323921,"posy":-2.875,"posz":2.8799814653723637,"roty":359.80093750000003,"rotx":0},"hitbox_left_arm":{"posx":0.9448802237668134,"posy":-2.875,"posz":2.873467173398541,"roty":359.80093750000003,"rotx":0},"hitbox_tail1":{"posx":0.0512875789542155,"posy":-1.4939275934958127,"posz":-2.623444234104012,"roty":2.5878215065806955,"rotx":0.1989949239501288},"hitbox_tail2":{"posx":0.1303256361634163,"posy":-1.8628473883739567,"posz":-4.372951642050507,"roty":2.5878215065806955,"rotx":0.1989949239501288}},"cameras":{}}