# This file was generated by Animated Java via MC-Build. It is not recommended to edit this file directly.
$data merge entity $(bone_jaw) { transformation: [-0.9473598447577828f,0.12722188858337882f,-0.2938093184461445f,1.3624709284941563f,0.01725212494313891f,0.9366153171711463f,0.34993443932448154f,0.09261291026928836f,0.3197056282355003f,0.3264450010425513f,-0.8895065893903613f,3.3075007122403686f,0f,0f,0f,1f], start_interpolation: 0, interpolation_duration: 1 }
$data merge entity $(bone_head) { transformation: [-1.0657798253525057f,0.09233173074346902f,-0.34815688327174865f,1.2851027322115456f,0.019408640561031275f,1.1005514149232765f,0.2324540552065009f,0.14426936698184412f,0.35966883176493786f,0.21421119160372976f,-1.044211136144676f,3.075453793097107f,0f,0f,0f,1f], start_interpolation: 0, interpolation_duration: 1 }
$data merge entity $(bone_neck) { transformation: [-0.9473598447577828f,0.08207264954975024f,-0.30947278513044324f,1.4201338265253423f,0.01725212494313891f,0.9782679243762457f,0.20662582685022302f,-0.7358828808236803f,0.3197056282355003f,0.19040994809220424f,-0.9281876765730454f,1.9591379219157905f,0f,0f,0f,1f], start_interpolation: 0, interpolation_duration: 1 }
$data merge entity $(bone_right_arm2) { transformation: [-0.9473598447577828f,0.08207264954975024f,-0.30947278513044324f,0.05756075346758316f,0.01725212494313891f,0.9782679243762457f,0.20662582685022302f,-2.157163692852134f,0.3197056282355003f,0.19040994809220424f,-0.9281876765730454f,2.299054049714506f,0f,0f,0f,1f], start_interpolation: 0, interpolation_duration: 1 }
$data merge entity $(bone_right_arm1) { transformation: [-1.0756481570687324f,0.09318665417627892f,-0.35138055811685737f,0.24856851771125776f,0.019588350195855635f,1.1107417058021953f,0.23460640756952403f,-0.7365230751935143f,0.3629990987257243f,0.21619462856302354f,-1.0538797577756451f,1.8109300701179616f,0f,0f,0f,1f], start_interpolation: 0, interpolation_duration: 1 }
$data merge entity $(bone_left_arm2) { transformation: [-0.9473598447577828f,0.08207264954975024f,-0.30947278513044324f,1.7154404817937032f,0.01725212494313891f,0.9782679243762457f,0.20662582685022302f,-2.187354911502627f,0.3197056282355003f,0.19040994809220424f,-0.9281876765730454f,1.7395692003023804f,0f,0f,0f,1f], start_interpolation: 0, interpolation_duration: 1 }
$data merge entity $(bone_left_arm1) { transformation: [-1.0756481570687324f,0.09318665417627892f,-0.35138055811685737f,1.3143483430637635f,0.019588350195855635f,1.1107417058021953f,0.23460640756952403f,-0.7559317157545457f,0.3629990987257243f,0.21619462856302354f,-1.0538797577756451f,1.4512612383530237f,0f,0f,0f,1f], start_interpolation: 0, interpolation_duration: 1 }
$data merge entity $(bone_body2) { transformation: [-1.4999864208664895f,0.12994836178710456f,-0.48999857645653516f,0.9701371573034708f,0.02731586449330328f,1.5489242135957224f,0.32715755917951983f,-0.5f,0.5062005780395422f,0.3014824178126567f,-1.4696304879073219f,0.6129675150862752f,0f,0f,0f,1f], start_interpolation: 0, interpolation_duration: 1 }
$data merge entity $(bone_right_leg2) { transformation: [-0.9115581650100607f,0.07618450595654229f,-0.4040515225260866f,-0.9672244304774366f,0f,0.9826845240934119f,0.18528660531000218f,-2.5319971044141782f,0.41117114660867327f,0.16889951793732894f,-0.8957741015663753f,0.242188586441158f,0f,0f,0f,1f], start_interpolation: 0, interpolation_duration: 1 }
$data merge entity $(bone_right_leg1) { transformation: [-1.2154108866800808f,0.045001627104714004f,-0.546378081437429f,-0.44881537653949655f,0f,1.3288337130266514f,0.10944743442210382f,-1.125f,0.548228195478231f,0.09976770248687189f,-1.21130922105008f,0.4794620593901768f,0f,0f,0f,1f], start_interpolation: 0, interpolation_duration: 1 }
$data merge entity $(bone_left_leg2) { transformation: [-0.4420538743300223f,-0.6887536103566022f,-0.5746362644408747f,1.974171062181841f,0f,0.6406283506968249f,-0.7678511029382363f,-1.7295135176241887f,0.8969885017043513f,-0.33943155496242816f,-0.2831922444311837f,0.06431795199498705f,0f,0f,0f,1f], start_interpolation: 0, interpolation_duration: 1 }
$data merge entity $(bone_left_leg1) { transformation: [-0.589405165773363f,-1.169855219428836f,-0.24863244742503376f,0.6054239307266107f,0f,0.2771857687725226f,-1.3042031388429347f,-1.125f,1.195984668939135f,-0.5765280504388953f,-0.12253104299503932f,-0.19216245104335292f,0f,0f,0f,1f], start_interpolation: 0, interpolation_duration: 1 }
$data merge entity $(bone_tail3) { transformation: [0.11572093600336236f,0.3620698725761143f,-0.9249400371609082f,-2.9063931403419607f,-0.25840741207650897f,0.9101059706849957f,0.32393322075304815f,0.50059463973033f,0.9590799103069707f,0.20152550582057382f,0.1988798535531815f,-0.551561239650503f,0f,0f,0f,1f], start_interpolation: 0, interpolation_duration: 1 }
$data merge entity $(bone_tail2) { transformation: [0.1784031096718503f,0.5581910535548428f,-1.4259492239564f,-1.225553554772859f,-0.3983780936179513f,1.4030800381393682f,0.4993970486609492f,-0.30972594519463564f,1.478581528389913f,0.31068515480671793f,0.30660644089448813f,-0.8423620086157044f,0f,0f,0f,1f], start_interpolation: 0, interpolation_duration: 1 }
$data merge entity $(bone_tail1) { transformation: [-0.4863353804234907f,0.3620698725761143f,-0.7952253172032786f,-0.31983473269143925f,1.3877787807814457e-17f,0.9101059706849957f,0.4143755809932841f,-0.75f,0.8737722230354652f,0.20152550582057382f,-0.44261673347877756f,-0.48130325717393646f,0f,0f,0f,1f], start_interpolation: 0, interpolation_duration: 1 }
data modify entity @s data merge value {"locators":{"hitbox_head":{"posx":1.3305175715962152,"posy":-0.5317186566440042,"posz":3.2465062244685563,"roty":341.5607794350953,"rotx":11.924689986319459},"hitbox_neck":{"posx":0.9543607587065999,"posy":-1.1199355183494808,"posz":2.1636104650705947,"roty":341.5607794350953,"rotx":11.924689986319459},"hitbox_right_arm":{"posx":0.0710145061856931,"posy":-3.237666272844545,"posz":2.5927195416735436,"roty":341.5607794350953,"rotx":11.924689986319459},"hitbox_left_arm":{"posx":1.847314215106536,"posy":-3.2700140071129304,"posz":1.99327148873198,"roty":341.5607794350953,"rotx":11.924689986319459},"hitbox_tail1":{"posx":-2.1474673517534897,"posy":-0.7373004074310983,"posz":-0.9766612274516939,"roty":257.8650691455462,"rotx":18.900957019661874},"hitbox_tail2":{"posx":-3.9018886190011215,"posy":-0.5117070101201373,"posz":-0.7041935484163415,"roty":257.8650691455462,"rotx":18.900957019661874}},"cameras":{}}