# This file was generated by Animated Java via MC-Build. It is not recommended to edit this file directly.
$data merge entity $(bone_jaw) { transformation: [-0.9478011792152513f,0.1268565700621324f,-0.292541168573332f,1.3588594090818735f,0.017605409644895462f,0.9368741101801348f,0.3492233543527926f,0.09341048754548942f,0.3183755239169852f,0.3258439999543524f,-0.8902037482870612f,3.3078485893163334f,0f,0f,0f,1f], start_interpolation: 0, interpolation_duration: 1 }
$data merge entity $(bone_head) { transformation: [-1.0662763266171578f,0.09231918923439175f,-0.3466366434682365f,1.28182904386671f,0.019806085850507395f,1.100598815598444f,0.23219596479393112f,0.14500959083302967f,0.3581724644066083f,0.21397292913452098f,-1.0447741724116701f,3.075676551002629f,0f,0f,0f,1f], start_interpolation: 0, interpolation_duration: 1 }
$data merge entity $(bone_neck) { transformation: [-0.9478011792152513f,0.08206150154168156f,-0.3081214608606547f,1.4181906011370171f,0.017605409644895462f,0.9783100583097281f,0.206396413150161f,-0.7355504652589984f,0.3183755239169852f,0.1901981592306853f,-0.9286881532548179f,1.9598441203419938f,0f,0f,0f,1f], start_interpolation: 0, interpolation_duration: 1 }
$data merge entity $(bone_right_arm2) { transformation: [-0.9478011792152513f,0.08206150154168156f,-0.3081214608606547f,0.05477334516125196f,0.017605409644895462f,0.9783100583097281f,0.206396413150161f,-2.1563630632831563f,0.3183755239169852f,0.1901981592306853f,-0.9286881532548179f,2.2983296405690163f,0f,0f,0f,1f], start_interpolation: 0, interpolation_duration: 1 }
$data merge entity $(bone_right_arm1) { transformation: [-1.0761492555673164f,0.09317399654211758f,-0.34984624201886827f,0.24683343009777492f,0.019989475534308385f,1.1107895453725036f,0.23434592743091193f,-0.7359352682249325f,0.36148887611407693f,0.21595415995984057f,-1.0544480073414078f,1.8099992679725458f,0f,0f,0f,1f], start_interpolation: 0, interpolation_duration: 1 }
$data merge entity $(bone_left_arm2) { transformation: [-0.9478011792152513f,0.08206150154168156f,-0.3081214608606547f,1.713425408787942f,0.017605409644895462f,0.9783100583097281f,0.206396413150161f,-2.1871725301617237f,0.3183755239169852f,0.1901981592306853f,-0.9286881532548179f,1.7411724737142926f,0f,0f,0f,1f], start_interpolation: 0, interpolation_duration: 1 }
$data merge entity $(bone_left_arm1) { transformation: [-1.0761492555673164f,0.09317399654211758f,-0.34984624201886827f,1.3131097567149328f,0.019989475534308385f,1.1107895453725036f,0.23434592743091193f,-0.7557413540754399f,0.36148887611407693f,0.21595415995984057f,-1.0544480073414078f,1.4518268035659376f,0f,0f,0f,1f], start_interpolation: 0, interpolation_duration: 1 }
$data merge entity $(bone_body2) { transformation: [-1.500685200424148f,0.12993071077432913f,-0.4878589796960366f,0.9701371573034708f,0.02787523193775115f,1.5489909256570695f,0.3267943208210883f,-0.5f,0.5040945795352266f,0.3011470854485851f,-1.4704229093201284f,0.6129675150862752f,0f,0f,0f,1f], start_interpolation: 0, interpolation_duration: 1 }
$data merge entity $(bone_right_leg2) { transformation: [-0.8943567530430644f,0.10105545608646332f,-0.4357909970174054f,-1.0530924983355856f,-1.734723475976807e-18f,0.9741514880817275f,0.22589572432464478f,-2.4676734413312817f,0.44735444368673416f,0.2020313665333005f,-0.8712389618528433f,0.10964495592219498f,0f,0f,0f,1f], start_interpolation: 0, interpolation_duration: 1 }
$data merge entity $(bone_right_leg1) { transformation: [-1.1924756707240858f,0.12250463169444328f,-0.5837569423333041f,-0.44881537653949655f,-2.3129646346357427e-18f,1.3049092292957922f,0.2738424384138425f,-1.125f,0.5964725915823121f,0.24491283406519954f,-1.1670543813289123f,0.4794620593901768f,0f,0f,0f,1f], start_interpolation: 0, interpolation_duration: 1 }
$data merge entity $(bone_left_leg2) { transformation: [-0.26934005395322624f,-0.6095352788767422f,-0.7456022258155656f,1.9286284632777333f,-5.551115123125783e-17f,0.7742131675826317f,-0.6329249332595991f,-1.868938117639588f,0.9630451367077626f,-0.1704720356724826f,-0.2085266163280042f,-0.21148451509025723f,0f,0f,0f,1f], start_interpolation: 0, interpolation_duration: 1 }
$data merge entity $(bone_left_leg1) { transformation: [-0.35912007193763495f,-1.2204236328029228f,-0.3992201250004848f,0.6054239307266107f,-7.401486830834377e-17f,0.41453937077679115f,-1.2672548630223361f,-1.125f,1.2840601822770168f,-0.3413224931789244f,-0.11165205649075734f,-0.19216245104335292f,0f,0f,0f,1f], start_interpolation: 0, interpolation_duration: 1 }
$data merge entity $(bone_tail3) { transformation: [0.11623518175070713f,0.36270833373279043f,-0.9246253550298968f,-2.905487811629617f,-0.25894333989931034f,0.9098074058432628f,0.3243436927004173f,0.5020713516291041f,0.958873155972765f,0.20172542951629857f,0.19967253652241357f,-0.5494028909877562f,0f,0f,0f,1f], start_interpolation: 0, interpolation_duration: 1 }
$data merge entity $(bone_tail2) { transformation: [0.1791959051990068f,0.5591753478380519f,-1.4254640890044241f,-1.22529368580462f,-0.3992043156781034f,1.40261975067503f,0.5000298595798099f,-0.30902987826720396f,1.4782627821246792f,0.3109933705042936f,0.30782849380538757f,-0.8417532705049919f,0f,0f,0f,1f], start_interpolation: 0, interpolation_duration: 1 }
$data merge entity $(bone_tail1) { transformation: [-0.4860494130959321f,0.36270833373279043f,-0.7951091954378863f,-0.31973398901487426f,0f,0.9098074058432628f,0.41503070280733745f,-0.75f,0.8739313291266655f,0.20172542951629857f,-0.44221135564045033f,-0.48114512127784653f,0f,0f,0f,1f], start_interpolation: 0, interpolation_duration: 1 }
data modify entity @s data merge value {"locators":{"hitbox_head":{"posx":1.3268285619221136,"posy":-0.5309330747199756,"posz":3.247017749375581,"roty":341.64511541893137,"rotx":11.911255969243472},"hitbox_neck":{"posx":0.9520321310588427,"posy":-1.1194135839464687,"posz":2.1637935917458315,"roty":341.64511541893137,"rotx":11.911255969243472},"hitbox_right_arm":{"posx":0.06753500034894452,"posy":-3.2367709900651587,"posz":2.5923740282105516,"roty":341.64511541893137,"rotx":11.911255969243472},"hitbox_left_arm":{"posx":1.8446622113775408,"posy":-3.2697811331493383,"posz":1.9954199208662047,"roty":341.64511541893137,"rotx":11.911255969243472},"hitbox_tail1":{"posx":-2.1475342654061054,"posy":-0.7360312264307004,"posz":-0.9756316182796522,"roty":257.8141222020852,"rotx":18.925817559301308},"hitbox_tail2":{"posx":-3.9016442618582214,"posy":-0.5096075413961937,"posz":-0.7018517154340405,"roty":257.8141222020852,"rotx":18.925817559301308}},"cameras":{}}