# This file was generated by Animated Java via MC-Build. It is not recommended to edit this file directly.
$data merge entity $(bone_jaw) { transformation: [-0.22387030981317285f,0.5749311278315873f,-0.786979213597445f,3.3791159593824243f,-0.17729691213399534f,0.7699766742128391f,0.6129451248814086f,0.19932259944151512f,0.9583568695073377f,0.2767491994901419f,-0.07044140295068904f,1.8268019490370555f,0f,0f,0f,1f], start_interpolation: 0, interpolation_duration: 1 }
$data merge entity $(bone_head) { transformation: [-0.25185409853981944f,0.09318145939170039f,-1.0924796239172279f,3.1363427096230403f,-0.19945902615074476f,1.0983329997152975f,0.13966287489305312f,0.2303587938621936f,1.0781514781957549f,0.22495963496153926f,-0.22936336390600748f,1.7758323126134983f,0f,0f,0f,1f], start_interpolation: 0, interpolation_duration: 1 }
$data merge entity $(bone_neck) { transformation: [-0.22387030981317285f,0.08282796390373368f,-0.9710929990375359f,2.371260091163912f,-0.17729691213399534f,0.9762959997469312f,0.12414477768271388f,-0.617439617934718f,0.9583568695073377f,0.19996411996581268f,-0.20387854569422886f,0.9185406820195925f,0f,0f,0f,1f], start_interpolation: 0, interpolation_duration: 1 }
$data merge entity $(bone_right_arm2) { transformation: [-0.22387030981317285f,0.08282796390373368f,-0.9710929990375359f,2.12645315437872f,-0.17729691213399534f,0.9762959997469312f,0.12414477768271388f,-2.287925517570684f,0.9583568695073377f,0.19996411996581268f,-0.20387854569422886f,1.987060182458994f,0f,0f,0f,1f], start_interpolation: 0, interpolation_duration: 1 }
$data merge entity $(bone_right_arm1) { transformation: [-0.25418608093370665f,0.09404425068236427f,-1.1025951759905355f,1.637497891980681f,-0.20130586898547384f,1.1085027497126612f,0.14095604966058137f,-0.8657821982040975f,1.0881343622531228f,0.22704259454451645f,-0.231487098756989f,1.8098600680282977f,0f,0f,0f,1f], start_interpolation: 0, interpolation_duration: 1 }
$data merge entity $(bone_left_arm2) { transformation: [-0.22387030981317285f,0.08282796390373368f,-0.9710929990375359f,2.5182261965517725f,-0.17729691213399534f,0.9762959997469312f,0.12414477768271388f,-1.9776559213361922f,0.9583568695073377f,0.19996411996581268f,-0.20387854569422886f,0.3099356608211531f,0f,0f,0f,1f], start_interpolation: 0, interpolation_duration: 1 }
$data merge entity $(bone_left_arm1) { transformation: [-0.25418608093370665f,0.09404425068236427f,-1.1025951759905355f,1.8893519905205007f,-0.20130586898547384f,1.1085027497126612f,0.14095604966058137f,-0.6663231720533528f,1.0881343622531228f,0.22704259454451645f,-0.231487098756989f,0.7317085898325428f,0f,0f,0f,1f], start_interpolation: 0, interpolation_duration: 1 }
$data merge entity $(bone_body2) { transformation: [-0.35446132387085705f,0.13114427618091168f,-1.5375639151427654f,0.9701371573034708f,-0.280720110878826f,1.5458019995993078f,0.196562564664297f,-0.5f,1.5173983767199515f,0.31660985661253677f,-0.32280769734919573f,0.6129675150862752f,0f,0f,0f,1f], start_interpolation: 0, interpolation_duration: 1 }
$data merge entity $(bone_right_leg2) { transformation: [-0.8433914458128858f,-0.023436679747723455f,-0.536788218175523f,-0.42810809467468763f,0f,0.9990482215818577f,-0.04361938736533605f,-2.455683373233876f,0.5372996083468238f,-0.036788218175523135f,-0.8425887240367154f,1.209900604838516f,0f,0f,0f,1f], start_interpolation: 0, interpolation_duration: 1 }
$data merge entity $(bone_right_leg1) { transformation: [-1.1245219277505143f,-0.43611636984405117f,-0.5683579186921667f,-0.44881537653949655f,0f,1.0578044537216469f,-0.8116819053449609f,-1.125f,0.716399477795765f,-0.6845655756890445f,-0.8921432276116096f,0.4794620593901768f,0f,0f,0f,1f], start_interpolation: 0, interpolation_duration: 1 }
$data merge entity $(bone_left_leg2) { transformation: [-0.8433914458128858f,0.24809734904587277f,-0.4765905732660484f,0.36509200680809406f,0f,0.8870108331782218f,0.461748613235034f,-2.169469075747641f,0.5372996083468238f,0.38943483051839034f,-0.7480973490458729f,-1.2673426295029884f,0f,0f,0f,1f], start_interpolation: 0, interpolation_duration: 1 }
$data merge entity $(bone_left_leg1) { transformation: [-1.1245219277505143f,0.3849211588395337f,-0.6042051913577666f,0.6054239307266107f,0f,1.1245219277505143f,0.7163994777957652f,-1.125f,0.716399477795765f,0.6042051913577667f,-0.9484121744937998f,-0.19216245104335292f,0f,0f,0f,1f], start_interpolation: 0, interpolation_duration: 1 }
$data merge entity $(bone_tail3) { transformation: [-0.3430937857493778f,-0.0642579539007017f,-0.9371006186854511f,-2.98288321916034f,0.03335305878500261f,0.9961946980917455f,-0.08052140686538041f,-0.8109632409978981f,0.9387088087633162f,-0.058881566337787475f,-0.3396450109979014f,-1.982454428557674f,0f,0f,0f,1f], start_interpolation: 0, interpolation_duration: 1 }
$data merge entity $(bone_tail2) { transformation: [-0.5289362530302908f,-0.09906434559691511f,-1.4446967871400704f,-1.2566579159874096f,0.05141929896021235f,1.5358001595581077f,-0.12413716891746146f,-0.8426029766693868f,1.447176080176779f,-0.09077574810408902f,-0.523619391955098f,-1.2172411381528592f,0f,0f,0f,1f], start_interpolation: 0, interpolation_duration: 1 }
$data merge entity $(bone_tail1) { transformation: [-0.6755902076156604f,-0.0642579539007017f,-0.7344717739534476f,-0.3918328802099138f,1.734723475976807e-18f,0.9961946980917455f,-0.08715574274765818f,-0.75f,0.737277336810124f,-0.058881566337787475f,-0.6730193829094225f,-0.5943177109128632f,0f,0f,0f,1f], start_interpolation: 0, interpolation_duration: 1 }
data modify entity @s data merge value {"locators":{"hitbox_head":{"posx":3.3880417943824366,"posy":-0.4186214490054865,"posz":1.7145667831643119,"roty":281.85689801593844,"rotx":7.1313704647047205},"hitbox_neck":{"posx":2.349651074673117,"posy":-1.0877171711171543,"posz":1.3482173899978602,"roty":281.85689801593844,"rotx":7.1313704647047205},"hitbox_right_arm":{"posx":2.515179795630431,"posy":-3.337374963167347,"posz":1.9489326396845044,"roty":281.85689801593844,"rotx":7.1313704647047205},"hitbox_left_arm":{"posx":2.93493662653013,"posy":-3.0049432529161058,"posz":0.15201350935824623,"roty":281.85689801593844,"rotx":7.1313704647047205},"hitbox_tail1":{"posx":-1.8098344026894586,"posy":-1.6492765998062704,"posz":-1.5239245095559903,"roty":289.9226644122231,"rotx":-4.618536838526211},"hitbox_tail2":{"posx":-3.4256637526762352,"posy":-2.1637620736050907,"posz":-2.0962226914256474,"roty":289.9226644122231,"rotx":-4.618536838526211}},"cameras":{}}