# This file was generated by Animated Java via MC-Build. It is not recommended to edit this file directly.
$data merge entity $(bone_jaw) { transformation: [-0.18889520688037653f,0.5861418494686618f,-0.7878809130313262f,3.4166355904526693f,-0.17763390643939836f,0.7686939693542001f,0.6144556751805316f,0.22090397159671338f,0.9657974922832937f,0.25602209627284234f,-0.04108393992012718f,1.739631808114165f,0f,0f,0f,1f], start_interpolation: 0, interpolation_duration: 1 }
$data merge entity $(bone_head) { transformation: [-0.21250710774042358f,0.09191065155739797f,-1.1009169638488157f,3.1719873762640436f,-0.19983814474432315f,1.0994072438412181f,0.13035884356116245f,0.24987260349919393f,1.0865221788187054f,0.2201843416770395f,-0.19134631069164038f,1.697110405738245f,0f,0f,0f,1f], start_interpolation: 0, interpolation_duration: 1 }
$data merge entity $(bone_neck) { transformation: [-0.18889520688037653f,0.0816983569399093f,-0.9785928567545028f,2.384523779342545f,-0.17763390643939836f,0.977250883414416f,0.11587452760992219f,-0.6054914532258622f,0.9657974922832937f,0.19571941482403513f,-0.17008560950368035f,0.8680652236243205f,0f,0f,0f,1f], start_interpolation: 0, interpolation_duration: 1 }
$data merge entity $(bone_right_arm2) { transformation: [-0.18889520688037653f,0.0816983569399093f,-0.9785928567545028f,2.1908376424223768f,-0.17763390643939836f,0.977250883414416f,0.11587452760992219f,-2.276262693415118f,0.9657974922832937f,0.19571941482403513f,-0.17008560950368035f,1.9465811684862386f,0f,0f,0f,1f], start_interpolation: 0, interpolation_duration: 1 }
$data merge entity $(bone_right_arm1) { transformation: [-0.2144747661454275f,0.09276167610885534f,-1.1111106394400083f,1.684313899037405f,-0.2016884979364002f,1.1095869405434513f,0.13156586989043248f,-0.8584465754395638f,1.0965825693633229f,0.2222230855814565f,-0.19311803579063702f,1.7847173275704753f,0f,0f,0f,1f], start_interpolation: 0, interpolation_duration: 1 }
$data merge entity $(bone_left_arm2) { transformation: [-0.18889520688037653f,0.0816983569399093f,-0.9785928567545028f,2.521404254463036f,-0.17763390643939836f,0.977250883414416f,0.11587452760992219f,-1.9654033571461713f,0.9657974922832937f,0.19571941482403513f,-0.17008560950368035f,0.256435556990475f,0f,0f,0f,1f], start_interpolation: 0, interpolation_duration: 1 }
$data merge entity $(bone_left_arm1) { transformation: [-0.2144747661454275f,0.09276167610885534f,-1.1111106394400083f,1.8968210067778286f,-0.2016884979364002f,1.1095869405434513f,0.13156586989043248f,-0.6586084306952407f,1.0965825693633229f,0.2222230855814565f,-0.19311803579063702f,0.6981951487517701f,0f,0f,0f,1f], start_interpolation: 0, interpolation_duration: 1 }
$data merge entity $(bone_body2) { transformation: [-0.2990840775605962f,0.12935573182152307f,-1.5494386898612962f,0.972690400449203f,-0.2812536851957141f,1.547313898739492f,0.18346800204904348f,-0.5f,1.529179362781882f,0.309889073471389f,-0.2693022150474939f,0.6113346965362778f,0f,0f,0f,1f], start_interpolation: 0, interpolation_duration: 1 }
$data merge entity $(bone_right_leg2) { transformation: [-0.8415253674700317f,-0.03032167143427439f,-0.539365972365573f,-0.3966743811528852f,0f,0.9984235460914408f,-0.056128625586170044f,-2.43114635340797f,0.5402176005133748f,-0.04723366227198961f,-0.8401987415153318f,1.2548620429822515f,0f,0f,0f,1f], start_interpolation: 0, interpolation_duration: 1 }
$data merge entity $(bone_right_leg1) { transformation: [-1.1220338232933755f,-0.45967290131355854f,-0.5545436871531433f,-0.4467160384037857f,0f,1.0265191038317787f,-0.8509032302478229f,-1.125f,0.7202901340178329f,-0.7160566535157362f,-0.8638418660670452f,0.4827448005775466f,0f,0f,0f,1f], start_interpolation: 0, interpolation_duration: 1 }
$data merge entity $(bone_left_leg2) { transformation: [-0.8503902966974564f,0.24864786111480086f,-0.46369233813580185f,0.37071924282422314f,0f,0.8812890373738625f,0.4725776471699126f,-2.153560343317092f,0.5261523954928004f,0.40187544558940796f,-0.7494396459685748f,-1.2842113437411347f,0f,0f,0f,1f], start_interpolation: 0, interpolation_duration: 1 }
$data merge entity $(bone_left_leg1) { transformation: [-1.1338537289299417f,0.3859085136099676f,-0.5858567387107442f,0.605190670933754f,0f,1.1134734797929107f,0.7334538755611315f,-1.125f,0.7015365273237337f,0.62372205885233f,-0.9468870428458427f,-0.1925272000641718f,0f,0f,0f,1f], start_interpolation: 0, interpolation_duration: 1 }
$data merge entity $(bone_tail3) { transformation: [-0.5563913561701336f,-0.07659893955472372f,-0.8273821736285181f,-2.6893459518640963f,0.028565643367349226f,0.9933899357917111f,-0.11117751340423779f,-0.8977308767294009f,0.8304292039651356f,-0.08549291155898155f,-0.5505254755912747f,-2.449592770589426f,0f,0f,0f,1f], start_interpolation: 0, interpolation_duration: 1 }
$data merge entity $(bone_tail2) { transformation: [-0.8577700074289558f,-0.11809003181353238f,-1.2755475176772986f,-1.1931909946653811f,0.04403870019133005f,1.531476151012221f,-0.1713986664981999f,-0.8719629466364822f,1.280245022779584f,-0.1318015719867632f,-0.8487267748698818f,-1.297523932442835f,0f,0f,0f,1f], start_interpolation: 0, interpolation_duration: 1 }
$data merge entity $(bone_tail1) { transformation: [-0.7447853715945432f,-0.07659893955472372f,-0.6628931684048871f,-0.39576883178587074f,0f,0.9933899357917111f,-0.11478865565786567f,-0.75f,0.6673040912947996f,-0.08549291155898155f,-0.7398622924669089f,-0.5948332581085942f,0f,0f,0f,1f], start_interpolation: 0, interpolation_duration: 1 }
$data merge entity $(bone_body1) { transformation: [-1.1220338232933755f,0f,-0.7202901340178329f,0.5f,0f,1.3333333333333333f,0f,-1.1875f,0.7202901340178329f,0f,-1.1220338232933755f,-0.12499999999999994f,0f,0f,0f,1f], start_interpolation: 0, interpolation_duration: 1 }
data modify entity @s data merge value {"locators":{"hitbox_head":{"posx":3.4267361709123825,"posy":-0.39711998851291674,"posz":1.6279375244431231,"roty":279.85987076949675,"rotx":6.654069020942394},"hitbox_neck":{"posx":2.3817633991442033,"posy":-1.0752618036772077,"posz":1.2988298903949143,"roty":279.85987076949675,"rotx":6.654069020942394},"hitbox_right_arm":{"posx":2.5866297634296953,"posy":-3.3225529597869574,"posz":1.8962669016817495,"roty":279.85987076949675,"rotx":6.654069020942394},"hitbox_left_arm":{"posx":2.9408082763304018,"posy":-2.989489385213086,"posz":0.08539660365057417,"roty":279.85987076949675,"rotx":6.654069020942394},"hitbox_tail1":{"posx":-1.6350181148476777,"posy":-1.6970106443665975,"posz":-1.7156941637382421,"roty":303.63909228882295,"rotx":-6.383198498613476},"hitbox_tail2":{"posx":-3.0542123163645627,"posy":-2.2640925187459056,"posz":-2.647053904188355,"roty":303.63909228882295,"rotx":-6.383198498613476}},"cameras":{}}