# This file was generated by Animated Java via MC-Build. It is not recommended to edit this file directly.
$data merge entity $(bone_jaw) { transformation: [-0.08670809164945298f,0.6068766406441974f,-0.7900521817468286f,3.5348687633510356f,-0.1768499413605355f,0.7710669464243513f,0.6117024295951439f,0.2544271434322479f,0.9804110388420182f,0.19276023234121856f,0.04046835485257853f,1.465359525061241f,0f,0f,0f,1f], start_interpolation: 0, interpolation_duration: 1 }
$data merge entity $(bone_head) { transformation: [-0.0975466031056346f,0.10020573744657763f,-1.1162743705762215f,3.2868077921118752f,-0.19895618403060245f,1.1011498960820367f,0.11623400188628447f,0.2802569216292f,1.1029624186972704f,0.20749148546701204f,-0.07775722731785045f,1.44808014121283f,0f,0f,0f,1f], start_interpolation: 0, interpolation_duration: 1 }
$data merge entity $(bone_neck) { transformation: [-0.08670809164945298f,0.0890717666191801f,-0.9922438849566413f,2.429324929376452f,-0.1768499413605355f,0.9787999076284771f,0.10331911278780842f,-0.5873462304056948f,0.9804110388420182f,0.18443687597067737f,-0.06911753539364485f,0.7057524435656398f,0f,0f,0f,1f], start_interpolation: 0, interpolation_duration: 1 }
$data merge entity $(bone_right_arm2) { transformation: [-0.08670809164945298f,0.0890717666191801f,-0.9922438849566413f,2.3681063672727527f,-0.1768499413605355f,0.9787999076284771f,0.10331911278780842f,-2.256912100640081f,0.9804110388420182f,0.18443687597067737f,-0.06911753539364485f,1.8016491506518744f,0f,0f,0f,1f], start_interpolation: 0, interpolation_duration: 1 }
$data merge entity $(bone_right_arm1) { transformation: [-0.09844981239364972f,0.10113356834886074f,-1.126610244377853f,1.82994166869319f,-0.20079837091977465f,1.1113457284531667f,0.11731024264449079f,-0.8459397251609192f,1.113175033685208f,0.2094127029250399f,-0.07847720164486757f,1.689825795142127f,0f,0f,0f,1f], start_interpolation: 0, interpolation_duration: 1 }
$data merge entity $(bone_left_arm2) { transformation: [-0.08670809164945298f,0.0890717666191801f,-0.9922438849566413f,2.519845527659296f,-0.1768499413605355f,0.9787999076284771f,0.10331911278780842f,-1.947424703259144f,0.9804110388420182f,0.18443687597067737f,-0.06911753539364485f,0.08592983267834275f,0f,0f,0f,1f], start_interpolation: 0, interpolation_duration: 1 }
$data merge entity $(bone_left_arm1) { transformation: [-0.09844981239364972f,0.10113356834886074f,-1.126610244377853f,1.9274882717988246f,-0.20079837091977465f,1.1113457284531667f,0.11731024264449079f,-0.6469835411303168f,1.113175033685208f,0.2094127029250399f,-0.07847720164486757f,0.5868633764448565f,0f,0f,0f,1f], start_interpolation: 0, interpolation_duration: 1 }
$data merge entity $(bone_body2) { transformation: [-0.13728781177830057f,0.1410302971470352f,-1.5710528178480154f,0.9974073593375814f,-0.28001240715418124f,1.5497665204117557f,0.16358859524736336f,-0.5f,1.552317478166529f,0.29202505362023917f,-0.10943609770660435f,0.594868681689108f,0f,0f,0f,1f], start_interpolation: 0, interpolation_duration: 1 }
$data merge entity $(bone_right_leg2) { transformation: [-0.822707064787552f,-0.05137511648608439f,-0.5661392787598226f,-0.2864056007045485f,0f,0.9959077999460093f,-0.09037507403426842f,-2.367553203422982f,0.5684655535286645f,-0.07435221188869057f,-0.8193403828926098f,1.375563316839314f,0f,0f,0f,1f], start_interpolation: 0, interpolation_duration: 1 }
$data merge entity $(bone_right_leg1) { transformation: [-1.0969427530500693f,-0.5324787828381893f,-0.5394077494214122f,-0.4255454478859959f,0f,0.9488837908878027f,-0.936694896520831f,-1.125f,0.7579540713715526f,-0.7706255089181325f,-0.7806533984257894f,0.5145237477197475f,0f,0f,0f,1f], start_interpolation: 0, interpolation_duration: 1 }
$data merge entity $(bone_left_leg2) { transformation: [-0.844130812884512f,0.27553674101106074f,-0.45991594350700293f,0.3264466598003711f,0f,0.8578324441841494f,0.5139294676364143f,-2.0950196199233577f,0.5361372685599585f,0.4338236992812309f,-0.7241227984278739f,-1.3306757739315287f,0f,0f,0f,1f], start_interpolation: 0, interpolation_duration: 1 }
$data merge entity $(bone_left_leg1) { transformation: [-1.1255077505126825f,0.42502313548431103f,-0.5747742301258327f,0.602838383098444f,0f,1.0720654277022215f,0.7927505890905603f,-1.125f,0.7148496914132779f,0.6691851991836903f,-0.9049634609516584f,-0.196058194191083f,0f,0f,0f,1f], start_interpolation: 0, interpolation_duration: 1 }
$data merge entity $(bone_tail3) { transformation: [-0.9836939128233784f,-0.026256702700987667f,0.17792377985391267f,-0.36773831692006165f,-0.042597539267797586f,0.995151256315867f,-0.08865340772514138f,-0.8288132379241221f,-0.17473332688002055f,-0.09478693272927267f,-0.9800427041008042f,-3.391180054864704f,0f,0f,0f,1f], start_interpolation: 0, interpolation_duration: 1 }
$data merge entity $(bone_tail2) { transformation: [-1.5165281156027082f,-0.040479083330689315f,0.2742991606081153f,-0.819384011492635f,-0.06567120637118794f,1.534191520153628f,-0.1366740035762596f,-0.8545036514071818f,-0.26938054560669833f,-0.14612985462429537f,-1.510899168822073f,-1.55766910064896f,0f,0f,0f,1f], start_interpolation: 0, interpolation_duration: 1 }
$data merge entity $(bone_tail1) { transformation: [-0.9637090634512607f,-0.026256702700987667f,-0.26566035945388206f,-0.4166562466414776f,0f,0.995151256315867f,-0.09835637779499463f,-0.75f,0.26695475463436463f,-0.09478693272927267f,-0.9590362852165097f,-0.572062391935714f,0f,0f,0f,1f], start_interpolation: 0, interpolation_duration: 1 }
$data merge entity $(bone_body1) { transformation: [-1.0969427530500693f,0f,-0.7579540713715526f,0.5f,0f,1.3333333333333333f,0f,-1.1875f,0.7579540713715526f,0f,-1.0969427530500693f,-0.12499999999999994f,0f,0f,0f,1f], start_interpolation: 0, interpolation_duration: 1 }
data modify entity @s data merge value {"locators":{"hitbox_head":{"posx":3.541214152023838,"posy":-0.3637802433847883,"posz":1.3544063235416706,"roty":273.9846619992322,"rotx":5.930332083732134},"hitbox_neck":{"posx":2.4765994566891134,"posy":-1.0557360555451174,"posz":1.1354338264218504,"roty":273.9846619992322,"rotx":5.930332083732134},"hitbox_right_arm":{"posx":2.769737287403802,"posy":-3.298424685997496,"posz":1.7130467323056455,"roty":273.9846619992322,"rotx":5.930332083732134},"hitbox_left_arm":{"posx":2.9323149592465274,"posy":-2.966831045946492,"posz":-0.12522396552313833,"roty":273.9846619992322,"rotx":5.930332083732134},"hitbox_tail1":{"posx":-0.5544071467144069,"posy":-1.6564916190466419,"posz":-2.138516594311306,"roty":10.289803515192517,"rotx":-5.0861433601565045},"hitbox_tail2":{"posx":-0.23319426845718946,"posy":-2.1848168036840896,"posz":-3.818046226714236,"roty":10.289803515192517,"rotx":-5.0861433601565045}},"cameras":{}}