# This file was generated by Animated Java via MC-Build. It is not recommended to edit this file directly.
$data merge entity $(bone_jaw) { transformation: [-0.07427147958443381f,0.6052739078862822f,-0.7925447897452909f,3.549098933110151f,-0.17669965852743647f,0.7741769929939534f,0.6078052436390522f,0.25408898012292813f,0.9814585971892174f,0.18518498845994155f,0.04945242210918436f,1.4306853692862356f,0f,0f,0f,1f], start_interpolation: 0, interpolation_duration: 1 }
$data merge entity $(bone_head) { transformation: [-0.08355541453248803f,0.10303157287799658f,-1.1171517299331324f,3.30084299312501f,-0.19878711584336603f,1.1011602879993574f,0.11642466537572001f,0.27996112798419925f,1.1041409218378695f,0.20604736136009677f,-0.06357916010424686f,1.4165566670408474f,0f,0f,0f,1f], start_interpolation: 0, interpolation_duration: 1 }
$data merge entity $(bone_neck) { transformation: [-0.07427147958443381f,0.09158362033599696f,-0.9930237599405621f,2.4338393313585236f,-0.17669965852743647f,0.9788091448883177f,0.10348859144508445f,-0.587589278646789f,0.9814585971892174f,0.18315321009786378f,-0.056514808981552755f,0.685308800419747f,0f,0f,0f,1f], start_interpolation: 0, interpolation_duration: 1 }
$data merge entity $(bone_right_arm2) { transformation: [-0.07427147958443381f,0.09158362033599696f,-0.9930237599405621f,2.386256547685787f,-0.17669965852743647f,0.9788091448883177f,0.10348859144508445f,-2.2569935657949243f,0.9814585971892174f,0.18315321009786378f,-0.056514808981552755f,1.7821281587232827f,0f,0f,0f,1f], start_interpolation: 0, interpolation_duration: 1 }
$data merge entity $(bone_right_arm1) { transformation: [-0.08432907577815921f,0.1039855689231632f,-1.127495727432513f,1.8469660517877822f,-0.20062773728636013f,1.111356216591944f,0.11750267153660628f,-0.8459395132206877f,1.1143644488919238f,0.20795520729861613f,-0.06416785603113802f,1.676957004180281f,0f,0f,0f,1f], start_interpolation: 0, interpolation_duration: 1 }
$data merge entity $(bone_left_arm2) { transformation: [-0.07427147958443381f,0.09158362033599696f,-0.9930237599405621f,2.5162316369585462f,-0.17669965852743647f,0.9788091448883177f,0.10348859144508445f,-1.9477691633719103f,0.9814585971892174f,0.18315321009786378f,-0.056514808981552755f,0.06457561364215247f,0f,0f,0f,1f], start_interpolation: 0, interpolation_duration: 1 }
$data merge entity $(bone_left_arm1) { transformation: [-0.08432907577815921f,0.1039855689231632f,-1.127495727432513f,1.93052146632027f,-0.20062773728636013f,1.111356216591944f,0.11750267153660628f,-0.6471523973773218f,1.1143644488919238f,0.20795520729861613f,-0.06416785603113802f,0.5728160823424115f,0f,0f,0f,1f], start_interpolation: 0, interpolation_duration: 1 }
$data merge entity $(bone_body2) { transformation: [-0.1175965093420202f,0.14500739886532854f,-1.5722876199058902f,1.000643700172966f,-0.27977445933510775f,1.5497811460731699f,0.16385693645471705f,-0.5f,1.553976112216261f,0.28999258265495104f,-0.08948178088745853f,0.5926216868776484f,0f,0f,0f,1f], start_interpolation: 0, interpolation_duration: 1 }
$data merge entity $(bone_right_leg2) { transformation: [-0.8201390707173123f,-0.05512786658418828f,-0.5695022590023848f,-0.27147109708457295f,0f,0.9953475424836576f,-0.09634972585193724f,-2.3583879670393486f,0.5721642287691039f,-0.07902017462407562f,-0.8163234085333075f,1.3907997787061679f,0f,0f,0f,1f], start_interpolation: 0, interpolation_duration: 1 }
$data merge entity $(bone_right_leg1) { transformation: [-1.0935187609564163f,-0.5421695338232647f,-0.5366998172237303f,-0.4226564545569763f,0f,0.9380170766325813f,-0.9475767735246806f,-1.125f,0.7628856383588052f,-0.7771447344718406f,-0.7693044535464152f,0.518684757365242f,0f,0f,0f,1f], start_interpolation: 0, interpolation_duration: 1 }
$data merge entity $(bone_left_leg2) { transformation: [-0.8409892702227264f,0.2833399256073961f,-0.4609289901134897f,0.3131293745606204f,0f,0.8519128712016414f,0.5236835493702047f,-2.0814017459451892f,0.5410517973080269f,0.4404122460124956f,-0.7164495838452158f,-1.3394281278527473f,0f,0f,0f,1f], start_interpolation: 0, interpolation_duration: 1 }
$data merge entity $(bone_left_leg1) { transformation: [-1.121319026963635f,0.43599103734789396f,-0.5747462334799696f,0.602517383839664f,0f,1.0622758049036847f,0.8058212531908092f,-1.125f,0.7214023964107025f,0.6776870276509015f,-0.8933625539412091f,-0.19652052859613794f,0f,0f,0f,1f], start_interpolation: 0, interpolation_duration: 1 }
$data merge entity $(bone_tail3) { transformation: [-0.906622578089619f,-0.01471300355715852f,0.421685935767912f,0.18302494705743233f,-0.050173219049556225f,0.9960603906504057f,-0.07311871352510482f,-0.7882844510157103f,-0.4189488620205788f,-0.08744841738812739f,-0.9037890380547742f,-3.2504535552589857f,0f,0f,0f,1f], start_interpolation: 0, interpolation_duration: 1 }
$data merge entity $(bone_tail2) { transformation: [-1.3977098078881625f,-0.022682547150619382f,0.650099150975531f,-0.7182053166016379f,-0.07735037936806584f,1.5355931022527087f,-0.11272468335120325f,-0.8442198387842844f,-0.6458794956150589f,-0.1348163101400297f,-1.3933414336677767f,-1.591821138398583f,0f,0f,0f,1f], start_interpolation: 0, interpolation_duration: 1 }
$data merge entity $(bone_tail1) { transformation: [-0.9861399114427594f,-0.01471300355715852f,-0.16526222371126925f,-0.4193467149780694f,0f,0.9960603906504057f,-0.08867749532638537f,-0.75f,0.1659158674137785f,-0.08744841738812739f,-0.9822549054276316f,-0.5689147848084466f,0f,0f,0f,1f], start_interpolation: 0, interpolation_duration: 1 }
$data merge entity $(bone_body1) { transformation: [-1.0935187609564163f,0f,-0.7628856383588052f,0.5f,0f,1.3333333333333333f,0f,-1.1875f,0.7628856383588052f,0f,-1.0935187609564163f,-0.12499999999999994f,0f,0f,0f,1f], start_interpolation: 0, interpolation_duration: 1 }
data modify entity @s data merge value {"locators":{"hitbox_head":{"posx":3.5539231553964377,"posy":-0.3641347723975882,"posz":1.3197467885364178,"roty":273.2572945017366,"rotx":5.940094829170149},"hitbox_neck":{"posx":2.486487703932878,"posy":-1.055928611174262,"posz":1.114419996350351,"roty":273.2572945017366,"rotx":5.940094829170149},"hitbox_right_arm":{"posx":2.786542839846044,"posy":-3.298590735063749,"posz":1.6885735154405213,"roty":273.2572945017366,"rotx":5.940094829170149},"hitbox_left_arm":{"posx":2.9258018640668575,"posy":-2.9672788753248054,"posz":-0.151661354289261,"roty":273.2572945017366,"rotx":5.940094829170149},"hitbox_tail1":{"posx":-0.3039336608321271,"posy":-1.6352625949394037,"posz":-2.095221181267572,"roty":25.01260989238986,"rotx":-4.193135689690862},"hitbox_tail2":{"posx":0.4395341030956534,"posy":-2.1367429901022392,"posz":-3.644058841342879,"roty":25.01260989238986,"rotx":-4.193135689690862}},"cameras":{}}