# This file was generated by Animated Java via MC-Build. It is not recommended to edit this file directly.
$data merge entity $(bone_jaw) { transformation: [-0.07250782014781737f,0.6029388631068774f,-0.7944855841189304f,3.5508540431755464f,-0.1766899966343146f,0.7762172352426229f,0.6052003377408712f,0.2526460390923211f,0.9815922071342956f,0.18425941242629876f,0.05025144600444343f,1.4260466157056322f,0f,0f,0f,1f], start_interpolation: 0, interpolation_duration: 1 }
$data merge entity $(bone_head) { transformation: [-0.08157129766629453f,0.10403404098652119f,-1.1172054608320943f,3.302586162990637f,-0.1987762462136039f,1.1010962374540467f,0.11704734002005575f,0.2786565590967779f,1.1042912330260826f,0.20588587659321528f,-0.06145631359899394f,1.412389657128078f,0f,0f,0f,1f], start_interpolation: 0, interpolation_duration: 1 }
$data merge entity $(bone_neck) { transformation: [-0.07250782014781737f,0.09247470309912995f,-0.9930715207396393f,2.4337150904207627f,-0.1766899966343146f,0.9787522110702637f,0.10404208001782733f,-0.5883884768337353f,0.9815922071342956f,0.183009668082858f,-0.05462783431021684f,0.6827606658458425f,0f,0f,0f,1f], start_interpolation: 0, interpolation_duration: 1 }
$data merge entity $(bone_right_arm2) { transformation: [-0.07250782014781737f,0.09247470309912995f,-0.9930715207396393f,2.3872853621511974f,-0.1766899966343146f,0.9787522110702637f,0.10404208001782733f,-2.2578014156227644f,0.9815922071342956f,0.183009668082858f,-0.05462783431021684f,1.7796162717195565f,0f,0f,0f,1f], start_interpolation: 0, interpolation_duration: 1 }
$data merge entity $(bone_right_arm1) { transformation: [-0.08232658745950096f,0.10499731914380378f,-1.1275499558397988f,1.8485804332564961f,-0.200616767011878f,1.1112915729860284f,0.1181311116869081f,-0.8464445846325639f,1.114516151850398f,0.20779222730241168f,-0.06202535353972536f,1.675512260260566f,0f,0f,0f,1f], start_interpolation: 0, interpolation_duration: 1 }
$data merge entity $(bone_left_arm2) { transformation: [-0.07250782014781737f,0.09247470309912995f,-0.9930715207396393f,2.5141740474098775f,-0.1766899966343146f,0.9787522110702637f,0.10404208001782733f,-1.948593921512714f,0.9815922071342956f,0.183009668082858f,-0.05462783431021684f,0.061829909234538794f,0f,0f,0f,1f], start_interpolation: 0, interpolation_duration: 1 }
$data merge entity $(bone_left_arm1) { transformation: [-0.08232658745950096f,0.10499731914380378f,-1.1275499558397988f,1.9301517309227907f,-0.200616767011878f,1.1112915729860284f,0.1181311116869081f,-0.6476683384189599f,1.114516151850398f,0.20779222730241168f,-0.06202535353972536f,0.5712210272344833f,0f,0f,0f,1f], start_interpolation: 0, interpolation_duration: 1 }
$data merge entity $(bone_body2) { transformation: [-0.11480404856737751f,0.14641827990695577f,-1.5723632411710957f,1.0003951104138358f,-0.2797591613376648f,1.549691000861251f,0.16473329336155995f,-0.5f,1.5541876612959682f,0.28976530779785853f,-0.08649407099117667f,0.5927950497697272f,0f,0f,0f,1f], start_interpolation: 0, interpolation_duration: 1 }
$data merge entity $(bone_right_leg2) { transformation: [-0.8203371997368311f,-0.0563521088766884f,-0.5690969324755533f,-0.269537732892154f,0f,0.9951332568063811f,-0.09853832349865221f,-2.355582937121814f,0.5718801261872409f,-0.08083465236564635f,-0.8163448292535395f,1.394058857490339f,0f,0f,0f,1f], start_interpolation: 0, interpolation_duration: 1 }
$data merge entity $(bone_right_leg1) { transformation: [-1.0937829329824413f,-0.5437687667379666f,-0.5345392423521184f,-0.4228793497039349f,0f,0.9347050507174004f,-0.9508439650863645f,-1.125f,0.7625068349163212f,-0.7800126757056134f,-0.7667733238853849f,0.5183651419606461f,0f,0f,0f,1f], start_interpolation: 0, interpolation_duration: 1 }
$data merge entity $(bone_left_leg2) { transformation: [-0.8403412862003355f,0.2860847926992357f,-0.46041504546810935f,0.30917659077047643f,-1.734723475976807e-18f,0.849383869932711f,0.5277755597771951f,-2.0757451037305574f,0.5420576747055297f,0.44351159272827023f,-0.7137723337370728f,-1.3430921395998805f,0f,0f,0f,1f], start_interpolation: 0, interpolation_duration: 1 }
$data merge entity $(bone_left_leg1) { transformation: [-1.120455048267114f,0.43970379991994446f,-0.5736016308610694f,0.6025421499671039f,-2.3129646346357427e-18f,1.0581929887307209f,0.8111753055776056f,-1.125f,0.7227435662740396f,0.6816640996230353f,-0.8892432571981512f,-0.19648501577340505f,0f,0f,0f,1f], start_interpolation: 0, interpolation_duration: 1 }
$data merge entity $(bone_tail3) { transformation: [-0.8646912795849826f,-0.011197273288340567f,0.502178864629518f,0.3682346586942603f,-0.05305705450138083f,0.9961946980917455f,-0.0691452996344182f,-0.7788317757790459f,-0.4994936836210474f,-0.086433469008262f,-0.8619949625478531f,-3.173150606712201f,0f,0f,0f,1f], start_interpolation: 0, interpolation_duration: 1 }
$data merge entity $(bone_tail2) { transformation: [-1.3330657226935148f,-0.017262462986191707f,0.7741924163038402f,-0.679337633692645f,-0.08179629235629544f,1.5358001595581077f,-0.10659900360306139f,-0.8426029766693868f,-0.7700527622491147f,-0.1332515980544039f,-1.3289089005946069f,-1.6031404869485584f,0f,0f,0f,1f], start_interpolation: 0, interpolation_duration: 1 }
$data merge entity $(bone_tail1) { transformation: [-0.9917128382292906f,-0.011197273288340567f,-0.12798541933404511f,-0.4193890208715607f,-3.469446951953614e-18f,0.9961946980917455f,-0.08715574274765818f,-0.75f,0.12847430284381833f,-0.086433469008262f,-0.9879390714735361f,-0.5695145113634035f,0f,0f,0f,1f], start_interpolation: 0, interpolation_duration: 1 }
$data merge entity $(bone_body1) { transformation: [-1.0937829329824413f,0f,-0.7625068349163212f,0.5f,0f,1.3333333333333333f,0f,-1.1875f,0.7625068349163212f,0f,-1.0937829329824413f,-0.12499999999999994f,0f,0f,0f,1f], start_interpolation: 0, interpolation_duration: 1 }
data modify entity @s data merge value {"locators":{"hitbox_head":{"posx":3.555124323784818,"posy":-0.36557672282770803,"posz":1.3150798127982346,"roty":273.1486080793443,"rotx":5.971979508462335},"hitbox_neck":{"posx":2.486917106777135,"posy":-1.0567708143044698,"posz":1.1117566231706957,"roty":273.1486080793443,"rotx":5.971979508462335},"hitbox_right_arm":{"posx":2.7868146806626486,"posy":-3.2996177914915865,"posz":1.6852700337377005,"roty":273.1486080793443,"rotx":5.971979508462335},"hitbox_left_arm":{"posx":2.9227668434398058,"posy":-2.9683240478022466,"posz":-0.15521535463910427,"roty":273.1486080793443,"rotx":5.971979508462335},"hitbox_tail1":{"posx":-0.21760529934547312,"posy":-1.6306542619241857,"posz":-2.0685002114913797,"roty":30.224114995923486,"rotx":-3.964897543033453},"hitbox_tail2":{"posx":0.6654066912393112,"posy":-2.125231548068822,"posz":-3.5445788450720244,"roty":30.224114995923486,"rotx":-3.964897543033453}},"cameras":{}}