# This file was generated by Animated Java via MC-Build. It is not recommended to edit this file directly.
$data merge entity $(bone_jaw) { transformation: [-0.07415166108263616f,0.5994760162509901f,-0.7969504608810566f,3.548371289073422f,-0.17672773476244807f,0.7786022667949924f,0.602117777438462f,0.2504678161510346f,0.9814626018980142f,0.18549128303384513f,0.04820938699089935f,1.4312840888069005f,0f,0f,0f,1f], start_interpolation: 0, interpolation_duration: 1 }
$data merge entity $(bone_head) { transformation: [-0.08342061871796567f,0.10462394267517487f,-1.1170138007168102f,3.300146000025242f,-0.19881870160775408f,1.1009899695666476f,0.11797122871547508f,0.2766836447544735f,1.104145427135266f,0.2061550812682865f,-0.06315028268778822f,1.4172506926540587f,0f,0f,0f,1f], start_interpolation: 0, interpolation_duration: 1 }
$data merge entity $(bone_neck) { transformation: [-0.07415166108263616f,0.092999060155711f,-0.9929011561927201f,2.431678139744532f,-0.17672773476244807f,0.9786577507259091f,0.10486331441375563f,-0.5895749050494044f,0.9814626018980142f,0.18324896112736577f,-0.056133584611367304f,0.6862088330104896f,0f,0f,0f,1f], start_interpolation: 0, interpolation_duration: 1 }
$data merge entity $(bone_right_arm2) { transformation: [-0.07415166108263616f,0.092999060155711f,-0.9929011561927201f,2.382202423568208f,-0.17672773476244807f,0.9786577507259091f,0.10486331441375563f,-2.259057928468844f,0.9814626018980142f,0.18324896112736577f,-0.056133584611367304f,1.7828245761143022f,0f,0f,0f,1f], start_interpolation: 0, interpolation_duration: 1 }
$data merge entity $(bone_right_arm1) { transformation: [-0.08419303185424312f,0.10559268288513017f,-1.1273565210938175f,1.8448165392284073f,-0.20065961551152955f,1.1111843211367092f,0.11906355490728501f,-0.8472486848683662f,1.1143689959050367f,0.2080639246133632f,-0.06373500752748995f,1.6780399350805253f,0f,0f,0f,1f], start_interpolation: 0, interpolation_duration: 1 }
$data merge entity $(bone_left_arm2) { transformation: [-0.07415166108263616f,0.092999060155711f,-0.9929011561927201f,2.5119678304628215f,-0.17672773476244807f,0.9786577507259091f,0.10486331441375563f,-1.94978439263456f,0.9814626018980142f,0.18324896112736577f,-0.056133584611367304f,0.06526502279277735f,0f,0f,0f,1f], start_interpolation: 0, interpolation_duration: 1 }
$data merge entity $(bone_left_arm1) { transformation: [-0.08419303185424312f,0.10559268288513017f,-1.1273565210938175f,1.928237157946373f,-0.20065961551152955f,1.1111843211367092f,0.11906355490728501f,-0.6484299832606122f,1.1143689959050367f,0.2080639246133632f,-0.06373500752748995f,0.5738945079452593f,0f,0f,0f,1f], start_interpolation: 0, interpolation_duration: 1 }
$data merge entity $(bone_body2) { transformation: [-0.11740679671417392f,0.1472485119132091f,-1.5720934973051404f,0.998570286457765f,-0.27981891337387615f,1.5495414386493562f,0.1660335811551131f,-0.5f,1.5539824530051891f,0.2901441884516625f,-0.08887817563466491f,0.5940637450611888f,0f,0f,0f,1f], start_interpolation: 0, interpolation_duration: 1 }
$data merge entity $(bone_right_leg2) { transformation: [-0.8217871372127871f,-0.05706537844980325f,-0.5669298401865901f,-0.272025155803423f,0f,0.9949722709864881f,-0.10015078615762574f,-2.3540063625649297f,0.5697946130945887f,-0.08230262784608527f,-0.8176554141800915f,1.394073079078693f,0f,0f,0f,1f], start_interpolation: 0, interpolation_duration: 1 }
$data merge entity $(bone_right_leg1) { transformation: [-1.0957161829503828f,-0.5428248827765982f,-0.5315307807051193f,-0.4245105293643855f,0f,0.9328462721301343f,-0.9526676284784157f,-1.125f,0.7597261507927848f,-0.7828900031225723f,-0.7666010674334436f,0.5160189397314123f,0f,0f,0f,1f], start_interpolation: 0, interpolation_duration: 1 }
$data merge entity $(bone_left_leg2) { transformation: [-0.8406221204677696f,0.28772592983080875f,-0.45887715118892924f,0.3077988751650661f,1.734723475976807e-18f,0.8472275950741297f,0.5312300839983619f,-2.0710310222756285f,0.5416220551087916f,0.44656375966697426f,-0.7121982574900237f,-1.3463253370582515f,0f,0f,0f,1f], start_interpolation: 0, interpolation_duration: 1 }
$data merge entity $(bone_left_leg1) { transformation: [-1.120829493957026f,0.44174915416863625f,-0.5712938893819093f,0.6027233921515984f,2.3129646346357427e-18f,1.054783282905933f,0.8156040729912768f,-1.125f,0.7221627401450554f,0.6856148253000766f,-0.8866741599103407f,-0.19622432663682354f,0f,0f,0f,1f], start_interpolation: 0, interpolation_duration: 1 }
$data merge entity $(bone_tail3) { transformation: [-0.8335415201211798f,-0.008940434229857103f,0.5523844701562983f,0.48696547914822785f,-0.055317797176057094f,0.9961946980917455f,-0.06735031410086056f,-0.7751835850692909f,-0.5496803394243435f,-0.08669597527958015f,-0.8308642081114463f,-3.1174558472249583f,0f,0f,0f,1f], start_interpolation: 0, interpolation_duration: 1 }
$data merge entity $(bone_tail2) { transformation: [-1.2850431768534853f,-0.013783169437696365f,0.8515927248242932f,-0.6512717609918808f,-0.08528160397975468f,1.5358001595581077f,-0.10383173423882669f,-0.8426029766693868f,-0.8474238566125294f,-0.13365629522268604f,-1.280915654171813f,-1.6120400040791183f,0f,0f,0f,1f], start_interpolation: 0, interpolation_duration: 1 }
$data merge entity $(bone_tail1) { transformation: [-0.9947247599115849f,-0.008940434229857103f,-0.1021896308566646f,-0.4183546832177265f,0f,0.9961946980917455f,-0.08715574274765817f,-0.75f,0.10257997864515167f,-0.08669597527958015f,-0.9909395318845053f,-0.5719892487824751f,0f,0f,0f,1f], start_interpolation: 0, interpolation_duration: 1 }
$data merge entity $(bone_body1) { transformation: [-1.0957161829503828f,0f,-0.7597261507927848f,0.5f,0f,1.3333333333333333f,0f,-1.1875f,0.7597261507927848f,0f,-1.0957161829503828f,-0.12499999999999994f,0f,0f,0f,1f], start_interpolation: 0, interpolation_duration: 1 }
data modify entity @s data merge value {"locators":{"hitbox_head":{"posx":3.5523031987381475,"posy":-0.3677472352035184,"posz":1.3202618371405073,"roty":273.2357676981163,"rotx":6.019291578567751},"hitbox_neck":{"posx":2.4838403061689123,"posy":-1.0580433432545637,"posz":1.1152384716131554,"roty":273.2357676981163,"rotx":6.019291578567751},"hitbox_right_arm":{"posx":2.781019462691192,"posy":-3.301192819824284,"posz":1.688983819911246,"roty":273.2357676981163,"rotx":6.019291578567751},"hitbox_left_arm":{"posx":2.9200538272211354,"posy":-2.969828317144694,"posz":-0.15125855864753066,"roty":273.2357676981163,"rotx":6.019291578567751},"hitbox_tail1":{"posx":-0.16060942207188533,"posy":-1.6291376165355305,"posz":-2.0495271232680095,"roty":33.617200683178396,"rotx":-3.861812079566543},"hitbox_tail2":{"posx":0.8094160635378331,"posy":-2.120573677996441,"posz":-3.471028496733198,"roty":33.617200683178396,"rotx":-3.861812079566543}},"cameras":{}}