# This file was generated by Animated Java via MC-Build. It is not recommended to edit this file directly.
$data merge entity $(bone_jaw) { transformation: [-0.0889589703249043f,0.5887030997321878f,-0.8034394575600867f,3.5280981655808223f,-0.1769401389570497f,0.7844674113700144f,0.594393024626205f,0.2442668406536315f,0.9801930875213275f,0.19503728070331106f,0.0343797951021396f,1.4753888166345521f,0f,0f,0f,1f], start_interpolation: 0, interpolation_duration: 1 }
$data merge entity $(bone_head) { transformation: [-0.10007884161551733f,0.1041144353803946f,-1.1156923454995638f,3.280166533247586f,-0.1990576563266809f,1.1006654551443753f,0.12056784525549859f,0.2710596951548534f,1.1027172234614935f,0.20813635001423106f,-0.07949204289819398f,1.4577239182127313f,0f,0f,0f,1f], start_interpolation: 0, interpolation_duration: 1 }
$data merge entity $(bone_neck) { transformation: [-0.0889589703249043f,0.09254616478257298f,-0.9917265293329455f,2.420537913245536f,-0.1769401389570497f,0.978369293461667f,0.10717141800488764f,-0.5929108325406718f,0.9801930875213275f,0.18501008890153872f,-0.07065959368728353f,0.7136432351232648f,0f,0f,0f,1f], start_interpolation: 0, interpolation_duration: 1 }
$data merge entity $(bone_right_arm2) { transformation: [-0.0889589703249043f,0.09254616478257298f,-0.9917265293329455f,2.3511329414237716f,-0.1769401389570497f,0.978369293461667f,0.10717141800488764f,-2.2627040238336775f,0.9801930875213275f,0.18501008890153872f,-0.07065959368728353f,1.8087054014854937f,0f,0f,0f,1f], start_interpolation: 0, interpolation_duration: 1 }
$data merge entity $(bone_right_arm1) { transformation: [-0.10100549755640174f,0.10507845793021306f,-1.126022830180115f,1.818587472011031f,-0.20090078277415013f,1.1108568019512677f,0.12168421419304949f,-0.8496201828628016f,1.1129275681231738f,0.21006353844028872f,-0.0802280803324365f,1.696642332658341f,0f,0f,0f,1f], start_interpolation: 0, interpolation_duration: 1 }
$data merge entity $(bone_left_arm2) { transformation: [-0.0889589703249043f,0.09254616478257298f,-0.9917265293329455f,2.506811139492354f,-0.1769401389570497f,0.978369293461667f,0.10717141800488764f,-1.9530587806588409f,0.9801930875213275f,0.18501008890153872f,-0.07065959368728353f,0.0933674983231707f,0f,0f,0f,1f], start_interpolation: 0, interpolation_duration: 1 }
$data merge entity $(bone_left_arm1) { transformation: [-0.10100549755640174f,0.10507845793021306f,-1.126022830180115f,1.9186663136265483f,-0.20090078277415013f,1.1108568019512677f,0.12168421419304949f,-0.6505625265361208f,1.1129275681231738f,0.21006353844028872f,-0.0802280803324365f,0.5939251091968477f,0f,0f,0f,1f], start_interpolation: 0, interpolation_duration: 1 }
$data merge entity $(bone_body2) { transformation: [-0.1408517030144318f,0.14653142757240722f,-1.5702336714438305f,0.9891468920305162f,-0.2801552200153287f,1.5490847146476396f,0.16968807850773876f,-0.5f,1.5519723885754353f,0.2929326407607697f,-0.1118776900048656f,0.6005069386414486f,0f,0f,0f,1f], start_interpolation: 0, interpolation_duration: 1 }
$data merge entity $(bone_right_leg2) { transformation: [-0.8291507870187983f,-0.05674997842341556f,-0.5561370445628031f,-0.2922968906833714f,0f,0.9948339076068261f,-0.10151599024652636f,-2.3546171481570446f,0.5590250194634471f,-0.08417206320790005f,-0.8248673174451864f,1.3831013911443748f,0f,0f,0f,1f], start_interpolation: 0, interpolation_duration: 1 }
$data merge entity $(bone_right_leg1) { transformation: [-1.105534382691731f,-0.5321706827373823f,-0.5218868372540346f,-0.43279463539614804f,0f,0.9335661537205298f,-0.9519621916889524f,-1.125f,0.7453666926179294f,-0.789320200451035f,-0.7740671110914896f,0.5039031468963779f,0f,0f,0f,1f], start_interpolation: 0, interpolation_duration: 1 }
$data merge entity $(bone_left_leg2) { transformation: [-0.8448670334192647f,0.28668602397591686f,-0.45167556885247956f,0.31508139238393357f,0f,0.8442907209550539f,0.5358854154660262f,-2.064951378549951f,0.5349763507308813f,0.4527519212174316f,-0.7133133967567087f,-1.3515589887568717f,0f,0f,0f,1f], start_interpolation: 0, interpolation_duration: 1 }
$data merge entity $(bone_left_leg1) { transformation: [-1.1264893778923528f,0.43936099578470894f,-0.5619264850997381f,0.6036438483773497f,0f,1.050376309778998f,0.8212718098369334f,-1.125f,0.7133018009745085f,0.6938654776078003f,-0.8874283168168567f,-0.19487812743293081f,0f,0f,0f,1f], start_interpolation: 0, interpolation_duration: 1 }
$data merge entity $(bone_tail3) { transformation: [-0.7698092075854674f,-0.0043918395382949865f,0.6382589565858864f,0.7016114217611364f,-0.0589264124997098f,0.9961946980917455f,-0.06421683115671481f,-0.768857227633561f,-0.6355481585423316f,-0.0870450184638147f,-0.7671386464871168f,-3.0098656939632713f,0f,0f,0f,1f], start_interpolation: 0, interpolation_duration: 1 }
$data merge entity $(bone_tail2) { transformation: [-1.1867891950275955f,-0.006770752621538104f,0.9839825580699081f,-0.5905268028721535f,-0.0908448859370526f,1.5358001595581077f,-0.09900094803326866f,-0.8426029766693868f,-0.9798034110860945f,-0.13419440346504766f,-1.1826720800009716f,-1.6346033106557538f,0f,0f,0f,1f], start_interpolation: 0, interpolation_duration: 1 }
$data merge entity $(bone_tail1) { transformation: [-0.9987295813178476f,-0.0043918395382949865f,-0.050198955628046715f,-0.4123492148526229f,-3.469446951953614e-18f,0.9961946980917455f,-0.0871557427476582f,-0.75f,0.05039070748339164f,-0.0870450184638147f,-0.9949291137362287f,-0.5837899657464348f,0f,0f,0f,1f], start_interpolation: 0, interpolation_duration: 1 }
$data merge entity $(bone_body1) { transformation: [-1.105534382691731f,0f,-0.7453666926179294f,0.5f,0f,1.3333333333333333f,0f,-1.1875f,0.7453666926179294f,0f,-1.105534382691731f,-0.12499999999999994f,0f,0f,0f,1f], start_interpolation: 0, interpolation_duration: 1 }
data modify entity @s data merge value {"locators":{"hitbox_head":{"posx":3.5322397206750233,"posy":-0.37391218138521587,"posz":1.3641737356765458,"roty":274.0753842264668,"rotx":6.152285721690912},"hitbox_neck":{"posx":2.465319432456237,"posy":-1.0616658143179327,"posz":1.143193444756762,"roty":274.0753842264668,"rotx":6.152285721690912},"hitbox_right_arm":{"posx":2.748890105662365,"posy":-3.305717784982604,"posz":1.7202871773976798,"roty":274.0753842264668,"rotx":6.152285721690912},"hitbox_left_arm":{"posx":2.91568817502156,"posy":-2.973955024438136,"posz":-0.11757486170480921,"roty":274.0753842264668,"rotx":6.152285721690912},"hitbox_tail1":{"posx":-0.05220373961745195,"posy":-1.6265322700959737,"posz":-2.017283846449994,"roty":39.76043877979609,"rotx":-3.6818869237464167},"hitbox_tail2":{"posx":1.0663963742347098,"posy":-2.112484736404629,"posz":-3.3271345958785177,"roty":39.76043877979609,"rotx":-3.6818869237464167}},"cameras":{}}