# This file was generated by Animated Java via MC-Build. It is not recommended to edit this file directly.
$data merge entity $(bone_jaw) { transformation: [-0.15472957111668612f,0.555689093765753f,-0.816864977148514f,3.4333917112634253f,-0.17772838614948405f,0.7976774118748132f,0.5763014552657311f,0.22720112289679284f,0.9718391742355041f,0.2343509710978292f,-0.024662557993001405f,1.6656926993308994f,0f,0f,0f,1f], start_interpolation: 0, interpolation_duration: 1 }
$data merge entity $(bone_head) { transformation: [-0.17407076750627187f,0.09686222049492511f,-1.1072226867891435f,3.187342225310282f,-0.19994443441816956f,1.0997070366420114f,0.12763877430171447f,0.2555652949638405f,1.093319071014942f,0.21653439403669394f,-0.15294203200620174f,1.631705581107299f,0f,0f,0f,1f], start_interpolation: 0, interpolation_duration: 1 }
$data merge entity $(bone_neck) { transformation: [-0.15472957111668612f,0.08609975155104455f,-0.9841979438125721f,2.3735651954979256f,-0.17772838614948405f,0.9775173659040102f,0.11345668826819064f,-0.6019991540165234f,0.9718391742355041f,0.19247501692150573f,-0.13594847289440154f,0.8308231542837456f,0f,0f,0f,1f], start_interpolation: 0, interpolation_duration: 1 }
$data merge entity $(bone_right_arm2) { transformation: [-0.15472957111668612f,0.08609975155104455f,-0.9841979438125721f,2.2215807568227133f,-0.17772838614948405f,0.9775173659040102f,0.11345668826819064f,-2.272830027509364f,0.9718391742355041f,0.19247501692150573f,-0.13594847289440154f,1.9159095207005998f,0f,0f,0f,1f], start_interpolation: 0, interpolation_duration: 1 }
$data merge entity $(bone_right_arm1) { transformation: [-0.17568253387207067f,0.09775909290691515f,-1.1174747487038577f,1.70630358533628f,-0.20179577177389332f,1.1098895092035115f,0.1288206148045081f,-0.8562968909042561f,1.1034423957465618f,0.21853934212962628f,-0.15435816193218507f,1.77136866334658f,0f,0f,0f,1f], start_interpolation: 0, interpolation_duration: 1 }
$data merge entity $(bone_left_arm2) { transformation: [-0.15472957111668612f,0.08609975155104455f,-0.9841979438125721f,2.492357506276914f,-0.17772838614948405f,0.9775173659040102f,0.11345668826819064f,-1.9618053517477672f,0.9718391742355041f,0.19247501692150573f,-0.13594847289440154f,0.21519096578846741f,0f,0f,0f,1f], start_interpolation: 0, interpolation_duration: 1 }
$data merge entity $(bone_left_arm1) { transformation: [-0.17568253387207067f,0.09775909290691515f,-1.1174747487038577f,1.8803743528425518f,-0.20179577177389332f,1.1098895092035115f,0.1288206148045081f,-0.6563524564860865f,1.1034423957465618f,0.21853934212962628f,-0.15435816193218507f,0.6780495923316376f,0f,0f,0f,1f], start_interpolation: 0, interpolation_duration: 1 }
$data merge entity $(bone_body2) { transformation: [-0.2449884876014197f,0.13632460662248722f,-1.5583134110365726f,0.953399416795413f,-0.2814032780700164f,1.5477358293480163f,0.1796397564246352f,-0.5f,1.538745359206215f,0.30475211012571746f,-0.21525174874946912f,0.6233675359404494f,0f,0f,0f,1f], start_interpolation: 0, interpolation_duration: 1 }
$data merge entity $(bone_right_leg2) { transformation: [-0.855277183931942f,-0.049683218210890556f,-0.5157834007348979f,-0.3776467736215279f,0f,0.9953927131906307f,-0.09588194056752697f,-2.3709369963784455f,0.5181707620519005f,-0.0820056361185244f,-0.8513366766440578f,1.3211810542968612f,0f,0f,0f,1f], start_interpolation: 0, interpolation_duration: 1 }
$data merge entity $(bone_right_leg1) { transformation: [-1.1403695785759225f,-0.48324342399103665f,-0.49377200731285875f,-0.4621868319234347f,0f,0.9529136791847821f,-0.9325949269647029f,-1.125f,0.6908943494025339f,-0.7976271628835863f,-0.8150053280633864f,0.4579421073083881f,0f,0f,0f,1f], start_interpolation: 0, interpolation_duration: 1 }
$data merge entity $(bone_left_leg2) { transformation: [-0.8635457227313449f,0.2691525429959753f,-0.4264336916229756f,0.36209821609564063f,0f,0.8456446524754989f,0.5337463084083978f,-2.0697042971963286f,0.5042705471791896f,0.4609143416497172f,-0.7302528225958518f,-1.3526508117842502f,0f,0f,0f,1f], start_interpolation: 0, interpolation_duration: 1 }
$data merge entity $(bone_left_leg1) { transformation: [-1.1513942969751265f,0.4119109324789921f,-0.5314116430557572f,0.6069096479914927f,0f,1.0538224887977108f,0.816845113765135f,-1.125f,0.6723607295722528f,0.7053831041258811f,-0.910023902719364f,-0.1897713452564875f,0f,0f,0f,1f], start_interpolation: 0, interpolation_duration: 1 }
$data merge entity $(bone_tail3) { transformation: [-0.6673840483716377f,0.0035055972861276416f,0.7447054738396591f,1.0102871299552878f,-0.06252292608919757f,0.9961946980917455f,-0.06072073127969318f,-0.7618524761654595f,-0.7420845071097554f,-0.08708521276062582f,-0.6646252703788115f,-2.8577961357673196f,0f,0f,0f,1f], start_interpolation: 0, interpolation_duration: 1 }
$data merge entity $(bone_tail2) { transformation: [-1.028883741239608f,0.005404462482780113f,1.1480876055028078f,-0.47011593903167664f,-0.09638951105417957f,1.5358001595581077f,-0.09361112738952697f,-0.8426029766693868f,-1.1440469484608728f,-0.13425636967263146f,-1.0246306251673343f,-1.6880558398031504f,0f,0f,0f,1f], start_interpolation: 0, interpolation_duration: 1 }
$data merge entity $(bone_tail1) { transformation: [-0.9991907591535699f,0.0035055972861276416f,0.04006916033285718f,-0.38779057699114117f,0f,0.9961946980917455f,-0.08715574274765818f,-0.75f,-0.04022221801582704f,-0.08708521276062582f,-0.9953885366510528f,-0.6254277423594283f,0f,0f,0f,1f], start_interpolation: 0, interpolation_duration: 1 }
$data merge entity $(bone_body1) { transformation: [-1.1403695785759225f,0f,-0.6908943494025339f,0.5f,0f,1.3333333333333333f,0f,-1.1875f,0.6908943494025339f,0f,-1.1403695785759225f,-0.12499999999999994f,0f,0f,0f,1f], start_interpolation: 0, interpolation_duration: 1 }
data modify entity @s data merge value {"locators":{"hitbox_head":{"posx":3.4410917380323083,"posy":-0.3908382738099754,"posz":1.5538925933108583,"roty":277.86456922610944,"rotx":6.514617191729685},"hitbox_neck":{"posx":2.3869377460845125,"posy":-1.071614445338793,"posz":1.2615581691677331,"roty":277.86456922610944,"rotx":6.514617191729685},"hitbox_right_arm":{"posx":2.617909378983162,"posy":-3.318183761681812,"posz":1.852148688616014,"roty":277.86456922610944,"rotx":6.514617191729685},"hitbox_left_arm":{"posx":2.908027324826948,"posy":-2.98494303765153,"posz":0.029950236924443457,"roty":277.86456922610944,"rotx":6.514617191729685},"hitbox_tail1":{"posx":0.12266288231494799,"posy":-1.6236791372318353,"posz":-1.9869112402293945,"roty":48.25213172579498,"rotx":-3.481183061402641},"hitbox_tail2":{"posx":1.4245828625520536,"posy":-2.103513428755703,"posz":-3.11734850860708,"roty":48.25213172579498,"rotx":-3.481183061402641}},"cameras":{}}