# This file was generated by Animated Java via MC-Build. It is not recommended to edit this file directly.
$data merge entity $(bone_jaw) { transformation: [-0.22465958954681886f,0.5196800331947077f,-0.8242940809707435f,3.321292021484626f,-0.17823623001062677f,0.8097314034176458f,0.5590768289161059f,0.2136569363248325f,0.9579978680228124f,0.2725210403217291f,-0.08928811480655578f,1.8614533647644107f,0f,0f,0f,1f], start_interpolation: 0, interpolation_duration: 1 }
$data merge entity $(bone_head) { transformation: [-0.2527420382401712f,0.08641525232552007f,-1.0928306667877328f,3.0784407621984635f,-0.20051575876195513f,1.0989345152484178f,0.13327175876322228f,0.2432728827166597f,1.077747601525664f,0.22472279671017314f,-0.2314838483446241f,1.8100125095767166f,0f,0f,0f,1f], start_interpolation: 0, interpolation_duration: 1 }
$data merge entity $(bone_neck) { transformation: [-0.22465958954681886f,0.0768135576226845f,-0.9714050371446514f,2.3198895593177413f,-0.17823623001062677f,0.9768306802208158f,0.1184637855673087f,-0.6092397742392053f,0.9579978680228124f,0.19975359707570947f,-0.20576342075077697f,0.9515925993123628f,0f,0f,0f,1f], start_interpolation: 0, interpolation_duration: 1 }
$data merge entity $(bone_right_arm2) { transformation: [-0.22465958954681886f,0.0768135576226845f,-0.9714050371446514f,2.0827015790728782f,-0.17823623001062677f,0.9768306802208158f,0.1184637855673087f,-2.28072065311511f,0.9579978680228124f,0.19975359707570947f,-0.20576342075077697f,2.020274513438168f,0f,0f,0f,1f], start_interpolation: 0, interpolation_duration: 1 }
$data merge entity $(bone_right_arm1) { transformation: [-0.25508224229795057f,0.08721539355075636f,-1.1029494692579895f,1.5858845321490849f,-0.20237238615789913f,1.1091098348340511f,0.1345057565295484f,-0.8614877108694439f,1.0877267459842348f,0.22680356334637844f,-0.23362721731077798f,1.841614424076749f,0f,0f,0f,1f], start_interpolation: 0, interpolation_duration: 1 }
$data merge entity $(bone_left_arm2) { transformation: [-0.22465958954681886f,0.0768135576226845f,-0.9714050371446514f,2.4758558607798116f,-0.17823623001062677f,0.9768306802208158f,0.1184637855673087f,-1.9688072505965133f,0.9579978680228124f,0.19975359707570947f,-0.20576342075077697f,0.34377824439824645f,0f,0f,0f,1f], start_interpolation: 0, interpolation_duration: 1 }
$data merge entity $(bone_left_arm1) { transformation: [-0.25508224229795057f,0.08721539355075636f,-1.1029494692579895f,1.8386265703892561f,-0.20237238615789913f,1.1091098348340511f,0.1345057565295484f,-0.6609719521074887f,1.0877267459842348f,0.22680356334637844f,-0.23362721731077798f,0.7638668225510848f,0f,0f,0f,1f], start_interpolation: 0, interpolation_duration: 1 }
$data merge entity $(bone_body2) { transformation: [-0.35571101678246325f,0.12162146623591714f,-1.5380579754790316f,0.918693971070887f,-0.2822073641834924f,1.5466485770162917f,0.18756766048157214f,-0.5f,1.5168299577027864f,0.3162765287032067f,-0.3257920828553969f,0.6433230821658891f,0f,0f,0f,1f], start_interpolation: 0, interpolation_duration: 1 }
$data merge entity $(bone_right_leg2) { transformation: [-0.8780835224753016f,-0.03985193117772348f,-0.4768449969736209f,-0.4624240100531749f,0f,0.9965258665768502f,-0.0832838354259568f,-2.3956640721846028f,0.47850739550958515f,-0.07313016357607749f,-0.8750329431615529f,1.243654573123697f,0f,0f,0f,1f], start_interpolation: 0, interpolation_duration: 1 }
$data merge entity $(bone_right_leg1) { transformation: [-1.1707780299670687f,-0.43121983433619915f,-0.470219136998132f,-0.4878439627847143f,0f,0.982678933305458f,-0.9011769481158651f,-1.125f,0.6380098606794469f,-0.791308628975121f,-0.8628741792191286f,0.41332081994828335f,0f,0f,0f,1f], start_interpolation: 0, interpolation_duration: 1 }
$data merge entity $(bone_left_leg2) { transformation: [-0.8815604844778309f,0.24510404208756262f,-0.40345398840456453f,0.41686242180649935f,0f,0.8546466805241022f,0.5192100263565154f,-2.0916367027867095f,0.4720710880865424f,0.457715042380597f,-0.7534227417401975f,-1.3394091715654959f,0f,0f,0f,1f], start_interpolation: 0, interpolation_duration: 1 }
$data merge entity $(bone_left_leg1) { transformation: [-1.1754139793037743f,0.3757788651299639f,-0.5049455411791257f,0.6097604403094127f,0f,1.0696387767059283f,0.7960217742906428f,-1.125f,0.6294281174487232f,0.7017413409985617f,-0.9429512782091526f,-0.18481342443869808f,0f,0f,0f,1f], start_interpolation: 0, interpolation_duration: 1 }
$data merge entity $(bone_tail3) { transformation: [-0.6451664375599933f,0.006929425728647777f,0.7640106353351495f,1.1117662420030059f,-0.061926474272456795f,0.9961946980917455f,-0.06132891062197926f,-0.7630673689093385f,-0.7615283183377559f,-0.08687983973838308f,-0.6422822695798964f,-2.8527729982890473f,0f,0f,0f,1f], start_interpolation: 0, interpolation_duration: 1 }
$data merge entity $(bone_tail2) { transformation: [-0.9946315912383228f,0.010682864664998655f,1.1778497294750219f,-0.40269877126952003f,-0.09546998117003755f,1.5358001595581077f,-0.09454873720888468f,-0.8426029766693868f,-1.1740228241040402f,-0.13393975293000723f,-0.9901851656023403f,-1.727394812668014f,0f,0f,0f,1f], start_interpolation: 0, interpolation_duration: 1 }
$data merge entity $(bone_tail1) { transformation: [-0.99683436798796f,0.006929425728647777f,0.07920369850654424f,-0.3622484049342283f,0f,0.9961946980917455f,-0.0871557427476582f,-0.75f,-0.07950624376767157f,-0.08687983973838308f,-0.9930411122652418f,-0.6623503504152357f,0f,0f,0f,1f], start_interpolation: 0, interpolation_duration: 1 }
$data merge entity $(bone_body1) { transformation: [-1.1707780299670687f,0f,-0.6380098606794469f,0.5f,0f,1.3333333333333333f,0f,-1.1875f,0.6380098606794469f,0f,-1.1707780299670687f,-0.12499999999999994f,0f,0f,0f,1f], start_interpolation: 0, interpolation_duration: 1 }
data modify entity @s data merge value {"locators":{"hitbox_head":{"posx":3.3339963627919893,"posy":-0.4042662254111342,"posz":1.7494675803890158,"roty":281.9596392606198,"rotx":6.803451568931738},"hitbox_neck":{"posx":2.3001803100789067,"posy":-1.079477367523238,"posz":1.3814043620142251,"roty":281.9596392606198,"rotx":6.803451568931738},"hitbox_right_arm":{"posx":2.4775493156758435,"posy":-3.327922990495244,"posz":1.983277493489273,"roty":281.9596392606198,"rotx":6.803451568931738},"hitbox_left_arm":{"posx":2.898786046076129,"posy":-2.993730059225319,"posz":0.1870314909464997,"roty":281.9596392606198,"rotx":6.803451568931738},"hitbox_tail1":{"posx":0.19800727592190848,"posy":-1.6241718170067496,"posz":-2.008612953408186,"roty":49.94717735796786,"rotx":-3.5160942371925015},"hitbox_tail2":{"posx":1.5324273531101773,"posy":-2.105070422379618,"posz":-3.100026985271111,"roty":49.94717735796786,"rotx":-3.5160942371925015}},"cameras":{}}