# This file was generated by Animated Java via MC-Build. It is not recommended to edit this file directly.
$data merge entity $(bone_jaw) { transformation: [-0.28227447356713387f,0.48725577066655806f,-0.8263794137831221f,3.2170662993928896f,-0.1782515758735611f,0.8197700095706237f,0.5442458149652338f,0.20602936439038866f,0.9426279739488903f,0.3009301336867382f,-0.14454603892287166f,2.0190940391983934f,0f,0f,0f,1f], start_interpolation: 0, interpolation_duration: 1 }
$data merge entity $(bone_head) { transformation: [-0.3175587827630256f,0.0758229725533234f,-1.07658362254088f,2.977825494383805f,-0.20053302285775626f,1.0985325843271698f,0.13651984440000023f,0.2363671075903887f,1.0604564706925017f,0.23043879448705598f,-0.29657214259224723f,1.9531891186223382f,0f,0f,0f,1f], start_interpolation: 0, interpolation_duration: 1 }
$data merge entity $(bone_neck) { transformation: [-0.28227447356713387f,0.06739819782517636f,-0.9569632200363378f,2.269819529698598f,-0.1782515758735611f,0.9764734082908175f,0.1213509728000002f,-0.6134124353818242f,0.9426279739488903f,0.20483448398849421f,-0.2636196823042198f,1.0500475005379393f,0f,0f,0f,1f], start_interpolation: 0, interpolation_duration: 1 }
$data merge entity $(bone_right_arm2) { transformation: [-0.28227447356713387f,0.06739819782517636f,-0.9569632200363378f,1.964237822926911f,-0.1782515758735611f,0.9764734082908175f,0.1213509728000002f,-2.284942184026021f,0.9426279739488903f,0.20483448398849421f,-0.2636196823042198f,2.1011400844162442f,0f,0f,0f,1f], start_interpolation: 0, interpolation_duration: 1 }
$data merge entity $(bone_right_arm1) { transformation: [-0.3204991418626832f,0.07652503711400233f,-1.0865519894162585f,1.4829965167872021f,-0.20238981010643914f,1.1087041823301989f,0.13778391703333354f,-0.8641884243838349f,1.0702755120878025f,0.23257248702860278f,-0.29931818094958285f,1.8941755712079635f,0f,0f,0f,1f], start_interpolation: 0, interpolation_duration: 1 }
$data merge entity $(bone_left_arm2) { transformation: [-0.28227447356713387f,0.06739819782517636f,-0.9569632200363378f,2.4582181516693953f,-0.1782515758735611f,0.9764734082908175f,0.1213509728000002f,-1.973001926247289f,0.9426279739488903f,0.20483448398849421f,-0.2636196823042198f,0.45154113000568624f,0f,0f,0f,1f], start_interpolation: 0, interpolation_duration: 1 }
$data merge entity $(bone_left_arm1) { transformation: [-0.3204991418626832f,0.07652503711400233f,-1.0865519894162585f,1.8005552995502279f,-0.20238981010643914f,1.1087041823301989f,0.13778391703333354f,-0.6636554015260787f,1.0702755120878025f,0.23257248702860278f,-0.29931818094958285f,0.8337191005154619f,0f,0f,0f,1f], start_interpolation: 0, interpolation_duration: 1 }
$data merge entity $(bone_body2) { transformation: [-0.446934583147962f,0.10671381322319592f,-1.515191765057535f,0.8899725135322887f,-0.28223166179980513f,1.5460828964604612f,0.192139040266667f,-0.5f,1.4924942920857431f,0.3243212663151159f,-0.4173978303150147f,0.6582920519763424f,0f,0f,0f,1f], start_interpolation: 0, interpolation_duration: 1 }
$data merge entity $(bone_right_leg2) { transformation: [-0.8951909165443912f,-0.03137133292947267f,-0.4445773975436009f,-0.5295318359472049f,0f,0.9975195926685285f,-0.07038936171335014f,-2.417301979566677f,0.4456828726083299f,-0.0630119172271486f,-0.8929704784319279f,1.172721962663508f,0f,0f,0f,1f], start_interpolation: 0, interpolation_duration: 1 }
$data merge entity $(bone_right_leg1) { transformation: [-1.1935878887258549f,-0.3883374704846912f,-0.4497996650535496f,-0.5070897811124402f,0f,1.009237044316122f,-0.8713313756303256f,-1.125f,0.5942438301444398f,-0.7800079327643964f,-0.9034598347119016f,0.37639323168437117f,0f,0f,0f,1f], start_interpolation: 0, interpolation_duration: 1 }
$data merge entity $(bone_left_leg2) { transformation: [-0.8964676538577335f,0.2223579982683941f,-0.3832788360878847f,0.4664711381455658f,0f,0.8649760673110353f,0.5018131155909891f,-2.116348117409341f,0.443109180210488f,0.4498592264088938f,-0.7754230657054129f,-1.3212221680883565f,0f,0f,0f,1f], start_interpolation: 0, interpolation_duration: 1 }
$data merge entity $(bone_left_leg1) { transformation: [-1.1952902051436447f,0.34196847996910684f,-0.4817848710504097f,0.6118988645680489f,0f,1.0872825311846388f,0.771747675836152f,-1.125f,0.5908122402806506f,0.6918468283269941f,-0.9747136198115913f,-0.1807103590760412f,0f,0f,0f,1f], start_interpolation: 0, interpolation_duration: 1 }
$data merge entity $(bone_tail3) { transformation: [-0.6629498763681476f,0.00794908393590081f,0.7486215823017913f,1.1197636404481988f,-0.0597287111793924f,0.9961946980917455f,-0.06347128921602817f,-0.7673590491598132f,-0.746277389771596f,-0.08679248561065626f,-0.6599523633999785f,-2.916822088581175f,0f,0f,0f,1f], start_interpolation: 0, interpolation_duration: 1 }
$data merge entity $(bone_tail2) { transformation: [-1.022047726067561f,0.01225483773451375f,1.1541249393819282f,-0.3682610141516597f,-0.09208176306822995f,1.5358001595581077f,-0.09785157087471008f,-0.8426029766693868f,-1.150510975897877f,-0.13380508198309507f,-1.0174265602416335f,-1.7564224898756666f,0f,0f,0f,1f], start_interpolation: 0, interpolation_duration: 1 }
$data merge entity $(bone_tail1) { transformation: [-0.9958320917755971f,0.00794908393590081f,0.0908584451463863f,-0.3403191006477455f,0f,0.9961946980917455f,-0.08715574274765817f,-0.75f,-0.09120550964628671f,-0.08679248561065626f,-0.9920426500164623f,-0.6909764855273897f,0f,0f,0f,1f], start_interpolation: 0, interpolation_duration: 1 }
$data merge entity $(bone_body1) { transformation: [-1.1935878887258549f,0f,-0.5942438301444398f,0.5f,0f,1.3333333333333333f,0f,-1.1875f,0.5942438301444398f,0f,-1.1935878887258549f,-0.12499999999999994f,0f,0f,0f,1f], start_interpolation: 0, interpolation_duration: 1 }
data modify entity @s data merge value {"locators":{"hitbox_head":{"posx":3.2347526270044256,"posy":-0.4118509515913723,"posz":1.9075487168495981,"roty":285.40156351910406,"rotx":6.970077464935343},"hitbox_neck":{"posx":2.223028371235132,"posy":-1.0838846230276613,"posz":1.4775010163047266,"roty":285.40156351910406,"rotx":6.970077464935343},"hitbox_right_arm":{"posx":2.3576790805219576,"posy":-3.3332318022089362,"posz":2.0870296899516654,"roty":285.40156351910406,"rotx":6.970077464935343},"hitbox_left_arm":{"posx":2.8869437184603335,"posy":-2.999010097446009,"posz":0.3196022387974963,"roty":285.40156351910406,"rotx":6.970077464935343},"hitbox_tail1":{"posx":0.22332324527491465,"posy":-1.6259194226767912,"posz":-2.05176070178371,"roty":48.601995728396105,"rotx":-3.63908319163745},"hitbox_tail2":{"posx":1.5304301078270865,"posy":-2.1105671905892454,"posz":-3.1741301556296766,"roty":48.601995728396105,"rotx":-3.63908319163745}},"cameras":{}}