# This file was generated by Animated Java via MC-Build. It is not recommended to edit this file directly.
$data merge entity $(bone_jaw) { transformation: [-0.31377229739537194f,0.46848414670416705f,-0.8258750206139537f,3.1553960841963398f,-0.17809080986801407f,0.8253270317868739f,0.5358348197368505f,0.20302276961639282f,0.9326470976890373f,0.3152108736841684f,-0.1755320377693999f,2.103797586975528f,0f,0f,0f,1f], start_interpolation: 0, interpolation_duration: 1 }
$data merge entity $(bone_head) { transformation: [-0.35299383456979344f,0.06938675824489464f,-1.0659295617140834f,2.918522848259877f,-0.20035216110151582f,1.0983995760703928f,0.13784913068399682f,0.23365590976839212f,1.0492279849001669f,0.23308549733659092f,-0.3322902144717602f,2.0299553170929143f,0f,0f,0f,1f], start_interpolation: 0, interpolation_duration: 1 }
$data merge entity $(bone_neck) { transformation: [-0.31377229739537194f,0.061677118439906344f,-0.9474929437458518f,2.2400390418216576f,-0.17809080986801407f,0.976355178729238f,0.12253256060799718f,-0.6151183572034186f,0.9326470976890373f,0.20718710874363638f,-0.29536907953045355f,1.1035080880897885f,0f,0f,0f,1f], start_interpolation: 0, interpolation_duration: 1 }
$data merge entity $(bone_right_arm2) { transformation: [-0.31377229739537194f,0.061677118439906344f,-0.9474929437458518f,1.8975962020980028f,-0.17809080986801407f,0.976355178729238f,0.12253256060799718f,-2.2864786453092174f,0.9326470976890373f,0.20718710874363638f,-0.29536907953045355f,2.1434480810051975f,0f,0f,0f,1f], start_interpolation: 0, interpolation_duration: 1 }
$data merge entity $(bone_right_arm1) { transformation: [-0.3562622960009952f,0.07002922822864366f,-1.0757992798781024f,1.4251998641611605f,-0.2022072737043076f,1.108569942515489f,0.13912551152366345f,-0.8651179597253397f,1.0589430588344277f,0.2352436963860038f,-0.3353669757168691f,1.9208627010262094f,0f,0f,0f,1f], start_interpolation: 0, interpolation_duration: 1 }
$data merge entity $(bone_left_arm2) { transformation: [-0.31377229739537194f,0.061677118439906344f,-0.9474929437458518f,2.446697722539904f,-0.17809080986801407f,0.976355178729238f,0.12253256060799718f,-1.9748197280401925f,0.9326470976890373f,0.20718710874363638f,-0.29536907953045355f,0.5113156600493823f,0f,0f,0f,1f], start_interpolation: 0, interpolation_duration: 1 }
$data merge entity $(bone_left_arm1) { transformation: [-0.3562622960009952f,0.07002922822864366f,-1.0757992798781024f,1.778193698730954f,-0.2022072737043076f,1.108569942515489f,0.13912551152366345f,-0.6647657986238238f,1.0589430588344277f,0.2352436963860038f,-0.3353669757168691f,0.8716347161260425f,0f,0f,0f,1f], start_interpolation: 0, interpolation_duration: 1 }
$data merge entity $(bone_body2) { transformation: [-0.4968061375426723f,0.09765543752985172f,-1.5001971609309321f,0.8741631152845013f,-0.2819771156243556f,1.5458956996546271f,0.1940098876293289f,-0.5f,1.4766912380076425f,0.3280462555107576f,-0.4676677092565515f,0.6659658419682843f,0f,0f,0f,1f], start_interpolation: 0, interpolation_duration: 1 }
$data merge entity $(bone_right_leg2) { transformation: [-0.9039609622494679f,-0.026721955313742385f,-0.42677923547570407f,-0.5651131305809711f,0f,0.9980455469462721f,-0.06249068907218702f,-2.4294167593080633f,0.42761498889657285f,-0.056489143425326405f,-0.9021942129863486f,1.1312218900736657f,0f,0f,0f,1f], start_interpolation: 0, interpolation_duration: 1 }
$data merge entity $(bone_right_leg1) { transformation: [-1.2052812829992905f,-0.36497682732069936f,-0.43802593775743276f,-0.5169560825306514f,0f,1.024346548019106f,-0.8535173854931832f,-1.125f,0.5701533185287637f,-0.771546397087068f,-0.9259692912242719f,0.3560668625086445f,0f,0f,0f,1f], start_interpolation: 0, interpolation_duration: 1 }
$data merge entity $(bone_left_leg2) { transformation: [-0.9045289240616265f,0.2091345842440347f,-0.37160483205818357f,0.4948739172400535f,-5.421010862427522e-20f,0.8714684277152402f,0.49045160770001267f,-2.1318984756770765f,0.4264122717932917f,0.44362766501718753f,-0.7882683992749435f,-1.3084475997417309f,0f,0f,0f,1f], start_interpolation: 0, interpolation_duration: 1 }
$data merge entity $(bone_left_leg1) { transformation: [-1.206038565415502f,0.32237132351708103f,-0.4683219899621847f,0.6129951202811835f,-7.228014483236696e-20f,1.0982845029122643f,0.7560085505075573f,-1.125f,0.568549695724389f,0.6838316007719907f,-0.9934300997327888f,-0.17845187361207154f,0f,0f,0f,1f], start_interpolation: 0, interpolation_duration: 1 }
$data merge entity $(bone_tail3) { transformation: [-0.6824481760567432f,0.007997893370229374f,0.7308902247933424f,1.101905427972141f,-0.05799883401645368f,0.9961946980917455f,-0.06505581255066932f,-0.7705462650576327f,-0.7286292762781056f,-0.08678800144913126f,-0.6793873862200485f,-2.970540341486018f,0f,0f,0f,1f], start_interpolation: 0, interpolation_duration: 1 }
$data merge entity $(bone_tail2) { transformation: [-1.0521076047541458f,0.01233008561243695f,1.1267890965564027f,-0.35531937052938706f,-0.0894148691086994f,1.5358001595581077f,-0.10029437768228186f,-0.8426029766693868f,-1.1233034675954128f,-0.13379816890074403f,-1.0473888870892414f,-1.7714949015864778f,0f,0f,0f,1f], start_interpolation: 0, interpolation_duration: 1 }
$data merge entity $(bone_tail1) { transformation: [-0.995780641792112f,0.007997893370229374f,0.09141633953363004f,-0.32797665105985496f,-3.469446951953614e-18f,0.9961946980917455f,-0.08715574274765817f,-0.75f,-0.09176553509945606f,-0.08678800144913126f,-0.9919913958156975f,-0.7060333516448671f,0f,0f,0f,1f], start_interpolation: 0, interpolation_duration: 1 }
$data merge entity $(bone_body1) { transformation: [-1.2052812829992905f,0f,-0.5701533185287637f,0.5f,0f,1.3333333333333333f,0f,-1.1875f,0.5701533185287637f,0f,-1.2052812829992905f,-0.12499999999999994f,0f,0f,0f,1f], start_interpolation: 0, interpolation_duration: 1 }
data modify entity @s data merge value {"locators":{"hitbox_head":{"posx":3.176066194155514,"posy":-0.4148575021273808,"posz":1.9927662114814084,"roty":287.3142146930113,"rotx":7.0382864900958895},"hitbox_neck":{"posx":2.178460591677238,"posy":-1.0856135242368894,"posz":1.5290576060967502,"roty":287.3142146930113,"rotx":7.0382864900958895},"hitbox_right_arm":{"posx":2.2900547869438115,"posy":-3.335230779959205,"posz":2.1422359556323527,"roty":287.3142146930113,"rotx":7.0382864900958895},"hitbox_left_arm":{"posx":2.8783778445601342,"posy":-3.001310511456678,"posz":0.3935226474654079,"roty":287.3142146930113,"rotx":7.0382864900958895},"hitbox_tail1":{"posx":0.22647526099545673,"posy":-1.6272250171147244,"posz":-2.0824040689911496,"roty":47.0914920966417,"rotx":-3.7300577488027473},"hitbox_tail2":{"posx":1.5025339443699701,"posy":-2.1146457008628,"posz":-3.2387864943328104,"roty":47.0914920966417,"rotx":-3.7300577488027473}},"cameras":{}}