# This file was generated by Animated Java via MC-Build. It is not recommended to edit this file directly.
$data merge entity $(bone_jaw) { transformation: [-0.3467684133999059f,0.4480356349957929f,-0.8240241120513577f,3.0871027164826397f,-0.1777820910234723f,0.8312144552411971f,0.5267599619460478f,0.20073865536899949f,0.9209479874452375f,0.32916044594087623f,-0.20858620579647588f,2.1913498333906647f,0f,0f,0f,1f], start_interpolation: 0, interpolation_duration: 1 }
$data merge entity $(bone_head) { transformation: [-0.3901144650748941f,0.062187481921525005f,-1.0533605371531578f,2.853022597115271f,-0.20000485240140636f,1.0983286455913972f,0.1389145251197976f,0.23160854984006563f,1.0360664858758923f,0.23543980837068995f,-0.3698098612519034f,2.109169864223575f,0f,0f,0f,1f], start_interpolation: 0, interpolation_duration: 1 }
$data merge entity $(bone_neck) { transformation: [-0.3467684133999059f,0.055277761708022226f,-0.9363204774694736f,2.2069137940565033f,-0.1777820910234723f,0.9762921294145752f,0.12347957788426454f,-0.6164836351202193f,0.9209479874452375f,0.2092798296628355f,-0.32871987666835856f,1.1592511516911523f,0f,0f,0f,1f], start_interpolation: 0, interpolation_duration: 1 }
$data merge entity $(bone_right_arm2) { transformation: [-0.3467684133999059f,0.055277761708022226f,-0.9363204774694736f,1.8262055327018767f,-0.1777820910234723f,0.9762921294145752f,0.12347957788426454f,-2.2875063671642453f,0.9209479874452375f,0.2092798296628355f,-0.32871987666835856f,2.186349856163345f,0f,0f,0f,1f], start_interpolation: 0, interpolation_duration: 1 }
$data merge entity $(bone_right_arm1) { transformation: [-0.3937266360478098f,0.0627632919393169f,-1.0631138754601313f,1.3634023958708634f,-0.20185674918290084f,1.1084983552727987f,0.1402007707227587f,-0.8656738340673483f,1.0456596940784466f,0.23761980659634446f,-0.3732340266338654f,1.9472384713096835f,0f,0f,0f,1f], start_interpolation: 0, interpolation_duration: 1 }
$data merge entity $(bone_left_arm2) { transformation: [-0.3467684133999059f,0.055277761708022226f,-0.9363204774694736f,2.433050256151712f,-0.1777820910234723f,0.9762921294145752f,0.12347957788426454f,-1.9763877078731689f,0.9209479874452375f,0.2092798296628355f,-0.32871987666835856f,0.5746908781341795f,0f,0f,0f,1f], start_interpolation: 0, interpolation_duration: 1 }
$data merge entity $(bone_left_arm1) { transformation: [-0.3937266360478098f,0.0627632919393169f,-1.0631138754601313f,1.7535168609457576f,-0.20185674918290084f,1.1084983552727987f,0.1402007707227587f,-0.6656689816659419f,1.0456596940784466f,0.23761980659634446f,-0.3732340266338654f,0.9111719854337913f,0f,0f,0f,1f], start_interpolation: 0, interpolation_duration: 1 }
$data merge entity $(bone_body2) { transformation: [-0.5490499878831844f,0.08752312270436853f,-1.48250742266f,0.8574982475873834f,-0.2814883107871645f,1.5457958715730775f,0.19550933165008555f,-0.5f,1.458167646788293f,0.33135973029948956f,-0.5204731380582345f,0.6736363396264597f,0f,0f,0f,1f], start_interpolation: 0, interpolation_duration: 1 }
$data merge entity $(bone_right_leg2) { transformation: [-0.9127272452873825f,-0.021890626917579425f,-0.4079825684551505f,-0.6015142388612502f,0f,0.9985636287937294f,-0.05357872012561432f,-2.4422524529811147f,0.40856942581415245f,-0.048902757626275606f,-0.911416230153073f,1.0856092915144653f,0f,0f,0f,1f], start_interpolation: 0, interpolation_duration: 1 }
$data merge entity $(bone_right_leg1) { transformation: [-1.2169696603831766f,-0.3406096889700053f,-0.4251442852307784f,-0.5268181509483052f,0f,1.0405680365915717f,-0.833664164398194f,-1.125f,0.5447592344188699f,-0.7609079962659712f,-0.9497547975723255f,0.33464060404092155f,0f,0f,0f,1f], start_interpolation: 0, interpolation_duration: 1 }
$data merge entity $(bone_left_leg2) { transformation: [-0.9128684823733496f,0.19479533692362339f,-0.3587839330323883f,0.5254737767916791f,0f,0.8788257861856293f,0.47714278526999715f,-2.149608283033099f,0.40825376163530597f,0.4355686102648153f,-0.8022523617058412f,-1.2927682592702077f,0f,0f,0f,1f], start_interpolation: 0, interpolation_duration: 1 }
$data merge entity $(bone_left_leg1) { transformation: [-1.2171579764977993f,0.301138240989958f,-0.4534534130856592f,0.6140909056609228f,0f,1.110714598854646f,0.7376251471234831f,-1.125f,0.5443383488470745f,0.6733547486150329f,-1.0139363502063645f,-0.176071178226769f,0f,0f,0f,1f], start_interpolation: 0, interpolation_duration: 1 }
$data merge entity $(bone_tail3) { transformation: [-0.708894967496127f,0.007702474026967339f,0.7052720021045275f,1.0666997467428307f,-0.05579183331901187f,0.9961946980917455f,-0.06695815729841709f,-0.77438903654684f,-0.7031039726765654f,-0.08681471872764354f,-0.7057676729765054f,-3.038452641098088f,0f,0f,0f,1f], start_interpolation: 0, interpolation_duration: 1 }
$data merge entity $(bone_tail2) { transformation: [-1.092879741556529f,0.011874647458241313f,1.0872943365778132f,-0.3457413420202305f,-0.08601240970014329f,1.5358001595581077f,-0.10322715916839299f,-0.8426029766693868f,-1.0839519578763717f,-0.13383935803845046f,-1.0880584958387791f,-1.7867484910902776f,0f,0f,0f,1f], start_interpolation: 0, interpolation_duration: 1 }
$data merge entity $(bone_tail1) { transformation: [-0.9960871881844665f,0.007702474026967339f,0.08803968098889742f,-0.3147726045478757f,3.469446951953614e-18f,0.9961946980917455f,-0.08715574274765817f,-0.75f,-0.08837597826764321f,-0.08681471872764354f,-0.9922967757064804f,-0.7213861696186865f,0f,0f,0f,1f], start_interpolation: 0, interpolation_duration: 1 }
$data merge entity $(bone_body1) { transformation: [-1.2169696603831766f,0f,-0.5447592344188699f,0.5f,0f,1.3333333333333333f,0f,-1.1875f,0.5447592344188699f,0f,-1.2169696603831766f,-0.12499999999999994f,0f,0f,0f,1f], start_interpolation: 0, interpolation_duration: 1 }
data modify entity @s data merge value {"locators":{"hitbox_head":{"posx":3.1110741452569677,"posy":-0.41716139913287653,"posz":2.0810949321431647,"roty":289.34496252178275,"rotx":7.092961794023703},"hitbox_neck":{"posx":2.1298404863997265,"posy":-1.0869191763979542,"posz":1.5823351938737527,"roty":289.34496252178275,"rotx":7.092961794023703},"hitbox_right_arm":{"posx":2.2174149838910973,"posy":-3.3366496662099197,"posz":2.198989214050016,"roty":289.34496252178275,"rotx":7.092961794023703},"hitbox_left_arm":{"posx":2.8676057590159205,"posy":-3.003308245540909,"posz":0.47221173759019597,"roty":289.34496252178275,"rotx":7.092961794023703},"hitbox_tail1":{"posx":0.22196817484342252,"posy":-1.6288087542159813,"posz":-2.1189647306313217,"roty":44.97987310468636,"rotx":-3.839292313757399},"hitbox_tail2":{"posx":1.4533057507662328,"posy":-2.1195585412726157,"posz":-3.32150263881734,"roty":44.97987310468636,"rotx":-3.839292313757399}},"cameras":{}}