# This file was generated by Animated Java via MC-Build. It is not recommended to edit this file directly.
$data merge entity $(bone_jaw) { transformation: [-0.522752865811776f,0.3387064789304f,-0.7823089942063466f,2.673866465101831f,-0.1718332953204028f,0.8569803154493162f,0.4858580631745466f,0.19781724237850618f,0.8349866824715868f,0.38841042733551967f,-0.3897878654244288f,2.6280904598465598f,0f,0f,0f,1f], start_interpolation: 0, interpolation_duration: 1 }
$data merge entity $(bone_head) { transformation: [-0.588096974038248f,0.020382246746586764f,-0.95882819792944f,2.4607935322286223f,-0.19331245723545315f,1.0991407088940224f,0.1419330684848917f,0.22935792426403767f,0.9393600177805351f,0.23895452720027532f,-0.5710766068802379f,2.501184547206507f,0f,0f,0f,1f], start_interpolation: 0, interpolation_duration: 1 }
$data merge entity $(bone_neck) { transformation: [-0.522752865811776f,0.01811755266363268f,-0.8522917314928355f,2.0104330335914717f,-0.1718332953204028f,0.9770139634613533f,0.12616272754212596f,-0.6202955481254715f,0.8349866824715868f,0.2124040241780225f,-0.5076236505602114f,1.4455677142013932f,0f,0f,0f,1f], start_interpolation: 0, interpolation_duration: 1 }
$data merge entity $(bone_right_arm2) { transformation: [-0.522752865811776f,0.01811755266363268f,-0.8522917314928355f,1.4254085608012144f,-0.1718332953204028f,0.9770139634613533f,0.12616272754212596f,-2.284679413080869f,0.8349866824715868f,0.2124040241780225f,-0.5076236505602114f,2.383523052323958f,0f,0f,0f,1f], start_interpolation: 0, interpolation_duration: 1 }
$data merge entity $(bone_right_arm1) { transformation: [-0.593542316390454f,0.0205709712534996f,-0.9677062367991569f,1.026597553837088f,-0.19510238739504066f,1.1093179376800781f,0.1432472635634555f,-0.8619138060650057f,0.9480577957229473f,0.24116706911879637f,-0.5763643532402399f,2.052378736025096f,0f,0f,0f,1f], start_interpolation: 0, interpolation_duration: 1 }
$data merge entity $(bone_left_arm2) { transformation: [-0.522752865811776f,0.01811755266363268f,-0.8522917314928355f,2.3402260759718225f,-0.1718332953204028f,0.9770139634613533f,0.12616272754212596f,-1.9839711462701644f,0.8349866824715868f,0.2124040241780225f,-0.5076236505602114f,0.9222963579986805f,0f,0f,0f,1f], start_interpolation: 0, interpolation_duration: 1 }
$data merge entity $(bone_left_arm1) { transformation: [-0.593542316390454f,0.0205709712534996f,-0.9677062367991569f,1.614694527875336f,-0.19510238739504066f,1.1093179376800781f,0.1432472635634555f,-0.6686013488295525f,0.9480577957229473f,0.24116706911879637f,-0.5763643532402399f,1.1130187182445606f,0f,0f,0f,1f], start_interpolation: 0, interpolation_duration: 1 }
$data merge entity $(bone_body2) { transformation: [-0.8276920375353122f,0.028686125050751743f,-1.3494619081969896f,0.7841313225290436f,-0.2720693842573045f,1.5469387754804762f,0.19975765194169945f,-0.5f,1.3220622472466792f,0.3363063716152023f,-0.8037374467203349f,0.7025834650099629f,0f,0f,0f,1f], start_interpolation: 0, interpolation_duration: 1 }
$data merge entity $(bone_right_leg2) { transformation: [-0.9458096742971005f,0.006865969728242133f,-0.3246489157007975f,-0.7724049012164047f,0f,0.9997764368592648f,0.021144178891427057f,-2.525374814976689f,0.3247215114617642f,0.01999836895058027f,-0.9455982261157768f,0.7882352626456537f,0f,0f,0f,1f], start_interpolation: 0, interpolation_duration: 1 }
$data merge entity $(bone_right_leg1) { transformation: [-1.2610795657294673f,-0.2171371424475091f,-0.37457651828042554f,-0.5640358835842381f,0f,1.153531580320116f,-0.6686872744280044f,-1.125f,0.43296201528235223f,-0.6324508932333667f,-1.0910213282739885f,0.2403117003944848f,0f,0f,0f,1f], start_interpolation: 0, interpolation_duration: 1 }
$data merge entity $(bone_left_leg2) { transformation: [-0.9458096742971005f,0.11718450976584392f,-0.3028396451539188f,0.6795199568570008f,0f,0.932613437867599f,0.3608769534187215f,-2.285928871348644f,0.3247215114617642f,0.3413209137742909f,-0.8820748119146529f,-1.141896868300431f,0f,0f,0f,1f], start_interpolation: 0, interpolation_duration: 1 }
$data merge entity $(bone_left_leg1) { transformation: [-1.2610795657294673f,0.1872619728591472f,-0.3903704140918671f,0.6182262092871376f,0f,1.2021698603661282f,0.5766848399299755f,-1.125f,0.43296201528235223f,0.5454341006262458f,-1.1370238840826783f,-0.16559018893272048f,0f,0f,0f,1f], start_interpolation: 0, interpolation_duration: 1 }
$data merge entity $(bone_tail3) { transformation: [-0.8506092161668701f,0.0038267442160432805f,0.5257844780902987f,0.7612800544959824f,-0.04297662572894392f,0.9961216210342818f,-0.0767771173526915f,-0.795298424159445f,-0.5240390930197261f,-0.0879037663398996f,-0.8471457707209094f,-3.379954281259324f,0f,0f,0f,1f], start_interpolation: 0, interpolation_duration: 1 }
$data merge entity $(bone_tail2) { transformation: [-1.3113558749239247f,0.00589956399973339f,0.8105844037225438f,-0.33160950848469467f,-0.06625563133212187f,1.5356874990945177f,-0.1183647225853994f,-0.8434862112831942f,-0.8078936017387442f,-0.13551830644067855f,-1.3060163965280684f,-1.8405788915963535f,0f,0f,0f,1f], start_interpolation: 0, interpolation_duration: 1 }
$data merge entity $(bone_tail1) { transformation: [-0.999053769044261f,0.0038267442160432805f,0.043323464625549646f,-0.2527589685188085f,0f,0.9961216210342818f,-0.08798702238418281f,-0.75f,-0.043492143640619485f,-0.0879037663398996f,-0.9951790599207784f,-0.7777646224754489f,0f,0f,0f,1f], start_interpolation: 0, interpolation_duration: 1 }
$data merge entity $(bone_body1) { transformation: [-1.2610795657294673f,0f,-0.43296201528235223f,0.5f,0f,1.3333333333333333f,0f,-1.1875f,0.43296201528235223f,0f,-1.2610795657294673f,-0.12499999999999994f,0f,0f,0f,1f], start_interpolation: 0, interpolation_duration: 1 }
data modify entity @s data merge value {"locators":{"hitbox_head":{"posx":2.715811227905363,"posy":-0.4207016552562224,"posz":2.527064422895309,"roty":300.7779632076166,"rotx":7.247906779056107},"hitbox_neck":{"posx":1.848798984873326,"posy":-1.088362773026446,"posz":1.8468625026904546,"roty":300.7779632076166,"rotx":7.247906779056107},"hitbox_right_arm":{"posx":1.8007648197707635,"posy":-3.3355143212708107,"posz":2.4771175210805154,"roty":300.7779632076166,"rotx":7.247906779056107},"hitbox_left_arm":{"posx":2.7809264431678438,"posy":-3.0133268925450554,"posz":0.9115174914462896,"roty":300.7779632076166,"rotx":7.247906779056107},"hitbox_tail1":{"posx":0.133323414061212,"posy":-1.637989617022763,"posz":-2.291558897584588,"roty":31.82597508073917,"rotx":-4.403338113186471},"hitbox_tail2":{"posx":1.0520112216382187,"posy":-2.1458951802778286,"posz":-3.741100083968717,"roty":31.82597508073917,"rotx":-4.403338113186471}},"cameras":{}}