# This file was generated by Animated Java via MC-Build. It is not recommended to edit this file directly.
$data merge entity $(bone_jaw) { transformation: [-0.9061689712723079f,0.06443809094022523f,-0.41797790364954274f,1.1645611208205022f,-0.10368679746829701f,0.9243095597340144f,0.36728855933050886f,0.31116212052047487f,0.4100083456882987f,0.37616428621054876f,-0.8308992635967689f,3.3520274913624792f,0f,0f,0f,1f], start_interpolation: 0, interpolation_duration: 1 }
$data merge entity $(bone_head) { transformation: [-1.0194400926813463f,-0.05906194340427248f,-0.4721001845743743f,1.0596499686928635f,-0.11664764715183414f,1.1132550467638476f,0.11261228737915097f,0.3361870732713973f,0.46125938889933604f,0.15099631682969553f,-1.0149211242535439f,3.1264894637505805f,0f,0f,0f,1f], start_interpolation: 0, interpolation_duration: 1 }
$data merge entity $(bone_neck) { transformation: [-0.9061689712723079f,-0.052499505248242206f,-0.41964460851055496f,1.227553934240449f,-0.10368679746829701f,0.9895600415678646f,0.10009981100368975f,-0.5820459757198124f,0.4100083456882987f,0.1342189482930627f,-0.9021521104475945f,2.0458790686063812f,0f,0f,0f,1f], start_interpolation: 0, interpolation_duration: 1 }
$data merge entity $(bone_right_arm2) { transformation: [-0.9061689712723079f,-0.052499505248242206f,-0.41964460851055496f,0.13572300163110307f,-0.10368679746829701f,0.9895600415678646f,0.10009981100368975f,-2.165876596555718f,0.4100083456882987f,0.1342189482930627f,-0.9021521104475945f,2.585854326465438f,0f,0f,0f,1f], start_interpolation: 0, interpolation_duration: 1 }
$data merge entity $(bone_right_arm1) { transformation: [-1.028879352798766f,-0.05960881325060833f,-0.4764714825796926f,0.0614895361643748f,-0.11772771795879555f,1.1235629638635127f,0.11365499374377272f,-0.7658582977240163f,0.4655303091669224f,0.1523944308744149f,-1.0243185420707062f,2.0136595121397685f,0f,0f,0f,1f], start_interpolation: 0, interpolation_duration: 1 }
$data merge entity $(bone_left_arm2) { transformation: [-0.9061689712723079f,-0.052499505248242206f,-0.41964460851055496f,1.7215187013576418f,-0.10368679746829701f,0.9895600415678646f,0.10009981100368975f,-1.9844247009861984f,0.4100083456882987f,0.1342189482930627f,-0.9021521104475945f,1.8683397215109154f,0f,0f,0f,1f], start_interpolation: 0, interpolation_duration: 1 }
$data merge entity $(bone_left_arm1) { transformation: [-1.028879352798766f,-0.05960881325060833f,-0.4764714825796926f,1.080929628845721f,-0.11772771795879555f,1.1235629638635127f,0.11365499374377272f,-0.6492106505721822f,0.4655303091669224f,0.1523944308744149f,-1.0243185420707062f,1.5524001232404323f,0f,0f,0f,1f], start_interpolation: 0, interpolation_duration: 1 }
$data merge entity $(bone_body2) { transformation: [-1.4347675378478209f,-0.08312421664305017f,-0.6644372968083787f,0.6275960285845414f,-0.16417076265813696f,1.566803399149119f,0.1584913674225088f,-0.5f,0.6491798806731397f,0.21251333479734927f,-1.4284075082086913f,0.7406467255696476f,0f,0f,0f,1f], start_interpolation: 0, interpolation_duration: 1 }
$data merge entity $(bone_right_leg2) { transformation: [-0.9893105435081687f,0.04462391332163132f,-0.13882850882810518f,-1.0386439578147955f,0f,0.9520276341838199f,0.30601206471372816f,-2.5474864453917556f,0.1458240326680474f,0.3027409620619953f,-0.9418509762091908f,-0.2772155831600366f,0f,0f,0f,1f], start_interpolation: 0, interpolation_duration: 1 }
$data merge entity $(bone_right_leg1) { transformation: [-1.3190807246775582f,0.008488422788742676f,-0.19424666339596386f,-0.6129743614466898f,0f,1.3320620740076867f,0.05821004009720161f,-1.125f,0.19443204355739652f,0.057587806406194826f,-1.317823054423163f,0.03905203675155336f,0f,0f,0f,1f], start_interpolation: 0, interpolation_duration: 1 }
$data merge entity $(bone_left_leg2) { transformation: [-0.9893105435081687f,-0.01746435561727078f,-0.14477446178952025f,0.9663786593820769f,0f,0.9928024835184995f,-0.11976321939351722f,-2.583239262423099f,0.1458240326680474f,-0.11848301567048856f,-0.9821899645659464f,-0.38974837034571846f,0f,0f,0f,1f], start_interpolation: 0, interpolation_duration: 1 }
$data merge entity $(bone_left_leg1) { transformation: [-1.3190807246775582f,-0.015898707664054112f,-0.19378093470854732f,0.6236638179385211f,0f,1.32886830217944f,-0.10902666297979702f,-1.125f,0.19443204355739652f,-0.10786122720942493f,-1.3146634222799192f,-0.14322800408350586f,0f,0f,0f,1f], start_interpolation: 0, interpolation_duration: 1 }
$data merge entity $(bone_tail3) { transformation: [-0.934222792365026f,-0.02202282239597736f,-0.3560095076250193f,-1.0386409966657084f,0.011714008671762425f,0.995659461092916f,-0.09233103236183286f,-0.8367868765419738f,0.35649762443322297f,-0.09042805333456641f,-0.9299097864543578f,-3.6515552879838804f,0f,0f,0f,1f], start_interpolation: 0, interpolation_duration: 1 }
$data merge entity $(bone_tail2) { transformation: [-1.440260138229415f,-0.03395185119379843f,-0.5488479909219047f,-0.4837717397151798f,0.018059096702300402f,1.5349750025182454f,-0.14234367489115898f,-0.8488880887344886f,0.549600504334552f,-0.13940991555745655f,-1.4336109207838015f,-1.8464569753275757f,0f,0f,0f,1f], start_interpolation: 0, interpolation_duration: 1 }
$data merge entity $(bone_tail1) { transformation: [-0.9716014122383142f,-0.02202282239597736f,-0.23559645801715418f,-0.11200032654216419f,0f,0.995659461092916f,-0.0930711423383422f,-0.75f,0.23662353166266759f,-0.09042805333456641f,-0.9673841385063161f,-0.8481892696224482f,0f,0f,0f,1f], start_interpolation: 0, interpolation_duration: 1 }
$data merge entity $(bone_body1) { transformation: [-1.3190807246775582f,0f,-0.19443204355739652f,0.5f,0f,1.3333333333333333f,0f,-1.1875f,0.19443204355739652f,0f,-1.3190807246775582f,-0.12499999999999994f,0f,0f,0f,1f], start_interpolation: 0, interpolation_duration: 1 }
data modify entity @s data merge value {"locators":{"hitbox_head":{"posx":1.2236010996325632,"posy":-0.31356914364717103,"posz":3.3245251555822897,"roty":335.0540596749711,"rotx":5.744918065512608},"hitbox_neck":{"posx":0.8466123391362051,"posy":-1.0174868664173713,"posz":2.3133201496465814,"roty":335.0540596749711,"rotx":5.744918065512608},"hitbox_right_arm":{"posx":0.3414092504301035,"posy":-3.211966968467196,"posz":2.9283369550016913,"roty":335.0540596749711,"rotx":5.744918065512608},"hitbox_left_arm":{"posx":2.040476071565681,"posy":-3.0175542232141392,"posz":2.1595713068361313,"roty":335.0540596749711,"rotx":5.744918065512608},"hitbox_tail1":{"posx":-0.5952333103647693,"posy":-1.660574520386906,"posz":-2.462511116568175,"roty":339.0510022972851,"rotx":-5.297723933892512},"hitbox_tail2":{"posx":-1.2099913903100614,"posy":-2.195526124929957,"posz":-4.055942722862838,"roty":339.0510022972851,"rotx":-5.297723933892512}},"cameras":{}}