# This file was generated by Animated Java via MC-Build. It is not recommended to edit this file directly.
$data merge entity $(bone_jaw) { transformation: [-0.9584117232894624f,0.020142769759774616f,-0.2846774270779603f,0.7569304933545072f,-0.07671001253165002f,0.9426141633761079f,0.3249524780335642f,0.3787970478091392f,0.27488641770505284f,0.33327587345795767f,-0.9018673125976562f,3.3844959503278473f,0f,0f,0f,1f], start_interpolation: 0, interpolation_duration: 1 }
$data merge entity $(bone_head) { transformation: [-1.0782131887006452f,-0.05768806849217498f,-0.3158376267413822f,0.6867443540786445f,-0.08629876409810627f,1.118036547232655f,0.09039802192096083f,0.3988854971249083f,0.30924721991818444f,0.11086643227652468f,-1.075964586390811f,3.145392708907667f,0f,0f,0f,1f], start_interpolation: 0, interpolation_duration: 1 }
$data merge entity $(bone_neck) { transformation: [-0.9584117232894624f,-0.05127828310415554f,-0.28074455710345086f,0.9923284388749872f,-0.07671001253165002f,0.9938102642068045f,0.08035379726307629f,-0.5533954420527469f,0.27488641770505284f,0.09854793980135527f,-0.9564129656807208f,2.126156779400615f,0f,0f,0f,1f], start_interpolation: 0, interpolation_duration: 1 }
$data merge entity $(bone_right_arm2) { transformation: [-0.9584117232894624f,-0.05127828310415554f,-0.28074455710345086f,-0.19913554422890287f,-0.07671001253165002f,0.9938102642068045f,0.08035379726307629f,-2.102540301067874f,0.27488641770505284f,0.09854793980135527f,-0.9564129656807208f,2.54179037134575f,0f,0f,0f,1f], start_interpolation: 0, interpolation_duration: 1 }
$data merge entity $(bone_right_arm1) { transformation: [-1.088196644151577f,-0.05822221727450993f,-0.3187620492112098f,-0.1599465102837725f,-0.08709782672864429f,1.1283887374848092f,0.09123504064245119f,-0.7189492147619374f,0.31211062010261204f,0.11189297331612212f,-1.0859272214499849f,1.9276986228967041f,0f,0f,0f,1f], start_interpolation: 0, interpolation_duration: 1 }
$data merge entity $(bone_left_arm2) { transformation: [-0.9584117232894624f,-0.05127828310415554f,-0.28074455710345086f,1.4780849715276563f,-0.07671001253165002f,0.9938102642068045f,0.08035379726307629f,-1.9682977791374863f,0.27488641770505284f,0.09854793980135527f,-0.9564129656807208f,2.0607391403619073f,0f,0f,0f,1f], start_interpolation: 0, interpolation_duration: 1 }
$data merge entity $(bone_left_arm1) { transformation: [-1.088196644151577f,-0.05822221727450993f,-0.3187620492112098f,0.9182666784168727f,-0.08709782672864429f,1.1283887374848092f,0.09123504064245119f,-0.6326504506638312f,0.31211062010261204f,0.11189297331612212f,-1.0859272214499849f,1.6184514029785197f,0f,0f,0f,1f], start_interpolation: 0, interpolation_duration: 1 }
$data merge entity $(bone_body2) { transformation: [-1.517485228541649f,-0.08119061491491295f,-0.44451221541379726f,0.5919630307327863f,-0.12145751984177922f,1.5735329183274407f,0.12722684566653747f,-0.5f,0.4352368280330004f,0.15603423801881253f,-1.5143205289944748f,0.7451538949969945f,0f,0f,0f,1f], start_interpolation: 0, interpolation_duration: 1 }
$data merge entity $(bone_right_leg2) { transformation: [-0.9944615942822794f,0.03929004788544354f,-0.09748040641434835f,-1.052504196550014f,0f,0.927496135489428f,0.37383274154650603f,-2.477508039848112f,0.10510060655175578f,0.3717623041532537f,-0.9223592855894696f,-0.5427501907130785f,0f,0f,0f,1f], start_interpolation: 0, interpolation_duration: 1 }
$data merge entity $(bone_right_leg1) { transformation: [-1.3259487923763724f,0.026490471861020038f,-0.13760753131277859f,-0.6187692935675644f,0f,1.309293407788423f,0.252048705808135f,-1.125f,0.1401341420690077f,0.2506527578147431f,-1.3020420096925538f,-0.006761817629274691f,0f,0f,0f,1f], start_interpolation: 0, interpolation_duration: 1 }
$data merge entity $(bone_left_leg2) { transformation: [-0.9944615942822794f,-0.02552457480465957f,-0.1019540758311717f,0.9978006148182033f,0f,0.9700617263418494f,-0.2428584918973825f,-2.5960652962452677f,0.10510060655175578f,-0.24151344303726105f,-0.9646891309301359f,-0.17215869028548286f,0f,0f,0f,1f], start_interpolation: 0, interpolation_duration: 1 }
$data merge entity $(bone_left_leg1) { transformation: [-1.3259487923763724f,-0.03027311985118811f,-0.13682512922666082f,0.624307699285285f,0f,1.3018490921770525f,-0.28803943996536696f,-1.125f,0.1401341420690077f,-0.2864441606841337f,-1.2946389237213296f,-0.1381375758189694f,0f,0f,0f,1f], start_interpolation: 0, interpolation_duration: 1 }
$data merge entity $(bone_tail3) { transformation: [-0.8217876768028538f,-0.02921812349857928f,-0.5690442122666658f,-1.4989489686536934f,0.026707046522147587f,0.9956116135522084f,-0.08968973534374942f,-0.8342599019425748f,0.569167592121189f,-0.0889034094913673f,-0.8174010251154435f,-3.443931822064699f,0f,0f,0f,1f], start_interpolation: 0, interpolation_duration: 1 }
$data merge entity $(bone_tail2) { transformation: [-1.2669226684043995f,-0.04504460706030972f,-0.8772764939111097f,-0.5292361320980683f,0.04117336338831086f,1.5349012375596545f,-0.1382716753216137f,-0.8494304448988153f,0.8774667045201662f,-0.1370594229658579f,-1.260159913719642f,-1.8234895616784623f,0f,0f,0f,1f], start_interpolation: 0, interpolation_duration: 1 }
$data merge entity $(bone_tail1) { transformation: [-0.9500095537207364f,-0.02921812349857928f,-0.3108506861799555f,-0.08020608381677352f,-1.734723475976807e-18f,0.9956116135522084f,-0.09358159519888497f,-0.75f,0.3122208318471517f,-0.0889034094913673f,-0.9458405446699156f,-0.857561586947571f,0f,0f,0f,1f], start_interpolation: 0, interpolation_duration: 1 }
$data merge entity $(bone_body1) { transformation: [-1.3259487923763724f,0f,-0.1401341420690077f,0.5f,0f,1.3333333333333333f,0f,-1.1875f,0.1401341420690077f,0f,-1.3259487923763724f,-0.12499999999999994f,0f,0f,0f,1f], start_interpolation: 0, interpolation_duration: 1 }
data modify entity @s data merge value {"locators":{"hitbox_head":{"posx":0.8065259551135702,"posy":-0.24735647964905594,"posz":3.3826792983070453,"roty":343.64097598114296,"rotx":4.608902296370922},"hitbox_neck":{"posx":0.5674450030322457,"posy":-0.9744735220540082,"posz":2.3461961315377233,"roty":343.64097598114296,"rotx":4.608902296370922},"hitbox_right_arm":{"posx":-0.06738571527861328,"posy":-3.1413218396894447,"posz":2.938629315491321,"roty":343.64097598114296,"rotx":4.608902296370922},"hitbox_left_arm":{"posx":1.7296362658891287,"posy":-2.997490566192601,"posz":2.4232172822943467,"roty":343.64097598114296,"rotx":4.608902296370922},"hitbox_tail1":{"posx":-0.7958169758071099,"posy":-1.661139228927068,"posz":-2.389921158341953,"roty":325.1557986645573,"rotx":-5.145758049845875},"hitbox_tail2":{"posx":-1.7806875509618076,"posy":-2.1914506208607074,"posz":-3.7870341737347166,"roty":325.1557986645573,"rotx":-5.145758049845875}},"cameras":{}}