# This file was generated by Animated Java via MC-Build. It is not recommended to edit this file directly.
$data merge entity $(bone_jaw) { transformation: [-0.9954866592226169f,-0.013747756532033382f,-0.093900535142934f,0.23174573664181464f,-0.03748099245934125f,0.9659685334799346f,0.2559296144077261f,0.4945679788347931f,0.08718650419678642f,0.25829400209250025f,-0.9621240678670208f,3.3330668256870783f,0f,0f,0f,1f], start_interpolation: 0, interpolation_duration: 1 }
$data merge entity $(bone_head) { transformation: [-1.119922491625444f,-0.037650209276062656f,-0.09990532765036117f,0.20954455271951217f,-0.0421661165167589f,1.1231228914912763f,0.0494164873920656f,0.5055494204774743f,0.09808481722138472f,0.05293800477675515f,-1.119465022357065f,3.0842968207188415f,0f,0f,0f,1f], start_interpolation: 0, interpolation_duration: 1 }
$data merge entity $(bone_neck) { transformation: [-0.9954866592226169f,-0.03346685268983347f,-0.08880473568920993f,0.6706925655662856f,-0.03748099245934125f,0.9983314591033566f,0.04392576657072497f,-0.5007475732514574f,0.08718650419678642f,0.047056004246004576f,-0.9950800198729467f,2.1822040479622995f,0f,0f,0f,1f], start_interpolation: 0, interpolation_duration: 1 }
$data merge entity $(bone_right_arm2) { transformation: [-0.9954866592226169f,-0.03346685268983347f,-0.08880473568920993f,-0.6333421021814499f,-0.03748099245934125f,0.9983314591033566f,0.04392576657072497f,-1.9956214915761379f,0.08718650419678642f,0.047056004246004576f,-0.9950800198729467f,2.4210199888554267f,0f,0f,0f,1f], start_interpolation: 0, interpolation_duration: 1 }
$data merge entity $(bone_right_arm1) { transformation: [-1.1302921443256795f,-0.03799882232491508f,-0.1008303769804571f,-0.42723102111612044f,-0.042556543521543706f,1.1335221775236026f,0.04987404746051064f,-0.6433996768420646f,0.09899300997343456f,0.05342817148765102f,-1.1298304392307414f,1.7714176982041612f,0f,0f,0f,1f], start_interpolation: 0, interpolation_duration: 1 }
$data merge entity $(bone_left_arm2) { transformation: [-0.9954866592226169f,-0.03346685268983347f,-0.08880473568920993f,1.1087595514581294f,-0.03748099245934125f,0.9983314591033566f,0.04392576657072497f,-1.9300297547722904f,0.08718650419678642f,0.047056004246004576f,-0.9950800198729467f,2.2684436065110507f,0f,0f,0f,1f], start_interpolation: 0, interpolation_duration: 1 }
$data merge entity $(bone_left_arm1) { transformation: [-1.1302921443256795f,-0.03799882232491508f,-0.1008303769804571f,0.6926914705093234f,-0.042556543521543706f,1.1335221775236026f,0.04987404746051064f,-0.6012335603253056f,0.09899300997343456f,0.05342817148765102f,-1.1298304392307414f,1.6733328809827765f,0f,0f,0f,1f], start_interpolation: 0, interpolation_duration: 1 }
$data merge entity $(bone_body2) { transformation: [-1.5761872104358103f,-0.05298918342556967f,-0.1406074981745824f,0.545127436306161f,-0.059344904727290315f,1.5806914769136482f,0.06954913040364788f,-0.5f,0.1380452983115785f,0.07450534005617392f,-1.5755433647988324f,0.7488355191295635f,0f,0f,0f,1f], start_interpolation: 0, interpolation_duration: 1 }
$data merge entity $(bone_right_leg2) { transformation: [-0.998669164719501f,0.023398160662549877f,-0.04596113049157796f,-1.0403468419120385f,0f,0.8911649424817931f,0.4536794521371035f,-2.34565568249391f,0.05157421292132682f,0.45307567951616196f,-0.8899789487355944f,-0.8675589615693402f,0f,0f,0f,1f], start_interpolation: 0, interpolation_duration: 1 }
$data merge entity $(bone_right_leg1) { transformation: [-1.331558886292668f,0.02538125249737701f,-0.06391010979862367f,-0.6235028103094387f,0f,1.239187302695525f,0.49213068042539976f,-1.125f,0.06876561722843576f,0.4914757355532736f,-1.2375381485139514f,-0.06697901046350727f,0f,0f,0f,1f], start_interpolation: 0, interpolation_duration: 1 }
$data merge entity $(bone_left_leg2) { transformation: [-0.998669164719501f,-0.020300695679955287f,-0.04741077085815204f,1.0127115666684925f,0f,0.9192727949231946f,-0.3936210468383242f,-2.5730289657153094f,0.05157421292132682f,-0.39309720206204485f,-0.9180493942553078f,0.10824121388337754f,0f,0f,0f,1f], start_interpolation: 0, interpolation_duration: 1 }
$data merge entity $(bone_left_leg1) { transformation: [-1.331558886292668f,-0.026226730592397222f,-0.06356782767439483f,0.6248336455899376f,0f,1.2325506115112894f,-0.5085241074333879f,-1.125f,0.06876561722843576f,-0.5078473456102313f,-1.2309102896724897f,-0.1314467766151658f,0f,0f,0f,1f], start_interpolation: 0, interpolation_duration: 1 }
$data merge entity $(bone_tail3) { transformation: [-0.6115806231203734f,-0.03749931089966152f,-0.7902929476502663f,-1.993569096047778f,0.044241280036744435f,0.995692394104561f,-0.08148230153252924f,-0.8201301914902616f,0.7899442072478322f,-0.08479656835260602f,-0.607287157307987f,-3.0374768623922384f,0f,0f,0f,1f], start_interpolation: 0, interpolation_duration: 1 }
$data merge entity $(bone_tail2) { transformation: [-0.942853460643909f,-0.05781143763697817f,-1.2183682942941603f,-0.5811862762998892f,0.06820530672331433f,1.5350257742445315f,-0.12561854819598256f,-0.8485130400067814f,1.217830652840408f,-0.13072804287693426f,-0.9362343675164798f,-1.7841710599676703f,0f,0f,0f,1f], start_interpolation: 0, interpolation_duration: 1 }
$data merge entity $(bone_tail1) { transformation: [-0.9145627205133646f,-0.03749931089966152f,-0.402701914484205f,-0.03899515209625082f,-3.469446951953614e-18f,0.995692394104561f,-0.09271815530050012f,-0.75f,0.4044441002749247f,-0.08479656835260602f,-0.9106231447467324f,-0.8671894812086327f,0f,0f,0f,1f], start_interpolation: 0, interpolation_duration: 1 }
$data merge entity $(bone_body1) { transformation: [-1.331558886292668f,0f,-0.06876561722843576f,0.5f,0f,1.3333333333333333f,0f,-1.1875f,0.06876561722843576f,0f,-1.331558886292668f,-0.12499999999999994f,0f,0f,0f,1f], start_interpolation: 0, interpolation_duration: 1 }
data modify entity @s data merge value {"locators":{"hitbox_head":{"posx":0.2582128155535362,"posy":-0.13213454351547516,"posz":3.3658493242753846,"roty":354.9002165087384,"rotx":2.517571076969586},"hitbox_neck":{"posx":0.196599897674816,"posy":-0.8993530874662273,"posz":2.3325363009525595,"roty":354.9002165087384,"rotx":2.517571076969586},"hitbox_right_arm":{"posx":-0.6176907978484251,"posy":-3.018258395993566,"posz":2.8769531510581947,"roty":354.9002165087384,"rotx":2.517571076969586},"hitbox_left_arm":{"posx":1.2488466881939815,"posy":-2.9479815351323007,"posz":2.7134784556892204,"roty":354.9002165087384,"rotx":2.517571076969586},"hitbox_tail1":{"posx":-1.0199406167446543,"posy":-1.656831577893409,"posz":-2.2368265802584357,"roty":307.5398632046453,"rotx":-4.673773560272919},"hitbox_tail2":{"posx":-2.388891033545247,"posy":-2.1728102533645455,"posz":-3.267780392415186,"roty":307.5398632046453,"rotx":-4.673773560272919}},"cameras":{}}