# This file was generated by Animated Java via MC-Build. It is not recommended to edit this file directly.
$data merge entity $(bone_jaw) { transformation: [-0.9997754449224986f,-0.018416343960769434f,0.010483224939805833f,-0.03281857985447241f,-0.01578398937954127f,0.9772545028314213f,0.2114816833084554f,0.5676158412873054f,-0.014139498197830933f,0.2112687269115567f,-0.9773257387482862f,3.263846479080765f,0f,0f,0f,1f], start_interpolation: 0, interpolation_duration: 1 }
$data merge entity $(bone_head) { transformation: [-1.124747375537811f,-0.01806449294415003f,0.01555684143639817f,-0.029361503979717263f,-0.017756988051983932f,1.1246425255551362f,0.022110610310127152f,0.5725293102451114f,-0.0159069354725598f,0.021860096240304046f,-1.124675111130426f,3.0139186766073367f,0f,0f,0f,1f], start_interpolation: 0, interpolation_duration: 1 }
$data merge entity $(bone_neck) { transformation: [-0.9997754449224986f,-0.016057327061466693f,0.013828303499020596f,0.4988226250772946f,-0.01578398937954127f,0.9996822449378989f,0.019653875831224136f,-0.46577230619876603f,-0.014139498197830933f,0.01943119665804804f,-0.9997112098937121f,2.188077421218435f,0f,0f,0f,1f], start_interpolation: 0, interpolation_duration: 1 }
$data merge entity $(bone_right_arm2) { transformation: [-0.9997754449224986f,-0.016057327061466693f,0.013828303499020596f,-0.855379010946349f,-0.01578398937954127f,0.9996822449378989f,0.019653875831224136f,-1.9282036204122195f,-0.014139498197830933f,0.01943119665804804f,-0.9997112098937121f,2.3281491178555442f,0f,0f,0f,1f], start_interpolation: 0, interpolation_duration: 1 }
$data merge entity $(bone_right_arm1) { transformation: [-1.1351617030890868f,-0.018231756767706973f,0.015700886264512968f,-0.5545174675206667f,-0.017921404608020816f,1.1350558822732393f,0.022315338183369067f,-0.5976761376161539f,-0.016054221912120536f,0.022062504538825377f,-1.1350887695668188f,1.6707696998541275f,0f,0f,0f,1f], start_interpolation: 0, interpolation_duration: 1 }
$data merge entity $(bone_left_arm2) { transformation: [-0.9997754449224986f,-0.016057327061466693f,0.013828303499020596f,0.8942280176680235f,-0.01578398937954127f,0.9996822449378989f,0.019653875831224136f,-1.9005816389980223f,-0.014139498197830933f,0.01943119665804804f,-0.9997112098937121f,2.352893239701748f,0f,0f,0f,1f], start_interpolation: 0, interpolation_duration: 1 }
$data merge entity $(bone_left_arm1) { transformation: [-1.1351617030890868f,-0.018231756767706973f,0.015700886264512968f,0.5702299080171443f,-0.017921404608020816f,1.1350558822732393f,0.022315338183369067f,-0.57991914956417f,-0.016054221912120536f,0.022062504538825377f,-1.1350887695668188f,1.686676635326687f,0f,0f,0f,1f], start_interpolation: 0, interpolation_duration: 1 }
$data merge entity $(bone_body2) { transformation: [-1.5829777877939561f,-0.0254241011806556f,0.021894813873449277f,0.5197043942984784f,-0.024991316517607016f,1.5828302211516734f,0.03111863673277155f,-0.5f,-0.022387538813232313f,0.030766061375242734f,-1.582876082331711f,0.7497781072050957f,0f,0f,0f,1f], start_interpolation: 0, interpolation_duration: 1 }
$data merge entity $(bone_right_leg2) { transformation: [-0.9997464082343952f,0.010963953906800664f,-0.01967005178324527f,-1.0205391954572838f,0f,0.8734749746491184f,0.4868690467278877f,-2.2656541737258244f,0.022519307769689547f,0.48674558074670965f,-0.8732534685880854f,-1.0199475465299472f,0f,0f,0f,1f], start_interpolation: 0, interpolation_duration: 1 }
$data merge entity $(bone_right_leg1) { transformation: [-1.3329952109791936f,0.013582351843901903f,-0.026778069435665883f,-0.6247147092636947f,0f,1.1891160114481196f,0.6031425114311652f,-1.125f,0.030025743692919396f,0.60298955945678f,-1.1888144614192675f,-0.09966577875909921f,0f,0f,0f,1f], start_interpolation: 0, interpolation_duration: 1 }
$data merge entity $(bone_left_leg2) { transformation: [-0.9997464082343952f,-0.010410459146508486f,-0.019968514285867083f,1.0084194560909645f,0f,0.8867286015223004f,-0.46229037113302024f,-2.5462798326213436f,0.022519307769689547f,-0.4621731381015825f,-0.886503734450628f,0.2431518627577657f,0f,0f,0f,1f], start_interpolation: 0, interpolation_duration: 1 }
$data merge entity $(bone_left_leg1) { transformation: [-1.3329952109791936f,-0.013731696184256254f,-0.026701794026173054f,0.6249683010292995f,0f,1.1857288998071707f,-0.6097743467380818f,-1.125f,0.030025743692919396f,-0.6096197129848719f,-1.1854282087219399f,-0.12781491347121113f,0f,0f,0f,1f], start_interpolation: 0, interpolation_duration: 1 }
$data merge entity $(bone_tail3) { transformation: [-0.4918895960969911f,-0.04029524281583701f,-0.8697246223132651f,-2.175941035996387f,0.05099203112972526f,0.9958804430756248f,-0.07497970299195793f,-0.806576649800623f,0.8691630675614354f,-0.0812307608354731f,-0.4878084926293167f,-2.8024203804143077f,0f,0f,0f,1f], start_interpolation: 0, interpolation_duration: 1 }
$data merge entity $(bone_tail2) { transformation: [-0.7583297939828613f,-0.062121832674415386f,-1.340825459399617f,-0.5991382106431693f,0.07861271465832644f,1.5353156830749215f,-0.11559370877926846f,-0.8463432858761659f,1.3399597291572127f,-0.12523075628802102f,-0.7520380928035298f,-1.7639033056325082f,0f,0f,0f,1f], start_interpolation: 0, interpolation_duration: 1 }
$data merge entity $(bone_tail1) { transformation: [-0.8958349572862297f,-0.04029524281583701f,-0.44255623677719375f,-0.016942839406622223f,0f,0.9958804430756248f,-0.09067603376580327f,-0.75f,0.44438691396572305f,-0.0812307608354731f,-0.8921445141848441f,-0.8715481235568268f,0f,0f,0f,1f], start_interpolation: 0, interpolation_duration: 1 }
$data merge entity $(bone_body1) { transformation: [-1.3329952109791936f,0f,-0.030025743692919396f,0.5f,0f,1.3333333333333333f,0f,-1.1875f,0.030025743692919396f,0f,-1.3329952109791936f,-0.12499999999999994f,0f,0f,0f,1f], start_interpolation: 0, interpolation_duration: 1 }
data modify entity @s data merge value {"locators":{"hitbox_head":{"posx":-0.023647019409744514,"posy":-0.05841392903833287,"posz":3.314183931787842,"roty":0.7924817638884463,"rotx":1.1261566451351455},"hitbox_neck":{"posx":0.0032278623267176787,"posy":-0.8510018772191519,"posz":2.2986848746094655,"roty":0.7924817638884463,"rotx":1.1261566451351455},"hitbox_right_arm":{"posx":-0.9087218009420488,"posy":-2.938699302601952,"posz":2.807689807506988,"roty":0.7924817638884463,"rotx":1.1261566451351455},"hitbox_left_arm":{"posx":0.9658571582876361,"posy":-2.9091043225153124,"posz":2.8342013666279207,"roty":0.7924817638884463,"rotx":1.1261566451351455},"hitbox_tail1":{"posx":-1.1053662568595373,"posy":-1.6511761678810712,"posz":-2.146993957133738,"roty":299.28706224664353,"rotx":-4.30005608805316},"hitbox_tail2":{"posx":-2.6122736298518126,"posy":-2.155845814270357,"posz":-2.97019728392174,"roty":299.28706224664353,"rotx":-4.30005608805316}},"cameras":{}}