# This file was generated by Animated Java via MC-Build. It is not recommended to edit this file directly.
$data merge entity $(bone_jaw) { transformation: [-0.9984826435682809f,-0.017364625160788943f,0.052257825116653785f,-0.1350069275056065f,-0.00704968937474091f,0.9814797560879751f,0.1914361258206206f,0.5989219627970181f,-0.054614214016290116f,0.19077724754937134f,-0.9801129166809651f,3.228490051069298f,0f,0f,0f,1f], start_interpolation: 0, interpolation_duration: 1 }
$data merge entity $(bone_head) { transformation: [-1.123292974014316f,-0.008471241970603713f,0.06136882424773062f,-0.12136941100611082f,-0.007930900546583523f,1.1249265618682385f,0.010115889472732474f,0.6011699382354031f,-0.06144099076832638f,0.009667908914538895f,-1.1232793669388867f,2.9788724139717675f,0f,0f,0f,1f], start_interpolation: 0, interpolation_duration: 1 }
$data merge entity $(bone_neck) { transformation: [-0.9984826435682809f,-0.007529992862758857f,0.054550065997982775f,0.43019445681807195f,-0.00704968937474091f,0.9999347216606563f,0.008991901753539977f,-0.4504299386669227f,-0.054614214016290116f,0.008593696812923463f,-0.9984705483901216f,2.1857913975492074f,0f,0f,0f,1f], start_interpolation: 0, interpolation_duration: 1 }
$data merge entity $(bone_right_arm2) { transformation: [-0.9984826435682809f,-0.007529992862758857f,0.054550065997982775f,-0.9421229507227203f,-0.00704968937474091f,0.9999347216606563f,0.008991901753539977f,-1.8992154055231736f,-0.054614214016290116f,0.008593696812923463f,-0.9984705483901216f,2.285556641931379f,0f,0f,0f,1f], start_interpolation: 0, interpolation_duration: 1 }
$data merge entity $(bone_right_arm1) { transformation: [-1.1336938348848187f,-0.008549679396257451f,0.06193705410187627f,-0.6024770698663904f,-0.00800433481090374f,1.1353425485522033f,0.010209555115998515f,-0.578416122958397f,-0.06200988883099606f,0.009757426589673513f,-1.1336801018179505f,1.627454308860223f,0f,0f,0f,1f], start_interpolation: 0, interpolation_duration: 1 }
$data merge entity $(bone_left_arm2) { transformation: [-0.9984826435682809f,-0.007529992862758857f,0.054550065997982775f,0.8052216755217714f,-0.00704968937474091f,0.9999347216606563f,0.008991901753539977f,-1.886878449117377f,-0.054614214016290116f,0.008593696812923463f,-0.9984705483901216f,2.3811315164598863f,0f,0f,0f,1f], start_interpolation: 0, interpolation_duration: 1 }
$data merge entity $(bone_left_arm1) { transformation: [-1.1336938348848187f,-0.008549679396257451f,0.06193705410187627f,0.5208159041479258f,-0.00800433481090374f,1.1353425485522033f,0.010209555115998515f,-0.5704852224118134f,-0.06200988883099606f,0.009757426589673513f,-1.1336801018179505f,1.6888952996285493f,0f,0f,0f,1f], start_interpolation: 0, interpolation_duration: 1 }
$data merge entity $(bone_body2) { transformation: [-1.580930852316445f,-0.01192248869936819f,0.0863709378301394f,0.5090808012440946f,-0.011162008176673108f,1.583229975962706f,0.014237177776438298f,-0.5f,-0.08647250552579269f,0.01360668662046215f,-1.5809117016176928f,0.7499528781875999f,0f,0f,0f,1f], start_interpolation: 0, interpolation_duration: 1 }
$data merge entity $(bone_right_leg2) { transformation: [-0.9999461465001143f,0.005149223352352036f,-0.00901052708999374f,-1.0099371134356425f,0f,0.8682285837796256f,0.4961644145926084f,-2.2350752286117612f,0.01037805856467955f,0.4961376944023639f,-0.8681818266316883f,-1.0746764713796932f,0f,0f,0f,1f], start_interpolation: 0, interpolation_duration: 1 }
$data merge entity $(bone_right_leg1) { transformation: [-1.333261528666819f,0.006654514603019729f,-0.012132245884118863f,-0.6249394148126286f,0f,1.169028466018632f,0.6412099682755263f,-1.125f,0.013837411419572733f,0.641175436874573f,-1.168965509744271f,-0.11332468411473545f,0f,0f,0f,1f], start_interpolation: 0, interpolation_duration: 1 }
$data merge entity $(bone_left_leg2) { transformation: [-0.9999461465001143f,-0.005036283047538014f,-0.00907413646784088f,1.004340533207524f,0f,0.8743578012484523f,-0.48528181028756057f,-2.5345955510726395f,0.01037805856467955f,-0.4852556761636457f,-0.8743107140207026f,0.2906242401017678f,0f,0f,0f,1f], start_interpolation: 0, interpolation_duration: 1 }
$data merge entity $(bone_left_leg1) { transformation: [-1.333261528666819f,-0.006684800189822604f,-0.012115585054658713f,0.6249932683125143f,0f,1.167423076209323f,-0.644128200680376f,-1.125f,0.013837411419572733f,-0.6440935121223943f,-1.1673602063908217f,-0.1262972573205849f,0f,0f,0f,1f], start_interpolation: 0, interpolation_duration: 1 }
$data merge entity $(bone_tail3) { transformation: [-0.4497680635964331f,-0.04065318532328301f,-0.8922197080830403f,-2.2261033823435428f,0.0526320422165439f,0.9960211619366399f,-0.07191462373190569f,-0.7993518009188472f,0.8915932688736667f,-0.07930424640242435f,-0.4458388491391398f,-2.720337699464972f,0f,0f,0f,1f], start_interpolation: 0, interpolation_duration: 1 }
$data merge entity $(bone_tail2) { transformation: [-0.6933924313778344f,-0.06267366070672797f,-1.375505383294687f,-0.6017899653892804f,0.0811410650838385f,1.5355326246523198f,-0.11086837825335459f,-0.844686844007576f,1.3745396228469027f,-0.12226071320373753f,-0.6873348924228404f,-1.7580711525194217f,0f,0f,0f,1f], start_interpolation: 0, interpolation_duration: 1 }
$data merge entity $(bone_tail1) { transformation: [-0.8898887980238743f,-0.04065318532328301f,-0.45436246067946123f,-0.007793751164368534f,0f,0.9960211619366399f,-0.08911702965418916f,-0.75f,0.4561775171483401f,-0.07930424640242435f,-0.8863480746021392f,-0.8733485128981915f,0f,0f,0f,1f], start_interpolation: 0, interpolation_duration: 1 }
$data merge entity $(bone_body1) { transformation: [-1.333261528666819f,0f,-0.013837411419572733f,0.5f,0f,1.3333333333333333f,0f,-1.1875f,0.013837411419572733f,0f,-1.333261528666819f,-0.12499999999999994f,0f,0f,0f,1f], start_interpolation: 0, interpolation_duration: 1 }
data modify entity @s data merge value {"locators":{"hitbox_head":{"posx":-0.13371006109125616,"posy":-0.026599232100488424,"posz":3.2855233998356033,"roty":3.1271672749992376,"rotx":0.5152049631890452},"hitbox_neck":{"posx":-0.07304187589228178,"posy":-0.8300542916962318,"posz":2.280070472784981,"roty":3.1271672749992376,"rotx":0.5152049631890452},"hitbox_right_arm":{"posx":-1.0242731560819704,"posy":-2.904086683646521,"posz":2.772784830937498,"roty":3.1271672749992376,"rotx":0.5152049631890452},"hitbox_left_arm":{"posx":0.8478818006085564,"posy":-2.890868516068882,"posz":2.8751864822180417,"roty":3.1271672749992376,"rotx":0.5152049631890452},"hitbox_tail1":{"posx":-1.1284801177543542,"posy":-1.6477230245528092,"posz":-2.1165563351099705,"roty":296.55112696226627,"rotx":-4.1239643077546795},"hitbox_tail2":{"posx":-2.674619662403444,"posy":-2.147081551809884,"posz":-2.867035228702556,"roty":296.55112696226627,"rotx":-4.1239643077546795}},"cameras":{}}