# This file was generated by Animated Java via MC-Build. It is not recommended to edit this file directly.
$data merge entity $(bone_jaw) { transformation: [-0.9932364734707587f,-0.00591442073571103f,0.11595830024078396f,-0.2726755079605863f,0.00992816272446155f,0.9907179440165365f,0.1355705978026343f,0.6628814778309005f,-0.11568379036099835f,0.13580491534185357f,-0.9839584775877002f,3.1617015213155364f,0f,0f,0f,1f], start_interpolation: 0, interpolation_duration: 1 }
$data merge entity $(bone_head) { transformation: [-1.1173910326546035f,0.012815000903146873f,0.12999252245775916f,-0.24378828074775094f,0.011169183065019244f,1.124846110847301f,-0.014882078529616002f,0.6595743492687636f,-0.13014426415612315f,-0.013490836280746838f,-1.117365413749552f,2.913398096037858f,0f,0f,0f,1f], start_interpolation: 0, interpolation_duration: 1 }
$data merge entity $(bone_neck) { transformation: [-0.9932364734707587f,0.011391111913908332f,0.11554890885134148f,0.3346103880208158f,0.00992816272446155f,0.9998632096420452f,-0.013228514248547558f,-0.41849256016508507f,-0.11568379036099835f,-0.011991854471774968f,-0.9932137011107128f,2.176995204442164f,0f,0f,0f,1f], start_interpolation: 0, interpolation_duration: 1 }
$data merge entity $(bone_right_arm2) { transformation: [-0.9932364734707587f,0.011391111913908332f,0.11554890885134148f,-1.0691299067873472f,0.00992816272446155f,0.9998632096420452f,-0.013228514248547558f,-1.8396643538577877f,-0.11568379036099835f,-0.011991854471774968f,-0.9932137011107128f,2.221395852457226f,0f,0f,0f,1f], start_interpolation: 0, interpolation_duration: 1 }
$data merge entity $(bone_right_arm1) { transformation: [-1.1277372459199237f,0.01293365831891675f,0.13119615692496062f,-0.6643527996054331f,0.011272601426732384f,1.1352613526144053f,-0.01501987555303837f,-0.5395410455998741f,-0.1313493036390502f,-0.013615751431494494f,-1.1277113898027884f,1.5589733084372184f,0f,0f,0f,1f], start_interpolation: 0, interpolation_duration: 1 }
$data merge entity $(bone_left_arm2) { transformation: [-0.9932364734707587f,0.011391111913908332f,0.11554890885134148f,0.6690339217864806f,0.00992816272446155f,0.9998632096420452f,-0.013228514248547558f,-1.8570386386255953f,-0.11568379036099835f,-0.011991854471774968f,-0.9932137011107128f,2.423842485588973f,0f,0f,0f,1f], start_interpolation: 0, interpolation_duration: 1 }
$data merge entity $(bone_left_arm1) { transformation: [-1.1277372459199237f,0.01293365831891675f,0.13119615692496062f,0.4530382330491704f,0.011272601426732384f,1.1352613526144053f,-0.01501987555303837f,-0.5507102286648934f,-0.1313493036390502f,-0.013615751431494494f,-1.1277113898027884f,1.6891175725933416f,0f,0f,0f,1f], start_interpolation: 0, interpolation_duration: 1 }
$data merge entity $(bone_body2) { transformation: [-1.5726244163287015f,0.018035927197021528f,0.18295243901462402f,0.4999999999999999f,0.015719590980397456f,1.5831167485999051f,-0.0209451475602003f,-0.5f,-0.18316600140491407f,-0.0189871029136437f,-1.5725883600919621f,0.75f,0f,0f,0f,1f], start_interpolation: 0, interpolation_duration: 1 }
$data merge entity $(bone_right_leg2) { transformation: [-1f,-6.011138789134288e-17f,1.0669685502579302e-16f,-0.9999999999999998f,0f,0.871245938829706f,0.4908467317531452f,-2.199500366144475f,-1.2246467991473532e-16f,0.4908467317531452f,-0.871245938829706f,-1.1297444765488334f,0f,0f,0f,1f], start_interpolation: 0, interpolation_duration: 1 }
$data merge entity $(bone_right_leg1) { transformation: [-1.3333333333333333f,-8.364321076071168e-17f,1.4023626289177122e-16f,-0.625f,0f,1.1451159876415726f,0.6829986476014744f,-1.125f,-1.6328623988631375e-16f,0.6829986476014744f,-1.1451159876415726f,-0.12500000000000008f,0f,0f,0f,1f], start_interpolation: 0, interpolation_duration: 1 }
$data merge entity $(bone_left_leg2) { transformation: [-1f,6.198739326237167e-17f,1.0561799516727561e-16f,1f,0f,0.8624363795407048f,-0.506165478124221f,-2.5213012155980343f,-1.2246467991473532e-16f,-0.506165478124221f,-0.8624363795407048f,0.3380393237290454f,0f,0f,0f,1f], start_interpolation: 0, interpolation_duration: 1 }
$data merge entity $(bone_left_leg1) { transformation: [-1.3333333333333333f,8.314705352538515e-17f,1.40531005924876e-16f,0.625f,0f,1.1475227471522333f,-0.6789472163180058f,-1.125f,-1.6328623988631375e-16f,-0.6789472163180058f,-1.1475227471522333f,-0.12499999999999993f,0f,0f,0f,1f], start_interpolation: 0, interpolation_duration: 1 }
$data merge entity $(bone_tail3) { transformation: [-0.4060273927679306f,-0.03826360223492102f,-0.9130595013831708f,-2.275429296256721f,0.05038634668860455f,0.9966659280340299f,-0.0641735456667443f,-0.7764388547460079f,0.9124708063217434f,-0.07206195001575874f,-0.4027457050925235f,-2.6343831997081373f,0f,0f,0f,1f], start_interpolation: 0, interpolation_duration: 1 }
$data merge entity $(bone_tail2) { transformation: [-0.625958897183893f,-0.0589897201121699f,-1.4076333979657216f,-0.6070217298402192f,0.077678951144932f,1.5365266390524626f,-0.09893421623623078f,-0.8366900247911674f,1.4067258264126876f,-0.11109550627429471f,-0.620899628684307f,-1.751664536241483f,0f,0f,0f,1f], start_interpolation: 0, interpolation_duration: 1 }
$data merge entity $(bone_tail1) { transformation: [-0.8832137500962481f,-0.03826360223492102f,-0.4674070692500596f,1.1102230246251565e-16f,0f,0.9966659280340299f,-0.08159061156815756f,-0.75f,0.4689706511509246f,-0.07206195001575874f,-0.8802690518920929f,-0.875f,0f,0f,0f,1f], start_interpolation: 0, interpolation_duration: 1 }
data modify entity @s data merge value {"locators":{"hitbox_head":{"posx":-0.28701675970998786,"posy":0.038793753945156384,"posz":3.231272286679815,"roty":6.635869526096997,"rotx":-0.7579601431276035},"hitbox_neck":{"posx":-0.18072312928869683,"posy":-0.7868236181375527,"posz":2.2478019673274194,"roty":6.635869526096997,"rotx":-0.7579601431276035},"hitbox_right_arm":{"posx":-1.2003727527188488,"posy":-2.83229279620528,"posz":2.722764320586795,"roty":6.635869526096997,"rotx":-0.7579601431276035},"hitbox_left_arm":{"posx":0.661945635038824,"posy":-2.8509081013136455,"posz":2.939671427513667,"roty":6.635869526096997,"rotx":-0.7579601431276035},"hitbox_tail1":{"posx":-1.155299011268967,"posy":-1.6346070767986522,"posz":-2.088564596770992,"roty":293.80202152182227,"rotx":-3.67940172178389},"hitbox_tail2":{"posx":-2.7388042878514205,"posy":-2.1206605047282157,"posz":-2.7663463494269984,"roty":293.80202152182227,"rotx":-3.67940172178389}},"cameras":{}}