# This file was generated by Animated Java via MC-Build. It is not recommended to edit this file directly.
$data merge entity $(bone_jaw) { transformation: [-0.9916770234134948f,0.0021115175782016327f,0.1287331454104486f,-0.29396393352344935f,0.015665096880370565f,0.9944158829475784f,0.10436309923203937f,0.685177160234382f,-0.12779391993940623f,0.10551110479520551f,-0.9861724599639842f,3.1438674506168334f,0f,0f,0f,1f], start_interpolation: 0, interpolation_duration: 1 }
$data merge entity $(bone_head) { transformation: [-1.1156366513401816f,0.020508085139189704f,0.14338507813015117f,-0.2621005828278602f,0.017623233990416886f,1.12461162905751f,-0.02372984223150899f,0.6799038619607134f,-0.143768159931832f,-0.02128619817010636f,-1.1155727739404893f,2.895962389741169f,0f,0f,0f,1f], start_interpolation: 0, interpolation_duration: 1 }
$data merge entity $(bone_neck) { transformation: [-0.9916770234134948f,0.01822940901261307f,0.1274534027823566f,0.3179250715636506f,0.015665096880370565f,0.9996547813844534f,-0.021093193094674657f,-0.40720011108987686f,-0.12779391993940623f,-0.01892106504009454f,-0.9916202435026572f,2.1742715334700637f,0f,0f,0f,1f], start_interpolation: 0, interpolation_duration: 1 }
$data merge entity $(bone_right_arm2) { transformation: [-0.9916770234134948f,0.01822940901261307f,0.1274534027823566f,-1.0957331241072277f,0.015665096880370565f,0.9996547813844534f,-0.021093193094674657f,-1.8187093774142677f,-0.12779391993940623f,-0.01892106504009454f,-0.9916202435026572f,2.2116827202052645f,0f,0f,0f,1f], start_interpolation: 0, interpolation_duration: 1 }
$data merge entity $(bone_right_arm1) { transformation: [-1.1259666203340721f,0.02069797481640442f,0.14471271774246736f,-0.6742837405485859f,0.01778641208292074f,1.1350246996969313f,-0.023949562992911847f,-0.5260593898748771f,-0.14509934659786747f,-0.02148329259760734f,-1.1259021514769751f,1.545045504913128f,0f,0f,0f,1f], start_interpolation: 0, interpolation_duration: 1 }
$data merge entity $(bone_left_arm2) { transformation: [-0.9916770234134948f,0.01822940901261307f,0.1274534027823566f,0.639701666866388f,0.015665096880370565f,0.9996547813844534f,-0.021093193094674657f,-1.8461232969549162f,-0.12779391993940623f,-0.01892106504009454f,-0.9916202435026572f,2.4353220800992252f,0f,0f,0f,1f], start_interpolation: 0, interpolation_duration: 1 }
$data merge entity $(bone_left_arm1) { transformation: [-1.1259666203340721f,0.02069797481640442f,0.14471271774246736f,0.4413529107915957f,0.01778641208292074f,1.1350246996969313f,-0.023949562992911847f,-0.543682623865294f,-0.14509934659786747f,-0.02148329259760734f,-1.1259021514769751f,1.6888136648449599f,0f,0f,0f,1f], start_interpolation: 0, interpolation_duration: 1 }
$data merge entity $(bone_body2) { transformation: [-1.5701552870713669f,0.02886323093663736f,0.2018012210720646f,0.4999999999999999f,0.02480307006058673f,1.5827867371920514f,-0.03339755573323488f,-0.5f,-0.2023403732373932f,-0.02995835298014969f,-1.5700653855458742f,0.75f,0f,0f,0f,1f], start_interpolation: 0, interpolation_duration: 1 }
$data merge entity $(bone_right_leg2) { transformation: [-1f,-5.658581082492091e-17f,1.0860775220906121e-16f,-0.9999999999999998f,0f,0.8868495984693558f,0.46205821028820854f,-2.2177962725895384f,-1.2246467991473532e-16f,0.46205821028820854f,-0.8868495984693558f,-1.109814097489679f,0f,0f,0f,1f], start_interpolation: 0, interpolation_duration: 1 }
$data merge entity $(bone_right_leg1) { transformation: [-1.3333333333333333f,-8.105006846660537e-17f,1.417507761452098e-16f,-0.625f,0f,1.157482926864319f,0.6618240338605024f,-1.125f,-1.6328623988631375e-16f,0.6618240338605024f,-1.157482926864319f,-0.12500000000000008f,0f,0f,0f,1f], start_interpolation: 0, interpolation_duration: 1 }
$data merge entity $(bone_left_leg2) { transformation: [-1f,5.959625528811121e-17f,1.0698543911324033e-16f,1f,0f,0.8736024067325188f,-0.4866403548321398f,-2.5304743498122297f,-1.2246467991473532e-16f,-0.4866403548321398f,-0.8736024067325188f,0.30940114182618267f,0f,0f,0f,1f], start_interpolation: 0, interpolation_duration: 1 }
$data merge entity $(bone_left_leg1) { transformation: [-1.3333333333333333f,8.025712281193448e-17f,1.4220123197131895e-16f,0.625f,0f,1.161161177821434f,-0.6553491412202492f,-1.125f,-1.6328623988631375e-16f,-0.6553491412202492f,-1.161161177821434f,-0.12499999999999993f,0f,0f,0f,1f], start_interpolation: 0, interpolation_duration: 1 }
$data merge entity $(bone_tail3) { transformation: [-0.44787150238677326f,-0.03338144026869377f,-0.8934745641569222f,-2.2154801608629855f,0.04408154990481894f,0.997263104282007f,-0.059355857299879966f,-0.7583709324528101f,0.8930106014531985f,-0.0659695405729219f,-0.4451742191645806f,-2.7227027787174367f,0f,0f,0f,1f], start_interpolation: 0, interpolation_duration: 1 }
$data merge entity $(bone_tail2) { transformation: [-0.6904685661796087f,-0.05146305374756955f,-1.3774399530752548f,-0.5899402708167231f,0.06795905610326253f,1.537447285768094f,-0.09150694667064828f,-0.828555338330309f,1.3767246772403476f,-0.10170304171658792f,-0.6863102545453951f,-1.7640055037447753f,0f,0f,0f,1f], start_interpolation: 0, interpolation_duration: 1 }
$data merge entity $(bone_tail1) { transformation: [-0.8922708290556195f,-0.03338144026869377f,-0.45026486323272547f,1.1102230246251565e-16f,3.469446951953614e-18f,0.997263104282007f,-0.07393443607558495f,-0.75f,0.45150057321823783f,-0.0659695405729219f,-0.8898287768442872f,-0.875f,0f,0f,0f,1f], start_interpolation: 0, interpolation_duration: 1 }
data modify entity @s data merge value {"locators":{"hitbox_head":{"posx":-0.3133231518302298,"posy":0.0617112464375158,"posz":3.2176693814858086,"roty":7.324097308385916,"rotx":-1.2086405773708542},"hitbox_neck":{"posx":-0.2006811438706213,"posy":-0.7716014565320273,"posz":2.241422503328228,"roty":7.324097308385916,"rotx":-1.2086405773708542},"hitbox_right_arm":{"posx":-1.2396690484743624,"posy":-2.8068384936963606,"posz":2.7184267870004746,"roty":7.324097308385916,"rotx":-1.2086405773708542},"hitbox_left_arm":{"posx":0.61972537042594,"posy":-2.8362105503470554,"posz":2.958040386886861,"roty":7.324097308385916,"rotx":-1.2086405773708542},"hitbox_tail1":{"posx":-1.12318401567474,"posy":-1.622820012173584,"posz":-2.1322119491723828,"roty":296.48480753854767,"rotx":-3.4028402119730203},"hitbox_tail2":{"posx":-2.6742464628485934,"posy":-2.1006664265541266,"posz":-2.8865282549955533,"roty":296.48480753854767,"rotx":-3.4028402119730203}},"cameras":{}}