# This file was generated by Animated Java via MC-Build. It is not recommended to edit this file directly.
$data merge entity $(bone_jaw) { transformation: [-0.9917918895939446f,0.007718963320116673f,0.12762940625473218f,-0.2877291957154731f,0.017992945787497668f,0.9966690473550187f,0.07954284346393165f,0.6939871168066245f,-0.12659029045531475f,0.08118637601040002f,-0.9886271646645852f,3.141548134392711f,0f,0f,0f,1f], start_interpolation: 0, interpolation_duration: 1 }
$data merge entity $(bone_head) { transformation: [-1.1157658757931876f,0.023520951368026413f,0.14190939102893718f,-0.25619377548682043f,0.020242064010934875f,1.124488328748312f,-0.02722604182405364f,0.6879368852901682f,-0.14241407676222909f,-0.02444919948732145f,-1.1156816155984606f,2.893618886481942f,0f,0f,0f,1f], start_interpolation: 0, interpolation_duration: 1 }
$data merge entity $(bone_neck) { transformation: [-0.9917918895939446f,0.02090751232713459f,0.12614168091461084f,0.3199780532056927f,0.017992945787497668f,0.9995451811096108f,-0.024200926065825457f,-0.40273959496102524f,-0.12659029045531475f,-0.021732621766507955f,-0.991716991643076f,2.174234886626515f,0f,0f,0f,1f], start_interpolation: 0, interpolation_duration: 1 }
$data merge entity $(bone_right_arm2) { transformation: [-0.9917918895939446f,0.02090751232713459f,0.12614168091461084f,-1.0974419091277265f,0.017992945787497668f,0.9995451811096108f,-0.024200926065825457f,-1.8103078187109392f,-0.12659029045531475f,-0.021732621766507955f,-0.991716991643076f,2.217360816972889f,0f,0f,0f,1f], start_interpolation: 0, interpolation_duration: 1 }
$data merge entity $(bone_right_arm1) { transformation: [-1.126097041309791f,0.023738737954767396f,0.1432233668717977f,-0.6733434280714597f,0.02042949052955464f,1.1349002577182037f,-0.027478134803905985f,-0.520665700733423f,-0.14373272562113862f,-0.024675580964055904f,-1.1260120009280759f,1.5465907849170186f,0f,0f,0f,1f], start_interpolation: 0, interpolation_duration: 1 }
$data merge entity $(bone_left_arm2) { transformation: [-0.9917918895939446f,0.02090751232713459f,0.12614168091461084f,0.6381938976616763f,0.017992945787497668f,0.9995451811096108f,-0.024200926065825457f,-1.84179547383906f,-0.12659029045531475f,-0.021732621766507955f,-0.991716991643076f,2.43889382526969f,0f,0f,0f,1f], start_interpolation: 0, interpolation_duration: 1 }
$data merge entity $(bone_left_arm1) { transformation: [-1.126097041309791f,0.023738737954767396f,0.1432233668717977f,0.44242244772172784f,0.02042949052955464f,1.1349002577182037f,-0.027478134803905985f,-0.5409077647443579f,-0.14373272562113862f,-0.024675580964055904f,-1.1260120009280759f,1.6890048616792477f,0f,0f,0f,1f], start_interpolation: 0, interpolation_duration: 1 }
$data merge entity $(bone_body2) { transformation: [-1.5703371585237458f,0.03310356118462977f,0.1997243281148005f,0.4999999999999999f,0.028488830830204644f,1.5826132034235505f,-0.038318132937556974f,-0.5f,-0.20043462655424837f,-0.0344099844636376f,-1.5702185701015372f,0.75f,0f,0f,0f,1f], start_interpolation: 0, interpolation_duration: 1 }
$data merge entity $(bone_right_leg2) { transformation: [-1f,-5.107441685228139e-17f,1.113058927901752e-16f,-0.9999999999999999f,0f,0.9088815882887269f,0.4170542632197412f,-2.2603460734466045f,-1.2246467991473532e-16f,0.4170542632197412f,-0.9088815882887269f,-1.0604420310790925f,0f,0f,0f,1f], start_interpolation: 0, interpolation_duration: 1 }
$data merge entity $(bone_right_leg1) { transformation: [-1.3333333333333333f,-7.46916596931713e-17f,1.452017634482801e-16f,-0.625f,0f,1.1856623766899586f,0.6099036860682977f,-1.125f,-1.6328623988631375e-16f,0.6099036860682977f,-1.1856623766899586f,-0.12500000000000008f,0f,0f,0f,1f], start_interpolation: 0, interpolation_duration: 1 }
$data merge entity $(bone_left_leg2) { transformation: [-1f,5.4617169191996243e-17f,1.0961096047417627e-16f,1f,0f,0.895041415618705f,-0.44598303143422935f,-2.5486443638934997f,-1.2246467991473532e-16f,-0.44598303143422935f,-0.895041415618705f,0.24553910070905255f,0f,0f,0f,1f], start_interpolation: 0, interpolation_duration: 1 }
$data merge entity $(bone_left_leg1) { transformation: [-1.3333333333333333f,7.375879320569591e-17f,1.4567785199216174e-16f,0.625f,0f,1.1895499346716814f,-0.6022862531225301f,-1.125f,-1.6328623988631375e-16f,-0.6022862531225301f,-1.1895499346716814f,-0.12499999999999993f,0f,0f,0f,1f], start_interpolation: 0, interpolation_duration: 1 }
$data merge entity $(bone_tail3) { transformation: [-0.5335744370518496f,-0.026779375289640486f,-0.8453290395957649f,-2.0759128490199745f,0.035560721088946694f,0.9979043400605829f,-0.054058886446972695f,-0.7374490696390544f,0.8450051805997616f,-0.058904950109045486f,-0.5315039525838119f,-2.901718003283546f,0f,0f,0f,1f], start_interpolation: 0, interpolation_duration: 1 }
$data merge entity $(bone_tail2) { transformation: [-0.822593923788268f,-0.04128487023819575f,-1.3032156027101374f,-0.5525965715425888f,0.05482277834545948f,1.5384358575933985f,-0.08334078327241623f,-0.8187506311762216f,1.302716320091299f,-0.09081179808477845f,-0.8194019269000432f,-1.7884777664684826f,0f,0f,0f,1f], start_interpolation: 0, interpolation_duration: 1 }
$data merge entity $(bone_tail1) { transformation: [-0.9103408713505353f,-0.026779375289640486f,-0.4129919648223736f,1.1102230246251565e-16f,1.734723475976807e-18f,0.9979043400605829f,-0.06470647640114972f,-0.75f,0.4138592731216108f,-0.058904950109045486f,-0.9084331064552319f,-0.875f,0f,0f,0f,1f], start_interpolation: 0, interpolation_duration: 1 }
data modify entity @s data merge value {"locators":{"hitbox_head":{"posx":-0.3086802459770954,"posy":0.07078393649223191,"posz":3.2171133349744707,"roty":7.24882565454962,"rotx":-1.3867463123945194},"hitbox_neck":{"posx":-0.1995259188282814,"posy":-0.7655474492251523,"posz":2.2430540985166827,"roty":7.24882565454962,"rotx":-1.3867463123945194},"hitbox_right_arm":{"posx":-1.243407255011788,"posy":-2.796627977675919,"posz":2.727040041407478,"roty":7.24882565454962,"rotx":-1.3867463123945194},"hitbox_left_arm":{"posx":0.6162025379768579,"posy":-2.830364751027477,"posz":2.9643968360111934,"roty":7.24882565454962,"rotx":-1.3867463123945194},"hitbox_tail1":{"posx":-1.0469789501659656,"posy":-1.6087894607900708,"posz":-2.2153336688630394,"roty":302.1597895641258,"rotx":-3.0988566209600075},"hitbox_tail2":{"posx":-2.5162625037249393,"posy":-2.077606639594992,"posz":-3.123376229593818,"roty":302.1597895641258,"rotx":-3.0988566209600075}},"cameras":{}}