# This file was generated by Animated Java via MC-Build. It is not recommended to edit this file directly.
$data merge entity $(bone_jaw) { transformation: [-0.9931960718520718f,0.010567324077221834f,0.11597368028764617f,-0.2605407426350359f,0.017650619171287626f,0.9980290121078873f,0.060220815619059904f,0.6920974893669521f,-0.11510872469315424f,0.06185808478122809f,-0.9914250142329041f,3.1512718202313454f,0f,0f,0f,1f], start_interpolation: 0, interpolation_duration: 1 }
$data merge entity $(bone_head) { transformation: [-1.1173455808335808f,0.022764026738372186f,0.12901803005131743f,-0.23187006929029869f,0.01985694656769858f,1.1245139233470705f,-0.026441215395406996f,0.6862216637235283f,-0.12949731527979852f,-0.023984063151047213f,-1.1172646105780362f,2.9029907956584484f,0f,0f,0f,1f], start_interpolation: 0, interpolation_duration: 1 }
$data merge entity $(bone_neck) { transformation: [-0.9931960718520718f,0.02023469043410861f,0.11468269337894883f,0.3364082964198927f,0.017650619171287626f,0.9995679318640627f,-0.02350330257369511f,-0.40374100680880937f,-0.11510872469315424f,-0.0213191672453753f,-0.9931240982915878f,2.1762834433413216f,0f,0f,0f,1f], start_interpolation: 0, interpolation_duration: 1 }
$data merge entity $(bone_right_arm2) { transformation: [-0.9931960718520718f,0.02023469043410861f,0.11468269337894883f,-1.0798266748842902f,0.017650619171287626f,0.9995679318640627f,-0.02350330257369511f,-1.811943438270311f,-0.11510872469315424f,-0.0213191672453753f,-0.9931240982915878f,2.2348660182331344f,0f,0f,0f,1f], start_interpolation: 0, interpolation_duration: 1 }
$data merge entity $(bone_right_arm1) { transformation: [-1.1276913732487064f,0.022974804763727482f,0.13021264144068148f,-0.6640505195377228f,0.020040807184066155f,1.1349260893039876f,-0.026686041463882985f,-0.5216848667091717f,-0.13069636449535219f,-0.0242061378098532f,-1.1276096532685735f,1.5600832701147231f,0f,0f,0f,1f], start_interpolation: 0, interpolation_duration: 1 }
$data merge entity $(bone_left_arm2) { transformation: [-0.9931960718520718f,0.02023469043410861f,0.11468269337894883f,0.6582664508568357f,0.017650619171287626f,0.9995679318640627f,-0.02350330257369511f,-1.8428320218200644f,-0.11510872469315424f,-0.0213191672453753f,-0.9931240982915878f,2.436306286446154f,0f,0f,0f,1f], start_interpolation: 0, interpolation_duration: 1 }
$data merge entity $(bone_left_arm1) { transformation: [-1.1276913732487064f,0.022974804763727482f,0.13021264144068148f,0.45329506129585806f,0.020040807184066155f,1.1349260893039876f,-0.026686041463882985f,-0.5415418132768702f,-0.13069636449535219f,-0.0242061378098532f,-1.1276096532685735f,1.6895805853945216f,0f,0f,0f,1f], start_interpolation: 0, interpolation_duration: 1 }
$data merge entity $(bone_body2) { transformation: [-1.572560447099114f,0.0320382598540053f,0.18158093118333568f,0.4999999999999999f,0.027946813687872076f,1.5826492254514326f,-0.037213562408350595f,-0.5f,-0.1822554807641609f,-0.033755348138510895f,-1.5724464889616807f,0.75f,0f,0f,0f,1f], start_interpolation: 0, interpolation_duration: 1 }
$data merge entity $(bone_right_leg2) { transformation: [-1f,-4.4007118900695175e-17f,1.1428460663045856e-16f,-0.9999999999999999f,0f,0.9332046326338986f,0.35934539600589044f,-2.3174631261045207f,-1.2246467991473532e-16f,0.35934539600589044f,-0.9332046326338986f,-0.9864488916244735f,0f,0f,0f,1f], start_interpolation: 0, interpolation_duration: 1 }
$data merge entity $(bone_right_leg1) { transformation: [-1.3333333333333333f,-6.531925366443909e-17f,1.4965223431987728e-16f,-0.625f,0f,1.2220032292091974f,0.5333721829830194f,-1.125f,-1.6328623988631375e-16f,0.5333721829830194f,-1.2220032292091974f,-0.12500000000000008f,0f,0f,0f,1f], start_interpolation: 0, interpolation_duration: 1 }
$data merge entity $(bone_left_leg2) { transformation: [-1f,4.757517028924761e-17f,1.1284591706644803e-16f,1f,0f,0.9214568408214985f,-0.38848074663136584f,-2.569266398022715f,-1.2246467991473532e-16f,-0.38848074663136584f,-0.9214568408214985f,0.15456586262004757f,0f,0f,0f,1f], start_interpolation: 0, interpolation_duration: 1 }
$data merge entity $(bone_left_leg1) { transformation: [-1.3333333333333333f,6.437767778529465e-17f,1.5005969058739118e-16f,0.625f,0f,1.225330362124562f,-0.5256836324572676f,-1.125f,-1.6328623988631375e-16f,-0.5256836324572676f,-1.225330362124562f,-0.12499999999999993f,0f,0f,0f,1f], start_interpolation: 0, interpolation_duration: 1 }
$data merge entity $(bone_tail3) { transformation: [-0.6441138844677592f,-0.019611401321288864f,-0.7646781654879846f,-1.8558130656548508f,0.02622058293276473f,0.9985177324254199f,-0.047695063294472255f,-0.713312816744912f,0.7644800748656044f,-0.05077135974359025f,-0.6426449129677031f,-3.1296589797342738f,0f,0f,0f,1f], start_interpolation: 0, interpolation_duration: 1 }
$data merge entity $(bone_tail2) { transformation: [-0.9930089052211286f,-0.030234243703653664f,-1.1788788384606428f,-0.4988786031756077f,0.040423398688012285f,1.5393815041558554f,-0.07352988924564471f,-0.8078290750309471f,1.1785734487511401f,-0.07827251293803496f,-0.9907442408252088f,-1.819620128609707f,0f,0f,0f,1f], start_interpolation: 0, interpolation_duration: 1 }
$data merge entity $(bone_tail1) { transformation: [-0.9328278153972946f,-0.019611401321288864f,-0.35978835411853743f,1.1102230246251565e-16f,-1.734723475976807e-18f,0.9985177324254199f,-0.05442736473500906f,-0.75f,0.3603224484001944f,-0.05077135974359025f,-0.9314451149738647f,-0.875f,0f,0f,0f,1f], start_interpolation: 0, interpolation_duration: 1 }
data modify entity @s data merge value {"locators":{"hitbox_head":{"posx":-0.2803550924925381,"posy":0.0688364883627689,"posz":3.2266665559029293,"roty":6.5871513295189175,"rotx":-1.3467640547556459},"hitbox_neck":{"posx":-0.18211308509130258,"posy":-0.7668157588504771,"posz":2.2508642809982087,"roty":6.5871513295189175,"rotx":-1.3467640547556459},"hitbox_right_arm":{"posx":-1.2194774664986276,"posy":-2.7986565551493205,"posz":2.7455529393309814,"roty":6.5871513295189175,"rotx":-1.3467640547556459},"hitbox_left_arm":{"posx":0.6427651682240071,"posy":-2.831751466095485,"posz":2.9613817981306454,"roty":6.5871513295189175,"rotx":-1.3467640547556459},"hitbox_tail1":{"posx":-0.9293720553991607,"posy":-1.5927853032315573,"posz":-2.3189199958255107,"roty":310.0441057436375,"rotx":-2.7337629685548435},"hitbox_tail2":{"posx":-2.2602045695076507,"posy":-2.050695813656416,"posz":-3.4245093336151444,"roty":310.0441057436375,"rotx":-2.7337629685548435}},"cameras":{}}