# This file was generated by Animated Java via MC-Build. It is not recommended to edit this file directly.
$data merge entity $(bone_jaw) { transformation: [-0.9980768887554964f,0.00802434812319709f,0.0614665272269895f,-0.13987701205021744f,0.009807180450093279f,0.9995382811434721f,0.02875836817993176f,0.6609339360935951f,-0.06120737981459266f,0.029305875962867024f,-0.9976947540657319f,3.201206805937826f,0f,0f,0f,1f], start_interpolation: 0, interpolation_duration: 1 }
$data merge entity $(bone_head) { transformation: [-1.1228364998499334f,0.011870194071461046f,0.06871894278476855f,-0.12460613587582442f,0.011033078006354939f,1.1248584374914257f,-0.01402735876970523f,0.6578167452558829f,-0.06885830229141675f,-0.013326443526094661f,-1.1228116227170477f,2.951693112000704f,0f,0f,0f,1f], start_interpolation: 0, interpolation_duration: 1 }
$data merge entity $(bone_neck) { transformation: [-0.9980768887554964f,0.010551283619076486f,0.06108350469757204f,0.41285191722343234f,0.009807180450093279f,0.999874166659045f,-0.012468763350849094f,-0.41958401726696415f,-0.06120737981459266f,-0.01184572757875081f,-0.9980547757484868f,2.1839633821647775f,0f,0f,0f,1f], start_interpolation: 0, interpolation_duration: 1 }
$data merge entity $(bone_right_arm2) { transformation: [-0.9980768887554964f,0.010551283619076486f,0.06108350469757204f,-0.9861244321485925f,0.009807180450093279f,0.999874166659045f,-0.012468763350849094f,-1.841080365592179f,-0.06120737981459266f,-0.01184572757875081f,-0.9980547757484868f,2.3039667387670084f,0f,0f,0f,1f], start_interpolation: 0, interpolation_duration: 1 }
$data merge entity $(bone_right_arm1) { transformation: [-1.133233134107803f,0.011980103275826425f,0.06935522929203491f,-0.6183819351828811f,0.011135236136043409f,1.135273793394124f,-0.014157241721276572f,-0.5403825405465452f,-0.06949587916448541f,-0.013449836521706646f,-1.1332080266310942f,1.6213838691848736f,0f,0f,0f,1f], start_interpolation: 0, interpolation_duration: 1 }
$data merge entity $(bone_left_arm2) { transformation: [-0.9980768887554964f,0.010551283619076486f,0.06108350469757204f,0.7605101231735263f,0.009807180450093279f,0.999874166659045f,-0.012468763350849094f,-1.8582429313798423f,-0.06120737981459266f,-0.01184572757875081f,-0.9980547757484868f,2.4110796534425454f,0f,0f,0f,1f], start_interpolation: 0, interpolation_duration: 1 }
$data merge entity $(bone_left_arm1) { transformation: [-1.133233134107803f,0.011980103275826425f,0.06935522929203491f,0.5044545646670523f,0.011135236136043409f,1.135273793394124f,-0.014157241721276572f,-0.5514156185529001f,-0.06949587916448541f,-0.013449836521706646f,-1.1332080266310942f,1.6902421714762903f,0f,0f,0f,1f], start_interpolation: 0, interpolation_duration: 1 }
$data merge entity $(bone_body2) { transformation: [-1.5802884071962027f,0.01670619906353777f,0.09671554910448907f,0.4999999999999999f,0.015528035712647693f,1.5831340972101549f,-0.0197422086388444f,-0.5f,-0.09691168470643839f,-0.018755735333022116f,-1.5802533949351043f,0.75f,0f,0f,0f,1f], start_interpolation: 0, interpolation_duration: 1 }
$data merge entity $(bone_right_leg2) { transformation: [-1f,-2.2884931084485545e-17f,1.2030743017734576e-16f,-0.9999999999999999f,0f,0.9823847190970365f,0.18686964356105717f,-2.4643831838235752f,-1.2246467991473532e-16f,0.18686964356105717f,-0.9823847190970365f,-0.7333709287027305f,0f,0f,0f,1f], start_interpolation: 0, interpolation_duration: 1 }
$data merge entity $(bone_right_leg1) { transformation: [-1.3333333333333333f,-3.440501409457778e-17f,1.5962045965778542e-16f,-0.625f,0f,1.3033999661691795f,0.280938260064305f,-1.125f,-1.6328623988631375e-16f,0.280938260064305f,-1.3033999661691795f,-0.12500000000000008f,0f,0f,0f,1f], start_interpolation: 0, interpolation_duration: 1 }
$data merge entity $(bone_left_leg2) { transformation: [-1f,2.497129122998972e-17f,1.1989175301464907e-16f,1f,0f,0.9789904574782083f,-0.20390606701765526f,-2.5960550892459966f,-1.2246467991473532e-16f,-0.20390606701765526f,-0.9789904574782083f,-0.13270872255648558f,0f,0f,0f,1f], start_interpolation: 0, interpolation_duration: 1 }
$data merge entity $(bone_left_leg1) { transformation: [-1.3333333333333333f,3.385023883234048e-17f,1.5973902925460739e-16f,0.625f,0f,1.3043681604020352f,-0.27640817626689046f,-1.125f,-1.6328623988631375e-16f,-0.27640817626689046f,-1.3043681604020352f,-0.12499999999999993f,0f,0f,0f,1f], start_interpolation: 0, interpolation_duration: 1 }
$data merge entity $(bone_tail3) { transformation: [-0.9010385965396555f,-0.005200592239798978f,-0.4337077372911433f,-1.0247071714952631f,0.007055078538092199f,0.9996201013430974f,-0.026643551896042218f,-0.6426941914276092f,0.4336815345534893f,-0.027066710756408634f,-0.9006596026003161f,-3.642453839151234f,0f,0f,0f,1f], start_interpolation: 0, interpolation_duration: 1 }
$data merge entity $(bone_tail2) { transformation: [-1.389101169665302f,-0.008017579703023423f,-0.6686327616571792f,-0.32315987759686404f,0.010876579412892138f,1.5410809895706084f,-0.04107547583973175f,-0.7792844158070993f,0.6685923657699626f,-0.04172784574946331f,-1.3885168873421538f,-1.8944318841896286f,0f,0f,0f,1f], start_interpolation: 0, interpolation_duration: 1 }
$data merge entity $(bone_tail1) { transformation: [-0.9820370113619414f,-0.005200592239798978f,-0.18861670698976135f,1.1102230246251565e-16f,4.336808689942018e-19f,0.9996201013430974f,-0.027561803112564027f,-0.75f,0.1886883894554886f,-0.027066710756408634f,-0.9816639368202963f,-0.875f,0f,0f,0f,1f], start_interpolation: 0, interpolation_duration: 1 }
data modify entity @s data merge value {"locators":{"hitbox_head":{"posx":-0.1502892833557385,"posy":0.03679187964111996,"posz":3.2709888091588253,"roty":3.502279702010867,"rotx":-0.7144260285427604},"hitbox_neck":{"posx":-0.09777869659866595,"posy":-0.7880746441202033,"posz":2.2825586870680734,"roty":3.502279702010867,"rotx":-0.7144260285427604},"hitbox_right_arm":{"posx":-1.0895972736636734,"posy":-2.8341072017976687,"posz":2.8110143929815905,"roty":3.502279702010867,"rotx":-0.7144260285427604},"hitbox_left_arm":{"posx":0.7817968927528823,"posy":-2.8524956651415936,"posz":2.9257782301339517,"roty":3.502279702010867,"rotx":-0.7144260285427604},"hitbox_tail1":{"posx":-0.504803678237219,"posy":-1.5481988185602127,"posz":-2.5475455197292254,"roty":334.28711205299084,"rotx":-1.5267437450765176},"hitbox_tail2":{"posx":-1.261841996406795,"posy":-1.9696825723819484,"posz":-4.113549807746126,"roty":334.28711205299084,"rotx":-1.5267437450765176}},"cameras":{}}