# This file was generated by Animated Java via MC-Build. It is not recommended to edit this file directly.
$data merge entity $(bone_jaw) { transformation: [-0.9992782311938433f,0.0050216835247582975f,0.03765367653604479f,-0.0865936345169637f,0.005780285585641313f,0.999781966184795f,0.0200651037927474f,0.6458516598616505f,-0.03754470616015454f,0.020268270430465203f,-0.9990893815135388f,3.221549490003483f,0f,0f,0f,1f], start_interpolation: 0, interpolation_duration: 1 }
$data merge entity $(bone_head) { transformation: [-1.1241880100930737f,0.006802350530100031f,0.042190591252563886f,-0.0772179475719495f,0.0065028212838464765f,1.1249520140967777f,-0.008104276337423428f,0.6440507095644453f,-0.04223779443017386f,-0.007854553257099722f,-1.1241793783532972f,2.9717318503694172f,0f,0f,0f,1f], start_interpolation: 0, interpolation_duration: 1 }
$data merge entity $(bone_neck) { transformation: [-0.9992782311938433f,0.006046533804533361f,0.037502747780056786f,0.4464677084289516f,0.005780285585641313f,0.9999573458638025f,-0.007203801188820825f,-0.4271472016745824f,-0.03754470616015454f,-0.0069818251174219755f,-0.9992705585362642f,2.1860150638260407f,0f,0f,0f,1f], start_interpolation: 0, interpolation_duration: 1 }
$data merge entity $(bone_right_arm2) { transformation: [-0.9992782311938433f,0.006046533804533361f,0.037502747780056786f,-0.9432635170153603f,0.005780285585641313f,0.9999573458638025f,-0.007203801188820825f,-1.8552872809506376f,-0.03754470616015454f,-0.0069818251174219755f,-0.9992705585362642f,2.331790696187672f,0f,0f,0f,1f], start_interpolation: 0, interpolation_duration: 1 }
$data merge entity $(bone_right_arm1) { transformation: [-1.1345971583346761f,0.006865335257230586f,0.0425812448752728f,-0.5972698550500452f,0.00656303259203024f,1.1353682364495257f,-0.008179315933140311f,-0.5496022170672242f,-0.042628885119342125f,-0.007927280602072867f,-1.1345884466713831f,1.6473612624024225f,0f,0f,0f,1f], start_interpolation: 0, interpolation_duration: 1 }
$data merge entity $(bone_left_arm2) { transformation: [-0.9992782311938433f,0.006046533804533361f,0.037502747780056786f,0.8054733875738654f,0.005780285585641313f,0.9999573458638025f,-0.007203801188820825f,-1.86540278072551f,-0.03754470616015454f,-0.0069818251174219755f,-0.9992705585362642f,2.3974939319679427f,0f,0f,0f,1f], start_interpolation: 0, interpolation_duration: 1 }
$data merge entity $(bone_left_arm1) { transformation: [-1.1345971583346761f,0.006865335257230586f,0.0425812448752728f,0.5269181550430285f,0.00656303259203024f,1.1353682364495257f,-0.008179315933140311f,-0.5561050383510707f,-0.042628885119342125f,-0.007927280602072867f,-1.1345884466713831f,1.6895990568325963f,0f,0f,0f,1f], start_interpolation: 0, interpolation_duration: 1 }
$data merge entity $(bone_body2) { transformation: [-1.5821905327235855f,0.009573678523844489f,0.059379350651756584f,0.4999999999999999f,0.00915211884393208f,1.5832657976176874f,-0.011406018548966309f,-0.5f,-0.05944578475357803f,-0.011054556435918128f,-1.582178384349085f,0.75f,0f,0f,0f,1f], start_interpolation: 0, interpolation_duration: 1 }
$data merge entity $(bone_right_leg2) { transformation: [-1f,-1.4618022824781685e-17f,1.2158910821003968e-16f,-1f,0f,0.9928504144598651f,0.11936521481099138f,-2.50787985845551f,-1.2246467991473532e-16f,0.11936521481099138f,-0.9928504144598651f,-0.6267028972191286f,0f,0f,0f,1f], start_interpolation: 0, interpolation_duration: 1 }
$data merge entity $(bone_right_leg1) { transformation: [-1.3333333333333333f,-2.1809700214064342e-17f,1.6182315382164396e-16f,-0.625f,0f,1.3213863289751098f,0.17808971720866051f,-1.125f,-1.6328623988631375e-16f,0.17808971720866051f,-1.3213863289751098f,-0.12500000000000008f,0f,0f,0f,1f], start_interpolation: 0, interpolation_duration: 1 }
$data merge entity $(bone_left_leg2) { transformation: [-1f,1.5860672473074725e-17f,1.2143326107504661e-16f,1f,0f,0.9915778260278242f,-0.12951221923021025f,-2.591115619998442f,-1.2246467991473532e-16f,-0.12951221923021025f,-0.9915778260278242f,-0.24569585244151648f,0f,0f,0f,1f], start_interpolation: 0, interpolation_duration: 1 }
$data merge entity $(bone_left_leg1) { transformation: [-1.3333333333333333f,2.1478676681431564e-17f,1.6186742286274075e-16f,0.625f,0f,1.321747813128154f,-0.17538670493717745f,-1.125f,-1.6328623988631375e-16f,-0.17538670493717745f,-1.321747813128154f,-0.12499999999999993f,0f,0f,0f,1f], start_interpolation: 0, interpolation_duration: 1 }
$data merge entity $(bone_tail3) { transformation: [-0.9600529177355202f,-0.0021217559024630955f,-0.2798104595961433f,-0.6563021874290386f,0.0028873339855742964f,0.9998428985718276f,-0.017488324046109262f,-0.6145138697949122f,0.2798036069280922f,-0.01759762277628256f,-0.9598959658330966f,-3.7528115353024942f,0f,0f,0f,1f], start_interpolation: 0, interpolation_duration: 1 }
$data merge entity $(bone_tail2) { transformation: [-1.4800815815089268f,-0.003271040349630605f,-0.4313744585440542f,-0.2512663611714981f,0.004451306561093707f,1.5414244686315675f,-0.026961166237751775f,-0.7688328889424781f,0.4313638940141421f,-0.027129668446768944f,-1.4798396139926904f,-1.9147315942288734f,0f,0f,0f,1f], start_interpolation: 0, interpolation_duration: 1 }
$data merge entity $(bone_tail1) { transformation: [-0.992809667009055f,-0.0021217559024630955f,-0.11968484968975651f,1.1102230246251565e-16f,-2.168404344971009e-19f,0.9998428985718276f,-0.017725071945861766f,-0.75f,0.11970365530496238f,-0.01759762277628256f,-0.9926536951924646f,-0.875f,0f,0f,0f,1f], start_interpolation: 0, interpolation_duration: 1 }
data modify entity @s data merge value {"locators":{"hitbox_head":{"posx":-0.0927166398810506,"posy":0.021328556271075216,"posz":3.2883675406103885,"roty":2.1493089697109156,"rotx":-0.412750974558131},"hitbox_neck":{"posx":-0.06012670081717714,"posy":-0.7983405884320851,"posz":2.2947697149820296,"roty":2.1493089697109156,"rotx":-0.412750974558131},"hitbox_right_arm":{"posx":-1.0305163141595373,"posy":-2.851281458370927,"posz":2.8360612564382164,"roty":2.1493089697109156,"rotx":-0.412750974558131},"hitbox_left_arm":{"posx":0.8431303693289189,"posy":-2.8621194938440047,"posz":2.9064575804885067,"roty":2.1493089697109156,"rotx":-0.412750974558131},"hitbox_tail1":{"posx":-0.32203812050005926,"posy":-1.5310992024012458,"posz":-2.5964373045229268,"roty":343.74855310042295,"rotx":-1.0020582415217147},"hitbox_tail2":{"posx":-0.8109107663298863,"posy":-1.9366448564463723,"posz":-4.26965613618974,"roty":343.74855310042295,"rotx":-1.0020582415217147}},"cameras":{}}