# This file was generated by Animated Java via MC-Build. It is not recommended to edit this file directly.
$data merge entity $(bone_jaw) { transformation: [-1f,1.9753650935092273e-17f,1.2086104046115568e-16f,-3.0712870544075587e-16f,0f,0.9869052901236816f,-0.16130080076023168f,1.2337141673315035f,-1.2246467991473532e-16f,-0.16130080076023168f,-0.9869052901236816f,2.8736431399823346f,0f,0f,0f,1f], start_interpolation: 0, interpolation_duration: 1 }
$data merge entity $(bone_head) { transformation: [-1.125f,3.5658215453607356e-17f,1.3307827178010035e-16f,-2.7755575615628914e-16f,0f,1.086666554575202f,-0.29117142574033583f,1.1690094060558733f,-1.3777276490407724e-16f,-0.29117142574033583f,-1.086666554575202f,2.6321616834100676f,0f,0f,0f,1f], start_interpolation: 0, interpolation_duration: 1 }
$data merge entity $(bone_neck) { transformation: [-1f,3.169619151431765e-17f,1.1829179713786698e-16f,0.4999999999999997f,0f,0.9659258262890683f,-0.25881904510252074f,-0.06757725852205965f,-1.2246467991473532e-16f,-0.25881904510252074f,-0.9659258262890683f,2.122342184971628f,0f,0f,0f,1f], start_interpolation: 0, interpolation_duration: 1 }
$data merge entity $(bone_right_arm2) { transformation: [-1f,3.47913360956218e-17f,1.174187410905945e-16f,-0.8750000000000002f,0f,0.9587967826506875f,-0.28409281859753266f,-1.3808344738026772f,-1.2246467991473532e-16f,-0.28409281859753266f,-0.9587967826506875f,2.7037762649465185f,0f,0f,0f,1f], start_interpolation: 0, interpolation_duration: 1 }
$data merge entity $(bone_right_arm1) { transformation: [-1.1354166666666665f,3.950266285857058e-17f,1.3331919561327917e-16f,-0.5625000000000001f,0f,1.088633846967968f,-0.3225637211159485f,-0.3177275093594536f,-1.3904843865318904e-16f,-0.3225637211159485f,-1.088633846967968f,1.671731652464909f,0f,0f,0f,1f], start_interpolation: 0, interpolation_duration: 1 }
$data merge entity $(bone_left_arm2) { transformation: [-1f,3.47913360956218e-17f,1.174187410905945e-16f,0.8749999999999997f,0f,0.9587967826506875f,-0.28409281859753266f,-1.3808344738026772f,-1.2246467991473532e-16f,-0.28409281859753266f,-0.9587967826506875f,2.7037762649465185f,0f,0f,0f,1f], start_interpolation: 0, interpolation_duration: 1 }
$data merge entity $(bone_left_arm1) { transformation: [-1.1354166666666665f,3.950266285857058e-17f,1.3331919561327917e-16f,0.5624999999999998f,0f,1.088633846967968f,-0.3225637211159485f,-0.3177275093594536f,-1.3904843865318904e-16f,-0.3225637211159485f,-1.088633846967968f,1.671731652464909f,0f,0f,0f,1f], start_interpolation: 0, interpolation_duration: 1 }
$data merge entity $(bone_body2) { transformation: [-1.5833333333333335f,5.018563656433628e-17f,1.872953454682894e-16f,0.4999999999999999f,0f,1.529382558291025f,-0.40979682141232454f,-0.5f,-1.9390240986499761e-16f,-0.40979682141232454f,-1.529382558291025f,0.75f,0f,0f,0f,1f], start_interpolation: 0, interpolation_duration: 1 }
data modify entity @s data merge value {"locators":{"hitbox_head":{"posx":-3.343320624583211e-16,"posy":0.6461867162197434,"posz":3.095775407314477,"roty":0,"rotx":-15},"hitbox_neck":{"posx":-2.7755575615628914e-16,"posy":-0.3974470627426452,"posz":2.3401400551712066,"roty":0,"rotx":-15},"hitbox_right_arm":{"posx":-0.9375000000000003,"posy":-2.1975848471545985,"posz":3.467267474869395,"roty":0,"rotx":-16.50462962962963},"hitbox_left_arm":{"posx":0.9374999999999996,"posy":-2.1975848471545985,"posz":3.467267474869395,"roty":0,"rotx":-16.50462962962963},"hitbox_tail1":{"posx":3.191891195797325e-16,"posy":-1.5,"posz":-2.625,"roty":0,"rotx":0},"hitbox_tail2":{"posx":5.268533801099157e-16,"posy":-1.875,"posz":-4.375,"roty":0,"rotx":0}},"cameras":{}}