# This file was generated by Animated Java via MC-Build. It is not recommended to edit this file directly.
$data merge entity $(bone_jaw) { transformation: [-1f,1.5980779619771806e-17f,1.214175131904902e-16f,-3.0716733703449116e-16f,0f,0.9914492347918258f,-0.13049296851057993f,1.223243980216221f,-1.2246467991473532e-16f,-0.13049296851057993f,-0.9914492347918258f,2.882148021280079f,0f,0f,0f,1f], start_interpolation: 0, interpolation_duration: 1 }
$data merge entity $(bone_head) { transformation: [-1.125f,3.5002983825119163e-17f,1.3325211395190916e-16f,-2.7755575615628914e-16f,0f,1.0880860836339463f,-0.2858210534620235f,1.1597281905579935f,-1.3777276490407724e-16f,-0.2858210534620235f,-1.0880860836339463f,2.6403511138058686f,0f,0f,0f,1f], start_interpolation: 0, interpolation_duration: 1 }
$data merge entity $(bone_neck) { transformation: [-1f,3.1113763400105924e-17f,1.1844632351280814e-16f,0.4999999999999997f,0f,0.9671876298968412f,-0.2540631586329098f,-0.07433498259663956f,-1.2246467991473532e-16f,-0.2540631586329098f,-0.9671876298968412f,2.124453270562152f,0f,0f,0f,1f], start_interpolation: 0, interpolation_duration: 1 }
$data merge entity $(bone_right_arm2) { transformation: [-1f,3.5023766534528853e-17f,1.1734962123651442e-16f,-0.8750000000000004f,0f,0.9582323762101677f,-0.28599075716291233f,-1.3833263638765425f,-1.2246467991473532e-16f,-0.28599075716291233f,-0.9582323762101677f,2.7067649778636578f,0f,0f,0f,1f], start_interpolation: 0, interpolation_duration: 1 }
$data merge entity $(bone_right_arm1) { transformation: [-1.1354166666666665f,3.97665682527463e-17f,1.3324071577895907e-16f,-0.5625000000000003f,0f,1.0879930104886277f,-0.32471867219539f,-0.32226501565019966f,-1.3904843865318904e-16f,-0.32471867219539f,-1.0879930104886277f,1.6726173504428452f,0f,0f,0f,1f], start_interpolation: 0, interpolation_duration: 1 }
$data merge entity $(bone_left_arm2) { transformation: [-1f,3.5023766534528853e-17f,1.1734962123651442e-16f,0.8749999999999997f,0f,0.9582323762101677f,-0.28599075716291233f,-1.3833263638765425f,-1.2246467991473532e-16f,-0.28599075716291233f,-0.9582323762101677f,2.706764977863658f,0f,0f,0f,1f], start_interpolation: 0, interpolation_duration: 1 }
$data merge entity $(bone_left_arm1) { transformation: [-1.1354166666666665f,3.97665682527463e-17f,1.3324071577895907e-16f,0.5624999999999998f,0f,1.0879930104886277f,-0.32471867219539f,-0.32226501565019966f,-1.3904843865318904e-16f,-0.32471867219539f,-1.0879930104886277f,1.6726173504428454f,0f,0f,0f,1f], start_interpolation: 0, interpolation_duration: 1 }
$data merge entity $(bone_body2) { transformation: [-1.5833333333333335f,4.926345871683439e-17f,1.875400122286129e-16f,0.4999999999999999f,0f,1.531380414003332f,-0.4022666678354405f,-0.5f,-1.9390240986499761e-16f,-0.4022666678354405f,-1.531380414003332f,0.75f,0f,0f,0f,1f], start_interpolation: 0, interpolation_duration: 1 }
data modify entity @s data merge value {"locators":{"hitbox_head":{"posx":-3.3401633437910787e-16,"posy":0.6346306589452521,"posz":3.1013867222942,"roty":0,"rotx":-14.71808},"hitbox_neck":{"posx":-2.7755575615628914e-16,"posy":-0.40527244897884124,"posz":2.3406254087865985,"roty":0,"rotx":-14.71808},"hitbox_right_arm":{"posx":-0.9375000000000006,"posy":-2.198563361505254,"posz":3.471871923131654,"roty":0,"rotx":-16.618080000000006},"hitbox_left_arm":{"posx":0.9374999999999996,"posy":-2.198563361505254,"posz":3.4718719231316544,"roty":0,"rotx":-16.618080000000006},"hitbox_tail1":{"posx":3.191891195797325e-16,"posy":-1.5,"posz":-2.625,"roty":0,"rotx":0},"hitbox_tail2":{"posx":5.268533801099157e-16,"posy":-1.875,"posz":-4.375,"roty":0,"rotx":0}},"cameras":{}}