# This file was generated by Animated Java via MC-Build. It is not recommended to edit this file directly.
$data merge entity $(bone_jaw) { transformation: [-1f,1.388576071711302e-17f,1.2167490898260685e-16f,-3.071943164934246e-16f,0f,0.9935510309366068f,-0.11338584093618526f,1.2157886570495615f,-1.2246467991473532e-16f,-0.11338584093618526f,-0.9935510309366068f,2.888152072313862f,0f,0f,0f,1f], start_interpolation: 0, interpolation_duration: 1 }
$data merge entity $(bone_head) { transformation: [-1.125f,3.453749422640936e-17f,1.3337352151710953e-16f,-2.7755575615628914e-16f,0f,1.0890774516372341f,-0.28202004243554724f,1.1531175365083288f,-1.3777276490407724e-16f,-0.28202004243554724f,-1.0890774516372341f,2.646134860838921f,0f,0f,0f,1f], start_interpolation: 0, interpolation_duration: 1 }
$data merge entity $(bone_neck) { transformation: [-1f,3.0699994867919434e-17f,1.185542413485418e-16f,0.4999999999999997f,0f,0.9680688458997637f,-0.2506844821649309f,-0.07913675401917664f,-1.2246467991473532e-16f,-0.2506844821649309f,-0.9680688458997637f,2.125931185845602f,0f,0f,0f,1f], start_interpolation: 0, interpolation_duration: 1 }
$data merge entity $(bone_right_arm2) { transformation: [-1f,3.5038459179500126e-17f,1.173452351181976e-16f,-0.8750000000000004f,0f,0.9581965608361361f,-0.28611073171379103f,-1.3864194588833099f,-1.2246467991473532e-16f,-0.28611073171379103f,-0.9581965608361361f,2.7075127941155306f,0f,0f,0f,1f], start_interpolation: 0, interpolation_duration: 1 }
$data merge entity $(bone_right_arm1) { transformation: [-1.1354166666666665f,3.9783250526724093e-17f,1.332357357071202e-16f,-0.5625000000000003f,0f,1.0879523451160293f,-0.32485489330003353f,-0.32548760083911255f,-1.3904843865318904e-16f,-0.32485489330003353f,-1.0879523451160293f,1.6732323231663364f,0f,0f,0f,1f], start_interpolation: 0, interpolation_duration: 1 }
$data merge entity $(bone_left_arm2) { transformation: [-1f,3.5038459179500126e-17f,1.173452351181976e-16f,0.8749999999999997f,0f,0.9581965608361361f,-0.28611073171379103f,-1.3864194588833099f,-1.2246467991473532e-16f,-0.28611073171379103f,-0.9581965608361361f,2.707512794115531f,0f,0f,0f,1f], start_interpolation: 0, interpolation_duration: 1 }
$data merge entity $(bone_left_arm1) { transformation: [-1.1354166666666665f,3.9783250526724093e-17f,1.332357357071202e-16f,0.5624999999999998f,0f,1.0879523451160293f,-0.32485489330003353f,-0.32548760083911255f,-1.3904843865318904e-16f,-0.32485489330003353f,-1.0879523451160293f,1.6732323231663369f,0f,0f,0f,1f], start_interpolation: 0, interpolation_duration: 1 }
$data merge entity $(bone_body2) { transformation: [-1.5833333333333335f,4.8608325207539107e-17f,1.8771088213519119e-16f,0.4999999999999999f,0f,1.532775672674626f,-0.3969170967611406f,-0.5f,-1.9390240986499761e-16f,-0.3969170967611406f,-1.532775672674626f,0.75f,0f,0f,0f,1f], start_interpolation: 0, interpolation_duration: 1 }
data modify entity @s data merge value {"locators":{"hitbox_head":{"posx":-3.337914533701581e-16,"posy":0.6264134084975175,"posz":3.105334176535679,"roty":0,"rotx":-14.518020000000003},"hitbox_neck":{"posx":-2.7755575615628914e-16,"posy":-0.4108270109609717,"posz":2.3409464723949216,"roty":0,"rotx":-14.518020000000003},"hitbox_right_arm":{"posx":-0.9375000000000006,"posy":-2.2015606538625505,"posz":3.4727218062473897,"roty":0,"rotx":-16.6252537962963},"hitbox_left_arm":{"posx":0.9374999999999996,"posy":-2.2015606538625505,"posz":3.47272180624739,"roty":0,"rotx":-16.6252537962963},"hitbox_tail1":{"posx":3.191891195797325e-16,"posy":-1.5,"posz":-2.625,"roty":0,"rotx":0},"hitbox_tail2":{"posx":5.268533801099157e-16,"posy":-1.875,"posz":-4.375,"roty":0,"rotx":0}},"cameras":{}}