# This file was generated by Animated Java via MC-Build. It is not recommended to edit this file directly.
$data merge entity $(bone_jaw) { transformation: [-1f,6.838084992538596e-18f,1.2227362111368664e-16f,-3.0730084890783507e-16f,0f,0.9984398864947698f,-0.05583720136532053f,1.185094163798244f,-1.2246467991473532e-16f,-0.05583720136532053f,-0.9984398864947698f,2.912425180008107f,0f,0f,0f,1f], start_interpolation: 0, interpolation_duration: 1 }
$data merge entity $(bone_head) { transformation: [-1.125f,3.263022000620268e-17f,1.3385291738195677e-16f,-2.7755575615628914e-16f,0f,1.0929920159441104f,-0.2664459665343601f,1.1258839490128305f,-1.3777276490407724e-16f,-0.2664459665343601f,-1.0929920159441104f,2.6695380653538603f,0f,0f,0f,1f], start_interpolation: 0, interpolation_duration: 1 }
$data merge entity $(bone_neck) { transformation: [-1f,2.9004640005513496e-17f,1.189803710061838e-16f,0.4999999999999997f,0f,0.9715484586169871f,-0.2368408591416534f,-0.09881948632031151f,-1.2246467991473532e-16f,-0.2368408591416534f,-0.9715484586169871f,2.1317983555655653f,0f,0f,0f,1f], start_interpolation: 0, interpolation_duration: 1 }
$data merge entity $(bone_right_arm2) { transformation: [-1f,3.470626555071918e-17f,1.1744391409579952e-16f,-0.8750000000000004f,0f,0.9590023358373088f,-0.28339816488217695f,-1.4025378006482327f,-1.2246467991473532e-16f,-0.28339816488217695f,-0.9590023358373088f,2.7069034309457853f,0f,0f,0f,1f], start_interpolation: 0, interpolation_duration: 1 }
$data merge entity $(bone_right_arm1) { transformation: [-1.1354166666666665f,3.940607234404573e-17f,1.33347777462939e-16f,-0.5625000000000003f,0f,1.0888672354819442f,-0.3217749997099717f,-0.33868347321826164f,-1.3904843865318904e-16f,-0.3217749997099717f,-1.0888672354819442f,1.6756292336497787f,0f,0f,0f,1f], start_interpolation: 0, interpolation_duration: 1 }
$data merge entity $(bone_left_arm2) { transformation: [-1f,3.470626555071918e-17f,1.1744391409579952e-16f,0.8749999999999997f,0f,0.9590023358373088f,-0.28339816488217695f,-1.4025378006482327f,-1.2246467991473532e-16f,-0.28339816488217695f,-0.9590023358373088f,2.7069034309457862f,0f,0f,0f,1f], start_interpolation: 0, interpolation_duration: 1 }
$data merge entity $(bone_left_arm1) { transformation: [-1.1354166666666665f,3.940607234404573e-17f,1.33347777462939e-16f,0.5624999999999998f,0f,1.0888672354819442f,-0.3217749997099717f,-0.33868347321826164f,-1.3904843865318904e-16f,-0.3217749997099717f,-1.0888672354819442f,1.675629233649779f,0f,0f,0f,1f], start_interpolation: 0, interpolation_duration: 1 }
$data merge entity $(bone_body2) { transformation: [-1.5833333333333335f,4.592401334206304e-17f,1.883855874264577e-16f,0.4999999999999999f,0f,1.5382850594768964f,-0.3749980269742846f,-0.5f,-1.9390240986499761e-16f,-0.3749980269742846f,-1.5382850594768964f,0.75f,0f,0f,0f,1f], start_interpolation: 0, interpolation_duration: 1 }
data modify entity @s data merge value {"locators":{"hitbox_head":{"posx":-3.328650220991675e-16,"posy":0.5926789308589802,"posz":3.1211724956352023,"roty":0,"rotx":-13.700159999999997},"hitbox_neck":{"posx":-2.7755575615628914e-16,"posy":-0.433545050908975,"posz":2.3420572350708087,"roty":0,"rotx":-13.700159999999997},"hitbox_right_arm":{"posx":-0.9375000000000006,"posy":-2.219841054044453,"posz":3.4698027637466167,"roty":0,"rotx":-16.46312296296296},"hitbox_left_arm":{"posx":0.9374999999999996,"posy":-2.219841054044453,"posz":3.4698027637466176,"roty":0,"rotx":-16.46312296296296},"hitbox_tail1":{"posx":3.191891195797325e-16,"posy":-1.5,"posz":-2.625,"roty":0,"rotx":0},"hitbox_tail2":{"posx":5.268533801099157e-16,"posy":-1.875,"posz":-4.375,"roty":0,"rotx":0}},"cameras":{}}