# This file was generated by Animated Java via MC-Build. It is not recommended to edit this file directly.
$data merge entity $(bone_jaw) { transformation: [-1f,-7.047431602146475e-18f,1.2226173372904396e-16f,-4.1855756221732637e-16f,0f,0.9983428186328281f,0.05754664615996358f,1.10878994344451f,-1.2246467991473532e-16f,0.05754664615996358f,-0.9983428186328281f,2.9697792498065683f,0f,0f,0f,1f], start_interpolation: 0, interpolation_duration: 1 }
$data merge entity $(bone_head) { transformation: [-1.125f,2.7950480676283425e-17f,1.3490776619334723e-16f,-3.885780586188048e-16f,0f,1.1016055101542361f,-0.2282329949806233f,1.0580715001154828f,-1.3777276490407724e-16f,-0.2282329949806233f,-1.1016055101542361f,2.7249780253278493f,0f,0f,0f,1f], start_interpolation: 0, interpolation_duration: 1 }
$data merge entity $(bone_neck) { transformation: [-1f,2.4844871712251932e-17f,1.1991801439408644e-16f,0.4999999999999997f,0f,0.9792048979148765f,-0.2028737733161096f,-0.14716864473841268f,-1.2246467991473532e-16f,-0.2028737733161096f,-0.9792048979148765f,2.1449274299203784f,0f,0f,0f,1f], start_interpolation: 0, interpolation_duration: 1 }
$data merge entity $(bone_right_arm2) { transformation: [-1f,3.304329935457902e-17f,1.179225940792614e-16f,-0.8750000000000004f,0f,0.9629110545290585f,-0.269819015389458f,-1.4493263296249639f,-1.2246467991473532e-16f,-0.269819015389458f,-0.9629110545290585f,2.696823010314845f,0f,0f,0f,1f], start_interpolation: 0, interpolation_duration: 1 }
$data merge entity $(bone_right_arm1) { transformation: [-1.1354166666666665f,3.751791280884492e-17f,1.3389127869416135e-16f,-0.5625000000000003f,0f,1.0933052598298683f,-0.30635700705678043f,-0.37100614363582707f,-1.3904843865318904e-16f,-0.30635700705678043f,-1.0933052598298683f,1.6806842026274535f,0f,0f,0f,1f], start_interpolation: 0, interpolation_duration: 1 }
$data merge entity $(bone_left_arm2) { transformation: [-1f,3.304329935457902e-17f,1.179225940792614e-16f,0.8749999999999997f,0f,0.9629110545290585f,-0.269819015389458f,-1.4493263296249639f,-1.2246467991473532e-16f,-0.269819015389458f,-0.9629110545290585f,2.696823010314845f,0f,0f,0f,1f], start_interpolation: 0, interpolation_duration: 1 }
$data merge entity $(bone_left_arm1) { transformation: [-1.1354166666666665f,3.751791280884492e-17f,1.3389127869416135e-16f,0.5624999999999998f,0f,1.0933052598298683f,-0.30635700705678043f,-0.37100614363582707f,-1.3904843865318904e-16f,-0.30635700705678043f,-1.0933052598298683f,1.6806842026274538f,0f,0f,0f,1f], start_interpolation: 0, interpolation_duration: 1 }
$data merge entity $(bone_body2) { transformation: [-1.5833333333333335f,3.93377135443989e-17f,1.8987018945730354e-16f,0.4999999999999999f,0f,1.550407755031888f,-0.32121680775050687f,-0.5f,-1.9390240986499761e-16f,-0.32121680775050687f,-1.550407755031888f,0.75f,0f,0f,0f,1f], start_interpolation: 0, interpolation_duration: 1 }
data modify entity @s data merge value {"locators":{"hitbox_head":{"posx":-4.4158048293711427e-16,"posy":0.5094664930799693,"posz":3.157775664248817,"roty":0,"rotx":-11.70506},"hitbox_neck":{"posx":-2.7755575615628914e-16,"posy":-0.4890112597919777,"posz":2.3434057071532792,"roty":0,"rotx":-11.70506},"hitbox_right_arm":{"posx":-0.9375000000000006,"posy":-2.2773278764592932,"posz":3.4480975529688322,"roty":0,"rotx":-15.653497500000004},"hitbox_left_arm":{"posx":0.9374999999999996,"posy":-2.2773278764592932,"posz":3.4480975529688322,"roty":0,"rotx":-15.653497500000004},"hitbox_tail1":{"posx":3.191891195797325e-16,"posy":-1.5,"posz":-2.625,"roty":0,"rotx":0},"hitbox_tail2":{"posx":5.268533801099157e-16,"posy":-1.875,"posz":-4.375,"roty":0,"rotx":0}},"cameras":{}}