# This file was generated by Animated Java via MC-Build. It is not recommended to edit this file directly.
$data merge entity $(bone_jaw) { transformation: [-1f,-1.0078553038793299e-17f,1.2204925479191917e-16f,-4.1860852166950965e-16f,0f,0.9966077964429795f,0.08229763100520393f,1.0901459013858357f,-1.2246467991473532e-16f,0.08229763100520393f,-0.9966077964429795f,2.983172857686083f,0f,0f,0f,1f], start_interpolation: 0, interpolation_duration: 1 }
$data merge entity $(bone_head) { transformation: [-1.125f,2.6819831296247732e-17f,1.3513708372817192e-16f,-3.885780586188048e-16f,0f,1.1034780299287894f,-0.21900054215567083f,1.041479114240131f,-1.3777276490407724e-16f,-0.21900054215567083f,-1.1034780299287894f,2.737955517701908f,0f,0f,0f,1f], start_interpolation: 0, interpolation_duration: 1 }
$data merge entity $(bone_neck) { transformation: [-1f,2.3839850041109094e-17f,1.2012185220281949e-16f,0.4999999999999997f,0f,0.9808693599367017f,-0.19466714858281853f,-0.1588616389161545f,-1.2246467991473532e-16f,-0.19466714858281853f,-0.9808693599367017f,2.1478330081225825f,0f,0f,0f,1f], start_interpolation: 0, interpolation_duration: 1 }
$data merge entity $(bone_right_arm2) { transformation: [-1f,3.256570422475841e-17f,1.1805537994925996e-16f,-0.8750000000000004f,0f,0.9639953334418928f,-0.2659191551999476f,-1.4612283391421719f,-1.2246467991473532e-16f,-0.2659191551999476f,-0.9639953334418928f,2.6934974046683164f,0f,0f,0f,1f], start_interpolation: 0, interpolation_duration: 1 }
$data merge entity $(bone_right_arm1) { transformation: [-1.1354166666666665f,3.6975643338527773e-17f,1.3404204598405557e-16f,-0.5625000000000003f,0f,1.0945363681788156f,-0.30192904079994043f,-0.37880388319965147f,-1.3904843865318904e-16f,-0.30192904079994043f,-1.0945363681788156f,1.681731721727084f,0f,0f,0f,1f], start_interpolation: 0, interpolation_duration: 1 }
$data merge entity $(bone_left_arm2) { transformation: [-1f,3.256570422475841e-17f,1.1805537994925996e-16f,0.8749999999999997f,0f,0.9639953334418928f,-0.2659191551999476f,-1.4612283391421719f,-1.2246467991473532e-16f,-0.2659191551999476f,-0.9639953334418928f,2.6934974046683164f,0f,0f,0f,1f], start_interpolation: 0, interpolation_duration: 1 }
$data merge entity $(bone_left_arm1) { transformation: [-1.1354166666666665f,3.6975643338527773e-17f,1.3404204598405557e-16f,0.5624999999999998f,0f,1.0945363681788156f,-0.30192904079994043f,-0.37880388319965147f,-1.3904843865318904e-16f,-0.30192904079994043f,-1.0945363681788156f,1.681731721727084f,0f,0f,0f,1f], start_interpolation: 0, interpolation_duration: 1 }
$data merge entity $(bone_body2) { transformation: [-1.5833333333333335f,3.7746429231756066e-17f,1.901929326544642e-16f,0.4999999999999999f,0f,1.553043153233111f,-0.30822298525612934f,-0.5f,-1.9390240986499761e-16f,-0.30822298525612934f,-1.553043153233111f,0.75f,0f,0f,0f,1f], start_interpolation: 0, interpolation_duration: 1 }
data modify entity @s data merge value {"locators":{"hitbox_head":{"posx":-4.4101604370787906e-16,"posy":0.48926924821182327,"posz":3.1661441605463887,"roty":0,"rotx":-11.225280000000001},"hitbox_neck":{"posx":-2.7755575615628914e-16,"posy":-0.5023542553195653,"posz":2.343441858833227,"roty":0,"rotx":-11.225280000000001},"hitbox_right_arm":{"posx":-0.9375000000000006,"posy":-2.292264094984091,"posz":3.4414142265892105,"roty":0,"rotx":-15.421576296296301},"hitbox_left_arm":{"posx":0.9374999999999996,"posy":-2.292264094984091,"posz":3.4414142265892105,"roty":0,"rotx":-15.421576296296301},"hitbox_tail1":{"posx":3.191891195797325e-16,"posy":-1.5,"posz":-2.625,"roty":0,"rotx":0},"hitbox_tail2":{"posx":5.268533801099157e-16,"posy":-1.875,"posz":-4.375,"roty":0,"rotx":0}},"cameras":{}}