# This file was generated by Animated Java via MC-Build. It is not recommended to edit this file directly.
$data merge entity $(bone_jaw) { transformation: [-1f,-1.3175372955748328e-17f,1.217538803245938e-16f,-4.1865969227909492e-16f,0f,0.9941958808806229f,0.10758508465397157f,1.0704774852553187f,-1.2246467991473532e-16f,0.10758508465397157f,-0.9941958808806229f,2.9970481677761454f,0f,0f,0f,1f], start_interpolation: 0, interpolation_duration: 1 }
$data merge entity $(bone_head) { transformation: [-1.125f,2.5632301983203433e-17f,1.3536735147130566e-16f,-3.885780586188048e-16f,0f,1.1053583087430081f,-0.20930362943053982f,1.0239655676040877f,-1.3777276490407724e-16f,-0.20930362943053982f,-1.1053583087430081f,2.7514129880554767f,0f,0f,0f,1f], start_interpolation: 0, interpolation_duration: 1 }
$data merge entity $(bone_neck) { transformation: [-1f,2.2784268429514163e-17f,1.203265346411606e-16f,0.4999999999999997f,0f,0.9825407188826739f,-0.18604767060492428f,-0.17114767857525426f,-1.2246467991473532e-16f,-0.18604767060492428f,-0.9825407188826739f,2.150774303981036f,0f,0f,0f,1f], start_interpolation: 0, interpolation_duration: 1 }
$data merge entity $(bone_right_arm2) { transformation: [-1f,3.204528273575817e-17f,1.1819770590414982e-16f,-0.8750000000000004f,0f,0.9651575130596322f,-0.26166959124924305f,-1.4738604956449632f,-1.2246467991473532e-16f,-0.26166959124924305f,-0.9651575130596322f,2.689747032108443f,0f,0f,0f,1f], start_interpolation: 0, interpolation_duration: 1 }
$data merge entity $(bone_right_arm1) { transformation: [-1.1354166666666665f,3.638474810622542e-17f,1.3420364524533675e-16f,-0.5625000000000003f,0f,1.0958559262864571f,-0.29710401506424466f,-0.3869891037380506f,-1.3904843865318904e-16f,-0.29710401506424466f,-1.0958559262864571f,1.6827599033653144f,0f,0f,0f,1f], start_interpolation: 0, interpolation_duration: 1 }
$data merge entity $(bone_left_arm2) { transformation: [-1f,3.204528273575817e-17f,1.1819770590414982e-16f,0.8749999999999997f,0f,0.9651575130596322f,-0.26166959124924305f,-1.4738604956449632f,-1.2246467991473532e-16f,-0.26166959124924305f,-0.9651575130596322f,2.689747032108443f,0f,0f,0f,1f], start_interpolation: 0, interpolation_duration: 1 }
$data merge entity $(bone_left_arm1) { transformation: [-1.1354166666666665f,3.638474810622542e-17f,1.3420364524533675e-16f,0.5624999999999998f,0f,1.0958559262864571f,-0.29710401506424466f,-0.3869891037380506f,-1.3904843865318904e-16f,-0.29710401506424466f,-1.0958559262864571f,1.6827599033653144f,0f,0f,0f,1f], start_interpolation: 0, interpolation_duration: 1 }
$data merge entity $(bone_body2) { transformation: [-1.5833333333333335f,3.6075091680064096e-17f,1.9051701318183763e-16f,0.4999999999999999f,0f,1.5556894715642338f,-0.2945754784577968f,-0.5f,-1.9390240986499761e-16f,-0.2945754784577968f,-1.5556894715642338f,0.75f,0f,0f,0f,1f], start_interpolation: 0, interpolation_duration: 1 }
data modify entity @s data merge value {"locators":{"hitbox_head":{"posx":-4.4042026846261385e-16,"posy":0.4680175153664554,"posz":3.17473675683439,"roty":0,"rotx":-10.722219999999998},"hitbox_neck":{"posx":-2.7755575615628914e-16,"posy":-0.5163444893306415,"posz":2.3433597703182167,"roty":0,"rotx":-10.722219999999998},"hitbox_right_arm":{"posx":-0.9375000000000006,"posy":-2.3081832130799738,"posz":3.4339953798875023,"roty":0,"rotx":-15.169152870370372},"hitbox_left_arm":{"posx":0.9374999999999996,"posy":-2.3081832130799738,"posz":3.4339953798875023,"roty":0,"rotx":-15.169152870370372},"hitbox_tail1":{"posx":3.191891195797325e-16,"posy":-1.5,"posz":-2.625,"roty":0,"rotx":0},"hitbox_tail2":{"posx":5.268533801099157e-16,"posy":-1.875,"posz":-4.375,"roty":0,"rotx":0}},"cameras":{}}