# This file was generated by Animated Java via MC-Build. It is not recommended to edit this file directly.
$data merge entity $(bone_jaw) { transformation: [-1f,-1.6329268678559004e-17f,1.2137113664723592e-16f,-4.187106008565259e-16f,0f,0.9910705415776958f,0.13333859762609163f,1.0498308737626074f,-1.2246467991473532e-16f,0.13333859762609163f,-0.9910705415776958f,3.0113379364288373f,0f,0f,0f,1f], start_interpolation: 0, interpolation_duration: 1 }
$data merge entity $(bone_head) { transformation: [-1.125f,2.43913958134053e-17f,1.3559644006974494e-16f,-3.885780586188048e-16f,0f,1.1072289591101079f,-0.19917086159362474f,1.0055706822973576f,-1.3777276490407724e-16f,-0.19917086159362474f,-1.1072289591101079f,2.7652870566265912f,0f,0f,0f,1f], start_interpolation: 0, interpolation_duration: 1 }
$data merge entity $(bone_neck) { transformation: [-1f,2.1681240723026935e-17f,1.205301689508844e-16f,0.4999999999999997f,0f,0.9842035192089849f,-0.17704076586099976f,-0.18399117912425128f,-1.2246467991473532e-16f,-0.17704076586099976f,-0.9842035192089849f,2.153727510996603f,0f,0f,0f,1f], start_interpolation: 0, interpolation_duration: 1 }
$data merge entity $(bone_right_arm2) { transformation: [-1f,3.148439738593269e-17f,1.1834834408585212e-16f,-0.8750000000000004f,0f,0.9663875671601874f,-0.2570896148003927f,-1.4871715736783502f,-1.2246467991473532e-16f,-0.2570896148003927f,-0.9663875671601874f,2.68557741897288f,0f,0f,0f,1f], start_interpolation: 0, interpolation_duration: 1 }
$data merge entity $(bone_right_arm1) { transformation: [-1.1354166666666665f,3.57479095319444e-17f,1.343746823474779e-16f,-0.5625000000000003f,0f,1.0972525502131292f,-0.2919038334712792f,-0.39553700195587427f,-1.3904843865318904e-16f,-0.2919038334712792f,-1.0972525502131292f,1.6837558471247358f,0f,0f,0f,1f], start_interpolation: 0, interpolation_duration: 1 }
$data merge entity $(bone_left_arm2) { transformation: [-1f,3.148439738593269e-17f,1.1834834408585212e-16f,0.8749999999999997f,0f,0.9663875671601874f,-0.2570896148003927f,-1.4871715736783502f,-1.2246467991473532e-16f,-0.2570896148003927f,-0.9663875671601874f,2.6855774189728803f,0f,0f,0f,1f], start_interpolation: 0, interpolation_duration: 1 }
$data merge entity $(bone_left_arm1) { transformation: [-1.1354166666666665f,3.57479095319444e-17f,1.343746823474779e-16f,0.5624999999999998f,0f,1.0972525502131292f,-0.2919038334712792f,-0.39553700195587427f,-1.3904843865318904e-16f,-0.2919038334712792f,-1.0972525502131292f,1.6837558471247358f,0f,0f,0f,1f], start_interpolation: 0, interpolation_duration: 1 }
$data merge entity $(bone_body2) { transformation: [-1.5833333333333335f,3.432863114479265e-17f,1.9083943417223365e-16f,0.4999999999999999f,0f,1.5583222387475595f,-0.280314545946583f,-0.5f,-1.9390240986499761e-16f,-0.280314545946583f,-1.5583222387475595f,0.75f,0f,0f,0f,1f], start_interpolation: 0, interpolation_duration: 1 }
data modify entity @s data merge value {"locators":{"hitbox_head":{"posx":-4.39794511867848e-16,"posy":0.44576872212330443,"posz":3.183501135042524,"roty":0,"rotx":-10.19744},"hitbox_neck":{"posx":-2.7755575615628914e-16,"posy":-0.5309374030949956,"posz":2.343143238095601,"roty":0,"rotx":-10.19744},"hitbox_right_arm":{"posx":-0.9375000000000006,"posy":-2.3250143334383413,"posz":3.4258608173533664,"roty":0,"rotx":-14.897439999999996},"hitbox_left_arm":{"posx":0.9374999999999996,"posy":-2.3250143334383413,"posz":3.4258608173533664,"roty":0,"rotx":-14.897439999999996},"hitbox_tail1":{"posx":3.191891195797325e-16,"posy":-1.5,"posz":-2.625,"roty":0,"rotx":0},"hitbox_tail2":{"posx":5.268533801099157e-16,"posy":-1.875,"posz":-4.375,"roty":0,"rotx":0}},"cameras":{}}