# This file was generated by Animated Java via MC-Build. It is not recommended to edit this file directly.
$data merge entity $(bone_jaw) { transformation: [-1f,-2.933701600631932e-17f,1.1889885331012887e-16f,-4.189027591808841e-16f,0f,0.97088281611409f,0.2395549151538622f,0.9584336889934406f,-1.2246467991473532e-16f,0.2395549151538622f,-0.97088281611409f,3.0713349984026403f,0f,0f,0f,1f], start_interpolation: 0, interpolation_duration: 1 }
$data merge entity $(bone_head) { transformation: [-1.125f,1.896545806654115e-17f,1.364611525293569e-16f,-3.885780586188048e-16f,0f,1.1142898721849146f,-0.15486471756383668f,0.924019307312588f,-1.3777276490407724e-16f,-0.15486471756383668f,-1.1142898721849146f,2.8237150268059925f,0f,0f,0f,1f], start_interpolation: 0, interpolation_duration: 1 }
$data merge entity $(bone_neck) { transformation: [-1f,1.6858184948036578e-17f,1.2129880224831724e-16f,0.4999999999999997f,0f,0.9904798863865907f,-0.1376575267234104f,-0.24021231243593566f,-1.2246467991473532e-16f,-0.1376575267234104f,-0.9904798863865907f,2.1652112412605113f,0f,0f,0f,1f], start_interpolation: 0, interpolation_duration: 1 }
$data merge entity $(bone_right_arm2) { transformation: [-1f,2.888374544763794e-17f,1.1900977722664067e-16f,-0.8750000000000004f,0f,0.9717885786293639f,-0.23585368016107117f,-1.5461741659362682f,-1.2246467991473532e-16f,-0.23585368016107117f,-0.9717885786293639f,2.664841091926735f,0f,0f,0f,1f], start_interpolation: 0, interpolation_duration: 1 }
$data merge entity $(bone_right_arm1) { transformation: [-1.1354166666666665f,3.2795085977005576e-17f,1.351256845594149e-16f,-0.5625000000000003f,0f,1.1033849486520901f,-0.2677921993495495f,-0.4328510615959647f,-1.3904843865318904e-16f,-0.2677921993495495f,-1.1033849486520901f,1.6871784889076418f,0f,0f,0f,1f], start_interpolation: 0, interpolation_duration: 1 }
$data merge entity $(bone_left_arm2) { transformation: [-1f,2.888374544763794e-17f,1.1900977722664067e-16f,0.8749999999999997f,0f,0.9717885786293639f,-0.23585368016107117f,-1.5461741659362682f,-1.2246467991473532e-16f,-0.23585368016107117f,-0.9717885786293639f,2.6648410919267356f,0f,0f,0f,1f], start_interpolation: 0, interpolation_duration: 1 }
$data merge entity $(bone_left_arm1) { transformation: [-1.1354166666666665f,3.2795085977005576e-17f,1.351256845594149e-16f,0.5624999999999998f,0f,1.1033849486520901f,-0.2677921993495495f,-0.4328510615959647f,-1.3904843865318904e-16f,-0.2677921993495495f,-1.1033849486520901f,1.6871784889076418f,0f,0f,0f,1f], start_interpolation: 0, interpolation_duration: 1 }
$data merge entity $(bone_body2) { transformation: [-1.5833333333333335f,2.6692126167724585e-17f,1.9205643689316898e-16f,0.4999999999999999f,0f,1.568259820112102f,-0.2179577506453998f,-0.5f,-1.9390240986499761e-16f,-0.2179577506453998f,-1.568259820112102f,0.75f,0f,0f,0f,1f], start_interpolation: 0, interpolation_duration: 1 }
data modify entity @s data merge value {"locators":{"hitbox_head":{"posx":-4.370202999139268e-16,"posy":0.3479873554220345,"posz":3.2192759455039335,"roty":0,"rotx":-7.912320000000006},"hitbox_neck":{"posx":-2.7755575615628914e-16,"posy":-0.5944350789904809,"posz":2.340642799580114,"roty":0,"rotx":-7.912320000000006},"hitbox_right_arm":{"posx":-0.9375000000000006,"posy":-2.4000359044850965,"posz":3.3865890614024883,"roty":0,"rotx":-13.641949629629634},"hitbox_left_arm":{"posx":0.9374999999999996,"posy":-2.4000359044850965,"posz":3.3865890614024887,"roty":0,"rotx":-13.641949629629634},"hitbox_tail1":{"posx":3.191891195797325e-16,"posy":-1.5,"posz":-2.625,"roty":0,"rotx":0},"hitbox_tail2":{"posx":5.268533801099157e-16,"posy":-1.875,"posz":-4.375,"roty":0,"rotx":0}},"cameras":{}}