# This file was generated by Animated Java via MC-Build. It is not recommended to edit this file directly.
$data merge entity $(bone_jaw) { transformation: [-1f,-3.264135801444501e-17f,1.1803448467965372e-16f,-4.1894590856892524e-16f,0f,0.9638247106172482f,0.2665369152736217f,0.9336382043069906f,-1.2246467991473532e-16f,0.2665369152736217f,-0.9638247106172482f,3.0867298729531036f,0f,0f,0f,1f], start_interpolation: 0, interpolation_duration: 1 }
$data merge entity $(bone_head) { transformation: [-1.125f,1.7511623562802328e-17f,1.3665532477554195e-16f,-3.885780586188048e-16f,0f,1.1158754088990122f,-0.14299325793359036f,0.9018619247661928f,-1.3777276490407724e-16f,-0.14299325793359036f,-1.1158754088990122f,2.838757559864434f,0f,0f,0f,1f], start_interpolation: 0, interpolation_duration: 1 }
$data merge entity $(bone_neck) { transformation: [-1f,1.5565887611379848e-17f,1.2147139980048172e-16f,0.4999999999999997f,0f,0.9918892523546775f,-0.12710511816319142f,-0.255293314368245f,-1.2246467991473532e-16f,-0.12710511816319142f,-0.9918892523546775f,2.1678967303746495f,0f,0f,0f,1f], start_interpolation: 0, interpolation_duration: 1 }
$data merge entity $(bone_right_arm2) { transformation: [-1f,2.81562873827854e-17f,1.1918398091789256e-16f,-0.8750000000000004f,0f,0.9732110597183864f,-0.22991353427281158f,-1.5621059910619994f,-1.2246467991473532e-16f,-0.22991353427281158f,-0.9732110597183864f,2.6586843612571656f,0f,0f,0f,1f], start_interpolation: 0, interpolation_duration: 1 }
$data merge entity $(bone_right_arm1) { transformation: [-1.1354166666666665f,3.196911796587092e-17f,1.3532347833385715e-16f,-0.5625000000000003f,0f,1.1050000573885843f,-0.2610476587055881f,-0.44283202999417537f,-1.3904843865318904e-16f,-0.2610476587055881f,-1.1050000573885843f,1.6878402439677096f,0f,0f,0f,1f], start_interpolation: 0, interpolation_duration: 1 }
$data merge entity $(bone_left_arm2) { transformation: [-1f,2.81562873827854e-17f,1.1918398091789256e-16f,0.8749999999999997f,0f,0.9732110597183864f,-0.22991353427281158f,-1.5621059910619994f,-1.2246467991473532e-16f,-0.22991353427281158f,-0.9732110597183864f,2.6586843612571656f,0f,0f,0f,1f], start_interpolation: 0, interpolation_duration: 1 }
$data merge entity $(bone_left_arm1) { transformation: [-1.1354166666666665f,3.196911796587092e-17f,1.3532347833385715e-16f,0.5624999999999998f,0f,1.1050000573885843f,-0.2610476587055881f,-0.44283202999417537f,-1.3904843865318904e-16f,-0.2610476587055881f,-1.1050000573885843f,1.6878402439677096f,0f,0f,0f,1f], start_interpolation: 0, interpolation_duration: 1 }
$data merge entity $(bone_body2) { transformation: [-1.5833333333333335f,2.4645988718018095e-17f,1.9232971635076274e-16f,0.4999999999999999f,0f,1.5704913162282395f,-0.2012497704250531f,-0.5f,-1.9390240986499761e-16f,-0.2012497704250531f,-1.5704913162282395f,0.75f,0f,0f,0f,1f], start_interpolation: 0, interpolation_duration: 1 }
data modify entity @s data merge value {"locators":{"hitbox_head":{"posx":-4.3626655081356775e-16,"posy":0.32165149147051664,"posz":3.2281636500772652,"roty":0,"rotx":-7.302340000000002},"hitbox_neck":{"posx":-2.7755575615628914e-16,"posy":-0.6113636442308501,"posz":2.339547306230181,"roty":0,"rotx":-7.302340000000002},"hitbox_right_arm":{"posx":-0.9375000000000006,"posy":-2.42036028364398,"posz":3.37520342538917,"roty":0,"rotx":-13.291981203703706},"hitbox_left_arm":{"posx":0.9374999999999996,"posy":-2.42036028364398,"posz":3.37520342538917,"roty":0,"rotx":-13.291981203703706},"hitbox_tail1":{"posx":3.191891195797325e-16,"posy":-1.5,"posz":-2.625,"roty":0,"rotx":0},"hitbox_tail2":{"posx":5.268533801099157e-16,"posy":-1.875,"posz":-4.375,"roty":0,"rotx":0}},"cameras":{}}