# This file was generated by Animated Java via MC-Build. It is not recommended to edit this file directly.
$data merge entity $(bone_jaw) { transformation: [-1f,7.04489229556134e-18f,1.2226188007372745e-16f,-4.1909313068978096e-16f,0f,0.9983440136278554f,-0.057525911148147105f,0.8242831669409411f,-1.2246467991473532e-16f,-0.057525911148147105f,-0.9983440136278554f,3.150395611926682f,0f,0f,0f,1f], start_interpolation: 0, interpolation_duration: 1 }
$data merge entity $(bone_head) { transformation: [-1.125f,1.1187040426425646e-17f,1.3731782431939288e-16f,-3.885780586188048e-16f,0f,1.1212851282100187f,-0.09134911742891501f,0.8039833630678488f,-1.3777276490407724e-16f,-0.09134911742891501f,-1.1212851282100187f,2.901221138991122f,0f,0f,0f,1f], start_interpolation: 0, interpolation_duration: 1 }
$data merge entity $(bone_neck) { transformation: [-1f,9.944035934600574e-18f,1.220602882839048e-16f,0.4999999999999997f,0f,0.9966978917422389f,-0.0811992154923689f,-0.3209825094958298f,-1.2246467991473532e-16f,-0.0811992154923689f,-0.9966978917422389f,2.1776782684111953f,0f,0f,0f,1f], start_interpolation: 0, interpolation_duration: 1 }
$data merge entity $(bone_right_arm2) { transformation: [-1f,1.0706104332021505e-17f,1.2199580794703742e-16f,-0.8750000000000004f,0f,0.9961713698347611f,-0.08742197619326252f,-1.7335416679850502f,-1.2246467991473532e-16f,-0.08742197619326252f,-0.9961713698347611f,2.489088384991677f,0f,0f,0f,1f], start_interpolation: 0, interpolation_duration: 1 }
$data merge entity $(bone_right_arm1) { transformation: [-1.1354166666666665f,1.2155889293649415e-17f,1.3851607360653206e-16f,-0.5625000000000003f,0f,1.1310695761665515f,-0.0992603688027668f,-0.4861693537097941f,-1.3904843865318904e-16f,-0.0992603688027668f,-1.1310695761665515f,1.689479224476622f,0f,0f,0f,1f], start_interpolation: 0, interpolation_duration: 1 }
$data merge entity $(bone_left_arm2) { transformation: [-1f,1.0706104332021505e-17f,1.2199580794703742e-16f,0.8749999999999997f,0f,0.9961713698347611f,-0.08742197619326252f,-1.7335416679850502f,-1.2246467991473532e-16f,-0.08742197619326252f,-0.9961713698347611f,2.4890883849916774f,0f,0f,0f,1f], start_interpolation: 0, interpolation_duration: 1 }
$data merge entity $(bone_left_arm1) { transformation: [-1.1354166666666665f,1.2155889293649415e-17f,1.3851607360653206e-16f,0.5624999999999998f,0f,1.1310695761665515f,-0.0992603688027668f,-0.4861693537097941f,-1.3904843865318904e-16f,-0.0992603688027668f,-1.1310695761665515f,1.6894792244766221f,0f,0f,0f,1f], start_interpolation: 0, interpolation_duration: 1 }
$data merge entity $(bone_body2) { transformation: [-1.5833333333333335f,1.5744723563117577e-17f,1.932621231161826e-16f,0.4999999999999999f,0f,1.578104995258545f,-0.1285654245295841f,-0.5f,-1.9390240986499761e-16f,-0.1285654245295841f,-1.578104995258545f,0.75f,0f,0f,0f,1f], start_interpolation: 0, interpolation_duration: 1 }
data modify entity @s data merge value {"locators":{"hitbox_head":{"posx":-4.329369211666504e-16,"posy":0.20642193557031485,"posz":3.2634387398433025,"roty":0,"rotx":-4.657500000000001},"hitbox_neck":{"posx":-2.7755575615628914e-16,"posy":-0.6845943169626232,"posz":2.3327152106886135,"roty":0,"rotx":-4.657500000000001},"hitbox_right_arm":{"posx":-0.9375000000000006,"posy":-2.68600204972318,"posz":3.07459604610232,"roty":0,"rotx":-5.015312500000001},"hitbox_left_arm":{"posx":0.9374999999999996,"posy":-2.68600204972318,"posz":3.0745960461023207,"roty":0,"rotx":-5.015312500000001},"hitbox_tail1":{"posx":3.191891195797325e-16,"posy":-1.5,"posz":-2.625,"roty":0,"rotx":0},"hitbox_tail2":{"posx":5.268533801099157e-16,"posy":-1.875,"posz":-4.375,"roty":0,"rotx":0}},"cameras":{}}