# This file was generated by Animated Java via MC-Build. It is not recommended to edit this file directly.
$data merge entity $(bone_jaw) { transformation: [-1f,-4.253332165882787e-17f,1.1484125728711462e-16f,-4.1905812757221587e-16f,0f,0.9377500301888805f,0.34731092824838333f,0.8554643204749421f,-1.2246467991473532e-16f,0.34731092824838333f,-0.9377500301888805f,3.132927081536362f,0f,0f,0f,1f], start_interpolation: 0, interpolation_duration: 1 }
$data merge entity $(bone_head) { transformation: [-1.125f,1.2976287233606114e-17f,1.3716031029034996e-16f,-3.885780586188048e-16f,0f,1.1199989285551257f,-0.10595942636391742f,0.8319177812829605f,-1.3777276490407724e-16f,-0.10595942636391742f,-1.1199989285551257f,2.884038430746334f,0f,0f,0f,1f], start_interpolation: 0, interpolation_duration: 1 }
$data merge entity $(bone_neck) { transformation: [-1f,1.1534477540983212e-17f,1.2192027581364442e-16f,0.4999999999999997f,0f,0.9955546031601117f,-0.09418615676792659f,-0.30238523694859853f,-1.2246467991473532e-16f,-0.09418615676792659f,-0.9955546031601117f,2.1752231072446655f,0f,0f,0f,1f], start_interpolation: 0, interpolation_duration: 1 }
$data merge entity $(bone_right_arm2) { transformation: [-1f,2.5827279958541577e-17f,1.1971027289485932e-16f,-0.8750000000000004f,0f,0.9775085598411419f,-0.21089574542246414f,-1.6119118005411306f,-1.2246467991473532e-16f,-0.21089574542246414f,-0.9775085598411419f,2.638056876018369f,0f,0f,0f,1f], start_interpolation: 0, interpolation_duration: 1 }
$data merge entity $(bone_right_arm1) { transformation: [-1.1354166666666665f,2.932472411959408e-17f,1.3592103901603817e-16f,-0.5625000000000003f,0f,1.109879510652963f,-0.23945454428175614f,-0.4739226407275758f,-1.3904843865318904e-16f,-0.23945454428175614f,-1.109879510652963f,1.6892190752606f,0f,0f,0f,1f], start_interpolation: 0, interpolation_duration: 1 }
$data merge entity $(bone_left_arm2) { transformation: [-1f,2.5827279958541577e-17f,1.1971027289485932e-16f,0.8749999999999997f,0f,0.9775085598411419f,-0.21089574542246414f,-1.6119118005411306f,-1.2246467991473532e-16f,-0.21089574542246414f,-0.9775085598411419f,2.6380568760183696f,0f,0f,0f,1f], start_interpolation: 0, interpolation_duration: 1 }
$data merge entity $(bone_left_arm1) { transformation: [-1.1354166666666665f,2.932472411959408e-17f,1.3592103901603817e-16f,0.5624999999999998f,0f,1.109879510652963f,-0.23945454428175614f,-0.4739226407275758f,-1.3904843865318904e-16f,-0.23945454428175614f,-1.109879510652963f,1.6892190752606f,0f,0f,0f,1f], start_interpolation: 0, interpolation_duration: 1 }
$data merge entity $(bone_body2) { transformation: [-1.5833333333333335f,1.826292277322342e-17f,1.9304043670493702e-16f,0.4999999999999999f,0f,1.5762947883368437f,-0.1491280815492171f,-0.5f,-1.9390240986499761e-16f,-0.1491280815492171f,-1.5762947883368437f,0.75f,0f,0f,0f,1f], start_interpolation: 0, interpolation_duration: 1 }
data modify entity @s data merge value {"locators":{"hitbox_head":{"posx":-4.3388719327368317e-16,"posy":0.2391293282978677,"posz":3.254015592213823,"roty":0,"rotx":-5.404480000000004},"hitbox_neck":{"posx":-2.7755575615628914e-16,"posy":-0.6639449435376497,"posz":2.334987241427652,"roty":0,"rotx":-5.404480000000004},"hitbox_right_arm":{"posx":-0.9375000000000006,"posy":-2.4839724876710405,"posz":3.337706901361404,"roty":0,"rotx":-12.17485037037037},"hitbox_left_arm":{"posx":0.9374999999999996,"posy":-2.4839724876710405,"posz":3.337706901361405,"roty":0,"rotx":-12.17485037037037},"hitbox_tail1":{"posx":3.191891195797325e-16,"posy":-1.5,"posz":-2.625,"roty":0,"rotx":0},"hitbox_tail2":{"posx":5.268533801099157e-16,"posy":-1.875,"posz":-4.375,"roty":0,"rotx":0}},"cameras":{}}