# This file was generated by Animated Java via MC-Build. It is not recommended to edit this file directly.
$data merge entity $(bone_jaw) { transformation: [-1f,-4.902081915162701e-17f,1.1222547445353954e-16f,-4.1911594239885687e-16f,0f,0.9163905424133333f,0.4002853654274621f,0.8007903638362804f,-1.2246467991473532e-16f,0.4002853654274621f,-0.9163905424133333f,3.1632072910031326f,0f,0f,0f,1f], start_interpolation: 0, interpolation_duration: 1 }
$data merge entity $(bone_head) { transformation: [-1.125f,9.846179339916548e-18f,1.374204770102343e-16f,-3.885780586188048e-16f,0f,1.122123351042209f,-0.08040015575733217f,0.7829236625568733f,-1.3777276490407724e-16f,-0.08040015575733217f,-1.122123351042209f,2.913846546327086f,0f,0f,0f,1f], start_interpolation: 0, interpolation_duration: 1 }
$data merge entity $(bone_neck) { transformation: [-1f,8.752159413259154e-18f,1.2215153512020827e-16f,0.4999999999999997f,0f,0.9974429787041859f,-0.0714668051176286f,-0.3349262814743973f,-1.2246467991473532e-16f,-0.0714668051176286f,-0.9974429787041859f,2.1793576065674154f,0f,0f,0f,1f], start_interpolation: 0, interpolation_duration: 1 }
$data merge entity $(bone_right_arm2) { transformation: [-1f,2.4177134071989433e-17f,1.2005442105430197e-16f,-0.8750000000000004f,0f,0.9803187428235516f,-0.19742128170197723f,-1.6462812751570368f,-1.2246467991473532e-16f,-0.19742128170197723f,-0.9803187428235516f,2.6226540357800627f,0f,0f,0f,1f], start_interpolation: 0, interpolation_duration: 1 }
$data merge entity $(bone_right_arm1) { transformation: [-1.1354166666666665f,2.7451120977571332e-17f,1.36311790572072e-16f,-0.5625000000000003f,0f,1.113070239247574f,-0.22415541359911995f,-0.4953400563712348f,-1.3904843865318904e-16f,-0.22415541359911995f,-1.113070239247574f,1.689569467855026f,0f,0f,0f,1f], start_interpolation: 0, interpolation_duration: 1 }
$data merge entity $(bone_left_arm2) { transformation: [-1f,2.4177134071989433e-17f,1.2005442105430197e-16f,0.8749999999999997f,0f,0.9803187428235516f,-0.19742128170197723f,-1.6462812751570368f,-1.2246467991473532e-16f,-0.19742128170197723f,-0.9803187428235516f,2.6226540357800627f,0f,0f,0f,1f], start_interpolation: 0, interpolation_duration: 1 }
$data merge entity $(bone_left_arm1) { transformation: [-1.1354166666666665f,2.7451120977571332e-17f,1.36311790572072e-16f,0.5624999999999998f,0f,1.113070239247574f,-0.22415541359911995f,-0.4953400563712348f,-1.3904843865318904e-16f,-0.22415541359911995f,-1.113070239247574f,1.689569467855026f,0f,0f,0f,1f], start_interpolation: 0, interpolation_duration: 1 }
$data merge entity $(bone_body2) { transformation: [-1.5833333333333335f,1.385758573766033e-17f,1.934065972736631e-16f,0.4999999999999999f,0f,1.5792847162816277f,-0.11315577476957862f,-0.5f,-1.9390240986499761e-16f,-0.11315577476957862f,-1.5792847162816277f,0.75f,0f,0f,0f,1f], start_interpolation: 0, interpolation_duration: 1 }
data modify entity @s data merge value {"locators":{"hitbox_head":{"posx":-4.322205129771568e-16,"posy":0.1818551774660161,"posz":3.2702142303706623,"roty":0,"rotx":-4.098239999999999},"hitbox_neck":{"posx":-2.7755575615628914e-16,"posy":-0.7000340478487634,"posz":2.330838030824549,"roty":0,"rotx":-4.098239999999999},"hitbox_right_arm":{"posx":-0.9375000000000006,"posy":-2.5278893771295996,"posz":3.3102346888938157,"roty":0,"rotx":-11.386202962962964},"hitbox_left_arm":{"posx":0.9374999999999996,"posy":-2.5278893771295996,"posz":3.3102346888938157,"roty":0,"rotx":-11.386202962962964},"hitbox_tail1":{"posx":3.191891195797325e-16,"posy":-1.5,"posz":-2.625,"roty":0,"rotx":0},"hitbox_tail2":{"posx":5.268533801099157e-16,"posy":-1.875,"posz":-4.375,"roty":0,"rotx":0}},"cameras":{}}