# This file was generated by Animated Java via MC-Build. It is not recommended to edit this file directly.
$data merge entity $(bone_jaw) { transformation: [-1f,-5.534291100329789e-17f,1.092463272989057e-16f,-4.1915835883172016e-16f,0f,0.8920639597879751f,0.4519091630487238f,0.7446627977356103f,-1.2246467991473532e-16f,0.4519091630487238f,-0.8920639597879751f,3.1926296321654997f,0f,0f,0f,1f], start_interpolation: 0, interpolation_duration: 1 }
$data merge entity $(bone_head) { transformation: [-1.125f,6.667146075758087e-18f,1.3761135095811916e-16f,-3.885780586188048e-16f,0f,1.1236819551068074f,-0.05444137918296127f,0.73256471347273f,-1.3777276490407724e-16f,-0.05444137918296127f,-1.1236819551068074f,2.9429225310306535f,0f,0f,0f,1f], start_interpolation: 0, interpolation_duration: 1 }
$data merge entity $(bone_neck) { transformation: [-1f,5.926352067340522e-18f,1.2232120085166147e-16f,0.4999999999999997f,0f,0.9988284045393844f,-0.04839233705152113f,-0.36800924020472686f,-1.2246467991473532e-16f,-0.04839233705152113f,-0.9988284045393844f,2.182791310459645f,0f,0f,0f,1f], start_interpolation: 0, interpolation_duration: 1 }
$data merge entity $(bone_right_arm2) { transformation: [-1f,2.2472412307025852e-17f,1.2038516732439096e-16f,-0.8750000000000004f,0f,0.9830194910745516f,-0.18350117211486627f,-1.6811149855042888f,-1.2246467991473532e-16f,-0.18350117211486627f,-0.9830194910745516f,2.6060973388359088f,0f,0f,0f,1f], start_interpolation: 0, interpolation_duration: 1 }
$data merge entity $(bone_right_arm1) { transformation: [-1.1354166666666665f,2.5515551473602266e-17f,1.366873253995689e-16f,-0.5625000000000003f,0f,1.1161367138242302f,-0.20835028917208773f,-0.5170589592979105f,-1.3904843865318904e-16f,-0.20835028917208773f,-1.1161367138242302f,1.6894261503213928f,0f,0f,0f,1f], start_interpolation: 0, interpolation_duration: 1 }
$data merge entity $(bone_left_arm2) { transformation: [-1f,2.2472412307025852e-17f,1.2038516732439096e-16f,0.8749999999999997f,0f,0.9830194910745516f,-0.18350117211486627f,-1.6811149855042888f,-1.2246467991473532e-16f,-0.18350117211486627f,-0.9830194910745516f,2.6060973388359088f,0f,0f,0f,1f], start_interpolation: 0, interpolation_duration: 1 }
$data merge entity $(bone_left_arm1) { transformation: [-1.1354166666666665f,2.5515551473602266e-17f,1.366873253995689e-16f,0.5624999999999998f,0f,1.1161367138242302f,-0.20835028917208773f,-0.5170589592979105f,-1.3904843865318904e-16f,-0.20835028917208773f,-1.1161367138242302f,1.6894261503213928f,0f,0f,0f,1f], start_interpolation: 0, interpolation_duration: 1 }
$data merge entity $(bone_body2) { transformation: [-1.5833333333333335f,9.38339077328916e-18f,1.9367523468179734e-16f,0.4999999999999999f,0f,1.5814783071873588f,-0.07662120033157513f,-0.5f,-1.9390240986499761e-16f,-0.07662120033157513f,-1.5814783071873588f,0.75f,0f,0f,0f,1f], start_interpolation: 0, interpolation_duration: 1 }
data modify entity @s data merge value {"locators":{"hitbox_head":{"posx":-4.3050740392703685e-16,"posy":0.1234195659642151,"posz":3.285301618106412,"roty":0,"rotx":-2.7737599999999993},"hitbox_neck":{"posx":-2.7755575615628914e-16,"posy":-0.7365208497755559,"posz":2.3257919874213884,"roty":0,"rotx":-2.7737599999999993},"hitbox_right_arm":{"posx":-0.9375000000000006,"posy":-2.572383890521407,"posz":3.281108256488051,"roty":0,"rotx":-10.57376},"hitbox_left_arm":{"posx":0.9374999999999996,"posy":-2.572383890521407,"posz":3.281108256488051,"roty":0,"rotx":-10.57376},"hitbox_tail1":{"posx":3.191891195797325e-16,"posy":-1.5,"posz":-2.625,"roty":0,"rotx":0},"hitbox_tail2":{"posx":5.268533801099157e-16,"posy":-1.875,"posz":-4.375,"roty":0,"rotx":0}},"cameras":{}}