# This file was generated by Animated Java via MC-Build. It is not recommended to edit this file directly.
$data merge entity $(bone_jaw) { transformation: [-1f,-7.532404727133375e-17f,9.656026993170873e-17f,-4.1917869237465723e-16f,0f,0.7884744401319445f,0.615067522519777f,0.544795362084513f,-1.2246467991473532e-16f,0.615067522519777f,-0.7884744401319445f,3.2845665608475723f,0f,0f,0f,1f], start_interpolation: 0, interpolation_duration: 1 }
$data merge entity $(bone_head) { transformation: [-1.125f,-4.3885450382652164e-18f,1.3770285190133593e-16f,-3.885780586188048e-16f,0f,1.1244291170091654f,0.03583518971609359f,0.5527587375769782f,-1.3777276490407724e-16f,0.03583518971609359f,-1.1244291170091654f,3.0346934237344243f,0f,0f,0f,1f], start_interpolation: 0, interpolation_duration: 1 }
$data merge entity $(bone_neck) { transformation: [-1f,-3.9009289229024146e-18f,1.224025350234097e-16f,0.4999999999999997f,0f,0.9994925484525915f,0.03185350196986097f,-0.4833211248033882f,-1.2246467991473532e-16f,0.03185350196986097f,-0.9994925484525915f,2.188761382273716f,0f,0f,0f,1f], start_interpolation: 0, interpolation_duration: 1 }
$data merge entity $(bone_right_arm2) { transformation: [-1f,1.6372344788093544e-17f,1.2136533340603637e-16f,-0.8750000000000004f,0f,0.9910231545171687f,-0.13369034075369818f,-1.8011367234106481f,-1.2246467991473532e-16f,-0.13369034075369818f,-0.9910231545171687f,2.54183041127097f,0f,0f,0f,1f], start_interpolation: 0, interpolation_duration: 1 }
$data merge entity $(bone_right_arm1) { transformation: [-1.1354166666666665f,1.858943314481454e-17f,1.3780022230477044e-16f,-0.5625000000000003f,0f,1.1252242066913685f,-0.15179424106409478f,-0.5923309423750316f,-1.3904843865318904e-16f,-0.15179424106409478f,-1.1252242066913685f,1.685033420301188f,0f,0f,0f,1f], start_interpolation: 0, interpolation_duration: 1 }
$data merge entity $(bone_left_arm2) { transformation: [-1f,1.6372344788093544e-17f,1.2136533340603637e-16f,0.8749999999999997f,0f,0.9910231545171687f,-0.13369034075369818f,-1.8011367234106481f,-1.2246467991473532e-16f,-0.13369034075369818f,-0.9910231545171687f,2.5418304112709706f,0f,0f,0f,1f], start_interpolation: 0, interpolation_duration: 1 }
$data merge entity $(bone_left_arm1) { transformation: [-1.1354166666666665f,1.858943314481454e-17f,1.3780022230477044e-16f,0.5624999999999998f,0f,1.1252242066913685f,-0.15179424106409478f,-0.5923309423750316f,-1.3904843865318904e-16f,-0.15179424106409478f,-1.1252242066913685f,1.6850334203011883f,0f,0f,0f,1f], start_interpolation: 0, interpolation_duration: 1 }
$data merge entity $(bone_body2) { transformation: [-1.5833333333333335f,-6.1764707945954905e-18f,1.938040137870654e-16f,0.4999999999999999f,0f,1.58252986838327f,0.05043471145227987f,-0.5f,-1.9390240986499761e-16f,0.05043471145227987f,-1.58252986838327f,0.75f,0f,0f,0f,1f], start_interpolation: 0, interpolation_duration: 1 }
data modify entity @s data merge value {"locators":{"hitbox_head":{"posx":-4.243907702368063e-16,"posy":-0.08187832457147304,"posz":3.327126406394696,"roty":0,"rotx":1.825380000000003},"hitbox_neck":{"posx":-2.7755575615628914e-16,"posy":-0.8621125182193426,"posz":2.3017528875915922,"roty":0,"rotx":1.825380000000003},"hitbox_right_arm":{"posx":-0.9375000000000006,"posy":-2.7253147075509676,"posz":3.1710323292832525,"roty":0,"rotx":-7.68289546296296},"hitbox_left_arm":{"posx":0.9374999999999996,"posy":-2.7253147075509676,"posz":3.1710323292832534,"roty":0,"rotx":-7.68289546296296},"hitbox_tail1":{"posx":3.191891195797325e-16,"posy":-1.5,"posz":-2.625,"roty":0,"rotx":0},"hitbox_tail2":{"posx":5.268533801099157e-16,"posy":-1.875,"posz":-4.375,"roty":0,"rotx":0}},"cameras":{}}