# This file was generated by Animated Java via MC-Build. It is not recommended to edit this file directly.
$data merge entity $(bone_jaw) { transformation: [-1f,-8.252775639136562e-17f,9.048075625029881e-17f,-4.1913091389864062e-16f,0f,0.7388314435908789f,0.6738902714547954f,0.4619766933319464f,-1.2246467991473532e-16f,0.6738902714547954f,-0.7388314435908789f,3.317143517898081f,0f,0f,0f,1f], start_interpolation: 0, interpolation_duration: 1 }
$data merge entity $(bone_head) { transformation: [-1.125f,-8.855856416217972e-18f,1.3748784875926116e-16f,-3.885780586188048e-16f,0f,1.1226734831217093f,0.07231355540539333f,0.47804637231092273f,-1.3777276490407724e-16f,0.07231355540539333f,-1.1226734831217093f,3.067660521648812f,0f,0f,0f,1f], start_interpolation: 0, interpolation_duration: 1 }
$data merge entity $(bone_neck) { transformation: [-1f,-7.871872369971531e-18f,1.2221142111934324e-16f,0.4999999999999997f,0f,0.997931984997075f,0.06427871591590519f,-0.5300299050667965f,-1.2246467991473532e-16f,0.06427871591590519f,-0.997931984997075f,2.1885446481780395f,0f,0f,0f,1f], start_interpolation: 0, interpolation_duration: 1 }
$data merge entity $(bone_right_arm2) { transformation: [-1f,1.3851055945592191e-17f,1.2167886454027525e-16f,-0.8750000000000004f,0f,0.9935833305161359f,-0.11310245497098294f,-1.848952228743356f,-1.2246467991473532e-16f,-0.11310245497098294f,-0.9935833305161359f,2.513079328069272f,0f,0f,0f,1f], start_interpolation: 0, interpolation_duration: 1 }
$data merge entity $(bone_right_arm1) { transformation: [-1.1354166666666665f,1.57267197715578e-17f,1.3815621078010418e-16f,-0.5625000000000003f,0f,1.128131073190196f,-0.1284184124149702f,-0.6226320452334783f,-1.3904843865318904e-16f,-0.1284184124149702f,-1.128131073190196f,1.6815438161900136f,0f,0f,0f,1f], start_interpolation: 0, interpolation_duration: 1 }
$data merge entity $(bone_left_arm2) { transformation: [-1f,1.3851055945592191e-17f,1.2167886454027525e-16f,0.8749999999999997f,0f,0.9935833305161359f,-0.11310245497098294f,-1.848952228743356f,-1.2246467991473532e-16f,-0.11310245497098294f,-0.9935833305161359f,2.5130793280692725f,0f,0f,0f,1f], start_interpolation: 0, interpolation_duration: 1 }
$data merge entity $(bone_left_arm1) { transformation: [-1.1354166666666665f,1.57267197715578e-17f,1.3815621078010418e-16f,0.5624999999999998f,0f,1.128131073190196f,-0.1284184124149702f,-0.6226320452334783f,-1.3904843865318904e-16f,-0.1284184124149702f,-1.128131073190196f,1.6815438161900138f,0f,0f,0f,1f], start_interpolation: 0, interpolation_duration: 1 }
$data merge entity $(bone_body2) { transformation: [-1.5833333333333335f,-1.2463797919121591e-17f,1.935014167722935e-16f,0.4999999999999999f,0f,1.580058976245369f,0.10177463353351655f,-0.5f,-1.9390240986499761e-16f,0.10177463353351655f,-1.580058976245369f,0.75f,0f,0f,0f,1f], start_interpolation: 0, interpolation_duration: 1 }
data modify entity @s data merge value {"locators":{"hitbox_head":{"posx":-4.2184920748736737e-16,"posy":-0.16574821703596954,"posz":3.3393400695129576,"roty":0,"rotx":3.6854400000000074},"hitbox_neck":{"posx":-2.7755575615628914e-16,"posy":-0.9122892389301878,"posz":2.289181627834209,"roty":0,"rotx":3.6854400000000074},"hitbox_right_arm":{"posx":-0.9375000000000006,"posy":-2.7859843317740003,"posz":3.122973448298323,"roty":0,"rotx":-6.494189629629619},"hitbox_left_arm":{"posx":0.9374999999999996,"posy":-2.7859843317740003,"posz":3.1229734482983234,"roty":0,"rotx":-6.494189629629619},"hitbox_tail1":{"posx":3.191891195797325e-16,"posy":-1.5,"posz":-2.625,"roty":0,"rotx":0},"hitbox_tail2":{"posx":5.268533801099157e-16,"posy":-1.875,"posz":-4.375,"roty":0,"rotx":0}},"cameras":{}}