# This file was generated by Animated Java via MC-Build. It is not recommended to edit this file directly.
$data merge entity $(bone_jaw) { transformation: [-1f,-8.877651455254813e-17f,8.435833266796936e-17f,-4.1905744325298836e-16f,0f,0.6888380611185438f,0.7249152540500476f,0.38391849253835936f,-1.2246467991473532e-16f,0.7249152540500476f,-0.6888380611185438f,3.3450555097239665f,0f,0f,0f,1f], start_interpolation: 0, interpolation_duration: 1 }
$data merge entity $(bone_head) { transformation: [-1.125f,-1.3008796017480221e-17f,1.3715723085382604e-16f,-3.885780586188048e-16f,0f,1.1199737830476528f,0.1062248807291821f,0.4075240215892887f,-1.3777276490407724e-16f,0.1062248807291821f,-1.1199737830476528f,3.0961724468244882f,0f,0f,0f,1f], start_interpolation: 0, interpolation_duration: 1 }
$data merge entity $(bone_neck) { transformation: [-1f,-1.1563374237760196e-17f,1.2191753853673426e-16f,0.4999999999999997f,0f,0.9955322515979137f,0.09442211620371742f,-0.5735110263179742f,-1.2246467991473532e-16f,0.09442211620371742f,-0.9955322515979137f,2.1869789939347335f,0f,0f,0f,1f], start_interpolation: 0, interpolation_duration: 1 }
$data merge entity $(bone_right_arm2) { transformation: [-1f,1.148860705918146e-17f,1.219246067635992e-16f,-0.8750000000000004f,0f,0.9955899680502809f,-0.09381159585915118f,-1.8929578605786819f,-1.2246467991473532e-16f,-0.09381159585915118f,-0.9955899680502809f,2.4850059262100155f,0f,0f,0f,1f], start_interpolation: 0, interpolation_duration: 1 }
$data merge entity $(bone_right_arm1) { transformation: [-1.1354166666666665f,1.3044355931778946e-17f,1.3843523059616993e-16f,-0.5625000000000003f,0f,1.130409442890423f,-0.10651524946507789f,-0.6507414996658547f,-1.3904843865318904e-16f,-0.10651524946507789f,-1.130409442890423f,1.6774101036103115f,0f,0f,0f,1f], start_interpolation: 0, interpolation_duration: 1 }
$data merge entity $(bone_left_arm2) { transformation: [-1f,1.148860705918146e-17f,1.219246067635992e-16f,0.8749999999999997f,0f,0.9955899680502809f,-0.09381159585915118f,-1.8929578605786819f,-1.2246467991473532e-16f,-0.09381159585915118f,-0.9955899680502809f,2.485005926210016f,0f,0f,0f,1f], start_interpolation: 0, interpolation_duration: 1 }
$data merge entity $(bone_left_arm1) { transformation: [-1.1354166666666665f,1.3044355931778946e-17f,1.3843523059616993e-16f,0.5624999999999998f,0f,1.130409442890423f,-0.10651524946507789f,-0.6507414996658547f,-1.3904843865318904e-16f,-0.10651524946507789f,-1.130409442890423f,1.677410103610312f,0f,0f,0f,1f], start_interpolation: 0, interpolation_duration: 1 }
$data merge entity $(bone_body2) { transformation: [-1.5833333333333335f,-1.8308675876453644e-17f,1.930361026831626e-16f,0.4999999999999999f,0f,1.5762593983633635f,0.14950168398921926f,-0.5f,-1.9390240986499761e-16f,0.14950168398921926f,-1.5762593983633635f,0.75f,0f,0f,0f,1f], start_interpolation: 0, interpolation_duration: 1 }
data modify entity @s data merge value {"locators":{"hitbox_head":{"posx":-4.1945018051293413e-16,"posy":-0.24419054697306908,"posz":3.348262452821513,"roty":0,"rotx":5.418060000000008},"hitbox_neck":{"posx":-2.7755575615628914e-16,"posy":-0.9586383851926565,"posz":2.2760122318080787,"roty":0,"rotx":5.418060000000008},"hitbox_right_arm":{"posx":-0.9375000000000006,"posy":-2.8416420306993873,"posz":3.076612506094307,"roty":0,"rotx":-5.382923796296291},"hitbox_left_arm":{"posx":0.9374999999999996,"posy":-2.8416420306993873,"posz":3.0766125060943077,"roty":0,"rotx":-5.382923796296291},"hitbox_tail1":{"posx":3.191891195797325e-16,"posy":-1.5,"posz":-2.625,"roty":0,"rotx":0},"hitbox_tail2":{"posx":5.268533801099157e-16,"posy":-1.875,"posz":-4.375,"roty":0,"rotx":0}},"cameras":{}}