# This file was generated by Animated Java via MC-Build. It is not recommended to edit this file directly.
$data merge entity $(bone_jaw) { transformation: [-1f,1.41097766361199e-17f,1.216491349327951e-16f,-4.1881205029913943e-16f,0f,0.9933405698483182f,-0.11521506973229896f,1.0047361796526353f,-1.2246467991473532e-16f,-0.11521506973229896f,-0.9933405698483182f,3.0415920294948644f,0f,0f,0f,1f], start_interpolation: 0, interpolation_duration: 1 }
$data merge entity $(bone_head) { transformation: [-1.125f,2.1700832416099085e-17f,1.3605296256150588e-16f,-3.885780586188048e-16f,0f,1.1109567481516405f,-0.17720074417544757f,0.9653582365025357f,-1.3777276490407724e-16f,-0.17720074417544757f,-1.1109567481516405f,2.794712752127833f,0f,0f,0f,1f], start_interpolation: 0, interpolation_duration: 1 }
$data merge entity $(bone_neck) { transformation: [-1f,1.92896288143103e-17f,1.2093596672133856e-16f,0.4999999999999997f,0f,0.9875171094681249f,-0.15751177260039784f,-0.21185700754517028f,-1.2246467991473532e-16f,-0.15751177260039784f,-0.9875171094681249f,2.1597113590729045f,0f,0f,0f,1f], start_interpolation: 0, interpolation_duration: 1 }
$data merge entity $(bone_right_arm2) { transformation: [-1f,2.064728757624345e-17f,1.207115874403219e-16f,-0.8750000000000004f,0f,0.9856849135960344f,-0.16859789770094444f,-1.5918529269542807f,-1.2246467991473532e-16f,-0.16859789770094444f,-0.9856849135960344f,2.5845848947436547f,0f,0f,0f,1f], start_interpolation: 0, interpolation_duration: 1 }
$data merge entity $(bone_right_arm1) { transformation: [-1.1354166666666665f,2.3443274435526417e-17f,1.3705794823953215e-16f,-0.5625000000000003f,0f,1.1191630789788305f,-0.19142886301461398f,-0.41405253252888485f,-1.3904843865318904e-16f,-0.19142886301461398f,-1.1191630789788305f,1.6856417759138917f,0f,0f,0f,1f], start_interpolation: 0, interpolation_duration: 1 }
$data merge entity $(bone_left_arm2) { transformation: [-1f,2.064728757624345e-17f,1.207115874403219e-16f,0.8749999999999998f,0f,0.9856849135960344f,-0.16859789770094444f,-1.5918529269542807f,-1.2246467991473532e-16f,-0.16859789770094444f,-0.9856849135960344f,2.5845848947436547f,0f,0f,0f,1f], start_interpolation: 0, interpolation_duration: 1 }
$data merge entity $(bone_left_arm1) { transformation: [-1.1354166666666665f,2.3443274435526417e-17f,1.3705794823953215e-16f,0.5624999999999998f,0f,1.1191630789788305f,-0.19142886301461398f,-0.41405253252888485f,-1.3904843865318904e-16f,-0.19142886301461398f,-1.1191630789788305f,1.6856417759138917f,0f,0f,0f,1f], start_interpolation: 0, interpolation_duration: 1 }
$data merge entity $(bone_body2) { transformation: [-1.5833333333333335f,3.0541912289324644e-17f,1.9148194730878606e-16f,0.4999999999999999f,0f,1.5635687566578644f,-0.24939363995062994f,-0.5f,-1.9390240986499761e-16f,-0.24939363995062994f,-1.5635687566578644f,0.75f,0f,0f,0f,1f], start_interpolation: 0, interpolation_duration: 1 }
data modify entity @s data merge value {"locators":{"hitbox_head":{"posx":-4.3842656622816703e-16,"posy":0.3973824720225819,"posz":3.201756706711871,"roty":0,"rotx":-9.062500000000004},"hitbox_neck":{"posx":-2.7755575615628914e-16,"posy":-0.5624869520206675,"posz":2.342217912481569,"roty":0,"rotx":-9.062500000000004},"hitbox_right_arm":{"posx":-0.9375000000000006,"posy":-2.4932388916998427,"posz":3.2460252492426163,"roty":0,"rotx":-9.706307870370372},"hitbox_left_arm":{"posx":0.9374999999999997,"posy":-2.4932388916998427,"posz":3.2460252492426163,"roty":0,"rotx":-9.706307870370372},"hitbox_tail1":{"posx":3.191891195797325e-16,"posy":-1.5,"posz":-2.625,"roty":0,"rotx":0},"hitbox_tail2":{"posx":5.268533801099157e-16,"posy":-1.875,"posz":-4.375,"roty":0,"rotx":0}},"cameras":{}}