# This file was generated by Animated Java via MC-Build. It is not recommended to edit this file directly.
$data merge entity $(bone_jaw) { transformation: [-1f,-9.556444548914497e-17f,7.658351379357581e-17f,-4.189352811109785e-16f,0f,0.6253518471358129f,0.780342916469309f,0.2910219010539493f,-1.2246467991473532e-16f,0.780342916469309f,-0.6253518471358129f,3.37486368256582f,0f,0f,0f,1f], start_interpolation: 0, interpolation_duration: 1 }
$data merge entity $(bone_head) { transformation: [-1.125f,-1.7880865783499038e-17f,1.3660750121478187e-16f,-3.885780586188048e-16f,0f,1.115484899890265f,0.14600834947634203f,0.3234682009375809f,-1.3777276490407724e-16f,0.14600834947634203f,-1.115484899890265f,3.126978149256872f,0f,0f,0f,1f], start_interpolation: 0, interpolation_duration: 1 }
$data merge entity $(bone_neck) { transformation: [-1f,-1.589410291866581e-17f,1.21428889968695e-16f,0.4999999999999997f,0f,0.9915421332357911f,0.12978519953452625f,-0.6245948410036446f,-1.2246467991473532e-16f,0.12978519953452625f,-0.9915421332357911f,2.1834533914973577f,0f,0f,0f,1f], start_interpolation: 0, interpolation_duration: 1 }
$data merge entity $(bone_right_arm2) { transformation: [-1f,8.709636224369538e-18f,1.2215457446799826e-16f,-0.8750000000000004f,0f,0.9974677968623035f,-0.07111957692971985f,-1.9439267821334463f,-1.2246467991473532e-16f,-0.07111957692971985f,-0.9974677968623035f,2.450562730000737f,0f,0f,0f,1f], start_interpolation: 0, interpolation_duration: 1 }
$data merge entity $(bone_right_arm1) { transformation: [-1.1354166666666665f,9.889066129752911e-18f,1.3869633976053968e-16f,-0.5625000000000003f,0f,1.1325415610207403f,-0.08075035297228607f,-0.6836450078908554f,-1.3904843865318904e-16f,-0.08075035297228607f,-1.1325415610207403f,1.6714591749376462f,0f,0f,0f,1f], start_interpolation: 0, interpolation_duration: 1 }
$data merge entity $(bone_left_arm2) { transformation: [-1f,8.709636224369538e-18f,1.2215457446799826e-16f,0.8749999999999997f,0f,0.9974677968623035f,-0.07111957692971985f,-1.9439267821334463f,-1.2246467991473532e-16f,-0.07111957692971985f,-0.9974677968623035f,2.4505627300007373f,0f,0f,0f,1f], start_interpolation: 0, interpolation_duration: 1 }
$data merge entity $(bone_left_arm1) { transformation: [-1.1354166666666665f,9.889066129752911e-18f,1.3869633976053968e-16f,0.5624999999999998f,0f,1.1325415610207403f,-0.08075035297228607f,-0.6836450078908554f,-1.3904843865318904e-16f,-0.08075035297228607f,-1.1325415610207403f,1.6714591749376462f,0f,0f,0f,1f], start_interpolation: 0, interpolation_duration: 1 }
$data merge entity $(bone_body2) { transformation: [-1.5833333333333335f,-2.5165662954554204e-17f,1.9226240911710044e-16f,0.4999999999999999f,0f,1.5699417109566693f,0.20549323259633323f,-0.5f,-1.9390240986499761e-16f,0.20549323259633323f,-1.5699417109566693f,0.75f,0f,0f,0f,1f], start_interpolation: 0, interpolation_duration: 1 }
data modify entity @s data merge value {"locators":{"hitbox_head":{"posx":-4.1659077240985587e-16,"posy":-0.33680350718932794,"posz":3.355719316183978,"roty":0,"rotx":7.457179999999999},"hitbox_neck":{"posx":-2.7755575615628914e-16,"posy":-1.012646290908882,"posz":2.2587267083263844,"roty":0,"rotx":7.457179999999999},"hitbox_right_arm":{"posx":-0.9375000000000006,"posy":-2.9058347905308897,"posz":3.0204162053616086,"roty":0,"rotx":-4.078294537037038},"hitbox_left_arm":{"posx":0.9374999999999996,"posy":-2.9058347905308897,"posz":3.020416205361609,"roty":0,"rotx":-4.078294537037038},"hitbox_tail1":{"posx":3.191891195797325e-16,"posy":-1.5,"posz":-2.625,"roty":0,"rotx":0},"hitbox_tail2":{"posx":5.268533801099157e-16,"posy":-1.875,"posz":-4.375,"roty":0,"rotx":0}},"cameras":{}}