# This file was generated by Animated Java via MC-Build. It is not recommended to edit this file directly.
$data merge entity $(bone_jaw) { transformation: [-1f,-9.698595904583963e-17f,7.477514008396971e-17f,-4.1890306510102074e-16f,0f,0.6105853551900114f,0.7919504555384052f,0.2703370836130152f,-1.2246467991473532e-16f,0.7919504555384052f,-0.6105853551900114f,3.381008509604367f,0f,0f,0f,1f], start_interpolation: 0, interpolation_duration: 1 }
$data merge entity $(bone_head) { transformation: [-1.125f,-1.8955550159483967e-17f,1.3646252916997186e-16f,-3.885780586188048e-16f,0f,1.1143011133086078f,0.15478381336301666f,0.3047334865825745f,-1.3777276490407724e-16f,0.15478381336301666f,-1.1143011133086078f,3.1333860399802322f,0f,0f,0f,1f], start_interpolation: 0, interpolation_duration: 1 }
$data merge entity $(bone_neck) { transformation: [-1f,-1.6849377919541304e-17f,1.2130002592886389e-16f,0.4999999999999997f,0f,0.9904898784965402f,0.13758561187823704f,-0.635873699668932f,-1.2246467991473532e-16f,0.13758561187823704f,-0.9904898784965402f,2.1824283010811665f,0f,0f,0f,1f], start_interpolation: 0, interpolation_duration: 1 }
$data merge entity $(bone_right_arm2) { transformation: [-1f,8.09880898118759e-18f,1.221965920952987e-16f,-0.8750000000000004f,0f,0.997810896826552f,-0.0661317939737914f,-1.9550533222697488f,-1.2246467991473532e-16f,-0.0661317939737914f,-0.997810896826552f,2.442778131506972f,0f,0f,0f,1f], start_interpolation: 0, interpolation_duration: 1 }
$data merge entity $(bone_right_arm1) { transformation: [-1.1354166666666665f,9.195522697390074e-18f,1.3874404727487036e-16f,-0.5625000000000003f,0f,1.1329311224384808f,-0.07508714107440898f,-0.690892128541881f,-1.3904843865318904e-16f,-0.07508714107440898f,-1.1329311224384808f,1.6699851603481166f,0f,0f,0f,1f], start_interpolation: 0, interpolation_duration: 1 }
$data merge entity $(bone_left_arm2) { transformation: [-1f,8.09880898118759e-18f,1.221965920952987e-16f,0.8749999999999997f,0f,0.997810896826552f,-0.0661317939737914f,-1.9550533222697488f,-1.2246467991473532e-16f,-0.0661317939737914f,-0.997810896826552f,2.442778131506972f,0f,0f,0f,1f], start_interpolation: 0, interpolation_duration: 1 }
$data merge entity $(bone_left_arm1) { transformation: [-1.1354166666666665f,9.195522697390074e-18f,1.3874404727487036e-16f,0.5624999999999998f,0f,1.1329311224384808f,-0.07508714107440898f,-0.690892128541881f,-1.3904843865318904e-16f,-0.07508714107440898f,-1.1329311224384808f,1.6699851603481166f,0f,0f,0f,1f], start_interpolation: 0, interpolation_duration: 1 }
$data merge entity $(bone_body2) { transformation: [-1.5833333333333335f,-2.66781817059404e-17f,1.9205837438736784e-16f,0.4999999999999999f,0f,1.5682756409528555f,0.21784388547387531f,-0.5f,-1.9390240986499761e-16f,0.21784388547387531f,-1.5682756409528555f,0.75f,0f,0f,0f,1f], start_interpolation: 0, interpolation_duration: 1 }
data modify entity @s data merge value {"locators":{"hitbox_head":{"posx":-4.159534555218614e-16,"posy":-0.3573181911897122,"posz":3.356923119586503,"roty":0,"rotx":7.908160000000005},"hitbox_neck":{"posx":-2.7755575615628914e-16,"posy":-1.0245056055899142,"posz":2.254644931438895,"roty":0,"rotx":7.908160000000005},"hitbox_right_arm":{"posx":-0.9375000000000006,"posy":-2.919798322109405,"posz":3.0078153738940396,"roty":0,"rotx":-3.7918399999999988},"hitbox_left_arm":{"posx":0.9374999999999996,"posy":-2.919798322109405,"posz":3.0078153738940396,"roty":0,"rotx":-3.7918399999999988},"hitbox_tail1":{"posx":3.191891195797325e-16,"posy":-1.5,"posz":-2.625,"roty":0,"rotx":0},"hitbox_tail2":{"posx":5.268533801099157e-16,"posy":-1.875,"posz":-4.375,"roty":0,"rotx":0}},"cameras":{}}