# This file was generated by Animated Java via MC-Build. It is not recommended to edit this file directly.
$data merge entity $(bone_jaw) { transformation: [-1f,-9.950479743797468e-17f,7.138902656183375e-17f,-4.188396368236329e-16f,0f,0.5829356399864645f,0.8125183318753929f,0.23258314256648285f,-1.2246467991473532e-16f,0.8125183318753929f,-0.5829356399864645f,3.3917696605168692f,0f,0f,0f,1f], start_interpolation: 0, interpolation_duration: 1 }
$data merge entity $(bone_head) { transformation: [-1.125f,-2.0907693835376107e-17f,1.3617710192172658e-16f,-3.885780586188048e-16f,0f,1.111970422954099f,0.17072427617442726f,0.27052187060524446f,-1.3777276490407724e-16f,0.17072427617442726f,-1.111970422954099f,3.144665122082625f,0f,0f,0f,1f], start_interpolation: 0, interpolation_duration: 1 }
$data merge entity $(bone_neck) { transformation: [-1f,-1.858461674255654e-17f,1.2104631281931252e-16f,0.4999999999999997f,0f,0.988418153736977f,0.15175491215504644f,-0.6563715516143183f,-1.2246467991473532e-16f,0.15175491215504644f,-0.988418153736977f,2.1803357780065946f,0f,0f,0f,1f], start_interpolation: 0, interpolation_duration: 1 }
$data merge entity $(bone_right_arm2) { transformation: [-1f,6.996348713980852e-18f,1.2226466755073173e-16f,-0.8750000000000004f,0f,0.9983667751049295f,-0.05712952272322097f,-1.9751262102069225f,-1.2246467991473532e-16f,-0.05712952272322097f,-0.9983667751049295f,2.428516993577592f,0f,0f,0f,1f], start_interpolation: 0, interpolation_duration: 1 }
$data merge entity $(bone_right_arm1) { transformation: [-1.1354166666666665f,7.943770935665758e-18f,1.3882134128155997e-16f,-0.5625000000000003f,0f,1.1335622759003887f,-0.06486581225865713f,-0.704046364753917f,-1.3904843865318904e-16f,-0.06486581225865713f,-1.1335622759003887f,1.6671573371187254f,0f,0f,0f,1f], start_interpolation: 0, interpolation_duration: 1 }
$data merge entity $(bone_left_arm2) { transformation: [-1f,6.996348713980852e-18f,1.2226466755073173e-16f,0.8749999999999997f,0f,0.9983667751049295f,-0.05712952272322097f,-1.9751262102069225f,-1.2246467991473532e-16f,-0.05712952272322097f,-0.9983667751049295f,2.428516993577592f,0f,0f,0f,1f], start_interpolation: 0, interpolation_duration: 1 }
$data merge entity $(bone_left_arm1) { transformation: [-1.1354166666666665f,7.943770935665758e-18f,1.3882134128155997e-16f,0.5624999999999998f,0f,1.1335622759003887f,-0.06486581225865713f,-0.704046364753917f,-1.3904843865318904e-16f,-0.06486581225865713f,-1.1335622759003887f,1.6671573371187254f,0f,0f,0f,1f], start_interpolation: 0, interpolation_duration: 1 }
$data merge entity $(bone_body2) { transformation: [-1.5833333333333335f,-2.9425643175714524e-17f,1.916566619639115e-16f,0.4999999999999999f,0f,1.564995410083547f,0.24027861091215688f,-0.5f,-1.9390240986499761e-16f,0.24027861091215688f,-1.564995410083547f,0.75f,0f,0f,0f,1f], start_interpolation: 0, interpolation_duration: 1 }
data modify entity @s data merge value {"locators":{"hitbox_head":{"posx":-4.1478964591074213e-16,"posy":-0.3946628855288181,"posz":3.3586989750285263,"roty":0,"rotx":8.72864},"hitbox_neck":{"posx":-2.7755575615628914e-16,"posy":-1.0459977232850655,"posz":2.2469799551655742,"roty":0,"rotx":8.72864},"hitbox_right_arm":{"posx":-0.9375000000000006,"posy":-2.9449282239502415,"posz":2.9848299038532775,"roty":0,"rotx":-3.2750637037037027},"hitbox_left_arm":{"posx":0.9374999999999996,"posy":-2.9449282239502415,"posz":2.9848299038532775,"roty":0,"rotx":-3.2750637037037027},"hitbox_tail1":{"posx":3.191891195797325e-16,"posy":-1.5,"posz":-2.625,"roty":0,"rotx":0},"hitbox_tail2":{"posx":5.268533801099157e-16,"posy":-1.875,"posz":-4.375,"roty":0,"rotx":0}},"cameras":{}}