# This file was generated by Animated Java via MC-Build. It is not recommended to edit this file directly.
$data merge entity $(bone_jaw) { transformation: [-1f,-1.0060485628398854e-16f,6.983022782933328e-17f,-4.188093083223186e-16f,0f,0.5702070823845031f,0.821500994033819f,0.2156753853732218f,-1.2246467991473532e-16f,0.821500994033819f,-0.5702070823845031f,3.396400147893529f,0f,0f,0f,1f], start_interpolation: 0, interpolation_duration: 1 }
$data merge entity $(bone_head) { transformation: [-1.125f,-2.177805000295149e-17f,1.36040623665812e-16f,-3.885780586188048e-16f,0f,1.110855993422175f,0.17783127362202894f,0.2551934461781171f,-1.3777276490407724e-16f,0.17783127362202894f,-1.110855993422175f,3.1495432604663787f,0f,0f,0f,1f], start_interpolation: 0, interpolation_duration: 1 }
$data merge entity $(bone_neck) { transformation: [-1f,-1.935826666929021e-17f,1.209249988140551e-16f,0.4999999999999997f,0f,0.9874275497085999f,0.15807224321958127f,-0.6655146277713606f,-1.2246467991473532e-16f,0.15807224321958127f,-0.9874275497085999f,2.1793066179073364f,0f,0f,0f,1f], start_interpolation: 0, interpolation_duration: 1 }
$data merge entity $(bone_right_arm2) { transformation: [-1f,6.509982155746056e-18f,1.2229152856576142e-16f,-0.8750000000000004f,0f,0.9985861119377893f,-0.05315803838525979f,-1.9840050704036272f,-1.2246467991473532e-16f,-0.05315803838525979f,-0.9985861119377893f,2.422131689988472f,0f,0f,0f,1f], start_interpolation: 0, interpolation_duration: 1 }
$data merge entity $(bone_right_arm1) { transformation: [-1.1354166666666665f,7.391542239336668e-18f,1.3885183972570825e-16f,-0.5625000000000003f,0f,1.1338113145960316f,-0.06035652274993038f,-0.7099069498751449f,-1.3904843865318904e-16f,-0.06035652274993038f,-1.1338113145960316f,1.6658338126505883f,0f,0f,0f,1f], start_interpolation: 0, interpolation_duration: 1 }
$data merge entity $(bone_left_arm2) { transformation: [-1f,6.509982155746056e-18f,1.2229152856576142e-16f,0.8749999999999997f,0f,0.9985861119377893f,-0.05315803838525979f,-1.9840050704036272f,-1.2246467991473532e-16f,-0.05315803838525979f,-0.9985861119377893f,2.422131689988472f,0f,0f,0f,1f], start_interpolation: 0, interpolation_duration: 1 }
$data merge entity $(bone_left_arm1) { transformation: [-1.1354166666666665f,7.391542239336668e-18f,1.3885183972570825e-16f,0.5624999999999998f,0f,1.1338113145960316f,-0.06035652274993038f,-0.7099069498751449f,-1.3904843865318904e-16f,-0.06035652274993038f,-1.1338113145960316f,1.6658338126505885f,0f,0f,0f,1f], start_interpolation: 0, interpolation_duration: 1 }
$data merge entity $(bone_body2) { transformation: [-1.5833333333333335f,-3.0650588893042837e-17f,1.9146458145558726e-16f,0.4999999999999999f,0f,1.5634269537052834f,0.250281051764337f,-0.5f,-1.9390240986499761e-16f,0.250281051764337f,-1.5634269537052834f,0.75f,0f,0f,0f,1f], start_interpolation: 0, interpolation_duration: 1 }
data modify entity @s data merge value {"locators":{"hitbox_head":{"posx":-4.1426820407989064e-16,"posy":-0.411346348395877,"posz":3.359319217738078,"roty":0,"rotx":9.095019999999996},"hitbox_neck":{"posx":-2.7755575615628914e-16,"posy":-1.0555589893145332,"posz":2.2434579704135684,"roty":0,"rotx":9.095019999999996},"hitbox_right_arm":{"posx":-0.9375000000000004,"posy":-2.9560121631487863,"posz":2.9745827843426262,"roty":0,"rotx":-3.0471675000000027},"hitbox_left_arm":{"posx":0.9374999999999996,"posy":-2.9560121631487863,"posz":2.9745827843426262,"roty":0,"rotx":-3.0471675000000027},"hitbox_tail1":{"posx":3.191891195797325e-16,"posy":-1.5,"posz":-2.625,"roty":0,"rotx":0},"hitbox_tail2":{"posx":5.268533801099157e-16,"posy":-1.875,"posz":-4.375,"roty":0,"rotx":0}},"cameras":{}}