# This file was generated by Animated Java via MC-Build. It is not recommended to edit this file directly.
$data merge entity $(bone_jaw) { transformation: [-1f,-1.0249379582421558e-16f,6.702700682682008e-17f,-4.1875361433546485e-16f,0f,0.5473170458085295f,0.8369253559114004f,0.1861986356036143f,-1.2246467991473532e-16f,0.8369253559114004f,-0.5473170458085295f,3.4041960049129263f,0f,0f,0f,1f], start_interpolation: 0, interpolation_duration: 1 }
$data merge entity $(bone_head) { transformation: [-1.125f,-2.3289707006030436e-17f,1.3579000072497016e-16f,-3.885780586188048e-16f,0f,1.1088095018050301f,0.19017488979063707f,0.22845972222375588f,-1.3777276490407724e-16f,0.19017488979063707f,-1.1088095018050301f,3.1577938934006973f,0f,0f,0f,1f], start_interpolation: 0, interpolation_duration: 1 }
$data merge entity $(bone_neck) { transformation: [-1f,-2.0701961783138165e-17f,1.2070222286664013e-16f,0.4999999999999997f,0f,0.9856084460489156f,0.1690443464805663f,-0.6814007201877568f,-1.2246467991473532e-16f,0.1690443464805663f,-0.9856084460489156f,2.1773774128503516f,0f,0f,0f,1f], start_interpolation: 0, interpolation_duration: 1 }
$data merge entity $(bone_right_arm2) { transformation: [-1f,5.68010610007713e-18f,1.2233288282923133e-16f,-0.8750000000000004f,0f,0.9989237951252904f,-0.046381586135952335f,-1.9992797433370646f,-1.2246467991473532e-16f,-0.046381586135952335f,-0.9989237951252904f,2.4110785874678973f,0f,0f,0f,1f], start_interpolation: 0, interpolation_duration: 1 }
$data merge entity $(bone_right_arm1) { transformation: [-1.1354166666666665f,6.449287134462573e-18f,1.3889879404568971e-16f,-0.5625000000000003f,0f,1.1341947257151732f,-0.05266242592519588f,-0.7200796027035881f,-1.3904843865318904e-16f,-0.05266242592519588f,-1.1341947257151732f,1.663442646515823f,0f,0f,0f,1f], start_interpolation: 0, interpolation_duration: 1 }
$data merge entity $(bone_left_arm2) { transformation: [-1f,5.68010610007713e-18f,1.2233288282923133e-16f,0.8749999999999997f,0f,0.9989237951252904f,-0.046381586135952335f,-1.9992797433370646f,-1.2246467991473532e-16f,-0.046381586135952335f,-0.9989237951252904f,2.4110785874678977f,0f,0f,0f,1f], start_interpolation: 0, interpolation_duration: 1 }
$data merge entity $(bone_left_arm1) { transformation: [-1.1354166666666665f,6.449287134462573e-18f,1.3889879404568971e-16f,0.5624999999999998f,0f,1.1341947257151732f,-0.05266242592519588f,-0.7200796027035881f,-1.3904843865318904e-16f,-0.05266242592519588f,-1.1341947257151732f,1.663442646515823f,0f,0f,0f,1f], start_interpolation: 0, interpolation_duration: 1 }
$data merge entity $(bone_body2) { transformation: [-1.5833333333333335f,-3.277810615663543e-17f,1.911118528721802e-16f,0.4999999999999999f,0f,1.5605467062441165f,0.26765354859422996f,-0.5f,-1.9390240986499761e-16f,0.26765354859422996f,-1.5605467062441165f,0.75f,0f,0f,0f,1f], start_interpolation: 0, interpolation_duration: 1 }
data modify entity @s data merge value {"locators":{"hitbox_head":{"posx":-4.133587771501685e-16,"posy":-0.44037191483199345,"posz":3.3601438162406296,"roty":0,"rotx":9.732259999999997},"hitbox_neck":{"posx":-2.7755575615628914e-16,"posy":-1.0721344307661709,"posz":2.2371868386762537,"roty":0,"rotx":9.732259999999997},"hitbox_right_arm":{"posx":-0.9375000000000004,"posy":-2.9750127453943787,"posz":2.9569220711664945,"roty":0,"rotx":-2.6584228703703747},"hitbox_left_arm":{"posx":0.9374999999999996,"posy":-2.9750127453943787,"posz":2.9569220711664954,"roty":0,"rotx":-2.6584228703703747},"hitbox_tail1":{"posx":3.191891195797325e-16,"posy":-1.5,"posz":-2.625,"roty":0,"rotx":0},"hitbox_tail2":{"posx":5.268533801099157e-16,"posy":-1.875,"posz":-4.375,"roty":0,"rotx":0}},"cameras":{}}