# This file was generated by Animated Java via MC-Build. It is not recommended to edit this file directly.
$data merge entity $(bone_jaw) { transformation: [-1f,-9.884937766079221e-17f,7.2293833503921e-17f,-4.1878660320225105e-16f,0f,0.5903239493562942f,0.8071664232464004f,0.20342877424664255f,-1.2246467991473532e-16f,0.8071664232464004f,-0.5903239493562942f,3.3996816713639144f,0f,0f,0f,1f], start_interpolation: 0, interpolation_duration: 1 }
$data merge entity $(bone_head) { transformation: [-1.125f,-2.2406971925060272e-17f,1.3593845062550808e-16f,-3.885780586188048e-16f,0f,1.1100216872338515f,0.18296681084424407f,0.24408806554536344f,-1.3777276490407724e-16f,0.18296681084424407f,-1.1100216872338515f,3.153010185311947f,0f,0f,0f,1f], start_interpolation: 0, interpolation_duration: 1 }
$data merge entity $(bone_neck) { transformation: [-1f,-1.9917308377831353e-17f,1.2083417833378495e-16f,0.4999999999999997f,0f,0.986685944207868f,0.1626371651948836f,-0.6721230534546534f,-1.2246467991473532e-16f,0.1626371651948836f,-0.986685944207868f,2.1785258676234904f,0f,0f,0f,1f], start_interpolation: 0, interpolation_duration: 1 }
$data merge entity $(bone_right_arm2) { transformation: [-1f,6.708114267239144e-18f,1.2228082036687617e-16f,-0.8750000000000004f,0f,0.998498672858271f,-0.054775909853433585f,-1.9870112839854404f,-1.2246467991473532e-16f,-0.054775909853433585f,-0.998498672858271f,2.4232144691428887f,0f,0f,0f,1f], start_interpolation: 0, interpolation_duration: 1 }
$data merge entity $(bone_right_arm1) { transformation: [-1.1354166666666665f,7.616504740927777e-18f,1.3883968145822396e-16f,-0.5625000000000003f,0f,1.1337120348078285f,-0.062193480979419374f,-0.7141402138831952f,-1.3904843865318904e-16f,-0.062193480979419374f,-1.1337120348078285f,1.664853249870196f,0f,0f,0f,1f], start_interpolation: 0, interpolation_duration: 1 }
$data merge entity $(bone_left_arm2) { transformation: [-1f,6.708114267239144e-18f,1.2228082036687617e-16f,0.8749999999999997f,0f,0.998498672858271f,-0.054775909853433585f,-1.9870112839854404f,-1.2246467991473532e-16f,-0.054775909853433585f,-0.998498672858271f,2.4232144691428887f,0f,0f,0f,1f], start_interpolation: 0, interpolation_duration: 1 }
$data merge entity $(bone_left_arm1) { transformation: [-1.1354166666666665f,7.616504740927777e-18f,1.3883968145822396e-16f,0.5624999999999998f,0f,1.1337120348078285f,-0.062193480979419374f,-0.7141402138831952f,-1.3904843865318904e-16f,-0.062193480979419374f,-1.1337120348078285f,1.664853249870196f,0f,0f,0f,1f], start_interpolation: 0, interpolation_duration: 1 }
$data merge entity $(bone_body2) { transformation: [-1.5833333333333335f,-3.1535738264899644e-17f,1.9132078236182618e-16f,0.4999999999999999f,0f,1.5622527449957913f,0.25750884489189907f,-0.5f,-1.9390240986499761e-16f,0.25750884489189907f,-1.5622527449957913f,0.75f,0f,0f,0f,1f], start_interpolation: 0, interpolation_duration: 1 }
data modify entity @s data merge value {"locators":{"hitbox_head":{"posx":-4.1389042161196797e-16,"posy":-0.4234147637079553,"posz":3.3597013146301036,"roty":0,"rotx":9.360000000000003},"hitbox_neck":{"posx":-2.7755575615628914e-16,"posy":-1.0624599281819644,"posz":2.2408726737013924,"roty":0,"rotx":9.360000000000003},"hitbox_right_arm":{"posx":-0.9375000000000004,"posy":-2.9581220019169945,"posz":2.977239715425458,"roty":0,"rotx":-3.139999999999998},"hitbox_left_arm":{"posx":0.9374999999999996,"posy":-2.9581220019169945,"posz":2.977239715425458,"roty":0,"rotx":-3.139999999999998},"hitbox_tail1":{"posx":3.191891195797325e-16,"posy":-1.5,"posz":-2.625,"roty":0,"rotx":0},"hitbox_tail2":{"posx":5.268533801099157e-16,"posy":-1.875,"posz":-4.375,"roty":0,"rotx":0}},"cameras":{}}