# This file was generated by Animated Java via MC-Build. It is not recommended to edit this file directly.
$data merge entity $(bone_jaw) { transformation: [-1f,-8.782649082024564e-17f,8.534697028494851e-17f,-4.188985936124914e-16f,0f,0.6969108998967735f,0.7171577215683237f,0.2675543750718064f,-1.2246467991473532e-16f,0.7171577215683237f,-0.6969108998967735f,3.3818216659394165f,0f,0f,0f,1f], start_interpolation: 0, interpolation_duration: 1 }
$data merge entity $(bone_head) { transformation: [-1.125f,-1.909984797506987e-17f,1.3644240747158983e-16f,-3.885780586188048e-16f,0f,1.114136807172373f,0.15596209444525497f,0.3022126182818631f,-1.3777276490407724e-16f,0.15596209444525497f,-1.114136807172373f,3.1342357087900004f,0f,0f,0f,1f], start_interpolation: 0, interpolation_duration: 1 }
$data merge entity $(bone_neck) { transformation: [-1f,-1.697764264450655e-17f,1.2128213997474652e-16f,0.4999999999999997f,0f,0.9903438285976649f,0.13863297284022663f,-0.6373884091704718f,-1.2246467991473532e-16f,0.13863297284022663f,-0.9903438285976649f,2.182283814411657f,0f,0f,0f,1f], start_interpolation: 0, interpolation_duration: 1 }
$data merge entity $(bone_right_arm2) { transformation: [-1f,9.67505482958024e-18f,1.2208190341186195e-16f,-0.8750000000000004f,0f,0.9968743926563981f,-0.0790028180885819f,-1.945948104250689f,-1.2246467991473532e-16f,-0.0790028180885819f,-0.9968743926563981f,2.458825122200334f,0f,0f,0f,1f], start_interpolation: 0, interpolation_duration: 1 }
$data merge entity $(bone_right_arm1) { transformation: [-1.1354166666666665f,1.098521850441923e-17f,1.3861382783221824e-16f,-0.5625000000000003f,0f,1.1318677999952853f,-0.08970111637141068f,-0.6918649013250665f,-1.3904843865318904e-16f,-0.08970111637141068f,-1.1318677999952853f,1.6697827785077966f,0f,0f,0f,1f], start_interpolation: 0, interpolation_duration: 1 }
$data merge entity $(bone_left_arm2) { transformation: [-1f,9.67505482958024e-18f,1.2208190341186195e-16f,0.8749999999999997f,0f,0.9968743926563981f,-0.0790028180885819f,-1.945948104250689f,-1.2246467991473532e-16f,-0.0790028180885819f,-0.9968743926563981f,2.458825122200334f,0f,0f,0f,1f], start_interpolation: 0, interpolation_duration: 1 }
$data merge entity $(bone_left_arm1) { transformation: [-1.1354166666666665f,1.098521850441923e-17f,1.3861382783221824e-16f,0.5624999999999998f,0f,1.1318677999952853f,-0.08970111637141068f,-0.6918649013250665f,-1.3904843865318904e-16f,-0.08970111637141068f,-1.1318677999952853f,1.6697827785077966f,0f,0f,0f,1f], start_interpolation: 0, interpolation_duration: 1 }
$data merge entity $(bone_body2) { transformation: [-1.5833333333333335f,-2.6881267520468708e-17f,1.9203005496001535e-16f,0.4999999999999999f,0f,1.5680443952796361f,0.21950220699702552f,-0.5f,-1.9390240986499761e-16f,0.21950220699702552f,-1.5680443952796361f,0.75f,0f,0f,0f,1f], start_interpolation: 0, interpolation_duration: 1 }
data modify entity @s data merge value {"locators":{"hitbox_head":{"posx":-4.158677007080965e-16,"posy":-0.36007507860424826,"posz":3.357072547201629,"roty":0,"rotx":7.968749999999998},"hitbox_neck":{"posx":-2.7755575615628914e-16,"posy":-1.0260964664996244,"posz":2.25408942817128,"roty":0,"rotx":7.968749999999998},"hitbox_right_arm":{"posx":-0.9375000000000006,"posy":-2.903321087862796,"posz":3.0362651366171147,"roty":0,"rotx":-4.5312500000000036},"hitbox_left_arm":{"posx":0.9374999999999996,"posy":-2.903321087862796,"posz":3.0362651366171147,"roty":0,"rotx":-4.5312500000000036},"hitbox_tail1":{"posx":3.191891195797325e-16,"posy":-1.5,"posz":-2.625,"roty":0,"rotx":0},"hitbox_tail2":{"posx":5.268533801099157e-16,"posy":-1.875,"posz":-4.375,"roty":0,"rotx":0}},"cameras":{}}