# This file was generated by Animated Java via MC-Build. It is not recommended to edit this file directly.
$data merge entity $(bone_jaw) { transformation: [-1f,-4.512199907207827e-17f,1.1384903612397404e-16f,-4.191283270785497e-16f,0f,0.9296479295356029f,0.3684490834703848f,0.4586352109962528f,-1.2246467991473532e-16f,0.3684490834703848f,-0.9296479295356029f,3.31839318100601f,0f,0f,0f,1f], start_interpolation: 0, interpolation_duration: 1 }
$data merge entity $(bone_head) { transformation: [-1.125f,-9.034764209640586e-18f,1.3747620806885217e-16f,-3.885780586188048e-16f,0f,1.1225784296710566f,0.07377444840366171f,0.4750295328637332f,-1.3777276490407724e-16f,0.07377444840366171f,-1.1225784296710566f,3.068931307745775f,0f,0f,0f,1f], start_interpolation: 0, interpolation_duration: 1 }
$data merge entity $(bone_neck) { transformation: [-1f,-8.030901519680521e-18f,1.222010738389797e-16f,0.4999999999999997f,0f,0.9978474930409392f,0.06557728746992152f,-0.5319018824229534f,-1.2246467991473532e-16f,0.06557728746992152f,-0.9978474930409392f,2.1885043517132203f,0f,0f,0f,1f], start_interpolation: 0, interpolation_duration: 1 }
$data merge entity $(bone_right_arm2) { transformation: [-1f,1.8608616157292874e-17f,1.2104262567925863e-16f,-0.8750000000000004f,0f,0.9883880459536023f,-0.15195088224824427f,-1.8166372540865452f,-1.2246467991473532e-16f,-0.15195088224824427f,-0.9883880459536023f,2.5603357588029327f,0f,0f,0f,1f], start_interpolation: 0, interpolation_duration: 1 }
$data merge entity $(bone_right_arm1) { transformation: [-1.1354166666666665f,2.1128532928592946e-17f,1.3743381457332488e-16f,-0.5625000000000003f,0f,1.1222322605098192f,-0.17252756421936066f,-0.6238441753181101f,-1.3904843865318904e-16f,-0.17252756421936066f,-1.1222322605098192f,1.6813834442590103f,0f,0f,0f,1f], start_interpolation: 0, interpolation_duration: 1 }
$data merge entity $(bone_left_arm2) { transformation: [-1f,1.8608616157292874e-17f,1.2104262567925863e-16f,0.8749999999999998f,0f,0.9883880459536023f,-0.15195088224824427f,-1.8166372540865452f,-1.2246467991473532e-16f,-0.15195088224824427f,-0.9883880459536023f,2.5603357588029327f,0f,0f,0f,1f], start_interpolation: 0, interpolation_duration: 1 }
$data merge entity $(bone_left_arm1) { transformation: [-1.1354166666666665f,2.1128532928592946e-17f,1.3743381457332488e-16f,0.5624999999999998f,0f,1.1222322605098192f,-0.17252756421936066f,-0.6238441753181101f,-1.3904843865318904e-16f,-0.17252756421936066f,-1.1222322605098192f,1.6813834442590103f,0f,0f,0f,1f], start_interpolation: 0, interpolation_duration: 1 }
$data merge entity $(bone_body2) { transformation: [-1.5833333333333335f,-1.2715594072827493e-17f,1.9348503357838456e-16f,0.4999999999999999f,0f,1.5799251973148205f,0.10383070516070908f,-0.5f,-1.9390240986499761e-16f,0.10383070516070908f,-1.5799251973148205f,0.75f,0f,0f,0f,1f], start_interpolation: 0, interpolation_duration: 1 }
data modify entity @s data merge value {"locators":{"hitbox_head":{"posx":-4.2174658074368563e-16,"posy":-0.16911805262120438,"posz":3.3397728446523676,"roty":0,"rotx":3.7600000000000047},"hitbox_neck":{"posx":-2.7755575615628914e-16,"posy":-0.9142918532470459,"posz":2.288643805542117,"roty":0,"rotx":3.7600000000000047},"hitbox_right_arm":{"posx":-0.9375000000000006,"posy":-2.7290498589160253,"posz":3.2064806640279784,"roty":0,"rotx":-8.739999999999997},"hitbox_left_arm":{"posx":0.9374999999999997,"posy":-2.7290498589160253,"posz":3.2064806640279784,"roty":0,"rotx":-8.739999999999997},"hitbox_tail1":{"posx":3.191891195797325e-16,"posy":-1.5,"posz":-2.625,"roty":0,"rotx":0},"hitbox_tail2":{"posx":5.268533801099157e-16,"posy":-1.875,"posz":-4.375,"roty":0,"rotx":0}},"cameras":{}}