# This file was generated by Animated Java via MC-Build. It is not recommended to edit this file directly.
$data merge entity $(bone_jaw) { transformation: [-1f,-3.135540463289312e-17f,1.1838258498160159e-16f,-4.1916319432083563e-16f,0f,0.9666671652922635f,0.25603630903803426f,0.5113239393966198f,-1.2246467991473532e-16f,0.25603630903803426f,-0.9666671652922635f,3.298106922717982f,0f,0f,0f,1f], start_interpolation: 0, interpolation_duration: 1 }
$data merge entity $(bone_head) { transformation: [-1.125f,-6.2017416588702e-18f,1.3763311065913888e-16f,-3.885780586188048e-16f,0f,1.123859636549611f,0.05064106371884608f,0.5225775091119189f,-1.3777276490407724e-16f,0.05064106371884608f,-1.123859636549611f,3.0483603368180683f,0f,0f,0f,1f], start_interpolation: 0, interpolation_duration: 1 }
$data merge entity $(bone_neck) { transformation: [-1f,-5.512659252329067e-18f,1.2234054280812346e-16f,0.4999999999999997f,0f,0.9989863435996542f,0.045014278861196515f,-0.5022713793879916f,-1.2246467991473532e-16f,0.045014278861196515f,-0.9989863435996542f,2.188856261353328f,0f,0f,0f,1f], start_interpolation: 0, interpolation_duration: 1 }
$data merge entity $(bone_right_arm2) { transformation: [-1f,2.1097352637706563e-17f,1.2063374129280262e-16f,-0.8750000000000004f,0f,0.9850492515621037f,-0.1722729578225768f,-1.7790770170795895f,-1.2246467991473532e-16f,-0.1722729578225768f,-0.9850492515621037f,2.5870659222869294f,0f,0f,0f,1f], start_interpolation: 0, interpolation_duration: 1 }
$data merge entity $(bone_right_arm1) { transformation: [-1.1354166666666665f,2.3954285807395992e-17f,1.3696956042620295e-16f,-0.5625000000000003f,0f,1.1184413377111384f,-0.19560158752771736f,-0.6046375329073501f,-1.3904843865318904e-16f,-0.19560158752771736f,-1.1184413377111384f,1.683736304695851f,0f,0f,0f,1f], start_interpolation: 0, interpolation_duration: 1 }
$data merge entity $(bone_left_arm2) { transformation: [-1f,2.1097352637706563e-17f,1.2063374129280262e-16f,0.8749999999999998f,0f,0.9850492515621037f,-0.1722729578225768f,-1.7790770170795895f,-1.2246467991473532e-16f,-0.1722729578225768f,-0.9850492515621037f,2.5870659222869294f,0f,0f,0f,1f], start_interpolation: 0, interpolation_duration: 1 }
$data merge entity $(bone_left_arm1) { transformation: [-1.1354166666666665f,2.3954285807395992e-17f,1.3696956042620295e-16f,0.5624999999999998f,0f,1.1184413377111384f,-0.19560158752771736f,-0.6046375329073501f,-1.3904843865318904e-16f,-0.19560158752771736f,-1.1184413377111384f,1.6837363046958511f,0f,0f,0f,1f], start_interpolation: 0, interpolation_duration: 1 }
$data merge entity $(bone_body2) { transformation: [-1.5833333333333335f,-8.728377149521024e-18f,1.9370585944619549e-16f,0.4999999999999999f,0f,1.5817283773661193f,0.07127260819689449f,-0.5f,-1.9390240986499761e-16f,0.07127260819689449f,-1.5817283773661193f,0.75f,0f,0f,0f,1f], start_interpolation: 0, interpolation_duration: 1 }
data modify entity @s data merge value {"locators":{"hitbox_head":{"posx":-4.233640662136377e-16,"posy":-0.11585591778198889,"posz":3.3324096449047125,"roty":0,"rotx":2.5799999999999974},"hitbox_neck":{"posx":-2.7755575615628914e-16,"posy":-0.8825180430955115,"posz":2.2968491997303357,"roty":0,"rotx":2.5799999999999974},"hitbox_right_arm":{"posx":-0.9375000000000006,"posy":-2.677989789730405,"posz":3.251863505890558,"roty":0,"rotx":-9.920000000000005},"hitbox_left_arm":{"posx":0.9374999999999997,"posy":-2.677989789730405,"posz":3.251863505890558,"roty":0,"rotx":-9.920000000000005},"hitbox_tail1":{"posx":3.191891195797325e-16,"posy":-1.5,"posz":-2.625,"roty":0,"rotx":0},"hitbox_tail2":{"posx":5.268533801099157e-16,"posy":-1.875,"posz":-4.375,"roty":0,"rotx":0}},"cameras":{}}