# This file was generated by Animated Java via MC-Build. It is not recommended to edit this file directly.
$data merge entity $(bone_jaw) { transformation: [-1f,4.665248452352488e-17f,1.1323048844900764e-16f,-4.1519541082853505e-16f,0f,0.9245971044699834f,-0.3809464455874638f,1.2541640931994957f,-1.2246467991473532e-16f,-0.3809464455874638f,-0.9245971044699834f,2.9224185119115034f,0f,0f,0f,1f], start_interpolation: 0, interpolation_duration: 1 }
$data merge entity $(bone_head) { transformation: [-1.125f,6.807749346526578e-17f,1.1977808494378606e-16f,-3.885780586188048e-16f,0f,0.9780622872421684f,-0.5558949201734247f,1.1306318887165125f,-1.3777276490407724e-16f,-0.5558949201734247f,-0.9780622872421684f,2.7050713369687993f,0f,0f,0f,1f], start_interpolation: 0, interpolation_duration: 1 }
$data merge entity $(bone_neck) { transformation: [-1f,2.4788400786147914e-17f,1.1992970029598122e-16f,0.4999999999999997f,0f,0.9793003205453275f,-0.2024126532107589f,-0.07433498259663956f,-1.2246467991473532e-16f,-0.2024126532107589f,-0.9793003205453275f,2.124453270562152f,0f,0f,0f,1f], start_interpolation: 0, interpolation_duration: 1 }
$data merge entity $(bone_right_arm2) { transformation: [-1f,3.5023766534528853e-17f,1.1734962123651442e-16f,-0.8750000000000004f,0f,0.9582323762101677f,-0.28599075716291233f,-1.3833263638765425f,-1.2246467991473532e-16f,-0.28599075716291233f,-0.9582323762101677f,2.7067649778636578f,0f,0f,0f,1f], start_interpolation: 0, interpolation_duration: 1 }
$data merge entity $(bone_right_arm1) { transformation: [-1.1354166666666665f,3.97665682527463e-17f,1.3324071577895907e-16f,-0.5625000000000003f,0f,1.0879930104886277f,-0.32471867219539f,-0.32226501565019966f,-1.3904843865318904e-16f,-0.32471867219539f,-1.0879930104886277f,1.6726173504428452f,0f,0f,0f,1f], start_interpolation: 0, interpolation_duration: 1 }
$data merge entity $(bone_left_arm2) { transformation: [-1f,3.5023766534528853e-17f,1.1734962123651442e-16f,0.8749999999999997f,0f,0.9582323762101677f,-0.28599075716291233f,-1.3833263638765425f,-1.2246467991473532e-16f,-0.28599075716291233f,-0.9582323762101677f,2.706764977863658f,0f,0f,0f,1f], start_interpolation: 0, interpolation_duration: 1 }
$data merge entity $(bone_left_arm1) { transformation: [-1.1354166666666665f,3.97665682527463e-17f,1.3324071577895907e-16f,0.5624999999999998f,0f,1.0879930104886277f,-0.32471867219539f,-0.32226501565019966f,-1.3904843865318904e-16f,-0.32471867219539f,-1.0879930104886277f,1.6726173504428454f,0f,0f,0f,1f], start_interpolation: 0, interpolation_duration: 1 }
$data merge entity $(bone_body2) { transformation: [-1.5833333333333335f,4.926345871683439e-17f,1.875400122286129e-16f,0.4999999999999999f,0f,1.531380414003332f,-0.4022666678354405f,-0.5f,-1.9390240986499761e-16f,-0.4022666678354405f,-1.531380414003332f,0.75f,0f,0f,0f,1f], start_interpolation: 0, interpolation_duration: 1 }
$data merge entity $(bone_tail3) { transformation: [-1f,2.768299728509862e-17f,1.1929480075817134e-16f,4.579669976578771e-16f,0f,0.9741159723867243f,-0.2260488273384016f,-1.0660887415782867f,-1.2246467991473532e-16f,-0.2260488273384016f,-0.9741159723867243f,-3.8037087392326128f,0f,0f,0f,1f], start_interpolation: 0, interpolation_duration: 1 }
$data merge entity $(bone_tail2) { transformation: [-1.5416666666666665f,4.267795414786037e-17f,1.8391281783551413e-16f,-0.12499999999999976f,0f,1.5017621240961998f,-0.3484919421467024f,-0.8248939351412945f,-1.8879971486855027e-16f,-0.3484919421467024f,-1.5017621240961998f,-1.9348571358815543f,0f,0f,0f,1f], start_interpolation: 0, interpolation_duration: 1 }
$data merge entity $(bone_tail1) { transformation: [-1f,8.632340512596304e-18f,1.2216006108337193e-16f,1.1102230246251565e-16f,0f,0.997512598476757f,-0.07048840954474772f,-0.75f,-1.2246467991473532e-16f,-0.07048840954474772f,-0.997512598476757f,-0.875f,0f,0f,0f,1f], start_interpolation: 0, interpolation_duration: 1 }
data modify entity @s data merge value {"locators":{"head":{"posx":-4.59670578583893e-16,"posy":0.7416792069634813,"posz":3.2855858168546375,"roty":0,"rotx":-29.612319999999997},"neck":{"posx":-2.7755575615628914e-16,"posy":-0.4162710211497925,"posz":2.3227705555843525,"roty":0,"rotx":-11.678080000000003},"right_arm":{"posx":-0.9375000000000006,"posy":-2.198563361505254,"posz":3.471871923131654,"roty":0,"rotx":-16.618080000000006},"left_arm":{"posx":0.9374999999999996,"posy":-2.198563361505254,"posz":3.4718719231316544,"roty":0,"rotx":-16.618080000000006},"tail1":{"posx":2.914335439641036e-16,"posy":-1.710889483226489,"posz":-2.435025246393626,"roty":0,"rotx":-13.064560640000003},"tail2":{"posx":4.887363891476565e-16,"posy":-2.471768420713713,"posz":-4.054959887818493,"roty":0,"rotx":-13.064560640000003}},"cameras":{}}