# This file was generated by Animated Java via MC-Build. It is not recommended to edit this file directly.
$data merge entity $(bone_jaw) { transformation: [-1f,4.206321093319121e-17f,1.1501427786413493e-16f,-4.153798881989333e-16f,0f,0.9391628504170538f,-0.3434721828569449f,1.2294951828210048f,-1.2246467991473532e-16f,-0.3434721828569449f,-0.9391628504170538f,2.9503689213073887f,0f,0f,0f,1f], start_interpolation: 0, interpolation_duration: 1 }
$data merge entity $(bone_head) { transformation: [-1.125f,6.659571198852467e-17f,1.2060823311057834e-16f,-3.885780586188048e-16f,0f,0.984840961447419f,-0.5437952561905293f,1.1086517925564428f,-1.3777276490407724e-16f,-0.5437952561905293f,-0.984840961447419f,2.7315153743190734f,0f,0f,0f,1f], start_interpolation: 0, interpolation_duration: 1 }
$data merge entity $(bone_neck) { transformation: [-1f,2.2460409366851578e-17f,1.2038740730529926e-16f,0.4999999999999997f,0f,0.9830377819067315f,-0.18340316067040216f,-0.08484091876416117f,-1.2246467991473532e-16f,-0.18340316067040216f,-0.9830377819067315f,2.1276630347321563f,0f,0f,0f,1f], start_interpolation: 0, interpolation_duration: 1 }
$data merge entity $(bone_right_arm2) { transformation: [-1f,3.49888040361721e-17f,1.173600503524812e-16f,-0.8750000000000004f,0f,0.9583175364047156f,-0.2857052666983874f,-1.3906834926094316f,-1.2246467991473532e-16f,-0.2857052666983874f,-0.9583175364047156f,2.7077788820931272f,0f,0f,0f,1f], start_interpolation: 0, interpolation_duration: 1 }
$data merge entity $(bone_right_arm1) { transformation: [-1.1354166666666665f,3.9726871249403735e-17f,1.3325255717104636e-16f,-0.5625000000000003f,0f,1.088089702792854f,-0.324394521563794f,-0.3293140969333837f,-1.3904843865318904e-16f,-0.324394521563794f,-1.088089702792854f,1.673947413273252f,0f,0f,0f,1f], start_interpolation: 0, interpolation_duration: 1 }
$data merge entity $(bone_left_arm2) { transformation: [-1f,3.49888040361721e-17f,1.173600503524812e-16f,0.8749999999999997f,0f,0.9583175364047156f,-0.2857052666983874f,-1.3906834926094316f,-1.2246467991473532e-16f,-0.2857052666983874f,-0.9583175364047156f,2.7077788820931277f,0f,0f,0f,1f], start_interpolation: 0, interpolation_duration: 1 }
$data merge entity $(bone_left_arm1) { transformation: [-1.1354166666666665f,3.9726871249403735e-17f,1.3325255717104636e-16f,0.5624999999999998f,0f,1.088089702792854f,-0.324394521563794f,-0.3293140969333837f,-1.3904843865318904e-16f,-0.324394521563794f,-1.088089702792854f,1.6739474132732521f,0f,0f,0f,1f], start_interpolation: 0, interpolation_duration: 1 }
$data merge entity $(bone_body2) { transformation: [-1.5833333333333335f,4.783021232150221e-17f,1.8791065786892859e-16f,0.4999999999999999f,0f,1.534406965336939f,-0.3905633228683035f,-0.5f,-1.9390240986499761e-16f,-0.3905633228683035f,-1.534406965336939f,0.75f,0f,0f,0f,1f], start_interpolation: 0, interpolation_duration: 1 }
$data merge entity $(bone_tail3) { transformation: [-1f,2.6810630506053197e-17f,1.194938823475347e-16f,4.579669976578771e-16f,0f,0.9757415969300781f,-0.21892541200221813f,-1.0490790691415117f,-1.2246467991473532e-16f,-0.21892541200221813f,-0.9757415969300781f,-3.8056524466119264f,0f,0f,0f,1f], start_interpolation: 0, interpolation_duration: 1 }
$data merge entity $(bone_tail2) { transformation: [-1.5416666666666665f,4.1333055363498677e-17f,1.8421973528578262e-16f,-0.12499999999999976f,0f,1.5042682952672035f,-0.33751001017008625f,-0.8215454710617425f,-1.8879971486855027e-16f,-0.33751001017008625f,-1.5042682952672035f,-1.9350884376176138f,0f,0f,0f,1f], start_interpolation: 0, interpolation_duration: 1 }
$data merge entity $(bone_tail1) { transformation: [-1f,8.246393612164945e-18f,1.2218672112390864e-16f,1.1102230246251565e-16f,0f,0.9977302942283424f,-0.06733691394046352f,-0.75f,-1.2246467991473532e-16f,-0.06733691394046352f,-0.9977302942283424f,-0.875f,0f,0f,0f,1f], start_interpolation: 0, interpolation_duration: 1 }
data modify entity @s data merge value {"locators":{"head":{"posx":-4.59077963365368e-16,"posy":0.712572162916357,"posz":3.307190783715873,"roty":0,"rotx":-28.905967407407406},"neck":{"posx":-2.7755575615628914e-16,"posy":-0.4305546918953852,"posz":2.3193189427218988,"roty":0,"rotx":-10.568047407407407},"right_arm":{"posx":-0.9375000000000006,"posy":-2.2061483956649535,"posz":3.4726429169938724,"roty":0,"rotx":-16.60101037037037},"left_arm":{"posx":0.9374999999999996,"posy":-2.2061483956649535,"posz":3.472642916993873,"roty":0,"rotx":-16.60101037037037},"tail1":{"posx":2.914335439641036e-16,"posy":-1.703862889510826,"posz":-2.441716726505379,"roty":0,"rotx":-12.64592512},"tail2":{"posx":4.899933539391705e-16,"posy":-2.452885459363487,"posz":-4.067167491632184,"roty":0,"rotx":-12.64592512}},"cameras":{}}