# This file was generated by Animated Java via MC-Build. It is not recommended to edit this file directly.
$data merge entity $(bone_jaw) { transformation: [-1f,2.442557823342817e-18f,1.224403190860682e-16f,-4.1717055066373705e-16f,0f,0.9998010787380978f,-0.019944998223515642f,0.9512165793306984f,-1.2246467991473532e-16f,-0.019944998223515642f,-0.9998010787380978f,3.1915818563163865f,0f,0f,0f,1f], start_interpolation: 0, interpolation_duration: 1 }
$data merge entity $(bone_head) { transformation: [-1.125f,4.9257893501336346e-17f,1.2866621420219506e-16f,-3.885780586188048e-16f,0f,1.0506393704027766f,-0.40222122440226526f,0.8618340850190839f,-1.3777276490407724e-16f,-0.40222122440226526f,-1.0506393704027766f,2.958106440671325f,0f,0f,0f,1f], start_interpolation: 0, interpolation_duration: 1 }
$data merge entity $(bone_neck) { transformation: [-1f,1.6023735463391901e-18f,1.2245419643947106e-16f,0.4999999999999997f,0f,0.999914395928103f,-0.013084372959246915f,-0.21120601368391367f,-1.2246467991473532e-16f,-0.013084372959246915f,-0.999914395928103f,2.159578140248941f,0f,0f,0f,1f], start_interpolation: 0, interpolation_duration: 1 }
$data merge entity $(bone_right_arm2) { transformation: [-1f,3.02507200766578e-17f,1.1866967498675586e-16f,-0.8750000000000004f,0f,0.9690114330873056f,-0.24701587508920553f,-1.5156245409291582f,-1.2246467991473532e-16f,-0.24701587508920553f,-0.9690114330873056f,2.676005680690118f,0f,0f,0f,1f], start_interpolation: 0, interpolation_duration: 1 }
$data merge entity $(bone_right_arm1) { transformation: [-1.1354166666666665f,3.43471717537052e-17f,1.3473952680787904e-16f,-0.5625000000000003f,0f,1.1002317313178782f,-0.2804659415075354f,-0.41362044912589824f,-1.3904843865318904e-16f,-0.2804659415075354f,-1.1002317313178782f,1.6856019843880132f,0f,0f,0f,1f], start_interpolation: 0, interpolation_duration: 1 }
$data merge entity $(bone_left_arm2) { transformation: [-1f,3.02507200766578e-17f,1.1866967498675586e-16f,0.8749999999999997f,0f,0.9690114330873056f,-0.24701587508920553f,-1.5156245409291582f,-1.2246467991473532e-16f,-0.24701587508920553f,-0.9690114330873056f,2.6760056806901185f,0f,0f,0f,1f], start_interpolation: 0, interpolation_duration: 1 }
$data merge entity $(bone_left_arm1) { transformation: [-1.1354166666666665f,3.43471717537052e-17f,1.3473952680787904e-16f,0.5624999999999998f,0f,1.1002317313178782f,-0.2804659415075354f,-0.41362044912589824f,-1.3904843865318904e-16f,-0.2804659415075354f,-1.1002317313178782f,1.6856019843880135f,0f,0f,0f,1f], start_interpolation: 0, interpolation_duration: 1 }
$data merge entity $(bone_body2) { transformation: [-1.5833333333333335f,3.0630338096316955e-17f,1.914678222040425e-16f,0.4999999999999999f,0f,1.5634534164246365f,-0.2501156914601254f,-0.5f,-1.9390240986499761e-16f,-0.2501156914601254f,-1.5634534164246365f,0.75f,0f,0f,0f,1f], start_interpolation: 0, interpolation_duration: 1 }
$data merge entity $(bone_tail3) { transformation: [-1f,1.6561762294690655e-17f,1.2133963019686826e-16f,4.579669976578771e-16f,0f,0.9908132718866339f,-0.13523705207265962f,-0.8530802235916619f,-1.2246467991473532e-16f,-0.13523705207265962f,-0.9908132718866339f,-3.8200456657295003f,0f,0f,0f,1f], start_interpolation: 0, interpolation_duration: 1 }
$data merge entity $(bone_tail2) { transformation: [-1.5416666666666665f,2.5532716870981425e-17f,1.870652632201719e-16f,-0.12499999999999976f,0f,1.5275037941585605f,-0.20849045527868357f,-0.7852882394341689f,-1.8879971486855027e-16f,-0.20849045527868357f,-1.5275037941585605f,-1.9369138336784377f,0f,0f,0f,1f], start_interpolation: 0, interpolation_duration: 1 }
$data merge entity $(bone_tail1) { transformation: [-1f,4.067353361938859e-18f,1.2239711787149117e-16f,1.1102230246251565e-16f,0f,0.9994483140502943f,-0.03321246064392369f,-0.75f,-1.2246467991473532e-16f,-0.03321246064392369f,-0.9994483140502943f,-0.875f,0f,0f,0f,1f], start_interpolation: 0, interpolation_duration: 1 }
data modify entity @s data merge value {"locators":{"head":{"posx":-4.516841700646014e-16,"posy":0.3898736637959484,"posz":3.4734069460066883,"roty":0,"rotx":-20.948580740740734},"neck":{"posx":-2.7755575615628914e-16,"posy":-0.5845383655370464,"posz":2.2894740795996715,"roty":0,"rotx":-0.7497007407407398},"right_arm":{"posx":-0.9375000000000006,"posy":-2.361128036471861,"posz":3.4075272723229766,"roty":0,"rotx":-14.300997037037035},"left_arm":{"posx":0.9374999999999996,"posy":-2.361128036471861,"posz":3.4075272723229766,"roty":0,"rotx":-14.300997037037035},"tail1":{"posx":3.191891195797325e-16,"posy":-1.6213736666490979,"posz":-2.516670169046004,"roty":0,"rotx":-7.772327679999997},"tail2":{"posx":5.04483226631834e-16,"posy":-2.2295934847337397,"posz":-4.199879500320366,"roty":0,"rotx":-7.772327679999997}},"cameras":{}}