# This file was generated by Animated Java via MC-Build. It is not recommended to edit this file directly.
$data merge entity $(bone_jaw) { transformation: [-1f,-9.61902090948416e-18f,1.2208633118970152e-16f,-4.1765325717911603e-16f,0f,0.9969105482062482f,0.07854526640808834f,0.8523401747370818f,-1.2246467991473532e-16f,0.07854526640808834f,-0.9969105482062482f,3.2594594745408436f,0f,0f,0f,1f], start_interpolation: 0, interpolation_duration: 1 }
$data merge entity $(bone_head) { transformation: [-1.125f,4.31584236279923e-17f,1.3083839352140065e-16f,-3.885780586188048e-16f,0f,1.06837656059278f,-0.3524152731876723f,0.7740256695842658f,-1.3777276490407724e-16f,-0.3524152731876723f,-1.06837656059278f,3.0220424610757814f,0f,0f,0f,1f], start_interpolation: 0, interpolation_duration: 1 }
$data merge entity $(bone_neck) { transformation: [-1f,-4.874332261509835e-18f,1.223676375175356e-16f,0.4999999999999997f,0f,0.9992075886919616f,0.03980194342485957f,-0.255293314368245f,-1.2246467991473532e-16f,0.03980194342485957f,-0.9992075886919616f,2.1678967303746495f,0f,0f,0f,1f], start_interpolation: 0, interpolation_duration: 1 }
$data merge entity $(bone_right_arm2) { transformation: [-1f,2.81562873827854e-17f,1.1918398091789256e-16f,-0.8750000000000004f,0f,0.9732110597183864f,-0.22991353427281158f,-1.5621059910619994f,-1.2246467991473532e-16f,-0.22991353427281158f,-0.9732110597183864f,2.6586843612571656f,0f,0f,0f,1f], start_interpolation: 0, interpolation_duration: 1 }
$data merge entity $(bone_right_arm1) { transformation: [-1.1354166666666665f,3.196911796587092e-17f,1.3532347833385715e-16f,-0.5625000000000003f,0f,1.1050000573885843f,-0.2610476587055881f,-0.44283202999417537f,-1.3904843865318904e-16f,-0.2610476587055881f,-1.1050000573885843f,1.6878402439677096f,0f,0f,0f,1f], start_interpolation: 0, interpolation_duration: 1 }
$data merge entity $(bone_left_arm2) { transformation: [-1f,2.81562873827854e-17f,1.1918398091789256e-16f,0.8749999999999997f,0f,0.9732110597183864f,-0.22991353427281158f,-1.5621059910619994f,-1.2246467991473532e-16f,-0.22991353427281158f,-0.9732110597183864f,2.6586843612571656f,0f,0f,0f,1f], start_interpolation: 0, interpolation_duration: 1 }
$data merge entity $(bone_left_arm1) { transformation: [-1.1354166666666665f,3.196911796587092e-17f,1.3532347833385715e-16f,0.5624999999999998f,0f,1.1050000573885843f,-0.2610476587055881f,-0.44283202999417537f,-1.3904843865318904e-16f,-0.2610476587055881f,-1.1050000573885843f,1.6878402439677096f,0f,0f,0f,1f], start_interpolation: 0, interpolation_duration: 1 }
$data merge entity $(bone_body2) { transformation: [-1.5833333333333335f,2.4645988718018095e-17f,1.9232971635076274e-16f,0.4999999999999999f,0f,1.5704913162282395f,-0.2012497704250531f,-0.5f,-1.9390240986499761e-16f,-0.2012497704250531f,-1.5704913162282395f,0.75f,0f,0f,0f,1f], start_interpolation: 0, interpolation_duration: 1 }
$data merge entity $(bone_tail3) { transformation: [-1f,1.3024155502674711e-17f,1.2177014905164863e-16f,4.579669976578771e-16f,0f,0.9943287251183749f,-0.10635030044370862f,-0.7861339271812984f,-1.2246467991473532e-16f,-0.10635030044370862f,-0.9943287251183749f,-3.8215545124238597f,0f,0f,0f,1f], start_interpolation: 0, interpolation_duration: 1 }
$data merge entity $(bone_tail2) { transformation: [-1.5416666666666665f,2.0078906399956844e-17f,1.8772897978795829e-16f,-0.12499999999999976f,0f,1.5329234512241612f,-0.16395671318405078f,-0.77316374980904f,-1.8879971486855027e-16f,-0.16395671318405078f,-1.5329234512241612f,-1.9372474714937118f,0f,0f,0f,1f], start_interpolation: 0, interpolation_duration: 1 }
$data merge entity $(bone_tail1) { transformation: [-1f,2.669874076225035e-18f,1.224355732580841e-16f,1.1102230246251565e-16f,0f,0.9997623261117288f,-0.021801176290861212f,-0.75f,-1.2246467991473532e-16f,-0.021801176290861212f,-0.9997623261117288f,-0.875f,0f,0f,0f,1f], start_interpolation: 0, interpolation_duration: 1 }
data modify entity @s data merge value {"locators":{"head":{"posx":-4.488989588347451e-16,"posy":0.2783762673626303,"posz":3.5145999907891494,"roty":0,"rotx":-18.255684074074082},"neck":{"posx":-2.7755575615628914e-16,"posy":-0.634971403055838,"posz":2.2778719501768223,"roty":0,"rotx":2.2810859259259217},"right_arm":{"posx":-0.9375000000000006,"posy":-2.42036028364398,"posz":3.37520342538917,"roty":0,"rotx":-13.291981203703706},"left_arm":{"posx":0.9374999999999996,"posy":-2.42036028364398,"posz":3.37520342538917,"roty":0,"rotx":-13.291981203703706},"tail1":{"posx":3.191891195797325e-16,"posy":-1.592026125202871,"posz":-2.541085744679813,"roty":0,"rotx":-6.104968720000004},"tail2":{"posx":5.093685024021688e-16,"posy":-2.1510124228987513,"posz":-4.241279650970578,"roty":0,"rotx":-6.104968720000004}},"cameras":{}}