# This file was generated by Animated Java via MC-Build. It is not recommended to edit this file directly.
$data merge entity $(bone_jaw) { transformation: [-1f,-2.1943387939129196e-17f,1.2048271889516544e-16f,-4.180942113000707e-16f,0f,0.9838160601003506f,0.1791813603269697f,0.7449017167808122f,-1.2246467991473532e-16f,0.1791813603269697f,-0.9838160601003506f,3.325606346673638f,0f,0f,0f,1f], start_interpolation: 0, interpolation_duration: 1 }
$data merge entity $(bone_head) { transformation: [-1.125f,3.6598750661219953e-17f,1.3282268706569666e-16f,-3.885780586188048e-16f,0f,1.0845795470022295f,-0.2988514785381502f,0.6784902771056677f,-1.3777276490407724e-16f,-0.2988514785381502f,-1.0845795470022295f,3.0845886695620313f,0f,0f,0f,1f], start_interpolation: 0, interpolation_duration: 1 }
$data merge entity $(bone_neck) { transformation: [-1f,-1.1584764594110337e-17f,1.2191550785653817e-16f,0.4999999999999997f,0f,0.9955156698357478f,0.09459678171841956f,-0.30238523694859853f,-1.2246467991473532e-16f,0.09459678171841956f,-0.9955156698357478f,2.1752231072446655f,0f,0f,0f,1f], start_interpolation: 0, interpolation_duration: 1 }
$data merge entity $(bone_right_arm2) { transformation: [-1f,2.5827279958541577e-17f,1.1971027289485932e-16f,-0.8750000000000004f,0f,0.9775085598411419f,-0.21089574542246414f,-1.6119118005411306f,-1.2246467991473532e-16f,-0.21089574542246414f,-0.9775085598411419f,2.638056876018369f,0f,0f,0f,1f], start_interpolation: 0, interpolation_duration: 1 }
$data merge entity $(bone_right_arm1) { transformation: [-1.1354166666666665f,2.932472411959408e-17f,1.3592103901603817e-16f,-0.5625000000000003f,0f,1.109879510652963f,-0.23945454428175614f,-0.4739226407275758f,-1.3904843865318904e-16f,-0.23945454428175614f,-1.109879510652963f,1.6892190752606f,0f,0f,0f,1f], start_interpolation: 0, interpolation_duration: 1 }
$data merge entity $(bone_left_arm2) { transformation: [-1f,2.5827279958541577e-17f,1.1971027289485932e-16f,0.8749999999999997f,0f,0.9775085598411419f,-0.21089574542246414f,-1.6119118005411306f,-1.2246467991473532e-16f,-0.21089574542246414f,-0.9775085598411419f,2.6380568760183696f,0f,0f,0f,1f], start_interpolation: 0, interpolation_duration: 1 }
$data merge entity $(bone_left_arm1) { transformation: [-1.1354166666666665f,2.932472411959408e-17f,1.3592103901603817e-16f,0.5624999999999998f,0f,1.109879510652963f,-0.23945454428175614f,-0.4739226407275758f,-1.3904843865318904e-16f,-0.23945454428175614f,-1.109879510652963f,1.6892190752606f,0f,0f,0f,1f], start_interpolation: 0, interpolation_duration: 1 }
$data merge entity $(bone_body2) { transformation: [-1.5833333333333335f,1.826292277322342e-17f,1.9304043670493702e-16f,0.4999999999999999f,0f,1.5762947883368437f,-0.1491280815492171f,-0.5f,-1.9390240986499761e-16f,-0.1491280815492171f,-1.5762947883368437f,0.75f,0f,0f,0f,1f], start_interpolation: 0, interpolation_duration: 1 }
$data merge entity $(bone_tail3) { transformation: [-1f,9.258573171978776e-18f,1.2211419511849426e-16f,4.579669976578771e-16f,0f,0.9971380744514657f,-0.07560198727032932f,-0.7151464340703129f,-1.2246467991473532e-16f,-0.07560198727032932f,-0.9971380744514657f,-3.8212587910142477f,0f,0f,0f,1f], start_interpolation: 0, interpolation_duration: 1 }
$data merge entity $(bone_tail2) { transformation: [-1.5416666666666665f,1.4273633640133944e-17f,1.8825938414101196e-16f,-0.12499999999999976f,0f,1.5372545314460095f,-0.11655306370842436f,-0.7603560968980952f,-1.8879971486855027e-16f,-0.11655306370842436f,-1.5372545314460095f,-1.9374495288045626f,0f,0f,0f,1f], start_interpolation: 0, interpolation_duration: 1 }
$data merge entity $(bone_tail1) { transformation: [-1f,1.1936527922740895e-18f,1.2245886256057612e-16f,1.1102230246251565e-16f,0f,0.9999524976984119f,-0.009746914727619073f,-0.75f,-1.2246467991473532e-16f,-0.009746914727619073f,-0.9999524976984119f,-0.875f,0f,0f,0f,1f], start_interpolation: 0, interpolation_duration: 1 }
data modify entity @s data merge value {"locators":{"head":{"posx":-4.458058887266205e-16,"posy":0.15896038392058187,"posz":3.5518893651394006,"roty":0,"rotx":-15.405327407407407},"neck":{"posx":-2.7755575615628914e-16,"posy":-0.6875282108518064,"posz":2.2641887728297267,"roty":0,"rotx":5.428112592592592},"right_arm":{"posx":-0.9375000000000006,"posy":-2.4839724876710405,"posz":3.337706901361404,"roty":0,"rotx":-12.17485037037037},"left_arm":{"posx":0.9374999999999996,"posy":-2.4839724876710405,"posz":3.337706901361405,"roty":0,"rotx":-12.17485037037037},"tail1":{"posx":3.191891195797325e-16,"posy":-1.5601860189850458,"posz":-2.5662804645371984,"roty":0,"rotx":-4.3358118400000025},"tail2":{"posx":5.14504355123808e-16,"posy":-2.0664162746274215,"posz":-4.2829213496008895,"roty":0,"rotx":-4.3358118400000025}},"cameras":{}}