# This file was generated by Animated Java via MC-Build. It is not recommended to edit this file directly.
$data merge entity $(bone_jaw) { transformation: [-1f,-5.353124244859063e-17f,1.1014537624670763e-16f,-4.1893188954086465e-16f,0f,0.8994052515663711f,0.4371157666509328f,0.43338309317003854f,-1.2246467991473532e-16f,0.4371157666509328f,-0.8994052515663711f,3.479961939947915f,0f,0f,0f,1f], start_interpolation: 0, interpolation_duration: 1 }
$data merge entity $(bone_head) { transformation: [-1.125f,1.7997081805195823e-17f,1.3659223914926948e-16f,-3.885780586188048e-16f,0f,1.1153602756678116f,-0.14695732530984515f,0.4007259097678507f,-1.3777276490407724e-16f,-0.14695732530984515f,-1.1153602756678116f,3.2321041009106235f,0f,0f,0f,1f], start_interpolation: 0, interpolation_duration: 1 }
$data merge entity $(bone_neck) { transformation: [-1f,-2.953163123116243e-17f,1.1885066505259957e-16f,0.4999999999999997f,0f,0.9704893291302278f,0.24114406906320665f,-0.434489446319161f,-1.2246467991473532e-16f,0.24114406906320665f,-0.9704893291302278f,2.1873659476126566f,0f,0f,0f,1f], start_interpolation: 0, interpolation_duration: 1 }
$data merge entity $(bone_right_arm2) { transformation: [-1f,1.8980969687440786e-17f,1.2098479497996032e-16f,-0.8750000000000004f,0f,0.9879158224575008f,-0.1549913795606707f,-1.7506193124767016f,-1.2246467991473532e-16f,-0.1549913795606707f,-0.9879158224575008f,2.5702471570442813f,0f,0f,0f,1f], start_interpolation: 0, interpolation_duration: 1 }
$data merge entity $(bone_right_arm1) { transformation: [-1.1354166666666665f,2.1551309332615057e-17f,1.3736815263349658e-16f,-0.5625000000000003f,0f,1.121696090081954f,-0.17597979554284482f,-0.5605363689491931f,-1.3904843865318904e-16f,-0.17597979554284482f,-1.121696090081954f,1.6876288434313693f,0f,0f,0f,1f], start_interpolation: 0, interpolation_duration: 1 }
$data merge entity $(bone_left_arm2) { transformation: [-1f,1.8980969687440786e-17f,1.2098479497996032e-16f,0.8749999999999998f,0f,0.9879158224575008f,-0.1549913795606707f,-1.7506193124767016f,-1.2246467991473532e-16f,-0.1549913795606707f,-0.9879158224575008f,2.5702471570442813f,0f,0f,0f,1f], start_interpolation: 0, interpolation_duration: 1 }
$data merge entity $(bone_left_arm1) { transformation: [-1.1354166666666665f,2.1551309332615057e-17f,1.3736815263349658e-16f,0.5624999999999998f,0f,1.121696090081954f,-0.17597979554284482f,-0.5605363689491931f,-1.3904843865318904e-16f,-0.17597979554284482f,-1.121696090081954f,1.6876288434313693f,0f,0f,0f,1f], start_interpolation: 0, interpolation_duration: 1 }
$data merge entity $(bone_body2) { transformation: [-1.5833333333333335f,4.0610796066518646e-19f,1.9390198458958024e-16f,0.4999999999999999f,0f,1.5833298606960173f,-0.0033161231544306057f,-0.5f,-1.9390240986499761e-16f,-0.0033161231544306057f,-1.5833298606960173f,0.75f,0f,0f,0f,1f], start_interpolation: 0, interpolation_duration: 1 }
$data merge entity $(bone_tail3) { transformation: [-1f,-1.2478849572520753e-18f,1.2245832192934885e-16f,4.579669976578771e-16f,0f,0.9999480831094247f,0.010189753961067808f,-0.5183361007843843f,-1.2246467991473532e-16f,0.010189753961067808f,-0.9999480831094247f,-3.8101963196339463f,0f,0f,0f,1f], start_interpolation: 0, interpolation_duration: 1 }
$data merge entity $(bone_tail2) { transformation: [-1.5416666666666665f,-1.9238226424302823e-18f,1.8878991297441279e-16f,-0.12499999999999976f,0f,1.5415866281270296f,0.01570920402331287f,-0.7249321550444036f,-1.8879971486855027e-16f,0.01570920402331287f,-1.5415866281270296f,-1.9372042426714753f,0f,0f,0f,1f], start_interpolation: 0, interpolation_duration: 1 }
$data merge entity $(bone_tail1) { transformation: [-1f,-2.8893417493076075e-18f,1.2243059066619865e-16f,1.1102230246251565e-16f,0f,0.9997216401613884f,0.023593265840561376f,-0.75f,-1.2246467991473532e-16f,0.023593265840561376f,-0.9997216401613884f,-0.875f,0f,0f,0f,1f], start_interpolation: 0, interpolation_duration: 1 }
data modify entity @s data merge value {"locators":{"head":{"posx":-4.36518726052044e-16,"posy":-0.17809720857264322,"posz":3.6235693582127073,"roty":0,"rotx":-7.505925925925929},"neck":{"posx":-2.7755575615628914e-16,"posy":-0.8285659533758972,"posz":2.2182480878552324,"roty":0,"rotx":13.954074074074075},"right_arm":{"posx":-0.9375000000000006,"posy":-2.661039445153867,"posz":3.2191964478337023,"roty":0,"rotx":-8.916296296296292},"left_arm":{"posx":0.9374999999999997,"posy":-2.661039445153867,"posz":3.2191964478337023,"roty":0,"rotx":-8.916296296296292},"tail1":{"posx":3.191891195797325e-16,"posy":-1.467887761528238,"posz":-2.632310865280006,"roty":0,"rotx":0.5838400000000002},"tail2":{"posx":5.284876527495292e-16,"posy":-1.8250362232624036,"posz":-4.3860411684569,"roty":0,"rotx":0.5838400000000002}},"cameras":{}}