# This file was generated by Animated Java via MC-Build. It is not recommended to edit this file directly.
$data merge entity $(bone_jaw) { transformation: [-1f,-6.064328497403059e-17f,1.0639544075841358e-16f,-4.190500473317e-16f,0f,0.8687847045571853f,0.4951900010374648f,0.35393836435750703f,-1.2246467991473532e-16f,0.4951900010374648f,-0.8687847045571853f,3.511535571828737f,0f,0f,0f,1f], start_interpolation: 0, interpolation_duration: 1 }
$data merge entity $(bone_head) { transformation: [-1.125f,1.3355047843725075e-17f,1.371239492080284e-16f,-3.885780586188048e-16f,0f,1.119702017785858f,-0.10905224145462501f,0.32970453292314594f,-1.3777276490407724e-16f,-0.10905224145462501f,-1.119702017785858f,3.2627129012096576f,0f,0f,0f,1f], start_interpolation: 0, interpolation_duration: 1 }
$data merge entity $(bone_neck) { transformation: [-1f,-3.3805805678268934e-17f,1.1770626716136102e-16f,0.4999999999999997f,0f,0.9611446111916735f,0.27604535202971053f,-0.46722476794386736f,-1.2246467991473532e-16f,0.27604535202971053f,-0.9611446111916735f,2.1884847180848555f,0f,0f,0f,1f], start_interpolation: 0, interpolation_duration: 1 }
$data merge entity $(bone_right_arm2) { transformation: [-1f,1.7235702097397563e-17f,1.2124573559440487e-16f,-0.8750000000000004f,0f,0.9900465642732329f,-0.14074018818648554f,-1.7845408955887394f,-1.2246467991473532e-16f,-0.14074018818648554f,-0.9900465642732329f,2.551386437931333f,0f,0f,0f,1f], start_interpolation: 0, interpolation_duration: 1 }
$data merge entity $(bone_right_arm1) { transformation: [-1.1354166666666665f,1.9569703423086813e-17f,1.3766442895614717e-16f,-0.5625000000000003f,0f,1.1241153698518997f,-0.15979875533673876f,-0.58186365935833f,-1.3904843865318904e-16f,-0.15979875533673876f,-1.1241153698518997f,1.6860079279987232f,0f,0f,0f,1f], start_interpolation: 0, interpolation_duration: 1 }
$data merge entity $(bone_left_arm2) { transformation: [-1f,1.7235702097397563e-17f,1.2124573559440487e-16f,0.8749999999999997f,0f,0.9900465642732329f,-0.14074018818648554f,-1.7845408955887394f,-1.2246467991473532e-16f,-0.14074018818648554f,-0.9900465642732329f,2.551386437931333f,0f,0f,0f,1f], start_interpolation: 0, interpolation_duration: 1 }
$data merge entity $(bone_left_arm1) { transformation: [-1.1354166666666665f,1.9569703423086813e-17f,1.3766442895614717e-16f,0.5624999999999998f,0f,1.1241153698518997f,-0.15979875533673876f,-0.58186365935833f,-1.3904843865318904e-16f,-0.15979875533673876f,-1.1241153698518997f,1.6860079279987232f,0f,0f,0f,1f], start_interpolation: 0, interpolation_duration: 1 }
$data merge entity $(bone_body2) { transformation: [-1.5833333333333335f,-4.0077323580542324e-18f,1.938609879083456e-16f,0.4999999999999999f,0f,1.5829950973890528f,0.03272561820146488f,-0.5f,-1.9390240986499761e-16f,0.03272561820146488f,-1.5829950973890528f,0.75f,0f,0f,0f,1f], start_interpolation: 0, interpolation_duration: 1 }
$data merge entity $(bone_tail3) { transformation: [-1f,-3.8407664024862324e-18f,1.2240443758320248e-16f,4.579669976578771e-16f,0f,0.9995080840322713f,0.03136223770935688f,-0.47001284059232573f,-1.2246467991473532e-16f,0.03136223770935688f,-0.9995080840322713f,-3.805160272188309f,0f,0f,0f,1f], start_interpolation: 0, interpolation_duration: 1 }
$data merge entity $(bone_tail2) { transformation: [-1.5416666666666665f,-5.921181537166274e-18f,1.887068412741038e-16f,-0.12499999999999976f,0f,1.5409082962164182f,0.04835011646859185f,-0.7162248020534208f,-1.8879971486855027e-16f,0.04835011646859185f,-1.5409082962164182f,-1.9369630341983046f,0f,0f,0f,1f], start_interpolation: 0, interpolation_duration: 1 }
$data merge entity $(bone_tail1) { transformation: [-1f,-3.892958875844377e-18f,1.22402788766472e-16f,1.1102230246251565e-16f,0f,0.9994946204219337f,0.03178842159678045f,-0.75f,-1.2246467991473532e-16f,0.03178842159678045f,-0.9994946204219337f,-0.875f,0f,0f,0f,1f], start_interpolation: 0, interpolation_duration: 1 }
data modify entity @s data merge value {"locators":{"head":{"posx":-4.340875155342155e-16,"posy":-0.2620598543316016,"posz":3.63432581806941,"roty":0,"rotx":-5.562720000000002},"neck":{"posx":-2.7755575615628914e-16,"posy":-0.8621596661444588,"posz":2.205110787472673,"roty":0,"rotx":16.024320000000003},"right_arm":{"posx":-0.9375000000000006,"posy":-2.7042173657687294,"posz":3.187149908254435,"roty":0,"rotx":-8.090679999999997},"left_arm":{"posx":0.9374999999999996,"posy":-2.7042173657687294,"posz":3.187149908254435,"roty":0,"rotx":-8.090679999999997},"tail1":{"posx":3.191891195797325e-16,"posy":-1.4442943266524413,"posz":-2.6476465202525086,"roty":0,"rotx":1.7972185600000032},"tail2":{"posx":5.318604997016917e-16,"posy":-1.7642259421731685,"posz":-4.4085465064499925,"roty":0,"rotx":1.7972185600000032}},"cameras":{}}