# This file was generated by Animated Java via MC-Build. It is not recommended to edit this file directly.
$data merge entity $(bone_jaw) { transformation: [-1f,-6.729277431970519e-17f,1.0231950132294331e-16f,-4.191314807082749e-16f,0f,0.8355021333022887f,0.5494872020778322f,0.2755412177469152f,-1.2246467991473532e-16f,0.5494872020778322f,-0.8355021333022887f,3.539889266523131f,0f,0f,0f,1f], start_interpolation: 0, interpolation_duration: 1 }
$data merge entity $(bone_head) { transformation: [-1.125f,8.816168182571088e-18f,1.3749039940261557e-16f,-3.885780586188048e-16f,0f,1.1226943107052723f,-0.07198947638379685f,0.2595435563282937f,-1.3777276490407724e-16f,-0.07198947638379685f,-1.1226943107052723f,3.2904016419219597f,0f,0f,0f,1f], start_interpolation: 0, interpolation_duration: 1 }
$data merge entity $(bone_neck) { transformation: [-1f,-3.791728623017848e-17f,1.1644688588174994e-16f,0.4999999999999997f,0f,0.9508609826345424f,0.3096181385243319f,-0.4991815001698879f,-1.2246467991473532e-16f,0.3096181385243319f,-0.9508609826345424f,2.1888578213492913f,0f,0f,0f,1f], start_interpolation: 0, interpolation_duration: 1 }
$data merge entity $(bone_right_arm2) { transformation: [-1f,1.551868726684437e-17f,1.2147743894292658e-16f,-0.8750000000000004f,0f,0.9919385656950552f,-0.12671969810111033f,-1.817431713274991f,-1.2246467991473532e-16f,-0.12671969810111033f,-0.9919385656950552f,2.532236223404568f,0f,0f,0f,1f], start_interpolation: 0, interpolation_duration: 1 }
$data merge entity $(bone_right_arm1) { transformation: [-1.1354166666666665f,1.7620176167562876e-17f,1.379275087997812e-16f,-0.5625000000000003f,0f,1.126263579799594f,-0.143879657218969f,-0.6026321382447444f,-1.3904843865318904e-16f,-0.143879657218969f,-1.126263579799594f,1.68395885573151f,0f,0f,0f,1f], start_interpolation: 0, interpolation_duration: 1 }
$data merge entity $(bone_left_arm2) { transformation: [-1f,1.551868726684437e-17f,1.2147743894292658e-16f,0.8749999999999997f,0f,0.9919385656950552f,-0.12671969810111033f,-1.817431713274991f,-1.2246467991473532e-16f,-0.12671969810111033f,-0.9919385656950552f,2.532236223404568f,0f,0f,0f,1f], start_interpolation: 0, interpolation_duration: 1 }
$data merge entity $(bone_left_arm1) { transformation: [-1.1354166666666665f,1.7620176167562876e-17f,1.379275087997812e-16f,0.5624999999999998f,0f,1.126263579799594f,-0.143879657218969f,-0.6026321382447444f,-1.3904843865318904e-16f,-0.143879657218969f,-1.126263579799594f,1.6839588557315102f,0f,0f,0f,1f], start_interpolation: 0, interpolation_duration: 1 }
$data merge entity $(bone_body2) { transformation: [-1.5833333333333335f,-8.312383092935023e-18f,1.937241565700308e-16f,0.4999999999999999f,0f,1.5818777847205343f,0.06787575894308814f,-0.5f,-1.9390240986499761e-16f,0.06787575894308814f,-1.5818777847205343f,0.75f,0f,0f,0f,1f], start_interpolation: 0, interpolation_duration: 1 }
$data merge entity $(bone_tail3) { transformation: [-1f,-6.368613315324814e-18f,1.2229897215863444e-16f,4.579669976578771e-16f,0f,0.9986468934862178f,0.05200367420025831f,-0.4229850121477837f,-1.2246467991473532e-16f,0.05200367420025831f,-0.9986468934862178f,-3.799371404721879f,0f,0f,0f,1f], start_interpolation: 0, interpolation_duration: 1 }
$data merge entity $(bone_tail2) { transformation: [-1.5416666666666665f,-9.818278861125753e-18f,1.8854424874456142e-16f,-0.12499999999999976f,0f,1.539580627457919f,0.08017233105873155f,-0.7077381938019339f,-1.8879971486855027e-16f,0.08017233105873155f,-1.539580627457919f,-1.9366591683477692f,0f,0f,0f,1f], start_interpolation: 0, interpolation_duration: 1 }
$data merge entity $(bone_tail1) { transformation: [-1f,-4.8711327705079916e-18f,1.2236776492259168e-16f,1.1102230246251565e-16f,0f,0.9992086290331946f,0.03977581759817985f,-0.75f,-1.2246467991473532e-16f,0.03977581759817985f,-0.9992086290331946f,-0.875f,0f,0f,0f,1f], start_interpolation: 0, interpolation_duration: 1 }
data modify entity @s data merge value {"locators":{"head":{"posx":-4.3166770744318194e-16,"posy":-0.34417842840135854,"posz":3.642255326219978,"roty":0,"rotx":-3.6689007407407295},"neck":{"posx":-2.7755575615628914e-16,"posy":-0.8944566359733828,"posz":2.1916086422319845,"roty":0,"rotx":18.03621925925927},"right_arm":{"posx":-0.9375000000000006,"posy":-2.746010429919491,"posz":3.154925204353206,"roty":0,"rotx":-7.280077037037033},"left_arm":{"posx":0.9374999999999996,"posy":-2.746010429919491,"posz":3.154925204353206,"roty":0,"rotx":-7.280077037037033},"tail1":{"posx":3.191891195797325e-16,"posy":-1.4209708379039196,"posz":-2.6622316632697376,"roty":0,"rotx":2.9809356800000035},"tail2":{"posx":5.351189744734727e-16,"posy":-1.7044569931107993,"posz":-4.429365104695716,"roty":0,"rotx":2.9809356800000035}},"cameras":{}}