# This file was generated by Animated Java via MC-Build. It is not recommended to edit this file directly.
$data merge entity $(bone_jaw) { transformation: [-1f,-8.629295085291908e-17f,8.689720628256279e-17f,-4.1916944791003143e-16f,0f,0.7095695374622626f,0.7046354174362729f,0.022262638507224722f,-1.2246467991473532e-16f,0.7046354174362729f,-0.7095695374622626f,3.613732221070257f,0f,0f,0f,1f], start_interpolation: 0, interpolation_duration: 1 }
$data merge entity $(bone_head) { transformation: [-1.125f,-5.542066336195688e-18f,1.3766125181051982e-16f,-3.885780586188048e-16f,0f,1.124089426489049f,0.04525440592384913f,0.03231917315696897f,-1.3777276490407724e-16f,0.04525440592384913f,-1.124089426489049f,3.363934570739357f,0f,0f,0f,1f], start_interpolation: 0, interpolation_duration: 1 }
$data merge entity $(bone_neck) { transformation: [-1f,-5.054016528094623e-17f,1.1154949358913834e-16f,0.4999999999999997f,0f,0.9108707397659753f,0.4126917680765937f,-0.6001689262821475f,-1.2246467991473532e-16f,0.4126917680765937f,-0.9108707397659753f,2.1853670910981213f,0f,0f,0f,1f], start_interpolation: 0, interpolation_duration: 1 }
$data merge entity $(bone_right_arm2) { transformation: [-1f,1.0037283940387747e-17f,1.220526556766325e-16f,-0.8750000000000004f,0f,0.9966355667741124f,-0.08196064324322812f,-1.9196646544495812f,-1.2246467991473532e-16f,-0.08196064324322812f,-0.9966355667741124f,2.4672128627139993f,0f,0f,0f,1f], start_interpolation: 0, interpolation_duration: 1 }
$data merge entity $(bone_right_arm1) { transformation: [-1.1354166666666665f,1.139649947398192e-17f,1.3858061946617646e-16f,-0.5625000000000003f,0f,1.1315966331081067f,-0.09305948034908192f,-0.667928415288278f,-1.3904843865318904e-16f,-0.09305948034908192f,-1.1315966331081067f,1.6744525663000602f,0f,0f,0f,1f], start_interpolation: 0, interpolation_duration: 1 }
$data merge entity $(bone_left_arm2) { transformation: [-1f,1.0037283940387747e-17f,1.220526556766325e-16f,0.8749999999999997f,0f,0.9966355667741124f,-0.08196064324322812f,-1.9196646544495812f,-1.2246467991473532e-16f,-0.08196064324322812f,-0.9966355667741124f,2.4672128627139998f,0f,0f,0f,1f], start_interpolation: 0, interpolation_duration: 1 }
$data merge entity $(bone_left_arm1) { transformation: [-1.1354166666666665f,1.139649947398192e-17f,1.3858061946617646e-16f,0.5624999999999998f,0f,1.1315966331081067f,-0.09305948034908192f,-0.667928415288278f,-1.3904843865318904e-16f,-0.09305948034908192f,-1.1315966331081067f,1.6744525663000605f,0f,0f,0f,1f], start_interpolation: 0, interpolation_duration: 1 }
$data merge entity $(bone_body2) { transformation: [-1.5833333333333335f,-2.1888303414275738e-17f,1.9266303933317916e-16f,0.4999999999999999f,0f,1.5732131049321212f,0.17873156104695026f,-0.5f,-1.9390240986499761e-16f,0.17873156104695026f,-1.5732131049321212f,0.75f,0f,0f,0f,1f], start_interpolation: 0, interpolation_duration: 1 }
$data merge entity $(bone_tail3) { transformation: [-1f,-1.4338961734564237e-17f,1.2162233348769985e-16f,4.579669976578771e-16f,0f,0.9931217194408875f,0.11708650808173901f,-0.2751849783031822f,-1.2246467991473532e-16f,0.11708650808173901f,-0.9931217194408875f,-3.775402271146402f,0f,0f,0f,1f], start_interpolation: 0, interpolation_duration: 1 }
$data merge entity $(bone_tail2) { transformation: [-1.5416666666666665f,-2.210589934078653e-17f,1.875010974602039e-16f,-0.12499999999999976f,0f,1.5310626508047014f,0.1805083666260143f,-0.6809325033516093f,-1.8879971486855027e-16f,0.1805083666260143f,-1.5310626508047014f,-1.9352527674600641f,0f,0f,0f,1f], start_interpolation: 0, interpolation_duration: 1 }
$data merge entity $(bone_tail1) { transformation: [-1f,-7.960780112524453e-18f,1.2220566192537322e-16f,1.1102230246251565e-16f,0f,0.997884957609472f,0.0650047027278972f,-0.75f,-1.2246467991473532e-16f,0.0650047027278972f,-0.997884957609472f,-0.875f,0f,0f,0f,1f], start_interpolation: 0, interpolation_duration: 1 }
data modify entity @s data merge value {"locators":{"head":{"posx":-4.2373836949050714e-16,"posy":-0.6047456209824609,"posz":3.6510402970286213,"roty":0,"rotx":2.3054099999999895},"neck":{"posx":-2.7755575615628914e-16,"posy":-0.9933319247039625,"posz":2.1444665205401456,"roty":0,"rotx":24.374039999999994},"right_arm":{"posx":-0.9375000000000006,"posy":-2.8753198996020797,"posz":3.0474912893442836,"roty":0,"rotx":-4.701272500000007},"left_arm":{"posx":0.9374999999999996,"posy":-2.8753198996020797,"posz":3.047491289344284,"roty":0,"rotx":-4.701272500000007},"tail1":{"posx":3.191891195797325e-16,"posy":-1.345276818626079,"posz":-2.7058388306369787,"roty":0,"rotx":6.723986319999998},"tail2":{"posx":5.451994475213238e-16,"posy":-1.5127960742733686,"posz":-4.487709280189184,"roty":0,"rotx":6.723986319999998}},"cameras":{}}