# This file was generated by Animated Java via MC-Build. It is not recommended to edit this file directly.
$data merge entity $(bone_jaw) { transformation: [-1f,3.662193490509052e-17f,1.1686073639347773e-16f,-4.17266585914259e-16f,0f,0.9542403285162768f,-0.2990407922560867f,1.1130074482732675f,-1.2246467991473532e-16f,-0.2990407922560867f,-0.9542403285162768f,3.000621122479906f,0f,0f,0f,1f], start_interpolation: 0, interpolation_duration: 1 }
$data merge entity $(bone_head) { transformation: [-1.125f,4.811387411213274e-17f,1.2909837282954414e-16f,-3.885780586188048e-16f,0f,1.0541682133936694f,-0.392879597167375f,1.025700871124962f,-1.3777276490407724e-16f,-0.392879597167375f,-1.0541682133936694f,2.766361519503535f,0f,0f,0f,1f], start_interpolation: 0, interpolation_duration: 1 }
$data merge entity $(bone_neck) { transformation: [-1f,2.101312926426869e-17f,1.2064844062457548e-16f,0.4999999999999997f,0f,0.9851692807148609f,-0.171585221787203f,-0.16045448233667997f,-1.2246467991473532e-16f,-0.171585221787203f,-0.9851692807148609f,2.148220777071614f,0f,0f,0f,1f], start_interpolation: 0, interpolation_duration: 1 }
$data merge entity $(bone_right_arm2) { transformation: [-1f,2.5378204296263185e-17f,1.1980627935678374e-16f,-0.8750000000000004f,0f,0.9782925120957123f,-0.20722876435828255f,-1.5214046776718297f,-1.2246467991473532e-16f,-0.20722876435828255f,-0.9782925120957123f,2.6264330571423526f,0f,0f,0f,1f], start_interpolation: 0, interpolation_duration: 1 }
$data merge entity $(bone_right_arm1) { transformation: [-1.1354166666666665f,2.881483612804882e-17f,1.3603004635301486e-16f,-0.5625000000000003f,0f,1.1107696231086732f,-0.23529099286513327f,-0.37986553104252685f,-1.3904843865318904e-16f,-0.23529099286513327f,-1.1107696231086732f,1.6818692018563044f,0f,0f,0f,1f], start_interpolation: 0, interpolation_duration: 1 }
$data merge entity $(bone_left_arm2) { transformation: [-1f,2.5378204296263185e-17f,1.1980627935678374e-16f,0.8749999999999997f,0f,0.9782925120957123f,-0.20722876435828255f,-1.5214046776718297f,-1.2246467991473532e-16f,-0.20722876435828255f,-0.9782925120957123f,2.6264330571423526f,0f,0f,0f,1f], start_interpolation: 0, interpolation_duration: 1 }
$data merge entity $(bone_left_arm1) { transformation: [-1.1354166666666665f,2.881483612804882e-17f,1.3603004635301486e-16f,0.5624999999999998f,0f,1.1107696231086732f,-0.23529099286513327f,-0.37986553104252685f,-1.3904843865318904e-16f,-0.23529099286513327f,-1.1107696231086732f,1.6818692018563044f,0f,0f,0f,1f], start_interpolation: 0, interpolation_duration: 1 }
$data merge entity $(bone_body2) { transformation: [-1.5833333333333335f,3.752970828315017e-17f,1.9023581562795995e-16f,0.4999999999999999f,0f,1.5533933192852791f,-0.30645332441386214f,-0.5f,-1.9390240986499761e-16f,-0.30645332441386214f,-1.5533933192852791f,0.75f,0f,0f,0f,1f], start_interpolation: 0, interpolation_duration: 1 }
$data merge entity $(bone_tail3) { transformation: [-1f,2.1275535346651558e-17f,1.2060244368308611e-16f,4.579669976578771e-16f,0f,0.9847936871843722f,-0.1737279300567675f,-0.9515552340555286f,-1.2246467991473532e-16f,-0.1737279300567675f,-0.9847936871843722f,-3.8148403235621977f,0f,0f,0f,1f], start_interpolation: 0, interpolation_duration: 1 }
$data merge entity $(bone_tail2) { transformation: [-1.5416666666666665f,3.279978365942115e-17f,1.8592876734475774e-16f,-0.12499999999999976f,0f,1.518223601075907f,-0.26783055883751655f,-0.8104641815461593f,-1.8879971486855027e-16f,-0.26783055883751655f,-1.518223601075907f,-1.935778173205856f,0f,0f,0f,1f], start_interpolation: 0, interpolation_duration: 1 }
$data merge entity $(bone_tail1) { transformation: [-1f,6.969154484100557e-18f,1.222662206514756e-16f,1.1102230246251565e-16f,0f,0.9983794571349234f,-0.0569074649846205f,-0.75f,-1.2246467991473532e-16f,-0.0569074649846205f,-0.9983794571349234f,-0.875f,0f,0f,0f,1f], start_interpolation: 0, interpolation_duration: 1 }
data modify entity @s data merge value {"locators":{"head":{"posx":-4.511686478004186e-16,"posy":0.5491850851194164,"posz":3.277452466094763,"roty":0,"rotx":-20.440000000000005},"neck":{"posx":-2.7755575615628914e-16,"posy":-0.5084448098813523,"posz":2.3357113953311726,"roty":0,"rotx":-9.879999999999999},"right_arm":{"posx":-0.9375000000000006,"posy":-2.396082807588401,"posz":3.3228080775484914,"roty":0,"rotx":-11.96},"left_arm":{"posx":0.9374999999999996,"posy":-2.396082807588401,"posz":3.3228080775484914,"roty":0,"rotx":-11.96},"tail1":{"posx":2.914335439641036e-16,"posy":-1.6684973988484662,"posz":-2.4825278856025363,"roty":0,"rotx":-10.004639999999998},"tail2":{"posx":4.978817320871329e-16,"posy":-2.341818909141949,"posz":-4.1407688644039,"roty":0,"rotx":-10.004639999999998}},"cameras":{}}