# This file was generated by Animated Java via MC-Build. It is not recommended to edit this file directly.
$data merge entity $(bone_jaw) { transformation: [-1f,-1.0275351724518489e-16f,6.662816611885748e-17f,-5.29887200011619e-16f,0f,0.5440602642757618f,0.8390461422569013f,-0.24780238322668036f,-1.2246467991473532e-16f,0.8390461422569013f,-0.5440602642757618f,3.665975996416044f,0f,0f,0f,1f], start_interpolation: 0, interpolation_duration: 1 }
$data merge entity $(bone_head) { transformation: [-1.125f,-2.0153395456342355e-17f,1.3629077518634344e-16f,-4.996003610813204e-16f,0f,1.1128986356003576f,0.1645649624885635f,-0.21123239156255513f,-1.3777276490407724e-16f,0.1645649624885635f,-1.1128986356003576f,3.4186651885048533f,0f,0f,0f,1f], start_interpolation: 0, interpolation_duration: 1 }
$data merge entity $(bone_neck) { transformation: [-1f,-6.316727164037331e-17f,1.0491660316713396e-16f,0.4999999999999997f,0f,0.85670907922334f,0.5157999162236233f,-0.7023983563056599f,-1.2246467991473532e-16f,0.5157999162236233f,-0.85670907922334f,2.17455165064829f,0f,0f,0f,1f], start_interpolation: 0, interpolation_duration: 1 }
$data merge entity $(bone_right_arm2) { transformation: [-1f,4.714165979167321e-18f,1.223739125211719e-16f,-0.8750000000000004f,0f,0.9992588279851251f,-0.03849408647823607f,-2.018568182547976f,-1.2246467991473532e-16f,-0.03849408647823607f,-0.9992588279851251f,2.397617008748867f,0f,0f,0f,1f], start_interpolation: 0, interpolation_duration: 1 }
$data merge entity $(bone_right_arm1) { transformation: [-1.1354166666666665f,5.352542622179562e-18f,1.3894537984174724e-16f,-0.5625000000000003f,0f,1.1345751276081106f,-0.043706827355497205f,-0.7335056552712869f,-1.3904843865318904e-16f,-0.043706827355497205f,-1.1345751276081106f,1.6601030760064086f,0f,0f,0f,1f], start_interpolation: 0, interpolation_duration: 1 }
$data merge entity $(bone_left_arm2) { transformation: [-1f,4.714165979167321e-18f,1.223739125211719e-16f,0.8749999999999997f,0f,0.9992588279851251f,-0.03849408647823607f,-2.018568182547976f,-1.2246467991473532e-16f,-0.03849408647823607f,-0.9992588279851251f,2.397617008748867f,0f,0f,0f,1f], start_interpolation: 0, interpolation_duration: 1 }
$data merge entity $(bone_left_arm1) { transformation: [-1.1354166666666665f,5.352542622179562e-18f,1.3894537984174724e-16f,0.5624999999999998f,0f,1.1345751276081106f,-0.043706827355497205f,-0.7335056552712869f,-1.3904843865318904e-16f,-0.043706827355497205f,-1.1345751276081106f,1.6601030760064086f,0f,0f,0f,1f], start_interpolation: 0, interpolation_duration: 1 }
$data merge entity $(bone_body2) { transformation: [-1.5833333333333335f,-3.558856350087992e-17f,1.9060849587412768e-16f,0.4999999999999999f,0f,1.5564364844364658f,0.2906026743846313f,-0.5f,-1.9390240986499761e-16f,0.2906026743846313f,-1.5564364844364658f,0.75f,0f,0f,0f,1f], start_interpolation: 0, interpolation_duration: 1 }
$data merge entity $(bone_tail3) { transformation: [-1f,-2.2398288504765015e-17f,1.2039898047191218e-16f,4.579669976578771e-16f,0f,0.9831322839837464f,0.18289590533662092f,-0.12619871441019648f,-1.2246467991473532e-16f,0.18289590533662092f,-0.9831322839837464f,-3.742185624339291f,0f,0f,0f,1f], start_interpolation: 0, interpolation_duration: 1 }
$data merge entity $(bone_tail2) { transformation: [-1.5416666666666665f,-3.4530694778179396e-17f,1.8561509489419792e-16f,-0.12499999999999976f,0f,1.515662271141609f,0.28196452072729056f,-0.6534658401633132f,-1.8879971486855027e-16f,0.28196452072729056f,-1.515662271141609f,-1.9331055741203829f,0f,0f,0f,1f], start_interpolation: 0, interpolation_duration: 1 }
$data merge entity $(bone_tail1) { transformation: [-1f,-1.1126611750811991e-17f,1.2195817454178817e-16f,1.1102230246251565e-16f,0f,0.9958640697603603f,0.0908556798462934f,-0.75f,-1.2246467991473532e-16f,0.0908556798462934f,-0.9958640697603603f,-0.875f,0f,0f,0f,1f], start_interpolation: 0, interpolation_duration: 1 }
data modify entity @s data merge value {"locators":{"head":{"posx":-5.262625789351145e-16,"posy":-0.8752219009206881,"posz":3.6363787192335284,"roty":0,"rotx":8.411406249999997},"neck":{"posx":-2.7755575615628914e-16,"posy":-1.0881392505423655,"posz":2.0882153169673487,"roty":0,"rotx":31.0509375},"right_arm":{"posx":-0.9375000000000004,"posy":-2.998579967293983,"posz":2.9357405092196656,"roty":0,"rotx":-2.2060937500000017},"left_arm":{"posx":0.9374999999999996,"posy":-2.998579967293983,"posz":2.9357405092196656,"roty":0,"rotx":-2.2060937500000017},"tail1":{"posx":3.469446951953614e-16,"posy":-1.2650741182321963,"posz":-2.7461809483616744,"roty":0,"rotx":10.538483749999997},"tail2":{"posx":5.550891778358318e-16,"posy":-1.313680890387014,"posz":-4.535248409834463,"roty":0,"rotx":10.538483749999997}},"cameras":{}}