# This file was generated by Animated Java via MC-Build. It is not recommended to edit this file directly.
$data merge entity $(bone_jaw) { transformation: [-1f,-1.0760365215324657e-16f,5.847265916564506e-17f,-5.29734551786518e-16f,0f,0.47746549622598133f,0.8786504992963229f,-0.3353357960864525f,-1.2246467991473532e-16f,0.8786504992963229f,-0.47746549622598133f,3.679021739763866f,0f,0f,0f,1f], start_interpolation: 0, interpolation_duration: 1 }
$data merge entity $(bone_head) { transformation: [-1.125f,-2.435012110453433e-17f,1.356038581733892e-16f,-4.996003610813204e-16f,0f,1.1072895325231884f,0.19883382801872201f,-0.29115050097118095f,-1.3777276490407724e-16f,0.19883382801872201f,-1.1072895325231884f,3.4329573992031572f,0f,0f,0f,1f], start_interpolation: 0, interpolation_duration: 1 }
$data merge entity $(bone_neck) { transformation: [-1f,-6.734305466134104e-17f,1.0228641559610057e-16f,0.4999999999999997f,0f,0.8352319678401672f,0.5498977722248398f,-0.7317925268686762f,-1.2246467991473532e-16f,0.5498977722248398f,-0.8352319678401672f,2.1700650423441292f,0f,0f,0f,1f], start_interpolation: 0, interpolation_duration: 1 }
$data merge entity $(bone_right_arm2) { transformation: [-1f,3.2912179852732152e-18f,1.2242044645724827e-16f,-0.8750000000000004f,0f,0.9996388064091798f,-0.026874834340519155f,-2.0458119392404917f,-1.2246467991473532e-16f,-0.026874834340519155f,-0.9996388064091798f,2.3776084061676213f,0f,0f,0f,1f], start_interpolation: 0, interpolation_duration: 1 }
$data merge entity $(bone_right_arm1) { transformation: [-1.1354166666666665f,3.736903754112296e-18f,1.3899821524833397e-16f,-0.5625000000000003f,0f,1.1350065614437561f,-0.03051413482413112f,-0.75226245443755f,-1.3904843865318904e-16f,-0.03051413482413112f,-1.1350065614437561f,1.6550835066893788f,0f,0f,0f,1f], start_interpolation: 0, interpolation_duration: 1 }
$data merge entity $(bone_left_arm2) { transformation: [-1f,3.2912179852732152e-18f,1.2242044645724827e-16f,0.8749999999999997f,0f,0.9996388064091798f,-0.026874834340519155f,-2.0458119392404917f,-1.2246467991473532e-16f,-0.026874834340519155f,-0.9996388064091798f,2.3776084061676213f,0f,0f,0f,1f], start_interpolation: 0, interpolation_duration: 1 }
$data merge entity $(bone_left_arm1) { transformation: [-1.1354166666666665f,3.736903754112296e-18f,1.3899821524833397e-16f,0.5624999999999998f,0f,1.1350065614437561f,-0.03051413482413112f,-0.75226245443755f,-1.3904843865318904e-16f,-0.03051413482413112f,-1.1350065614437561f,1.6550835066893788f,0f,0f,0f,1f], start_interpolation: 0, interpolation_duration: 1 }
$data merge entity $(bone_body2) { transformation: [-1.5833333333333335f,-3.95197588978668e-17f,1.8983238187439993e-16f,0.4999999999999999f,0f,1.5500990326890056f,0.32270332087081754f,-0.5f,-1.9390240986499761e-16f,0.32270332087081754f,-1.5500990326890056f,0.75f,0f,0f,0f,1f], start_interpolation: 0, interpolation_duration: 1 }
$data merge entity $(bone_tail3) { transformation: [-1f,-2.473749270542514e-17f,1.199402112774011e-16f,4.579669976578771e-16f,0f,0.9793861492220298f,0.20199695718511124f,-0.08270473037984216f,-1.2246467991473532e-16f,0.20199695718511124f,-0.9793861492220298f,-3.73078196710186f,0f,0f,0f,1f], start_interpolation: 0, interpolation_duration: 1 }
$data merge entity $(bone_tail2) { transformation: [-1.5416666666666665f,-3.813696792086375e-17f,1.849078257193267e-16f,-0.12499999999999976f,0f,1.5098869800506292f,0.3114119756603798f,-0.6450839280810564f,-1.8879971486855027e-16f,0.3114119756603798f,-1.5098869800506292f,-1.9323073667827624f,0f,0f,0f,1f], start_interpolation: 0, interpolation_duration: 1 }
$data merge entity $(bone_tail1) { transformation: [-1f,-1.2092718273378614e-17f,1.218661724654519e-16f,1.1102230246251565e-16f,0f,0.9951128157955411f,0.09874453827665279f,-0.75f,-1.2246467991473532e-16f,0.09874453827665279f,-0.9951128157955411f,-0.875f,0f,0f,0f,1f], start_interpolation: 0, interpolation_duration: 1 }
data modify entity @s data merge value {"locators":{"head":{"posx":-5.237402544047428e-16,"posy":-0.9615429712670418,"posz":3.630074587115864,"roty":0,"rotx":10.180000000000005},"neck":{"posx":-2.7755575615628914e-16,"posy":-1.1137417363368438,"posz":2.068257373739835,"roty":0,"rotx":33.360000000000014},"right_arm":{"posx":-0.9375000000000004,"posy":-3.0320133284794117,"posz":2.90430264371273,"roty":0,"rotx":-1.539999999999996},"left_arm":{"posx":0.9374999999999996,"posy":-3.0320133284794117,"posz":2.90430264371273,"roty":0,"rotx":-1.539999999999996},"tail1":{"posx":3.469446951953614e-16,"posy":-1.2407506319328148,"posz":-2.757133062261741,"roty":0,"rotx":11.653760000000002},"tail2":{"posx":5.579013256772857e-16,"posy":-1.2545257628171314,"posz":-4.54680768234471,"roty":0,"rotx":11.653760000000002}},"cameras":{}}