# This file was generated by Animated Java via MC-Build. It is not recommended to edit this file directly.
$data merge entity $(bone_jaw) { transformation: [-1f,-1.0927528015359385e-16f,5.528572124854794e-17f,-5.296865551722123e-16f,0f,0.45144217326203784f,0.8923003777879105f,-0.366912664681526f,-1.2246467991473532e-16f,0.8923003777879105f,-0.45144217326203784f,3.68371905128478f,0f,0f,0f,1f], start_interpolation: 0, interpolation_duration: 1 }
$data merge entity $(bone_head) { transformation: [-1.125f,-2.552368474768265e-17f,1.353878734090134e-16f,-4.996003610813204e-16f,0f,1.1055258830813566f,0.20841670239495372f,-0.32059784192709184f,-1.3777276490407724e-16f,0.20841670239495372f,-1.1055258830813566f,3.4380466328222563f,0f,0f,0f,1f], start_interpolation: 0, interpolation_duration: 1 }
$data merge entity $(bone_neck) { transformation: [-1f,-6.892814216587851e-17f,1.0122504158645237e-16f,0.4999999999999997f,0f,0.8265651913427545f,0.5628409939410202f,-0.7415150501516897f,-1.2246467991473532e-16f,0.5628409939410202f,-0.8265651913427545f,2.1684438587939345f,0f,0f,0f,1f], start_interpolation: 0, interpolation_duration: 1 }
$data merge entity $(bone_right_arm2) { transformation: [-1f,2.7062774828027e-18f,1.2243477401786083e-16f,-0.8750000000000004f,0f,0.9997557998200355f,-0.022098432663906986f,-2.0554435013853807f,-1.2246467991473532e-16f,-0.022098432663906986f,-0.9997557998200355f,2.3696704854728394f,0f,0f,0f,1f], start_interpolation: 0, interpolation_duration: 1 }
$data merge entity $(bone_right_arm1) { transformation: [-1.1354166666666665f,3.0727525585988984e-18f,1.3901448299944613e-16f,-0.5625000000000003f,0f,1.1351393977123319f,-0.025090928753811054f,-0.7584566865780202f,-1.3904843865318904e-16f,-0.025090928753811054f,-1.1351393977123319f,1.653334180225187f,0f,0f,0f,1f], start_interpolation: 0, interpolation_duration: 1 }
$data merge entity $(bone_left_arm2) { transformation: [-1f,2.7062774828027e-18f,1.2243477401786083e-16f,0.8749999999999997f,0f,0.9997557998200355f,-0.022098432663906986f,-2.0554435013853807f,-1.2246467991473532e-16f,-0.022098432663906986f,-0.9997557998200355f,2.36967048547284f,0f,0f,0f,1f], start_interpolation: 0, interpolation_duration: 1 }
$data merge entity $(bone_left_arm1) { transformation: [-1.1354166666666665f,3.0727525585988984e-18f,1.3901448299944613e-16f,0.5624999999999998f,0f,1.1351393977123319f,-0.025090928753811054f,-0.7584566865780202f,-1.3904843865318904e-16f,-0.025090928753811054f,-1.1351393977123319f,1.6533341802251873f,0f,0f,0f,1f], start_interpolation: 0, interpolation_duration: 1 }
$data merge entity $(bone_body2) { transformation: [-1.5833333333333335f,-4.0819252470012176e-17f,1.8955720292102572e-16f,0.4999999999999999f,0f,1.5478520260127477f,0.33331449115314005f,-0.5f,-1.9390240986499761e-16f,0.33331449115314005f,-1.5478520260127477f,0.75f,0f,0f,0f,1f], start_interpolation: 0, interpolation_duration: 1 }
$data merge entity $(bone_tail3) { transformation: [-1f,-2.5525580632551062e-17f,1.1977496633265947e-16f,4.579669976578771e-16f,0f,0.9780368218497894f,0.2084321834697397f,-0.06785439513570701f,-1.2246467991473532e-16f,0.2084321834697397f,-0.9780368218497894f,-3.7267395783565256f,0f,0f,0f,1f], start_interpolation: 0, interpolation_duration: 1 }
$data merge entity $(bone_tail2) { transformation: [-1.5416666666666665f,-3.935193680851622e-17f,1.8465307309618335e-16f,-0.12499999999999976f,0f,1.5078067670184252f,0.3213329495158487f,-0.6420466432383045f,-1.8879971486855027e-16f,0.3213329495158487f,-1.5078067670184252f,-1.932001571788747f,0f,0f,0f,1f], start_interpolation: 0, interpolation_duration: 1 }
$data merge entity $(bone_tail1) { transformation: [-1f,-1.2442798382628017e-17f,1.218309262668057e-16f,1.1102230246251565e-16f,0f,0.9948250087423502f,0.10160315930512519f,-0.75f,-1.2246467991473532e-16f,0.10160315930512519f,-0.9948250087423502f,-0.875f,0f,0f,0f,1f], start_interpolation: 0, interpolation_duration: 1 }
data modify entity @s data merge value {"locators":{"head":{"posx":-5.230282788351115e-16,"posy":-0.9926724165264438,"posz":3.6293500990143257,"roty":0,"rotx":10.676249999999996},"neck":{"posx":-2.7755575615628914e-16,"posy":-1.1218321211478501,"posz":2.060699134983896,"roty":0,"rotx":34.2525},"right_arm":{"posx":-0.9375000000000004,"posy":-3.0441500848734626,"posz":2.8916468180467643,"roty":0,"rotx":-1.2662499999999954},"left_arm":{"posx":0.9374999999999996,"posy":-3.0441500848734626,"posz":2.8916468180467647,"roty":0,"rotx":-1.2662499999999954},"tail1":{"posx":3.469446951953614e-16,"posy":-1.2322771334902005,"posz":-2.760726024412782,"roty":0,"rotx":12.030490000000002},"tail2":{"posx":5.588427408002213e-16,"posy":-1.234284620611827,"posz":-4.550452531451065,"roty":0,"rotx":12.030490000000002}},"cameras":{}}