# This file was generated by Animated Java via MC-Build. It is not recommended to edit this file directly.
$data merge entity $(bone_jaw) { transformation: [-1f,-5.654789612090135e-17f,1.086274977660736e-16f,-4.191286770274243e-16f,0f,0.8870108331782216f,0.4617486132350339f,0.23663072240977673f,-1.2246467991473532e-16f,0.4617486132350339f,-0.8870108331782216f,3.4967518125195594f,0f,0f,0f,1f], start_interpolation: 0, interpolation_duration: 1 }
$data merge entity $(bone_head) { transformation: [-1.125f,-9.010769947415479e-18f,1.3747778283878778e-16f,-3.885780586188048e-16f,0f,1.1225912886434288f,0.07357852038391097f,0.2529815047173125f,-1.3777276490407724e-16f,0.07357852038391097f,-1.1225912886434288f,3.2472870817099087f,0f,0f,0f,1f], start_interpolation: 0, interpolation_duration: 1 }
$data merge entity $(bone_neck) { transformation: [-1f,-3.169619151431765e-17f,1.1829179713786698e-16f,0.4999999999999997f,0f,0.9659258262890682f,0.25881904510252074f,-0.5630242115690245f,-1.2246467991473532e-16f,0.25881904510252074f,-0.9659258262890682f,2.1874771124286125f,0f,0f,0f,1f], start_interpolation: 0, interpolation_duration: 1 }
$data merge entity $(bone_right_arm2) { transformation: [-1f,1.5984848350717836e-17f,1.2141697760125282e-16f,-0.8750000000000004f,0f,0.9914448613738104f,-0.13052619222005157f,-1.8555053008585043f,-1.2246467991473532e-16f,-0.13052619222005157f,-0.9914448613738104f,2.531419265022595f,0f,0f,0f,1f], start_interpolation: 0, interpolation_duration: 1 }
$data merge entity $(bone_right_arm1) { transformation: [-1.1354166666666665f,1.8149463231544208e-17f,1.378588599847558e-16f,-0.5625000000000003f,0f,1.125703019684847f,-0.14820161408318352f,-0.6439706774566636f,-1.3904843865318904e-16f,-0.14820161408318352f,-1.125703019684847f,1.6784852955392826f,0f,0f,0f,1f], start_interpolation: 0, interpolation_duration: 1 }
$data merge entity $(bone_left_arm2) { transformation: [-1f,1.5984848350717836e-17f,1.2141697760125282e-16f,0.8749999999999997f,0f,0.9914448613738104f,-0.13052619222005157f,-1.8555053008585043f,-1.2246467991473532e-16f,-0.13052619222005157f,-0.9914448613738104f,2.5314192650225955f,0f,0f,0f,1f], start_interpolation: 0, interpolation_duration: 1 }
$data merge entity $(bone_left_arm1) { transformation: [-1.1354166666666665f,1.8149463231544208e-17f,1.378588599847558e-16f,0.5624999999999998f,0f,1.125703019684847f,-0.14820161408318352f,-0.6439706774566636f,-1.3904843865318904e-16f,-0.14820161408318352f,-1.125703019684847f,1.6784852955392828f,0f,0f,0f,1f], start_interpolation: 0, interpolation_duration: 1 }
$data merge entity $(bone_body2) { transformation: [-1.5833333333333335f,-1.689970855234471e-17f,1.9316455265472322e-16f,0.4999999999999999f,0f,1.5773082719785974f,0.13799659268379214f,-0.5f,-1.9390240986499761e-16f,0.13799659268379214f,-1.5773082719785974f,0.75f,0f,0f,0f,1f], start_interpolation: 0, interpolation_duration: 1 }
$data merge entity $(bone_tail3) { transformation: [-1f,-1.0673500138322974e-17f,1.2199866483456202e-16f,4.579669976578771e-16f,0f,0.9961946980917457f,0.08715574274765818f,-0.35345087738026915f,-1.2246467991473532e-16f,0.08715574274765818f,-0.9961946980917457f,-3.788012092587561f,0f,0f,0f,1f], start_interpolation: 0, interpolation_duration: 1 }
$data merge entity $(bone_tail2) { transformation: [-1.5416666666666665f,-1.6454979379914583e-17f,1.880812749532831e-16f,-0.12499999999999976f,0f,1.5358001595581077f,0.13436510340263969f,-0.7036544009243305f,-1.8879971486855027e-16f,0.13436510340263969f,-1.5358001595581077f,-1.9364887354307239f,0f,0f,0f,1f], start_interpolation: 0, interpolation_duration: 1 }
$data merge entity $(bone_tail1) { transformation: [-1f,-5.341834311772723e-18f,1.223481206754078e-16f,1.1102230246251565e-16f,0f,0.9990482215818578f,0.043619387365336f,-0.75f,-1.2246467991473532e-16f,0.043619387365336f,-0.9990482215818578f,-0.875f,0f,0f,0f,1f], start_interpolation: 0, interpolation_duration: 1 }
data modify entity @s data merge value {"locators":{"head":{"posx":-4.217603483254595e-16,"posy":-0.39111880019123424,"posz":3.518241039453133,"roty":0,"rotx":3.750000000000001},"neck":{"posx":-2.7755575615628914e-16,"posy":-0.9575987770652401,"posz":2.211160698801301,"roty":0,"rotx":15.000000000000002},"right_arm":{"posx":-0.9375000000000006,"posy":-2.7816870661222888,"posz":3.157667887929552,"roty":0,"rotx":-7.5},"left_arm":{"posx":0.9374999999999996,"posy":-2.7816870661222888,"posz":3.157667887929552,"roty":0,"rotx":-7.5},"tail1":{"posx":3.191891195797325e-16,"posy":-1.3908808513541246,"posz":-2.686739397429543,"roty":0,"rotx":5.000000000000001},"tail2":{"posx":5.406002155588671e-16,"posy":-1.6119313133301276,"posz":-4.462763522620469,"roty":0,"rotx":5.000000000000001}},"cameras":{}}