# This file was generated by Animated Java via MC-Build. It is not recommended to edit this file directly.
$data merge entity $(bone_jaw) { transformation: [-0.8660254037844388f,0f,-0.49999999999999983f,1.31698729810778f,0f,1f,0f,0.625f,0.49999999999999983f,0f,-0.8660254037844388f,3.1650635094610973f,0f,0f,0f,1f], start_interpolation: 0, interpolation_duration: 1 }
$data merge entity $(bone_head) { transformation: [-0.9742785792574937f,0f,-0.5624999999999998f,1.19198729810778f,0f,1.125f,0f,0.625f,0.5624999999999998f,0f,-0.9742785792574937f,2.9485571585149875f,0f,0f,0f,1f], start_interpolation: 0, interpolation_duration: 1 }
$data merge entity $(bone_neck) { transformation: [-0.8660254037844388f,0f,-0.49999999999999983f,1.2187499999999996f,0f,1f,0f,-0.4375f,0.49999999999999983f,0f,-0.8660254037844388f,1.9949115179401309f,0f,0f,0f,1f], start_interpolation: 0, interpolation_duration: 1 }
$data merge entity $(bone_right_arm2) { transformation: [-0.8660254037844388f,0.012465345869036444f,-0.49984459100040796f,0.10524745965606641f,0f,0.9996891820008162f,0.024930691738072896f,-1.8917319019459964f,0.49999999999999983f,0.021590612379089952f,-0.8657562275011922f,2.8162685437074253f,0f,0f,0f,1f], start_interpolation: 0, interpolation_duration: 1 }
$data merge entity $(bone_right_arm1) { transformation: [-0.9832996772135815f,0.014153361455468461f,-0.5675318793650465f,0.04859800847903345f,0f,1.1350637587300934f,0.02830672291093693f,-0.5625f,0.567708333333333f,0.024514341138758382f,-0.9829940499753118f,2.0931488160479113f,0f,0f,0f,1f], start_interpolation: 0, interpolation_duration: 1 }
$data merge entity $(bone_left_arm2) { transformation: [-0.8660254037844388f,0.012465345869036444f,-0.49984459100040796f,1.6207919162788345f,0f,0.9996891820008162f,0.024930691738072896f,-1.8917319019459964f,0.49999999999999983f,0.021590612379089952f,-0.8657562275011922f,1.9412685437074253f,0f,0f,0f,1f], start_interpolation: 0, interpolation_duration: 1 }
$data merge entity $(bone_left_arm1) { transformation: [-0.9832996772135815f,0.014153361455468461f,-0.5675318793650465f,1.0228765877365271f,0f,1.1350637587300934f,0.02830672291093693f,-0.5625f,0.567708333333333f,0.024514341138758382f,-0.9829940499753118f,1.5306488160479113f,0f,0f,0f,1f], start_interpolation: 0, interpolation_duration: 1 }
$data merge entity $(bone_body2) { transformation: [-1.3712068893253615f,0f,-0.7916666666666665f,0.4999999999999999f,0f,1.5833333333333335f,0f,-0.5f,0.7916666666666665f,0f,-1.3712068893253615f,0.75f,0f,0f,0f,1f], start_interpolation: 0, interpolation_duration: 1 }
$data merge entity $(bone_right_leg2) { transformation: [-1f,-9.574674224771024e-17f,7.635547901473157e-17f,-0.9999999999999999f,0f,0.6234898018587337f,0.7818314824680296f,-1.7769442519006704f,-1.2246467991473532e-16f,0.7818314824680296f,-0.6234898018587337f,-1.4437233191286467f,0f,0f,0f,1f], start_interpolation: 0, interpolation_duration: 1 }
$data merge entity $(bone_right_leg1) { transformation: [-1.3333333333333333f,-1.2766232299694698e-16f,1.0180730535297543e-16f,-0.625f,0f,0.8313197358116449f,1.0424419766240394f,-1.125f,-1.6328623988631375e-16f,1.0424419766240394f,-0.8313197358116449f,-0.12500000000000008f,0f,0f,0f,1f], start_interpolation: 0, interpolation_duration: 1 }
$data merge entity $(bone_left_leg2) { transformation: [-1f,9.574674224771024e-17f,7.635547901473157e-17f,0.9999999999999999f,0f,0.6234898018587337f,-0.7818314824680296f,-2.265588928443189f,-1.2246467991473532e-16f,-0.7818314824680296f,-0.6234898018587337f,0.8040421929669382f,0f,0f,0f,1f], start_interpolation: 0, interpolation_duration: 1 }
$data merge entity $(bone_left_leg1) { transformation: [-1.3333333333333333f,1.2766232299694698e-16f,1.0180730535297543e-16f,0.625f,0f,0.8313197358116449f,-1.0424419766240394f,-1.125f,-1.6328623988631375e-16f,-1.0424419766240394f,-0.8313197358116449f,-0.12499999999999993f,0f,0f,0f,1f], start_interpolation: 0, interpolation_duration: 1 }
data modify entity @s data merge value {"locators":{"hitbox_head":{"posx":1.34823729810778,"posy":0,"posz":3.2191900971976244,"roty":330,"rotx":0},"hitbox_neck":{"posx":0.8482372981077801,"posy":-0.8125,"posz":2.3531646934131856,"roty":330,"rotx":0},"hitbox_right_arm":{"posx":0.28857782155070655,"posy":-2.903886429815849,"posz":3.2588060450789316,"roty":330,"rotx":1.4285714285714297},"hitbox_left_arm":{"posx":1.9123754536465294,"posy":-2.903886429815849,"posz":2.3213060450789316,"roty":330,"rotx":1.4285714285714297},"hitbox_tail1":{"posx":3.191891195797325e-16,"posy":-1.5,"posz":-2.625,"roty":0,"rotx":0},"hitbox_tail2":{"posx":5.268533801099157e-16,"posy":-1.875,"posz":-4.375,"roty":0,"rotx":0}},"cameras":{}}