# This file was generated by Animated Java via MC-Build. It is not recommended to edit this file directly.
$data merge entity $(bone_jaw) { transformation: [-0.90630778703665f,0f,-0.4226182617406993f,1.103391760833423f,0f,1f,0f,0.625f,0.4226182617406993f,0f,-0.90630778703665f,3.2270785984619748f,0f,0f,0f,1f], start_interpolation: 0, interpolation_duration: 1 }
$data merge entity $(bone_head) { transformation: [-1.0195962604162312f,0f,-0.4754455444582867f,0.9977371953982481f,0f,1.125f,0f,0.625f,0.4754455444582867f,0f,-1.0195962604162312f,3.0005016517028125f,0f,0f,0f,1f], start_interpolation: 0, interpolation_duration: 1 }
$data merge entity $(bone_neck) { transformation: [-0.90630778703665f,0f,-0.4226182617406993f,1.107513751252255f,0f,1f,0f,-0.4375f,0.4226182617406993f,0f,-0.90630778703665f,2.0528174438651847f,0f,0f,0f,1f], start_interpolation: 0, interpolation_duration: 1 }
$data merge entity $(bone_right_arm2) { transformation: [-0.90630778703665f,0.021065781552849487f,-0.42209291394703347f,-0.08742854674301764f,0f,0.9987569212189223f,0.04984588566069717f,-1.9076375054915649f,0.4226182617406993f,0.04517571432602834f,-0.9051811750574593f,2.7437825930394117f,0f,0f,0f,1f], start_interpolation: 0, interpolation_duration: 1 }
$data merge entity $(bone_right_arm1) { transformation: [-1.0290369665311963f,0.02391843947146452f,-0.47925132937736087f,-0.0667474033445351f,0f,1.1340052543006514f,0.05659584934391657f,-0.5625f,0.47984781801808557f,0.051293258974344676f,-1.027757792513157f,2.0486954534463524f,0f,0f,0f,1f], start_interpolation: 0, interpolation_duration: 1 }
$data merge entity $(bone_left_arm2) { transformation: [-0.90630778703665f,0.021065781552849487f,-0.42209291394703347f,1.4986100805711198f,0f,0.9987569212189223f,0.04984588566069717f,-1.9076375054915649f,0.4226182617406993f,0.04517571432602834f,-0.9051811750574593f,2.0042006349931882f,0f,0f,0f,1f], start_interpolation: 0, interpolation_duration: 1 }
$data merge entity $(bone_left_arm1) { transformation: [-1.0290369665311963f,0.02391843947146452f,-0.47925132937736087f,0.9528488570716961f,0f,1.1340052543006514f,0.05659584934391657f,-0.5625f,0.47984781801808557f,0.051293258974344676f,-1.027757792513157f,1.5732499089880658f,0f,0f,0f,1f], start_interpolation: 0, interpolation_duration: 1 }
$data merge entity $(bone_body2) { transformation: [-1.434987329474696f,0f,-0.6691455810894406f,0.4999999999999999f,0f,1.5833333333333335f,0f,-0.5f,0.6691455810894406f,0f,-1.434987329474696f,0.75f,0f,0f,0f,1f], start_interpolation: 0, interpolation_duration: 1 }
$data merge entity $(bone_right_leg2) { transformation: [-1f,-8.329713661784483e-17f,8.977296284453728e-17f,-0.9999999999999998f,0f,0.7330518718298265f,0.6801727377709192f,-1.9662080852019632f,-1.2246467991473532e-16f,0.6801727377709192f,-0.7330518718298265f,-1.331827020492517f,0f,0f,0f,1f], start_interpolation: 0, interpolation_duration: 1 }
$data merge entity $(bone_right_leg1) { transformation: [-1.3333333333333333f,-1.110628488237931e-16f,1.1969728379271637e-16f,-0.625f,0f,0.9774024957731019f,0.906896983694559f,-1.125f,-1.6328623988631375e-16f,0.906896983694559f,-0.9774024957731019f,-0.12500000000000008f,0f,0f,0f,1f], start_interpolation: 0, interpolation_duration: 1 }
$data merge entity $(bone_left_leg2) { transformation: [-1f,8.329713661784483e-17f,8.977296284453728e-17f,1f,0f,0.7330518718298265f,-0.6801727377709192f,-2.3913160463087877f,-1.2246467991473532e-16f,-0.6801727377709192f,-0.7330518718298265f,0.6236696005988758f,0f,0f,0f,1f], start_interpolation: 0, interpolation_duration: 1 }
$data merge entity $(bone_left_leg1) { transformation: [-1.3333333333333333f,1.110628488237931e-16f,1.1969728379271637e-16f,0.625f,0f,0.9774024957731019f,-0.906896983694559f,-1.125f,-1.6328623988631375e-16f,-0.906896983694559f,-0.9774024957731019f,-0.12499999999999993f,0f,0f,0f,1f], start_interpolation: 0, interpolation_duration: 1 }
data modify entity @s data merge value {"locators":{"hitbox_head":{"posx":1.1298054021922166,"posy":0,"posz":3.2837228351517656,"roty":335,"rotx":0},"hitbox_neck":{"posx":0.7071871404515174,"posy":-0.8125,"posz":2.3774150481151155,"roty":335,"rotx":0},"hitbox_right_arm":{"posx":0.04590789198785897,"posy":-2.931317369540836,"posz":3.1776111076009066,"roty":335,"rotx":2.857142857142858},"hitbox_left_arm":{"posx":1.7452349926815776,"posy":-2.931317369540836,"posz":2.385201866837096,"roty":335,"rotx":2.857142857142858},"hitbox_tail1":{"posx":3.191891195797325e-16,"posy":-1.5,"posz":-2.625,"roty":0,"rotx":0},"hitbox_tail2":{"posx":5.268533801099157e-16,"posy":-1.875,"posz":-4.375,"roty":0,"rotx":0}},"cameras":{}}