# This file was generated by Animated Java via MC-Build. It is not recommended to edit this file directly.
$data merge entity $(bone_jaw) { transformation: [-0.9238795325112867f,0f,-0.3826834323650896f,0.9947688146570806f,0f,1f,0f,0.625f,0.3826834323650896f,0f,-0.9238795325112867f,3.2510405474607613f,0f,0f,0f,1f], start_interpolation: 0, interpolation_duration: 1 }
$data merge entity $(bone_head) { transformation: [-1.0393644740751975f,0f,-0.4305188614107258f,0.8990979565658082f,0f,1.125f,0f,0.625f,0.4305188614107258f,0f,-1.0393644740751975f,3.02007066433294f,0f,0f,0f,1f], start_interpolation: 0, interpolation_duration: 1 }
$data merge entity $(bone_neck) { transformation: [-0.9238795325112867f,0f,-0.3826834323650896f,1.0501074340248162f,0f,1f,0f,-0.4375f,0.3826834323650896f,0f,-0.9238795325112867f,2.0780768279849746f,0f,0f,0f,1f], start_interpolation: 0, interpolation_duration: 1 }
$data merge entity $(bone_right_arm2) { transformation: [-0.9238795325112867f,0.023838434089835856f,-0.38194022891922585f,-0.18027267672168962f,0f,0.9980579158045318f,0.06229283024485207f,-1.9152773352867838f,0.3826834323650896f,0.05755107088541887f,-0.92208528067268f,2.700724631156685f,0f,0f,0f,1f], start_interpolation: 0, interpolation_duration: 1 }
$data merge entity $(bone_right_arm1) { transformation: [-1.0489882192055233f,0.027066555372834457f,-0.433661301585371f,-0.12285628545097071f,0f,1.133211591903062f,0.07072831767384244f,-0.5625f,0.43450514716452876f,0.06534444506781933f,-1.046950995763772f,2.022738208617239f,0f,0f,0f,1f], start_interpolation: 0, interpolation_duration: 1 }
$data merge entity $(bone_left_arm2) { transformation: [-0.9238795325112867f,0.023838434089835856f,-0.38194022891922585f,1.4365165051730622f,0f,0.9980579158045318f,0.06229283024485207f,-1.9152773352867838f,0.3826834323650896f,0.05755107088541887f,-0.92208528067268f,2.031028624517778f,0f,0f,0f,1f], start_interpolation: 0, interpolation_duration: 1 }
$data merge entity $(bone_left_arm1) { transformation: [-1.0489882192055233f,0.027066555372834457f,-0.433661301585371f,0.9165081886242268f,0f,1.133211591903062f,0.07072831767384244f,-0.5625f,0.43450514716452876f,0.06534444506781933f,-1.046950995763772f,1.5922193472065134f,0f,0f,0f,1f], start_interpolation: 0, interpolation_duration: 1 }
$data merge entity $(bone_body2) { transformation: [-1.4628092598095375f,0f,-0.6059154345780586f,0.4999999999999999f,0f,1.5833333333333335f,0f,-0.5f,0.6059154345780586f,0f,-1.4628092598095375f,0.75f,0f,0f,0f,1f], start_interpolation: 0, interpolation_duration: 1 }
$data merge entity $(bone_right_leg2) { transformation: [-1f,-7.635547901473156e-17f,9.574674224771027e-17f,-0.9999999999999998f,0f,0.7818314824680298f,0.6234898018587336f,-2.0540421929669384f,-1.2246467991473532e-16f,0.6234898018587336f,-0.7818314824680298f,-1.265588928443189f,0f,0f,0f,1f], start_interpolation: 0, interpolation_duration: 1 }
$data merge entity $(bone_right_leg1) { transformation: [-1.3333333333333333f,-1.0180730535297541e-16f,1.2766232299694703e-16f,-0.625f,0f,1.0424419766240396f,0.8313197358116448f,-1.125f,-1.6328623988631375e-16f,0.8313197358116448f,-1.0424419766240396f,-0.12500000000000008f,0f,0f,0f,1f], start_interpolation: 0, interpolation_duration: 1 }
$data merge entity $(bone_left_leg2) { transformation: [-1f,7.635547901473156e-17f,9.574674224771027e-17f,1f,0f,0.7818314824680298f,-0.6234898018587336f,-2.4437233191286474f,-1.2246467991473532e-16f,-0.6234898018587336f,-0.7818314824680298f,0.5269442519006703f,0f,0f,0f,1f], start_interpolation: 0, interpolation_duration: 1 }
$data merge entity $(bone_left_leg1) { transformation: [-1.3333333333333333f,1.0180730535297541e-16f,1.2766232299694703e-16f,0.625f,0f,1.0424419766240396f,-0.8313197358116448f,-1.125f,-1.6328623988631375e-16f,-0.8313197358116448f,-1.0424419766240396f,-0.12499999999999993f,0f,0f,0f,1f], start_interpolation: 0, interpolation_duration: 1 }
data modify entity @s data merge value {"locators":{"hitbox_head":{"posx":1.0186865291798988,"posy":0,"posz":3.3087830182427167,"roty":337.5,"rotx":0},"hitbox_neck":{"posx":0.636003096814809,"posy":-0.8125,"posz":2.38490348573143,"roty":337.5,"rotx":0},"hitbox_right_arm":{"posx":-0.07088346713386796,"posy":-2.9444816662137416,"posz":3.128133915130424,"roty":337.5,"rotx":3.5714285714285707},"hitbox_left_arm":{"posx":1.6613906563247947,"posy":-2.9444816662137416,"posz":2.410602479445881,"roty":337.5,"rotx":3.5714285714285707},"hitbox_tail1":{"posx":3.191891195797325e-16,"posy":-1.5,"posz":-2.625,"roty":0,"rotx":0},"hitbox_tail2":{"posx":5.268533801099157e-16,"posy":-1.875,"posz":-4.375,"roty":0,"rotx":0}},"cameras":{}}