# This file was generated by Animated Java via MC-Build. It is not recommended to edit this file directly.
$data merge entity $(bone_jaw) { transformation: [-0.9396926207859084f,0f,-0.34202014332566855f,0.8852040479212171f,0f,1f,0f,0.625f,0.34202014332566855f,0f,-0.9396926207859084f,3.2702416236276055f,0f,0f,0f,1f], start_interpolation: 0, interpolation_duration: 1 }
$data merge entity $(bone_head) { transformation: [-1.057154198384147f,0f,-0.3847726612413771f,0.7996990120898f,0f,1.125f,0f,0.625f,0.3847726612413771f,0f,-1.057154198384147f,3.0353184684311283f,0f,0f,0f,1f], start_interpolation: 0, interpolation_duration: 1 }
$data merge entity $(bone_neck) { transformation: [-0.9396926207859084f,0f,-0.34202014332566855f,0.9916539560306484f,0f,1f,0f,-0.4375f,0.34202014332566855f,0f,-0.9396926207859084f,2.1008081423797433f,0f,0f,0f,1f], start_interpolation: 0, interpolation_duration: 1 }
$data merge entity $(bone_right_arm2) { transformation: [-0.9396926207859084f,0.025559197319169447f,-0.3410637856368081f,-0.2704985630689143f,0f,0.9972037971811801f,0.07473009358642425f,-1.9227069231409657f,0.34202014332566855f,0.07022331749380321f,-0.9370650496308426f,2.653303646470171f,0f,0f,0f,1f], start_interpolation: 0, interpolation_duration: 1 }
$data merge entity $(bone_right_arm1) { transformation: [-1.066942663184f,0.029020338622806972f,-0.38724950660845914f,-0.17777952521721352f,0f,1.1322418113827981f,0.08484979375958586f,-0.5625f,0.3883353710676861f,0.07973272507108906f,-1.0639592751016858f,1.994358234270312f,0f,0f,0f,1f], start_interpolation: 0, interpolation_duration: 1 }
$data merge entity $(bone_left_arm2) { transformation: [-0.9396926207859084f,0.025559197319169447f,-0.3410637856368081f,1.3739635233064256f,0f,0.9972037971811801f,0.07473009358642425f,-1.9227069231409657f,0.34202014332566855f,0.07022331749380321f,-0.9370650496308426f,2.054768395650251f,0f,0f,0f,1f], start_interpolation: 0, interpolation_duration: 1 }
$data merge entity $(bone_left_arm1) { transformation: [-1.066942663184f,0.029020338622806972f,-0.38724950660845914f,0.8793746731669334f,0f,1.1322418113827981f,0.08484979375958586f,-0.5625f,0.3883353710676861f,0.07973272507108906f,-1.0639592751016858f,1.6095855730289348f,0f,0f,0f,1f], start_interpolation: 0, interpolation_duration: 1 }
$data merge entity $(bone_body2) { transformation: [-1.4878466495776885f,0f,-0.5415318935989752f,0.4999999999999999f,0f,1.5833333333333335f,0f,-0.5f,0.5415318935989752f,0f,-1.4878466495776885f,0.75f,0f,0f,0f,1f], start_interpolation: 0, interpolation_duration: 1 }
$data merge entity $(bone_right_leg2) { transformation: [-1f,-6.898681060031158e-17f,1.0118506702975155e-16f,-0.9999999999999998f,0f,0.8262387743159949f,0.563320058063622f,-2.1366807199343607f,-1.2246467991473532e-16f,0.563320058063622f,-0.8262387743159949f,-1.192972200440205f,0f,0f,0f,1f], start_interpolation: 0, interpolation_duration: 1 }
$data merge entity $(bone_right_leg1) { transformation: [-1.3333333333333333f,-9.198241413374877e-17f,1.3491342270633538e-16f,-0.625f,0f,1.1016516990879932f,0.7510934107514959f,-1.125f,-1.6328623988631375e-16f,0.7510934107514959f,-1.1016516990879932f,-0.12500000000000008f,0f,0f,0f,1f], start_interpolation: 0, interpolation_duration: 1 }
$data merge entity $(bone_left_leg2) { transformation: [-1f,6.898681060031158e-17f,1.0118506702975155e-16f,1f,0f,0.8262387743159949f,-0.563320058063622f,-2.4887557562241245f,-1.2246467991473532e-16f,-0.563320058063622f,-0.8262387743159949f,0.4265729664927082f,0f,0f,0f,1f], start_interpolation: 0, interpolation_duration: 1 }
$data merge entity $(bone_left_leg1) { transformation: [-1.3333333333333333f,9.198241413374877e-17f,1.3491342270633538e-16f,0.625f,0f,1.1016516990879932f,-0.7510934107514959f,-1.125f,-1.6328623988631375e-16f,-0.7510934107514959f,-1.1016516990879932f,-0.12499999999999993f,0f,0f,0f,1f], start_interpolation: 0, interpolation_duration: 1 }
data modify entity @s data merge value {"locators":{"hitbox_head":{"posx":0.9065803068790714,"posy":0,"posz":3.3289724124267246,"roty":340,"rotx":0},"hitbox_neck":{"posx":0.5645601635534028,"posy":-0.8125,"posz":2.389279791640816,"roty":340,"rotx":0},"hitbox_right_arm":{"posx":-0.18425665636879895,"posy":-2.957275767115358,"posz":3.072989112749643,"roty":340,"rotx":4.2857142857142865},"hitbox_left_arm":{"posx":1.5776670076047794,"posy":-2.957275767115358,"posz":2.431701344014015,"roty":340,"rotx":4.2857142857142865},"hitbox_tail1":{"posx":3.191891195797325e-16,"posy":-1.5,"posz":-2.625,"roty":0,"rotx":0},"hitbox_tail2":{"posx":5.268533801099157e-16,"posy":-1.875,"posz":-4.375,"roty":0,"rotx":0}},"cameras":{}}