# This file was generated by Animated Java via MC-Build. It is not recommended to edit this file directly.
$data merge entity $(bone_jaw) { transformation: [-0.9990482215818578f,0f,-0.04361938736533576f,0.10952435762241033f,0f,1f,0f,0.625f,0.04361938736533576f,0f,-0.9990482215818578f,3.2694302476373123f,0f,0f,0f,1f], start_interpolation: 0, interpolation_duration: 1 }
$data merge entity $(bone_head) { transformation: [-1.12392924927959f,0f,-0.04907181078600273f,0.09861951078107639f,0f,1.125f,0f,0.625f,0.04907181078600273f,0f,-1.12392924927959f,3.019668192241848f,0f,0f,0f,1f], start_interpolation: 0, interpolation_duration: 1 }
$data merge entity $(bone_neck) { transformation: [-0.9990482215818578f,0f,-0.04361938736533576f,0.56270286933767f,0f,1f,0f,-0.4375f,0.04361938736533576f,0f,-0.9990482215818578f,2.1861318185239207f,0f,0f,0f,1f], start_interpolation: 0, interpolation_duration: 1 }
$data merge entity $(bone_right_arm2) { transformation: [-0.9990482215818578f,0.0005437730053555453f,-0.043615997810962204f,-0.8035258325945449f,0f,0.9999222924809749f,0.012466314595414989f,-1.8834686001656273f,0.04361938736533576f,0.012454449426229301f,-0.9989705880231722f,2.417030179754333f,0f,0f,0f,1f], start_interpolation: 0, interpolation_duration: 1 }
$data merge entity $(bone_right_arm1) { transformation: [-1.1343360015877342f,0.0006174089331641087f,-0.04952233084786333f,-0.5205955597757218f,0f,1.13532843625444f,0.0141544613635441f,-0.5625f,0.049526179404391635f,0.014140989452697851f,-1.13424785515131f,1.7329533068086609f,0f,0f,0f,1f], start_interpolation: 0, interpolation_duration: 1 }
$data merge entity $(bone_left_arm2) { transformation: [-0.9990482215818578f,0.0005437730053555453f,-0.043615997810962204f,0.9448085551737062f,0f,0.9999222924809749f,0.012466314595414989f,-1.8834686001656273f,0.04361938736533576f,0.012454449426229301f,-0.9989705880231722f,2.340696251864996f,0f,0f,0f,1f], start_interpolation: 0, interpolation_duration: 1 }
$data merge entity $(bone_left_arm1) { transformation: [-1.1343360015877342f,0.0006174089331641087f,-0.04952233084786333f,0.6033336895038682f,0f,1.13532843625444f,0.0141544613635441f,-0.5625f,0.049526179404391635f,0.014140989452697851f,-1.13424785515131f,1.6838814960226582f,0f,0f,0f,1f], start_interpolation: 0, interpolation_duration: 1 }
$data merge entity $(bone_body2) { transformation: [-1.5818263508379418f,0f,-0.06906402999511496f,0.4999999999999999f,0f,1.5833333333333335f,0f,-0.5f,0.06906402999511496f,0f,-1.5818263508379418f,0.75f,0f,0f,0f,1f], start_interpolation: 0, interpolation_duration: 1 }
$data merge entity $(bone_right_leg2) { transformation: [-1f,-9.15179699105963e-18f,1.2212224383155186e-16f,-1f,0f,0.9972037971811801f,0.074730093586424f,-2.535127304202189f,-1.2246467991473532e-16f,0.074730093586424f,-0.9972037971811801f,-0.5440506961496034f,0f,0f,0f,1f], start_interpolation: 0, interpolation_duration: 1 }
$data merge entity $(bone_right_leg1) { transformation: [-1.3333333333333333f,-1.2202395988079507e-17f,1.6282965844206914e-16f,-0.625f,0f,1.32960506290824f,0.09964012478189867f,-1.125f,-1.6328623988631375e-16f,0.09964012478189867f,-1.32960506290824f,-0.12500000000000008f,0f,0f,0f,1f], start_interpolation: 0, interpolation_duration: 1 }
$data merge entity $(bone_left_leg2) { transformation: [-1f,9.15179699105963e-18f,1.2212224383155186e-16f,1f,0f,0.9972037971811801f,-0.074730093586424f,-2.581833612693704f,-1.2246467991473532e-16f,-0.074730093586424f,-0.9972037971811801f,-0.3292016770886342f,0f,0f,0f,1f], start_interpolation: 0, interpolation_duration: 1 }
$data merge entity $(bone_left_leg1) { transformation: [-1.3333333333333333f,1.2202395988079507e-17f,1.6282965844206914e-16f,0.625f,0f,1.32960506290824f,-0.09964012478189867f,-1.125f,-1.6328623988631375e-16f,-0.09964012478189867f,-1.32960506290824f,-0.12499999999999993f,0f,0f,0f,1f], start_interpolation: 0, interpolation_duration: 1 }
data modify entity @s data merge value {"locators":{"hitbox_head":{"posx":0.11225056933274381,"posy":0,"posz":3.3318707614861784,"roty":357.5,"rotx":0},"hitbox_neck":{"posx":0.06863118196740808,"posy":-0.8125,"posz":2.332822539904321,"roty":357.5,"rotx":0},"hitbox_right_arm":{"posx":-0.8447021205432854,"posy":-2.8896240499443095,"posz":2.9067872360500235,"roty":357.5,"rotx":0.7142857142857116},"hitbox_left_arm":{"posx":1.0285132949226978,"posy":-2.8896240499443095,"posz":2.825000884740019,"roty":357.5,"rotx":0.7142857142857116},"hitbox_tail1":{"posx":3.191891195797325e-16,"posy":-1.5,"posz":-2.625,"roty":0,"rotx":0},"hitbox_tail2":{"posx":5.268533801099157e-16,"posy":-1.875,"posz":-4.375,"roty":0,"rotx":0}},"cameras":{}}