# This file was generated by Animated Java via MC-Build. It is not recommended to edit this file directly.
$data merge entity $(bone_jaw) { transformation: [-0.984807753012208f,0f,-0.17364817766693025f,0.4417165676612215f,0f,1f,0f,0.625f,0.17364817766693025f,0f,-0.984807753012208f,3.298843471363985f,0f,0f,0f,1f], start_interpolation: 0, interpolation_duration: 1 }
$data merge entity $(bone_head) { transformation: [-1.107908722138734f,0f,-0.19535419987529654f,0.39830452324448895f,0f,1.125f,0f,0.625f,0.19535419987529654f,0f,-1.107908722138734f,3.052641533110933f,0f,0f,0f,1f], start_interpolation: 0, interpolation_duration: 1 }
$data merge entity $(bone_neck) { transformation: [-0.984807753012208f,0f,-0.17364817766693025f,0.7496192553962121f,0f,1f,0f,-0.4375f,0.17364817766693025f,0f,-0.984807753012208f,2.165661144955049f,0f,0f,0f,1f], start_interpolation: 0, interpolation_duration: 1 }
$data merge entity $(bone_right_arm2) { transformation: [-0.984807753012208f,-0.008655647209174232f,-0.17343231930189967f,-0.5607202373469417f,0f,0.9987569212189223f,-0.04984588566069717f,-1.8390994127081064f,0.17364817766693025f,-0.04908861465441462f,-0.9835835593909977f,2.6526660165562044f,0f,0f,0f,1f], start_interpolation: 0, interpolation_duration: 1 }
$data merge entity $(bone_right_arm1) { transformation: [-1.118167136232611f,-0.009827766102083241f,-0.19691794587403189f,-0.3835630710127239f,0f,1.1340052543006514f,-0.05659584934391657f,-0.5625f,0.19716303505932703f,-0.05573603122219993f,-1.1167771663918618f,1.8577584572200585f,0f,0f,0f,1f], start_interpolation: 0, interpolation_duration: 1 }
$data merge entity $(bone_left_arm2) { transformation: [-0.984807753012208f,-0.008655647209174232f,-0.17343231930189967f,1.1626933304244222f,0f,0.9987569212189223f,-0.04984588566069717f,-1.8390994127081064f,0.17364817766693025f,-0.04908861465441462f,-0.9835835593909977f,2.3487817056390763f,0f,0f,0f,1f], start_interpolation: 0, interpolation_duration: 1 }
$data merge entity $(bone_left_arm1) { transformation: [-1.118167136232611f,-0.009827766102083241f,-0.19691794587403189f,0.72434565112601f,0f,1.1340052543006514f,-0.05659584934391657f,-0.5625f,0.19716303505932703f,-0.05573603122219993f,-1.1167771663918618f,1.662404257344762f,0f,0f,0f,1f], start_interpolation: 0, interpolation_duration: 1 }
$data merge entity $(bone_body2) { transformation: [-1.5592789422693296f,0f,-0.2749429479726396f,0.4999999999999999f,0f,1.5833333333333335f,0f,-0.5f,0.2749429479726396f,0f,-1.5592789422693296f,0.75f,0f,0f,0f,1f], start_interpolation: 0, interpolation_duration: 1 }
$data merge entity $(bone_right_leg2) { transformation: [-1f,-3.6097098087443376e-17f,1.1702391779582527e-16f,-0.9999999999999999f,0f,0.9555728057861407f,0.29475517441090426f,-2.4065249163141695f,-1.2246467991473532e-16f,0.29475517441090426f,-0.9555728057861407f,-0.847327065023844f,0f,0f,0f,1f], start_interpolation: 0, interpolation_duration: 1 }
$data merge entity $(bone_right_leg1) { transformation: [-1.3333333333333333f,-4.8129464116591166e-17f,1.5603189039443368e-16f,-0.625f,0f,1.2740970743815208f,0.393006899214539f,-1.125f,-1.6328623988631375e-16f,0.393006899214539f,-1.2740970743815208f,-0.12500000000000008f,0f,0f,0f,1f], start_interpolation: 0, interpolation_duration: 1 }
$data merge entity $(bone_left_leg2) { transformation: [-1f,3.6097098087443376e-17f,1.1702391779582527e-16f,1f,0f,0.9555728057861407f,-0.29475517441090426f,-2.590746900320985f,-1.2246467991473532e-16f,-0.29475517441090426f,-0.9555728057861407f,0.00009406140750607694f,0f,0f,0f,1f], start_interpolation: 0, interpolation_duration: 1 }
$data merge entity $(bone_left_leg1) { transformation: [-1.3333333333333333f,4.8129464116591166e-17f,1.5603189039443368e-16f,0.625f,0f,1.2740970743815208f,-0.393006899214539f,-1.125f,-1.6328623988631375e-16f,-0.393006899214539f,-1.2740970743815208f,-0.12499999999999993f,0f,0f,0f,1f], start_interpolation: 0, interpolation_duration: 1 }
data modify entity @s data merge value {"locators":{"hitbox_head":{"posx":0.45256957876540466,"posy":0,"posz":3.360393955927248,"roty":350,"rotx":0},"hitbox_neck":{"posx":0.27892140109847435,"posy":-0.8125,"posz":2.37558620291504,"roty":350,"rotx":0},"hitbox_right_arm":{"posx":-0.5268989150500806,"posy":-2.81293339109668,"posz":3.204399422010301,"roty":350,"rotx":-2.857142857142858},"hitbox_left_arm":{"posx":1.3196156218478092,"posy":-2.81293339109668,"posz":2.8788090888848066,"roty":350,"rotx":-2.857142857142858},"hitbox_tail1":{"posx":3.191891195797325e-16,"posy":-1.5,"posz":-2.625,"roty":0,"rotx":0},"hitbox_tail2":{"posx":5.268533801099157e-16,"posy":-1.875,"posz":-4.375,"roty":0,"rotx":0}},"cameras":{}}