# This file was generated by Animated Java via MC-Build. It is not recommended to edit this file directly.
$data merge entity $(bone_jaw) { transformation: [-0.9659258262890683f,0f,-0.2588190451025207f,0.6640846996117675f,0f,1f,0f,0.625f,0.2588190451025207f,0f,-0.9659258262890683f,3.294224088273931f,0f,0f,0f,1f], start_interpolation: 0, interpolation_duration: 1 }
$data merge entity $(bone_head) { transformation: [-1.086666554575202f,0f,-0.2911714257403358f,0.5993799383361373f,0f,1.125f,0f,0.625f,0.2911714257403358f,0f,-1.086666554575202f,3.052742631701664f,0f,0f,0f,1f], start_interpolation: 0, interpolation_duration: 1 }
$data merge entity $(bone_neck) { transformation: [-0.9659258262890683f,0f,-0.2588190451025207f,0.8720523773348734f,0f,1f,0f,-0.4375f,0.2588190451025207f,0f,-0.9659258262890683f,2.138518375290536f,0f,0f,0f,1f], start_interpolation: 0, interpolation_duration: 1 }
$data merge entity $(bone_right_arm2) { transformation: [-0.9659258262890683f,-0.019341571462460336f,-0.25809533455904077f,-0.3826788013100362f,0f,0.9972037971811801f,-0.07473009358642427f,-1.8199530444596324f,0.2588190451025207f,-0.07218372739612626f,-0.9632249017708279f,2.7683899113368273f,0f,0f,0f,1f], start_interpolation: 0, interpolation_duration: 1 }
$data merge entity $(bone_right_arm1) { transformation: [-1.0967282819323796f,-0.021960742598001837f,-0.2930457444472442f,-0.283653335648522f,0f,1.1322418113827981f,-0.08484979375958587f,-0.5625f,0.29386745746015364f,-0.08195860714768502f,-1.0936616072189607f,1.9305506975674298f,0f,0f,0f,1f], start_interpolation: 0, interpolation_duration: 1 }
$data merge entity $(bone_left_arm2) { transformation: [-0.9659258262890683f,-0.019341571462460336f,-0.25809533455904077f,1.3076913946958335f,0f,0.9972037971811801f,-0.07473009358642427f,-1.8199530444596324f,0.2588190451025207f,-0.07218372739612626f,-0.9632249017708279f,2.3154565824074163f,0f,0f,0f,1f], start_interpolation: 0, interpolation_duration: 1 }
$data merge entity $(bone_left_arm1) { transformation: [-1.0967282819323796f,-0.021960742598001837f,-0.2930457444472442f,0.8030132189266799f,0f,1.1322418113827981f,-0.08484979375958587f,-0.5625f,0.29386745746015364f,-0.08195860714768502f,-1.0936616072189607f,1.639379271827094f,0f,0f,0f,1f], start_interpolation: 0, interpolation_duration: 1 }
$data merge entity $(bone_body2) { transformation: [-1.529382558291025f,0f,-0.40979682141232443f,0.4999999999999999f,0f,1.5833333333333335f,0f,-0.5f,0.40979682141232443f,0f,-1.529382558291025f,0.75f,0f,0f,0f,1f], start_interpolation: 0, interpolation_duration: 1 }
$data merge entity $(bone_right_leg2) { transformation: [-1f,-5.313543323124028e-17f,1.1033686402081121e-16f,-0.9999999999999999f,0f,0.9009688679024191f,0.4338837391175581f,-2.2845540791354906f,-1.2246467991473532e-16f,0.4338837391175581f,-0.9009688679024191f,-1.0302606462009958f,0f,0f,0f,1f], start_interpolation: 0, interpolation_duration: 1 }
$data merge entity $(bone_right_leg1) { transformation: [-1.3333333333333333f,-7.084724430832037e-17f,1.4711581869441494e-16f,-0.625f,0f,1.2012918238698922f,0.5785116521567442f,-1.125f,-1.6328623988631375e-16f,0.5785116521567442f,-1.2012918238698922f,-0.12500000000000008f,0f,0f,0f,1f], start_interpolation: 0, interpolation_duration: 1 }
$data merge entity $(bone_left_leg2) { transformation: [-1f,5.313543323124028e-17f,1.1033686402081121e-16f,1f,0f,0.9009688679024191f,-0.4338837391175581f,-2.5557314160839644f,-1.2246467991473532e-16f,-0.4338837391175581f,-0.9009688679024191f,0.21715510376198388f,0f,0f,0f,1f], start_interpolation: 0, interpolation_duration: 1 }
$data merge entity $(bone_left_leg1) { transformation: [-1.3333333333333333f,7.084724430832037e-17f,1.4711581869441494e-16f,0.625f,0f,1.2012918238698922f,-0.5785116521567442f,-1.125f,-1.6328623988631375e-16f,-0.5785116521567442f,-1.2012918238698922f,-0.12499999999999993f,0f,0f,0f,1f], start_interpolation: 0, interpolation_duration: 1 }
data modify entity @s data merge value {"locators":{"hitbox_head":{"posx":0.680260889930675,"posy":0,"posz":3.354594452416998,"roty":345,"rotx":0},"hitbox_neck":{"posx":0.42144184482815433,"posy":-0.8125,"posz":2.38866862612793,"roty":345,"rotx":0},"hitbox_right_arm":{"posx":-0.29465992671112223,"posy":-2.7797917948476005,"posz":3.338362279937275,"roty":345,"rotx":-4.2857142857142865},"hitbox_left_arm":{"posx":1.516450997580881,"posy":-2.7797917948476005,"posz":2.8530765703700487,"roty":345,"rotx":-4.2857142857142865},"hitbox_tail1":{"posx":3.191891195797325e-16,"posy":-1.5,"posz":-2.625,"roty":0,"rotx":0},"hitbox_tail2":{"posx":5.268533801099157e-16,"posy":-1.875,"posz":-4.375,"roty":0,"rotx":0}},"cameras":{}}