# This file was generated by Animated Java via MC-Build. It is not recommended to edit this file directly.
$data merge entity $(bone_left_arm2) { transformation: [-0.8191520442889917f,0.13370406776553487f,0.5577751792614253f,0.1511468153113562f,-1.3877787807814457e-17f,0.9724513489603152f,-0.2331059285073278f,-0.905804949248886f,-0.5735764363510462f,-0.1909491978726611f,-0.7965855104724298f,0.4379325253455798f,0f,0f,0f,1f], start_interpolation: 0, interpolation_duration: 1 }
$data merge entity $(bone_left_arm) { transformation: [-0.8191520442889917f,0.13370406776553487f,0.5577751792614253f,0.08217882671661599f,-1.3877787807814457e-17f,0.9724513489603152f,-0.2331059285073278f,-0.6626921120088072f,-0.5735764363510462f,-0.1909491978726611f,-0.7965855104724298f,0.31849817133353375f,0f,0f,0f,1f], start_interpolation: 0, interpolation_duration: 1 }
$data merge entity $(item_display_weapon) { transformation: [0.5673057536418931f,0.08458197338658746f,-0.8191520442889917f,-0.3486491353625495f,0.1474641704681548f,-0.9890673983243705f,5.219195625523389e-17f,-1.3118403027066443f,-0.8101965812770027f,-0.12079557669836954f,-0.573576436351046f,-0.15586998063752502f,0f,0f,0f,1f], start_interpolation: 0, interpolation_duration: 1 }
$data merge entity $(bone_right_arm2) { transformation: [-0.8191520442889917f,-0.4609542323541237f,0.34133725845853147f,-0.3145526428754729f,-1.3877787807814457e-17f,0.5951033494856172f,0.8036491793257798f,-0.8114679493802115f,-0.5735764363510462f,0.6583108681358831f,-0.48748012529436946f,-0.2045648184198409f,0f,0f,0f,1f], start_interpolation: 0, interpolation_duration: 1 }
$data merge entity $(bone_right_arm) { transformation: [-0.8191520442889917f,-0.4609542323541237f,0.34133725845853147f,-0.3273971954278799f,-1.3877787807814457e-17f,0.5951033494856172f,0.8036491793257798f,-0.6626921120088072f,-0.5735764363510462f,0.6583108681358831f,-0.48748012529436946f,0.031709953158010645f,0f,0f,0f,1f], start_interpolation: 0, interpolation_duration: 1 }
$data merge entity $(bone_right_leg) { transformation: [-0.8191520442889917f,0.4030234656793945f,0.40812009807033f,-0.11923730380786635f,-1.3877787807814457e-17f,0.7115356772092849f,-0.7026499697988496f,-1.2606881294789272f,-0.5735764363510462f,-0.575577159180326f,-0.5828559045705379f,-0.047642331690128985f,0f,0f,0f,1f], start_interpolation: 0, interpolation_duration: 1 }
$data merge entity $(bone_left_leg) { transformation: [-0.8191520442889917f,-0.40302346567939423f,0.40812009807033023f,0.08555070726438158f,-1.3877787807814457e-17f,0.7115356772092853f,0.7026499697988493f,-1.2606881294789272f,-0.5735764363510462f,0.5755771591803257f,-0.5828559045705382f,0.09575177739763255f,0f,0f,0f,1f], start_interpolation: 0, interpolation_duration: 1 }