# This file was generated by Animated Java via MC-Build. It is not recommended to edit this file directly.
$data merge entity $(bone_left_arm2) { transformation: [-0.8191520442889917f,-0.5053055458113117f,0.2713968196377736f,0.31089921870556786f,-1.3877787807814457e-17f,0.4731659155392334f,0.8809733346543009f,-0.7809835908936156f,-0.5735764363510462f,0.7216511080461607f,-0.38759482700183534f,0.20978244886587433f,0f,0f,0f,1f], start_interpolation: 0, interpolation_duration: 1 }
$data merge entity $(bone_left_arm) { transformation: [-0.8191520442889917f,-0.5053055458113117f,0.2713968196377736f,0.08217882671661599f,-1.3877787807814457e-17f,0.4731659155392334f,0.8809733346543009f,-0.6626921120088072f,-0.5735764363510462f,0.7216511080461607f,-0.38759482700183534f,0.31849817133353375f,0f,0f,0f,1f], start_interpolation: 0, interpolation_duration: 1 }
$data merge entity $(item_display_weapon) { transformation: [0.22632379264241584f,-0.5270364970484668f,-0.8191520442889917f,-0.7691681463649607f,-0.9188600919545173f,-0.39458349105523394f,8.923360542169592e-17f,-0.9648747455103068f,-0.3232238733405821f,0.7526861227401138f,-0.5735764363510462f,0.4446934067227336f,0f,0f,0f,1f], start_interpolation: 0, interpolation_duration: 1 }
$data merge entity $(bone_right_arm2) { transformation: [-0.8191520442889917f,0.2126359924744642f,0.5327061695170852f,-0.4829501990826199f,-1.3877787807814457e-17f,0.9287448642521512f,-0.37071953971331645f,-0.894878328071845f,-0.5735764363510462f,-0.3036756688140372f,-0.7607832541750518f,0.03593181581763917f,0f,0f,0f,1f], start_interpolation: 0, interpolation_duration: 1 }
$data merge entity $(bone_right_arm) { transformation: [-0.8191520442889917f,0.2126359924744642f,0.5327061695170852f,-0.3273971954278799f,-1.3877787807814457e-17f,0.9287448642521512f,-0.37071953971331645f,-0.6626921120088072f,-0.5735764363510462f,-0.3036756688140372f,-0.7607832541750518f,0.031709953158010645f,0f,0f,0f,1f], start_interpolation: 0, interpolation_duration: 1 }
$data merge entity $(bone_right_leg) { transformation: [-0.8191520442889917f,-0.4737176600661642f,0.32339064129718403f,-0.11923730380786635f,-1.3877787807814457e-17f,0.5638143773034273f,0.8259015364714783f,-1.2606881294789272f,-0.5735764363510462f,0.6765389319820307f,-0.4618496997676273f,-0.047642331690128985f,0f,0f,0f,1f], start_interpolation: 0, interpolation_duration: 1 }
$data merge entity $(bone_left_leg) { transformation: [-0.8191520442889917f,0.47371766006616434f,0.3233906412971838f,0.08555070726438158f,-1.3877787807814457e-17f,0.5638143773034269f,-0.8259015364714786f,-1.2606881294789272f,-0.5735764363510462f,-0.676538931982031f,-0.4618496997676271f,0.09575177739763255f,0f,0f,0f,1f], start_interpolation: 0, interpolation_duration: 1 }