# This file was generated by Animated Java via MC-Build. It is not recommended to edit this file directly.
$data merge entity $(bone_jaw) { transformation: [-0.801215613480805f,-0.5490903070783054f,0.23780953594679485f,-1.7699385202967644f,0.07287116884958036f,0.3049303495719268f,0.9495826844779964f,-0.40722368911954127f,-0.5939219927440587f,0.7781499319428068f,-0.20430210462041648f,2.697794743345629f,0f,0f,0f,1f], start_interpolation: 0, interpolation_duration: 1 }
$data merge entity $(bone_head) { transformation: [-0.9013675651659055f,-0.4845207009680537f,0.4673341446976812f,-1.666086488141724f,0.0819800649557779f,0.6961836874101909f,0.8799048484545337f,-0.21168927835186713f,-0.668162241837066f,0.7390486883266728f,-0.5224856503923249f,2.5816868210362234f,0f,0f,0f,1f], start_interpolation: 0, interpolation_duration: 1 }
$data merge entity $(bone_neck) { transformation: [-0.7930733192105361f,-0.2584351386975191f,0.5515849793484022f,-0.5467996979497654f,0.0932760895084597f,0.8433295467216864f,0.5292398763814048f,-0.7243575669379974f,-0.6019420914692651f,0.471175715325598f,-0.6447163436776037f,1.858201639999355f,0f,0f,0f,1f], start_interpolation: 0, interpolation_duration: 1 }
$data merge entity $(bone_right_arm2) { transformation: [-0.6083360481401501f,0.27458167089884716f,0.7446691604596114f,-2.1425206921221474f,0.7936785005577013f,0.21199680419881395f,0.5702032907323218f,-1.072331992258711f,-0.001300109881549355f,0.9379031192057563f,-0.3468948669242729f,-0.185731890831084f,0f,0f,0f,1f], start_interpolation: 0, interpolation_duration: 1 }
$data merge entity $(bone_right_arm1) { transformation: [-0.690714887992462f,0.31176460549973267f,0.845509775938517f,-1.0800671862076308f,0.9011557975082232f,0.2407047047674033f,0.647418319685657f,-0.650095955793578f,-0.0014761664280091634f,1.064910833264869f,-0.3938702134869348f,0.8071820164540177f,0f,0f,0f,1f], start_interpolation: 0, interpolation_duration: 1 }
$data merge entity $(bone_left_arm2) { transformation: [-0.5876106697270119f,-0.08987510637557136f,0.80413690754557f,-0.36047848422182144f,0.007616923332934163f,0.9931536586502949f,0.11656668815949844f,-2.4247558828580513f,-0.8091079552827996f,0.07462087887121993f,-0.5829031147065298f,2.270305504543956f,0f,0f,0f,1f], start_interpolation: 0, interpolation_duration: 1 }
$data merge entity $(bone_left_arm1) { transformation: [-0.6548366919500104f,-0.10873394658972045f,0.9211605954877984f,-0.12735309897033892f,-0.1455243534640957f,1.12566777384303f,0.029423331296398347f,-0.9519750681842079f,-0.9160690892990924f,-0.10109400939098474f,-0.6631503840309761f,1.4823712224004657f,0f,0f,0f,1f], start_interpolation: 0, interpolation_duration: 1 }
$data merge entity $(bone_body2) { transformation: [-1.255699422083349f,-0.0715574793038994f,0.9617915226179012f,0.32923040071532517f,0.14768714172172787f,1.5460800190142994f,0.3078465972188979f,-0.5058947360029835f,-0.9530749781596699f,0.3338570748162454f,-1.219480210600209f,0.7378634063695768f,0f,0f,0f,1f], start_interpolation: 0, interpolation_duration: 1 }
$data merge entity $(bone_right_leg2) { transformation: [-0.92521245285063f,-0.027054050774521686f,0.3784838113140513f,-1.0461928116151917f,-0.008769055965675898f,0.9987131262834271f,0.04995192735675075f,-2.5449342303907416f,-0.3793481524241177f,0.04289719951084048f,-0.9242590597481506f,-0.03860437023428254f,0f,0f,0f,1f], start_interpolation: 0, interpolation_duration: 1 }
$data merge entity $(bone_right_leg1) { transformation: [-1.3079638722813118f,0.11919543217756352f,0.22978410635345925f,-0.603676047146229f,0f,1.1835714109977218f,-0.6139515394936639f,-1.125001410839995f,-0.25885958855073155f,-0.602269824741904f,-1.161051484387527f,-0.343000824100928f,0f,0f,0f,1f], start_interpolation: 0, interpolation_duration: 1 }
$data merge entity $(bone_left_leg2) { transformation: [-0.9809729042109839f,-0.14178403268153103f,0.13262522113244685f,1.2045028601224277f,0f,0.6831256634789087f,0.7303008475255255f,-2.098628395715896f,-0.19414469141304866f,0.7164053433448576f,-0.6701277660439604f,-1.109308225624748f,0f,0f,0f,1f], start_interpolation: 0, interpolation_duration: 1 }
$data merge entity $(bone_left_leg1) { transformation: [-1.3079638722813118f,-0.1532276301186169f,0.20863743660447504f,0.6225400831175009f,0f,1.0746491963593927f,0.7892445011160285f,-1.125001410839995f,-0.25885958855073155f,0.7742274703923396f,-1.0542017431606734f,-0.1003199598346172f,0f,0f,0f,1f], start_interpolation: 0, interpolation_duration: 1 }
$data merge entity $(bone_tail3) { transformation: [-0.4659992628271208f,-0.0813121510899523f,0.8810408736997988f,2.2168814734261315f,0.19529659928269053f,0.9617552576936381f,0.19205744611251077f,0.06354187711868808f,-0.8629622966000288f,0.26156291477151067f,-0.4322972545171149f,-2.569803111035881f,0f,0f,0f,1f], start_interpolation: 0, interpolation_duration: 1 }
$data merge entity $(bone_tail2) { transformation: [-0.7184155301918111f,-0.12535623293034312f,1.3582713469538563f,0.521925955714985f,0.3010822572274812f,1.482706022277692f,0.2960885627567874f,-0.4524828702494904f,-1.3304002072583776f,0.40324282693941227f,-0.6664582673805521f,-1.9161590924109526f,0f,0f,0f,1f], start_interpolation: 0, interpolation_duration: 1 }
$data merge entity $(bone_tail1) { transformation: [-0.8891311588923985f,-0.0813121510899523f,0.45037108740657994f,0.15454807020704364f,0.048589450963385294f,0.9617552576936381f,0.2695661135115476f,-0.7449705472259329f,-0.4550657617770615f,0.26156291477151067f,-0.8511756540658891f,-0.9549017397438126f,0f,0f,0f,1f], start_interpolation: 0, interpolation_duration: 1 }
$data merge entity $(bone_body1) { transformation: [-1.3079638722813118f,-0.0017393047226063592f,0.25885374519936144f,0.5f,0f,1.3333032354134389f,0.008958806496057809f,-1.1875f,-0.25885958855073155f,0.008788346426702058f,-1.3079343470374223f,-0.12499999999999994f,0f,0f,0f,1f], start_interpolation: 0, interpolation_duration: 1 }
data modify entity @s data merge value {"locators":{"hitbox_head":{"posx":-1.5267233611310502,"posy":-0.8428760070393436,"posz":2.316239119297051,"roty":41.8108493059263,"rotx":51.45671481602279},"hitbox_neck":{"posx":-0.9153713029620141,"posy":-1.0601230867520754,"posz":1.4611292439773238,"roty":40.54853504884889,"rotx":31.954110712970795},"hitbox_right_arm":{"posx":-2.8274579462595595,"posy":-1.5198255355388293,"posz":-0.9502688334423007,"roty":65.02212779021252,"rotx":34.76440305075288},"hitbox_left_arm":{"posx":-0.6359461647610969,"posy":-3.4766689432964037,"posz":2.537705430231176,"roty":54.062378563237274,"rotx":6.693997478232962},"hitbox_tail1":{"posx":1.246875577554451,"posy":-1.066171894227704,"posz":-2.3016653538950984,"roty":63.8643594396913,"rotx":11.07287881040543},"hitbox_tail2":{"posx":2.819189163187831,"posy":-1.0907295851659247,"posz":-3.156271642339366,"roty":63.8643594396913,"rotx":11.07287881040543}},"cameras":{}}