# This file was generated by Animated Java via MC-Build. It is not recommended to edit this file directly.
$data merge entity $(bone_jaw) { transformation: [-0.7802320001565024f,-0.5876794853234747f,0.21417480818648957f,-1.872098187968422f,0.06012760848851788f,0.27035653332787674f,0.9608808540003201f,-0.48138313993322246f,-0.6225935244035512f,0.7625878096434984f,-0.17560505674352375f,2.6084811744100462f,0f,0f,0f,1f], start_interpolation: 0, interpolation_duration: 1 }
$data merge entity $(bone_head) { transformation: [-0.8777610001760652f,-0.5318542401755922f,0.46075122764584936f,-1.7697090262693442f,0.06764355954958261f,0.6694379835840183f,0.9016108556280953f,-0.28102517201586796f,-0.7004177149539951f,0.7311695106760177f,-0.49033781338625815f,2.4995172158797665f,0f,0f,0f,1f], start_interpolation: 0, interpolation_duration: 1 }
$data merge entity $(bone_neck) { transformation: [-0.7664235143689934f,-0.29533078308011995f,0.5704162735998726f,-0.6092450897623235f,0.0961470995017366f,0.8252840111776123f,0.5564728530233922f,-0.7538287905614431f,-0.6350989937637161f,0.4813377498803453f,-0.604121874012555f,1.8147963308785569f,0f,0f,0f,1f], start_interpolation: 0, interpolation_duration: 1 }
$data merge entity $(bone_right_arm2) { transformation: [-0.6058051131422123f,0.22424942469210146f,0.7633559853803552f,-2.1044948816526245f,0.7955934938863535f,0.16401507145019706f,0.5832066947685803f,-1.034977872034593f,0.005581879294341507f,0.9606306531973923f,-0.27777255220970815f,-0.32573717181887774f,0f,0f,0f,1f], start_interpolation: 0, interpolation_duration: 1 }
$data merge entity $(bone_right_arm1) { transformation: [-0.6878412222135535f,0.2546165342858235f,0.8667271084006115f,-1.0960461739383058f,0.9033301128501304f,0.1862254457090779f,0.6621826013518255f,-0.6673764549422958f,0.006337758782116919f,1.0907160541512058f,-0.3153875853214394f,0.7423775935790435f,0f,0f,0f,1f], start_interpolation: 0, interpolation_duration: 1 }
$data merge entity $(bone_left_arm2) { transformation: [-0.5350479467918199f,-0.15357107913043716f,0.830746422374825f,-0.3622276726242418f,0.012428698377457985f,0.981802077737071f,0.18949988814723023f,-2.502367909730241f,-0.8447302658781088f,0.111716622782304f,-0.5234024972271494f,2.1711318922069145f,0f,0f,0f,1f], start_interpolation: 0, interpolation_duration: 1 }
$data merge entity $(bone_left_arm1) { transformation: [-0.5855431948196899f,-0.168968858939307f,0.9579977550357536f,-0.1689235288196651f,-0.14541437918069627f,1.1207976909786275f,0.1088034979626772f,-0.9800068991034989f,-0.9618548914843068f,-0.06658128528475707f,-0.59964415041088f,1.4544137867826072f,0f,0f,0f,1f], start_interpolation: 0, interpolation_duration: 1 }
$data merge entity $(bone_body2) { transformation: [-1.2135038977509063f,-0.10037011612221619f,1.0120664871328446f,0.31356672550784637f,0.1522329075444163f,1.539927045595899f,0.33525256232772355f,-0.5102413476163744f,-1.0055734067925506f,0.35425270426115846f,-1.1705860026156663f,0.7380438007040249f,0f,0f,0f,1f], start_interpolation: 0, interpolation_duration: 1 }
$data merge entity $(bone_right_leg2) { transformation: [-0.9371143110611304f,-0.026857040067582758f,0.3479877403059358f,-1.0489013740936164f,-0.00776761085623448f,0.9983928995033642f,0.056136284547975035f,-2.543155631852883f,-0.34893614347901725f,0.049903082270270294f,-0.9358168892224147f,-0.058790499072853775f,0f,0f,0f,1f], start_interpolation: 0, interpolation_duration: 1 }
$data merge entity $(bone_right_leg1) { transformation: [-1.303272137502899f,0.13078133427112468f,0.24931056133398471f,-0.5997896222225223f,0f,1.1807384672130459f,-0.6193823131323366f,-1.1250042422484263f,-0.28153066153867184f,-0.6054177833756028f,-1.1541176594974825f,-0.36182972177220163f,0f,0f,0f,1f], start_interpolation: 0, interpolation_duration: 1 }
$data merge entity $(bone_left_leg2) { transformation: [-0.9774541031271744f,-0.1589806062559513f,0.1389555436617821f,1.2262448441603495f,0f,0.6580954884385112f,0.7529344779573303f,-2.0721321481892208f,-0.2111479961540039f,0.7359588948653096f,-0.6432581354237048f,-1.1189521407838348f,0f,0f,0f,1f], start_interpolation: 0, interpolation_duration: 1 }
$data merge entity $(bone_left_leg1) { transformation: [-1.303272137502899f,-0.17199614248753708f,0.22288301944250724f,0.6220280066864456f,0f,1.0555772420399585f,0.8145762480364207f,-1.1250042422484263f,-0.28153066153867184f,0.7962108959531384f,-1.031778306399624f,-0.09789472657969679f,0f,0f,0f,1f], start_interpolation: 0, interpolation_duration: 1 }
$data merge entity $(bone_tail3) { transformation: [-0.38737864625152196f,-0.09336843846029906f,0.9171805270108081f,2.3240228284133084f,0.21361930771618615f,0.9586924038706254f,0.1878181730600613f,0.06751752300805908f,-0.8968302937564028f,0.26868421885225624f,-0.3514316643965897f,-2.3976657270426927f,0f,0f,0f,1f], start_interpolation: 0, interpolation_duration: 1 }
$data merge entity $(bone_tail2) { transformation: [-0.5972087463044297f,-0.14394300929296103f,1.413986645808329f,0.5733935916979092f,0.3293297660624536f,1.4779841226338806f,0.2895530168009278f,-0.4376939637407748f,-1.382613369541121f,0.414221504063895f,-0.541790482611409f,-1.9012134340534357f,0f,0f,0f,1f], start_interpolation: 0, interpolation_duration: 1 }
$data merge entity $(bone_tail1) { transformation: [-0.8703889484883731f,-0.09336843846029906f,0.4834308772190597f,0.16854690321370497f,0.0524374613853323f,0.9586924038706254f,0.2795696467863125f,-0.7412913961243984f,-0.4895644911477608f,0.26868421885225624f,-0.8295392694423736f,-0.9586323988774437f,0f,0f,0f,1f], start_interpolation: 0, interpolation_duration: 1 }
$data merge entity $(bone_body1) { transformation: [-1.303272137502899f,-0.0032801323616234762f,0.28151155237057757f,0.5f,0f,1.3332428320335703f,0.015534754870375674f,-1.1875f,-0.28153066153867184f,0.015184509889123558f,-1.3031836766361073f,-0.12499999999999994f,0f,0f,0f,1f], start_interpolation: 0, interpolation_duration: 1 }
data modify entity @s data merge value {"locators":{"hitbox_head":{"posx":-1.6022209005178623,"posy":-0.9033826227925713,"posz":2.2295168803337173,"roty":43.2182109998931,"rotx":53.2670543912442},"hitbox_neck":{"posx":-0.9530098374917593,"posy":-1.0847958516301035,"posz":1.3922604120431386,"roty":43.35624002816854,"rotx":33.8122212719691},"hitbox_right_arm":{"posx":-2.748285118606292,"posy":-1.440871697501183,"posz":-1.1471326814555196,"roty":70.00439463741078,"rotx":35.67640199217261},"hitbox_left_arm":{"posx":-0.5905893080067284,"posy":-3.5796967251895184,"posz":2.373912159655567,"roty":57.78747997161197,"rotx":10.923599689039438},"hitbox_tail1":{"posx":1.3224038636445044,"posy":-1.054290686129475,"posz":-2.232232080745733,"roty":69.03490594040419,"rotx":10.825482575971183},"hitbox_tail2":{"posx":2.9624829503360304,"posy":-1.0851185347258523,"posz":-2.9479940755093605,"roty":69.03490594040419,"rotx":10.825482575971183}},"cameras":{}}