# This file was generated by Animated Java via MC-Build. It is not recommended to edit this file directly.
$data merge entity $(bone_jaw) { transformation: [-0.7763288567400249f,-0.5944334609501889f,0.20967204557476493f,-1.8884964121149437f,0.058681558090001404f,0.26303683288532037f,0.9629995323393411f,-0.4931988537102032f,-0.6275906157144605f,0.7599082083044244f,-0.16932080208498873f,2.59273632255833f,0f,0f,0f,1f], start_interpolation: 0, interpolation_duration: 1 }
$data merge entity $(bone_head) { transformation: [-0.8733699638325281f,-0.5401090827261137f,0.4594911152916071f,-1.7863872753834755f,0.06601675285125158f,0.6638762527044887f,0.9058339303857096f,-0.29190242473560113f,-0.7060394426787681f,0.7301886741464853f,-0.4836918497659978f,2.485249244832553f,0f,0f,0f,1f], start_interpolation: 0, interpolation_duration: 1 }
$data merge entity $(bone_neck) { transformation: [-0.761836598572166f,-0.3015406901680524f,0.5733046391308613f,-0.619271973500012f,0.09672607940942576f,0.8221665493924739f,0.5609690103937599f,-0.7580301022248876f,-0.6405068794619413f,0.4828202328331399f,-0.597189718706609f,1.8072895407291925f,0f,0f,0f,1f], start_interpolation: 0, interpolation_duration: 1 }
$data merge entity $(bone_right_arm2) { transformation: [-0.6043676340992815f,0.21598328534443584f,0.7668709039369411f,-2.097824319372725f,0.7966660635591007f,0.15424780444768038f,0.5844063637541235f,-1.0249005408812555f,0.007933853192729934f,0.9641363157120959f,-0.265288934368967f,-0.3490476945582295f,0f,0f,0f,1f], start_interpolation: 0, interpolation_duration: 1 }
$data merge entity $(bone_right_arm1) { transformation: [-0.6862090845502258f,0.24523102190149482f,0.8707180055117352f,-1.0982576252454805f,0.9045479263327288f,0.1751355279666371f,0.6635447255124942f,-0.6696290673249342f,0.009008229145912112f,1.0946964417981087f,-0.3012134775647646f,0.7315157483125034f,0f,0f,0f,1f], start_interpolation: 0, interpolation_duration: 1 }
$data merge entity $(bone_left_arm2) { transformation: [-0.5260908636401243f,-0.16211875557835514f,0.8348328648802188f,-0.3649691565288914f,0.0132222795729711f,0.9799836548492854f,0.19863838388169242f,-2.5127834224673515f,-0.8503255697186121f,0.11554023246454873f,-0.513416867822587f,2.1577673506017887f,0f,0f,0f,1f], start_interpolation: 0, interpolation_duration: 1 }
$data merge entity $(bone_left_arm1) { transformation: [-0.5740251220317945f,-0.17658807756093847f,0.9635781323194085f,-0.17553128935028672f,-0.14555446900846944f,1.1197950914624482f,0.11850677884709113f,-0.9843892874114857f,-0.9687518065905681f,-0.06361297779842458f,-0.588765091719585f,1.4496144519392415f,0f,0f,0f,1f], start_interpolation: 0, interpolation_duration: 1 }
$data merge entity $(bone_body2) { transformation: [-1.2062412810725962f,-0.10485771647950047f,1.0202603959654082f,0.311156190592773f,0.1531496257315908f,1.5389637818555146f,0.33923460130076716f,-0.510789363485593f,-1.0141358924814072f,0.3571271228514036f,-1.1622964570836751f,0.7379495814222481f,0f,0f,0f,1f], start_interpolation: 0, interpolation_duration: 1 }
$data merge entity $(bone_right_leg2) { transformation: [-0.9413295832557086f,-0.026316374720876293f,0.33646108855138723f,-1.0496784429408705f,-0.007395251814646925f,0.9983242056639985f,0.05739416900647937f,-2.5423840234217137f,-0.3374076554232758f,0.05153861471650922f,-0.9399467246896874f,-0.0601942290706034f,0f,0f,0f,1f], start_interpolation: 0, interpolation_duration: 1 }
$data merge entity $(bone_right_leg1) { transformation: [-1.302510164723323f,0.13290565284156744f,0.2521530011975989f,-0.5991569117983082f,0f,1.1795176037410737f,-0.6217041098808123f,-1.1250047061350534f,-0.28503517076003015f,-0.6073319419275178f,-1.1522502512571338f,-0.36474918454655936f,0f,0f,0f,1f], start_interpolation: 0, interpolation_duration: 1 }
$data merge entity $(bone_left_leg2) { transformation: [-0.9768826235424923f,-0.161873364648736f,0.13963292462035815f,1.2298685739684765f,0f,0.6531728429537768f,0.7572088465064845f,-2.0667635181113533f,-0.21377637807002264f,0.739704164544839f,-0.6380732004513938f,-1.1213492192284025f,0f,0f,0f,1f], start_interpolation: 0, interpolation_duration: 1 }
$data merge entity $(bone_left_leg1) { transformation: [-1.302510164723323f,-0.1752094027835876f,0.22482596323916448f,0.6219463676298073f,0f,1.0516875871361357f,0.8195919697273456f,-1.1250047061350534f,-0.28503517076003015f,0.8006451536216084f,-1.0273753292686219f,-0.0975287119590311f,0f,0f,0f,1f], start_interpolation: 0, interpolation_duration: 1 }
$data merge entity $(bone_tail3) { transformation: [-0.3724028482679446f,-0.09516867843720536f,0.923178769928359f,2.341851000865574f,0.21663962789209118f,0.9583334601176301f,0.18618337961737344f,0.06571843353049656f,-0.9024319310777398f,0.26933232606482f,-0.33626880305466195f,-2.3657619946771153f,0f,0f,0f,1f], start_interpolation: 0, interpolation_duration: 1 }
$data merge entity $(bone_tail2) { transformation: [-0.5741210577464145f,-0.14671837925735826f,1.4232339369728866f,0.5821845784233838f,0.3339860930003072f,1.4774307510146796f,0.2870327102434507f,-0.43598297353762294f,-1.391249227078182f,0.4152206693499308f,-0.5184144047092705f,-1.8985617914714954f,0f,0f,0f,1f], start_interpolation: 0, interpolation_duration: 1 }
$data merge entity $(bone_tail1) { transformation: [-0.8669394855922358f,-0.09516867843720536f,0.48924314094894095f,0.17073117686416345f,0.05318290783104375f,0.9583334601176301f,0.2806573667901939f,-0.7408292892310844f,-0.4955678627955047f,0.26933232606482f,-0.8257557698864775f,-0.9592503031176751f,0f,0f,0f,1f], start_interpolation: 0, interpolation_duration: 1 }
$data merge entity $(bone_body1) { transformation: [-1.302510164723323f,-0.0034978200107584267f,0.28501370813589283f,0.5f,0f,1.333232935785526f,0.016362051047626565f,-1.1875f,-0.28503517076003015f,0.015983803353941624f,-1.3024120881034238f,-0.12499999999999994f,0f,0f,0f,1f], start_interpolation: 0, interpolation_duration: 1 }
data modify entity @s data merge value {"locators":{"hitbox_head":{"posx":-1.6139630947833032,"posy":-0.9123431013452364,"posz":2.2139477174639492,"roty":43.53019422234098,"rotx":53.62819472921396},"hitbox_neck":{"posx":-0.958775593864433,"posy":-1.0881006448415724,"posz":1.3806272285241206,"roty":43.83098595070382,"rotx":34.12283778817186},"hitbox_right_arm":{"posx":-2.7350160338168363,"posy":-1.4215598982335538,"posz":-1.1800436772612963,"roty":70.91760939561637,"rotx":35.76106339662701},"hitbox_left_arm":{"posx":-0.5873861544131379,"posy":-3.592912661730794,"posz":2.3520809001559466,"roty":58.40875041868122,"rotx":11.45734671751552},"hitbox_tail1":{"posx":1.3347968476105279,"posy":-1.0538119486254127,"posz":-2.218941846735473,"roty":69.98579566738573,"rotx":10.730133825058456},"hitbox_tail2":{"posx":2.986047949399108,"posy":-1.0873660818391204,"posz":-2.908411874355439,"roty":69.98579566738573,"rotx":10.730133825058456}},"cameras":{}}