# This file was generated by Animated Java via MC-Build. It is not recommended to edit this file directly.
$data merge entity $(bone_jaw) { transformation: [-0.772998625927789f,-0.6001141797262176f,0.2057573707192024f,-1.901679804760842f,0.05784516659806464f,0.2563069693355277f,0.9648630338920021f,-0.5025737342344291f,-0.631765036239734f,0.7577398687950675f,-0.16341123040795505f,2.5796410922100015f,0f,0f,0f,1f], start_interpolation: 0, interpolation_duration: 1 }
$data merge entity $(bone_head) { transformation: [-0.8696234541687626f,-0.5470240964084012f,0.45841540758155397f,-1.7998097141871634f,0.06507581242282272f,0.6588043945117563f,0.9095971132372329f,-0.3004410424039329f,-0.7107356657697008f,0.7296344343029393f,-0.4776121917228771f,2.473505049604918f,0f,0f,0f,1f], start_interpolation: 0, interpolation_duration: 1 }
$data merge entity $(bone_neck) { transformation: [-0.7580644971639685f,-0.306608396644351f,0.5756122907363254f,-0.6273210579472919f,0.09724164955485733f,0.8195935617765163f,0.5646330269177795f,-0.7611156921982143f,-0.6448893546426318f,0.48400174028784637f,-0.5914896750298743f,1.8011125169086242f,0f,0f,0f,1f], start_interpolation: 0, interpolation_duration: 1 }
$data merge entity $(bone_right_arm2) { transformation: [-0.6026708178992988f,0.20932384577166874f,0.7700463705803366f,-2.092401445486906f,0.7979214915414727f,0.1454399281578825f,0.5849517250454617f,-1.0148643759734113f,0.010448855861845463f,0.966969883134314f,-0.25467639569145345f,-0.3681462602838119f,0f,0f,0f,1f], start_interpolation: 0, interpolation_duration: 1 }
$data merge entity $(bone_right_arm1) { transformation: [-0.6842824911564954f,0.23766978321991553f,0.8743234832630905f,-1.0999223875440787f,0.9059733601877137f,0.16513491842926242f,0.6641639378120345f,-0.6711706254041457f,0.011863805093137034f,1.0979137214754189f,-0.2891638242746711f,0.7226464218352742f,0f,0f,0f,1f], start_interpolation: 0, interpolation_duration: 1 }
$data merge entity $(bone_left_arm2) { transformation: [-0.5187382594530352f,-0.1679395420292374f,0.8382761647587541f,-0.36882571614600834f,0.013851130804765611f,0.9787370715193879f,0.20465065601918264f,-2.5203260494021293f,-0.8548208960683313f,0.1177711979079033f,-0.5053822123781886f,2.1482675953030315f,0f,0f,0f,1f], start_interpolation: 0, interpolation_duration: 1 }
$data merge entity $(bone_left_arm1) { transformation: [-0.5647464681558195f,-0.18146579055359657f,0.9681438945263924f,-0.1808084508233625f,-0.14579361202216287f,1.11908976829485f,0.12471295095439801f,-0.9878290469293665f,-0.9741543288121771f,-0.06228374026165473f,-0.5799267939145076f,1.4456806970701779f,0f,0f,0f,1f], start_interpolation: 0, interpolation_duration: 1 }
$data merge entity $(bone_body2) { transformation: [-1.2002687871762836f,-0.10831741641088771f,1.026920941590388f,0.30929074756546376f,0.1539659451285241f,1.538224615477179f,0.3422045653190645f,-0.5111493611378995f,-1.0210748115175003f,0.3592726180584876f,-1.1555405054096315f,0.7378215599686238f,0f,0f,0f,1f], start_interpolation: 0, interpolation_duration: 1 }
$data merge entity $(bone_right_leg2) { transformation: [-0.9458483584398518f,-0.0255432805603453f,0.3236022615107213f,-1.050486255348439f,-0.00694284320094616f,0.9982630292812927f,0.05850402805298316f,-2.5415180225602727f,-0.32453455866043734f,0.05308921913489273f,-0.9443827905286725f,-0.06038183436619188f,0f,0f,0f,1f], start_interpolation: 0, interpolation_duration: 1 }
$data merge entity $(bone_right_leg1) { transformation: [-1.3019106632364645f,0.1347341125710363f,0.2542697812140918f,-0.5986581461695877f,0f,1.1781525477171324f,-0.6242870750587487f,-1.1250050238358449f,-0.2877610166943514f,-0.609574499954766f,-1.1503870235941067f,-0.3670245975297689f,0f,0f,0f,1f], start_interpolation: 0, interpolation_duration: 1 }
$data merge entity $(bone_left_leg2) { transformation: [-0.9764329974273485f,-0.16422959209932897f,0.14002586408921688f,1.2328128129610607f,0f,0.6488062707856728f,0.760953627357928f,-2.061929257689834f,-0.21582076252076357f,0.7430202312643152f,-0.6335158517329144f,-1.1237111943967795f,0f,0f,0f,1f], start_interpolation: 0, interpolation_duration: 1 }
$data merge entity $(bone_left_leg1) { transformation: [-1.3019106632364645f,-0.17785262164274435f,0.22621858390452715f,0.6218831006145978f,0f,1.0481780402511705f,0.824075587378363f,-1.1250050238358449f,-0.2877610166943514f,0.8046545958905575f,-1.023475625679974f,-0.09724864437881446f,0f,0f,0f,1f], start_interpolation: 0, interpolation_duration: 1 }
$data merge entity $(bone_tail3) { transformation: [-0.35934261193197303f,-0.09651639066650299f,0.9282012031788252f,2.3566753237401965f,0.2190694081847168f,0.9581186747726147f,0.18443752180499107f,0.06313210884215387f,-0.9071281506201347f,0.26961674908039296f,-0.32314907855015623f,-2.338328479034133f,0f,0f,0f,1f], start_interpolation: 0, interpolation_duration: 1 }
$data merge entity $(bone_tail2) { transformation: [-0.5539865267284584f,-0.14879610227752543f,1.4309768549006887f,0.5894770645383718f,0.3377320042847717f,1.477099623607781f,0.2843411794493612f,-0.43495182003898003f,-1.398489232206041f,0.41565915483227245f,-0.49818816276482414f,-1.8963681160326806f,0f,0f,0f,1f], start_interpolation: 0, interpolation_duration: 1 }
$data merge entity $(bone_tail1) { transformation: [-0.864000451730853f,-0.09651639066650299f,0.4941536256485354f,0.17243889375315963f,0.053835884797439656f,0.9581186747726147f,0.2812655374553474f,-0.7405259391849666f,-0.5006045514345218f,0.26961674908039296f,-0.822618922526319f,-0.9597599419191514f,0f,0f,0f,1f], start_interpolation: 0, interpolation_duration: 1 }
$data merge entity $(bone_body1) { transformation: [-1.3019106632364645f,-0.0036485133615082447f,0.2877378860685844f,0.5f,0f,1.333226158168642f,0.016905293628351588f,-1.1875f,-0.2877610166943514f,0.016506886529920797f,-1.3018060138691552f,-0.12499999999999994f,0f,0f,0f,1f], start_interpolation: 0, interpolation_duration: 1 }
data modify entity @s data merge value {"locators":{"hitbox_head":{"posx":-1.6232450516218166,"posy":-0.9191093485874734,"posz":2.2008226393596395,"roty":43.82509816770599,"rotx":53.952630795768656},"hitbox_neck":{"posx":-0.9633266941296852,"posy":-1.0904215814517015,"posz":1.3711033963581003,"roty":44.220589955072285,"rotx":34.37681192473618},"hitbox_right_arm":{"posx":-2.724415402667449,"posy":-1.4029100734326825,"posz":-1.2071248920810338,"roty":71.69946965120957,"rotx":35.79957968085738},"hitbox_left_arm":{"posx":-0.5876031152803334,"posy":-3.6022541446064062,"posz":2.336613809588493,"roty":58.914951174442876,"rotx":11.809049553743542},"hitbox_tail1":{"posx":1.344920511215188,"posy":-1.0541237059005995,"posz":-2.207354650518691,"roty":70.80466736372934,"rotx":10.628340468097791},"hitbox_tail2":{"posx":3.0054662632780706,"posy":-1.0906525457815954,"posz":-2.873971818886612,"roty":70.80466736372934,"rotx":10.628340468097791}},"cameras":{}}