# This file was generated by Animated Java via MC-Build. It is not recommended to edit this file directly.
$data merge entity $(bone_jaw) { transformation: [-0.7654060104431261f,-0.6129199547217798f,0.19617025330408427f,-1.9259176125459754f,0.059642521808385224f,0.23595428213605113f,0.9699321349115086f,-0.5181195570313641f,-0.6407779715079738f,0.7540919743940471f,-0.1440447339704385f,2.5527902678139047f,0f,0f,0f,1f], start_interpolation: 0, interpolation_duration: 1 }
$data merge entity $(bone_head) { transformation: [-0.8610817617485168f,-0.5621938003596256f,0.4561812473362667f,-1.8245440020268051f,0.06709783703443338f,0.6438343248710704f,0.9201088209462582f,-0.31365093015441786f,-0.7208752179464705f,0.7314646218068338f,-0.4592640059874217f,2.4507315998167f,0f,0f,0f,1f], start_interpolation: 0, interpolation_duration: 1 }
$data merge entity $(bone_neck) { transformation: [-0.7507036647809149f,-0.3162690036386025f,0.5800154523992869f,-0.6418937981959119f,0.09864051885778218f,0.8144593210204125f,0.5717744856518487f,-0.7637674485753702f,-0.6532335384255552f,0.4864462269772624f,-0.5802206584874537f,1.78906996784508f,0f,0f,0f,1f], start_interpolation: 0, interpolation_duration: 1 }
$data merge entity $(bone_right_arm2) { transformation: [-0.5940027442442791f,0.19742473409927475f,0.7798616634994286f,-2.08311878702186f,0.8041866948112435f,0.1203189404106957f,0.5820713980836161f,-0.9780832900563095f,0.021083161974277176f,0.972906381387376f,-0.23023612517780156f,-0.40654465699904807f,0f,0f,0f,1f], start_interpolation: 0, interpolation_duration: 1 }
$data merge entity $(bone_right_arm1) { transformation: [-0.6744406158606918f,0.2241593335085515f,0.8854679304316428f,-1.1022180722843673f,0.9130869764002659f,0.1366121302579774f,0.6608935665741057f,-0.6712989367132989f,0.023938173491627208f,1.104654120533583f,-0.26141393379562883f,0.7055191443951827f,0f,0f,0f,1f], start_interpolation: 0, interpolation_duration: 1 }
$data merge entity $(bone_left_arm2) { transformation: [-0.5043459187838474f,-0.16735056915646246f,0.8471298490840027f,-0.3937960615434952f,0.014786077900994284f,0.9792226039545157f,0.20224851990767065f,-2.526284670600565f,-0.8633751016252337f,0.11452894353632095f,-0.49139246533302855f,2.1429841117750765f,0f,0f,0f,1f], start_interpolation: 0, interpolation_duration: 1 }
$data merge entity $(bone_left_arm1) { transformation: [-0.548481826346054f,-0.17724961621489543f,0.9782235259204378f,-0.19013035263951417f,-0.14768307628408725f,1.1193554136663648f,0.12001738965463989f,-0.9931852034888615f,-0.9831217636141566f,-0.06926065543956021f,-0.5637779407361706f,1.4381502656376215f,0f,0f,0f,1f], start_interpolation: 0, interpolation_duration: 1 }
$data merge entity $(bone_body2) { transformation: [-1.1886141359031153f,-0.11279625000202516f,1.0399124416801715f,0.30668971793485f,0.1561808215248218f,1.5373178058974235f,0.34526215996400206f,-0.5109893483145298f,-1.0342864358404624f,0.36176707160914606f,-1.1429438301947392f,0.7371170007626533f,0f,0f,0f,1f], start_interpolation: 0, interpolation_duration: 1 }
$data merge entity $(bone_right_leg2) { transformation: [-0.9650727570182626f,-0.020007743222980212f,0.2612168904804835f,-1.053756842533974f,-0.004112032706177746f,0.998113503397567f,0.06125786090338209f,-2.5374930769949122f,-0.2619497372554379f,0.0580441603140065f,-0.9633344230355566f,-0.05136579583168965f,0f,0f,0f,1f], start_interpolation: 0, interpolation_duration: 1 }
$data merge entity $(bone_right_leg1) { transformation: [-1.3010279134448002f,0.1391519942106352f,0.25639982200159683f,-0.5979132064009072f,0f,1.171874479184803f,-0.6359936971488978f,-1.1250048813545233f,-0.2917261493511461f,-0.6205841645742559f,-1.1434810563547622f,-0.37038174617515207f,0f,0f,0f,1f], start_interpolation: 0, interpolation_duration: 1 }
$data merge entity $(bone_left_leg2) { transformation: [-0.9757709350836001f,-0.16865044726494224f,0.13938475125856303f,1.2383009607966933f,0f,0.6370575124128385f,0.7708162724530184f,-2.0482278711290203f,-0.2187946120133596f,0.752140114949137f,-0.6216222045891077f,-1.1323950947030248f,0f,0f,0f,1f], start_interpolation: 0, interpolation_duration: 1 }
$data merge entity $(bone_left_leg1) { transformation: [-1.3010279134448002f,-0.18304716505598584f,0.2271516708725998f,0.621800462453593f,0f,1.0381959079446155f,0.8366164201740443f,-1.1250048813545233f,-0.2917261493511461f,0.8163459866195213f,-1.013041391895085f,-0.09688848115845262f,0f,0f,0f,1f], start_interpolation: 0, interpolation_duration: 1 }
$data merge entity $(bone_tail3) { transformation: [-0.3263010214100477f,-0.0978585383531824f,0.940186869669077f,2.390129313502586f,0.2233827444889406f,0.9584721147003085f,0.17728890209628856f,0.04770066844939802f,-0.9184921300105668f,0.2678710731178293f,-0.29089052115074904f,-2.2724836000242217f,0f,0f,0f,1f], start_interpolation: 0, interpolation_duration: 1 }
$data merge entity $(bone_tail2) { transformation: [-0.5030474080071567f,-0.15086524662782286f,1.4494547574064935f,0.6048397811380323f,0.3443817310871167f,1.4776445101629754f,0.27332039073177816f,-0.4365067014263333f,-1.4160087004329571f,0.4129679043899868f,-0.4484562201074047f,-1.892101215327481f,0f,0f,0f,1f], start_interpolation: 0, interpolation_duration: 1 }
$data merge entity $(bone_tail1) { transformation: [-0.8573100752446091f,-0.0978585383531824f,0.5054138317809093f,0.1750013442763923f,0.055506164474289285f,0.9584721147003085f,0.27973249909024134f,-0.7406607522690009f,-0.511799277636688f,0.2678710731178293f,-0.8162760486485359f,-0.9608330039338255f,0f,0f,0f,1f], start_interpolation: 0, interpolation_duration: 1 }
$data merge entity $(bone_body1) { transformation: [-1.3010279134448002f,-0.00364596121294906f,0.2917033650510067f,0.5f,0f,1.3332291977701685f,0.016663852822511177f,-1.1875f,-0.2917261493511461f,0.016260103250717223f,-1.3009263009889556f,-0.12499999999999994f,0f,0f,0f,1f], start_interpolation: 0, interpolation_duration: 1 }
data modify entity @s data merge value {"locators":{"hitbox_head":{"posx":-1.6389311260870871,"posy":-0.9269224497900843,"posz":2.171935700476076,"roty":44.807057394560616,"rotx":54.872586334243536},"hitbox_neck":{"posx":-0.9711466857718043,"posy":-1.0913412452356148,"posz":1.3525634458267608,"roty":44.98986633621428,"rotx":34.87405895838025},"hitbox_right_arm":{"posx":-2.7075995243861164,"posy":-1.3391762610831104,"posz":-1.263015278174131,"roty":73.55198297848386,"rotx":35.59636601609502},"hitbox_left_arm":{"posx":-0.6184887970050437,"posy":-3.607555664377728,"posz":2.328112344756847,"roty":59.88337442829135,"rotx":11.668477243309521},"hitbox_tail1":{"posx":1.3653997854766655,"posy":-1.0613975103214839,"posz":-2.178180237205672,"roty":72.80811590083766,"rotx":10.211885672363795},"hitbox_tail2":{"posx":3.0474237592799938,"posy":-1.1105689746655947,"posz":-2.787690301638669,"roty":72.80811590083766,"rotx":10.211885672363795}},"cameras":{}}