# This file was generated by Animated Java via MC-Build. It is not recommended to edit this file directly.
$data merge entity $(bone_jaw) { transformation: [-0.7648979896525536f,-0.6138969938962208f,0.1950936859835938f,-1.923140275018553f,0.06292912752051971f,0.23020499969629932f,0.9711053408484237f,-0.5144167358253673f,-0.6410701914260152f,0.7550735983995271f,-0.13745133926230707f,2.5535598002251985f,0f,0f,0f,1f], start_interpolation: 0, interpolation_duration: 1 }
$data merge entity $(bone_head) { transformation: [-0.8605102383591228f,-0.5628945405681407f,0.4563955147431962f,-1.8217190495200648f,0.07079526846058468f,0.6398339673843754f,0.9226188401202112f,-0.30939032690976476f,-0.7212039653542671f,0.7344298675705885f,-0.4539852530397095f,2.4526741884385963f,0f,0f,0f,1f], start_interpolation: 0, interpolation_duration: 1 }
$data merge entity $(bone_neck) { transformation: [-0.751257866564127f,-0.3153625939664634f,0.5797913868386281f,-0.6399368583422487f,0.09893853514250617f,0.8147235797062842f,0.5713463528670093f,-0.7602844862144996f,-0.6525509820614565f,0.48659215262612043f,-0.5808659852438488f,1.7899919042934445f,0f,0f,0f,1f], start_interpolation: 0, interpolation_duration: 1 }
$data merge entity $(bone_right_arm2) { transformation: [-0.5891130626428469f,0.19936077757327952f,0.783071567475759f,-2.0854050607517833f,0.8076333401234062f,0.11413013253073191f,0.5785349607151047f,-0.9636099850667547f,0.025965117844433616f,0.9732572081489532f,-0.22824596259612073f,-0.4055449962693132f,0f,0f,0f,1f], start_interpolation: 0, interpolation_duration: 1 }
$data merge entity $(bone_right_arm1) { transformation: [-0.6688887898757323f,0.22635754953632775f,0.8891125089047679f,-1.10128450547138f,0.917000354931784f,0.1295852546442685f,0.656878236645275f,-0.668456819417099f,0.029481227552533996f,1.1050524550857905f,-0.25915427003101205f,0.7068218908149693f,0f,0f,0f,1f], start_interpolation: 0, interpolation_duration: 1 }
$data merge entity $(bone_left_arm2) { transformation: [-0.5053237755501765f,-0.15545896581291774f,0.8488111638121244f,-0.40967200775993423f,0.014387288834441367f,0.9819841722997272f,0.18841467902691134f,-2.517039717934422f,-0.8628098792803135f,0.10742250835461688f,-0.4939833164339594f,2.156366019396696f,0f,0f,0f,1f], start_interpolation: 0, interpolation_duration: 1 }
$data merge entity $(bone_left_arm1) { transformation: [-0.5515169281931755f,-0.16388409055636954f,0.9788473270757393f,-0.1886462473484743f,-0.14900771812331268f,1.120809898960889f,0.1036960812924444f,-0.9915139686098403f,-0.9812220873994281f,-0.07809085860865846f,-0.565929359501445f,1.4388604957713973f,0f,0f,0f,1f], start_interpolation: 0, interpolation_duration: 1 }
$data merge entity $(bone_body2) { transformation: [-1.189491622059868f,-0.1101878958198255f,1.0391885070133466f,0.30788643996538795f,0.15665268064230145f,1.5379144366961324f,0.34237927433424453f,-0.5101472938595724f,-1.033205721597306f,0.3600309118129471f,-1.1444684896676591f,0.7367232395236112f,0f,0f,0f,1f], start_interpolation: 0, interpolation_duration: 1 }
$data merge entity $(bone_right_leg2) { transformation: [-0.974185682873387f,-0.015861520325070114f,0.22519029165905435f,-1.0551800142749561f,-0.0020212742915274753f,0.998101448729485f,0.06155820411888163f,-2.5354306981803476f,-0.22573916305052388f,0.059513949768779995f,-0.9723682018907078f,-0.04266894728613724f,0f,0f,0f,1f], start_interpolation: 0, interpolation_duration: 1 }
$data merge entity $(bone_right_leg1) { transformation: [-1.3013843174075581f,0.1396581486594909f,0.25430736854532016f,-0.5982000229833762f,0f,1.1686969139828984f,-0.6418140704476863f,-1.1250041650313587f,-0.29013210126327243f,-0.6264350744790965f,-1.1406928767449653f,-0.36909471549151657f,0f,0f,0f,1f], start_interpolation: 0, interpolation_duration: 1 }
$data merge entity $(bone_left_leg2) { transformation: [-0.9760382380556686f,-0.16815340900385073f,0.1381078886000712f,1.237653371597381f,0f,0.6346896833027977f,0.7727671097484637f,-2.0449444864077306f,-0.21759907594745434f,0.7542502482262619f,-0.6194814002029729f,-1.135932128971224f,0f,0f,0f,1f], start_interpolation: 0, interpolation_duration: 1 }
$data merge entity $(bone_left_leg1) { transformation: [-1.3013843174075581f,-0.18269297169618437f,0.22538836322281355f,0.6218477745862095f,0f,1.0357965089761696f,0.8395852367511935f,-1.1250041650313587f,-0.29013210126327243f,0.8194672951761861f,-1.010976999605313f,-0.09709587055719864f,0f,0f,0f,1f], start_interpolation: 0, interpolation_duration: 1 }
$data merge entity $(bone_tail3) { transformation: [-0.32117626037925856f,-0.09648629207395319f,0.9420913996054812f,2.3934762821940794f,0.22269840360728949f,0.9592045585149507f,0.17416094842100316f,0.03864472754400283f,-0.9204625091765333f,0.2657386128622604f,-0.2865863898277134f,-2.264958810244541f,0f,0f,0f,1f], start_interpolation: 0, interpolation_duration: 1 }
$data merge entity $(bone_tail2) { transformation: [-0.4951467347513569f,-0.14874970028067783f,1.4523909077251167f,0.6049990551502612f,0.3433267055612379f,1.4787736943772154f,0.26849812881571317f,-0.43992060501602015f,-1.419046368313822f,0.40968036149598475f,-0.44182068431772475f,-1.8924931328763188f,0f,0f,0f,1f], start_interpolation: 0, interpolation_duration: 1 }
$data merge entity $(bone_tail1) { transformation: [-0.8568891640452903f,-0.09648629207395319f,0.5063905172725724f,0.1740702760538142f,0.055781648441777465f,0.9592045585149507f,0.2771552319932937f,-0.7413707450641169f,-0.5124737732205247f,0.2657386128622604f,-0.8165498278703879f,-0.9608497191114662f,0f,0f,0f,1f], start_interpolation: 0, interpolation_duration: 1 }
$data merge entity $(bone_body1) { transformation: [-1.3013843174075581f,-0.0033494436426449907f,0.2901127667144735f,0.5f,0f,1.3332444793310139f,0.015392729165145039f,-1.1875f,-0.29013210126327243f,0.015023892253216268f,-1.30129759250369f,-0.12499999999999994f,0f,0f,0f,1f], start_interpolation: 0, interpolation_duration: 1 }
data modify entity @s data merge value {"locators":{"hitbox_head":{"posx":-1.6357763921886523,"posy":-0.9211366532678098,"posz":2.1707646100770774,"roty":45.15169202311631,"rotx":55.095369685193646},"hitbox_neck":{"posx":-0.9697787422417169,"posy":-1.0877548551414793,"posz":1.3538526041834023,"roty":44.94695253123021,"rotx":34.844164492640054},"hitbox_right_arm":{"posx":-2.7131211884781203,"posy":-1.316530514197326,"posz":-1.263056403254929,"roty":73.74990457146099,"rotx":35.34756541927291},"hitbox_left_arm":{"posx":-0.6470358878811926,"posy":-3.594130435299758,"posz":2.3498607867140784,"roty":59.801844343996805,"rotx":10.860281118489432},"hitbox_tail1":{"posx":1.3651986439819017,"posy":-1.0674256723137048,"posz":-2.1737674218825003,"roty":73.08011734648831,"rotx":10.029834198705473},"hitbox_tail2":{"posx":3.0500409528192263,"posy":-1.1223457220200554,"posz":-2.7749455839043464,"roty":73.08011734648831,"rotx":10.029834198705473}},"cameras":{}}