# This file was generated by Animated Java via MC-Build. It is not recommended to edit this file directly.
$data merge entity $(bone_jaw) { transformation: [-0.7745183827182472f,-0.5979890059310002f,0.20622905619035548f,-1.8675408113816663f,0.07736936268235901f,0.23402182008189043f,0.9691479605528172f,-0.4688340956034465f,-0.6278019246144728f,0.7665787216660881f,-0.1349881733306676f,2.601761160949063f,0f,0f,0f,1f], start_interpolation: 0, interpolation_duration: 1 }
$data merge entity $(bone_head) { transformation: [-0.8713331805580281f,-0.5413356749762723f,0.4619081894236279f,-1.7648945470653046f,0.0870405330176539f,0.6436744831185955f,0.9185489129023078f,-0.26471211495848923f,-0.7062771651912819f,0.7471705607021683f,-0.4566549234918797f,2.5002822890619787f,0f,0f,0f,1f], start_interpolation: 0, interpolation_duration: 1 }
$data merge entity $(bone_neck) { transformation: [-0.766322821941507f,-0.29445586471711593f,0.5710035694330647f,-0.60493337966825f,0.09828233011764735f,0.8245907721740346f,0.557127132737291f,-0.7373151801031758f,-0.6348936258604674f,0.4830587978487969f,-0.6029629189781277f,1.814571757608137f,0f,0f,0f,1f], start_interpolation: 0, interpolation_duration: 1 }
$data merge entity $(bone_right_arm2) { transformation: [-0.5771745509723367f,0.22992160998633276f,0.7835850885329391f,-2.112979331077704f,0.8159279709852071f,0.12284925918092753f,0.5649509763534003f,-0.947670234731303f,0.033631590415031304f,0.9654243174791022f,-0.2585049387268368f,-0.3367273327297955f,0f,0f,0f,1f], start_interpolation: 0, interpolation_duration: 1 }
$data merge entity $(bone_right_arm1) { transformation: [-0.6553336047498406f,0.26105682800531527f,0.8896955692717744f,-1.0921254224253913f,0.9264182170561204f,0.1394850963616781f,0.6414547544012565f,-0.6530042767462501f,0.03818586828373345f,1.0961588604710637f,-0.2935108158460959f,0.7421600665821286f,0f,0f,0f,1f], start_interpolation: 0, interpolation_duration: 1 }
$data merge entity $(bone_left_arm2) { transformation: [-0.5344205144263524f,-0.09422342482752541f,0.8399503913768027f,-0.4482290714993832f,0.010668022660673187f,0.9929357776624601f,0.11817247873492628f,-2.453430367183847f,-0.8451514107263765f,0.07211440668560555f,-0.5296400714594761f,2.238695181133477f,0f,0f,0f,1f], start_interpolation: 0, interpolation_duration: 1 }
$data merge entity $(bone_left_arm1) { transformation: [-0.5943145623980698f,-0.10132616517481448f,0.9621300411675131f,-0.16497716105660953f,-0.1524644506329468f,1.1248714367817834f,0.02428680609145598f,-0.9736663380249013f,-0.9553616064921329f,-0.11648289963722774f,-0.6024009809730717f,1.4549397442178442f,0f,0f,0f,1f], start_interpolation: 0, interpolation_duration: 1 }
$data merge entity $(bone_body2) { transformation: [-1.2133444680740528f,-0.08907147599142946f,1.013314323595224f,0.31856534080602283f,0.15561368935294165f,1.5424332595618415f,0.3219137523123907f,-0.5059369020654201f,-1.0052482409457402f,0.346280747958337f,-1.1732476559164118f,0.7357174088961973f,0f,0f,0f,1f], start_interpolation: 0, interpolation_duration: 1 }
$data merge entity $(bone_right_leg2) { transformation: [-0.9938753269202462f,-0.00046132548615927804f,0.11050620669432754f,-1.056935370920557f,0.006040869497705055f,0.9982692449536257f,0.058498055313231934f,-2.5312190134671653f,-0.11034193416324235f,0.05880732742196393f,-0.9921523853756542f,-0.01127906288062408f,0f,0f,0f,1f], start_interpolation: 0, interpolation_duration: 1 }
$data merge entity $(bone_right_leg1) { transformation: [-1.3046624188317377f,0.13476246586748597f,0.23973491289174326f,-0.6008961523197496f,0f,1.1622838500749069f,-0.6533559746668189f,-1.1250014310426202f,-0.2750159098414072f,-0.6393067397002348f,-1.1372910444058446f,-0.35663082844442406f,0f,0f,0f,1f], start_interpolation: 0, interpolation_duration: 1 }
$data merge entity $(bone_left_leg2) { transformation: [-0.9784968141238033f,-0.15818080130294046f,0.13237378459773205f,1.225030299619887f,0f,0.6417751597186636f,0.7668928506434806f,-2.0504066339505105f,-0.20626193238105545f,0.7504022111289675f,-0.6279749491685075f,-1.1404071374370703f,0f,0f,0f,1f], start_interpolation: 0, interpolation_duration: 1 }
$data merge entity $(bone_left_leg1) { transformation: [-1.3046624188317377f,-0.17215347830751096f,0.21446895013619663f,0.6222248653350045f,0f,1.0397892992681714f,0.8346352442265916f,-1.1250014310426202f,-0.2750159098414072f,0.8166879274311625f,-1.017430516693928f,-0.09880341296810473f,0f,0f,0f,1f], start_interpolation: 0, interpolation_duration: 1 }
$data merge entity $(bone_tail3) { transformation: [-0.34924534629301507f,-0.08713250502311841f,0.9329713900549512f,2.3568009724008574f,0.21223901961368852f,0.9624348967094366f,0.16933300962693723f,0.01591247602841478f,-0.9126786327322955f,0.25715169873888116f,-0.3176329913431778f,-2.334831581485208f,0f,0f,0f,1f], start_interpolation: 0, interpolation_duration: 1 }
$data merge entity $(bone_tail2) { transformation: [-0.5384199088683982f,-0.13432927857730753f,1.438330893001383f,0.5801612924530315f,0.3272018219044364f,1.4837537990937146f,0.2610550565081949f,-0.4555135827034008f,-1.4070462254622889f,0.39644220222244175f,-0.48968419498739907f,-1.9015704953218266f,0f,0f,0f,1f], start_interpolation: 0, interpolation_duration: 1 }
$data merge entity $(bone_tail1) { transformation: [-0.8657948881080467f,-0.08713250502311841f,0.4927546430977297f,0.1648338451751995f,0.05452161744327433f,0.9624348967094366f,0.2659820723794469f,-0.7449347367869724f,-0.4974199482905205f,0.25715169873888116f,-0.8285206086020815f,-0.9590898551458f,0f,0f,0f,1f], start_interpolation: 0, interpolation_duration: 1 }
$data merge entity $(bone_body1) { transformation: [-1.3046624188317377f,-0.0018610438500460927f,0.27500961288959563f,0.5f,0f,1.3333028044241015f,0.009022720909100841f,-1.1875f,-0.2750159098414072f,0.0088287036642834f,-1.304632546391316f,-0.12499999999999994f,0f,0f,0f,1f], start_interpolation: 0, interpolation_duration: 1 }
data modify entity @s data merge value {"locators":{"hitbox_head":{"posx":-1.5924603358072722,"posy":-0.8774615258305722,"posz":2.212036122975185,"roty":45.32767120831218,"rotx":54.73475107882802},"hitbox_neck":{"posx":-0.9490492875492181,"posy":-1.0670364462017765,"posz":1.3913482603568705,"roty":43.44059970666092,"rotx":33.857351738608344},"hitbox_right_arm":{"posx":-2.770766894766277,"posy":-1.3019994839023552,"posz":-1.1707972064445398,"roty":71.74226273693058,"rotx":34.398887089530646},"hitbox_left_arm":{"posx":-0.740579560208612,"posy":-3.506119135630062,"posz":2.484222773348008,"roty":57.766062407738914,"rotx":6.786642847999119},"hitbox_tail1":{"posx":1.330584170169776,"posy":-1.08745318856867,"posz":-2.198722121832885,"roty":71.19869994330838,"rotx":9.74904110177757},"hitbox_tail2":{"posx":2.9959587921496107,"posy":-1.1520335079875685,"posz":-2.8510117437105267,"roty":71.19869994330838,"rotx":9.74904110177757}},"cameras":{}}