# This file was generated by Animated Java via MC-Build. It is not recommended to edit this file directly.
$data merge entity $(bone_jaw) { transformation: [-0.9541659076201328f,0.05655769443843764f,0.2938854333498973f,0.5976983985512392f,0.2347687329146187f,0.750467765313776f,0.6178039942171073f,1.0446955252533008f,-0.18560997489659053f,0.6584826196831284f,-0.7293487346901559f,3.021050011077614f,0f,0f,0f,1f], start_interpolation: 0, interpolation_duration: 1 }
$data merge entity $(bone_head) { transformation: [-1.0734366460726494f,0.17313158648728932f,0.2887632605244241f,0.6618680120011112f,0.264114824528946f,1.031404687114018f,0.36341812126430767f,1.1254551077564803f,-0.20881122175866434f,0.41455376630737445f,-1.0247770725909242f,2.7933217727240756f,0f,0f,0f,1f], start_interpolation: 0, interpolation_duration: 1 }
$data merge entity $(bone_neck) { transformation: [-0.9791364079544796f,0.07569645715379632f,-0.1885787395025286f,0.917788504406638f,0.09363102274489886f,0.9917035871381203f,-0.08807512042074549f,-0.04660650029207758f,0.18034723784339837f,-0.10389437728649259f,-0.9781006247674666f,2.018829172045708f,0f,0f,0f,1f], start_interpolation: 0, interpolation_duration: 1 }
$data merge entity $(bone_right_arm2) { transformation: [-0.6808623306828588f,0.7232740226953492f,-0.11533071902660295f,-1.3100361595410206f,0.7302272127444241f,0.6825149710140489f,-0.030684395206704407f,-0.8187772603698374f,0.05652171639834436f,-0.10510947833463735f,-0.9928531075338413f,2.597023809732717f,0f,0f,0f,1f], start_interpolation: 0, interpolation_duration: 1 }
$data merge entity $(bone_right_arm1) { transformation: [-0.7730624379628293f,0.8212173799353444f,-0.13094842056145542f,-0.22725939574577092f,0.8291121478035648f,0.7749388733388679f,-0.034839573724278955f,-0.17226788660114f,0.06417569882728681f,-0.11934305352578614f,-1.1273019658457155f,1.758818071614507f,0f,0f,0f,1f], start_interpolation: 0, interpolation_duration: 1 }
$data merge entity $(bone_left_arm2) { transformation: [-0.9118845730359224f,-0.3965712621806867f,-0.10581946641100841f,1.841311456390096f,0.13697629316608342f,-0.05099592837835225f,-0.9892607898826825f,0.39533430994002655f,0.3869160381395074f,-0.916586411257142f,0.10082326184556972f,2.576993808205117f,0f,0f,0f,1f], start_interpolation: 0, interpolation_duration: 1 }
$data merge entity $(bone_left_arm1) { transformation: [-1.0139530692174719f,-0.5000105373890062f,-0.10516483665593865f,0.892025284808624f,0.1580386869682396f,-0.08467018418881579f,-1.1211715926990082f,-0.34275267324996733f,0.4858950028455406f,-1.0158697895664743f,0.14520889711151638f,1.5663482606282226f,0f,0f,0f,1f], start_interpolation: 0, interpolation_duration: 1 }
$data merge entity $(bone_body2) { transformation: [-1.550299312594593f,0.08303756426265972f,-0.3108395868201199f,0.6323010809411609f,0.14824911934608986f,1.541991264297365f,-0.3274592858481307f,-0.40477313866593434f,0.28554979325204743f,-0.3497315373202475f,-1.5175946796894664f,0.6548181419587025f,0f,0f,0f,1f], start_interpolation: 0, interpolation_duration: 1 }
$data merge entity $(bone_right_leg2) { transformation: [-0.9995752270631725f,-0.004377467399453466f,0.028813247313933768f,-0.9019552225020984f,-0.0046847995379579455f,0.9999327645520055f,-0.010607498700091977f,-2.5204078956693268f,-0.02876487606259301f,-0.010737977209420158f,-0.9995285277322271f,0.5792418565718748f,0f,0f,0f,1f], start_interpolation: 0, interpolation_duration: 1 }
$data merge entity $(bone_right_leg1) { transformation: [-1.314549033624477f,-0.1141012430191188f,-0.19162338666306683f,-0.6103419781760453f,0f,1.1456195065914405f,-0.6821537391929782f,-1.1254070825020757f,0.2230215594392866f,-0.6725434039795899f,-1.1294797614683463f,0.05615300465822384f,0f,0f,0f,1f], start_interpolation: 0, interpolation_duration: 1 }
$data merge entity $(bone_left_leg2) { transformation: [-0.9859117752183578f,0.044859257377229234f,-0.16113850723321796f,0.8776290267708107f,0f,0.963365799780954f,0.2681908570634031f,-2.4286523617965825f,0.16726616957946494f,0.2644125239847126f,-0.9497936858466935f,-0.888400609719503f,0f,0f,0f,1f], start_interpolation: 0, interpolation_duration: 1 }
$data merge entity $(bone_left_leg1) { transformation: [-1.314549033624477f,0.05911625532834176f,-0.21504391256365651f,0.622047740846902f,0f,1.285639009396298f,0.35342625156641f,-1.1254070825020757f,0.2230215594392866f,0.34844710309060917f,-1.2675266380438752f,-0.15292970731610733f,0f,0f,0f,1f], start_interpolation: 0, interpolation_duration: 1 }
$data merge entity $(bone_tail3) { transformation: [-0.911212669663107f,0.019819681505992438f,-0.41145917278684485f,-1.1628007836427408f,0.028304416831967036f,0.9994936284440468f,-0.01453776762629888f,-0.6989822856746958f,0.4109626876411482f,-0.024893109985596906f,-0.9113122420125876f,-3.5886518099312563f,0f,0f,0f,1f], start_interpolation: 0, interpolation_duration: 1 }
$data merge entity $(bone_tail2) { transformation: [-1.4047861990639565f,0.03055534232173834f,-0.634332891379719f,-0.5089326086576688f,0.04363597594928251f,1.5408860105179052f,-0.022412391757210774f,-0.8555909746046483f,0.6335674767801034f,-0.03837687789446189f,-1.4049397064360725f,-1.8239035620802115f,0f,0f,0f,1f], start_interpolation: 0, interpolation_duration: 1 }
$data merge entity $(bone_tail1) { transformation: [-0.9689445969907307f,0.019819681505992438f,-0.2464823486326592f,-0.12592703861162702f,0.025340115174551387f,0.9994936284440468f,-0.01924487627121757f,-0.8383108079632985f,0.24597610966394928f,-0.024893109985596906f,-0.9689561840196046f,-0.8251346302673754f,0f,0f,0f,1f], start_interpolation: 0, interpolation_duration: 1 }
$data merge entity $(bone_body1) { transformation: [-1.314549033624477f,-0.025412929181712986f,-0.22156894864835297f,0.5f,0f,1.3246489066223868f,-0.15193107635336742f,-1.1875f,0.2230215594392866f,-0.14979063719838434f,-1.305986955069134f,-0.12499999999999994f,0f,0f,0f,1f], start_interpolation: 0, interpolation_duration: 1 }
data modify entity @s data merge value {"locators":{"hitbox_head":{"posx":0.4854717804736105,"posy":0.4515030256752738,"posz":2.8476744227174575,"roty":15.73685640877406,"rotx":18.846770087555406},"hitbox_neck":{"posx":0.42340647143454063,"posy":-0.3606704440438301,"posz":2.270225760545775,"roty":349.0872212022035,"rotx":-5.0528798183822},"hitbox_right_arm":{"posx":-2.018198718390747,"posy":-1.4403108329840077,"posz":3.2020924491091716,"roty":353.374165297828,"rotx":-1.7583623416666505},"hitbox_left_arm":{"posx":2.347785237591032,"posy":0.9323996149368399,"posz":3.418986336155755,"roty":226.38502659511673,"rotx":-81.59547385527834},"hitbox_tail1":{"posx":-0.6927739673702306,"posy":-1.6187439632847598,"posz":-2.4831312319298116,"roty":335.7007354393228,"rotx":-0.8329820716196481},"hitbox_tail2":{"posx":-1.420259900311956,"posy":-2.0189951672973003,"posz":-4.068592739207241,"roty":335.7007354393228,"rotx":-0.8329820716196481}},"cameras":{}}