# This file was generated by Animated Java via MC-Build. It is not recommended to edit this file directly.
$data merge entity $(bone_jaw) { transformation: [-0.7882169523543892f,-0.5732592682733811f,0.2238031442134499f,-1.7999542360332268f,0.08660547531907455f,0.25672216265869785f,0.9625971238501589f,-0.4190890104072174f,-0.6092729500526968f,0.778117948988782f,-0.1527053692427854f,2.6614906382875296f,0f,0f,0f,1f], start_interpolation: 0, interpolation_duration: 1 }
$data merge entity $(bone_head) { transformation: [-0.8867440713986878f,-0.510294596934462f,0.46787752262613963f,-1.695981453227418f,0.09743115973395887f,0.6607371087198448f,0.9052947819762552f,-0.2179123921902718f,-0.6854320688092839f,0.7540894492698029f,-0.47660988402234195f,2.5555773307270093f,0f,0f,0f,1f], start_interpolation: 0, interpolation_duration: 1 }
$data merge entity $(bone_neck) { transformation: [-0.7841981624886664f,-0.2696434084568776f,0.5588610509108293f,-0.5633116466326035f,0.09656958749560782f,0.8366389366987386f,0.5391749292859711f,-0.717046426135634f,-0.6129498810835412f,0.4767889699598359f,-0.630051364100032f,1.8435472573551783f,0f,0f,0f,1f], start_interpolation: 0, interpolation_duration: 1 }
$data merge entity $(bone_right_arm2) { transformation: [-0.5766746180926078f,0.2647210793102582f,0.7728965875306715f,-2.1405894600354234f,0.8164500143696496f,0.1528628360665057f,0.5568144460998685f,-0.9691014529505255f,0.029253356791037965f,0.9521321880487588f,-0.3042836466160145f,-0.24615163910170257f,0f,0f,0f,1f], start_interpolation: 0, interpolation_duration: 1 }
$data merge entity $(bone_right_arm1) { transformation: [-0.6547659726259817f,0.3005687254668556f,0.8775596670921164f,-1.0815658213594326f,0.9270109538155396f,0.17356301178384498f,0.6322164023425589f,-0.6407996784100927f,0.03321474885649102f,1.0810667551803614f,-0.34548872376193307f,0.7851851766665839f,0f,0f,0f,1f], start_interpolation: 0, interpolation_duration: 1 }
$data merge entity $(bone_left_arm2) { transformation: [-0.5696914242385318f,-0.05011599443466502f,0.8203292438106164f,-0.4471747620642373f,0.007209173093722631f,0.9977959328657644f,0.06596441601229755f,-2.394752201843278f,-0.8218270553908393f,0.04349325761958215f,-0.5680744912150684f,2.309701917750737f,0f,0f,0f,1f], start_interpolation: 0, interpolation_duration: 1 }
$data merge entity $(bone_left_arm1) { transformation: [-0.6409562305033117f,-0.059888043170765126f,0.935285806483027f,-0.13722810941134816f,-0.15254080069353917f,1.1246530742455354f,-0.03252343244929756f,-0.9547789430638238f,-0.9247039643297759f,-0.14401351262880382f,-0.6429258849024153f,1.4736131259105099f,0f,0f,0f,1f], start_interpolation: 0, interpolation_duration: 1 }
$data merge entity $(bone_body2) { transformation: [-1.2416470906070551f,-0.06935056218431283f,0.9800242070256221f,0.32918469509530257f,0.15290184686804573f,1.5464997810381387f,0.3031565551291516f,-0.5028582292830412f,-0.9705039783822736f,0.3323753468868493f,-1.2060651313965056f,0.7354469927891332f,0f,0f,0f,1f], start_interpolation: 0, interpolation_duration: 1 }
$data merge entity $(bone_right_leg2) { transformation: [-0.9991757093368904f,0.008594746494016023f,0.03967407470660908f,-1.0549700020060504f,0.010733453372700298f,0.9984825627218332f,0.05401263666158529f,-2.531964748536004f,-0.03914964686709274f,0.05439395438046357f,-0.9977517741788475f,0.004449355392015353f,0f,0f,0f,1f], start_interpolation: 0, interpolation_duration: 1 }
$data merge entity $(bone_right_leg1) { transformation: [-1.307811983142864f,0.12682852235894113f,0.22653944566444478f,-0.6035060636564906f,0f,1.1634148376529923f,-0.6513399214746773f,-1.1250003325957443f,-0.25962587414529076f,-0.6388726158029364f,-1.141145899536595f,-0.34385933621327297f,0f,0f,0f,1f], start_interpolation: 0, interpolation_duration: 1 }
$data merge entity $(bone_left_leg2) { transformation: [-0.9808589873571482f,-0.14661095401035001f,0.1281439623426904f,1.2103406892800312f,0f,0.6580954884385112f,0.7529344779573303f,-2.067398548597341f,-0.19471940560896808f,0.73852254959551f,-0.6454988743741059f,-1.1353977492663876f,0f,0f,0f,1f], start_interpolation: 0, interpolation_duration: 1 }
$data merge entity $(bone_left_leg1) { transformation: [-1.307811983142864f,-0.1594745439319443f,0.20487426476598938f,0.6225676705399446f,0f,1.052151243607502f,0.8189966656543628f,-1.1250003325957443f,-0.25962587414529076f,0.8033202401226192f,-1.0320120033514186f,-0.10046007920206287f,0f,0f,0f,1f], start_interpolation: 0, interpolation_duration: 1 }
$data merge entity $(bone_tail3) { transformation: [-0.4011846451920876f,-0.07899499646919683f,0.912584610321109f,2.292718801116637f,0.20052908193266394f,0.9645337476283041f,0.17164712926624137f,0.01151914301999668f,-0.8937779185912693f,0.2518619467464873f,-0.37111533519881373f,-2.448728005503761f,0f,0f,0f,1f], start_interpolation: 0, interpolation_duration: 1 }
$data merge entity $(bone_tail2) { transformation: [-0.6184929946711349f,-0.12178395289001177f,1.406901274245043f,0.5462861379535209f,0.3091490013128569f,1.4869895275936353f,0.2646226576187888f,-0.46610316679292996f,-1.3779076244948734f,0.38828716790083456f,-0.5721361417648377f,-1.9118331068448602f,0f,0f,0f,1f], start_interpolation: 0, interpolation_duration: 1 }
$data merge entity $(bone_tail1) { transformation: [-0.8784272253209917f,-0.07899499646919683f,0.47130181449650194f,0.15533136321611152f,0.052097789388926036f,0.9645337476283041f,0.25876721203986786f,-0.7475555532589053f,-0.47502782040176406f,0.2518619467464873f,-0.8431572389687578f,-0.9566000628903344f,0f,0f,0f,1f], start_interpolation: 0, interpolation_duration: 1 }
$data merge entity $(bone_body1) { transformation: [-1.307811983142864f,-0.0008469947669121388f,0.25962449253791753f,0.5f,0f,1.3333262379574566f,0.004349822064540695f,-1.1875f,-0.25962587414529076f,0.004266562065409166f,-1.307805023579667f,-0.12499999999999994f,0f,0f,0f,1f], start_interpolation: 0, interpolation_duration: 1 }
data modify entity @s data merge value {"locators":{"hitbox_head":{"posx":-1.5424504334377558,"posy":-0.8364593364724787,"posz":2.2690303822499915,"roty":44.47028071080365,"rotx":53.5819173163336},"hitbox_neck":{"posx":-0.9241520810694612,"posy":-1.0498980998106033,"posz":1.4370328735909732,"roty":41.573305138365896,"rotx":32.62749035508274},"hitbox_right_arm":{"posx":-2.8278009967418054,"posy":-1.3493433861688624,"posz":-1.0443136690430141,"roty":68.51080866588282,"rotx":33.835780476925905},"hitbox_left_arm":{"posx":-0.7716176755199722,"posy":-3.4259809160335486,"posz":2.601610096700617,"roty":55.297564389202705,"rotx":3.7822289629348957},"hitbox_tail1":{"posx":1.283082385550192,"posy":-1.0965622113852,"posz":-2.244149120030001,"roty":67.87019290813099,"rotx":9.8836004540049},"hitbox_tail2":{"posx":2.9097285772880817,"posy":-1.157879890529892,"posz":-2.9880491866578582,"roty":67.87019290813099,"rotx":9.8836004540049}},"cameras":{}}