# This file was generated by Animated Java via MC-Build. It is not recommended to edit this file directly.
$data merge entity $(bone_jaw) { transformation: [-0.7923383594455222f,-0.5654297507345778f,0.22910504388906783f,-1.7802465166923802f,0.08838675958079682f,0.2651797771970383f,0.9601392953611135f,-0.40529520729278995f,-0.6036453469397283f,0.7810050465585753f,-0.16013560618442343f,2.6786256820759093f,0f,0f,0f,1f], start_interpolation: 0, interpolation_duration: 1 }
$data merge entity $(bone_head) { transformation: [-0.8913806543762125f,-0.5008060512012683f,0.469317406542766f,-1.6759537596828766f,0.09943510452839642f,0.6669230512791144f,0.9005283469497128f,-0.20517779685952042f,-0.6791010153071944f,0.7550045978355021f,-0.4841640922827608f,2.571033661568629f,0f,0f,0f,1f], start_interpolation: 0, interpolation_duration: 1 }
$data merge entity $(bone_neck) { transformation: [-0.7892578038655281f,-0.26259325771216113f,0.5550827866557185f,-0.55131475727317f,0.09597347547230438f,0.8400926651021398f,0.5338851993147506f,-0.7119812668234611f,-0.6065156313262919f,0.47464628413767085f,-0.6378477043238229f,1.851728540572394f,0f,0f,0f,1f], start_interpolation: 0, interpolation_duration: 1 }
$data merge entity $(bone_right_arm2) { transformation: [-0.5781481718910887f,0.27440563406932544f,0.7684049969449727f,-2.147571179963365f,0.815496256971387f,0.16356641079609047f,0.555168338546915f,-0.9794782897960714f,0.02665607256611019f,0.9476009588694472f,-0.3183423888599417f,-0.21892588468697316f,0f,0f,0f,1f], start_interpolation: 0, interpolation_duration: 1 }
$data merge entity $(bone_right_arm1) { transformation: [-0.6564390701680068f,0.31156473034954657f,0.8724598402812709f,-1.0784640461317416f,0.9259280417695954f,0.1857160289247277f,0.6303473843918097f,-0.6379617231787571f,0.030265749059437606f,1.0759219220496847f,-0.3614512540180588f,0.7976099588110571f,0f,0f,0f,1f], start_interpolation: 0, interpolation_duration: 1 }
$data merge entity $(bone_left_arm2) { transformation: [-0.5797830588664948f,-0.04065606558598305f,0.8137559148678913f,-0.4417894340438182f,0.006366335897429783f,0.9984977388864046f,0.0544218265586363f,-2.3801038124278104f,-0.814746018350904f,0.036733496563837245f,-0.5786532431530501f,2.3270129530065167f,0f,0f,0f,1f], start_interpolation: 0, interpolation_duration: 1 }
$data merge entity $(bone_left_arm1) { transformation: [-0.6537357532607974f,-0.05157797460734075f,0.9268982060552209f,-0.1292640907434347f,-0.15211514955142755f,1.1242916741392832f,-0.04472381560733235f,-0.9496057936478155f,-0.9157846652624889f,-0.14992982005237104f,-0.6542404014378652f,1.4788581972310337f,0f,0f,0f,1f], start_interpolation: 0, interpolation_duration: 1 }
$data merge entity $(bone_body2) { transformation: [-1.249658189453753f,-0.06433435266896262f,0.9701339830365073f,0.3320042938784864f,0.1519580028311486f,1.5475242244679397f,0.2983655216423567f,-0.5021832626140034f,-0.960316416266629f,0.3285944463864423f,-1.2152211794143692f,0.7354647942730412f,0f,0f,0f,1f], start_interpolation: 0, interpolation_duration: 1 }
$data merge entity $(bone_right_leg2) { transformation: [-0.9996607681019238f,0.010224159580271397f,0.023954441733188503f,-1.0540178936093207f,0.011475859560614546f,0.9985437949050167f,0.0527123733485132f,-2.532800168952387f,-0.023380619436119104f,0.05296938943923307f,-0.9983223880176273f,0.006617359486583374f,0f,0f,0f,1f], start_interpolation: 0, interpolation_duration: 1 }
$data merge entity $(bone_right_leg1) { transformation: [-1.308625488975157f,0.12437473038777114f,0.2231771355297804f,-0.6041826097755343f,0f,1.1646836667586113f,-0.6490683586214119f,-1.1250001941763657f,-0.2554938499892096f,-0.6370405486344357f,-1.143101049685025f,-0.34042002818052475f,0f,0f,0f,1f], start_interpolation: 0, interpolation_duration: 1 }
$data merge entity $(bone_left_leg2) { transformation: [-0.9814691167313678f,-0.14335492557211188f,0.12715242119898043f,1.206198096523508f,0f,0.6635641586120398f,0.7481193804504036f,-2.0733520984422116f,-0.1916203874919072f,0.7342560675402757f,-0.651267728647552f,-1.1327822331950779f,0f,0f,0f,1f], start_interpolation: 0, interpolation_duration: 1 }
$data merge entity $(bone_left_leg1) { transformation: [-1.308625488975157f,-0.15586927403793202f,0.20243981029727523f,0.6226537861386755f,0f,1.0564627957754493f,0.8134274023661231f,-1.1250001941763657f,-0.2554938499892096f,0.7983538741253697f,-1.0368856070292818f,-0.1008945438156407f,0f,0f,0f,1f], start_interpolation: 0, interpolation_duration: 1 }
$data merge entity $(bone_tail3) { transformation: [-0.4178579495260751f,-0.07698629868971422f,0.9052446320370655f,2.2712181017046165f,0.19721731525500907f,0.964956959667369f,0.17309938345676956f,0.01254766805239449f,-0.8868483887235012f,0.2508608694148321f,-0.3880319054085169f,-2.484302524435599f,0f,0f,0f,1f], start_interpolation: 0, interpolation_duration: 1 }
$data merge entity $(bone_tail2) { transformation: [-0.6441976721860323f,-0.11868721047997609f,1.3955854743904759f,0.5360871039486808f,0.30404336101813895f,1.4876419794871938f,0.26686154949585306f,-0.468290941459804f,-1.3672245992820642f,0.38674384034786613f,-0.5982158541714635f,-1.9146351634003484f,0f,0f,0f,1f], start_interpolation: 0, interpolation_duration: 1 }
$data merge entity $(bone_tail1) { transformation: [-0.8821914370614569f,-0.07698629868971422f,0.4645550324660142f,0.1527713115862228f,0.05130611761227936f,0.964956959667369f,0.257343638516794f,-0.7481318220854325f,-0.4680875459473327f,0.2508608694148321f,-0.8473268988563022f,-0.9558393901221107f,0f,0f,0f,1f], start_interpolation: 0, interpolation_duration: 1 }
$data merge entity $(bone_body1) { transformation: [-1.308625488975157f,-0.0006368736585710542f,0.25549305621533386f,0.5f,0f,1.3333291909041998f,0.003323621598447877f,-1.1875f,-0.2554938499892096f,0.003262031954577935f,-1.3086214233088942f,-0.12499999999999994f,0f,0f,0f,1f], start_interpolation: 0, interpolation_duration: 1 }
data modify entity @s data merge value {"locators":{"hitbox_head":{"posx":-1.5280941219440514,"posy":-0.8258373661672821,"posz":2.2860766884052284,"roty":44.10791798806335,"rotx":53.1749732676822},"hitbox_neck":{"posx":-0.9168565358958385,"posy":-1.045764928414955,"posz":1.4502093313980993,"roty":41.03120741892724,"rotx":32.26833992273155},"hitbox_right_arm":{"posx":-2.84231357324837,"posy":-1.3696603538049077,"posz":-1.0056896445910675,"roty":67.49626938504514,"rotx":33.72231030407829},"hitbox_left_arm":{"posx":-0.7717748847126249,"posy":-3.4062103605871226,"posz":2.630527704166136,"roty":54.58376913497628,"rotx":3.119682214873014},"hitbox_tail1":{"posx":1.2684147561822083,"posy":-1.0976549994906777,"posz":-2.25869670183939,"roty":66.79767082967146,"rotx":9.968072906694589},"hitbox_tail2":{"posx":2.881462724255716,"posy":-1.1565899383165945,"posz":-3.0318253623348568,"roty":66.79767082967146,"rotx":9.968072906694589}},"cameras":{}}