# This file was generated by Animated Java via MC-Build. It is not recommended to edit this file directly.
$data merge entity $(bone_jaw) { transformation: [-0.7966991382172018f,-0.5569606032301491f,0.23466011508877369f,-1.759645969372707f,0.08985441889635848f,0.27479828225218195f,0.9572941488779966f,-0.3911873111117873f,-0.5976593231672753f,0.7837606717109239f,-0.1688861833024704f,2.696379580458953f,0f,0f,0f,1f], start_interpolation: 0, interpolation_duration: 1 }
$data merge entity $(bone_head) { transformation: [-0.896286530494352f,-0.49071005017876f,0.47063691090686455f,-1.6550599891711815f,0.10108622125840329f,0.6738899500197835f,0.8951418385563434f,-0.19226690254371093f,-0.6723667385631847f,0.7554475375007139f,-0.4927950760285793f,2.5868695635637136f,0f,0f,0f,1f], start_interpolation: 0, interpolation_duration: 1 }
$data merge entity $(bone_neck) { transformation: [-0.7944718887026138f,-0.25531903072628354f,0.551023239628142f,-0.5388411924753329f,0.09530536547993489f,0.8436721096100631f,0.5283315803326938f,-0.7070517927240567f,-0.5997760460138748f,0.47226005972884977f,-0.6459405008302742f,1.8601546161841502f,0f,0f,0f,1f], start_interpolation: 0, interpolation_duration: 1 }
$data merge entity $(bone_right_arm2) { transformation: [-0.5804118896771671f,0.28427119904556547f,0.7630936533051345f,-2.154318311421996f,0.8139864030046792f,0.1755887714933857f,0.5537099593189085f,-0.9920754662815439f,0.02341311694080936f,0.9425277018309011f,-0.3333067014574954f,-0.1900652968545542f,0f,0f,0f,1f], start_interpolation: 0, interpolation_duration: 1 }
$data merge entity $(bone_right_arm1) { transformation: [-0.65900933307095f,0.3227662572496524f,0.8664292521902046f,-1.0752067605032969f,0.9242137284115627f,0.199366417633115f,0.6286915163100106f,-0.6353103576036877f,0.02658364319321062f,1.0701616614538354f,-0.3784419839465312f,0.8105373555024724f,0f,0f,0f,1f], start_interpolation: 0, interpolation_duration: 1 }
$data merge entity $(bone_left_arm2) { transformation: [-0.590224859001373f,-0.03221084830607316f,0.8065959813117175f,-0.43410153118602707f,0.0055617890096716265f,0.9990175945478493f,0.04396489834903249f,-2.366004018120407f,-0.8072197236935068f,0.030435292593172188f,-0.5894658689397941f,2.343547525087725f,0f,0f,0f,1f], start_interpolation: 0, interpolation_duration: 1 }
$data merge entity $(bone_left_arm1) { transformation: [-0.6667233637503456f,-0.044468795990274666f,0.9179724883443097f,-0.12099865570956236f,-0.15148843801223358f,1.123891853945678f,-0.05558201802385898f,-0.9443445257886842f,-0.9064779182762712f,-0.15511490502903405f,-0.6658889974010651f,1.484248395076148f,0f,0f,0f,1f], start_interpolation: 0, interpolation_duration: 1 }
$data merge entity $(bone_body2) { transformation: [-1.2579138237791385f,-0.05941364399771655f,0.959722499109354f,0.3348310887159641f,0.15090016200989692f,1.5485292579863084f,0.29365068144004797f,-0.5015740394950516f,-0.9496454061886351f,0.3247639150394179f,-1.2246005252479424f,0.7355266163522256f,0f,0f,0f,1f], start_interpolation: 0, interpolation_duration: 1 }
$data merge entity $(bone_right_leg2) { transformation: [-0.9998905386585775f,0.01150044261475136f,0.009308626145931947f,-1.0528765041654775f,0.011963940526269257f,0.9986079508828773f,0.05137143720575271f,-2.5339314484397955f,-0.008704873815501862f,0.05147718186891653f,-0.9986362325284872f,0.007832961378824388f,0f,0f,0f,1f], start_interpolation: 0, interpolation_duration: 1 }
$data merge entity $(bone_right_leg1) { transformation: [-1.3094312947203937f,0.12176347405536195f,0.2198661378444174f,-0.604853833116715f,0f,1.1664076780212813f,-0.645965096913742f,-1.125000100983943f,-0.2513313792280048f,-0.6343851848969595f,-1.145498037002411f,-0.3369505132578937f,0f,0f,0f,1f], start_interpolation: 0, interpolation_duration: 1 }
$data merge entity $(bone_left_leg2) { transformation: [-0.9820734710402953f,-0.14000751845401999f,0.12621248850733247f,1.2019368569337798f,0f,0.6695674791053926f,0.7427512308468089f,-2.0799886525873963f,-0.18849853442100362f,0.7294362793971771f,-0.6575644583007333f,-1.1295360093737346f,0f,0f,0f,1f], start_interpolation: 0, interpolation_duration: 1 }
$data merge entity $(bone_left_leg1) { transformation: [-1.3094312947203937f,-0.15214903217135636f,0.2000453303478257f,0.622738005683654f,0f,1.0612566880813663f,0.8071629449995502f,-1.125000100983943f,-0.2513313792280048f,0.7926933150908152f,-1.0422320393287954f,-0.10132734523163923f,0f,0f,0f,1f], start_interpolation: 0, interpolation_duration: 1 }
$data merge entity $(bone_tail3) { transformation: [-0.4358756523777389f,-0.0750390477090273f,0.8968732112083642f,2.247345046055525f,0.19378098834039925f,0.9653207142833752f,0.17494241090499615f,0.014601611094861133f,-0.8788978007835146f,0.25005011476573413f,-0.40621865526283324f,-2.522382107811316f,0f,0f,0f,1f], start_interpolation: 0, interpolation_duration: 1 }
$data merge entity $(bone_tail2) { transformation: [-0.6719749640823474f,-0.11568519855141708f,1.382679533946228f,0.5252931399380674f,0.2987456903581155f,1.4882027678535366f,0.2697028834785357f,-0.4701904197375896f,-1.354967442874585f,0.38549392693050677f,-0.6262537601968678f,-1.9174687508100183f,0f,0f,0f,1f], start_interpolation: 0, interpolation_duration: 1 }
$data merge entity $(bone_tail1) { transformation: [-0.8861451900578986f,-0.0750390477090273f,0.4572918580689722f,0.1501886894970218f,0.050440429465817345f,0.9653207142833752f,0.25614777307393943f,-0.7486524823118774f,-0.4606543880313686f,0.25005011476573413f,-0.8516293060323186f,-0.9550308146467588f,0f,0f,0f,1f], start_interpolation: 0, interpolation_duration: 1 }
$data merge entity $(bone_body1) { transformation: [-1.3094312947203937f,-0.00045180152283439426f,0.2513309731410658f,0.5f,0f,1.3333311790092146f,0.0023968436901759373f,-1.1875f,-0.2513313792280048f,0.002353876602352113f,-1.3094291790158288f,-0.12499999999999994f,0f,0f,0f,1f], start_interpolation: 0, interpolation_duration: 1 }
data modify entity @s data merge value {"locators":{"hitbox_head":{"posx":-1.5131757698793327,"posy":-0.8153007188203527,"posz":2.304064008293478,"roty":43.68247517247147,"rotx":52.71968519948721},"hitbox_neck":{"posx":-0.9092104052578012,"posy":-1.0418175986294496,"posz":1.4639116333826785,"roty":40.46602634092571,"rotx":31.89279559410009},"hitbox_right_arm":{"posx":-2.8564120802249517,"posy":-1.3936450672465914,"posz":-0.964476328147907,"roty":66.40508941401897,"rotx":33.621905878297056},"hitbox_left_arm":{"posx":-0.7682996198482268,"posy":-3.3873516736558775,"posz":2.6582963996952937,"roty":53.84040947874905,"rotx":2.5198153308016447},"hitbox_tail1":{"posx":1.2526572149728055,"posy":-1.098130671495486,"posz":-2.2744194372795774,"roty":65.63291433416587,"rotx":10.075306796870391},"hitbox_tail2":{"posx":2.850324977478328,"posy":-1.1539767202680085,"posz":-3.079070877026686,"roty":65.63291433416587,"rotx":10.075306796870391}},"cameras":{}}