# This file was generated by Animated Java via MC-Build. It is not recommended to edit this file directly.
$data merge entity $(bone_jaw) { transformation: [-0.9370559258752372f,-0.03910026789952255f,0.3469832284596586f,0.08957917062867476f,0.23718219036692198f,0.65801171890463f,0.7146783796624345f,0.747077575733871f,-0.2562631466966159f,0.7519918529042449f,-0.6073198933105924f,3.1812051076455097f,0f,0f,0f,1f], start_interpolation: 0, interpolation_duration: 1 }
$data merge entity $(bone_head) { transformation: [-1.054187916609642f,0.09277435737567497f,0.38171423223106776f,0.17440455556891205f,0.2668299641627872f,0.9713964298799692f,0.5008150818828594f,0.8583698161522842f,-0.28829604003369286f,0.5598275579408181f,-0.9322572062853209f,2.974036839582105f,0f,0f,0f,1f], start_interpolation: 0, interpolation_duration: 1 }
$data merge entity $(bone_neck) { transformation: [-0.9963246899226124f,0.08537284792108614f,0.006970587382244289f,0.5875218518621377f,0.08563023736543099f,0.9947425788325392f,0.05616639837419886f,-0.19572409386096756f,-0.0021388546819156445f,0.05655686249636166f,-0.9983970886401949f,2.10381696600052f,0f,0f,0f,1f], start_interpolation: 0, interpolation_duration: 1 }
$data merge entity $(bone_right_arm2) { transformation: [-0.6448498207210667f,0.7535890843414764f,0.12756253633956705f,-1.7640144766116377f,0.7640754305854883f,0.6314821205159453f,0.13198131626971138f,-0.9679098230331613f,0.018906218331772445f,0.18257552801528548f,-0.9830100363060039f,2.0618255755723474f,0f,0f,0f,1f], start_interpolation: 0, interpolation_duration: 1 }
$data merge entity $(bone_right_arm1) { transformation: [-0.732173233943711f,0.8556376061793846f,0.14483662980221673f,-0.48571399070466414f,0.867543978477273f,0.7169953243358128f,0.14985378618123477f,-0.28712595697852167f,0.021466435397533293f,0.20729929743402203f,-1.1161259787224418f,1.619728362903353f,0f,0f,0f,1f], start_interpolation: 0, interpolation_duration: 1 }
$data merge entity $(bone_left_arm2) { transformation: [-0.9939950005366027f,-0.07273955681109828f,-0.0817489803188036f,1.2177039108210863f,0.05582568065470732f,0.3054439717818072f,-0.9505721821521989f,-0.20326186926001227f,0.09411393248439771f,-0.9494276891775801f,-0.29954904562565837f,3.102565472461613f,0f,0f,0f,1f], start_interpolation: 0, interpolation_duration: 1 }
$data merge entity $(bone_left_arm1) { transformation: [-1.1207013217672825f,-0.16010272072970202f,-0.0869866262620708f,0.6582908439878301f,0.04161647134188618f,0.3028081164012997f,-1.0935018614062761f,-0.478890612364436f,0.1773911600011684f,-1.082518069318424f,-0.29301537996664273f,1.6332331822253687f,0f,0f,0f,1f], start_interpolation: 0, interpolation_duration: 1 }
$data merge entity $(bone_body2) { transformation: [-1.5775140923774698f,0.13503659784888666f,-0.01260357236386146f,0.5707487428272284f,0.13558120916193242f,1.566523711298275f,-0.18591837485012574f,-0.4263548701577241f,-0.003386519913033104f,-0.1863143140666374f,-1.5723294668424943f,0.6836618308698337f,0f,0f,0f,1f], start_interpolation: 0, interpolation_duration: 1 }
$data merge entity $(bone_right_leg2) { transformation: [-0.9919243107016413f,-0.007369485079416413f,0.1266169519801284f,-0.9557108295389742f,-0.00723418298708281f,0.9999726649176102f,0.0015284024607801205f,-2.526399349309396f,-0.12662475443444413f,0.0006000893574931165f,-0.9919505085724689f,0.44671894917820615f,0f,0f,0f,1f], start_interpolation: 0, interpolation_duration: 1 }
$data merge entity $(bone_right_leg1) { transformation: [-1.3282595974556606f,-0.05810382849843871f,-0.1006387830735643f,-0.6211937930715823f,0f,1.1547005383792515f,-0.6666666666666666f,-1.125237831369266f,0.1162076569968774f,-0.6641297987278303f,-1.1503065542170945f,-0.032376294960976215f,0f,0f,0f,1f], start_interpolation: 0, interpolation_duration: 1 }
$data merge entity $(bone_left_leg2) { transformation: [-0.9961946980917455f,0.03335305878500257f,-0.0805214068653803f,0.9291784980151133f,0f,0.9238795325112868f,0.3826834323650898f,-2.369164678959738f,0.08715574274765805f,0.38122720636965357f,-0.9203638919632244f,-0.9563239433016286f,0f,0f,0f,1f], start_interpolation: 0, interpolation_duration: 1 }
$data merge entity $(bone_left_leg1) { transformation: [-1.3282595974556606f,0.03974535950161216f,-0.10919947775878563f,0.6240495795430997f,0f,1.252923494381211f,0.45602685776755836f,-1.125237831369266f,0.1162076569968774f,0.45429153789548016f,-1.2481557422171456f,-0.14132097339554878f,0f,0f,0f,1f], start_interpolation: 0, interpolation_duration: 1 }
$data merge entity $(bone_tail3) { transformation: [-0.995832951313267f,0.027493098718975945f,-0.08695322076574985f,-0.31680884968913325f,0.023410393837524548f,0.9985907138081626f,0.04762919017237589f,-0.48988512167522025f,0.08814015281970287f,0.045395107874450516f,-0.9950731619544296f,-3.7782264053850674f,0f,0f,0f,1f], start_interpolation: 0, interpolation_duration: 1 }
$data merge entity $(bone_tail2) { transformation: [-1.5352424666079532f,0.042385193858421245f,-0.13405288201386434f,-0.28340563567731863f,0.036091023832850344f,1.539494017120917f,0.0734283348490795f,-0.763499312857765f,0.13588273559704192f,0.06998412463977788f,-1.5340711246797456f,-1.9099582903445085f,0f,0f,0f,1f], start_interpolation: 0, interpolation_duration: 1 }
$data merge entity $(bone_tail1) { transformation: [-0.995832951313267f,0.027493098718975945f,-0.08695322076574985f,-0.06653871969955105f,0.023410393837524548f,0.9985907138081626f,0.04762919017237589f,-0.8170316266456049f,0.08814015281970287f,0.045395107874450516f,-0.9950731619544296f,-0.8637105748703899f,0f,0f,0f,1f], start_interpolation: 0, interpolation_duration: 1 }
$data merge entity $(bone_body1) { transformation: [-1.3282595974556606f,-0.010128164658527948f,-0.11576545177795342f,0.5f,0f,1.3282595974556606f,-0.11620765699687757f,-1.1875f,0.1162076569968774f,-0.11576545177795358f,-1.3232051686748054f,-0.12499999999999994f,0f,0f,0f,1f], start_interpolation: 0, interpolation_duration: 1 }
data modify entity @s data merge value {"locators":{"hitbox_head":{"posx":0.016831514740462683,"posy":0.17958983236261827,"posz":2.9219818646942395,"roty":22.266726187923865,"rotx":26.434149390390086},"hitbox_neck":{"posx":0.0564733655076437,"posy":-0.5329582420372292,"posz":2.206338351303451,"roty":0.40001994505828975,"rotx":3.219791986704557},"hitbox_right_arm":{"posx":-2.6216879429179643,"posy":-1.6176278872723693,"posz":2.3719367043557997,"roty":7.3937993313204515,"rotx":7.584100040491292},"hitbox_left_arm":{"posx":1.393442645325124,"posy":-0.03690885500663926,"posz":4.195885563671748,"roty":344.73530612411764,"rotx":-71.9104136523846},"hitbox_tail1":{"posx":-0.23932668007884525,"posy":-1.482623579200069,"posz":-2.6391349391964796,"roty":355.00596570407555,"rotx":2.7299844224138186},"hitbox_tail2":{"posx":-0.40180472843852344,"posy":-1.7737440140764722,"posz":-4.3975361380696505,"roty":355.00596570407555,"rotx":2.7299844224138186}},"cameras":{}}