# This file was generated by Animated Java via MC-Build. It is not recommended to edit this file directly.
$data merge entity $(bone_jaw) { transformation: [-0.8704993526883774f,-0.3855457452531359f,0.30591723600725707f,-1.4129745339969901f,0.07906782436486554f,0.5039447650505366f,0.8601092680167829f,-0.18302550954401442f,-0.4857768583612467f,0.7729127713366906f,-0.40819932849689244f,2.9595270128969866f,0f,0f,0f,1f], start_interpolation: 0, interpolation_duration: 1 }
$data merge entity $(bone_head) { transformation: [-0.9793117717744246f,-0.3144831206921439f,0.4557124317634616f,-1.311705104716221f,0.08895130241047372f,0.8245404451001053f,0.7601616408327906f,-0.014100700470060956f,-0.5464989656564025f,0.6977524067990384f,-0.6928964275724271f,2.805550028992003f,0f,0f,0f,1f], start_interpolation: 0, interpolation_duration: 1 }
$data merge entity $(bone_neck) { transformation: [-0.8704993526883774f,-0.14922015890251009f,0.46900343404523753f,-0.33684371937635993f,0.07906782436486554f,0.8981531143726997f,0.4325150428514909f,-0.6565038243566509f,-0.4857768583612467f,0.4135871459798164f,-0.7700431913606843f,1.9833420225885152f,0f,0f,0f,1f], start_interpolation: 0, interpolation_duration: 1 }
$data merge entity $(bone_right_arm2) { transformation: [-0.6854716614570447f,0.3950526813209192f,0.6116060662881548f,-2.1681379900718802f,0.7255124925285696f,0.44134763248836073f,0.528056711425867f,-1.335381805658343f,-0.06132066963350097f,0.8056957529229452f,-0.5891469504271645f,0.3456333844419178f,0f,0f,0f,1f], start_interpolation: 0, interpolation_duration: 1 }
$data merge entity $(bone_right_arm1) { transformation: [-0.7782959489460195f,0.4485493985831269f,0.6944277210980091f,-1.0149422810597406f,0.8237589758918133f,0.5011134577211596f,0.5995643910981197f,-0.6197967028272641f,-0.06962451031303755f,0.9148003861312605f,-0.6689272666308429f,1.0172332409950768f,0f,0f,0f,1f], start_interpolation: 0, interpolation_duration: 1 }
$data merge entity $(bone_left_arm2) { transformation: [-0.7441349755642426f,-0.010737908087217224f,0.6679429881897964f,-0.1526186445605095f,-0.0014758582151234445f,0.9998947902725774f,0.014430184624152832f,-2.2532902557965198f,-0.6680276640862509f,0.009752215936327469f,-0.7440725329561617f,2.453412504180606f,0f,0f,0f,1f], start_interpolation: 0, interpolation_duration: 1 }
$data merge entity $(bone_left_arm1) { transformation: [-0.8421385872387962f,-0.04961514914449726f,0.7599420660834995f,0.011447266591773197f,-0.12727655143639785f,1.1262387300102896f,-0.06751303151030867f,-0.8695945554900862f,-0.7508490436048691f,-0.1352614762030315f,-0.8408930096733319f,1.5622933562821562f,0f,0f,0f,1f], start_interpolation: 0, interpolation_duration: 1 }
$data merge entity $(bone_body2) { transformation: [-1.3782906417565977f,-0.009373633913783135f,0.7792120932569523f,0.37096885084036435f,0.1251907219110371f,1.5599911717291413f,0.24020672704772308f,-0.5f,-0.7691466924053073f,0.2707104053390566f,-1.3572301523498453f,0.7404339735338243f,0f,0f,0f,1f], start_interpolation: 0, interpolation_duration: 1 }
$data merge entity $(bone_right_leg2) { transformation: [-0.9978786099541476f,-0.00394371667298133f,-0.06498251222276216f,-1.0251986984712325f,-0.00625211186931296f,0.9993551407562182f,0.03535836168847123f,-2.568776264049588f,0.06480116428855101f,0.03568963074791326f,-0.9972597752661669f,-0.06719403535383789f,0f,0f,0f,1f], start_interpolation: 0, interpolation_duration: 1 }
$data merge entity $(bone_right_leg1) { transformation: [-1.3187565310991607f,0.0778347501610969f,0.18055675320642534f,-0.6127008231149169f,0f,1.2244110052849528f,-0.5278214356341249f,-1.125f,-0.19661889395754f,-0.522050974122478f,-1.2110250074769153f,-0.29089719177667434f,0f,0f,0f,1f], start_interpolation: 0, interpolation_duration: 1 }
$data merge entity $(bone_left_leg2) { transformation: [-0.9890673983243705f,-0.09111215531014136f,0.11594937139373274f,1.1395333461576778f,0f,0.786288432136619f,0.6178596130903342f,-2.2191702667933213f,-0.14746417046815502f,0.6111048000489591f,-0.7776922539059141f,-1.0238053328823744f,0f,0f,0f,1f], start_interpolation: 0, interpolation_duration: 1 }
$data merge entity $(bone_left_leg1) { transformation: [-1.3187565310991607f,-0.09735691271926224f,0.1708233620054948f,0.6236334247905463f,0f,1.1584058789547405f,0.6602072382069685f,-1.125f,-0.19661889395754f,0.6529894554482842f,-1.1457414889014208f,-0.10656697869148057f,0f,0f,0f,1f], start_interpolation: 0, interpolation_duration: 1 }
$data merge entity $(bone_tail3) { transformation: [-0.7607652864857123f,-0.05551662712709833f,0.6466483456955125f,1.6271742555125244f,0.12862911995570023f,0.9636747363178759f,0.2340631369568785f,0.13920686455773695f,-0.6361530699271476f,0.26124491707036734f,-0.7259892319636446f,-3.1817799527650052f,0f,0f,0f,1f], start_interpolation: 0, interpolation_duration: 1 }
$data merge entity $(bone_tail2) { transformation: [-1.1728464833321397f,-0.08558813348760992f,0.9969161996139151f,0.3300223141090553f,0.19830322659837116f,1.4856652184900585f,0.3608473361418543f,-0.4642718903015494f,-0.9807359828043525f,0.40275258048348295f,-1.1192333992772854f,-1.9490526985247592f,0f,0f,0f,1f], start_interpolation: 0, interpolation_duration: 1 }
$data merge entity $(bone_tail1) { transformation: [-0.9481556166720119f,-0.05551662712709833f,0.3129198470627066f,0.11606442868893102f,0.031118331173114296f,0.9636747363178759f,0.26525959369582236f,-0.75f,-0.31627926906188036f,0.26124491707036734f,-0.9119860290961587f,-0.9405326339773554f,0f,0f,0f,1f], start_interpolation: 0, interpolation_duration: 1 }
$data merge entity $(bone_body1) { transformation: [-1.3187565310991607f,0f,0.19661889395754f,0.5f,0f,1.3333333333333333f,0f,-1.1875f,-0.19661889395754f,0f,-1.3187565310991607f,-0.12499999999999994f,0f,0f,0f,1f], start_interpolation: 0, interpolation_duration: 1 }
data modify entity @s data merge value {"locators":{"hitbox_head":{"posx":-1.2635790464882137,"posy":-0.6833347368681169,"posz":2.6103810328737667,"roty":33.33259924116402,"rotx":42.508473482413876},"hitbox_neck":{"posx":-0.774761265387762,"posy":-1.007841710420417,"posz":1.6816138125855462,"roty":31.343972747994883,"rotx":25.627277285944224},"hitbox_right_arm":{"posx":-2.911835683377942,"posy":-1.9954132630766017,"posz":-0.1693214351195389,"roty":46.07154635597948,"rotx":31.87424843816714},"hitbox_left_arm":{"posx":-0.4293437945954253,"posy":-3.260307897242728,"posz":2.85744828372775,"roty":41.91385654750903,"rotx":0.8268173729800485},"hitbox_tail1":{"posx":0.911326182930758,"posy":-1.042188175876565,"posz":-2.564584849561647,"roty":41.691883246287745,"rotx":13.536404348662549},"hitbox_tail2":{"posx":2.0637795230705667,"posy":-0.993955712321231,"posz":-3.9330328493994124,"roty":41.691883246287745,"rotx":13.536404348662549}},"cameras":{}}