# This file was generated by Animated Java via MC-Build. It is not recommended to edit this file directly.
$data merge entity $(bone_jaw) { transformation: [-0.9003140445015309f,-0.30222028966222525f,0.31320523269858713f,-1.2404528760265998f,0.07030421402255506f,0.6091825135144439f,0.7899075785931513f,-0.0851819570093981f,-0.4295252481100107f,0.7331845345782365f,-0.5272082126554257f,3.0577475221859705f,0f,0f,0f,1f], start_interpolation: 0, interpolation_duration: 1 }
$data merge entity $(bone_head) { transformation: [-1.0128533000642221f,-0.23841151230384316f,0.42768346162788307f,-1.145412106775959f,0.07909224077537444f,0.8900716217677554f,0.6834778164453095f,0.06670200220067068f,-0.48321590412376203f,0.6454126268711454f,-0.7845826477033143f,2.883395822696345f,0f,0f,0f,1f], start_interpolation: 0, interpolation_duration: 1 }
$data merge entity $(bone_neck) { transformation: [-0.9003140445015309f,-0.1074850489591658f,0.42176010423407895f,-0.23837213531589063f,0.07030421402255506f,0.9203874794349718f,0.3846351585463947f,-0.6338457353913186f,-0.4295252481100107f,0.37594394788264f,-0.8210811222324191f,2.0315895903122048f,0f,0f,0f,1f], start_interpolation: 0, interpolation_duration: 1 }
$data merge entity $(bone_right_arm2) { transformation: [-0.7429501782132921f,0.41486640497885285f,0.5252722139165176f,-2.1156690627310706f,0.6632782909467219f,0.5617440001543381f,0.4944750621107181f,-1.4846010830544243f,-0.08992742324582123f,0.7157719918455356f,-0.6925196850904974f,0.6196442722669976f,0f,0f,0f,1f], start_interpolation: 0, interpolation_duration: 1 }
$data merge entity $(bone_right_arm1) { transformation: [-0.843558014846342f,0.47104623065307244f,0.5964028262177126f,-0.9778603284370668f,0.7530972261790904f,0.637813500175238f,0.5614352267715444f,-0.6146349435715874f,-0.10210509514369284f,0.8126994490746184f,-0.7862983924465022f,1.1110900478288652f,0f,0f,0f,1f], start_interpolation: 0, interpolation_duration: 1 }
$data merge entity $(bone_left_arm2) { transformation: [-0.8043658942904127f,-0.010728984228159433f,0.5940373700364451f,-0.010071881579246267f,-0.003694629411486395f,0.999907932025078f,0.013056691267067565f,-2.209901424143647f,-0.5941227632534344f,0.00830760920864998f,-0.8043314775721138f,2.47512621399268f,0f,0f,0f,1f], start_interpolation: 0, interpolation_duration: 1 }
$data merge entity $(bone_left_arm1) { transformation: [-0.9101470707467272f,-0.05697224010839574f,0.6764299523325583f,0.07617161602627148f,-0.11416033038041266f,1.1281427266961999f,-0.05858680836452892f,-0.8344709786573686f,-0.6691567346466977f,-0.11497460156025027f,-0.910044566171061f,1.5929239756282652f,0f,0f,0f,1f], start_interpolation: 0, interpolation_duration: 1 }
$data merge entity $(bone_body2) { transformation: [-1.425497237127424f,0.006525887318482854f,0.6891004891750055f,0.3870009711462137f,0.11131500553571219f,1.5646512676352817f,0.21545260424124726f,-0.5f,-0.6800816428408504f,0.24242167379683205f,-1.4091363083778934f,0.7426728758455581f,0f,0f,0f,1f], start_interpolation: 0, interpolation_duration: 1 }
$data merge entity $(bone_right_leg2) { transformation: [-0.9978385352501784f,-0.013690636349851515f,-0.06427148703830092f,-1.0143392840321852f,-0.01567074348842807f,0.9994147761546166f,0.030406134287956188f,-2.5812534527300626f,0.0638175945041667f,0.03134759448751151f,-0.9974691187959397f,-0.11215810572153478f,0f,0f,0f,1f], start_interpolation: 0, interpolation_duration: 1 }
$data merge entity $(bone_right_leg1) { transformation: [-1.3221681917646597f,0.06003435465839646f,0.16138440669500037f,-0.6155794118014317f,0f,1.2496687563646585f,-0.46487178570417187f,-1.125f,-0.17218899634862678f,-0.46097901623017f,-1.2392042099305889f,-0.2702844656691538f,0f,0f,0f,1f], start_interpolation: 0, interpolation_duration: 1 }
$data merge entity $(bone_left_leg2) { transformation: [-0.9916261438234949f,-0.07107122648320578f,0.10782611767061953f,1.1133871755116753f,0f,0.8349439275612917f,0.5503350232617624f,-2.2805023148965464f,-0.1291417472614701f,0.5457265969280748f,-0.827952227196447f,-0.9632321117605388f,0f,0f,0f,1f], start_interpolation: 0, interpolation_duration: 1 }
$data merge entity $(bone_left_leg1) { transformation: [-1.3221681917646597f,-0.07540164402392391f,0.1548019461829756f,0.6239532679779368f,0f,1.198697938239537f,0.5838673056766072f,-1.125f,-0.17218899634862678f,0.5789780848327077f,-1.188660214105646f,-0.10885728159231618f,0f,0f,0f,1f], start_interpolation: 0, interpolation_duration: 1 }
$data merge entity $(bone_tail3) { transformation: [-0.877391265134555f,-0.04662555240128445f,0.4775045818930539f,1.2301315620845583f,0.0893247164564264f,0.9619900328426682f,0.258062534555757f,0.1949880168737208f,-0.4713869566455612f,0.2690747750619469f,-0.8398768377147917f,-3.4193083047555124f,0f,0f,0f,1f], start_interpolation: 0, interpolation_duration: 1 }
$data merge entity $(bone_tail2) { transformation: [-1.352644867082439f,-0.07188105995198019f,0.7361528970851247f,0.23387885396850372f,0.137708937870324f,1.4830679672991132f,0.39784640744012534f,-0.4580867770192706f,-0.7267215581619068f,0.41482361155383474f,-1.2948101248103037f,-1.953914123945088f,0f,0f,0f,1f], start_interpolation: 0, interpolation_duration: 1 }
$data merge entity $(bone_tail1) { transformation: [-0.9698689487134967f,-0.04662555240128445f,0.2391239849631394f,0.10104323853435515f,0.02088579788155797f,0.9619900328426682f,0.27228470423109147f,-0.75f,-0.2427303148933552f,0.2690747750619469f,-0.9320304499624116f,-0.9332904814983563f,0f,0f,0f,1f], start_interpolation: 0, interpolation_duration: 1 }
$data merge entity $(bone_body1) { transformation: [-1.3221681917646597f,0f,0.17218899634862678f,0.5f,0f,1.3333333333333333f,0f,-1.1875f,-0.17218899634862678f,0f,-1.3221681917646597f,-0.12499999999999994f,0f,0f,0f,1f], start_interpolation: 0, interpolation_duration: 1 }
data modify entity @s data merge value {"locators":{"hitbox_head":{"posx":-1.1317622281704582,"posy":-0.617637181127335,"posz":2.7427728765744073,"roty":28.59522135991017,"rotx":37.41154040380014},"hitbox_neck":{"posx":-0.7009422772362288,"posy":-0.9919183279864549,"posz":1.7784831260802618,"roty":27.187949749751823,"rotx":22.621092329875385},"hitbox_right_arm":{"posx":-2.839605960806513,"posy":-2.2521277210799515,"posz":0.2445116590138468,"roty":37.18010876776489,"rotx":29.635141295514888},"hitbox_left_arm":{"posx":-0.24608871397615859,"posy":-3.2161067874640414,"posz":2.9061170162734267,"roty":36.4476457745175,"rotx":0.7481145611127262},"hitbox_tail1":{"posx":0.706806326462761,"posy":-1.013326898701242,"posz":-2.6742121615897725,"roty":29.620014084211107,"rotx":14.955130800339829},"hitbox_tail2":{"posx":1.559923926926087,"posy":-0.9224637255446679,"posz":-4.244899668238888,"roty":29.620014084211107,"rotx":14.955130800339829}},"cameras":{}}