# This file was generated by Animated Java via MC-Build. It is not recommended to edit this file directly.
$data merge entity $(bone_jaw) { transformation: [-0.9291341587431539f,-0.2147807655147575f,0.3009633496317228f,-1.0424535740284178f,0.06002935998045876f,0.7155538390962006f,0.6959735478414575f,0.02569542749104195f,-0.36483721163964117f,0.6647194341371281f,-0.6519523624341186f,3.1468093106064217f,0f,0f,0f,1f], start_interpolation: 0, interpolation_duration: 1 }
$data merge entity $(bone_head) { transformation: [-1.045275928586048f,-0.16275149616714926f,0.38279914265046283f,-0.9573870978838706f,0.06753302997801611f,0.9551761083199155f,0.590510704354129f,0.15692002845862618f,-0.4104418630945963f,0.5716428540532765f,-0.8777168817046084f,2.951761114672064f,0f,0f,0f,1f], start_interpolation: 0, interpolation_duration: 1 }
$data merge entity $(bone_neck) { transformation: [-0.9291341587431539f,-0.0677186519586568f,0.3634885132071633f,-0.12553453382540064f,0.06002935998045876f,0.9424136791118712f,0.32901813531044677f,-0.6070819506482285f,-0.36483721163964117f,0.3275219711709877f,-0.8715636335938315f,2.0780421738277224f,0f,0f,0f,1f], start_interpolation: 0, interpolation_duration: 1 }
$data merge entity $(bone_right_arm2) { transformation: [-0.8059086778292971f,0.41181956974262884f,0.4253420329293005f,-2.014308859040259f,0.5819097573026429f,0.6833266004786843f,0.44096007918429925f,-1.6265912314496371f,-0.10905153531891783f,0.6028842335434228f,-0.790340662998777f,0.9310942743056613f,0f,0f,0f,1f], start_interpolation: 0, interpolation_duration: 1 }
$data merge entity $(bone_right_arm1) { transformation: [-0.9150421446186809f,0.46758680314527645f,0.4829404332218099f,-0.9295265642925097f,0.6607100369373757f,0.7758604109601728f,0.5006734232405063f,-0.6084118130392342f,-0.12381893072668794f,0.6845248068357612f,-0.8973659611131947f,1.2130992298069063f,0f,0f,0f,1f], start_interpolation: 0, interpolation_duration: 1 }
$data merge entity $(bone_left_arm2) { transformation: [-0.8621992586328809f,-0.01057906939154064f,0.5064588055347832f,0.14576220794200634f,-0.005548228308592068f,0.9999191538968578f,0.011441277587212209f,-2.1602953606122215f,-0.5065388983834768f,0.007054711971503536f,-0.862188248274965f,2.4870949578828645f,0f,0f,0f,1f], start_interpolation: 0, interpolation_duration: 1 }
$data merge entity $(bone_left_arm1) { transformation: [-0.9759086383700759f,-0.06045083725074921f,0.5771646496233045f,0.1505311843313733f,-0.09882933158506013f,1.1300563772867718f,-0.04874786473674369f,-0.7942618032944109f,-0.5718444716158045f,-0.0921373288826253f,-0.9765631673646411f,1.6223913513529482f,0f,0f,0f,1f], start_interpolation: 0, interpolation_duration: 1 }
$data merge entity $(bone_body2) { transformation: [-1.4711290846766605f,0.019682215747729846f,0.5850950957289902f,0.4048932945700879f,0.09504648663572637f,1.5694732831342812f,0.18618330577780007f,-0.5f,-0.577658918429432f,0.2081121533101922f,-1.4594327494091597f,0.744815908444004f,0f,0f,0f,1f], start_interpolation: 0, interpolation_duration: 1 }
$data merge entity $(bone_right_leg2) { transformation: [-0.9981009052590906f,-0.021631734633479865f,-0.05767712698922074f,-1.0047575488804106f,-0.02314030040857392f,0.9994039710200362f,0.025616971061849902f,-2.5907094066589003f,0.057088610229930614f,0.026902988052062426f,-0.9980065730324054f,-0.16325120022997797f,0f,0f,0f,1f], start_interpolation: 0, interpolation_duration: 1 }
$data merge entity $(bone_right_leg1) { transformation: [-1.3254337652480062f,0.04275868028522932f,0.13847312727939975f,-0.6183347394280052f,0f,1.2739794299652751f,-0.39338809057104174f,-1.125f,-0.144924503512247f,-0.39105739356697466f,-1.2664315145305376f,-0.24728004983845836f,0f,0f,0f,1f], start_interpolation: 0, interpolation_duration: 1 }
$data merge entity $(bone_left_leg2) { transformation: [-0.9940753239360046f,-0.05116240025274242f,0.09589921345822285f,1.0866927052833946f,0f,0.8822912264349533f,0.47070393216533263f,-2.3430703749084527f,-0.10869337763418527f,0.46791516384520415f,-0.8770639367242209f,-0.8906100386865579f,0f,0f,0f,1f], start_interpolation: 0, interpolation_duration: 1 }
$data merge entity $(bone_left_leg1) { transformation: [-1.3254337652480062f,-0.05391422690847f,0.13452274103337808f,0.6242594154920006f,0f,1.2376351159692842f,0.4960212671826419f,-1.125f,-0.144924503512247f,0.4930825018537322f,-1.2303025288217408f,-0.11141332779572678f,0f,0f,0f,1f], start_interpolation: 0, interpolation_duration: 1 }
$data merge entity $(bone_tail3) { transformation: [-0.963214727500572f,-0.03558356104602097f,0.26636666253358915f,0.7395940909547831f,0.040747937253307054f,0.9603947698462871f,0.27564740459778975f,0.23887345930296766f,-0.2656256658073527f,0.2763615317571915f,-0.9236164298177135f,-3.598566501647336f,0f,0f,0f,1f], start_interpolation: 0, interpolation_duration: 1 }
$data merge entity $(bone_tail2) { transformation: [-1.4849560382300484f,-0.054857989945948996f,0.4106486047392832f,0.1264266754628609f,0.06281973659884837f,1.480608603513026f,0.42495641542159246f,-0.4529459515074036f,-0.40950623478633535f,0.4260573614590036f,-1.4239086626356416f,-1.9518066911695158f,0f,0f,0f,1f], start_interpolation: 0, interpolation_duration: 1 }
$data merge entity $(bone_tail1) { transformation: [-0.9871766064571957f,-0.03558356104602097f,0.15561541648223412f,0.08448237125763663f,0.009281831564509135f,0.9603947698462871f,0.27848830075014847f,-0.75f,-0.1593618375473349f,0.2763615317571915f,-0.9477489691360026f,-0.924903181769096f,0f,0f,0f,1f], start_interpolation: 0, interpolation_duration: 1 }
$data merge entity $(bone_body1) { transformation: [-1.3254337652480062f,0f,0.144924503512247f,0.5f,0f,1.3333333333333333f,0f,-1.1875f,-0.144924503512247f,0f,-1.3254337652480062f,-0.12499999999999994f,0f,0f,0f,1f], start_interpolation: 0, interpolation_duration: 1 }
data modify entity @s data merge value {"locators":{"hitbox_head":{"posx":-0.9733026951939162,"posy":-0.5377641162619183,"posz":2.8779919962270797,"roty":23.563486359967357,"rotx":31.661404104280198},"hitbox_neck":{"posx":-0.6101431828633767,"posy":-0.9715996672387566,"posz":1.8817482830180103,"roty":22.63873914886679,"rotx":19.209191143027425},"hitbox_right_arm":{"posx":-2.6891687376118694,"posy":-2.4940285116890557,"posz":0.7165646513041947,"roty":28.288052064920265,"rotx":26.165154019234425},"hitbox_left_arm":{"posx":-0.04300067176928957,"posy":-3.1655883890333985,"posz":2.942793051197811,"roty":30.43044198160436,"rotx":0.655551220767352},"hitbox_tail1":{"posx":0.45664326767679064,"posy":-0.9888279303878019,"posz":-2.7608609272611684,"roty":16.08731408291939,"rotx":16.000598956136432},"hitbox_tail2":{"posx":0.9361287625028295,"posy":-0.8665930110340275,"posz":-4.480825253851114,"roty":16.08731408291939,"rotx":16.000598956136432}},"cameras":{}}