# This file was generated by Animated Java via MC-Build. It is not recommended to edit this file directly.
$data merge entity $(bone_jaw) { transformation: [-0.9423053070431947f,-0.17285081788580714f,0.2866763036500191f,-0.9374212841537354f,0.054472598602791314f,0.7657881799342042f,0.6407817096909976f,0.08427792436971743f,-0.3302929674087683f,0.619428008915698f,-0.7121906328020919f,3.1845868156446193f,0f,0f,0f,1f], start_interpolation: 0, interpolation_duration: 1 }
$data merge entity $(bone_head) { transformation: [-1.060093470423594f,-0.12781744315803048f,0.35424502140440034f,-0.8587001682860909f,0.061281673428140226f,0.9855710781800294f,0.5389983361355589f,0.20405533239984164f,-0.3715795883348643f,0.527197639485988f,-0.9217463091617426f,2.9797543024975655f,0f,0f,0f,1f], start_interpolation: 0, interpolation_duration: 1 }
$data merge entity $(bone_neck) { transformation: [-0.9423053070431947f,-0.050015946104847275f,0.3309971502195562f,-0.0654703874747038f,0.054472598602791314f,0.9526864777476276f,0.2990337959466761f,-0.5924453903017339f,-0.3302929674087683f,0.2998114078084024f,-0.8949970253739696f,2.099166082289172f,0f,0f,0f,1f], start_interpolation: 0, interpolation_duration: 1 }
$data merge entity $(bone_right_arm2) { transformation: [-0.8373514696568664f,0.39959184043141577f,0.3730534510282943f,-1.944021036060354f,0.5347368851283058f,0.7404949693020654f,0.40709171463149485f,-1.689591852304736f,-0.1135736762932466f,0.5403642859210509f,-0.8337310468935829f,1.0936217237096368f,0f,0f,0f,1f], start_interpolation: 0, interpolation_duration: 1 }
$data merge entity $(bone_right_arm1) { transformation: [-0.9507428145062335f,0.4537032354898366f,0.42357110585504243f,-0.9014101636443976f,0.607149171656097f,0.8407703297283866f,0.4622187176545097f,-0.604921927889218f,-0.12895344495795708f,0.6135386163061931f,-0.9466321261604221f,1.2651515280833174f,0f,0f,0f,1f], start_interpolation: 0, interpolation_duration: 1 }
$data merge entity $(bone_left_arm2) { transformation: [-0.88842584400995f,-0.010366763246287505f,0.4589030942530279f,0.22552256664560494f,-0.006221453487422392f,0.9999250557056306f,0.01054402620421497f,-2.1338345393254983f,-0.458978009507767f,0.006512541123613276f,-0.8884237578973232f,2.4885036206825957f,0f,0f,0f,1f], start_interpolation: 0, interpolation_duration: 1 }
$data merge entity $(bone_left_arm1) { transformation: [-1.0059076002847553f,-0.06027178244491191f,0.523152194752848f,0.1901689526212212f,-0.09047692728583985f,1.1309632309852884f,-0.04367038736574685f,-0.7727953488127628f,-0.5187820662500984f,-0.08037716929996191f,-1.0067649603244284f,1.635741137276709f,0f,0f,0f,1f], start_interpolation: 0, interpolation_duration: 1 }
$data merge entity $(bone_body2) { transformation: [-1.4919834028183918f,0.024549339751764127f,0.5294594413896591f,0.41425399984939065f,0.08624828112108625f,1.571798410187812f,0.17016296947094517f,-0.5f,-0.5229638650638831f,0.18918650082197777f,-1.4824512498522928f,0.7457885067329333f,0f,0f,0f,1f], start_interpolation: 0, interpolation_duration: 1 }
$data merge entity $(bone_right_leg2) { transformation: [-0.9983117443264751f,-0.0243333203502875f,-0.052740408232785016f,-1.0008288037103972f,-0.025590781814137743f,0.9994009388768227f,0.023299683651640757f,-2.5937807614684125f,0.05214185483823652f,0.02461001610839819f,-0.9983364032635356f,-0.1902570049380773f,0f,0f,0f,1f], start_interpolation: 0, interpolation_duration: 1 }
$data merge entity $(bone_right_leg1) { transformation: [-1.3269158197835171f,0.034841286187919145f,0.1259296222609499f,-0.6195852229423426f,0f,1.2850560875701453f,-0.3555399127758917f,-1.125f,-0.1306605716580714f,-0.353828651120087f,-1.2788709389294541f,-0.2352448573364977f,0f,0f,0f,1f], start_interpolation: 0, interpolation_duration: 1 }
$data merge entity $(bone_left_leg2) { transformation: [-0.995186864837638f,-0.04188974749973489f,0.08859093130248342f,1.0738746786075224f,0f,0.9040312638900639f,0.42746634242865666f,-2.3732509565923414f,-0.09799542874355356f,0.425408889145187f,-0.8996800392259601f,-0.8506720351642449f,0f,0f,0f,1f], start_interpolation: 0, interpolation_duration: 1 }
$data merge entity $(bone_left_leg1) { transformation: [-1.3269158197835171f,-0.04400882691643186f,0.12302604658954769f,0.6243983581047048f,0f,1.2554263823009264f,0.4490906104569382f,-1.125f,-0.1306605716580714f,0.4469290766486613f,-1.249383845436517f,-0.11275057140705574f,0f,0f,0f,1f], start_interpolation: 0, interpolation_duration: 1 }
$data merge entity $(bone_tail3) { transformation: [-0.9881555796805492f,-0.029399196897594012f,0.1506128731814593f,0.4709314158742634f,0.014207369016096861f,0.9597341382342945f,0.28055041360389504f,0.2530546815314499f,-0.15279627289904127f,0.27936726925223837f,-0.9479489584670207f,-3.653536625692725f,0f,0f,0f,1f], start_interpolation: 0, interpolation_duration: 1 }
$data merge entity $(bone_tail2) { transformation: [-1.5234065186741799f,-0.04532376188379077f,0.23219484615474972f,0.07052518061725743f,0.021903027233149325f,1.4795901297778706f,0.4325152209726715f,-0.45115157376777143f,-0.23556092071935528f,0.43069120676386746f,-1.46142131096999f,-1.947613225664236f,0f,0f,0f,1f], start_interpolation: 0, interpolation_duration: 1 }
$data merge entity $(bone_tail1) { transformation: [-0.9932961149740153f,-0.029399196897594012f,0.1117967584472124f,0.07590313913884617f,0.0032088685695029094f,0.9597341382342945f,0.2808915930927442f,-0.75f,-0.11555315287793541f,0.27936726925223837f,-0.953205852757166f,-0.9203878630000053f,0f,0f,0f,1f], start_interpolation: 0, interpolation_duration: 1 }
$data merge entity $(bone_body1) { transformation: [-1.3269158197835171f,0f,0.1306605716580714f,0.5f,0f,1.3333333333333333f,0f,-1.1875f,-0.1306605716580714f,0f,-1.3269158197835171f,-0.12499999999999994f,0f,0f,0f,1f], start_interpolation: 0, interpolation_duration: 1 }
data modify entity @s data merge value {"locators":{"hitbox_head":{"posx":-0.8860918724772963,"posy":-0.4932059155156078,"posz":2.9429073664391674,"roty":21.022738069497308,"rotx":28.627266820272236},"hitbox_neck":{"posx":-0.559241704984428,"posy":-0.9598457446490332,"posz":1.9334649488283828,"roty":20.29592837566787,"rotx":17.399579918675727},"hitbox_right_arm":{"posx":-2.582474068859471,"posy":-2.6002116236020294,"posz":0.9630246064670496,"roty":24.106157332123843,"rotx":24.0222713193696},"hitbox_left_arm":{"posx":0.06196439801600037,"posy":-3.1386427672902726,"posz":2.9548890841018793,"roty":27.317993990649683,"rotx":0.6041393952789366},"hitbox_tail1":{"posx":0.31964037606277484,"posy":-0.9798496892178266,"posz":-2.7897540524371114,"roty":9.027858207053356,"rotx":16.293057849474383},"hitbox_tail2":{"posx":0.5942376029669264,"posy":-0.8487867672488709,"posz":-4.553427455723987,"roty":9.027858207053356,"rotx":16.293057849474383}},"cameras":{}}