# This file was generated by Animated Java via MC-Build. It is not recommended to edit this file directly.
$data merge entity $(bone_jaw) { transformation: [-0.9542970244751398f,-0.13383954535034903f,0.2672155780981087f,-0.8304951154230537f,0.04873100525297153f,0.8124657535466121f,0.5809687499693685f,0.14395122545020012f,-0.29486009937753443f,0.5674384331487847f,-0.7688115155099609f,3.216628195378603f,0f,0f,0f,1f], start_interpolation: 0, interpolation_duration: 1 }
$data merge entity $(bone_head) { transformation: [-1.0735841525345322f,-0.09608031420716348f,0.3221965869598296f,-0.7588958738764249f,0.054822380909592974f,1.0136325800961279f,0.48494174817092245f,0.2517160583770718f,-0.33171761179972625f,0.4784794308949129f,-0.962624464800457f,3.0027116476451683f,0f,0f,0f,1f], start_interpolation: 0, interpolation_duration: 1 }
$data merge entity $(bone_neck) { transformation: [-0.9542970244751398f,-0.03437492281509737f,0.2968763273812021f,-0.00401199015058723f,0.04873100525297153f,0.9621710883812719f,0.2680523937782194f,-0.5771636557097122f,-0.29486009937753443f,0.27026868365508955f,-0.9165218821339814f,2.118307191716543f,0f,0f,0f,1f], start_interpolation: 0, interpolation_duration: 1 }
$data merge entity $(bone_right_arm2) { transformation: [-0.8675724560261909f,0.3798953167354707f,0.3209323633838438f,-1.8613673662508519f,0.48398844282376163f,0.7933549422372669f,0.3692466964520242f,-1.7450881746482698f,-0.11433818591229103f,0.4756758181263362f,-0.8721578385201426f,1.2564306033036492f,0f,0f,0f,1f], start_interpolation: 0, interpolation_duration: 1 }
$data merge entity $(bone_right_arm1) { transformation: [-0.9850562261130709f,0.4313394742100657f,0.36439195425873927f,-0.8709973707009692f,0.549528544456146f,0.9007884239985633f,0.41924885326323574f,-0.601199097533516f,-0.1298214819212471f,0.5400902518309442f,-0.9902625458197452f,1.3168772837094584f,0f,0f,0f,1f], start_interpolation: 0, interpolation_duration: 1 }
$data merge entity $(bone_left_arm2) { transformation: [-0.9121480049552038f,-0.010018659039530312f,0.409738506278445f,0.3048890776593896f,-0.00667475551261183f,0.999931732339304f,0.009590531776994572f,-2.1066627503685806f,-0.4098066186570058f,0.006013080073333697f,-0.9121526068443498f,2.4867238233275897f,0f,0f,0f,1f], start_interpolation: 0, interpolation_duration: 1 }
$data merge entity $(bone_left_arm1) { transformation: [-1.033153843461379f,-0.058702342068614105f,0.4672453078641713f,0.23074925046609635f,-0.08175699001082742f,1.131811903313954f,-0.03858260029674957f,-0.7507412308504753f,-0.46376711533893206f,-0.06875214539887971f,-1.034100677969849f,1.647777054198904f,0f,0f,0f,1f], start_interpolation: 0, interpolation_duration: 1 }
$data merge entity $(bone_body2) { transformation: [-1.5109702887523047f,0.02802395934576335f,0.4723641483588789f,0.423738725095799f,0.0771574249838716f,1.5739922323297857f,0.15342629754967363f,-0.5f,-0.46686182401442955f,0.16943303902288293f,-1.503421739569385f,0.7466703608302774f,0f,0f,0f,1f], start_interpolation: 0, interpolation_duration: 1 }
$data merge entity $(bone_right_leg2) { transformation: [-0.9985547916627245f,-0.02598167927302976f,-0.04704551402170162f,-0.9976152148502696f,-0.026994391600224f,0.999414553589413f,0.021020297234060736f,-2.595581066708492f,0.04647182877342426f,0.02225988355378175f,-0.9986715509688987f,-0.2177496333550353f,0f,0f,0f,1f], start_interpolation: 0, interpolation_duration: 1 }
$data merge entity $(bone_right_leg1) { transformation: [-1.3282595974556606f,0.02762092064843673f,0.11287738607549676f,-0.6207190353532137f,0f,1.295122759751015f,-0.3169145231015641f,-1.125f,-0.11620765699687774f,-0.31570856766205213f,-1.2901944266419108f,-0.22305021059111554f,0f,0f,0f,1f], start_interpolation: 0, interpolation_duration: 1 }
$data merge entity $(bone_left_leg2) { transformation: [-0.9961946980917455f,-0.03335305878500266f,0.08052140686538053f,1.0617472868000544f,0f,0.9238795325112867f,0.3826834323650897f,-2.401997554355491f,-0.0871557427476583f,0.3812272063696535f,-0.9203638919632242f,-0.8089442462239685f,0f,0f,0f,1f], start_interpolation: 0, interpolation_duration: 1 }
$data merge entity $(bone_left_leg1) { transformation: [-1.3282595974556606f,-0.03494431640576445f,0.1108292122846581f,0.6245243372614682f,0f,1.271622600997636f,0.4009410660056974f,-1.125f,-0.11620765699687774f,0.39941536420212836f,-1.26678369308748f,-0.11410553215654265f,0f,0f,0f,1f], start_interpolation: 0, interpolation_duration: 1 }
$data merge entity $(bone_tail3) { transformation: [-0.9992218866637871f,-0.022911331375724514f,0.03210439388392159f,0.19511008775180694f,-0.01292115069122197f,0.959214308274934f,0.28238440938807946f,0.2609071054924487f,-0.03726479675078042f,0.28174985660197144f,-0.9587639715946212f,-3.681466423766052f,0f,0f,0f,1f], start_interpolation: 0, interpolation_duration: 1 }
$data merge entity $(bone_tail2) { transformation: [-1.5404670752733383f,-0.03532163587090862f,0.04949427390437911f,0.014307488019428924f,-0.01992010731563387f,1.4787887252571899f,0.4353426311399558f,-0.4500314887481532f,-0.057449894990786475f,0.4343643622613726f,-1.4780944562083742f,-1.9412701747328545f,0f,0f,0f,1f], start_interpolation: 0, interpolation_duration: 1 }
$data merge entity $(bone_tail1) { transformation: [-0.997456092660511f,-0.022911331375724514f,0.06750121561140882f,0.06726945801487094f,-0.00290403633305756f,0.959214308274934f,0.2826649560409214f,-0.75f,-0.07122436231657284f,0.28174985660197144f,-0.9568406912947244f,-0.9157238949426383f,0f,0f,0f,1f], start_interpolation: 0, interpolation_duration: 1 }
$data merge entity $(bone_body1) { transformation: [-1.3282595974556606f,0f,0.11620765699687774f,0.5f,0f,1.3333333333333333f,0f,-1.1875f,-0.11620765699687774f,0f,-1.3282595974556606f,-0.12499999999999994f,0f,0f,0f,1f], start_interpolation: 0, interpolation_duration: 1 }
data modify entity @s data merge value {"locators":{"hitbox_head":{"posx":-0.7950169734723979,"posy":-0.4461191939460333,"posz":3.0042854262592327,"roty":18.505724418348223,"rotx":25.53480679326033},"hitbox_neck":{"posx":-0.5053794472551458,"posy":-0.9471188604484808,"posz":1.9840916209238646,"roty":17.947981344362177,"rotx":15.548405743528162},"hitbox_right_arm":{"posx":-2.455952143179881,"posy":-2.6928171874350637,"posz":1.2096875678178662,"roty":20.20235839595125,"rotx":21.669166608425122},"hitbox_left_arm":{"posx":0.16704773386939764,"posy":-3.1109725763768434,"posz":2.962399960342494,"roty":24.18959289019179,"rotx":0.5495054180897734},"hitbox_tail1":{"posx":0.1784654931793918,"posy":-0.9736877946636464,"posz":-2.8070746980617876,"roty":1.9178434860658342,"rotx":16.402565391353694},"hitbox_tail2":{"posx":0.24323993174215125,"posy":-0.8392204438376074,"posz":-4.590567844578114,"roty":1.9178434860658342,"rotx":16.402565391353694}},"cameras":{}}