# This file was generated by Animated Java via MC-Build. It is not recommended to edit this file directly.
$data merge entity $(bone_jaw) { transformation: [-0.9740648636225427f,-0.06872642982651034f,0.21557903260590702f,-0.6177044344687963f,0.037016779254230796f,0.8915178643127452f,0.4514705479484626f,0.2633822868236767f,-0.22322051767174214f,0.44774163917882737f,-0.8658521958370353f,3.2616964542278053f,0f,0f,0f,1f], start_interpolation: 0, interpolation_duration: 1 }
$data merge entity $(bone_head) { transformation: [-1.0958229715753607f,-0.04491226595826309f,0.250559181301026f,-0.5620246164019016f,0.041643876661009646f,1.0608019927317693f,0.3722766709759684f,0.34611043592944746f,-0.2511230823807099f,0.3718965186484018f,-1.0316274409460082f,3.032445911795359f,0f,0f,0f,1f], start_interpolation: 0, interpolation_duration: 1 }
$data merge entity $(bone_neck) { transformation: [-0.9740648636225427f,-0.010430879117380547f,0.22602840134999758f,0.11973870056845959f,0.037016779254230796f,0.9781324255434205f,0.2046624444156484f,-0.545375419749838f,-0.22322051767174214f,0.20772133944634433f,-0.9523783101420232f,2.149544870479095f,0f,0f,0f,1f], start_interpolation: 0, interpolation_duration: 1 }
$data merge entity $(bone_right_arm2) { transformation: [-0.9210552391129898f,0.31979085079659086f,0.2222409913794157f,-1.6652313639688827f,0.37507313741246184f,0.8819940830677429f,0.2853183818562414f,-1.8297255119588063f,-0.10477303133003982f,0.3461506163222652f,-0.93231022880028f,1.5704241906969845f,0f,0f,0f,1f], start_interpolation: 0, interpolation_duration: 1 }
$data merge entity $(bone_right_arm1) { transformation: [-1.0457814694095404f,0.3630958618419625f,0.25233612562871155f,-0.8048854285021996f,0.425864291437066f,1.0014307818164996f,0.3239552460659407f,-0.593162245847622f,-0.11896104598931603f,0.39302517894923855f,-1.058560572283651f,1.4165251646104025f,0f,0f,0f,1f], start_interpolation: 0, interpolation_duration: 1 }
$data merge entity $(bone_left_arm2) { transformation: [-0.9508085579957403f,-0.00882692034392045f,0.30965330858768964f,0.4579666324547023f,-0.006826551409243833f,0.9999482492092547f,0.0075430165850931055f,-2.051486763594232f,-0.3097038653906629f,0.0050581004920940385f,-0.9508196103265297f,2.47419954785875f,0f,0f,0f,1f], start_interpolation: 0, interpolation_duration: 1 }
$data merge entity $(bone_left_arm1) { transformation: [-1.0778306750811224f,-0.05151620900328871f,0.3532677780502287f,0.31247166972014073f,-0.06355344757181813f,1.1332747577792057f,-0.028640698780973736f,-0.7059295755746835f,-0.35130186748770975f,-0.046961798675687234f,-1.0786809511200408f,1.667162640655744f,0f,0f,0f,1f], start_interpolation: 0, interpolation_duration: 1 }
$data merge entity $(bone_body2) { transformation: [-1.5422693674023595f,0.030462831341430584f,0.35696170484161716f,0.44261987346381865f,0.05860990048586543f,1.5777986008486669f,0.11857866237005357f,-0.5f,-0.35343248631359175f,0.12871688122036584f,-1.53800581486272f,0.7481165564108219f,0f,0f,0f,1f], start_interpolation: 0, interpolation_duration: 1 }
$data merge entity $(bone_right_leg2) { transformation: [-0.999071831386373f,-0.025892723443115453f,-0.03442444775122694f,-0.9935311000578209f,-0.026472853551701297f,0.9995132747767035f,0.016504592390603146f,-2.595245286862866f,0.03398034365789712f,0.0174005867098819f,-0.9992710122019166f,-0.2726690543668616f,0f,0f,0f,1f], start_interpolation: 0, interpolation_duration: 1 }
$data merge entity $(bone_right_leg1) { transformation: [-1.3304633240545856f,0.015693873619523322f,0.08601641386511552f,-0.6225784296710566f,0f,1.3116799609097711f,-0.23931873709661533f,-1.125f,-0.08743638329322874f,-0.23880360184958122f,-1.3088565606658522f,-0.1987744484036617f,0f,0f,0f,1f], start_interpolation: 0, interpolation_duration: 1 }
$data merge entity $(bone_left_leg2) { transformation: [-0.9978474930409392f,-0.01908536237624163f,0.06273858123101184f,1.0403404200842334f,0f,0.9567120515588305f,0.2910361668282718f,-2.453601269023137f,-0.06557728746992156f,0.2904097094538356f,-0.9546527222100328f,-0.7224222948411817f,0f,0f,0f,1f], start_interpolation: 0, interpolation_duration: 1 }
$data merge entity $(bone_left_leg1) { transformation: [-1.3304633240545856f,-0.019906740032092654f,0.08514013639109988f,0.6247309366301174f,0f,1.2983174461150324f,0.3035615042970985f,-1.125f,-0.08743638329322874f,0.302908086046596f,-1.2955228087772f,-0.11680283906625975f,0f,0f,0f,1f], start_interpolation: 0, interpolation_duration: 1 }
$data merge entity $(bone_tail3) { transformation: [-0.9797690741110731f,-0.009604898691147598f,-0.19990074371213204f,-0.3498382544552558f,-0.0658390960329624f,0.9587181903420511f,0.27663088211699205f,0.2565395931407167f,0.18899146766214886f,0.2841956675046183f,-0.9399548115321883f,-3.65544458070199f,0f,0f,0f,1f], start_interpolation: 0, interpolation_duration: 1 }
$data merge entity $(bone_tail2) { transformation: [-1.5104773225879042f,-0.014807552148852546f,-0.3081803132228702f,-0.09569457575430212f,-0.10150193971748368f,1.4780238767773286f,0.4264726099303627f,-0.4501328585218983f,0.2913618459791461f,0.43813498740295315f,-1.4490970011121236f,-1.9226920632784845f,0f,0f,0f,1f], start_interpolation: 0, interpolation_duration: 1 }
$data merge entity $(bone_tail1) { transformation: [-0.9997588206707627f,-0.009604898691147598f,-0.019749592708167854f,0.05025921908197156f,-0.014820286132496741f,0.9587181903420511f,0.2839714609361541f,-0.75f,0.016206776667698305f,0.2841956675046183f,-0.9586293146788533f,-0.9061742635156651f,0f,0f,0f,1f], start_interpolation: 0, interpolation_duration: 1 }
$data merge entity $(bone_body1) { transformation: [-1.3304633240545856f,0f,0.08743638329322874f,0.5f,0f,1.3333333333333333f,0f,-1.1875f,-0.08743638329322874f,0f,-1.3304633240545856f,-0.12499999999999994f,0f,0f,0f,1f], start_interpolation: 0, interpolation_duration: 1 }
data modify entity @s data merge value {"locators":{"hitbox_head":{"posx":-0.6066731301198183,"posy":-0.3466341908593046,"posz":3.112399912809027,"roty":13.651525136488715,"rotx":19.32417573150889},"hitbox_neck":{"posx":-0.3916357017425438,"posy":-0.9192494952534614,"posz":2.079086398118598,"roty":13.35102391480126,"rotx":11.80973958440406},"hitbox_right_arm":{"posx":-2.153708662899743,"posy":-2.830936714866391,"posz":1.6838803743167319,"roty":13.407755626657718,"rotx":16.57788073480155},"hitbox_left_arm":{"posx":0.3713924333795117,"posy":-3.0547798616329556,"posz":2.9639077441168373,"roty":18.038869347992033,"rotx":0.43218711355460177},"hitbox_tail1":{"posx":-0.10345152877414807,"posy":-0.9707578828188842,"posz":-2.8056816802930964,"roty":347.9937492582011,"rotx":16.059227692227537},"hitbox_tail2":{"posx":-0.44967599326119884,"posy":-0.8461731604924173,"posz":-4.557175975788658,"roty":347.9937492582011,"rotx":16.059227692227537}},"cameras":{}}