# This file was generated by Animated Java via MC-Build. It is not recommended to edit this file directly.
$data merge entity $(bone_jaw) { transformation: [-0.9877597411072402f,-0.02488156497637306f,0.15398571872769407f,-0.4173781529587855f,0.02557569743491136f,0.9480004601634511f,0.3172396747423043f,0.37747862059120835f,-0.1538719517926378f,0.31729487114388044f,-0.9357603257230522f,3.2816470774825883f,0f,0f,0f,1f], start_interpolation: 0, interpolation_duration: 1 }
$data merge entity $(bone_head) { transformation: [-1.1112297087456453f,-0.012298129810959131f,0.17504939418410306f,-0.3784782875845404f,0.02877265961427528f,1.0942765887046082f,0.2595301166950125f,0.4351519798567667f,-0.1731059457667175f,0.26083041121801454f,-1.0805678267115175f,3.0415208937689178f,0f,0f,0f,1f], start_interpolation: 0, interpolation_duration: 1 }
$data merge entity $(bone_neck) { transformation: [-0.9877597411072402f,0.0031068258268299905f,0.1559520486593226f,0.23881162006377255f,0.02557569743491136f,0.9894963497386037f,0.14227739649957372f,-0.5133753558020518f,-0.1538719517926378f,0.14452446674269648f,-0.9774641174816923f,2.170710028297247f,0f,0f,0f,1f], start_interpolation: 0, interpolation_duration: 1 }
$data merge entity $(bone_right_arm2) { transformation: [-0.9612033816427652f,0.23892965566843288f,0.1378429496226663f,-1.4440410690002827f,0.26309731751627136f,0.9442523120472157f,0.19790748522789622f,-1.877807031281988f,-0.08287255658090381f,0.22649545433772345f,-0.9704802669452341f,1.8509992616037114f,0f,0f,0f,1f], start_interpolation: 0, interpolation_duration: 1 }
$data merge entity $(bone_right_arm1) { transformation: [-1.0913663395735562f,0.2712847132068665f,0.156509182384069f,-0.7353028113065174f,0.2987250792632664f,1.0721198126369427f,0.22470745718584048f,-0.5846323873496734f,-0.09409488195123453f,0.2571667137792901f,-1.1018994697607345f,1.5069670358286573f,0f,0f,0f,1f], start_interpolation: 0, interpolation_duration: 1 }
$data merge entity $(bone_left_arm2) { transformation: [-0.9771149229733466f,-0.006954812725167773f,0.212598348730062f,0.5970083683169678f,-0.00594424188081808f,0.999967794350194f,0.00539223987506016f,-1.997563207068819f,-0.21262900388059372f,0.00400510204185919f,-0.9771247954413912f,2.4521311191743833f,0f,0f,0f,1f], start_interpolation: 0, interpolation_duration: 1 }
$data merge entity $(bone_left_arm1) { transformation: [-1.108481151856954f,-0.0398693576245558f,0.24259220359469558f,0.3910263364274156f,-0.04504770210999552f,1.1343566478289804f,-0.019408941373801846f,-0.6621093657385568f,-0.24168418950550746f,-0.028573358102397552f,-1.109028098243801f,1.679843798392863f,0f,0f,0f,1f], start_interpolation: 0, interpolation_duration: 1 }
$data merge entity $(bone_body2) { transformation: [-1.563952923419797f,0.027106890446619705f,0.24548098553947204f,0.4606125059964529f,0.040494854271942986f,1.5806137853849036f,0.08345461445087902f,-0.5f,-0.2436305903383432f,0.08871145577638617f,-1.5619599410707912f,0.7491130506496975f,0f,0f,0f,1f], start_interpolation: 0, interpolation_duration: 1 }
$data merge entity $(bone_right_leg2) { transformation: [-0.9995279604961659f,-0.02160592771190832f,-0.02184124708167877f,-0.9925126719010141f,-0.021870837300780103f,0.9996892208546867f,0.011963619131028377f,-2.590091060211497f,0.02157597418746033f,0.012435658191559229f,-0.9996898677806055f,-0.32494151520694214f,0f,0f,0f,1f], start_interpolation: 0, interpolation_duration: 1 }
$data merge entity $(bone_right_leg1) { transformation: [-1.3319817914662055f,0.007413244274071218f,0.05955945592085436f,-0.623859636549611f,0f,1.3231236271608031f,-0.16468650529602527f,-1.125f,-0.06001903848159552f,-0.1645195697658814f,-1.3217824344276827f,-0.17564106371884616f,0f,0f,0f,1f], start_interpolation: 0, interpolation_duration: 1 }
$data merge entity $(bone_left_leg2) { transformation: [-0.9989863435996542f,-0.009059073484644412f,0.04409329301598359f,1.0235418201152042f,0f,0.9795401399619674f,0.20124888621627002f,-2.4956366772085223f,-0.04501427886119664f,0.20104488899469447f,-0.9785472228296994f,-0.6361962066381563f,0f,0f,0f,1f], start_interpolation: 0, interpolation_duration: 1 }
$data merge entity $(bone_left_leg1) { transformation: [-1.3319817914662055f,-0.009420083878794087f,0.05927518030315663f,0.6248732929499567f,0f,1.3168083950857916f,0.20926879463828132f,-1.125f,-0.06001903848159552f,0.20905666798520356f,-1.3154736038280839f,-0.11937321514235036f,0f,0f,0f,1f], start_interpolation: 0, interpolation_duration: 1 }
$data merge entity $(bone_tail3) { transformation: [-0.914278643882532f,0.0029902375520148676f,-0.4050748323701442f,-0.8417176475400945f,-0.11204779978003804f,0.9590914318653783f,0.2599786835239979f,0.22764408737992525f,0.3892811990127065f,0.2830807019240291f,-0.876541764146711f,-3.537444969250049f,0f,0f,0f,1f], start_interpolation: 0, interpolation_duration: 1 }
$data merge entity $(bone_tail2) { transformation: [-1.4095129093189034f,0.0046099495593562535f,-0.6244903665706389f,-0.19704783687239352f,-0.1727403579942253f,1.478599290792458f,0.40080047043283f,-0.453651562674834f,0.6001418484779225f,0.4364160821328782f,-1.3513352197261794f,-1.8983466432091327f,0f,0f,0f,1f], start_interpolation: 0, interpolation_duration: 1 }
$data merge entity $(bone_tail1) { transformation: [-0.9949164308045674f,0.0029902375520148676f,-0.10065959564036983f,0.034267537346070354f,-0.025641686274661513f,0.9590914318653783f,0.28193284527952817f,-0.75f,0.09738480189481354f,0.2830807019240291f,-0.9541391494735486f,-0.896746897130339f,0f,0f,0f,1f], start_interpolation: 0, interpolation_duration: 1 }
$data merge entity $(bone_body1) { transformation: [-1.3319817914662055f,0f,0.06001903848159552f,0.5f,0f,1.3333333333333333f,0f,-1.1875f,-0.06001903848159552f,0f,-1.3319817914662055f,-0.12499999999999994f,0f,0f,0f,1f], start_interpolation: 0, interpolation_duration: 1 }
data modify entity @s data merge value {"locators":{"hitbox_head":{"posx":-0.42027082496292506,"posy":-0.244871157394408,"posz":3.1967728394009978,"roty":9.20183915490378,"rotx":13.337900712370335},"hitbox_neck":{"posx":-0.27572731625732416,"posy":-0.8894333127990193,"posz":2.1617603920576283,"roty":9.065001225249944,"rotx":8.179650871950713},"hitbox_right_arm":{"posx":-1.8119674108327217,"posy":-2.9045695035983847,"posz":2.1045644059522983,"roty":8.08397926402563,"rotx":11.414621069523083},"hitbox_left_arm":{"posx":0.5587336893629388,"posy":-2.9998556062389916,"posz":2.9499777275957566,"roty":12.274846966627365,"rotx":0.3089540841798412},"hitbox_tail1":{"posx":-0.3634946318055623,"posy":-0.9802288166786144,"posz":-2.761939782379607,"roty":335.19700105770676,"rotx":15.068797304809182},"hitbox_tail2":{"posx":-1.0734969275353201,"posy":-0.8849254074611348,"posz":-4.402043132857862,"roty":335.19700105770676,"rotx":15.068797304809182}},"cameras":{}}