# This file was generated by Animated Java via MC-Build. It is not recommended to edit this file directly.
$data merge entity $(bone_jaw) { transformation: [-0.9992452939377099f,0.0032693203264365592f,0.03870599550383302f,-0.0998779737471982f,0.00638087267494216f,0.9967308619788878f,0.08054112764749215f,0.5641465077774037f,-0.038316145516554365f,0.08072732079925976f,-0.9959994842716173f,3.2671391428098913f,0f,0f,0f,1f], start_interpolation: 0, interpolation_duration: 1 }
$data merge entity $(bone_head) { transformation: [-1.1241509556799236f,0.004649774445107607f,0.04345121910284907f,-0.09022214727989841f,0.0071784817593099305f,1.1230664646598572f,0.06553766364496985f,0.5787104330318414f,-0.04310566370612366f,0.06576545866957496f,-1.122248549209325f,3.0177505763189303f,0f,0f,0f,1f], start_interpolation: 0, interpolation_duration: 1 }
$data merge entity $(bone_neck) { transformation: [-0.9992452939377099f,0.004994882654195594f,0.03852134071667818f,0.4353920262011748f,0.00638087267494216f,0.9993335351781695f,0.03594120104015089f,-0.4570696585873121f,-0.038316145516554365f,0.03615987576822109f,-0.9986112038111634f,2.1871171779769023f,0f,0f,0f,1f], start_interpolation: 0, interpolation_duration: 1 }
$data merge entity $(bone_right_arm2) { transformation: [-0.9974775355692747f,0.06547012595318917f,0.027426786948523112f,-1.0243349768094934f,0.06674418376803469f,0.996593262288755f,0.04844670777045187f,-1.8889496898226685f,-0.024161539019378456f,0.050155081181574135f,-0.9984491413506671f,2.258145707889925f,0f,0f,0f,1f], start_interpolation: 0, interpolation_duration: 1 }
$data merge entity $(bone_right_arm1) { transformation: [-1.1325526185109471f,0.07433587217601687f,0.031140831014468948f,-0.6078377906034247f,0.07578245865328938f,1.1315485998903572f,0.05500719944770055f,-0.5684714789040028f,-0.027433414094919284f,0.05694691509157896f,-1.1336557959085698f,1.6450909482057137f,0f,0f,0f,1f], start_interpolation: 0, interpolation_duration: 1 }
$data merge entity $(bone_left_arm2) { transformation: [-0.9986264703295442f,-0.0020991236120522167f,0.05235232981651552f,0.8095841012962011f,-0.0020274624918513494f,0.9999969338019445f,0.001421894002068872f,-1.9059844378584776f,-0.05235515402517722f,0.0013137986034047772f,-0.9986276642373922f,2.397373862533264f,0f,0f,0f,1f], start_interpolation: 0, interpolation_duration: 1 }
$data merge entity $(bone_left_arm1) { transformation: [-1.1337857865045449f,-0.011538316988292364f,0.059729929732020105f,0.520239896575849f,-0.011802865891052942f,1.1353455058893895f,-0.004720334518643193f,-0.5876741285934717f,-0.05967821731144617f,-0.005334458012559385f,-1.133834670876087f,1.688183754254566f,0f,0f,0f,1f], start_interpolation: 0, interpolation_duration: 1 }
$data merge entity $(bone_body2) { transformation: [-1.5821383820680408f,0.009269054525098158f,0.06080023897796271f,0.49022635943675547f,0.010103048401991756f,1.5831544746508548f,0.021547209805627302f,-0.5f,-0.06066723040121108f,0.021918906579286f,-1.582018803028036f,0.7499454131259506f,0f,0f,0f,1f], start_interpolation: 0, interpolation_duration: 1 }
$data merge entity $(bone_right_leg2) { transformation: [-0.9999737548579495f,-0.006361573775440188f,-0.0034669834717124034f,-0.9969106319915553f,-0.0063729814371799145f,0.999974282421327f,0.003289316578438485f,-2.5714196544359798f,0.003445969079207696f,0.003311325271165875f,-0.9999885801458203f,-0.4099407711998102f,0f,0f,0f,1f], start_interpolation: 0, interpolation_duration: 1 }
$data merge entity $(bone_right_leg1) { transformation: [-1.3332501533347818f,0.00045741329273958506f,0.014886140656252576f,-0.6249298168762223f,0f,1.332704327515908f,-0.04095061902033681f,-1.125f,-0.014893166572563095f,-0.04094806431601372f,-1.3326211867578839f,-0.13756610929560006f,0f,0f,0f,1f], start_interpolation: 0, interpolation_duration: 1 }
$data merge entity $(bone_left_leg2) { transformation: [-0.9999376150010865f,-0.0005612227499821266f,0.011155766892681104f,1.0040843087902542f,0f,0.9987369566060175f,0.050244318179769605f,-2.549187374907519f,-0.011169874929422322f,0.05024118368803454f,-0.9986746504020647f,-0.4878385740043089f,0f,0f,0f,1f], start_interpolation: 0, interpolation_duration: 1 }
$data merge entity $(bone_left_leg1) { transformation: [-1.3332501533347818f,-0.0005821056228912559f,0.014881786304133962f,0.6249922018751358f,0f,1.3323144975360623f,0.052113889060471416f,-1.125f,-0.014893166572563095f,0.05211063793555901f,-1.3322313810975812f,-0.12360376563382215f,0f,0f,0f,1f], start_interpolation: 0, interpolation_duration: 1 }
$data merge entity $(bone_tail3) { transformation: [-0.736427477203625f,0.02024792754878779f,-0.6762134221157426f,-1.5226689327861667f,-0.1681220887273841f,0.9627175699744904f,0.21191942748212983f,0.12777351110450103f,0.655293471737241f,0.26974970230269224f,-0.7055675474440153f,-3.2032351871960385f,0f,0f,0f,1f], start_interpolation: 0, interpolation_duration: 1 }
$data merge entity $(bone_tail2) { transformation: [-1.1353256940222551f,0.03121555497104784f,-1.0424956924284365f,-0.35061868738499985f,-0.2591882201213838f,1.4841895870440058f,0.32670911736828345f,-0.47110022088563236f,1.0102441022615798f,0.41586412438331716f,-1.08774996897619f,-1.8489624209531093f,0f,0f,0f,1f], start_interpolation: 0, interpolation_duration: 1 }
$data merge entity $(bone_tail1) { transformation: [-0.9745497271265312f,0.02024792754878779f,-0.22325512488537125f,0.008408598696523495f,-0.04124297968174912f,0.9627175699744904f,0.26734602501137533f,-0.75f,0.22034483425888274f,0.26974970230269224f,-0.9373810602540646f,-0.8805381487155259f,0f,0f,0f,1f], start_interpolation: 0, interpolation_duration: 1 }
$data merge entity $(bone_body1) { transformation: [-1.3332501533347818f,0f,0.014893166572563095f,0.5f,0f,1.3333333333333333f,0f,-1.1875f,-0.014893166572563095f,0f,-1.3332501533347818f,-0.12499999999999994f,0f,0f,0f,1f], start_interpolation: 0, interpolation_duration: 1 }
data modify entity @s data merge value {"locators":{"hitbox_head":{"posx":-0.10487513838908294,"posy":-0.06342028723612636,"posz":3.29294991850509,"roty":2.217270464380533,"rotx":3.3396966233843663},"hitbox_neck":{"posx":-0.07091886935258829,"posy":-0.8331219480716734,"posz":2.279225552281938,"roty":2.2090844443768276,"rotx":2.059722740626494},"hitbox_right_arm":{"posx":-1.1658608422100238,"posy":-2.9055947945111473,"posz":2.7057051011949733,"roty":1.5734843161801848,"rotx":2.7768788708882264},"hitbox_left_arm":{"posx":0.8479212143955921,"posy":-2.906565602255716,"posz":2.898646093175129,"roty":3.000942460918111,"rotx":0.08146855268547794},"hitbox_tail1":{"posx":-0.7386479261007106,"posy":-1.026428530881613,"posz":-2.618264070515044,"roty":316.2169906753581,"rotx":12.234859358717129},"hitbox_tail2":{"posx":-1.929614387634056,"posy":-1.0165886215283197,"posz":-3.9541634169055806,"roty":316.2169906753581,"rotx":12.234859358717129}},"cameras":{}}