# This file was generated by Animated Java via MC-Build. It is not recommended to edit this file directly.
$data merge entity $(bone_jaw) { transformation: [-0.9989927705872329f,-0.009213899230055361f,-0.0439152408102551f,0.11305350251564791f,-0.00737072614425952f,0.99909253139284f,-0.04194980466168321f,0.6615199480607024f,0.044261910380717175f,-0.04158386437099652f,-0.9981541291370908f,3.251507283623743f,0f,0f,0f,1f], start_interpolation: 0, interpolation_duration: 1 }
$data merge entity $(bone_head) { transformation: [-1.123866866910637f,-0.009087238776170216f,-0.04965569002534803f,0.10201890473223724f,-0.00829206691229196f,1.1248226584677594f,-0.01817219369928271f,0.657481682794195f,0.049794649178306824f,-0.017787891638613215f,-1.1237566835504305f,3.0017835761680915f,0f,0f,0f,1f], start_interpolation: 0, interpolation_duration: 1 }
$data merge entity $(bone_neck) { transformation: [-0.9989927705872329f,-0.00807754557881797f,-0.04413839113364269f,0.5742352394072631f,-0.00737072614425952f,0.9998423630824529f,-0.016153061066029078f,-0.4142898270249299f,0.044261910380717175f,-0.015811459234322856f,-0.9988948298226049f,2.1848502471833346f,0f,0f,0f,1f], start_interpolation: 0, interpolation_duration: 1 }
$data merge entity $(bone_right_arm2) { transformation: [-0.9965391182420855f,-0.0790211790285906f,-0.025796105873133614f,-0.6982224358989881f,-0.07753829301258673f,0.9955174155079677f,-0.054156149577222173f,-1.8487930210578274f,0.029959955440232687f,-0.05196853553129674f,-0.9981992147786691f,2.4982406935760695f,0f,0f,0f,1f], start_interpolation: 0, interpolation_duration: 1 }
$data merge entity $(bone_right_arm1) { transformation: [-1.1314871238373678f,-0.08972196368871223f,-0.029289328543453785f,-0.508254081711141f,-0.0880382701913745f,1.1303270655246715f,-0.061489794832471f,-0.5551780494715268f,0.03401703273943086f,-0.059005941384493166f,-1.1333720251132804f,1.7344075444558347f,0f,0f,0f,1f], start_interpolation: 0, interpolation_duration: 1 }
$data merge entity $(bone_left_arm2) { transformation: [-0.9982059662150233f,0.0027199391104726456f,-0.059811796026928016f,0.9475325757963202f,0.0028270038706011947f,0.9999945496780528f,-0.0017054803733419811f,-1.838743036351897f,0.05980683123061382f,-0.0018715088628083187f,-0.998208214949531f,2.346887348102287f,0f,0f,0f,1f], start_interpolation: 0, interpolation_duration: 1 }
$data merge entity $(bone_left_arm1) { transformation: [-1.1332735360091244f,0.014480847152239285f,-0.06820853752700903f,0.6108843646648714f,0.014182919222529683f,1.1353153172975374f,0.0053834985244814925f,-0.5330589474906764f,0.06827110902971412f,0.0045213183685048975f,-1.1333532636810588f,1.6845982350086128f,0f,0f,0f,1f], start_interpolation: 0, interpolation_duration: 1 }
$data merge entity $(bone_body2) { transformation: [-1.5817385534297856f,-0.012789447166461786f,-0.06988578596160094f,0.5112911487513279f,-0.011670316395077575f,1.5830837415472172f,-0.02557568002121271f,-0.5f,0.0700813581028022f,-0.025034810454344525f,-1.581583480552458f,0.7499271455154854f,0f,0f,0f,1f], start_interpolation: 0, interpolation_duration: 1 }
$data merge entity $(bone_right_leg2) { transformation: [-0.9999714348306505f,0.007425703696492582f,0.0014101231655147557f,-1.0045632657840524f,0.007419990818257853f,0.9999644141487235f,-0.0040142461879133715f,-2.5505074291557843f,-0.0014398815878377252f,-0.004003668419350473f,-0.999990948649137f,-0.46891924731670914f,0f,0f,0f,1f], start_interpolation: 0, interpolation_duration: 1 }
$data merge entity $(bone_right_leg1) { transformation: [-1.3332223169759776f,0.000610453343288402f,-0.017194727148137422f,-0.6249063299484812f,0f,1.332493848586568f,0.04730667243353219f,-1.125f,0.017205560002023362f,0.04730273357269305f,-1.3323829021266165f,-0.11048280874829274f,0f,0f,0f,1f], start_interpolation: 0, interpolation_duration: 1 }
$data merge entity $(bone_left_leg2) { transformation: [-0.9999167377319833f,-0.0007489289283032415f,-0.012882418596227001f,0.9967674582761188f,0f,0.9983143894347359f,-0.05803774502468333f,-2.5751435617846776f,0.012904170001517522f,-0.058032912670402004f,-0.998231267514478f,-0.3787089722740072f,0f,0f,0f,1f], start_interpolation: 0, interpolation_duration: 1 }
$data merge entity $(bone_left_leg1) { transformation: [-1.3332223169759776f,-0.0007768395349142161f,-0.01718801371072936f,0.6249895922164979f,0f,1.3319735952570415f,-0.0602006587655665f,-1.125f,0.017205560002023362f,-0.060195646322181585f,-1.3318626921145622f,-0.12661302125018964f,0f,0f,0f,1f], start_interpolation: 0, interpolation_duration: 1 }
$data merge entity $(bone_tail3) { transformation: [-0.7643181185658152f,0.003033404727062648f,-0.6448322356146396f,-1.4853847453343032f,-0.11336553755732356f,0.9837821476014846f,0.1389997876075708f,-0.10916640634358199f,0.6347960842084263f,0.1793418091700108f,-0.7515786365758914f,-3.313337058327999f,0f,0f,0f,1f], start_interpolation: 0, interpolation_duration: 1 }
$data merge entity $(bone_tail2) { transformation: [-1.1783237661222983f,0.004676498954221581f,-0.994116363239236f,-0.3724328317639049f,-0.1747718704008738f,1.5166641442189552f,0.21429133922833832f,-0.568420852977721f,0.9786439631546571f,0.27648528913709997f,-1.1586837313878324f,-1.8584041934415265f,0f,0f,0f,1f], start_interpolation: 0, interpolation_duration: 1 }
$data merge entity $(bone_tail1) { transformation: [-0.973918766231328f,0.003033404727062648f,-0.2268766961109262f,-0.009636496367129821f,-0.03778244724239155f,0.9837821476014846f,0.1753430145200733f,-0.75f,0.22372912966983902f,0.1793418091700108f,-0.958009285978379f,-0.8684854682982286f,0f,0f,0f,1f], start_interpolation: 0, interpolation_duration: 1 }
$data merge entity $(bone_body1) { transformation: [-1.3332223169759776f,0f,-0.017205560002023362f,0.5f,0f,1.3333333333333333f,0f,-1.1875f,0.017205560002023362f,0f,-1.3332223169759776f,-0.12499999999999994f,0f,0f,0f,1f], start_interpolation: 0, interpolation_duration: 1 }
data modify entity @s data merge value {"locators":{"hitbox_head":{"posx":0.1208606179482618,"posy":0.037628037450796015,"posz":3.3238203725091076,"roty":357.46990429162344,"rotx":-0.9255424772468172},"hitbox_neck":{"posx":0.08328523259740866,"posy":-0.7908969436197257,"posz":2.33777235331439,"roty":357.46990429162344,"rotx":-0.9255424772468172},"hitbox_right_arm":{"posx":-0.668586898823961,"posy":-2.8220785050904706,"posz":3.0511813337117153,"roty":358.51965511599474,"rotx":-3.1044375632647294},"hitbox_left_arm":{"posx":1.0371064075877505,"posy":-2.8380615335851913,"posz":2.844125037487948,"roty":356.5709849342814,"rotx":-0.097716874805845},"hitbox_tail1":{"posx":-0.7224902824735397,"posy":-1.196524417503964,"posz":-2.588970373491013,"roty":319.3713828076334,"rotx":7.989972410630188},"hitbox_tail2":{"posx":-1.8520842215718076,"posy":-1.322193094541272,"posz":-3.971486165937577,"roty":319.3713828076334,"rotx":7.989972410630188}},"cameras":{}}