# This file was generated by Animated Java via MC-Build. It is not recommended to edit this file directly.
$data merge entity $(bone_jaw) { transformation: [-0.9991464553542004f,-0.008347852801732654f,-0.04045582908231328f,0.10412011243757036f,-0.0067855746980502365f,0.9992316448139482f,-0.038601502282021805f,0.658589217245498f,0.04074698429520793f,-0.03829403812621958f,-0.9984354009723582f,3.2515852300631565f,0f,0f,0f,1f], start_interpolation: 0, interpolation_duration: 1 }
$data merge entity $(bone_head) { transformation: [-1.1240397622734755f,-0.008307479062055161f,-0.04572306441854267f,0.09395943145567198f,-0.007633771535306516f,1.1248499995143302f,-0.016709402286086864f,0.6548760167374787f,0.04584035733210892f,-0.01638488279619528f,-1.123946260839645f,3.001819394321013f,0f,0f,0f,1f], start_interpolation: 0, interpolation_duration: 1 }
$data merge entity $(bone_neck) { transformation: [-0.9991464553542004f,-0.007384425832937921f,-0.04064272392759348f,0.568356398389099f,-0.0067855746980502365f,0.9998666662349601f,-0.014852802032077212f,-0.416157430439204f,0.04074698429520793f,-0.014564340263284693f,-0.9990633429685734f,2.185181547541183f,0f,0f,0f,1f], start_interpolation: 0, interpolation_duration: 1 }
$data merge entity $(bone_right_arm2) { transformation: [-0.9970701402595197f,-0.07263733216562046f,-0.023978185476033136f,-0.7123979370083686f,-0.07137277429476327f,0.9961985810301085f,-0.049943110066025684f,-1.8512555792500294f,0.027514768622151034f,-0.048085394138549974f,-0.9984641868280553f,2.4889186628490223f,0f,0f,0f,1f], start_interpolation: 0, interpolation_duration: 1 }
$data merge entity $(bone_right_arm1) { transformation: [-1.1320900550863295f,-0.08247363756304822f,-0.02722523142591262f,-0.5126350191594183f,-0.08103783748051245f,1.131100472211269f,-0.05670623955413332f,-0.5557768378512911f,0.031240726873067316f,-0.05459695792814528f,-1.1336728787943542f,1.7307640894034653f,0f,0f,0f,1f], start_interpolation: 0, interpolation_duration: 1 }
$data merge entity $(bone_left_arm2) { transformation: [-0.9984782477263587f,0.002492656850949962f,-0.05509061153340058f,0.9418898495577934f,0.0025829376469597883f,0.9999954354774397f,-0.0015676279525225238f,-1.8416418033700932f,0.055086452512505796f,-0.001707538025645207f,-0.9984801285270921f,2.349203833062477f,0f,0f,0f,1f], start_interpolation: 0, interpolation_duration: 1 }
$data merge entity $(bone_left_arm1) { transformation: [-1.1335992621747784f,0.013288570204625533f,-0.06282621780084575f,0.6070602297973503f,0.013034071237220436f,1.1353310244132453f,0.004958319896730406f,-0.5354119143326117f,0.06287950960547986f,0.004229166718395973f,-1.1336663037971475f,1.6849111999082993f,0f,0f,0f,1f], start_interpolation: 0, interpolation_duration: 1 }
$data merge entity $(bone_body2) { transformation: [-1.581981887644151f,-0.011692007568818375f,-0.06435097955202301f,0.510394009357742f,-0.010743826605246209f,1.583122221538687f,-0.023516936550788924f,-0.5f,0.06451605846741255f,-0.023060205416867433f,-1.5818502930335747f,0.7499382632903142f,0f,0f,0f,1f], start_interpolation: 0, interpolation_duration: 1 }
$data merge entity $(bone_right_leg2) { transformation: [-0.9999760215118138f,0.006798166172196047f,0.0013195977038606265f,-1.0041620607580137f,0.006793259915585007f,0.9999701264055187f,-0.003687535254109628f,-2.551526209190606f,-0.0013446267601572113f,-0.0036784824624027657f,-0.999992330343413f,-0.46644101901863655f,0f,0f,0f,1f], start_interpolation: 0, interpolation_duration: 1 }
$data merge entity $(bone_right_leg1) { transformation: [-1.3332392583471453f,0.0005173143171688474f,-0.015830039975584072f,-0.624920624230404f,0f,1.332621946151984f,0.043549126419208446f,-1.125f,0.015838490449892554f,0.043546053756608666f,-1.3325279213586005f,-0.1116362736829031f,0f,0f,0f,1f], start_interpolation: 0, interpolation_duration: 1 }
$data merge entity $(bone_left_leg2) { transformation: [-0.9999294437603591f,-0.0006346963079810164f,-0.01186189958208687f,0.9969655430000791f,0f,0.9985715595488743f,-0.053430707089919f,-2.5742467873406323f,0.011878867837419416f,-0.053426937220145375f,-0.9985011040946202f,-0.3834018158865986f,0f,0f,0f,1f], start_interpolation: 0, interpolation_duration: 1 }
$data merge entity $(bone_left_leg1) { transformation: [-1.3332392583471453f,-0.0006583274516798123f,-0.01582480283282235f,0.6249911804700449f,0f,1.3321810672034684f,-0.055420050184077835f,-1.125f,0.015838490449892554f,-0.055416139953736135f,-1.3320870735168455f,-0.12648485847967736f,0f,0f,0f,1f], start_interpolation: 0, interpolation_duration: 1 }
$data merge entity $(bone_tail3) { transformation: [-0.8312770016852572f,-0.003479671111574789f,-0.5558474955940018f,-1.2744776134996454f,-0.08555605022172784f,0.9888653731394219f,0.12175974735637844f,-0.1751565458259377f,0.5492346572637472f,0.14877219395702676f,-0.8223187493700888f,-3.4591870455652627f,0f,0f,0f,1f], start_interpolation: 0, interpolation_duration: 1 }
$data merge entity $(bone_tail2) { transformation: [-1.2815520442647714f,-0.005364492963677799f,-0.8569315557074194f,-0.3355207461381287f,-0.13189891075849708f,1.524500783589942f,0.18771294384108342f,-0.5995628358605049f,0.8467367632816102f,0.22935713235041624f,-1.2677414052788867f,-1.8765798447053206f,0f,0f,0f,1f], start_interpolation: 0, interpolation_duration: 1 }
$data merge entity $(bone_tail1) { transformation: [-0.9813937925663588f,-0.003479671111574789f,-0.19197425817326091f,-0.008873872758244139f,-0.03193772196135911f,0.9888653731394219f,0.14534529824439057f,-0.75f,0.18933094260616115f,0.14877219395702676f,-0.9705774716513234f,-0.8690076489015597f,0f,0f,0f,1f], start_interpolation: 0, interpolation_duration: 1 }
$data merge entity $(bone_body1) { transformation: [-1.3332392583471453f,0f,-0.015838490449892554f,0.5f,0f,1.3333333333333333f,0f,-1.1875f,0.015838490449892554f,0f,-1.3332392583471453f,-0.12499999999999994f,0f,0f,0f,1f], start_interpolation: 0, interpolation_duration: 1 }
data modify entity @s data merge value {"locators":{"hitbox_head":{"posx":0.11127554882863114,"posy":0.0346008509756528,"posz":3.323129401663245,"roty":357.67044477038627,"rotx":-0.8510341628392604},"hitbox_neck":{"posx":0.07663267089029968,"posy":-0.7926436173723295,"posz":2.3358995851585904,"roty":357.67044477038627,"rotx":-0.8510341628392604},"hitbox_right_arm":{"posx":-0.6900883958709516,"posy":-2.8269434036405476,"posz":3.0379558234404844,"roty":358.6243023762571,"rotx":-2.8627203520399913},"hitbox_left_arm":{"posx":1.0293473889564413,"posy":-2.8410148584742068,"posz":2.846708532069637,"roty":356.8419377699297,"rotx":-0.08981850231382467},"hitbox_tail1":{"posx":-0.6111465208146667,"posy":-1.2468075331298452,"posz":-2.622157462522995,"roty":325.94321855397914,"rotx":6.993673494696957},"hitbox_tail2":{"posx":-1.5825747614373293,"posy":-1.404552490183466,"posz":-4.1170048466545355,"roty":325.94321855397914,"rotx":6.993673494696957}},"cameras":{}}