# This file was generated by Animated Java via MC-Build. It is not recommended to edit this file directly.
$data merge entity $(bone_jaw) { transformation: [-0.999707926858633f,-0.004505374092202866f,-0.023743685061578337f,0.06103915968351289f,-0.003970265444610763f,0.9997381477801697f,-0.022536034819263757f,0.6445659033713983f,0.023839000992353695f,-0.02243518391645243f,-0.9994640386498763f,3.251484936808915f,0f,0f,0f,1f], start_interpolation: 0, interpolation_duration: 1 }
$data merge entity $(bone_head) { transformation: [-1.124671417715962f,-0.0046968517022629f,-0.02677950255054805f,0.05508815911672443f,-0.0044665486251871086f,1.124949134364001f,-0.00972085577836617f,0.642405713198428f,0.026818876116397907f,-0.0096116948438819f,-1.124639214684461f,3.001565111323479f,0f,0f,0f,1f], start_interpolation: 0, interpolation_duration: 1 }
$data merge entity $(bone_neck) { transformation: [-0.999707926858633f,-0.0041749792909003556f,-0.02380400226715382f,0.5400372862005601f,-0.003970265444610763f,0.9999547861013341f,-0.008640760691881041f,-0.42508173237408764f,0.023839000992353695f,-0.008543728750117245f,-0.9996793019417431f,2.1864838897966354f,0f,0f,0f,1f], start_interpolation: 0, interpolation_duration: 1 }
$data merge entity $(bone_right_arm2) { transformation: [-0.9990024939758164f,-0.04217308050209659f,-0.014678157618128978f,-0.7802773926549288f,-0.04172733296721019f,0.9986948018028186f,-0.02945373550965368f,-1.8621921437731594f,0.01590115447200393f,-0.028811874860771226f,-0.9994583678940633f,2.4429534679283362f,0f,0f,0f,1f], start_interpolation: 0, interpolation_duration: 1 }
$data merge entity $(bone_right_arm1) { transformation: [-1.1342840817017081f,-0.0478840184867555f,-0.01666582479558394f,-0.5335325148089516f,-0.0473779093065199f,1.1339347228802834f,-0.03344226219325261f,-0.5586148680175939f,0.01805443580675446f,-0.032713482914833995f,-1.1348016885463843f,1.7130411434739043f,0f,0f,0f,1f], start_interpolation: 0, interpolation_duration: 1 }
$data merge entity $(bone_left_arm2) { transformation: [-0.9994768978559049f,0.0014263289454803665f,-0.03230938312745118f,0.9144649930593529f,0.001456499987270897f,0.999998524979312f,-0.0009103004929866976f,-1.855537780461707f,0.032308037082500414f,-0.0009568829289609074f,-0.999477501054894f,2.3601477534964763f,0f,0f,0f,1f], start_interpolation: 0, interpolation_duration: 1 }
$data merge entity $(bone_left_arm1) { transformation: [-1.1347927007358052f,0.00765329500712181f,-0.03685051392742466f,0.5886201828490656f,0.007562884981742784f,1.1353877553122276f,0.0029077142669756725f,-0.546693692294159f,0.0368691750915895f,0.002660659136268448f,-1.1348147830220887f,1.6862178078965324f,0f,0f,0f,1f], start_interpolation: 0, interpolation_duration: 1 }
$data merge entity $(bone_body2) { transformation: [-1.5828708841928356f,-0.006610383877258897f,-0.037689670256326885f,0.5060799691472078f,-0.006286253620633709f,1.5832617446604458f,-0.01368120442881165f,-0.5f,0.03774508490456002f,-0.013527570521018972f,-1.5828255614077602f,0.7499788763022619f,0f,0f,0f,1f], start_interpolation: 0, interpolation_duration: 1 }
$data merge entity $(bone_right_leg2) { transformation: [-0.9999921642711874f,0.0038704371427298176f,0.0008313317932279966f,-1.0023256643901688f,0.003868654406222326f,0.9999902366501089f,-0.0021354431728616632f,-2.5562664809184588f,-0.0008395887752172572f,-0.0021322103047031644f,-0.9999973743815056f,-0.45447891998416046f,0f,0f,0f,1f], start_interpolation: 0, interpolation_duration: 1 }
$data merge entity $(bone_right_leg1) { transformation: [-1.333301144841542f,0.00017702521891677168f,-0.009263023484968375f,-0.624972840960051f,0f,1.333089914291682f,0.025476620489646863f,-1.125f,0.009264714890983326f,0.025476005449154737f,-1.3330577316763597f,-0.11718289681073277f,0f,0f,0f,1f], start_interpolation: 0, interpolation_duration: 1 }
$data merge entity $(bone_left_leg2) { transformation: [-0.9999758586311565f,-0.0002172360416638841f,-0.006945139551046243f,0.9980600514917313f,0f,0.999511175144086f,-0.03126356924741838f,-2.5696741782477908f,0.006948536168237495f,-0.031262814502061816f,-0.9994870455761435f,-0.40591850030235543f,0f,0f,0f,1f], start_interpolation: 0, interpolation_duration: 1 }
$data merge entity $(bone_left_leg1) { transformation: [-1.333301144841542f,-0.00022529632523276506f,-0.009261975144484291f,0.6249969823288946f,0f,1.3329390421570766f,-0.032423566601353926f,-1.125f,0.009264714890983326f,-0.03242278385207338f,-1.332906863184014f,-0.12586856702102964f,0f,0f,0f,1f], start_interpolation: 0, interpolation_duration: 1 }
$data merge entity $(bone_tail3) { transformation: [-0.944834802610905f,-0.009132046933928044f,-0.32741991615356664f,-0.7428073902080004f,-0.03634472143038913f,0.9963614447907476f,0.07709041807281529f,-0.32793339984898373f,0.325524587396036f,0.08473769558638332f,-0.941728870719885f,-3.701024728953009f,0f,0f,0f,1f], start_interpolation: 0, interpolation_duration: 1 }
$data merge entity $(bone_tail2) { transformation: [-1.4566203206918118f,-0.0140785723564724f,-0.5047723707367485f,-0.24528713894631443f,-0.05603144553851657f,1.5360572273857358f,0.11884772786225689f,-0.6638387948125762f,0.5018504055688888f,0.13063728069567426f,-1.4518320090264891f,-1.9104808408511669f,0f,0f,0f,1f], start_interpolation: 0, interpolation_duration: 1 }
$data merge entity $(bone_tail1) { transformation: [-0.9939971527154651f,-0.009132046933928044f,-0.10902415380247056f,-0.0051993314417563274f,-0.01828418100580473f,0.9963614447907476f,0.08324397911825818f,-0.75f,0.10786727547544339f,0.08473769558638332f,-0.9905474111965636f,-0.8715076258892485f,0f,0f,0f,1f], start_interpolation: 0, interpolation_duration: 1 }
$data merge entity $(bone_body1) { transformation: [-1.333301144841542f,0f,-0.009264714890983326f,0.5f,0f,1.3333333333333333f,0f,-1.1875f,0.009264714890983326f,0f,-1.333301144841542f,-0.12499999999999994f,0f,0f,0f,1f], start_interpolation: 0, interpolation_duration: 1 }
data modify entity @s data merge value {"locators":{"hitbox_head":{"posx":0.06513627188202273,"posy":0.020134209601306963,"posz":3.3193047236490973,"roty":358.63595136771653,"rotx":-0.4950852802953571},"hitbox_neck":{"posx":0.04472444028872552,"posy":-0.8009698147979082,"posz":2.3265672013168244,"roty":358.63595136771653,"rotx":-0.4950852802953571},"hitbox_right_arm":{"posx":-0.7932028892172562,"posy":-2.848768036131602,"posz":2.9724883488906393,"roty":359.1586082474131,"rotx":-1.687818832420449},"hitbox_left_arm":{"posx":0.9916606617935921,"posy":-2.8551721864437303,"posz":2.858824134635228,"roty":358.14848571407174,"rotx":-0.05215638354002265},"hitbox_tail1":{"posx":-0.3454349457750823,"posy":-1.3535671258017778,"posz":-2.6621632845853798,"roty":340.8284796187946,"rotx":4.421342282899542},"hitbox_tail2":{"posx":-0.9149952814436011,"posy":-1.5922944359708813,"posz":-4.341965444190072,"roty":340.8284796187946,"rotx":4.421342282899542}},"cameras":{}}