# This file was generated by Animated Java via MC-Build. It is not recommended to edit this file directly.
$data merge entity $(bone_jaw) { transformation: [-0.9999528250852887f,-0.001682270391207422f,-0.009566481604063452f,0.024573948033250484f,-0.001595779914708967f,0.9999578519575043f,-0.009041448722292202f,0.6328352534578343f,0.009581288557069401f,-0.009025756193521663f,-0.9999133635644246f,3.250786467541342f,0f,0f,0f,1f], start_interpolation: 0, interpolation_duration: 1 }
$data merge entity $(bone_head) { transformation: [-1.1249469282209499f,-0.001832417008963442f,-0.010772693913525182f,0.02218001605246711f,-0.001795252404047588f,1.1249918470763762f,-0.003888583352465615f,0.631971123823953f,0.010778949626703076f,-0.0038712090603031037f,-1.1249416998161978f,3.0007994231377424f,0f,0f,0f,1f], start_interpolation: 0, interpolation_duration: 1 }
$data merge entity $(bone_neck) { transformation: [-0.9999528250852887f,-0.001628815119078615f,-0.009575727923133496f,0.5161067657215865f,-0.001595779914708967f,0.9999927529567789f,-0.003456518535524991f,-0.43253170754538417f,0.009581288557069401f,-0.0034410747202694254f,-0.999948177614398f,2.187207026437796f,0f,0f,0f,1f], start_interpolation: 0, interpolation_duration: 1 }
$data merge entity $(bone_right_arm2) { transformation: [-0.9998396143449207f,-0.016831333193613345f,-0.006119788356287589f,-0.8370787731744369f,-0.016757569372856024f,0.999788631529176f,-0.01191117684074338f,-1.870224962325172f,0.006318975812115556f,-0.011806713680915328f,-0.999910332008197f,2.4027525359656394f,0f,0f,0f,1f], start_interpolation: 0, interpolation_duration: 1 }
$data merge entity $(bone_right_arm1) { transformation: [-1.1352345621207953f,-0.019110576230248484f,-0.0069485096962015325f,-0.5509273730032144f,-0.019026823558763607f,1.135176675382085f,-0.013524148704594044f,-0.5609545770921223f,0.007174670453339537f,-0.01340553949187261f,-1.135314856134307f,1.6978431910625167f,0f,0f,0f,1f], start_interpolation: 0, interpolation_duration: 1 }
$data merge entity $(bone_left_arm2) { transformation: [-0.9999151902671705f,0.0005623086160152629f,-0.01301138278541561f,0.8909744824673655f,0.0005670865814796468f,0.9999997731301701f,-0.00036352773965568695f,-1.8671956013533588f,0.01301117541874524f,-0.0003708754895493155f,-0.9999152822942522f,2.3691136878273205f,0f,0f,0f,1f], start_interpolation: 0, interpolation_duration: 1 }
$data merge entity $(bone_left_arm1) { transformation: [-1.135315609389f,0.003033854386203154f,-0.014841487448731825f,0.5730147159472927f,0.0030188025009252927f,1.135412049541453f,0.0011711242384737403f,-0.556160942209119f,0.014844556362113206f,0.0011315600226454547f,-1.1353190589709887f,1.6870634995002098f,0f,0f,0f,1f], start_interpolation: 0, interpolation_duration: 1 }
$data merge entity $(bone_body2) { transformation: [-1.5832586397183739f,-0.002578957271874474f,-0.015161569211628036f,0.5024434577770246f,-0.0025266515316225316f,1.5833218588482334f,-0.0054728210145812365f,-0.5f,0.01517037354869322f,-0.005448368307093257f,-1.583251281222797f,0.7499965882871156f,0f,0f,0f,1f], start_interpolation: 0, interpolation_duration: 1 }
$data merge entity $(bone_right_leg2) { transformation: [-0.9999987834424056f,0.001519220052285962f,0.00035367236507280204f,-1.0008976160488792f,0.0015189186122928284f,0.9999984843173969f,-0.0008510282946236234f,-2.5600578085606673f,-0.0003549647282680055f,-0.0008504900597607248f,-0.9999995753332598f,-0.4443398381471465f,0f,0f,0f,1f], start_interpolation: 0, interpolation_duration: 1 }
$data merge entity $(bone_right_leg1) { transformation: [-1.3333281345327475f,0.000028593103597866822f,-0.0037232544414806863f,-0.6249956135120056f,0f,1.3332940175715704f,0.01023916430371033f,-1.125f,0.003723364231656502f,0.010239124380180292f,-1.3332888189242806f,-0.12185841142953976f,0f,0f,0f,1f], start_interpolation: 0, interpolation_duration: 1 }
$data merge entity $(bone_left_leg2) { transformation: [-0.9999961008995606f,-0.000035090957576433245f,-0.002792302687851832f,0.9991646626875725f,0f,0.9999210442038162f,-0.012566039883352656f,-2.5654856173424294f,0.0027925231737423767f,-0.012565990887101027f,-0.9999171454112333f,-0.4248304950361158f,0f,0f,0f,1f], start_interpolation: 0, interpolation_duration: 1 }
$data merge entity $(bone_left_leg1) { transformation: [-1.3333281345327475f,-0.00003639100105244724f,-0.0037231863902605538f,0.624999512612445f,0f,1.3332696484917461f,-0.013031584265665428f,-1.125f,0.003723364231656502f,-0.01303153345420949f,-1.333264449939474f,-0.12534906539671775f,0f,0f,0f,1f], start_interpolation: 0, interpolation_duration: 1 }
$data merge entity $(bone_tail3) { transformation: [-0.9880645260792136f,-0.006501074441144019f,-0.15390330839514166f,-0.34647320131945447f,-0.012723113034667673f,0.9991394392978739f,0.03947788284897325f,-0.4449922103559336f,0.15351421660082967f,0.040964824796902166f,-0.9872969504818663f,-3.790350915324142f,0f,0f,0f,1f], start_interpolation: 0, interpolation_duration: 1 }
$data merge entity $(bone_tail2) { transformation: [-1.5232661443721207f,-0.010022489763430361f,-0.23726760044251002f,-0.18019361238075107f,-0.019614799261779326f,1.5403399689175554f,0.06086173605883376f,-0.7079422746954432f,0.23666775059294573f,0.06315410489522416f,-1.5220827986595438f,-1.9276607607449578f,0f,0f,0f,1f], start_interpolation: 0, interpolation_duration: 1 }
$data merge entity $(bone_tail1) { transformation: [-0.9987216444256422f,-0.006501074441144019f,-0.050127966115255315f,-0.002092442830087027f,-0.008541020665824111f,0.9991394392978739f,0.04058856742379746f,-0.75f,0.04982095865925753f,0.040964824796902166f,-0.9979177096372385f,-0.8736008140877991f,0f,0f,0f,1f], start_interpolation: 0, interpolation_duration: 1 }
$data merge entity $(bone_body1) { transformation: [-1.3333281345327475f,0f,-0.003723364231656502f,0.5f,0f,1.3333333333333333f,0f,-1.1875f,0.003723364231656502f,0f,-1.3333281345327475f,-0.12499999999999994f,0f,0f,0f,1f], start_interpolation: 0, interpolation_duration: 1 }
data modify entity @s data merge value {"locators":{"hitbox_head":{"posx":0.02619044047787046,"posy":0.008055815268317779,"posz":3.31543390034241,"roty":359.4513395415314,"rotx":-0.19804431825207866},"hitbox_neck":{"posx":0.01793812483898838,"posy":-0.8078948150445902,"posz":2.3182815959382315,"roty":359.4513395415314,"rotx":-0.19804431825207866},"hitbox_right_arm":{"posx":-0.8796775216992373,"posy":-2.86510535351978,"posz":2.9149093516389106,"roty":359.6493348902651,"rotx":-0.6824763005071388},"hitbox_left_arm":{"posx":0.9594125646357563,"posy":-2.8670490535250437,"posz":2.868629006000324,"roty":359.2544815949375,"rotx":-0.020828605676959894},"hitbox_tail1":{"posx":-0.15761826531165127,"posy":-1.428565420580846,"posz":-2.6563403098740213,"roty":351.1398402084475,"rotx":2.2625040177126032},"hitbox_tail2":{"posx":-0.4245111520877201,"posy":-1.7341564153318456,"posz":-4.399471782516126,"roty":351.1398402084475,"rotx":2.2625040177126032}},"cameras":{}}