# This file was generated by Animated Java via MC-Build. It is not recommended to edit this file directly.
$data merge entity $(bone_jaw) { transformation: [-0.8215298241472988f,-0.5069127901219013f,0.2610137376601807f,-1.6476907667597622f,0.09074356765997664f,0.33570692500895266f,0.9375854443352737f,-0.3198719876426114f,-0.5628981728206689f,0.7939397229713743f,-0.229794175999501f,2.7902086781431277f,0f,0f,0f,1f], start_interpolation: 0, interpolation_duration: 1 }
$data merge entity $(bone_head) { transformation: [-0.9242210521657112f,-0.4328168188955599f,0.4734026278072757f,-1.5424901828025899f,0.10208651361747371f,0.7204543699870878f,0.8579911680803818f,-0.12920728362474876f,-0.6332604444232525f,0.7478235768198516f,-0.5525994095918199f,2.6674088093449453f,0f,0f,0f,1f], start_interpolation: 0, interpolation_duration: 1 }
$data merge entity $(bone_neck) { transformation: [-0.8215298241472988f,-0.21760136555981863f,0.5270089123942883f,-0.4723290785012739f,0.09074356765997664f,0.8626274821056329f,0.4976338332995811f,-0.6867932776360625f,-0.5628981728206689f,0.4566437044596128f,-0.6889282794402869f,1.9039197327217081f,0f,0f,0f,1f], start_interpolation: 0, interpolation_duration: 1 }
$data merge entity $(bone_right_arm2) { transformation: [-0.606022737483692f,0.33177122635920164f,0.7229552510445467f,-2.179214031942723f,0.7954420671699055f,0.2560664281145246f,0.5492739773274686f,-1.0918228886517212f,-0.002891267756485988f,0.9079415387307601f,-0.4190868678662932f,-0.024579899161326857f,0f,0f,0f,1f], start_interpolation: 0, interpolation_duration: 1 }
$data merge entity $(bone_right_arm1) { transformation: [-0.6880883165179418f,0.37669857992867684f,0.8208554412901623f,-1.0573504567894916f,0.9031581804324967f,0.2907420902550331f,0.6236548284238966f,-0.6266854883293683f,-0.0032827935985101316f,1.0308919554338838f,-0.4758382145565203f,0.8798746699386211f,0f,0f,0f,1f], start_interpolation: 0, interpolation_duration: 1 }
$data merge entity $(bone_left_arm2) { transformation: [-0.6448814583483989f,-0.010932336066826365f,0.7642044155241214f,-0.3590279251743719f,0.002457570835013025f,0.999862861211995f,0.016377396452233267f,-2.3136393260998354f,-0.7642786566587039f,0.012439565791646318f,-0.6447661530965177f,2.4031400876039912f,0f,0f,0f,1f], start_interpolation: 0, interpolation_duration: 1 }
$data merge entity $(bone_left_arm1) { transformation: [-0.7309309246905509f,-0.03237450784667022f,0.8682527751278116f,-0.07724052803860543f,-0.145179845640884f,1.123227423500381f,-0.08033663212276704f,-0.9183445013775811f,-0.8566409998915236f,-0.16273614620859622f,-0.7272235907659136f,1.5120392431880842f,0f,0f,0f,1f], start_interpolation: 0, interpolation_duration: 1 }
$data merge entity $(bone_body2) { transformation: [-1.30075555489989f,-0.03836532841929044f,0.9019465241447547f,0.34805784454143585f,0.1436773154616297f,1.5529420011501422f,0.273262537736104f,-0.5f,-0.8912554402993925f,0.3063391700117964f,-1.2723067623406175f,0.736706783885682f,0f,0f,0f,1f], start_interpolation: 0, interpolation_duration: 1 }
$data merge entity $(bone_right_leg2) { transformation: [-0.9239157203572971f,-0.025793623109610357f,0.38172559605498835f,-1.0443392824242048f,-0.009441214564340314f,0.9989580994263931f,0.04464951352432117f,-2.5443745143296415f,-0.382479548661372f,0.03764843419437025f,-0.9231966151684621f,-0.004772428981597354f,0f,0f,0f,1f], start_interpolation: 0, interpolation_duration: 1 }
$data merge entity $(bone_right_leg1) { transformation: [-1.3130770040162774f,0.10690907363799454f,0.2053704196696318f,-0.607908722138734f,0f,1.1826811109042956f,-0.6156648176467119f,-1.125f,-0.23153090355590725f,-0.6063114856753291f,-1.1647135273596412f,-0.3203541998752967f,0f,0f,0f,1f], start_interpolation: 0, interpolation_duration: 1 }
$data merge entity $(bone_left_leg2) { transformation: [-0.984807753012208f,-0.1227878039689729f,0.1227878039689729f,1.1800309306242789f,0f,0.7071067811865476f,0.7071067811865475f,-2.1232884273057238f,-0.17364817766693044f,0.6963642403200188f,-0.696364240320019f,-1.102261812055368f,0f,0f,0f,1f], start_interpolation: 0, interpolation_duration: 1 }
$data merge entity $(bone_left_leg1) { transformation: [-1.3130770040162774f,-0.132800670566735f,0.1896590129638988f,0.623100969126526f,0f,1.0922027257186557f,0.7647685818013947f,-1.125f,-0.23153090355590725f,0.7531500286181645f,-1.0756097121487982f,-0.10329397779163364f,0f,0f,0f,1f], start_interpolation: 0, interpolation_duration: 1 }
$data merge entity $(bone_tail3) { transformation: [-0.5432576688599111f,-0.0669872981090499f,0.8368893637255432f,2.08867102678035f,0.17485561241649905f,0.9659258262884448f,0.1908214162913487f,0.043479668251232784f,-0.8211556612673059f,0.2500000000020688f,-0.5130335076460595f,-2.743474247367952f,0f,0f,0f,1f], start_interpolation: 0, interpolation_duration: 1 }
$data merge entity $(bone_tail2) { transformation: [-0.8375222394923629f,-0.10327208458478525f,1.2902044357435456f,0.46415637958291456f,0.26956906914210266f,1.4891356488613523f,0.29418301678249587f,-0.47356462817206707f,-1.2659483111204297f,0.385416666669856f,-0.7909266576210083f,-1.9310558781903913f,0f,0f,0f,1f], start_interpolation: 0, interpolation_duration: 1 }
$data merge entity $(bone_tail1) { transformation: [-0.9078391981480554f,-0.0669872981090499f,0.4139331977480731f,0.13783225674409383f,0.04494345552692082f,0.9659258262884448f,0.25488700224665206f,-0.75f,-0.4169029576666443f,0.2500000000020688f,-0.8738946869547668f,-0.9504299035926211f,0f,0f,0f,1f], start_interpolation: 0, interpolation_duration: 1 }
$data merge entity $(bone_body1) { transformation: [-1.3130770040162774f,0f,0.23153090355590725f,0.5f,0f,1.3333333333333333f,0f,-1.1875f,-0.23153090355590725f,0f,-1.3130770040162774f,-0.12499999999999994f,0f,0f,0f,1f], start_interpolation: 0, interpolation_duration: 1 }
data modify entity @s data merge value {"locators":{"hitbox_head":{"posx":-1.4335371244737443,"posy":-0.7677905914176814,"posz":2.4054511026649776,"roty":40.58610886543474,"rotx":49.69915724427475},"hitbox_neck":{"posx":-0.8673695925392774,"posy":-1.0271110287581342,"posz":1.5373452920690547,"roty":37.414875253141474,"rotx":29.843578752731084},"hitbox_right_arm":{"posx":-2.9103393049169286,"posy":-1.572811176231861,"posz":-0.7231587081937207,"roty":59.89974094843237,"rotx":33.31721902795223},"hitbox_left_arm":{"posx":-0.6898927057228312,"posy":-3.321844483715135,"posz":2.760851014401773,"roty":49.845372192611904,"rotx":0.9383976486782977},"hitbox_tail1":{"posx":1.1576654993335018,"posy":-1.0886762257401608,"posz":-2.3686219570401956,"roty":58.49069125215789,"rotx":11.00072498692291},"hitbox_tail2":{"posx":2.6473421226440963,"posy":-1.1169609320884673,"posz":-3.3601805954215758,"roty":58.49069125215789,"rotx":11.00072498692291}},"cameras":{}}