# This file was generated by Animated Java via MC-Build. It is not recommended to edit this file directly.
$data merge entity $(bone_jaw) { transformation: [-1f,-2.2217948279967682e-17f,1.2043239016496874e-16f,-4.18686156160047e-16f,0f,0.9834050948307581f,0.18142331564853378f,0.6018972153730519f,-1.2246467991473532e-16f,0.18142331564853378f,-0.9834050948307581f,3.375643930694193f,0f,0f,0f,1f], start_interpolation: 0, interpolation_duration: 1 }
$data merge entity $(bone_head) { transformation: [-1.125f,-2.499519181496364e-17f,1.3548643893558984e-16f,-3.885780586188048e-16f,0f,1.106330731684603f,0.20410123010460052f,0.6472530442851853f,-1.3777276490407724e-16f,0.20410123010460052f,-1.106330731684603f,3.1297926569865036f,0f,0f,0f,1f], start_interpolation: 0, interpolation_duration: 1 }
$data merge entity $(bone_neck) { transformation: [-1f,-1.7625731199922192e-17f,1.2118965065667392e-16f,0.4999999999999997f,0f,0.9895885960021361f,0.14392501750050637f,-0.2872457622479231f,-1.2246467991473532e-16f,0.14392501750050637f,-0.9895885960021361f,2.17283159164048f,0f,0f,0f,1f], start_interpolation: 0, interpolation_duration: 1 }
$data merge entity $(bone_right_arm2) { transformation: [-1f,1.8617342427176557e-18f,1.2245052785606142e-16f,-0.8750000000000004f,0f,0.999884439671228f,-0.015202213764930986f,-1.698884333535071f,-1.2246467991473532e-16f,-0.015202213764930986f,-0.999884439671228f,2.3766360425362483f,0f,0f,0f,1f], start_interpolation: 0, interpolation_duration: 1 }
$data merge entity $(bone_right_arm1) { transformation: [-1.1354166666666665f,2.1138440880856712e-18f,1.3903237016990304e-16f,-0.5625000000000003f,0f,1.1352854575433733f,-0.017260846878932055f,-0.3969875284299742f,-1.3904843865318904e-16f,-0.017260846878932055f,-1.1352854575433733f,1.6692625846958071f,0f,0f,0f,1f], start_interpolation: 0, interpolation_duration: 1 }
$data merge entity $(bone_left_arm2) { transformation: [-1f,1.8617342427176557e-18f,1.2245052785606142e-16f,0.8749999999999997f,0f,0.999884439671228f,-0.015202213764930986f,-1.698884333535071f,-1.2246467991473532e-16f,-0.015202213764930986f,-0.999884439671228f,2.3766360425362483f,0f,0f,0f,1f], start_interpolation: 0, interpolation_duration: 1 }
$data merge entity $(bone_left_arm1) { transformation: [-1.1354166666666665f,2.1138440880856712e-18f,1.3903237016990304e-16f,0.5624999999999998f,0f,1.1352854575433733f,-0.017260846878932055f,-0.3969875284299742f,-1.3904843865318904e-16f,-0.017260846878932055f,-1.1352854575433733f,1.6692625846958071f,0f,0f,0f,1f], start_interpolation: 0, interpolation_duration: 1 }
$data merge entity $(bone_body2) { transformation: [-1.5833333333333335f,-5.894810483638861e-18f,1.9381278533888188e-16f,0.4999999999999999f,0f,1.582601493539377f,0.04813478047501579f,-0.3060155599826868f,-1.9390240986499761e-16f,0.04813478047501579f,-1.582601493539377f,0.7340959680136108f,0f,0f,0f,1f], start_interpolation: 0, interpolation_duration: 1 }
$data merge entity $(bone_right_leg2) { transformation: [-0.9995377853932906f,0.0018475767702785563f,0.030344719988062294f,-0.9970542203965613f,-0.0006932084091939018f,0.9965069095079729f,-0.08350747729975998f,-2.4210075260145825f,-0.03039300961039237f,-0.083489914139053f,-0.9960450287029577f,-0.19547363962720743f,0f,0f,0f,1f], start_interpolation: 0, interpolation_duration: 1 }
$data merge entity $(bone_right_leg1) { transformation: [-1.332717047191054f,0.0061386759973390895f,0.0400670258583635f,-0.625f,-0.0009242778789252024f,1.3130097836777106f,-0.2319099641127813f,-0.9508050019946699f,-0.040524012813856494f,-0.2318305467391834f,-1.3123986359951199f,-0.1264251389151362f,0f,0f,0f,1f], start_interpolation: 0, interpolation_duration: 1 }
$data merge entity $(bone_left_leg2) { transformation: [-0.9995377853932906f,-0.0018475767702785368f,-0.03034471998806205f,0.9970542203965613f,0.0006932084091939018f,0.9965069095079729f,-0.08350747729975998f,-2.4210075260145825f,0.030393009610392128f,-0.083489914139053f,-0.9960450287029577f,-0.1954736396272072f,0f,0f,0f,1f], start_interpolation: 0, interpolation_duration: 1 }
$data merge entity $(bone_left_leg1) { transformation: [-1.332717047191054f,-0.006138675997339034f,-0.04006702585836317f,0.625f,0.0009242778789252024f,1.3130097836777106f,-0.2319099641127813f,-0.9508050019946699f,0.04052401281385617f,-0.2318305467391834f,-1.3123986359951199f,-0.12642513891513607f,0f,0f,0f,1f], start_interpolation: 0, interpolation_duration: 1 }
$data merge entity $(bone_tail3) { transformation: [-1f,1.3933308184116384e-17f,1.2166947336807623e-16f,4.579669976578771e-16f,0f,0.9935066457756413f,-0.11377409546832028f,-0.6926798010193481f,-1.2246467991473532e-16f,-0.11377409546832028f,-0.9935066457756413f,-3.828953141791864f,0f,0f,0f,1f], start_interpolation: 0, interpolation_duration: 1 }
$data merge entity $(bone_tail2) { transformation: [-1.5416666666666665f,2.148051678384609e-17f,1.8757377144245085e-16f,-0.12499999999999976f,0f,1.5316560789041136f,-0.1754017305136604f,-0.6656358680991803f,-1.8879971486855027e-16f,-0.1754017305136604f,-1.5316560789041136f,-1.9447955380622264f,0f,0f,0f,1f], start_interpolation: 0, interpolation_duration: 1 }
$data merge entity $(bone_tail1) { transformation: [-1f,8.371593015540222e-18f,1.2217820696425665e-16f,1.1102230246251565e-16f,0f,0.9976607708387585f,-0.06835924465216298f,-0.5930041706562571f,-1.2246467991473532e-16f,-0.06835924465216298f,-0.9976607708387585f,-0.8847809690460455f,0f,0f,0f,1f], start_interpolation: 0, interpolation_duration: 1 }
$data merge entity $(bone_body1) { transformation: [-1.3333333333333333f,3.7232891962918315e-18f,1.6324378473244113e-16f,0.5f,0f,1.332986660693498f,-0.03040296352290416f,-1.0132887517146776f,-1.6328623988631375e-16f,-0.03040296352290416f,-1.332986660693498f,-0.12499999999999994f,0f,0f,0f,1f], start_interpolation: 0, interpolation_duration: 1 }
data modify entity @s data merge value {"locators":{"head":{"posx":-4.1232696287037773e-16,"posy":-0.024069926124205332,"posz":3.323717176840782,"roty":0,"rotx":10.452674897119344},"neck":{"posx":-2.7755575615628914e-16,"posy":-0.6763321129362874,"posz":2.242558284578057,"roty":0,"rotx":8.275034293552814},"right_arm":{"posx":-0.9375000000000004,"posy":-2.6911676663238335,"posz":2.8917804761367933,"roty":0,"rotx":-0.8710562414266119},"left_arm":{"posx":0.9374999999999996,"posy":-2.6911676663238335,"posz":2.8917804761367933,"roty":0,"rotx":-0.8710562414266119},"tail1":{"posx":3.191891195797325e-16,"posy":-1.4889855430653816,"posz":-2.5425007854317396,"roty":0,"rotx":-6.532921810699589},"tail2":{"posx":5.081186094357672e-16,"posy":-2.0606552023008073,"posz":-4.238472129738492,"roty":0,"rotx":-6.532921810699589}},"cameras":{}}