# This file was generated by Animated Java via MC-Build. It is not recommended to edit this file directly.
$data merge entity $(bone_jaw) { transformation: [-1f,-3.739165057737924e-17f,1.166167324774526e-16f,-4.1773224173816796e-16f,0f,0.9522478853384154f,0.3053259976951131f,0.5745131240709476f,-1.2246467991473532e-16f,0.3053259976951131f,-0.9522478853384154f,3.446039932680036f,0f,0f,0f,1f], start_interpolation: 0, interpolation_duration: 1 }
$data merge entity $(bone_head) { transformation: [-1.125f,-4.2065606899551645e-17f,1.311938240371342e-16f,-3.885780586188048e-16f,0f,1.0712788710057173f,0.3434917474070022f,0.6508446234947258f,-1.3777276490407724e-16f,0.3434917474070022f,-1.0712788710057173f,3.2079779613454322f,0f,0f,0f,1f], start_interpolation: 0, interpolation_duration: 1 }
$data merge entity $(bone_neck) { transformation: [-1f,-2.97804865298924e-17f,1.187885535254196e-16f,0.4999999999999997f,0f,0.9699821500217435f,0.24317612678714168f,-0.1821808078888241f,-1.2246467991473532e-16f,0.24317612678714168f,-0.9699821500217435f,2.1614928297414275f,0f,0f,0f,1f], start_interpolation: 0, interpolation_duration: 1 }
$data merge entity $(bone_right_arm2) { transformation: [-1f,3.166183291057759e-18f,1.224237440612972e-16f,-0.8750000000000004f,0f,0.9996657333896873f,-0.02585384858117603f,-1.5754552501887682f,-1.2246467991473532e-16f,-0.02585384858117603f,-0.9996657333896873f,2.3769033175703775f,0f,0f,0f,1f], start_interpolation: 0, interpolation_duration: 1 }
$data merge entity $(bone_right_arm1) { transformation: [-1.1354166666666665f,3.594937278388497e-18f,1.3900195940293118e-16f,-0.5625000000000003f,0f,1.1350371347862074f,-0.029354890576543613f,-0.2811684960143622f,-1.3904843865318904e-16f,-0.029354890576543613f,-1.1350371347862074f,1.6556999496021743f,0f,0f,0f,1f], start_interpolation: 0, interpolation_duration: 1 }
$data merge entity $(bone_left_arm2) { transformation: [-1f,3.166183291057759e-18f,1.224237440612972e-16f,0.8749999999999997f,0f,0.9996657333896873f,-0.02585384858117603f,-1.5754552501887682f,-1.2246467991473532e-16f,-0.02585384858117603f,-0.9996657333896873f,2.376903317570378f,0f,0f,0f,1f], start_interpolation: 0, interpolation_duration: 1 }
$data merge entity $(bone_left_arm1) { transformation: [-1.1354166666666665f,3.594937278388497e-18f,1.3900195940293118e-16f,0.5624999999999998f,0f,1.1350371347862074f,-0.029354890576543613f,-0.2811684960143622f,-1.3904843865318904e-16f,-0.029354890576543613f,-1.1350371347862074f,1.6556999496021745f,0f,0f,0f,1f], start_interpolation: 0, interpolation_duration: 1 }
$data merge entity $(bone_body2) { transformation: [-1.5833333333333335f,-1.002289564872119e-17f,1.9364319279093799e-16f,0.4999999999999999f,0f,1.5812166652928819f,0.08184315392568307f,-0.17029228650733086f,-1.9390240986499761e-16f,0.08184315392568307f,-1.5812166652928819f,0.7226838907021398f,0f,0f,0f,1f], start_interpolation: 0, interpolation_duration: 1 }
$data merge entity $(bone_right_leg2) { transformation: [-0.9986631570270832f,0.005336653775137146f,0.05141418990107309f,-1.0028818713271939f,-0.002004314954713994f,0.989910254444433f,-0.1416815826680388f,-2.2954811552200542f,-0.051651539360038454f,-0.14159522686956055f,-0.9885762035419912f,-0.02449347175554137f,0f,0f,0f,1f], start_interpolation: 0, interpolation_duration: 1 }
$data merge entity $(bone_right_leg1) { transformation: [-1.3315508760361108f,0.017622691088952626f,0.06662944592315423f,-0.625f,-0.0026724199396186586f,1.2748384215561805f,-0.3905862707182502f,-0.8287507066721893f,-0.06886871914671794f,-0.3901976646018109f,-1.273098841347427f,-0.12742346070355112f,0f,0f,0f,1f], start_interpolation: 0, interpolation_duration: 1 }
$data merge entity $(bone_left_leg2) { transformation: [-0.9986631570270832f,-0.005336653775137111f,-0.05141418990107285f,1.0028818713271939f,0.002004314954713994f,0.989910254444433f,-0.1416815826680388f,-2.2954811552200542f,0.051651539360038204f,-0.14159522686956055f,-0.9885762035419912f,-0.02449347175554112f,0f,0f,0f,1f], start_interpolation: 0, interpolation_duration: 1 }
$data merge entity $(bone_left_leg1) { transformation: [-1.3315508760361108f,-0.01762269108895253f,-0.06662944592315392f,0.625f,0.0026724199396186586f,1.2748384215561805f,-0.3905862707182502f,-0.8287507066721893f,0.0688687191467176f,-0.3901976646018109f,-1.273098841347427f,-0.12742346070355098f,0f,0f,0f,1f], start_interpolation: 0, interpolation_duration: 1 }
$data merge entity $(bone_tail3) { transformation: [-1f,2.3600445303666872e-17f,1.2016911753061683e-16f,4.579669976578771e-16f,0f,0.9812553106273846f,-0.19271226054808965f,-0.7838130919688062f,-1.2246467991473532e-16f,-0.19271226054808965f,-0.9812553106273846f,-3.822703200682957f,0f,0f,0f,1f], start_interpolation: 0, interpolation_duration: 1 }
$data merge entity $(bone_tail2) { transformation: [-1.5416666666666665f,3.6384019843153094e-17f,1.8526072285970092e-16f,-0.12499999999999976f,0f,1.5127686038838843f,-0.29709806834497154f,-0.6064629741837727f,-1.8879971486855027e-16f,-0.29709806834497154f,-1.5127686038838843f,-1.9467159444038442f,0f,0f,0f,1f], start_interpolation: 0, interpolation_duration: 1 }
$data merge entity $(bone_tail1) { transformation: [-1f,1.4217281568715172e-17f,1.216366175599044e-16f,1.1102230246251565e-16f,0f,0.9932383577419429f,-0.1160929141252302f,-0.4831142529257156f,-1.2246467991473532e-16f,-0.1160929141252302f,-0.9932383577419429f,-0.8914001893030299f,0f,0f,0f,1f], start_interpolation: 0, interpolation_duration: 1 }
$data merge entity $(bone_body1) { transformation: [-1.3333333333333333f,6.331484572721448e-18f,1.6316344087851356e-16f,0.5f,0f,1.3323306033389732f,-0.051700495009088944f,-0.8912037037037037f,-1.6328623988631375e-16f,-0.051700495009088944f,-1.3323306033389732f,-0.12499999999999994f,0f,0f,0f,1f], start_interpolation: 0, interpolation_duration: 1 }
data modify entity @s data merge value {"locators":{"head":{"posx":-4.016510059071467e-16,"posy":-0.03972467912150668,"posz":3.3147266769542414,"roty":0,"rotx":17.77777777777778},"neck":{"posx":-2.7755575615628914e-16,"posy":-0.5763211299953707,"posz":2.191549550948967,"roty":0,"rotx":14.074074074074074},"right_arm":{"posx":-0.9375000000000004,"posy":-2.5621940592878674,"posz":2.902590032846397,"roty":0,"rotx":-1.481481481481481},"left_arm":{"posx":0.9374999999999996,"posy":-2.5621940592878674,"posz":2.9025900328463976,"roty":0,"rotx":-1.481481481481481},"tail1":{"posx":2.914335439641036e-16,"posy":-1.4748941362811228,"posz":-2.476794775049104,"roty":0,"rotx":-11.111111111111112},"tail2":{"posx":4.945865418077862e-16,"posy":-2.1801113337255487,"posz":-4.121724470941493,"roty":0,"rotx":-11.111111111111112}},"cameras":{}}