# This file was generated by Animated Java via MC-Build. It is not recommended to edit this file directly.
$data merge entity $(bone_jaw) { transformation: [-0.999468168392062f,-0.0006342494405729504f,-0.03260334489993304f,0.03288284087553635f,-0.017093292058483527f,0.8616355089582595f,0.5072396564434255f,-0.3577194643495759f,0.02777048320825982f,0.5075271888577872f,-0.8611881053709994f,3.7307148762107385f,0f,0f,0f,1f], start_interpolation: 0, interpolation_duration: 1 }
$data merge entity $(bone_head) { transformation: [-1.1244016894410698f,-0.0007135306206445692f,-0.03667876301242467f,0.024732004650553086f,-0.019229953565793968f,0.9693399475780419f,0.5706446134988536f,-0.2309095502387195f,0.031241793609292298f,0.5709680874650107f,-0.9688366185423744f,3.5154178498679887f,0f,0f,0f,1f], start_interpolation: 0, interpolation_duration: 1 }
$data merge entity $(bone_neck) { transformation: [-0.999468168392062f,-0.0018687968754078953f,-0.03255592064825264f,0.4999999999999997f,-0.017093292058483527f,0.8802311714811853f,0.47423718129166476f,-0.7722908141087597f,0.02777048320825982f,0.47454145482886784f,-0.8797949806126887f,2.2824988907603774f,0f,0f,0f,1f], start_interpolation: 0, interpolation_duration: 1 }
$data merge entity $(bone_right_arm2) { transformation: [-1f,2.3953845134896112e-17f,1.2009917206155917e-16f,-0.8750000000000004f,0f,0.9806841625289584f,-0.1955979891636814f,-2.00783247914588f,-1.2246467991473532e-16f,-0.1955979891636814f,-0.9806841625289584f,2.7047589937606693f,0f,0f,0f,1f], start_interpolation: 0, interpolation_duration: 1 }
$data merge entity $(bone_right_arm1) { transformation: [-1.1354166666666665f,2.719759499691329e-17f,1.3636260161156196e-16f,-0.5625000000000003f,0f,1.1134851428714214f,-0.2220852168629299f,-0.8551581333766531f,-1.3904843865318904e-16f,-0.2220852168629299f,-1.1134851428714214f,1.7738162712446786f,0f,0f,0f,1f], start_interpolation: 0, interpolation_duration: 1 }
$data merge entity $(bone_left_arm2) { transformation: [-1f,2.3953845134896112e-17f,1.2009917206155917e-16f,0.8749999999999997f,0f,0.9806841625289584f,-0.1955979891636814f,-2.00783247914588f,-1.2246467991473532e-16f,-0.1955979891636814f,-0.9806841625289584f,2.7047589937606693f,0f,0f,0f,1f], start_interpolation: 0, interpolation_duration: 1 }
$data merge entity $(bone_left_arm1) { transformation: [-1.1354166666666665f,2.719759499691329e-17f,1.3636260161156196e-16f,0.5624999999999998f,0f,1.1134851428714214f,-0.2220852168629299f,-0.8551581333766531f,-1.3904843865318904e-16f,-0.2220852168629299f,-1.1134851428714214f,1.7738162712446788f,0f,0f,0f,1f], start_interpolation: 0, interpolation_duration: 1 }
$data merge entity $(bone_body2) { transformation: [-1.5833333333333335f,-1.617039725183382e-17f,1.932269722481088e-16f,0.4999999999999999f,0f,1.577817966638552f,0.13204131397797536f,-0.7146934882592249f,-1.9390240986499761e-16f,0.13204131397797536f,-1.577817966638552f,0.8447941060236142f,0f,0f,0f,1f], start_interpolation: 0, interpolation_duration: 1 }
$data merge entity $(bone_right_leg2) { transformation: [-0.9825839052567227f,0.02392863267012578f,0.18427232475058752f,-1.1186761518003987f,0.02839964483723951f,0.9993619097591335f,0.021661798071629768f,-2.581481283256169f,-0.18363640516947194f,0.026517802720353756f,-0.9826364927252184f,0.27012651484291256f,0f,0f,0f,1f], start_interpolation: 0, interpolation_duration: 1 }
$data merge entity $(bone_right_leg1) { transformation: [-1.31011187367563f,0.1576792219372326f,0.19110708830699122f,-0.625f,0.03786619311631934f,1.1438041190528483f,-0.6841462317621817f,-1.1986205611470202f,-0.24484854022596259f,-0.6668037027377578f,-1.128361552048903f,-0.11544783647121902f,0f,0f,0f,1f], start_interpolation: 0, interpolation_duration: 1 }
$data merge entity $(bone_left_leg2) { transformation: [-0.9825839052567227f,-0.023928632670125793f,-0.18427232475058733f,1.1186761518003987f,-0.02839964483723951f,0.9993619097591335f,0.021661798071629768f,-2.581481283256169f,0.18363640516947172f,0.026517802720353756f,-0.9826364927252184f,0.27012651484291283f,0f,0f,0f,1f], start_interpolation: 0, interpolation_duration: 1 }
$data merge entity $(bone_left_leg1) { transformation: [-1.31011187367563f,-0.15767922193723247f,-0.191107088306991f,0.625f,-0.03786619311631934f,1.1438041190528483f,-0.6841462317621817f,-1.1986205611470202f,0.24484854022596228f,-0.6668037027377578f,-1.128361552048903f,-0.11544783647121887f,0f,0f,0f,1f], start_interpolation: 0, interpolation_duration: 1 }
$data merge entity $(bone_tail3) { transformation: [-1f,-9.947290997741762e-17f,7.143345159827538e-17f,3.469446951953614e-16f,0f,0.5832983979381656f,0.8122579510000314f,1.310984111776221f,-1.2246467991473532e-16f,0.8122579510000314f,-0.5832983979381656f,-2.7282405872616025f,0f,0f,0f,1f], start_interpolation: 0, interpolation_duration: 1 }
$data merge entity $(bone_tail2) { transformation: [-1.5416666666666665f,-1.5335406954851883e-16f,1.1012657121400787e-16f,-0.12499999999999976f,0f,0.8992516968213385f,1.252231007791715f,-0.3213679959622438f,-1.8879971486855027e-16f,1.252231007791715f,-0.8992516968213385f,-1.7868544569400475f,0f,0f,0f,1f], start_interpolation: 0, interpolation_duration: 1 }
$data merge entity $(bone_tail1) { transformation: [-1f,-4.518597280869756e-17f,1.1382366049266834e-16f,1.1102230246251565e-16f,0f,0.9294407217813069f,0.3689714686729087f,-0.7134001814272093f,-1.2246467991473532e-16f,0.3689714686729087f,-0.9294407217813069f,-0.799323690047409f,0f,0f,0f,1f], start_interpolation: 0, interpolation_duration: 1 }
$data merge entity $(bone_body1) { transformation: [-1.3333333333333333f,-2.4955789846301472e-17f,1.613679171624832e-16f,0.5f,0f,1.317669039553558f,0.203779488613996f,-1.2603862973760933f,-1.6328623988631375e-16f,0.203779488613996f,-1.317669039553558f,-0.12499999999999994f,0f,0f,0f,1f], start_interpolation: 0, interpolation_duration: 1 }
data modify entity @s data merge value {"locators":{"head":{"posx":0.03531695583214026,"posy":-0.9279441359762022,"posz":3.467334639760309,"roty":357.8318995007335,"rotx":30.480138931263483},"neck":{"posx":0.005036204713278258,"posy":-1.170203797104904,"posz":2.228405459380268,"roty":357.8807947288274,"rotx":28.309694593187718},"right_arm":{"posx":-0.9375000000000006,"posy":-2.8907176470929974,"posz":3.39069906418883,"roty":0,"rotx":-11.279658564814818},"left_arm":{"posx":0.9374999999999996,"posy":-2.8907176470929974,"posz":3.39069906418883,"roty":0,"rotx":-11.279658564814818},"tail1":{"posx":3.7470027081099033e-16,"posy":-0.20041445310334643,"posz":-2.79706556877256,"roty":0,"rotx":54.317129629629626},"tail2":{"posx":5.17684206064752e-16,"posy":1.0023000619198963,"posz":-4.122434496789362,"roty":0,"rotx":54.317129629629626}},"cameras":{}}