# This file was generated by Animated Java via MC-Build. It is not recommended to edit this file directly.
$data merge entity $(bone_jaw) { transformation: [-1f,-5.338436474655887e-17f,1.1021663861334613e-16f,-4.161322182721413e-16f,0f,0.8999871529495953f,0.4359164191971688f,0.5357940951570692f,-1.2246467991473532e-16f,0.4359164191971688f,-0.8999871529495953f,3.505637564961028f,0f,0f,0f,1f], start_interpolation: 0, interpolation_duration: 1 }
$data merge entity $(bone_head) { transformation: [-1.125f,-6.005741033987873e-17f,1.2399371844001439e-16f,-3.885780586188048e-16f,0f,1.0124855470682947f,0.49040597159681487f,0.6447731999563614f,-1.3777276490407724e-16f,0.49040597159681487f,-1.0124855470682947f,3.280640776723629f,0f,0f,0f,1f], start_interpolation: 0, interpolation_duration: 1 }
$data merge entity $(bone_neck) { transformation: [-1f,-4.280700824635206e-17f,1.1473952183801066e-16f,0.4999999999999997f,0f,0.9369192972038696f,0.3495457488326917f,-0.06669763239618795f,-1.2246467991473532e-16f,0.3495457488326917f,-0.9369192972038696f,2.14800148961075f,0f,0f,0f,1f], start_interpolation: 0, interpolation_duration: 1 }
$data merge entity $(bone_right_arm2) { transformation: [-1f,4.602121417021186e-18f,1.2237817740545725e-16f,-0.8750000000000004f,0f,0.999293653408164f,-0.03757917319691979f,-1.4395291930809717f,-1.2246467991473532e-16f,-0.03757917319691979f,-0.999293653408164f,2.376362578088982f,0f,0f,0f,1f], start_interpolation: 0, interpolation_duration: 1 }
$data merge entity $(bone_right_arm1) { transformation: [-1.1354166666666665f,5.225325358909471e-18f,1.3895022226244623e-16f,-0.5625000000000003f,0f,1.1346146689738528f,-0.04266801956733601f,-0.1537919545556387f,-1.3904843865318904e-16f,-0.04266801956733601f,-1.1346146689738528f,1.640025526549912f,0f,0f,0f,1f], start_interpolation: 0, interpolation_duration: 1 }
$data merge entity $(bone_left_arm2) { transformation: [-1f,4.602121417021186e-18f,1.2237817740545725e-16f,0.8749999999999997f,0f,0.999293653408164f,-0.03757917319691979f,-1.4395291930809717f,-1.2246467991473532e-16f,-0.03757917319691979f,-0.999293653408164f,2.3763625780889823f,0f,0f,0f,1f], start_interpolation: 0, interpolation_duration: 1 }
$data merge entity $(bone_left_arm1) { transformation: [-1.1354166666666665f,5.225325358909471e-18f,1.3895022226244623e-16f,0.5624999999999998f,0f,1.1346146689738528f,-0.04266801956733601f,-0.1537919545556387f,-1.3904843865318904e-16f,-0.04266801956733601f,-1.1346146689738528f,1.6400255265499122f,0f,0f,0f,1f], start_interpolation: 0, interpolation_duration: 1 }
$data merge entity $(bone_body2) { transformation: [-1.5833333333333335f,-1.4563090626769693e-17f,1.9335475412528653e-16f,0.4999999999999999f,0f,1.578861384849147f,0.11891665937402596f,-0.021057298945393876f,-1.9390240986499761e-16f,0.11891665937402596f,-1.578861384849147f,0.7098674694434708f,0f,0f,0f,1f], start_interpolation: 0, interpolation_duration: 1 }
$data merge entity $(bone_right_leg2) { transformation: [-0.9971756114836718f,0.011249736103623266f,0.07425795108784025f,-1.0167416416143f,-0.00423234413210866f,0.9787303406630732f,-0.20510730735079086f,-2.132190790302244f,-0.07498591284576488f,-0.20484228983084335f,-0.9759184131737365f,0.16113977904316443f,0f,0f,0f,1f], start_interpolation: 0, interpolation_duration: 1 }
$data merge entity $(bone_right_leg1) { transformation: [-1.329567481978229f,0.03676066475850867f,0.09314903204200167f,-0.625f,-0.005643125509478213f,1.2107717009155579f,-0.5583706843793899f,-0.6943722920516978f,-0.0999812171276865f,-0.557187867389749f,-1.2071964274438138f,-0.12852201048710318f,0f,0f,0f,1f], start_interpolation: 0, interpolation_duration: 1 }
$data merge entity $(bone_left_leg2) { transformation: [-0.9971756114836718f,-0.011249736103623214f,-0.07425795108784002f,1.0167416416142998f,0.00423234413210866f,0.9787303406630732f,-0.20510730735079086f,-2.132190790302244f,0.07498591284576463f,-0.20484228983084332f,-0.9759184131737366f,0.16113977904316454f,0f,0f,0f,1f], start_interpolation: 0, interpolation_duration: 1 }
$data merge entity $(bone_left_leg1) { transformation: [-1.329567481978229f,-0.03676066475850853f,-0.09314903204200138f,0.625f,0.005643125509478213f,1.2107717009155579f,-0.5583706843793899f,-0.6943722920516978f,0.09998121712768616f,-0.557187867389749f,-1.2071964274438138f,-0.12852201048710302f,0f,0f,0f,1f], start_interpolation: 0, interpolation_duration: 1 }
$data merge entity $(bone_tail3) { transformation: [-1f,3.4068563170064164e-17f,1.1763048427234295e-16f,4.579669976578771e-16f,0f,0.960525796941958f,-0.27819092977488713f,-0.8826037135538676f,-1.2246467991473532e-16f,-0.27819092977488713f,-0.960525796941958f,-3.7989458832932654f,0f,0f,0f,1f], start_interpolation: 0, interpolation_duration: 1 }
$data merge entity $(bone_tail2) { transformation: [-1.5416666666666665f,5.252236822051558e-17f,1.813469965865287e-16f,-0.12499999999999976f,0f,1.4808106036188518f,-0.42887768340295096f,-0.5410943071525713f,-1.8879971486855027e-16f,-0.42887768340295096f,-1.4808106036188518f,-1.9457992146943028f,0f,0f,0f,1f], start_interpolation: 0, interpolation_duration: 1 }
$data merge entity $(bone_tail1) { transformation: [-1f,2.061579031991913e-17f,1.2071697070463499e-16f,1.1102230246251565e-16f,0f,0.9857288712850338f,-0.1683407030849437f,-0.3622323101248187f,-1.2246467991473532e-16f,-0.1683407030849437f,-0.9857288712850338f,-0.8984622889539544f,0f,0f,0f,1f], start_interpolation: 0, interpolation_duration: 1 }
$data merge entity $(bone_body1) { transformation: [-1.3333333333333333f,9.201533588467675e-18f,1.6302677054959747e-16f,0.5f,0f,1.3312146054119691f,-0.07513622372486614f,-0.7567729766803839f,-1.6328623988631375e-16f,-0.07513622372486614f,-1.3312146054119691f,-0.12499999999999994f,0f,0f,0f,1f], start_interpolation: 0, interpolation_duration: 1 }
data modify entity @s data merge value {"locators":{"head":{"posx":-3.896555302188762e-16,"posy":-0.053942651636251004,"posz":3.289439000022147,"roty":0,"rotx":25.843621399176957},"neck":{"posx":-2.7755575615628914e-16,"posy":-0.4617355874517255,"posz":2.134036745948974,"roty":0,"rotx":20.45953360768176},"right_arm":{"posx":-0.9375000000000004,"posy":-2.4200332598906757,"posz":2.9135885779899837,"roty":0,"rotx":-2.1536351165980774},"left_arm":{"posx":0.9374999999999996,"posy":-2.4200332598906757,"posz":2.913588577989984,"roty":0,"rotx":-2.1536351165980774},"tail1":{"posx":2.914335439641036e-16,"posy":-1.4527449190792747,"posz":-2.3975175027607336,"roty":0,"rotx":-16.1522633744856},"tail2":{"posx":4.794191559003607e-16,"posy":-2.2997762200385616,"posz":-3.9741160487435776,"roty":0,"rotx":-16.1522633744856}},"cameras":{}}