# This file was generated by Animated Java via MC-Build. It is not recommended to edit this file directly.
$data merge entity $(bone_jaw) { transformation: [-0.9999990256837952f,0.0006563457249641035f,0.0012320072036091298f,-0.0006150109743113166f,0.0007351142345202375f,0.9978808557515724f,0.06506348693062669f,0.4336062536095272f,-0.0011866922611314054f,0.06506432920424944f,-0.9978803659891694f,3.3140987091951355f,0f,0f,0f,1f], start_interpolation: 0, interpolation_duration: 1 }
$data merge entity $(bone_head) { transformation: [-1.1249989038942696f,0.0007383889405846165f,0.001386008104060271f,-0.0003070091734090341f,0.0008270035138352672f,1.122615962720519f,0.07319642279695503f,0.4498721253421839f,-0.0013350287937728311f,0.07319737035478062f,-1.1226154117378155f,3.064628617697843f,0f,0f,0f,1f], start_interpolation: 0, interpolation_duration: 1 }
$data merge entity $(bone_neck) { transformation: [-0.9999990256837952f,0.000653763977470438f,0.0012333791477828198f,0.4999999999999997f,0.0007351142345202375f,0.9977423986060047f,0.06715329947961296f,-0.5560346744667707f,-0.0011866922611314054f,0.06715414072563315f,-0.9977419070806234f,2.1832053898044173f,0f,0f,0f,1f], start_interpolation: 0, interpolation_duration: 1 }
$data merge entity $(bone_right_arm2) { transformation: [-1f,-1.207808466045253e-17f,1.2186762366417716e-16f,-0.8750000000000004f,0f,0.9951246657324068f,0.09862504575900387f,-2.011419953590453f,-1.2246467991473532e-16f,0.09862504575900387f,-0.9951246657324068f,2.2290014540587544f,0f,0f,0f,1f], start_interpolation: 0, interpolation_duration: 1 }
$data merge entity $(bone_right_arm1) { transformation: [-1.1354166666666665f,-1.3713658624888808e-17f,1.383705310353678e-16f,-0.5625000000000003f,0f,1.12988113088367f,0.11198052070553563f,-0.6375141108573537f,-1.3904843865318904e-16f,0.11198052070553563f,-1.12988113088367f,1.6742986189264175f,0f,0f,0f,1f], start_interpolation: 0, interpolation_duration: 1 }
$data merge entity $(bone_left_arm2) { transformation: [-1f,-1.207808466045253e-17f,1.2186762366417716e-16f,0.8749999999999997f,0f,0.9951246657324068f,0.09862504575900387f,-2.011419953590453f,-1.2246467991473532e-16f,0.09862504575900387f,-0.9951246657324068f,2.2290014540587544f,0f,0f,0f,1f], start_interpolation: 0, interpolation_duration: 1 }
$data merge entity $(bone_left_arm1) { transformation: [-1.1354166666666665f,-1.3713658624888808e-17f,1.383705310353678e-16f,0.5624999999999998f,0f,1.12988113088367f,0.11198052070553563f,-0.6375141108573537f,-1.3904843865318904e-16f,0.11198052070553563f,-1.12988113088367f,1.6742986189264175f,0f,0f,0f,1f], start_interpolation: 0, interpolation_duration: 1 }
$data merge entity $(bone_body2) { transformation: [-1.5833333333333335f,-1.6697417876496524e-17f,1.9318214407059255e-16f,0.4999999999999999f,0f,1.5774519167901593f,0.13634476396069398f,-0.4945158196915417f,-1.9390240986499761e-16f,0.13634476396069398f,-1.5774519167901593f,0.7456630667727981f,0f,0f,0f,1f], start_interpolation: 0, interpolation_duration: 1 }
$data merge entity $(bone_right_leg2) { transformation: [-0.9999649082784806f,0.00005263692808094218f,-0.008377317050439904f,-1.0029817802323193f,0.00005263692808094228f,0.9999999986146526f,2.2048198607821368e-7f,-2.554174283293568f,0.008377317050439904f,-2.204819861094387e-7f,-0.9999649096638281f,-0.47076447895524376f,0f,0f,0f,1f], start_interpolation: 0, interpolation_duration: 1 }
$data merge entity $(bone_right_leg1) { transformation: [-1.3332865443713073f,0.0003508574424154845f,-0.011164464843882217f,-0.625f,0.0000701825707745897f,1.3329122431435423f,0.033507087761172116f,-1.1250012336964914f,0.011169756067253206f,0.03350532427664643f,-1.3328654874263541f,-0.1253926964978475f,0f,0f,0f,1f], start_interpolation: 0, interpolation_duration: 1 }
$data merge entity $(bone_left_leg2) { transformation: [-0.9999649082784806f,-0.00005263692808094215f,0.00837731705044015f,1.0029817802323193f,-0.00005263692808094228f,0.9999999986146526f,2.2048198607821368e-7f,-2.554174283293568f,-0.00837731705044015f,-2.204819861094387e-7f,-0.9999649096638281f,-0.47076447895524354f,0f,0f,0f,1f], start_interpolation: 0, interpolation_duration: 1 }
$data merge entity $(bone_left_leg1) { transformation: [-1.3332865443713073f,-0.00035085744241549274f,0.011164464843882546f,0.625f,-0.0000701825707745897f,1.3329122431435423f,0.033507087761172116f,-1.1250012336964914f,-0.011169756067253534f,0.03350532427664643f,-1.3328654874263541f,-0.12539269649784737f,0f,0f,0f,1f], start_interpolation: 0, interpolation_duration: 1 }
$data merge entity $(bone_tail3) { transformation: [-1f,2.9253436029757066e-17f,1.1891944461302987e-16f,4.579669976578771e-16f,0f,0.9710509568622255f,-0.23887243285267595f,-1.1341778642747529f,-1.2246467991473532e-16f,-0.23887243285267595f,-0.9710509568622255f,-3.7996481816311087f,0f,0f,0f,1f], start_interpolation: 0, interpolation_duration: 1 }
$data merge entity $(bone_tail2) { transformation: [-1.5416666666666665f,4.509904721254214e-17f,1.8333414377842104e-16f,-0.12499999999999976f,0f,1.4970368918292642f,-0.3682616673145421f,-0.8683641070876528f,-1.8879971486855027e-16f,-0.3682616673145421f,-1.4970368918292642f,-1.9341390563545588f,0f,0f,0f,1f], start_interpolation: 0, interpolation_duration: 1 }
$data merge entity $(bone_tail1) { transformation: [-1f,1.3098604693845666e-17f,1.2176216317761827e-16f,1.1102230246251565e-16f,0f,0.9942635155082579f,-0.10695822422404097f,-0.7547209938496092f,-1.2246467991473532e-16f,-0.10695822422404097f,-0.9942635155082579f,-0.8777340711270349f,0f,0f,0f,1f], start_interpolation: 0, interpolation_duration: 1 }
$data merge entity $(bone_body1) { transformation: [-1.3333333333333333f,1.0259509528005046e-18f,1.632830167557338e-16f,0.5f,0f,1.3333070144748493f,-0.008377525287411942f,-1.1875f,-1.6328623988631375e-16f,-0.008377525287411942f,-1.3333070144748493f,-0.12499999999999994f,0f,0f,0f,1f], start_interpolation: 0, interpolation_duration: 1 }
data modify entity @s data merge value {"locators":{"head":{"posx":-0.0011022275026394519,"posy":-0.19413574916836962,"posz":3.3358010263168025,"roty":0.07073871742176152,"rotx":3.730498391941503},"neck":{"posx":-0.00039884672692208634,"posy":-0.9382146792617139,"posz":2.282146979286817,"roty":0.07082731837749634,"rotx":3.8504983593755875},"right_arm":{"posx":-0.9375000000000004,"posy":-3.0558571422023615,"posz":2.627938741165954,"roty":0,"rotx":5.660000000000009},"left_arm":{"posx":0.9374999999999997,"posy":-3.0558571422023615,"posz":2.627938741165954,"roty":0,"rotx":5.660000000000009},"tail1":{"posx":2.914335439641036e-16,"posy":-1.7608771223205366,"posz":-2.422582264557832,"roty":0,"rotx":-13.820000000000013},"tail2":{"posx":4.864640504636502e-16,"posy":-2.543047988636054,"posz":-4.032344276746973,"roty":0,"rotx":-13.820000000000013}},"cameras":{}}