# This file was generated by Animated Java via MC-Build. It is not recommended to edit this file directly.
$data merge entity $(bone_left_leg4) { transformation: [-0.8997321242985769f,0.008747039787506732f,-0.020139359476556658f,0.45946726129063814f,0.009206799000425377f,0.8997183459818221f,-0.020545869558143803f,-0.6426312482022287f,0.019933372954318754f,-0.020745775442009007f,-0.8995400343753323f,-0.7557731641646963f,0f,0f,0f,1f], start_interpolation: 0, interpolation_duration: 1 }
$data merge entity $(bone_left_leg3) { transformation: [-0.9985933777389633f,-0.005182992761311685f,0.05276743808376873f,0.45228205183941883f,-0.0432353239476594f,0.6556792999148888f,-0.7538006118505494f,-0.10375923502540271f,-0.03069157374637402f,-0.755021716408977f,-0.6549810951865813f,-1.2811031330222677f,0f,0f,0f,1f], start_interpolation: 0, interpolation_duration: 1 }
$data merge entity $(bone_left_leg2) { transformation: [-0.9955696086162589f,0.0715201245521298f,-0.06104118432433095f,0.48804211411548376f,-0.023744435791046903f,0.4369162739793969f,0.899188729522855f,0.11469890196429575f,0.09097997674562215f,0.8966543600050183f,-0.4332823588785465f,-0.8327759530197587f,0f,0f,0f,1f], start_interpolation: 0, interpolation_duration: 1 }
$data merge entity $(bone_left_leg1) { transformation: [-0.9537169587565072f,0.0002923292339606815f,0.30070563201220196f,0.3125000000000001f,-0.2466108588923306f,0.5714498086648127f,-0.7827056921048525f,0.33777670099706664f,-0.17206698363319406f,-0.8206369664599371f,-0.5449292820383267f,-0.90597951680296f,0f,0f,0f,1f], start_interpolation: 0, interpolation_duration: 1 }
$data merge entity $(bone_right_leg4) { transformation: [-0.8853833193086783f,0.053792188994384954f,0.15232458203828914f,-0.5203247806806436f,-0.14177542555038797f,0.1480422956201245f,-0.8763465110431661f,-0.0118569175239443f,-0.07743453105658689f,-0.8861094058358233f,-0.1371641873425073f,0.22174184758672633f,0f,0f,0f,1f], start_interpolation: 0, interpolation_duration: 1 }
$data merge entity $(bone_right_leg3) { transformation: [-0.9903516475261059f,0.13188999877719282f,0.04252813733141607f,-0.42406529018096245f,-0.0861699589415807f,-0.3457580372923892f,-0.9343586665856538f,-0.21277802883163283f,-0.10852811810002982f,-0.9290082926811077f,0.3537869976573462f,-0.4971260592776886f,0f,0f,0f,1f], start_interpolation: 0, interpolation_duration: 1 }
$data merge entity $(bone_right_leg2) { transformation: [-0.9834369176921337f,0.019714823475239868f,-0.18017534419430287f,-0.4142078784433425f,0.07027705117709096f,0.9577780020682641f,-0.2787874366465908f,0.26611097220249924f,0.16707173608377898f,-0.2868320492718071f,-0.9432997458456606f,-0.6405420839135921f,0f,0f,0f,1f], start_interpolation: 0, interpolation_duration: 1 }
$data merge entity $(bone_right_leg1) { transformation: [-0.9537169587565072f,-0.25412746797813035f,-0.16075818050495294f,-0.3124999999999999f,0.24661085889233053f,-0.35509207259679f,-0.9017165320960367f,0.33777670099706664f,0.17206698363319373f,-0.8996270616193914f,0.40132792470177525f,-0.9059795168029601f,0f,0f,0f,1f], start_interpolation: 0, interpolation_duration: 1 }
$data merge entity $(bone_right_wing3) { transformation: [-1.1415525224011618f,0.09712668785776186f,0.23319479214143932f,-1.3904720202637806f,-0.015861979742586088f,1.0496049479946359f,-0.5148139632142721f,1.4200235217431905f,-0.2521146607691705f,-0.5058175813744722f,-1.0234951578655798f,0.14305481586035917f,0f,0f,0f,1f], start_interpolation: 0, interpolation_duration: 1 }
$data merge entity $(bone_right_wing2) { transformation: [-0.6596776957963568f,0.0830732842096249f,-0.746943215458469f,-1.065162397737881f,0.3749349665362097f,0.8977360607650828f,-0.23128712906360105f,0.9687032355812777f,0.6513440784541618f,-0.4326300898604006f,-0.6233635350339967f,-0.7309989450238249f,0f,0f,0f,1f], start_interpolation: 0, interpolation_duration: 1 }
$data merge entity $(bone_right_wing1) { transformation: [-0.9585600631815867f,0.2125076498286715f,0.4578364502185452f,-0.5624999999999999f,-0.09596252527886463f,0.8879936670928161f,-0.6130820108731515f,1.1710829945174384f,-0.4955450636688119f,-0.583025605851457f,-0.7668946106904949f,-0.23954274445927232f,0f,0f,0f,1f], start_interpolation: 0, interpolation_duration: 1 }
$data merge entity $(bone_left_wing3) { transformation: [-1.1415525224011585f,-0.09712668785777546f,-0.2331947921414479f,1.390472020263788f,0.015861979742575315f,1.0496049479946403f,-0.5148139632142629f,1.4200235217431836f,0.2521146607691844f,-0.5058175813744602f,-1.0234951578655822f,0.14305481586036028f,0f,0f,0f,1f], start_interpolation: 0, interpolation_duration: 1 }
$data merge entity $(bone_left_wing2) { transformation: [-0.6596776957963618f,-0.08307328420963653f,0.746943215458463f,1.0651623977378812f,-0.37493496653620756f,0.8977360607650867f,-0.23128712906358917f,0.9687032355812777f,-0.6513440784541578f,-0.4326300898603903f,-0.6233635350340081f,-0.7309989450238246f,0f,0f,0f,1f], start_interpolation: 0, interpolation_duration: 1 }
$data merge entity $(bone_left_wing1) { transformation: [-0.9585600631815867f,-0.21250764982867132f,-0.4578364502185449f,0.5625000000000001f,0.09596252527886463f,0.8879936670928161f,-0.6130820108731515f,1.1710829945174384f,0.4955450636688117f,-0.583025605851457f,-0.766894610690495f,-0.2395427444592722f,0f,0f,0f,1f], start_interpolation: 0, interpolation_duration: 1 }
$data merge entity $(bone_beak_down) { transformation: [-1.1f,-1.2646974250027098e-16f,4.639501699669514e-17f,-9.641399126974592e-17f,0f,0.3788440636842979f,1.0327038178544552f,2.0697634506565907f,-1.3471114790620887e-16f,1.0327038178544552f,-0.3788440636842979f,0.7872799842115545f,0f,0f,0f,1f], start_interpolation: 0, interpolation_duration: 1 }
$data merge entity $(bone_beak_up) { transformation: [-1.1f,6.759446650170407e-18f,1.345414555116451e-16f,-9.961438172876054e-17f,0f,1.0986143564439814f,-0.055195070569543814f,2.1695222747402148f,-1.3471114790620887e-16f,-0.055195070569543814f,-1.0986143564439814f,0.8134131555164799f,0f,0f,0f,1f], start_interpolation: 0, interpolation_duration: 1 }
$data merge entity $(bone_head) { transformation: [-1.1f,-3.413749822948925e-17f,1.3031394624076157e-16f,-3.4457408608379753e-17f,0f,1.0640941235586556f,0.27875382725253606f,2.3088991883664827f,-1.3471114790620887e-16f,0.27875382725253606f,-1.0640941235586556f,0.281366093737152f,0f,0f,0f,1f], start_interpolation: 0, interpolation_duration: 1 }
$data merge entity $(bone_neck2) { transformation: [-1f,1.2033469555404084e-16f,2.274112733649937e-17f,-2.0244204023067646e-17f,0f,0.18569539684693276f,-0.982607357793468f,1.6947695897455652f,-1.2246467991473532e-16f,-0.982607357793468f,-0.18569539684693276f,0.165306470707819f,0f,0f,0f,1f], start_interpolation: 0, interpolation_duration: 1 }
$data merge entity $(bone_neck1) { transformation: [-1f,1.0764942533240381e-16f,5.838834688721538e-17f,1.2599241100991002e-17f,0f,0.47677703422625706f,-0.87902426566871f,1.2003184403069158f,-1.2246467991473532e-16f,-0.87902426566871f,-0.47677703422625706f,-0.10288061104445057f,0f,0f,0f,1f], start_interpolation: 0, interpolation_duration: 1 }
$data merge entity $(bone_body3) { transformation: [-1f,7.647009102930212e-17f,9.565522988623688e-17f,7.716314046922044e-17f,0f,0.7810842273285308f,-0.6244256799800855f,0.8588701545273956f,-1.2246467991473532e-16f,-0.6244256799800855f,-0.7810842273285308f,-0.6300848581235376f,0f,0f,0f,1f], start_interpolation: 0, interpolation_duration: 1 }
$data merge entity $(bone_body2) { transformation: [-1f,6.140900469415599e-17f,1.0595533006456874e-16f,1.0365197298536263e-16f,0f,0.8651909280156447f,-0.5014425770508798f,0.7335095102646756f,-1.2246467991473532e-16f,-0.5014425770508798f,-0.8651909280156447f,-0.8463825901274489f,0f,0f,0f,1f], start_interpolation: 0, interpolation_duration: 1 }
$data merge entity $(bone_tail2) { transformation: [-1f,-4.801247961093627e-18f,1.2237052686261785e-16f,2.943949769831034e-16f,0f,0.9992311819850177f,0.03920516482333053f,-0.0189373903152594f,-1.2246467991473532e-16f,0.03920516482333053f,-0.9992311819850177f,-2.4039174167447515f,0f,0f,0f,1f], start_interpolation: 0, interpolation_duration: 1 }
$data merge entity $(bone_tail1) { transformation: [-1f,3.215594134555314e-17f,1.1816764896874239e-16f,2.0576924025654662e-16f,0f,0.9649120795564509f,-0.26257318737076984f,0.17799250021281798f,-1.2246467991473532e-16f,-0.26257318737076984f,-0.9649120795564509f,-1.6802333570774133f,0f,0f,0f,1f], start_interpolation: 0, interpolation_duration: 1 }
$data merge entity $(bone_body1) { transformation: [-1f,6.140900469415599e-17f,1.0595533006456874e-16f,1.2246467991473532e-16f,0f,0.8651909280156447f,-0.5014425770508798f,0.5f,-1.2246467991473532e-16f,-0.5014425770508798f,-0.8651909280156447f,-1f,0f,0f,0f,1f], start_interpolation: 0, interpolation_duration: 1 }