# This file was generated by Animated Java via MC-Build. It is not recommended to edit this file directly.
$data merge entity $(bone_right_wing3) { transformation: [-1.1413982952377977f,0.09648846981501975f,0.23421245226837692f,-1.392983471514869f,0.1894716867579326f,1.0426965537223847f,0.49380152161483726f,0.35786389765305743f,-0.16812488668223557f,0.5200283050226986f,-1.0335667131007393f,0.41621819669855353f,0f,0f,0f,1f], start_interpolation: 0, interpolation_duration: 1 }
$data merge entity $(bone_right_wing2) { transformation: [-0.6616094393268412f,0.08252741087633395f,-0.7452933491234651f,-1.0651623977378812f,-0.28473975101275445f,0.8918272522442845f,0.3515215873137868f,0.7720621176833149f,0.6936830861328659f,0.4447846429548332f,-0.5665424939090836f,-0.4751063829223995f,0f,0f,0f,1f], start_interpolation: 0, interpolation_duration: 1 }
$data merge entity $(bone_right_wing1) { transformation: [-0.9585600631815867f,0.21250764982867137f,0.4578364502185452f,-0.5625f,0.3326365429604851f,1.0050331754996331f,0.22993989985109586f,0.5079027962235233f,-0.3796401541877794f,0.3440347744349827f,-0.9545284377214021f,-0.013905107136754358f,0f,0f,0f,1f], start_interpolation: 0, interpolation_duration: 1 }
$data merge entity $(bone_left_wing3) { transformation: [-1.1413982952377977f,-0.09648846981501985f,-0.23421245226837678f,1.392983471514869f,-0.1894716867579326f,1.0426965537223847f,0.49380152161483726f,0.35786389765305743f,0.16812488668223538f,0.5200283050226986f,-1.0335667131007396f,0.4162181966985538f,0f,0f,0f,1f], start_interpolation: 0, interpolation_duration: 1 }
$data merge entity $(bone_left_wing2) { transformation: [-0.661609439326841f,-0.08252741087633403f,0.7452933491234651f,1.0651623977378812f,0.28473975101275445f,0.8918272522442845f,0.3515215873137868f,0.7720621176833149f,-0.693683086132866f,0.4447846429548332f,-0.5665424939090835f,-0.4751063829223992f,0f,0f,0f,1f], start_interpolation: 0, interpolation_duration: 1 }
$data merge entity $(bone_left_wing1) { transformation: [-0.9585600631815867f,-0.21250764982867143f,-0.4578364502185449f,0.5625f,-0.3326365429604851f,1.0050331754996331f,0.22993989985109586f,0.5079027962235233f,0.37964015418777913f,0.34403477443498265f,-0.9545284377214022f,-0.013905107136754247f,0f,0f,0f,1f], start_interpolation: 0, interpolation_duration: 1 }
$data merge entity $(bone_beak_down) { transformation: [-1.1f,-3.344098406563744e-17f,1.3049442116401093e-16f,-1.5570448609314115e-16f,0f,1.0655678131430728f,0.27306635749115876f,0.9570915518813126f,-1.3471114790620887e-16f,0.27306635749115876f,-1.0655678131430728f,1.2714236153766836f,0f,0f,0f,1f], start_interpolation: 0, interpolation_duration: 1 }
$data merge entity $(bone_beak_up) { transformation: [-1.1f,-3.7231174630917406e-17f,1.2946402205172915e-16f,-1.5919490871478965e-16f,0f,1.0571539658770759f,0.3040156121490638f,1.0561997361822884f,-1.3471114790620887e-16f,0.3040156121490638f,-1.0571539658770759f,1.2999250790156585f,0f,0f,0f,1f], start_interpolation: 0, interpolation_duration: 1 }
$data merge entity $(bone_head) { transformation: [-1.1f,-3.7231174630917406e-17f,1.2946402205172915e-16f,-9.446289768892507e-17f,0f,1.0571539658770759f,0.3040156121490638f,1.2082075422568204f,-1.3471114790620887e-16f,0.3040156121490638f,-1.0571539658770759f,0.7713480960771204f,0f,0f,0f,1f], start_interpolation: 0, interpolation_duration: 1 }
$data merge entity $(bone_neck2) { transformation: [-1f,1.190589109253699e-16f,2.8680543158793506e-17f,-7.653755821467913e-17f,0f,0.23419440755295345f,-0.9721897857264914f,0.6005889261777633f,-1.2246467991473532e-16f,-0.9721897857264914f,-0.23419440755295345f,0.6249765913565245f,0f,0f,0f,1f], start_interpolation: 0, interpolation_duration: 1 }
$data merge entity $(bone_neck1) { transformation: [-1f,3.978138144900691e-17f,1.1582331162864921e-16f,-1.1386945423563943e-17f,0f,0.9457691124436035f,-0.3248396311222488f,0.4178666336714984f,-1.2246467991473532e-16f,-0.3248396311222488f,-0.9457691124436035f,0.0929814656069975f,0f,0f,0f,1f], start_interpolation: 0, interpolation_duration: 1 }
$data merge entity $(bone_body3) { transformation: [-1f,-2.868054315879351e-17f,1.190589109253699e-16f,6.123233995736765e-17f,0f,0.9721897857264914f,0.23419440755295343f,0.625f,-1.2246467991473532e-16f,0.23419440755295343f,-0.9721897857264914f,-0.5f,0f,0f,0f,1f], start_interpolation: 0, interpolation_duration: 1 }