# This file was generated by Animated Java via MC-Build. It is not recommended to edit this file directly.
$data merge entity $(bone_right_wing3) { transformation: [-1.1413982952377977f,0.09648846981501975f,0.23421245226837692f,-1.392983471514869f,0.18904813106400928f,1.0440015028120087f,0.4911997885219769f,0.36016969678123745f,-0.16860101347861423f,0.5174035207607172f,-1.0348057116845462f,0.41688733857313354f,0f,0f,0f,1f], start_interpolation: 0, interpolation_duration: 1 }
$data merge entity $(bone_right_wing2) { transformation: [-0.6616094393268412f,0.08252741087633395f,-0.7452933491234651f,-1.0651623977378812f,-0.28299373350645174f,0.8929433863264039f,0.3500952093531329f,0.7721242778292845f,0.6943972181609759f,0.4425396425971163f,-0.5674250330575084f,-0.47547642966615933f,0f,0f,0f,1f], start_interpolation: 0, interpolation_duration: 1 }
$data merge entity $(bone_right_wing1) { transformation: [-0.9585600631815867f,0.21250764982867137f,0.4578364502185452f,-0.5625f,0.3316804198057964f,1.0058954923005712f,0.22753784036496721f,0.5091260482529213f,-0.3804757751840112f,0.34150529782830225f,-0.9551038829176852f,-0.013612060895301759f,0f,0f,0f,1f], start_interpolation: 0, interpolation_duration: 1 }
$data merge entity $(bone_left_wing3) { transformation: [-1.1413982952377977f,-0.09648846981501985f,-0.23421245226837678f,1.392983471514869f,-0.18904813106400928f,1.0440015028120087f,0.4911997885219769f,0.36016969678123745f,0.16860101347861384f,0.5174035207607172f,-1.0348057116845464f,0.41688733857313387f,0f,0f,0f,1f], start_interpolation: 0, interpolation_duration: 1 }
$data merge entity $(bone_left_wing2) { transformation: [-0.661609439326841f,-0.08252741087633403f,0.7452933491234651f,1.0651623977378812f,0.28299373350645174f,0.8929433863264039f,0.3500952093531329f,0.7721242778292845f,-0.6943972181609761f,0.44253964259711626f,-0.5674250330575081f,-0.4754764296661591f,0f,0f,0f,1f], start_interpolation: 0, interpolation_duration: 1 }
$data merge entity $(bone_left_wing1) { transformation: [-0.9585600631815867f,-0.21250764982867143f,-0.4578364502185449f,0.5625f,-0.3316804198057964f,1.0058954923005712f,0.22753784036496721f,0.5091260482529213f,0.380475775184011f,0.34150529782830213f,-0.9551038829176853f,-0.013612060895301648f,0f,0f,0f,1f], start_interpolation: 0, interpolation_duration: 1 }
$data merge entity $(bone_beak_down) { transformation: [-1.1f,-3.3637919014904596e-17f,1.3044379546208855e-16f,-1.5560148633309386e-16f,0f,1.0651544229153138f,0.2746744533879042f,0.961546917156583f,-1.3471114790620887e-16f,0.2746744533879042f,-1.0651544229153138f,1.2705825585093564f,0f,0f,0f,1f], start_interpolation: 0, interpolation_duration: 1 }
$data merge entity $(bone_beak_up) { transformation: [-1.1f,-3.690536082954569e-17f,1.295572757981948e-16f,-1.5906136391086374e-16f,0f,1.0579154405041322f,0.3013551405616755f,1.0607264897038453f,-1.3471114790620887e-16f,0.3013551405616755f,-1.0579154405041322f,1.2988346029370135f,0f,0f,0f,1f], start_interpolation: 0, interpolation_duration: 1 }
$data merge entity $(bone_head) { transformation: [-1.1f,-3.690536082954569e-17f,1.295572757981948e-16f,-9.428272601176635e-17f,0f,1.0579154405041322f,0.3013551405616755f,1.2114040599846831f,-1.3471114790620887e-16f,0.3013551405616755f,-1.0579154405041322f,0.7698768826849474f,0f,0f,0f,1f], start_interpolation: 0, interpolation_duration: 1 }
$data merge entity $(bone_neck2) { transformation: [-1f,1.191306865536893e-16f,2.8380932822322967e-17f,-7.65446429978145e-17f,0f,0.23174790349415725f,-0.9727758782093965f,0.6034191361038104f,-1.2246467991473532e-16f,-0.9727758782093965f,-0.23174790349415725f,0.6250344430010991f,0f,0f,0f,1f], start_interpolation: 0, interpolation_duration: 1 }
$data merge entity $(bone_neck1) { transformation: [-1f,4.007263526084816e-17f,1.1572286606314938e-16f,-1.145053083729298e-17f,0f,0.9449489121575309f,-0.327217898979104f,0.4193590679280643f,-1.2246467991473532e-16f,-0.327217898979104f,-0.9449489121575309f,0.093500679912488f,0f,0f,0f,1f], start_interpolation: 0, interpolation_duration: 1 }
$data merge entity $(bone_body3) { transformation: [-1f,-2.8380932822322955e-17f,1.191306865536893e-16f,6.123233995736765e-17f,0f,0.9727758782093966f,0.23174790349415736f,0.625f,-1.2246467991473532e-16f,0.23174790349415736f,-0.9727758782093966f,-0.5f,0f,0f,0f,1f], start_interpolation: 0, interpolation_duration: 1 }