# This file was generated by Animated Java via MC-Build. It is not recommended to edit this file directly.
$data merge entity $(bone_right_wing3) { transformation: [-1.1413982952377977f,0.09648846981501975f,0.23421245226837692f,-1.392983471514869f,0.187272212020106f,1.049362397517595f,0.4803365937108932f,0.36978566386325173f,-0.170571440194152f,0.5064425928429039f,-1.0398927107741505f,0.4196103108213524f,0f,0f,0f,1f], start_interpolation: 0, interpolation_duration: 1 }
$data merge entity $(bone_right_wing2) { transformation: [-0.6616094393268412f,0.08252741087633395f,-0.7452933491234651f,-1.0651623977378812f,-0.2757066390209841f,0.8975286052741275f,0.344134060962341f,0.7723730164460783f,0.6973225932044473f,0.433164667498087f,-0.5710600422353994f,-0.4770184279847675f,0f,0f,0f,1f], start_interpolation: 0, interpolation_duration: 1 }
$data merge entity $(bone_right_wing1) { transformation: [-0.9585600631815867f,0.21250764982867137f,0.4578364502185452f,-0.5625f,0.327677973378743f,1.0094165081659119f,0.2175237226503079f,0.5142257511902664f,-0.38392819920764276f,0.33095305243726497f,-0.9574342411083617f,-0.012425322847218423f,0f,0f,0f,1f], start_interpolation: 0, interpolation_duration: 1 }
$data merge entity $(bone_left_wing3) { transformation: [-1.1413982952377977f,-0.09648846981501985f,-0.23421245226837678f,1.392983471514869f,-0.187272212020106f,1.049362397517595f,0.4803365937108932f,0.36978566386325173f,0.1705714401941518f,0.5064425928429039f,-1.0398927107741507f,0.41961031082135275f,0f,0f,0f,1f], start_interpolation: 0, interpolation_duration: 1 }
$data merge entity $(bone_left_wing2) { transformation: [-0.661609439326841f,-0.08252741087633403f,0.7452933491234651f,1.0651623977378812f,0.2757066390209841f,0.8975286052741275f,0.344134060962341f,0.7723730164460783f,-0.6973225932044476f,0.433164667498087f,-0.5710600422353993f,-0.4770184279847673f,0f,0f,0f,1f], start_interpolation: 0, interpolation_duration: 1 }
$data merge entity $(bone_left_wing1) { transformation: [-0.9585600631815867f,-0.21250764982867143f,-0.4578364502185449f,0.5625f,-0.327677973378743f,1.0094165081659119f,0.2175237226503079f,0.5142257511902664f,0.3839281992076425f,0.3309530524372649f,-0.9574342411083618f,-0.012425322847218312f,0f,0f,0f,1f], start_interpolation: 0, interpolation_duration: 1 }
$data merge entity $(bone_beak_down) { transformation: [-1.1f,-3.4456852177484113e-17f,1.3022986872537144e-16f,-1.5515800145748462e-16f,0f,1.0634075785446264f,0.28136155013408204f,0.9800696223882804f,-1.3471114790620887e-16f,0.28136155013408204f,-1.0634075785446264f,1.2669612296828086f,0f,0f,0f,1f], start_interpolation: 0, interpolation_duration: 1 }
$data merge entity $(bone_beak_up) { transformation: [-1.1f,-3.554664146234776e-17f,1.299366370618994e-16f,-1.5849049909457972e-16f,0f,1.0610131603035777f,0.29026035496191f,1.0795396061667408f,-1.3471114790620887e-16f,0.29026035496191f,-1.0610131603035777f,1.2941731379604877f,0f,0f,0f,1f], start_interpolation: 0, interpolation_duration: 1 }
$data merge entity $(bone_head) { transformation: [-1.1f,-3.554664146234776e-17f,1.299366370618994e-16f,-9.352218056363001e-17f,0f,1.0610131603035777f,0.29026035496191f,1.2246697836476959f,-1.3471114790620887e-16f,0.29026035496191f,-1.0610131603035777f,0.7636665578086987f,0f,0f,0f,1f], start_interpolation: 0, interpolation_duration: 1 }
$data merge entity $(bone_neck2) { transformation: [-1f,1.1942135354409163e-16f,2.7131865846558555e-17f,-7.656476440953092e-17f,0f,0.22154849761946727f,-0.9751493543055632f,0.6152014372067189f,-1.2246467991473532e-16f,-0.9751493543055632f,-0.22154849761946727f,0.6251987467965316f,0f,0f,0f,1f], start_interpolation: 0, interpolation_duration: 1 }
$data merge entity $(bone_neck1) { transformation: [-1f,4.1282262923557744e-17f,1.152968889195577e-16f,-1.1710264392279713e-17f,0f,0.941470544812038f,-0.3370952584230822f,0.42558535434373523f,-1.2246467991473532e-16f,-0.3370952584230822f,-0.941470544812038f,0.0956215653397603f,0f,0f,0f,1f], start_interpolation: 0, interpolation_duration: 1 }
$data merge entity $(bone_body3) { transformation: [-1f,-2.7131865846558564e-17f,1.1942135354409163e-16f,6.123233995736765e-17f,0f,0.9751493543055633f,0.22154849761946732f,0.625f,-1.2246467991473532e-16f,0.22154849761946732f,-0.9751493543055633f,-0.5f,0f,0f,0f,1f], start_interpolation: 0, interpolation_duration: 1 }