# This file was generated by Animated Java via MC-Build. It is not recommended to edit this file directly.
$data merge entity $(bone_right_wing3) { transformation: [-1.1413982952377977f,0.09648846981501975f,0.23421245226837692f,-1.392983471514869f,0.18662896458311395f,1.0512608909428491f,0.4764197043880988f,0.3732482933432083f,-0.17127500454954142f,0.5024898808367835f,-1.0416930250557268f,0.42056426138214725f,0f,0f,0f,1f], start_interpolation: 0, interpolation_duration: 1 }
$data merge entity $(bone_right_wing2) { transformation: [-0.6616094393268412f,0.08252741087633395f,-0.7452933491234651f,-1.0651623977378812f,-0.2730804125341266f,0.899152402886965f,0.3419825210047843f,0.7724584606979914f,0.6983552377435238f,0.429783879219132f,-0.5723510977359443f,-0.4775732080473763f,0f,0f,0f,1f], start_interpolation: 0, interpolation_duration: 1 }
$data merge entity $(bone_right_wing1) { transformation: [-0.9585600631815867f,0.21250764982867137f,0.4578364502185452f,-0.5625f,0.32623079394477716f,1.0106548546203438f,0.21391901510993058f,0.5160614533615142f,-0.38515864973616243f,0.32715191380723596f,-0.9582460805747081f,-0.012011892505263633f,0f,0f,0f,1f], start_interpolation: 0, interpolation_duration: 1 }
$data merge entity $(bone_left_wing3) { transformation: [-1.1413982952377977f,-0.09648846981501985f,-0.23421245226837678f,1.392983471514869f,-0.18662896458311395f,1.0512608909428491f,0.4764197043880988f,0.3732482933432083f,0.17127500454954123f,0.5024898808367835f,-1.041693025055727f,0.4205642613821476f,0f,0f,0f,1f], start_interpolation: 0, interpolation_duration: 1 }
$data merge entity $(bone_left_wing2) { transformation: [-0.661609439326841f,-0.08252741087633403f,0.7452933491234651f,1.0651623977378812f,0.2730804125341266f,0.899152402886965f,0.3419825210047843f,0.7724584606979914f,-0.698355237743524f,0.42978387921913197f,-0.5723510977359442f,-0.4775732080473761f,0f,0f,0f,1f], start_interpolation: 0, interpolation_duration: 1 }
$data merge entity $(bone_left_wing1) { transformation: [-0.9585600631815867f,-0.21250764982867143f,-0.4578364502185449f,0.5625f,-0.32623079394477716f,1.0106548546203438f,0.21391901510993058f,0.5160614533615142f,0.3851586497361622f,0.3271519138072359f,-0.9582460805747082f,-0.012011892505263522f,0f,0f,0f,1f], start_interpolation: 0, interpolation_duration: 1 }
$data merge entity $(bone_beak_down) { transformation: [-1.1f,-3.4750825697552483e-17f,1.3015173254147176e-16f,-1.5499282519779318e-16f,0f,1.062769548183921f,0.28376202609395107f,0.9867168144502447f,-1.3471114790620887e-16f,0.28376202609395107f,-1.062769548183921f,1.2656124631665655f,0f,0f,0f,1f], start_interpolation: 0, interpolation_duration: 1 }
$data merge entity $(bone_beak_up) { transformation: [-1.1f,-3.5057391746699093e-17f,1.3006949163476785e-16f,-1.5827945567404622e-16f,0f,1.0620980002179183f,0.2862653278570394f,1.0862885019706745f,-1.3471114790620887e-16f,0.2862653278570394f,-1.0620980002179183f,1.2924498376531628f,0f,0f,0f,1f], start_interpolation: 0, interpolation_duration: 1 }
$data merge entity $(bone_head) { transformation: [-1.1f,-3.5057391746699093e-17f,1.3006949163476785e-16f,-9.32447098566623e-17f,0f,1.0620980002179183f,0.2862653278570394f,1.2294211658991943f,-1.3471114790620887e-16f,0.2862653278570394f,-1.0620980002179183f,0.7614008375442036f,0f,0f,0f,1f], start_interpolation: 0, interpolation_duration: 1 }
$data merge entity $(bone_neck2) { transformation: [-1f,1.195226147730807e-16f,2.668224848891725e-17f,-7.656830455108902e-17f,0f,0.21787709327697158f,-0.9759762149894728f,0.6194360315307736f,-1.2246467991473532e-16f,-0.9759762149894728f,-0.21787709327697158f,0.6252276542460964f,0f,0f,0f,1f], start_interpolation: 0, interpolation_duration: 1 }
$data merge entity $(bone_neck1) { transformation: [-1f,4.171587397555796e-17f,1.1514071254371298e-16f,-1.1801653745250466e-17f,0f,0.9401952679244207f,-0.3406359613612853f,0.42782830326505067f,-1.2246467991473532e-16f,-0.3406359613612853f,-0.9401952679244207f,0.09636781603860978f,0f,0f,0f,1f], start_interpolation: 0, interpolation_duration: 1 }
$data merge entity $(bone_body3) { transformation: [-1f,-2.6682248488917262e-17f,1.195226147730807e-16f,6.123233995736765e-17f,0f,0.9759762149894728f,0.21787709327697163f,0.625f,-1.2246467991473532e-16f,0.21787709327697163f,-0.9759762149894728f,-0.5f,0f,0f,0f,1f], start_interpolation: 0, interpolation_duration: 1 }