# This file was generated by Animated Java via MC-Build. It is not recommended to edit this file directly.
$data merge entity $(bone_right_wing3) { transformation: [-1.1413982952377977f,0.09648846981501975f,0.23421245226837692f,-1.392983471514869f,0.1863765390474301f,1.0519997282163058f,0.47488516875354453f,0.37460420860468574f,-0.17154965257182087f,0.5009412270936948f,-1.042393481213746f,0.4209339980640197f,0f,0f,0f,1f], start_interpolation: 0, interpolation_duration: 1 }
$data merge entity $(bone_right_wing2) { transformation: [-0.6616094393268412f,0.08252741087633395f,-0.7452933491234651f,-1.0651623977378812f,-0.2720517038257434f,0.8997843367061479f,0.34113929393106784f,0.7724913269730938f,0.6987566244688722f,0.4284593024691217f,-0.5728540877819943f,-0.47779038279430924f,0f,0f,0f,1f], start_interpolation: 0, interpolation_duration: 1 }
$data merge entity $(bone_right_wing1) { transformation: [-0.9585600631815867f,0.21250764982867137f,0.4578364502185452f,-0.5625f,0.32566324748524694f,1.0111355295466342f,0.21250764983153295f,0.5167801930309486f,-0.385638646431846f,0.32566324748711417f,-0.9585600631809522f,-0.011851996440033374f,0f,0f,0f,1f], start_interpolation: 0, interpolation_duration: 1 }
$data merge entity $(bone_left_wing3) { transformation: [-1.1413982952377977f,-0.09648846981501985f,-0.23421245226837678f,1.392983471514869f,-0.1863765390474301f,1.0519997282163058f,0.47488516875354453f,0.37460420860468574f,0.17154965257182053f,0.5009412270936948f,-1.042393481213746f,0.42093399806402015f,0f,0f,0f,1f], start_interpolation: 0, interpolation_duration: 1 }
$data merge entity $(bone_left_wing2) { transformation: [-0.661609439326841f,-0.08252741087633403f,0.7452933491234651f,1.0651623977378812f,0.2720517038257434f,0.8997843367061479f,0.34113929393106784f,0.7724913269730938f,-0.6987566244688724f,0.4284593024691217f,-0.5728540877819941f,-0.477790382794309f,0f,0f,0f,1f], start_interpolation: 0, interpolation_duration: 1 }
$data merge entity $(bone_left_wing1) { transformation: [-0.9585600631815867f,-0.21250764982867143f,-0.4578364502185449f,0.5625f,-0.32566324748524694f,1.0111355295466342f,0.21250764983153295f,0.5167801930309486f,0.38563864643184576f,0.32566324748711417f,-0.9585600631809523f,-0.011851996440033263f,0f,0f,0f,1f], start_interpolation: 0, interpolation_duration: 1 }
$data merge entity $(bone_beak_down) { transformation: [-1.1f,-3.486581066574939e-17f,1.3012097685165367e-16f,-1.5492735726360897e-16f,0f,1.0625184089179749f,0.28470094961277265f,0.9893165002718902f,-1.3471114790620887e-16f,0.28470094961277265f,-1.0625184089179749f,1.2650778769150048f,0f,0f,0f,1f], start_interpolation: 0, interpolation_duration: 1 }
$data merge entity $(bone_beak_up) { transformation: [-1.1f,-3.486581066574939e-17f,1.3012097685165367e-16f,-1.58196027013523e-16f,0f,1.0625184089179749f,0.28470094961277265f,1.0889276011079503f,-1.3471114790620887e-16f,0.28470094961277265f,-1.0625184089179749f,1.2917685909412022f,0f,0f,0f,1f], start_interpolation: 0, interpolation_duration: 1 }
$data merge entity $(bone_head) { transformation: [-1.1f,-3.486581066574939e-17f,1.3012097685165367e-16f,-9.313553858769616e-17f,0f,1.0625184089179749f,0.28470094961277265f,1.2312780759143367f,-1.3471114790620887e-16f,0.28470094961277265f,-1.0625184089179749f,0.7605093864822148f,0f,0f,0f,1f], start_interpolation: 0, interpolation_duration: 1 }
$data merge entity $(bone_neck2) { transformation: [-1f,1.195617780139768e-16f,2.6506208041798646e-17f,-7.6569158561572e-17f,0f,0.21643961393810285f,-0.9762960071199333f,0.6210930714643785f,-1.2246467991473532e-16f,-0.9762960071199333f,-0.21643961393810285f,0.6252346277709004f,0f,0f,0f,1f], start_interpolation: 0, interpolation_duration: 1 }
$data merge entity $(bone_neck1) { transformation: [-1f,4.1885387376769924e-17f,1.1507915602278503e-16f,-1.1837133298755425e-17f,0f,0.9396926207859084f,-0.34202014332566877f,0.42870674084368987f,-1.2246467991473532e-16f,-0.34202014332566877f,-0.9396926207859084f,0.09665752857882692f,0f,0f,0f,1f], start_interpolation: 0, interpolation_duration: 1 }
$data merge entity $(bone_body3) { transformation: [-1f,-2.6506208041798655e-17f,1.195617780139768e-16f,6.123233995736765e-17f,0f,0.9762960071199334f,0.21643961393810288f,0.625f,-1.2246467991473532e-16f,0.21643961393810288f,-0.9762960071199334f,-0.5f,0f,0f,0f,1f], start_interpolation: 0, interpolation_duration: 1 }