# This file was generated by Animated Java via MC-Build. It is not recommended to edit this file directly.
$data merge entity $(bone_left_leg4) { transformation: [-0.899731809250729f,0.008619779972350416f,-0.02020818684687878f,0.45978781152687076f,0.009079371058478294f,0.8997214417564399f,-0.02046685771914425f,-0.643411970849874f,0.02000591021654769f,-0.02066462283569409f,-0.8995402919933414f,-0.7579503541245179f,0f,0f,0f,1f], start_interpolation: 0, interpolation_duration: 1 }
$data merge entity $(bone_left_leg3) { transformation: [-0.9985869483403749f,-0.005568278916227916f,0.052849795403283606f,0.4523084901269946f,-0.04349178216477934f,0.6571143550380971f,-0.7525351747838747f,-0.10354275614730896f,-0.030538033472855095f,-0.7537703354953524f,-0.6564279928818043f,-1.2822513561909195f,0f,0f,0f,1f], start_interpolation: 0, interpolation_duration: 1 }
$data merge entity $(bone_left_leg2) { transformation: [-0.9955437779619635f,0.07157692568837631f,-0.06139486843557583f,0.4880969529711828f,-0.02414737101881881f,0.4358510680969244f,0.8996948098725754f,0.11438277790115325f,0.09115640753178311f,0.8971680947000795f,-0.4321804243809855f,-0.8336673088408798f,0f,0f,0f,1f], start_interpolation: 0, interpolation_duration: 1 }
$data merge entity $(bone_left_leg1) { transformation: [-0.9537169587565072f,-2.5700507384954803e-9f,0.30070577410525196f,0.3125000000000001f,-0.24632375883890772f,0.5735763990917098f,-0.7812392208769727f,0.33762023679041775f,-0.17247773308955103f,-0.8191520703782588f,-0.5470295395893185f,-0.90625f,0f,0f,0f,1f], start_interpolation: 0, interpolation_duration: 1 }
$data merge entity $(bone_right_leg4) { transformation: [-0.885517242823169f,0.05337438566071609f,0.15169175197812756f,-0.5202389614583428f,-0.14088452167566673f,0.15181118117509979f,-0.8758452584917269f,-0.01590357313368701f,-0.07752911849796326f,-0.885496775954358f,-0.14101310421151175f,0.21983738722581525f,0f,0f,0f,1f], start_interpolation: 0, interpolation_duration: 1 }
$data merge entity $(bone_right_leg3) { transformation: [-0.9904490894088159f,0.13136832684813166f,0.041868412799743765f,-0.42432949212222804f,-0.08503759065200839f,-0.3429920478932206f,-0.9354811934283428f,-0.21468003446433098f,-0.10853206653035208f,-0.9301068851390886f,0.3508874075134558f,-0.4996732395980922f,0f,0f,0f,1f], start_interpolation: 0, interpolation_duration: 1 }
$data merge entity $(bone_right_leg2) { transformation: [-0.9835411890555038f,0.019746086824361297f,-0.1796018415451534f,-0.4144564487100474f,0.06949851232869791f,0.9588811617876208f,-0.2751669935746656f,0.26476054642947944f,0.16678335113368914f,-0.2831201328481374f,-0.9444714416861262f,-0.6412333060221609f,0f,0f,0f,1f], start_interpolation: 0, interpolation_duration: 1 }
$data merge entity $(bone_right_leg1) { transformation: [-0.9537169587565072f,-0.2536126762060239f,-0.16156909682193926f,-0.3124999999999999f,0.24632375883890772f,-0.3507081014322051f,-0.9035089559164811f,0.33762023679041775f,0.17247773308955083f,-0.9014901208873211f,0.39694709160145386f,-0.90625f,0f,0f,0f,1f], start_interpolation: 0, interpolation_duration: 1 }
$data merge entity $(bone_right_wing3) { transformation: [-1.1413982952377977f,0.09648846981501992f,0.23421245226837692f,-1.392983471514869f,-0.0871679991455307f,0.8653922135439106f,-0.7813153157586871f,1.6132629261772595f,-0.2378386796334344f,-0.7802191089090862f,-0.8376434029704392f,-0.04572556804984007f,0f,0f,0f,1f], start_interpolation: 0, interpolation_duration: 1 }
$data merge entity $(bone_right_wing2) { transformation: [-0.6616094393268412f,0.08252741087633408f,-0.7452933491234651f,-1.065162397737881f,0.54145726375266f,0.7401773384243384f,-0.3986998109010641f,0.9352146734844483f,0.5187455843890189f,-0.6673280558594183f,-0.5343933799550514f,-0.7572522637773633f,0f,0f,0f,1f], start_interpolation: 0, interpolation_duration: 1 }
$data merge entity $(bone_right_wing1) { transformation: [-0.9585600631815867f,0.21250764982867154f,0.45783645021854513f,-0.5624999999999999f,-0.2316577230409232f,0.6878184238777011f,-0.8042708662142379f,1.2678291976175506f,-0.4484511297119435f,-0.8095414909995661f,-0.5631565232876129f,-0.3426990799322576f,0f,0f,0f,1f], start_interpolation: 0, interpolation_duration: 1 }
$data merge entity $(bone_left_wing3) { transformation: [-1.1413982952377977f,-0.09648846981501968f,-0.23421245226837678f,1.392983471514869f,0.0871679991455307f,0.8653922135439106f,-0.7813153157586871f,1.6132629261772595f,0.23783867963343416f,-0.7802191089090862f,-0.8376434029704392f,-0.04572556804983985f,0f,0f,0f,1f], start_interpolation: 0, interpolation_duration: 1 }
$data merge entity $(bone_left_wing2) { transformation: [-0.661609439326841f,-0.08252741087633389f,0.7452933491234651f,1.0651623977378812f,-0.54145726375266f,0.7401773384243384f,-0.3986998109010641f,0.9352146734844483f,-0.5187455843890189f,-0.6673280558594183f,-0.5343933799550512f,-0.757252263777363f,0f,0f,0f,1f], start_interpolation: 0, interpolation_duration: 1 }
$data merge entity $(bone_left_wing1) { transformation: [-0.9585600631815867f,-0.2125076498286713f,-0.45783645021854497f,0.5625000000000001f,0.2316577230409232f,0.6878184238777011f,-0.8042708662142379f,1.2678291976175506f,0.4484511297119433f,-0.8095414909995661f,-0.5631565232876129f,-0.3426990799322575f,0f,0f,0f,1f], start_interpolation: 0, interpolation_duration: 1 }
$data merge entity $(bone_beak_down) { transformation: [-1.1f,-5.693139116521628e-17f,1.2208976234804303e-16f,-2.6909228949955692e-17f,0f,0.9969385657403149f,0.4648800879147692f,2.6814571820698996f,-1.3471114790620887e-16f,0.4648800879147692f,-0.9969385657403149f,0.21973052939582993f,0f,0f,0f,1f], start_interpolation: 0, interpolation_duration: 1 }
$data merge entity $(bone_beak_up) { transformation: [-1.1f,9.931947636692437e-17f,9.100953238209962e-17f,-2.0594643891852156e-17f,0f,0.7431492283772263f,-0.8110050704911362f,2.77076605183517f,-1.3471114790620887e-16f,-0.8110050704911362f,-0.7431492283772263f,0.16816802939582998f,0f,0f,0f,1f], start_interpolation: 0, interpolation_duration: 1 }
$data merge entity $(bone_head) { transformation: [-1.1f,6.735557395310441e-17f,1.166632762597398e-16f,3.7736994238017746e-17f,0f,0.9526279441628824f,-0.5499999999999998f,2.49576605183517f,-1.3471114790620887e-16f,-0.5499999999999998f,-0.9526279441628824f,-0.30814594268561124f,0f,0f,0f,1f], start_interpolation: 0, interpolation_duration: 1 }
$data merge entity $(bone_neck2) { transformation: [-1f,1.1829179713786698e-16f,-3.169619151431763e-17f,1.7926874541569226e-17f,0f,-0.25881904510252063f,-0.9659258262890681f,1.8920624104045025f,-1.2246467991473532e-16f,-0.9659258262890681f,0.25881904510252063f,-0.1463840394965358f,0f,0f,0f,1f], start_interpolation: 0, interpolation_duration: 1 }
$data merge entity $(bone_neck1) { transformation: [-1f,1.2141697760125282e-16f,1.5984848350717848e-17f,2.6918351738848015e-17f,0f,0.13052619222005157f,-0.9914448613738103f,1.3343746758817343f,-1.2246467991473532e-16f,-0.9914448613738103f,-0.13052619222005157f,-0.21980502262031482f,0f,0f,0f,1f], start_interpolation: 0, interpolation_duration: 1 }
$data merge entity $(bone_body3) { transformation: [-1f,1.0031719290535246e-16f,7.024285468436542e-17f,7.708996047316093e-17f,0f,0.573576436351046f,-0.8191520442889917f,0.8582531754730548f,-1.2246467991473532e-16f,-0.8191520442889917f,-0.573576436351046f,-0.6294872981077806f,0f,0f,0f,1f], start_interpolation: 0, interpolation_duration: 1 }
$data merge entity $(bone_body2) { transformation: [-1f,6.123233995736765e-17f,1.0605752387249069e-16f,1.036043414412836e-16f,0f,0.8660254037844387f,-0.49999999999999994f,0.7332531754730548f,-1.2246467991473532e-16f,-0.49999999999999994f,-0.8660254037844387f,-0.8459936490538903f,0f,0f,0f,1f], start_interpolation: 0, interpolation_duration: 1 }
$data merge entity $(bone_tail2) { transformation: [-1f,-5.341834311772725e-18f,1.2234812067540777e-16f,2.9455369191983905e-16f,0f,0.9990482215818578f,0.04361938736533599f,-0.0149876960903631f,-1.2246467991473532e-16f,0.04361938736533599f,-0.9990482215818578f,-2.4052134225551303f,0f,0f,0f,1f], start_interpolation: 0, interpolation_duration: 1 }
$data merge entity $(bone_tail1) { transformation: [-1f,3.1696191514317643e-17f,1.1829179713786698e-16f,2.058348440664388e-16f,0f,0.9659258262890683f,-0.25881904510252074f,0.17912658773652745f,-1.2246467991473532e-16f,-0.25881904510252074f,-0.9659258262890683f,-1.680769052838329f,0f,0f,0f,1f], start_interpolation: 0, interpolation_duration: 1 }
$data merge entity $(bone_body1) { transformation: [-1f,6.123233995736765e-17f,1.0605752387249069e-16f,1.2246467991473532e-16f,0f,0.8660254037844387f,-0.49999999999999994f,0.5f,-1.2246467991473532e-16f,-0.49999999999999994f,-0.8660254037844387f,-1f,0f,0f,0f,1f], start_interpolation: 0, interpolation_duration: 1 }