# This file was generated by Animated Java via MC-Build. It is not recommended to edit this file directly.
$data merge entity $(bone_left_leg4) { transformation: [-0.8997197141193023f,0.005159355405270634f,-0.021859027354462483f,0.4683425215342652f,0.005606132555279211f,0.8997950071281311f,-0.01837162009894261f,-0.6623795122836666f,0.021748731063068488f,-0.018502059320230524f,-0.8995469228995546f,-0.8160918963526f,0f,0f,0f,1f], start_interpolation: 0, interpolation_duration: 1 }
$data merge entity $(bone_left_leg3) { transformation: [-0.9983591350679822f,-0.01573788216660868f,0.055057755958814666f,0.4530980001618828f,-0.0505450331403939f,0.6940639660216796f,-0.7181367632248705f,-0.09694799006585242f,-0.02691165270188576f,-0.7197412938932757f,-0.6937205725749284f,-1.3125403309866237f,0f,0f,0f,1f], start_interpolation: 0, interpolation_duration: 1 }
$data merge entity $(bone_left_leg2) { transformation: [-0.9948283548259351f,0.07285308111329394f,-0.0707740984161809f,0.48952454071852974f,-0.03507381433729842f,0.40753381576750947f,0.9125163102946747f,0.10681891781790231f,0.09532246315615318f,0.9102794173100225f,-0.402870960035059f,-0.8574006223316124f,0f,0f,0f,1f], start_interpolation: 0, interpolation_duration: 1 }
$data merge entity $(bone_left_leg1) { transformation: [-0.9537169587565072f,-0.007712731169354949f,0.30060684682513156f,0.3125000000000001f,-0.23850352461160662f,0.6282330949548512f,-0.7405668417849194f,0.33365596538015846f,-0.18313937678194592f,-0.7779869485931998f,-0.6009960702788018f,-0.9134788341133052f,0f,0f,0f,1f], start_interpolation: 0, interpolation_duration: 1 }
$data merge entity $(bone_right_leg4) { transformation: [-0.8887401811871551f,0.043087081156079676f,0.13521979803590908f,-0.5181786767279142f,-0.11814591306139308f,0.25047173077790347f,-0.8563325611630155f,-0.11994503354724459f,-0.07862845267657453f,-0.8633698022971211f,-0.24168192094386545f,0.16448378161807875f,0f,0f,0f,1f], start_interpolation: 0, interpolation_duration: 1 }
$data merge entity $(bone_right_leg3) { transformation: [-0.9926976786716992f,0.11803616900836028f,0.02487532041300227f,-0.43120625749745656f,-0.05601598495372117f,-0.26843595242664203f,-0.9616674835276818f,-0.261167780146746f,-0.10683411528853581f,-0.9560384941259583f,0.27308765911312155f,-0.5696130676709601f,0f,0f,0f,1f], start_interpolation: 0, interpolation_duration: 1 }
$data merge entity $(bone_right_leg2) { transformation: [-0.9863034237618892f,0.020270223865039683f,-0.16369078868414194f,-0.42107114556493674f,0.04978083924645782f,0.9827239810178783f,-0.1782566833986597f,0.2301942103621931f,0.15724956063370593f,-0.18396384198214832f,-0.9702730958465627f,-0.6615949886620343f,0f,0f,0f,1f], start_interpolation: 0, interpolation_duration: 1 }
$data merge entity $(bone_right_leg1) { transformation: [-0.9537169587565072f,-0.2391108814592971f,-0.1823456853012888f,-0.3124999999999999f,0.23850352461160662f,-0.23218012670399896f,-0.942978503207552f,0.33365596538015846f,0.18313937678194564f,-0.9428246788939462f,0.27846291232486886f,-0.9134788341133052f,0f,0f,0f,1f], start_interpolation: 0, interpolation_duration: 1 }
$data merge entity $(bone_right_wing3) { transformation: [-1.1366340226290979f,0.08010775402912085f,0.2619187131973712f,-1.4592378754494624f,-0.08811857145693305f,0.9516490194375095f,-0.6734647928025472f,1.506328522450236f,-0.2593333413638637f,-0.6744645709928718f,-0.9191296570718502f,0.03186774343453935f,0f,0f,0f,1f], start_interpolation: 0, interpolation_duration: 1 }
$data merge entity $(bone_right_wing2) { transformation: [-0.7115241303941353f,0.0685168450055827f,-0.6993131300192712f,-1.065162397737881f,0.4451877944932368f,0.8139535199153326f,-0.3732123993809523f,0.9303913685753579f,0.5436370475796483f,-0.5768752979352826f,-0.6096504335526729f,-0.7339568061705862f,0f,0f,0f,1f], start_interpolation: 0, interpolation_duration: 1 }
$data merge entity $(bone_right_wing1) { transformation: [-0.9585600631815867f,0.2125076498286715f,0.45783645021854513f,-0.5624999999999999f,-0.18792451514137917f,0.7617446561391762f,-0.7470211285923555f,1.2220406482440844f,-0.4684635449992892f,-0.7404030582856975f,-0.6371470233776471f,-0.289628704910811f,0f,0f,0f,1f], start_interpolation: 0, interpolation_duration: 1 }
$data merge entity $(bone_left_wing3) { transformation: [-1.1366340226291753f,-0.0801077540287631f,-0.26191871319714727f,1.459237875449278f,0.08811857145715554f,0.9516490194373363f,-0.6734647928027632f,1.5063285224503926f,0.2593333413634513f,-0.6744645709931586f,-0.9191296570717565f,0.031867743434517704f,0f,0f,0f,1f], start_interpolation: 0, interpolation_duration: 1 }
$data merge entity $(bone_left_wing2) { transformation: [-0.7115241303940093f,-0.06851684500527672f,0.6993131300194299f,1.0651623977378812f,-0.44518779449329016f,0.8139535199151845f,-0.37321239938121203f,0.9303913685753579f,-0.5436370475797703f,-0.5768752979355278f,-0.6096504335523324f,-0.7339568061705859f,0f,0f,0f,1f], start_interpolation: 0, interpolation_duration: 1 }
$data merge entity $(bone_left_wing1) { transformation: [-0.9585600631815867f,-0.21250764982867132f,-0.45783645021854497f,0.5625000000000001f,0.18792451514137917f,0.7617446561391762f,-0.7470211285923555f,1.2220406482440844f,0.468463544999289f,-0.7404030582856975f,-0.6371470233776472f,-0.2896287049108109f,0f,0f,0f,1f], start_interpolation: 0, interpolation_duration: 1 }
$data merge entity $(bone_beak_down) { transformation: [-1.1f,-6.319337901500407e-17f,1.1896928266941234e-16f,-5.813834311997357e-17f,0f,0.971457915476065f,0.5160130991156124f,2.5526663667542593f,-1.3471114790620887e-16f,0.5160130991156124f,-0.971457915476065f,0.4747355985452439f,0f,0f,0f,1f], start_interpolation: 0, interpolation_duration: 1 }
$data merge entity $(bone_beak_up) { transformation: [-1.1f,8.374011321091221e-17f,1.0552102543868732e-16f,-5.3324765365416526e-17f,0f,0.8616445616169099f,-0.6837899161555422f,2.648006894107302f,-1.3471114790620887e-16f,-0.6837899161555422f,-0.8616445616169099f,0.43542975331779993f,0f,0f,0f,1f], start_interpolation: 0, interpolation_duration: 1 }
$data merge entity $(bone_head) { transformation: [-1.1f,5.1344829381941895e-17f,1.2454236976205233e-16f,8.946419515609637e-18f,0f,1.0169656250991188f,-0.41926234909273546f,2.438375719560934f,-1.3471114790620887e-16f,-0.41926234909273546f,-1.0169656250991188f,-0.07305305923175949f,0f,0f,0f,1f], start_interpolation: 0, interpolation_duration: 1 }
$data merge entity $(bone_neck2) { transformation: [-1f,1.2173962900969678e-16f,-1.330641030481085e-17f,6.299130751028567e-19f,0f,-0.10865508580984551f,-0.9940795100632822f,1.8170760257713825f,-1.2246467991473532e-16f,-0.9940795100632822f,0.10865508580984551f,-0.005143630600606047f,0f,0f,0f,1f], start_interpolation: 0, interpolation_duration: 1 }
$data merge entity $(bone_neck1) { transformation: [-1f,1.176724456176484e-16f,3.392334548626007e-17f,1.9711794911124146e-17f,0f,0.2770051373986265f,-0.9608684373288406f,1.2765875297739095f,-1.2246467991473532e-16f,-0.9608684373288406f,-0.2770051373986265f,-0.16095902038733345f,0f,0f,0f,1f], start_interpolation: 0, interpolation_duration: 1 }
$data merge entity $(bone_body3) { transformation: [-1f,9.317639841181336e-17f,7.947173463327452e-17f,7.520515395765906e-17f,0f,0.6489359600548161f,-0.7608430322660082f,0.8416191321110804f,-1.2246467991473532e-16f,-0.7608430322660082f,-0.6489359600548161f,-0.614096684938219f,0f,0f,0f,1f], start_interpolation: 0, interpolation_duration: 1 }
$data merge entity $(bone_body2) { transformation: [-1f,5.651086339287357e-17f,1.0864676776237091e-16f,1.0236684589825179e-16f,0f,0.8871681846391549f,-0.4614462180623722f,0.7262575775954874f,-1.2246467991473532e-16f,-0.4614462180623722f,-0.8871681846391549f,-0.8358887310980078f,0f,0f,0f,1f], start_interpolation: 0, interpolation_duration: 1 }
$data merge entity $(bone_tail2) { transformation: [-1f,-2.079032810511703e-17f,1.2068703361960705e-16f,2.9831180872842744e-16f,0f,0.9854844164344696f,0.16976591225806548f,0.09798796355058237f,-1.2246467991473532e-16f,0.16976591225806548f,-0.9854844164344696f,-2.435900775114292f,0f,0f,0f,1f], start_interpolation: 0, interpolation_duration: 1 }
$data merge entity $(bone_tail1) { transformation: [-1f,1.8186067741522454e-17f,1.211068320398124e-16f,2.0748168469856813e-16f,0f,0.9889123306747032f,-0.1485005125901142f,0.20936334799316803f,-1.2246467991473532e-16f,-0.1485005125901142f,-0.9889123306747032f,-1.6942165271082645f,0f,0f,0f,1f], start_interpolation: 0, interpolation_duration: 1 }
$data merge entity $(bone_body1) { transformation: [-1f,5.651086339287357e-17f,1.0864676776237091e-16f,1.2246467991473532e-16f,0f,0.8871681846391549f,-0.4614462180623722f,0.5f,-1.2246467991473532e-16f,-0.4614462180623722f,-0.8871681846391549f,-1f,0f,0f,0f,1f], start_interpolation: 0, interpolation_duration: 1 }