# This file was generated by Animated Java via MC-Build. It is not recommended to edit this file directly.
$data merge entity $(bone_left_leg4) { transformation: [-0.8996897252579503f,-0.00004940553850914242f,-0.023630400427557152f,0.4807942986299914f,0.0003540574962831791f,0.8998688217523089f,-0.01536158459927689f,-0.6837736380438237f,0.023627799486267448f,-0.015365584831179613f,-0.8995585727979207f,-0.900606867217985f,0f,0f,0f,1f], start_interpolation: 0, interpolation_duration: 1 }
$data merge entity $(bone_left_leg3) { transformation: [-0.9978429304037513f,-0.030169991167321053f,0.05830315494223598f,0.4545228580706109f,-0.061395316686832624f,0.7433068472652937f,-0.6661272745485303f,-0.08466054793557026f,-0.0232400802962924f,-0.6682699323188893f,-0.7435557788265306f,-1.3553370802804938f,0f,0f,0f,1f], start_interpolation: 0, interpolation_duration: 1 }
$data merge entity $(bone_left_leg2) { transformation: [-0.9937022471339725f,0.07392278439992594f,-0.0842096549539042f,0.49148425027057385f,-0.05144081999470118f,0.3666939639747553f,0.9289183919068207f,0.09868643405180738f,0.09954740619004744f,0.9274001071441834f,-0.3605819673663544f,-0.8916370267084022f,0f,0f,0f,1f], start_interpolation: 0, interpolation_duration: 1 }
$data merge entity $(bone_left_leg1) { transformation: [-0.9537169587565072f,-0.01864412387974337f,0.30012723839231187f,0.3125000000000001f,-0.2266224356371854f,0.7005920773334966f,-0.6766188091114567f,0.328585670805588f,-0.19765180051319686f,-0.7133183986287559f,-0.672391722087355f,-0.9240172536240644f,0f,0f,0f,1f], start_interpolation: 0, interpolation_duration: 1 }
$data merge entity $(bone_right_leg4) { transformation: [-0.8923829628133125f,0.03087728745996037f,0.1126909082386374f,-0.515879470177045f,-0.08871482703597325f,0.3858444253508606f,-0.8082411514453102f,-0.25713729075834596f,-0.07604161455749978f,-0.8125088753636964f,-0.379535242514723f,0.06994554261774621f,0f,0f,0f,1f], start_interpolation: 0, interpolation_duration: 1 }
$data merge entity $(bone_right_leg3) { transformation: [-0.9949268708927741f,0.10057921217631749f,0.0020841433502640106f,-0.44057532000419847f,-0.01806475329535127f,-0.15823914017690355f,-0.987235554062176f,-0.3141144237621376f,-0.09896558120827273f,-0.9822648301726298f,0.15925331124357567f,-0.6767064119644496f,0f,0f,0f,1f], start_interpolation: 0, interpolation_duration: 1 }
$data merge entity $(bone_right_leg2) { transformation: [-0.9901457558309297f,0.020004525025402592f,-0.1386044775196854f,-0.43057305749149716f,0.025454217902492277f,0.9989664532274359f,-0.03765777631737173f,0.18536880285158036f,0.13770789738054018f,-0.0408147559677231f,-0.9896315934196551f,-0.6971137899483111f,0f,0f,0f,1f], start_interpolation: 0, interpolation_duration: 1 }
$data merge entity $(bone_right_leg1) { transformation: [-0.9537169587565072f,-0.21565346602866484f,-0.20956513347897876f,-0.3124999999999999f,0.22662243563718534f,-0.05738575065122331f,-0.9722906701640541f,0.328585670805588f,0.19765180051319667f,-0.974782261949826f,0.10360167731206088f,-0.9240172536240644f,0f,0f,0f,1f], start_interpolation: 0, interpolation_duration: 1 }
$data merge entity $(bone_right_wing3) { transformation: [-1.1274564237799498f,0.059168071128424274f,0.30380374884591244f,-1.5523784827869007f,-0.07930221912749127f,1.054075969717057f,-0.49959040631607793f,1.3380337805950369f,-0.29918010711834414f,-0.5023729246292541f,-1.0124565541694461f,0.11561731154133903f,0f,0f,0f,1f], start_interpolation: 0, interpolation_duration: 1 }
$data merge entity $(bone_right_wing2) { transformation: [-0.778060243577147f,0.0506069556926015f,-0.6261479005795658f,-1.065162397737881f,0.3053267652972608f,0.9015601637634064f,-0.3065368452698819f,0.9224886140301957f,0.5489971072399036f,-0.42968384557768424f,-0.7169197787003722f,-0.6988942163937203f,0f,0f,0f,1f], start_interpolation: 0, interpolation_duration: 1 }
$data merge entity $(bone_right_wing1) { transformation: [-0.9585600631815867f,0.2125076498286715f,0.4578364502185452f,-0.5624999999999999f,-0.11625286428745825f,0.8632752952875506f,-0.6440901700866619f,1.144900663309543f,-0.4911812169957086f,-0.6190374580117086f,-0.7410430141092537f,-0.2161731331212312f,0f,0f,0f,1f], start_interpolation: 0, interpolation_duration: 1 }
$data merge entity $(bone_left_wing3) { transformation: [-1.1274564237801434f,-0.05916807112759513f,-0.30380374884535566f,1.5523784827864588f,0.07930221912816911f,1.0540759697167479f,-0.49959040631662244f,1.3380337805953717f,0.29918010711743503f,-0.5023729246299999f,-1.0124565541693444f,0.11561731154143307f,0f,0f,0f,1f], start_interpolation: 0, interpolation_duration: 1 }
$data merge entity $(bone_left_wing2) { transformation: [-0.7780602435768598f,-0.05060695569189233f,0.6261479005799802f,1.0651623977378812f,-0.30532676529729563f,0.901560163763142f,-0.30653684527062475f,0.9224886140301957f,-0.5489971072402915f,-0.42968384557832223f,-0.7169197786996928f,-0.69889421639372f,0f,0f,0f,1f], start_interpolation: 0, interpolation_duration: 1 }
$data merge entity $(bone_left_wing1) { transformation: [-0.9585600631815867f,-0.21250764982867132f,-0.4578364502185449f,0.5625000000000001f,0.11625286428745825f,0.8632752952875506f,-0.6440901700866619f,1.144900663309543f,0.4911812169957084f,-0.6190374580117086f,-0.7410430141092538f,-0.2161731331212311f,0f,0f,0f,1f], start_interpolation: 0, interpolation_duration: 1 }
$data merge entity $(bone_beak_down) { transformation: [-1.1f,-7.602094137626799e-17f,1.1121110485232362e-16f,-1.0221792924455574e-16f,0f,0.908107586038302f,0.6207580947355328f,2.278911864073736f,-1.3471114790620887e-16f,0.6207580947355328f,-0.908107586038302f,0.8346727343404139f,0f,0f,0f,1f], start_interpolation: 0, interpolation_duration: 1 }
$data merge entity $(bone_beak_up) { transformation: [-1.1f,5.353901824256185e-17f,1.236149946237556e-16f,-1.0013945965739779e-16f,0f,1.0093930324222553f,-0.4371792608271855f,2.380630678003044f,-1.3471114790620887e-16f,-0.4371792608271855f,-1.0093930324222553f,0.817700742182307f,0f,0f,0f,1f], start_interpolation: 0, interpolation_duration: 1 }
$data merge entity $(bone_head) { transformation: [-1.1f,2.2170342263018103e-17f,1.3287426121769831e-16f,-3.3702329048548635e-17f,0f,1.085000681912618f,-0.181034583019806f,2.290113386493141f,-1.3471114790620887e-16f,-0.181034583019806f,-1.085000681912618f,0.2752004012259981f,0f,0f,0f,1f], start_interpolation: 0, interpolation_duration: 1 }
$data merge entity $(bone_neck2) { transformation: [-1f,1.2143326107504661e-16f,1.586067247307475e-17f,-2.3789408752876916e-17f,0f,0.12951221923021028f,-0.9915778260278243f,1.6703772452257508f,-1.2246467991473532e-16f,-0.9915778260278243f,-0.12951221923021028f,0.1942552642071167f,0f,0f,0f,1f], start_interpolation: 0, interpolation_duration: 1 }
$data merge entity $(bone_neck1) { transformation: [-1f,1.0682137466808222e-16f,5.988983002680657e-17f,9.89862063720178e-18f,0f,0.4890375744949824f,-0.8722627188709057f,1.1797294658608664f,-1.2246467991473532e-16f,-0.8722627188709057f,-0.4890375744949824f,-0.08082837144631094f,0f,0f,0f,1f], start_interpolation: 0, interpolation_duration: 1 }
$data merge entity $(bone_body3) { transformation: [-1f,8.033775753336921e-17f,9.243074456655729e-17f,7.268894583713566e-17f,0f,0.7547543065552546f,-0.6560075736882136f,0.8168968764654362f,-1.2246467991473532e-16f,-0.6560075736882136f,-0.7547543065552546f,-0.5935502863988584f,0f,0f,0f,1f], start_interpolation: 0, interpolation_duration: 1 }
$data merge entity $(bone_body2) { transformation: [-1f,4.962774780784784e-17f,1.1195840510716127e-16f,1.0067854711392598e-16f,0f,0.9142097557035307f,-0.4052413140049899f,0.7155865479641887f,-1.2246467991473532e-16f,-0.4052413140049899f,-0.9142097557035307f,-0.822102725324741f,0f,0f,0f,1f], start_interpolation: 0, interpolation_duration: 1 }
$data merge entity $(bone_tail2) { transformation: [-1f,-4.327678039233121e-17f,1.1456316207879613e-16f,3.013632151569345e-16f,0f,0.9354792104838675f,0.35338172951141655f,0.2690570789935081f,-1.2246467991473532e-16f,0.35338172951141655f,-0.9354792104838675f,-2.4608173994882057f,0f,0f,0f,1f], start_interpolation: 0, interpolation_duration: 1 }
$data merge entity $(bone_tail1) { transformation: [-1f,-2.5880795160723624e-18f,1.2243732956511697e-16f,2.0953521798309676e-16f,0f,0.9997766674469946f,0.021133273021039845f,0.25320712422772823f,-1.2246467991473532e-16f,0.021133273021039845f,-0.9997766674469946f,-1.71098489890296f,0f,0f,0f,1f], start_interpolation: 0, interpolation_duration: 1 }
$data merge entity $(bone_body1) { transformation: [-1f,4.962774780784784e-17f,1.1195840510716127e-16f,1.2246467991473532e-16f,0f,0.9142097557035307f,-0.4052413140049899f,0.5f,-1.2246467991473532e-16f,-0.4052413140049899f,-0.9142097557035307f,-1f,0f,0f,0f,1f], start_interpolation: 0, interpolation_duration: 1 }