# This file was generated by Animated Java via MC-Build. It is not recommended to edit this file directly.
$data merge entity $(bone_left_leg4) { transformation: [-0.8996332829403672f,-0.0066391972284443115f,-0.0248168750268718f,0.49617346595875883f,-0.006318674523598827f,0.899901879605567f,-0.01169108355254328f,-0.7006192133722027f,0.02490041321348664f,-0.01151208680168564f,-0.899581814666831f,-1.0042018171874072f,0f,0f,0f,1f], start_interpolation: 0, interpolation_duration: 1 }
$data merge entity $(bone_left_leg3) { transformation: [-0.996926067010879f,-0.04743551141711667f,0.06235614781893811f,0.4566995731572377f,-0.0754053786163765f,0.7969906756522187f,-0.5992661276921473f,-0.0654220736522795f,-0.02127077313925292f,-0.6021260127083173f,-0.7981176724205787f,-1.405913972192359f,0f,0f,0f,1f], start_interpolation: 0, interpolation_duration: 1 }
$data merge entity $(bone_left_leg2) { transformation: [-0.9921850620989416f,0.07405133157190613f,-0.10042511060560033f,0.49372523894319076f,-0.07207490942479278f,0.3168550910055699f,0.9457314939956585f,0.09300547185050545f,0.1018528840000486f,0.9455787918498809f,-0.30904164512989685f,-0.9331245762674185f,0f,0f,0f,1f], start_interpolation: 0, interpolation_duration: 1 }
$data merge entity $(bone_left_leg1) { transformation: [-0.9537169587565072f,-0.031692261419835964f,0.2990310404395095f,0.3125000000000001f,-0.21124948259014809f,0.7783211622367581f,-0.5912612151323786f,0.32339598228345007f,-0.21400378194236086f,-0.627066000497969f,-0.7489930656113231f,-0.9370137243014597f,0f,0f,0f,1f], start_interpolation: 0, interpolation_duration: 1 }
$data merge entity $(bone_right_leg4) { transformation: [-0.8955436781806352f,0.01977469049143612f,0.08723807704590247f,-0.5139425384799073f,-0.05838555154890197f,0.5357586835692425f,-0.7208007771572412f,-0.40207320730257073f,-0.06776907732166222f,-0.7228911360613853f,-0.531823050988626f,-0.06530774704823983f,0f,0f,0f,1f], start_interpolation: 0, interpolation_duration: 1 }
$data merge entity $(bone_right_leg3) { transformation: [-0.9963623844334349f,0.08196865081485474f,-0.023305346376149623f,-0.45100946622025695f,0.021602036032422695f,-0.02160594724272749f,-0.9995331585710394f,-0.35580684532392637f,-0.08243391853705502f,-0.9964006841262893f,0.019756663364275284f,-0.813843051603224f,0f,0f,0f,1f], start_interpolation: 0, interpolation_duration: 1 }
$data merge entity $(bone_right_leg2) { transformation: [-0.9943206693342216f,0.018111149091265266f,-0.10487322257535252f,-0.4419538916746243f,0.004175777020505506f,0.991293984065083f,0.13160091201298885f,0.13984014670861514f,0.1063436383664791f,0.13041557972485268f,-0.9857397258627708f,-0.7486352617407976f,0f,0f,0f,1f], start_interpolation: 0, interpolation_duration: 1 }
$data merge entity $(bone_right_leg1) { transformation: [-0.9537169587565072f,-0.18356593047362998f,-0.23817538023395515f,-0.3124999999999999f,0.21124948259014809f,0.15468242372146263f,-0.965115021071089f,0.32339598228345007f,0.2140037819423606f,-0.9707609885862762f,-0.10874504289098547f,-0.9370137243014598f,0f,0f,0f,1f], start_interpolation: 0, interpolation_duration: 1 }
$data merge entity $(bone_right_wing3) { transformation: [-1.1125528078579332f,0.039709625892632765f,0.3572183664307573f,-1.6603808773630244f,-0.0496708295668377f,1.1338742519805407f,-0.28074464440532637f,1.133402728039828f,-0.3559699768156489f,-0.28232586187524183f,-1.0772803949292085f,0.1627310001933152f,0f,0f,0f,1f], start_interpolation: 0, interpolation_duration: 1 }
$data merge entity $(bone_right_wing2) { transformation: [-0.8491437335048057f,0.03396398158318273f,-0.5270686556839985f,-1.065162397737881f,0.1554232503696114f,0.9698123149293384f,-0.18790339820222152f,0.9089291870116397f,0.5047757255396355f,-0.24147571672202311f,-0.8287888423111887f,-0.6550788304005702f,0f,0f,0f,1f], start_interpolation: 0, interpolation_duration: 1 }
$data merge entity $(bone_right_wing1) { transformation: [-0.9585600631815867f,0.21250764982867149f,0.4578364502185452f,-0.5624999999999999f,-0.023545218110431393f,0.9627466533035653f,-0.49616087649877f,1.0383700084660528f,-0.5042016849322856f,-0.4489660248038712f,-0.8472433420183159f,-0.13958698988162377f,0f,0f,0f,1f], start_interpolation: 0, interpolation_duration: 1 }
$data merge entity $(bone_left_wing3) { transformation: [-1.1125528078582894f,-0.03970962589129012f,-0.357218366429796f,1.6603808773623052f,0.04967082956824843f,1.1338742519802552f,-0.280744644406231f,1.1334027280402221f,0.3559699768143379f,-0.2823258618765784f,-1.0772803949292913f,0.16273100019373066f,0f,0f,0f,1f], start_interpolation: 0, interpolation_duration: 1 }
$data merge entity $(bone_left_wing2) { transformation: [-0.8491437335043767f,-0.033963981582034355f,0.5270686556847632f,1.0651623977378812f,-0.15542325036941934f,0.969812314929094f,-0.18790339820364196f,0.9089291870116397f,-0.5047757255404157f,-0.24147571672316628f,-0.8287888423103803f,-0.65507883040057f,0f,0f,0f,1f], start_interpolation: 0, interpolation_duration: 1 }
$data merge entity $(bone_left_wing1) { transformation: [-0.9585600631815867f,-0.21250764982867135f,-0.4578364502185449f,0.5625000000000001f,0.023545218110431393f,0.9627466533035653f,-0.49616087649877f,1.0383700084660528f,0.5042016849322853f,-0.4489660248038712f,-0.847243342018316f,-0.13958698988162366f,0f,0f,0f,1f], start_interpolation: 0, interpolation_duration: 1 }
$data merge entity $(bone_beak_down) { transformation: [-1.1f,-9.209169312896277e-17f,9.831690305766066e-17f,-1.4617487130624044e-16f,0f,0.8028184381497808f,0.7519857414650541f,1.8392732890646728f,-1.3471114790620887e-16f,0.7519857414650541f,-0.8028184381497808f,1.1936084053623714f,0f,0f,0f,1f], start_interpolation: 0, interpolation_duration: 1 }
$data merge entity $(bone_beak_up) { transformation: [-1.1f,1.0121763371460945e-17f,1.3433035128540626e-16f,-1.4774484770448056e-16f,0f,1.0968905596203924f,-0.0826504701478672f,1.9415983474786862f,-1.3471114790620887e-16f,-0.0826504701478672f,-1.0968905596203924f,1.2064282355316347f,0f,0f,0f,1f], start_interpolation: 0, interpolation_duration: 1 }
$data merge entity $(bone_head) { transformation: [-1.1f,-1.6746414914561063e-17f,1.3366619227657327e-16f,-8.091175156619391e-17f,0f,1.0914672897494762f,0.1367448551388088f,2.0099707750480906f,-1.3471114790620887e-16f,0.1367448551388088f,-1.0914672897494762f,0.6606945906568966f,0f,0f,0f,1f], start_interpolation: 0, interpolation_duration: 1 }
$data merge entity $(bone_neck2) { transformation: [-1f,1.114645013906405e-16f,5.0727337367089176e-17f,-4.920716571176318e-17f,0f,0.41422014414611236f,-0.9101767257975641f,1.4411103214246128f,-1.2246467991473532e-16f,-0.9101767257975641f,-0.41422014414611236f,0.40180700056557633f,0f,0f,0f,1f], start_interpolation: 0, interpolation_duration: 1 }
$data merge entity $(bone_neck1) { transformation: [-1f,8.567196645075414e-17f,8.750949657653985e-17f,1.6926112540478988e-20f,0f,0.7145692671345515f,-0.6995646949830947f,1.047605180496622f,-1.2246467991473532e-16f,-0.6995646949830947f,-0.7145692671345515f,-0.00013821219760890013f,0f,0f,0f,1f], start_interpolation: 0, interpolation_duration: 1 }
$data merge entity $(bone_body3) { transformation: [-1f,6.188644703019622e-17f,1.056771758734936e-16f,6.993306397286124e-17f,0f,0.8629196266798734f,-0.5053411895844906f,0.7856994136738074f,-1.2246467991473532e-16f,-0.5053411895844906f,-0.8629196266798734f,-0.5710468032215604f,0f,0f,0f,1f], start_interpolation: 0, interpolation_duration: 1 }
$data merge entity $(bone_body2) { transformation: [-1f,4.113916849302935e-17f,1.153480240070055e-16f,9.877006997461262e-17f,0f,0.9418880944882663f,-0.335926803725548f,0.7017177127424203f,-1.2246467991473532e-16f,-0.335926803725548f,-0.9418880944882663f,-0.806518826843627f,0f,0f,0f,1f], start_interpolation: 0, interpolation_duration: 1 }
$data merge entity $(bone_tail2) { transformation: [-1f,-6.815911808299684e-17f,1.0174444677114653e-16f,3.010648707545399e-16f,0f,0.8308064565390199f,0.556561435758064f,0.4748015627736339f,-1.2246467991473532e-16f,0.556561435758064f,-0.8308064565390199f,-2.4583812325656096f,0f,0f,0f,1f], start_interpolation: 0, interpolation_duration: 1 }
$data merge entity $(bone_tail1) { transformation: [-1f,-2.7412275093407598e-17f,1.193572997383148e-16f,2.115468959508038e-16f,0f,0.974626315288751f,0.22383821288303768f,0.3069229031113556f,-1.2246467991473532e-16f,0.22383821288303768f,-0.974626315288751f,-1.7274114960990463f,0f,0f,0f,1f], start_interpolation: 0, interpolation_duration: 1 }
$data merge entity $(bone_body1) { transformation: [-1f,4.113916849302935e-17f,1.153480240070055e-16f,1.2246467991473532e-16f,0f,0.9418880944882663f,-0.335926803725548f,0.5f,-1.2246467991473532e-16f,-0.335926803725548f,-0.9418880944882663f,-1f,0f,0f,0f,1f], start_interpolation: 0, interpolation_duration: 1 }