# This file was generated by Animated Java via MC-Build. It is not recommended to edit this file directly.
$data merge entity $(bone_left_leg4) { transformation: [-0.8995460042953864f,-0.014042929426791046f,-0.024895427076458268f,0.5133867002330756f,-0.013837036586276233f,0.8998613845025769f,-0.0076174207981206665f,-0.7078133340390372f,0.02501044931054104f,-0.007230823896331062f,-0.8996233615302933f,-1.1182791460711963f,0f,0f,0f,1f], start_interpolation: 0, interpolation_duration: 1 }
$data merge entity $(bone_left_leg3) { transformation: [-0.9955654716042776f,-0.0660922680402598f,0.0669417945281365f,0.45963363704487226f,-0.09139136796622377f,0.848177863037425f,-0.5217680811572605f,-0.039069431688639744f,-0.022293712356067405f,-0.525572187961427f,-0.8504568570073517f,-1.459304733479307f,0f,0f,0f,1f], start_interpolation: 0, interpolation_duration: 1 }
$data merge entity $(bone_left_leg2) { transformation: [-0.9903382223815355f,0.07276836404462111f,-0.11804647595099986f,0.4960178190671828f,-0.09523937809023802f,0.26183084533185125f,0.9604030764703917f,0.09184599097728588f,0.10079516928486798f,0.962366548476763f,-0.2523706801943464f,-0.9781214592409254f,0f,0f,0f,1f], start_interpolation: 0, interpolation_duration: 1 }
$data merge entity $(bone_left_leg1) { transformation: [-0.9537169587565072f,-0.04574438314389032f,0.2972060127100792f,0.3125000000000001f,-0.1932899581114161f,0.8503861508330752f,-0.48936937640660905f,0.3188889075707997f,-0.2303539768997396f,-0.5241668111222717f,-0.819869623442888f,-0.9514714290432773f,0f,0f,0f,1f], start_interpolation: 0, interpolation_duration: 1 }
$data merge entity $(bone_right_leg4) { transformation: [-0.8977972006610213f,0.011763959489114111f,0.06182067406921516f,-0.512607960787118f,-0.0319780649540198f,0.6761917961267632f,-0.5930784587326198f,-0.5313034363246496f,-0.054199537332251885f,-0.5938234283926506f,-0.6741187922354408f,-0.23435556094096976f,0f,0f,0f,1f], start_interpolation: 0, interpolation_duration: 1 }
$data merge entity $(bone_right_leg3) { transformation: [-0.996722026137162f,0.0646243146969866f,-0.048671352590362725f,-0.4610977652274804f,0.056701326075474436f,0.12888340756183733f,-0.990037386605442f,-0.37276354399043155f,-0.057707557861282774f,-0.9895518001626772f,-0.13212521546053432f,-0.9682615850966942f,0f,0f,0f,1f], start_interpolation: 0, interpolation_duration: 1 }
$data merge entity $(bone_right_leg2) { transformation: [-0.9978432554879721f,0.014141027834819186f,-0.06410045872644218f,-0.4540272513100708f,-0.006459832750473793f,0.9506251638233578f,0.31027418272658625f,0.10254903792124737f,0.06532310493233877f,0.3100190788283683f,-0.9484835595435533f,-0.8132520456825101f,0f,0f,0f,1f], start_interpolation: 0, interpolation_duration: 1 }
$data merge entity $(bone_right_leg1) { transformation: [-0.9537169587565072f,-0.14463609784060408f,-0.26363679898997766f,-0.3124999999999999f,0.19328995811141614f,0.3767474924064327f,-0.9059251177987904f,0.3188889075707997f,0.23035397689973935f,-0.9149544940415935f,-0.33135376738399425f,-0.9514714290432774f,0f,0f,0f,1f], start_interpolation: 0, interpolation_duration: 1 }
$data merge entity $(bone_right_wing3) { transformation: [-1.0915818664708083f,0.028528763780020477f,0.41784052508804465f,-1.7697242322786695f,0.01144943762283027f,1.1680498649098041f,-0.04983963722651949f,0.9326826111195118f,-0.4186567868156325f,-0.04244041349862114f,-1.090816607928133f,0.15179593240035782f,0f,0f,0f,1f], start_interpolation: 0, interpolation_duration: 1 }
$data merge entity $(bone_right_wing2) { transformation: [-0.9128902981251262f,0.024400894892221914f,-0.4074750298085482f,-1.0651623977378812f,0.03706729284256452f,0.9990430080429401f,-0.023218179985458692f,0.8879204620098499f,0.40651853511290464f,-0.03629964750479445f,-0.9129211445687331f,-0.6065412613601773f,0f,0f,0f,1f], start_interpolation: 0, interpolation_duration: 1 }
$data merge entity $(bone_right_wing1) { transformation: [-0.9585600631815867f,0.21250764982867143f,0.4578364502185452f,-0.5625f,0.07971387502936748f,1.0340445413290063f,-0.3130634053775657f,0.9095782117898819f,-0.49841690833299984f,-0.24331768621103242f,-0.9305848699478163f,-0.07548786877627744f,0f,0f,0f,1f], start_interpolation: 0, interpolation_duration: 1 }
$data merge entity $(bone_left_wing3) { transformation: [-1.091581866471386f,-0.028528763778177684f,-0.4178405250866603f,1.7697242322777225f,-0.011449437620471922f,1.168049864909778f,-0.049839637227676564f,0.932682611119683f,0.4186567868141898f,-0.04244041350058238f,-1.0908166079286103f,0.15179593240122768f,0f,0f,0f,1f], start_interpolation: 0, interpolation_duration: 1 }
$data merge entity $(bone_left_wing2) { transformation: [-0.9128902981246384f,-0.024400894890645758f,0.4074750298097348f,1.0651623977378812f,-0.03706729284183799f,0.9990430080429178f,-0.023218179987584797f,0.8879204620098499f,-0.406518535114066f,-0.03629964750647191f,-0.9129211445681493f,-0.606541261360177f,0f,0f,0f,1f], start_interpolation: 0, interpolation_duration: 1 }
$data merge entity $(bone_left_wing1) { transformation: [-0.9585600631815867f,-0.21250764982867137f,-0.4578364502185449f,0.5625f,-0.07971387502936748f,1.0340445413290063f,-0.3130634053775657f,0.9095782117898819f,0.4984169083329996f,-0.24331768621103242f,-0.9305848699478164f,-0.07548786877627733f,0f,0f,0f,1f], start_interpolation: 0, interpolation_duration: 1 }
$data merge entity $(bone_beak_down) { transformation: [-1.1f,-1.0798176583764772e-16f,8.054211082900604e-17f,-1.770367799669705e-16f,0f,0.6576762449800433f,0.8817380318376601f,1.2632828668931113f,-1.3471114790620887e-16f,0.8817380318376601f,-0.6576762449800433f,1.445615013979789f,0f,0f,0f,1f], start_interpolation: 0, interpolation_duration: 1 }
$data merge entity $(bone_beak_up) { transformation: [-1.1f,-3.9455985186285546e-17f,1.2880341068150366e-16f,-1.8252966635147595e-16f,0f,1.0517596646737788f,0.3221825689966801f,1.3561429232173832f,-1.3471114790620887e-16f,0.3221825689966801f,-1.0517596646737788f,1.490467835122422f,0f,0f,0f,1f], start_interpolation: 0, interpolation_duration: 1 }
$data merge entity $(bone_head) { transformation: [-1.1f,-5.85907881013916e-17f,1.2130215546257332e-16f,-1.218785886201893e-16f,0f,0.9905072674589002f,0.47843009218808885f,1.5953579693114275f,-1.3471114790620887e-16f,0.47843009218808885f,-0.9905072674589002f,0.9952142013929721f,0f,0f,0f,1f], start_interpolation: 0, interpolation_duration: 1 }
$data merge entity $(bone_neck2) { transformation: [-1f,8.915393822485307e-17f,8.395935400905404e-17f,-6.940399236453052e-17f,0f,0.6855801531307624f,-0.7279971522150347f,1.1403597491770308f,-1.2246467991473532e-16f,-0.7279971522150347f,-0.6855801531307624f,0.5667266056862457f,0f,0f,0f,1f], start_interpolation: 0, interpolation_duration: 1 }
$data merge entity $(bone_neck1) { transformation: [-1f,5.4464070229717795e-17f,1.096871135577509e-16f,-7.704990988295637e-18f,0f,0.8956632527363755f,-0.4447328835353818f,0.8901975021883785f,-1.2246467991473532e-16f,-0.4447328835353818f,-0.8956632527363755f,0.0629160260220345f,0f,0f,0f,1f], start_interpolation: 0, interpolation_duration: 1 }
$data merge entity $(bone_body3) { transformation: [-1f,3.904858841501074e-17f,1.1607241519591838e-16f,6.728080528509153e-17f,0f,0.9478031974340072f,-0.31885592190497614f,0.7501502508373938f,-1.2246467991473532e-16f,-0.31885592190497614f,-0.9478031974340072f,-0.549389467493281f,0f,0f,0f,1f], start_interpolation: 0, interpolation_duration: 1 }
$data merge entity $(bone_body2) { transformation: [-1f,3.169619151431765e-17f,1.1829179713786698e-16f,9.685375456955828e-17f,0f,0.9659258262890683f,-0.25881904510252074f,0.6854454895617637f,-1.2246467991473532e-16f,-0.25881904510252074f,-0.9659258262890683f,-0.790870924065548f,0f,0f,0f,1f], start_interpolation: 0, interpolation_duration: 1 }
$data merge entity $(bone_tail2) { transformation: [-1f,-9.058497849659777e-17f,8.241334538404259e-17f,2.9619460930931317e-16f,0f,0.6729560346821792f,0.7396824828159969f,0.6869224003888876f,-1.2246467991473532e-16f,0.7396824828159969f,-0.6729560346821792f,-2.418612529878291f,0f,0f,0f,1f], start_interpolation: 0, interpolation_duration: 1 }
$data merge entity $(bone_tail1) { transformation: [-1f,-5.236039766285424e-17f,1.1070675942871033e-16f,2.1316453973778043e-16f,0f,0.9039892931234433f,0.42755509343028203f,0.3662560803161762f,-1.2246467991473532e-16f,0.42755509343028203f,-0.9039892931234433f,-1.7406205600357088f,0f,0f,0f,1f], start_interpolation: 0, interpolation_duration: 1 }
$data merge entity $(bone_body1) { transformation: [-1f,3.169619151431765e-17f,1.1829179713786698e-16f,1.2246467991473532e-16f,0f,0.9659258262890683f,-0.25881904510252074f,0.5f,-1.2246467991473532e-16f,-0.25881904510252074f,-0.9659258262890683f,-1f,0f,0f,0f,1f], start_interpolation: 0, interpolation_duration: 1 }