# This file was generated by Animated Java via MC-Build. It is not recommended to edit this file directly.
$data merge entity $(bone_left_leg4) { transformation: [-0.8994306398543159f,-0.02153556057615458f,-0.02368002791229127f,0.5311704143855736f,-0.021452965267864055f,0.899737793813353f,-0.0034165282226659155f,-0.7033367960010595f,0.02375488102415886f,-0.002849914832275535f,-0.8996819346930207f,-1.2331914489277036f,0f,0f,0f,1f], start_interpolation: 0, interpolation_duration: 1 }
$data merge entity $(bone_left_leg3) { transformation: [-0.9938218868074218f,-0.08469660653392415f,0.0717254637083231f,0.4631651180033603f,-0.10772003779533551f,0.8917250783822045f,-0.43957112967257395f,-0.007069791609870257f,-0.026729211733753786f,-0.4445816791388154f,-0.8953394215682695f,-1.5106689944337983f,0f,0f,0f,1f], start_interpolation: 0, interpolation_duration: 1 }
$data merge entity $(bone_left_leg2) { transformation: [-0.9882823437516387f,0.07000498270532396f,-0.13563668908225146f,0.4981676093560223f,-0.1187386421437612f,0.20578208602265619f,0.9713675246445188f,0.09582125140145784f,0.09591216758380505f,0.9760906901864146f,-0.19505850568684405f,-1.0226236493405911f,0f,0f,0f,1f], start_interpolation: 0, interpolation_duration: 1 }
$data merge entity $(bone_left_leg1) { transformation: [-0.9537169587565072f,-0.05969492620611708f,0.2947210178549963f,0.3125000000000001f,-0.17406952224936503f,0.9087874876763253f,-0.3792164338037459f,0.31556329639780056f,-0.24520147634978998f,-0.4129670907326626f,-0.8771171061880416f,-0.9662457059864313f,0f,0f,0f,1f], start_interpolation: 0, interpolation_duration: 1 }
$data merge entity $(bone_right_leg4) { transformation: [-0.899128796933676f,0.007512407400412459f,0.03887120090311858f,-0.5117812052746797f,-0.01229433304768135f,0.7869805719280534f,-0.4364750036172827f,-0.6283913470407134f,-0.037633175517262224f,-0.43658348931543955f,-0.7861161497880846f,-0.42128712079273356f,0f,0f,0f,1f], start_interpolation: 0, interpolation_duration: 1 }
$data merge entity $(bone_right_leg3) { transformation: [-0.9961405607179732f,0.050121329871107144f,-0.0720543932347889f,-0.4696868082941751f,0.08321957073378158f,0.27837046324644593f,-0.9568617393536248f,-0.3598096408962774f,-0.0279013680554746f,-0.959165125243777f,-0.2814671849021161f,-1.123069265669184f,0f,0f,0f,1f], start_interpolation: 0, interpolation_duration: 1 }
$data merge entity $(bone_right_leg2) { transformation: [-0.9997805176848297f,0.008240262576712676f,-0.01926173747408781f,-0.4655666770058187f,-0.00196659690199244f,0.8784274691680359f,0.4778716500355133f,0.07940409368774057f,0.02085782717540166f,0.4778046457326526f,-0.8782184645985388f,-0.8841669428028578f,0f,0f,0f,1f], start_interpolation: 0, interpolation_duration: 1 }
$data merge entity $(bone_right_leg1) { transformation: [-0.9537169587565072f,-0.10224517090939732f,-0.2827894757694262f,-0.3124999999999999f,0.17406952224936506f,0.5791204260562148f,-0.7964416698970151f,0.31556329639780056f,0.24520147634978978f,-0.8088049561854678f,-0.5345192034396022f,-0.9662457059864313f,0f,0f,0f,1f], start_interpolation: 0, interpolation_duration: 1 }
$data merge entity $(bone_right_wing3) { transformation: [-1.065802329091981f,0.03072957248159076f,0.47966306367466927f,-1.8674997615971867f,0.10481561564088074f,1.1535551787045613f,0.15899591937616983f,0.775023809291513f,-0.4690785094165945f,0.18794070616965608f,-1.0543240530996716f,0.09187842872486596f,0f,0f,0f,1f], start_interpolation: 0, interpolation_duration: 1 }
$data merge entity $(bone_right_wing2) { transformation: [-0.9602485073406309f,0.02628326533837888f,-0.27790644849165147f,-1.0651623977378812f,-0.01978495443759258f,0.986645579352477f,0.16167577531008664f,0.8595621277095662f,0.27844453617909787f,0.1607472883359704f,-0.9469049316402569f,-0.558194148299691f,0f,0f,0f,1f], start_interpolation: 0, interpolation_duration: 1 }
$data merge entity $(bone_right_wing1) { transformation: [-0.9585600631815867f,0.21250764982867143f,0.4578364502185452f,-0.5625f,0.18075149482522845f,1.061993684727002f,-0.1144963834779132f,0.771276690642305f,-0.47127763951079726f,-0.02492034260139077f,-0.9751345928295598f,-0.03408304795717121f,0f,0f,0f,1f], start_interpolation: 0, interpolation_duration: 1 }
$data merge entity $(bone_left_wing3) { transformation: [-1.065802329092844f,-0.03072957247929669f,-0.47966306367289846f,1.8674997615961244f,-0.10481561563752667f,1.15355517870503f,0.15899591937497978f,0.7750238092911282f,0.469078509415383f,0.18794070616715386f,-1.0543240531006566f,0.09187842872612706f,0f,0f,0f,1f], start_interpolation: 0, interpolation_duration: 1 }
$data merge entity $(bone_left_wing2) { transformation: [-0.9602485073402122f,-0.026283265336416742f,0.27790644849328344f,1.0651623977378812f,0.019784954439118888f,0.9866455793528779f,0.16167577530745297f,0.8595621277095662f,-0.27844453618043313f,0.16074728833383023f,-0.9469049316402276f,-0.5581941482996907f,0f,0f,0f,1f], start_interpolation: 0, interpolation_duration: 1 }
$data merge entity $(bone_left_wing1) { transformation: [-0.9585600631815867f,-0.21250764982867137f,-0.4578364502185449f,0.5625f,-0.18075149482522845f,1.061993684727002f,-0.1144963834779132f,0.771276690642305f,0.47127763951079704f,-0.02492034260139083f,-0.9751345928295599f,-0.0340830479571711f,0f,0f,0f,1f], start_interpolation: 0, interpolation_duration: 1 }
$data merge entity $(bone_beak_down) { transformation: [-1.1f,-1.2087709067758817e-16f,5.946278096028315e-17f,-1.8677151122470638e-16f,0f,0.48555045423450627f,0.9870363500867965f,0.6342182014058958f,-1.3471114790620887e-16f,0.9870363500867965f,-0.48555045423450627f,1.5251051270843474f,0f,0f,0f,1f], start_interpolation: 0, interpolation_duration: 1 }
$data merge entity $(bone_beak_up) { transformation: [-1.1f,-8.430543885937638e-17f,1.0506991172041801e-16f,-1.9566928037057738e-16f,0f,0.857960938562627f,0.6884061503943268f,0.7074022196305305f,-1.3471114790620887e-16f,0.6884061503943268f,-0.857960938562627f,1.5977609258996954f,0f,0f,0f,1f], start_interpolation: 0, interpolation_duration: 1 }
$data merge entity $(bone_head) { transformation: [-1.1f,-9.490953755595746e-17f,9.559954524537649e-17f,-1.4786950774788915e-16f,0f,0.7806295277294368f,0.7749951873637131f,1.094899813312387f,-1.3471114790620887e-16f,0.7749951873637131f,-0.7806295277294368f,1.207446162034977f,0f,0f,0f,1f], start_interpolation: 0, interpolation_duration: 1 }
$data merge entity $(bone_neck2) { transformation: [-1f,5.691324079523406e-17f,1.0843652912557784e-16f,-8.009667704440301e-17f,0f,0.8854514558897761f,-0.4647318788965052f,0.8044423890020713f,-1.2246467991473532e-16f,-0.4647318788965052f,-0.8854514558897761f,0.6540390021038668f,0f,0f,0f,1f], start_interpolation: 0, interpolation_duration: 1 }
$data merge entity $(bone_neck1) { transformation: [-1f,1.7561416510038207e-17f,1.211989871111947e-16f,-1.1922246794355989e-17f,0f,0.9896648339388805f,-0.14339984820329543f,0.7237799743877177f,-1.2246467991473532e-16f,-0.14339984820329543f,-0.9896648339388805f,0.09735253301324653f,0f,0f,0f,1f], start_interpolation: 0, interpolation_duration: 1 }
$data merge entity $(bone_body3) { transformation: [-1f,1.4281203349476484e-17f,1.2162912914885761e-16f,6.49885341330223e-17f,0f,0.9931772102253525f,-0.11661487507597795f,0.712969253104316f,-1.2246467991473532e-16f,-0.11661487507597795f,-0.9931772102253525f,-0.5306716530698474f,0f,0f,0f,1f], start_interpolation: 0, interpolation_duration: 1 }
$data merge entity $(bone_body2) { transformation: [-1f,2.2046446997970945e-17f,1.2046390331291875e-16f,9.5104509961252e-17f,0f,0.9836624192117303f,-0.18002290140569951f,0.6679635277528911f,-1.2246467991473532e-16f,-0.18002290140569951f,-0.9836624192117303f,-0.7765872578727799f,0f,0f,0f,1f], start_interpolation: 0, interpolation_duration: 1 }
$data merge entity $(bone_tail2) { transformation: [-1f,-1.0701714652562576e-16f,5.953929942593648e-17f,2.875185465395896e-16f,0f,0.48617527492326806f,0.8738613174029872f,0.8780985903004175f,-1.2246467991473532e-16f,0.8738613174029872f,-0.48617527492326806f,-2.3477671010104397f,0f,0f,0f,1f], start_interpolation: 0, interpolation_duration: 1 }
$data merge entity $(bone_tail1) { transformation: [-1f,-7.37460855050321e-17f,9.777071493705604e-17f,2.1419051033679755e-16f,0f,0.7983584736850479f,0.6021824868719453f,0.4264617251464585f,-1.2246467991473532e-16f,0.6021824868719453f,-0.7983584736850479f,-1.748998245746654f,0f,0f,0f,1f], start_interpolation: 0, interpolation_duration: 1 }
$data merge entity $(bone_body1) { transformation: [-1f,2.2046446997970945e-17f,1.2046390331291875e-16f,1.2246467991473532e-16f,0f,0.9836624192117303f,-0.18002290140569951f,0.5f,-1.2246467991473532e-16f,-0.18002290140569951f,-0.9836624192117303f,-1f,0f,0f,0f,1f], start_interpolation: 0, interpolation_duration: 1 }