# This file was generated by Animated Java via MC-Build. It is not recommended to edit this file directly.
$data merge entity $(bone_left_leg4) { transformation: [-0.8991691658803105f,-0.0338728858224646f,-0.01863970858583751f,0.5625641121067779f,-0.03396389481818779f,0.8993497391859717f,0.004062077658458174f,-0.6689426084913244f,0.018473358624942815f,0.004761746757497687f,-0.8997977888330974f,-1.4264559893232298f,0f,0f,0f,1f], start_interpolation: 0, interpolation_duration: 1 }
$data merge entity $(bone_left_leg3) { transformation: [-0.9899930715509204f,-0.11606604454937643f,0.08026451011397534f,0.47049804681262214f,-0.13466105054558067f,0.9470681706895249f,-0.29142457263030697f,0.05957255531521348f,-0.042191465335241304f,-0.2993168110371662f,-0.9532205027607232f,-1.5913673161785593f,0f,0f,0f,1f], start_interpolation: 0, interpolation_duration: 1 }
$data merge entity $(bone_left_leg2) { transformation: [-0.9843302424315699f,0.0619524854138066f,-0.16509349892003408f,0.5014742895195254f,-0.15777346710634457f,0.10869500835762477f,0.9814748739704849f,0.11392005949402587f,0.07874964705857673f,0.9921427743571931f,-0.09721732550817076f,-1.0952959289999629f,0f,0f,0f,1f], start_interpolation: 0, interpolation_duration: 1 }
$data merge entity $(bone_left_leg1) { transformation: [-0.9537169587565072f,-0.08303846469846517f,0.28901310690133175f,0.3125000000000001f,-0.1389414043284623f,0.9740566568268045f,-0.17863066773268121f,0.31268125730787166f,-0.2666819242908555f,-0.2105189841128599f,-0.940511833303875f,-0.9917575103130044f,0f,0f,0f,1f], start_interpolation: 0, interpolation_duration: 1 }
$data merge entity $(bone_right_leg4) { transformation: [-0.8999474171797548f,0.007555895042161448f,0.006128193991710058f,-0.5107145036388064f,0.006630043982820424f,0.8912233168450112f,-0.12520799506646274f,-0.7137573265185251f,-0.007119608716359076f,-0.12515553508290916f,-0.8912269089350013f,-0.7614876083492105f,0f,0f,0f,1f], start_interpolation: 0, interpolation_duration: 1 }
$data merge entity $(bone_right_leg3) { transformation: [-0.9936809930370353f,0.031658166002566795f,-0.10768400346516255f,-0.4802406289203087f,0.10842506161754183f,0.5187858450066086f,-0.8480007388169023f,-0.27166789658751217f,0.029018788571604143f,-0.8543178609546529f,-0.518940172239251f,-1.369792243300247f,0f,0f,0f,1f], start_interpolation: 0, interpolation_duration: 1 }
$data merge entity $(bone_right_leg2) { transformation: [-0.9978793855690217f,-0.005819382349678215f,0.06482951986140145f,-0.48315032009514786f,0.042693548138662496f,0.693295407012037f,0.7193877532758992f,0.07497980691850631f,-0.049132400752693706f,0.7206300114518424f,-0.691576744686513f,-1.0094772375743257f,0f,0f,0f,1f], start_interpolation: 0, interpolation_duration: 1 }
$data merge entity $(bone_right_leg1) { transformation: [-0.9537169587565072f,-0.025314603082595637f,-0.29963833775237997f,-0.3124999999999999f,0.13894140432846228f,0.8466082295144257f,-0.5137604421144978f,0.31268125730787166f,0.26668192429085524f,-0.5316142178207991f,-0.8039073794084157f,-0.9917575103130045f,0f,0f,0f,1f], start_interpolation: 0, interpolation_duration: 1 }
$data merge entity $(bone_right_wing3) { transformation: [-1.01213397339199f,0.07211538405480487f,0.5808095705693328f,-1.9965488260154782f,0.32345955241317126f,1.0358866893931338f,0.4350497105703741f,0.6377044052021197f,-0.48776459879226125f,0.5373022465031421f,-0.91670472784003f,-0.05483496625679385f,0f,0f,0f,1f], start_interpolation: 0, interpolation_duration: 1 }
$data merge entity $(bone_right_wing2) { transformation: [-0.997012129269161f,0.061680902825024086f,-0.046500325986639f,-1.0651623977378812f,0.033242983818080316f,0.8860027172237831f,0.46248685289307845f,0.793904970238325f,0.06972602180710313f,0.459559192377612f,-0.8854059128920433f,-0.4809887329040816f,0f,0f,0f,1f], start_interpolation: 0, interpolation_duration: 1 }
$data merge entity $(bone_right_wing1) { transformation: [-0.9585600631815867f,0.21250764982867137f,0.4578364502185452f,-0.5625f,0.332884298900435f,1.0048083775206331f,0.23056296129480436f,0.5294446356373248f,-0.37942293015840434f,0.34469078075828835f,-0.9543781309530113f,-0.019959997006706975f,0f,0f,0f,1f], start_interpolation: 0, interpolation_duration: 1 }
$data merge entity $(bone_left_wing3) { transformation: [-1.012133973393517f,-0.07211538405183732f,-0.5808095705670404f,1.9965488260145663f,-0.3234595524083935f,1.0358866893949141f,0.4350497105696873f,0.6377044052002301f,0.4877645987922612f,0.537302246500108f,-0.9167047278418083f,-0.05483496625549322f,0f,0f,0f,1f], start_interpolation: 0, interpolation_duration: 1 }
$data merge entity $(bone_left_wing2) { transformation: [-0.9970121292692082f,-0.06168090282248591f,0.04650032598899445f,1.0651623977378812f,-0.03324298381495035f,0.8860027172253058f,0.46248685289038627f,0.793904970238325f,-0.06972602180792087f,0.45955919237501697f,-0.8854059128933257f,-0.48098873290408134f,0f,0f,0f,1f], start_interpolation: 0, interpolation_duration: 1 }
$data merge entity $(bone_left_wing1) { transformation: [-0.9585600631815867f,-0.21250764982867143f,-0.4578364502185449f,0.5625f,-0.332884298900435f,1.0048083775206331f,0.23056296129480436f,0.5294446356373248f,0.3794229301584041f,0.3446907807582883f,-0.9543781309530115f,-0.019959997006706864f,0f,0f,0f,1f], start_interpolation: 0, interpolation_duration: 1 }
$data merge entity $(bone_beak_down) { transformation: [-1.1f,-1.3337591194711644e-16f,1.8919817189485005e-17f,-1.5295259904859502e-16f,0f,0.15449203152008995f,1.089096970979534f,-0.3884227614018664f,-1.3471114790620887e-16f,1.089096970979534f,-0.15449203152008995f,1.248952752377964f,0f,0f,0f,1f], start_interpolation: 0, interpolation_duration: 1 }
$data merge entity $(bone_beak_up) { transformation: [-1.1f,-1.3061664008603014e-16f,3.296038080552093e-17f,-1.6527313612000504e-16f,0f,0.26914193405371445f,1.0665658063775652f,-0.36576363894460906f,-1.3471114790620887e-16f,1.0665658063775652f,-0.26914193405371445f,1.3495575723145208f,0f,0f,0f,1f], start_interpolation: 0, interpolation_duration: 1 }
$data merge entity $(bone_head) { transformation: [-1.1f,-1.3141906209504017e-16f,2.9599383241352586e-17f,-1.5047344449932875e-16f,0f,0.2416973062107445f,1.0731180793232726f,0.17079540071702728f,-1.3471114790620887e-16f,1.0731180793232726f,-0.2416973062107445f,1.2287089192091485f,0f,0f,0f,1f], start_interpolation: 0, interpolation_duration: 1 }
$data merge entity $(bone_neck2) { transformation: [-1f,-1.0106757794479789e-17f,1.220469224253619e-16f,-7.419411798347758e-17f,0f,0.9965887512247262f,0.08252794031321109f,0.22237536341278422f,-1.2246467991473532e-16f,0.08252794031321109f,-0.9965887512247262f,0.6058409496936945f,0f,0f,0f,1f], start_interpolation: 0, interpolation_duration: 1 }
$data merge entity $(bone_neck1) { transformation: [-1f,-4.723617367800088e-17f,1.1298823709962164e-16f,-1.0638234614940398e-17f,0f,0.922618972084755f,0.3857126292322695f,0.4393387173559358f,-1.2246467991473532e-16f,0.3857126292322695f,-0.922618972084755f,0.08686777789601985f,0f,0f,0f,1f], start_interpolation: 0, interpolation_duration: 1 }
$data merge entity $(bone_body3) { transformation: [-1f,-2.8758257990532425e-17f,1.190401630709928e-16f,6.196447618002183e-17f,0f,0.9720366978778958f,0.23482899731216414f,0.6468591342934069f,-1.2246467991473532e-16f,0.23482899731216414f,-0.9720366978778958f,-0.5059783459456548f,0f,0f,0f,1f], start_interpolation: 0, interpolation_duration: 1 }
$data merge entity $(bone_body2) { transformation: [-1f,5.383540593164875e-18f,1.223462926177182e-16f,9.255104933445138e-17f,0f,0.9990332943580177f,-0.04395994499730948f,0.6358691480440796f,-1.2246467991473532e-16f,-0.04395994499730948f,-0.9990332943580177f,-0.7557366695351593f,0f,0f,0f,1f], start_interpolation: 0, interpolation_duration: 1 }
$data merge entity $(bone_tail2) { transformation: [-1f,-1.2041993104885736e-16f,2.2285377107130704e-17f,2.695950862021884e-16f,0f,0.1819739138063859f,0.9833033584270858f,1.1299277806307755f,-1.2246467991473532e-16f,0.9833033584270858f,-0.1819739138063859f,-2.2014109406066384f,0f,0f,0f,1f], start_interpolation: 0, interpolation_duration: 1 }
$data merge entity $(bone_tail1) { transformation: [-1f,-9.804655490748507e-17f,7.337895404945548e-17f,2.1456087066509678e-16f,0f,0.5991846310343909f,0.8006108779751753f,0.529469622149394f,-1.2246467991473532e-16f,0.8006108779751753f,-0.5991846310343909f,-1.752022467330845f,0f,0f,0f,1f], start_interpolation: 0, interpolation_duration: 1 }
$data merge entity $(bone_body1) { transformation: [-1f,5.383540593164875e-18f,1.223462926177182e-16f,1.2246467991473532e-16f,0f,0.9990332943580177f,-0.04395994499730948f,0.5f,-1.2246467991473532e-16f,-0.04395994499730948f,-0.9990332943580177f,-1f,0f,0f,0f,1f], start_interpolation: 0, interpolation_duration: 1 }