# This file was generated by Animated Java via MC-Build. It is not recommended to edit this file directly.
$data merge entity $(bone_left_leg4) { transformation: [-0.8990025424722238f,-0.03948781326642308f,-0.015334315501964069f,0.5784232816490598f,-0.0396424231721092f,0.8990828796773492f,0.008857412496277861f,-0.6403880263664289f,0.014930067431900201f,0.00952302864229182f,-0.8998257636964822f,-1.5194273471592512f,0f,0f,0f,1f], start_interpolation: 0, interpolation_duration: 1 }
$data merge entity $(bone_left_leg3) { transformation: [-0.9877443014479157f,-0.13150215942543536f,0.08407364048033533f,0.4745420595499623f,-0.1467956723024912f,0.9657089944056761f,-0.21414286987251785f,0.09727764880486058f,-0.053030420990492856f,-0.2238600459895106f,-0.9731775039832896f,-1.6264987876524286f,0f,0f,0f,1f], start_interpolation: 0, interpolation_duration: 1 }
$data merge entity $(bone_left_leg2) { transformation: [-0.9821737445541642f,0.05679838565236156f,-0.17918894747092326f,0.5029412523761431f,-0.17576356214730296f,0.06048982555891128f,0.9825722117102358f,0.1275225615843162f,0.06664762358661286f,0.9965515161752244f,-0.04942843189014867f,-1.1282230295648163f,0f,0f,0f,1f], start_interpolation: 0, interpolation_duration: 1 }
$data merge entity $(bone_left_leg1) { transformation: [-0.9537169587565072f,-0.09435705878765376f,0.2855183147141039f,0.3125000000000001f,-0.12127638150484932f,0.9895431896509806f,-0.07807890306897225f,0.31254215628120124f,-0.2751654081990123f,-0.10909180203987362f,-0.9551874040513537f,-1.0039757802125404f,0f,0f,0f,1f], start_interpolation: 0, interpolation_duration: 1 }
$data merge entity $(bone_right_leg4) { transformation: [-0.8999189784248617f,0.010130033357632295f,-0.006573788475974937f,-0.5101796758385528f,0.009883379199462639f,0.8993448492853175f,0.03288101092681195f,-0.7189134790824943f,0.006939098381867119f,0.03280586057616469f,-0.8993751299794231f,-0.9253391248877012f,0f,0f,0f,1f], start_interpolation: 0, interpolation_duration: 1 }
$data merge entity $(bone_right_leg3) { transformation: [-0.9920638574371723f,0.025480540348883113f,-0.1231261338238432f,-0.4833738872129003f,0.11211405875347433f,0.6225598554527731f,-0.7744996218258889f,-0.20358736112879644f,0.05691871921170122f,-0.782157253013837f,-0.6204758584837514f,-1.4731773234928445f,0f,0f,0f,1f], start_interpolation: 0, interpolation_duration: 1 }
$data merge entity $(bone_right_leg2) { transformation: [-0.9940760014287192f,-0.013934988031312656f,0.10779016417120953f,-0.49034138122855664f,0.07944158950816131f,0.5836736644332108f,0.808092870469431f,0.08824947108780895f,-0.07417504458984797f,0.8118687514344143f,-0.5791089648800295f,-1.0672429477756373f,0f,0f,0f,1f], start_interpolation: 0, interpolation_duration: 1 }
$data merge entity $(bone_right_leg1) { transformation: [-0.9537169587565072f,0.012218630018171753f,-0.3004574306964594f,-0.3124999999999999f,0.12127638150484929f,0.9299386660782545f,-0.3471399092897372f,0.31254215628120124f,0.27516540819901203f,-0.36751160854192866f,-0.8883801076777863f,-1.0039757802125404f,0f,0f,0f,1f], start_interpolation: 0, interpolation_duration: 1 }
$data merge entity $(bone_right_wing3) { transformation: [-0.981433228438657f,0.11183539553373036f,0.6254895909596347f,-2.038989294916385f,0.4427311981547012f,0.9459088721273076f,0.5255483401057508f,0.6325152159122016f,-0.4557778738305972f,0.6780153507946712f,-0.8363714962800929f,-0.11656032897248886f,0f,0f,0f,1f], start_interpolation: 0, interpolation_duration: 1 }
$data merge entity $(bone_right_wing2) { transformation: [-0.993156255258243f,0.09565376728870864f,0.06701499417966988f,-1.0651623977378812f,0.1167898805657887f,0.809043922981441f,0.5760278244010691f,0.7552111646608686f,0.0008811576773825602f,0.5799123101730792f,-0.8146784249450025f,-0.4483632925176514f,0f,0f,0f,1f], start_interpolation: 0, interpolation_duration: 1 }
$data merge entity $(bone_right_wing1) { transformation: [-0.9585600631815867f,0.21250764982867135f,0.4578364502185452f,-0.5625f,0.3913543284057535f,0.9334828731627722f,0.38608629380096926f,0.4177548499877628f,-0.3187718714417964f,0.5070121649301735f,-0.9027370988839577f,-0.03774181282175182f,0f,0f,0f,1f], start_interpolation: 0, interpolation_duration: 1 }
$data merge entity $(bone_left_wing3) { transformation: [-0.9814332284406029f,-0.1118353955304703f,-0.6254895909571644f,2.038989294915734f,-0.442731198149496f,0.9459088721298797f,0.5255483401055067f,0.6325152159095148f,0.4557778738314633f,0.6780153507916208f,-0.8363714962820938f,-0.1165603289715717f,0f,0f,0f,1f], start_interpolation: 0, interpolation_duration: 1 }
$data merge entity $(bone_left_wing2) { transformation: [-0.9931562552586906f,-0.09565376728592029f,-0.06701499417701756f,1.0651623977378812f,-0.11678988056198186f,0.809043922983641f,0.5760278243987513f,0.7552111646608686f,-0.000881157677553035f,0.5799123101704702f,-0.8146784249468595f,-0.4483632925176511f,0f,0f,0f,1f], start_interpolation: 0, interpolation_duration: 1 }
$data merge entity $(bone_left_wing1) { transformation: [-0.9585600631815867f,-0.21250764982867149f,-0.4578364502185449f,0.5625f,-0.3913543284057535f,0.9334828731627722f,0.38608629380096926f,0.4177548499877628f,0.3187718714417962f,0.5070121649301735f,-0.9027370988839578f,-0.03774181282175171f,0f,0f,0f,1f], start_interpolation: 0, interpolation_duration: 1 }
$data merge entity $(bone_beak_down) { transformation: [-1.1f,-1.3470921571430903e-16f,-7.2150664879181265e-19f,-1.171161727731776e-16f,0f,-0.0058915488881705405f,1.0999842224558036f,-0.7931771129451999f,-1.3471114790620887e-16f,1.0999842224558036f,0.0058915488881705405f,0.9563261248444728f,0f,0f,0f,1f], start_interpolation: 0, interpolation_duration: 1 }
$data merge entity $(bone_beak_up) { transformation: [-1.1f,-1.3447707351865883e-16f,-7.937888136382499e-18f,-1.2973163911583798e-16f,0f,-0.06481777555707631f,1.0980886375752337f,-0.7979799051315865f,-1.3471114790620887e-16f,1.0980886375752337f,0.06481777555707631f,1.0593392250415565f,0f,0f,0f,1f], start_interpolation: 0, interpolation_duration: 1 }
$data merge entity $(bone_head) { transformation: [-1.1f,-1.34564974321711e-16f,-6.273839016563471e-18f,-1.3286855862411973e-16f,0f,-0.051229783321457f,1.0988064021022252f,-0.24857670408047383f,-1.3471114790620887e-16f,1.0988064021022252f,0.051229783321457f,1.084954116702285f,0f,0f,0f,1f], start_interpolation: 0, interpolation_duration: 1 }
$data merge entity $(bone_neck2) { transformation: [-1f,-4.2608871920592823e-17f,1.1481324775596716e-16f,-6.111027877664026e-17f,0f,0.9375213150102102f,0.3479278429524233f,-0.031121802235209273f,-1.2246467991473532e-16f,0.3479278429524233f,-0.9375213150102102f,0.49900329482090355f,0f,0f,0f,1f], start_interpolation: 0, interpolation_duration: 1 }
$data merge entity $(bone_neck1) { transformation: [-1f,-7.451467417792438e-17f,9.718621897561582e-17f,-6.4430306028563626e-18f,0f,0.7935857019614198f,0.6084584896625247f,0.31113609819996085f,-1.2246467991473532e-16f,0.6084584896625247f,-0.7935857019614198f,0.052611337467604935f,0f,0f,0f,1f], start_interpolation: 0, interpolation_duration: 1 }
$data merge entity $(bone_body3) { transformation: [-1f,-4.815677757353441e-17f,1.125989458225596e-16f,6.092151193789748e-17f,0f,0.9194401675728493f,0.39322993051599076f,0.6143698152457582f,-1.2246467991473532e-16f,0.39322993051599076f,-0.9194401675728493f,-0.4974618966081764f,0f,0f,0f,1f], start_interpolation: 0, interpolation_duration: 1 }
$data merge entity $(bone_body2) { transformation: [-1f,-2.5967608060805176e-18f,1.2243714575215555e-16f,9.153079837593637e-17f,0f,0.99977516650026f,0.021204161133548737f,0.6196708555291454f,-1.2246467991473532e-16f,0.021204161133548737f,-0.99977516650026f,-0.7474056882332414f,0f,0f,0f,1f], start_interpolation: 0, interpolation_duration: 1 }
$data merge entity $(bone_tail2) { transformation: [-1f,-1.2049681649031187e-16f,2.186584190738324e-17f,2.701775160489613e-16f,0f,0.17854814892430282f,0.9839311757006712f,1.1725663651026657f,-1.2246467991473532e-16f,0.9839311757006712f,-0.17854814892430282f,-2.206166841223685f,0f,0f,0f,1f], start_interpolation: 0, interpolation_duration: 1 }
$data merge entity $(bone_tail1) { transformation: [-1f,-9.70209765461931e-17f,7.472969916065247e-17f,2.1413024167847197e-16f,0f,0.6102143018924493f,0.792236395128317f,0.5783890687564278f,-1.2246467991473532e-16f,0.792236395128317f,-0.6102143018924493f,-1.7485061148043481f,0f,0f,0f,1f], start_interpolation: 0, interpolation_duration: 1 }
$data merge entity $(bone_body1) { transformation: [-1f,-2.5967608060805176e-18f,1.2243714575215555e-16f,1.2246467991473532e-16f,0f,0.99977516650026f,0.021204161133548737f,0.5f,-1.2246467991473532e-16f,0.021204161133548737f,-0.99977516650026f,-1f,0f,0f,0f,1f], start_interpolation: 0, interpolation_duration: 1 }