# This file was generated by Animated Java via MC-Build. It is not recommended to edit this file directly.
$data merge entity $(bone_left_leg4) { transformation: [-0.8989586055425504f,-0.04046702861120379f,-0.015357249635707865f,0.581261391891577f,-0.040658303750133164f,0.8990132036005919f,0.01105269595900002f,-0.6349755334503336f,0.014843444922097881f,0.011733684296937413f,-0.8998010851269653f,-1.53689856099823f,0f,0f,0f,1f], start_interpolation: 0, interpolation_duration: 1 }
$data merge entity $(bone_left_leg3) { transformation: [-0.9873423087282992f,-0.13454679543643833f,0.08397812353736656f,0.4751026625931628f,-0.14884713642726424f,0.9689003500024552f,-0.19767812661628176f,0.10405461196502541f,-0.05476947482380448f,-0.20767588112947674f,-0.9766632137152601f,-1.6316140209881338f,0f,0f,0f,1f], start_interpolation: 0, interpolation_duration: 1 }
$data merge entity $(bone_left_leg2) { transformation: [-0.9817499128336706f,0.05620841731296827f,-0.18168027541329668f,0.5032068712496469f,-0.1788495936052453f,0.05188904818726019f,0.9825071753149993f,0.1299991360586555f,0.0646523898886866f,0.9970697771477138f,-0.04088921594124641f,-1.1330791324142768f,0f,0f,0f,1f], start_interpolation: 0, interpolation_duration: 1 }
$data merge entity $(bone_left_leg1) { transformation: [-0.9537169587565072f,-0.09648612616911918f,0.2848058813246588f,0.3125000000000001f,-0.11876874180980469f,0.9909849001886745f,-0.06199123782405789f,0.31258606920981724f,-0.27625703348359243f,-0.09294813099207411f,-0.9565786409887718f,-1.005680540975345f,0f,0f,0f,1f], start_interpolation: 0, interpolation_duration: 1 }
$data merge entity $(bone_right_leg4) { transformation: [-0.8999004912363331f,0.010568946219643383f,-0.008209948137028633f,-0.5103212735256946f,0.01004981617831456f,0.8982734057779038f,0.05480775188736886f,-0.7183290217094288f,0.008837820284917544f,0.05471001597487957f,-0.8982921056564173f,-0.9472132615410559f,0f,0f,0f,1f], start_interpolation: 0, interpolation_duration: 1 }
$data merge entity $(bone_right_leg3) { transformation: [-0.9917942965130842f,0.024882180188568942f,-0.12539916472281612f,-0.48382219058909187f,0.1124903815559004f,0.635915148860688f,-0.7635167565331469f,-0.19367286278059115f,0.06074526698866603f,-0.771357764308205f,-0.6334960236496541f,-1.4861380832941062f,0f,0f,0f,1f], start_interpolation: 0, interpolation_duration: 1 }
$data merge entity $(bone_right_leg2) { transformation: [-0.993375614912143f,-0.01490471826342199f,0.11394181441161053f,-0.49127454972080287f,0.08527209701732295f,0.5690584974521837f,0.8178637392302772f,0.09085638594550072f,-0.0770295863171428f,0.8221619523250578f,-0.5640178782457687f,-1.0750571071315773f,0f,0f,0f,1f], start_interpolation: 0, interpolation_duration: 1 }
$data merge entity $(bone_right_leg1) { transformation: [-0.9537169587565072f,0.017454167508915513f,-0.30019879183102893f,-0.3124999999999999f,0.11876874180980469f,0.9390109611793793f,-0.32272651077017855f,0.31258606920981724f,0.2762570334835923f,-0.34344397916042857f,-0.8976236876493937f,-1.0056805409753453f,0f,0f,0f,1f], start_interpolation: 0, interpolation_duration: 1 }
$data merge entity $(bone_right_wing3) { transformation: [-0.9753012005977402f,0.12083985113559109f,0.6333568223890046f,-2.0452545124430292f,0.4630070585925992f,0.9305270752181055f,0.53544317341435f,0.638753713393409f,-0.44874001134576613f,0.697475919756466f,-0.8240845281606953f,-0.12639703995786977f,0f,0f,0f,1f], start_interpolation: 0, interpolation_duration: 1 }
$data merge entity $(bone_right_wing2) { transformation: [-0.9907331507264491f,0.10335535493536849f,0.08812204410831126f,-1.0651623977378812f,0.13551441656895713f,0.7958877409425335f,0.5900835082590987f,0.7493129603313806f,-0.009146964174975514f,0.596557100723455f,-0.8025185098318961f,-0.443701984347804f,0f,0f,0f,1f], start_interpolation: 0, interpolation_duration: 1 }
$data merge entity $(bone_right_wing1) { transformation: [-0.9585600631815867f,0.21250764982867135f,0.4578364502185452f,-0.5625f,0.3995026347451564f,0.9199978331706857f,0.40940535280334583f,0.40130428378849003f,-0.30849855950409505f,0.5310890667643692f,-0.8924035819394498f,-0.04198476421494751f,0f,0f,0f,1f], start_interpolation: 0, interpolation_duration: 1 }
$data merge entity $(bone_left_wing3) { transformation: [-0.9753012005997727f,-0.12083985113227863f,-0.6333568223865068f,2.0452545124424426f,-0.46300705858733365f,0.9305270752208188f,0.535443173414188f,0.6387537133905841f,0.4487400113467816f,0.6974759197534202f,-0.8240845281627202f,-0.1263970399570412f,0f,0f,0f,1f], start_interpolation: 0, interpolation_duration: 1 }
$data merge entity $(bone_left_wing2) { transformation: [-0.990733150726985f,-0.10335535493253531f,-0.08812204410560959f,1.0651623977378812f,-0.1355144165650424f,0.7958877409448541f,0.5900835082568677f,0.7493129603313806f,0.009146964174932104f,0.59655710072085f,-0.8025185098338331f,-0.4437019843478038f,0f,0f,0f,1f], start_interpolation: 0, interpolation_duration: 1 }
$data merge entity $(bone_left_wing1) { transformation: [-0.9585600631815867f,-0.21250764982867149f,-0.4578364502185449f,0.5625f,-0.3995026347451564f,0.9199978331706857f,0.40940535280334583f,0.40130428378849003f,0.3084985595040948f,0.5310890667643692f,-0.89240358193945f,-0.0419847642149474f,0f,0f,0f,1f], start_interpolation: 0, interpolation_duration: 1 }
$data merge entity $(bone_beak_down) { transformation: [-1.1f,-1.3464275630432935e-16f,-4.292032733038232e-18f,-1.0983918456653683e-16f,0f,-0.035047106937498254f,1.0994415401899784f,-0.8535491212012525f,-1.3471114790620887e-16f,1.0994415401899784f,0.035047106937498254f,0.8969050067579577f,0f,0f,0f,1f], start_interpolation: 0, interpolation_duration: 1 }
$data merge entity $(bone_beak_up) { transformation: [-1.1f,-1.3387981743209434e-16f,-1.494281949825987e-17f,-1.2241321698161119e-16f,0f,-0.12201738091883825f,1.0932116715228153f,-0.8631750210872041f,-1.3471114790620887e-16f,1.0932116715228153f,0.12201738091883825f,0.9995797732606658f,0f,0f,0f,1f], start_interpolation: 0, interpolation_duration: 1 }
$data merge entity $(bone_head) { transformation: [-1.1f,-1.3412301242745965e-16f,-1.2574215983193165e-17f,-1.2870032497320776e-16f,0f,-0.10267626545015113f,1.0951975093622202f,-0.31557626640609404f,-1.3471114790620887e-16f,1.0951975093622202f,0.10267626545015113f,1.0509179059857414f,0f,0f,0f,1f], start_interpolation: 0, interpolation_duration: 1 }
$data merge entity $(bone_neck2) { transformation: [-1f,-4.8306946810614526e-17f,1.1253460230726832e-16f,-5.836619853116507e-17f,0f,0.9189147628983252f,0.39445615539311163f,-0.06904116928539927f,-1.2246467991473532e-16f,0.39445615539311163f,-0.9189147628983252f,0.47659617917428826f,0f,0f,0f,1f], start_interpolation: 0, interpolation_duration: 1 }
$data merge entity $(bone_neck1) { transformation: [-1f,-7.868560998703996e-17f,9.384120953816622e-17f,-5.580518165946579e-18f,0f,0.7662716270805763f,0.6425167651752646f,0.292374511125687f,-1.2246467991473532e-16f,0.6425167651752646f,-0.7662716270805763f,0.04556838894146409f,0f,0f,0f,1f], start_interpolation: 0, interpolation_duration: 1 }
$data merge entity $(bone_body3) { transformation: [-1f,-5.1065377945102024e-17f,1.113100399871569e-16f,6.07966707044576e-17f,0f,0.9089154527220034f,0.41698045494142244f,0.6097945112592013f,-1.2246467991473532e-16f,0.41698045494142244f,-0.9089154527220034f,-0.49644249057594914f,0f,0f,0f,1f], start_interpolation: 0, interpolation_duration: 1 }
$data merge entity $(bone_body2) { transformation: [-1f,-3.7102167055370195e-18f,1.2240846424417117e-16f,9.13987867655004e-17f,0f,0.9995409642143082f,0.030296218535174526f,0.6173685658929949f,-1.2246467991473532e-16f,0.030296218535174526f,-0.9995409642143082f,-0.7463277316295261f,0f,0f,0f,1f], start_interpolation: 0, interpolation_duration: 1 }
$data merge entity $(bone_tail2) { transformation: [-1f,-1.1895174327456258e-16f,2.912182340721709e-17f,2.7451532827618374e-16f,0f,0.23779773423237477f,0.9713146954483645f,1.1496722777094894f,-1.2246467991473532e-16f,0.9713146954483645f,-0.23779773423237477f,-2.241587766099679f,0f,0f,0f,1f], start_interpolation: 0, interpolation_duration: 1 }
$data merge entity $(bone_tail1) { transformation: [-1f,-9.217162132634161e-17f,8.06349182965548e-17f,2.1403913955376765e-16f,0f,0.6584340754631943f,0.7526384047262858f,0.5851934741647752f,-1.2246467991473532e-16f,0.7526384047262858f,-0.6584340754631943f,-1.747762209502283f,0f,0f,0f,1f], start_interpolation: 0, interpolation_duration: 1 }
$data merge entity $(bone_body1) { transformation: [-1f,-3.7102167055370195e-18f,1.2240846424417117e-16f,1.2246467991473532e-16f,0f,0.9995409642143082f,0.030296218535174526f,0.5f,-1.2246467991473532e-16f,0.030296218535174526f,-0.9995409642143082f,-1f,0f,0f,0f,1f], start_interpolation: 0, interpolation_duration: 1 }