# This file was generated by Animated Java via MC-Build. It is not recommended to edit this file directly.
$data merge entity $(bone_left_leg4) { transformation: [-0.8988380371241701f,-0.042230248211464115f,-0.017515397647990927f,0.5860721977707568f,-0.04259483121644551f,0.898794587799273f,0.018814071764970464f,-0.6262951043537184f,0.016609135209625953f,0.019618743046716153f,-0.8996328370779135f,-1.5704314327881344f,0f,0f,0f,1f], start_interpolation: 0, interpolation_duration: 1 }
$data merge entity $(bone_left_leg3) { transformation: [-0.9867071940223701f,-0.1406786830076979f,0.08135368099674826f,0.4754785804526866f,-0.15232887131395637f,0.9750532802567727f,-0.16145282786226917f,0.115085657580253f,-0.05661120232530989f,-0.1716991811504266f,-0.9835215111849646f,-1.637735724201894f,0f,0f,0f,1f], start_interpolation: 0, interpolation_duration: 1 }
$data merge entity $(bone_left_leg2) { transformation: [-0.9809275574916652f,0.05644860561477116f,-0.18599645662642061f,0.5037028832600722f,-0.18410483292011837f,0.03708619482505401f,0.9822067117714344f,0.13362875499278f,0.06234210013218405f,0.9977164773008144f,-0.02598640940111918f,-1.1388774855514867f,0f,0f,0f,1f], start_interpolation: 0, interpolation_duration: 1 }
$data merge entity $(bone_left_leg1) { transformation: [-0.9537169587565072f,-0.10053567463902806f,0.28340173024368476f,0.3125000000000001f,-0.11649862170982395f,0.9923849635243905f,-0.04000194133295643f,0.3126389719398046f,-0.2772219935718487f,-0.07116644079599202f,-0.9581666368562832f,-1.0072176979866632f,0f,0f,0f,1f], start_interpolation: 0, interpolation_duration: 1 }
$data merge entity $(bone_right_leg4) { transformation: [-0.8998814848571091f,0.010903137894941059f,-0.009717756706583439f,-0.5113706673303875f,0.010072050787972853f,0.896925410382228f,0.07364347902968843f,-0.7193919476039284f,0.010576719921078698f,0.07352502835576169f,-0.8969293189549526f,-0.9636874034376705f,0f,0f,0f,1f], start_interpolation: 0, interpolation_duration: 1 }
$data merge entity $(bone_right_leg3) { transformation: [-0.9914332385942674f,0.024923020093552392f,-0.12821457202634462f,-0.48466499150857667f,0.1138382932004808f,0.6461616734981297f,-0.7546627953618075f,-0.1876042677702182f,0.06403886641473053f,-0.7627935072950688f,-0.6434633546805937f,-1.495566074241435f,0f,0f,0f,1f], start_interpolation: 0, interpolation_duration: 1 }
$data merge entity $(bone_right_leg2) { transformation: [-0.992706732098394f,-0.014871370443941212f,0.11963355042648509f,-0.49210067673054725f,0.09066721519837599f,0.5619318108994904f,0.8221995475475466f,0.09336163767952699f,-0.07945313168591073f,0.827049866840167f,-0.5564851459158301f,-1.0820411408213515f,0f,0f,0f,1f], start_interpolation: 0, interpolation_duration: 1 }
$data merge entity $(bone_right_leg1) { transformation: [-0.9537169587565072f,0.022171693597477928f,-0.29988727646110336f,-0.3124999999999999f,0.11649862170982395f,0.9466381492482439f,-0.30050671461311956f,0.3126389719398046f,0.27722199357184846f,-0.3215348043227655f,-0.9054078284890024f,-1.0072176979866632f,0f,0f,0f,1f], start_interpolation: 0, interpolation_duration: 1 }
$data merge entity $(bone_right_wing3) { transformation: [-0.9633089818656968f,0.1393271645633915f,0.6477494211870531f,-2.0555692037643887f,0.4952881041096523f,0.9106543275651289f,0.5406976563579049f,0.6628181397627383f,-0.44009211008708493f,0.7198973557933036f,-0.809334478282909f,-0.14456478472172846f,0f,0f,0f,1f], start_interpolation: 0, interpolation_duration: 1 }
$data merge entity $(bone_right_wing2) { transformation: [-0.9846022908896601f,0.11916771172971524f,0.12789599390104706f,-1.065162397737881f,0.17259029549944735f,0.7788904104434274f,0.6029447059380175f,0.7432643011521471f,-0.02776542227747697f,0.6157343461269417f,-0.7874644730560109f,-0.4380083087925126f,0f,0f,0f,1f], start_interpolation: 0, interpolation_duration: 1 }
$data merge entity $(bone_right_wing1) { transformation: [-0.9585600631815867f,0.21250764982867135f,0.4578364502185452f,-0.5624999999999999f,0.4099679060320156f,0.9010131567026216f,0.4401280706608162f,0.3815243444793334f,-0.2944486923186245f,0.5626961003278614f,-0.8776583488914009f,-0.04861009661536986f,0f,0f,0f,1f], start_interpolation: 0, interpolation_duration: 1 }
$data merge entity $(bone_left_wing3) { transformation: [-0.9633089818679004f,-0.13932716455998204f,-0.6477494211845094f,2.0555692037639375f,-0.49528810410427376f,0.9106543275680722f,0.5406976563578746f,0.6628181397596697f,0.4400921100883147f,0.7198973557902402f,-0.8093344782849653f,-0.1445647847210469f,0f,0f,0f,1f], start_interpolation: 0, interpolation_duration: 1 }
$data merge entity $(bone_left_wing2) { transformation: [-0.9846022908903752f,-0.1191677117267991f,-0.12789599389825873f,1.0651623977378812f,-0.17259029549534255f,0.7788904104459449f,0.6029447059359404f,0.7432643011521471f,0.027765422277633012f,0.6157343461243214f,-0.7874644730580541f,-0.4380083087925124f,0f,0f,0f,1f], start_interpolation: 0, interpolation_duration: 1 }
$data merge entity $(bone_left_wing1) { transformation: [-0.9585600631815867f,-0.21250764982867149f,-0.4578364502185449f,0.5625000000000001f,-0.4099679060320156f,0.9010131567026216f,0.4401280706608162f,0.3815243444793334f,0.2944486923186243f,0.5626961003278614f,-0.8776583488914012f,-0.04861009661536975f,0f,0f,0f,1f], start_interpolation: 0, interpolation_duration: 1 }
$data merge entity $(bone_beak_down) { transformation: [-1.1f,-1.3425744816256171e-16f,-1.1046763466533093e-17f,-9.692490977302534e-17f,0f,-0.09020366912504298f,1.0962952604460077f,-0.9435101413977474f,-1.3471114790620887e-16f,1.0962952604460077f,0.09020366912504298f,0.7914519503950712f,0f,0f,0f,1f], start_interpolation: 0, interpolation_duration: 1 }
$data merge entity $(bone_beak_up) { transformation: [-1.1f,-1.3209401780017583e-16f,-2.6424682242466097e-17f,-1.0936123769007393e-16f,0f,-0.21577390526692253f,1.0786295109099608f,-0.9614627827592244f,-1.3471114790620887e-16f,1.0786295109099608f,0.21577390526692253f,0.8930022743391444f,0f,0f,0f,1f], start_interpolation: 0, interpolation_duration: 1 }
$data merge entity $(bone_head) { transformation: [-1.1f,-1.3265416444851832e-16f,-2.3451354431544687e-17f,-1.2108691490584627e-16f,0f,-0.19149484118908755f,1.0832034554034464f,-0.4198610550575012f,-1.3471114790620887e-16f,1.0832034554034464f,0.19149484118908755f,0.9887496949336881f,0f,0f,0f,1f], start_interpolation: 0, interpolation_duration: 1 }
$data merge entity $(bone_neck2) { transformation: [-1f,-5.854928740592145e-17f,1.0756197641767921e-16f,-5.3860679644796774e-17f,0f,0.8783101910899377f,0.4780912132925652f,-0.12105404674964798f,-1.2246467991473532e-16f,0.4780912132925652f,-0.8783101910899377f,0.43980582550247704f,0f,0f,0f,1f], start_interpolation: 0, interpolation_duration: 1 }
$data merge entity $(bone_neck1) { transformation: [-1f,-8.505598761607249e-17f,8.810832422236331e-17f,-4.299747269717413e-18f,0f,0.7194590659421785f,0.6945348460902505f,0.2696218041761179f,-1.2246467991473532e-16f,0.6945348460902505f,-0.7194590659421785f,0.03511010091000166f,0f,0f,0f,1f], start_interpolation: 0, interpolation_duration: 1 }
$data merge entity $(bone_body3) { transformation: [-1f,-5.4897441175728216e-17f,1.0947085812660844e-16f,6.068844898592985e-17f,0f,0.8938973931326676f,0.4482716258593903f,0.6056601574090286f,-1.2246467991473532e-16f,0.4482716258593903f,-0.8938973931326676f,-0.4955587931817036f,0f,0f,0f,1f], start_interpolation: 0, interpolation_duration: 1 }
$data merge entity $(bone_body2) { transformation: [-1f,-4.714203059508976e-18f,1.223739110927337e-16f,9.128192675911328e-17f,0f,0.999258816321042f,0.0384943892622035f,0.6152837547245794f,-1.2246467991473532e-16f,0.0384943892622035f,-0.999258816321042f,-0.7453734972619641f,0f,0f,0f,1f], start_interpolation: 0, interpolation_duration: 1 }
$data merge entity $(bone_tail2) { transformation: [-1f,-1.0495225187479953e-16f,6.31080236818363e-17f,2.921695902898953e-16f,0f,0.5153161199275953f,0.8570001730120995f,0.9844563481305915f,-1.2246467991473532e-16f,0.8570001730120995f,-0.5153161199275953f,-2.3857457553746535f,0f,0f,0f,1f], start_interpolation: 0, interpolation_duration: 1 }
$data merge entity $(bone_tail1) { transformation: [-1f,-6.419302649139581e-17f,1.0429215299577207e-16f,2.1395047554306626e-16f,0f,0.8516100566170127f,0.5241758402184982f,0.5913244679667178f,-1.2246467991473532e-16f,0.5241758402184982f,-0.8516100566170127f,-1.7470382129118938f,0f,0f,0f,1f], start_interpolation: 0, interpolation_duration: 1 }
$data merge entity $(bone_body1) { transformation: [-1f,-4.714203059508976e-18f,1.223739110927337e-16f,1.2246467991473532e-16f,0f,0.999258816321042f,0.0384943892622035f,0.5f,-1.2246467991473532e-16f,0.0384943892622035f,-0.999258816321042f,-1f,0f,0f,0f,1f], start_interpolation: 0, interpolation_duration: 1 }