# This file was generated by Animated Java via MC-Build. It is not recommended to edit this file directly.
$data merge entity $(bone_left_leg4) { transformation: [-0.8988066918397711f,-0.04243944043190083f,-0.018585601950811617f,0.5865259518534416f,-0.042873841817516835f,0.8987285323644546f,0.021186288061866343f,-0.625813549195605f,0.017560307282431242f,0.02204357071485863f,-0.8995586232137878f,-1.5753378448798085f,0f,0f,0f,1f], start_interpolation: 0, interpolation_duration: 1 }
$data merge entity $(bone_left_leg3) { transformation: [-0.9866690412959538f,-0.14165311882427145f,0.08011614615968743f,0.47527885360025757f,-0.15269076933105738f,0.9761047230639508f,-0.1546127374226911f,0.11592828919127635f,-0.056300372194270386f,-0.16478459739795195f,-0.9847214350013822f,-1.637381203240686f,0f,0f,0f,1f], start_interpolation: 0, interpolation_duration: 1 }
$data merge entity $(bone_left_leg2) { transformation: [-0.9808086690698534f,0.056987393892601323f,-0.18645855200218694f,0.5037725505465582f,-0.18464996541311957f,0.03555256034445458f,0.9821610894990128f,0.13370456936350364f,0.06259987979506404f,0.997741676181908f,-0.024347539082217665f,-1.1385103651497321f,0f,0f,0f,1f], start_interpolation: 0, interpolation_duration: 1 }
$data merge entity $(bone_left_leg1) { transformation: [-0.9537169587565072f,-0.10111253337225296f,0.2831964303717189f,0.3125000000000001f,-0.1170736068418193f,0.9923186004857716f,-0.03996955980501784f,0.3126243985627993f,-0.2769796619993712f,-0.07127447456842322f,-0.9582286867516069f,-1.0068289081153066f,0f,0f,0f,1f], start_interpolation: 0, interpolation_duration: 1 }
$data merge entity $(bone_right_leg4) { transformation: [-0.8998873439986861f,0.010723262414528298f,-0.00936908502361957f,-0.51177886120424f,0.009983305616714275f,0.897358444523677f,0.06817738372078352f,-0.7205815649535551f,0.01015390171086579f,0.06806492257570607f,-0.8973650676256626f,-0.9570854123391739f,0f,0f,0f,1f], start_interpolation: 0, interpolation_duration: 1 }
$data merge entity $(bone_right_leg3) { transformation: [-0.9914440848905115f,0.025324416280360154f,-0.12805194444316487f,-0.4847823024662721f,0.11428963218383431f,0.6423318400012017f,-0.7578573000875265f,-0.19146660369718335f,0.06305954734138332f,-0.7660081469937055f,-0.6397304215279827f,-1.491608371238954f,0f,0f,0f,1f], start_interpolation: 0, interpolation_duration: 1 }
$data merge entity $(bone_right_leg2) { transformation: [-0.9928792865955152f,-0.014221607215458953f,0.11827285461081087f,-0.49189310607400155f,0.08929046816556242f,0.5683616209012465f,0.8179194827006402f,0.09271420675343992f,-0.07885388097205792f,0.8226559510358613f,-0.5630446267223652f,-1.0802803957210234f,0f,0f,0f,1f], start_interpolation: 0, interpolation_duration: 1 }
$data merge entity $(bone_right_leg1) { transformation: [-0.9537169587565072f,0.020978843236702772f,-0.29997308332030137f,-0.3124999999999999f,0.11707360684181928f,0.9447588371345239f,-0.30614459040993874f,0.3126243985627993f,0.2769796619993709f,-0.3270942185252927f,-0.9034885937553624f,-1.0068289081153068f,0f,0f,0f,1f], start_interpolation: 0, interpolation_duration: 1 }
$data merge entity $(bone_right_wing3) { transformation: [-0.9615646688423125f,0.14210624609785585f,0.6497343829833169f,-2.056863603503024f,0.4976066870883643f,0.9115437574311996f,0.5370578453292671f,0.6699203404480857f,-0.44128963116719444f,0.7182265374411807f,-0.8101664448223806f,-0.14762067596589357f,0f,0f,0f,1f], start_interpolation: 0, interpolation_duration: 1 }
$data merge entity $(bone_right_wing2) { transformation: [-0.9835652220522426f,0.12154468386009792f,0.1335153316839363f,-1.065162397737881f,0.1778516476973815f,0.7796511473909987f,0.6004272477021888f,0.7443290581155332f,-0.031116641538719403f,0.6143052809452706f,-0.7884546762002891f,-0.4382723392056691f,0f,0f,0f,1f], start_interpolation: 0, interpolation_duration: 1 }
$data merge entity $(bone_right_wing1) { transformation: [-0.9585600631815867f,0.21250764982867135f,0.4578364502185452f,-0.5624999999999999f,0.4098743823088837f,0.9011917970834618f,0.43984934546672083f,0.382712774234883f,-0.29457886399287814f,0.5624099525656409f,-0.877798068609683f,-0.048759275069492625f,0f,0f,0f,1f], start_interpolation: 0, interpolation_duration: 1 }
$data merge entity $(bone_left_wing3) { transformation: [-0.9615646688445411f,-0.14210624609443287f,-0.6497343829807672f,2.0568636035025936f,-0.49760668708296457f,0.9115437574341604f,0.5370578453292448f,0.6699203404449868f,0.44128963116842707f,0.7182265374381004f,-0.81016644482444f,-0.14762067596521855f,0f,0f,0f,1f], start_interpolation: 0, interpolation_duration: 1 }
$data merge entity $(bone_left_wing2) { transformation: [-0.9835652220529844f,-0.12154468385717021f,-0.1335153316811366f,1.0651623977378812f,-0.1778516476932502f,0.779651147393531f,0.6004272477001242f,0.7443290581155332f,0.03111664153888355f,0.6143052809426359f,-0.7884546762023353f,-0.4382723392056689f,0f,0f,0f,1f], start_interpolation: 0, interpolation_duration: 1 }
$data merge entity $(bone_left_wing1) { transformation: [-0.9585600631815867f,-0.21250764982867149f,-0.4578364502185449f,0.5625000000000001f,-0.4098743823088837f,0.9011917970834618f,0.43984934546672083f,0.382712774234883f,0.2945788639928779f,0.5624099525656409f,-0.8777980686096831f,-0.048759275069492514f,0f,0f,0f,1f], start_interpolation: 0, interpolation_duration: 1 }
$data merge entity $(bone_beak_down) { transformation: [-1.1f,-1.3417634896736942e-16f,-1.1991694959228174e-17f,-9.56382973453712e-17f,0f,-0.09791962031483069f,1.0956330352619892f,-0.9494139614604808f,-1.3471114790620887e-16f,1.0956330352619892f,0.09791962031483069f,0.7809459626396633f,0f,0f,0f,1f], start_interpolation: 0, interpolation_duration: 1 }
$data merge entity $(bone_beak_up) { transformation: [-1.1f,-1.318896138729323e-16f,-2.7426686322946546e-17f,-1.0805479247652678e-16f,0f,-0.22395588950252476f,1.0769604261796868f,-0.9682597207435567f,-1.3471114790620887e-16f,1.0769604261796868f,0.22395588950252476f,0.8823343395970067f,0f,0f,0f,1f], start_interpolation: 0, interpolation_duration: 1 }
$data merge entity $(bone_head) { transformation: [-1.1f,-1.3244261473232622e-16f,-2.4618025369088436e-17f,-1.20363805161071e-16f,0f,-0.20102143235280934f,1.0814760208783294f,-0.427521710304392f,-1.3471114790620887e-16f,1.0814760208783294f,0.20102143235280934f,0.9828450557734114f,0f,0f,0f,1f], start_interpolation: 0, interpolation_duration: 1 }
$data merge entity $(bone_neck2) { transformation: [-1f,-5.987203770101945e-17f,1.0683134805920161e-16f,-5.359421262407e-17f,0f,0.8723441577896727f,0.4888922891294427f,-0.12196402959849029f,-1.2246467991473532e-16f,0.4888922891294427f,-0.8723441577896727f,0.437629957154866f,0f,0f,0f,1f], start_interpolation: 0, interpolation_duration: 1 }
$data merge entity $(bone_neck1) { transformation: [-1f,-8.55186327990293e-17f,8.765934788032231e-17f,-4.2858294413887e-18f,0f,0.7157928958892815f,0.6983126306994857f,0.27083682516997043f,-1.2246467991473532e-16f,0.6983126306994857f,-0.7157928958892815f,0.034996453217145174f,0f,0f,0f,1f], start_interpolation: 0, interpolation_duration: 1 }
$data merge entity $(bone_body3) { transformation: [-1f,-5.4862675613231525e-17f,1.0948828545180488e-16f,6.071543174016238e-17f,0f,0.894039698042202f,0.44798774349819925f,0.6067066459839826f,-1.2246467991473532e-16f,0.44798774349819925f,-0.894039698042202f,-0.49577912409059355f,0f,0f,0f,1f], start_interpolation: 0, interpolation_duration: 1 }
$data merge entity $(bone_body2) { transformation: [-1f,-4.460266914710266e-18f,1.223834296204683e-16f,9.131128914527947e-17f,0f,0.9993365409984039f,0.0364208432816358f,0.6158118568043915f,-1.2246467991473532e-16f,0.0364208432816358f,-0.9993365409984039f,-0.7456132593401945f,0f,0f,0f,1f], start_interpolation: 0, interpolation_duration: 1 }
$data merge entity $(bone_tail2) { transformation: [-1f,-9.60728908817074e-17f,7.594470004055663e-17f,2.97599649285336e-16f,0f,0.620135536984478f,0.7844946881712922f,0.8999402073474547f,-1.2246467991473532e-16f,0.7844946881712922f,-0.620135536984478f,-2.4300855519529097f,0f,0f,0f,1f], start_interpolation: 0, interpolation_duration: 1 }
$data merge entity $(bone_tail1) { transformation: [-1f,-5.064584658736927e-17f,1.1150155178322513e-16f,2.1397348544791716e-16f,0f,0.9104792652122786f,0.4135547214317702f,0.5897741662736271f,-1.2246467991473532e-16f,0.4135547214317702f,-0.9104792652122786f,-1.7472261030437006f,0f,0f,0f,1f], start_interpolation: 0, interpolation_duration: 1 }
$data merge entity $(bone_body1) { transformation: [-1f,-4.460266914710266e-18f,1.223834296204683e-16f,1.2246467991473532e-16f,0f,0.9993365409984039f,0.0364208432816358f,0.5f,-1.2246467991473532e-16f,0.0364208432816358f,-0.9993365409984039f,-1f,0f,0f,0f,1f], start_interpolation: 0, interpolation_duration: 1 }