# This file was generated by Animated Java via MC-Build. It is not recommended to edit this file directly.
$data merge entity $(bone_left_leg4) { transformation: [-0.8987684666166627f,-0.04214676278896547f,-0.02094979240813427f,0.5854673414044208f,-0.04272202303202964f,0.8986394630828239f,0.024938807875787006f,-0.6291732483290403f,0.01975024464618024f,0.02589914625282791f,-0.8994104524964066f,-1.5737437011847222f,0f,0f,0f,1f], start_interpolation: 0, interpolation_duration: 1 }
$data merge entity $(bone_left_leg3) { transformation: [-0.98688632895041f,-0.14160663862837064f,0.07747860109189934f,0.4744199498648991f,-0.1520268062096064f,0.976728389110328f,-0.15129277609869982f,0.11282884200987445f,-0.054251487762920686f,-0.16108759667435174f,-0.9854478993194878f,-1.632968904983018f,0f,0f,0f,1f], start_interpolation: 0, interpolation_duration: 1 }
$data merge entity $(bone_left_leg2) { transformation: [-0.9808582485724894f,0.058647217874681024f,-0.18568144776166656f,0.5037435588022396f,-0.18364932721845934f,0.03836985264584531f,0.9822426782726071f,0.1320137683327971f,0.06473037014814642f,0.997541106042f,-0.02686486435826882f,-1.134198351962018f,0f,0f,0f,1f], start_interpolation: 0, interpolation_duration: 1 }
$data merge entity $(bone_left_leg1) { transformation: [-0.9537169587565072f,-0.10087222637770785f,0.2832821147298983f,0.3125000000000001f,-0.12019487713507918f,0.991406729784869f,-0.05163223458029946f,0.3125592145093813f,-0.2756395365159396f,-0.08329159671225131f,-0.95764573607697f,-1.0047118928956258f,0f,0f,0f,1f], start_interpolation: 0, interpolation_duration: 1 }
$data merge entity $(bone_right_leg4) { transformation: [-0.8999158904389563f,0.009882621208884945f,-0.007329661213309455f,-0.5125120834461899f,0.009548485691151284f,0.8990654081446939f,0.03987754128102988f,-0.7235231157299802f,0.007759932761698313f,0.039796051005797584f,-0.8990862348895556f,-0.9261649422571444f,0f,0f,0f,1f], start_interpolation: 0, interpolation_duration: 1 }
$data merge entity $(bone_right_leg3) { transformation: [-0.9916857777836345f,0.026648557694687894f,-0.12589349671234265f,-0.4846573216306526f,0.11489772281515997f,0.6239101511258587f,-0.7730036459254238f,-0.20727777451524723f,0.0579467983029127f,-0.7810415979286253f,-0.62178468208178f,-1.4730845980735021f,0f,0f,0f,1f], start_interpolation: 0, interpolation_duration: 1 }
$data merge entity $(bone_right_leg2) { transformation: [-0.9937788805152096f,-0.012178351344089622f,0.11070331702562802f,-0.4907464973026974f,0.081939223344783f,0.5932613637225632f,0.8008288943286813f,0.08935290734603438f,-0.07542877646886886f,0.8049177859089611f,-0.5885727292423809f,-1.0706257051190216f,0f,0f,0f,1f], start_interpolation: 0, interpolation_duration: 1 }
$data merge entity $(bone_right_leg1) { transformation: [-0.9537169587565072f,0.014479725242374711f,-0.3003569545343407f,-0.3124999999999999f,0.12019487713507912f,0.9339348513095506f,-0.33662870498501907f,0.3125592145093813f,0.27563953651593937f,-0.3571498719953755f,-0.8924498948641122f,-1.0047118928956258f,0f,0f,0f,1f], start_interpolation: 0, interpolation_duration: 1 }
$data merge entity $(bone_right_wing3) { transformation: [-0.9622924241430204f,0.1409441236759943f,0.648909554880122f,-2.05632976465334f,0.48783274117300235f,0.9252025134899977f,0.5224701825444082f,0.6799749404850638f,-0.45051978097875606f,0.7007785877219413f,-0.8203029098533402f,-0.14894420697915994f,0f,0f,0f,1f], start_interpolation: 0, interpolation_duration: 1 }
$data merge entity $(bone_right_wing2) { transformation: [-0.9840022300485974f,0.12055071064463048f,0.131175978831728f,-1.065162397737881f,0.1750379490249574f,0.7913335979002157f,0.5857925001529434f,0.7511200985077845f,-0.033186257103261674f,0.5993819007922864f,-0.7997749741909296f,-0.4422221389426788f,0f,0f,0f,1f], start_interpolation: 0, interpolation_duration: 1 }
$data merge entity $(bone_right_wing1) { transformation: [-0.9585600631815867f,0.21250764982867135f,0.4578364502185452f,-0.5624999999999999f,0.4040135379145609f,0.9120569673992859f,0.42253551390538574f,0.39721869623768563f,-0.302566980297228f,0.5446133473335221f,-0.8862621708338364f,-0.04568643894624491f,0f,0f,0f,1f], start_interpolation: 0, interpolation_duration: 1 }
$data merge entity $(bone_left_wing3) { transformation: [-0.9622924241452384f,-0.14094412367257697f,-0.6489095548775748f,2.0563297646529013f,-0.4878327411675881f,0.9252025134928901f,0.5224701825443419f,0.6799749404819916f,0.4505197809798808f,0.7007785877188103f,-0.8203029098553973f,-0.14894420697842126f,0f,0f,0f,1f], start_interpolation: 0, interpolation_duration: 1 }
$data merge entity $(bone_left_wing2) { transformation: [-0.9840022300493281f,-0.12055071064170762f,-0.13117597882893312f,1.0651623977378812f,-0.17503794902083478f,0.7913335979026895f,0.5857925001508334f,0.7511200985077845f,0.033186257103341f,0.5993819007896083f,-0.7997749741929333f,-0.44222213894267853f,0f,0f,0f,1f], start_interpolation: 0, interpolation_duration: 1 }
$data merge entity $(bone_left_wing1) { transformation: [-0.9585600631815867f,-0.21250764982867149f,-0.4578364502185449f,0.5625000000000001f,-0.4040135379145609f,0.9120569673992859f,0.42253551390538574f,0.39721869623768563f,0.3025669802972278f,0.5446133473335221f,-0.8862621708338364f,-0.0456864389462448f,0f,0f,0f,1f], start_interpolation: 0, interpolation_duration: 1 }
$data merge entity $(bone_beak_down) { transformation: [-1.1f,-1.3421680823395862e-16f,-1.1530037194096727e-17f,-9.846987844713427e-17f,0f,-0.09414989858401952f,1.0959634102453506f,-0.9232282950140394f,-1.3471114790620887e-16f,1.0959634102453506f,0.09414989858401952f,0.804067577000102f,0f,0f,0f,1f], start_interpolation: 0, interpolation_duration: 1 }
$data merge entity $(bone_beak_up) { transformation: [-1.1f,-1.324339236690371e-16f,-2.4664736605772596e-17f,-1.1091812366748957e-16f,0f,-0.20140285854619602f,1.081405052960925f,-0.9406215034057739f,-1.3471114790620887e-16f,1.081405052960925f,0.20140285854619602f,0.9057152131105481f,0f,0f,0f,1f], start_interpolation: 0, interpolation_duration: 1 }
$data merge entity $(bone_head) { transformation: [-1.1f,-1.3278128235045645e-16f,-2.2720572782763202e-17f,-1.2227841005887116e-16f,0f,-0.18552755617850114f,1.08424145184476f,-0.3985007774833939f,-1.3471114790620887e-16f,1.08424145184476f,0.18552755617850114f,0.9984789911997988f,0f,0f,0f,1f], start_interpolation: 0, interpolation_duration: 1 }
$data merge entity $(bone_neck2) { transformation: [-1f,-5.894161056258595e-17f,1.0734749354739044e-16f,-5.5186226591752144e-17f,0f,0.8765588055440143f,0.4812947749802099f,-0.09769154312076272f,-1.2246467991473532e-16f,0.4812947749802099f,-0.8765588055440143f,0.45062973773478976f,0f,0f,0f,1f], start_interpolation: 0, interpolation_duration: 1 }
$data merge entity $(bone_neck1) { transformation: [-1f,-8.375490499253559e-17f,8.934603357905661e-17f,-4.9290827035328e-18f,0f,0.7295657298191021f,0.6839107002186183f,0.2870082257522101f,-1.2246467991473532e-16f,0.6839107002186183f,-0.7295657298191021f,0.04024901471154485f,0f,0f,0f,1f], start_interpolation: 0, interpolation_duration: 1 }
$data merge entity $(bone_body3) { transformation: [-1f,-5.2703110902347205e-17f,1.1054401805540391e-16f,6.086698414969794e-17f,0f,0.902660408963376f,0.4303535594021163f,0.6123954759387438f,-1.2246467991473532e-16f,0.4303535594021163f,-0.902660408963376f,-0.49701664342793284f,0f,0f,0f,1f], start_interpolation: 0, interpolation_duration: 1 }
$data merge entity $(bone_body2) { transformation: [-1f,-3.077549094695073e-18f,1.22426004256401e-16f,9.147348521379819e-17f,0f,0.9996841892832999f,0.02513009544333748f,0.6186779997995782f,-1.2246467991473532e-16f,0.02513009544333748f,-0.9996841892832999f,-0.7469376907487578f,0f,0f,0f,1f], start_interpolation: 0, interpolation_duration: 1 }
$data merge entity $(bone_tail2) { transformation: [-1f,-6.504264396174566e-17f,1.0376440764098336e-16f,3.055446990417813e-16f,0f,0.8473006887637169f,0.5311134933519679f,0.6508664498880843f,-1.2246467991473532e-16f,0.5311134933519679f,-0.8473006887637169f,-2.494961806575687f,0f,0f,0f,1f], start_interpolation: 0, interpolation_duration: 1 }
$data merge entity $(bone_tail1) { transformation: [-1f,-1.1354699211160442e-17f,1.2193715033755155e-16f,2.1409183628861763e-16f,0f,0.9956923941045609f,0.09271815530049993f,0.5813278334127093f,-1.2246467991473532e-16f,0.09271815530049993f,-0.9956923941045609f,-1.7481925109972662f,0f,0f,0f,1f], start_interpolation: 0, interpolation_duration: 1 }
$data merge entity $(bone_body1) { transformation: [-1f,-3.077549094695073e-18f,1.22426004256401e-16f,1.2246467991473532e-16f,0f,0.9996841892832999f,0.02513009544333748f,0.5f,-1.2246467991473532e-16f,0.02513009544333748f,-0.9996841892832999f,-1f,0f,0f,0f,1f], start_interpolation: 0, interpolation_duration: 1 }