# This file was generated by Animated Java via MC-Build. It is not recommended to edit this file directly.
$data merge entity $(bone_left_leg4) { transformation: [-0.8987760796875849f,-0.04171988431447708f,-0.021471139564605612f,0.5842696898263448f,-0.042313754290319104f,0.8986544135331928f,0.02509564175653009f,-0.632026850772174f,0.020275718958266575f,0.026070985598942276f,-0.8993937952480134f,-1.5674924547561835f,0f,0f,0f,1f], start_interpolation: 0, interpolation_duration: 1 }
$data merge entity $(bone_left_leg3) { transformation: [-0.9870763913720596f,-0.14057074024101276f,0.07694195594086835f,0.47403276239928094f,-0.15117601164985478f,0.9761037849337577f,-0.15610001454079267f,0.10980723883694371f,-0.05316023981845604f,-0.165714417073731f,-0.9847399255013265f,-1.6302320222176487f,0f,0f,0f,1f], start_interpolation: 0, interpolation_duration: 1 }
$data merge entity $(bone_left_leg2) { transformation: [-0.9810164932992183f,0.05923534901001498f,-0.18465593221601803f,0.5036504369042885f,-0.18237197771268088f,0.04193529947589081f,0.982334918652001f,0.13077488857488911f,0.06593255356855438f,0.9973628246959726f,-0.030336352687833773f,-1.1315506098696624f,0f,0f,0f,1f], start_interpolation: 0, interpolation_duration: 1 }
$data merge entity $(bone_left_leg1) { transformation: [-0.9537169587565072f,-0.10010275690764135f,0.28355493407755833f,0.3125000000000001f,-0.12177511266067893f,0.9907535361854386f,-0.059818496073770704f,0.312535255540906f,-0.27494505726911656f,-0.09157984819565074f,-0.9570884739081041f,-1.003635874707217f,0f,0f,0f,1f], start_interpolation: 0, interpolation_duration: 1 }
$data merge entity $(bone_right_leg4) { transformation: [-0.8999281503546521f,0.009497980309286058f,-0.006254004261203441f,-0.512600515727161f,0.009315203879139158f,0.8995825825268513f,0.025776039086918834f,-0.7241691422018063f,0.006523126240140335f,0.02570925094911808f,-0.8996090724529684f,-0.9114019272308063f,0f,0f,0f,1f], start_interpolation: 0, interpolation_duration: 1 }
$data merge entity $(bone_right_leg3) { transformation: [-0.9918410366624989f,0.02716836402195917f,-0.12455214967486465f,-0.48443973335601265f,0.11481537140674428f,0.6149434792434086f,-0.7801678972020974f,-0.2142010391941187f,0.05539664683887414f,-0.7881030372561579f,-0.6130455237473215f,-1.4641638599387172f,0f,0f,0f,1f], start_interpolation: 0, interpolation_duration: 1 }
$data merge entity $(bone_right_leg2) { transformation: [-0.9942104949675454f,-0.011426944152271468f,0.10684061326915567f,-0.49015320543214835f,0.07829863242960801f,0.6039048623044874f,0.7932012616257308f,0.08775139195812498f,-0.07358543236294487f,0.7969744928367151f,-0.5995138379650793f,-1.0656766135203597f,0f,0f,0f,1f], start_interpolation: 0, interpolation_duration: 1 }
$data merge entity $(bone_right_leg1) { transformation: [-0.9537169587565072f,0.011174376800443362f,-0.3004980796666768f,-0.3124999999999999f,0.12177511266067896f,0.9280531417248723f,-0.3519775391570791f,0.312535255540906f,0.2749450572691164f,-0.3722801357012161f,-0.8864607808840539f,-1.0036358747072172f,0f,0f,0f,1f], start_interpolation: 0, interpolation_duration: 1 }
$data merge entity $(bone_right_wing3) { transformation: [-0.9646120546720661f,0.137265403949259f,0.6462486818837961f,-2.0545687826505383f,0.4785283999993563f,0.9336817734920175f,0.515950077254979f,0.6797360646066581f,-0.45551039543785743f,0.6901826719818526f,-0.826506941846588f,-0.14651522862760102f,0f,0f,0f,1f], start_interpolation: 0, interpolation_duration: 1 }
$data merge entity $(bone_right_wing2) { transformation: [-0.9853536505653844f,0.1174042702982431f,0.12367061345852359f,-1.0651623977378812f,0.16770087796544608f,0.7985859812726073f,0.5780457127636925f,0.7547272361060925f,-0.030896583097311248f,0.5903191237208937f,-0.8065784111432112f,-0.4447394023899058f,0f,0f,0f,1f], start_interpolation: 0, interpolation_duration: 1 }
$data merge entity $(bone_right_wing1) { transformation: [-0.9585600631815867f,0.21250764982867135f,0.4578364502185452f,-0.5625f,0.3999229128861184f,0.9192728177702844f,0.41062179845750335f,0.4061711263612473f,-0.3079535356723571f,0.532343025110771f,-0.8918445125659058f,-0.04349707877493164f,0f,0f,0f,1f], start_interpolation: 0, interpolation_duration: 1 }
$data merge entity $(bone_left_wing3) { transformation: [-0.9646120546742508f,-0.13726540394585982f,-0.6462486818812572f,2.054568782650072f,-0.4785283999939557f,0.933681773494844f,0.5159500772548732f,0.6797360646036376f,0.4555103954389046f,0.6901826719787051f,-0.8265069418486394f,-0.14651522862681282f,0f,0f,0f,1f], start_interpolation: 0, interpolation_duration: 1 }
$data merge entity $(bone_left_wing2) { transformation: [-0.9853536505660796f,-0.11740427029533575f,-0.12367061345574437f,1.0651623977378812f,-0.16770087796135877f,0.7985859812750248f,0.5780457127615386f,0.7547272361060925f,0.030896583097324126f,0.5903191237182016f,-0.8065784111451811f,-0.44473940238990556f,0f,0f,0f,1f], start_interpolation: 0, interpolation_duration: 1 }
$data merge entity $(bone_left_wing1) { transformation: [-0.9585600631815867f,-0.21250764982867149f,-0.4578364502185449f,0.5625f,-0.3999229128861184f,0.9192728177702844f,0.41062179845750335f,0.4061711263612473f,0.30795353567235684f,0.532343025110771f,-0.8918445125659059f,-0.04349707877493153f,0f,0f,0f,1f], start_interpolation: 0, interpolation_duration: 1 }
$data merge entity $(bone_beak_down) { transformation: [-1.1f,-1.343227582249669e-16f,-1.022203468227207e-17f,-1.0174570723898566e-16f,0f,-0.08346924753642472f,1.0968285575766632f,-0.898276659166785f,-1.3471114790620887e-16f,1.0968285575766632f,0.08346924753642472f,0.8308167490400088f,0f,0f,0f,1f], start_interpolation: 0, interpolation_duration: 1 }
$data merge entity $(bone_beak_up) { transformation: [-1.1f,-1.3295591242707606e-16f,-2.1675302094599802e-17f,-1.1423251331424418e-16f,0f,-0.17699227327986314f,1.085667414634531f,-0.9137172648774359f,-1.3471114790620887e-16f,1.085667414634531f,0.17699227327986314f,0.9327792584259994f,0f,0f,0f,1f], start_interpolation: 0, interpolation_duration: 1 }
$data merge entity $(bone_head) { transformation: [-1.1f,-1.33192598136091e-16f,-2.0169907584474727e-17f,-1.2431746710648155e-16f,0f,-0.1646997942469437f,1.0876001001172328f,-0.3699172148188195f,-1.3471114790620887e-16f,1.0876001001172328f,0.1646997942469437f,1.0151291555494713f,0f,0f,0f,1f], start_interpolation: 0, interpolation_duration: 1 }
$data merge entity $(bone_neck2) { transformation: [-1f,-5.689869412893645e-17f,1.0844416274304629e-16f,-5.65398653920776e-17f,0f,0.8855137891067805f,0.4646130963519567f,-0.07953402959884659f,-1.2246467991473532e-16f,0.4646130963519567f,-0.8855137891067805f,0.4616830373577335f,0f,0f,0f,1f], start_interpolation: 0, interpolation_duration: 1 }
$data merge entity $(bone_neck1) { transformation: [-1f,-8.200367827752651e-17f,9.095600351584552e-17f,-5.377113414414506e-18f,0f,0.7427121320136765f,0.6696108488963566f,0.297122072905354f,-1.2246467991473532e-16f,0.6696108488963566f,-0.7427121320136765f,0.043907463100040456f,0f,0f,0f,1f], start_interpolation: 0, interpolation_duration: 1 }
$data merge entity $(bone_body3) { transformation: [-1f,-5.121710594927722e-17f,1.1124030692513882e-16f,6.094700929196744e-17f,0f,0.9083460390586793f,0.4182194081178064f,0.6152808304201505f,-1.2246467991473532e-16f,0.4182194081178064f,-0.9083460390586793f,-0.4976700983042712f,0f,0f,0f,1f], start_interpolation: 0, interpolation_duration: 1 }
$data merge entity $(bone_body2) { transformation: [-1f,-2.3747532385569123e-18f,1.2244165293589653e-16f,9.155742252594157e-17f,0f,0.9998119704485015f,0.019391331771824397f,0.6201286633631066f,-1.2246467991473532e-16f,0.019391331771824397f,-0.9998119704485015f,-0.7476230909163966f,0f,0f,0f,1f], start_interpolation: 0, interpolation_duration: 1 }
$data merge entity $(bone_tail2) { transformation: [-1f,-5.0372163631427277e-17f,1.1162545837624715e-16f,3.059269330334118e-16f,0f,0.9114910393263198f,0.4113199305015809f,0.5479502185392874f,-1.2246467991473532e-16f,0.4113199305015809f,-0.9114910393263198f,-2.4980829839788097f,0f,0f,0f,1f], start_interpolation: 0, interpolation_duration: 1 }
$data merge entity $(bone_tail1) { transformation: [-1f,4.748613429541042e-18f,1.2237258065888516e-16f,2.1414749753924792e-16f,0f,0.99924795250423f,-0.03877537125681636f,0.5770317469818996f,-1.2246467991473532e-16f,-0.03877537125681636f,-0.99924795250423f,-1.7486470196006372f,0f,0f,0f,1f], start_interpolation: 0, interpolation_duration: 1 }
$data merge entity $(bone_body1) { transformation: [-1f,-2.3747532385569123e-18f,1.2244165293589653e-16f,1.2246467991473532e-16f,0f,0.9998119704485015f,0.019391331771824397f,0.5f,-1.2246467991473532e-16f,0.019391331771824397f,-0.9998119704485015f,-1f,0f,0f,0f,1f], start_interpolation: 0, interpolation_duration: 1 }