# This file was generated by Animated Java via MC-Build. It is not recommended to edit this file directly.
$data merge entity $(bone_left_leg4) { transformation: [-0.8988189957700999f,-0.04078852921814454f,-0.021464126514958312f,0.5817604295122385f,-0.04134223887759583f,0.8987473847749969f,0.023322899577278206f,-0.6374129714587211f,0.02037724533437639f,0.02427826691352919f,-0.8994416788365203f,-1.5520159072244808f,0f,0f,0f,1f], start_interpolation: 0, interpolation_duration: 1 }
$data merge entity $(bone_left_leg3) { transformation: [-0.9874443876152472f,-0.13789897632813133f,0.07705487456873279f,0.47352026760559424f,-0.14932844155734354f,0.9739593219775861f,-0.17059969424068833f,0.10371900091451149f,-0.05152279019234779f,-0.1799641949405905f,-0.9823229054797513f,-1.6255938718374392f,0f,0f,0f,1f], start_interpolation: 0, interpolation_duration: 1 }
$data merge entity $(bone_left_leg2) { transformation: [-0.9813995933463665f,0.0598019293051163f,-0.1824241415793769f,0.5034212322581524f,-0.1796018647720587f,0.049631715619676636f,0.982486571396804f,0.1285348587243498f,0.067808615602929f,0.9969756376441872f,-0.03796800750606763f,-1.1271060530153456f,0f,0f,0f,1f], start_interpolation: 0, interpolation_duration: 1 }
$data merge entity $(bone_left_leg1) { transformation: [-0.9537169587565072f,-0.09822409525944543f,0.284211170946362f,0.3125000000000001f,-0.12409808988622421f,0.9894717067746683f,-0.07446748000983613f,0.3125111950106664f,-0.2739044115505069f,-0.10629096200001258f,-0.9558653695632467f,-1.0020489030410527f,0f,0f,0f,1f], start_interpolation: 0, interpolation_duration: 1 }
$data merge entity $(bone_right_leg4) { transformation: [-0.8999428028907679f,0.009021675027619858f,-0.004643372137209847f,-0.5124346964035839f,0.008994210724377297f,0.8999393546051473f,0.005316221056094306f,-0.7241913050971788f,0.0046963494923280905f,0.005269479345038353f,-0.8999723200681666f,-0.8907656738409557f,0f,0f,0f,1f], start_interpolation: 0, interpolation_duration: 1 }
$data merge entity $(bone_right_leg3) { transformation: [-0.9920995528176617f,0.027766548394679763f,-0.12234171851515603f,-0.4839634277003768f,0.11428935013572607f,0.6021925334046223f,-0.7901278992399121f,-0.2231639113412175f,0.05173414486148535f,-0.7978678910082604f,-0.6006083638724006f,-1.451628569355126f,0f,0f,0f,1f], start_interpolation: 0, interpolation_duration: 1 }
$data merge entity $(bone_right_leg2) { transformation: [-0.9948159994057861f,-0.010603973523364008f,0.10113695205899155f,-0.4892654144620588f,0.07304988237225093f,0.6173718567570547f,0.783272433556644f,0.08552201703730988f,-0.07074490802642436f,0.7865999912470523f,-0.6133967816662151f,-1.0583285737316f,0f,0f,0f,1f], start_interpolation: 0, interpolation_duration: 1 }
$data merge entity $(bone_right_leg1) { transformation: [-0.9537169587565072f,0.006297752075980441f,-0.30063981921732885f,-0.3124999999999999f,0.12409808988622421f,0.9189150464284066f,-0.3744259626869776f,0.3125111950106664f,0.27390441155050665f,-0.394405217721912f,-0.8771664024385007f,-1.0020489030410529f,0f,0f,0f,1f], start_interpolation: 0, interpolation_duration: 1 }
$data merge entity $(bone_right_wing3) { transformation: [-0.9702080119655733f,0.128555262590793f,0.6396292081781324f,-2.049942059309321f,0.45990496881537146f,0.947778270046064f,0.5071088014065466f,0.6736977134141089f,-0.4627519844941829f,0.6724176241483147f,-0.8370607538034459f,-0.13886546170445163f,0f,0f,0f,1f], start_interpolation: 0, interpolation_duration: 1 }
$data merge entity $(bone_right_wing2) { transformation: [-0.9883475390481484f,0.1099544121332297f,0.10525763302442687f,-1.0651623977378812f,0.15045031535515652f,0.8106428349595078f,0.5658824053973986f,0.7601894837839186f,-0.023105078814039892f,0.5751245268472278f,-0.8177395269593791f,-0.4490501162870676f,0f,0f,0f,1f], start_interpolation: 0, interpolation_duration: 1 }
$data merge entity $(bone_right_wing1) { transformation: [-0.9585600631815867f,0.21250764982867135f,0.4578364502185452f,-0.5625f,0.3925185185798331f,0.9316207852823005f,0.38938802769601627f,0.4212324175245592f,-0.3173372479812553f,0.5104256285742274f,-0.9013178461837971f,-0.03966659056424082f,0f,0f,0f,1f], start_interpolation: 0, interpolation_duration: 1 }
$data merge entity $(bone_left_wing3) { transformation: [-0.970208011967678f,-0.12855526258743852f,-0.639629208175614f,2.04994205930879f,-0.4599049688100176f,0.9477782700487593f,0.5071088014063645f,0.6736977134112091f,0.4627519844950908f,0.6724176241451569f,-0.8370607538054806f,-0.13886546170357483f,0f,0f,0f,1f], start_interpolation: 0, interpolation_duration: 1 }
$data merge entity $(bone_left_wing2) { transformation: [-0.9883475390487593f,-0.10995441213036058f,-0.10525763302168684f,1.0651623977378812f,-0.15045031535115938f,0.8106428349618131f,0.5658824053951589f,0.7601894837839186f,0.0231050788139312f,0.575124526844527f,-0.8177395269612817f,-0.44905011628706737f,0f,0f,0f,1f], start_interpolation: 0, interpolation_duration: 1 }
$data merge entity $(bone_left_wing1) { transformation: [-0.9585600631815867f,-0.21250764982867149f,-0.4578364502185449f,0.5625f,-0.3925185185798331f,0.9316207852823005f,0.38938802769601627f,0.4212324175245592f,0.31733724798125507f,0.5104256285742274f,-0.9013178461837972f,-0.03966659056424071f,0f,0f,0f,1f], start_interpolation: 0, interpolation_duration: 1 }
$data merge entity $(bone_beak_down) { transformation: [-1.1f,-1.3452596940366962e-16f,-7.060943719604769e-18f,-1.0854751647374468e-16f,0f,-0.057656980972153465f,1.0984879027759828f,-0.8467443561399715f,-1.3471114790620887e-16f,1.0984879027759828f,0.057656980972153465f,0.8863577363638213f,0f,0f,0f,1f], start_interpolation: 0, interpolation_duration: 1 }
$data merge entity $(bone_beak_up) { transformation: [-1.1f,-1.3382515984382495e-16f,-1.5424654387803095e-17f,-1.211025881536594e-16f,0f,-0.12595186137376368f,1.0927653584445678f,-0.8578990616720854f,-1.3471114790620887e-16f,1.0927653584445678f,0.12595186137376368f,0.9888776767144274f,0f,0f,0f,1f], start_interpolation: 0, interpolation_duration: 1 }
$data merge entity $(bone_head) { transformation: [-1.1f,-1.3392076458575708e-16f,-1.45712793870238e-17f,-1.283882278471713e-16f,0f,-0.11898352567588372f,1.0935460304064646f,-0.31112604646885317f,-1.3471114790620887e-16f,1.0935460304064646f,0.11898352567588372f,1.0483694395523693f,0f,0f,0f,1f], start_interpolation: 0, interpolation_duration: 1 }
$data merge entity $(bone_neck2) { transformation: [-1f,-5.201391205568809e-17f,1.1086997239686548e-16f,-5.909449509913038e-17f,0f,0.9053220281476871f,0.42472582373874823f,-0.04567240663213551f,-1.2246467991473532e-16f,0.42472582373874823f,-0.9053220281476871f,0.4825431719600647f,0f,0f,0f,1f], start_interpolation: 0, interpolation_duration: 1 }
$data merge entity $(bone_neck1) { transformation: [-1f,-7.836782957712031e-17f,9.410675381708793e-17f,-6.1594460770184196e-18f,0f,0.7684399606695477f,0.6399218912071878f,0.3142836571719076f,-1.2246467991473532e-16f,0.6399218912071878f,-0.7684399606695477f,0.05029569408344414f,0f,0f,0f,1f], start_interpolation: 0, interpolation_duration: 1 }
$data merge entity $(bone_body3) { transformation: [-1f,-4.85686048446508e-17f,1.1242192157254177e-16f,6.106871710302951e-17f,0f,0.9179946548736689f,0.39659275538437827f,0.6195287952167483f,-1.2246467991473532e-16f,0.39659275538437827f,-0.9179946548736689f,-0.49866391800107523f,0f,0f,0f,1f], start_interpolation: 0, interpolation_duration: 1 }
$data merge entity $(bone_body2) { transformation: [-1f,-1.3382306938605694e-18f,1.224573679499465e-16f,9.168305909051613e-17f,0f,0.9999402932764458f,0.010927482885614837f,0.622260665938152f,-1.2246467991473532e-16f,0.010927482885614837f,-0.9999402932764458f,-0.7486489913201867f,0f,0f,0f,1f], start_interpolation: 0, interpolation_duration: 1 }
$data merge entity $(bone_tail2) { transformation: [-1f,-2.823426955518552e-17f,1.1916553129703109e-16f,3.0380406929442445e-16f,0f,0.9730604071312544f,0.23055030703418591f,0.4050340421368721f,-1.2246467991473532e-16f,0.23055030703418591f,-0.9730604071312544f,-2.4807484860609987f,0f,0f,0f,1f], start_interpolation: 0, interpolation_duration: 1 }
$data merge entity $(bone_tail1) { transformation: [-1f,2.7049645533028386e-17f,1.1944000378079402e-16f,2.142240664588289e-16f,0f,0.9753016450453537f,-0.22087711780948924f,0.570691880493989f,-1.2246467991473532e-16f,-0.22087711780948924f,-0.9753016450453537f,-1.7492722522769835f,0f,0f,0f,1f], start_interpolation: 0, interpolation_duration: 1 }
$data merge entity $(bone_body1) { transformation: [-1f,-1.3382306938605694e-18f,1.224573679499465e-16f,1.2246467991473532e-16f,0f,0.9999402932764458f,0.010927482885614837f,0.5f,-1.2246467991473532e-16f,0.010927482885614837f,-0.9999402932764458f,-1f,0f,0f,0f,1f], start_interpolation: 0, interpolation_duration: 1 }