# This file was generated by Animated Java via MC-Build. It is not recommended to edit this file directly.
$data merge entity $(bone_left_leg4) { transformation: [-0.898870090033987f,-0.04000128991295123f,-0.020795625684079527f,0.5796541640398467f,-0.04047566761166046f,0.8988548740729195f,0.020533769423718123f,-0.6414242009624511f,0.019856524713118967f,0.021443231115111067f,-0.899525378333297f,-1.5376012992770343f,0f,0f,0f,1f], start_interpolation: 0, interpolation_duration: 1 }
$data merge entity $(bone_left_leg3) { transformation: [-0.9877318907384264f,-0.13535053981019124f,0.07788416649989502f,0.4732734987759598f,-0.14774646183021872f,0.9714847894525988f,-0.18544079076322845f,0.09877944054969978f,-0.050563771961209904f,-0.1946728929135476f,-0.9795640712734033f,-1.6223832145076074f,0f,0f,0f,1f], start_interpolation: 0, interpolation_duration: 1 }
$data merge entity $(bone_left_leg2) { transformation: [-0.9817499128336706f,0.05986674494737426f,-0.18050784332124242f,0.5032068712496469f,-0.17722998452964614f,0.056205570300458856f,0.982563212445297f,0.1268822256999292f,0.06896840751171168f,0.9966227504510454f,-0.04456963146237887f,-1.1240718392820845f,0f,0f,0f,1f], start_interpolation: 0, interpolation_duration: 1 }
$data merge entity $(bone_left_leg1) { transformation: [-0.9537169587565072f,-0.09648612616911917f,0.2848058813246588f,0.3125000000000001f,-0.1254298522708138f,0.9884408521255317f,-0.0851588751022148f,0.31250344302127997f,-0.2732971180593762f,-0.11694062299402042f,-0.9547950439514283f,-1.0011362751099926f,0f,0f,0f,1f], start_interpolation: 0, interpolation_duration: 1 }
$data merge entity $(bone_right_leg4) { transformation: [-0.8999488764447602f,0.008843266682454012f,-0.0037170445513817f,-0.5120961677756802f,0.008868528747599039f,0.8999352998340641f,-0.006148602314823226f,-0.7235247906136812f,0.003656362080944331f,-0.0061848805126562545f,-0.8999713208038225f,-0.8799309151285248f,0f,0f,0f,1f], start_interpolation: 0, interpolation_duration: 1 }
$data merge entity $(bone_right_leg3) { transformation: [-0.9922713435244939f,0.0279587923288607f,-0.12089618170814011f,-0.48357106217227597f,0.11368368687217997f,0.5953338686308525f,-0.7953952503002332f,-0.2273121859967773f,0.049735300936499145f,-0.8029918373137636f,-0.593911196264409f,-1.4450553433473219f,0f,0f,0f,1f], start_interpolation: 0, interpolation_duration: 1 }
$data merge entity $(bone_right_leg2) { transformation: [-0.9951476239916511f,-0.010353943899401197f,0.09784683086078615f,-0.48874803412197654f,0.07009761126844341f,0.6232483298467207f,0.7788760133922032f,0.08431197892658307f,-0.06904731246203166f,0.7819554432248691f,-0.6194983078691735f,-1.0540776217348873f,0f,0f,0f,1f], start_interpolation: 0, interpolation_duration: 1 }
$data merge entity $(bone_right_leg1) { transformation: [-0.9537169587565072f,0.003492720162030575f,-0.3006854893175067f,-0.3124999999999999f,0.1254298522708138f,0.9134115613687569f,-0.3872294819835024f,0.31250344302127997f,0.27329711805937607f,-0.4070222604032358f,-0.8715741877755904f,-1.0011362751099928f,0f,0f,0f,1f], start_interpolation: 0, interpolation_duration: 1 }
$data merge entity $(bone_right_wing3) { transformation: [-0.9753012005977401f,0.12083985113559109f,0.6333568223890046f,-2.0452545124430292f,0.44497609341603717f,0.9572724850913717f,0.5025746029712941f,0.665477107621538f,-0.4666255569269338f,0.660289849718349f,-0.8445315091564738f,-0.1306337093930443f,0f,0f,0f,1f], start_interpolation: 0, interpolation_duration: 1 }
$data merge entity $(bone_right_wing2) { transformation: [-0.9907331507264491f,0.10335535493536849f,0.08812204410831115f,-1.0651623977378812f,0.13504907812103178f,0.8187633180337499f,0.5580218414551745f,0.7634548281285942f,-0.014476551740749799f,0.5647515379780285f,-0.8251340071777122f,-0.4520464364310877f,0f,0f,0f,1f], start_interpolation: 0, interpolation_duration: 1 }
$data merge entity $(bone_right_wing1) { transformation: [-0.9585600631815867f,0.21250764982867135f,0.4578364502185452f,-0.5625f,0.387043769984583f,0.9401989426347775f,0.37394408605522633f,0.431536108087172f,-0.32399203153865497f,0.49444671921639044f,-0.9078340798112363f,-0.036935936459732865f,0f,0f,0f,1f], start_interpolation: 0, interpolation_duration: 1 }
$data merge entity $(bone_left_wing3) { transformation: [-0.9753012005997725f,-0.12083985113227862f,-0.6333568223865068f,2.0452545124424426f,-0.44497609341073574f,0.9572724850939629f,0.5025746029710526f,0.6654771076187478f,0.4666255569277411f,0.6602898497151988f,-0.8445315091584908f,-0.13063370939210517f,0f,0f,0f,1f], start_interpolation: 0, interpolation_duration: 1 }
$data merge entity $(bone_left_wing2) { transformation: [-0.990733150726985f,-0.1033553549325353f,-0.08812204410560948f,1.0651623977378812f,-0.13504907811712177f,0.8187633180359661f,0.5580218414528691f,0.7634548281285942f,0.01447655174055229f,0.5647515379753341f,-0.8251340071795599f,-0.4520464364310875f,0f,0f,0f,1f], start_interpolation: 0, interpolation_duration: 1 }
$data merge entity $(bone_left_wing1) { transformation: [-0.9585600631815867f,-0.21250764982867149f,-0.4578364502185449f,0.5625f,-0.387043769984583f,0.9401989426347775f,0.37394408605522633f,0.431536108087172f,0.3239920315386547f,0.49444671921639044f,-0.9078340798112364f,-0.036935936459732754f,0f,0f,0f,1f], start_interpolation: 0, interpolation_duration: 1 }
$data merge entity $(bone_beak_down) { transformation: [-1.1f,-1.3464702270057735e-16f,-4.15603754538877e-18f,-1.1411911795722046e-16f,0f,-0.03393662195730516f,1.09947637795913f,-0.8034037319416603f,-1.3471114790620887e-16f,1.09947637795913f,0.03393662195730516f,0.931853315067452f,0f,0f,0f,1f], start_interpolation: 0, interpolation_duration: 1 }
$data merge entity $(bone_beak_up) { transformation: [-1.1f,-1.3432430536532626e-16f,-1.0201684092886472e-17f,-1.267153238892186e-16f,0f,-0.08330307236330728f,1.0968411909364246f,-0.8108498366505459f,-1.3471114790620887e-16f,1.0968411909364246f,0.08330307236330728f,1.0347091420762526f,0f,0f,0f,1f], start_interpolation: 0, interpolation_duration: 1 }
$data merge entity $(bone_head) { transformation: [-1.1f,-1.343595299413136e-16f,-9.726771517709614e-18f,-1.3157870964807342e-16f,0f,-0.07942511689477944f,1.0971288214272064f,-0.26228542593694276f,-1.3471114790620887e-16f,1.0971288214272064f,0.07942511689477944f,1.0744217005236423f,0f,0f,0f,1f], start_interpolation: 0, interpolation_duration: 1 }
$data merge entity $(bone_neck2) { transformation: [-1f,-4.751010397646895e-17f,1.1287332655133223e-16f,-6.103288055349077e-17f,0f,0.9216806562505946f,0.3879494398674567f,-0.019817026019782302f,-1.2246467991473532e-16f,0.3879494398674567f,-0.9216806562505946f,0.49837129036702055f,0f,0f,0f,1f], start_interpolation: 0, interpolation_duration: 1 }
$data merge entity $(bone_neck1) { transformation: [-1f,-7.531975921453493e-17f,9.656361477535447e-17f,-6.715847242353884e-18f,0f,0.7885017528530335f,0.6150325078788063f,0.3261387596620462f,-1.2246467991473532e-16f,0.6150325078788063f,-0.7885017528530335f,0.05483905438718922f,0f,0f,0f,1f], start_interpolation: 0, interpolation_duration: 1 }
$data merge entity $(bone_body3) { transformation: [-1f,-4.664227263757974e-17f,1.1323469534475843e-16f,6.11406953082714e-17f,0f,0.9246314563807038f,0.38086305921065494f,0.6219676376924995f,-1.2246467991473532e-16f,0.38086305921065494f,-0.9246314563807038f,-0.4992516646500847f,0f,0f,0f,1f], start_interpolation: 0, interpolation_duration: 1 }
$data merge entity $(bone_body2) { transformation: [-1f,-7.42152360748465e-19f,1.2246243112274072e-16f,9.175630308895659e-17f,0f,0.9999816372198402f,0.006060133919961089f,0.6234826711724898f,-1.2246467991473532e-16f,0.006060133919961089f,-0.9999816372198402f,-0.7492470739550448f,0f,0f,0f,1f], start_interpolation: 0, interpolation_duration: 1 }
$data merge entity $(bone_tail2) { transformation: [-1f,-1.4564710266798563e-17f,1.2159550584401871e-16f,3.0113131409295085e-16f,0f,0.9929026551057679f,0.11892988473851468f,0.32338360182795994f,-1.2246467991473532e-16f,0.11892988473851468f,-0.9929026551057679f,-2.4589237835971174f,0f,0f,0f,1f], start_interpolation: 0, interpolation_duration: 1 }
$data merge entity $(bone_tail1) { transformation: [-1f,3.978638251408663e-17f,1.1582159381160906e-16f,2.1426511873424408e-16f,0f,0.9457550854029796f,-0.3248804679176678f,0.5670439527662108f,-1.2246467991473532e-16f,-0.3248804679176678f,-0.9457550854029796f,-1.7496074695448827f,0f,0f,0f,1f], start_interpolation: 0, interpolation_duration: 1 }
$data merge entity $(bone_body1) { transformation: [-1f,-7.42152360748465e-19f,1.2246243112274072e-16f,1.2246467991473532e-16f,0f,0.9999816372198402f,0.006060133919961089f,0.5f,-1.2246467991473532e-16f,0.006060133919961089f,-0.9999816372198402f,-1f,0f,0f,0f,1f], start_interpolation: 0, interpolation_duration: 1 }