# This file was generated by Animated Java via MC-Build. It is not recommended to edit this file directly.
$data merge entity $(bone_left_leg4) { transformation: [-0.8989022571713623f,-0.03956560519985399f,-0.02023103895996034f,0.5784777284935944f,-0.03998468073118486f,0.8989192084670546f,0.01858714490688687f,-0.6434582439927106f,0.019389619879083678f,0.019463286827606424f,-0.8995805817750909f,-1.5291606433390492f,0f,0f,0f,1f], start_interpolation: 0, interpolation_duration: 1 }
$data merge entity $(bone_left_leg3) { transformation: [-0.9878849559102574f,-0.1338370939950806f,0.07855537000830001f,0.47319019737176515f,-0.14685913378115403f,0.9698484770049545f,-0.19448991355908432f,0.09608373335844807f,-0.05015684112100815f,-0.2036702332745829f,-0.9777539196375737f,-1.620803698317638f,0f,0f,0f,1f], start_interpolation: 0, interpolation_duration: 1 }
$data merge entity $(bone_left_leg2) { transformation: [-0.9819527924747599f,0.05978079489577698f,-0.179429568111419f,0.5030805948196536f,-0.17589868095938613f,0.05989408971762281f,0.9825845266711897f,0.12603077821725947f,0.06948645470715412f,0.9964130441631756f,-0.04829780568208278f,-1.1225971762360503f,0f,0f,0f,1f], start_interpolation: 0, interpolation_duration: 1 }
$data merge entity $(bone_left_leg1) { transformation: [-0.9537169587565072f,-0.09547064400270311f,0.2851478891977774f,0.3125000000000001f,-0.1259834367350065f,0.9878852190262294f,-0.09061439012615732f,0.31250152534145614f,-0.2730423707937569f,-0.12234439162956327f,-0.9541906065289663f,-1.000756307291632f,0f,0f,0f,1f], start_interpolation: 0, interpolation_duration: 1 }
$data merge entity $(bone_right_leg4) { transformation: [-0.8999506715950286f,0.008812294556547293f,-0.0033364892185413914f,-0.5118507504128705f,0.008851718458376137f,0.8998917922671281f,-0.0107893137218939f,-0.722989601808018f,0.0032304451690809283f,-0.010821537548077853f,-0.8999291408489365f,-0.8758823879410559f,0f,0f,0f,1f], start_interpolation: 0, interpolation_duration: 1 }
$data merge entity $(bone_right_leg3) { transformation: [-0.9923528624714629f,0.027969809764926815f,-0.1202226521351429f,-0.48335947733072904f,0.11331097241412626f,0.5927054103708107f,-0.7974088788367822f,-0.22862248910261107f,0.04895324172369868f,-0.8049335290934791f,-0.5913421969264988f,-1.442623647453259f,0f,0f,0f,1f], start_interpolation: 0, interpolation_duration: 1 }
$data merge entity $(bone_right_leg2) { transformation: [-0.9952821547598093f,-0.010343374498707814f,0.09646992806388102f,-0.48853116458008294f,0.06888287061050247f,0.6248925070305158f,0.7776660625188512f,0.08382376441264683f,-0.06832702652046013f,0.7806422799599675f,-0.6212318795633207f,-1.0523025074732753f,0f,0f,0f,1f], start_interpolation: 0, interpolation_duration: 1 }
$data merge entity $(bone_right_leg1) { transformation: [-0.9537169587565072f,0.0023247845152630526f,-0.3006967874075083f,-0.3124999999999999f,0.12598343673500648f,0.9110670461437541f,-0.3925366366332334f,0.31250152534145614f,0.27304237079375665f,-0.41225166198312907f,-0.8691929768143968f,-1.0007563072916321f,0f,0f,0f,1f], start_interpolation: 0, interpolation_duration: 1 }
$data merge entity $(bone_right_wing3) { transformation: [-0.9782405330966865f,0.11648376715496446f,0.6296289044926867f,-2.042337349306613f,0.4369258746769682f,0.9618494123666705f,0.5008962506789392f,0.6600180363361834f,-0.4680777771065821f,0.6543949922606684f,-0.8483077004599702f,-0.1254619860455769f,0f,0f,0f,1f], start_interpolation: 0, interpolation_duration: 1 }
$data merge entity $(bone_right_wing2) { transformation: [-0.991957208204717f,0.09962955916754059f,0.07806950768888726f,-1.0651623977378812f,0.12625328553778514f,0.8226780029543816f,0.5543112946223491f,0.7648718369983112f,-0.009000276752312242f,0.5597096161359671f,-0.8286399342436436f,-0.4535185705525095f,0f,0f,0f,1f], start_interpolation: 0, interpolation_duration: 1 }
$data merge entity $(bone_right_wing1) { transformation: [-0.9585600631815867f,0.21250764982867135f,0.4578364502185452f,-0.5625f,0.38423066715254284f,0.9444349255914537f,0.36608820911590134f,0.4365512499709125f,-0.3273232512424612f,0.4863067768379038f,-0.9110303612441819f,-0.03555642389998254f,0f,0f,0f,1f], start_interpolation: 0, interpolation_duration: 1 }
$data merge entity $(bone_left_wing3) { transformation: [-0.9782405330986773f,-0.11648376715167685f,-0.6296289044902017f,2.0423373493059946f,-0.43692587467170024f,0.9618494123692057f,0.5008962506786663f,0.6600180363334567f,0.46807777710733856f,0.6543949922575275f,-0.8483077004619757f,-0.1254619860446073f,0f,0f,0f,1f], start_interpolation: 0, interpolation_duration: 1 }
$data merge entity $(bone_left_wing2) { transformation: [-0.9919572082052102f,-0.09962955916472867f,-0.0780695076862089f,1.0651623977378812f,-0.12625328553392723f,0.82267800295655f,0.5543112946200097f,0.7648718369983112f,0.009000276752069714f,0.5597096161332806f,-0.8286399342454608f,-0.45351857055250927f,0f,0f,0f,1f], start_interpolation: 0, interpolation_duration: 1 }
$data merge entity $(bone_left_wing1) { transformation: [-0.9585600631815867f,-0.21250764982867149f,-0.4578364502185449f,0.5625f,-0.38423066715254284f,0.9444349255914537f,0.36608820911590134f,0.4365512499709125f,0.327323251242461f,0.4863067768379038f,-0.911030361244182f,-0.035556423899982426f,0f,0f,0f,1f], start_interpolation: 0, interpolation_duration: 1 }
$data merge entity $(bone_beak_down) { transformation: [-1.1f,-1.3468859158000747e-16f,-2.465089937995306e-18f,-1.171540967629022e-16f,0f,-0.02012898690227754f,1.0998158136189384f,-0.7791294742800576f,-1.3471114790620887e-16f,1.0998158136189384f,0.02012898690227754f,0.956635797721183f,0f,0f,0f,1f], start_interpolation: 0, interpolation_duration: 1 }
$data merge entity $(bone_beak_up) { transformation: [-1.1f,-1.3451284203731767e-16f,-7.306756958602944e-18f,-1.2976625259278367e-16f,0f,-0.059664198393285364f,1.0983807096949976f,-0.784480685571157f,-1.3471114790620887e-16f,1.0983807096949976f,0.059664198393285364f,1.0596218655299794f,0f,0f,0f,1f], start_interpolation: 0, interpolation_duration: 1 }
$data merge entity $(bone_head) { transformation: [-1.1f,-1.3452966218540242e-16f,-6.990233364486244e-18f,-1.332613692750268e-16f,0f,-0.057079587105058616f,1.0985180566271615f,-0.2352216572575762f,-1.3471114790620887e-16f,1.0985180566271615f,0.057079587105058616f,1.0881616590825087f,0f,0f,0f,1f], start_interpolation: 0, interpolation_duration: 1 }
$data merge entity $(bone_neck2) { transformation: [-1f,-4.487388010796162e-17f,1.1394706100060177e-16f,-6.204445614965069e-17f,0f,0.9304483633969904f,0.3664230383748569f,-0.006207258273290661f,-1.2246467991473532e-16f,0.3664230383748569f,-0.9304483633969904f,0.5066314319593896f,0f,0f,0f,1f], start_interpolation: 0, interpolation_duration: 1 }
$data merge entity $(bone_neck1) { transformation: [-1f,-7.362203174609661e-17f,9.786416232817466e-17f,-6.995864840052432e-18f,0f,0.7991215295406928f,0.6011695110570259f,0.3319505916962864f,-1.2246467991473532e-16f,0.6011695110570259f,-0.7991215295406928f,0.05712557159275f,0f,0f,0f,1f], start_interpolation: 0, interpolation_duration: 1 }
$data merge entity $(bone_body3) { transformation: [-1f,-4.566240434262067e-17f,1.1363336946632179e-16f,6.117109080498489e-17f,0f,0.9278868776322917f,0.37286182738086293f,0.622982163661344f,-1.2246467991473532e-16f,0.37286182738086293f,-0.9278868776322917f,-0.49949986271612834f,0f,0f,0f,1f], start_interpolation: 0, interpolation_duration: 1 }
$data merge entity $(bone_body2) { transformation: [-1f,-4.939782953967634e-19f,1.2246368364565167e-16f,9.17870117163978e-17f,0f,0.9999918648455673f,0.004033638888703994f,0.6239905733835199f,-1.2246467991473532e-16f,0.004033638888703994f,-0.9999918648455673f,-0.7494978289275201f,0f,0f,0f,1f], start_interpolation: 0, interpolation_duration: 1 }
$data merge entity $(bone_tail2) { transformation: [-1f,-8.339573904313605e-18f,1.2218039668340035e-16f,2.9960387719626214e-16f,0f,0.9976786512524843f,0.06809778876750378f,0.2878633322061665f,-1.2246467991473532e-16f,0.06809778876750378f,-0.9976786512524843f,-2.4464513148187548f,0f,0f,0f,1f], start_interpolation: 0, interpolation_duration: 1 }
$data merge entity $(bone_tail1) { transformation: [-1f,4.533828409193489e-17f,1.1376307758766716e-16f,2.1428156900551177e-16f,0f,0.928946024820164f,-0.37021518468427933f,0.565524720719376f,-1.2246467991473532e-16f,-0.37021518468427933f,-0.928946024820164f,-1.7497417962036317f,0f,0f,0f,1f], start_interpolation: 0, interpolation_duration: 1 }
$data merge entity $(bone_body1) { transformation: [-1f,-4.939782953967634e-19f,1.2246368364565167e-16f,1.2246467991473532e-16f,0f,0.9999918648455673f,0.004033638888703994f,0.5f,-1.2246467991473532e-16f,0.004033638888703994f,-0.9999918648455673f,-1f,0f,0f,0f,1f], start_interpolation: 0, interpolation_duration: 1 }