# This file was generated by Animated Java via MC-Build. It is not recommended to edit this file directly.
$data merge entity $(bone_left_leg4) { transformation: [-0.898938533882804f,-0.03910530745250309f,-0.01950095458382703f,0.5772199927526454f,-0.039459776048321904f,0.8989878490131964f,0.01624110220530417f,-0.6454605204620552f,0.018773342133236455f,0.017076951006314706f,-0.8996421173830611f,-1.5198979024063575f,0f,0f,0f,1f], start_interpolation: 0, interpolation_duration: 1 }
$data merge entity $(bone_left_leg3) { transformation: [-0.9880427726144458f,-0.1321582699685871f,0.07940825626639121f,0.4731382742595556f,-0.14591173978983393f,0.9678975724777966f,-0.2046559390369425f,0.09325365508610134f,-0.04981208363301583f,-0.2137954182635798f,-0.975607644216485f,-1.619268988340512f,0f,0f,0f,1f], start_interpolation: 0, interpolation_duration: 1 }
$data merge entity $(bone_left_leg2) { transformation: [-0.9821737445541642f,0.059605956233174884f,-0.17827469110891916f,0.5029412523761431f,-0.1744761344535995f,0.06383654437094488f,0.9825899318173916f,0.12517192727157378f,0.06994865270025682f,0.9961787116699022f,-0.05229876099023434f,-1.121179632505561f,0f,0f,0f,1f], start_interpolation: 0, interpolation_duration: 1 }
$data merge entity $(bone_left_leg1) { transformation: [-0.9537169587565072f,-0.09435705878765376f,0.2855183147141039f,0.3125000000000001f,-0.12644127565261562f,0.9873111894050586f,-0.0960688247399121f,0.3125005204671788f,-0.27283065515366506f,-0.12772376729689716f,-0.9535460517856021f,-1.000441786058137f,0f,0f,0f,1f], start_interpolation: 0, interpolation_duration: 1 }
$data merge entity $(bone_right_leg4) { transformation: [-0.8999516291354922f,0.00882598859656615f,-0.003027728796771663f,-0.5115503639482253f,0.008873695712723756f,0.8998393099588027f,-0.014507714405235406f,-0.7223228765926724f,0.0028849160770294466f,-0.014536787064519274f,-0.8998779689941683f,-0.8729634567482386f,0f,0f,0f,1f], start_interpolation: 0, interpolation_duration: 1 }
$data merge entity $(bone_right_leg3) { transformation: [-0.9924298306822755f,0.027913388547605777f,-0.11959880397286664f,-0.48314039728921676f,0.11289413270071555f,0.59074868257735f,-0.7989185871131543f,-0.22932895296508765f,0.048352310944803904f,-0.8063726413841902f,-0.5894278728168367f,-1.440903695735329f,0f,0f,0f,1f], start_interpolation: 0, interpolation_duration: 1 }
$data merge entity $(bone_right_leg2) { transformation: [-0.9953919473517086f,-0.010421209410556631f,0.09532192581874711f,-0.4883510019944951f,0.06788381723359635f,0.625511080299993f,0.7772565057815415f,0.08342658718490886f,-0.06772487360762733f,0.7801456830723072f,-0.6219212608349016f,-1.0508308541991753f,0f,0f,0f,1f], start_interpolation: 0, interpolation_duration: 1 }
$data merge entity $(bone_right_leg1) { transformation: [-0.9537169587565072f,0.0013579970896070669f,-0.30070270771002927f,-0.3124999999999999f,0.12644127565261562f,0.9091027883852767f,-0.3969190395552401f,0.3125005204671788f,0.2728306551536647f,-0.41656965323222905f,-0.867198453420209f,-1.0004417860581372f,0f,0f,0f,1f], start_interpolation: 0, interpolation_duration: 1 }
$data merge entity $(bone_right_wing3) { transformation: [-0.9814332284386571f,0.1118353955337304f,0.6254895909596349f,-2.038989294916385f,0.4285649885692253f,0.9662298881983725f,0.49968732193380927f,0.6536238378653618f,-0.4691230485338542f,0.6487281506413427f,-0.8520744790664303f,-0.11953968506950408f,0f,0f,0f,1f], start_interpolation: 0, interpolation_duration: 1 }
$data merge entity $(bone_right_wing2) { transformation: [-0.9931562552582431f,0.09565376728870867f,0.06701499417966994f,-1.0651623977378812f,0.11676208311210287f,0.8264246612803948f,0.5508074937534047f,0.7661005217364594f,-0.0026960320372762525f,0.5548627181844732f,-0.8319375549764488f,-0.4549446612431575f,0f,0f,0f,1f], start_interpolation: 0, interpolation_duration: 1 }
$data merge entity $(bone_right_wing1) { transformation: [-0.9585600631815867f,0.21250764982867135f,0.4578364502185452f,-0.5625f,0.3814081286279998f,0.9485726190825341f,0.3582581985865777f,0.44137808658717237f,-0.3306078580447095f,0.4781857340012427f,-0.9141378228187984f,-0.03418094606429223f,0f,0f,0f,1f], start_interpolation: 0, interpolation_duration: 1 }
$data merge entity $(bone_left_wing3) { transformation: [-0.9814332284406029f,-0.11183539553047035f,-0.6254895909571644f,2.038989294915734f,-0.4285649885639959f,0.9662298882008498f,0.49968732193350407f,0.6536238378627042f,0.4691230485345605f,0.648728150638215f,-0.8520744790684228f,-0.11953968506850504f,0f,0f,0f,1f], start_interpolation: 0, interpolation_duration: 1 }
$data merge entity $(bone_left_wing2) { transformation: [-0.9931562552586906f,-0.09565376728592033f,-0.06701499417701756f,1.0651623977378812f,-0.11676208310830294f,0.8264246612825137f,0.5508074937510311f,0.7661005217364594f,0.0026960320369892044f,0.554862718181798f,-0.8319375549782341f,-0.4549446612431573f,0f,0f,0f,1f], start_interpolation: 0, interpolation_duration: 1 }
$data merge entity $(bone_left_wing1) { transformation: [-0.9585600631815867f,-0.21250764982867149f,-0.4578364502185449f,0.5625f,-0.3814081286279998f,0.9485726190825341f,0.3582581985865777f,0.44137808658717237f,0.3306078580447092f,0.4781857340012427f,-0.9141378228187985f,-0.03418094606429212f,0f,0f,0f,1f], start_interpolation: 0, interpolation_duration: 1 }
$data merge entity $(bone_beak_down) { transformation: [-1.1f,-1.347097408365413e-16f,-6.157060665234976e-19f,-1.2032576086876953e-16f,0f,-0.005027621571804704f,1.0999885104042364f,-0.7531607697055955f,-1.3471114790620887e-16f,1.0999885104042364f,0.005027621571804704f,0.9825344005516122f,0f,0f,0f,1f], start_interpolation: 0, interpolation_duration: 1 }
$data merge entity $(bone_beak_up) { transformation: [-1.1f,-1.346444451004394e-16f,-4.238723133591432e-18f,-1.3294921185183218e-16f,0f,-0.03461180102330386f,1.0994553302567247f,-0.7562639533894848f,-1.3471114790620887e-16f,1.0994553302567247f,0.03461180102330386f,1.085612700285475f,0f,0f,0f,1f], start_interpolation: 0, interpolation_duration: 1 }
$data merge entity $(bone_head) { transformation: [-1.1f,-1.3465014381933489e-16f,-4.0536575633507694e-18f,-1.3497604063350757e-16f,0f,-0.03310062596148594f,1.099501863827869f,-0.20651302147555023f,-1.3471114790620887e-16f,1.099501863827869f,0.03310062596148594f,1.102163013266218f,0f,0f,0f,1f], start_interpolation: 0, interpolation_duration: 1 }
$data merge entity $(bone_neck2) { transformation: [-1f,-4.197701236388394e-17f,1.1504576593521777e-16f,-6.307243692399646e-17f,0f,0.9394199700298659f,0.3427683181233149f,0.007717177351521554f,-1.2246467991473532e-16f,0.3427683181233149f,-0.9394199700298659f,0.5150255319975516f,0f,0f,0f,1f], start_interpolation: 0, interpolation_duration: 1 }
$data merge entity $(bone_neck1) { transformation: [-1f,-7.181531347364524e-17f,9.919757344461934e-17f,-7.273801861398077e-18f,0f,0.8100096575901277f,0.5864165367814284f,0.337576479291075f,-1.2246467991473532e-16f,0.5864165367814284f,-0.8100096575901277f,0.05939509960310485f,0f,0f,0f,1f], start_interpolation: 0, interpolation_duration: 1 }
$data merge entity $(bone_body3) { transformation: [-1f,-4.468576238066817e-17f,1.140209650330896e-16f,6.119644113549117e-17f,0f,0.931051835618853f,0.3648869405593526f,0.6238215568668487f,-1.2246467991473532e-16f,0.3648869405593526f,-0.931051835618853f,-0.49970686387371865f,0f,0f,0f,1f], start_interpolation: 0, interpolation_duration: 1 }
$data merge entity $(bone_body2) { transformation: [-1f,-2.8855033706956674e-19f,1.224643399742209e-16f,9.181252612904639e-17f,0f,0.9999972241750464f,0.0023561923100641484f,0.6244106049443647f,-1.2246467991473532e-16f,0.0023561923100641484f,-0.9999972241750464f,-0.7497061699174803f,0f,0f,0f,1f], start_interpolation: 0, interpolation_duration: 1 }
$data merge entity $(bone_tail2) { transformation: [-1f,-2.6321375951963962e-18f,1.2243639033513906e-16f,2.9804217733184524e-16f,0f,0.9997689980522061f,0.02149303453884821f,0.25628750714243764f,-1.2246467991473532e-16f,0.02149303453884821f,-0.9997689980522061f,-2.4336990676769314f,0f,0f,0f,1f], start_interpolation: 0, interpolation_duration: 1 }
$data merge entity $(bone_tail1) { transformation: [-1f,5.0288808573619445e-17f,1.1166303577668145e-16f,2.1429490049933414e-16f,0f,0.9117978820867012f,-0.4106392848014012f,0.5642669707434885f,-1.2246467991473532e-16f,-0.4106392848014012f,-0.9117978820867012f,-1.7498506561119058f,0f,0f,0f,1f], start_interpolation: 0, interpolation_duration: 1 }
$data merge entity $(bone_body1) { transformation: [-1f,-2.8855033706956674e-19f,1.224643399742209e-16f,1.2246467991473532e-16f,0f,0.9999972241750464f,0.0023561923100641484f,0.5f,-1.2246467991473532e-16f,0.0023561923100641484f,-0.9999972241750464f,-1f,0f,0f,0f,1f], start_interpolation: 0, interpolation_duration: 1 }