# This file was generated by Animated Java via MC-Build. It is not recommended to edit this file directly.
$data merge entity $(bone_left_leg4) { transformation: [-0.8995205599068237f,-0.02915204239470585f,0.0035945415746544557f,0.5561322418896608f,-0.029372528566213918f,0.8932378462662635f,-0.10612918808336291f,-0.6349348959028766f,-0.00012988664904110825f,-0.10618996384698581f,-0.8937134186682182f,-1.3402852472028115f,0f,0f,0f,1f], start_interpolation: 0, interpolation_duration: 1 }
$data merge entity $(bone_left_leg3) { transformation: [-0.9895538342684389f,-0.10149972329266009f,0.10237682968398854f,0.47360889756491653f,-0.1355736387443126f,0.8966609210568869f,-0.42144866962305344f,0.06390133674122943f,-0.04902037905052955f,-0.4309257462961902f,-0.9010549392888391f,-1.6071636232194018f,0f,0f,0f,1f], start_interpolation: 0, interpolation_duration: 1 }
$data merge entity $(bone_left_leg2) { transformation: [-0.9846747395091312f,0.05522316719427872f,-0.16542689980065936f,0.5012204811620559f,-0.15888224624582276f,0.10710038151996518f,0.9814713139497048f,0.11745152750121202f,0.07191723854894863f,0.9927134078289217f,-0.09668505942586483f,-1.110806919304941f,0f,0f,0f,1f], start_interpolation: 0, interpolation_duration: 1 }
$data merge entity $(bone_left_leg1) { transformation: [-0.9537169587565072f,-0.08114846920229746f,0.28954945782432845f,0.3125000000000001f,-0.12708376616539033f,0.9814526596062421f,-0.14352837116422068f,0.3125f,-0.27253197786215694f,-0.17368247723347824f,-0.9463406987679348f,-1f,0f,0f,0f,1f], start_interpolation: 0, interpolation_duration: 1 }
$data merge entity $(bone_right_leg4) { transformation: [-0.8999362814593007f,0.010332666004988708f,-0.0028151956301187137f,-0.5069396029048745f,0.010376924599093479f,0.8998222786753993f,-0.014566613720315924f,-0.7120898692521764f,0.002647404213794134f,-0.014598041397445083f,-0.8998777074904611f,-0.8868557400453282f,0f,0f,0f,1f], start_interpolation: 0, interpolation_duration: 1 }
$data merge entity $(bone_right_leg3) { transformation: [-0.9929636773523216f,0.02501196587635339f,-0.11574773009417891f,-0.48094639536672323f,0.10768049950116325f,0.5974300680696725f,-0.7946585579942159f,-0.21435115832528356f,0.04927520153317186f,-0.8015308573780968f,-0.5959196583303817f,-1.4507589044332518f,0f,0f,0f,1f], start_interpolation: 0, interpolation_duration: 1 }
$data merge entity $(bone_right_leg2) { transformation: [-0.9955437779619632f,-0.01430111520891858f,0.09320978631561341f,-0.48809695297118255f,0.06649044050279679f,0.5944610045426724f,0.8013707852173434f,0.08287934394605262f,-0.0668700791308422f,0.8039972588149158f,-0.5908610668635537f,-1.048760275025794f,0f,0f,0f,1f], start_interpolation: 0, interpolation_duration: 1 }
$data merge entity $(bone_right_wing3) { transformation: [-1.016958861563808f,0.06679222996130293f,0.5729651279791832f,-1.9880535740399496f,0.34626561389363747f,0.9994881567140999f,0.4980754111574627f,0.5737748850398698f,-0.4613570900054183f,0.6029243638978353f,-0.8891498258992602f,-0.03818683779196913f,0f,0f,0f,1f], start_interpolation: 0, interpolation_duration: 1 }
$data merge entity $(bone_right_wing2) { transformation: [-0.9962134250592048f,0.05712796374458601f,-0.0655378325107353f,-1.0651623977378812f,0.014903774155621552f,0.8548707418959838f,0.5186269296576572f,0.7702619154712164f,0.08565447593515557f,0.515686348867805f,-0.8524851320367213f,-0.4661483450575823f,0f,0f,0f,1f], start_interpolation: 0, interpolation_duration: 1 }
$data merge entity $(bone_right_wing1) { transformation: [-0.9585600631815867f,0.21250764982867137f,0.4578364502185452f,-0.5625f,0.3552581056659139f,0.9820817957607456f,0.287955093556489f,0.4783584806701966f,-0.3585601689299717f,0.4049283347837673f,-0.9386579569029744f,-0.02198717087441382f,0f,0f,0f,1f], start_interpolation: 0, interpolation_duration: 1 }
$data merge entity $(bone_left_wing3) { transformation: [-1.0169588615652714f,-0.06679222995838661f,-0.5729651279769259f,1.988053574039007f,-0.34626561388895866f,0.999488156716017f,0.4980754111568685f,0.5737748850380039f,0.4613570900057044f,0.6029243638949805f,-0.8891498259010476f,-0.03818683779079268f,0f,0f,0f,1f], start_interpolation: 0, interpolation_duration: 1 }
$data merge entity $(bone_left_wing2) { transformation: [-0.9962134250591965f,-0.057127963742091656f,0.06553783251303613f,1.0651623977378812f,-0.014903774152549426f,0.8548707418976235f,0.5186269296550428f,0.7702619154712164f,-0.08565447593578701f,0.5156863488653631f,-0.852485132038135f,-0.46614834505758207f,0f,0f,0f,1f], start_interpolation: 0, interpolation_duration: 1 }
$data merge entity $(bone_left_wing1) { transformation: [-0.9585600631815867f,-0.21250764982867143f,-0.4578364502185449f,0.5625f,-0.3552581056659139f,0.9820817957607456f,0.287955093556489f,0.4783584806701966f,0.3585601689299715f,0.4049283347837673f,-0.9386579569029745f,-0.02198717087441371f,0f,0f,0f,1f], start_interpolation: 0, interpolation_duration: 1 }
$data merge entity $(bone_beak_down) { transformation: [-1.1f,-1.3310855924046184e-16f,2.0717259160829048e-17f,-1.5065638825875137e-16f,0f,0.16916925904883917f,1.0869138704574832f,-0.4472286845541423f,-1.3471114790620887e-16f,1.0869138704574832f,-0.16916925904883917f,1.2302027683708001f,0f,0f,0f,1f], start_interpolation: 0, interpolation_duration: 1 }
$data merge entity $(bone_beak_up) { transformation: [-1.1f,-1.3162155206554624e-16f,2.86855434333253e-17f,-1.6299590876489631e-16f,0f,0.23423523789305836f,1.0747715354107508f,-0.425269131001668f,-1.3471114790620887e-16f,1.0747715354107508f,-0.23423523789305836f,1.330962599815558f,0f,0f,0f,1f], start_interpolation: 0, interpolation_duration: 1 }
$data merge entity $(bone_head) { transformation: [-1.1f,-1.3162155206554624e-16f,2.86855434333253e-17f,-1.4865313704823367e-16f,0f,0.23423523789305836f,1.0747715354107508f,0.11211663670370738f,-1.3471114790620887e-16f,1.0747715354107508f,-0.23423523789305836f,1.2138449808690288f,0f,0f,0f,1f], start_interpolation: 0, interpolation_duration: 1 }
$data merge entity $(bone_neck2) { transformation: [-1f,-6.61790902965986e-18f,1.2228573549966377e-16f,-7.222455236094381e-17f,0f,0.9985388079632743f,0.05403932819052415f,0.14589121682278497f,-1.2246467991473532e-16f,0.05403932819052415f,-0.9985388079632743f,0.5897582258919823f,0f,0f,0f,1f], start_interpolation: 0, interpolation_duration: 1 }
$data merge entity $(bone_neck1) { transformation: [-1f,-5.139277218349718e-17f,1.1115925869631257e-16f,-9.69746934426799e-18f,0f,0.907684230046622f,0.4196538317764667f,0.3819464971970475f,-1.2246467991473532e-16f,0.4196538317764667f,-0.907684230046622f,0.07918584649075744f,0f,0f,0f,1f], start_interpolation: 0, interpolation_duration: 1 }
$data merge entity $(bone_body3) { transformation: [-1f,-3.5916813453869684e-17f,1.1707937622800398e-16f,6.123233995736765e-17f,0f,0.9560256582511725f,0.29328303865960675f,0.625f,-1.2246467991473532e-16f,0.29328303865960675f,-0.9560256582511725f,-0.5f,0f,0f,0f,1f], start_interpolation: 0, interpolation_duration: 1 }
$data merge entity $(bone_tail2) { transformation: [-1f,2.2330551608685824e-17f,1.2041156211705914e-16f,2.899116335399855e-16f,0f,0.9832350209129224f,-0.18234279160516503f,0.1365532179447161f,-1.2246467991473532e-16f,-0.18234279160516503f,-0.9832350209129224f,-2.3673081393086832f,0f,0f,0f,1f], start_interpolation: 0, interpolation_duration: 1 }
$data merge entity $(bone_tail1) { transformation: [-1f,6.95512484334825e-17f,1.0079792491893161e-16f,2.143131898507868e-16f,0f,0.823077519078244f,-0.5679290427403786f,0.5625f,-1.2246467991473532e-16f,-0.5679290427403786f,-0.823077519078244f,-1.75f,0f,0f,0f,1f], start_interpolation: 0, interpolation_duration: 1 }