# This file was generated by Animated Java via MC-Build. It is not recommended to edit this file directly.
$data merge entity $(bone_left_leg4) { transformation: [-0.8992322837804666f,-0.0032751046074745577f,0.03702125736352954f,0.500598674557487f,-0.017831301216404825f,0.8245979243575188f,-0.3601670554648234f,-0.4875581645741594f,-0.032608963551398404f,-0.360593312243976f,-0.8239594156637946f,-1.0070740928594983f,0f,0f,0f,1f], start_interpolation: 0, interpolation_duration: 1 }
$data merge entity $(bone_left_leg3) { transformation: [-0.9923555388986506f,-0.026051958028470754f,0.12063075851561185f,0.47352028362890813f,-0.11292870779948891f,0.5859281281231645f,-0.8024558153747917f,0.0020414199791384674f,-0.04977540930928357f,-0.8099441487886477f,-0.5843910372953421f,-1.5780077646200252f,0f,0f,0f,1f], start_interpolation: 0, interpolation_duration: 1 }
$data merge entity $(bone_left_leg2) { transformation: [-0.9895320516400194f,0.04676813101202104f,-0.13652494533504267f,0.49690434913491865f,-0.12454480418427433f,0.20115808585792858f,0.9716089832050109f,0.10262046290810276f,0.07290343289444404f,0.9784417031257493f,-0.19322764568401876f,-1.0887869130571506f,0f,0f,0f,1f], start_interpolation: 0, interpolation_duration: 1 }
$data merge entity $(bone_left_leg1) { transformation: [-0.9537169587565072f,-0.05139791795042181f,0.2962806382648055f,0.3125000000000001f,-0.12708376616539033f,0.9618631321518349f,-0.24221690978187724f,0.3125f,-0.27253197786215694f,-0.26865883390914835f,-0.9238770221220557f,-1f,0f,0f,0f,1f], start_interpolation: 0, interpolation_duration: 1 }
$data merge entity $(bone_right_leg4) { transformation: [-0.8998877907179241f,0.013875554590645434f,-0.0030713354775374346f,-0.49659378912669927f,0.013881077384840512f,0.89989152209514f,-0.0016012969519380027f,-0.6863613791634369f,0.0030462776383038542f,-0.0016484678020013965f,-0.899993334834462f,-0.9293819531047334f,0f,0f,0f,1f], start_interpolation: 0, interpolation_duration: 1 }
$data merge entity $(bone_right_leg3) { transformation: [-0.9939994189176431f,0.018119764804779656f,-0.10787413644987973f,-0.47626183199499705f,0.09576970042190394f,0.620657292711519f,-0.7782112113591697f,-0.17223020891984958f,0.05285186536430449f,-0.7838725656172865f,-0.6186683127493166f,-1.478619607770866f,0f,0f,0f,1f], start_interpolation: 0, interpolation_duration: 1 }
$data merge entity $(bone_right_leg2) { transformation: [-0.9955437779619632f,-0.02367024195237094f,0.09128146475126951f,-0.48809695297118255f,0.06649044050279676f,0.5102191057318044f,0.8574703991788766f,0.08287934394605262f,-0.06687007913084206f,0.8597186654901439f,-0.506371611294394f,-1.048760275025794f,0f,0f,0f,1f], start_interpolation: 0, interpolation_duration: 1 }
$data merge entity $(bone_right_wing3) { transformation: [-1.081719686061279f,0.027642598228732076f,0.4428024091253521f,-1.8108571425737714f,0.20235656776199595f,1.0691933091476207f,0.4275898187914525f,0.49946221507888466f,-0.39482895821815744f,0.47224688502274675f,-0.9940063074826232f,0.1741129934820863f,0f,0f,0f,1f], start_interpolation: 0, interpolation_duration: 1 }
$data merge entity $(bone_right_wing2) { transformation: [-0.934148647622669f,0.023642949940914926f,-0.35610014751868624f,-1.0651623977378812f,-0.1237065213566682f,0.914490153066117f,0.38523298991511845f,0.7738708953999759f,0.33475812270738237f,0.4039167870529783f,-0.8513449526591603f,-0.4908122292411714f,0f,0f,0f,1f], start_interpolation: 0, interpolation_duration: 1 }
$data merge entity $(bone_right_wing1) { transformation: [-0.9585600631815867f,0.21250764982867137f,0.4578364502185452f,-0.5625f,0.29058438170995926f,1.035802252144278f,0.12761474315373045f,0.560012020125487f,-0.4127159234760203f,0.2357229397581972f,-0.9735046858090617f,-0.004241427233144246f,0f,0f,0f,1f], start_interpolation: 0, interpolation_duration: 1 }
$data merge entity $(bone_left_wing3) { transformation: [-1.0817196860619636f,-0.02764259822670167f,-0.4428024091238058f,1.8108571425727622f,-0.20235656775891622f,1.0691933091485526f,0.4275898187905795f,0.49946221507849187f,0.3948289582178596f,0.4722468850207553f,-0.9940063074836879f,0.1741129934830563f,0f,0f,0f,1f], start_interpolation: 0, interpolation_duration: 1 }
$data merge entity $(bone_left_wing2) { transformation: [-0.9341486476221923f,-0.0236429499391783f,0.3561001475200518f,1.0651623977378812f,0.1237065213580801f,0.9144901530669142f,0.3852329899127727f,0.7738708953999759f,-0.3347581227081908f,0.403916787051275f,-0.8513449526596508f,-0.4908122292411712f,0f,0f,0f,1f], start_interpolation: 0, interpolation_duration: 1 }
$data merge entity $(bone_left_wing1) { transformation: [-0.9585600631815867f,-0.21250764982867143f,-0.4578364502185449f,0.5625f,-0.29058438170995926f,1.035802252144278f,0.12761474315373045f,0.560012020125487f,0.41271592347602004f,0.23572293975819714f,-0.9735046858090618f,-0.004241427233144135f,0f,0f,0f,1f], start_interpolation: 0, interpolation_duration: 1 }
$data merge entity $(bone_beak_down) { transformation: [-1.1f,-1.1818614473156141e-16f,6.464617980746337e-17f,-1.82635000590101e-16f,0f,0.5278761178526948f,0.9650631089212598f,0.3651004939626126f,-1.3471114790620887e-16f,0.9650631089212598f,-0.5278761178526948f,1.4913279544539586f,0f,0f,0f,1f], start_interpolation: 0, interpolation_duration: 1 }
$data merge entity $(bone_beak_up) { transformation: [-1.1f,-9.775254763945263e-17f,9.269052163088204e-17f,-1.9179930193129968e-16f,0f,0.7568755472632337f,0.7982101264422671f,0.43605757651854077f,-1.3471114790620887e-16f,0.7982101264422671f,-0.7568755472632337f,1.566160153807921f,0f,0f,0f,1f], start_interpolation: 0, interpolation_duration: 1 }
$data merge entity $(bone_head) { transformation: [-1.1f,-9.775254763945263e-17f,9.269052163088204e-17f,-1.4545404111585865e-16f,0f,0.7568755472632337f,0.7982101264422671f,0.8351626397396743f,-1.3471114790620887e-16f,0.7982101264422671f,-0.7568755472632337f,1.1877223801763042f,0f,0f,0f,1f], start_interpolation: 0, interpolation_duration: 1 }
$data merge entity $(bone_neck2) { transformation: [-1f,6.976920563697144e-17f,1.0064718461737796e-16f,-8.254955072999742e-17f,0f,0.8218466311058213f,-0.5697087983698441f,0.47909464075852176f,-1.2246467991473532e-16f,-0.5697087983698441f,-0.8218466311058213f,0.6740682357351657f,0f,0f,0f,1f], start_interpolation: 0, interpolation_duration: 1 }
$data merge entity $(bone_neck1) { transformation: [-1f,-5.879529941250879e-19f,1.2246326852528178e-16f,-1.3663962184526424e-17f,0f,0.9999884751305069f,0.0048010005377423365f,0.4817952035610018f,-1.2246467991473532e-16f,0.0048010005377423365f,-0.9999884751305069f,0.1115747184742556f,0f,0f,0f,1f], start_interpolation: 0, interpolation_duration: 1 }
$data merge entity $(bone_body3) { transformation: [-1f,-1.5917464307274993e-17f,1.2142582985775802e-16f,6.123233995736765e-17f,0f,0.9915171455337116f,0.129975959749026f,0.625f,-1.2246467991473532e-16f,0.129975959749026f,-0.9915171455337116f,-0.5f,0f,0f,0f,1f], start_interpolation: 0, interpolation_duration: 1 }
$data merge entity $(bone_tail2) { transformation: [-1f,3.0053232699821265e-17f,1.1871984261659452e-16f,2.8882196342640967e-16f,0f,0.9694210828726446f,-0.24540326827902947f,0.12393769243088215f,-1.2246467991473532e-16f,-0.24540326827902947f,-0.9694210828726446f,-2.358410307588268f,0f,0f,0f,1f], start_interpolation: 0, interpolation_duration: 1 }
$data merge entity $(bone_tail1) { transformation: [-1f,7.16111901588263e-17f,9.934503143416382e-17f,2.143131898507868e-16f,0f,0.8112137434510236f,-0.5847497434254905f,0.5625f,-1.2246467991473532e-16f,-0.5847497434254905f,-0.8112137434510236f,-1.75f,0f,0f,0f,1f], start_interpolation: 0, interpolation_duration: 1 }