# This file was generated by Animated Java via MC-Build. It is not recommended to edit this file directly.
$data merge entity $(bone_left_leg4) { transformation: [-0.8993904925749254f,-0.003638223706035233f,0.03291664007911488f,0.4863211626141025f,-0.015410498302429347f,0.837777957580913f,-0.3284670612612842f,-0.47712899556740074f,-0.029313109829971415f,-0.32880823760942873f,-0.8372728853081756f,-0.9528832430479066f,0f,0f,0f,1f], start_interpolation: 0, interpolation_duration: 1 }
$data merge entity $(bone_left_leg3) { transformation: [-0.9936444409841846f,-0.009000861673856317f,0.11220387422168358f,0.47255777421985506f,-0.10026024388198856f,0.5239185618556975f,-0.8458470452982506f,-0.031324633844487f,-0.05117234016489229f,-0.8517208022774749f,-0.5214911951029113f,-1.5590806450620809f,0f,0f,0f,1f], start_interpolation: 0, interpolation_duration: 1 }
$data merge entity $(bone_left_leg2) { transformation: [-0.9918391212390942f,0.04325730396749827f,-0.11993316152392886f,0.4941864262036042f,-0.1052374916165932f,0.2532676738488426f,0.9616551126788876f,0.09530920307993429f,0.07197380035755255f,0.9664286269749361f,-0.2466484969048697f,-1.0758663315746129f,0f,0f,0f,1f], start_interpolation: 0, interpolation_duration: 1 }
$data merge entity $(bone_left_leg1) { transformation: [-0.9537169587565072f,-0.034457994780296514f,0.29872497246792057f,0.3125000000000001f,-0.12708376616539035f,0.9465243621228456f,-0.2965490655610984f,0.3125f,-0.27253197786215694f,-0.3207869674778907f,-0.9070953877839307f,-1f,0f,0f,0f,1f], start_interpolation: 0, interpolation_duration: 1 }
$data merge entity $(bone_right_leg4) { transformation: [-0.8998565614756985f,0.01577984997854054f,-0.003027392242034313f,-0.4909270931712188f,0.01576050867988002f,0.8998440429740358f,0.005683721517839857f,-0.670521201287534f,0.003126521275124111f,0.005629800955245345f,-0.8999769609306232f,-0.9515151619483677f,0f,0f,0f,1f], start_interpolation: 0, interpolation_duration: 1 }
$data merge entity $(bone_right_leg3) { transformation: [-0.9945539633044775f,0.01438830290072625f,-0.10322495248239565f,-0.4736843064655244f,0.08894619297634626f,0.6334047417023628f,-0.7686917509274942f,-0.1474244105777934f,0.05432300461471611f,-0.7736868939878712f,-0.6312349810023441f,-1.4923281461266247f,0f,0f,0f,1f], start_interpolation: 0, interpolation_duration: 1 }
$data merge entity $(bone_right_leg2) { transformation: [-0.9955437779619632f,-0.028825293011316255f,0.08978690686304325f,-0.48809695297118255f,0.06649044050279682f,0.46060750904769204f,0.8851100179811683f,0.08287934394605262f,-0.06687007913084203f,0.887135742201661f,-0.45663833328504394f,-1.048760275025794f,0f,0f,0f,1f], start_interpolation: 0, interpolation_duration: 1 }
$data merge entity $(bone_right_wing3) { transformation: [-1.1088286332846786f,0.03660456948507187f,0.3689373029085112f,-1.682582215091358f,0.15142872371604377f,1.1067000506713354f,0.3453113167192116f,0.5252857333727469f,-0.3384139028147689f,0.3752741255581555f,-1.0543248678869332f,0.2896236733374248f,0f,0f,0f,1f], start_interpolation: 0, interpolation_duration: 1 }
$data merge entity $(bone_right_wing2) { transformation: [-0.8628286263142039f,0.03130820036463673f,-0.5045260728670736f,-1.0651623977378812f,-0.1365038641178375f,0.9465699888671635f,0.2921847895714571f,0.7740910496234652f,0.4867170191123821f,0.3209751591103983f,-0.8124539928761574f,-0.5043379201100033f,0f,0f,0f,1f], start_interpolation: 0, interpolation_duration: 1 }
$data merge entity $(bone_right_wing1) { transformation: [-0.9585600631815867f,0.2125076498286714f,0.4578364502185452f,-0.5625f,0.25199665908885077f,1.0528990626394457f,0.038889057743084536f,0.6051956949532904f,-0.43734585878053206f,0.14090838785672843f,-0.9810629628878299f,-0.00039236444824342076f,0f,0f,0f,1f], start_interpolation: 0, interpolation_duration: 1 }
$data merge entity $(bone_left_wing3) { transformation: [-1.1088286332850743f,-0.03660456948362686f,-0.3689373029074643f,1.6825822150905863f,-0.15142872371398539f,1.1067000506718547f,0.34531131671845006f,0.5252857333728185f,0.3384139028143927f,0.37527412555676487f,-1.0543248678875492f,0.2896236733380475f,0f,0f,0f,1f], start_interpolation: 0, interpolation_duration: 1 }
$data merge entity $(bone_left_wing2) { transformation: [-0.8628286263137543f,-0.031308200363400804f,0.5045260728679187f,1.0651623977378812f,0.13650386411850948f,0.9465699888676077f,0.2921847895697043f,0.7740910496234652f,-0.48671701911299026f,0.32097515910920893f,-0.8124539928762631f,-0.5043379201100031f,0f,0f,0f,1f], start_interpolation: 0, interpolation_duration: 1 }
$data merge entity $(bone_left_wing1) { transformation: [-0.9585600631815867f,-0.2125076498286714f,-0.4578364502185449f,0.5625f,-0.25199665908885077f,1.0528990626394457f,0.038889057743084536f,0.6051956949532904f,0.43734585878053184f,0.14090838785672838f,-0.98106296288783f,-0.00039236444824330974f,0f,0f,0f,1f], start_interpolation: 0, interpolation_duration: 1 }
$data merge entity $(bone_beak_down) { transformation: [-1.1f,-1.0333061519800577e-16f,8.64284521035182e-17f,-1.7766334665690848e-16f,0f,0.7057418691143686f,0.8437585046557796f,0.8256156178257135f,-1.3471114790620887e-16f,0.8437585046557796f,-0.7057418691143686f,1.4507313192718474f,0f,0f,0f,1f], start_interpolation: 0, interpolation_duration: 1 }
$data merge entity $(bone_beak_up) { transformation: [-1.1f,-6.574065743285072e-17f,1.1758086294335933e-16f,-1.8382653329123824e-16f,0f,0.9601206080416304f,0.5368132058861537f,0.9156269248296164f,-1.3471114790620887e-16f,0.5368132058861537f,-0.9601206080416304f,1.5010575573236742f,0f,0f,0f,1f], start_interpolation: 0, interpolation_duration: 1 }
$data merge entity $(bone_head) { transformation: [-1.1f,-6.574065743285072e-17f,1.1758086294335933e-16f,-1.2503610181955858e-16f,0f,0.9601206080416304f,0.5368132058861537f,1.1840335277726932f,-1.3471114790620887e-16f,0.5368132058861537f,-0.9601206080416304f,1.020997253302859f,0f,0f,0f,1f], start_interpolation: 0, interpolation_duration: 1 }
$data merge entity $(bone_neck2) { transformation: [-1f,1.0125210179880169e-16f,6.888838587123143e-17f,-8.198086065003895e-17f,0f,0.5625163591591814f,-0.8267861547451667f,0.6672921810569641f,-1.2246467991473532e-16f,-0.8267861547451667f,-0.5625163591591814f,0.6694245288283707f,0f,0f,0f,1f], start_interpolation: 0, interpolation_duration: 1 }
$data merge entity $(bone_neck1) { transformation: [-1f,2.819376784086478e-17f,1.1917512022882125e-16f,-1.494485552132699e-17f,0f,0.9731387067013575f,-0.23021958543879237f,0.5377936642476434f,-1.2246467991473532e-16f,-0.23021958543879237f,-0.9731387067013575f,0.12203400630885708f,0f,0f,0f,1f], start_interpolation: 0, interpolation_duration: 1 }
$data merge entity $(bone_body3) { transformation: [-1f,-4.850655756958133e-18f,1.2236857834160724e-16f,6.123233995736765e-17f,0f,0.9992152711035133f,0.03960861009341917f,0.625f,-1.2246467991473532e-16f,0.03960861009341917f,-0.9992152711035133f,-0.5f,0f,0f,0f,1f], start_interpolation: 0, interpolation_duration: 1 }
$data merge entity $(bone_tail2) { transformation: [-1f,2.9331137840981014e-17f,1.1890030353019267e-16f,2.9038726783576974e-16f,0f,0.9708946580595784f,-0.23950691629131354f,0.14223756537889154f,-1.2246467991473532e-16f,-0.23950691629131354f,-0.9708946580595784f,-2.3711919880732033f,0f,0f,0f,1f], start_interpolation: 0, interpolation_duration: 1 }
$data merge entity $(bone_tail1) { transformation: [-1f,6.862307271474857e-17f,1.0143210397997722e-16f,2.143131898507868e-16f,0f,0.8282559840976043f,-0.5603499128281446f,0.5625f,-1.2246467991473532e-16f,-0.5603499128281446f,-0.8282559840976043f,-1.75f,0f,0f,0f,1f], start_interpolation: 0, interpolation_duration: 1 }