# This file was generated by Animated Java via MC-Build. It is not recommended to edit this file directly.
$data merge entity $(bone_left_leg4) { transformation: [-0.8996104835623256f,-0.008373122504504671f,0.025117099440093438f,0.48295370198359805f,-0.014944101744554135f,0.8653817870748233f,-0.24676109179170302f,-0.5122530582162439f,-0.02185524394298529f,-0.24707135288962467f,-0.8651462852567091f,-0.9509091950795452f,0f,0f,0f,1f], start_interpolation: 0, interpolation_duration: 1 }
$data merge entity $(bone_left_leg3) { transformation: [-0.994352867493604f,-0.006295913769562567f,0.10593741726629766f,0.4716106780772825f,-0.09227631074983622f,0.5443362674693012f,-0.8337764151089838f,-0.05188983166995656f,-0.05241619388745311f,-0.8388434832478556f,-0.5418432921343195f,-1.546176601757042f,0f,0f,0f,1f], start_interpolation: 0, interpolation_duration: 1 }
$data merge entity $(bone_left_leg2) { transformation: [-0.9931400527430677f,0.04149945785909093f,-0.10931893996420924f,0.492360407006828f,-0.09303321416934675f,0.28591802269408256f,0.9537272699047808f,0.09106917967708472f,0.07083541980405922f,0.9573550434901924f,-0.2800958121876783f,-1.0674990800119457f,0f,0f,0f,1f], start_interpolation: 0, interpolation_duration: 1 }
$data merge entity $(bone_left_leg1) { transformation: [-0.9537169587565072f,-0.023671586775033525f,0.29977261142371037f,0.3125000000000001f,-0.12708376616539033f,0.9352240556322863f,-0.33046283020018863f,0.3125f,-0.2725319778621569f,-0.3532642378535511f,-0.8949473164920327f,-1f,0f,0f,0f,1f], start_interpolation: 0, interpolation_duration: 1 }
$data merge entity $(bone_right_leg4) { transformation: [-0.8998353981407914f,0.016961183252145524f,-0.0029282273632096623f,-0.48739824670042253f,0.01692665107657055f,0.8997818451512045f,0.010301437745583675f,-0.6600149701749476f,0.003121655992504961f,0.010244481391521953f,-0.8999362787802722f,-0.9648591661264303f,0f,0f,0f,1f], start_interpolation: 0, interpolation_duration: 1 }
$data merge entity $(bone_right_leg3) { transformation: [-0.9948941654652435f,0.012079800471095054f,-0.10019819331602481f,-0.4720760092648497f,0.08458614693647767f,0.6413694901987218f,-0.7625551526208925f,-0.13132815548710047f,0.05505255007406601f,-0.7671370512905831f,-0.6391165474837373f,-1.500267170376634f,0f,0f,0f,1f], start_interpolation: 0, interpolation_duration: 1 }
$data merge entity $(bone_right_leg2) { transformation: [-0.9955437779619632f,-0.032041887412665726f,0.08868992959888468f,-0.48809695297118255f,0.06649044050279682f,0.4284149988663062f,0.9011324042936905f,0.08287934394605262f,-0.06687007913084214f,0.9030137907016799f,-0.4243754072983234f,-1.048760275025794f,0f,0f,0f,1f], start_interpolation: 0, interpolation_duration: 1 }
$data merge entity $(bone_right_wing3) { transformation: [-1.122232425078733f,0.050822490518096425f,0.32398614867923964f,-1.5945353369922435f,0.13149703842410862f,1.1278601078113273f,0.2785599972538618f,0.5642913120295207f,-0.30043048940504846f,0.30381609180871405f,-1.0882981527920024f,0.35323368183077675f,0f,0f,0f,1f], start_interpolation: 0, interpolation_duration: 1 }
$data merge entity $(bone_right_wing2) { transformation: [-0.8066434270216808f,0.043468909443650824f,-0.5894377283093595f,-1.0651623977378812f,-0.11957010966054302f,0.9646683661458857f,0.23477208571973154f,0.7736327326233666f,0.5788172168469803f,0.2598564936060035f,-0.7729458145383212f,-0.5124607151326943f,0f,0f,0f,1f], start_interpolation: 0, interpolation_duration: 1 }
$data merge entity $(bone_right_wing1) { transformation: [-0.9585600631815867f,0.2125076498286714f,0.4578364502185452f,-0.5625f,0.22777532973956408f,1.059015838705054f,-0.014661638550147828f,0.6324664591848312f,-0.4504354732327999f,0.0832890343757034f,-0.981723959327375f,-0.0000557511209463013f,0f,0f,0f,1f], start_interpolation: 0, interpolation_duration: 1 }
$data merge entity $(bone_left_wing3) { transformation: [-1.1222324250789852f,-0.05082249051706325f,-0.32398614867852715f,1.5945353369916893f,-0.13149703842270713f,1.127860107811637f,0.2785599972532704f,0.5642913120297134f,0.30043048940471856f,0.3038160918077382f,-1.0882981527923659f,0.35323368183116266f,0f,0f,0f,1f], start_interpolation: 0, interpolation_duration: 1 }
$data merge entity $(bone_left_wing2) { transformation: [-0.806643427021331f,-0.04346890944276714f,0.5894377283099032f,1.0651623977378812f,0.11957010966087674f,0.9646683661461505f,0.234772085718474f,0.7736327326233666f,-0.5788172168473988f,0.2598564936051688f,-0.7729458145382885f,-0.5124607151326941f,0f,0f,0f,1f], start_interpolation: 0, interpolation_duration: 1 }
$data merge entity $(bone_left_wing1) { transformation: [-0.9585600631815867f,-0.2125076498286714f,-0.4578364502185449f,0.5625f,-0.22777532973956408f,1.059015838705054f,-0.014661638550147828f,0.6324664591848312f,0.45043547323279964f,0.08328903437570336f,-0.9817239593273751f,-0.00005575112094619028f,0f,0f,0f,1f], start_interpolation: 0, interpolation_duration: 1 }
$data merge entity $(bone_beak_down) { transformation: [-1.1f,-9.166516086057064e-17f,9.871469827039027e-17f,-1.6683785628166525e-16f,0f,0.8060666825661025f,0.7485028411815676f,1.0918526671937239f,-1.3471114790620887e-16f,0.7485028411815676f,-0.8060666825661025f,1.3623344820549426f,0f,0f,0f,1f], start_interpolation: 0, interpolation_duration: 1 }
$data merge entity $(bone_beak_up) { transformation: [-1.1f,-4.2553512709763956e-17f,1.2781350447534267e-16f,-1.708272480982056e-16f,0f,1.0436764670787646f,0.34747580069119816f,1.1896973359823582f,-1.3471114790620887e-16f,0.34747580069119816f,-1.0436764670787646f,1.3949103383697423f,0f,0f,0f,1f], start_interpolation: 0, interpolation_duration: 1 }
$data merge entity $(bone_head) { transformation: [-1.1f,-4.2553512709763956e-17f,1.2781350447534267e-16f,-1.0692049586053428e-16f,0f,1.0436764670787646f,0.34747580069119816f,1.3634352363279572f,-1.3471114790620887e-16f,0.34747580069119816f,-1.0436764670787646f,0.87307210483036f,0f,0f,0f,1f], start_interpolation: 0, interpolation_duration: 1 }
$data merge entity $(bone_neck2) { transformation: [-1f,1.1427356204008835e-16f,4.40357905037329e-17f,-7.939812679570122e-17f,0f,0.3595795174118148f,-0.9331144467094519f,0.7802387071345497f,-1.2246467991473532e-16f,-0.9331144467094519f,-0.3595795174118148f,0.6483349064479758f,0f,0f,0f,1f], start_interpolation: 0, interpolation_duration: 1 }
$data merge entity $(bone_neck1) { transformation: [-1f,4.53715123798662e-17f,1.1374982941078296e-16f,-1.5413847752135807e-17f,0f,0.9288378452463194f,-0.3704865142460309f,0.5718400428711573f,-1.2246467991473532e-16f,-0.3704865142460309f,-0.9288378452463194f,0.12586361849692107f,0f,0f,0f,1f], start_interpolation: 0, interpolation_duration: 1 }
$data merge entity $(bone_body3) { transformation: [-1f,1.8287550683335747e-18f,1.2245102482837218e-16f,6.123233995736765e-17f,0f,0.9998884977581075f,-0.014932918369662382f,0.625f,-1.2246467991473532e-16f,-0.014932918369662382f,-0.9998884977581075f,-0.5f,0f,0f,0f,1f], start_interpolation: 0, interpolation_duration: 1 }
$data merge entity $(bone_tail2) { transformation: [-1f,2.818637339287636e-17f,1.191768693227672e-16f,2.91624181141274e-16f,0f,0.9731529891372988f,-0.23015920518880062f,0.15756763626081322f,-1.2246467991473532e-16f,-0.23015920518880062f,-0.9731529891372988f,-2.3812921516988745f,0f,0f,0f,1f], start_interpolation: 0, interpolation_duration: 1 }
$data merge entity $(bone_tail1) { transformation: [-1f,6.611988308324892e-17f,1.0308132172064961e-16f,2.143131898507868e-16f,0f,0.8417228689318328f,-0.5399098183189157f,0.5625f,-1.2246467991473532e-16f,-0.5399098183189157f,-0.8417228689318328f,-1.75f,0f,0f,0f,1f], start_interpolation: 0, interpolation_duration: 1 }