# This file was generated by Animated Java via MC-Build. It is not recommended to edit this file directly.
$data merge entity $(bone_left_leg4) { transformation: [-0.8997857625875814f,-0.01575499185764352f,0.011720139770954513f,0.4814880975507008f,-0.016869694757134443f,0.895145302411631f,-0.09181667043184949f,-0.58572854598771f,-0.010049619071697699f,-0.09201449778135684f,-0.8952275338452003f,-0.9732321538317269f,0f,0f,0f,1f], start_interpolation: 0, interpolation_duration: 1 }
$data merge entity $(bone_left_leg3) { transformation: [-0.9951436295961725f,-0.007136762694520071f,0.09817445234070821f,0.4699996222585165f,-0.08201190479629095f,0.6116749905083636f,-0.7868467153507587f,-0.07779438339701486f,-0.05443531891924554f,-0.7910769700887746f,-0.6092897696903543f,-1.5284592707926608f,0f,0f,0f,1f], start_interpolation: 0, interpolation_duration: 1 }
$data merge entity $(bone_left_leg2) { transformation: [-0.9946357495829063f,0.0397649615075959f,-0.09549069843680758f,0.48988210301231444f,-0.07730093428618896f,0.3276745971501686f,0.941623026450053f,0.08604291517806945f,0.06873347954332151f,0.9439534449424795f,-0.32284299987934345f,-1.056482548321421f,0f,0f,0f,1f], start_interpolation: 0, interpolation_duration: 1 }
$data merge entity $(bone_left_leg1) { transformation: [-0.9537169587565072f,-0.009676535743031511f,0.3005500411516402f,0.3125000000000001f,-0.12708376616539033f,0.9188085737915263f,-0.3736850560356968f,0.3125f,-0.2725319778621569f,-0.39458480632583315f,-0.8775130492815167f,-1f,0f,0f,0f,1f], start_interpolation: 0, interpolation_duration: 1 }
$data merge entity $(bone_right_leg4) { transformation: [-0.8998064250930484f,0.018466614746059797f,-0.002716891806620436f,-0.4829082303560446f,0.01841453856535015f,0.8996642894841023f,0.01628100108992825f,-0.6459162206337785f,0.0030499394573513736f,0.01622191008745949f,-0.8998486247710894f,-0.9813271705806634f,0f,0f,0f,1f], start_interpolation: 0, interpolation_duration: 1 }
$data merge entity $(bone_right_leg3) { transformation: [-0.9953208138720336f,0.009159178404563012f,-0.09619036814601503f,-0.47002694854349636f,0.07891171572440064f,0.651548438067491f,-0.7544915996704298f,-0.1100991671037585f,0.05576216095654743f,-0.7585517400301486f,-0.6492224881369175f,-1.5096645700947176f,0f,0f,0f,1f], start_interpolation: 0, interpolation_duration: 1 }
$data merge entity $(bone_right_leg2) { transformation: [-0.9955437779619632f,-0.036140008855372385f,0.08710043582643344f,-0.48809695297118255f,0.06649044050279682f,0.38595702209962224f,0.9201174916355713f,0.08287934394605262f,-0.06687007913084209f,0.9218085901378471f,-0.38183414680343825f,-1.048760275025794f,0f,0f,0f,1f], start_interpolation: 0, interpolation_duration: 1 }
$data merge entity $(bone_right_wing3) { transformation: [-1.1352000027372138f,0.07611490268965952f,0.26922674709347816f,-1.4760696362595738f,0.11972492707397886f,1.1490124426639903f,0.1799775386458606f,0.6340704058371255f,-0.2528684669924712f,0.20231780487252088f,-1.1234236112032738f,0.4191100056111132f,0f,0f,0f,1f], start_interpolation: 0, interpolation_duration: 1 }
$data merge entity $(bone_right_wing2) { transformation: [-0.723873424272531f,0.06510172521260044f,-0.6868544467398486f,-1.0651623977378812f,-0.07285192973550189f,0.9827601384864165f,0.1699267681560867f,0.772540150929686f,0.6860756969648276f,0.17304414343311939f,-0.7066511603738609f,-0.5218829269603691f,0f,0f,0f,1f], start_interpolation: 0, interpolation_duration: 1 }
$data merge entity $(bone_right_wing1) { transformation: [-0.9585600631815867f,0.2125076498286714f,0.4578364502185452f,-0.5625f,0.19868411663373528f,1.0621684131090667f,-0.07703242889816019f,0.664228868196314f,-0.4640025195857193f,0.015807342242534075f,-0.9788068761816309f,-0.0015412796429014608f,0f,0f,0f,1f], start_interpolation: 0, interpolation_duration: 1 }
$data merge entity $(bone_left_wing3) { transformation: [-1.1352000027373106f,-0.07611490268921468f,-0.2692267470931954f,1.476069636259342f,-0.1197249270734158f,1.149012442664092f,0.17997753864558877f,0.6340704058372754f,0.25286846699230275f,0.20231780487211337f,-1.123423611203385f,0.4191100056112368f,0f,0f,0f,1f], start_interpolation: 0, interpolation_duration: 1 }
$data merge entity $(bone_left_wing2) { transformation: [-0.7238734242723737f,-0.06510172521221996f,0.6868544467400501f,1.0651623977378812f,0.0728519297355707f,0.9827601384865033f,0.16992676815555638f,0.772540150929686f,-0.686075696964986f,0.17304414343277083f,-0.7066511603737924f,-0.5218829269603686f,0f,0f,0f,1f], start_interpolation: 0, interpolation_duration: 1 }
$data merge entity $(bone_left_wing1) { transformation: [-0.9585600631815867f,-0.2125076498286714f,-0.4578364502185449f,0.5625f,-0.19868411663373528f,1.0621684131090667f,-0.07703242889816019f,0.664228868196314f,0.4640025195857191f,0.015807342242534016f,-0.978806876181631f,-0.0015412796429013498f,0f,0f,0f,1f], start_interpolation: 0, interpolation_duration: 1 }
$data merge entity $(bone_beak_down) { transformation: [-1.1f,-7.398666568611937e-17f,1.1257471594838195e-16f,-1.459214082240898e-16f,0f,0.9192423156355028f,0.6041469731324309f,1.3858120322135496f,-1.3471114790620887e-16f,0.6041469731324309f,-0.9192423156355028f,1.1915387222314706f,0f,0f,0f,1f], start_interpolation: 0, interpolation_duration: 1 }
$data merge entity $(bone_beak_up) { transformation: [-1.1f,-1.1388198201284515e-17f,1.3422891756971273e-16f,-1.4698905180546026e-16f,0f,1.096062290475655f,0.092991695313403f,1.4885678719456423f,-1.3471114790620887e-16f,0.092991695313403f,-1.096062290475655f,1.2002566936671024f,0f,0f,0f,1f], start_interpolation: 0, interpolation_duration: 1 }
$data merge entity $(bone_head) { transformation: [-1.1f,-1.1388198201284515e-17f,1.3422891756971273e-16f,-7.987459302060388e-17f,0f,1.096062290475655f,0.092991695313403f,1.5350637196023438f,-1.3471114790620887e-16f,0.092991695313403f,-1.096062290475655f,0.6522255484292748f,0f,0f,0f,1f], start_interpolation: 0, interpolation_duration: 1 }
$data merge entity $(bone_neck2) { transformation: [-1f,1.22094346654617e-16f,9.516740072146026e-18f,-7.392663047551261e-17f,0f,0.07771007999018109f,-0.9969759994442793f,0.9119537199496692f,-1.2246467991473532e-16f,-0.9969759994442793f,-0.07771007999018109f,0.6036567484354116f,0f,0f,0f,1f], start_interpolation: 0, interpolation_duration: 1 }
$data merge entity $(bone_neck1) { transformation: [-1f,6.536347632895155e-17f,1.0356260806301262e-16f,-1.5672663440068018e-17f,0f,0.8456528701591097f,-0.5337332884425139f,0.6117287452007552f,-1.2246467991473532e-16f,-0.5337332884425139f,-0.8456528701591097f,0.12797700897091246f,0f,0f,0f,1f], start_interpolation: 0, interpolation_duration: 1 }
$data merge entity $(bone_body3) { transformation: [-1f,9.60830157415786e-18f,1.2208717527848128e-16f,6.123233995736765e-17f,0f,0.9969174407141972f,-0.07845773639262793f,0.625f,-1.2246467991473532e-16f,-0.07845773639262793f,-0.9969174407141972f,-0.5f,0f,0f,0f,1f], start_interpolation: 0, interpolation_duration: 1 }
$data merge entity $(bone_tail2) { transformation: [-1f,2.6593660408617122e-17f,1.1954235673053182e-16f,2.931968575593185e-16f,0f,0.9761374203056904f,-0.21715371670536077f,0.17832380029114892f,-1.2246467991473532e-16f,-0.21715371670536077f,-0.9761374203056904f,-2.39413402920298f,0f,0f,0f,1f], start_interpolation: 0, interpolation_duration: 1 }
$data merge entity $(bone_tail1) { transformation: [-1f,6.273068710427184e-17f,1.0517822361137557e-16f,2.143131898507868e-16f,0f,0.8588453722706395f,-0.5122349329451348f,0.5625f,-1.2246467991473532e-16f,-0.5122349329451348f,-0.8588453722706395f,-1.75f,0f,0f,0f,1f], start_interpolation: 0, interpolation_duration: 1 }