# This file was generated by Animated Java via MC-Build. It is not recommended to edit this file directly.
$data merge entity $(bone_left_leg4) { transformation: [-0.8997949505844327f,-0.017533513690302177f,0.007850019135666797f,0.48115986509263026f,-0.01790459659434139f,0.8986965552953754f,-0.04498807532025473f,-0.6074036615276284f,-0.006962206801887159f,-0.045133993817288276f,-0.8988406145021205f,-0.9821435022512923f,0f,0f,0f,1f], start_interpolation: 0, interpolation_duration: 1 }
$data merge entity $(bone_left_leg3) { transformation: [-0.9953333939771385f,-0.007545451049875335f,0.09620031705979143f,0.4694882569889868f,-0.07924405667025142f,0.6327827533420541f,-0.7702638291879553f,-0.08467510719684054f,-0.05506191348284608f,-0.7742926147402569f,-0.6304277376847441f,-1.5234612297011885f,0f,0f,0f,1f], start_interpolation: 0, interpolation_duration: 1 }
$data merge entity $(bone_left_leg2) { transformation: [-0.9950044942123826f,0.03939999633406699f,-0.09172620555782425f,0.48918825515602027f,-0.07305042179867369f,0.33889148692481147f,0.9379851789686906f,0.08477063626556519f,0.06804184280423764f,0.9400001065844441f,-0.33432036618943467f,-1.0534611764089663f,0f,0f,0f,1f], start_interpolation: 0, interpolation_duration: 1 }
$data merge entity $(bone_left_leg1) { transformation: [-0.9537169587565072f,-0.005877730766145137f,0.30064832422829085f,0.3125000000000001f,-0.1270837661653903f,0.9140129725975911f,-0.3852661447629881f,0.3125f,-0.27253197786215694f,-0.4056423772294458f,-0.8724566366520372f,-1f,0f,0f,0f,1f], start_interpolation: 0, interpolation_duration: 1 }
$data merge entity $(bone_right_leg4) { transformation: [-0.8997982527181455f,0.018871065653865995f,-0.002643347585912413f,-0.4817063310122586f,0.01881484082332572f,0.8996251825098198f,0.017903428693039514f,-0.6420004767181584f,0.00301764314745432f,0.017844155212879076f,-0.8998180260222475f,-0.985634942042749f,0f,0f,0f,1f], start_interpolation: 0, interpolation_duration: 1 }
$data merge entity $(bone_right_leg3) { transformation: [-0.9954337641642454f,0.008380523555069089f,-0.09508621344203598f,-0.46947805000582954f,0.07736808171863709f,0.6542838467891798f,-0.7522810829483432f,-0.10427002394200219f,0.055908864171790716f,-0.7562026280407235f,-0.6519446174724692f,-1.5120403744812623f,0f,0f,0f,1f], start_interpolation: 0, interpolation_duration: 1 }
$data merge entity $(bone_right_leg2) { transformation: [-0.9955437779619632f,-0.037237805930706025f,0.08663678185786988f,-0.48809695297118255f,0.06649044050279676f,0.3742987357761096f,0.9249213359622269f,0.08287934394605262f,-0.0668700791308422f,0.9265601989109364f,-0.3701548193812446f,-1.048760275025794f,0f,0f,0f,1f], start_interpolation: 0, interpolation_duration: 1 }
$data merge entity $(bone_right_wing3) { transformation: [-1.1378915139244434f,0.08391211767533513f,0.25518076930392075f,-1.4434883704468648f,0.11925954098579605f,1.1530096220593784f,0.1526484172826851f,0.65477111157167f,-0.24069821436636638f,0.1745941978483026f,-1.1307240165730594f,0.43335723930662196f,0f,0f,0f,1f], start_interpolation: 0, interpolation_duration: 1 }
$data merge entity $(bone_right_wing2) { transformation: [-0.6998449414744488f,0.07177074966751817f,-0.7106799683294779f,-1.0651623977378812f,-0.05688602901721354f,0.9861789601025331f,0.1556118194538547f,0.7722079096318302f,0.7120260090721953f,0.1493319059787585f,-0.6860896036681163f,-0.5240164520804864f,0f,0f,0f,1f], start_interpolation: 0, interpolation_duration: 1 }
$data merge entity $(bone_right_wing1) { transformation: [-0.9585600631815867f,0.2125076498286714f,0.4578364502185452f,-0.5625f,0.19194631234182863f,1.0622859433170042f,-0.09119374386758433f,0.6714405369228045f,-0.4668300863941791f,0.00042954220767311166f,-0.9775891760048318f,-0.0021613950984500363f,0f,0f,0f,1f], start_interpolation: 0, interpolation_duration: 1 }
$data merge entity $(bone_left_wing3) { transformation: [-1.1378915139245012f,-0.08391211767506107f,-0.25518076930375144f,1.4434883704467245f,-0.11925954098545573f,1.153009622059436f,0.152648417282516f,0.6547711115717718f,0.24069821436626013f,0.1745941978480541f,-1.1307240165731205f,0.4333572393066899f,0f,0f,0f,1f], start_interpolation: 0, interpolation_duration: 1 }
$data merge entity $(bone_left_wing2) { transformation: [-0.6998449414743521f,-0.07177074966728376f,0.7106799683295963f,1.0651623977378812f,0.056886029017244696f,0.9861789601025823f,0.15561181945353114f,0.7722079096318302f,-0.7120260090722875f,0.14933190597854598f,-0.6860896036680667f,-0.5240164520804863f,0f,0f,0f,1f], start_interpolation: 0, interpolation_duration: 1 }
$data merge entity $(bone_left_wing1) { transformation: [-0.9585600631815867f,-0.2125076498286714f,-0.4578364502185449f,0.5625f,-0.19194631234182863f,1.0622859433170042f,-0.09119374386758433f,0.6714405369228045f,0.4668300863941789f,0.00042954220767305154f,-0.9775891760048319f,-0.0021613950984499253f,0f,0f,0f,1f], start_interpolation: 0, interpolation_duration: 1 }
$data merge entity $(bone_beak_down) { transformation: [-1.1f,-6.862540482926743e-17f,1.1592086603466884e-16f,-1.3934336479146652e-16f,0f,0.9465657046209361f,0.5603689559883478f,1.4521800473594129f,-1.3471114790620887e-16f,0.5603689559883478f,-0.9465657046209361f,1.137824921344528f,0f,0f,0f,1f], start_interpolation: 0, interpolation_duration: 1 }
$data merge entity $(bone_beak_up) { transformation: [-1.1f,-3.128221838110168e-18f,1.34674821694109e-16f,-1.3963663558878934e-16f,0f,1.0997033739677011f,0.025543869794034824f,1.555277238668885f,-1.3471114790620887e-16f,0.025543869794034824f,-1.0997033739677011f,1.1402196591377187f,0f,0f,0f,1f], start_interpolation: 0, interpolation_duration: 1 }
$data merge entity $(bone_head) { transformation: [-1.1f,-3.128221838110168e-18f,1.34674821694109e-16f,-7.229922474173484e-17f,0f,1.0997033739677011f,0.025543869794034824f,1.5680491735659023f,-1.3471114790620887e-16f,0.025543869794034824f,-1.0997033739677011f,0.590367972153868f,0f,0f,0f,1f], start_interpolation: 0, interpolation_duration: 1 }
$data merge entity $(bone_neck2) { transformation: [-1f,1.2246445164831738e-16f,2.364510425266512e-19f,-7.215144284015569e-17f,0f,0.0019307692854075298f,-0.9999981360632462f,0.9430503385263734f,-1.2246467991473532e-16f,-0.9999981360632462f,-0.0019307692854075298f,0.5891612413504883f,0f,0f,0f,1f], start_interpolation: 0, interpolation_duration: 1 }
$data merge entity $(bone_neck1) { transformation: [-1f,7.015418972011423e-17f,1.0037921842359998e-16f,-1.56881324768807e-17f,0f,0.8196585210812448f,-0.5728524319743319f,0.6208208455408117f,-1.2246467991473532e-16f,-0.5728524319743319f,-0.8196585210812448f,0.12810332324228813f,0f,0f,0f,1f], start_interpolation: 0, interpolation_duration: 1 }
$data merge entity $(bone_body3) { transformation: [-1f,1.1374650978639384e-17f,1.2193529079693342e-16f,6.123233995736765e-17f,0f,0.9956772098031f,-0.09288107384560887f,0.625f,-1.2246467991473532e-16f,-0.09288107384560887f,-0.9956772098031f,-0.5f,0f,0f,0f,1f], start_interpolation: 0, interpolation_duration: 1 }
$data merge entity $(bone_tail2) { transformation: [-1f,2.632178122061704e-17f,1.1960251527452318e-16f,2.935479775053843e-16f,0f,0.9766286520962215f,-0.21493365465816994f,0.18317227446558598f,-1.2246467991473532e-16f,-0.21493365465816994f,-0.9766286520962215f,-2.3970011411434204f,0f,0f,0f,1f], start_interpolation: 0, interpolation_duration: 1 }
$data merge entity $(bone_tail1) { transformation: [-1f,6.193899798714212e-17f,1.056463835394633e-16f,2.143131898507868e-16f,0f,0.8626681881912273f,-0.505770300712552f,0.5625f,-1.2246467991473532e-16f,-0.505770300712552f,-0.8626681881912273f,-1.75f,0f,0f,0f,1f], start_interpolation: 0, interpolation_duration: 1 }