# This file was generated by Animated Java via MC-Build. It is not recommended to edit this file directly.
$data merge entity $(bone_left_leg4) { transformation: [-0.8997913011941252f,-0.0188020896694853f,0.004700608412097081f,0.4806609677068884f,-0.018835458055926173f,0.89977988499019f,-0.006433046468348469f,-0.6246518379783985f,-0.004565064644305297f,-0.0065299304055345675f,-0.899964732749952f,-0.9890649216937617f,0f,0f,0f,1f], start_interpolation: 0, interpolation_duration: 1 }
$data merge entity $(bone_left_leg3) { transformation: [-0.9954872716789592f,-0.007631077401374128f,0.09458783527957632f,0.4690259199508843f,-0.07688321690842789f,0.6491256769534409f,-0.756785852455996f,-0.09050846448481809f,-0.05562430119105892f,-0.7606429005633535f,-0.6467830509062333f,-1.5191231564346372f,0f,0f,0f,1f], start_interpolation: 0, interpolation_duration: 1 }
$data merge entity $(bone_left_leg2) { transformation: [-0.9953072550147739f,0.039123646074463225f,-0.08850315493131251f,0.48858774298811586f,-0.06942214402948338f,0.34844433038222533f,0.9347551093964838f,0.08371370070629458f,0.06740945062307976f,0.9365126208131545f,-0.344093122605454f,-1.05086684602806f,0f,0f,0f,1f], start_interpolation: 0, interpolation_duration: 1 }
$data merge entity $(bone_left_leg1) { transformation: [-0.9537169587565072f,-0.0026290422812701004f,0.3006942811510091f,0.3125000000000001f,-0.12708376616539033f,0.9097970256896808f,-0.39511908132034157f,0.3125f,-0.27253197786215694f,-0.4150451302965662f,-0.8680229610209901f,-1f,0f,0f,0f,1f], start_interpolation: 0, interpolation_duration: 1 }
$data merge entity $(bone_right_leg4) { transformation: [-0.8997911548308012f,0.01921580939830833f,-0.002574948042363953f,-0.4806841093586723f,0.019156292751409253f,0.899589289800412f,0.019291089249008964f,-0.6386222130429469f,0.0029856550831087736f,0.019231805571989724f,-0.8997895440146914f,-0.9892644410231547f,0f,0f,0f,1f], start_interpolation: 0, interpolation_duration: 1 }
$data merge entity $(bone_right_leg3) { transformation: [-0.9955293918444444f,0.007719315054647513f,-0.09413629559801945f,-0.4690111045928104f,0.07604684699748544f,0.6566144392598026f,-0.7503828057846718f,-0.09926245823655294f,0.05601880965864634f,-0.7541869067615946f,-0.6542660029634784f,-1.5140129959091333f,0f,0f,0f,1f], start_interpolation: 0, interpolation_duration: 1 }
$data merge entity $(bone_right_leg2) { transformation: [-0.9955437779619632f,-0.038171696756744256f,0.08622939016328608f,-0.48809695297118255f,0.06649044050279682f,0.3642836043652111f,0.9289114472932469f,0.08287934394605262f,-0.06687007913084214f,0.9305054417666786f,-0.3601222228072482f,-1.048760275025794f,0f,0f,0f,1f], start_interpolation: 0, interpolation_duration: 1 }
$data merge entity $(bone_right_wing3) { transformation: [-1.1399263216886941f,0.09079813567433595f,0.24347329557039948f,-1.415576317917754f,0.11990413034606039f,1.155670434475243f,0.13040096772002743f,0.6718274269735196f,-0.2305353478835756f,0.1521088801300882f,-1.1360774216303797f,0.44434539400157436f,0f,0f,0f,1f], start_interpolation: 0, interpolation_duration: 1 }
$data merge entity $(bone_right_wing2) { transformation: [-0.678858966435649f,0.07766041957102938f,-0.7301502331177977f,-1.0651623977378812f,-0.04314094805953009f,0.9884547756474361f,0.1452446732252221f,0.7719517915905058f,0.7330002471285035f,0.13010002202854654f,-0.6676710432374047f,-0.5255368278579763f,0f,0f,0f,1f], start_interpolation: 0, interpolation_duration: 1 }
$data merge entity $(bone_right_wing1) { transformation: [-0.9585600631815867f,0.2125076498286714f,0.4578364502185452f,-0.5625f,0.18711052763137687f,1.0622336295550552f,-0.10129401661950349f,0.6765841144289405f,-0.4687892563123981f,-0.010551119262867116f,-0.976594295580043f,-0.00266803929509829f,0f,0f,0f,1f], start_interpolation: 0, interpolation_duration: 1 }
$data merge entity $(bone_left_wing3) { transformation: [-1.13992632168872f,-0.09079813567421187f,-0.24347329557032396f,1.4155763179176906f,-0.11990413034590874f,1.1556704344752675f,0.13040096771995038f,0.6718274269735691f,0.23053534788352584f,0.1521088801299767f,-1.1360774216304048f,0.44434539400160267f,0f,0f,0f,1f], start_interpolation: 0, interpolation_duration: 1 }
$data merge entity $(bone_left_wing2) { transformation: [-0.6788589664356048f,-0.07766041957092326f,0.7301502331178499f,1.0651623977378812f,0.04314094805954004f,0.988454775647457f,0.14524467322507698f,0.7719517915905058f,-0.733000247128544f,0.13010002202845117f,-0.6676710432373791f,-0.5255368278579761f,0f,0f,0f,1f], start_interpolation: 0, interpolation_duration: 1 }
$data merge entity $(bone_left_wing1) { transformation: [-0.9585600631815867f,-0.2125076498286714f,-0.4578364502185449f,0.5625f,-0.18711052763137687f,1.0622336295550552f,-0.10129401661950349f,0.6765841144289405f,0.46878925631239793f,-0.010551119262867177f,-0.9765942955800431f,-0.002668039295098179f,0f,0f,0f,1f], start_interpolation: 0, interpolation_duration: 1 }
$data merge entity $(bone_beak_down) { transformation: [-1.1f,-6.377615949245857e-17f,1.1865788996354592e-16f,-1.3362491537841043e-16f,0f,0.9689152010698937f,0.5207718628494519f,1.5026184955703634f,-1.3471114790620887e-16f,0.5207718628494519f,-0.9689152010698937f,1.0911302382976487f,0f,0f,0f,1f], start_interpolation: 0, interpolation_duration: 1 }
$data merge entity $(bone_beak_up) { transformation: [-1.1f,3.6697326434795384e-18f,1.3466115413337979e-16f,-1.3328087794308422e-16f,0f,1.0995917698648796f,-0.029965641081449453f,1.6057052239951959f,-1.3471114790620887e-16f,-0.029965641081449453f,-1.0995917698648796f,1.0883209594462628f,0f,0f,0f,1f], start_interpolation: 0, interpolation_duration: 1 }
$data merge entity $(bone_head) { transformation: [-1.1f,3.6697326434795384e-18f,1.3466115413337979e-16f,-6.595030087639433e-17f,0f,1.0995917698648796f,-0.029965641081449453f,1.5907224034544711f,-1.3471114790620887e-16f,-0.029965641081449453f,-1.0995917698648796f,0.5385250745138229f,0f,0f,0f,1f], start_interpolation: 0, interpolation_duration: 1 }
$data merge entity $(bone_neck2) { transformation: [-1f,1.2223775469369177e-16f,-7.451788648600295e-18f,-7.060766878176951e-17f,0f,-0.060848472014857935f,-0.9981470149499306f,0.9668805191107646f,-1.2246467991473532e-16f,-0.9981470149499306f,0.060848472014857935f,0.5765553695231092f,0f,0f,0f,1f], start_interpolation: 0, interpolation_duration: 1 }
$data merge entity $(bone_neck1) { transformation: [-1f,7.39287967761572e-17f,9.76326320133193e-17f,-1.568931327427741e-17f,0f,0.7972309410459812f,-0.6036744376225809f,0.6273136479480629f,-1.2246467991473532e-16f,-0.6036744376225809f,-0.7972309410459812f,0.1281129651847447f,0f,0f,0f,1f], start_interpolation: 0, interpolation_duration: 1 }
$data merge entity $(bone_body3) { transformation: [-1f,1.263446412445055e-17f,1.2181119875818703e-16f,6.123233995736765e-17f,0f,0.9946639214098035f,-0.10316822885788096f,0.625f,-1.2246467991473532e-16f,-0.10316822885788096f,-0.9946639214098035f,-0.5f,0f,0f,0f,1f], start_interpolation: 0, interpolation_duration: 1 }
$data merge entity $(bone_tail2) { transformation: [-1f,2.627382107018831e-17f,1.1961306012718807e-16f,2.937753049842322e-16f,0f,0.9767147573526288f,-0.21454203031013647f,0.1863563301754964f,-1.2246467991473532e-16f,-0.21454203031013647f,-0.9767147573526288f,-2.3988574108777327f,0f,0f,0f,1f], start_interpolation: 0, interpolation_duration: 1 }
$data merge entity $(bone_tail1) { transformation: [-1f,6.14190855026823e-17f,1.0594948684459392e-16f,2.143131898507868e-16f,0f,0.8651432145036436f,-0.5015248930993381f,0.5625f,-1.2246467991473532e-16f,-0.5015248930993381f,-0.8651432145036436f,-1.75f,0f,0f,0f,1f], start_interpolation: 0, interpolation_duration: 1 }