# This file was generated by Animated Java via MC-Build. It is not recommended to edit this file directly.
$data merge entity $(bone_left_leg4) { transformation: [-0.8997363984786937f,0.011381438102762508f,-0.018570840565325077f,0.45271200484697555f,0.011838950074239511f,0.8996477639455928f,-0.0222202630235408f,-0.6249715293505227f,0.0182825740455058f,-0.02245804297815479f,-0.8995339814547654f,-0.7099503408264309f,0f,0f,0f,1f], start_interpolation: 0, interpolation_duration: 1 }
$data merge entity $(bone_left_leg3) { transformation: [-0.9986921439451526f,0.003010118310881431f,0.05103862076887736f,0.4517796797820818f,-0.03798189378869436f,0.6245735482120978f,-0.7800418313257151f,-0.10778875373359217f,-0.03422539066919648f,-0.7809601923667462f,-0.6236423659213954f,-1.2566928372314035f,0f,0f,0f,1f], start_interpolation: 0, interpolation_duration: 1 }
$data merge entity $(bone_left_leg2) { transformation: [-0.9960968111089403f,0.07016666913642208f,-0.05355167075731565f,0.48686301435029283f,-0.015381168488359742f,0.4594341334622884f,0.8880786545490721f,0.12192831299755202f,0.0869169865707086f,0.885436003081f,-0.45656162989613036f,-0.8139748356909036f,0f,0f,0f,1f], start_interpolation: 0, interpolation_duration: 1 }
$data merge entity $(bone_left_leg1) { transformation: [-0.9537169587565072f,0.0065105162509086f,0.3006352869481317f,0.3125000000000001f,-0.2525547404345524f,0.5253130108754615f,-0.8125652858010814f,0.34121115107008476f,-0.16321784726026348f,-0.850884160025972f,-0.4993556653855258f,-0.9002886593435202f,0f,0f,0f,1f], start_interpolation: 0, interpolation_duration: 1 }
$data merge entity $(bone_right_leg4) { transformation: [-0.8823151325282202f,0.06316951166974522f,0.16592052226025306f,-0.5222911299386089f,-0.1611798931328342f,0.06764965096654646f,-0.8828615784899649f,0.07580540126806187f,-0.0744382224492052f,-0.8952279807509985f,-0.05500739513094821f,0.2588016976975597f,0f,0f,0f,1f], start_interpolation: 0, interpolation_duration: 1 }
$data merge entity $(bone_right_leg3) { transformation: [-0.9880505110595796f,0.1432659906709686f,0.05684226870885136f,-0.4183942787296857f,-0.11075358801553581f,-0.4034594732000695f,-0.9082698366822534f,-0.17002233883934936f,-0.10719062616007183f,-0.90371196152435f,0.41450556119456766f,-0.44488887102036334f,0f,0f,0f,1f], start_interpolation: 0, interpolation_duration: 1 }
$data merge entity $(bone_right_leg2) { transformation: [-0.9812417475014896f,0.018855620124637318f,-0.1918569742019772f,-0.4089664686673671f,0.08723909827803084f,0.9309049107325291f,-0.3546905509112105f,0.2954301165269152f,0.17191268915312463f,-0.36477460542611434f,-0.9150877086620516f,-0.6272761737334205f,0f,0f,0f,1f], start_interpolation: 0, interpolation_duration: 1 }
$data merge entity $(bone_right_leg1) { transformation: [-0.9537169587565072f,-0.264456081384882f,-0.14313260843983577f,-0.3124999999999999f,0.2525547404345523f,-0.4460832294198487f,-0.8586185739397877f,0.34121115107008476f,0.16321784726026323f,-0.8550279138419467f,0.49222677790507713f,-0.9002886593435203f,0f,0f,0f,1f], start_interpolation: 0, interpolation_duration: 1 }
$data merge entity $(bone_right_wing3) { transformation: [-1.1444014502150892f,0.11089287498309379f,0.21214065381285707f,-1.3371527399583627f,-0.06030024734604482f,0.8691821246770738f,-0.7796421488660139f,1.6363299807335034f,-0.23165657101012335f,-0.7740676781757482f,-0.8450503113353667f,-0.039458940204487924f,0f,0f,0f,1f], start_interpolation: 0, interpolation_duration: 1 }
$data merge entity $(bone_right_wing2) { transformation: [-0.6180087130034786f,0.09484762142598646f,-0.7804288304269753f,-1.065162397737881f,0.5653586644485137f,0.7434188817286417f,-0.3573484949210346f,0.9522996776193435f,0.5462918736213975f,-0.662066684707189f,-0.5130622708951171f,-0.7685749298010238f,0f,0f,0f,1f], start_interpolation: 0, interpolation_duration: 1 }
$data merge entity $(bone_right_wing1) { transformation: [-0.9585600631815867f,0.2125076498286715f,0.45783645021854513f,-0.5624999999999999f,-0.21888422356516973f,0.7104348101115671f,-0.7880248653228688f,1.2730588653409787f,-0.45482239727029317f,-0.7897683144170493f,-0.5856737211069549f,-0.3447821651240405f,0f,0f,0f,1f], start_interpolation: 0, interpolation_duration: 1 }
$data merge entity $(bone_left_wing3) { transformation: [-1.1444014502150257f,-0.11089287498341126f,-0.21214065381303465f,1.3371527399585152f,0.060300247345880555f,0.8691821246772382f,-0.7796421488658436f,1.636329980733365f,0.2316565710104807f,-0.7740676781755181f,-0.8450503113354795f,-0.03945894020441454f,0f,0f,0f,1f], start_interpolation: 0, interpolation_duration: 1 }
$data merge entity $(bone_left_wing2) { transformation: [-0.6180087130035875f,-0.094847621426258f,0.7804288304268563f,1.0651623977378812f,-0.5653586644484506f,0.7434188817287823f,-0.3573484949208423f,0.9522996776193435f,-0.5462918736213399f,-0.6620666847069923f,-0.5130622708954324f,-0.7685749298010236f,0f,0f,0f,1f], start_interpolation: 0, interpolation_duration: 1 }
$data merge entity $(bone_left_wing1) { transformation: [-0.9585600631815867f,-0.21250764982867132f,-0.45783645021854497f,0.5625000000000001f,0.21888422356516973f,0.7104348101115671f,-0.7880248653228688f,1.2730588653409787f,0.4548223972702929f,-0.7897683144170493f,-0.585673721106955f,-0.34478216512404036f,0f,0f,0f,1f], start_interpolation: 0, interpolation_duration: 1 }
$data merge entity $(bone_beak_down) { transformation: [-1.1f,-8.55032258028272e-17f,1.0409751076523983e-16f,-3.3959365284385076e-17f,0f,0.8500206821894816f,0.6981868230281405f,2.5890777747985574f,-1.3471114790620887e-16f,0.6981868230281405f,-0.8500206821894816f,0.27729926137094296f,0f,0f,0f,1f], start_interpolation: 0, interpolation_duration: 1 }
$data merge entity $(bone_beak_up) { transformation: [-1.1f,8.338175918517193e-17f,1.0580442148319926e-16f,-2.974363161276128e-17f,0f,0.8639586659342464f,-0.6808637334717695f,2.686287591644499f,-1.3471114790620887e-16f,-0.6808637334717695f,-0.8639586659342464f,0.2428751835506363f,0f,0f,0f,1f], start_interpolation: 0, interpolation_duration: 1 }
$data merge entity $(bone_head) { transformation: [-1.1f,4.4967825830653866e-17f,1.2698420378248808e-16f,3.374847027848276e-17f,0f,1.0369047130233746f,-0.36719016341660476f,2.5026925099361965f,-1.3471114790620887e-16f,-0.36719016341660476f,-1.0369047130233746f,-0.275577172961051f,0f,0f,0f,1f], start_interpolation: 0, interpolation_duration: 1 }
$data merge entity $(bone_neck2) { transformation: [-1f,1.195127159737114e-16f,-2.6726551352644933e-17f,1.704437568307968e-17f,0f,-0.21823885361275586f,-0.9758953851585681f,1.8927578942120915f,-1.2246467991473532e-16f,-0.9758953851585681f,0.21823885361275586f,-0.13917788945307855f,0f,0f,0f,1f], start_interpolation: 0, interpolation_duration: 1 }
$data merge entity $(bone_neck1) { transformation: [-1f,1.2119218790310677e-16f,1.7608276970693037e-17f,2.6949031479094514e-17f,0f,0.14378249290287298f,-0.9896093141915324f,1.3361026549793544f,-1.2246467991473532e-16f,-0.9896093141915324f,-0.14378249290287298f,-0.2200555417109446f,0f,0f,0f,1f], start_interpolation: 0, interpolation_duration: 1 }
$data merge entity $(bone_body3) { transformation: [-1f,9.829081936154146e-17f,7.305143842427337e-17f,7.874935670436171e-17f,0f,0.5965102630010107f,-0.8026054486075116f,0.8717561410372228f,-1.2246467991473532e-16f,-0.8026054486075116f,-0.5965102630010107f,-0.6430372966245458f,0f,0f,0f,1f], start_interpolation: 0, interpolation_duration: 1 }
$data merge entity $(bone_body2) { transformation: [-1f,6.512595955927962e-17f,1.0371213631056711e-16f,1.0467739078200349e-16f,0f,0.846873860959548f,-0.5317938168345587f,0.7388076868285831f,-1.2246467991473532e-16f,-0.5317938168345587f,-0.846873860959548f,-0.8547557618644328f,0f,0f,0f,1f], start_interpolation: 0, interpolation_duration: 1 }
$data merge entity $(bone_tail2) { transformation: [-1f,6.703797689431206e-18f,1.2228105709044944e-16f,2.9064912693494156e-16f,0f,0.9985006058529386f,-0.054740662320749534f,-0.10196810435123482f,-1.2246467991473532e-16f,-0.054740662320749534f,-0.9985006058529386f,-2.373330229885897f,0f,0f,0f,1f], start_interpolation: 0, interpolation_duration: 1 }
$data merge entity $(bone_tail1) { transformation: [-1f,4.180982675760625e-17f,1.1510662975310123e-16f,2.0431915462011564e-16f,0f,0.9399169608187679f,-0.34140314404704997f,0.15408425368405265f,-1.2246467991473532e-16f,-0.34140314404704997f,-0.9399169608187679f,-1.668392509271821f,0f,0f,0f,1f], start_interpolation: 0, interpolation_duration: 1 }
$data merge entity $(bone_body1) { transformation: [-1f,6.512595955927962e-17f,1.0371213631056711e-16f,1.2246467991473532e-16f,0f,0.846873860959548f,-0.5317938168345587f,0.5f,-1.2246467991473532e-16f,-0.5317938168345587f,-0.846873860959548f,-1f,0f,0f,0f,1f], start_interpolation: 0, interpolation_duration: 1 }