# This file was generated by Animated Java via MC-Build. It is not recommended to edit this file directly.
$data merge entity $(bone_left_leg4) { transformation: [-0.8997872017949745f,-0.01951307049068221f,0.0014938426944732588f,0.4785113527455052f,-0.019446157820600773f,0.8991985939697631f,0.03261495897310346f,-0.6394516544267541f,-0.0021996436044169412f,0.03257497018918959f,-0.8994076010826166f,-0.9892238233548311f,0f,0f,0f,1f], start_interpolation: 0, interpolation_duration: 1 }
$data merge entity $(bone_left_leg3) { transformation: [-0.9956962374650652f,-0.0058862874941237875f,0.09248975249966532f,0.4683160275936833f,-0.07347686404374641f,0.6583533871051896f,-0.749114122238675f,-0.09886698145794465f,-0.05648144074127033f,-0.7526859699148516f,-0.655952496408947f,-1.5127412697654106f,0f,0f,0f,1f], start_interpolation: 0, interpolation_duration: 1 }
$data merge entity $(bone_left_leg2) { transformation: [-0.9957248568654249f,0.03878208152255547f,-0.08383292654504598f,0.487707068354961f,-0.06418248379187452f,0.36220379949914405f,0.9298865610399419f,0.08223491829162738f,0.06642754093472808f,0.9312917683417813f,-0.35816619609366185f,-1.04709538559452f,0f,0f,0f,1f], start_interpolation: 0, interpolation_duration: 1 }
$data merge entity $(bone_left_leg1) { transformation: [-0.9537169587565072f,0.002072241786169476f,0.300698633841623f,0.3125000000000001f,-0.12708376616539035f,0.9035086647304659f,-0.40929428182444827f,0.3125f,-0.2725319778621569f,-0.42856481256742274f,-0.8614281876463009f,-1f,0f,0f,0f,1f], start_interpolation: 0, interpolation_duration: 1 }
$data merge entity $(bone_right_leg4) { transformation: [-0.899780699994919f,0.019713094265023857f,-0.002466947739992835f,-0.4792139346831869f,0.019649276461219417f,0.8995333350626773f,0.02129988369846253f,-0.6336855595628484f,0.00293220927018098f,0.021240833917616275f,-0.8997445354784213f,-0.9944283188740578f,0f,0f,0f,1f], start_interpolation: 0, interpolation_duration: 1 }
$data merge entity $(bone_right_leg3) { transformation: [-0.9956662017922873f,0.006770031259894879f,-0.09275225757500669f,-0.4683393951398278f,0.07413298627089103f,0.6599734923497942f,-0.7476224245848813f,-0.09197903876394778f,0.05615260417006672f,-0.7512583816985714f,-0.657615183045954f,-1.5167711562076143f,0f,0f,0f,1f], start_interpolation: 0, interpolation_duration: 1 }
$data merge entity $(bone_right_leg2) { transformation: [-0.9955437779619632f,-0.03951511566270949f,0.08562208707678037f,-0.48809695297118255f,0.06649044050279679f,0.3497167654200008f,0.9344930204693435f,0.08287934394605262f,-0.0668700791308422f,0.9360217623636404f,-0.34553097241593284f,-1.048760275025794f,0f,0f,0f,1f], start_interpolation: 0, interpolation_duration: 1 }
$data merge entity $(bone_right_wing3) { transformation: [-1.142451495794391f,0.10103300787471989f,0.22705170568288538f,-1.3751869300144812f,0.12340907717252196f,1.1578179427990634f,0.10575148689514251f,0.6905007575337709f,-0.21570893677626665f,0.12730085871231892f,-1.14202439200856f,0.45875330163788897f,0f,0f,0f,1f], start_interpolation: 0, interpolation_duration: 1 }
$data merge entity $(bone_right_wing2) { transformation: [-0.6478600578447048f,0.0864143930247194f,-0.7568420562624841f,-1.0651623977378812f,-0.02716806987071209f,0.9902915578260738f,0.13632507648231076f,0.7717773864502322f,0.7612747476627317f,0.10888150980114628f,-0.6392226336687923f,-0.526520887156099f,0f,0f,0f,1f], start_interpolation: 0, interpolation_duration: 1 }
$data merge entity $(bone_right_wing1) { transformation: [-0.9585600631815867f,0.2125076498286714f,0.4578364502185452f,-0.5625f,0.18396526222085624f,1.0621390882769104f,-0.10783529367241518f,0.6799152685806308f,-0.4700324442848974f,-0.017668249197336557f,-0.9758936650070932f,-0.0030248363582772164f,0f,0f,0f,1f], start_interpolation: 0, interpolation_duration: 1 }
$data merge entity $(bone_left_wing3) { transformation: [-1.142451495794371f,-0.10103300787481927f,-0.22705170568294278f,1.3751869300145299f,-0.12340907717264102f,1.157817942799045f,0.10575148689520468f,0.6905007575337276f,0.21570893677630518f,0.12730085871240696f,-1.142024392008543f,0.45875330163787065f,0f,0f,0f,1f], start_interpolation: 0, interpolation_duration: 1 }
$data merge entity $(bone_left_wing2) { transformation: [-0.6478600578447391f,-0.0864143930248044f,0.7568420562624452f,1.0651623977378812f,0.02716806987070859f,0.990291557826058f,0.1363250764824256f,0.7717773864502322f,-0.761274747662703f,0.10888150980122158f,-0.639222633668814f,-0.5265208871560988f,0f,0f,0f,1f], start_interpolation: 0, interpolation_duration: 1 }
$data merge entity $(bone_left_wing1) { transformation: [-0.9585600631815867f,-0.2125076498286714f,-0.4578364502185449f,0.5625f,-0.18396526222085624f,1.0621390882769104f,-0.10783529367241518f,0.6799152685806308f,0.47003244428489716f,-0.017668249197336616f,-0.9758936650070933f,-0.0030248363582771054f,0f,0f,0f,1f], start_interpolation: 0, interpolation_duration: 1 }
$data merge entity $(bone_beak_down) { transformation: [-1.1f,-5.596223322815304e-17f,1.225370222517517e-16f,-1.2587721073578052e-16f,0f,1.000590720010592f,0.4569663127941552f,1.5581634525018153f,-1.3471114790620887e-16f,0.4569663127941552f,-1.000590720010592f,1.0278654288193227f,0f,0f,0f,1f], start_interpolation: 0, interpolation_duration: 1 }
$data merge entity $(bone_beak_up) { transformation: [-1.1f,1.237805162087137e-17f,1.341412584117188e-16f,-1.2471676839632383e-16f,0f,1.095346499130306f,-0.10107446187332907f,1.6608521867952815f,-1.3471114790620887e-16f,-0.10107446187332907f,-1.095346499130306f,1.0183896980186982f,0f,0f,0f,1f], start_interpolation: 0, interpolation_duration: 1 }
$data merge entity $(bone_head) { transformation: [-1.1f,1.237805162087137e-17f,1.341412584117188e-16f,-5.764613919046442e-17f,0f,1.095346499130306f,-0.10107446187332907f,1.610314955858617f,-1.3471114790620887e-16f,-0.10107446187332907f,-1.095346499130306f,0.4707164484535452f,0f,0f,0f,1f], start_interpolation: 0, interpolation_duration: 1 }
$data merge entity $(bone_neck2) { transformation: [-1f,1.2120549796790353e-16f,-1.7516423406937423e-17f,-6.859390381980031e-17f,0f,-0.14303245163530443f,-0.9897179991185338f,0.9917412064095334f,-1.2246467991473532e-16f,-0.9897179991185338f,0.14303245163530443f,0.5601117307256105f,0f,0f,0f,1f], start_interpolation: 0, interpolation_duration: 1 }
$data merge entity $(bone_neck1) { transformation: [-1f,7.842507824117093e-17f,9.405905022635935e-17f,-1.568568806747317e-17f,0f,0.7680504312904499f,-0.6403893620248183f,0.6315221902705731f,-1.2246467991473532e-16f,-0.6403893620248183f,-0.7680504312904499f,0.12808336312473245f,0f,0f,0f,1f], start_interpolation: 0, interpolation_duration: 1 }
$data merge entity $(bone_body3) { transformation: [-1f,1.3450361578317343e-17f,1.2172380868191358e-16f,6.123233995736765e-17f,0f,0.9939503272834457f,-0.1098305371612616f,0.625f,-1.2246467991473532e-16f,-0.1098305371612616f,-0.9939503272834457f,-0.5f,0f,0f,0f,1f], start_interpolation: 0, interpolation_duration: 1 }
$data merge entity $(bone_tail2) { transformation: [-1f,2.6859208591224617e-17f,1.194829725963983e-16f,2.938563327551548e-16f,0f,0.9756525120515317f,-0.21932208217034532f,0.18750000000000006f,-1.2246467991473532e-16f,-0.21932208217034532f,-0.9756525120515317f,-2.399519052838329f,0f,0f,0f,1f], start_interpolation: 0, interpolation_duration: 1 }