# This file was generated by Animated Java via MC-Build. It is not recommended to edit this file directly.
$data merge entity $(bone_left_leg4) { transformation: [-0.8997881944133637f,-0.019512384787719494f,0.0006870474764773121f,0.47742940855985516f,-0.0194585219842928f,0.8987942239891433f,0.042312041382337184f,-0.6422856306927702f,-0.0016034701511890778f,0.042287229321034736f,-0.8990045712452327f,-0.986868992654699f,0f,0f,0f,1f], start_interpolation: 0, interpolation_duration: 1 }
$data merge entity $(bone_left_leg3) { transformation: [-0.9957656242438171f,-0.004848047280859372f,0.09180042490034529f,0.4680558465429391f,-0.07228605403528107f,0.6582398064125909f,-0.7493297562795189f,-0.10177266611585717f,-0.05679390782759889f,-0.7527927030009509f,-0.6558030179422727f,-1.51047583128402f,0f,0f,0f,1f], start_interpolation: 0, interpolation_duration: 1 }
$data merge entity $(bone_left_leg2) { transformation: [-0.9958654450732306f,0.038678719786978843f,-0.08219471968890031f,0.4873952064364285f,-0.06234949265012152f,0.36700719317889974f,0.9281262095864001f,0.0817309304735927f,0.06606478695469298f,0.9294136198650128f,-0.363078183225108f,-1.0457690213515136f,0f,0f,0f,1f], start_interpolation: 0, interpolation_duration: 1 }
$data merge entity $(bone_left_leg1) { transformation: [-0.9537169587565072f,0.0037196393293917997f,0.3006827678193382f,0.3125000000000001f,-0.12708376616539035f,0.9012527164651689f,-0.4142381651192635f,0.3125f,-0.272531977862157f,-0.433277861593935f,-0.8590672940434456f,-1f,0f,0f,0f,1f], start_interpolation: 0, interpolation_duration: 1 }
$data merge entity $(bone_right_leg4) { transformation: [-0.8997769838377662f,0.019886958137641436f,-0.002426572035593523f,-0.47870130029816094f,0.019821772842450645f,0.8995126005011065f,0.02200406464993787f,-0.6319423831955884f,0.0029114733717680932f,0.021945168848018892f,-0.8997276992996472f,-0.9962131362128895f,0f,0f,0f,1f], start_interpolation: 0, interpolation_duration: 1 }
$data merge entity $(bone_right_leg3) { transformation: [-0.9957137009747657f,0.006439490622053304f,-0.0922646121308881f,-0.46810514407344045f,0.07346182192806891f,0.6611468684710503f,-0.7466513102043897f,-0.08941652495452623f,0.056192405271027784f,-0.7502288659278922f,-0.6587860520065708f,-1.517710657408398f,0f,0f,0f,1f], start_interpolation: 0, interpolation_duration: 1 }
$data merge entity $(bone_right_leg2) { transformation: [-0.9955437779619632f,-0.039983617795484205f,0.08540431177174654f,-0.48809695297118255f,0.06649044050279682f,0.3445917378011577f,0.9363949783936915f,0.08287934394605262f,-0.06687007913084203f,0.9379007647652082f,-0.3403976321449257f,-1.048760275025794f,0f,0f,0f,1f], start_interpolation: 0, interpolation_duration: 1 }
$data merge entity $(bone_right_wing3) { transformation: [-1.1432231400093362f,0.10467582263691368f,0.22144839190890883f,-1.3610532999552118f,0.12598705190149034f,1.1577758783805723f,0.10313992519789546f,0.6920056655990353f,-0.21005637547317482f,0.12471388684481637f,-1.143362729639065f,0.463698063443867f,0f,0f,0f,1f], start_interpolation: 0, interpolation_duration: 1 }
$data merge entity $(bone_right_wing2) { transformation: [-0.6368407323531957f,0.08953012354881508f,-0.7657794973706071f,-1.0651623977378812f,-0.025427801660364457f,0.9902555797703047f,0.1369208298123363f,0.7718656261678318f,0.770575958954448f,0.1066688507068089f,-0.628358534413532f,-0.5260278020400886f,0f,0f,0f,1f], start_interpolation: 0, interpolation_duration: 1 }
$data merge entity $(bone_right_wing1) { transformation: [-0.9585600631815867f,0.2125076498286714f,0.4578364502185452f,-0.5625f,0.18554277653742193f,1.0621924352984018f,-0.10455725503639532f,0.6782459229890206f,-0.46941196667661544f,-0.01410107337248709f,-0.9762503144079631f,-0.002843212170398679f,0f,0f,0f,1f], start_interpolation: 0, interpolation_duration: 1 }
$data merge entity $(bone_left_wing3) { transformation: [-1.1432231400092994f,-0.10467582263709332f,-0.22144839190901228f,1.3610532999552998f,-0.1259870519017042f,1.157775878380539f,0.10313992519800755f,0.6920056655989553f,0.21005637547324524f,0.12471388684497436f,-1.1433627296390345f,0.46369806344383424f,0f,0f,0f,1f], start_interpolation: 0, interpolation_duration: 1 }
$data merge entity $(bone_left_wing2) { transformation: [-0.6368407323532581f,-0.08953012354896873f,0.7657794973705369f,1.0651623977378812f,0.02542780166036039f,0.9902555797702762f,0.13692082981254278f,0.7718656261678318f,-0.770575958954396f,0.10666885070694404f,-0.6283585344135721f,-0.5260278020400881f,0f,0f,0f,1f], start_interpolation: 0, interpolation_duration: 1 }
$data merge entity $(bone_left_wing1) { transformation: [-0.9585600631815867f,-0.2125076498286714f,-0.4578364502185449f,0.5625f,-0.18554277653742193f,1.0621924352984018f,-0.10455725503639532f,0.6782459229890206f,0.4694119666766152f,-0.01410107337248715f,-0.9762503144079632f,-0.002843212170398568f,0f,0f,0f,1f], start_interpolation: 0, interpolation_duration: 1 }
$data merge entity $(bone_beak_down) { transformation: [-1.1f,-5.274267901966565e-17f,1.2395686015722163e-16f,-1.2374342294540225e-16f,0f,1.0121845763490767f,0.43067665759945767f,1.567896705883657f,-1.3471114790620887e-16f,0.43067665759945767f,-1.0121845763490767f,1.010441729252526f,0f,0f,0f,1f], start_interpolation: 0, interpolation_duration: 1 }
$data merge entity $(bone_beak_up) { transformation: [-1.1f,1.4655356481100135e-17f,1.3391158985173894e-16f,-1.223694832752991e-16f,0f,1.0934711130178385f,-0.11967006724962478f,1.6704096227290794f,-1.3471114790620887e-16f,-0.11967006724962478f,-1.0934711130178385f,0.9992226604478737f,0f,0f,0f,1f], start_interpolation: 0, interpolation_duration: 1 }
$data merge entity $(bone_head) { transformation: [-1.1f,1.4655356481100135e-17f,1.3391158985173894e-16f,-5.5413688349429644e-17f,0f,1.0934711130178385f,-0.11967006724962478f,1.610574589104267f,-1.3471114790620887e-16f,-0.11967006724962478f,-1.0934711130178385f,0.4524871039389544f,0f,0f,0f,1f], start_interpolation: 0, interpolation_duration: 1 }
$data merge entity $(bone_neck2) { transformation: [-1f,1.2076547048463684e-16f,-2.0329755661170286e-17f,-6.811978563766107e-17f,0f,-0.16600505284727535f,-0.9861249020429275f,0.9942465253274374f,-1.2246467991473532e-16f,-0.9861249020429275f,0.16600505284727535f,0.5562402619685015f,0f,0f,0f,1f], start_interpolation: 0, interpolation_duration: 1 }
$data merge entity $(bone_neck1) { transformation: [-1f,7.942976844525826e-17f,9.321217576771413e-17f,-1.5687936768321875e-17f,0f,0.7611351765473283f,-0.6485932801241988f,0.6294128052575756f,-1.2246467991473532e-16f,-0.6485932801241988f,-0.7611351765473283f,0.12810172516062934f,0f,0f,0f,1f], start_interpolation: 0, interpolation_duration: 1 }
$data merge entity $(bone_body3) { transformation: [-1f,1.304148983123012e-17f,1.2176829377798022e-16f,6.123233995736765e-17f,0f,0.9943135756592028f,-0.10649184597804127f,0.625f,-1.2246467991473532e-16f,-0.10649184597804127f,-0.9943135756592028f,-0.5f,0f,0f,0f,1f], start_interpolation: 0, interpolation_duration: 1 }
$data merge entity $(bone_tail2) { transformation: [-1f,2.7139681897752823e-17f,1.1941957751184418e-16f,2.938563327551548e-16f,0f,0.9751348519016972f,-0.22161232052089247f,0.18750000000000006f,-1.2246467991473532e-16f,-0.22161232052089247f,-0.9751348519016972f,-2.399519052838329f,0f,0f,0f,1f], start_interpolation: 0, interpolation_duration: 1 }