# This file was generated by Animated Java via MC-Build. It is not recommended to edit this file directly.
$data merge entity $(bone_left_leg4) { transformation: [-0.8997886656071239f,-0.019502605662091617f,0.00007494891815023469f,0.47659832533251173f,-0.01946869677854194f,0.8984152503633254f,0.0497092321440174f,-0.6444393303018068f,-0.0011519942259272872f,0.04969593833495434f,-0.8986261662239263f,-0.9850623068605797f,0f,0f,0f,1f], start_interpolation: 0, interpolation_duration: 1 }
$data merge entity $(bone_left_leg3) { transformation: [-0.9958172280019306f,-0.004053513943520673f,0.09127769409478392f,0.46785333399394724f,-0.07137842584566013f,0.6581524544372708f,-0.7494934736486978f,-0.10398164737081006f,-0.057036556157843706f,-0.7528737714536917f,-0.6556888862248218f,-1.5087370800617972f,0f,0f,0f,1f], start_interpolation: 0, interpolation_duration: 1 }
$data merge entity $(bone_left_leg2) { transformation: [-0.9959707110903331f,0.0386055528313799f,-0.08094414086763801f,0.4871561104096372f,-0.06095194843505064f,0.37066596228274035f,0.9267640500078653f,0.08135133377056011f,0.06578147636065496f,0.9279635529995743f,-0.36681935836623875f,-1.04475530356201f,0f,0f,0f,1f], start_interpolation: 0, interpolation_duration: 1 }
$data merge entity $(bone_left_leg1) { transformation: [-0.9537169587565072f,0.0049766402402656295f,0.30066458992065853f,0.3125000000000001f,-0.1270837661653903f,0.8995130779123939f,-0.41800231942154564f,0.3125f,-0.27253197786215694f,-0.43686548927157254f,-0.8572484268437303f,-1f,0f,0f,0f,1f], start_interpolation: 0, interpolation_duration: 1 }
$data merge entity $(bone_right_leg4) { transformation: [-0.8997741295512933f,0.020019499141991214f,-0.0023948787685667966f,-0.4783110301734671f,0.019953322042202987f,0.8994963847908437f,0.022541488142592325f,-0.6306076814008703f,0.00289494899652f,0.022482735649967223f,-0.8997144801924671f,-0.9975663975574415f,0f,0f,0f,1f], start_interpolation: 0, interpolation_duration: 1 }
$data merge entity $(bone_right_leg3) { transformation: [-0.9957497899438682f,0.006188010003088246f,-0.09189159025146967f,-0.46792679828043404f,0.07294952707515603f,0.6620409294921564f,-0.7459089583700362f,-0.0874576743836257f,0.05622030172680842f,-0.749442136665242f,-0.6596785288793198f,-1.5184180920014154f,0f,0f,0f,1f], start_interpolation: 0, interpolation_duration: 1 }
$data merge entity $(bone_right_leg2) { transformation: [-0.9955437779619632f,-0.040340309381497075f,0.08523641006181662f,-0.48809695297118255f,0.06649044050279682f,0.34067403665935664f,0.9378273946030599f,0.08287934394605262f,-0.06687007913084209f,0.9393156339512425f,-0.3364736725686136f,-1.048760275025794f,0f,0f,0f,1f], start_interpolation: 0, interpolation_duration: 1 }
$data merge entity $(bone_right_wing3) { transformation: [-1.1437736503868958f,0.10746986765081948f,0.2172271396587281f,-1.350280821920721f,0.1289296336191552f,1.157159474429665f,0.10637042017898572f,0.6887215689580618f,-0.2052183038425854f,0.12801462518532358f,-1.143876422295344f,0.4676380622828532f,0f,0f,0f,1f], start_interpolation: 0, interpolation_duration: 1 }
$data merge entity $(bone_right_wing2) { transformation: [-0.6283833182385127f,0.09191989407074f,-0.7724539717249048f,-1.0651623977378812f,-0.02764346875665198f,0.9897283642157432f,0.14026262403765744f,0.7720509411320441f,0.7774125314108694f,0.10949200035095327f,-0.6193878089408047f,-0.5249595541003336f,0f,0f,0f,1f], start_interpolation: 0, interpolation_duration: 1 }
$data merge entity $(bone_right_wing1) { transformation: [-0.9585600631815867f,0.2125076498286714f,0.4578364502185452f,-0.5625f,0.18895001126654162f,1.0622668731187086f,-0.09745816860626026f,0.6746307036604912f,-0.46805086222204245f,-0.006379666919770219f,-0.9769845450846735f,-0.002469304209112677f,0f,0f,0f,1f], start_interpolation: 0, interpolation_duration: 1 }
$data merge entity $(bone_left_wing3) { transformation: [-1.1437736503868472f,-0.10746986765106123f,-0.21722713965886487f,1.3502808219208378f,-0.12892963361944226f,1.1571594744296192f,0.10637042017913614f,0.6887215689579526f,0.20521830384267623f,0.12801462518553472f,-1.1438764222953042f,0.4676380622828109f,0f,0f,0f,1f], start_interpolation: 0, interpolation_duration: 1 }
$data merge entity $(bone_left_wing2) { transformation: [-0.6283833182385958f,-0.09191989407094676f,0.7724539717248127f,1.0651623977378812f,0.027643468756648484f,0.9897283642157039f,0.1402626240379346f,0.7720509411320441f,-0.7774125314108026f,0.10949200035113385f,-0.6193878089408569f,-0.5249595541003333f,0f,0f,0f,1f], start_interpolation: 0, interpolation_duration: 1 }
$data merge entity $(bone_left_wing1) { transformation: [-0.9585600631815867f,-0.2125076498286714f,-0.4578364502185449f,0.5625f,-0.18895001126654162f,1.0622668731187086f,-0.09745816860626026f,0.6746307036604912f,0.46805086222204223f,-0.006379666919770279f,-0.9769845450846736f,-0.002469304209112566f,0f,0f,0f,1f], start_interpolation: 0, interpolation_duration: 1 }
$data merge entity $(bone_beak_down) { transformation: [-1.1f,-4.990849300531016e-17f,1.2512488040412822e-16f,-1.2264741412477438e-16f,0f,1.0217221854598817f,0.40753377251349865f,1.568023708385913f,-1.3471114790620887e-16f,0.40753377251349865f,-1.0217221854598817f,1.0014921380610826f,0f,0f,0f,1f], start_interpolation: 0, interpolation_duration: 1 }
$data merge entity $(bone_beak_up) { transformation: [-1.1f,1.5760813555871905e-17f,1.3378598628505726e-16f,-1.2116983785391139e-16f,0f,1.0924454820622918f,-0.12869680929101504f,1.670440472329253f,-1.3471114790620887e-16f,-0.12869680929101504f,-1.0924454820622918f,0.98942681219005f,0f,0f,0f,1f], start_interpolation: 0, interpolation_duration: 1 }
$data merge entity $(bone_head) { transformation: [-1.1f,1.5760813555871905e-17f,1.3378598628505726e-16f,-5.427684471138277e-17f,0f,1.0924454820622918f,-0.12869680929101504f,1.6060920676837454f,-1.3471114790620887e-16f,-0.12869680929101504f,-1.0924454820622918f,0.4432040711589041f,0f,0f,0f,1f], start_interpolation: 0, interpolation_duration: 1 }
$data merge entity $(bone_neck2) { transformation: [-1f,1.2049018082915905e-16f,-2.190237773336784e-17f,-6.796583079473767e-17f,0f,-0.17884648658386332f,-0.9838769914153944f,0.9911689480491238f,-1.2246467991473532e-16f,-0.9838769914153944f,0.17884648658386332f,0.5549831252738187f,0f,0f,0f,1f], start_interpolation: 0, interpolation_duration: 1 }
$data merge entity $(bone_neck1) { transformation: [-1f,7.97537687046546e-17f,9.293510748916703e-17f,-1.568983283208121e-17f,0f,0.7588727423602633f,-0.6512389430175483f,0.6248470426017529f,-1.2246467991473532e-16f,-0.6512389430175483f,-0.7588727423602633f,0.12811720769617063f,0f,0f,0f,1f], start_interpolation: 0, interpolation_duration: 1 }
$data merge entity $(bone_body3) { transformation: [-1f,1.215601647545026e-17f,1.2185987481557314e-16f,6.123233995736765e-17f,0f,0.9950613915817748f,-0.09926140732098228f,0.625f,-1.2246467991473532e-16f,-0.09926140732098228f,-0.9950613915817748f,-0.5f,0f,0f,0f,1f], start_interpolation: 0, interpolation_duration: 1 }
$data merge entity $(bone_tail2) { transformation: [-1f,2.7353601032361463e-17f,1.1937075997572006e-16f,2.938563327551548e-16f,0f,0.974736226468159f,-0.22335910281565358f,0.18750000000000006f,-1.2246467991473532e-16f,-0.22335910281565358f,-0.974736226468159f,-2.399519052838329f,0f,0f,0f,1f], start_interpolation: 0, interpolation_duration: 1 }