# This file was generated by Animated Java via MC-Build. It is not recommended to edit this file directly.
$data merge entity $(bone_left_leg4) { transformation: [-0.8997889090386122f,-0.019480936187620618f,-0.000642103074517085f,0.47561316533939174f,-0.019481526394427504f,0.8978905994259259f,0.05842038678316269f,-0.6469667180260106f,-0.0006239394583416741f,0.058420583596921816f,-0.898101690295563f,-0.9829230544483367f,0f,0f,0f,1f], start_interpolation: 0, interpolation_duration: 1 }
$data merge entity $(bone_left_leg3) { transformation: [-0.9958765286950043f,-0.0031149658500472938f,0.09066552035995604f,0.467610345929359f,-0.07031034242729539f,0.6580487832665124f,-0.7496854370929308f,-0.10657479075781817f,-0.05732709082227197f,-0.7529688544881625f,-0.6555543523069916f,-1.5066775482952717f,0f,0f,0f,1f], start_interpolation: 0, interpolation_duration: 1 }
$data merge entity $(bone_left_leg2) { transformation: [-0.9960924858071623f,0.03852569370107112f,-0.07947031296880418f,0.48687319277989455f,-0.059306839377934406f,0.3749689364367883f,0.9251383656029317f,0.08090967746057598f,0.06544049603653934f,0.9262365073955545f,-0.3712189028675355f,-1.0435592945974945f,0f,0f,0f,1f], start_interpolation: 0, interpolation_duration: 1 }
$data merge entity $(bone_left_leg1) { transformation: [-0.9537169587565072f,0.006457377362975232f,0.300636433018074f,0.3125000000000001f,-0.1270837661653903f,0.8974434730497144f,-0.42242742460414057f,0.3125f,-0.2725319778621568f,-0.4410822088432706f,-0.855086431938013f,-1f,0f,0f,0f,1f], start_interpolation: 0, interpolation_duration: 1 }
$data merge entity $(bone_right_leg4) { transformation: [-0.8997707461011251f,0.020175507151640112f,-0.0023565593135702403f,-0.4778522712441416f,0.0201082208757263f,0.8994768435368901f,0.0231747145425098f,-0.6290302984051273f,0.0028747023910746378f,0.023116159977122797f,-0.8996984935155089f,-0.9991509984705628f,0f,0f,0f,1f], start_interpolation: 0, interpolation_duration: 1 }
$data merge entity $(bone_right_leg3) { transformation: [-0.995792131469231f,0.00589257475651675f,-0.09145112610954848f,-0.4677171447949072f,0.07234584615452891f,0.6630927594599458f,-0.7450329327593379f,-0.08514617051270928f,0.056250417315348605f,-0.7485140412273736f,-0.6607288556112227f,-1.5192409759153915f,0f,0f,0f,1f], start_interpolation: 0, interpolation_duration: 1 }
$data merge entity $(bone_right_leg2) { transformation: [-0.9955437779619632f,-0.0407596163525506f,0.08503669699614376f,-0.48809695297118255f,0.06649044050279682f,0.3360510289175238f,0.9394938676144824f,0.08287934394605262f,-0.0668700791308422f,0.9409614017791951f,-0.33184338607055075f,-1.048760275025794f,0f,0f,0f,1f], start_interpolation: 0, interpolation_duration: 1 }
$data merge entity $(bone_right_wing3) { transformation: [-1.1443804986438495f,0.1107740801725444f,0.21231566937497443f,-1.3376071887774788f,0.13553367292047033f,1.1541722892106503f,0.1283453010417438f,0.6693451730727074f,-0.19743217520177334f,0.1502364668006259f,-1.1425432622946594f,0.47294606804813055f,0f,0f,0f,1f], start_interpolation: 0, interpolation_duration: 1 }
$data merge entity $(bone_right_wing2) { transformation: [-0.6183690828713522f,0.09474601521170012f,-0.7801556703314713f,-1.0651623977378812f,-0.04279651202857003f,0.9871733992297096f,0.15380877221878078f,0.7726204123138178f,0.7847216932817848f,0.12849853094399413f,-0.6063827105370041f,-0.5213347720167285f,0f,0f,0f,1f], start_interpolation: 0, interpolation_duration: 1 }
$data merge entity $(bone_right_wing1) { transformation: [-0.9585600631815867f,0.2125076498286714f,0.4578364502185452f,-0.5625f,0.2004061768910915f,1.0621023736089472f,-0.07339634424988584f,0.6623771871905988f,-0.4632613524224961f,0.019752413767586872f,-0.9790862437053975f,-0.0013990113550526595f,0f,0f,0f,1f], start_interpolation: 0, interpolation_duration: 1 }
$data merge entity $(bone_left_wing3) { transformation: [-1.1443804986437864f,-0.11077408017285935f,-0.2123156693751503f,1.3376071887776293f,-0.13553367292084506f,1.1541722892105848f,0.1283453010419388f,0.669345173072563f,0.1974321752018823f,0.15023646680089825f,-1.142543262294605f,0.4729460680480744f,0f,0f,0f,1f], start_interpolation: 0, interpolation_duration: 1 }
$data merge entity $(bone_left_wing2) { transformation: [-0.6183690828714599f,-0.0947460152119695f,0.780155670331353f,1.0651623977378812f,0.042796512028567504f,0.9871733992296534f,0.15380877221914208f,0.7726204123138178f,-0.7847216932816999f,0.12849853094422706f,-0.6063827105370646f,-0.5213347720167283f,0f,0f,0f,1f], start_interpolation: 0, interpolation_duration: 1 }
$data merge entity $(bone_left_wing1) { transformation: [-0.9585600631815867f,-0.2125076498286714f,-0.4578364502185449f,0.5625f,-0.2004061768910915f,1.0621023736089472f,-0.07339634424988584f,0.6623771871905988f,0.4632613524224959f,0.019752413767586813f,-0.9790862437053977f,-0.0013990113550525485f,0f,0f,0f,1f], start_interpolation: 0, interpolation_duration: 1 }
$data merge entity $(bone_beak_down) { transformation: [-1.1f,-4.531795802968471e-17f,1.2685967070045633e-16f,-1.231757988729287e-16f,0f,1.035887823238349f,0.37004920979042155f,1.5440068137406522f,-1.3471114790620887e-16f,0.37004920979042155f,-1.035887823238349f,1.0058067269574256f,0f,0f,0f,1f], start_interpolation: 0, interpolation_duration: 1 }
$data merge entity $(bone_beak_up) { transformation: [-1.1f,1.491661986620248e-17f,1.338827390740707e-16f,-1.2177736576047223e-16f,0f,1.0932355285400255f,-0.12180344468779089f,1.6464976445412796f,-1.3471114790620887e-16f,-0.12180344468779089f,-1.0932355285400255f,0.994387654017945f,0f,0f,0f,1f], start_interpolation: 0, interpolation_duration: 1 }
$data merge entity $(bone_head) { transformation: [-1.1f,1.491661986620248e-17f,1.338827390740707e-16f,-5.4835996223436866e-17f,0f,1.0932355285400255f,-0.12180344468779089f,1.585595922197384f,-1.3471114790620887e-16f,-0.12180344468779089f,-1.0932355285400255f,0.4477698897479323f,0f,0f,0f,1f], start_interpolation: 0, interpolation_duration: 1 }
$data merge entity $(bone_neck2) { transformation: [-1f,1.2050502568704223e-16f,-2.1820554777179053e-17f,-6.847384295917378e-17f,0f,-0.17817835144281086f,-0.9839982088790215f,0.9705970416479957f,-1.2246467991473532e-16f,-0.9839982088790215f,0.17817835144281086f,0.559131359399689f,0f,0f,0f,1f], start_interpolation: 0, interpolation_duration: 1 }
$data merge entity $(bone_neck1) { transformation: [-1f,7.863880144548574e-17f,9.388043850470687e-17f,-1.5666096300276156e-17f,0f,0.7665919559016534f,-0.6421345444273168f,0.60939636040763f,-1.2246467991473532e-16f,-0.6421345444273168f,-0.7665919559016534f,0.12792338420500904f,0f,0f,0f,1f], start_interpolation: 0, interpolation_duration: 1 }
$data merge entity $(bone_body3) { transformation: [-1f,9.15477053081965e-18f,1.2212202095914812e-16f,6.123233995736765e-17f,0f,0.9972019772898948f,-0.07475437438119757f,0.625f,-1.2246467991473532e-16f,-0.07475437438119757f,-0.9972019772898948f,-0.5f,0f,0f,0f,1f], start_interpolation: 0, interpolation_duration: 1 }
$data merge entity $(bone_tail2) { transformation: [-1f,2.7605502645629007e-17f,1.1931275728228204e-16f,2.938563327551548e-16f,0f,0.974262598533326f,-0.22541603558551765f,0.18750000000000006f,-1.2246467991473532e-16f,-0.22541603558551765f,-0.974262598533326f,-2.399519052838329f,0f,0f,0f,1f], start_interpolation: 0, interpolation_duration: 1 }