# This file was generated by Animated Java via MC-Build. It is not recommended to edit this file directly.
$data merge entity $(bone_left_leg4) { transformation: [-0.8997889179893328f,-0.01947456699823267f,-0.0008026853787068272f,0.47539079245793725f,-0.019484538276217073f,0.8977610116736212f,0.06037813086639071f,-0.6475334175347196f,-0.0005057981301579209f,0.06038134777385917f,-0.897972069169896f,-0.9824405297585246f,0f,0f,0f,1f], start_interpolation: 0, interpolation_duration: 1 }
$data merge entity $(bone_left_leg3) { transformation: [-0.9958896374047215f,-0.0029036005953578803f,0.09052844422321119f,0.4675550642474681f,-0.07007040843356911f,0.6580253630881135f,-0.7497284571061108f,-0.10715636664950254f,-0.05739310038537054f,-0.7529901663609821f,-0.6555240967285765f,-1.506212898483725f,0f,0f,0f,1f], start_interpolation: 0, interpolation_duration: 1 }
$data merge entity $(bone_left_leg2) { transformation: [-0.9961195280391403f,0.038508684901216284f,-0.07913890981217268f,0.48680940669807626f,-0.05893720798465191f,0.375935166175372f,0.9247697855940523f,0.08081121643818345f,0.06536276749078362f,0.9258454687580832f,-0.37220676593268903f,-1.0432901641046834f,0f,0f,0f,1f], start_interpolation: 0, interpolation_duration: 1 }
$data merge entity $(bone_left_leg1) { transformation: [-0.9537169587565072f,0.006790235964600917f,0.30062909918333564f,0.3125000000000001f,-0.12708376616539035f,0.8969752142770262f,-0.4234208088295889f,0.3125f,-0.27253197786215694f,-0.44202868421430286f,-0.8545975446807187f,-1f,0f,0f,0f,1f], start_interpolation: 0, interpolation_duration: 1 }
$data merge entity $(bone_right_leg4) { transformation: [-0.8997699823518943f,0.020210559133881957f,-0.0023477985363923107f,-0.47774929079928113f,0.020143032526057446f,0.8994723852963931f,0.023317082361898556f,-0.628674954368474f,0.002870034690698825f,0.023258576669977715f,-0.8996948379935061f,-0.9995057869453597f,0f,0f,0f,1f], start_interpolation: 0, interpolation_duration: 1 }
$data merge entity $(bone_right_leg3) { transformation: [-0.9958016240586974f,0.005826283003832755f,-0.09135195645644276f,-0.4676700812678789f,0.0722101131782379f,0.6633290017256721f,-0.7448357772183137f,-0.0846259669980754f,0.05625677805248566f,-0.7483052117257922f,-0.660964813758774f,-1.5194243948797805f,0f,0f,0f,1f], start_interpolation: 0, interpolation_duration: 1 }
$data merge entity $(bone_right_leg2) { transformation: [-0.9955437779619632f,-0.040853743406607246f,0.08499151611124578f,-0.48809695297118255f,0.06649044050279679f,0.33501062188825603f,0.9398653651155512f,0.08287934394605262f,-0.06687007913084209f,0.9413282397079731f,-0.3308013567767277f,-1.048760275025794f,0f,0f,0f,1f], start_interpolation: 0, interpolation_duration: 1 }
$data merge entity $(bone_right_wing3) { transformation: [-1.1445108025316835f,0.11151842119339084f,0.21122081005283733f,-1.33476099929775f,0.1427330934099391f,1.1483259053805053f,0.16712404092240607f,0.636033006817861f,-0.19151462845034295f,0.18938538154550885f,-1.1377217982982266f,0.4748210467265177f,0f,0f,0f,1f], start_interpolation: 0, interpolation_duration: 1 }
$data merge entity $(bone_right_wing2) { transformation: [-0.6161106491561736f,0.09538265643294935f,-0.7818630422574993f,-1.0651623977378812f,-0.06956269830634948f,0.9821729372945569f,0.17463491131650022f,0.7732803863634286f,0.7845818625234067f,0.1619829315019828f,-0.598492131027072f,-0.5161209692208524f,0f,0f,0f,1f], start_interpolation: 0, interpolation_duration: 1 }
$data merge entity $(bone_right_wing1) { transformation: [-0.9585600631815867f,0.2125076498286714f,0.4578364502185452f,-0.5625f,0.21660213538941334f,1.0607472174540236f,-0.0388582902274869f,0.6447886366495671f,-0.45591362266241814f,0.05715724397617609f,-0.9810641820202126f,-0.0003917436034995281f,0f,0f,0f,1f], start_interpolation: 0, interpolation_duration: 1 }
$data merge entity $(bone_left_wing3) { transformation: [-1.1445108025316173f,-0.11151842119372238f,-0.21122081005302243f,1.3347609992979088f,-0.14273309341033696f,1.1483259053804264f,0.16712404092260946f,0.6360330068177102f,0.19151462845044362f,0.1893853815457929f,-1.1377217982981627f,0.4748210467264541f,0f,0f,0f,1f], start_interpolation: 0, interpolation_duration: 1 }
$data merge entity $(bone_left_wing2) { transformation: [-0.6161106491562873f,-0.09538265643323292f,0.7818630422573752f,1.0651623977378812f,0.06956269830634479f,0.9821729372944894f,0.17463491131688239f,0.7732803863634286f,-0.7845818625233182f,0.16198293150222576f,-0.5984921310271226f,-0.5161209692208522f,0f,0f,0f,1f], start_interpolation: 0, interpolation_duration: 1 }
$data merge entity $(bone_left_wing1) { transformation: [-0.9585600631815867f,-0.2125076498286714f,-0.4578364502185449f,0.5625f,-0.21660213538941334f,1.0607472174540236f,-0.0388582902274869f,0.6447886366495671f,0.45591362266241797f,0.05715724397617604f,-0.9810641820202127f,-0.00039174360349941706f,0f,0f,0f,1f], start_interpolation: 0, interpolation_duration: 1 }
$data merge entity $(bone_beak_down) { transformation: [-1.1f,-4.200292250429735e-17f,1.279954994181689e-16f,-1.26528507842968e-16f,0f,1.0451625685649475f,0.34297989047569816f,1.4934466318868806f,-1.3471114790620887e-16f,0.34297989047569816f,-1.0451625685649475f,1.033183673293084f,0f,0f,0f,1f], start_interpolation: 0, interpolation_duration: 1 }
$data merge entity $(bone_beak_up) { transformation: [-1.1f,1.0743084552056555e-17f,1.3428208929159482e-16f,-1.255213436662127e-16f,0f,1.096496470534094f,-0.08772394260562569f,1.596243175999452f,-1.3471114790620887e-16f,-0.08772394260562569f,-1.096496470534094f,1.0249595536738065f,0f,0f,0f,1f], start_interpolation: 0, interpolation_duration: 1 }
$data merge entity $(bone_head) { transformation: [-1.1f,1.0743084552056555e-17f,1.3428208929159482e-16f,-5.838029902041528e-17f,0f,1.096496470534094f,-0.08772394260562569f,1.5523812046966392f,-1.3471114790620887e-16f,-0.08772394260562569f,-1.096496470534094f,0.47671131840675957f,0f,0f,0f,1f], start_interpolation: 0, interpolation_duration: 1 }
$data merge entity $(bone_neck2) { transformation: [-1f,1.2110274982050302e-16f,-1.821323179809763e-17f,-6.97635688942263e-17f,0f,-0.1487223239449807f,-0.9888789968243863f,0.9343318316813979f,-1.2246467991473532e-16f,-0.9888789968243863f,0.1487223239449807f,0.5696627708723725f,0f,0f,0f,1f], start_interpolation: 0, interpolation_duration: 1 }
$data merge entity $(bone_neck1) { transformation: [-1f,7.55573477120852e-17f,9.637782438576641e-17f,-1.55510426772327e-17f,0f,0.7869846591920904f,-0.6169725651893361f,0.5872847637623964f,-1.2246467991473532e-16f,-0.6169725651893361f,-0.7869846591920904f,0.1269839000768216f,0f,0f,0f,1f], start_interpolation: 0, interpolation_duration: 1 }
$data merge entity $(bone_body3) { transformation: [-1f,4.8468181064764814e-18f,1.223687304047129e-16f,6.123233995736765e-17f,0f,0.999216512793001f,-0.03957727329913429f,0.625f,-1.2246467991473532e-16f,-0.03957727329913429f,-0.999216512793001f,-0.5f,0f,0f,0f,1f], start_interpolation: 0, interpolation_duration: 1 }
$data merge entity $(bone_tail2) { transformation: [-1f,2.7662114798011146e-17f,1.1929964472503775e-16f,2.938563327551548e-16f,0f,0.9741555263778815f,-0.2258783088909439f,0.18750000000000006f,-1.2246467991473532e-16f,-0.2258783088909439f,-0.9741555263778815f,-2.399519052838329f,0f,0f,0f,1f], start_interpolation: 0, interpolation_duration: 1 }