# This file was generated by Animated Java via MC-Build. It is not recommended to edit this file directly.
$data merge entity $(bone_left_leg4) { transformation: [-0.8997364864890843f,0.01150173536952672f,-0.018492294713395814f,0.4523974540574924f,0.011958861169443918f,0.8996442377196352f,-0.022298681068314896f,-0.624092387141219f,0.018200014280425194f,-0.022537870825475925f,-0.8995336591027858f,-0.7078202267939762f,0f,0f,0f,1f], start_interpolation: 0, interpolation_duration: 1 }
$data merge entity $(bone_left_leg3) { transformation: [-0.9986950034923676f,0.0033951064451345422f,0.05095844632252919f,0.4517588809961852f,-0.03774475495833263f,0.6230846499850753f,-0.7812431455226418f,-0.1079512030572474f,-0.03440382932923737f,-0.7821470400156244f,-0.6221433792320564f,-1.255546545603691f,0f,0f,0f,1f], start_interpolation: 0, interpolation_duration: 1 }
$data merge entity $(bone_left_leg2) { transformation: [-0.9961205444775032f,0.070096242403688f,-0.05320129388206761f,0.4868070021980292f,-0.014998146094404474f,0.4604858982640398f,0.8875403050643342f,0.1222917460747725f,0.08671168596892592f,0.8848950527044684f,-0.45764815001874826f,-0.8130990192514568f,0f,0f,0f,1f], start_interpolation: 0, interpolation_duration: 1 }
$data merge entity $(bone_left_leg1) { transformation: [-0.9537169587565072f,0.006802776454188004f,0.3006288156726715f,0.3125000000000001f,-0.2528263998070057f,0.52310325088255f,-0.8139052773368262f,0.3413775451400298f,-0.16279672644395166f,-0.8522421669623148f,-0.4971725200677436f,-0.9000241688496828f,0f,0f,0f,1f], start_interpolation: 0, interpolation_duration: 1 }
$data merge entity $(bone_right_leg4) { transformation: [-0.8821602353035424f,0.06363345665299452f,0.1665656100267707f,-0.5223903241231179f,-0.16211204986708844f,0.06386693406167598f,-0.882972648512655f,0.07999554791128333f,-0.07424959620825827f,-0.8954729465081306f,-0.051139021646464944f,0.26037932312066453f,0f,0f,0f,1f], start_interpolation: 0, interpolation_duration: 1 }
$data merge entity $(bone_right_leg3) { transformation: [-0.987931215301905f,0.1438137192635132f,0.05752849714443021f,-0.41812556574700993f,-0.11193085896856998f,-0.4061160558604624f,-0.9069405890039877f,-0.16790770717131426f,-0.10706725289582897f,-0.9024341324018819f,0.41731192174847276f,-0.4425282712900264f,0f,0f,0f,1f], start_interpolation: 0, interpolation_duration: 1 }
$data merge entity $(bone_right_leg2) { transformation: [-0.9811399783890514f,0.01880618346589269f,-0.1923815746639445f,-0.4087224740140636f,0.08805209485004814f,0.9294828547229499f,-0.35820169090694387f,0.2968337201901607f,0.17207896849775048f,-0.3683855999350719f,-0.9136087118461751f,-0.6267210712575624f,0f,0f,0f,1f], start_interpolation: 0, interpolation_duration: 1 }
$data merge entity $(bone_right_leg1) { transformation: [-0.9537169587565072f,-0.2649119278291986f,-0.1422871500665333f,-0.3124999999999999f,0.25282639980700583f,-0.45024525426324685f,-0.8563632538672196f,0.3413775451400298f,0.1627967264439515f,-0.8527021059591922f,0.49638326356948376f,-0.900024168849683f,0f,0f,0f,1f], start_interpolation: 0, interpolation_duration: 1 }
$data merge entity $(bone_right_wing3) { transformation: [-1.1445156682938664f,0.11154647424649071f,0.2111796275439087f,-1.3346537898570663f,-0.06742204230457365f,0.8408570212037368f,-0.8095488274838156f,1.658596213152783f,-0.22911507854763127f,-0.8046567093811605f,-0.8166942064240187f,-0.06721711996098756f,0f,0f,0f,1f], start_interpolation: 0, interpolation_duration: 1 }
$data merge entity $(bone_right_wing2) { transformation: [-0.6160255114577969f,0.09540665044844102f,-0.7819271962806826f,-1.065162397737881f,0.5857463001860765f,0.7191921792330979f,-0.3737163110546158f,0.9484845194219911f,0.5267009028390619f,-0.6882297438938225f,-0.4989248225618373f,-0.7719171271452148f,0f,0f,0f,1f], start_interpolation: 0, interpolation_duration: 1 }
$data merge entity $(bone_right_wing1) { transformation: [-0.9585600631815867f,0.21250764982867154f,0.45783645021854513f,-0.5624999999999999f,-0.23455173279110333f,0.6825710660302828f,-0.8078943839228522f,1.2837718230600803f,-0.4469442929819268f,-0.8139707302438391f,-0.557945840013444f,-0.35952267044204334f,0f,0f,0f,1f], start_interpolation: 0, interpolation_duration: 1 }
$data merge entity $(bone_left_wing3) { transformation: [-1.1445156682937994f,-0.11154647424682292f,-0.21117962754409406f,1.3346537898572255f,0.06742204230441509f,0.8408570212039167f,-0.809548827483642f,1.658596213152641f,0.2291150785480105f,-0.8046567093809265f,-0.8166942064241426f,-0.06721711996090529f,0f,0f,0f,1f], start_interpolation: 0, interpolation_duration: 1 }
$data merge entity $(bone_left_wing2) { transformation: [-0.6160255114579105f,-0.09540665044872515f,0.7819271962805581f,1.0651623977378812f,-0.5857463001860084f,0.7191921792332516f,-0.3737163110544266f,0.9484845194219911f,-0.5267009028390044f,-0.6882297438936223f,-0.4989248225621736f,-0.7719171271452144f,0f,0f,0f,1f], start_interpolation: 0, interpolation_duration: 1 }
$data merge entity $(bone_left_wing1) { transformation: [-0.9585600631815867f,-0.2125076498286713f,-0.45783645021854497f,0.5625000000000001f,0.23455173279110333f,0.6825710660302828f,-0.8078943839228522f,1.2837718230600803f,0.4469442929819265f,-0.8139707302438391f,-0.557945840013444f,-0.3595226704420432f,0f,0f,0f,1f], start_interpolation: 0, interpolation_duration: 1 }
$data merge entity $(bone_beak_down) { transformation: [-1.1f,-7.619355146043573e-17f,1.1109291645309529e-16f,-2.3474669588996948e-17f,0f,0.9071425045200172f,0.6221675630351923f,2.6479115868612326f,-1.3471114790620887e-16f,0.6221675630351923f,-0.9071425045200172f,0.19168522389754294f,0f,0f,0f,1f], start_interpolation: 0, interpolation_duration: 1 }
$data merge entity $(bone_beak_up) { transformation: [-1.1f,9.260262677042955e-17f,9.783581596442582e-17f,-1.8211451147142437e-17f,0f,0.7988900639151055f,-0.7561578312612507f,2.7416543480214433f,-1.3471114790620887e-16f,-0.7561578312612507f,-0.7988900639151055f,0.14870778382650401f,0f,0f,0f,1f], start_interpolation: 0, interpolation_duration: 1 }
$data merge entity $(bone_head) { transformation: [-1.1f,5.614099671311475e-17f,1.2245522389129225e-16f,4.301616079850369e-17f,0f,0.9999227857089109f,-0.4584260274244155f,2.5124413343092353f,-1.3471114790620887e-16f,-0.4584260274244155f,-0.9999227857089109f,-0.35125360902795144f,0f,0f,0f,1f], start_interpolation: 0, interpolation_duration: 1 }
$data merge entity $(bone_neck2) { transformation: [-1f,1.178721429628602e-16f,-3.3222819566701765e-17f,2.225189856931509e-17f,0f,-0.2712849091659143f,-0.9624990899002666f,1.910879403121569f,-1.2246467991473532e-16f,-0.9624990899002666f,0.2712849091659143f,-0.18170054079925502f,0f,0f,0f,1f], start_interpolation: 0, interpolation_duration: 1 }
$data merge entity $(bone_neck1) { transformation: [-1f,1.2187011945505129e-16f,1.2052875616636355e-17f,2.903164110367304e-17f,0f,0.09841919829479034f,-0.995145045411477f,1.3511103150776131f,-1.2246467991473532e-16f,-0.995145045411477f,-0.09841919829479034f,-0.2370613398400746f,0f,0f,0f,1f], start_interpolation: 0, interpolation_duration: 1 }
$data merge entity $(bone_body3) { transformation: [-1f,1.0076915646668445e-16f,6.959292299947922e-17f,7.882529025751532e-17f,0f,0.5682693413964951f,-0.8228426068385093f,0.8723505196408257f,-1.2246467991473532e-16f,-0.8228426068385093f,-0.5682693413964951f,-0.6436573411402908f,0f,0f,0f,1f], start_interpolation: 0, interpolation_duration: 1 }
$data merge entity $(bone_body2) { transformation: [-1f,6.529871019217711e-17f,1.0360345686248428e-16f,1.047261544731364e-16f,0f,0.8459864259198411f,-0.5332044328016912f,0.7390494114404029f,-1.2246467991473532e-16f,-0.5332044328016912f,-0.8459864259198411f,-0.8551539476202511f,0f,0f,0f,1f], start_interpolation: 0, interpolation_duration: 1 }
$data merge entity $(bone_tail2) { transformation: [-1f,7.243970194718446e-18f,1.2225024630828607e-16f,2.9045582528700106e-16f,0f,0.998249016723854f,-0.05915150555868004f,-0.10582081587227665f,-1.2246467991473532e-16f,-0.05915150555868004f,-0.998249016723854f,-2.371751802145955f,0f,0f,0f,1f], start_interpolation: 0, interpolation_duration: 1 }
$data merge entity $(bone_tail1) { transformation: [-1f,4.225711428167281e-17f,1.1494317778452196e-16f,2.042484419486096e-16f,0f,0.9385822742079583f,-0.3450555238546644f,0.15297082701872167f,-1.2246467991473532e-16f,-0.3450555238546644f,-0.9385822742079583f,-1.6678150964899865f,0f,0f,0f,1f], start_interpolation: 0, interpolation_duration: 1 }
$data merge entity $(bone_body1) { transformation: [-1f,6.529871019217711e-17f,1.0360345686248428e-16f,1.2246467991473532e-16f,0f,0.8459864259198411f,-0.5332044328016912f,0.5f,-1.2246467991473532e-16f,-0.5332044328016912f,-0.8459864259198411f,-1f,0f,0f,0f,1f], start_interpolation: 0, interpolation_duration: 1 }