# This file was generated by Animated Java via MC-Build. It is not recommended to edit this file directly.
$data merge entity $(bone_left_leg4) { transformation: [-0.8997887023851157f,-0.019501051129332918f,0.000008059858650558138f,0.4765069595168554f,-0.019469851464271548f,0.8983700135140643f,0.050519735774238184f,-0.6446748864018292f,-0.0011026985396650618f,0.05050770063654397f,-0.8985809681004486f,-0.9848638000523682f,0f,0f,0f,1f], start_interpolation: 0, interpolation_duration: 1 }
$data merge entity $(bone_left_leg3) { transformation: [-0.9958228124861377f,-0.0039663219994627436f,0.09122058113164824f,0.46783093169653034f,-0.07127901518541f,0.6581428455224771f,-0.749511372083022f,-0.10422329150478243f,-0.05706336939225644f,-0.7528826357257636f,-0.6556763749718525f,-1.5085460034109501f,0f,0f,0f,1f], start_interpolation: 0, interpolation_duration: 1 }
$data merge entity $(bone_left_leg2) { transformation: [-0.9959821411076424f,0.03859783484005169f,-0.08080706491574052f,0.4871298491165562f,-0.060798854592972684f,0.37106657604185167f,0.9266137789957365f,0.0813099965161434f,0.06575008650046918f,0.9278037525739142f,-0.36722897875160143f,-1.044644127123993f,0f,0f,0f,1f], start_interpolation: 0, interpolation_duration: 1 }
$data merge entity $(bone_left_leg1) { transformation: [-0.9537169587565072f,0.005114388872901851f,0.3006622783235296f,0.3125000000000001f,-0.12708376616539035f,0.8993214762001839f,-0.4184143864906447f,0.3125f,-0.27253197786215694f,-0.43725819085704837f,-0.8570481874264492f,-1f,0f,0f,0f,1f], start_interpolation: 0, interpolation_duration: 1 }
$data merge entity $(bone_right_leg4) { transformation: [-0.89977381576685f,0.020034017632850364f,-0.00239135899632182f,-0.4782683086622415f,0.019967734623077896f,0.8994945869849007f,0.0226003884675664f,-0.6304611752878638f,0.0028931011708861892f,0.0225416530527201f,-0.8997130119339533f,-0.9977142430626071f,0f,0f,0f,1f], start_interpolation: 0, interpolation_duration: 1 }
$data merge entity $(bone_right_leg3) { transformation: [-0.9957537366556142f,0.006160489744926584f,-0.09185066304869144f,-0.4679072749130034f,0.07289337761159932f,0.662138840201583f,-0.7458275348878416f,-0.08724282420618654f,0.05622322862264649f,-0.7493558598306981f,-0.6597762832207903f,-1.5184951202343313f,0f,0f,0f,1f], start_interpolation: 0, interpolation_duration: 1 }
$data merge entity $(bone_right_leg2) { transformation: [-0.9955437779619632f,-0.040379356116358345f,0.0852179192473588f,-0.48809695297118255f,0.06649044050279682f,0.3402443363044783f,0.9379833756173236f,0.08287934394605262f,-0.06687007913084209f,0.9394696904170745f,-0.33604329081932527f,-1.048760275025794f,0f,0f,0f,1f], start_interpolation: 0, interpolation_duration: 1 }
$data merge entity $(bone_right_wing3) { transformation: [-1.1438319917644764f,0.10777670925226936f,0.21676743651993627f,-1.3491010433096466f,0.15803341651952985f,1.1254929252470667f,0.2743112838702179f,0.5448557227016495f,-0.18338315041420125f,0.2976666291980246f,-1.1156705445527415f,0.4668172979087427f,0f,0f,0f,1f], start_interpolation: 0, interpolation_duration: 1 }
$data merge entity $(bone_right_wing2) { transformation: [-0.627454022498933f,0.09218233830853705f,-0.7731777713785355f,-1.0651623977378812f,-0.14237898463144608f,0.9626436947164957f,0.2303157436170885f,0.7741264632729388f,0.7655257503083924f,0.25459680580585536f,-0.5908898307537782f,-0.5028734265976663f,0f,0f,0f,1f], start_interpolation: 0, interpolation_duration: 1 }
$data merge entity $(bone_right_wing1) { transformation: [-0.9585600631815867f,0.2125076498286714f,0.4578364502185452f,-0.5625f,0.2562798578694902f,1.0514643610307313f,0.04852260343119431f,0.600289798833179f,-0.43484980261558986f,0.15124254480020433f,-0.980633699664993f,-0.0006109673227743251f,0f,0f,0f,1f], start_interpolation: 0, interpolation_duration: 1 }
$data merge entity $(bone_left_wing3) { transformation: [-1.1438319917644266f,-0.10777670925251764f,-0.2167674365200767f,1.3491010433097665f,-0.1580334165198352f,1.125492925246988f,0.2743112838703646f,0.5448557227015448f,0.18338315041425005f,0.297666629198232f,-1.115670544552678f,0.46681729790868287f,0f,0f,0f,1f], start_interpolation: 0, interpolation_duration: 1 }
$data merge entity $(bone_left_wing2) { transformation: [-0.6274540224990185f,-0.0921823383087494f,0.7731777713784409f,1.0651623977378812f,0.14237898463143256f,0.9626436947164284f,0.23031574361737794f,0.7741264632729388f,-0.7655257503083248f,0.2545968058060327f,-0.5908898307537892f,-0.5028734265976661f,0f,0f,0f,1f], start_interpolation: 0, interpolation_duration: 1 }
$data merge entity $(bone_left_wing1) { transformation: [-0.9585600631815867f,-0.2125076498286714f,-0.4578364502185449f,0.5625f,-0.2562798578694902f,1.0514643610307313f,0.04852260343119431f,0.600289798833179f,0.43484980261558964f,0.15124254480020427f,-0.9806336996649931f,-0.0006109673227742141f,0f,0f,0f,1f], start_interpolation: 0, interpolation_duration: 1 }
$data merge entity $(bone_beak_down) { transformation: [-1.1f,-3.8288035238505073e-17f,1.2915540920837766e-16f,-1.375539260271978e-16f,0f,1.054633950770954f,0.3126455339218024f,1.336344477067994f,-1.3471114790620887e-16f,0.3126455339218024f,-1.054633950770954f,1.123213044960948f,0f,0f,0f,1f], start_interpolation: 0, interpolation_duration: 1 }
$data merge entity $(bone_beak_up) { transformation: [-1.1f,-4.0270353897281e-18f,1.3465094264868096e-16f,-1.379314605949848e-16f,0f,1.0995083867644952f,0.032883239416718925f,1.4394233883271654f,-1.3471114790620887e-16f,0.032883239416718925f,-1.0995083867644952f,1.1262958486562655f,0f,0f,0f,1f], start_interpolation: 0, interpolation_duration: 1 }
$data merge entity $(bone_head) { transformation: [-1.1f,-4.0270353897281e-18f,1.3465094264868096e-16f,-7.060598927064431e-17f,0f,1.0995083867644952f,0.032883239416718925f,1.4558650080355249f,-1.3471114790620887e-16f,0.032883239416718925f,-1.0995083867644952f,0.5765416552740179f,0f,0f,0f,1f], start_interpolation: 0, interpolation_duration: 1 }
$data merge entity $(bone_neck2) { transformation: [-1f,1.2239730094895633e-16f,-4.061840350037798e-18f,-7.314463948941793e-17f,0f,-0.03316744348546713f,-0.999449808991246f,0.8312088774159963f,-1.2246467991473532e-16f,-0.999449808991246f,0.03316744348546713f,0.5972713074524348f,0f,0f,0f,1f], start_interpolation: 0, interpolation_duration: 1 }
$data merge entity $(bone_neck1) { transformation: [-1f,6.521004892257673e-17f,1.0365928490074456e-16f,-1.4836291732749113e-17f,0f,0.8464422964475649f,-0.5324804585940902f,0.5316886194568206f,-1.2246467991473532e-16f,-0.5324804585940902f,-0.8464422964475649f,0.12114751570067961f,0f,0f,0f,1f], start_interpolation: 0, interpolation_duration: 1 }
$data merge entity $(bone_body3) { transformation: [-1f,-6.052253753046898e-18f,1.223150360794915e-16f,6.123233995736765e-17f,0f,0.9987780653544515f,0.049420402333641936f,0.625f,-1.2246467991473532e-16f,0.049420402333641936f,-0.9987780653544515f,-0.5f,0f,0f,0f,1f], start_interpolation: 0, interpolation_duration: 1 }
$data merge entity $(bone_tail2) { transformation: [-1f,2.7377038898839303e-17f,1.1936538680769234e-16f,2.938563327551548e-16f,0f,0.9746923512215864f,-0.22355048751934242f,0.18750000000000006f,-1.2246467991473532e-16f,-0.22355048751934242f,-0.9746923512215864f,-2.399519052838329f,0f,0f,0f,1f], start_interpolation: 0, interpolation_duration: 1 }