# This file was generated by Animated Java via MC-Build. It is not recommended to edit this file directly.
$data merge entity $(bone_left_leg4) { transformation: [-0.8997872602130547f,-0.019513358869941155f,0.0014543671812263861f,0.4784587646537068f,-0.019446735842973316f,0.8991812972127943f,0.03308805234173545f,-0.6395901998664768f,-0.0021704431203227598f,0.03304880585329362f,-0.8993903855436374f,-0.9891092923382825f,0f,0f,0f,1f], start_interpolation: 0, interpolation_duration: 1 }
$data merge entity $(bone_left_leg3) { transformation: [-0.9956996684770978f,-0.005835720873235986f,0.09245601417153707f,0.46830347311305875f,-0.0734187404000514f,0.6583478700075239f,-0.7491246696075531f,-0.09900900551036171f,-0.05649653752813201f,-0.7526911892791397f,-0.6559452071849344f,-1.5126311088485789f,0f,0f,0f,1f], start_interpolation: 0, interpolation_duration: 1 }
$data merge entity $(bone_left_leg2) { transformation: [-0.9957317841686109f,0.03877684276412113f,-0.08375303255191235f,0.48769189449511935f,-0.06409303067694685f,0.3624383349816632f,0.9298013426288239f,0.0822101619804699f,0.06641007013276687f,0.9312007355028058f,-0.3584060445695564f,-1.047030741097176f,0f,0f,0f,1f], start_interpolation: 0, interpolation_duration: 1 }
$data merge entity $(bone_left_leg1) { transformation: [-0.9537169587565072f,0.0021526044860905006f,0.3006980692890549f,0.3125000000000001f,-0.12708376616539033f,0.9033992471190411f,-0.4095357330953796f,0.3125f,-0.27253197786215694f,-0.42879501699375666f,-0.8613136214201333f,-1f,0f,0f,0f,1f], start_interpolation: 0, interpolation_duration: 1 }
$data merge entity $(bone_right_leg4) { transformation: [-0.8997805193571188f,0.01972157999990181f,-0.0024650086695941695f,-0.4791888971056129f,0.019657693743765414f,0.8995323371973527f,0.02133423101365578f,-0.6336006842611444f,0.0029312219482710775f,0.021275187862277167f,-0.8997437270241535f,-0.9945156818277574f,0f,0f,0f,1f], start_interpolation: 0, interpolation_duration: 1 }
$data merge entity $(bone_right_leg3) { transformation: [-0.9956685241889536f,0.006753881745470952f,-0.09272850166350885f,-0.4683279544425404f,0.07410025205739104f,0.6600307751227465f,-0.7475750989271224f,-0.09185415923613932f,0.05615463101492409f,-0.7512082008153491f,-0.6576723321254614f,-1.5168173116814279f,0f,0f,0f,1f], start_interpolation: 0, interpolation_duration: 1 }
$data merge entity $(bone_right_leg2) { transformation: [-0.9955437779619632f,-0.03953799705728428f,0.08561152346453856f,-0.48809695297118255f,0.06649044050279682f,0.3494670063643839f,0.9345864501395575f,0.08287934394605262f,-0.06687007913084209f,0.9361140733112678f,-0.34528080494811914f,-1.048760275025794f,0f,0f,0f,1f], start_interpolation: 0, interpolation_duration: 1 }
$data merge entity $(bone_right_wing3) { transformation: [-1.1424904744667985f,0.10121014456016755f,0.22677651634881016f,-1.3744971257498655f,0.17314290346258626f,1.090010642552307f,0.3858158888379458f,0.4504729550380693f,-0.17802420259542717f,0.41059575221545913f,-1.0801268802920543f,0.44526173391830626f,0f,0f,0f,1f], start_interpolation: 0, interpolation_duration: 1 }
$data merge entity $(bone_right_wing2) { transformation: [-0.6473242905377143f,0.0865658995420187f,-0.7572830434628298f,-1.0651623977378812f,-0.21531846103321958f,0.9322953958120307f,0.2906256273730428f,0.7737650243306553f,0.7311697636104291f,0.35118604753630234f,-0.5848582193982566f,-0.4892330986534257f,0f,0f,0f,1f], start_interpolation: 0, interpolation_duration: 1 }
$data merge entity $(bone_right_wing1) { transformation: [-0.9585600631815867f,0.21250764982867137f,0.4578364502185452f,-0.5625f,0.29494729253412144f,1.033242717384125f,0.1379372781758843f,0.5547552552587972f,-0.40960933950682193f,0.24670041922962896f,-0.9720957788468281f,-0.004958915001751385f,0f,0f,0f,1f], start_interpolation: 0, interpolation_duration: 1 }
$data merge entity $(bone_left_wing3) { transformation: [-1.1424904744667774f,-0.10121014456027093f,-0.22677651634886994f,1.3744971257499163f,-0.17314290346271619f,1.0900106425522658f,0.3858158888380041f,0.4504729550380304f,0.17802420259543572f,0.4105957522155431f,-1.080126880292021f,0.44526173391827645f,0f,0f,0f,1f], start_interpolation: 0, interpolation_duration: 1 }
$data merge entity $(bone_left_wing2) { transformation: [-0.6473242905377502f,-0.08656589954210711f,0.7572830434627891f,1.0651623977378812f,0.21531846103320862f,0.9322953958119954f,0.2906256273731641f,0.7737650243306553f,-0.7311697636104006f,0.35118604753637417f,-0.5848582193982491f,-0.4892330986534254f,0f,0f,0f,1f], start_interpolation: 0, interpolation_duration: 1 }
$data merge entity $(bone_left_wing1) { transformation: [-0.9585600631815867f,-0.21250764982867143f,-0.4578364502185449f,0.5625f,-0.29494729253412144f,1.033242717384125f,0.1379372781758843f,0.5547552552587972f,0.4096093395068217f,0.2467004192296289f,-0.9720957788468282f,-0.004958915001751274f,0f,0f,0f,1f], start_interpolation: 0, interpolation_duration: 1 }
$data merge entity $(bone_beak_down) { transformation: [-1.1f,-3.6791403238004493e-17f,1.2958968330074362e-16f,-1.4830230334207137e-16f,0f,1.0581800678446145f,0.3004246062098893f,1.1503864188753463f,-1.3471114790620887e-16f,0.3004246062098893f,-1.0581800678446145f,1.2109802062547765f,0f,0f,0f,1f], start_interpolation: 0, interpolation_duration: 1 }
$data merge entity $(bone_beak_up) { transformation: [-1.1f,-2.1195917521593036e-17f,1.3303317800694044e-16f,-1.5028942060972073e-16f,0f,1.0862983359737952f,0.17307780117786178f,1.2522268878728895f,-1.3471114790620887e-16f,0.17307780117786178f,-1.0862983359737952f,1.2272062501152012f,0f,0f,0f,1f], start_interpolation: 0, interpolation_duration: 1 }
$data merge entity $(bone_head) { transformation: [-1.1f,-2.1195917521593036e-17f,1.3303317800694044e-16f,-8.37728316062505e-17f,0f,1.0862983359737952f,0.17307780117786178f,1.3387657884618205f,-1.3471114790620887e-16f,0.17307780117786178f,-1.0862983359737952f,0.6840570821283036f,0f,0f,0f,1f], start_interpolation: 0, interpolation_duration: 1 }
$data merge entity $(bone_neck2) { transformation: [-1f,1.217749109283628e-16f,1.2979556810919155e-17f,-7.566060859942602e-17f,0f,0.10598612448875899f,-0.9943676087925698f,0.7172860329664643f,-1.2246467991473532e-16f,-0.9943676087925698f,-0.10598612448875899f,0.6178157543228292f,0f,0f,0f,1f], start_interpolation: 0, interpolation_duration: 1 }
$data merge entity $(bone_neck1) { transformation: [-1f,5.268095238353349e-17f,1.1055457965449668e-16f,-1.3473657543771643e-17f,0f,0.9027466509647443f,-0.4301726213648868f,0.4753139334487155f,-1.2246467991473532e-16f,-0.4301726213648868f,-0.9027466509647443f,0.11002076315516052f,0f,0f,0f,1f], start_interpolation: 0, interpolation_duration: 1 }
$data merge entity $(bone_body3) { transformation: [-1f,-1.7205000360847362e-17f,1.212500960379076e-16f,6.123233995736765e-17f,0f,0.9900821699964973f,0.1404894894824055f,0.625f,-1.2246467991473532e-16f,0.1404894894824055f,-0.9900821699964973f,-0.5f,0f,0f,0f,1f], start_interpolation: 0, interpolation_duration: 1 }
$data merge entity $(bone_tail2) { transformation: [-1f,2.6872893663986406e-17f,1.1947989543325963e-16f,2.938563327551548e-16f,0f,0.9756273851076587f,-0.21943382926976468f,0.18750000000000006f,-1.2246467991473532e-16f,-0.21943382926976468f,-0.9756273851076587f,-2.399519052838329f,0f,0f,0f,1f], start_interpolation: 0, interpolation_duration: 1 }