# This file was generated by Animated Java via MC-Build. It is not recommended to edit this file directly.
$data merge entity $(bone_right_wing3) { transformation: [-1.1413982952377977f,0.09648846981501975f,0.23421245226837692f,-1.392983471514869f,0.1886337529287544f,1.0452682563401274f,0.48865851626697887f,0.36242087228012726f,-0.16906449911446306f,0.514839599736644f,-1.0360081793396951f,0.41753456764556646f,0f,0f,0f,1f], start_interpolation: 0, interpolation_duration: 1 }
$data merge entity $(bone_right_wing2) { transformation: [-0.6616094393268412f,0.08252741087633395f,-0.7452933491234651f,-1.0651623977378812f,-0.2812885756640672f,0.8940268514191194f,0.34870148571879644f,0.7721840245332023f,0.6950896970855653f,0.44034669908569146f,-0.5682825860518975f,-0.47583760047269635f,0f,0f,0f,1f], start_interpolation: 0, interpolation_duration: 1 }
$data merge entity $(bone_right_wing1) { transformation: [-0.9585600631815867f,0.21250764982867137f,0.4578364502185452f,-0.5625f,0.33074559368726725f,1.0067306418446513f,0.2251929797720707f,0.5103201716688818f,-0.38128869461456716f,0.33903543273006426f,-0.9556594675007245f,-0.013329128697899983f,0f,0f,0f,1f], start_interpolation: 0, interpolation_duration: 1 }
$data merge entity $(bone_left_wing3) { transformation: [-1.1413982952377977f,-0.09648846981501985f,-0.23421245226837678f,1.392983471514869f,-0.1886337529287544f,1.0452682563401274f,0.48865851626697887f,0.36242087228012726f,0.1690644991144628f,0.514839599736644f,-1.0360081793396951f,0.4175345676455667f,0f,0f,0f,1f], start_interpolation: 0, interpolation_duration: 1 }
$data merge entity $(bone_left_wing2) { transformation: [-0.661609439326841f,-0.08252741087633403f,0.7452933491234651f,1.0651623977378812f,0.2812885756640672f,0.8940268514191194f,0.34870148571879644f,0.7721840245332023f,-0.6950896970855654f,0.4403466990856914f,-0.5682825860518973f,-0.47583760047269613f,0f,0f,0f,1f], start_interpolation: 0, interpolation_duration: 1 }
$data merge entity $(bone_left_wing1) { transformation: [-0.9585600631815867f,-0.21250764982867143f,-0.4578364502185449f,0.5625f,-0.33074559368726725f,1.0067306418446513f,0.2251929797720707f,0.5103201716688818f,0.38128869461456694f,0.33903543273006415f,-0.9556594675007246f,-0.013329128697899872f,0f,0f,0f,1f], start_interpolation: 0, interpolation_duration: 1 }
$data merge entity $(bone_beak_down) { transformation: [-1.1f,-3.382997681673843e-17f,1.3039411811422865e-16f,-1.554996762390033e-16f,0f,1.0647487765861483f,0.27624272435360264f,0.9658915625318116f,-1.3471114790620887e-16f,0.27624272435360264f,-1.0647487765861483f,1.2697512160017743f,0f,0f,0f,1f], start_interpolation: 0, interpolation_duration: 1 }
$data merge entity $(bone_beak_up) { transformation: [-1.1f,-3.658726859601568e-17f,1.2964746486874117e-16f,-1.5892973266987977e-16f,0f,1.0586518901532f,0.29875772036059f,1.0651401772336742f,-1.3471114790620887e-16f,0.29875772036059f,-1.0586518901532f,1.2977597522855797f,0f,0f,0f,1f], start_interpolation: 0, interpolation_duration: 1 }
$data merge entity $(bone_head) { transformation: [-1.1f,-3.658726859601568e-17f,1.2964746486874117e-16f,-9.410600023550917e-17f,0f,1.0586518901532f,0.29875772036059f,1.2145190374139692f,-1.3471114790620887e-16f,0.29875772036059f,-1.0586518901532f,0.7684338072089796f,0f,0f,0f,1f], start_interpolation: 0, interpolation_duration: 1 }
$data merge entity $(bone_neck2) { transformation: [-1f,1.1919998495567408e-16f,2.808845693849439e-17f,-7.655071464895017e-17f,0f,0.2293596566622364f,-0.9733417426042f,0.6061804482863441f,-1.2246467991473532e-16f,-0.9733417426042f,-0.2293596566622364f,0.6250840217950818f,0f,0f,0f,1f], start_interpolation: 0, interpolation_duration: 1 }
$data merge entity $(bone_neck1) { transformation: [-1f,4.0356540923621223e-17f,1.1562416456475986e-16f,-1.1512122081272744e-17f,0f,0.9441429532601716f,-0.32953616464534113f,0.4208163556733397f,-1.2246467991473532e-16f,-0.32953616464534113f,-0.9441429532601716f,0.0940036105862353f,0f,0f,0f,1f], start_interpolation: 0, interpolation_duration: 1 }
$data merge entity $(bone_body3) { transformation: [-1f,-2.8088456938494383e-17f,1.1919998495567408e-16f,6.123233995736765e-17f,0f,0.9733417426042001f,0.22935965666223648f,0.625f,-1.2246467991473532e-16f,0.22935965666223648f,-0.9733417426042001f,-0.5f,0f,0f,0f,1f], start_interpolation: 0, interpolation_duration: 1 }