# This file was generated by Animated Java via MC-Build. It is not recommended to edit this file directly.
$data merge entity $(bone_right_wing3) { transformation: [-1.1413982952377977f,0.09648846981501975f,0.23421245226837692f,-1.392983471514869f,0.18938913582320607f,1.0429516963868461f,0.49329411126882633f,0.3583136773747695f,-0.16821787311980232f,0.5195164099170672f,-1.033808982823468f,0.4163492164362324f,0f,0f,0f,1f], start_interpolation: 0, interpolation_duration: 1 }
$data merge entity $(bone_right_wing2) { transformation: [-0.6616094393268412f,0.08252741087633395f,-0.7452933491234651f,-1.0651623977378812f,-0.2843992058327492f,0.8920454779404994f,0.35124344407776137f,0.7720743195906992f,0.693822773851741f,0.44434681470665993f,-0.5667149784015956f,-0.4751785748668564f,0f,0f,0f,1f], start_interpolation: 0, interpolation_duration: 1 }
$data merge entity $(bone_right_wing1) { transformation: [-0.9585600631815867f,0.21250764982867137f,0.4578364502185452f,-0.5625f,0.3324501474674882f,1.0052019320828856f,0.2294713191158975f,0.5081414215942014f,-0.3798033910239203f,0.3435413884996093f,-0.9546411942010478f,-0.013847685747588212f,0f,0f,0f,1f], start_interpolation: 0, interpolation_duration: 1 }
$data merge entity $(bone_left_wing3) { transformation: [-1.1413982952377977f,-0.09648846981501985f,-0.23421245226837678f,1.392983471514869f,-0.18938913582320607f,1.0429516963868461f,0.49329411126882633f,0.3583136773747695f,0.16821787311980194f,0.519516409917067f,-1.0338089828234682f,0.4163492164362329f,0f,0f,0f,1f], start_interpolation: 0, interpolation_duration: 1 }
$data merge entity $(bone_left_wing2) { transformation: [-0.661609439326841f,-0.08252741087633403f,0.7452933491234651f,1.0651623977378812f,0.2843992058327492f,0.8920454779404994f,0.35124344407776137f,0.7720743195906992f,-0.6938227738517412f,0.4443468147066599f,-0.5667149784015953f,-0.4751785748668561f,0f,0f,0f,1f], start_interpolation: 0, interpolation_duration: 1 }
$data merge entity $(bone_left_wing1) { transformation: [-0.9585600631815867f,-0.21250764982867143f,-0.4578364502185449f,0.5625f,-0.3324501474674882f,1.0052019320828856f,0.2294713191158975f,0.5081414215942014f,0.3798033910239201f,0.34354138849960925f,-0.9546411942010479f,-0.013847685747588101f,0f,0f,0f,1f], start_interpolation: 0, interpolation_duration: 1 }
$data merge entity $(bone_beak_down) { transformation: [-1.1f,-3.347941639418833e-17f,1.3048456632151186e-16f,-1.5568449637064284e-16f,0f,1.0654873422472528f,0.27338018126939145f,0.9579610573703002f,-1.3471114790620887e-16f,0.27338018126939145f,-1.0654873422472528f,1.271260386905322f,0f,0f,0f,1f], start_interpolation: 0, interpolation_duration: 1 }
$data merge entity $(bone_beak_up) { transformation: [-1.1f,-3.716761964469508e-17f,1.2948228226346548e-16f,-1.5916896071233299e-16f,0f,1.0573030718213292f,0.30349664630302087f,1.0570832203535498f,-1.3471114790620887e-16f,0.30349664630302087f,-1.0573030718213292f,1.2997131974962302f,0f,0f,0f,1f], start_interpolation: 0, interpolation_duration: 1 }
$data merge entity $(bone_head) { transformation: [-1.1f,-3.716761964469508e-17f,1.2948228226346548e-16f,-9.442781958060026e-17f,0f,1.0573030718213292f,0.30349664630302087f,1.2088315435050603f,-1.3471114790620887e-16f,0.30349664630302087f,-1.0573030718213292f,0.7710616615855657f,0f,0f,0f,1f], start_interpolation: 0, interpolation_duration: 1 }
$data merge entity $(bone_neck2) { transformation: [-1f,1.1907297510945885e-16f,2.862209679951426e-17f,-7.653900908090384e-17f,0f,0.23371715681159727f,-0.9723046285048237f,0.6011411506895454f,-1.2246467991473532e-16f,-0.9723046285048237f,-0.23371715681159727f,0.6249884385783173f,0f,0f,0f,1f], start_interpolation: 0, interpolation_duration: 1 }
$data merge entity $(bone_neck1) { transformation: [-1f,3.983823128906466e-17f,1.1580377003525216e-16f,-1.13993884360745e-17f,0f,0.9456095432240484f,-0.3253038452948359f,0.41815773771120024f,-1.2246467991473532e-16f,-0.3253038452948359f,-0.9456095432240484f,0.09308307051479003f,0f,0f,0f,1f], start_interpolation: 0, interpolation_duration: 1 }
$data merge entity $(bone_body3) { transformation: [-1f,-2.8622096799514265e-17f,1.1907297510945888e-16f,6.123233995736765e-17f,0f,0.9723046285048237f,0.2337171568115973f,0.625f,-1.2246467991473532e-16f,0.2337171568115973f,-0.9723046285048237f,-0.5f,0f,0f,0f,1f], start_interpolation: 0, interpolation_duration: 1 }