# This file was generated by Animated Java via MC-Build. It is not recommended to edit this file directly.
$data merge entity $(bone_right_wing3) { transformation: [-1.1413982952377977f,0.09648846981501975f,0.23421245226837692f,-1.392983471514869f,0.19044848352955565f,1.0396475451608505f,0.49981788977473784f,0.35252771413435297f,-0.167017582086747f,0.5260974463066092f,-1.030670738034278f,0.41464546933432894f,0f,0f,0f,1f], start_interpolation: 0, interpolation_duration: 1 }
$data merge entity $(bone_right_wing2) { transformation: [-0.6616094393268412f,0.08252741087633395f,-0.7452933491234651f,-1.0651623977378812f,-0.28877845738356894f,0.889219409226299f,0.35481804464598155f,0.7719145119654971f,0.6920115261646939f,0.449975631239382f,-0.564483816372029f,-0.4742495669425317f,0f,0f,0f,1f], start_interpolation: 0, interpolation_duration: 1 }
$data merge entity $(bone_right_wing1) { transformation: [-0.9585600631815867f,0.21250764982867137f,0.4578364502185452f,-0.5625f,0.3348438498327295f,1.0030106896431983f,0.23550002930314645f,0.5050712928093849f,-0.3776947346914172f,0.34988736235663204f,-0.9531718796526729f,-0.014595936160823164f,0f,0f,0f,1f], start_interpolation: 0, interpolation_duration: 1 }
$data merge entity $(bone_left_wing3) { transformation: [-1.1413982952377977f,-0.09648846981501985f,-0.23421245226837678f,1.392983471514869f,-0.19044848352955565f,1.0396475451608505f,0.49981788977473784f,0.35252771413435297f,0.16701758208674666f,0.5260974463066092f,-1.030670738034278f,0.41464546933432916f,0f,0f,0f,1f], start_interpolation: 0, interpolation_duration: 1 }
$data merge entity $(bone_left_wing2) { transformation: [-0.661609439326841f,-0.08252741087633403f,0.7452933491234651f,1.0651623977378812f,0.28877845738356894f,0.889219409226299f,0.35481804464598155f,0.7719145119654971f,-0.692011526164694f,0.449975631239382f,-0.5644838163720288f,-0.47424956694253145f,0f,0f,0f,1f], start_interpolation: 0, interpolation_duration: 1 }
$data merge entity $(bone_left_wing1) { transformation: [-0.9585600631815867f,-0.21250764982867143f,-0.4578364502185449f,0.5625f,-0.3348438498327295f,1.0030106896431983f,0.23550002930314645f,0.5050712928093849f,0.37769473469141696f,0.3498873623566319f,-0.953171879652673f,-0.014595936160823053f,0f,0f,0f,1f], start_interpolation: 0, interpolation_duration: 1 }
$data merge entity $(bone_beak_down) { transformation: [-1.1f,-3.298437933380032e-17f,1.3061058184608335e-16f,-1.5593786673940035e-16f,0f,1.0665163370942505f,0.269337896908442f,0.9467601151364186f,-1.3471114790620887e-16f,0.269337896908442f,-1.0665163370942505f,1.2733293129739152f,0f,0f,0f,1f], start_interpolation: 0, interpolation_duration: 1 }
$data merge entity $(bone_beak_up) { transformation: [-1.1f,-3.7985200050804686e-17f,1.2924479853096146e-16f,-1.594989792441633e-16f,0f,1.0553638699823225f,0.3101726969543502f,1.0457004779472612f,-1.3471114790620887e-16f,0.3101726969543502f,-1.0553638699823225f,1.3024080033133854f,0f,0f,0f,1f], start_interpolation: 0, interpolation_duration: 1 }
$data merge entity $(bone_head) { transformation: [-1.1f,-3.7985200050804686e-17f,1.2924479853096146e-16f,-9.487657997868256e-17f,0f,1.0553638699823225f,0.3101726969543502f,1.2007868264244363f,-1.3471114790620887e-16f,0.3101726969543502f,-1.0553638699823225f,0.7747260683222241f,0f,0f,0f,1f], start_interpolation: 0, interpolation_duration: 1 }
$data merge entity $(bone_neck2) { transformation: [-1f,1.1888970661475309e-16f,2.937406147737338e-17f,-7.65177915553242e-17f,0f,0.23985741438123015f,-0.9708081276783537f,0.5940317466254652f,-1.2246467991473532e-16f,-0.9708081276783537f,-0.23985741438123015f,0.6248151843339553f,0f,0f,0f,1f], start_interpolation: 0, interpolation_duration: 1 }
$data merge entity $(bone_neck1) { transformation: [-1f,3.91055606217771e-17f,1.1605323328143466e-16f,-1.1237847834517198e-17f,0f,0.9476465652156641f,-0.31932113527756667f,0.414413608031834f,-1.2246467991473532e-16f,-0.31932113527756667f,-0.9476465652156641f,0.09176399140014424f,0f,0f,0f,1f], start_interpolation: 0, interpolation_duration: 1 }
$data merge entity $(bone_body3) { transformation: [-1f,-2.9374061477373384e-17f,1.1888970661475309e-16f,6.123233995736765e-17f,0f,0.9708081276783538f,0.23985741438123018f,0.625f,-1.2246467991473532e-16f,0.23985741438123018f,-0.9708081276783538f,-0.5f,0f,0f,0f,1f], start_interpolation: 0, interpolation_duration: 1 }