# This file was generated by Animated Java via MC-Build. It is not recommended to edit this file directly.
$data merge entity $(bone_right_wing3) { transformation: [-1.1413982952377977f,0.09648846981501975f,0.23421245226837692f,-1.392983471514869f,0.19047239374202715f,1.0395722123240287f,0.4999654473685839f,0.3523967657267971f,-0.1669903135723532f,0.5262462888544129f,-1.0305991677740316f,0.41460644968338967f,0f,0f,0f,1f], start_interpolation: 0, interpolation_duration: 1 }
$data merge entity $(bone_right_wing2) { transformation: [-0.6616094393268412f,0.08252741087633395f,-0.7452933491234651f,-1.0651623977378812f,-0.288877530779566f,0.8891549764086911f,0.3548988590265688f,0.7719108237306146f,0.6919701742158568f,0.4501029375395237f,-0.5644330107408388f,-0.4742285332295647f,0f,0f,0f,1f], start_interpolation: 0, interpolation_duration: 1 }
$data merge entity $(bone_right_wing1) { transformation: [-0.9585600631815867f,0.21250764982867137f,0.4578364502185452f,-0.5625f,0.33489792153760733f,1.0029605854509018f,0.2356364939751176f,0.5050017979913366f,-0.3776467907108627f,0.35003096135540607f,-0.9531381529817735f,-0.0146131115134156f,0f,0f,0f,1f], start_interpolation: 0, interpolation_duration: 1 }
$data merge entity $(bone_left_wing3) { transformation: [-1.1413982952377977f,-0.09648846981501985f,-0.23421245226837678f,1.392983471514869f,-0.19047239374202715f,1.0395722123240287f,0.4999654473685839f,0.3523967657267971f,0.1669903135723528f,0.5262462888544128f,-1.0305991677740318f,0.41460644968339f,0f,0f,0f,1f], start_interpolation: 0, interpolation_duration: 1 }
$data merge entity $(bone_left_wing2) { transformation: [-0.661609439326841f,-0.08252741087633403f,0.7452933491234651f,1.0651623977378812f,0.288877530779566f,0.8891549764086911f,0.3548988590265688f,0.7719108237306146f,-0.691970174215857f,0.45010293753952363f,-0.5644330107408386f,-0.4742285332295645f,0f,0f,0f,1f], start_interpolation: 0, interpolation_duration: 1 }
$data merge entity $(bone_left_wing1) { transformation: [-0.9585600631815867f,-0.21250764982867143f,-0.4578364502185449f,0.5625f,-0.33489792153760733f,1.0029605854509018f,0.2356364939751176f,0.5050017979913366f,0.3776467907108625f,0.350030961355406f,-0.9531381529817736f,-0.014613111513415489f,0f,0f,0f,1f], start_interpolation: 0, interpolation_duration: 1 }
$data merge entity $(bone_beak_down) { transformation: [-1.1f,-3.297315938121129e-17f,1.3061341481880683e-16f,-1.5594350608068662e-16f,0f,1.0665394700720645f,0.2692462790428105f,0.9465062215505272f,-1.3471114790620887e-16f,0.2692462790428105f,-1.0665394700720645f,1.2733753616900856f,0f,0f,0f,1f], start_interpolation: 0, interpolation_duration: 1 }
$data merge entity $(bone_beak_up) { transformation: [-1.1f,-3.80037038382983e-17f,1.2923935880674809e-16f,-1.5950635331552708e-16f,0f,1.0553194512632507f,0.31032379184559966f,1.045442420106457f,-1.3471114790620887e-16f,0.31032379184559966f,-1.0553194512632507f,1.3024682171756106f,0f,0f,0f,1f], start_interpolation: 0, interpolation_duration: 1 }
$data merge entity $(bone_head) { transformation: [-1.1f,-3.80037038382983e-17f,1.2923935880674809e-16f,-9.488667391215305e-17f,0f,1.0553194512632507f,0.31032379184559966f,1.2006043160292568f,-1.3471114790620887e-16f,0.31032379184559966f,-1.0553194512632507f,0.7748084915439852f,0f,0f,0f,1f], start_interpolation: 0, interpolation_duration: 1 }
$data merge entity $(bone_neck2) { transformation: [-1f,1.1888549986663776e-16f,2.9391082798669423e-17f,-7.651724716298467e-17f,0f,0.23999640401732686f,-0.9707737769731689f,0.593870705421026f,-1.2246467991473532e-16f,-0.9707737769731689f,-0.23999640401732686f,0.624810739033156f,0f,0f,0f,1f], start_interpolation: 0, interpolation_duration: 1 }
$data merge entity $(bone_neck1) { transformation: [-1f,3.9088944700884815e-17f,1.1605883089532542e-16f,-1.1234154784364123e-17f,0f,0.9476922732017927f,-0.31918545598698383f,0.41432888642834764f,-1.2246467991473532e-16f,-0.31918545598698383f,-0.9476922732017927f,0.09173383535714763f,0f,0f,0f,1f], start_interpolation: 0, interpolation_duration: 1 }
$data merge entity $(bone_body3) { transformation: [-1f,-2.9391082798669436e-17f,1.1888549986663778e-16f,6.123233995736765e-17f,0f,0.9707737769731689f,0.23999640401732691f,0.625f,-1.2246467991473532e-16f,0.23999640401732691f,-0.9707737769731689f,-0.5f,0f,0f,0f,1f], start_interpolation: 0, interpolation_duration: 1 }