# This file was generated by Animated Java via MC-Build. It is not recommended to edit this file directly.
$data merge entity $(bone_right_wing3) { transformation: [-1.1413982952377977f,0.09648846981501975f,0.23421245226837692f,-1.392983471514869f,0.19036647602399656f,1.039905667375294f,0.4993119002622629f,0.3529767224882522f,-0.16711104814169483f,0.525587047148294f,-1.030915961383605f,0.4147791086543418f,0f,0f,0f,1f], start_interpolation: 0, interpolation_duration: 1 }
$data merge entity $(bone_right_wing2) { transformation: [-0.6616094393268412f,0.08252741087633395f,-0.7452933491234651f,-1.0651623977378812f,-0.28843873224203376f,0.8894401833570167f,0.354540911563736f,0.7719271344792084f,0.6921531965802301f,0.44953908248770247f,-0.5646579192572113f,-0.47432168653443213f,0f,0f,0f,1f], start_interpolation: 0, interpolation_duration: 1 }
$data merge entity $(bone_right_wing1) { transformation: [-0.9585600631815867f,0.21250764982867137f,0.4578364502185452f,-0.5625f,0.3346584090293233f,1.0031823193523797f,0.23503211379692973f,0.5053095794113078f,-0.3778590552711232f,0.34939496850153057f,-0.9532873656178076f,-0.014537124777494526f,0f,0f,0f,1f], start_interpolation: 0, interpolation_duration: 1 }
$data merge entity $(bone_left_wing3) { transformation: [-1.1413982952377977f,-0.09648846981501985f,-0.23421245226837678f,1.392983471514869f,-0.19036647602399656f,1.039905667375294f,0.4993119002622629f,0.3529767224882522f,0.16711104814169456f,0.525587047148294f,-1.0309159613836052f,0.41477910865434214f,0f,0f,0f,1f], start_interpolation: 0, interpolation_duration: 1 }
$data merge entity $(bone_left_wing2) { transformation: [-0.661609439326841f,-0.08252741087633403f,0.7452933491234651f,1.0651623977378812f,0.28843873224203376f,0.8894401833570167f,0.354540911563736f,0.7719271344792084f,-0.6921531965802303f,0.44953908248770247f,-0.5646579192572112f,-0.4743216865344319f,0f,0f,0f,1f], start_interpolation: 0, interpolation_duration: 1 }
$data merge entity $(bone_left_wing1) { transformation: [-0.9585600631815867f,-0.21250764982867143f,-0.4578364502185449f,0.5625f,-0.3346584090293233f,1.0031823193523797f,0.23503211379692973f,0.5053095794113078f,0.3778590552711229f,0.3493949685015305f,-0.9532873656178077f,-0.014537124777494415f,0f,0f,0f,1f], start_interpolation: 0, interpolation_duration: 1 }
$data merge entity $(bone_beak_down) { transformation: [-1.1f,-3.302284589429961e-17f,1.3060086147973837e-16f,-1.5591849806007507e-16f,0f,1.0664369642795601f,0.26965200021174585f,0.9476305573272059f,-1.3471114790620887e-16f,0.26965200021174585f,-1.0664369642795601f,1.273171155704907f,0f,0f,0f,1f], start_interpolation: 0, interpolation_duration: 1 }
$data merge entity $(bone_beak_up) { transformation: [-1.1f,-3.792175258482826e-17f,1.2926342890045715e-16f,-1.5947366236490273e-16f,0f,1.0555159984940587f,0.30965460907774267f,1.046585182186024f,-1.3471114790620887e-16f,0.30965460907774267f,-1.0555159984940587f,1.3022012753059453f,0f,0f,0f,1f], start_interpolation: 0, interpolation_duration: 1 }
$data merge entity $(bone_head) { transformation: [-1.1f,-3.792175258482826e-17f,1.2926342890045715e-16f,-9.484194791467416e-17f,0f,1.0555159984940587f,0.30965460907774267f,1.2014124867248952f,-1.3471114790620887e-16f,0.30965460907774267f,-1.0555159984940587f,0.7744432760589159f,0f,0f,0f,1f], start_interpolation: 0, interpolation_duration: 1 }
$data merge entity $(bone_neck2) { transformation: [-1f,1.1890411124922245e-16f,2.931569809250845e-17f,-7.651963660685638e-17f,0f,0.23938084117738417f,-0.9709257504450111f,0.5945838926967633f,-1.2246467991473532e-16f,-0.9709257504450111f,-0.23938084117738417f,0.6248302503230508f,0f,0f,0f,1f], start_interpolation: 0, interpolation_duration: 1 }
$data merge entity $(bone_neck1) { transformation: [-1f,3.9162523405779644e-17f,1.1603402340309647e-16f,-1.1250498442614611e-17f,0f,0.9474897046551207f,-0.31978627170745166f,0.41470411486132164f,-1.2246467991473532e-16f,-0.31978627170745166f,-0.9474897046551207f,0.09186729145454542f,0f,0f,0f,1f], start_interpolation: 0, interpolation_duration: 1 }
$data merge entity $(bone_body3) { transformation: [-1f,-2.931569809250846e-17f,1.1890411124922247e-16f,6.123233995736765e-17f,0f,0.9709257504450111f,0.23938084117738426f,0.625f,-1.2246467991473532e-16f,0.23938084117738426f,-0.9709257504450111f,-0.5f,0f,0f,0f,1f], start_interpolation: 0, interpolation_duration: 1 }