# This file was generated by Animated Java via MC-Build. It is not recommended to edit this file directly.
$data merge entity $(bone_left_arm2) { transformation: [-0.8056025083744032f,-0.11452408871312224f,0.5812820585613308f,0.24914889057637135f,0.01157449963582106f,0.9779093561124271f,0.2087087017494926f,-0.8856919644094938f,-0.5923433374817766f,0.17486430262408392f,-0.7864806712238661f,0.2879805459649236f,0f,0f,0f,1f], start_interpolation: 0, interpolation_duration: 1 }
$data merge entity $(bone_left_arm) { transformation: [-0.8056025083744032f,-0.11452408871312224f,0.5812820585613308f,0.11981755485129039f,0.01157449963582106f,0.9779093561124271f,0.2087087017494926f,-0.6397678129269094f,-0.5923433374817766f,0.17486430262408392f,-0.7864806712238661f,0.2576537044357225f,0f,0f,0f,1f], start_interpolation: 0, interpolation_duration: 1 }
$data merge entity $(item_display_weapon) { transformation: [0.5166214921644469f,-0.27334684308939894f,-0.8114084897305669f,-0.54097401776704f,-0.48027605141827345f,-0.8770565805155037f,-0.01032806896393654f,-1.2436960894412346f,-0.7088280103578387f,0.39503576793438766f,-0.5843882218051939f,0.11648068029431813f,0f,0f,0f,1f], start_interpolation: 0, interpolation_duration: 1 }
$data merge entity $(bone_right_arm2) { transformation: [-0.8114084897305669f,-0.17202115405174426f,0.5585919667806425f,-0.33959532081344496f,-0.010328068963936645f,0.959779108366158f,0.2805662027674378f,-0.8810035986389411f,-0.5843882218051939f,0.22188462250135527f,-0.7805495631366368f,-0.16953859795262166f,0f,0f,0f,1f], start_interpolation: 0, interpolation_duration: 1 }
$data merge entity $(bone_right_arm) { transformation: [-0.8114084897305669f,-0.17202115405174426f,0.5585919667806425f,-0.28117454811006015f,-0.010328068963936645f,0.959779108366158f,0.2805662027674378f,-0.6397678129269094f,-0.5843882218051939f,0.22188462250135527f,-0.7805495631366368f,-0.04101891460163358f,0f,0f,0f,1f], start_interpolation: 0, interpolation_duration: 1 }