# This file was generated by Animated Java via MC-Build. It is not recommended to edit this file directly.
$data merge entity $(bone_left_arm2) { transformation: [-0.8374345693132251f,-0.17594319206699535f,0.5174430744385795f,0.3637950776449217f,-0.18272033620541148f,0.9824174911108402f,0.038329517300164435f,-0.8477643307520336f,-0.5150889446068071f,-0.06244890971633198f,-0.8548587677617203f,0.20735257971514437f,0f,0f,0f,1f], start_interpolation: 0, interpolation_duration: 1 }
$data merge entity $(bone_left_arm) { transformation: [-0.8374345693132251f,-0.17594319206699535f,0.5174430744385795f,0.21512995846401972f,-0.18272033620541148f,0.9824174911108402f,0.038329517300164435f,-0.625f,-0.5150889446068071f,-0.06244890971633198f,-0.8548587677617203f,0.12735423421021047f,0f,0f,0f,1f], start_interpolation: 0, interpolation_duration: 1 }
$data merge entity $(item_display_weapon) { transformation: [-0.036430107120245414f,-0.7004698123494011f,-0.7127516322551651f,-0.7701841806656046f,-0.9948282423237937f,-0.04224838988995161f,0.0923679697008547f,-0.6854266063526443f,-0.09481358325766848f,0.7124304285605028f,-0.6953080388510834f,0.25382116591536985f,0f,0f,0f,1f], start_interpolation: 0, interpolation_duration: 1 }
$data merge entity $(bone_right_arm2) { transformation: [-0.7127516322551652f,0.5210669301128077f,0.46954697854465227f,-0.4344906450241173f,0.09236796970085462f,0.7333239192484464f,-0.6735756732776504f,-0.7967849835995048f,-0.6953080388510834f,-0.436721059488677f,-0.5708077148288623f,-0.10508747419442664f,0f,0f,0f,1f], start_interpolation: 0, interpolation_duration: 1 }
$data merge entity $(bone_right_arm) { transformation: [-0.7127516322551652f,0.5210669301128077f,0.46954697854465227f,-0.21512995846401972f,0.09236796970085462f,0.7333239192484464f,-0.6735756732776504f,-0.625f,-0.6953080388510834f,-0.436721059488677f,-0.5708077148288623f,-0.12735423421021047f,0f,0f,0f,1f], start_interpolation: 0, interpolation_duration: 1 }