# This file was generated by Animated Java via MC-Build. It is not recommended to edit this file directly.
$data merge entity $(bone_jaw) { transformation: [-1f,-1.0987904904375495e-16f,5.407580242454724e-17f,-5.131193116874573e-16f,0f,0.4415624363056917f,0.8972305249175274f,0.7700453347485112f,-1.2246467991473532e-16f,0.8972305249175274f,-0.4415624363056917f,3.4223466067722903f,0f,0f,0f,1f], start_interpolation: 0, interpolation_duration: 1 }
$data merge entity $(bone_head) { transformation: [-1.125f,-1.2361393017422433e-16f,6.083527772761565e-17f,-4.996003610813204e-16f,0f,0.4967577408439032f,1.0093843405322183f,0.994352965977893f,-1.3777276490407724e-16f,1.0093843405322183f,-0.4967577408439032f,3.3119559976958675f,0f,0f,0f,1f], start_interpolation: 0, interpolation_duration: 1 }
$data merge entity $(bone_neck) { transformation: [-1f,-6.517849098239208e-17f,1.036791306863479e-16f,0.4999999999999997f,0f,0.8466043495849853f,0.5322227684567656f,0.5272668439149681f,-1.2246467991473532e-16f,0.5322227684567656f,-0.8466043495849853f,2.0586032721727534f,0f,0f,0f,1f], start_interpolation: 0, interpolation_duration: 1 }
$data merge entity $(bone_right_arm2) { transformation: [-1f,1.0751474456159401e-17f,1.2199181785528538e-16f,-0.8750000000000004f,0f,0.9961387882630393f,-0.08779245137165267f,-0.7465498636419505f,-1.2246467991473532e-16f,-0.08779245137165267f,-0.9961387882630393f,2.3439823209894715f,0f,0f,0f,1f], start_interpolation: 0, interpolation_duration: 1 }
$data merge entity $(bone_right_arm1) { transformation: [-1.1354166666666665f,1.2207403288764319e-17f,1.3851154318985526e-16f,-0.5625000000000003f,0f,1.1310325825069922f,-0.09968101249489729f,0.5005249856352771f,-1.3904843865318904e-16f,-0.09968101249489729f,-1.1310325825069922f,1.543909311633338f,0f,0f,0f,1f], start_interpolation: 0, interpolation_duration: 1 }
$data merge entity $(bone_left_arm2) { transformation: [-1f,1.0751474456159401e-17f,1.2199181785528538e-16f,0.8749999999999997f,0f,0.9961387882630393f,-0.08779245137165267f,-0.7465498636419505f,-1.2246467991473532e-16f,-0.08779245137165267f,-0.9961387882630393f,2.343982320989472f,0f,0f,0f,1f], start_interpolation: 0, interpolation_duration: 1 }
$data merge entity $(bone_left_arm1) { transformation: [-1.1354166666666665f,1.2207403288764319e-17f,1.3851154318985526e-16f,0.5624999999999998f,0f,1.1310325825069922f,-0.09968101249489729f,0.5005249856352771f,-1.3904843865318904e-16f,-0.09968101249489729f,-1.1310325825069922f,1.543909311633338f,0f,0f,0f,1f], start_interpolation: 0, interpolation_duration: 1 }
$data merge entity $(bone_body2) { transformation: [-1.5833333333333335f,-3.720430881541234e-17f,1.90299721379252e-16f,0.4999999999999999f,0f,1.5539151493454777f,0.30379623611734774f,0.7417430918631335f,-1.9390240986499761e-16f,0.30379623611734774f,-1.5539151493454777f,0.6358199298939375f,0f,0f,0f,1f], start_interpolation: 0, interpolation_duration: 1 }
$data merge entity $(bone_right_leg2) { transformation: [-0.9825075763461328f,0.06980288944524055f,0.17264535628722683f,-1.1765573546140309f,-0.028195481473606076f,0.8606430681563959f,-0.5084275012809756f,-0.95435245354162f,-0.18407573780082886f,-0.5044016909759923f,-0.8436202089172827f,0.9171537032614971f,0f,0f,0f,1f], start_interpolation: 0, interpolation_duration: 1 }
$data merge entity $(bone_right_leg1) { transformation: [-1.3100101017948438f,0.2014135273368513f,0.14520296821679737f,-0.625f,-0.03759397529814143f,0.6098449970074895f,-1.1850964308544665f,-0.008533034608802545f,-0.2454343170677718f,-1.1684602896155436f,-0.5934983785780832f,-0.13446296232571162f,0f,0f,0f,1f], start_interpolation: 0, interpolation_duration: 1 }
$data merge entity $(bone_left_leg2) { transformation: [-0.9825075763461328f,-0.06980288944524046f,-0.17264535628722666f,1.1765573546140307f,0.028195481473606076f,0.8606430681563959f,-0.5084275012809756f,-0.95435245354162f,0.18407573780082864f,-0.5044016909759923f,-0.8436202089172827f,0.9171537032614976f,0f,0f,0f,1f], start_interpolation: 0, interpolation_duration: 1 }
$data merge entity $(bone_left_leg1) { transformation: [-1.3100101017948438f,-0.20141352733685108f,-0.14520296821679723f,0.625f,0.03759397529814143f,0.6098449970074895f,-1.1850964308544665f,-0.008533034608802545f,0.24543431706777152f,-1.1684602896155436f,-0.5934983785780833f,-0.13446296232571145f,0f,0f,0f,1f], start_interpolation: 0, interpolation_duration: 1 }
$data merge entity $(bone_tail3) { transformation: [-1f,1.854205843621539e-17f,1.2105283927098344e-16f,4.579669976578771e-16f,0f,0.9884714462591593f,-0.1514073972113845f,-0.0108326233050057f,-1.2246467991473532e-16f,-0.1514073972113845f,-0.9884714462591593f,-3.864618081337765f,0f,0f,0f,1f], start_interpolation: 0, interpolation_duration: 1 }
$data merge entity $(bone_tail2) { transformation: [-1.5416666666666665f,2.858567342249872e-17f,1.8662312720943277e-16f,-0.12499999999999976f,0f,1.5238934796495371f,-0.23341973736755106f,0.08771785029274784f,-1.8879971486855027e-16f,-0.23341973736755106f,-1.5238934796495371f,-1.9828452326247068f,0f,0f,0f,1f], start_interpolation: 0, interpolation_duration: 1 }
$data merge entity $(bone_tail1) { transformation: [-1f,1.854205843621539e-17f,1.2105283927098344e-16f,1.1102230246251565e-16f,0f,0.9884714462591593f,-0.1514073972113845f,0.24858820982984386f,-1.2246467991473532e-16f,-0.1514073972113845f,-0.9884714462591593f,-0.9325943209743501f,0f,0f,0f,1f], start_interpolation: 0, interpolation_duration: 1 }
$data merge entity $(bone_body1) { transformation: [-1.3333333333333333f,2.472274458162052e-17f,1.6140378569464456e-16f,0.5f,0f,1.3179619283455457f,-0.20187652961517932f,-0.0703125f,-1.6328623988631375e-16f,-0.20187652961517932f,-1.3179619283455457f,-0.12499999999999994f,0f,0f,0f,1f], start_interpolation: 0, interpolation_duration: 1 }
data modify entity @s data merge value {"locators":{"hitbox_head":{"posx":-4.478246436866446e-16,"posy":0.43799190425010837,"posz":2.8891751809679413,"roty":0,"rotx":63.79638671875},"hitbox_neck":{"posx":-2.7755575615628914e-16,"posy":0.1432623667635029,"posz":1.9648452776995895,"roty":0,"rotx":32.15576171875001},"hitbox_right_arm":{"posx":-0.9375000000000006,"posy":-1.6987924262191636,"posz":2.929844166492644,"roty":0,"rotx":-5.036621093749999},"hitbox_left_arm":{"posx":0.9374999999999996,"posy":-1.6987924262191636,"posz":2.9298441664926442,"roty":0,"rotx":-5.036621093749999},"hitbox_tail1":{"posx":2.914335439641036e-16,"posy":-0.7577283199844486,"posz":-2.5488638040193403,"roty":0,"rotx":-8.70849609375},"hitbox_tail2":{"posx":5.017227680502726e-16,"posy":-1.3933680574515561,"posz":-4.2219110610186,"roty":0,"rotx":-8.70849609375}},"cameras":{}}