# This file was generated by Animated Java via MC-Build. It is not recommended to edit this file directly.
$data merge entity $(bone_jaw) { transformation: [-1f,-1.1059545094557285e-16f,5.259509536795201e-17f,-5.127491349233085e-16f,0f,0.4294715456290806f,0.9030803903833637f,0.7710703196280921f,-1.2246467991473532e-16f,0.9030803903833637f,-0.4294715456290806f,3.419041912114783f,0f,0f,0f,1f], start_interpolation: 0, interpolation_duration: 1 }
$data merge entity $(bone_head) { transformation: [-1.125f,-1.2441988231376944e-16f,5.916948228894601e-17f,-4.996003610813204e-16f,0f,0.48315548883271564f,1.0159654391812842f,0.9968404172239331f,-1.3777276490407724e-16f,1.0159654391812842f,-0.48315548883271564f,3.3116740257075126f,0f,0f,0f,1f], start_interpolation: 0, interpolation_duration: 1 }
$data merge entity $(bone_neck) { transformation: [-1f,-6.576892509509776e-17f,1.0330559674312906e-16f,0.4999999999999997f,0f,0.8435542134683602f,0.5370440288652096f,0.5369123388667831f,-1.2246467991473532e-16f,0.5370440288652096f,-0.8435542134683602f,2.0556769465951845f,0f,0f,0f,1f], start_interpolation: 0, interpolation_duration: 1 }
$data merge entity $(bone_right_arm2) { transformation: [-1f,1.0340761114026786e-17f,1.2202731860612693e-16f,-0.8750000000000004f,0f,0.9964286738926447f,-0.08443872242369327f,-0.7393054198532361f,-1.2246467991473532e-16f,-0.08443872242369327f,-0.9964286738926447f,2.336838788186602f,0f,0f,0f,1f], start_interpolation: 0, interpolation_duration: 1 }
$data merge entity $(bone_right_arm1) { transformation: [-1.1354166666666665f,1.1741072514884578e-17f,1.3855185133403993e-16f,-0.5625000000000003f,0f,1.1313617234822735f,-0.09587313275190172f,0.5104555929645709f,-1.3904843865318904e-16f,-0.09587313275190172f,-1.1313617234822735f,1.5409682517043113f,0f,0f,0f,1f], start_interpolation: 0, interpolation_duration: 1 }
$data merge entity $(bone_left_arm2) { transformation: [-1f,1.0340761114026786e-17f,1.2202731860612693e-16f,0.8749999999999997f,0f,0.9964286738926447f,-0.08443872242369327f,-0.7393054198532361f,-1.2246467991473532e-16f,-0.08443872242369327f,-0.9964286738926447f,2.3368387881866024f,0f,0f,0f,1f], start_interpolation: 0, interpolation_duration: 1 }
$data merge entity $(bone_left_arm1) { transformation: [-1.1354166666666665f,1.1741072514884578e-17f,1.3855185133403993e-16f,0.5624999999999998f,0f,1.1313617234822735f,-0.09587313275190172f,0.5104555929645709f,-1.3904843865318904e-16f,-0.09587313275190172f,-1.1313617234822735f,1.5409682517043115f,0f,0f,0f,1f], start_interpolation: 0, interpolation_duration: 1 }
$data merge entity $(bone_body2) { transformation: [-1.5833333333333335f,-3.7309717255204096e-17f,1.902790833218151e-16f,0.4999999999999999f,0f,1.5537466268175837f,0.3046569613473908f,0.7521766869262201f,-1.9390240986499761e-16f,0.3046569613473908f,-1.5537466268175837f,0.6330126290365603f,0f,0f,0f,1f], start_interpolation: 0, interpolation_duration: 1 }
$data merge entity $(bone_right_leg2) { transformation: [-0.9828549916653012f,0.06916327679872135f,0.17091666536960118f,-1.1737988798347296f,-0.02854540542323527f,0.8587242923799303f,-0.5116422084873479f,-0.9488257717956258f,-0.18215714421296772f,-0.5077489840650112f,-0.8420271634532491f,0.9163549673192217f,0f,0f,0f,1f], start_interpolation: 0, interpolation_duration: 1 }
$data merge entity $(bone_right_leg1) { transformation: [-1.3104733222204015f,0.19865226888140566f,0.14482653622410183f,-0.625f,-0.03806054056431369f,0.6120649881079779f,-1.1839364946491473f,-0.0007535635246048514f,-0.24287619228395696f,-1.1677720257731934f,-0.595900519232024f,-0.1346761346926339f,0f,0f,0f,1f], start_interpolation: 0, interpolation_duration: 1 }
$data merge entity $(bone_left_leg2) { transformation: [-0.9828549916653012f,-0.06916327679872127f,-0.17091666536960098f,1.1737988798347294f,0.02854540542323527f,0.8587242923799303f,-0.5116422084873479f,-0.9488257717956258f,0.1821571442129675f,-0.5077489840650113f,-0.8420271634532492f,0.9163549673192222f,0f,0f,0f,1f], start_interpolation: 0, interpolation_duration: 1 }
$data merge entity $(bone_left_leg1) { transformation: [-1.3104733222204015f,-0.19865226888140544f,-0.1448265362241017f,0.625f,0.03806054056431369f,0.6120649881079779f,-1.1839364946491473f,-0.0007535635246048514f,0.24287619228395665f,-1.1677720257731936f,-0.595900519232024f,-0.13467613469263373f,0f,0f,0f,1f], start_interpolation: 0, interpolation_duration: 1 }
$data merge entity $(bone_tail3) { transformation: [-1f,1.8959755807124254e-17f,1.2098812126135687e-16f,4.579669976578771e-16f,0f,0.9879429836063224f,-0.15481815508214103f,-0.015927582111443545f,-1.2246467991473532e-16f,-0.15481815508214103f,-0.9879429836063224f,-3.864801098974652f,0f,0f,0f,1f], start_interpolation: 0, interpolation_duration: 1 }
$data merge entity $(bone_tail2) { transformation: [-1.5416666666666665f,2.922962353598322e-17f,1.865233536112585e-16f,-0.12499999999999976f,0f,1.5230787663930803f,-0.2386779890849674f,0.08911714924138545f,-1.8879971486855027e-16f,-0.2386779890849674f,-1.5230787663930803f,-1.983379600634896f,0f,0f,0f,1f], start_interpolation: 0, interpolation_duration: 1 }
$data merge entity $(bone_tail1) { transformation: [-1f,1.8959755807124254e-17f,1.2098812126135687e-16f,1.1102230246251565e-16f,0f,0.9879429836063224f,-0.15481815508214103f,0.2536114390161603f,-1.2246467991473532e-16f,-0.15481815508214103f,-0.9879429836063224f,-0.9336901805531785f,0f,0f,0f,1f], start_interpolation: 0, interpolation_duration: 1 }
$data merge entity $(bone_body1) { transformation: [-1.3333333333333333f,2.5279674409499006e-17f,1.613174950151425e-16f,0.5f,0f,1.3172573114750965f,-0.20642420677618803f,-0.0625f,-1.6328623988631375e-16f,-0.20642420677618803f,-1.3172573114750965f,-0.12499999999999994f,0f,0f,0f,1f], start_interpolation: 0, interpolation_duration: 1 }
data modify entity @s data merge value {"locators":{"hitbox_head":{"posx":-4.469141715428224e-16,"posy":0.4462080792109566,"posz":2.881458639726998,"roty":0,"rotx":64.5659722222222},"hitbox_neck":{"posx":-2.7755575615628914e-16,"posy":0.15344900520799687,"posz":1.9597297124542759,"roty":0,"rotx":32.48263888888889},"hitbox_right_arm":{"posx":-0.9375000000000006,"posy":-1.693514732534034,"posz":2.9194918475566176,"roty":0,"rotx":-4.843750000000006},"hitbox_left_arm":{"posx":0.9374999999999996,"posy":-1.693514732534034,"posz":2.919491847556618,"roty":0,"rotx":-4.843750000000006},"hitbox_tail1":{"posx":2.914335439641036e-16,"posy":-0.7582775700823282,"posz":-2.546476785552637,"roty":0,"rotx":-8.90625},"hitbox_tail2":{"posx":5.011381363705398e-16,"posy":-1.3996879603284458,"posz":-4.217320198707898,"roty":0,"rotx":-8.90625}},"cameras":{}}