# This file was generated by Animated Java via MC-Build. It is not recommended to edit this file directly.
$data merge entity $(bone_jaw) { transformation: [-1f,-1.0391881513518195e-16f,6.479566102385602e-17f,-4.047769738747688e-16f,0f,0.5290967246145524f,0.848561521636559f,-0.13447808253027438f,-1.2246467991473532e-16f,0.848561521636559f,-0.5290967246145524f,3.5857725001016076f,0f,0f,0f,1f], start_interpolation: 0, interpolation_duration: 1 }
$data merge entity $(bone_head) { transformation: [-1.125f,-1.169086670270797e-16f,7.289511865183802e-17f,-3.885780586188048e-16f,0f,0.5952338151913714f,0.9546317118411288f,0.07766229787886536f,-1.3777276490407724e-16f,0.9546317118411288f,-0.5952338151913714f,3.4534983189479695f,0f,0f,0f,1f], start_interpolation: 0, interpolation_duration: 1 }
$data merge entity $(bone_neck) { transformation: [-1f,-5.121710594927721e-17f,1.1124030692513882e-16f,0.4999999999999997f,0f,0.9083460390586792f,0.41821940811780633f,-0.5476520995252636f,-1.2246467991473532e-16f,0.41821940811780633f,-0.9083460390586792f,2.2711090410876236f,0f,0f,0f,1f], start_interpolation: 0, interpolation_duration: 1 }
$data merge entity $(bone_right_arm2) { transformation: [-1f,2.6506208041798652e-17f,1.1956177801397677e-16f,-0.8750000000000004f,0f,0.9762960071199334f,-0.21643961393810288f,-1.7833097083027944f,-1.2246467991473532e-16f,-0.21643961393810288f,-0.9762960071199334f,2.7214130050647416f,0f,0f,0f,1f], start_interpolation: 0, interpolation_duration: 1 }
$data merge entity $(bone_right_arm1) { transformation: [-1.1354166666666665f,3.0095590380792216e-17f,1.3575243545336942e-16f,-0.5625000000000003f,0f,1.108502758084091f,-0.24574914499222095f,-0.6507234335403278f,-1.3904843865318904e-16f,-0.24574914499222095f,-1.108502758084091f,1.7661325068760276f,0f,0f,0f,1f], start_interpolation: 0, interpolation_duration: 1 }
$data merge entity $(bone_left_arm2) { transformation: [-1f,2.6506208041798652e-17f,1.1956177801397677e-16f,0.8749999999999997f,0f,0.9762960071199334f,-0.21643961393810288f,-1.7833097083027944f,-1.2246467991473532e-16f,-0.21643961393810288f,-0.9762960071199334f,2.7214130050647416f,0f,0f,0f,1f], start_interpolation: 0, interpolation_duration: 1 }
$data merge entity $(bone_left_arm1) { transformation: [-1.1354166666666665f,3.0095590380792216e-17f,1.3575243545336942e-16f,0.5624999999999998f,0f,1.108502758084091f,-0.24574914499222095f,-0.6507234335403278f,-1.3904843865318904e-16f,-0.24574914499222095f,-1.108502758084091f,1.7661325068760276f,0f,0f,0f,1f], start_interpolation: 0, interpolation_duration: 1 }
$data merge entity $(bone_body2) { transformation: [-1.5833333333333335f,-8.457904326973477e-18f,1.9371785773606232e-16f,0.4999999999999999f,0f,1.5818263508379415f,0.06906402999511531f,-0.5473897440364592f,-1.9390240986499761e-16f,0.06906402999511531f,-1.5818263508379415f,0.8322510108533696f,0f,0f,0f,1f], start_interpolation: 0, interpolation_duration: 1 }
$data merge entity $(bone_right_leg2) { transformation: [-0.984807753012208f,0.022665635416815433f,0.1721625934348047f,-1.1032101189440613f,0.02266563541681542f,0.9997411683685392f,-0.001966021429171183f,-2.444250596194415f,-0.17216259343480467f,0.00196602142917085f,-0.9850665846436688f,0.2572673440181537f,0f,0f,0f,1f], start_interpolation: 0, interpolation_duration: 1 }
$data merge entity $(bone_right_leg1) { transformation: [-1.3130770040162774f,0.1409470837083744f,0.18368581571672687f,-0.625f,0.030220847222420556f,1.1530909844022734f,-0.6687642782484218f,-1.0528323642025457f,-0.22955012457973956f,-0.6544408904263836f,-1.1387675965802355f,-0.11684211298624686f,0f,0f,0f,1f], start_interpolation: 0, interpolation_duration: 1 }
$data merge entity $(bone_left_leg2) { transformation: [-0.984807753012208f,-0.02266563541681542f,-0.1721625934348045f,1.103210118944061f,-0.02266563541681542f,0.9997411683685392f,-0.001966021429171183f,-2.444250596194415f,0.17216259343480445f,0.00196602142917085f,-0.9850665846436688f,0.2572673440181539f,0f,0f,0f,1f], start_interpolation: 0, interpolation_duration: 1 }
$data merge entity $(bone_left_leg1) { transformation: [-1.3130770040162774f,-0.14094708370837422f,-0.18368581571672665f,0.625f,-0.030220847222420556f,1.1530909844022734f,-0.6687642782484218f,-1.0528323642025457f,0.22955012457973925f,-0.6544408904263836f,-1.1387675965802355f,-0.11684211298624671f,0f,0f,0f,1f], start_interpolation: 0, interpolation_duration: 1 }
$data merge entity $(bone_tail3) { transformation: [-1f,-1.5984848350717833e-17f,1.2141697760125282e-16f,4.579669976578771e-16f,0f,0.9914448613738104f,0.13052619222005157f,-0.0138292958683372f,-1.2246467991473532e-16f,0.13052619222005157f,-0.9914448613738104f,-3.699374056178393f,0f,0f,0f,1f], start_interpolation: 0, interpolation_duration: 1 }
$data merge entity $(bone_tail2) { transformation: [-1.5416666666666665f,-2.4643307874023324e-17f,1.8718450713526476e-16f,-0.12499999999999976f,0f,1.5284774946179576f,0.2012278796725795f,-0.44446181778852334f,-1.8879971486855027e-16f,0.2012278796725795f,-1.5284774946179576f,-1.8648886021437587f,0f,0f,0f,1f], start_interpolation: 0, interpolation_duration: 1 }
$data merge entity $(bone_tail1) { transformation: [-1f,-1.5984848350717833e-17f,1.2141697760125282e-16f,1.1102230246251565e-16f,0f,0.9914448613738104f,0.13052619222005157f,-0.5831458970223281f,-1.2246467991473532e-16f,0.13052619222005157f,-0.9914448613738104f,-0.8114784369340853f,0f,0f,0f,1f], start_interpolation: 0, interpolation_duration: 1 }
$data merge entity $(bone_body1) { transformation: [-1.3333333333333333f,-2.1313131134290442e-17f,1.618893034683371e-16f,0.5f,0f,1.321926481831747f,0.17403492296006876f,-1.1147976680384089f,-1.6328623988631375e-16f,0.17403492296006876f,-1.321926481831747f,-0.12499999999999994f,0f,0f,0f,1f], start_interpolation: 0, interpolation_duration: 1 }
data modify entity @s data merge value {"locators":{"hitbox_head":{"posx":-3.438774432292711e-16,"posy":-0.5181986305166545,"posz":3.0884900943671676,"roty":0,"rotx":58.05555555555557},"hitbox_neck":{"posx":-2.7755575615628914e-16,"posy":-0.9405592901869941,"posz":2.227820017925781,"roty":0,"rotx":24.72222222222223},"hitbox_right_arm":{"posx":-0.9375000000000006,"posy":-2.651385908453676,"posz":3.4260006225628112,"roty":0,"rotx":-12.5},"hitbox_left_arm":{"posx":0.9374999999999996,"posy":-2.651385908453676,"posz":3.4260006225628112,"roty":0,"rotx":-12.5},"hitbox_tail1":{"posx":3.191891195797325e-16,"posy":-1.0983087066675956,"posz":-2.644401588503292,"roty":0,"rotx":7.5},"hitbox_tail2":{"posx":5.472441610188989e-16,"posy":-1.2416796932976844,"posz":-4.428377417989979,"roty":0,"rotx":7.5}},"cameras":{}}