# This file was generated by Animated Java via MC-Build. It is not recommended to edit this file directly.
$data merge entity $(bone_jaw) { transformation: [-1f,-1.0237209024063787e-16f,6.721274407715599e-17f,-4.053812446380938e-16f,0f,0.5488337055545496f,0.8359315544033865f,-0.29656146679364187f,-1.2246467991473532e-16f,0.8359315544033865f,-0.5488337055545496f,3.6030428054156656f,0f,0f,0f,1f], start_interpolation: 0, interpolation_duration: 1 }
$data merge entity $(bone_head) { transformation: [-1.125f,-1.151686015207176e-16f,7.561433708680048e-17f,-3.885780586188048e-16f,0f,0.6174379187488683f,0.9404229987038099f,-0.08757857819279524f,-1.3777276490407724e-16f,0.9404229987038099f,-0.6174379187488683f,3.465834379027028f,0f,0f,0f,1f], start_interpolation: 0, interpolation_duration: 1 }
$data merge entity $(bone_neck) { transformation: [-1f,-5.1037269739195206e-17f,1.113229308102657e-16f,0.4999999999999997f,0f,0.9090207142808283f,0.416750934022196f,-0.7148029532231411f,-1.2246467991473532e-16f,0.416750934022196f,-0.9090207142808283f,2.284457181275272f,0f,0f,0f,1f], start_interpolation: 0, interpolation_duration: 1 }
$data merge entity $(bone_right_arm2) { transformation: [-1f,2.6119635695862615e-17f,1.196468238514253e-16f,-0.8750000000000004f,0f,0.9769904590836157f,-0.21328301118369905f,-1.9470052419098631f,-1.2246467991473532e-16f,-0.21328301118369905f,-0.9769904590836157f,2.729805234135112f,0f,0f,0f,1f], start_interpolation: 0, interpolation_duration: 1 }
$data merge entity $(bone_right_arm1) { transformation: [-1.1354166666666665f,2.9656669696344005e-17f,1.358489979146391e-16f,-0.5625000000000003f,0f,1.1092912504178551f,-0.24216508561482494f,-0.8113373345514107f,-1.3904843865318904e-16f,-0.24216508561482494f,-1.1092912504178551f,1.7781903413365212f,0f,0f,0f,1f], start_interpolation: 0, interpolation_duration: 1 }
$data merge entity $(bone_left_arm2) { transformation: [-1f,2.6119635695862615e-17f,1.196468238514253e-16f,0.8749999999999997f,0f,0.9769904590836157f,-0.21328301118369905f,-1.9470052419098631f,-1.2246467991473532e-16f,-0.21328301118369905f,-0.9769904590836157f,2.7298052341351124f,0f,0f,0f,1f], start_interpolation: 0, interpolation_duration: 1 }
$data merge entity $(bone_left_arm1) { transformation: [-1.1354166666666665f,2.9656669696344005e-17f,1.358489979146391e-16f,0.5624999999999998f,0f,1.1092912504178551f,-0.24216508561482494f,-0.8113373345514107f,-1.3904843865318904e-16f,-0.24216508561482494f,-1.1092912504178551f,1.7781903413365214f,0f,0f,0f,1f], start_interpolation: 0, interpolation_duration: 1 }
$data merge entity $(bone_body2) { transformation: [-1.5833333333333335f,-1.0961582871222768e-17f,1.9359232487991573e-16f,0.4999999999999999f,0f,1.5808012972777314f,0.08950811677991281f,-0.6959390563023413f,-1.9390240986499761e-16f,0.08950811677991281f,-1.5808012972777314f,0.8457227883475982f,0f,0f,0f,1f], start_interpolation: 0, interpolation_duration: 1 }
$data merge entity $(bone_right_leg2) { transformation: [-0.9836646919866011f,0.021475707607328934f,0.17872483800991318f,-1.1087035347002416f,0.02781500241819371f,0.9990669255688874f,0.03303942909323604f,-2.574408022142281f,-0.177848529314642f,0.03747095164384823f,-0.9833442064727503f,0.2330851534541996f,0f,0f,0f,1f], start_interpolation: 0, interpolation_duration: 1 }
$data merge entity $(bone_right_leg1) { transformation: [-1.3115529226488014f,0.1476450685417681f,0.1892290744163311f,-0.625f,0.03708666989092495f,1.163252645764322f,-0.6505733154814176f,-1.1782287685184867f,-0.23713137241952267f,-0.6346825928252475f,-1.148357303436884f,-0.11534257544951006f,0f,0f,0f,1f], start_interpolation: 0, interpolation_duration: 1 }
$data merge entity $(bone_left_leg2) { transformation: [-0.9836646919866011f,-0.02147570760732892f,-0.17872483800991298f,1.1087035347002414f,-0.02781500241819371f,0.9990669255688874f,0.03303942909323604f,-2.574408022142281f,0.1778485293146418f,0.03747095164384823f,-0.9833442064727504f,0.2330851534541998f,0f,0f,0f,1f], start_interpolation: 0, interpolation_duration: 1 }
$data merge entity $(bone_left_leg1) { transformation: [-1.3115529226488014f,-0.14764506854176795f,-0.18922907441633088f,0.625f,-0.03708666989092495f,1.163252645764322f,-0.6505733154814176f,-1.1782287685184867f,0.23713137241952237f,-0.6346825928252476f,-1.1483573034368841f,-0.1153425754495099f,0f,0f,0f,1f], start_interpolation: 0, interpolation_duration: 1 }
$data merge entity $(bone_tail3) { transformation: [-1f,-1.8923094502023488e-17f,1.2099386067518495e-16f,4.579669976578771e-16f,0f,0.987989849476809f,0.15451879280784045f,-0.052696429708869896f,-1.2246467991473532e-16f,0.15451879280784045f,-0.987989849476809f,-3.671638324440833f,0f,0f,0f,1f], start_interpolation: 0, interpolation_duration: 1 }
$data merge entity $(bone_tail2) { transformation: [-1.5416666666666665f,-2.9173104023952876e-17f,1.8653220187424345e-16f,-0.12499999999999976f,0f,1.5231510179434138f,0.23821647224542067f,-0.5276672630004724f,-1.8879971486855027e-16f,0.23821647224542067f,-1.5231510179434138f,-1.8481296303232861f,0f,0f,0f,1f], start_interpolation: 0, interpolation_duration: 1 }
$data merge entity $(bone_tail1) { transformation: [-1f,-1.8923094502023488e-17f,1.2099386067518495e-16f,1.1102230246251565e-16f,0f,0.987989849476809f,0.15451879280784045f,-0.6918434803588028f,-1.2246467991473532e-16f,0.15451879280784045f,-0.987989849476809f,-0.7983904152541765f,0f,0f,0f,1f], start_interpolation: 0, interpolation_duration: 1 }
$data merge entity $(bone_body1) { transformation: [-1.3333333333333333f,-2.523079266936465e-17f,1.6132514756691326e-16f,0.5f,0f,1.317319799302412f,0.2060250570771206f,-1.2399781341107872f,-1.6328623988631375e-16f,0.2060250570771206f,-1.317319799302412f,-0.12499999999999994f,0f,0f,0f,1f], start_interpolation: 0, interpolation_duration: 1 }
data modify entity @s data merge value {"locators":{"hitbox_head":{"posx":-3.4559948474251736e-16,"posy":-0.691828254915447,"posz":3.114887690510708,"roty":0,"rotx":56.71296296296296},"hitbox_neck":{"posx":-2.7755575615628914e-16,"posy":-1.1077795878312262,"posz":2.241803170302052,"roty":0,"rotx":24.629629629629626},"hitbox_right_arm":{"posx":-0.9375000000000006,"posy":-2.8173541954016295,"posz":3.431583474860619,"roty":0,"rotx":-12.314814814814818},"hitbox_left_arm":{"posx":0.9374999999999996,"posy":-2.8173541954016295,"posz":3.431583474860619,"roty":0,"rotx":-12.314814814814818},"hitbox_tail1":{"posx":3.469446951953614e-16,"posy":-1.1624279800526889,"posz":-2.6432617464444728,"roty":0,"rotx":8.888888888888888},"hitbox_tail2":{"posx":5.508626058215744e-16,"posy":-1.2625162861927715,"posz":-4.4301885303318285,"roty":0,"rotx":8.888888888888888}},"cameras":{}}