# This file was generated by Animated Java via MC-Build. It is not recommended to edit this file directly.
$data merge entity $(bone_jaw) { transformation: [-1f,-1.0204075743369152e-16f,6.77147077744348e-17f,-4.055067355624135e-16f,0f,0.5529325501979873f,0.8332260167154829f,-0.3215283341163453f,-1.2246467991473532e-16f,0.8332260167154829f,-0.5529325501979873f,3.606147534762064f,0f,0f,0f,1f], start_interpolation: 0, interpolation_duration: 1 }
$data merge entity $(bone_head) { transformation: [-1.125f,-1.1479585211290297e-16f,7.617904624623914e-17f,-3.885780586188048e-16f,0f,0.6220491189727356f,0.9373792688049183f,-0.11322182993747454f,-1.3777276490407724e-16f,0.9373792688049183f,-0.6220491189727356f,3.4679143972125672f,0f,0f,0f,1f], start_interpolation: 0, interpolation_duration: 1 }
$data merge entity $(bone_neck) { transformation: [-1f,-5.135049168551196e-17f,1.111787966757814e-16f,0.4999999999999997f,0f,0.907843769756214f,0.4193085853101821f,-0.7371176097389289f,-1.2246467991473532e-16f,0.4193085853101821f,-0.907843769756214f,2.284775962393575f,0f,0f,0f,1f], start_interpolation: 0, interpolation_duration: 1 }
$data merge entity $(bone_right_arm2) { transformation: [-1f,2.5592190106599267e-17f,1.1976075163494197e-16f,-0.8750000000000004f,0f,0.9779207500344106f,-0.2089760911016756f,-1.9694656668618333f,-1.2246467991473532e-16f,-0.2089760911016756f,-0.9779207500344106f,2.7243577804861565f,0f,0f,0f,1f], start_interpolation: 0, interpolation_duration: 1 }
$data merge entity $(bone_right_arm1) { transformation: [-1.1354166666666665f,2.9057799183534583e-17f,1.3597835341884035e-16f,-0.5625000000000003f,0f,1.110347518268237f,-0.23727493677169412f,-0.8296157450740715f,-1.3904843865318904e-16f,-0.23727493677169412f,-1.110347518268237f,1.77775614526655f,0f,0f,0f,1f], start_interpolation: 0, interpolation_duration: 1 }
$data merge entity $(bone_left_arm2) { transformation: [-1f,2.5592190106599267e-17f,1.1976075163494197e-16f,0.8749999999999997f,0f,0.9779207500344106f,-0.2089760911016756f,-1.9694656668618333f,-1.2246467991473532e-16f,-0.2089760911016756f,-0.9779207500344106f,2.7243577804861565f,0f,0f,0f,1f], start_interpolation: 0, interpolation_duration: 1 }
$data merge entity $(bone_left_arm1) { transformation: [-1.1354166666666665f,2.9057799183534583e-17f,1.3597835341884035e-16f,0.5624999999999998f,0f,1.110347518268237f,-0.23727493677169412f,-0.8296157450740715f,-1.3904843865318904e-16f,-0.23727493677169412f,-1.110347518268237f,1.77775614526655f,0f,0f,0f,1f], start_interpolation: 0, interpolation_duration: 1 }
$data merge entity $(bone_body2) { transformation: [-1.5833333333333335f,-1.2503491290460733e-17f,1.934988559578658e-16f,0.4999999999999999f,0f,1.5800380656086899f,0.10209875450755387f,-0.7067926115258348f,-1.9390240986499761e-16f,0.10209875450755387f,-1.5800380656086899f,0.8462375046235451f,0f,0f,0f,1f], start_interpolation: 0, interpolation_duration: 1 }
$data merge entity $(bone_right_leg2) { transformation: [-0.983234654557156f,0.022202128831848092f,0.18098806467058606f,-1.1123452124767645f,0.028346269495769457f,0.9991038602582929f,0.0314319172601778f,-2.5803348640839268f,-0.18012801859661767f,0.03603528676605028f,-0.982982886435031f,0.24397193819670732f,0f,0f,0f,1f], start_interpolation: 0, interpolation_duration: 1 }
$data merge entity $(bone_right_leg1) { transformation: [-1.3109795394095412f,0.15139199126401226f,0.19023903387171118f,-0.625f,0.03779502599435927f,1.157512130871532f,-0.6606928035578328f,-1.188172073215103f,-0.2401706914621569f,-0.644223493551842f,-1.142397438327059f,-0.11528410920723638f,0f,0f,0f,1f], start_interpolation: 0, interpolation_duration: 1 }
$data merge entity $(bone_left_leg2) { transformation: [-0.983234654557156f,-0.022202128831848092f,-0.18098806467058587f,1.1123452124767643f,-0.028346269495769457f,0.9991038602582929f,0.0314319172601778f,-2.5803348640839268f,0.18012801859661745f,0.03603528676605022f,-0.982982886435031f,0.24397193819670768f,0f,0f,0f,1f], start_interpolation: 0, interpolation_duration: 1 }
$data merge entity $(bone_left_leg1) { transformation: [-1.3109795394095412f,-0.1513919912640121f,-0.19023903387171096f,0.625f,-0.03779502599435927f,1.157512130871532f,-0.6606928035578328f,-1.188172073215103f,0.24017069146215658f,-0.6442234935518422f,-1.142397438327059f,-0.11528410920723622f,0f,0f,0f,1f], start_interpolation: 0, interpolation_duration: 1 }
$data merge entity $(bone_tail3) { transformation: [-1f,-1.9037655296357305e-17f,1.2097588812418636e-16f,4.579669976578771e-16f,0f,0.9878430924607363f,0.15545425268421934f,-0.059272776932880133f,-1.2246467991473532e-16f,0.15545425268421934f,-0.9878430924607363f,-3.6705124955213284f,0f,0f,0f,1f], start_interpolation: 0, interpolation_duration: 1 }
$data merge entity $(bone_tail2) { transformation: [-1.5416666666666665f,-2.9349718581884176e-17f,1.8650449419145396e-16f,-0.12499999999999976f,0f,1.522924767543635f,0.23965863955483813f,-0.5359700805521794f,-1.8879971486855027e-16f,0.23965863955483813f,-1.522924767543635f,-1.8474543695357388f,0f,0f,0f,1f], start_interpolation: 0, interpolation_duration: 1 }
$data merge entity $(bone_tail1) { transformation: [-1f,-1.9037655296357305e-17f,1.2097588812418636e-16f,1.1102230246251565e-16f,0f,0.9878430924607363f,0.15545425268421934f,-0.7011402240291624f,-1.2246467991473532e-16f,0.15545425268421934f,-0.9878430924607363f,-0.7978710837962064f,0f,0f,0f,1f], start_interpolation: 0, interpolation_duration: 1 }
$data merge entity $(bone_body1) { transformation: [-1.3333333333333333f,-2.5383540395143074e-17f,1.613011841655818e-16f,0.5f,0f,1.3171241232809816f,0.20727233691229244f,-1.249912266493899f,-1.6328623988631375e-16f,0.20727233691229244f,-1.3171241232809816f,-0.12499999999999994f,0f,0f,0f,1f], start_interpolation: 0, interpolation_duration: 1 }
data modify entity @s data merge value {"locators":{"hitbox_head":{"posx":-3.4596343140225847e-16,"posy":-0.719187804034805,"posz":3.1199395587022614,"roty":0,"rotx":56.43156828703705},"hitbox_neck":{"posx":-2.7755575615628914e-16,"posy":-1.129972596561282,"posz":2.241015714121783,"roty":0,"rotx":24.79094328703704},"hitbox_right_arm":{"posx":-0.9375000000000006,"posy":-2.842898371345406,"posz":3.4222942466050377,"roty":0,"rotx":-12.062355324074074},"hitbox_left_arm":{"posx":0.9374999999999996,"posy":-2.842898371345406,"posz":3.4222942466050377,"roty":0,"rotx":-12.062355324074074},"hitbox_tail1":{"posx":3.469446951953614e-16,"posy":-1.1699776011773309,"posz":-2.6431871851156594,"roty":0,"rotx":8.94314236111111},"hitbox_tail2":{"posx":5.510028573042008e-16,"posy":-1.268373818652723,"posz":-4.43020794167853,"roty":0,"rotx":8.94314236111111}},"cameras":{}}