# This file was generated by Animated Java via MC-Build. It is not recommended to edit this file directly.
$data merge entity $(bone_jaw) { transformation: [-1f,-4.3372522778094576e-17f,1.145269492062119e-16f,-4.1720979592035777e-16f,0f,0.9351835099389476f,0.35416352542049034f,0.6706185726165211f,-1.2246467991473532e-16f,0.35416352542049034f,-0.9351835099389476f,3.38095267385905f,0f,0f,0f,1f], start_interpolation: 0, interpolation_duration: 1 }
$data merge entity $(bone_head) { transformation: [-1.125f,-4.8794088125356396e-17f,1.288428178569884e-16f,-3.885780586188048e-16f,0f,1.0520814486813161f,0.39843396609805165f,0.7591594539716437f,-1.3777276490407724e-16f,0.39843396609805165f,-1.0520814486813161f,3.147156796374313f,0f,0f,0f,1f], start_interpolation: 0, interpolation_duration: 1 }
$data merge entity $(bone_neck) { transformation: [-1f,-2.2046446997970942e-17f,1.2046390331291875e-16f,0.4999999999999997f,0f,0.9836624192117304f,0.1800229014056995f,-0.1397132590486889f,-1.2246467991473532e-16f,0.1800229014056995f,-0.9836624192117304f,2.156656748021226f,0f,0f,0f,1f], start_interpolation: 0, interpolation_duration: 1 }
$data merge entity $(bone_right_arm2) { transformation: [-1f,3.693989443020569e-18f,1.2240895501805998e-16f,-0.8750000000000004f,0f,0.9995449716872316f,-0.030163712881072877f,-1.525501031851056f,-1.2246467991473532e-16f,-0.030163712881072877f,-0.9995449716872316f,2.376806141902954f,0f,0f,0f,1f], start_interpolation: 0, interpolation_duration: 1 }
$data merge entity $(bone_right_arm1) { transformation: [-1.1354166666666665f,4.194217180096271e-18f,1.3898516767675558e-16f,-0.5625000000000003f,0f,1.134900019936544f,-0.03424838233371816f,-0.23433580911730223f,-1.3904843865318904e-16f,-0.03424838233371816f,-1.134900019936544f,1.6500291007115742f,0f,0f,0f,1f], start_interpolation: 0, interpolation_duration: 1 }
$data merge entity $(bone_left_arm2) { transformation: [-1f,3.693989443020569e-18f,1.2240895501805998e-16f,0.8749999999999997f,0f,0.9995449716872316f,-0.030163712881072877f,-1.525501031851056f,-1.2246467991473532e-16f,-0.030163712881072877f,-0.9995449716872316f,2.376806141902954f,0f,0f,0f,1f], start_interpolation: 0, interpolation_duration: 1 }
$data merge entity $(bone_left_arm1) { transformation: [-1.1354166666666665f,4.194217180096271e-18f,1.3898516767675558e-16f,0.5624999999999998f,0f,1.134900019936544f,-0.03424838233371816f,-0.23433580911730223f,-1.3904843865318904e-16f,-0.03424838233371816f,-1.134900019936544f,1.6500291007115742f,0f,0f,0f,1f], start_interpolation: 0, interpolation_duration: 1 }
$data merge entity $(bone_body2) { transformation: [-1.5833333333333335f,-1.169231048191691e-17f,1.935495658146718e-16f,0.4999999999999999f,0f,1.580452143013223f,0.09547496053603009f,-0.115418313680973f,-1.9390240986499761e-16f,0.09547496053603009f,-1.580452143013223f,0.7180038171064831f,0f,0f,0f,1f], start_interpolation: 0, interpolation_duration: 1 }
$data merge entity $(bone_right_leg2) { transformation: [-0.9981803008504564f,0.007258940819363076f,0.059861463165156156f,-1.0070802687966496f,-0.002727789387503459f,0.9862758121978537f,-0.1650835589588546f,-2.2385023486531357f,-0.06023824498729845f,-0.16494644601095593f,-0.98446128607945f,0.04424324450540437f,0f,0f,0f,1f], start_interpolation: 0, interpolation_duration: 1 }
$data merge entity $(bone_right_leg1) { transformation: [-1.3309070678006085f,0.02388904209156171f,0.07676892811620983f,-0.625f,-0.0036370525166712787f,1.2539248402378707f,-0.4532516350342262f,-0.7793608572902206f,-0.08031765998306459f,-0.4526362628868306f,-1.251577909997003f,-0.12782731189367538f,0f,0f,0f,1f], start_interpolation: 0, interpolation_duration: 1 }
$data merge entity $(bone_left_leg2) { transformation: [-0.9981803008504564f,-0.007258940819363038f,-0.05986146316515591f,1.0070802687966496f,0.002727789387503459f,0.9862758121978537f,-0.1650835589588546f,-2.2385023486531357f,0.0602382449872982f,-0.1649464460109559f,-0.9844612860794502f,0.044243244505404594f,0f,0f,0f,1f], start_interpolation: 0, interpolation_duration: 1 }
$data merge entity $(bone_left_leg1) { transformation: [-1.3309070678006085f,-0.023889042091561598f,-0.07676892811620953f,0.625f,0.0036370525166712787f,1.2539248402378707f,-0.4532516350342262f,-0.7793608572902206f,0.08031765998306425f,-0.4526362628868306f,-1.2515779099970032f,-0.12782731189367522f,0f,0f,0f,1f], start_interpolation: 0, interpolation_duration: 1 }
$data merge entity $(bone_tail3) { transformation: [-1f,5.539933537249091e-18f,1.22339310783662e-16f,4.579669976578771e-16f,0f,0.9989762833564698f,-0.04523699029880459f,-0.38424809962904827f,-1.2246467991473532e-16f,-0.04523699029880459f,-0.9989762833564698f,-3.8369981638137354f,0f,0f,0f,1f], start_interpolation: 0, interpolation_duration: 1 }
$data merge entity $(bone_tail2) { transformation: [-1.5416666666666665f,8.540730869925682e-18f,1.8860643745814555e-16f,-0.12499999999999976f,0f,1.5400884368412242f,-0.0697403600439904f,-0.48673679594812774f,-1.8879971486855027e-16f,-0.0697403600439904f,-1.5400884368412242f,-1.9554356968393287f,0f,0f,0f,1f], start_interpolation: 0, interpolation_duration: 1 }
$data merge entity $(bone_tail1) { transformation: [-1f,5.539933537249091e-18f,1.22339310783662e-16f,1.1102230246251565e-16f,0f,0.9989762833564698f,-0.04523699029880459f,-0.4386724937556479f,-1.2246467991473532e-16f,-0.04523699029880459f,-0.9989762833564698f,-0.8940233957730794f,0f,0f,0f,1f], start_interpolation: 0, interpolation_duration: 1 }
$data merge entity $(bone_body1) { transformation: [-1.3333333333333333f,7.386578049665455e-18f,1.6311908104488265e-16f,0.5f,0f,1.3319683778086264f,-0.06031598706507278f,-0.841796875f,-1.6328623988631375e-16f,-0.06031598706507278f,-1.3319683778086264f,-0.12499999999999994f,0f,0f,0f,1f], start_interpolation: 0, interpolation_duration: 1 }
data modify entity @s data merge value {"locators":{"hitbox_head":{"posx":-3.972599035094369e-16,"posy":0.06399365856589823,"posz":3.2180494398424275,"roty":0,"rotx":20.7421875},"hitbox_neck":{"posx":-2.7755575615628914e-16,"posy":-0.5310895289288002,"posz":2.212105962395555,"roty":0,"rotx":10.371093749999998},"hitbox_right_arm":{"posx":-0.9375000000000004,"posy":-2.509964147097751,"posz":2.906742340627643,"roty":0,"rotx":-1.7285156250000022},"hitbox_left_arm":{"posx":0.9374999999999996,"posy":-2.509964147097751,"posz":2.906742340627643,"roty":0,"rotx":-1.7285156250000022},"hitbox_tail1":{"posx":3.191891195797325e-16,"posy":-1.2670694392959083,"posz":-2.608304148922798,"roty":0,"rotx":-2.5927734375},"hitbox_tail2":{"posx":5.195116972060475e-16,"posy":-1.7208502785774926,"posz":-4.339548773434569,"roty":0,"rotx":-2.5927734375}},"cameras":{}}