# This file was generated by Animated Java via MC-Build. It is not recommended to edit this file directly.
$data merge entity $(bone_jaw) { transformation: [-1f,-1.0168111888695829e-16f,6.825355586718413e-17f,-4.0564144758560083e-16f,0f,0.5573325787868382f,0.8302893451218152f,-0.3439189891978357f,-1.2246467991473532e-16f,0.8302893451218152f,-0.5573325787868382f,3.6086427428951984f,0f,0f,0f,1f], start_interpolation: 0, interpolation_duration: 1 }
$data merge entity $(bone_head) { transformation: [-1.125f,-1.1439125874782806e-16f,7.678525035058215e-17f,-3.885780586188048e-16f,0f,0.6269991511351929f,0.9340755132620421f,-0.1363466529173819f,-1.3777276490407724e-16f,0.9340755132620421f,-0.6269991511351929f,3.469309598198489f,0f,0f,0f,1f], start_interpolation: 0, interpolation_duration: 1 }
$data merge entity $(bone_neck) { transformation: [-1f,-5.1722176645712926e-17f,1.1100637040119924e-16f,0.4999999999999997f,0f,0.9064358023757234f,0.4223436233346947f,-0.7562804989821486f,-1.2246467991473532e-16f,0.4223436233346947f,-0.9064358023757234f,2.284090408975101f,0f,0f,0f,1f], start_interpolation: 0, interpolation_duration: 1 }
$data merge entity $(bone_right_arm2) { transformation: [-1f,2.4873523682453752e-17f,1.199120746473723e-16f,-0.8750000000000004f,0f,0.9791563962022336f,-0.2031077344077629f,-1.9896657268772457f,-1.2246467991473532e-16f,-0.2031077344077629f,-0.9791563962022336f,2.7159985339850214f,0f,0f,0f,1f], start_interpolation: 0, interpolation_duration: 1 }
$data merge entity $(bone_right_arm1) { transformation: [-1.1354166666666665f,2.824181334778603e-17f,1.3615016808920396e-16f,-0.5625000000000003f,0f,1.111750491521286f,-0.23061190677548074f,-0.8441595242671511f,-1.3904843865318904e-16f,-0.23061190677548074f,-1.111750491521286f,1.776249610185797f,0f,0f,0f,1f], start_interpolation: 0, interpolation_duration: 1 }
$data merge entity $(bone_left_arm2) { transformation: [-1f,2.4873523682453752e-17f,1.199120746473723e-16f,0.8749999999999997f,0f,0.9791563962022336f,-0.2031077344077629f,-1.9896657268772457f,-1.2246467991473532e-16f,-0.2031077344077629f,-0.9791563962022336f,2.7159985339850214f,0f,0f,0f,1f], start_interpolation: 0, interpolation_duration: 1 }
$data merge entity $(bone_left_arm1) { transformation: [-1.1354166666666665f,2.824181334778603e-17f,1.3615016808920396e-16f,0.5624999999999998f,0f,1.111750491521286f,-0.23061190677548074f,-0.8441595242671511f,-1.3904843865318904e-16f,-0.23061190677548074f,-1.111750491521286f,1.776249610185797f,0f,0f,0f,1f], start_interpolation: 0, interpolation_duration: 1 }
$data merge entity $(bone_body2) { transformation: [-1.5833333333333335f,-1.426434616264239e-17f,1.93377022885362e-16f,0.4999999999999999f,0f,1.579043223074593f,0.11647722569947341f,-0.7128620923500448f,-1.9390240986499761e-16f,0.11647722569947341f,-1.579043223074593f,0.8458875922745042f,0f,0f,0f,1f], start_interpolation: 0, interpolation_duration: 1 }
$data merge entity $(bone_right_leg2) { transformation: [-0.9828549916653012f,0.023069060237380284f,0.18293136368147722f,-1.1158557688113369f,0.02854540542323527f,0.9992179935329608f,0.027359847024183037f,-2.582329873087623f,-0.1821571442129677f,0.0321126121598303f,-0.9827449083828663f,0.25706981229586046f,0f,0f,0f,1f], start_interpolation: 0, interpolation_duration: 1 }
$data merge entity $(bone_right_leg1) { transformation: [-1.3104733222204015f,0.15492062442022647f,0.1908849120691536f,-0.625f,0.03806054056431369f,1.1506479407213128f,-0.6725611418626056f,-1.1948605714071228f,-0.2428761922839569f,-0.6555811882755841f,-1.135342344219838f,-0.11532386530736627f,0f,0f,0f,1f], start_interpolation: 0, interpolation_duration: 1 }
$data merge entity $(bone_left_leg2) { transformation: [-0.9828549916653012f,-0.02306906023738027f,-0.18293136368147703f,1.1158557688113366f,-0.02854540542323527f,0.9992179935329608f,0.027359847024183037f,-2.582329873087623f,0.18215714421296747f,0.032112612159830356f,-0.9827449083828664f,0.25706981229586073f,0f,0f,0f,1f], start_interpolation: 0, interpolation_duration: 1 }
$data merge entity $(bone_left_leg1) { transformation: [-1.3104733222204015f,-0.1549206244202263f,-0.19088491206915337f,0.625f,-0.03806054056431369f,1.1506479407213128f,-0.6725611418626056f,-1.1948605714071228f,0.24287619228395663f,-0.6555811882755842f,-1.135342344219838f,-0.11532386530736612f,0f,0f,0f,1f], start_interpolation: 0, interpolation_duration: 1 }
$data merge entity $(bone_tail3) { transformation: [-1f,-1.8959755807124254e-17f,1.2098812126135687e-16f,4.579669976578771e-16f,0f,0.9879429836063224f,0.15481815508214103f,-0.06825069626317137f,-1.2246467991473532e-16f,0.15481815508214103f,-0.9879429836063224f,-3.6712784051219756f,0f,0f,0f,1f], start_interpolation: 0, interpolation_duration: 1 }
$data merge entity $(bone_tail2) { transformation: [-1.5416666666666665f,-2.922962353598322e-17f,1.865233536112585e-16f,-0.12499999999999976f,0f,1.5230787663930803f,0.2386779890849674f,-0.5437740464683712f,-1.8879971486855027e-16f,0.2386779890849674f,-1.5230787663930803f,-1.8479137149380225f,0f,0f,0f,1f], start_interpolation: 0, interpolation_duration: 1 }
$data merge entity $(bone_tail1) { transformation: [-1f,-1.8959755807124254e-17f,1.2098812126135687e-16f,1.1102230246251565e-16f,0f,0.9879429836063224f,0.15481815508214103f,-0.7082683362431461f,-1.2246467991473532e-16f,0.15481815508214103f,-0.9879429836063224f,-0.798224294856305f,0f,0f,0f,1f], start_interpolation: 0, interpolation_duration: 1 }
$data merge entity $(bone_body1) { transformation: [-1.3333333333333333f,-2.5279674409499006e-17f,1.613174950151425e-16f,0.5f,0f,1.3172573114750965f,0.20642420677618803f,-1.256607007882518f,-1.6328623988631375e-16f,0.20642420677618803f,-1.3172573114750965f,-0.12499999999999994f,0f,0f,0f,1f], start_interpolation: 0, interpolation_duration: 1 }
data modify entity @s data merge value {"locators":{"hitbox_head":{"posx":-3.463565955229509e-16,"posy":-0.744144935009723,"posz":3.1245451883682414,"roty":0,"rotx":56.12847222222224},"hitbox_neck":{"posx":-2.7755575615628914e-16,"posy":-1.1489868777898817,"posz":2.239016025521556,"roty":0,"rotx":24.982638888888886},"hitbox_right_arm":{"posx":-0.9375000000000006,"posy":-2.8672682558755977,"posz":3.4086844664939013,"roty":0,"rotx":-11.718750000000004},"hitbox_left_arm":{"posx":0.9374999999999996,"posy":-2.8672682558755977,"posz":3.4086844664939013,"roty":0,"rotx":-11.718750000000004},"hitbox_tail1":{"posx":3.469446951953614e-16,"posy":-1.178293802554141,"posz":-2.6432381324789747,"roty":0,"rotx":8.90625},"hitbox_tail2":{"posx":5.509074953642409e-16,"posy":-1.2778406500127653,"posz":-4.430195161945842,"roty":0,"rotx":8.90625}},"cameras":{}}