# This file was generated by Animated Java via MC-Build. It is not recommended to edit this file directly.
$data merge entity $(bone_jaw) { transformation: [-1f,-1.0126649553118234e-16f,6.88672252196326e-17f,-4.0579486492371295e-16f,0f,0.5623435693261164f,0.826903688489514f,-0.36323164941202757f,-1.2246467991473532e-16f,0.826903688489514f,-0.5623435693261164f,3.6104647672802797f,0f,0f,0f,1f], start_interpolation: 0, interpolation_duration: 1 }
$data merge entity $(bone_head) { transformation: [-1.125f,-1.1392480747258014e-16f,7.747562837208667e-17f,-3.885780586188048e-16f,0f,0.6326365154918809f,0.9302666495507033f,-0.15650572728964907f,-1.3777276490407724e-16f,0.9302666495507033f,-0.6326365154918809f,3.4698788749487504f,0f,0f,0f,1f], start_interpolation: 0, interpolation_duration: 1 }
$data merge entity $(bone_neck) { transformation: [-1f,-5.21100736669717e-17f,1.1082480791339706e-16f,0.4999999999999997f,0f,0.9049532321527939f,0.425511042883979f,-0.7722908141087597f,-1.2246467991473532e-16f,0.425511042883979f,-0.9049532321527939f,2.2824988907603774f,0f,0f,0f,1f], start_interpolation: 0, interpolation_duration: 1 }
$data merge entity $(bone_right_arm2) { transformation: [-1f,2.3953845134896112e-17f,1.2009917206155917e-16f,-0.8750000000000004f,0f,0.9806841625289584f,-0.1955979891636814f,-2.00783247914588f,-1.2246467991473532e-16f,-0.1955979891636814f,-0.9806841625289584f,2.7047589937606693f,0f,0f,0f,1f], start_interpolation: 0, interpolation_duration: 1 }
$data merge entity $(bone_right_arm1) { transformation: [-1.1354166666666665f,2.719759499691329e-17f,1.3636260161156196e-16f,-0.5625000000000003f,0f,1.1134851428714214f,-0.2220852168629299f,-0.8551581333766531f,-1.3904843865318904e-16f,-0.2220852168629299f,-1.1134851428714214f,1.7738162712446786f,0f,0f,0f,1f], start_interpolation: 0, interpolation_duration: 1 }
$data merge entity $(bone_left_arm2) { transformation: [-1f,2.3953845134896112e-17f,1.2009917206155917e-16f,0.8749999999999997f,0f,0.9806841625289584f,-0.1955979891636814f,-2.00783247914588f,-1.2246467991473532e-16f,-0.1955979891636814f,-0.9806841625289584f,2.7047589937606693f,0f,0f,0f,1f], start_interpolation: 0, interpolation_duration: 1 }
$data merge entity $(bone_left_arm1) { transformation: [-1.1354166666666665f,2.719759499691329e-17f,1.3636260161156196e-16f,0.5624999999999998f,0f,1.1134851428714214f,-0.2220852168629299f,-0.8551581333766531f,-1.3904843865318904e-16f,-0.2220852168629299f,-1.1134851428714214f,1.7738162712446788f,0f,0f,0f,1f], start_interpolation: 0, interpolation_duration: 1 }
$data merge entity $(bone_body2) { transformation: [-1.5833333333333335f,-1.617039725183382e-17f,1.932269722481088e-16f,0.4999999999999999f,0f,1.577817966638552f,0.13204131397797536f,-0.7146934882592249f,-1.9390240986499761e-16f,0.13204131397797536f,-1.577817966638552f,0.8447941060236142f,0f,0f,0f,1f], start_interpolation: 0, interpolation_duration: 1 }
$data merge entity $(bone_right_leg2) { transformation: [-0.9825839052567227f,0.02392863267012578f,0.18427232475058752f,-1.1186761518003987f,0.02839964483723951f,0.9993619097591335f,0.021661798071629768f,-2.581481283256169f,-0.18363640516947194f,0.026517802720353756f,-0.9826364927252184f,0.27012651484291256f,0f,0f,0f,1f], start_interpolation: 0, interpolation_duration: 1 }
$data merge entity $(bone_right_leg1) { transformation: [-1.31011187367563f,0.1576792219372326f,0.19110708830699122f,-0.625f,0.03786619311631934f,1.1438041190528483f,-0.6841462317621817f,-1.1986205611470202f,-0.24484854022596259f,-0.6668037027377578f,-1.128361552048903f,-0.11544783647121902f,0f,0f,0f,1f], start_interpolation: 0, interpolation_duration: 1 }
$data merge entity $(bone_left_leg2) { transformation: [-0.9825839052567227f,-0.023928632670125793f,-0.18427232475058733f,1.1186761518003987f,-0.02839964483723951f,0.9993619097591335f,0.021661798071629768f,-2.581481283256169f,0.18363640516947172f,0.026517802720353756f,-0.9826364927252184f,0.27012651484291283f,0f,0f,0f,1f], start_interpolation: 0, interpolation_duration: 1 }
$data merge entity $(bone_left_leg1) { transformation: [-1.31011187367563f,-0.15767922193723247f,-0.191107088306991f,0.625f,-0.03786619311631934f,1.1438041190528483f,-0.6841462317621817f,-1.1986205611470202f,0.24484854022596228f,-0.6668037027377578f,-1.128361552048903f,-0.11544783647121887f,0f,0f,0f,1f], start_interpolation: 0, interpolation_duration: 1 }
$data merge entity $(bone_tail3) { transformation: [-1f,-1.8716842384726104e-17f,1.210259378718624e-16f,4.579669976578771e-16f,0f,0.9882517796651685f,0.152834616460497f,-0.07915128688728024f,-1.2246467991473532e-16f,0.152834616460497f,-0.9882517796651685f,-3.6736568022274985f,0f,0f,0f,1f], start_interpolation: 0, interpolation_duration: 1 }
$data merge entity $(bone_tail2) { transformation: [-1.5416666666666665f,-2.885513200978608e-17f,1.865816542191212e-16f,-0.12499999999999976f,0f,1.5235548269838013f,0.23562003370993287f,-0.5510134014379312f,-1.8879971486855027e-16f,0.23562003370993287f,-1.5235548269838013f,-1.8493412059416505f,0f,0f,0f,1f], start_interpolation: 0, interpolation_duration: 1 }
$data merge entity $(bone_tail1) { transformation: [-1f,-1.8716842384726104e-17f,1.210259378718624e-16f,1.1102230246251565e-16f,0f,0.9882517796651685f,0.152834616460497f,-0.7134001814272093f,-1.2246467991473532e-16f,0.152834616460497f,-0.9882517796651685f,-0.799323690047409f,0f,0f,0f,1f], start_interpolation: 0, interpolation_duration: 1 }
$data merge entity $(bone_body1) { transformation: [-1.3333333333333333f,-2.4955789846301472e-17f,1.613679171624832e-16f,0.5f,0f,1.317669039553558f,0.203779488613996f,-1.2603862973760933f,-1.6328623988631375e-16f,0.203779488613996f,-1.317669039553558f,-0.12499999999999994f,0f,0f,0f,1f], start_interpolation: 0, interpolation_duration: 1 }
data modify entity @s data merge value {"locators":{"hitbox_head":{"posx":-3.4680750679295104e-16,"posy":-0.7663778607714449,"posz":3.1287964350572155,"roty":0,"rotx":55.78197337962964},"hitbox_neck":{"posx":-2.7755575615628914e-16,"posy":-1.1648371565265547,"posz":2.2360514036979846,"roty":0,"rotx":25.183015046296305},"hitbox_right_arm":{"posx":-0.9375000000000006,"posy":-2.8907176470929974,"posz":3.39069906418883,"roty":0,"rotx":-11.279658564814818},"hitbox_left_arm":{"posx":0.9374999999999996,"posy":-2.8907176470929974,"posz":3.39069906418883,"roty":0,"rotx":-11.279658564814818},"hitbox_tail1":{"posx":3.469446951953614e-16,"posy":-1.187128437370216,"posz":-2.6433902668068265,"roty":0,"rotx":8.791232638888886},"hitbox_tail2":{"posx":5.506099433407527e-16,"posy":-1.2902622759387845,"posz":-4.4301438623935585,"roty":0,"rotx":8.791232638888886}},"cameras":{}}