# This file was generated by Animated Java via MC-Build. It is not recommended to edit this file directly.
$data merge entity $(bone_jaw) { transformation: [-1f,-9.821728073936166e-17f,7.315028086606365e-17f,-4.068656288353207e-16f,0f,0.5973173727885764f,0.8020049601872503f,-0.3873675148387147f,-1.2246467991473532e-16f,0.8020049601872503f,-0.5973173727885764f,3.6108531497128356f,0f,0f,0f,1f], start_interpolation: 0, interpolation_duration: 1 }
$data merge entity $(bone_head) { transformation: [-1.125f,-1.1049444083178188e-16f,8.229406597432161e-17f,-3.885780586188048e-16f,0f,0.6719820443871485f,0.9022555802106567f,-0.1868662747919021f,-1.3777276490407724e-16f,0.9022555802106567f,-0.6719820443871485f,3.4615238065156912f,0f,0f,0f,1f], start_interpolation: 0, interpolation_duration: 1 }
$data merge entity $(bone_neck) { transformation: [-1f,-5.2224120237982866e-17f,1.1077111126998452e-16f,0.4999999999999997f,0f,0.904514765784777f,0.4264423038082762f,-0.8014288415940032f,-1.2246467991473532e-16f,0.4264423038082762f,-0.904514765784777f,2.2735106115192667f,0f,0f,0f,1f], start_interpolation: 0, interpolation_duration: 1 }
$data merge entity $(bone_right_arm2) { transformation: [-1f,1.9887919120859896e-17f,1.2083901894529232e-16f,-0.8750000000000004f,0f,0.9867254708004393f,-0.16239718369987682f,-2.052256725430449f,-1.2246467991473532e-16f,-0.16239718369987682f,-0.9867254708004393f,2.6540684407300534f,0f,0f,0f,1f], start_interpolation: 0, interpolation_duration: 1 }
$data merge entity $(bone_right_arm1) { transformation: [-1.1354166666666665f,2.2581074835143003e-17f,1.3720263609413396e-16f,-0.5625000000000003f,0f,1.1203445449713318f,-0.18438846899256844f,-0.8688276087985379f,-1.3904843865318904e-16f,-0.18438846899256844f,-1.1203445449713318f,1.762548375948663f,0f,0f,0f,1f], start_interpolation: 0, interpolation_duration: 1 }
$data merge entity $(bone_left_arm2) { transformation: [-1f,1.9887919120859896e-17f,1.2083901894529232e-16f,0.8749999999999998f,0f,0.9867254708004393f,-0.16239718369987682f,-2.052256725430449f,-1.2246467991473532e-16f,-0.16239718369987682f,-0.9867254708004393f,2.654068440730054f,0f,0f,0f,1f], start_interpolation: 0, interpolation_duration: 1 }
$data merge entity $(bone_left_arm1) { transformation: [-1.1354166666666665f,2.2581074835143003e-17f,1.3720263609413396e-16f,0.5624999999999998f,0f,1.1203445449713318f,-0.18438846899256844f,-0.8688276087985379f,-1.3904843865318904e-16f,-0.18438846899256844f,-1.1203445449713318f,1.7625483759486633f,0f,0f,0f,1f], start_interpolation: 0, interpolation_duration: 1 }
$data merge entity $(bone_body2) { transformation: [-1.5833333333333335f,-2.2024317786159812e-17f,1.9264753820775332e-16f,0.4999999999999999f,0f,1.5730865286373346f,0.17984220267830692f,-0.7002465731875404f,-1.9390240986499761e-16f,0.17984220267830692f,-1.5730865286373346f,0.8382145972559643f,0f,0f,0f,1f], start_interpolation: 0, interpolation_duration: 1 }
$data merge entity $(bone_right_leg2) { transformation: [-0.9830036542172783f,0.024881674407362497f,0.18189205060739647f,-1.1173286258723856f,0.025891724145055646f,0.9996596945825453f,0.0031801962091113634f,-2.57391568830508f,-0.1817510231505562f,0.007835643293189587f,-0.9833133621983929f,0.2869691338613308f,0f,0f,0f,1f], start_interpolation: 0, interpolation_duration: 1 }
$data merge entity $(bone_right_leg1) { transformation: [-1.310671538956371f,0.1557839914916224f,0.18881007055359617f,-0.625f,0.03452229886007419f,1.1358175239127046f,-0.6974987749322612f,-1.1955955415163426f,-0.2423346975340749f,-0.6807552263079055f,-1.1205462926641263f,-0.11618542347726671f,0f,0f,0f,1f], start_interpolation: 0, interpolation_duration: 1 }
$data merge entity $(bone_left_leg2) { transformation: [-0.9830036542172783f,-0.024881674407362497f,-0.18189205060739624f,1.1173286258723856f,-0.025891724145055646f,0.9996596945825453f,0.0031801962091113634f,-2.57391568830508f,0.18175102315055597f,0.007835643293189642f,-0.9833133621983929f,0.28696913386133094f,0f,0f,0f,1f], start_interpolation: 0, interpolation_duration: 1 }
$data merge entity $(bone_left_leg1) { transformation: [-1.310671538956371f,-0.15578399149162225f,-0.18881007055359594f,0.625f,-0.03452229886007419f,1.1358175239127046f,-0.6974987749322612f,-1.1955955415163426f,0.2423346975340746f,-0.6807552263079055f,-1.1205462926641265f,-0.11618542347726657f,0f,0f,0f,1f], start_interpolation: 0, interpolation_duration: 1 }
$data merge entity $(bone_tail3) { transformation: [-1f,-1.727158867904772e-17f,1.212406287146366e-16f,4.579669976578771e-16f,0f,0.9900048634353109f,0.14103322436373386f,-0.11865779099271151f,-1.2246467991473532e-16f,0.14103322436373386f,-0.9900048634353109f,-3.687497168690375f,0f,0f,0f,1f], start_interpolation: 0, interpolation_duration: 1 }
$data merge entity $(bone_tail2) { transformation: [-1.5416666666666665f,-2.6627032546865233e-17f,1.8691263593506474e-16f,-0.12499999999999976f,0f,1.526257497796104f,0.2174262208940897f,-0.5687209985688333f,-1.8879971486855027e-16f,0.2174262208940897f,-1.526257497796104f,-1.8576817793173674f,0f,0f,0f,1f], start_interpolation: 0, interpolation_duration: 1 }
$data merge entity $(bone_tail1) { transformation: [-1f,-1.727158867904772e-17f,1.212406287146366e-16f,1.1102230246251565e-16f,0f,0.9900048634353109f,0.14103322436373386f,-0.7185687994553005f,-1.2246467991473532e-16f,0.14103322436373386f,-0.9900048634353109f,-0.8058016119173497f,0f,0f,0f,1f], start_interpolation: 0, interpolation_duration: 1 }
$data merge entity $(bone_body1) { transformation: [-1.3333333333333333f,-2.3028784905396957e-17f,1.6165417161951548e-16f,0.5f,0f,1.3200064845804145f,0.18804429915164514f,-1.2574708454810495f,-1.6328623988631375e-16f,0.18804429915164514f,-1.3200064845804145f,-0.12499999999999994f,0f,0f,0f,1f], start_interpolation: 0, interpolation_duration: 1 }
data modify entity @s data merge value {"locators":{"hitbox_head":{"posx":-3.500517209273486e-16,"posy":-0.810816182843278,"posz":3.1469323853950897,"roty":0,"rotx":53.32199074074073},"hitbox_neck":{"posx":-2.7755575615628914e-16,"posy":-1.193927166739329,"posz":2.22665909331426,"roty":0,"rotx":25.241990740740732},"hitbox_right_arm":{"posx":-0.9375000000000006,"posy":-2.95778360438095,"posz":3.30982835983015,"roty":0,"rotx":-9.346064814814815},"hitbox_left_arm":{"posx":0.9374999999999997,"posy":-2.95778360438095,"posz":3.30982835983015,"roty":0,"rotx":-9.346064814814815},"hitbox_tail1":{"posx":3.191891195797325e-16,"posy":-1.2142643043952495,"posz":-2.644085041201944,"roty":0,"rotx":8.10763888888889},"hitbox_tail2":{"posx":5.488338114511103e-16,"posy":-1.338707985546957,"posz":-4.429481011350138,"roty":0,"rotx":8.10763888888889}},"cameras":{}}