# This file was generated by Animated Java via MC-Build. It is not recommended to edit this file directly.
$data merge entity $(bone_jaw) { transformation: [-1f,-8.469750422753463e-17f,8.845298527605118e-17f,-4.106913049378176e-16f,0f,0.7222734370239289f,0.6916076070790724f,-0.3191058064680052f,-1.2246467991473532e-16f,0.6916076070790724f,-0.7222734370239289f,3.5868052221458155f,0f,0f,0f,1f], start_interpolation: 0, interpolation_duration: 1 }
$data merge entity $(bone_head) { transformation: [-1.125f,-9.528469225597645e-17f,9.950960843555758e-17f,-3.885780586188048e-16f,0f,0.81255761665192f,0.7780585579639565f,-0.14620390469823707f,-1.3777276490407724e-16f,0.7780585579639565f,-0.81255761665192f,3.406236862889833f,0f,0f,0f,1f], start_interpolation: 0, interpolation_duration: 1 }
$data merge entity $(bone_neck) { transformation: [-1f,-4.8310265753754824e-17f,1.1253317754964602e-16f,0.4999999999999997f,0f,0.9189031288694505f,0.3944832566205237f,-0.8020208331178527f,-1.2246467991473532e-16f,0.3944832566205237f,-0.9189031288694505f,2.240489610524098f,0f,0f,0f,1f], start_interpolation: 0, interpolation_duration: 1 }
$data merge entity $(bone_right_arm2) { transformation: [-1f,3.374012020926071e-18f,1.2241819255936275e-16f,-0.8750000000000004f,0f,0.9996204019362569f,-0.027550898947151098f,-2.1353836876662236f,-1.2246467991473532e-16f,-0.027550898947151098f,-0.9996204019362569f,2.450079185008923f,0f,0f,0f,1f], start_interpolation: 0, interpolation_duration: 1 }
$data merge entity $(bone_right_arm1) { transformation: [-1.1354166666666665f,3.830909482093143e-18f,1.3899565613510976e-16f,-0.5625000000000003f,0f,1.1349856646984582f,-0.031281749846244475f,-0.8423231531510531f,-1.3904843865318904e-16f,-0.031281749846244475f,-1.1349856646984582f,1.7266796038096106f,0f,0f,0f,1f], start_interpolation: 0, interpolation_duration: 1 }
$data merge entity $(bone_left_arm2) { transformation: [-1f,3.374012020926071e-18f,1.2241819255936275e-16f,0.8749999999999997f,0f,0.9996204019362569f,-0.027550898947151098f,-2.1353836876662236f,-1.2246467991473532e-16f,-0.027550898947151098f,-0.9996204019362569f,2.450079185008923f,0f,0f,0f,1f], start_interpolation: 0, interpolation_duration: 1 }
$data merge entity $(bone_left_arm1) { transformation: [-1.1354166666666665f,3.830909482093143e-18f,1.3899565613510976e-16f,0.5624999999999998f,0f,1.1349856646984582f,-0.031281749846244475f,-0.8423231531510531f,-1.3904843865318904e-16f,-0.031281749846244475f,-1.1349856646984582f,1.7266796038096106f,0f,0f,0f,1f], start_interpolation: 0, interpolation_duration: 1 }
$data merge entity $(bone_body2) { transformation: [-1.5833333333333335f,-3.2174179107923776e-17f,1.9121445225239842e-16f,0.4999999999999999f,0f,1.5613844937620331f,0.2627221100020405f,-0.6251304106329225f,-1.9390240986499761e-16f,0.2627221100020405f,-1.5613844937620331f,0.8125462368453296f,0f,0f,0f,1f], start_interpolation: 0, interpolation_duration: 1 }
$data merge entity $(bone_right_leg2) { transformation: [-0.9916261438234949f,0.012523512129000026f,0.1285330795153536f,-1.047821414238283f,0.012523512129000023f,0.9999212511060214f,-0.0008082267775407215f,-2.60606246881809f,-0.1285330795153536f,0.000808226777540666f,-0.9917048927174738f,0.08490096967567276f,0f,0f,0f,1f], start_interpolation: 0, interpolation_duration: 1 }
$data merge entity $(bone_right_leg1) { transformation: [-1.3221681917646597f,0.08037309986818576f,0.15228005542790576f,-0.625f,0.01669801617200003f,1.2334604782382876f,-0.5060377482538949f,-1.162331610518804f,-0.17137743935380478f,-0.4998931798089781f,-1.2241382110851615f,-0.11893906676453944f,0f,0f,0f,1f], start_interpolation: 0, interpolation_duration: 1 }
$data merge entity $(bone_left_leg2) { transformation: [-0.9916261438234949f,-0.012523512129000033f,-0.12853307951535337f,1.047821414238283f,-0.012523512129000023f,0.9999212511060214f,-0.0008082267775407215f,-2.60606246881809f,0.12853307951535337f,0.0008082267775406105f,-0.9917048927174738f,0.08490096967567308f,0f,0f,0f,1f], start_interpolation: 0, interpolation_duration: 1 }
$data merge entity $(bone_left_leg1) { transformation: [-1.3221681917646597f,-0.08037309986818565f,-0.15228005542790546f,0.625f,-0.01669801617200003f,1.2334604782382876f,-0.5060377482538949f,-1.162331610518804f,0.17137743935380448f,-0.4998931798089782f,-1.2241382110851615f,-0.11893906676453929f,0f,0f,0f,1f], start_interpolation: 0, interpolation_duration: 1 }
$data merge entity $(bone_tail3) { transformation: [-1f,-1.1876003978644289e-17f,1.2188748236023993e-16f,4.579669976578771e-16f,0f,0.9952868242917284f,0.0969749317673702f,-0.24488771096252915f,-1.2246467991473532e-16f,0.0969749317673702f,-0.9952868242917284f,-3.7345108322211424f,0f,0f,0f,1f], start_interpolation: 0, interpolation_duration: 1 }
$data merge entity $(bone_tail2) { transformation: [-1.5416666666666665f,-1.830883946707661e-17f,1.8790986863870322e-16f,-0.12499999999999976f,0f,1.534400520783081f,0.14950301980802905f,-0.6133319875810473f,-1.8879971486855027e-16f,0.14950301980802905f,-1.534400520783081f,-1.8865308363805335f,0f,0f,0f,1f], start_interpolation: 0, interpolation_duration: 1 }
$data merge entity $(bone_tail1) { transformation: [-1f,-1.1876003978644289e-17f,1.2188748236023993e-16f,1.1102230246251565e-16f,0f,0.9952868242917284f,0.0969749317673702f,-0.7163678525838781f,-1.2246467991473532e-16f,0.0969749317673702f,-0.9952868242917284f,-0.829038585570572f,0f,0f,0f,1f], start_interpolation: 0, interpolation_duration: 1 }
$data merge entity $(bone_body1) { transformation: [-1.3333333333333333f,-1.5834671971525717e-17f,1.6251664314698658e-16f,0.5f,0f,1.3270490990556378f,0.12929990902316024f,-1.224537037037037f,-1.6328623988631375e-16f,0.12929990902316024f,-1.3270490990556378f,-0.12499999999999994f,0f,0f,0f,1f], start_interpolation: 0, interpolation_duration: 1 }
data modify entity @s data merge value {"locators":{"hitbox_head":{"posx":-3.632836763753616e-16,"posy":-0.8137521800504028,"posz":3.1996925575353905,"roty":0,"rotx":43.75750000000001},"hitbox_neck":{"posx":-2.7755575615628914e-16,"posy":-1.195919913521462,"posz":2.207421280400083,"roty":0,"rotx":23.233750000000004},"hitbox_right_arm":{"posx":-0.9375000000000004,"posy":-3.121228640128905,"posz":2.9774402849242025,"roty":0,"rotx":-1.5787500000000054},"hitbox_left_arm":{"posx":0.9374999999999996,"posy":-3.121228640128905,"posz":2.9774402849242025,"roty":0,"rotx":-1.5787500000000054},"hitbox_tail1":{"posx":3.191891195797325e-16,"posy":-1.2931268402097766,"posz":-2.6435217269066245,"roty":0,"rotx":5.565000000000001},"hitbox_tail2":{"posx":5.421159617074827e-16,"posy":-1.496653268726277,"posz":-4.421639268829913,"roty":0,"rotx":5.565000000000001}},"cameras":{}}