# This file was generated by Animated Java via MC-Build. It is not recommended to edit this file directly.
$data merge entity $(bone_jaw) { transformation: [-1f,-7.742196909988126e-17f,9.488644016568226e-17f,-4.1229966866022534e-16f,0f,0.7748065828592043f,0.6321983542829284f,-0.27971405552575906f,-1.2246467991473532e-16f,0.6321983542829284f,-0.7748065828592043f,3.5648477074995157f,0f,0f,0f,1f], start_interpolation: 0, interpolation_duration: 1 }
$data merge entity $(bone_head) { transformation: [-1.125f,-8.709971523736641e-17f,1.0674724518639255e-16f,-3.885780586188048e-16f,0f,0.8716574057166049f,0.7112231485682944f,-0.12166446695502697f,-1.3777276490407724e-16f,0.7112231485682944f,-0.8716574057166049f,3.3711460617847147f,0f,0f,0f,1f], start_interpolation: 0, interpolation_duration: 1 }
$data merge entity $(bone_neck) { transformation: [-1f,-4.6551539180679246e-17f,1.1327202667264435e-16f,0.4999999999999997f,0f,0.9249362898062429f,0.3801221643096625f,-0.7955600163725592f,-1.2246467991473532e-16f,0.3801221643096625f,-0.9249362898062429f,2.2157555267381257f,0f,0f,0f,1f], start_interpolation: 0, interpolation_duration: 1 }
$data merge entity $(bone_right_arm2) { transformation: [-1f,-7.676288366440068e-18f,1.222238619236597e-16f,-0.8750000000000004f,0f,0.9980335718735943f,0.06268165132824091f,-2.1750294606470293f,-1.2246467991473532e-16f,0.06268165132824091f,-0.9980335718735943f,2.3049252451420323f,0f,0f,0f,1f], start_interpolation: 0, interpolation_duration: 1 }
$data merge entity $(bone_right_arm1) { transformation: [-1.1354166666666665f,-8.715785749395492e-18f,1.3877500989248858e-16f,-0.5625000000000003f,0f,1.1331839513981434f,0.07116979161227352f,-0.8220167622747714f,-1.3904843865318904e-16f,0.07116979161227352f,-1.1331839513981434f,1.7010468318472525f,0f,0f,0f,1f], start_interpolation: 0, interpolation_duration: 1 }
$data merge entity $(bone_left_arm2) { transformation: [-1f,-7.676288366440068e-18f,1.222238619236597e-16f,0.8749999999999997f,0f,0.9980335718735943f,0.06268165132824091f,-2.1750294606470293f,-1.2246467991473532e-16f,0.06268165132824091f,-0.9980335718735943f,2.304925245142033f,0f,0f,0f,1f], start_interpolation: 0, interpolation_duration: 1 }
$data merge entity $(bone_left_arm1) { transformation: [-1.1354166666666665f,-8.715785749395492e-18f,1.3877500989248858e-16f,0.5624999999999998f,0f,1.1331839513981434f,0.07116979161227352f,-0.8220167622747714f,-1.3904843865318904e-16f,0.07116979161227352f,-1.1331839513981434f,1.7010468318472527f,0f,0f,0f,1f], start_interpolation: 0, interpolation_duration: 1 }
$data merge entity $(bone_body2) { transformation: [-1.5833333333333335f,-3.7309717255204115e-17f,1.9027908332181505e-16f,0.4999999999999999f,0f,1.5537466268175837f,0.3046569613473909f,-0.5802956683131222f,-1.9390240986499761e-16f,0.3046569613473909f,-1.5537466268175837f,0.7930912091795015f,0f,0f,0f,1f], start_interpolation: 0, interpolation_duration: 1 }
$data merge entity $(bone_right_leg2) { transformation: [-0.9961946980917455f,0.0057002583060742f,0.08696913561223907f,-1.0130542492311205f,0.005700258306074197f,0.9999837225573301f,-0.00024834578416607633f,-2.6139501352055845f,-0.0869691356122391f,0.00024834578416607633f,-0.9962109755344153f,-0.08395608441278325f,0f,0f,0f,1f], start_interpolation: 0, interpolation_duration: 1 }
$data merge entity $(bone_right_leg1) { transformation: [-1.3282595974556606f,0.03735372712920961f,0.1100405316883763f,-0.625f,0.007600344408098929f,1.2877944358241258f,-0.34540628772950455f,-1.1467297572608741f,-0.11595884748298546f,-0.34346465306892293f,-1.2831069150933758f,-0.12091230442311614f,0f,0f,0f,1f], start_interpolation: 0, interpolation_duration: 1 }
$data merge entity $(bone_left_leg2) { transformation: [-0.9961946980917455f,-0.005700258306074197f,-0.08696913561223883f,1.0130542492311205f,-0.005700258306074197f,0.9999837225573301f,-0.00024834578416607633f,-2.6139501352055845f,0.08696913561223885f,0.0002483457841661041f,-0.9962109755344153f,-0.08395608441278304f,0f,0f,0f,1f], start_interpolation: 0, interpolation_duration: 1 }
$data merge entity $(bone_left_leg1) { transformation: [-1.3282595974556606f,-0.03735372712920953f,-0.11004053168837599f,0.625f,-0.007600344408098929f,1.2877944358241258f,-0.34540628772950455f,-1.1467297572608741f,0.11595884748298513f,-0.34346465306892293f,-1.283106915093376f,-0.12091230442311598f,0f,0f,0f,1f], start_interpolation: 0, interpolation_duration: 1 }
$data merge entity $(bone_tail3) { transformation: [-1f,-8.009573286591545e-18f,1.2220247363447802e-16f,4.579669976578771e-16f,0f,0.9978589232386035f,0.0654031292301431f,-0.34426007390300695f,-1.2246467991473532e-16f,0.0654031292301431f,-0.9978589232386035f,-3.763727823673511f,0f,0f,0f,1f], start_interpolation: 0, interpolation_duration: 1 }
$data merge entity $(bone_tail2) { transformation: [-1.5416666666666665f,-1.2348092150161963e-17f,1.8839548018648693e-16f,-0.12499999999999976f,0f,1.5383658399928468f,0.10082982422980394f,-0.6539894893167634f,-1.8879971486855027e-16f,0.10082982422980394f,-1.5383658399928468f,-1.905005429331781f,0f,0f,0f,1f], start_interpolation: 0, interpolation_duration: 1 }
$data merge entity $(bone_tail1) { transformation: [-1f,-8.009573286591545e-18f,1.2220247363447802e-16f,1.1102230246251565e-16f,0f,0.9978589232386035f,0.0654031292301431f,-0.7234803141237904f,-1.2246467991473532e-16f,0.0654031292301431f,-0.9978589232386035f,-0.8447803233907649f,0f,0f,0f,1f], start_interpolation: 0, interpolation_duration: 1 }
$data merge entity $(bone_body1) { transformation: [-1.3333333333333333f,-1.0679431048788726e-17f,1.6293663151263734e-16f,0.5f,0f,1.3304785643181378f,0.08720417230685747f,-1.2090959399632868f,-1.6328623988631375e-16f,0.08720417230685747f,-1.3304785643181378f,-0.12499999999999994f,0f,0f,0f,1f], start_interpolation: 0, interpolation_duration: 1 }
data modify entity @s data merge value {"locators":{"hitbox_head":{"posx":-3.698413404831547e-16,"posy":-0.8034805669554448,"posz":3.2181491475013857,"roty":0,"rotx":39.21250000000001},"hitbox_neck":{"posx":-2.7755575615628914e-16,"posy":-1.1899263955886081,"posz":2.1888267513477824,"roty":0,"rotx":22.341250000000006},"hitbox_right_arm":{"posx":-0.9375000000000004,"posy":-3.204403858184744,"posz":2.741260379750589,"roty":0,"rotx":3.5937499999999956},"hitbox_left_arm":{"posx":0.9374999999999997,"posy":-3.204403858184744,"posz":2.7412603797505892,"roty":0,"rotx":3.5937499999999956},"hitbox_tail1":{"posx":3.191891195797325e-16,"posy":-1.3574190303999925,"posz":-2.6400857859809284,"roty":0,"rotx":3.750000000000003},"hitbox_tail2":{"posx":5.372184540159224e-16,"posy":-1.6171606504617184,"posz":-4.410865075109788,"roty":0,"rotx":3.750000000000003}},"cameras":{}}