# This file was generated by Animated Java via MC-Build. It is not recommended to edit this file directly.
$data merge entity $(bone_jaw) { transformation: [-1f,-5.843979077342389e-17f,1.0762150659128044e-16f,-4.154834352666249e-16f,0f,0.8787962918468468f,0.47719710543572186f,-0.14342892320504075f,-1.2246467991473532e-16f,0.47719710543572186f,-0.8787962918468468f,3.505949174519846f,0f,0f,0f,1f], start_interpolation: 0, interpolation_duration: 1 }
$data merge entity $(bone_head) { transformation: [-1.125f,-6.574476462010188e-17f,1.210741949151905e-16f,-3.885780586188048e-16f,0f,0.9886458283277026f,0.5368467436151871f,-0.024129646846110298f,-1.3777276490407724e-16f,0.5368467436151871f,-0.9886458283277026f,3.2862501015581342f,0f,0f,0f,1f], start_interpolation: 0, interpolation_duration: 1 }
$data merge entity $(bone_neck) { transformation: [-1f,-3.992364590899172e-17f,1.1577435088978919e-16f,0.4999999999999997f,0f,0.945369317670987f,0.3260013085959814f,-0.7637084836372992f,-1.2246467991473532e-16f,0.3260013085959814f,-0.945369317670987f,2.1717611405672272f,0f,0f,0f,1f], start_interpolation: 0, interpolation_duration: 1 }
$data merge entity $(bone_right_arm2) { transformation: [-1f,-2.4936306085440935e-17f,1.1989903446413476e-16f,-0.8750000000000003f,0f,0.9790499150254027f,0.20362039163293905f,-2.200640545252434f,-1.2246467991473532e-16f,0.20362039163293905f,-0.9790499150254027f,2.062356316166385f,0f,0f,0f,1f], start_interpolation: 0, interpolation_duration: 1 }
$data merge entity $(bone_right_arm1) { transformation: [-1.1354166666666665f,-2.831309753451106e-17f,1.3613536204781965e-16f,-0.5625000000000003f,0f,1.111629591018426f,0.23119398633323285f,-0.7756485125339471f,-1.3904843865318904e-16f,0.23119398633323285f,-1.111629591018426f,1.6565112636046533f,0f,0f,0f,1f], start_interpolation: 0, interpolation_duration: 1 }
$data merge entity $(bone_left_arm2) { transformation: [-1f,-2.4936306085440935e-17f,1.1989903446413476e-16f,0.8749999999999998f,0f,0.9790499150254027f,0.20362039163293905f,-2.200640545252434f,-1.2246467991473532e-16f,0.20362039163293905f,-0.9790499150254027f,2.0623563161663854f,0f,0f,0f,1f], start_interpolation: 0, interpolation_duration: 1 }
$data merge entity $(bone_left_arm1) { transformation: [-1.1354166666666665f,-2.831309753451106e-17f,1.3613536204781965e-16f,0.5624999999999998f,0f,1.111629591018426f,0.23119398633323285f,-0.7756485125339471f,-1.3904843865318904e-16f,0.23119398633323285f,-1.111629591018426f,1.6565112636046533f,0f,0f,0f,1f], start_interpolation: 0, interpolation_duration: 1 }
$data merge entity $(bone_body2) { transformation: [-1.5833333333333335f,-4.2657595914360276e-17f,1.8915198667278302e-16f,0.4999999999999999f,0f,1.5445431842428197f,0.3483257045546532f,-0.5084342196696332f,-1.9390240986499761e-16f,0.3483257045546532f,-1.5445431842428197f,0.7557288139038254f,0f,0f,0f,1f], start_interpolation: 0, interpolation_duration: 1 }
$data merge entity $(bone_right_leg2) { transformation: [-0.9999376150010865f,0.00009357543079642066f,0.011169482959281832f,-0.9971614661555583f,0.00009357543079642082f,0.9999999956216827f,-5.226108913819472e-7f,-2.5732100080915785f,-0.01116948295928183f,5.22610891395825e-7f,-0.9999376193794036f,-0.3928117256192635f,0f,0f,0f,1f], start_interpolation: 0, interpolation_duration: 1 }
$data merge entity $(bone_right_leg1) { transformation: [-1.3332501533347818f,0.000623661086323936f,0.014880102735112874f,-0.625f,0.00012476724106189442f,1.332584746434698f,-0.04467276329582412f,-1.1260819902307593f,-0.014892643945709107f,-0.0446685839735107f,-1.3325016714960942f,-0.12447640734907692f,0f,0f,0f,1f], start_interpolation: 0, interpolation_duration: 1 }
$data merge entity $(bone_left_leg2) { transformation: [-0.9999376150010865f,-0.00009357543079642066f,-0.011169482959281586f,0.9971614661555583f,-0.00009357543079642082f,0.9999999956216827f,-5.226108913819472e-7f,-2.5732100080915785f,0.011169482959281584f,5.22610891395825e-7f,-0.9999376193794036f,-0.39281172561926325f,0f,0f,0f,1f], start_interpolation: 0, interpolation_duration: 1 }
$data merge entity $(bone_left_leg1) { transformation: [-1.3332501533347818f,-0.0006236610863239251f,-0.014880102735112546f,0.625f,-0.00012476724106189442f,1.332584746434698f,-0.04467276329582412f,-1.1260819902307593f,0.01489264394570878f,-0.0446685839735107f,-1.3325016714960942f,-0.12447640734907676f,0f,0f,0f,1f], start_interpolation: 0, interpolation_duration: 1 }
$data merge entity $(bone_tail3) { transformation: [-1f,-1.025945702416204e-18f,1.2246038241829179e-16f,4.579669976578771e-16f,0f,0.9999649082784806f,0.008377482414770588f,-0.5327097629196476f,-1.2246467991473532e-16f,0.008377482414770588f,-0.9999649082784806f,-3.8071346727676656f,0f,0f,0f,1f], start_interpolation: 0, interpolation_duration: 1 }
$data merge entity $(bone_tail2) { transformation: [-1.5416666666666665f,-1.581666291224981e-18f,1.8879308956153316e-16f,-0.12499999999999976f,0f,1.5416125669293241f,0.012915285389437989f,-0.7359109627495575f,-1.8879971486855027e-16f,0.012915285389437989f,-1.5416125669293241f,-1.933771247698284f,0f,0f,0f,1f], start_interpolation: 0, interpolation_duration: 1 }
$data merge entity $(bone_tail1) { transformation: [-1f,-1.025945702416204e-18f,1.2246038241829179e-16f,1.1102230246251565e-16f,0f,0.9999649082784806f,0.008377482414770588f,-0.7448120378152512f,-1.2246467991473532e-16f,0.008377482414770588f,-0.9999649082784806f,-0.8713085326523984f,0f,0f,0f,1f], start_interpolation: 0, interpolation_duration: 1 }
$data merge entity $(bone_body1) { transformation: [-1.3333333333333333f,-1.3679276032216052e-18f,1.6328050989105572e-16f,0.5f,0f,1.3332865443713073f,0.01116997655302745f,-1.1885797969981644f,-1.6328623988631375e-16f,0.01116997655302745f,-1.3332865443713073f,-0.12499999999999994f,0f,0f,0f,1f], start_interpolation: 0, interpolation_duration: 1 }
data modify entity @s data merge value {"locators":{"hitbox_head":{"posx":-3.8568491019519e-16,"posy":-0.7225014246990527,"posz":3.262625751862948,"roty":0,"rotx":28.50250000000001},"hitbox_neck":{"posx":-2.7755575615628914e-16,"posy":-1.1589721413384169,"posz":2.1676818145526076,"roty":0,"rotx":19.026250000000008},"hitbox_right_arm":{"posx":-0.9375000000000003,"posy":-3.2815006560943063,"posz":2.348260882046147,"roty":0,"rotx":11.748750000000005},"hitbox_left_arm":{"posx":0.9374999999999998,"posy":-3.2815006560943063,"posz":2.348260882046148,"roty":0,"rotx":11.748750000000005},"hitbox_tail1":{"posx":3.191891195797325e-16,"posy":-1.480125124798263,"posz":-2.627530233950817,"roty":0,"rotx":0.4799999999999986},"hitbox_tail2":{"posx":5.281975165025875e-16,"posy":-1.8404513711768449,"posz":-4.380610379343698,"roty":0,"rotx":0.4799999999999986}},"cameras":{}}