# This file was generated by Animated Java via MC-Build. It is not recommended to edit this file directly.
$data merge entity $(bone_jaw) { transformation: [-1f,-7.749698604146228e-17f,9.482518115515509e-17f,-4.1228435390759357e-16f,0f,0.7743063650774743f,0.6328109140971805f,0.6945316888204645f,-1.2246467991473532e-16f,0.6328109140971805f,-0.7743063650774743f,3.4390239393515594f,0f,0f,0f,1f], start_interpolation: 0, interpolation_duration: 1 }
$data merge entity $(bone_head) { transformation: [-1.125f,-8.718410929664507e-17f,1.0667832879954948e-16f,-3.885780586188048e-16f,0f,0.8710946607121586f,0.711912278359328f,0.8527344173447596f,-1.3777276490407724e-16f,0.711912278359328f,-0.8710946607121586f,3.2454473480821906f,0f,0f,0f,1f], start_interpolation: 0, interpolation_duration: 1 }
$data merge entity $(bone_neck) { transformation: [-1f,-4.1139168493029364e-17f,1.153480240070055e-16f,0.4999999999999997f,0f,0.9418880944882663f,0.33592680372554806f,0.12491884497798464f,-1.2246467991473532e-16f,0.33592680372554806f,-0.9418880944882663f,2.1232410423520793f,0f,0f,0f,1f], start_interpolation: 0, interpolation_duration: 1 }
$data merge entity $(bone_right_arm2) { transformation: [-1f,6.988710695619727e-18f,1.222651043815508e-16f,-0.8750000000000004f,0f,0.9983703420992608f,-0.05706715357020112f,-1.2134202423111178f,-1.2246467991473532e-16f,-0.05706715357020112f,-0.9983703420992608f,2.3735344132146867f,0f,0f,0f,1f], start_interpolation: 0, interpolation_duration: 1 }
$data merge entity $(bone_right_arm1) { transformation: [-1.1354166666666665f,7.93509860231823e-18f,1.3882183726655246e-16f,-0.5625000000000003f,0f,1.1335663259252022f,-0.06479499728283251f,0.05770716361464867f,-1.3904843865318904e-16f,-0.06479499728283251f,-1.1335663259252022f,1.612254163960556f,0f,0f,0f,1f], start_interpolation: 0, interpolation_duration: 1 }
$data merge entity $(bone_left_arm2) { transformation: [-1f,6.988710695619727e-18f,1.222651043815508e-16f,0.8749999999999997f,0f,0.9983703420992608f,-0.05706715357020112f,-1.2134202423111178f,-1.2246467991473532e-16f,-0.05706715357020112f,-0.9983703420992608f,2.373534413214687f,0f,0f,0f,1f], start_interpolation: 0, interpolation_duration: 1 }
$data merge entity $(bone_left_arm1) { transformation: [-1.1354166666666665f,7.93509860231823e-18f,1.3882183726655246e-16f,0.5624999999999998f,0f,1.1335663259252022f,-0.06479499728283251f,0.05770716361464867f,-1.3904843865318904e-16f,-0.06479499728283251f,-1.1335663259252022f,1.6122541639605563f,0f,0f,0f,1f], start_interpolation: 0, interpolation_duration: 1 }
$data merge entity $(bone_body2) { transformation: [-1.5833333333333335f,-2.209485137872568e-17f,1.9263946141433628e-16f,0.4999999999999999f,0f,1.5730205766140846f,0.18041815316962387f,0.22662661917353455f,-1.9390240986499761e-16f,0.18041815316962387f,-1.5730205766140846f,0.6879821706957545f,0f,0f,0f,1f], start_interpolation: 0, interpolation_duration: 1 }
$data merge entity $(bone_right_leg2) { transformation: [-0.9934866799667902f,0.025799292739261986f,0.11098924823026135f,-1.0561247077396754f,-0.00974743319384143f,0.9512195274917028f,-0.3083608244647711f,-1.804218024716286f,-0.1135306314379353f,-0.3074342320116866f,-0.9447724534048862f,0.4537494223814328f,0f,0f,0f,1f], start_interpolation: 0, interpolation_duration: 1 }
$data merge entity $(bone_right_leg1) { transformation: [-1.3246489066223868f,0.0821124134442954f,0.12783037010134135f,-0.625f,-0.012996577591788573f,1.0564742427100848f,-0.8133086998420903f,-0.47093221782129513f,-0.1513741752505804f,-0.8092573779869316f,-1.0487927025960375f,-0.13034641180055587f,0f,0f,0f,1f], start_interpolation: 0, interpolation_duration: 1 }
$data merge entity $(bone_left_leg2) { transformation: [-0.9934866799667902f,-0.025799292739261917f,-0.11098924823026111f,1.0561247077396754f,0.00974743319384143f,0.9512195274917028f,-0.3083608244647711f,-1.804218024716286f,0.11353063143793506f,-0.3074342320116867f,-0.9447724534048864f,0.4537494223814331f,0f,0f,0f,1f], start_interpolation: 0, interpolation_duration: 1 }
$data merge entity $(bone_left_leg1) { transformation: [-1.3246489066223868f,-0.08211241344429522f,-0.12783037010134107f,0.625f,0.012996577591788573f,1.0564742427100848f,-0.8133086998420903f,-0.47093221782129513f,0.15137417525058006f,-0.8092573779869318f,-1.0487927025960375f,-0.13034641180055573f,0f,0f,0f,1f], start_interpolation: 0, interpolation_duration: 1 }
$data merge entity $(bone_tail3) { transformation: [-1f,1.0475945757558848e-17f,1.2201578745024457e-16f,4.579669976578771e-16f,0f,0.9963345148592779f,-0.08554258880889257f,-0.22593234944574264f,-1.2246467991473532e-16f,-0.08554258880889257f,-0.9963345148592779f,-3.852447641549145f,0f,0f,0f,1f], start_interpolation: 0, interpolation_duration: 1 }
$data merge entity $(bone_tail2) { transformation: [-1.5416666666666665f,1.6150416376236557e-17f,1.8810767231912703e-16f,-0.12499999999999976f,0f,1.5360157104080534f,-0.1318781577470427f,-0.2523527169651837f,-1.8879971486855027e-16f,-0.1318781577470427f,-1.5360157104080534f,-1.9682811907863318f,0f,0f,0f,1f], start_interpolation: 0, interpolation_duration: 1 }
$data merge entity $(bone_tail1) { transformation: [-1f,1.0475945757558848e-17f,1.2201578745024457e-16f,1.1102230246251565e-16f,0f,0.9963345148592779f,-0.08554258880889257f,-0.1614637163557353f,-1.2246467991473532e-16f,-0.08554258880889257f,-0.9963345148592779f,-0.909675768748349f,0f,0f,0f,1f], start_interpolation: 0, interpolation_duration: 1 }
$data merge entity $(bone_body1) { transformation: [-1.3333333333333333f,1.396792767674513e-17f,1.6268771660032608e-16f,0.5f,0f,1.3284460198123704f,-0.11405678507852342f,-0.533203125f,-1.6328623988631375e-16f,-0.11405678507852342f,-1.3284460198123704f,-0.12499999999999994f,0f,0f,0f,1f], start_interpolation: 0, interpolation_duration: 1 }
data modify entity @s data merge value {"locators":{"hitbox_head":{"posx":-3.6977531145387683e-16,"posy":0.17103952851596926,"posz":3.0919112658581636,"roty":0,"rotx":39.2578125},"hitbox_neck":{"posx":-2.7755575615628914e-16,"posy":-0.2702800409208087,"posz":2.1150045027660322,"roty":0,"rotx":19.628906250000004},"hitbox_right_arm":{"posx":-0.9375000000000006,"posy":-2.183257007625278,"posz":2.9297867378345184,"roty":0,"rotx":-3.2714843749999973},"hitbox_left_arm":{"posx":0.9374999999999996,"posy":-2.183257007625278,"posz":2.929786737834519,"roty":0,"rotx":-3.2714843749999973},"hitbox_tail1":{"posx":3.191891195797325e-16,"posy":-1.0584141329157557,"posz":-2.589104228145416,"roty":0,"rotx":-4.9072265625},"hitbox_tail2":{"posx":5.128511992918436e-16,"posy":-1.5817391064035469,"posz":-4.300611158345817,"roty":0,"rotx":-4.9072265625}},"cameras":{}}