# This file was generated by Animated Java via MC-Build. It is not recommended to edit this file directly.
$data merge entity $(bone_jaw) { transformation: [-1f,-9.074034239905797e-17f,8.224225244921428e-17f,-4.0913862173110835e-16f,0f,0.6715589548470184f,0.7409511253549591f,0.7037076793145838f,-1.2246467991473532e-16f,0.7409511253549591f,-0.6715589548470184f,3.4471982518682687f,0f,0f,0f,1f], start_interpolation: 0, interpolation_duration: 1 }
$data merge entity $(bone_head) { transformation: [-1.125f,-1.0208288519894022e-16f,9.252253400536606e-17f,-3.885780586188048e-16f,0f,0.7555038242028957f,0.833570016024329f,0.8889454606533236f,-1.3777276490407724e-16f,0.833570016024329f,-0.7555038242028957f,3.279308513156514f,0f,0f,0f,1f], start_interpolation: 0, interpolation_duration: 1 }
$data merge entity $(bone_neck) { transformation: [-1f,-4.962774780784782e-17f,1.1195840510716122e-16f,0.4999999999999997f,0f,0.9142097557035306f,0.40524131400498986f,0.2468561628473766f,-1.2246467991473532e-16f,0.40524131400498986f,-0.9142097557035306f,2.1059441905170937f,0f,0f,0f,1f], start_interpolation: 0, interpolation_duration: 1 }
$data merge entity $(bone_right_arm2) { transformation: [-1f,8.509388204715958e-18f,1.2216868722794728e-16f,-0.8750000000000004f,0f,0.9975830362926348f,-0.06948442776023689f,-1.0691775203561384f,-1.2246467991473532e-16f,-0.06948442776023689f,-0.9975830362926348f,2.37047980349973f,0f,0f,0f,1f], start_interpolation: 0, interpolation_duration: 1 }
$data merge entity $(bone_right_arm1) { transformation: [-1.1354166666666665f,9.661701190771243e-18f,1.3871236362339846e-16f,-0.5625000000000003f,0f,1.1326724057905957f,-0.07889377735276895f,0.1923796706927818f,-1.3904843865318904e-16f,-0.07889377735276895f,-1.1326724057905957f,1.5934431546132326f,0f,0f,0f,1f], start_interpolation: 0, interpolation_duration: 1 }
$data merge entity $(bone_left_arm2) { transformation: [-1f,8.509388204715958e-18f,1.2216868722794728e-16f,0.8749999999999997f,0f,0.9975830362926348f,-0.06948442776023689f,-1.0691775203561384f,-1.2246467991473532e-16f,-0.06948442776023689f,-0.9975830362926348f,2.37047980349973f,0f,0f,0f,1f], start_interpolation: 0, interpolation_duration: 1 }
$data merge entity $(bone_left_arm1) { transformation: [-1.1354166666666665f,9.661701190771243e-18f,1.3871236362339846e-16f,0.5624999999999998f,0f,1.1326724057905957f,-0.07889377735276895f,0.1923796706927818f,-1.3904843865318904e-16f,-0.07889377735276895f,-1.1326724057905957f,1.5934431546132326f,0f,0f,0f,1f], start_interpolation: 0, interpolation_duration: 1 }
$data merge entity $(bone_body2) { transformation: [-1.5833333333333335f,-2.6881267520468702e-17f,1.920300549600153e-16f,0.4999999999999999f,0f,1.5680443952796361f,0.21950220699702552f,0.38424457201784834f,-1.9390240986499761e-16f,0.21950220699702552f,-1.5680443952796361f,0.673660376105436f,0f,0f,0f,1f], start_interpolation: 0, interpolation_duration: 1 }
$data merge entity $(bone_right_leg2) { transformation: [-0.9903438285976649f,0.03806703644706714f,0.1333041705823817f,-1.0907969932274661f,-0.014434691640664575f,0.928020756863353f,-0.37224872667076875f,-1.5604836841088976f,-0.13787944312245382f,-0.37057843375850613f,-0.9185101434373681f,0.6233764414307459f,0f,0f,0f,1f], start_interpolation: 0, interpolation_duration: 1 }
$data merge entity $(bone_right_leg1) { transformation: [-1.3204584381302198f,0.11842881778637376f,0.14192218313639415f,-0.625f,-0.0192462555208861f,0.9300734217161396f,-0.9551810245411256f,-0.3284647143291092f,-0.18383925749660507f,-0.9480062357984421f,-0.9193829898731773f,-0.1315076021170035f,0f,0f,0f,1f], start_interpolation: 0, interpolation_duration: 1 }
$data merge entity $(bone_left_leg2) { transformation: [-0.9903438285976649f,-0.038067036447067035f,-0.13330417058238148f,1.090796993227466f,0.014434691640664575f,0.928020756863353f,-0.37224872667076875f,-1.5604836841088976f,0.1378794431224536f,-0.3705784337585062f,-0.9185101434373681f,0.6233764414307461f,0f,0f,0f,1f], start_interpolation: 0, interpolation_duration: 1 }
$data merge entity $(bone_left_leg1) { transformation: [-1.3204584381302198f,-0.1184288177863735f,-0.14192218313639393f,0.625f,0.0192462555208861f,0.9300734217161396f,-0.9551810245411256f,-0.3284647143291092f,0.1838392574966048f,-0.9480062357984422f,-0.9193829898731775f,-0.13150760211700335f,0f,0f,0f,1f], start_interpolation: 0, interpolation_duration: 1 }
$data merge entity $(bone_tail3) { transformation: [-1f,1.2751222564340429e-17f,1.2179903180950673e-16f,4.579669976578771e-16f,0f,0.9945645707342554f,-0.10412163387205459f,-0.15297066819429175f,-1.2246467991473532e-16f,-0.10412163387205459f,-0.9945645707342554f,-3.857532875752601f,0f,0f,0f,1f], start_interpolation: 0, interpolation_duration: 1 }
$data merge entity $(bone_tail2) { transformation: [-1.5416666666666665f,1.9658134786691492e-17f,1.8777350737298953e-16f,-0.12499999999999976f,0f,1.5332870465486437f,-0.16052085221941748f,-0.1442234616968623f,-1.8879971486855027e-16f,-0.16052085221941748f,-1.5332870465486437f,-1.9732014992748619f,0f,0f,0f,1f], start_interpolation: 0, interpolation_duration: 1 }
$data merge entity $(bone_tail1) { transformation: [-1f,1.2751222564340429e-17f,1.2179903180950673e-16f,1.1102230246251565e-16f,0f,0.9945645707342554f,-0.10412163387205459f,-0.03359422570780429f,-1.2246467991473532e-16f,-0.10412163387205459f,-0.9945645707342554f,-0.9164766428697155f,0f,0f,0f,1f], start_interpolation: 0, interpolation_duration: 1 }
$data merge entity $(bone_body1) { transformation: [-1.3333333333333333f,1.7001630085787238e-17f,1.623987090793423e-16f,0.5f,0f,1.3260860943123405f,-0.13882884516273944f,-0.3906250000000001f,-1.6328623988631375e-16f,-0.13882884516273944f,-1.3260860943123405f,-0.12499999999999994f,0f,0f,0f,1f], start_interpolation: 0, interpolation_duration: 1 }
data modify entity @s data merge value {"locators":{"hitbox_head":{"posx":-3.57566048509773e-16,"posy":0.2376738872005123,"posz":3.026076233199358,"roty":0,"rotx":47.8125},"hitbox_neck":{"posx":-2.7755575615628914e-16,"posy":-0.1466276597920711,"posz":2.0682549172281637,"roty":0,"rotx":23.90625000000001},"hitbox_right_arm":{"posx":-0.9375000000000006,"posy":-2.0320183427686547,"posz":2.938755749406284,"roty":0,"rotx":-3.9843750000000027},"hitbox_left_arm":{"posx":0.9374999999999996,"posy":-2.0320183427686547,"posz":2.938755749406284,"roty":0,"rotx":-3.9843750000000027},"hitbox_tail1":{"posx":3.191891195797325e-16,"posy":-0.9617305130345913,"posz":-2.5788734162506213,"roty":0,"rotx":-5.9765625},"hitbox_tail2":{"posx":5.097429734350278e-16,"posy":-1.5169050863360327,"posz":-4.280315802333548,"roty":0,"rotx":-5.9765625}},"cameras":{}}