# This file was generated by Animated Java via MC-Build. It is not recommended to edit this file directly.
$data merge entity $(bone_jaw) { transformation: [-0.9999444984045128f,0.00946038947277251f,-0.004636932344840577f,0.09437533747356618f,-0.0012650122344243517f,0.32912457915670335f,0.9442856618306611f,-0.3213480983951622f,0.010459438541046567f,0.9442391182459804f,-0.32909434470902066f,3.51781345574871f,0f,0f,0f,1f], start_interpolation: 0, interpolation_duration: 1 }
$data merge entity $(bone_head) { transformation: [-1.1249375607050769f,0.010643492907953977f,-0.0052154169180996515f,0.09321635593621069f,-0.0014231387637273956f,0.37015216520440397f,1.06236074347208f,-0.08526793317914438f,0.011766868358677388f,1.0623083783220437f,-0.3701181570199165f,3.435564976410951f,0f,0f,0f,1f], start_interpolation: 0, interpolation_duration: 1 }
$data merge entity $(bone_neck) { transformation: [-0.9998488492529568f,0.008046925076210529f,-0.015411866997730955f,0.572068780733559f,-0.0009700127755085583f,0.8592450129145426f,0.5115633556625248f,-0.5820855265372902f,0.017359081852253724f,0.5115009821870388f,-0.85910733176882f,2.1853909348489293f,0f,0f,0f,1f], start_interpolation: 0, interpolation_duration: 1 }
$data merge entity $(bone_right_arm2) { transformation: [-0.9988966316719063f,-0.0032932242997342487f,-0.046847346864379885f,-0.5565635553181327f,-0.003634252949950262f,0.9999675024858987f,0.007196261363398626f,-1.558774323614257f,0.04682212553927534f,0.007358576345068868f,-0.9988761384246588f,2.9236053639027713f,0f,0f,0f,1f], start_interpolation: 0, interpolation_duration: 1 }
$data merge entity $(bone_right_arm1) { transformation: [-1.1115073872287191f,-0.11547574907865953f,-0.20096687900037888f,-0.5058161863371652f,-0.019787620303824274f,1.0281515601421831f,-0.4813354614033242f,-0.6562735462343452f,0.23093459065965438f,-0.4676972607321553f,-1.008513507140554f,1.7087449598356357f,0f,0f,0f,1f], start_interpolation: 0, interpolation_duration: 1 }
$data merge entity $(bone_left_arm2) { transformation: [-0.9998728574242028f,0.003745452462132065f,-0.015499695874872418f,0.7450029968519336f,0.003634252949950262f,0.9999675024858987f,0.007196261363398626f,-1.558774323614257f,0.015526145428128885f,0.0071390165967362695f,-0.9998539759635784f,2.883005172375179f,0f,0f,0f,1f], start_interpolation: 0, interpolation_duration: 1 }
$data merge entity $(bone_left_arm1) { transformation: [-1.1237396754910518f,0.08610154209484581f,0.13771954516552506f,0.6186368869449947f,0.019787620303824274f,1.0281515601421831f,-0.4813354614033242f,-0.6562735462343452f,-0.1612097973276478f,-0.4739851271617377f,-1.019078263638026f,1.673669527032811f,0f,0f,0f,1f], start_interpolation: 0, interpolation_duration: 1 }
$data merge entity $(bone_body2) { transformation: [-1.5825635846193362f,0.004954398601448923f,-0.04911617875750822f,0.5272808921799746f,0f,1.5753391102203922f,0.15890604851442358f,-0.5f,0.04936542394471601f,0.1588287952134823f,-1.5745732479545804f,0.7495746125527911f,0f,0f,0f,1f], start_interpolation: 0, interpolation_duration: 1 }
$data merge entity $(bone_right_leg2) { transformation: [-0.7969699891297287f,0.4984655411106666f,0.3411318524439049f,-1.6350808395957237f,0.020537823050054305f,0.5868066099865075f,-0.8094666146917409f,-2.130898671453634f,-0.6036696399943636f,-0.6381144934895249f,-0.47790465466208026f,0.5923474511039113f,0f,0f,0f,1f], start_interpolation: 0, interpolation_duration: 1 }
$data merge entity $(bone_right_leg1) { transformation: [-1.0626266521729715f,0.7328081642098749f,0.3340577350351173f,-0.6244530732821598f,0.02738376406673907f,0.5856151163572196f,-1.1975319798390498f,-1.2265625f,-0.8048928533258182f,-0.947536230304177f,-0.4817679573235957f,-0.08992456719717541f,0f,0f,0f,1f], start_interpolation: 0, interpolation_duration: 1 }
$data merge entity $(bone_left_leg2) { transformation: [-0.9995138429174755f,0.02700108076087116f,-0.015589081245699795f,0.9560712799757043f,0f,0.5000000000000001f,0.8660254037844386f,-1.573117061317363f,0.031178162491399583f,0.8656043794007426f,-0.49975692145873785f,-1.5410694145901227f,0f,0f,0f,1f], start_interpolation: 0, interpolation_duration: 1 }
$data merge entity $(bone_left_leg1) { transformation: [-1.3326851238899673f,0.03600144101449488f,-0.02078544166093306f,0.6249392303646845f,0f,0.6666666666666667f,1.1547005383792515f,-1.125f,0.041570883321866106f,1.1541391725343235f,-0.6663425619449838f,-0.1288972703114249f,0f,0f,0f,1f], start_interpolation: 0, interpolation_duration: 1 }
$data merge entity $(bone_tail3) { transformation: [-0.9995138429174755f,0f,-0.031178162491399583f,-0.1147263956457737f,0f,1f,0f,-0.5625f,0.031178162491399583f,0f,-0.9995138429174755f,-3.795118214512491f,0f,0f,0f,1f], start_interpolation: 0, interpolation_duration: 1 }
$data merge entity $(bone_tail2) { transformation: [-1.5409171744977745f,0f,-0.048066333840907687f,-0.1812065713390839f,0f,1.5416666666666665f,0f,-0.75f,0.048066333840907687f,0f,-1.5409171744977745f,-1.9171324887307997f,0f,0f,0f,1f], start_interpolation: 0, interpolation_duration: 1 }
$data merge entity $(bone_tail1) { transformation: [-0.9995138429174755f,0f,-0.031178162491399583f,-0.023140543327287433f,0f,1f,0f,-0.75f,0.031178162491399583f,0f,-0.9995138429174755f,-0.8590463009424067f,0f,0f,0f,1f], start_interpolation: 0, interpolation_duration: 1 }
$data merge entity $(bone_body1) { transformation: [-1.3326851238899673f,0f,-0.041570883321866106f,0.5f,0f,1.3333333333333333f,0f,-1.1875f,0.041570883321866106f,0f,-1.3326851238899673f,-0.12499999999999994f,0f,0f,0f,1f], start_interpolation: 0, interpolation_duration: 1 }
data modify entity @s data merge value {"locators":{"hitbox_head":{"posx":0.08875203124237506,"posy":-0.5860082314793911,"posz":2.9482042542931257,"roty":359.19268591325556,"rotx":70.79029656532448},"hitbox_neck":{"posx":0.07105324257821799,"posy":-0.9687328322258135,"posz":2.109646023926019,"roty":358.9722585381935,"rotx":30.76802029346658},"hitbox_right_arm":{"posx":-0.5922776970657027,"posy":-2.562567097591227,"posz":3.4186112396162365,"roty":357.3147923846293,"rotx":0.4123189631851978},"hitbox_left_arm":{"posx":0.8114994459162505,"posy":-2.562567097591227,"posz":3.3748227596709737,"roty":359.1118742820374,"rotx":0.4123189631851977},"hitbox_tail1":{"posx":-0.07770232768723669,"posy":-1.5,"posz":-2.608195526047989,"roty":358.21333333333337,"rotx":0},"hitbox_tail2":{"posx":-0.13226411204718597,"posy":-1.875,"posz":-4.357344751153571,"roty":358.21333333333337,"rotx":0}},"cameras":{}}