# This file was generated by Animated Java via MC-Build. It is not recommended to edit this file directly.
$data merge entity $(bone_jaw) { transformation: [-0.9893991539939437f,0.14437367269314025f,-0.015670249173585286f,1.7266322135670398f,0.021749549410907107f,0.25400384886205546f,0.9669586350323807f,-0.5260325900340576f,0.14358367308468867f,0.9563672345894937f,-0.2544512555031969f,3.1781192723224385f,0f,0f,0f,1f], start_interpolation: 0, interpolation_duration: 1 }
$data merge entity $(bone_head) { transformation: [-1.1130740482431867f,0.16260440075764265f,-0.01584209524563625f,1.7231117479568985f,0.024468243087270497f,0.2737759982468626f,1.090904674050009f,-0.28360932913405557f,0.16153163222027475f,1.0789956031598003f,-0.27441031349800266f,3.1171392026562157f,0f,0f,0f,1f], start_interpolation: 0, interpolation_duration: 1 }
$data merge entity $(bone_neck) { transformation: [-0.9577085804886558f,0.1787330254839108f,-0.2254967415724036f,1.8288460960969932f,0.016092756227295696f,0.8157270094204617f,0.578213169427123f,-0.6885674545974065f,0.2872895717832662f,0.5501308496197224f,-0.7841050632672064f,1.7518950251390222f,0f,0f,0f,1f], start_interpolation: 0, interpolation_duration: 1 }
$data merge entity $(bone_right_arm2) { transformation: [-0.8619379958991091f,0.018885491659491382f,-0.5066618491955032f,1.175814548969535f,0.00945695955394165f,0.9997310341274523f,0.021176055309002295f,-1.611255662823911f,0.5069254946650668f,0.013460966058722823f,-0.8618847633247403f,3.0143970707352064f,0f,0f,0f,1f], start_interpolation: 0, interpolation_duration: 1 }
$data merge entity $(bone_right_arm1) { transformation: [-0.8723788333161467f,-0.310480714291565f,-0.6570600460988345f,0.6591616311367289f,-0.005626840748495336f,1.0294319061469523f,-0.47896690513467377f,-0.7097381430249898f,0.7267011192984322f,-0.36475016600968974f,-0.7924858399686106f,1.9128959704223423f,0f,0f,0f,1f], start_interpolation: 0, interpolation_duration: 1 }
$data merge entity $(bone_left_arm2) { transformation: [-0.8369911602541757f,0.037201993386421606f,-0.5459503726021674f,2.3220792529915117f,0.03000846289627069f,0.999305549359094f,0.022088711477196876f,-1.6319243924959983f,0.5463929811143f,0.002104924748381476f,-0.8375262858447083f,2.2609582939919846f,0f,0f,0f,1f], start_interpolation: 0, interpolation_duration: 1 }
$data merge entity $(bone_left_arm1) { transformation: [-1.0378958766976978f,-0.15415090585814553f,-0.4337979417902701f,1.5955604034757767f,0.050001733105602686f,1.0258004292786909f,-0.4841531915856116f,-0.7255317738021194f,0.4576494103184198f,-0.46167302764966783f,-0.930906031627487f,1.2895718970954735f,0f,0f,0f,1f], start_interpolation: 0, interpolation_duration: 1 }
$data merge entity $(bone_body2) { transformation: [-1.3178945684771786f,0.17088599705173244f,-0.8607533484305663f,1.0406271614540423f,0.022228072945589757f,1.5590254853668026f,0.27548120297830886f,-0.5f,0.8772709180155934f,0.2172140797298508f,-1.3000608541201588f,0.5630023781195417f,0f,0f,0f,1f], start_interpolation: 0, interpolation_duration: 1 }
$data merge entity $(bone_right_leg2) { transformation: [-0.9994351891019975f,0.018308912552600476f,0.028179540553310473f,-0.8087915490000246f,0.02070988850739164f,0.995956708240097f,0.08741473462501559f,-2.547223513062857f,-0.02646513371713538f,0.08794895697330196f,-0.9957733565750002f,1.7328742500057697f,0f,0f,0f,1f], start_interpolation: 0, interpolation_duration: 1 }
$data merge entity $(bone_right_leg1) { transformation: [-1.3325802521359966f,0.043620680992795105f,-0.01024136634761356f,-0.3845744861536964f,0.027613184676522184f,0.5594868623140148f,-1.2099544374511864f,-1.6682098765432098f,-0.03528684495618051f,-1.2094831395540497f,-0.5600742374768679f,0.5700920647266261f,0f,0f,0f,1f], start_interpolation: 0, interpolation_duration: 1 }
$data merge entity $(bone_left_leg2) { transformation: [-0.786288432136619f,0.5350821209086537f,-0.30892980654516716f,0.027423102716755077f,0f,0.5000000000000001f,0.8660254037844386f,-1.573117061317363f,0.6178596130903342f,0.6809457569321486f,-0.3931442160683096f,-1.5356468996564776f,0f,0f,0f,1f], start_interpolation: 0, interpolation_duration: 1 }
$data merge entity $(bone_left_leg1) { transformation: [-1.0483845761821586f,0.7134428278782049f,-0.41190640872688955f,0.5982860540170774f,0f,0.6666666666666667f,1.1547005383792515f,-1.125f,0.8238128174537789f,0.9079276759095315f,-0.5241922880910794f,-0.20223245163629172f,0f,0f,0f,1f], start_interpolation: 0, interpolation_duration: 1 }
$data merge entity $(bone_tail3) { transformation: [-0.786288432136619f,0f,-0.6178596130903342f,-2.1715015393389168f,0f,1f,0f,-0.5625f,0.6178596130903342f,0f,-0.786288432136619f,-2.7155087869586154f,0f,0f,0f,1f], start_interpolation: 0, interpolation_duration: 1 }
$data merge entity $(bone_tail2) { transformation: [-1.2121946662106209f,0f,-0.9525335701809319f,-1.1113008188116176f,0f,1.5416666666666665f,0f,-0.75f,0.9525335701809319f,0f,-1.2121946662106209f,-1.163985525066163f,0f,0f,0f,1f], start_interpolation: 0, interpolation_duration: 1 }
$data merge entity $(bone_tail1) { transformation: [-0.786288432136619f,0f,-0.6178596130903342f,-0.3565389258860602f,0f,1f,0f,-0.75f,0.6178596130903342f,0f,-0.786288432136619f,-0.40578651755729717f,0f,0f,0f,1f], start_interpolation: 0, interpolation_duration: 1 }
$data merge entity $(bone_body1) { transformation: [-1.0483845761821586f,0f,-0.8238128174537789f,0.5f,0f,1.3333333333333333f,0f,-1.1875f,0.8238128174537789f,0f,-1.0483845761821586f,-0.12499999999999994f,0f,0f,0f,1f], start_interpolation: 0, interpolation_duration: 1 }
data modify entity @s data merge value {"locators":{"hitbox_head":{"posx":1.637176551770885,"posy":-0.7387361820628706,"posz":2.5939222879835495,"roty":356.69590117229586,"rotx":75.85796904715353},"hitbox_neck":{"posx":1.3111540139927491,"posy":-1.0586953511948223,"posz":1.7872538753316602,"roty":343.955566098571,"rotx":35.32496438599265},"hitbox_right_arm":{"posx":1.356388857164101,"posy":-2.620983664633743,"posz":3.46356132975542,"roty":329.550715742527,"rotx":1.213389293212758},"hitbox_left_arm":{"posx":2.61016439342206,"posy":-2.644149826524708,"posz":2.6434669508463133,"roty":326.90125517699,"rotx":1.2656928810409451},"hitbox_tail1":{"posx":-1.437793248794145,"posy":-1.5,"posz":-1.7817912737963804,"roty":321.84000000000003,"rotx":0},"hitbox_tail2":{"posx":-2.5190475717022296,"posy":-1.875,"posz":-3.1577960300354637,"roty":321.84000000000003,"rotx":0}},"cameras":{}}