# This file was generated by Animated Java via MC-Build. It is not recommended to edit this file directly.
$data merge entity $(bone_jaw) { transformation: [-0.9979731901425695f,0.05713773399806934f,0.028014123406395936f,1.6836165479452727f,0.042374912770829255f,0.2682614275600662f,0.9624137224972947f,-0.49576600165986445f,0.04747503053529846f,0.9616501889133081f,-0.27013891914841004f,3.11112162089943f,0f,0f,0f,1f], start_interpolation: 0, interpolation_duration: 1 }
$data merge entity $(bone_head) { transformation: [-1.1227198389103907f,0.06378895932792762f,0.032498184332151375f,1.6908383666857507f,0.047671776867182915f,0.2851506037116988f,1.0872173356294403f,-0.2541621492977666f,0.053409409352210765f,1.0863908605427024f,-0.2872757092445065f,3.0472825744006506f,0f,0f,0f,1f], start_interpolation: 0, interpolation_duration: 1 }
$data merge entity $(bone_neck) { transformation: [-0.9749063628384238f,0.15533331167523354f,-0.15946518736439058f,1.8836844397164596f,0.037584348297877636f,0.8208915986547503f,0.5698459441121541f,-0.6821518174262524f,0.21941969022897473f,0.5495530416093184f,-0.8061305440173865f,1.698691555562136f,0f,0f,0f,1f], start_interpolation: 0, interpolation_duration: 1 }
$data merge entity $(bone_right_arm2) { transformation: [-0.9178009119005864f,0.05246615351801634f,-0.3935591300547805f,1.0581463745790523f,0.050760027524797476f,0.9986019435454099f,0.014750523821609463f,-1.5623704180021911f,0.3937828154200401f,-0.0064390280597314f,-0.9191809578083701f,3.021370401535104f,0f,0f,0f,1f], start_interpolation: 0, interpolation_duration: 1 }
$data merge entity $(bone_right_arm1) { transformation: [-0.9549607642983453f,-0.22888282478430788f,-0.5699417497551131f,0.7112971224899705f,0.04267389546244232f,1.0263563342265043f,-0.48367615279610066f,-0.6805533981478457f,0.6126988528153328f,-0.42822463107151154f,-0.8546313755338539f,1.8402425126846007f,0f,0f,0f,1f], start_interpolation: 0, interpolation_duration: 1 }
$data merge entity $(bone_left_arm2) { transformation: [-0.8442555775666136f,0.057382519177568383f,-0.5328599874643427f,2.3518752128266387f,0.053348782317707705f,0.9983114664916797f,0.02298093332416462f,-1.625186118346901f,0.5332789393674584f,-0.009025650340439173f,-0.8458913112587519f,2.2314488908456576f,0f,0f,0f,1f], start_interpolation: 0, interpolation_duration: 1 }
$data merge entity $(bone_left_arm1) { transformation: [-1.0443205512420017f,-0.1285560177097832f,-0.4266602202088302f,1.6574967788589732f,0.0754510338718042f,1.0204286556632671f,-0.4921417551207957f,-0.7228357899821921f,0.4391727845458111f,-0.4810090601603085f,-0.9300153527240395f,1.233164750262069f,0f,0f,0f,1f], start_interpolation: 0, interpolation_duration: 1 }
$data merge entity $(bone_body2) { transformation: [-1.3316884052600781f,0.19441402969708182f,-0.8341184692819461f,1.118718433538229f,0.05950855147056178f,1.5592789383462753f,0.2684257237599132f,-0.5f,0.8544057397057853f,0.19441404766914325f,-1.3187639874030361f,0.49371843353822914f,0f,0f,0f,1f], start_interpolation: 0, interpolation_duration: 1 }
$data merge entity $(bone_right_leg2) { transformation: [-0.996264279678777f,0.02881887670728395f,-0.08140612619120234f,-0.5876517898501987f,0.020821337972487253f,0.9950239330148726f,0.09743636186070215f,-2.539392609239224f,0.08380905035354508f,0.09537738239721505f,-0.9919068494601156f,1.8859856360285212f,0f,0f,0f,1f], start_interpolation: 0, interpolation_duration: 1 }
$data merge entity $(bone_right_leg1) { transformation: [-1.328352372905036f,-0.09090384935861547f,-0.07066994656234067f,-0.29549512883486606f,0.027761783963316335f,0.5413503434865088f,-1.2181735782457237f,-1.6780478395061729f,0.11174540047139343f,-1.2150942652965666f,-0.5374352702369494f,0.670495128834866f,0f,0f,0f,1f], start_interpolation: 0, interpolation_duration: 1 }
$data merge entity $(bone_left_leg2) { transformation: [-0.7071067811865476f,0.6123724356957945f,-0.3535533905932738f,-0.13721742027982875f,0f,0.5000000000000001f,0.8660254037844386f,-1.573117061317363f,0.7071067811865475f,0.6123724356957946f,-0.35355339059327384f,-1.4693242014663763f,0f,0f,0f,1f], start_interpolation: 0, interpolation_duration: 1 }
$data merge entity $(bone_left_leg1) { transformation: [-0.9428090415820634f,0.8164965809277259f,-0.4714045207910317f,0.5883883476483185f,0f,0.6666666666666667f,1.1547005383792515f,-1.125f,0.9428090415820632f,0.816496580927726f,-0.4714045207910318f,-0.21338834764831838f,0f,0f,0f,1f], start_interpolation: 0, interpolation_duration: 1 }
$data merge entity $(bone_tail3) { transformation: [-0.7071067811865476f,0f,-0.7071067811865475f,-2.4610096462186677f,0f,1f,0f,-0.5625f,0.7071067811865475f,0f,-0.7071067811865476f,-2.3789028650321207f,0f,0f,0f,1f], start_interpolation: 0, interpolation_duration: 1 }
$data merge entity $(bone_tail2) { transformation: [-1.0901229543292608f,0f,-1.0901229543292605f,-1.2235727791422097f,0f,1.5416666666666665f,0f,-0.75f,1.0901229543292605f,0f,-1.0901229543292608f,-0.9646893026590253f,0f,0f,0f,1f], start_interpolation: 0, interpolation_duration: 1 }
$data merge entity $(bone_tail1) { transformation: [-0.7071067811865476f,0f,-0.7071067811865475f,-0.38388347648318444f,0f,1f,0f,-0.75f,0.7071067811865475f,0f,-0.7071067811865476f,-0.3017766952966369f,0f,0f,0f,1f], start_interpolation: 0, interpolation_duration: 1 }
$data merge entity $(bone_body1) { transformation: [-0.9428090415820634f,0f,-0.9428090415820632f,0.5f,0f,1.3333333333333333f,0f,-1.1875f,0.9428090415820632f,0f,-0.9428090415820634f,-0.12499999999999994f,0f,0f,0f,1f], start_interpolation: 0, interpolation_duration: 1 }
data modify entity @s data merge value {"locators":{"hitbox_head":{"posx":1.6463727825224155,"posy":-0.7145839668124438,"posz":2.5235309044448457,"roty":6.454170155208885,"rotx":75.108766281201},"hitbox_neck":{"posx":1.357914414839584,"posy":-1.0424247357868643,"posz":1.7030853280753022,"roty":348.8104617729302,"rotx":34.739483667308605},"hitbox_right_arm":{"posx":1.1450972290946395,"posy":-2.565175121738106,"posz":3.512011334462773,"roty":336.821190128064,"rotx":0.8451734109917948},"hitbox_left_arm":{"posx":2.613688660979155,"posy":-2.6383223503955198,"posz":2.6300902631050067,"roty":327.7915713988198,"rotx":1.3168264138791734},"hitbox_tail1":{"posx":-1.6213203435596426,"posy":-1.5,"posz":-1.5392135623730951,"roty":315,"rotx":0},"hitbox_tail2":{"posx":-2.8587572106361008,"posy":-1.875,"posz":-2.7766504294495538,"roty":315,"rotx":0}},"cameras":{}}