# This file was generated by Animated Java via MC-Build. It is not recommended to edit this file directly.
$data merge entity $(bone_jaw) { transformation: [-0.9979382241406377f,0.05731528468549346f,0.028883540995713563f,1.7092012405578154f,0.04329019009117832f,0.2688444336014131f,0.9622102836508271f,-0.4953424924990205f,0.047384177115360665f,0.9614767956965764f,-0.2707713262074549f,3.0945513774168356f,0f,0f,0f,1f], start_interpolation: 0, interpolation_duration: 1 }
$data merge entity $(bone_head) { transformation: [-1.1226805021582174f,0.06392622816839708f,0.033569739735879234f,1.716661182721344f,0.04870146385257561f,0.28427114664906683f,1.0874019875839114f,-0.2536976063692624f,0.05330719925478075f,1.086613248830966f,-0.28645242183061465f,3.030895283676699f,0f,0f,0f,1f], start_interpolation: 0, interpolation_duration: 1 }
$data merge entity $(bone_neck) { transformation: [-0.9741589900483829f,0.15777669338406783f,-0.16161923503316145f,1.90478731256052f,0.038388237859803324f,0.8208098986207389f,0.5699100398485988f,-0.6819503352067127f,0.2225771895364248f,0.5489787112001722f,-0.8056561110964556f,1.6817212179924337f,0f,0f,0f,1f], start_interpolation: 0, interpolation_duration: 1 }
$data merge entity $(bone_right_arm2) { transformation: [-0.9153130653407358f,0.05393885059933176f,-0.39911476145661307f,1.0880640363317293f,0.052067383239672554f,0.9985226970060197f,0.015537411830727543f,-1.5599782405658005f,0.3993632181600095f,-0.0065592651911273725f,-0.9167693254145415f,3.014890656883037f,0f,0f,0f,1f], start_interpolation: 0, interpolation_duration: 1 }
$data merge entity $(bone_right_arm1) { transformation: [-0.950733802391757f,-0.23099301861686058f,-0.576123657980148f,0.7338689198118992f,0.044267298673747735f,1.0259482181657644f,-0.4843982523245373f,-0.6795087738203469f,0.6191257143765595f,-0.4280694872765491f,-0.8500652156187497f,1.8349380783602898f,0f,0f,0f,1f], start_interpolation: 0, interpolation_duration: 1 }
$data merge entity $(bone_left_arm2) { transformation: [-0.8385876173518689f,0.05869527929820911f,-0.5415954876217308f,2.3777062869727494f,0.054256339004668426f,0.9982343561616123f,0.024174777277609416f,-1.6244174959621005f,0.5420581681903943f,-0.00911231950256075f,-0.8402915612639208f,2.2108157652598734f,0f,0f,0f,1f], start_interpolation: 0, interpolation_duration: 1 }
$data merge entity $(bone_left_arm1) { transformation: [-1.0399049332389851f,-0.13280744279620982f,-0.43604004392669854f,1.673949143040143f,0.07640778977601487f,1.0199960818817824f,-0.4928903017424878f,-0.7227571281145697f,0.44936687286804994f,-0.4807714457288285f,-0.9252563090760559f,1.218493633380877f,0f,0f,0f,1f], start_interpolation: 0, interpolation_duration: 1 }
$data merge entity $(bone_body2) { transformation: [-1.3230758697286396f,0.1973435499929955f,-0.847036133032358f,1.127977788491945f,0.06086805419186929f,1.5592647549945304f,0.2682031846477357f,-0.5f,0.8675884781191738f,0.1915551919224687f,-1.310549993524416f,0.48431838734832705f,0f,0f,0f,1f], start_interpolation: 0, interpolation_duration: 1 }
$data merge entity $(bone_right_leg2) { transformation: [-0.9951917971153099f,0.030110392607863547f,-0.09320220604363534f,-0.5605025112071575f,0.020858949307695385f,0.9948995496215247f,0.0986903764136417f,-2.535677754977479f,0.09569843879697798f,0.09627175296984891f,-0.9907439418900998f,1.9057858510845942f,0f,0f,0f,1f], start_interpolation: 0, interpolation_duration: 1 }
$data merge entity $(bone_right_leg1) { transformation: [-1.3269223961537464f,-0.10578671188376527f,-0.0765761317395891f,-0.2834093551621346f,0.02781193241026051f,0.5349810132051527f,-1.2209830423488168f,-1.6805555555555556f,0.12759791839597062f,-1.2167096058125733f,-0.5302021162935939f,0.6824000137753581f,0f,0f,0f,1f], start_interpolation: 0, interpolation_duration: 1 }
$data merge entity $(bone_left_leg2) { transformation: [-0.6963638712552308f,0.6218252191862574f,-0.35834446499756517f,-0.15767446226436876f,0f,0.49930333941562866f,0.8664272475219149f,-1.571990035559368f,0.7176889011336516f,0.6033486322453747f,-0.34769680636613165f,-1.4598133614089681f,0f,0f,0f,1f], start_interpolation: 0, interpolation_duration: 1 }
$data merge entity $(bone_left_leg1) { transformation: [-0.928485161673641f,0.8291002922483433f,-0.47779261999675354f,0.5870454839069038f,0f,0.6657377858875049f,1.1552363300292199f,-1.125f,0.9569185348448688f,0.8044648429938329f,-0.46359574182150887f,-0.2147111126417064f,0f,0f,0f,1f], start_interpolation: 0, interpolation_duration: 1 }
$data merge entity $(bone_tail3) { transformation: [-0.6963638712552308f,0f,-0.7176889011336516f,-2.4946597585579555f,0f,1f,0f,-0.5625f,0.7176889011336516f,0f,-0.6963638712552308f,-2.3339973246868375f,0f,0f,0f,1f], start_interpolation: 0, interpolation_duration: 1 }
$data merge entity $(bone_tail2) { transformation: [-1.0735609681851475f,0f,-1.1064370559143795f,-1.2360385528392626f,0f,1.5416666666666665f,0f,-0.75f,1.1064370559143795f,0f,-1.0735609681851475f,-0.9386039534415735f,0f,0f,0f,1f], start_interpolation: 0, interpolation_duration: 1 }
$data merge entity $(bone_tail1) { transformation: [-0.6963638712552308f,0f,-0.7176889011336516f,-0.38644861147785403f,0f,1f,0f,-0.75f,0.7176889011336516f,0f,-0.6963638712552308f,-0.28842845287459723f,0f,0f,0f,1f], start_interpolation: 0, interpolation_duration: 1 }
$data merge entity $(bone_body1) { transformation: [-0.928485161673641f,0f,-0.9569185348448688f,0.5f,0f,1.3333333333333333f,0f,-1.1875f,0.9569185348448688f,0f,-0.928485161673641f,-0.12499999999999994f,0f,0f,0f,1f], start_interpolation: 0, interpolation_duration: 1 }
data modify entity @s data merge value {"locators":{"hitbox_head":{"posx":1.6718216838122681,"posy":-0.7136821288364972,"posz":2.5067913737235554,"roty":6.6840804674830565,"rotx":75.1454048826028},"hitbox_neck":{"posx":1.3787439618964483,"posy":-1.041798683240663,"posz":1.6878498099476384,"roty":348.65670029427974,"rotx":34.74395279734805},"hitbox_right_arm":{"posx":1.176475499876908,"posy":-2.5630154320347045,"posz":3.504794785916436,"roty":336.4741394123671,"rotx":0.890263944850591},"hitbox_left_arm":{"posx":2.6422204775698974,"posy":-2.6381302619503093,"posz":2.606195229882495,"roty":327.19689126921423,"rotx":1.3852476587308884},"hitbox_tail1":{"posx":-1.6424041884617442,"posy":-1.5,"posz":-1.507065227571251,"roty":314.136,"rotx":0},"hitbox_tail2":{"posx":-2.8983597654456346,"posy":-1.875,"posz":-2.725702002267905,"roty":314.136,"rotx":0}},"cameras":{}}