# This file was generated by Animated Java via MC-Build. It is not recommended to edit this file directly.
$data merge entity $(bone_jaw) { transformation: [-0.9978612460153147f,0.05604786916437789f,0.03363881779873141f,1.7670051755288287f,0.047164129496925576f,0.26101465010393027f,0.9641819835072215f,-0.5022045534264734f,0.045260121404617354f,0.9637063810068167f,-0.2630998529402546f,3.052396367280613f,0f,0f,0f,1f], start_interpolation: 0, interpolation_duration: 1 }
$data merge entity $(bone_head) { transformation: [-1.122593901767229f,0.062258055087898286f,0.03913906350056156f,1.7757027451956202f,0.05305964568404127f,0.27115517441781867f,1.0905432340748011f,-0.259861612520962f,0.05091763658019452f,1.090056790246781f,-0.27351158718045676f,2.991616014573845f,0f,0f,0f,1f], start_interpolation: 0, interpolation_duration: 1 }
$data merge entity $(bone_neck) { transformation: [-0.9726524730029659f,0.16418352237039957f,-0.1642891893682084f,1.9540990228168842f,0.041148050595479796f,0.8179514627310537f,0.5738137699187094f,-0.6832853789114951f,0.22859134868451686f,0.5513612024781742f,-0.8023383449071939f,1.639599157361431f,0f,0f,0f,1f], start_interpolation: 0, interpolation_duration: 1 }
$data merge entity $(bone_right_arm2) { transformation: [-0.9092670441888504f,0.055872624318259095f,-0.41244598701388974f,1.160862030900001f,0.05482061672426265f,0.9983924824484752f,0.014392740265254722f,-1.5505276535831798f,0.41258713302045985f,-0.009523698974782668f,-0.9108683531794235f,2.9992276202514336f,0f,0f,0f,1f], start_interpolation: 0, interpolation_duration: 1 }
$data merge entity $(bone_right_arm1) { transformation: [-0.9402937948100615f,-0.23815062204625187f,-0.5901718966581867f,0.7870133179370082f,0.04834344402147628f,1.0231513224111093f,-0.489893141218557f,-0.6777403509893198f,0.6345719012107931f,-0.4308325192134709f,-0.8371814913902109f,1.8196309882424881f,0f,0f,0f,1f], start_interpolation: 0, interpolation_duration: 1 }
$data merge entity $(bone_left_arm2) { transformation: [-0.8256583759172604f,0.061398059758557555f,-0.5608195115503347f,2.437446170979236f,0.057892728539978455f,0.9980335100653973f,0.024032161133343666f,-1.619346066834865f,0.5611921936911344f,-0.012625016610968376f,-0.8275892282380823f,2.1643975889921814f,0f,0f,0f,1f], start_interpolation: 0, interpolation_duration: 1 }
$data merge entity $(bone_left_arm1) { transformation: [-1.0299181492765968f,-0.14293911924868796f,-0.4560789634740051f,1.7125921793010992f,0.0796558212633618f,1.0169656922603374f,-0.498604791241276f,-0.7237549141671661f,0.47126909815303275f,-0.48427285273728315f,-0.9124452028325672f,1.181813278099923f,0f,0f,0f,1f], start_interpolation: 0, interpolation_duration: 1 }
$data merge entity $(bone_body2) { transformation: [-1.3026665456235353f,0.20568308952219838f,-0.8761842169557118f,1.1504969144154276f,0.06476123706511693f,1.558857303926393f,0.26965595230511313f,-0.5f,0.8976693698302768f,0.18601832470051194f,-1.2909420319241964f,0.4602168524026012f,0f,0f,0f,1f], start_interpolation: 0, interpolation_duration: 1 }
$data merge entity $(bone_right_leg2) { transformation: [-0.9920638643967317f,0.032762209282589674f,-0.1213916249217667f,-0.49267364456134893f,0.020965610388917588f,0.9950429621859648f,0.097210835739646f,-2.52242767427334f,0.12397472379176017f,0.09389430785252167f,-0.9878330460222782f,1.9551217223463744f,0f,0f,0f,1f], start_interpolation: 0, interpolation_duration: 1 }
$data merge entity $(bone_right_leg1) { transformation: [-1.3227518191956422f,-0.14169965814472746f,-0.08959134709370083f,-0.2524216673747728f,0.02795414718522345f,0.5161408293386358f,-1.2290626459715344f,-1.6857638888888888f,0.16529963172234688f,-1.2211869754255773f,-0.5090738459017158f,0.7113531756769784f,0f,0f,0f,1f], start_interpolation: 0, interpolation_duration: 1 }
$data merge entity $(bone_left_leg2) { transformation: [-0.668819259888687f,0.6479693614424554f,-0.3644399871498812f,-0.21093382311352415f,0f,0.4902175270773016f,0.8716001239939191f,-1.5573126564255213f,0.743425045046203f,0.5829429498485007f,-0.3278669236443032f,-1.4371514265691658f,0f,0f,0f,1f], start_interpolation: 0, interpolation_duration: 1 }
$data merge entity $(bone_left_leg1) { transformation: [-0.8917590131849159f,0.8639591485899405f,-0.4859199828665082f,0.5836024074860858f,0f,0.6536233694364021f,1.1621334986585588f,-1.125f,0.9912333933949373f,0.7772572664646675f,-0.43715589819240425f,-0.21792813063077532f,0f,0f,0f,1f], start_interpolation: 0, interpolation_duration: 1 }
$data merge entity $(bone_tail3) { transformation: [-0.668819259888687f,0f,-0.743425045046203f,-2.575789483552217f,0f,1f,0f,-0.5625f,0.743425045046203f,0f,-0.668819259888687f,-2.219558498316432f,0f,0f,0f,1f], start_interpolation: 0, interpolation_duration: 1 }
$data merge entity $(bone_tail2) { transformation: [-1.031096358995059f,0f,-1.1461136111128962f,-1.2654699315766722f,0f,1.5416666666666665f,0f,-0.75f,1.1461136111128962f,0f,-1.031096358995059f,-0.8725942553943682f,0f,0f,0f,1f], start_interpolation: 0, interpolation_duration: 1 }
$data merge entity $(bone_tail1) { transformation: [-0.668819259888687f,0f,-0.743425045046203f,-0.39197841372899567f,0f,1f,0f,-0.75f,0.743425045046203f,0f,-0.668819259888687f,-0.25490192239341364f,0f,0f,0f,1f], start_interpolation: 0, interpolation_duration: 1 }
$data merge entity $(bone_body1) { transformation: [-0.8917590131849159f,0f,-0.9912333933949373f,0.5f,0f,1.3333333333333333f,0f,-1.1875f,0.9912333933949373f,0f,-0.8917590131849159f,-0.12499999999999994f,0f,0f,0f,1f], start_interpolation: 0, interpolation_duration: 1 }
data modify entity @s data merge value {"locators":{"hitbox_head":{"posx":1.7302429747299652,"posy":-0.713432052218306,"posz":2.462004349764649,"roty":8.143647013844003,"rotx":75.78282282957936},"hitbox_neck":{"posx":1.4267401140975275,"posy":-1.041169873377739,"posz":1.6474266738877734,"roty":348.42790701089984,"rotx":35.016602035818615},"hitbox_right_arm":{"posx":1.2543832098268837,"posy":-2.5526902176190163,"posz":3.4899721916297066,"roty":335.63873197095535,"rotx":0.8246717464240599},"hitbox_left_arm":{"posx":2.708061515490675,"posy":-2.633013953000683,"posz":2.555742707616495,"roty":325.87629564360714,"rotx":1.3770739808617751},"hitbox_tail1":{"posx":-1.6929722425598508,"posy":-1.5,"posz":-1.4253356271986157,"roty":311.976,"rotx":0},"hitbox_tail2":{"posx":-2.993966071390706,"posy":-1.875,"posz":-2.595769332003818,"roty":311.976,"rotx":0}},"cameras":{}}