# This file was generated by Animated Java via MC-Build. It is not recommended to edit this file directly.
$data merge entity $(bone_jaw) { transformation: [-0.9977875906780419f,0.05071309424028772f,0.042989602946339904f,1.8040500844130998f,0.05381001320446447f,0.23628551852302357f,0.9701925768708196f,-0.5228826092605057f,0.039043646958802414f,0.9703593848718532f,-0.2384916305099088f,3.0159284374190922f,0f,0f,0f,1f], start_interpolation: 0, interpolation_duration: 1 }
$data merge entity $(bone_head) { transformation: [-1.122511039512797f,0.055849102749017665f,0.04974780290655241f,1.8151051517256669f,0.06053626485502253f,0.23897616931066107f,1.0976569369065203f,-0.2789588455035011f,0.043924102828652715f,1.097905400398291f,-0.24145269716233458f,2.962272282494129f,0f,0f,0f,1f], start_interpolation: 0, interpolation_duration: 1 }
$data merge entity $(bone_neck) { transformation: [-0.9722667635961129f,0.16996926714842936f,-0.1606480271630069f,1.990119665108574f,0.045141690077314195f,0.8103665428153786f,0.584181730373704f,-0.6878964863548634f,0.22947672697531657f,0.5607285568886937f,-0.7955651558899616f,1.6053631381516396f,0f,0f,0f,1f], start_interpolation: 0, interpolation_duration: 1 }
$data merge entity $(bone_right_arm2) { transformation: [-0.9047683422088708f,0.05405729754408731f,-0.42245953122026003f,1.2184266979857141f,0.056336906315611196f,0.9983865906330341f,0.007097086087428484f,-1.5354004659805924f,0.4221615803497494f,-0.01737884421865654f,-0.9063540013980331f,2.9878887819324813f,0f,0f,0f,1f], start_interpolation: 0, interpolation_duration: 1 }
$data merge entity $(bone_right_arm1) { transformation: [-0.9321504528902042f,-0.24761678200185858f,-0.5991264218777831f,0.8259721586328541f,0.05222036278037022f,1.017238126130693f,-0.5016678536657962f,-0.6776452855483568f,0.6461730215910579f,-0.43941271142469723f,-0.8237401909283788f,1.8033195627717782f,0f,0f,0f,1f], start_interpolation: 0, interpolation_duration: 1 }
$data merge entity $(bone_left_arm2) { transformation: [-0.8177976349698884f,0.06237229276280118f,-0.5721160068842408f,2.47970815288153f,0.06383248336430825f,0.9978065211820744f,0.017537398725927633f,-1.6087504553503493f,0.5719549303093754f,-0.02217754229030522f,-0.8199851915204076f,2.136298269855458f,0f,0f,0f,1f], start_interpolation: 0, interpolation_duration: 1 }
$data merge entity $(bone_left_arm1) { transformation: [-1.0241726968828448f,-0.15046637200288548f,-0.4664774000961394f,1.741437949347639f,0.0842563597600103f,1.0104607337803282f,-0.5109216948540716f,-0.7268705343526161f,0.48284796752617276f,-0.49547954885025747f,-0.9002937653185397f,1.1513040254483855f,0f,0f,0f,1f], start_interpolation: 0, interpolation_duration: 1 }
$data merge entity $(bone_body2) { transformation: [-1.2884333350800676f,0.21507933367814425f,-0.8947764333750998f,1.1692668768991488f,0.06927997979858705f,1.5577840438397026f,0.274688189775199f,-0.5f,0.9176514969736639f,0.1843751540404342f,-1.2770536312618217f,0.4386549010570739f,0f,0f,0f,1f], start_interpolation: 0, interpolation_duration: 1 }
$data merge entity $(bone_right_leg2) { transformation: [-0.9890376509851879f,0.03330511289009247f,-0.14385859164151327f,-0.4346204041267088f,0.021077080641634494f,0.9960977570943141f,0.08570306285835122f,-2.503195851218635f,0.1461515706563824f,0.0817314368346394f,-0.9858801603783381f,1.998397744865482f,0f,0f,0f,1f], start_interpolation: 0, interpolation_duration: 1 }
$data merge entity $(bone_right_leg1) { transformation: [-1.3187168679802506f,-0.17065013405385093f,-0.09819435640370913f,-0.2246991585019521f,0.02810277418884599f,0.49502946124938685f,-1.2377131510797685f,-1.687307098765432f,0.19486876087517652f,-1.2262145579058839f,-0.4860059688855979f,0.7354859845846198f,0f,0f,0f,1f], start_interpolation: 0, interpolation_duration: 1 }
$data merge entity $(bone_left_leg2) { transformation: [-0.644177029779513f,0.6759025248427252f,-0.3580387286533032f,-0.2614084672758181f,0f,0.46810009337851755f,0.8836754509315188f,-1.5217453058155193f,0.7648764307418843f,0.5692434272701375f,-0.3015393277920861f,-1.4199566820067917f,0f,0f,0f,1f], start_interpolation: 0, interpolation_duration: 1 }
$data merge entity $(bone_left_leg1) { transformation: [-0.858902706372684f,0.9012033664569669f,-0.4773849715377376f,0.5805221287224391f,0f,0.6241334578380233f,1.1782339345753583f,-1.125f,1.0198352409891789f,0.7589912363601834f,-0.40205243705611476f,-0.22060955384273548f,0f,0f,0f,1f], start_interpolation: 0, interpolation_duration: 1 }
$data merge entity $(bone_tail3) { transformation: [-0.644177029779513f,0f,-0.7648764307418843f,-2.6425703532504548f,0f,1f,0f,-0.5625f,0.7648764307418843f,0f,-0.644177029779513f,-2.1179645819410116f,0f,0f,0f,1f], start_interpolation: 0, interpolation_duration: 1 }
$data merge entity $(bone_tail2) { transformation: [-0.9931062542434157f,0f,-1.1791844973937382f,-1.288949174331861f,0f,1.5416666666666665f,0f,-0.75f,1.1791844973937382f,0f,-0.9931062542434157f,-0.8145230972616895f,0f,0f,0f,1f], start_interpolation: 0, interpolation_duration: 1 }
$data merge entity $(bone_tail1) { transformation: [-0.644177029779513f,0f,-0.7648764307418843f,-0.3957458379461698f,0f,1f,0f,-0.75f,0.7648764307418843f,0f,-0.644177029779513f,-0.2256945569636925f,0f,0f,0f,1f], start_interpolation: 0, interpolation_duration: 1 }
$data merge entity $(bone_body1) { transformation: [-0.858902706372684f,0f,-1.0198352409891789f,0.5f,0f,1.3333333333333333f,0f,-1.1875f,1.0198352409891789f,0f,-0.858902706372684f,-0.12499999999999994f,0f,0f,0f,1f], start_interpolation: 0, interpolation_duration: 1 }
data modify entity @s data merge value {"locators":{"hitbox_head":{"posx":1.7702590382799481,"posy":-0.7166280887056795,"posz":2.4193950314846155,"roty":11.642046084814808,"rotx":77.3418999917548},"hitbox_neck":{"posx":1.4603288115252324,"posy":-1.0422358111686862,"posz":1.6092739372922829,"roty":348.5838101291803,"rotx":35.74520402734737},"hitbox_right_arm":{"posx":1.3190511446637023,"posy":-2.533814543012615,"posz":3.4848297256220135,"roty":335.0093617783203,"rotx":0.40663649331995844},"hitbox_left_arm":{"posx":2.7545062157464675,"posy":-2.619315206105657,"posz":2.532721224761631,"roty":325.09593867174397,"rotx":1.0048704448414365},"hitbox_tail1":{"posx":-1.7342795917444673,"posy":-1.5,"posz":-1.3530043590778402,"roty":310.104,"rotx":0},"hitbox_tail2":{"posx":-3.0728133455427646,"posy":-1.875,"posz":-2.4803141611919877,"roty":310.104,"rotx":0}},"cameras":{}}