# This file was generated by Animated Java via MC-Build. It is not recommended to edit this file directly.
$data merge entity $(bone_jaw) { transformation: [-0.9977712402065453f,0.048838146555680695f,0.045468534809229286f,1.8068417600326279f,0.05549505863495503f,0.2289776883034291f,0.9718485050285979f,-0.5288099867067286f,0.03705199972734455f,0.9722057671605446f,-0.23117762784487028f,3.010576902030531f,0f,0f,0f,1f], start_interpolation: 0, interpolation_duration: 1 }
$data merge entity $(bone_head) { transformation: [-1.1224926452323634f,0.05364010611696375f,0.05251666797324432f,1.8185121306933487f,0.06243194096432441f,0.2300430701337122f,1.0994577930193061f,-0.2844860327024384f,0.04168349969326261f,1.0999217812641118f,-0.2325071202223815f,2.958908653092224f,0f,0f,0f,1f], start_interpolation: 0, interpolation_duration: 1 }
$data merge entity $(bone_neck) { transformation: [-0.9724310778163365f,0.1707913972192089f,-0.1587705814465269f,1.9942607126308043f,0.0460951153619417f,0.8082131983218812f,0.5870831852455706f,-0.689255025588382f,0.22858923692231692f,0.5635793863283379f,-0.793804280707182f,1.600844958582621f,0f,0f,0f,1f], start_interpolation: 0, interpolation_duration: 1 }
$data merge entity $(bone_right_arm2) { transformation: [-0.9043085403940736f,0.05309547401691522f,-0.4235645575461422f,1.2257378099248672f,0.05643187954069109f,0.998395525383226f,0.004670959886055703f,-1.5316705876275487f,0.42313296579425824f,-0.01967855517235173f,-0.9058538776891576f,2.9867722656482636f,0f,0f,0f,1f], start_interpolation: 0, interpolation_duration: 1 }
$data merge entity $(bone_right_arm1) { transformation: [-0.9312266441264984f,-0.24958046959449254f,-0.5997478915430521f,0.8303827577509906f,0.05291952659111813f,1.0156416113311735f,-0.5048194211620962f,-0.6778616386982279f,0.6474468842451214f,-0.44198723225230674f,-0.8213591331151516f,1.8003181319166643f,0f,0f,0f,1f], start_interpolation: 0, interpolation_duration: 1 }
$data merge entity $(bone_left_arm2) { transformation: [-0.8174124310662437f,0.062248523082640866f,-0.5726797001050439f,2.484148047716861f,0.06532146481364763f,0.9977482577055568f,0.015215797058493408f,-1.60589910626141f,0.5723373338975647f,-0.024970695215708327f,-0.8196379936334525f,2.1347419301477757f,0f,0f,0f,1f], start_interpolation: 0, interpolation_duration: 1 }
$data merge entity $(bone_left_arm1) { transformation: [-1.0239964122221579f,-0.15124076222153485f,-0.46661395879596373f,1.7449485093029917f,0.08534616803374825f,1.0086874134942676f,-0.5142341299492321f,-0.727774825851861f,0.4830304196451269f,-0.4988456080245045f,-0.8983349486670095f,1.1470929335078086f,0f,0f,0f,1f], start_interpolation: 0, interpolation_duration: 1 }
$data merge entity $(bone_body2) { transformation: [-1.2871666132954094f,0.21695997211722892f,-0.896144477504025f,1.1720916486291015f,0.0702481893273354f,1.5574784329360647f,0.27617126439891637f,-0.5f,0.9193539829457973f,0.18475320263085182f,-1.2757738642109684f,0.43528369228723457f,0f,0f,0f,1f], start_interpolation: 0, interpolation_duration: 1 }
$data merge entity $(bone_right_leg2) { transformation: [-0.9885777881955968f,0.03297404165608853f,-0.14706008725403505f,-0.42589992531457765f,0.021096998321910476f,0.9964415266009434f,0.08160392592876176f,-2.4987205076662082f,0.14922758909835393f,0.07756930218871427f,-0.9857556137348894f,2.0052582683571405f,0f,0f,0f,1f], start_interpolation: 0, interpolation_duration: 1 }
$data merge entity $(bone_right_leg1) { transformation: [-1.318103717594129f,-0.17477126418922567f,-0.09917344733351918f,-0.22036474722644428f,0.028129331095880634f,0.49108048115472513f,-1.2392846644491007f,-1.6867283950617284f,0.19897011879780524f,-1.2272215545777874f,-0.4817841068186493f,0.7391178339517019f,0f,0f,0f,1f], start_interpolation: 0, interpolation_duration: 1 }
$data merge entity $(bone_left_leg2) { transformation: [-0.6403242197568394f,0.6812449110590519f,-0.3548101812926728f,-0.27000563142292777f,0f,0.4619294247508462f,0.8869166852356271f,-1.511862083943208f,0.7681047412904016f,0.5679142344628252f,-0.2957845984863112f,-1.4178617697124842f,0f,0f,0f,1f], start_interpolation: 0, interpolation_duration: 1 }
$data merge entity $(bone_left_leg1) { transformation: [-0.8537656263424525f,0.9083265480787359f,-0.47308024172356367f,0.5800405274696049f,0f,0.6159058996677949f,1.1825555803141694f,-1.125f,1.0241396550538688f,0.7572189792837669f,-0.39437946464841495f,-0.22101309266130015f,0f,0f,0f,1f], start_interpolation: 0, interpolation_duration: 1 }
$data merge entity $(bone_tail3) { transformation: [-0.6403242197568394f,0f,-0.7681047412904016f,-2.6525483433867754f,0f,1f,0f,-0.5625f,0.7681047412904016f,0f,-0.6403242197568394f,-2.102143189708144f,0f,0f,0f,1f], start_interpolation: 0, interpolation_duration: 1 }
$data merge entity $(bone_tail2) { transformation: [-0.9871665054584606f,0f,-1.1841614761560357f,-1.2923924809368774f,0f,1.5416666666666665f,0f,-0.75f,1.1841614761560357f,0f,-0.9871665054584606f,-0.8055221850027703f,0f,0f,0f,1f], start_interpolation: 0, interpolation_duration: 1 }
$data merge entity $(bone_tail1) { transformation: [-0.6403242197568394f,0f,-0.7681047412904016f,-0.396240665846221f,0f,1f,0f,-0.75f,0.7681047412904016f,0f,-0.6403242197568394f,-0.22119079417242865f,0f,0f,0f,1f], start_interpolation: 0, interpolation_duration: 1 }
$data merge entity $(bone_body1) { transformation: [-0.8537656263424525f,0f,-1.0241396550538688f,0.5f,0f,1.3333333333333333f,0f,-1.1875f,1.0241396550538688f,0f,-0.8537656263424525f,-0.12499999999999994f,0f,0f,0f,1f], start_interpolation: 0, interpolation_duration: 1 }
data modify entity @s data merge value {"locators":{"hitbox_head":{"posx":1.7741241084135788,"posy":-0.7176926808376414,"posz":2.4124263080072677,"roty":12.727886805928307,"rotx":77.76748625087839},"hitbox_neck":{"posx":1.4638447224462485,"posy":-1.042672815433813,"posz":1.6030228422590505,"roty":348.6893925659307,"rotx":35.9502942323319},"hitbox_right_arm":{"posx":1.3279053309063935,"posy":-2.528874600482509,"posz":3.4858235700273354,"roty":334.9398693812685,"rotx":0.2676272609278795},"hitbox_left_arm":{"posx":2.7593276516283822,"posy":-2.615337854047066,"posz":2.5337605388116122,"roty":325.0580641110549,"rotx":0.871834596847028},"hitbox_tail1":{"posx":-1.7404239631044236,"posy":-1.5,"posz":-1.3417581787468975,"roty":309.81600000000003,"rotx":0},"hitbox_tail2":{"posx":-3.0846072603626262,"posy":-1.875,"posz":-2.4623255633213663,"roty":309.81600000000003,"rotx":0}},"cameras":{}}