# This file was generated by Animated Java via MC-Build. It is not recommended to edit this file directly.
$data merge entity $(bone_jaw) { transformation: [-0.9977443717726469f,0.04459508453703514f,0.0501741669700737f,1.8052978280531244f,0.05861639256474372f,0.21451631955378536f,0.9749599310575765f,-0.5402436276623308f,0.03271524291063743f,0.9757018125842715f,-0.21664645346985273f,3.0045344738632456f,0f,0f,0f,1f], start_interpolation: 0, interpolation_duration: 1 }
$data merge entity $(bone_head) { transformation: [-1.1224624182442278f,0.04869610724318127f,0.05772182229175432f,1.8181248996735142f,0.06594344163533669f,0.2129454851964252f,1.1026924697483638f,-0.2952008566071388f,0.03680464827446711f,1.1035886504825154f,-0.2153195494876699f,2.9566856850882077f,0f,0f,0f,1f], start_interpolation: 0, interpolation_duration: 1 }
$data merge entity $(bone_neck) { transformation: [-0.9730323188304639f,0.1715465190612368f,-0.15420732248950758f,1.9970794330634571f,0.04783362537484769f,0.8040506567532311f,0.5926335171572703f,-0.6919067594045886f,0.2256547158711935f,0.5692752701221708f,-0.7905729669248882f,1.5966628170213328f,0f,0f,0f,1f], start_interpolation: 0, interpolation_duration: 1 }
$data merge entity $(bone_right_arm2) { transformation: [-0.9041982938054891f,0.05087382725735465f,-0.4240722806072463f,1.2317973154714816f,0.05638926725791869f,0.998408754377734f,-0.00045795198127634995f,-1.5248131209516833f,0.423374179677218f,-0.0243272045679519f,-0.9056282300704587f,2.9864922783977432f,0f,0f,0f,1f], start_interpolation: 0, interpolation_duration: 1 }
$data merge entity $(bone_right_arm1) { transformation: [-0.9307755607355699f,-0.2525969717818156f,-0.5991849733834168f,0.8331719956022413f,0.054000620673530564f,1.0126066175248285f,-0.5107668529341381f,-0.678411259536368f,0.6480060149787986f,-0.4472064567244378f,-0.8180865458860171f,1.7958325900938874f,0f,0f,0f,1f], start_interpolation: 0, interpolation_duration: 1 }
$data merge entity $(bone_left_arm2) { transformation: [-0.8183758111807016f,0.06169511362334279f,-0.5713621834085026f,2.486112628130302f,0.06809662076752611f,0.9976267285485121f,0.010186300880949739f,-1.600481678609794f,0.5706346308404112f,-0.030571611678096466f,-0.8206348119870563f,2.1374618491194943f,0f,0f,0f,1f], start_interpolation: 0, interpolation_duration: 1 }
$data merge entity $(bone_left_arm1) { transformation: [-1.0249882471921565f,-0.15139358977602094f,-0.46438139609282836f,1.7478152715278248f,0.08733727224682092f,1.0052929159872852f,-0.520508751978975f,-0.7295326148374067f,0.48056456479736326f,-0.5056057169227374f,-0.895874748511537f,1.142809401503848f,0f,0f,0f,1f], start_interpolation: 0, interpolation_duration: 1 }
$data merge entity $(bone_body2) { transformation: [-1.2872757216730433f,0.21996060340527435f,-0.8952558258873146f,1.1755987252155555f,0.0719485741273879f,1.5568846789453181f,0.2790661992983288f,-0.5f,0.9190696728304261f,0.18620385028072436f,-1.2757678107980512f,0.4310497841804421f,0f,0f,0f,1f], start_interpolation: 0, interpolation_duration: 1 }
$data merge entity $(bone_right_leg2) { transformation: [-0.9880420641664116f,0.03189157395558856f,-0.15085027990829822f,-0.4153041976751418f,0.02112501083218654f,0.9971487138792384f,0.07244429809392244f,-2.490820245010639f,0.15273052528920567f,0.06839130002870486f,-0.9858985833873924f,2.014155336536003f,0f,0f,0f,1f], start_interpolation: 0, interpolation_duration: 1 }
$data merge entity $(bone_right_leg1) { transformation: [-1.3173894188885487f,-0.17956455089233817f,-0.10009729687210629f,-0.21492115108913967f,0.028166681109582054f,0.48542582961789815f,-1.2415096374143957f,-1.6844135802469136f,0.20364070038560755f,-1.2287783013141085f,-0.47582783561268355f,0.7436269324200002f,0f,0f,0f,1f], start_interpolation: 0, interpolation_duration: 1 }
$data merge entity $(bone_left_leg2) { transformation: [-0.6354854676347909f,0.6894955398326689f,-0.34749693664239356f,-0.28199989739281406f,0f,0.45005978876748387f,0.8929984247100147f,-1.4928989386313785f,0.7721128288177779f,0.5674875215239753f,-0.2860064553285197f,-1.4161967438897658f,0f,0f,0f,1f], start_interpolation: 0, interpolation_duration: 1 }
$data merge entity $(bone_left_leg1) { transformation: [-0.8473139568463878f,0.9193273864435585f,-0.4633292488565247f,0.5794356834543488f,0f,0.6000797183566451f,1.1906645662800195f,-1.125f,1.029483771757037f,0.7566500286986337f,-0.3813419404380263f,-0.22151410360222218f,0f,0f,0f,1f], start_interpolation: 0, interpolation_duration: 1 }
$data merge entity $(bone_tail3) { transformation: [-0.6354854676347909f,0f,-0.7721128288177779f,-2.6649087900829516f,0f,1f,0f,-0.5625f,0.7721128288177779f,0f,-0.6354854676347909f,-2.0822962474944022f,0f,0f,0f,1f], start_interpolation: 0, interpolation_duration: 1 }
$data merge entity $(bone_tail2) { transformation: [-0.9797067626036358f,0f,-1.1903406110940742f,-1.2966329195039668f,0f,1.5416666666666665f,0f,-0.75f,1.1903406110940742f,0f,-0.9797067626036358f,-0.7942468920769472f,0f,0f,0f,1f], start_interpolation: 0, interpolation_duration: 1 }
$data merge entity $(bone_tail1) { transformation: [-0.6354854676347909f,0f,-0.7721128288177779f,-0.3968273554307289f,0f,1f,0f,-0.75f,0.7721128288177779f,0f,-0.6354854676347909f,-0.21555768631720412f,0f,0f,0f,1f], start_interpolation: 0, interpolation_duration: 1 }
$data merge entity $(bone_body1) { transformation: [-0.8473139568463878f,0f,-1.029483771757037f,0.5f,0f,1.3333333333333333f,0f,-1.1875f,1.029483771757037f,0f,-0.8473139568463878f,-0.12499999999999994f,0f,0f,0f,1f], start_interpolation: 0, interpolation_duration: 1 }
data modify entity @s data merge value {"locators":{"hitbox_head":{"posx":1.7750376672351484,"posy":-0.7198073677574761,"posz":2.4033918652333854,"roty":15.00673362677179,"rotx":78.57102270665992},"hitbox_neck":{"posx":1.4655092443114497,"posy":-1.043588132644285,"posz":1.5948335695267266,"roty":348.9626077136103,"rotx":36.34411413270152},"hitbox_right_arm":{"posx":1.336447235154907,"posy":-2.5194685701351593,"posz":3.4900944842307506,"roty":334.9080412672518,"rotx":-0.02623871666391522},"hitbox_left_arm":{"posx":2.7612470944100043,"posy":-2.6074575963967512,"posz":2.542686202363593,"roty":325.15266069833365,"rotx":0.583642142814268},"hitbox_tail1":{"posx":-1.7480248058618402,"posy":-1.5,"posz":-1.3276572546780883,"roty":309.456,"rotx":0},"hitbox_tail2":{"posx":-3.0992222562929514,"posy":-1.875,"posz":-2.439756823038972,"roty":309.456,"rotx":0}},"cameras":{}}