# This file was generated by Animated Java via MC-Build. It is not recommended to edit this file directly.
$data merge entity $(bone_jaw) { transformation: [-0.9977347514042663f,0.03988872125960624f,0.054168771045131965f,1.7947933418767616f,0.061136343402066425f,0.20171035229707146f,0.9775353094858598f,-0.5498725603492004f,0.02806623159049154f,0.9786326295870504f,-0.20369207876558243f,3.004773414825261f,0f,0f,0f,1f], start_interpolation: 0, interpolation_duration: 1 }
$data merge entity $(bone_head) { transformation: [-1.1224515953297995f,0.04329672041824688f,0.06207100887380066f,1.8085868994042729f,0.06877838632732473f,0.19863758402884335f,1.1051867008724785f,-0.30427551571087186f,0.031574510539302984f,1.1064779727641254f,-0.20083462368823557f,2.9601434984500976f,0f,0f,0f,1f], start_interpolation: 0, interpolation_duration: 1 }
$data merge entity $(bone_neck) { transformation: [-0.973953963214736f,0.17100001201264622f,-0.1489049140558606f,1.9928911255778174f,0.0492366462395562f,0.8005287286803727f,0.5972683711904279f,-0.6941750614613234f,0.22133556019173523f,0.5743803186470274f,-0.78809759506393f,1.5988673338023203f,0f,0f,0f,1f], start_interpolation: 0, interpolation_duration: 1 }
$data merge entity $(bone_right_arm2) { transformation: [-0.9051626141701614f,0.04855919396857536f,-0.4222826619573219f,1.2263490749791837f,0.05614347610346872f,0.9984073715333055f,-0.005534488140341076f,-1.5192819364700834f,0.4213413722857735f,-0.028718028293714948f,-0.9064473083700246f,2.988610671290001f,0f,0f,0f,1f], start_interpolation: 0, interpolation_duration: 1 }
$data merge entity $(bone_right_arm1) { transformation: [-0.9322243492739422f,-0.25399152677843484f,-0.5963363764604493f,0.8282352883529985f,0.05466787974529896f,1.0100809416412486f,-0.5156732698150313f,-0.6789541709045208f,0.6458639117409896f,-0.45210154014594117f,-0.8170893536527932f,1.793485820356949f,0f,0f,0f,1f], start_interpolation: 0, interpolation_duration: 1 }
$data merge entity $(bone_left_arm2) { transformation: [-0.8214590646804025f,0.06085735936273655f,-0.5670109230568605f,2.4791918728914415f,0.07039844681654592f,0.9975060545184504f,0.005072463390927651f,-1.5959649462818342f,0.5659055254547496f,-0.03574986727848212f,-0.8236946541342578f,2.147171214701283f,0f,0f,0f,1f], start_interpolation: 0, interpolation_duration: 1 }
$data merge entity $(bone_left_arm1) { transformation: [-1.0275739757688847f,-0.14963585978623695f,-0.45920784045245266f,1.7453473309098426f,0.08896326518011291f,1.0024328465602323f,-0.5257232470892711f,-0.7310318975286161f,0.47470861453681723f,-0.5117699722996921f,-0.8954966407984745f,1.1440103306062737f,0f,0f,0f,1f], start_interpolation: 0, interpolation_duration: 1 }
$data merge entity $(bone_body2) { transformation: [-1.2907502821170398f,0.22174614359309014f,-0.8897959324816108f,1.176296944367154f,0.07329457821168968f,1.5563759729605753f,0.28154250130351166f,-0.5f,0.9140766152046541f,0.18832663921245973f,-1.2790392734171174f,0.4302003629678665f,0f,0f,0f,1f], start_interpolation: 0, interpolation_duration: 1 }
$data merge entity $(bone_right_leg2) { transformation: [-0.9880011890692144f,0.030409395700092913f,-0.15142298059070586f,-0.4136345665016077f,0.02113500860835693f,0.9978220603605075f,0.06248557648798958f,-2.4849377441574187f,0.15299333909991902f,0.05853549787152146f,-0.9864920849555713f,2.0164265829563237f,0f,0f,0f,1f], start_interpolation: 0, interpolation_duration: 1 }
$data merge entity $(bone_right_leg1) { transformation: [-1.3173349187589525f,-0.18005167670871286f,-0.09993939818961402f,-0.21382903810154252f,0.02818001147780924f,0.48337795294015384f,-1.2423081016166135f,-1.6805555555555556f,0.203991118799892f,-1.2295141016285842f,-0.47377259853752707f,0.7445246427577694f,0f,0f,0f,1f], start_interpolation: 0, interpolation_duration: 1 }
$data merge entity $(bone_left_leg2) { transformation: [-0.6345147005347045f,0.6940581695266174f,-0.3401093237750406f,-0.28673543210686037f,0f,0.4400369701235841f,0.8979796572999056f,-1.4769345016464317f,0.7729107935624616f,0.5697812933379062f,-0.2792099263221647f,-1.4177691079301473f,0f,0f,0f,1f], start_interpolation: 0, interpolation_duration: 1 }
$data merge entity $(bone_left_leg1) { transformation: [-0.8460196007129392f,0.9254108927021565f,-0.4534790983667208f,0.579314337566838f,0f,0.5867159601647788f,1.1973062097332074f,-1.125f,1.0305477247499488f,0.7597083911172082f,-0.3722799017628862f,-0.22161384919530763f,0f,0f,0f,1f], start_interpolation: 0, interpolation_duration: 1 }
data modify entity @s data merge value {"locators":{"hitbox_head":{"posx":1.7672912189291912,"posy":-0.72162603485814,"posz":2.4012209090500933,"roty":17.174563137716632,"rotx":79.23090449955},"hitbox_neck":{"posx":1.4604022537226897,"posy":-1.0444135579954885,"posz":1.592654693788544,"roty":349.30053857031595,"rotx":36.67450863142349},"hitbox_right_arm":{"posx":1.3323585486036342,"posy":-2.5114130966767516,"posz":3.496886189536589,"roty":335.0208056175866,"rotx":-0.31710443106846403},"hitbox_left_arm":{"posx":2.7531811665996604,"posy":-2.600407135421783,"posz":2.5593993137059723,"roty":325.4574423492969,"rotx":0.29063199036512877},"hitbox_tail1":{"posx":-1.7495343341735063,"posy":-1.5,"posz":-1.3248313545555304,"roty":309.384,"rotx":0},"hitbox_tail2":{"posx":-3.102128222907814,"posy":-1.875,"posz":-2.435232080491263,"roty":309.384,"rotx":0}},"cameras":{}}