# This file was generated by Animated Java via MC-Build. It is not recommended to edit this file directly.
$data merge entity $(bone_jaw) { transformation: [-0.9977581948067882f,0.034987121609173576f,0.05704810266261257f,1.7759174083455114f,0.0627378814652263f,0.19231549966702918f,0.9793256388030879f,-0.556214358407381f,0.02329255085116891f,0.9807092586028366f,-0.19407938366946614f,3.011317975414379f,0f,0f,0f,1f], start_interpolation: 0, interpolation_duration: 1 }
$data merge entity $(bone_head) { transformation: [-1.1224779691576368f,0.037773622820283216f,0.06512574126087363f,1.7903897952923722f,0.07058011664837958f,0.18925168897562142f,1.1067191357132016f,-0.3102767726933362f,0.026204119707565022f,1.1083239380428924f,-0.19119726062746267f,2.968829695274943f,0f,0f,0f,1f], start_interpolation: 0, interpolation_duration: 1 }
$data merge entity $(bone_neck) { transformation: [-0.9751422803457136f,0.16903773723199567f,-0.14326121761889382f,1.9819586003408824f,0.050172920197107646f,0.798198456585581f,0.6003015092295629f,-0.6957041166650499f,0.2158244915690894f,0.5781915489661563f,-0.7868381800237331f,1.607282907444574f,0f,0f,0f,1f], start_interpolation: 0, interpolation_duration: 1 }
$data merge entity $(bone_right_arm2) { transformation: [-0.9071813163200639f,0.046512951023721466f,-0.41816097941685193f,1.209263751001152f,0.055824936473854794f,0.9983899244607035f,-0.010056599974207214f,-1.5157081917538968f,0.4170199465103391f,-0.03246696971409618f,-0.9083172684090608f,2.992779824254527f,0f,0f,0f,1f], start_interpolation: 0, interpolation_duration: 1 }
$data merge entity $(bone_right_arm1) { transformation: [-0.9355966069110622f,-0.25328868381876674f,-0.5913331030225757f,0.8159200743651633f,0.05493639493800709f,1.0084303098688092f,-0.5188654060481941f,-0.6792952523396861f,0.6409461666880977f,-0.45616242691797687f,-0.818703156596198f,1.7933370799640949f,0f,0f,0f,1f], start_interpolation: 0, interpolation_duration: 1 }
$data merge entity $(bone_left_arm2) { transformation: [-0.8264087353408621f,0.059860836755148486f,-0.5598797034857488f,2.463742937039556f,0.07198180648205252f,0.997405868397941f,0.0003914344510939083f,-1.5929824724066344f,0.5584507334473622f,-0.03997766761984278f,-0.8285738134914598f,2.162849436770098f,0f,0f,0f,1f], start_interpolation: 0, interpolation_duration: 1 }
$data merge entity $(bone_left_arm1) { transformation: [-1.0314945269656273f,-0.1459454709476782f,-0.4515417669432816f,1.7377271410154016f,0.09008492118996253f,1.0005165667077127f,-0.5291713462216691f,-0.7320437000191067f,0.4659128188391028f,-0.5165631870330247f,-0.897362093019384f,1.1505973712630573f,0f,0f,0f,1f], start_interpolation: 0, interpolation_duration: 1 }
$data merge entity $(bone_body2) { transformation: [-1.297358093804039f,0.22207469756914625f,-0.8800507085305747f,1.1741990874288155f,0.0742385559932587f,1.5560283708044458f,0.2832115649124223f,-0.5f,0.9045966270607194f,0.19079565612371685f,-1.2853973721612841f,0.43274599103010364f,0f,0f,0f,1f], start_interpolation: 0, interpolation_duration: 1 }
$data merge entity $(bone_right_leg2) { transformation: [-0.9884053048734762f,0.02872366905183895f,-0.1490969621896133f,-0.4205573602420266f,0.021123829924979853f,0.9984075400533036f,0.0523083910478217f,-2.4817990127714324f,0.15036202016224398f,0.048552392329438754f,-0.9874380629142351f,2.0117162723606037f,0f,0f,0f,1f], start_interpolation: 0, interpolation_duration: 1 }
$data merge entity $(bone_right_leg1) { transformation: [-1.3178737398313016f,-0.17660035287714618f,-0.0989893883429126f,-0.21710198846727613f,0.028165106566639803f,0.4856666665978132f,-1.2414154798074801f,-1.6751543209876543f,0.20048269354965864f,-1.2291126807974984f,-0.47630503384662826f,0.7418273981227628f,0f,0f,0f,1f], start_interpolation: 0, interpolation_duration: 1 }
$data merge entity $(bone_left_leg2) { transformation: [-0.6374239897486899f,0.6944083722754142f,-0.33389769362286975f,-0.28384306952870964f,0f,0.4333445229571873f,0.9012283419994113f,-1.4662988948761408f,0.770513242775789f,0.5744645654318615f,-0.27622419475911303f,-1.4223694950584183f,0f,0f,0f,1f], start_interpolation: 0, interpolation_duration: 1 }
$data merge entity $(bone_left_leg1) { transformation: [-0.8498986529982531f,0.9258778297005522f,-0.445196924830493f,0.5796779987185863f,0f,0.5777926972762497f,1.2016377893325483f,-1.125f,1.0273509903677187f,0.7659527539091486f,-0.368298926345484f,-0.22131415534697357f,0f,0f,0f,1f], start_interpolation: 0, interpolation_duration: 1 }
$data merge entity $(bone_tail3) { transformation: [-0.6374239897486899f,0f,-0.770513242775789f,-2.659979577610067f,0f,1f,0f,-0.5625f,0.770513242775789f,0f,-0.6374239897486899f,-2.0902443408103997f,0f,0f,0f,1f], start_interpolation: 0, interpolation_duration: 1 }
$data merge entity $(bone_tail2) { transformation: [-0.9826953175292301f,0f,-1.1878745826126746f,-1.2949452461240487f,0f,1.5416666666666665f,0f,-0.75f,1.1878745826126746f,0f,-0.9826953175292301f,-0.7987602046846323f,0f,0f,0f,1f], start_interpolation: 0, interpolation_duration: 1 }
$data merge entity $(bone_tail1) { transformation: [-0.6374239897486899f,0f,-0.770513242775789f,-0.39659692695618665f,0f,1f,0f,-0.75f,0.770513242775789f,0f,-0.6374239897486899f,-0.21781137092362285f,0f,0f,0f,1f], start_interpolation: 0, interpolation_duration: 1 }
$data merge entity $(bone_body1) { transformation: [-0.8498986529982531f,0f,-1.0273509903677187f,0.5f,0f,1.3333333333333333f,0f,-1.1875f,1.0273509903677187f,0f,-0.8498986529982531f,-0.12499999999999994f,0f,0f,0f,1f], start_interpolation: 0, interpolation_duration: 1 }
data modify entity @s data merge value {"locators":{"hitbox_head":{"posx":1.7513139655975278,"posy":-0.7228385820445707,"posz":2.406204524314298,"roty":18.809904604946695,"rotx":79.65692709538224},"hitbox_neck":{"posx":1.448905960908389,"posy":-1.0449797664397844,"posz":1.5967280948697768,"roty":349.68107565317234,"rotx":36.89149470707537},"hitbox_right_arm":{"posx":1.3151324574158525,"posy":-2.5055807576978806,"posz":3.5054691748300497,"roty":335.2801293747898,"rotx":-0.5762104475785371},"hitbox_left_arm":{"posx":2.735472497986086,"posy":-2.5950829209352504,"posz":2.58221084029521,"roty":325.95251818807594,"rotx":0.022427542576428355},"hitbox_tail1":{"posx":-1.7449951018138175,"posy":-1.5,"posz":-1.33330335298383,"roty":309.6,"rotx":0},"hitbox_tail2":{"posx":-3.0933932766714487,"posy":-1.875,"posz":-2.448795335044038,"roty":309.6,"rotx":0}},"cameras":{}}