# This file was generated by Animated Java via MC-Build. It is not recommended to edit this file directly.
$data merge entity $(bone_jaw) { transformation: [-0.9981941911438403f,0.02191947877395414f,0.05592757116997345f,1.6737528461923405f,0.059212646530530745f,0.2023411420671537f,0.9775233627478221f,-0.5403928198276664f,0.010110353977220751f,0.979069761905268f,-0.20327366298961874f,3.0678309230455527f,0f,0f,0f,1f], start_interpolation: 0, interpolation_duration: 1 }
$data merge entity $(bone_head) { transformation: [-1.1229684650368204f,0.023767489494838014f,0.06326083287437972f,1.687810809053314f,0.06661422734684709f,0.21206471833803425f,1.1028218804282008f,-0.29532129084362174f,0.011374148224373345f,1.1045762362459746f,-0.21308910594595612f,3.0204777883908958f,0f,0f,0f,1f], start_interpolation: 0, interpolation_duration: 1 }
$data merge entity $(bone_neck) { transformation: [-0.979766003047711f,0.15398518944239215f,-0.12785593730563793f,1.910201597733797f,0.04898004480903416f,0.8038577259197528f,0.5928015786834823f,-0.6922588643575468f,0.19406064640317372f,0.5745444438087575f,-0.7951346726222345f,1.6669470721369386f,0f,0f,0f,1f], start_interpolation: 0, interpolation_duration: 1 }
$data merge entity $(bone_right_arm2) { transformation: [-0.919095380291085f,0.04525668318236237f,-0.39142753423196636f,1.086649052781512f,0.05568714105894938f,0.9983305700920979f,-0.015330203529874797f,-1.5229010066633584f,0.39008027923527067f,-0.03588739955636222f,-0.9200812302752486f,3.0120737975534624f,0f,0f,0f,1f], start_interpolation: 0, interpolation_duration: 1 }
$data merge entity $(bone_right_arm1) { transformation: [-0.9570763125408818f,-0.23437231619270427f,-0.5641325698096676f,0.737553896162316f,0.053560645042016485f,1.0122942754671795f,-0.5114318763075929f,-0.6771417816972756f,0.6085287143761383f,-0.45771270924378854f,-0.8422368351721974f,1.8055114680363384f,0f,0f,0f,1f], start_interpolation: 0, interpolation_duration: 1 }
$data merge entity $(bone_left_arm2) { transformation: [-0.8497068170357317f,0.05658254461005732f,-0.5242105881498926f,2.3694658966987427f,0.07005987877011742f,0.9975253962158546f,-0.005890440655758111f,-1.5994577306453488f,0.5225800785235906f,-0.04173127783633551f,-0.851568295546766f,2.234192528474122f,0f,0f,0f,1f], start_interpolation: 0, interpolation_duration: 1 }
$data merge entity $(bone_left_arm1) { transformation: [-1.0485632954448123f,-0.12398177705148088f,-0.4175099296418185f,1.6847479322199264f,0.08902353081240777f,1.0044464328224163f,-0.5218555178365558f,-0.7298385353904494f,0.4263341803703426f,-0.5146716326881873f,-0.9178906711033008f,1.2008036789289918f,0f,0f,0f,1f], start_interpolation: 0, interpolation_duration: 1 }
$data merge entity $(bone_body2) { transformation: [-1.3330879025995999f,0.212066887193417f,-0.8275558734871858f,1.1504969144154276f,0.07416580149409653f,1.5567124051913126f,0.2794465348803985f,-0.5f,0.8510702217066363f,0.19651607395838655f,-1.3206079489555724f,0.4602168524026012f,0f,0f,0f,1f], start_interpolation: 0, interpolation_duration: 1 }
$data merge entity $(bone_right_leg2) { transformation: [-0.9914865435510343f,0.02411206835817263f,-0.12795718860897892f,-0.48795166477233953f,0.020913505164325552f,0.9994357747425435f,0.026282265247000725f,-2.4955298003624344f,0.12851871170753576f,0.023382479001653855f,-0.9914313896668657f,1.9498080395252992f,0f,0f,0f,1f], start_interpolation: 0, interpolation_duration: 1 }
$data merge entity $(bone_right_leg1) { transformation: [-1.3219820580680457f,-0.14661521996814622f,-0.09297953106810171f,-0.252421667374773f,0.02788467355243407f,0.5254953185453967f,-1.2250938302617984f,-1.6496913580246915f,0.17135828227671435f,-1.2166085751951372f,-0.5179552988768525f,0.7113531756769782f,0f,0f,0f,1f], start_interpolation: 0, interpolation_duration: 1 }
$data merge entity $(bone_left_leg2) { transformation: [-0.6688192598886871f,0.6646604121866733f,-0.3330275275015421f,-0.22511081491823115f,0f,0.44796382597097584f,0.8940516822988732f,-1.4895568491148798f,0.7434250450462029f,0.597958984457368f,-0.29960683454281267f,-1.4499056984751966f,0f,0f,0f,1f], start_interpolation: 0, interpolation_duration: 1 }
$data merge entity $(bone_left_leg1) { transformation: [-0.891759013184916f,0.8862138829155644f,-0.4440367033353894f,0.5836024074860859f,0f,0.5972851012946344f,1.1920689097318309f,-1.125f,0.9912333933949371f,0.7972786459431572f,-0.3994757793904169f,-0.21792813063077532f,0f,0f,0f,1f], start_interpolation: 0, interpolation_duration: 1 }
$data merge entity $(bone_tail3) { transformation: [-0.6688192598886871f,0f,-0.7434250450462029f,-2.5757894835522164f,0f,1f,0f,-0.5625f,0.7434250450462029f,0f,-0.6688192598886871f,-2.2195584983164323f,0f,0f,0f,1f], start_interpolation: 0, interpolation_duration: 1 }
$data merge entity $(bone_tail2) { transformation: [-1.031096358995059f,0f,-1.146113611112896f,-1.2654699315766722f,0f,1.5416666666666665f,0f,-0.75f,1.146113611112896f,0f,-1.031096358995059f,-0.8725942553943685f,0f,0f,0f,1f], start_interpolation: 0, interpolation_duration: 1 }
$data merge entity $(bone_tail1) { transformation: [-0.6688192598886871f,0f,-0.7434250450462029f,-0.39197841372899567f,0f,1f,0f,-0.75f,0.7434250450462029f,0f,-0.6688192598886871f,-0.2549019223934138f,0f,0f,0f,1f], start_interpolation: 0, interpolation_duration: 1 }
$data merge entity $(bone_body1) { transformation: [-0.891759013184916f,0f,-0.9912333933949371f,0.5f,0f,1.3333333333333333f,0f,-1.1875f,0.9912333933949371f,0f,-0.891759013184916f,-0.12499999999999994f,0f,0f,0f,1f], start_interpolation: 0, interpolation_duration: 1 }
data modify entity @s data merge value {"locators":{"hitbox_head":{"posx":1.6570341946466318,"posy":-0.7194744344836965,"posz":2.46601574212812,"roty":16.53483898084366,"rotx":78.6043319149539},"hitbox_neck":{"posx":1.3785561423322492,"posy":-1.0433156865083724,"posz":1.6479150629880208,"roty":350.8651568486747,"rotx":36.35606979682794},"hitbox_right_arm":{"posx":1.1796626754469401,"posy":-2.5100860286743343,"posz":3.5323818296996534,"roty":336.95378164267447,"rotx":-0.8783903694689765},"hitbox_left_arm":{"posx":2.628095322228365,"posy":-2.598416648956457,"posz":2.669046699176116,"roty":328.3842724793566,"rotx":-0.3374993407852134},"hitbox_tail1":{"posx":-1.6929722425598508,"posy":-1.5,"posz":-1.4253356271986162,"roty":311.976,"rotx":0},"hitbox_tail2":{"posx":-2.9939660713907053,"posy":-1.875,"posz":-2.595769332003819,"roty":311.976,"rotx":0}},"cameras":{}}