# This file was generated by Animated Java via MC-Build. It is not recommended to edit this file directly.
$data merge entity $(bone_jaw) { transformation: [-0.9983172844664838f,0.055852202927988946f,-0.015592657360324504f,0.5261809314752072f,0.00004571304864238804f,0.2696528222592839f,0.962957607248585f,-0.4906257580214569f,0.05798790775483217f,0.9613365107368458f,-0.26920162644108103f,3.5234630068847084f,0f,0f,0f,1f], start_interpolation: 0, interpolation_duration: 1 }
$data merge entity $(bone_head) { transformation: [-1.1231069450247944f,0.0628612052646869f,-0.017443018940101113f,0.5223047050440736f,0.00005142717972268654f,0.30165736493050627f,1.0838024873280316f,-0.24978076083744988f,0.06523639622418619f,1.0819779586737681f,-0.30115263497407224f,3.4565401991126925f,0f,0f,0f,1f], start_interpolation: 0, interpolation_duration: 1 }
$data merge entity $(bone_neck) { transformation: [-0.995350935040665f,0.05371428866432179f,-0.07994555213994f,0.8979529797448629f,-0.0006940392535895006f,0.8260238158704275f,0.5636347877166317f,-0.6691307805532212f,0.09631217172916635f,0.561069898326531f,-0.8221462976676764f,2.144253479421183f,0f,0f,0f,1f], start_interpolation: 0, interpolation_duration: 1 }
$data merge entity $(bone_right_arm2) { transformation: [-0.9824297893161776f,-0.011975572877115592f,-0.18624793883003266f,-0.107590561653716f,-0.014047137606301892f,0.9998532407509064f,0.009806879472039287f,-1.6167280166227265f,0.18610316222257034f,0.012250820959200326f,-0.9824538311781298f,3.0294014078204925f,0f,0f,0f,1f], start_interpolation: 0, interpolation_duration: 1 }
$data merge entity $(bone_right_arm1) { transformation: [-1.0677455799002855f,-0.19049847280780535f,-0.335858177518042f,-0.2372885423231259f,-0.03165852764765958f,1.0274785302847416f,-0.482137547153853f,-0.7122236814561856f,0.38482219423394637f,-0.4440373955043035f,-0.9715521999167979f,1.8219167944712327f,0f,0f,0f,1f], start_interpolation: 0, interpolation_duration: 1 }
$data merge entity $(bone_left_arm2) { transformation: [-0.98713131849524f,0.015429551774364898f,-0.1591656023702709f,1.159713895510575f,0.014047137606301892f,0.9998532407509064f,0.009806879472039287f,-1.6167280166227265f,0.15929355910054435f,0.007444856744872941f,-0.9872031888811592f,2.8071575776155413f,0f,0f,0f,1f], start_interpolation: 0, interpolation_duration: 1 }
$data merge entity $(bone_left_arm1) { transformation: [-1.1349742747394915f,0.028038328747536725f,-0.014773447297582473f,0.8708015437524504f,0.03165852764765958f,1.0274785302847416f,-0.482137547153853f,-0.7122236814561856f,0.0014629597368910929f,-0.4823616162894768f,-1.027859979678096f,1.62759396734837f,0f,0f,0f,1f], start_interpolation: 0, interpolation_duration: 1 }
$data merge entity $(bone_body2) { transformation: [-1.559534195217478f,0.04391459389249555f,-0.2699426732383669f,0.6511399766511154f,0f,1.5627886434626357f,0.2542363080062712f,-0.5f,0.27349138632106595f,0.2504148732641829f,-1.5392983132910623f,0.7368478447254483f,0f,0f,0f,1f], start_interpolation: 0, interpolation_duration: 1 }
$data merge entity $(bone_right_leg2) { transformation: [-0.8745847209808254f,0.09205257684675244f,0.47605450205072575f,-1.5116455549121872f,0.020537823050054305f,0.9879651035105683f,-0.15330737774065678f,-2.529336171453634f,-0.4844375745658633f,-0.12430316706031486f,-0.8659497439271628f,0.8881336134074809f,0f,0f,0f,1f], start_interpolation: 0, interpolation_duration: 1 }
$data merge entity $(bone_right_leg1) { transformation: [-1.1661129613077672f,0.5908975871783344f,0.262294454220119f,-0.6080900860755762f,0.02738376406673907f,0.5856151163572196f,-1.1975319798390498f,-1.625f,-0.6459167660878177f,-1.0419562153653674f,-0.5243057832276051f,0.0693228271228627f,0f,0f,0f,1f], start_interpolation: 0, interpolation_duration: 1 }
$data merge entity $(bone_left_leg2) { transformation: [-0.9849689654005123f,0.1495897820654318f,-0.08636570094349452f,0.7504598894363559f,0f,0.5000000000000001f,0.8660254037844386f,-1.573117061317363f,0.17273140188698902f,0.8530081459761194f,-0.49248448270025624f,-1.591466311627996f,0f,0f,0f,1f], start_interpolation: 0, interpolation_duration: 1 }
$data merge entity $(bone_left_leg1) { transformation: [-1.3132919538673495f,0.19945304275390907f,-0.11515426792465935f,0.623121120675064f,0f,0.6666666666666667f,1.1547005383792515f,-1.125f,0.23030853584931868f,1.1373441946348257f,-0.656645976933675f,-0.14659142523587357f,0f,0f,0f,1f], start_interpolation: 0, interpolation_duration: 1 }
$data merge entity $(bone_tail3) { transformation: [-0.9849689654005123f,0f,-0.17273140188698902f,-0.6294315271585281f,0f,1f,0f,-0.5625f,0.17273140188698902f,0f,-0.9849689654005123f,-3.6707073589708945f,0f,0f,0f,1f], start_interpolation: 0, interpolation_duration: 1 }
$data merge entity $(bone_tail2) { transformation: [-1.5184938216591228f,0f,-0.2662942445757747f,-0.4286812692954878f,0f,1.5416666666666665f,0f,-0.75f,0.2662942445757747f,0f,-1.5184938216591228f,-1.8022991236090604f,0f,0f,0f,1f], start_interpolation: 0, interpolation_duration: 1 }
$data merge entity $(bone_tail1) { transformation: [-0.9849689654005123f,0f,-0.17273140188698902f,-0.12203303411549793f,0f,1f,0f,-0.75f,0.17273140188698902f,0f,-0.9849689654005123f,-0.7773610231068897f,0f,0f,0f,1f], start_interpolation: 0, interpolation_duration: 1 }
$data merge entity $(bone_body1) { transformation: [-1.3132919538673495f,0f,-0.23030853584931868f,0.5f,0f,1.3333333333333333f,0f,-1.1875f,0.23030853584931868f,0f,-1.3132919538673495f,-0.12499999999999994f,0f,0f,0f,1f], start_interpolation: 0, interpolation_duration: 1 }
data modify entity @s data merge value {"locators":{"hitbox_head":{"posx":0.4922270962692756,"posy":-0.7184244322788511,"posz":2.939094842897841,"roty":356.6850829826276,"rotx":74.4463909642015},"hitbox_neck":{"posx":0.39012784799290223,"posy":-1.049691079596005,"posz":2.0847766406217767,"roty":354.446016728378,"rotx":34.307542144690075},"hitbox_right_arm":{"posx":-0.06389288119384517,"posy":-2.6223626432100464,"posz":3.5200089500892675,"roty":349.2655790251639,"rotx":0.5619018109937883},"hitbox_left_arm":{"posx":1.2855628523272982,"posy":-2.6223626432100464,"posz":3.283358467867464,"roty":350.8410876415028,"rotx":0.5619018109937874},"hitbox_tail1":{"posx":-0.4243129874177287,"posy":-1.5,"posz":-2.5010567125577863,"roty":350.0533333333334,"rotx":0},"hitbox_tail2":{"posx":-0.7265929407199594,"posy":-1.875,"posz":-4.224752402008683,"roty":350.0533333333334,"rotx":0}},"cameras":{}}