# This file was generated by Animated Java via MC-Build. It is not recommended to edit this file directly.
$data merge entity $(bone_jaw) { transformation: [-0.9988445163401136f,0.016566302973177738f,0.04511307773900619f,1.570712803611047f,0.04786366777390329f,0.2584460638670184f,0.9648392101168332f,-0.48440669970250416f,0.004324521304624157f,0.9658836315402833f,-0.25894035768500784f,3.1329200533504515f,0f,0f,0f,1f], start_interpolation: 0, interpolation_duration: 1 }
$data merge entity $(bone_head) { transformation: [-1.1237000808826278f,0.018637090844824955f,0.050752212456381965f,1.5819910730457984f,0.053846626245641196f,0.2907518218503957f,1.0854441113814373f,-0.2431968971732959f,0.004865086467702177f,1.0866190854828188f,-0.2913079023956338f,3.0681849639291996f,0f,0f,0f,1f], start_interpolation: 0, interpolation_duration: 1 }
$data merge entity $(bone_neck) { transformation: [-0.9832092239893976f,0.13607974672728623f,-0.12158093762101219f,1.830226442325683f,0.043893070614035856f,0.8230605979938483f,0.566254934090715f,-0.6795631839000718f,0.17712430723714384f,0.5514105136471796f,-0.8152137297820219f,1.7313879841126065f,0f,0f,0f,1f], start_interpolation: 0, interpolation_duration: 1 }
$data merge entity $(bone_right_arm2) { transformation: [-0.9311160391169497f,0.050867628682629645f,-0.3611584223735744f,0.9438476540302259f,0.05726060332818205f,0.9983346232013461f,-0.0070145152305051695f,-1.5481935407187155f,0.3602001457601811f,-0.02721147679991881f,-0.9324780911767909f,3.0219658230080575f,0f,0f,0f,1f], start_interpolation: 0, interpolation_duration: 1 }
$data merge entity $(bone_right_arm1) { transformation: [-0.9801427964487199f,-0.2046640706688527f,-0.5353538303695811f,0.6528683713219121f,0.051029593993146674f,1.0251835764064072f,-0.48535102982059003f,-0.6710460651292297f,0.5708652083031703f,-0.4430375376740299f,-0.8757863101836855f,1.8224191948599278f,0f,0f,0f,1f], start_interpolation: 0, interpolation_duration: 1 }
$data merge entity $(bone_left_arm2) { transformation: [-0.8694719754254963f,0.054076358596264446f,-0.49101347373636656f,2.269941109153895f,0.061213941091737646f,0.9981234961630596f,0.0015296480798017154f,-1.6221093917027753f,0.4901748028670002f,-0.028726883718896368f,-0.8711506349570655f,2.2887068595956648f,0f,0f,0f,1f], start_interpolation: 0, interpolation_duration: 1 }
$data merge entity $(bone_left_arm1) { transformation: [-1.0617878786618247f,-0.10219705749316976f,-0.3890157697459116f,1.6240190320233965f,0.08332474165550818f,1.01844148293138f,-0.49497973717821936f,-0.7216074977095952f,0.3934901461273321f,-0.49143027402543477f,-0.944898300144741f,1.2567912820457772f,0f,0f,0f,1f], start_interpolation: 0, interpolation_duration: 1 }
$data merge entity $(bone_body2) { transformation: [-1.3668046335798665f,0.19441406651435003f,-0.7752371951928039f,1.118718433538229f,0.07116053474273666f,1.5592789425705427f,0.26557447542198676f,-0.5f,0.7960689143310267f,0.19441397697153764f,-1.3547774480106967f,0.49371843353822914f,0f,0f,0f,1f], start_interpolation: 0, interpolation_duration: 1 }
$data merge entity $(bone_right_leg2) { transformation: [-0.9941818444903243f,0.022374708156580964f,-0.10536523392810547f,-0.5648869874923887f,0.020537823050054305f,0.9996181508081348f,0.018486492346833527f,-2.529336171453634f,0.10573863016977858f,0.01621496252948812f,-0.9942617447533552f,1.8597350606777334f,0f,0f,0f,1f], start_interpolation: 0, interpolation_duration: 1 }
$data merge entity $(bone_right_leg1) { transformation: [-1.3255757926537657f,-0.11471649563185404f,-0.08641019232743981f,-0.29549512883486606f,0.02738376406673907f,0.5856151163572196f,-1.1975319798390498f,-1.625f,0.14098484022637142f,-1.1923392297922786f,-0.5798518894532271f,0.670495128834866f,0f,0f,0f,1f], start_interpolation: 0, interpolation_duration: 1 }
$data merge entity $(bone_left_leg2) { transformation: [-0.7071067811865476f,0.6123724356957945f,-0.3535533905932738f,-0.13721742027982875f,0f,0.5000000000000001f,0.8660254037844386f,-1.573117061317363f,0.7071067811865475f,0.6123724356957946f,-0.35355339059327384f,-1.4693242014663763f,0f,0f,0f,1f], start_interpolation: 0, interpolation_duration: 1 }
$data merge entity $(bone_left_leg1) { transformation: [-0.9428090415820634f,0.8164965809277259f,-0.4714045207910317f,0.5883883476483185f,0f,0.6666666666666667f,1.1547005383792515f,-1.125f,0.9428090415820632f,0.816496580927726f,-0.4714045207910318f,-0.21338834764831838f,0f,0f,0f,1f], start_interpolation: 0, interpolation_duration: 1 }
$data merge entity $(bone_tail3) { transformation: [-0.7071067811865476f,0f,-0.7071067811865475f,-2.4610096462186677f,0f,1f,0f,-0.5625f,0.7071067811865475f,0f,-0.7071067811865476f,-2.3789028650321207f,0f,0f,0f,1f], start_interpolation: 0, interpolation_duration: 1 }
$data merge entity $(bone_tail2) { transformation: [-1.0901229543292608f,0f,-1.0901229543292605f,-1.2235727791422097f,0f,1.5416666666666665f,0f,-0.75f,1.0901229543292605f,0f,-1.0901229543292608f,-0.9646893026590253f,0f,0f,0f,1f], start_interpolation: 0, interpolation_duration: 1 }
$data merge entity $(bone_tail1) { transformation: [-0.7071067811865476f,0f,-0.7071067811865475f,-0.38388347648318444f,0f,1f,0f,-0.75f,0.7071067811865475f,0f,-0.7071067811865476f,-0.3017766952966369f,0f,0f,0f,1f], start_interpolation: 0, interpolation_duration: 1 }
$data merge entity $(bone_body1) { transformation: [-0.9428090415820634f,0f,-0.9428090415820632f,0.5f,0f,1.3333333333333333f,0f,-1.1875f,0.9428090415820632f,0f,-0.9428090415820634f,-0.12499999999999994f,0f,0f,0f,1f], start_interpolation: 0, interpolation_duration: 1 }
data modify entity @s data merge value {"locators":{"hitbox_head":{"posx":1.5575392968941228,"posy":-0.7062379402516927,"posz":2.5454265559930875,"roty":9.882981979175355,"rotx":74.761306420926},"hitbox_neck":{"posx":1.3027895425108784,"posy":-1.0370462396020863,"posz":1.7150729113362388,"roty":351.51743316776805,"rotx":34.48948162655647},"hitbox_right_arm":{"posx":1.0153644840895741,"posy":-2.5394421185967975,"posz":3.537928854506383,"roty":338.8280982931194,"rotx":-0.4019054139378746},"hitbox_left_arm":{"posx":2.5157134858899073,"posy":-2.6248235832239697,"posz":2.7223731356139065,"roty":330.5927461681574,"rotx":0.08764241329091264},"hitbox_tail1":{"posx":-1.6213203435596426,"posy":-1.5,"posz":-1.5392135623730951,"roty":315,"rotx":0},"hitbox_tail2":{"posx":-2.8587572106361008,"posy":-1.875,"posz":-2.7766504294495538,"roty":315,"rotx":0}},"cameras":{}}