# This file was generated by Animated Java via MC-Build. It is not recommended to edit this file directly.
$data merge entity $(bone_jaw) { transformation: [-0.9989678823254333f,0.03302472365198484f,0.031185536871260855f,1.5476204698149243f,0.03989076479857728f,0.30951033390777666f,0.950058987688702f,-0.4326280038273692f,0.021723189591386652f,0.9503224299320763f,-0.31050826430542866f,3.164536992426119f,0f,0f,0f,1f], start_interpolation: 0, interpolation_duration: 1 }
$data merge entity $(bone_head) { transformation: [-1.1238388676161124f,0.037981001291828166f,0.0341854234463104f,1.555217230580771f,0.04487711039839944f,0.37365363563682763f,1.0601858353787184f,-0.19703115152098738f,0.02443858829030998f,1.0604552815259352f,-0.3747830723046675f,3.081251865247304f,0f,0f,0f,1f], start_interpolation: 0, interpolation_duration: 1 }
$data merge entity $(bone_neck) { transformation: [-0.9821775114344762f,0.1333275517047955f,-0.13248056456999335f,1.7970050038985443f,0.041411948106073244f,0.8410346510607053f,0.5393938878679082f,-0.6730789084333479f,0.1833368118694088f,0.5242942682040331f,-0.8315666742612753f,1.7568728765085284f,0f,0f,0f,1f], start_interpolation: 0, interpolation_duration: 1 }
$data merge entity $(bone_right_arm2) { transformation: [-0.9351116885476897f,0.05201211057256161f,-0.35051514987982507f,0.8845320183652183f,0.057904587321680426f,0.9983019682524719f,-0.006343417875782575f,-1.5607274864954435f,0.34959002947537626f,-0.02622823930477486f,-0.9365355790114848f,3.0230015841809887f,0f,0f,0f,1f], start_interpolation: 0, interpolation_duration: 1 }
$data merge entity $(bone_right_arm1) { transformation: [-0.9892266415191597f,-0.19170128757755117f,-0.5233089670493682f,0.6183305980491177f,0.049851337217434816f,1.0314232882534036f,-0.4720718711918918f,-0.6680022506721319f,0.5550824288615173f,-0.43426676563385497f,-0.8902060887117955f,1.8292062888535598f,0f,0f,0f,1f], start_interpolation: 0, interpolation_duration: 1 }
$data merge entity $(bone_left_arm2) { transformation: [-0.8774008424379524f,0.05085580609375982f,-0.477054974479593f,2.229852792913044f,0.05695667733439955f,0.998375244763664f,0.0016755745639464026f,-1.633262742543453f,0.4763650896069067f,-0.025701315718230144f,-0.8788718585630988f,2.306605243170696f,0f,0f,0f,1f], start_interpolation: 0, interpolation_duration: 1 }
$data merge entity $(bone_left_arm1) { transformation: [-1.066332452949835f,-0.09403451790826653f,-0.37850180471457673f,1.5984817657928725f,0.08041210269247973f,1.0252340186691609f,-0.4812484884636012f,-0.7173962361719757f,0.38162809182633f,-0.47877314393111753f,-0.9561941660163753f,1.279216359339396f,0f,0f,0f,1f], start_interpolation: 0, interpolation_duration: 1 }
$data merge entity $(bone_body2) { transformation: [-1.3794720138615808f,0.18642365614320633f,-0.7544850083648571f,1.1046532072458501f,0.06951746107385406f,1.5605435122850952f,0.2584873561998512f,-0.5f,0.7740599007977123f,0.19207969996733942f,-1.3678015584440373f,0.5074709471329943f,0f,0f,0f,1f], start_interpolation: 0, interpolation_duration: 1 }
$data merge entity $(bone_right_leg2) { transformation: [-0.9945029959508846f,0.02203456004123698f,-0.10236341733502001f,-0.5897514543192646f,0.02025948689939333f,0.9996263745431876f,0.018348419774364577f,-2.5342728631621076f,0.1027294711136375f,0.016173728124093956f,-0.9945778331952106f,1.810944576594676f,0f,0f,0f,1f], start_interpolation: 0, interpolation_duration: 1 }
$data merge entity $(bone_right_leg1) { transformation: [-1.3260039946011795f,-0.10848474017839733f,-0.08787630640802901f,-0.3131769320281357f,0.027012649199191108f,0.6240289370891452f,-1.1779796179206201f,-1.593f,0.13697262815151667f,-1.173284588069576f,-0.6184008023227727f,0.6524112664589501f,0f,0f,0f,1f], start_interpolation: 0, interpolation_duration: 1 }
$data merge entity $(bone_left_leg2) { transformation: [-0.722823939580565f,0.5878269686257019f,-0.36329740891664725f,-0.09711973789561623f,0f,0.5257314920233528f,0.8506505735582027f,-1.6149107155466313f,0.6910322368524001f,0.6148705987858073f,-0.38001130822588824f,-1.473146138001388f,0f,0f,0f,1f], start_interpolation: 0, interpolation_duration: 1 }
$data merge entity $(bone_left_leg1) { transformation: [-0.9637652527740866f,0.7837692915009359f,-0.48439654522219633f,0.5903529924475707f,0f,0.7009753226978037f,1.1342007647442702f,-1.125f,0.9213763158032001f,0.8198274650477431f,-0.5066817443011843f,-0.21137902960654997f,0f,0f,0f,1f], start_interpolation: 0, interpolation_duration: 1 }
$data merge entity $(bone_tail3) { transformation: [-0.722823939580565f,0f,-0.6910322368524001f,-2.409593343183508f,0f,1f,0f,-0.5625f,0.6910322368524001f,0f,-0.722823939580565f,-2.4448971587771338f,0f,0f,0f,1f], start_interpolation: 0, interpolation_duration: 1 }
$data merge entity $(bone_tail2) { transformation: [-1.1143535735200376f,0f,-1.0653413651474501f,-1.2042608915328283f,0f,1.5416666666666665f,0f,-0.75f,1.0653413651474501f,0f,-1.1143535735200376f,-1.003223242457024f,0f,0f,0f,1f], start_interpolation: 0, interpolation_duration: 1 }
$data merge entity $(bone_tail1) { transformation: [-0.722823939580565f,0f,-0.6910322368524001f,-0.3796861474295825f,0f,1f,0f,-0.75f,0.6910322368524001f,0f,-0.722823939580565f,-0.3216018362592237f,0f,0f,0f,1f], start_interpolation: 0, interpolation_duration: 1 }
$data merge entity $(bone_body1) { transformation: [-0.9637652527740866f,0f,-0.9213763158032001f,0.5f,0f,1.3333333333333333f,0f,-1.1875f,0.9213763158032001f,0f,-0.9637652527740866f,-0.12499999999999994f,0f,0f,0f,1f], start_interpolation: 0, interpolation_duration: 1 }
data modify entity @s data merge value {"locators":{"hitbox_head":{"posx":1.5246207233502247,"posy":-0.6991125700355356,"posz":2.596216451150859,"roty":5.211749217368748,"rotx":70.45643526365714},"hitbox_neck":{"posx":1.2724784868632573,"posy":-1.0351851645115642,"posz":1.7558767661493797,"roty":350.94802737610485,"rotx":32.64238769463865},"hitbox_right_arm":{"posx":0.9493330021983386,"posy":-2.552238709102419,"posz":3.539346989833717,"roty":339.4807413421023,"rotx":-0.3634535094959272},"hitbox_left_arm":{"posx":2.4723620267114526,"posy":-2.63603556692249,"posz":2.7419696700700436,"roty":331.5067225923524,"rotx":0.0960033956960308},"hitbox_tail1":{"posx":-1.5889925619212828,"posy":-1.5,"posz":-1.5865437305252126,"roty":316.28812500000004,"rotx":0},"hitbox_tail2":{"posx":-2.798298976412983,"posy":-1.875,"posz":-2.8514856247912017,"roty":316.28812500000004,"rotx":0}},"cameras":{}}