# This file was generated by Animated Java via MC-Build. It is not recommended to edit this file directly.
$data merge entity $(bone_jaw) { transformation: [-0.9975628136243639f,0.06971211422930894f,-0.002941768774460827f,1.5111189411574106f,0.026249474567603022f,0.4140196324825612f,0.9098893938297828f,-0.31907687185130384f,0.06464826338554942f,0.9075946039111761f,-0.414840495844545f,3.219571362196358f,0f,0f,0f,1f], start_interpolation: 0, interpolation_duration: 1 }
$data merge entity $(bone_head) { transformation: [-1.1222581653274095f,0.07791954019851195f,-0.009495030869330314f,1.5090089342975594f,0.0295306588885534f,0.5451855704328855f,0.9836288090419969f,-0.10049269206419342f,0.0727292963087431f,0.9809822827385934f,-0.5459021985771934f,3.098259762512537f,0f,0f,0f,1f], start_interpolation: 0, interpolation_duration: 1 }
$data merge entity $(bone_neck) { transformation: [-0.9788140577733695f,0.12865946064588663f,-0.15927894867665504f,1.7323011404482074f,0.03713302458226479f,0.876559685861413f,0.47985857875827753f,-0.6605187753419766f,0.20135585114568652f,0.46377781351510405f,-0.8627664579134643f,1.803820163025206f,0f,0f,0f,1f], start_interpolation: 0, interpolation_duration: 1 }
$data merge entity $(bone_right_arm2) { transformation: [-0.9422474574811716f,0.05369407436184573f,-0.33058535244123033f,0.7719084429554787f,0.05865240217272322f,0.998265774221077f,-0.005033859171953037f,-1.584723314776998f,0.32974175439218645f,-0.024132766049885457f,-0.9437626740940461f,3.0214242649208543f,0f,0f,0f,1f], start_interpolation: 0, interpolation_duration: 1 }
$data merge entity $(bone_right_arm1) { transformation: [-1.0056616192345158f,-0.16800788411693482f,-0.49958889641144616f,0.5519817274981047f,0.047401955246179184f,1.043002370414802f,-0.4461727433319833f,-0.6622569023460917f,0.5249464441082493f,-0.4160413598767546f,-0.916794319700144f,1.8408918817288535f,0f,0f,0f,1f], start_interpolation: 0, interpolation_duration: 1 }
$data merge entity $(bone_left_arm2) { transformation: [-0.8917014577391403f,0.04467993237413247f,-0.4504133811388551f,2.1530925457484025f,0.04903461948989121f,0.9987950725540048f,0.00200228202863173f,-1.6542823197292194f,0.4499601275195106f,-0.020300410953563164f,-0.8928178856618759f,2.337718232284744f,0f,0f,0f,1f], start_interpolation: 0, interpolation_duration: 1 }
$data merge entity $(bone_left_arm1) { transformation: [-1.0744360896598903f,-0.0795566868059637f,-0.35836968310010053f,1.5484170933451478f,0.07473859358756928f,1.0378086346886535f,-0.4544649462155132f,-0.7092239772689114f,0.35940539618842793f,-0.45364631409786066f,-0.9768335527818999f,1.3207614600436157f,0f,0f,0f,1f], start_interpolation: 0, interpolation_duration: 1 }
$data merge entity $(bone_body2) { transformation: [-1.4023905148958387f,0.1712506520867952f,-0.714785633833303f,1.0765911313592826f,0.06610180915063521f,1.5629042416211407f,0.24475564711382092f,-0.5f,0.7320354082977423f,0.18694381542843203f,-1.3914455128807104f,0.5331547441429125f,0f,0f,0f,1f], start_interpolation: 0, interpolation_duration: 1 }
$data merge entity $(bone_right_leg2) { transformation: [-0.9950995078373697f,0.021301233496528696f,-0.0965568586551528f,-0.6362723524831668f,0.019648850808962448f,0.9996443249031275f,0.01803181496294498f,-2.533273327923948f,0.09690661568598868f,0.016046218884744057f,-0.9951641204825419f,1.7121309461779475f,0f,0f,0f,1f], start_interpolation: 0, interpolation_duration: 1 }
$data merge entity $(bone_right_leg1) { transformation: [-1.3267993437831596f,-0.09657761807551735f,-0.08974431904702765f,-0.3461989567551732f,0.026198467745283262f,0.6963792197204862f,-1.136726616388947f,-1.5234375f,0.12920882091465158f,-1.1329194692501865f,-0.6910689796029766f,0.616331454604792f,0f,0f,0f,1f], start_interpolation: 0, interpolation_duration: 1 }
$data merge entity $(bone_left_leg2) { transformation: [-0.7521768504490428f,0.5395316801383933f,-0.37833259412268555f,-0.017717300637758115f,0f,0.5741347756718673f,0.8187608071739967f,-1.6944559877864354f,0.6589612929820372f,0.6158529252112529f,-0.43185088729813287f,-1.474722628762861f,0f,0f,0f,1f], start_interpolation: 0, interpolation_duration: 1 }
$data merge entity $(bone_left_leg1) { transformation: [-1.0029024672653903f,0.7193755735178576f,-0.5044434588302473f,0.5940221063061304f,0f,0.7655130342291564f,1.0916810762319955f,-1.125f,0.8786150573093829f,0.8211372336150038f,-0.5758011830641772f,-0.2073701616227546f,0f,0f,0f,1f], start_interpolation: 0, interpolation_duration: 1 }
$data merge entity $(bone_tail3) { transformation: [-0.7521768504490428f,0f,-0.6589612929820372f,-2.3060081930957836f,0f,1f,0f,-0.5625f,0.6589612929820372f,0f,-0.7521768504490428f,-2.5691714895398263f,0f,0f,0f,1f], start_interpolation: 0, interpolation_duration: 1 }
$data merge entity $(bone_tail2) { transformation: [-1.1596059777756076f,0f,-1.0158986600139739f,-1.1644778750605942f,0f,1.5416666666666665f,0f,-0.75f,1.0158986600139739f,0f,-1.1596059777756076f,-1.0764697333251168f,0f,0f,0f,1f], start_interpolation: 0, interpolation_duration: 1 }
$data merge entity $(bone_tail1) { transformation: [-0.7521768504490428f,0f,-0.6589612929820372f,-0.3703093949610493f,0f,1f,0f,-0.75f,0.6589612929820372f,0f,-0.7521768504490428f,-0.3596519913457635f,0f,0f,0f,1f], start_interpolation: 0, interpolation_duration: 1 }
$data merge entity $(bone_body1) { transformation: [-1.0029024672653903f,0f,-0.8786150573093829f,0.5f,0f,1.3333333333333333f,0f,-1.1875f,0.8786150573093829f,0f,-1.0029024672653903f,-0.12499999999999994f,0f,0f,0f,1f], start_interpolation: 0, interpolation_duration: 1 }
data modify entity @s data merge value {"locators":{"hitbox_head":{"posx":1.4683578094287557,"posy":-0.6766037892607956,"posz":2.7049091050403167,"roty":359.00353882820536,"rotx":60.966573496582924},"hitbox_neck":{"posx":1.214556682403897,"posy":-1.0306444675936588,"posz":1.8384272157690682,"roty":349.5401559486529,"rotx":28.676165978505797},"hitbox_right_arm":{"posx":0.8246165787216748,"posy":-2.576806384276303,"posz":3.5380472276672745,"roty":340.6954378734708,"rotx":-0.2884201033065219},"hitbox_left_arm":{"posx":2.389350645052394,"posy":-2.6571431970156585,"posz":2.7763050780992757,"roty":333.22973291074413,"rotx":0.11472238629180553},"hitbox_tail1":{"posx":-1.5234916576796145,"posy":-1.5,"posz":-1.6759614796315883,"roty":318.779296875,"rotx":0},"hitbox_tail2":{"posx":-2.6766739203981795,"posy":-1.875,"posz":-2.992270967917413,"roty":318.779296875,"rotx":0}},"cameras":{}}