# This file was generated by Animated Java via MC-Build. It is not recommended to edit this file directly.
$data merge entity $(bone_jaw) { transformation: [-0.994774598929677f,0.0963039539359101f,-0.03389757779857598f,1.482014727400413f,0.018301997395176774f,0.49485069063109205f,0.8687852616574928f,-0.22426054096959208f,0.10044169560320725f,0.8636251168407745f,-0.4940274520166984f,3.254615927801851f,0f,0f,0f,1f], start_interpolation: 0, interpolation_duration: 1 }
$data merge entity $(bone_head) { transformation: [-1.1191214237958866f,0.102785362745023f,-0.05125824817960265f,1.4706240055827235f,0.02058974706957387f,0.6734604209137006f,0.9009173789967382f,-0.024056678970316936f,0.11299690755360815f,0.8952715960355915f,-0.6718224975506595f,3.1053220394572603f,0f,0f,0f,1f], start_interpolation: 0, interpolation_duration: 1 }
$data merge entity $(bone_neck) { transformation: [-0.9756414267889034f,0.12348911093826503f,-0.18131256385863f,1.6799210804701317f,0.03429307013562336f,0.9022032793509925f,0.42994561059393094f,-0.6504633897409893f,0.21667439090484622f,0.4132549844926154f,-0.8844617154620217f,1.8392762791685406f,0f,0f,0f,1f], start_interpolation: 0, interpolation_duration: 1 }
$data merge entity $(bone_right_arm2) { transformation: [-0.9475288157031352f,0.05457982337452745f,-0.3149764853010767f,0.6832697323347803f,0.05883761127600604f,0.9982594817734418f,-0.004017779082156003f,-1.6034590781895068f,0.3142089733148109f,-0.022339425458699436f,-0.9490909709604385f,3.01685522446239f,0f,0f,0f,1f], start_interpolation: 0, interpolation_duration: 1 }
$data merge entity $(bone_right_arm1) { transformation: [-1.0179152534485891f,-0.15024794502540284f,-0.48004697557299775f,0.4990781373112855f,0.04536192621661009f,1.0517479271525774f,-0.42536995700756725f,-0.6577254646828367f,0.5009609160314381f,-0.4005282258347647f,-0.9369025071281657f,1.8486813766955785f,0f,0f,0f,1f], start_interpolation: 0, interpolation_duration: 1 }
$data merge entity $(bone_left_arm2) { transformation: [-0.9023153991806944f,0.039888907018468936f,-0.42922697433672125f,2.092020750905143f,0.04308292987118871f,0.9990689046064081f,0.002277060004915843f,-1.6704531804822307f,0.4289181525129224f,-0.016437729326877426f,-0.9031937884526652f,2.359730537813168f,0f,0f,0f,1f], start_interpolation: 0, interpolation_duration: 1 }
$data merge entity $(bone_left_arm1) { transformation: [-1.0804080180574251f,-0.06901586331389033f,-0.34223724530318f,1.5076547187098877f,0.07024902178263837f,1.0472722974428235f,-0.4329628354626489f,-0.7026712264387439f,0.3419862517708175f,-0.433161116173085f,-0.9922640061898237f,1.3523164323708508f,0f,0f,0f,1f], start_interpolation: 0, interpolation_duration: 1 }
$data merge entity $(bone_body2) { transformation: [-1.4194781515980328f,0.15943525619413043f,-0.6830861004753275f,1.053457308083553f,0.06325699802683243f,1.5647044442661855f,0.2337584196103441f,-0.5f,0.6985876994199872f,0.18227683786044893f,-1.4091468429667402f,0.5527241386647721f,0f,0f,0f,1f], start_interpolation: 0, interpolation_duration: 1 }
$data merge entity $(bone_right_leg2) { transformation: [-0.9955512987967967f,0.020648562508542537f,-0.0919306713254179f,-0.671752667957452f,0.019096552206583628f,0.9996604223885328f,0.01773024545236529f,-2.5286575168386154f,0.09226555780914364f,0.01589581002373608f,-0.9956075482165937f,1.6294050795286712f,0f,0f,0f,1f], start_interpolation: 0, interpolation_duration: 1 }
$data merge entity $(bone_right_leg1) { transformation: [-1.3274017317290623f,-0.08729353110352936f,-0.09034522570640635f,-0.3713596068547069f,0.02546206960877817f,0.7520224564345215f,-1.1007232557764932f,-1.4670625f,0.12302074374552485f,-1.0975517492234446f,-0.7470099277537298f,0.5865879675359966f,0f,0f,0f,1f], start_interpolation: 0, interpolation_duration: 1 }
$data merge entity $(bone_left_leg2) { transformation: [-0.7745418727597395f,0.5005701532208552f,-0.38667093121449553f,0.04686667512036058f,0f,0.6113155610578844f,0.7913869374765318f,-1.7564577010592928f,0.6325226378097748f,0.6129623206306678f,-0.4734894995089447f,-1.4703601234080175f,0f,0f,0f,1f], start_interpolation: 0, interpolation_duration: 1 }
$data merge entity $(bone_left_leg1) { transformation: [-1.032722497012986f,0.6674268709611402f,-0.5155612416193274f,0.5968177340949674f,0f,0.8150874147438458f,1.0551825833020423f,-1.125f,0.8433635170796997f,0.8172830941742237f,-0.6313193326785929f,-0.2040653297262218f,0f,0f,0f,1f], start_interpolation: 0, interpolation_duration: 1 }
$data merge entity $(bone_tail3) { transformation: [-0.7745418727597395f,0f,-0.6325226378097748f,-2.2196981633034145f,0f,1f,0f,-0.5625f,0.6325226378097748f,0f,-0.7745418727597395f,-2.664861836896652f,0f,0f,0f,1f], start_interpolation: 0, interpolation_duration: 1 }
$data merge entity $(bone_tail2) { transformation: [-1.194085387171265f,0f,-0.9751390666234028f,-1.130535951505054f,0f,1.5416666666666665f,0f,-0.75f,0.9751390666234028f,0f,-1.194085387171265f,-1.1335304957459187f,0f,0f,0f,1f], start_interpolation: 0, interpolation_duration: 1 }
$data merge entity $(bone_tail1) { transformation: [-0.7745418727597395f,0f,-0.6325226378097748f,-0.3616629147372008f,0f,1f,0f,-0.75f,0.6325226378097748f,0f,-0.7745418727597395f,-0.38964508566491723f,0f,0f,0f,1f], start_interpolation: 0, interpolation_duration: 1 }
$data merge entity $(bone_body1) { transformation: [-1.032722497012986f,0f,-0.8433635170796997f,0.5f,0f,1.3333333333333333f,0f,-1.1875f,0.8433635170796997f,0f,-1.032722497012986f,-0.12499999999999994f,0f,0f,0f,1f], start_interpolation: 0, interpolation_duration: 1 }
data modify entity @s data merge value {"locators":{"hitbox_head":{"posx":1.4277594285520447,"posy":-0.6484561847548,"posz":2.794566290979337,"roty":355.6369393451598,"rotx":53.20804260807467},"hitbox_neck":{"posx":1.1684560209561594,"posy":-1.0253862857540412,"posz":1.9032005698689858,"roty":348.4150035698141,"rotx":25.46410850423045},"hitbox_right_arm":{"posx":0.7269576006293452,"posy":-2.5960323197171205,"posz":3.5333781962334845,"roty":341.6404522860637,"rotx":-0.23020240376857015},"hitbox_left_arm":{"posx":2.323140043503828,"posy":-2.6733532982080463,"posz":2.8009577768343203,"roty":334.58141741596387,"rotx":0.13046604072433451},"hitbox_tail1":{"posx":-1.4685775309043065,"posy":-1.5,"posz":-1.7450933629944614,"roty":320.763515625,"rotx":0},"hitbox_tail2":{"posx":-2.575492147071413,"posy":-1.875,"posz":-3.1005416403240056,"roty":320.763515625,"rotx":0}},"cameras":{}}