# This file was generated by Animated Java via MC-Build. It is not recommended to edit this file directly.
$data merge entity $(bone_jaw) { transformation: [-0.9843753480771587f,0.13867703025571762f,-0.1085073978004585f,1.4007080476550384f,0.01005048102369253f,0.6594750279984741f,0.7516592813752814f,-0.00812796464933313f,0.1757957961077698f,0.7388243151966958f,-0.6505647310951992f,3.304214814787662f,0f,0f,0f,1f], start_interpolation: 0, interpolation_duration: 1 }
$data merge entity $(bone_head) { transformation: [-1.1074222665868034f,0.12560207612418672f,-0.1531830341161841f,1.3666673734069976f,0.011306791151654097f,0.90860869449146f,0.6632702290683472f,0.13926541958807737f,0.19777027062124103f,0.6513672994308347f,-0.8956743611885865f,3.105176067856865f,0f,0f,0f,1f], start_interpolation: 0, interpolation_duration: 1 }
$data merge entity $(bone_neck) { transformation: [-0.9684118765108964f,0.10531402001845333f,-0.22602520793087796f,1.5553316839490008f,0.02952190366601195f,0.9484834688102668f,0.31544819954721326f,-0.6269575557237264f,0.24760229125874125f,0.2988110884508748f,-0.9216317262237802f,1.9150623631916186f,0f,0f,0f,1f], start_interpolation: 0, interpolation_duration: 1 }
$data merge entity $(bone_right_arm2) { transformation: [-0.9586564787025403f,0.055153226593528906f,-0.27916997947123295f,0.48067046351540654f,0.05797105813160551f,0.9983165666035385f,-0.00184099538969007f,-1.6452687913793982f,0.2785984785686164f,-0.017948661266113886f,-0.9602399352755573f,2.9952115307784437f,0f,0f,0f,1f], start_interpolation: 0, interpolation_duration: 1 }
$data merge entity $(bone_right_arm1) { transformation: [-1.0437949745288395f,-0.1127308551389679f,-0.43238271518692806f,0.3758310349467642f,0.040455379905007624f,1.070334977063183f,-0.3767192669035412f,-0.6472405886530027f,0.44500159587300886f,-0.36172613690364847f,-0.9799483601168392f,1.8612286601934769f,0f,0f,0f,1f], start_interpolation: 0, interpolation_duration: 1 }
$data merge entity $(bone_left_arm2) { transformation: [-0.9245597764043015f,0.029439282971580785f,-0.37989807642754286f,1.9500568594149352f,0.030635416526357755f,0.9995264233513845f,0.002898323074719489f,-1.7058279186275271f,0.3798034901228326f,-0.008958662875009793f,-0.925023811180019f,2.4021511206496116f,0f,0f,0f,1f], start_interpolation: 0, interpolation_duration: 1 }
$data merge entity $(bone_left_arm1) { transformation: [-1.0928645841742468f,-0.04758647506183551f,-0.304226124771171f,1.410049908791853f,0.06007575693470653f,1.0672698942046634f,-0.38274911273252193f,-0.6873248182836524f,0.30200813073627153f,-0.3845016349250026f,-1.0247539161445676f,1.4203096477688442f,0f,0f,0f,1f], start_interpolation: 0, interpolation_duration: 1 }
$data merge entity $(bone_body2) { transformation: [-1.4555673039301251f,0.13308411814176f,-0.6087338381201272f,0.9974121157290792f,0.05641484170239597f,1.5685924978711498f,0.20803698157415446f,-0.5f,0.6205526841531868f,0.1695601296449774f,-1.4467578142417268f,0.5948653951440652f,0f,0f,0f,1f], start_interpolation: 0, interpolation_duration: 1 }
$data merge entity $(bone_right_leg2) { transformation: [-0.9965168149018381f,0.018919818147563425f,-0.08121747409984562f,-0.7480452191575209f,0.017606946721724165f,0.9997029787314853f,0.016850808364414327f,-2.5148033283462485f,0.08151216501255698f,0.015362122140478385f,-0.9965539484434884f,1.4252763436982074f,0f,0f,0f,1f], start_interpolation: 0, interpolation_duration: 1 }
$data merge entity $(bone_right_leg1) { transformation: [-1.328689086535784f,-0.06680309654485657f,-0.08888439340233067f,-0.4255412223280839f,0.023475928962298886f,0.8732887817946603f,-1.0072702527766484f,-1.3438125f,0.10868288668340931f,-1.0053267268213824f,-0.8690707567618096f,0.5145298630802446f,0f,0f,0f,1f], start_interpolation: 0, interpolation_duration: 1 }
$data merge entity $(bone_left_leg2) { transformation: [-0.8227033087360746f,0.4102418042754001f,-0.3935237322190106f,0.1986528944037088f,0f,0.6922494543321077f,0.7216582937768394f,-1.8945903737971426f,0.5684709894046619f,0.5937106660670359f,-0.5695159165497672f,-1.4406683010954973f,0f,0f,0f,1f], start_interpolation: 0, interpolation_duration: 1 }
$data merge entity $(bone_left_leg1) { transformation: [-1.0969377449814326f,0.5469890723672001f,-0.5246983096253475f,0.6028379135920093f,0f,0.9229992724428102f,0.9622110583691192f,-1.125f,0.7579613192062158f,0.7916142214227145f,-0.7593545553996895f,-0.19605887367558267f,0f,0f,0f,1f], start_interpolation: 0, interpolation_duration: 1 }
$data merge entity $(bone_tail3) { transformation: [-0.8227033087360746f,0f,-0.5684709894046619f,-2.007588427797728f,0f,1f,0f,-0.5625f,0.5684709894046619f,0f,-0.8227033087360746f,-2.874482956261944f,0f,0f,0f,1f], start_interpolation: 0, interpolation_duration: 1 }
$data merge entity $(bone_tail2) { transformation: [-1.2683342676347815f,0f,-0.876392775332187f,-1.0445432362559963f,0f,1.5416666666666665f,0f,-0.75f,0.876392775332187f,0f,-1.2683342676347815f,-1.2608553787062213f,0f,0f,0f,1f], start_interpolation: 0, interpolation_duration: 1 }
$data merge entity $(bone_tail1) { transformation: [-0.8227033087360746f,0f,-0.5684709894046619f,-0.3377048964215337f,0f,1f,0f,-0.75f,0.5684709894046619f,0f,-0.8227033087360746f,-0.4577919868497249f,0f,0f,0f,1f], start_interpolation: 0, interpolation_duration: 1 }
$data merge entity $(bone_body1) { transformation: [-1.0969377449814326f,0f,-0.7579613192062158f,0.5f,0f,1.3333333333333333f,0f,-1.1875f,0.7579613192062158f,0f,-1.0969377449814326f,-0.12499999999999994f,0f,0f,0f,1f], start_interpolation: 0, interpolation_duration: 1 }
data modify entity @s data merge value {"locators":{"hitbox_head":{"posx":1.339439285036945,"posy":-0.5497589187594969,"posz":2.992103779614342,"roty":350.2948654732345,"rotx":36.12675092803913},"hitbox_neck":{"posx":1.0598861391779923,"posy":-1.007308929637972,"posz":2.042013316429884,"roty":346.22047887471604,"rotx":18.387873304572476},"hitbox_right_arm":{"posx":0.5051861967385853,"posy":-2.6390416691548664,"posz":3.510692564592875,"roty":343.7892990260379,"rotx":-0.10548132551635184},"hitbox_left_arm":{"posx":2.168351600682395,"posy":-2.708718217049169,"posz":2.8498839709819537,"roty":337.6725317458016,"rotx":0.1660619123416939},"hitbox_tail1":{"posx":-1.332529127879692,"posy":-1.5,"posz":-1.8975227771378553,"roty":325.356328125,"rotx":0},"hitbox_tail2":{"posx":-2.3273533593378506,"posy":-1.875,"posz":-3.337253567425986,"roty":325.356328125,"rotx":0}},"cameras":{}}