# This file was generated by Animated Java via MC-Build. It is not recommended to edit this file directly.
$data merge entity $(bone_jaw) { transformation: [-0.9811111212858451f,0.14517108279377303f,-0.127852745022214f,1.373818798012793f,0.009891058325515902f,0.6977076653827198f,0.7163143029644151f,0.047640127595655335f,0.19319196322423215f,0.7015193300164136f,-0.6859646455604609f,3.3109226513415377f,0f,0f,0f,1f], start_interpolation: 0, interpolation_duration: 1 }
$data merge entity $(bone_head) { transformation: [-1.1037500114465757f,0.12391947655775455f,-0.17889906528916263f,1.334063450170757f,0.01112744061620539f,0.9557316825595696f,0.5933617202155755f,0.17949828764356102f,0.21734095862726116f,0.5803842815596457f,-0.9389046774947267f,3.1022771674538205f,0f,0f,0f,1f], start_interpolation: 0, interpolation_duration: 1 }
$data merge entity $(bone_neck) { transformation: [-0.9667356668839796f,0.09916462996199299f,-0.23577219203902788f,1.520503958246419f,0.02859240967983601f,0.9579063676857446f,0.28565339986739824f,-0.6204800454701996f,0.25417439777264694f,0.2694100349125924f,-0.9288776069027114f,1.934228750864415f,0f,0f,0f,1f], start_interpolation: 0, interpolation_duration: 1 }
$data merge entity $(bone_right_arm2) { transformation: [-0.9614528680935407f,0.05495721451556708f,-0.26942176416799507f,0.42597109051634346f,0.05743049699384519f,0.9983486605162689f,-0.0013000232350564023f,-1.6562736596162884f,0.2689054117152439f,-0.016722936885059714f,-0.9630214031537376f,2.9866530059958003f,0f,0f,0f,1f], start_interpolation: 0, interpolation_duration: 1 }
$data merge entity $(bone_right_arm1) { transformation: [-1.0502852500656417f,-0.10336200756024197f,-0.41879373900777617f,0.3419762077169447f,0.03908208729124639f,1.0750033831516919f,-0.3633336257626323f,-0.6443659132122325f,0.4295864184212024f,-0.35050681669544975f,-0.9908438259900045f,1.863284712678341f,0f,0f,0f,1f], start_interpolation: 0, interpolation_duration: 1 }
$data merge entity $(bone_left_arm2) { transformation: [-0.9300951278822609f,0.026772603623961277f,-0.3663417540833627f,1.9111261199444527f,0.02757032205661171f,0.9996151972446531f,0.0030552870942056054f,-1.7149720126659607f,0.3662825827573235f,-0.007258452502260149f,-0.9304753540185235f,2.41174137437762f,0f,0f,0f,1f], start_interpolation: 0, interpolation_duration: 1 }
$data merge entity $(bone_left_arm1) { transformation: [-1.0959581257977655f,-0.04242049519956454f,-0.2936788978277417f,1.3826258132865714f,0.05736402204255086f,1.0722648438834037f,-0.3689559329936917f,-0.6830894492439261f,0.2911291164026629f,-0.37097117556916404f,-1.0328577982587348f,1.437639454059168f,0f,0f,0f,1f], start_interpolation: 0, interpolation_duration: 1 }
$data merge entity $(bone_body2) { transformation: [-1.4646179633942895f,0.12615318092503916f,-0.5881530758992108f,0.981543145354042f,0.05449979145201333f,1.5695843844926876f,0.20094545810453962f,-0.5f,0.5990562899084658f,0.16563417323623336f,-1.456242193668999f,0.6055759366161304f,0f,0f,0f,1f], start_interpolation: 0, interpolation_duration: 1 }
$data merge entity $(bone_right_leg2) { transformation: [-0.996760703338478f,0.018398456290837056f,-0.07829174341076484f,-0.7673628380056028f,0.017151954481146342f,0.9997156803659073f,0.01656408427917644f,-2.5111895710696426f,0.07857423711153405f,0.015167571877038821f,-0.9967928741848506f,1.3667160633733852f,0f,0f,0f,1f], start_interpolation: 0, interpolation_duration: 1 }
$data merge entity $(bone_right_leg1) { transformation: [-1.3290142711179707f,-0.0615145943904584f,-0.08783393205091486f,-0.43931191850645335f,0.022869272641528455f,0.904408743603335f,-0.9794384098249682f,-1.313f,0.10476564948204539f,-0.977772241858293f,-0.900423999856618f,0.4941269011694825f,0f,0f,0f,1f], start_interpolation: 0, interpolation_duration: 1 }
$data merge entity $(bone_left_leg2) { transformation: [-0.8349439275612919f,0.3858719104369675f,-0.3923920317287919f,0.2401585826122577f,0f,0.713005742217053f,0.7011581929675422f,-1.9308338191346568f,0.5503350232617622f,0.5854277754780979f,-0.5953198147804603f,-1.4277573809995405f,0f,0f,0f,1f], start_interpolation: 0, interpolation_duration: 1 }
$data merge entity $(bone_left_leg1) { transformation: [-1.1132585700817224f,0.5144958805826233f,-0.5231893756383892f,0.6043679909451615f,0f,0.9506743229560707f,0.9348775906233896f,-1.125f,0.7337800310156829f,0.7805703673041304f,-0.7937597530406136f,-0.19379187790772023f,0f,0f,0f,1f], start_interpolation: 0, interpolation_duration: 1 }
$data merge entity $(bone_tail3) { transformation: [-0.8349439275612919f,0f,-0.5503350232617622f,-1.946832362058394f,0f,1f,0f,-0.5625f,0.5503350232617622f,0f,-0.8349439275612919f,-2.9286882212513827f,0f,0f,0f,1f], start_interpolation: 0, interpolation_duration: 1 }
$data merge entity $(bone_tail2) { transformation: [-1.2872052216569916f,0f,-0.8484331608618834f,-1.0193221843877514f,0f,1.5416666666666665f,0f,-0.75f,0.8484331608618834f,0f,-1.2872052216569916f,-1.2943764791662402f,0f,0f,0f,1f], start_interpolation: 0, interpolation_duration: 1 }
$data merge entity $(bone_tail1) { transformation: [-0.8349439275612919f,0f,-0.5503350232617622f,-0.3302232312269675f,0f,1f,0f,-0.75f,0.5503350232617622f,0f,-0.8349439275612919f,-0.4760404340400878f,0f,0f,0f,1f], start_interpolation: 0, interpolation_duration: 1 }
$data merge entity $(bone_body1) { transformation: [-1.1132585700817224f,0f,-0.7337800310156829f,0.5f,0f,1.3333333333333333f,0f,-1.1875f,0.7337800310156829f,0f,-1.1132585700817224f,-0.12499999999999994f,0f,0f,0f,1f], start_interpolation: 0, interpolation_duration: 1 }
data modify entity @s data merge value {"locators":{"hitbox_head":{"posx":1.314913481330105,"posy":-0.5162864582827487,"posz":3.040648310335886,"roty":349.2121642627957,"rotx":31.832152228150395},"hitbox_neck":{"posx":1.0294209125735603,"posy":-1.0011054034958606,"posz":2.076396887521355,"roty":345.75768773635775,"rotx":16.59790938721433},"hitbox_right_arm":{"posx":0.4456339538289276,"posy":-2.6503829024529137,"posz":3.5016932326899317,"roty":344.3701250978245,"rotx":-0.07448586561862067},"hitbox_left_arm":{"posx":2.125655338854814,"posy":-2.717837998586255,"posz":2.8613448424668095,"roty":338.50971481982583,"rotx":0.17505532804996501},"hitbox_tail1":{"posx":-1.2933095219350514,"posy":-1.5,"posz":-1.9371923072723485,"roty":326.61,"rotx":0},"hitbox_tail2":{"posx":-2.2563958126431354,"posy":-1.875,"posz":-3.3983441805046093,"roty":326.61,"rotx":0}},"cameras":{}}