# This file was generated by Animated Java via MC-Build. It is not recommended to edit this file directly.
$data merge entity $(bone_jaw) { transformation: [-0.9745901782501207f,0.15214816266233172f,-0.1643925821224128f,1.3105929311329814f,0.011635124042197189f,0.7673053950445571f,0.6411763054137597f,0.15637933717954708f,0.22369311197915842f,0.6229714016983386f,-0.7495785644741229f,3.317571740177369f,0f,0f,0f,1f], start_interpolation: 0, interpolation_duration: 1 }
$data merge entity $(bone_head) { transformation: [-1.096413950531386f,0.11234035513104881f,-0.22556837918730832f,1.260466624646913f,0.013089514547471837f,1.0310517333855187f,0.4498733018213335f,0.2563511820287323f,0.2516547509765532f,0.43581758534018217f,-1.0061599865921829f,3.093980632045773f,0f,0f,0f,1f], start_interpolation: 0, interpolation_duration: 1 }
$data merge entity $(bone_neck) { transformation: [-0.9640100820105417f,0.08552677507240469f,-0.2517334553207867f,1.4470660346896147f,0.027049772750196016f,0.9734828064237782f,0.22715531116715632f,-0.6069354958483155f,0.26448605176112977f,0.21217067738733164f,-0.9407607198862046f,1.9719381765336268f,0f,0f,0f,1f], start_interpolation: 0, interpolation_duration: 1 }
$data merge entity $(bone_right_arm2) { transformation: [-0.966951209092446f,0.054073126738301516f,-0.24916150625528058f,0.313231507421592f,0.055901164112874116f,0.9984362731435019f,-0.0002613850421427921f,-1.6785467608799778f,0.24875775180983234f,-0.014181164834325966f,-0.9684619122497589f,2.9652915826863193f,0f,0f,0f,1f], start_interpolation: 0, interpolation_duration: 1 }
$data merge entity $(bone_right_arm1) { transformation: [-1.06300005036719f,-0.0851120829766061f,-0.3898176922552116f,0.27137748326672373f,0.0361917714429349f,1.0841433479757503f,-0.33540179436639533f,-0.6383651987380106f,0.3973563332119143f,-0.3264355086625207f,-1.0122839572397992f,1.8656374059371281f,0f,0f,0f,1f], start_interpolation: 0, interpolation_duration: 1 }
$data merge entity $(bone_left_arm2) { transformation: [-0.9408803112065607f,0.02152487745686088f,-0.3380546104319725f,1.8300236465817914f,0.021667226522710394f,0.9997596160529278f,0.003352820382299837f,-1.7332532309806479f,0.3380455165782548f,-0.00417010313655819f,-0.9411205230793617f,2.429005573719273f,0f,0f,0f,1f], start_interpolation: 0, interpolation_duration: 1 }
$data merge entity $(bone_left_arm1) { transformation: [-1.1019846379754383f,-0.03259275855270335f,-0.2715484794663952f,1.3246252395938478f,0.05183192259850775f,1.0820080234308493f,-0.3402103701762384f,-0.6742249355805515f,0.26854108886784606f,-0.3425891946130759f,-1.048660733635278f,1.471926543672112f,0f,0f,0f,1f], start_interpolation: 0, interpolation_duration: 1 }
$data merge entity $(bone_body2) { transformation: [-1.4823486940900266f,0.11214532725467162f,-0.5449864394175139f,0.9478489254583979f,0.050469259259872536f,1.57154687051573f,0.18611214921766908f,-0.5f,0.5541115839285412f,0.1568703407008564f,-1.4748886375618484f,0.6267022947721781f,0f,0f,0f,1f], start_interpolation: 0, interpolation_duration: 1 }
$data merge entity $(bone_right_leg2) { transformation: [-0.9972401000962475f,0.01725294986033137f,-0.07221162289509342f,-0.8053033066932179f,0.016144856922051365f,0.9997432214691608f,0.015900777384489306f,-2.504859845515686f,0.07246741581561172f,0.01469104651076597f,-0.9972625766554292f,1.2415219585766453f,0f,0f,0f,1f], start_interpolation: 0, interpolation_duration: 1 }
$data merge entity $(bone_right_leg1) { transformation: [-1.3296534667949966f,-0.051030312523140976f,-0.08482536897423479f,-0.4664743789928002f,0.021526475896068487f,0.9661276196660364f,-0.9186467281451083f,-1.254f,0.0966232210874823f,-0.9174808485739672f,-0.9626373270471339f,0.4508057613036545f,0f,0f,0f,1f], start_interpolation: 0, interpolation_duration: 1 }
$data merge entity $(bone_left_leg2) { transformation: [-0.8590883368824891f,0.3361090735556995f,-0.3860024871759355f,0.32576159796244664f,0f,0.7541654273999556f,0.6566844814023262f,-2.003898901449209f,0.5118273433810262f,0.5641499789844642f,-0.6478947227592995f,-1.3943463673429615f,0f,0f,0f,1f], start_interpolation: 0, interpolation_duration: 1 }
$data merge entity $(bone_left_leg1) { transformation: [-1.1454511158433187f,0.4481454314075993f,-0.5146699829012473f,0.6073860421103111f,0f,1.0055539031999408f,0.8755793085364348f,-1.125f,0.6824364578413682f,0.7521999719792856f,-0.8638596303457327f,-0.1889784179226282f,0f,0f,0f,1f], start_interpolation: 0, interpolation_duration: 1 }
$data merge entity $(bone_tail3) { transformation: [-0.8590883368824891f,0f,-0.5118273433810262f,-1.8169074971587786f,0f,1f,0f,-0.5625f,0.5118273433810262f,0f,-0.8590883368824891f,-3.0369745705636655f,0f,0f,0f,1f], start_interpolation: 0, interpolation_duration: 1 }
$data merge entity $(bone_tail2) { transformation: [-1.3244278526938371f,0f,-0.789067154379082f,-0.9646172704296657f,0f,1.5416666666666665f,0f,-0.75f,0.789067154379082f,0f,-1.3244278526938371f,-1.3622055209863702f,0f,0f,0f,1f], start_interpolation: 0, interpolation_duration: 1 }
$data merge entity $(bone_tail1) { transformation: [-0.8590883368824891f,0f,-0.5118273433810262f,-0.3134146759770142f,0f,1f,0f,-0.75f,0.5118273433810262f,0f,-0.8590883368824891f,-0.5134025809713537f,0f,0f,0f,1f], start_interpolation: 0, interpolation_duration: 1 }
$data merge entity $(bone_body1) { transformation: [-1.1454511158433187f,0f,-0.6824364578413682f,0.5f,0f,1.3333333333333333f,0f,-1.1875f,0.6824364578413682f,0f,-1.1454511158433187f,-0.12499999999999994f,0f,0f,0f,1f], start_interpolation: 0, interpolation_duration: 1 }
data modify entity @s data merge value {"locators":{"hitbox_head":{"posx":1.2607131993483605,"posy":-0.44142014258025963,"posz":3.1313486364657224,"roty":347.3639399721685,"rotx":23.571138210148533},"hitbox_neck":{"posx":0.9644551349472905,"posy":-0.9868610757780288,"posz":2.142212288379718,"roty":345.0194707666701,"rotx":13.1296506564461},"hitbox_right_arm":{"posx":0.3233046832426529,"posy":-2.6733585187453537,"posz":3.4792510631336393,"roty":345.57209949270134,"rotx":-0.014976259913165028},"hitbox_left_arm":{"posx":2.036331093791327,"posy":-2.7360434588823948,"posz":2.882608093609371,"roty":340.241489650672,"rotx":0.19210281728994602},"hitbox_tail1":{"posx":-1.20911252689381,"posy":-1.5,"posz":-2.0168071705157096,"roty":329.214375,"rotx":0},"hitbox_tail2":{"posx":-2.104810377810606,"posy":-1.875,"posz":-3.5202117600600658,"roty":329.214375,"rotx":0}},"cameras":{}}