# This file was generated by Animated Java via MC-Build. It is not recommended to edit this file directly.
$data merge entity $(bone_jaw) { transformation: [-0.9947777672782389f,0.09960250596425095f,-0.022283054875022582f,0.9002371305791079f,0.0033449083815327747f,0.2500205053262338f,0.9682347641477937f,-0.5438016697237931f,0.10200982951089105f,0.9631038821030969f,-0.24904800131922958f,3.4794963862876367f,0f,0f,0f,1f], start_interpolation: 0, interpolation_duration: 1 }
$data merge entity $(bone_head) { transformation: [-1.1191249881880188f,0.1121358718093949f,-0.024694271941358256f,0.8947495145921395f,0.0037630219292243716f,0.27763560766039513f,1.0901969129588487f,-0.30153568906627115f,0.11476105819975244f,1.0844210508896395f,-0.2765608141228309f,3.4180384275936744f,0f,0f,0f,1f], start_interpolation: 0, interpolation_duration: 1 }
$data merge entity $(bone_neck) { transformation: [-0.9859987190367442f,0.09734504059347047f,-0.1353900628914659f,1.1743153423806332f,0.000749838482734036f,0.8145004131525915f,0.5801624899254585f,-0.6959352742178316f,0.16675120329445697f,0.5719379512203343f,-0.8031693570808944f,2.074403650146614f,0f,0f,0f,1f], start_interpolation: 0, interpolation_duration: 1 }
$data merge entity $(bone_right_arm2) { transformation: [-0.9510238529310493f,-0.01366467110618444f,-0.30881532980041904f,0.2932090383980864f,-0.018324612899842725f,0.99975772458661f,0.012194289297648542f,-1.635139206735961f,0.3085738804861044f,0.01725598136773554f,-0.9510438430423613f,3.0754793669455838f,0f,0f,0f,1f], start_interpolation: 0, interpolation_duration: 1 }
$data merge entity $(bone_right_arm1) { transformation: [-1.0100921689040723f,-0.24953864315520874f,-0.454549538373287f,0.00752671268183791f,-0.036554690006807035f,1.0270892669158893f,-0.48262034703183754f,-0.7300296156579331f,0.517250975737714f,-0.41471569816306986f,-0.9217555666986473f,1.895593361048437f,0f,0f,0f,1f], start_interpolation: 0, interpolation_duration: 1 }
$data merge entity $(bone_left_arm2) { transformation: [-0.9591087606356012f,0.01936936951864702f,-0.28237424244518305f,1.514895680468931f,0.016593673433504978f,0.9997876596415084f,0.012218249896672417f,-1.6343138367431622f,0.2825509427944332f,0.00703300455036493f,-0.9592265121299407f,2.6990242210306237f,0f,0f,0f,1f], start_interpolation: 0, interpolation_duration: 1 }
$data merge entity $(bone_left_arm1) { transformation: [-1.1257512589560164f,-0.03002806157033301f,-0.1447529807006287f,1.08269595337917f,0.034619214083856355f,1.0272881847953315f,-0.4823396130742041f,-0.7293370179924282f,0.14372411043246858f,-0.4826471877496905f,-1.0176276721778719f,1.5644806549092793f,0f,0f,0f,1f], start_interpolation: 0, interpolation_duration: 1 }
$data merge entity $(bone_body2) { transformation: [-1.513201153574023f,0.0825358259331639f,-0.4586442528847618f,0.7546566459747377f,-0.0009747670847846045f,1.5577381909761983f,0.2835405132388956f,-0.5f,0.4660104753069626f,0.2712637282354137f,-1.4886889101126692f,0.7121230451139768f,0f,0f,0f,1f], start_interpolation: 0, interpolation_duration: 1 }
$data merge entity $(bone_right_leg2) { transformation: [-0.9265576501706729f,0.006795634269809059f,0.3760913988182554f,-1.375215283545835f,0.020551297683803316f,0.9992579647353499f,0.03257551344918658f,-2.5405467019550234f,-0.3755909544620487f,0.03791225748801341f,-0.9260097708223439f,1.125478364723086f,0f,0f,0f,1f], start_interpolation: 0, interpolation_duration: 1 }
$data merge entity $(bone_right_leg1) { transformation: [-1.2354102002275638f,0.4614522611861765f,0.1964719460829795f,-0.5763010580036845f,0.027401730245071088f,0.5836419869690541f,-1.1984944530552357f,-1.6381172839506173f,-0.5007879392827316f,-1.1064364507149775f,-0.5502613907734905f,0.20241568768180573f,0f,0f,0f,1f], start_interpolation: 0, interpolation_duration: 1 }
$data merge entity $(bone_left_leg2) { transformation: [-0.9567120515588305f,0.2520447138933292f,-0.14551808341413588f,0.5705673484908371f,0f,0.5000000000000001f,0.8660254037844386f,-1.573117061317363f,0.2910361668282717f,0.8285369407566748f,-0.4783560257794154f,-1.611026193807923f,0f,0f,0f,1f], start_interpolation: 0, interpolation_duration: 1 }
$data merge entity $(bone_left_leg1) { transformation: [-1.2756160687451072f,0.33605961852443894f,-0.19402411121884783f,0.6195890064448538f,0f,0.6666666666666667f,1.1547005383792515f,-1.125f,0.3880482224376956f,1.1047159210088997f,-0.6378080343725538f,-0.1613795208535339f,0f,0f,0f,1f], start_interpolation: 0, interpolation_duration: 1 }
$data merge entity $(bone_tail3) { transformation: [-0.9567120515588305f,0f,-0.2910361668282717f,-1.0515518909586672f,0f,1f,0f,-0.5625f,0.2910361668282717f,0f,-0.9567120515588305f,-3.5073576067090517f,0f,0f,0f,1f], start_interpolation: 0, interpolation_duration: 1 }
$data merge entity $(bone_tail2) { transformation: [-1.4749310794865302f,0f,-0.4486807571935855f,-0.6254480846005116f,0f,1.5416666666666665f,0f,-0.75f,0.4486807571935855f,0f,-1.4749310794865302f,-1.6771429891827105f,0f,0f,0f,1f], start_interpolation: 0, interpolation_duration: 1 }
$data merge entity $(bone_tail1) { transformation: [-0.9567120515588305f,0f,-0.2910361668282717f,-0.19663315090061906f,0f,1f,0f,-0.75f,0.2910361668282717f,0f,-0.9567120515588305f,-0.697015955254987f,0f,0f,0f,1f], start_interpolation: 0, interpolation_duration: 1 }
$data merge entity $(bone_body1) { transformation: [-1.2756160687451072f,0f,-0.3880482224376956f,0.5f,0f,1.3333333333333333f,0f,-1.1875f,0.3880482224376956f,0f,-1.2756160687451072f,-0.12499999999999994f,0f,0f,0f,1f], start_interpolation: 0, interpolation_duration: 1 }
data modify entity @s data merge value {"locators":{"hitbox_head":{"posx":0.8393113280150751,"posy":-0.7586101691439486,"posz":2.892404736577994,"roty":354.89755889881866,"rotx":75.7111830862748},"hitbox_neck":{"posx":0.6617353505011428,"posy":-1.0735183211493688,"posz":2.043698689721329,"roty":350.43161863306955,"rotx":35.46197212592524},"hitbox_right_arm":{"posx":0.40184238359628977,"posy":-2.6421393642776354,"posz":3.5530311746294103,"roty":342.01076542597787,"rotx":0.6986986278079437},"hitbox_left_arm":{"posx":1.6966577297126006,"posy":-2.641247725922601,"posz":3.153945038620577,"roty":343.5967828338364,"rotx":0.7000715712899584},"hitbox_tail1":{"posx":-0.7059464428500946,"posy":-1.5,"posz":-2.3712620454829407,"roty":343.08000000000004,"rotx":0},"hitbox_tail2":{"posx":-1.21525973479957,"posy":-1.875,"posz":-4.045508135710894,"roty":343.08000000000004,"rotx":0}},"cameras":{}}