# This file was generated by Animated Java via MC-Build. It is not recommended to edit this file directly.
$data merge entity $(bone_jaw) { transformation: [-0.9765858520531988f,0.08367609514911084f,-0.19818775105975758f,0.7478286068193309f,0.025415993992668494f,0.9596799793898682f,0.2799435021707544f,0.5259272232848646f,0.21362139597636787f,0.26835172490382747f,-0.9393366015024904f,3.3021018249817375f,0f,0f,0f,1f], start_interpolation: 0, interpolation_duration: 1 }
$data merge entity $(bone_head) { transformation: [-1.0986590835598486f,0.02338999337208033f,-0.24088612729148035f,0.694298356310113f,0.028592993241752056f,1.1244362305333109f,-0.021227439824825393f,0.5212100144349034f,0.24032407047341386f,-0.026852777772392544f,-1.098702994205894f,3.0579456040470943f,0f,0f,0f,1f], start_interpolation: 0, interpolation_duration: 1 }
$data merge entity $(bone_neck) { transformation: [-0.9789009299142516f,0.024854429682732115f,-0.2028182110614318f,0.9925511932419226f,0.019034917476423063f,0.9993506330354397f,0.030593858343332652f,-0.525259981999505f,0.20344690051627515f,0.02608772847168312f,-0.9787383660067223f,2.1332790199073317f,0f,0f,0f,1f], start_interpolation: 0, interpolation_duration: 1 }
$data merge entity $(bone_right_arm2) { transformation: [-0.9909689528610046f,0.03656628181129633f,-0.12900946283145548f,-0.31434330360633733f,0.03649025508927632f,0.9993296436838713f,0.002953732924022151f,-1.7917536620783237f,0.12903098755370115f,-0.0017805305849009634f,-0.9916389635153274f,2.747322185338822f,0f,0f,0f,1f], start_interpolation: 0, interpolation_duration: 1 }
$data merge entity $(bone_right_arm1) { transformation: [-1.1168177662358256f,-0.012432147109177406f,-0.2042902975736249f,-0.14503208515258337f,0.01857230388678366f,1.1224883928587608f,-0.1698407618039246f,-0.6021492757981279f,0.20382382955091735f,-0.17040028333326288f,-1.103897910538645f,1.8258321607326826f,0f,0f,0f,1f], start_interpolation: 0, interpolation_duration: 1 }
$data merge entity $(bone_left_arm2) { transformation: [-0.9853626000266861f,0.0005085409986356863f,-0.170470782994335f,1.3532933296203742f,-0.0001268911377942288f,0.9999930853774087f,0.003716597369913671f,-1.820478849366555f,0.17047149429534572f,0.0036838272792853455f,-0.9853557220868453f,2.4603419126667956f,0f,0f,0f,1f], start_interpolation: 0, interpolation_duration: 1 }
$data merge entity $(bone_left_arm1) { transformation: [-1.1269876669836973f,0.0017611594289703547f,-0.13808223538367473f,0.9615396465306201f,0.022712425634058602f,1.1222272441812693f,-0.1710589520708451f,-0.6205511915758586f,0.13621288901166498f,-0.172551203065131f,-1.1139313884312247f,1.6238782745721405f,0f,0f,0f,1f], start_interpolation: 0, interpolation_duration: 1 }
$data merge entity $(bone_body2) { transformation: [-1.557397251998583f,0.04276319742017924f,-0.28218708839723594f,0.7346669999304777f,0.025898992576065292f,1.5801760781352334f,0.09652589661403015f,-0.5f,0.28423139533705916f,0.09032892936374425f,-1.5549912034700366f,0.7179450748083349f,0f,0f,0f,1f], start_interpolation: 0, interpolation_duration: 1 }
$data merge entity $(bone_right_leg2) { transformation: [-0.9992880031227103f,0.009236446828569288f,-0.03658107249670495f,-0.9623570104942113f,0.008876027794809671f,0.9999105761649558f,0.010002789813438218f,-2.571948166871721f,0.03667019151316142f,0.009670973242082104f,-0.999280625915933f,0.43693171923762814f,0f,0f,0f,1f], start_interpolation: 0, interpolation_duration: 1 }
$data merge entity $(bone_right_leg1) { transformation: [-1.3323840041636137f,-0.0072620227654341205f,-0.04977857221804889f,-0.5837865247535734f,0.011834703726412894f,1.2370875064111693f,-0.4972446269663263f,-1.125f,0.04889358868421523f,-0.4973324263352706f,-1.2361422460537577f,0.1767147141963285f,0f,0f,0f,1f], start_interpolation: 0, interpolation_duration: 1 }
$data merge entity $(bone_left_leg2) { transformation: [-0.963365799780954f,0.09498341942311764f,-0.2508076670420879f,0.766766838519093f,0f,0.9351835099389476f,0.35416352542049034f,-2.358650193843334f,0.26819085706340307f,0.3411890279199529f,-0.900923809994294f,-1.0310933467898507f,0f,0f,0f,1f], start_interpolation: 0, interpolation_duration: 1 }
$data merge entity $(bone_left_leg1) { transformation: [-1.284487733041272f,0.12664455923082352f,-0.33441022272278387f,0.6204207249726192f,0f,1.2469113465852635f,0.4722180338939871f,-1.125f,0.3575878094178707f,0.45491870389327055f,-1.2012317466590585f,-0.15852385713292533f,0f,0f,0f,1f], start_interpolation: 0, interpolation_duration: 1 }
$data merge entity $(bone_tail3) { transformation: [-0.963365799780954f,0f,-0.26819085706340307f,-0.9706366853117757f,0f,1f,0f,-0.5625f,0.26819085706340307f,0f,-0.963365799780954f,-3.543315958160566f,0f,0f,0f,1f], start_interpolation: 0, interpolation_duration: 1 }
$data merge entity $(bone_tail2) { transformation: [-1.4851889413289707f,0f,-0.41346090463941304f,-0.5881995532905142f,0f,1.5416666666666665f,0f,-0.75f,0.41346090463941304f,0f,-1.4851889413289707f,-1.703481226438352f,0f,0f,0f,1f], start_interpolation: 0, interpolation_duration: 1 }
$data merge entity $(bone_tail1) { transformation: [-0.963365799780954f,0f,-0.26819085706340307f,-0.18282604268802927f,0f,1f,0f,-0.75f,0.26819085706340307f,0f,-0.963365799780954f,-0.7134289213040139f,0f,0f,0f,1f], start_interpolation: 0, interpolation_duration: 1 }
$data merge entity $(bone_body1) { transformation: [-1.284487733041272f,0f,-0.3575878094178707f,0.5f,0f,1.3333333333333333f,0f,-1.1875f,0.3575878094178707f,0f,-1.284487733041272f,-0.12499999999999994f,0f,0f,0f,1f], start_interpolation: 0, interpolation_duration: 1 }
data modify entity @s data merge value {"locators":{"hitbox_head":{"posx":0.7482167286843685,"posy":-0.09758026924337326,"posz":3.3780590900889496,"roty":347.6338000459963,"rotx":-1.0811687944968371},"hitbox_neck":{"posx":0.5191325935364512,"posy":-0.8943232429424999,"posz":2.3475618677394285,"roty":348.2926333233671,"rotx":1.7531725249453243},"hitbox_right_arm":{"posx":-0.3483404135557187,"posy":-2.790279531281126,"posz":3.2529866344034932,"roty":352.5876107609105,"rotx":0.16923667644122267},"hitbox_left_arm":{"posx":1.499605342620574,"posy":-2.8223223027328084,"posz":2.938681478037474,"roty":350.18473904514383,"rotx":0.21294583368760292},"hitbox_tail1":{"posx":-0.6521600425489845,"posy":-1.5,"posz":-2.3993190709206833,"roty":344.443359375,"rotx":0},"hitbox_tail2":{"posx":-1.12149404240994,"posy":-1.875,"posz":-4.085209220537353,"roty":344.443359375,"rotx":0}},"cameras":{}}