# This file was generated by Animated Java via MC-Build. It is not recommended to edit this file directly.
$data merge entity $(bone_jaw) { transformation: [-0.9795080076411682f,0.074156513664732f,-0.1872561733239289f,0.6870126626589702f,0.024625786260593793f,0.9668690430285387f,0.25408231792890534f,0.540492083208529f,0.19989405598435492f,0.24426433451114016f,-0.9488821324421455f,3.3010645397642144f,0f,0f,0f,1f], start_interpolation: 0, interpolation_duration: 1 }
$data merge entity $(bone_head) { transformation: [-1.1019465085963143f,0.020907268610712806f,-0.22561422453301191f,0.6368761683183009f,0.02770400954316802f,1.1242278647070518f,-0.03113191403455509f,0.533573880089739f,0.2248808129823993f,-0.036049886760742764f,-1.1017050538219895f,3.056241194470439f,0f,0f,0f,1f], start_interpolation: 0, interpolation_duration: 1 }
$data merge entity $(bone_neck) { transformation: [-0.9817627699590656f,0.02210742046096582f,-0.18882035240636685f,0.9508518827278845f,0.017883965580155075f,0.9995509641750897f,0.024042333326371776f,-0.5178566063086943f,0.18926707927537295f,0.020227011079509694f,-0.9817172916503808f,2.142471156094839f,0f,0f,0f,1f], start_interpolation: 0, interpolation_duration: 1 }
$data merge entity $(bone_right_arm2) { transformation: [-0.9924055565893252f,0.03407808701699695f,-0.1181943113516615f,-0.3663853670500388f,0.03396571164163789f,0.9994185989123194f,0.0029655658504930127f,-1.8002657728656601f,0.11822665386159167f,-0.001071509868591669f,-0.9929860573962218f,2.720850914759623f,0f,0f,0f,1f], start_interpolation: 0, interpolation_duration: 1 }
$data merge entity $(bone_right_arm1) { transformation: [-1.1198783718847876f,-0.008890074153707742f,-0.18698771540040418f,-0.18166048084132524f,0.016978523656667428f,1.1246376326239598f,-0.15515454219860844f,-0.5988457158398732f,0.18642738227943056f,-0.1558273686229776f,-1.1091139117642164f,1.8178363451145185f,0f,0f,0f,1f], start_interpolation: 0, interpolation_duration: 1 }
$data merge entity $(bone_left_arm2) { transformation: [-0.9878124163467018f,-0.00043258024020082636f,-0.15564845963139462f,1.3114267870903706f,-0.0010034320036035787f,0.9999930560075353f,0.003589019493513146f,-1.8265467958596557f,0.15564582627074913f,0.0037014606639083625f,-0.9878059910495832f,2.4575483319415854f,0f,0f,0f,1f], start_interpolation: 0, interpolation_duration: 1 }
$data merge entity $(bone_left_arm1) { transformation: [-1.128383175024771f,0.0029971874199395685f,-0.12614846068434865f,0.9279437775399324f,0.02044555127928237f,1.1244397598415306f,-0.15616725926022917f,-0.615668473224461f,0.12451665229336646f,-0.15747142693052332f,-1.1175282367558153f,1.6331193057917799f,0f,0f,0f,1f], start_interpolation: 0, interpolation_duration: 1 }
$data merge entity $(bone_body2) { transformation: [-1.561665252536585f,0.03783549627481078f,-0.258291615593552f,0.7148567779281539f,0.02367647335608669f,1.5806866959901444f,0.08839365460045226f,-0.5f,0.2599721294171876f,0.08332159855550252f,-1.5596206101436636f,0.723210802205638f,0f,0f,0f,1f], start_interpolation: 0, interpolation_duration: 1 }
$data merge entity $(bone_right_leg2) { transformation: [-0.9994052021534257f,0.008454723287446122f,-0.033432911371925396f,-0.9705701576843697f,0.008147845852425471f,0.9999235163563751f,0.00930451747634048f,-2.5795899617246842f,0.03350902142163234f,0.009026576961125854f,-0.9993976517841783f,0.36206508704196744f,0f,0f,0f,1f], start_interpolation: 0, interpolation_duration: 1 }
$data merge entity $(bone_right_leg1) { transformation: [-1.3325402695379007f,-0.005077621943193536f,-0.04569929532321141f,-0.590556745692963f,0.010863794469900628f,1.2528919322239744f,-0.45598416849225054f,-1.125f,0.044678695228843116f,-0.4560853009046174f,-1.2521053431198073f,0.15124442876476946f,0f,0f,0f,1f], start_interpolation: 0, interpolation_duration: 1 }
$data merge entity $(bone_left_leg2) { transformation: [-0.9693837739493005f,0.07975095088570142f,-0.23223885255623744f,0.7974752536526303f,0f,0.9457881568654022f,0.3247841780831471f,-2.383075419843032f,0.24555060334646167f,0.3148405122692628f,-0.9168316928587367f,-0.9868684420786512f,0f,0f,0f,1f], start_interpolation: 0, interpolation_duration: 1 }
$data merge entity $(bone_left_leg1) { transformation: [-1.2925116985990672f,0.10633460118093521f,-0.30965180340831655f,0.6211729717436626f,0f,1.261050875820536f,0.4330455707775294f,-1.125f,0.32740080446194886f,0.4197873496923504f,-1.2224422571449822f,-0.15569382541830765f,0f,0f,0f,1f], start_interpolation: 0, interpolation_duration: 1 }
$data merge entity $(bone_tail3) { transformation: [-0.9693837739493005f,0f,-0.24555060334646167f,-0.8901597368147277f,0f,1f,0f,-0.5625f,0.24555060334646167f,0f,-0.9693837739493005f,-3.576827364764815f,0f,0f,0f,1f], start_interpolation: 0, interpolation_duration: 1 }
$data merge entity $(bone_tail2) { transformation: [-1.4944666515051714f,0f,-0.37855718015912837f,-0.5509253272837746f,0f,1.5416666666666665f,0f,-0.75f,0.37855718015912837f,0f,-1.4944666515051714f,-1.7285389631915686f,0f,0f,0f,1f], start_interpolation: 0, interpolation_duration: 1 }
$data merge entity $(bone_tail1) { transformation: [-0.9693837739493005f,0f,-0.24555060334646167f,-0.16885483948449653f,0f,1f,0f,-0.75f,0.24555060334646167f,0f,-0.9693837739493005f,-0.7292625287887444f,0f,0f,0f,1f], start_interpolation: 0, interpolation_duration: 1 }
$data merge entity $(bone_body1) { transformation: [-1.2925116985990672f,0f,-0.32740080446194886f,0.5f,0f,1.3333333333333333f,0f,-1.1875f,0.32740080446194886f,0f,-1.2925116985990672f,-0.12499999999999994f,0f,0f,0f,1f], start_interpolation: 0, interpolation_duration: 1 }
data modify entity @s data merge value {"locators":{"hitbox_head":{"posx":0.6879316370159637,"posy":-0.08234940196013552,"posz":3.3822980909547375,"roty":348.42661843784504,"rotx":-1.585737794931087},"hitbox_neck":{"posx":0.4752827591262853,"posy":-0.886751526750072,"posz":2.352234228034007,"roty":349.1128652449238,"rotx":1.3776569730383226},"hitbox_right_arm":{"posx":-0.40339164567803787,"posy":-2.7990442977256236,"posz":3.225804619192675,"roty":353.21206741762876,"rotx":0.16991465615669113},"hitbox_left_arm":{"posx":1.4514218731679376,"posy":-2.8282716471137226,"posz":2.9380220026605466,"roty":351.0455351427336,"rotx":0.20563611103864013},"hitbox_tail1":{"posx":-0.5985683953408045,"posy":-1.5,"posz":-2.4256841332000203,"roty":345.785625,"rotx":0},"hitbox_tail2":{"posx":-1.0282819511971124,"posy":-1.875,"posz":-4.122105737611297,"roty":345.785625,"rotx":0}},"cameras":{}}