# This file was generated by Animated Java via MC-Build. It is not recommended to edit this file directly.
$data merge entity $(bone_jaw) { transformation: [-0.9879923689189455f,0.04771312641963042f,-0.14695079627274796f,0.506350183840387f,0.020337884207047397f,0.9830078818033464f,0.18243320634818427f,0.5728034498261213f,0.15315824961101848f,0.1772539474306928f,-0.9721746698491616f,3.2966351316343907f,0f,0f,0f,1f], start_interpolation: 0, interpolation_duration: 1 }
$data merge entity $(bone_head) { transformation: [-1.1114914150338138f,0.016294754041368497f,-0.17305003697445967f,0.46789462006828486f,0.022880119732928323f,1.124015478625658f,-0.041118170325786026f,0.5636660786426133f,0.17230303081239579f,-0.04414391011979787f,-1.1108501162498017f,3.049779550245546f,0f,0f,0f,1f], start_interpolation: 0, interpolation_duration: 1 }
$data merge entity $(bone_neck) { transformation: [-0.9895798936778084f,0.015453879976081485f,-0.1431531055279703f,0.8299529211911266f,0.013967152579926107f,0.9998376402591233f,0.01138471650403411f,-0.4963949082631404f,0.14330580126926612f,0.009266645280414636f,-0.9896350724422719f,2.1642023426411265f,0f,0f,0f,1f], start_interpolation: 0, interpolation_duration: 1 }
$data merge entity $(bone_right_arm2) { transformation: [-0.9958794057988817f,0.02616062910022046f,-0.0868321978919506f,-0.5123737507169752f,0.026022138399454234f,0.999657648237066f,0.0027266525737193736f,-1.8233570134296087f,0.08687380168258908f,0.00045585767386248366f,-0.9962192202396998f,2.6386174495783816f,0f,0f,0f,1f], start_interpolation: 0, interpolation_duration: 1 }
$data merge entity $(bone_right_arm1) { transformation: [-1.1271495151219413f,-0.0013239748913578407f,-0.13675973309166514f,-0.2864882256408535f,0.01237613498072772f,1.1297179638632566f,-0.11293874601765459f,-0.589235709207743f,0.13620502482564747f,-0.11360711315577271f,-1.121477874055971f,1.7907441771922268f,0f,0f,0f,1f], start_interpolation: 0, interpolation_duration: 1 }
$data merge entity $(bone_left_arm2) { transformation: [-0.9935782277409807f,-0.0022267329199584084f,-0.11312535975454349f,1.191581879034809f,-0.002586818691876555f,0.9999920443525611f,0.003036379528435454f,-1.8425360518201015f,0.1131176985628114f,0.0033095153857501808f,-0.9935760833372372f,2.4446386911119733f,0f,0f,0f,1f], start_interpolation: 0, interpolation_duration: 1 }
$data merge entity $(bone_left_arm1) { transformation: [-1.1316854036194401f,0.005033588968065059f,-0.09183581633137121f,0.8303204682414372f,0.014232382634776377f,1.129643073330734f,-0.1134679386649596f,-0.6014983016657118f,0.09086579919687102f,-0.1142462113264081f,-1.125993879503046f,1.6557887397503008f,0f,0f,0f,1f], start_interpolation: 0, interpolation_duration: 1 }
$data merge entity $(bone_body2) { transformation: [-1.5718048284269277f,0.024894772238557242f,-0.18908801150107632f,0.6572982223715221f,0.01725846345936343f,1.5819122974823518f,0.06480796986153227f,-0.5f,0.18993728232567356f,0.06227501773377362f,-1.5706654944301288f,0.7357451825242818f,0f,0f,0f,1f], start_interpolation: 0, interpolation_duration: 1 }
$data merge entity $(bone_right_leg2) { transformation: [-0.9996837965877908f,0.006173729643033803f,-0.02437605181556927f,-0.9889401132469438f,0.00600163212059944f,0.9999565924475038f,0.007126965179208855f,-2.5926274668186196f,0.024418993667012223f,0.006978415512950781f,-0.9996774552150404f,0.14527362880844424f,0f,0f,0f,1f], start_interpolation: 0, interpolation_duration: 1 }
$data merge entity $(bone_right_leg1) { transformation: [-1.332911728783721f,-0.0004369213036180449f,-0.033524769176601146f,-0.6066723775312195f,0.008002176160799252f,1.2905438673960319f,-0.3349780131306569f,-1.125f,0.03255865822268296f,-0.33507329527141594f,-1.2901331707806256f,0.0772405716205285f,0f,0f,0f,1f], start_interpolation: 0, interpolation_duration: 1 }
$data merge entity $(bone_left_leg2) { transformation: [-0.9837087800277506f,0.042906724427326945f,-0.17457390725773417f,0.8756216276315509f,0f,0.9710991424285303f,0.2386764663191011f,-2.446368621516293f,0.1797693969960253f,0.23478813550409747f,-0.9552787526843645f,-0.8509172534990166f,0f,0f,0f,1f], start_interpolation: 0, interpolation_duration: 1 }
$data merge entity $(bone_left_leg1) { transformation: [-1.3116117067036674f,0.05720896590310259f,-0.2327652096769789f,0.6229635975034689f,0f,1.2947988565713737f,0.3182352884254681f,-1.125f,0.2396925293280337f,0.3130508473387966f,-1.2737050035791526f,-0.1474711746245031f,0f,0f,0f,1f], start_interpolation: 0, interpolation_duration: 1 }
$data merge entity $(bone_tail3) { transformation: [-0.9837087800277506f,0f,-0.1797693969960253f,-0.6547540414367186f,0f,1f,0f,-0.5625f,0.1797693969960253f,0f,-0.9837087800277506f,-3.662541427854318f,0f,0f,0f,1f], start_interpolation: 0, interpolation_duration: 1 }
$data merge entity $(bone_tail2) { transformation: [-1.5165510358761154f,0f,-0.27714448703553896f,-0.44065001957263994f,0f,1.5416666666666665f,0f,-0.75f,0.27714448703553896f,0f,-1.5165510358761154f,-1.7956162906777822f,0f,0f,0f,1f], start_interpolation: 0, interpolation_duration: 1 }
$data merge entity $(bone_tail1) { transformation: [-0.9837087800277506f,0f,-0.1797693969960253f,-0.12668143776089424f,0f,1f,0f,-0.75f,0.1797693969960253f,0f,-0.9837087800277506f,-0.7728968865228003f,0f,0f,0f,1f], start_interpolation: 0, interpolation_duration: 1 }
$data merge entity $(bone_body1) { transformation: [-1.3116117067036674f,0f,-0.2396925293280337f,0.5f,0f,1.3333333333333333f,0f,-1.1875f,0.2396925293280337f,0f,-1.3116117067036674f,-0.12499999999999994f,0f,0f,0f,1f], start_interpolation: 0, interpolation_duration: 1 }
data modify entity @s data merge value {"locators":{"hitbox_head":{"posx":0.5069114336493189,"posy":-0.049365251058922754,"posz":3.382873421492601,"roty":351.1455390336682,"rotx":-2.0945977451819373},"hitbox_neck":{"posx":0.3472619075521881,"posy":-0.8657735366333528,"posz":2.356084635350888,"roty":351.7691186606794,"rotx":0.6523102983336433},"hitbox_right_arm":{"posx":-0.5573607437336505,"posy":-2.8227516043035683,"posz":3.141700814629531,"roty":355.01858973756873,"rotx":0.1562258782533886},"hitbox_left_arm":{"posx":1.3124699310658503,"posy":-2.8438846097686383,"posz":2.931047361234666,"roty":353.50445947376886,"rotx":0.17397199930536497},"hitbox_tail1":{"posx":-0.4412778825039385,"posy":-1.5,"posz":-2.494387251571364,"roty":349.643671875,"rotx":0},"hitbox_tail2":{"posx":-0.7558743272469828,"posy":-1.875,"posz":-4.215877616619927,"roty":349.643671875,"rotx":0}},"cameras":{}}