# This file was generated by Animated Java via MC-Build. It is not recommended to edit this file directly.
$data merge entity $(bone_jaw) { transformation: [-0.9984312099866126f,0.011149760776747092f,-0.05487077327038249f,0.18381787758649085f,0.007442340053998195f,0.9977041725903789f,0.06731267020604395f,0.6048870517264704f,0.05549531961516271f,0.06679870380754628f,-0.9962219645593258f,3.276844136421336f,0f,0f,0f,1f], start_interpolation: 0, interpolation_duration: 1 }
$data merge entity $(bone_head) { transformation: [-1.1232351112349392f,0.007627460943964544f,-0.06252764771348553f,0.16992284476127184f,0.00837263256074797f,1.1248915857087747f,-0.013184059526602057f,0.6019572607205588f,0.06243223456705804f,-0.013628728522741185f,-1.123183633181065f,3.0272477734922103f,0f,0f,0f,1f], start_interpolation: 0, interpolation_duration: 1 }
$data merge entity $(bone_neck) { transformation: [-0.9986292779657763f,0.005470271895579707f,-0.052054215150557144f,0.6211312700452789f,0.005225518422731188f,0.9999746491819713f,0.00483683270404112f,-0.45919863667461797f,0.05207935432362577f,0.004558192490627784f,-0.9986325469032404f,2.1849760724502225f,0f,0f,0f,1f], start_interpolation: 0, interpolation_duration: 1 }
$data merge entity $(bone_right_arm2) { transformation: [-0.9994270099473029f,0.01027861090297692f,-0.03224906115996145f,-0.7478368888915154f,0.010240356621545292f,0.9999466533113492f,0.0013511579093762743f,-1.857933862094146f,0.032261228805755424f,0.0010201418223465403f,-0.9994789504669945f,2.4782448827062726f,0f,0f,0f,1f], start_interpolation: 0, interpolation_duration: 1 }
$data merge entity $(bone_right_arm1) { transformation: [-1.134307765311866f,0.0026784364678218f,-0.05009717033658132f,-0.46287998327603685f,0.00449480899948549f,1.134663373530567f,-0.04110757113641409f,-0.5724325675999847f,0.049966960981259856f,-0.041265744762030446f,-1.1335658110864038f,1.730411523062637f,0f,0f,0f,1f], start_interpolation: 0, interpolation_duration: 1 }
$data merge entity $(bone_left_arm2) { transformation: [-0.9991525217153963f,-0.002043357923108442f,-0.04111037628339713f,0.9895786364671486f,-0.002102162982572458f,0.9999968282314518f,0.0013872410860665055f,-1.8648856575341504f,0.041107411260734146f,0.0014724861405931364f,-0.9991536481062393f,2.406213984855755f,0f,0f,0f,1f], start_interpolation: 0, interpolation_duration: 1 }
$data merge entity $(bone_left_arm1) { transformation: [-1.1349172304839892f,0.003531309887951857f,-0.03348756105587777f,0.6610212887760873f,0.004745449961247592f,1.1346599006394797f,-0.041175205280791424f,-0.5768861398196584f,0.03333718043958101f,-0.0412970540804701f,-1.1341755563708193f,1.6809029745674438f,0f,0f,0f,1f], start_interpolation: 0, interpolation_duration: 1 }
$data merge entity $(bone_body2) { transformation: [-1.5817869754807676f,0.007312632168388206f,-0.06957682124543901f,0.5576741836973782f,0.0062679905313926115f,1.583140660079231f,0.02389157054360374f,-0.5f,0.06967869788212386f,0.023592801001819926f,-1.5816234391430803f,0.7480971816097228f,0f,0f,0f,1f], start_interpolation: 0, interpolation_duration: 1 }
$data merge entity $(bone_right_leg2) { transformation: [-0.9999578288907285f,0.0022386303468090994f,-0.00890668144210716f,-1.0023603840845763f,0.002213595493675768f,0.9999935747337847f,0.0028196606421910103f,-2.5843783808567884f,0.008912936392189125f,0.0027998259440700918f,-0.9999563593175212f,-0.2259159986427995f,0f,0f,0f,1f], start_interpolation: 0, interpolation_duration: 1 }
$data merge entity $(bone_right_leg1) { transformation: [-1.333277105187638f,0.001841541811307751f,-0.012105671563675063f,-0.6225535192125007f,0.002951460658234357f,1.327635203138668f,-0.12310091000763802f,-1.125f,0.011883915189585498f,-0.12312251576573192f,-1.3275832917180983f,-0.0508474781033708f,0f,0f,0f,1f], start_interpolation: 0, interpolation_duration: 1 }
$data merge entity $(bone_left_leg2) { transformation: [-0.9978253504111116f,0.005789492576320575f,-0.06565860075154664f,0.9700719668922366f,0f,0.9961350464716671f,0.0878348973409187f,-2.5294957238839846f,0.06591335279700368f,0.08764388721752622f,-0.9939688018023801f,-0.5945600148369395f,0f,0f,0f,1f], start_interpolation: 0, interpolation_duration: 1 }
$data merge entity $(bone_left_leg1) { transformation: [-1.3304338005481489f,0.0077193234350941f,-0.08754480100206219f,0.6247281688013889f,0f,1.3281800619622226f,0.11711319645455827f,-1.125f,0.0878844703960049f,0.11685851629003496f,-1.3252917357365068f,-0.1332391690996254f,0f,0f,0f,1f], start_interpolation: 0, interpolation_duration: 1 }
$data merge entity $(bone_tail3) { transformation: [-0.9978253504111116f,0f,-0.06591335279700368f,-0.2419681636445069f,0f,1f,0f,-0.5625f,0.06591335279700368f,0f,-0.9978253504111116f,-3.7715243032424723f,0f,0f,0f,1f], start_interpolation: 0, interpolation_duration: 1 }
$data merge entity $(bone_tail2) { transformation: [-1.538314081883797f,0f,-0.10161641889538066f,-0.24310879595151397f,0f,1.5416666666666665f,0f,-0.75f,0.10161641889538066f,0f,-1.538314081883797f,-1.8923626021220126f,0f,0f,0f,1f], start_interpolation: 0, interpolation_duration: 1 }
$data merge entity $(bone_tail1) { transformation: [-0.9978253504111116f,0f,-0.06591335279700368f,-0.04834768980330861f,0f,1f,0f,-0.75f,0.06591335279700368f,0f,-0.9978253504111116f,-0.8404123364098319f,0f,0f,0f,1f], start_interpolation: 0, interpolation_duration: 1 }
$data merge entity $(bone_body1) { transformation: [-1.3304338005481489f,0f,-0.0878844703960049f,0.5f,0f,1.3333333333333333f,0f,-1.1875f,0.0878844703960049f,0f,-1.3304338005481489f,-0.12499999999999994f,0f,0f,0f,1f], start_interpolation: 0, interpolation_duration: 1 }
data modify entity @s data merge value {"locators":{"hitbox_head":{"posx":0.18305415749059306,"posy":-0.01932027036025985,"posz":3.3468147429995847,"roty":356.8136321584874,"rotx":-0.6714740084809749},"hitbox_neck":{"posx":0.12627205599536795,"posy":-0.8321809749944968,"posz":2.334135495790955,"roty":357.01612967387865,"rotx":0.27713118073794923},"hitbox_right_arm":{"posx":-0.8044551573362181,"posy":-2.857916072071337,"posz":2.978980542917783,"roty":358.1519427900922,"rotx":0.0774156692183572},"hitbox_left_arm":{"posx":1.0746242151391678,"posy":-2.8654447211222247,"posz":2.9017491095644856,"roty":357.64388269449057,"rotx":0.07948308489214519},"hitbox_tail1":{"posx":-0.16369605719806504,"posy":-1.5,"posz":-2.5866066996292774,"roty":356.220703125,"rotx":0},"hitbox_tail2":{"posx":-0.27904442459282147,"posy":-1.875,"posz":-4.332801062848723,"roty":356.220703125,"rotx":0}},"cameras":{}}