# This file was generated by Animated Java via MC-Build. It is not recommended to edit this file directly.
$data merge entity $(bone_jaw) { transformation: [-0.9998490176690417f,0.002437600134050922f,-0.01720464971567612f,0.06101090118685234f,0.002025794629658026f,0.9997119984069068f,0.02391268277268881f,0.6157833404044042f,0.01725798430788162f,0.023874219293105157f,-0.9995659976363609f,3.2614228363348263f,0f,0f,0f,1f], start_interpolation: 0, interpolation_duration: 1 }
$data merge entity $(bone_head) { transformation: [-1.1248301448776719f,0.0022787572157916955f,-0.01941526306871669f,0.05669639828269307f,0.002279018958365279f,1.1249976915764455f,0.000004500701923960959f,0.6157843405603873f,0.01941523234636682f,-0.00003483131326050866f,-1.1248324530967784f,3.0114600689799866f,0f,0f,0f,1f], start_interpolation: 0, interpolation_duration: 1 }
$data merge entity $(bone_neck) { transformation: [-0.9998609013163275f,0.0016517376301435813f,-0.016596679839729095f,0.5413870753390494f,0.001599065312585653f,0.9999936447895638f,0.003186435408074556f,-0.44491946091575657f,0.016601837519605707f,0.0031594530040678867f,-0.9998571882262425f,2.18741826596954f,0f,0f,0f,1f], start_interpolation: 0, interpolation_duration: 1 }
$data merge entity $(bone_right_arm2) { transformation: [-0.9999320006691355f,0.0035821534930749427f,-0.011097847276473945f,-0.8323120466644676f,0.0035767639740003415f,0.9999934756204968f,0.0005054462512343993f,-1.869419988804081f,0.011099585455961066f,0.00046571750090008274f,-0.9999382892508494f,2.4111076126005595f,0f,0f,0f,1f], start_interpolation: 0, interpolation_duration: 1 }
$data merge entity $(bone_right_arm1) { transformation: [-1.1352870022188195f,0.001310990982660527f,-0.017108794232610698f,-0.5286917300495363f,0.0015219285651998883f,1.135329406326733f,-0.013993920382591448f,-0.565913120960399f,0.0170913215080888f,-0.014015255148418188f,-1.135201509114869f,1.7028327374122592f,0f,0f,0f,1f], start_interpolation: 0, interpolation_duration: 1 }
$data merge entity $(bone_left_arm2) { transformation: [-0.9999014669948498f,-0.0008629480952368179f,-0.014011124941702646f,0.9139590980423273f,-0.0008701705115294557f,0.9999994916628792f,0.0005093891086825689f,-1.8717689628233742f,0.01401067824296666f,0.0005215309848005251f,-0.9999017096198025f,2.386370688376015f,0f,0f,0f,1f], start_interpolation: 0, interpolation_duration: 1 }
$data merge entity $(bone_left_arm1) { transformation: [-1.135358181505505f,0.0014101681777806312f,-0.011437572236603443f,0.596179795084707f,0.001551184026039069f,1.1353292720993824f,-0.014001595867888999f,-0.5674210868782118f,0.011419302127297809f,-0.01401650043486961f,-1.135272717984066f,1.6858982170189232f,0f,0f,0f,1f], start_interpolation: 0, interpolation_duration: 1 }
$data merge entity $(bone_body2) { transformation: [-1.5831525168556018f,0.0022450539339179416f,-0.023822521928888264f,0.519670112511483f,0.002122322402847551f,1.5833108260820632f,0.008171181273096939f,-0.5f,0.02383376944247246f,0.008138316079708276f,-1.5831330214767154f,0.7497788787309543f,0f,0f,0f,1f], start_interpolation: 0, interpolation_duration: 1 }
$data merge entity $(bone_right_leg2) { transformation: [-0.9999950999966429f,0.0007585648029234078f,-0.0030371964282936144f,-1.0016182901208048f,0.0007555627829677376f,0.9999992250628839f,0.000989443536752288f,-2.5713411363247847f,0.0030379446316988364f,0.0009871438958898582f,-0.9999948982066574f,-0.3656595796489782f,0f,0f,0f,1f], start_interpolation: 0, interpolation_duration: 1 }
$data merge entity $(bone_right_leg1) { transformation: [-1.3333267999955238f,0.0008794029068127522f,-0.0040802992539461696f,-0.6247157012255127f,0.0010074170439569835f,1.3326721546557487f,-0.04197250402205313f,-1.125f,0.004050592842265115f,-0.04197538127890216f,-1.3326662890018244f,-0.099709855342379f,0f,0f,0f,1f], start_interpolation: 0, interpolation_duration: 1 }
$data merge entity $(bone_left_leg2) { transformation: [-0.9997472899782335f,0.0006737640929184103f,-0.022470029442016395f,0.9918832249049164f,0f,0.9995507524568833f,0.02997154088261808f,-2.552488100130952f,0.022480128584551954f,0.02996396677386926f,-0.9992981559644731f,-0.4915939402686108f,0f,0f,0f,1f], start_interpolation: 0, interpolation_duration: 1 }
$data merge entity $(bone_left_leg1) { transformation: [-1.3329963866376446f,0.0008983521238912136f,-0.029960039256021857f,0.6249684112472792f,0f,1.3327343366091777f,0.03996205451015744f,-1.125f,0.029973504779402603f,0.039951955698492345f,-1.332397541285964f,-0.12781001607306894f,0f,0f,0f,1f], start_interpolation: 0, interpolation_duration: 1 }
$data merge entity $(bone_tail3) { transformation: [-0.9997472899782335f,0f,-0.022480128584551954f,-0.08276911914465207f,0f,1f,0f,-0.5625f,0.022480128584551954f,0f,-0.9997472899782335f,-3.80032806750246f,0f,0f,0f,1f], start_interpolation: 0, interpolation_duration: 1 }
$data merge entity $(bone_tail2) { transformation: [-1.5412770720497764f,0f,-0.03465686490118426f,-0.16558728929589633f,0f,1.5416666666666665f,0f,-0.75f,0.03465686490118426f,0f,-1.5412770720497764f,-1.922991882720203f,0f,0f,0f,1f], start_interpolation: 0, interpolation_duration: 1 }
$data merge entity $(bone_tail1) { transformation: [-0.9997472899782335f,0f,-0.022480128584551954f,-0.0167337414275307f,0f,1f,0f,-0.75f,0.022480128584551954f,0f,-0.9997472899782335f,-0.8635704031913991f,0f,0f,0f,1f], start_interpolation: 0, interpolation_duration: 1 }
$data merge entity $(bone_body1) { transformation: [-1.3329963866376446f,0f,-0.029973504779402603f,0.5f,0f,1.3333333333333333f,0f,-1.1875f,0.029973504779402603f,0f,-1.3329963866376446f,-0.12499999999999994f,0f,0f,0f,1f], start_interpolation: 0, interpolation_duration: 1 }
data modify entity @s data merge value {"locators":{"hitbox_head":{"posx":0.060823550681896765,"posy":-0.009215627177061259,"posz":3.3239328789031255,"roty":359.0111396805724,"rotx":0.00022921886674676851},"hitbox_neck":{"posx":0.04291180804954797,"posy":-0.8195158494815594,"posz":2.3195165383810976,"roty":359.0490318025154,"rotx":0.18256960952409168},"hitbox_right_arm":{"posx":-0.8928410265611265,"posy":-2.86944263980182,"posz":2.911304763816082,"roty":359.3641270551084,"rotx":0.028959938199534838},"hitbox_left_arm":{"posx":0.9843214502955936,"posy":-2.871968763383624,"posz":2.8849243448109307,"roty":359.19719530234187,"rotx":0.029185847319619415},"hitbox_tail1":{"posx":-0.056073966450496615,"posy":-1.5,"posz":-2.6131281606533077,"roty":358.71187499999996,"rotx":0},"hitbox_tail2":{"posx":-0.09541419147346254,"posy":-1.875,"posz":-4.362685918115217,"roty":358.71187499999996,"rotx":0}},"cameras":{}}