# This file was generated by Animated Java via MC-Build. It is not recommended to edit this file directly.
$data merge entity $(bone_jaw) { transformation: [-0.9999704054275826f,0.0008963538902805814f,-0.007640995923279722f,0.028179162682266008f,0.0008087015078052042f,0.999933928087862f,0.011466710977856833f,0.6200549414949809f,0.007650769299062157f,0.011460192340524119f,-0.9999050603535569f,3.255783244387178f,0f,0f,0f,1f], start_interpolation: 0, interpolation_duration: 1 }
$data merge entity $(bone_head) { transformation: [-1.1249667061060304f,0.0009188893913292968f,-0.008606148687700913f,0.02626668519611025f,0.0009097891962808548f,1.124998999576018f,0.0011929947933878773f,0.6203200514490671f,0.008607115461444926f,0.0011859996817969306f,-1.1249664488188915f,3.0057907002052024f,0f,0f,0f,1f], start_interpolation: 0, interpolation_duration: 1 }
$data merge entity $(bone_neck) { transformation: [-0.999971799174082f,0.0007100599692913741f,-0.007476407652715083f,0.5194235648479482f,0.0006958695149423994f,0.9999979520039227f,0.0019004614119503883f,-0.44098158241536234f,0.0074777417826333474f,0.0018952052132021387f,-0.9999702453448461f,2.187562349432171f,0f,0f,0f,1f], start_interpolation: 0, interpolation_duration: 1 }
$data merge entity $(bone_right_arm2) { transformation: [-0.999984940348007f,0.0016884613548139686f,-0.005221893856287876f,-0.8550622559453288f,0.0016872177067593312f,0.9999985472303345f,0.0002425564470590379f,-1.8724149374625265f,0.005222295817266107f,0.0002337423224662077f,-0.9999863364021148f,2.392053589572206f,0f,0f,0f,1f], start_interpolation: 0, interpolation_duration: 1 }
$data merge entity $(bone_right_arm1) { transformation: [-1.135388073517853f,0.0006649332088157656f,-0.008030399846250457f,-0.546663931174743f,0.0007113322095951814f,1.135397496571076f,-0.006559400206164393f,-0.5641046238105916f,0.00802642288634469f,-0.006564266021791852f,-1.1353693204819693f,1.694785100057104f,0f,0f,0f,1f], start_interpolation: 0, interpolation_duration: 1 }
$data merge entity $(bone_left_arm2) { transformation: [-0.9999783026261563f,-0.0004269481191449601f,-0.006573582905493875f,0.8932623558922f,-0.0004285574227529211f,0.9999998785457467f,0.0002434071213544449f,-1.8735120456943994f,0.006573478184891624f,0.00024621899780736915f,-0.9999783641463238f,2.380424270806248f,0f,0f,0f,1f], start_interpolation: 0, interpolation_duration: 1 }
$data merge entity $(bone_left_arm1) { transformation: [-1.1354037565169188f,0.0006867400027373351f,-0.0053707559879696614f,0.5783077379989096f,0.0007177718000668223f,1.1353974828471511f,-0.006561074030973816f,-0.5648094300366124f,0.005366696875798045f,-0.006564394638162034f,-1.1353850070492042f,1.6868323140779733f,0f,0f,0f,1f], start_interpolation: 0, interpolation_duration: 1 }
$data merge entity $(bone_body2) { transformation: [-1.583293460318474f,0.0010190289507410024f,-0.011190376990746336f,0.5092236556477676f,0.0009919495032886937f,1.5833283792522685f,0.0038345710336861157f,-0.5f,0.011192809896554067f,0.003827463759072185f,-1.583289144778122f,0.7499513838931233f,0f,0f,0f,1f], start_interpolation: 0, interpolation_duration: 1 }
$data merge entity $(bone_right_leg2) { transformation: [-0.9999989226898952f,0.0003549911125971537f,-0.0014242894224660403f,-1.0008628840494938f,0.0003543254415747056f,0.9999998279038438f,0.000467595727185589f,-2.566822507597158f,0.0014244551696787448f,0.00046709056146144144f,-0.9999988763763071f,-0.40385643753552747f,0f,0f,0f,1f], start_interpolation: 0, interpolation_duration: 1 }
$data merge entity $(bone_right_leg1) { transformation: [-1.3333318969198602f,0.000444351553316715f,-0.0019060392340934235f,-0.6249374935768728f,0.00047243392209960747f,1.3331880328042787f,-0.01967800222137709f,-1.125f,0.0018992735595716598f,-0.019678656380259733f,-1.3331867539923996f,-0.1131410141671558f,0f,0f,0f,1f], start_interpolation: 0, interpolation_duration: 1 }
$data merge entity $(bone_left_leg2) { transformation: [-0.9999444387349979f,0.00014815712303994146f,-0.010540279522711719f,0.9964654061522816f,0f,0.9999012251291998f,0.014054891857473448f,-2.557965857417764f,0.010541320740305907f,0.01405411094990238f,-0.9998456693522545f,-0.46292521653321717f,0f,0f,0f,1f], start_interpolation: 0, interpolation_duration: 1 }
$data merge entity $(bone_left_leg1) { transformation: [-1.333259251646664f,0.00019754283071992193f,-0.014053706030282291f,0.6249930548418747f,0f,1.3332016335055996f,0.018739855809964595f,-1.125f,0.014055094320407874f,0.01873881459986984f,-1.3331275591363392f,-0.1263176650925382f,0f,0f,0f,1f], start_interpolation: 0, interpolation_duration: 1 }
$data merge entity $(bone_tail3) { transformation: [-0.9999444387349979f,0f,-0.010541320740305907f,-0.03884333959737696f,0f,1f,0f,-0.5625f,0.010541320740305907f,0f,-0.9999444387349979f,-3.807024457465152f,0f,0f,0f,1f], start_interpolation: 0, interpolation_duration: 1 }
$data merge entity $(bone_tail2) { transformation: [-1.541581009716455f,0f,-0.016251202807971606f,-0.14407141805117812f,0f,1.5416666666666665f,0f,-0.75f,0.016251202807971606f,0f,-1.541581009716455f,-1.9308109697444926f,0f,0f,0f,1f], start_interpolation: 0, interpolation_duration: 1 }
$data merge entity $(bone_tail1) { transformation: [-0.9999444387349979f,0f,-0.010541320740305907f,-0.007878209922728363f,0f,1f,0f,-0.75f,0.010541320740305907f,0f,-0.9999444387349979f,-0.8696876686810955f,0f,0f,0f,1f], start_interpolation: 0, interpolation_duration: 1 }
$data merge entity $(bone_body1) { transformation: [-1.333259251646664f,0f,-0.014055094320407874f,0.5f,0f,1.3333333333333333f,0f,-1.1875f,0.014055094320407874f,0f,-1.333259251646664f,-0.12499999999999994f,0f,0f,0f,1f], start_interpolation: 0, interpolation_duration: 1 }
data modify entity @s data merge value {"locators":{"hitbox_head":{"posx":0.028146787947510896,"posy":-0.005010780202439502,"posz":3.317622491720563,"roty":359.56168792491076,"rotx":0.06075873729171782},"hitbox_neck":{"posx":0.020105943729012254,"posy":-0.815870437335856,"posz":2.3155867990366428,"roty":359.5716286311675,"rotx":0.10888848357869269},"hitbox_right_arm":{"posx":-0.9166388291437493,"posy":-2.872429311809718,"posz":2.8921394089393764,"roty":359.7008061524125,"rotx":0.013897460846444215},"hitbox_left_arm":{"posx":0.9594747393782267,"posy":-2.8736068429619013,"posz":2.879756391495047,"roty":359.62335871947516,"rotx":0.013946200894750222},"hitbox_tail1":{"posx":-0.02632552121826369,"posy":-1.5,"posz":-2.619590436467342,"roty":359.396015625,"rotx":0},"hitbox_tail2":{"posx":-0.04477283251379903,"posy":-1.875,"posz":-4.369493204253589,"roty":359.396015625,"rotx":0}},"cameras":{}}