# This file was generated by Animated Java via MC-Build. It is not recommended to edit this file directly.
$data merge entity $(bone_jaw) { transformation: [-0.9972873962792325f,0.03326273296463332f,0.06566155510123821f,-1.0184885129544765f,0.059230910896079125f,0.8922620469541622f,0.44761606177570246f,1.7046572957613773f,-0.04369838002729831f,0.4502910505005535f,-0.8918118755780828f,1.650005717829601f,0f,0f,0f,1f], start_interpolation: 0, interpolation_duration: 1 }
$data merge entity $(bone_head) { transformation: [-1.1219483208141365f,0.06167823408640917f,0.05525179510497266f,-1.0062103362644825f,0.06663477475808902f,1.1181119734045113f,0.10493055666681886f,1.7279751972428925f,-0.0491606775307106f,0.10791853580109301f,-1.118732236692619f,1.4013985541201301f,0f,0f,0f,1f], start_interpolation: 0, interpolation_duration: 1 }
$data merge entity $(bone_neck) { transformation: [-0.7756650266206536f,0.32824317190043034f,0.5390734519324111f,-0.529139013403279f,0.03659117967713293f,0.8760711774575861f,-0.4807914075749635f,0.38821096270098276f,-0.6300832104154312f,-0.35320774641678454f,-0.6915485780650263f,1.5298401702178452f,0f,0f,0f,1f], start_interpolation: 0, interpolation_duration: 1 }
$data merge entity $(bone_right_arm2) { transformation: [-0.3931434965637203f,0.5600884060266821f,-0.729204476497603f,-1.478961236408019f,-0.3341481939687034f,-0.825870786037511f,-0.4541832551264281f,1.373471445944184f,-0.8566114495949174f,0.06510316585447136f,0.5118382578692411f,-0.1466120940483362f,0f,0f,0f,1f], start_interpolation: 0, interpolation_duration: 1 }
$data merge entity $(bone_right_arm1) { transformation: [-0.4477636314802317f,0.6361528221702903f,-0.8270358662796042f,-1.1228090772279766f,-0.37746811072500214f,-0.937778805796849f,-0.5169717049591576f,0.08277292814704756f,-0.9727263554843042f,0.07107394169071979f,0.5813113959860169f,0.5550685495978107f,0f,0f,0f,1f], start_interpolation: 0, interpolation_duration: 1 }
$data merge entity $(bone_left_arm2) { transformation: [-0.8165547888467659f,-0.2024116070396562f,0.5406179965068104f,-0.10121880533784416f,-0.4977810816201915f,0.7211295997440584f,-0.481856923945279f,-0.42071732917949195f,-0.2923222050964415f,-0.6625719898309905f,-0.6895984967348434f,2.700661296792025f,0f,0f,0f,1f], start_interpolation: 0, interpolation_duration: 1 }
$data merge entity $(bone_left_arm1) { transformation: [-0.9271299165030987f,-0.2298215121596096f,0.6138266835337742f,-0.25038253849357506f,-0.5651889364229257f,0.8187825663760663f,-0.5471083823962022f,0.0389320472658955f,-0.3319075037032513f,-0.7522952801206038f,-0.78298162650102f,1.2655859045410072f,0f,0f,0f,1f], start_interpolation: 0, interpolation_duration: 1 }
$data merge entity $(bone_body2) { transformation: [-1.2281362921493684f,0.5131484324619793f,0.8574989088108861f,0.22912387357784214f,0.05793603448879381f,1.392917742480751f,-0.7505784589464893f,-0.34821886486151743f,-0.9976317498244329f,-0.5508205636943733f,-1.0992142842949675f,0.5536122238327184f,0f,0f,0f,1f], start_interpolation: 0, interpolation_duration: 1 }
$data merge entity $(bone_right_leg2) { transformation: [-0.9287448642521512f,0.004658476521575666f,0.3706902692568975f,-0.728375488838507f,-6.938893903907228e-18f,0.9999210442038161f,-0.012566039883352628f,-2.5321144861597364f,-0.3707195397133166f,-0.011670645005651445f,-0.9286715344619424f,-1.093798606207133f,0f,0f,0f,1f], start_interpolation: 0, interpolation_duration: 1 }
$data merge entity $(bone_right_leg1) { transformation: [-1.2383264856695348f,-0.041705209812974854f,0.4925301697780276f,-0.540496352615289f,-9.25185853854297e-18f,1.3285789310132108f,0.11249800818491029f,-1.126107046829457f,-0.49429271961775545f,0.1044819473403319f,-1.2339108589321324f,-0.5529363217761254f,0f,0f,0f,1f], start_interpolation: 0, interpolation_duration: 1 }
$data merge entity $(bone_left_leg2) { transformation: [-0.9772863920595712f,0.01164875068665261f,0.21160249172121337f,0.7609369108821129f,0.002894867815799229f,0.9991288083348824f,-0.041632248265583593f,-2.4862305701052776f,-0.21190310907467824f,-0.04007406845777378f,-0.9764687098938329f,0.5700164653410668f,0f,0f,0f,1f], start_interpolation: 0, interpolation_duration: 1 }
$data merge entity $(bone_left_leg1) { transformation: [-1.2383264856695348f,0.2811069486784786f,0.40657616269500135f,0.6204347276998999f,-9.25185853854297e-18f,1.096721696971822f,-0.7582738932397876f,-1.126107046829457f,-0.49429271961775545f,-0.7042429840429365f,-1.0185746435764838f,-0.08953689713447965f,0f,0f,0f,1f], start_interpolation: 0, interpolation_duration: 1 }
$data merge entity $(bone_tail3) { transformation: [-0.30180990971310184f,0.06946591469409602f,0.9508339839817895f,2.723963562962191f,-0.14558146016064571f,0.9822872507286887f,-0.11797370687305131f,-1.1147150195217952f,-0.9421872514826677f,-0.17402943357830847f,-0.28635107716219504f,-2.417799386172039f,0f,0f,0f,1f], start_interpolation: 0, interpolation_duration: 1 }
$data merge entity $(bone_tail2) { transformation: [-0.4652902774743653f,0.10709328515339803f,1.465869058638592f,0.890398745277055f,-0.22443808441432878f,1.5143595115400617f,-0.1818761314292874f,-1.095890861166534f,-1.4525386793691126f,-0.26829537676655885f,-0.44145791062505063f,-1.9660340041323239f,0f,0f,0f,1f], start_interpolation: 0, interpolation_duration: 1 }
$data merge entity $(bone_tail1) { transformation: [-0.788142416656541f,0.06946591469409602f,0.6115603140839831f,0.3391337136448905f,-0.05290551334526684f,0.9822872507286887f,-0.17975751364977238f,-0.8982853137454923f,-0.6132149196851471f,-0.17402943357830847f,-0.7705071177633285f,-1.0707183265481441f,0f,0f,0f,1f], start_interpolation: 0, interpolation_duration: 1 }
$data merge entity $(bone_body1) { transformation: [-1.2383264856695348f,0.09262121959212802f,0.48553743660853155f,0.5f,-9.25185853854297e-18f,1.3097163343049183f,-0.2498417527809662f,-1.1875f,-0.49429271961775545f,-0.23203924477107796f,-1.2163923191128463f,-0.12499999999999994f,0f,0f,0f,1f], start_interpolation: 0, interpolation_duration: 1 }
data modify entity @s data merge value {"locators":{"head":{"posx":-1.0558237427305355,"posy":1.0776545018329364,"posz":1.6522027666452503,"roty":2.827418793230123,"rotx":5.351848397697673},"neck":{"posx":-1.1074468976678185,"posy":0.13807878693982484,"posz":1.433695042174552,"roty":37.93699931537722,"rotx":-28.73710285284115},"right_arm":{"posx":-1.699018872721132,"posy":2.405549597421865,"posz":-0.5211726044371104,"roty":234.93447604578552,"rotx":-27.012395733008077},"left_arm":{"posx":-0.1180815222486703,"posy":-0.8698071493496489,"posz":3.7263026728089645,"roty":38.09504513405025,"rotx":-28.80675102909455},"tail1":{"posx":1.529723911958101,"posy":-1.8955155401681925,"posz":-1.9146048880622681,"roty":73.2399151416106,"rotx":-6.775173832373694},"tail2":{"posx":3.1676336659159468,"posy":-2.4703272462192905,"posz":-2.350458235504244,"roty":73.2399151416106,"rotx":-6.775173832373694}},"cameras":{}}