# This file was generated by Animated Java via MC-Build. It is not recommended to edit this file directly.
$data merge entity $(bone_jaw) { transformation: [-0.9928685123174609f,0.04021364134266379f,0.11222735984810507f,-1.025988771666059f,0.08425287977852666f,0.9027107110200272f,0.42191803049732557f,1.7571859854141987f,-0.08434197944996047f,0.4283646055169366f,-0.899661155792992f,1.5256182485876362f,0f,0f,0f,1f], start_interpolation: 0, interpolation_duration: 1 }
$data merge entity $(bone_head) { transformation: [-1.1169770763571434f,0.08825961121912955f,0.10098243372040847f,-1.0035482308393016f,0.0947844897508425f,1.1187744824396366f,0.07060140185998942f,1.7728751858275296f,-0.09488472688120553f,0.07860596968024353f,-1.118232082411924f,1.2771222302738752f,0f,0f,0f,1f], start_interpolation: 0, interpolation_duration: 1 }
$data merge entity $(bone_neck) { transformation: [-0.746789472023413f,0.36678422088293555f,0.554774566636116f,-0.5691073941238698f,0.03558624691489718f,0.8550143565714965f,-0.5173819373414011f,0.4262564844229775f,-0.6641077499212791f,-0.36663303911121764f,-0.6515681937652945f,1.4693245518558817f,0f,0f,0f,1f], start_interpolation: 0, interpolation_duration: 1 }
$data merge entity $(bone_right_arm2) { transformation: [-0.33643707105102183f,0.49935637937862093f,-0.7984067281758617f,-1.3355657368472333f,-0.3696171614261855f,-0.8498166726051515f,-0.37575893461308013f,1.3704096332474622f,-0.8661369702315326f,0.168685593149453f,0.47048051974758565f,-0.33265984324925524f,0f,0f,0f,1f], start_interpolation: 0, interpolation_duration: 1 }
$data merge entity $(bone_right_arm1) { transformation: [-0.38573537941972086f,0.5683568573993575f,-0.9040739497715298f,-1.124326430377539f,-0.4136961595256098f,-0.9657171769566611f,-0.4306005442043254f,0.1148615985009856f,-0.9844971871986883f,0.18311696732533184f,0.5351677042011111f,0.47257418350722846f,0f,0f,0f,1f], start_interpolation: 0, interpolation_duration: 1 }
$data merge entity $(bone_left_arm2) { transformation: [-0.8161129835861037f,-0.1468481199919023f,0.5589232753044305f,-0.2216193552088958f,-0.483158544637341f,0.7040004287992231f,-0.520520140815354f,-0.3482359630814382f,-0.3170448213835304f,-0.6948518013975019f,-0.6454948143312477f,2.67969864046444f,0f,0f,0f,1f], start_interpolation: 0, interpolation_duration: 1 }
$data merge entity $(bone_left_arm1) { transformation: [-0.9266282834467219f,-0.1667338029074724f,0.6346108021685721f,-0.28513306829712903f,-0.5485862642236475f,0.7993338201991178f,-0.5910072432174331f,0.06691995770781717f,-0.3599779742792168f,-0.7889463161700802f,-0.732905570438604f,1.2248514595951323f,0f,0f,0f,1f], start_interpolation: 0, interpolation_duration: 1 }
$data merge entity $(bone_body2) { transformation: [-1.1824166640370706f,0.5603526377591851f,0.8915381082198417f,0.21819617895365018f,0.05634489094858721f,1.3722845480567074f,-0.7877847528819243f,-0.3431382733799553f,-1.0515039373753587f,-0.5565828644196356f,-1.0447485004358688f,0.5427732632135656f,0f,0f,0f,1f], start_interpolation: 0, interpolation_duration: 1 }
$data merge entity $(bone_right_leg2) { transformation: [-0.9213211793237054f,0.014654032425934497f,0.38852611735021936f,-0.7178367401875239f,-6.938893903907228e-18f,0.9992894726405892f,-0.0376901826699345f,-2.5389636298753677f,-0.3888023720729811f,-0.03472476354638997f,-0.9206665554189912f,-1.097167984190549f,0f,0f,0f,1f], start_interpolation: 0, interpolation_duration: 1 }
$data merge entity $(bone_right_leg1) { transformation: [-1.2284282390982737f,-0.035439877440660905f,0.5171903462466048f,-0.5317664032083949f,-9.25185853854297e-18f,1.3302139683178793f,0.09115139203422498f,-1.1261903027906754f,-0.5184031627639747f,0.08397970800596954f,-1.2255543020434947f,-0.5735871824278012f,0f,0f,0f,1f], start_interpolation: 0, interpolation_duration: 1 }
$data merge entity $(bone_left_leg2) { transformation: [-0.9728139954715659f,0.013311436288514222f,0.23120496508203542f,0.7435979309620999f,0.003076048205779461f,0.9990013515073272f,-0.044573956678418625f,-2.482168861337529f,-0.23156741597660954f,-0.042650971272301f,-0.9718834428610487f,0.5837612801741278f,0f,0f,0f,1f], start_interpolation: 0, interpolation_duration: 1 }
$data merge entity $(bone_left_leg1) { transformation: [-1.2284282390982737f,0.29793647331957457f,0.4242354264197964f,0.619885070946237f,-9.25185853854297e-18f,1.0911338430316064f,-0.766292838521185f,-1.1261903027906754f,-0.5184031627639747f,-0.7060018216936479f,-1.0052847190618865f,-0.08758421733657477f,0f,0f,0f,1f], start_interpolation: 0, interpolation_duration: 1 }
$data merge entity $(bone_tail3) { transformation: [-0.26264946120001037f,0.07551877649238162f,0.9619314814104163f,2.792824858008535f,-0.15355831969046832f,0.9809551553491915f,-0.11894042898730169f,-1.1280881968077598f,-0.9525938814548329f,-0.17895222153115936f,-0.24605080659058753f,-2.324292939838296f,0f,0f,0f,1f], start_interpolation: 0, interpolation_duration: 1 }
$data merge entity $(bone_tail2) { transformation: [-0.404917919350016f,0.11642478042575498f,1.482977700507725f,0.9422123771216817f,-0.23673574285613863f,1.51230586449667f,-0.18336649468875674f,-1.1081987740458512f,-1.468582233909534f,-0.2758846748605373f,-0.3793283268271557f,-1.948468371125706f,0f,0f,0f,1f], start_interpolation: 0, interpolation_duration: 1 }
$data merge entity $(bone_tail1) { transformation: [-0.7651083570567634f,0.07551877649238162f,0.6394576736258577f,0.3584271435263033f,-0.058083994272167414f,0.9809551553491915f,-0.18534625111729194f,-0.9040078829497076f,-0.6412764236827135f,-0.17895222153115936f,-0.7461505550743575f,-1.075523853398862f,0f,0f,0f,1f], start_interpolation: 0, interpolation_duration: 1 }
$data merge entity $(bone_body1) { transformation: [-1.2284282390982737f,0.10069170198984215f,0.508530255062647f,0.5f,-9.25185853854297e-18f,1.3079402071322552f,-0.2589791349599626f,-1.1875f,-0.5184031627639747f,-0.2386029620415458f,-1.205033014119981f,-0.12499999999999994f,0f,0f,0f,1f], start_interpolation: 0, interpolation_duration: 1 }
data modify entity @s data merge value {"locators":{"head":{"posx":-1.0806320242167091,"posy":1.1317223061777344,"posz":1.5440722700103855,"roty":5.160123561881335,"rotx":3.5980642903836917},"neck":{"posx":-1.1493930337961915,"posy":0.18809196633379005,"posz":1.3562040907826107,"roty":40.412571946343405,"rotx":-31.15680030877281},"right_arm":{"posx":-1.4567460690786123,"posy":2.3850047005700175,"posz":-0.7907192569119719,"roty":239.49025047600827,"rotx":-22.071227393460017},"left_arm":{"posx":-0.3032258113950773,"posy":-0.7617789124331504,"posz":3.7171131503640362,"roty":40.888746617119835,"rotx":-31.36714798408218},"tail1":{"posx":1.5797323708720579,"posy":-1.9064918955252064,"posz":-1.8643398993265112,"roty":75.65204818007622,"rotx":-6.830955682009061},"tail2":{"posx":3.234792922155643,"posy":-2.482495829508931,"posz":-2.2278217277858547,"roty":75.65204818007622,"rotx":-6.830955682009061}},"cameras":{}}