# This file was generated by Animated Java via MC-Build. It is not recommended to edit this file directly.
$data merge entity $(bone_jaw) { transformation: [-0.9916727175201048f,0.040831866706347766f,0.1221391828512282f,-1.026424935411588f,0.08821575301482582f,0.9063354678354986f,0.4132481102962666f,1.7652127178402968f,-0.09382538167424637f,0.42058147653538325f,-0.9023901702417856f,1.5061072336560606f,0f,0f,0f,1f], start_interpolation: 0, interpolation_duration: 1 }
$data merge entity $(bone_head) { transformation: [-1.115631807210118f,0.0928301029304413f,0.11123507868928015f,-1.0017060290361923f,0.09924272214167904f,1.1189213589566138f,0.061570078549521505f,1.7788949575179682f,-0.10555355438352716f,0.07087005334136853f,-1.1177928621602462f,1.2577088198426725f,0f,0f,0f,1f], start_interpolation: 0, interpolation_duration: 1 }
$data merge entity $(bone_neck) { transformation: [-0.7420963188030345f,0.37343703673550355f,0.5566307871589493f,-0.5751722065995013f,0.035471314906219256f,0.8511440342772829f,-0.5237323922892447f,0.43128619491023423f,-0.6693540464042995f,-0.3689154544179434f,-0.6448771573360257f,1.460395823028366f,0f,0f,0f,1f], start_interpolation: 0, interpolation_duration: 1 }
$data merge entity $(bone_right_arm2) { transformation: [-0.3279911830204337f,0.4938099323254186f,-0.8053406326503227f,-1.320723163646233f,-0.3752338168498847f,-0.8504653169161077f,-0.36865746624075224f,1.3690464352364344f,-0.8669609948279816f,0.18127464097206153f,0.46423931111801225f,-0.3561585340084297f,0f,0f,0f,1f], start_interpolation: 0, interpolation_duration: 1 }
$data merge entity $(bone_right_arm1) { transformation: [-0.37670390054942476f,0.5623852812796071f,-0.9115854176407994f,-1.1240873476178126f,-0.41910993459845225f,-0.9666657077177696f,-0.42317287151686434f,0.11962414977015134f,-0.9857038302533752f,0.1960898056172343f,0.5283064963648137f,0.4598974628406063f,0f,0f,0f,1f], start_interpolation: 0, interpolation_duration: 1 }
$data merge entity $(bone_left_arm2) { transformation: [-0.8167226272832625f,-0.13403745470809658f,0.5612469249972781f,-0.24509591630515215f,-0.4777232019370478f,0.7025999373633611f,-0.5273839875726372f,-0.3397320735963169f,-0.32364284700042384f,-0.6988471140044694f,-0.6378620688151038f,2.6758265002281414f,0f,0f,0f,1f], start_interpolation: 0, interpolation_duration: 1 }
$data merge entity $(bone_left_arm1) { transformation: [-0.9273204830612042f,-0.1521883600331513f,0.6372491127573261f,-0.29038863569991974f,-0.5424148855326897f,0.7977436788813161f,-0.5988005692230983f,0.070565352131579f,-0.3674694825317312f,-0.7934826606925746f,-0.724239223967149f,1.2189211010992589f,0f,0f,0f,1f], start_interpolation: 0, interpolation_duration: 1 }
$data merge entity $(bone_body2) { transformation: [-1.1749858381048048f,0.5675106092589741f,0.8968190637336516f,0.21664336668793333f,0.05616291526818049f,1.3693248116079533f,-0.7929311014885643f,-0.3426640740046971f,-1.0598105734734744f,-0.5566199000555017f,-1.036301249473566f,0.5415152110085037f,0f,0f,0f,1f], start_interpolation: 0, interpolation_duration: 1 }
$data merge entity $(bone_right_leg2) { transformation: [-0.9202873380306007f,0.01710629266851865f,0.39086901925285666f,-0.7176561344723845f,0f,0.9990436959873066f,-0.0437229174235009f,-2.5407494804236697f,-0.3912431666630754f,-0.040237647286605414f,-0.919407263556411f,-1.094745952640521f,0f,0f,0f,1f], start_interpolation: 0, interpolation_duration: 1 }
$data merge entity $(bone_right_leg1) { transformation: [-1.2270497840408008f,-0.03338835227793663f,0.5205879591340605f,-0.5305580029326051f,0f,1.3305994928273652f,0.08533913208684736f,-1.1261982613020214f,-0.5216575555507672f,0.07853652269804656f,-1.2245338652389632f,-0.5763574519426542f,0f,0f,0f,1f], start_interpolation: 0, interpolation_duration: 1 }
$data merge entity $(bone_left_leg2) { transformation: [-0.9719501443968958f,0.013066114057230821f,0.23482374980034992f,0.7425633154959062f,0.002540233039524026f,0.998980542503801f,-0.045071309221236755f,-2.483066518667787f,-0.23517326383532375f,-0.04321055845803057f,-0.9709924735108849f,0.5824169612698743f,0f,0f,0f,1f], start_interpolation: 0, interpolation_duration: 1 }
$data merge entity $(bone_left_leg1) { transformation: [-1.2270497840408008f,0.29913939268620526f,0.42736662130602815f,0.6198011696056457f,0f,1.0923299311552217f,-0.7645868814465798f,-1.1261982613020214f,-0.5216575555507672f,-0.7036396258195914f,-1.0052574045939882f,-0.08730349361380998f,0f,0f,0f,1f], start_interpolation: 0, interpolation_duration: 1 }
$data merge entity $(bone_tail3) { transformation: [-0.2597533539583865f,0.07624403762913018f,0.9626603979770731f,2.801185467407201f,-0.154116620881482f,0.9808278191676579f,-0.11926800205792731f,-1.1297650359091227f,-0.9532975727837781f,-0.17934223114711154f,-0.24302284224272702f,-2.3158965177873436f,0f,0f,0f,1f], start_interpolation: 0, interpolation_duration: 1 }
$data merge entity $(bone_tail2) { transformation: [-0.4004530873525125f,0.11754289134490901f,1.484101446881321f,0.949432294899929f,-0.23759645719228473f,1.512109554550139f,-0.18387150317263792f,-1.10930732575463f,-1.4696670913749912f,-0.27648593968513024f,-0.3746602151242041f,-1.9457642168401195f,0f,0f,0f,1f], start_interpolation: 0, interpolation_duration: 1 }
$data merge entity $(bone_tail1) { transformation: [-0.7617126485692212f,0.07624403762913018f,0.6434133101946757f,0.3610197338892387f,-0.05877021552195836f,0.9808278191676579f,-0.18580325862136748f,-0.9045450865291823f,-0.64524406450363f,-0.17934223114711154f,-0.7426280774048416f,-1.0760663765345215f,0f,0f,0f,1f], start_interpolation: 0, interpolation_duration: 1 }
$data merge entity $(bone_body1) { transformation: [-1.2270497840408008f,0.10165871683884023f,0.5116562425631903f,0.5f,0f,1.3077704255568772f,-0.25983512429339134f,-1.1875f,-0.5216575555507672f,-0.23912297486281536f,-1.2035245636908842f,-0.12499999999999994f,0f,0f,0f,1f], start_interpolation: 0, interpolation_duration: 1 }
data modify entity @s data merge value {"locators":{"head":{"posx":-1.0841769414112374,"posy":1.14016918072276,"posz":1.5288345852530916,"roty":5.682973029514471,"rotx":3.1373058563548555},"neck":{"posx":-1.155838103171701,"posy":0.19530938854551835,"posz":1.3446717398999481,"roty":40.79937665839233,"rotx":-31.582947663211446},"right_arm":{"posx":-1.4323622285852675,"posy":2.3803883717198007,"posz":-0.8237378927162462,"roty":240.03866373660716,"rotx":-21.632843554399425},"left_arm":{"posx":-0.3406367598904907,"posy":-0.748782317052294,"posz":3.7138323265776894,"roty":41.34414760272023,"rotx":-31.828871212950975},"tail1":{"posx":1.5865474595321174,"posy":-1.9076603639350131,"posz":-1.8591735509236884,"roty":75.83175893251988,"rotx":-6.849858793444067},"tail2":{"posx":3.2426116418810715,"posy":-2.484189799724258,"posz":-2.2172101881682935,"roty":75.83175893251988,"rotx":-6.849858793444067}},"cameras":{}}