# This file was generated by Animated Java via MC-Build. It is not recommended to edit this file directly.
$data merge entity $(bone_jaw) { transformation: [-0.9897654861382896f,0.040777505012837785f,0.13675334560574176f,-1.026636137704124f,0.09243294816280576f,0.9132991007983225f,0.39666220210010894f,1.7737480425148866f,-0.10872181263834568f,0.40524307219976435f,-0.9077211134983747f,1.4853260035083762f,0f,0f,0f,1f], start_interpolation: 0, interpolation_duration: 1 }
$data merge entity $(bone_head) { transformation: [-1.1134861719055758f,0.09821405029648486f,0.12699427270324556f,-0.9984151882145139f,0.10398706668315648f,1.1192317082725385f,0.046174377743162125f,1.7840090153467003f,-0.1223120392181389f,0.05744026045984604f,-1.1168551300596714f,1.237135974606227f,0f,0f,0f,1f], start_interpolation: 0, interpolation_duration: 1 }
$data merge entity $(bone_neck) { transformation: [-0.7370261676653395f,0.381351780062632f,0.5579993261820348f,-0.5817139181754873f,0.03547409628983328f,0.8462979768232208f,-0.5315273491715576f,0.435214395625221f,-0.6749326015751222f,-0.37195504334258633f,-0.6372718643271899f,1.4520211191794443f,0f,0f,0f,1f], start_interpolation: 0, interpolation_duration: 1 }
$data merge entity $(bone_right_arm2) { transformation: [-0.3196405684256766f,0.49576540486411014f,-0.8074940063904101f,-1.3187292751755963f,-0.3812122412013218f,-0.8474741646807515f,-0.36941137957151277f,1.3679144048008978f,-0.8674716907051064f,0.18974773658357086f,0.4598789648229592f,-0.37479419985621765f,0f,0f,0f,1f], start_interpolation: 0, interpolation_duration: 1 }
$data merge entity $(bone_right_arm1) { transformation: [-0.3682041898046661f,0.5650769657407989f,-0.9133918678989353f,-1.1235946863820392f,-0.4243879426004794f,-0.9635447819129682f,-0.42502627491493716f,0.12437059208104123f,-0.9866567567954247f,0.20356935668687393f,0.5236783060548443f,0.4468829738861456f,0f,0f,0f,1f], start_interpolation: 0, interpolation_duration: 1 }
$data merge entity $(bone_left_arm2) { transformation: [-0.8184081188460649f,-0.11417810046720264f,0.5631798224195774f,-0.2775113630351868f,-0.4669877056493251f,0.7032631810726278f,-0.5360441967972303f,-0.3352735578849919f,-0.33485912527393447f,-0.7017009758588839f,-0.6288760662479258f,2.6715101782550743f,0f,0f,0f,1f], start_interpolation: 0, interpolation_duration: 1 }
$data merge entity $(bone_left_arm1) { transformation: [-0.9292342182731361f,-0.129639718238803f,0.6394437567055617f,-0.2959365291243261f,-0.5302256241226712f,0.7984967368428794f,-0.6086335151135218f,0.07329532395932215f,-0.38020463182144637f,-0.796722983006441f,-0.7140363668856656f,1.2135318752467354f,0f,0f,0f,1f], start_interpolation: 0, interpolation_duration: 1 }
$data merge entity $(bone_body2) { transformation: [-1.1669580988034542f,0.574628124639951f,0.9027490008049001f,0.21520445921422637f,0.05616731912556936f,1.3667445852397961f,-0.7973699990747013f,-0.342664074004697f,-1.068643285827277f,-0.5556583496492387f,-1.0277109372609647f,0.5409016504681439f,0f,0f,0f,1f], start_interpolation: 0, interpolation_duration: 1 }
$data merge entity $(bone_right_leg2) { transformation: [-0.9194401675728492f,0.02101055323638915f,0.39266822497664866f,-0.7197681945347606f,0f,0.9985715595488746f,-0.053430707089919094f,-2.543762038065789f,-0.3932299305159909f,-0.049126338280291074f,-0.9181268020450987f,-1.0875313269523272f,0f,0f,0f,1f], start_interpolation: 0, interpolation_duration: 1 }
$data merge entity $(bone_right_leg1) { transformation: [-1.2259202234304656f,-0.029601633274448348f,0.5234702731478267f,-0.5295807378379787f,0f,1.3312065855743387f,0.07527817944988442f,-1.1261982613020214f,-0.5243065740213212f,0.0692137819279807f,-1.2239648061145503f,-0.5785822429346286f,0f,0f,0f,1f], start_interpolation: 0, interpolation_duration: 1 }
$data merge entity $(bone_left_leg2) { transformation: [-0.9708111412101444f,0.012020319817417052f,0.23954381647987508f,0.7442078893332996f,0.0011039359002758958f,0.9989567154414313f,-0.045653718358919015f,-2.4864180565092697f,-0.23984267641056947f,-0.04405669740180751f,-0.9698115785998126f,0.5755200670948859f,0f,0f,0f,1f], start_interpolation: 0, interpolation_duration: 1 }
$data merge entity $(bone_left_leg1) { transformation: [-1.2259202234304656f,0.2981018923080606f,0.43131501870944466f,0.6197194716280829f,0f,1.0968519566745059f,-0.7580854588481996f,-1.1261982613020214f,-0.5243065740213212f,-0.6970142213179289f,-1.0084897468474152f,-0.08704482978963989f,0f,0f,0f,1f], start_interpolation: 0, interpolation_duration: 1 }
$data merge entity $(bone_tail3) { transformation: [-0.26185200962852123f,0.07663121090362812f,0.962060903773222f,2.8067243862939106f,-0.15359998381568102f,0.9808278191676579f,-0.11993262324588227f,-1.1309691532925954f,-0.9528066803005358f,-0.17917713766622093f,-0.2450611827940377f,-2.3171652230952775f,0f,0f,0f,1f], start_interpolation: 0, interpolation_duration: 1 }
$data merge entity $(bone_tail2) { transformation: [-0.40368851484397017f,0.11813978347642667f,1.4831772266503838f,0.9557603384711242f,-0.23679997504917488f,1.512109554550139f,-0.1848961275040685f,-1.109200698777462f,-1.4689102987966594f,-0.2762314205687572f,-0.37780265680747477f,-1.9431806270816074f,0f,0f,0f,1f], start_interpolation: 0, interpolation_duration: 1 }
$data merge entity $(bone_tail1) { transformation: [-0.7585730594445822f,0.07663121090362812f,0.6470661256783035f,0.3630742123684995f,-0.05927163351314093f,0.9808278191676579f,-0.18564391346742323f,-0.9045450865291823f,-0.648886574792213f,-0.17917713766622093f,-0.7394875025260197f,-1.0763643337986848f,0f,0f,0f,1f], start_interpolation: 0, interpolation_duration: 1 }
$data merge entity $(bone_body1) { transformation: [-1.2259202234304656f,0.10217494787150416f,0.5142544735725987f,0.5f,0f,1.3077704255568772f,-0.2598351242933914f,-1.1875f,-0.5243065740213212f,-0.23890285022162788f,-1.2024166592208314f,-0.12499999999999994f,0f,0f,0f,1f], start_interpolation: 0, interpolation_duration: 1 }
data modify entity @s data merge value {"locators":{"head":{"posx":-1.0882547363523516,"posy":1.1493874058221893,"posz":1.515462254922888,"roty":6.487070569615383,"rotx":2.3523025118863474},"neck":{"posx":-1.1629838353043984,"posy":0.20203062110787456,"posz":1.3336969426862517,"roty":41.205597526568056,"rotx":-32.108709855465484},"right_arm":{"posx":-1.4307252123711063,"posy":2.376268494192323,"posz":-0.8486983995203372,"roty":240.33789092987763,"rotx":-21.679320122885287},"left_arm":{"posx":-0.39377266634989383,"posy":-0.7413279089559217,"posz":3.708577882567542,"roty":41.84552247297427,"rotx":-32.41475401236194},"tail1":{"posx":1.5924353028410585,"posy":-1.9080752436577895,"posz":-1.8581765019652756,"roty":75.70923121239701,"rotx":-6.88821409290492},"tail2":{"posx":3.247305180355336,"posy":-2.485767766525955,"posz":-2.219842145230009,"roty":75.70923121239701,"rotx":-6.88821409290492}},"cameras":{}}