# This file was generated by Animated Java via MC-Build. It is not recommended to edit this file directly.
$data merge entity $(bone_jaw) { transformation: [-0.9891710042808349f,0.03870681924269677f,0.1415715594113356f,-1.0265489940844519f,0.09098398907506985f,0.9186062742314499f,0.3845574426202172f,1.7707636300817287f,-0.11516352730804891f,0.3932738169351316f,-0.9121803916393078f,1.4930153205021157f,0f,0f,0f,1f], start_interpolation: 0, interpolation_duration: 1 }
$data merge entity $(bone_head) { transformation: [-1.1128173798159393f,0.09725558893915309f,0.13343099190100316f,-0.9968976625508956f,0.10235698770945359f,1.1197052729641852f,0.037525308303142546f,1.779102587482427f,-0.12955896822155502f,0.04925903080956419f,-1.1164286907980592f,1.2449200558803248f,0f,0f,0f,1f], start_interpolation: 0, interpolation_duration: 1 }
$data merge entity $(bone_neck) { transformation: [-0.738840400319578f,0.38040141343018585f,0.5562460134831732f,-0.5797040782056009f,0.035813009288768405f,0.8464357575034032f,-0.5312851746334756f,0.43018888610097794f,-0.6729281471459552f,-0.3726141074623407f,-0.6390042532712557f,1.4580956628491442f,0f,0f,0f,1f], start_interpolation: 0, interpolation_duration: 1 }
$data merge entity $(bone_right_arm2) { transformation: [-0.32428743976891894f,0.5149609706986147f,-0.7935066824326433f,-1.3545632903998053f,-0.3789638229025995f,-0.8393061074482181f,-0.3898097984032297f,1.3689230756706448f,-0.8667318370402501f,0.1742999043524119f,0.4673280068683803f,-0.3521314602519855f,0f,0f,0f,1f], start_interpolation: 0, interpolation_duration: 1 }
$data merge entity $(bone_right_arm1) { transformation: [-0.37414399571157164f,0.586901765238966f,-0.8970694484691855f,-1.123496631632115f,-0.4212042980203897f,-0.9542052475464662f,-0.44860928638223835f,0.12184034867392546f,-0.9857860907654226f,0.1849585641667238f,0.5321532859423621f,0.4529540622349907f,0f,0f,0f,1f], start_interpolation: 0, interpolation_duration: 1 }
$data merge entity $(bone_left_arm2) { transformation: [-0.8206455769431958f,-0.10610974082760766f,0.5614993855251018f,-0.284193671553303f,-0.458555052760249f,0.7086125992278594f,-0.5362792628878936f,-0.3486666830119989f,-0.3409810854455334f,-0.6975735854496178f,-0.6301769531261444f,2.673324562450149f,0f,0f,0f,1f], start_interpolation: 0, interpolation_duration: 1 }
$data merge entity $(bone_left_arm1) { transformation: [-0.9317746654875868f,-0.12047876823134618f,0.6375357606482926f,-0.29388362163577925f,-0.5206510494881993f,0.8045705553732986f,-0.6089004130706291f,0.06939690625156181f,-0.38715560743294936f,-0.7920366751459201f,-0.715513415528643f,1.2179559870715724f,0f,0f,0f,1f], start_interpolation: 0, interpolation_duration: 1 }
$data merge entity $(bone_body2) { transformation: [-1.1698306338393318f,0.5706749695814993f,0.9015380256365598f,0.21627090679674293f,0.05670393137388331f,1.3691919814138325f,-0.7931219494146243f,-0.3439294093444243f,-1.0654695663144291f,-0.553703748921445f,-1.0320519396486423f,0.5429578656255654f,0f,0f,0f,1f], start_interpolation: 0, interpolation_duration: 1 }
$data merge entity $(bone_right_leg2) { transformation: [-0.9204067935274597f,0.022690556506179155f,0.3903030528626955f,-0.7246533740009324f,-6.938893903907228e-18f,0.998314389434736f,-0.05803774502468329f,-2.5454808458804083f,-0.39096206264610917f,-0.05341833480173307f,-0.9188553461119491f,-1.0785981888623462f,0f,0f,0f,1f], start_interpolation: 0, interpolation_duration: 1 }
$data merge entity $(bone_right_leg1) { transformation: [-1.2272090580366128f,-0.027108634843482728f,0.5205773982488959f,-0.5307376510833499f,-9.25185853854297e-18f,1.331529189112428f,0.06933827456302566f,-1.126177096969281f,-0.5212827501948122f,0.06381941895928103f,-1.2255485114391884f,-0.5759441719360207f,0f,0f,0f,1f], start_interpolation: 0, interpolation_duration: 1 }
$data merge entity $(bone_left_leg2) { transformation: [-0.9707242432382646f,0.010457072863204853f,0.23996894219175954f,0.7504161885319558f,-0.0005030357733823293f,0.9989611858624068f,-0.04556639216993841f,-2.491105380226074f,-0.2401961501450618f,-0.04435311451868457f,-0.9697105808889492f,0.56436417268162f,0f,0f,0f,1f], start_interpolation: 0, interpolation_duration: 1 }
$data merge entity $(bone_left_leg1) { transformation: [-1.2272090580366128f,0.29273035790583746f,0.4313289269351029f,0.6197708408259747f,-9.25185853854297e-18f,1.103250080112077f,-0.7487436400467606f,-1.126177096969281f,-0.5212827501948122f,-0.6891487329095174f,-1.01543886869487f,-0.08724159362838417f,0f,0f,0f,1f], start_interpolation: 0, interpolation_duration: 1 }
$data merge entity $(bone_tail3) { transformation: [-0.2740248063429292f,0.0755198661606753f,0.958752916722444f,2.796109356496338f,-0.15101301573601006f,0.9811664484915039f,-0.1204469569266261f,-1.1290155471286594f,-0.9497923323479905f,-0.1777896233463659f,-0.2574594633011608f,-2.3423124526136094f,0f,0f,0f,1f], start_interpolation: 0, interpolation_duration: 1 }
$data merge entity $(bone_tail2) { transformation: [-0.42245490977868244f,0.11642646033104108f,1.4780774132804344f,0.950034561943763f,-0.2328117325930155f,1.5126316080910684f,-0.18568905859521523f,-1.1060228389503937f,-1.4642631790364853f,-0.27409233599231403f,-0.39691667258928953f,-1.9449644460899882f,0f,0f,0f,1f], start_interpolation: 0, interpolation_duration: 1 }
$data merge entity $(bone_tail1) { transformation: [-0.7609918759040318f,0.0755198661606753f,0.6443509250580278f,0.3605356885576124f,-0.058504936231858644f,0.9811664484915039f,-0.18409120780492233f,-0.9031128136286813f,-0.6461180520961851f,-0.1777896233463659f,-0.7422414112576776f,-1.0755681901166827f,0f,0f,0f,1f], start_interpolation: 0, interpolation_duration: 1 }
$data merge entity $(bone_body1) { transformation: [-1.2272090580366128f,0.10069315488090039f,0.5114651446685277f,0.5f,-9.25185853854297e-18f,1.3082219313220051f,-0.2575522397221588f,-1.1875f,-0.5212827501948122f,-0.23705283112848785f,-1.2040963530303874f,-0.12499999999999994f,0f,0f,0f,1f], start_interpolation: 0, interpolation_duration: 1 }
data modify entity @s data merge value {"locators":{"head":{"posx":-1.087992709711815,"posy":1.146620405751451,"posz":1.5276730084300278,"roty":6.815429317158873,"rotx":1.9115028301647536},"neck":{"posx":-1.1613055600871063,"posy":0.19709262851077042,"posz":1.3412374112334513,"roty":41.03920420535448,"rotx":-32.09233009048976},"right_arm":{"posx":-1.4930388848676557,"posy":2.3794488433890653,"posz":-0.8142661078536032,"roty":239.50445753263529,"rotx":-22.94266502220338},"left_arm":{"posx":-0.40754327492929654,"posy":-0.7604799599983959,"posz":3.707297942303185,"roty":41.70163207319359,"rotx":-32.430709528602634},"tail1":{"posx":1.586790393362803,"posy":-1.9058283312390758,"posz":-1.869901568056263,"roty":74.96864692977967,"rotx":-6.917898426146736},"tail2":{"posx":3.2362880478168266,"posy":-2.4845479240449855,"posz":-2.253784520078407,"roty":74.96864692977967,"rotx":-6.917898426146736}},"cameras":{}}