# This file was generated by Animated Java via MC-Build. It is not recommended to edit this file directly.
$data merge entity $(bone_jaw) { transformation: [-0.9958213238317615f,0.023381033412743765f,0.08827920637675807f,-1.0170237346295639f,0.05704336047068714f,0.9141442465565724f,0.40135564218499287f,1.696359172115265f,-0.07131581891957284f,0.40471424951942203f,-0.9116580664962943f,1.6704797387364516f,0f,0f,0f,1f], start_interpolation: 0, interpolation_duration: 1 }
$data merge entity $(bone_head) { transformation: [-1.1202989893107316f,0.05881717301511047f,0.08423606536314336f,-0.9983046089933099f,0.06417378052952304f,1.1209346963251232f,0.07079641563704238f,1.7120917089234968f,-0.08023029628451944f,0.07530568858336543f,-1.1196058024256053f,1.4216784493085393f,0f,0f,0f,1f], start_interpolation: 0, interpolation_duration: 1 }
$data merge entity $(bone_neck) { transformation: [-0.7800709950242957f,0.3274359533212147f,0.5331743984799278f,-0.5229656131200113f,0.03758846805618754f,0.8751220432384438f,-0.48244016883688334f,0.37149766677458895f,-0.6245609256037351f,-0.356296373698637f,-0.6949651389085695f,1.547864633801996f,0f,0f,0f,1f], start_interpolation: 0, interpolation_duration: 1 }
$data merge entity $(bone_right_arm2) { transformation: [-0.4068260277500113f,0.617710067407524f,-0.6729984069583966f,-1.5946409276224867f,-0.32852568888823097f,-0.7863625521538453f,-0.5231680497799968f,1.3611630790666718f,-0.8523869161863411f,0.008258885728972893f,0.5228463788923626f,-0.05635110139242783f,0f,0f,0f,1f], start_interpolation: 0, interpolation_duration: 1 }
$data merge entity $(bone_right_arm1) { transformation: [-0.46575558327976757f,0.7015958434904895f,-0.7615812602638256f,-1.121265540183242f,-0.3683840205876454f,-0.8927091496810474f,-0.5971051786711182f,0.07503473902668134f,-0.9677478788216738f,0.0021571780305532583f,0.5938269079147058f,0.572045633801024f,0f,0f,0f,1f], start_interpolation: 0, interpolation_duration: 1 }
$data merge entity $(bone_left_arm2) { transformation: [-0.8273129820941272f,-0.1673093698407318f,0.5362469621564486f,-0.1346593468235237f,-0.4643919971493109f,0.7408117313245773f,-0.48532262642036045f,-0.4675964378946182f,-0.3160590176568243f,-0.6505425070626666f,-0.6905802950145795f,2.7062395670725876f,0f,0f,0f,1f], start_interpolation: 0, interpolation_duration: 1 }
$data merge entity $(bone_left_arm1) { transformation: [-0.9393449484193734f,-0.18996584700666422f,0.608863738281801f,-0.24411841516134053f,-0.5272784134299466f,0.8411299866081138f,-0.5510433987481175f,0.025937154695732156f,-0.35885867629785256f,-0.7386368048940692f,-0.7840963766311371f,1.2788601307125567f,0f,0f,0f,1f], start_interpolation: 0, interpolation_duration: 1 }
$data merge entity $(bone_body2) { transformation: [-1.2351124087884682f,0.501933417230607f,0.8541104300782179f,0.23266358982347807f,0.05951507442229694f,1.400195634583801f,-0.7367866619676423f,-0.35269794611381533f,-0.988888132205914f,-0.5426412019042764f,-1.1111189101183665f,0.5605056707433849f,0f,0f,0f,1f], start_interpolation: 0, interpolation_duration: 1 }
$data merge entity $(bone_right_leg2) { transformation: [-0.9316595243880536f,0.011555159770887644f,0.363148742114984f,-0.7453972635707943f,0f,0.999494148321567f,-0.03180326195448069f,-2.5396123700874f,-0.3633325344873837f,-0.029629811906500145f,-0.9311882428539139f,-1.0599941045790013f,0f,0f,0f,1f], start_interpolation: 0, interpolation_duration: 1 }
$data merge entity $(bone_right_leg1) { transformation: [-1.2422126991840714f,-0.03216922606851347f,0.48337410838578687f,-0.5439981954333091f,0f,1.330390379347026f,0.08853934898480853f,-1.1260366522722016f,-0.48444337931651155f,0.08248852776481463f,-1.2394708680728925f,-0.5443104754452075f,0f,0f,0f,1f], start_interpolation: 0, interpolation_duration: 1 }
$data merge entity $(bone_left_leg2) { transformation: [-0.9766820896438231f,0.005918417227198769f,0.2146091053671771f,0.7820327891579476f,-0.0030648988423622597f,0.9991337170875082f,-0.04150206951449026f,-2.503195400099857f,-0.21466881972951113f,-0.04119208317655587f,-0.9758178672885194f,0.5279595983634884f,0f,0f,0f,1f], start_interpolation: 0, interpolation_duration: 1 }
$data merge entity $(bone_left_leg1) { transformation: [-1.2422126991840714f,0.2627733321628137f,0.40698349311446674f,0.6205762100517579f,0f,1.120140517250042f,-0.7232309447144711f,-1.1260366522722016f,-0.48444337931651155f,-0.6738049979754068f,-1.0435895815489622f,-0.0901448073359779f,0f,0f,0f,1f], start_interpolation: 0, interpolation_duration: 1 }
$data merge entity $(bone_tail3) { transformation: [-0.34438238582911307f,0.06590031205201931f,0.9365137058271462f,2.6834085077692107f,-0.1365283896602411f,0.9834135636447744f,-0.11940586943809173f,-1.1071168771556026f,-0.9288491649064606f,-0.16898198635041464f,-0.32967304582212814f,-2.5043236982900705f,0f,0f,0f,1f], start_interpolation: 0, interpolation_duration: 1 }
$data merge entity $(bone_tail2) { transformation: [-0.5309228448198826f,0.10159631441352976f,1.4437919631501837f,0.8720412026049186f,-0.2104812673928717f,1.516095910619027f,-0.18408404871705805f,-1.084686963850106f,-1.43197579589746f,-0.26051389562355587f,-0.5082459456424475f,-1.970608760546185f,0f,0f,0f,1f], start_interpolation: 0, interpolation_duration: 1 }
$data merge entity $(bone_tail1) { transformation: [-0.79517882554188f,0.06590031205201931f,0.6027833643036964f,0.33098123122497614f,-0.05054568114119439f,0.9834135636447744f,-0.17419212656563426f,-0.8932896192314703f,-0.6042646518933645f,-0.16898198635041464f,-0.7786586664009201f,-1.0677508460085368f,0f,0f,0f,1f], start_interpolation: 0, interpolation_duration: 1 }
$data merge entity $(bone_body1) { transformation: [-1.2422126991840714f,0.08786708273602574f,0.4764081900377679f,0.5f,0f,1.311218084859699f,-0.24183653924632734f,-1.1875f,-0.48444337931651155f,-0.2253093151338862f,-1.2216088173094017f,-0.12499999999999994f,0f,0f,0f,1f], start_interpolation: 0, interpolation_duration: 1 }
data modify entity @s data merge value {"locators":{"head":{"posx":-1.0543797232692445,"posy":1.0696845399548054,"posz":1.6908435674360045,"roty":4.302670666288151,"rotx":3.6080159309635826},"neck":{"posx":-1.1024363929376055,"posy":0.12242615569287671,"posz":1.4560659535006883,"roty":37.49527198978748,"rotx":-28.844894931747532},"right_arm":{"posx":-1.901278418285188,"posy":2.388576800555001,"posz":-0.37930735882922834,"roty":232.1566890437002,"rotx":-31.544998942159413},"left_arm":{"posx":-0.18376639668013328,"posy":-0.9367223561871834,"posz":3.7218259102460953,"roty":37.82992728057451,"rotx":-29.033612174416877},"tail1":{"posx":1.5095169395507062,"posy":-1.8872726231148447,"posz":-1.9544163441727795,"roty":70.60683074367049,"rotx":-6.857814868056476},"tail2":{"posx":3.123703307728705,"posy":-2.4650129809982957,"posz":-2.4679759294800983,"roty":70.60683074367049,"rotx":-6.857814868056476}},"cameras":{}}