# This file was generated by Animated Java via MC-Build. It is not recommended to edit this file directly.
$data merge entity $(bone_jaw) { transformation: [-0.9964382005485722f,0.015312470519539366f,-0.08292430725735268f,-0.9213602543199948f,-0.029173932754158916f,0.8600503653501206f,0.5093743718609919f,1.4873784787400621f,0.0791188608056223f,0.5099793106663373f,-0.8565403134453791f,2.102894245036115f,0f,0f,0f,1f], start_interpolation: 0, interpolation_duration: 1 }
$data merge entity $(bone_head) { transformation: [-1.1209929756171437f,-0.01573690166472907f,-0.09355265118112205f,-0.9421497323602441f,-0.03282067434842878f,1.1052380778617275f,0.20735620217352727f,1.5334576347786237f,0.0890087184063251f,0.2093469397209069f,-1.1017605487932278f,1.8580585675265087f,0f,0f,0f,1f], start_interpolation: 0, interpolation_duration: 1 }
$data merge entity $(bone_neck) { transformation: [-0.8681393675704165f,0.20106458651257714f,0.4537698431197955f,-0.35302317420981527f,0.0368432334415197f,0.9378523496809031f,-0.3450732478004963f,0.23819588268400127f,-0.49495112346979386f,-0.28285332285220804f,-0.8215944152241138f,1.7385203224222843f,0f,0f,0f,1f], start_interpolation: 0, interpolation_duration: 1 }
$data merge entity $(bone_right_arm2) { transformation: [-0.6023645736524247f,0.6867875939985042f,-0.4067919875541777f,-1.8986247696084855f,-0.2113070637670105f,-0.628640741192017f,-0.7484384699597662f,1.2383258035522327f,-0.769744272606622f,-0.36487479940836803f,0.5237939819681072f,0.7195987099448907f,0f,0f,0f,1f], start_interpolation: 0, interpolation_duration: 1 }
$data merge entity $(bone_right_arm1) { transformation: [-0.6752199842833615f,0.7838480397740136f,-0.46779400414205563f,-1.0790650811174027f,-0.24754230951499462f,-0.7172975911032273f,-0.8446170598217474f,-0.044080667636691606f,-0.8786192490315723f,-0.4002966690897979f,0.597462801261512f,0.8549070225014672f,0f,0f,0f,1f], start_interpolation: 0, interpolation_duration: 1 }
$data merge entity $(bone_left_arm2) { transformation: [-0.8196699998472964f,-0.36207478604855226f,0.44389519107355574f,0.3226784736485428f,-0.5276519286282877f,0.7788774373457993f,-0.33901825881283887f,-0.6951088187382537f,-0.22298998534728368f,-0.5121052498281343f,-0.829471928116487f,2.716241622192812f,0f,0f,0f,1f], start_interpolation: 0, interpolation_duration: 1 }
$data merge entity $(bone_left_arm1) { transformation: [-0.9306669789932843f,-0.41110574665929367f,0.5040059981980997f,-0.10351361412939264f,-0.5991047939633682f,0.8843504236530428f,-0.38492698136041076f,-0.07079846285205876f,-0.25318654586306166f,-0.5814528357423607f,-0.9417962517155944f,1.4041571607922745f,0f,0f,0f,1f], start_interpolation: 0, interpolation_duration: 1 }
$data merge entity $(bone_body2) { transformation: [-1.3745539986531596f,0.34704701421485606f,0.7050561106434072f,0.27339433357637594f,0.05833511961573953f,1.4617088095224104f,-0.6057630018649535f,-0.3694721904376963f,-0.783672612160507f,-0.49991016246279274f,-1.2817532956307922f,0.5945565472757541f,0f,0f,0f,1f], start_interpolation: 0, interpolation_duration: 1 }
$data merge entity $(bone_right_leg2) { transformation: [-0.9538194013162338f,-0.01979909737826675f,0.2997274518887908f,-0.7781719197591485f,0f,0.9978253504111116f,0.06591335279700346f,-2.5100399464383205f,-0.3003806745993183f,0.06286943470358348f,-0.9517451783472876f,-1.0599963178914362f,0f,0f,0f,1f], start_interpolation: 0, interpolation_duration: 1 }
$data merge entity $(bone_right_leg1) { transformation: [-1.2717592017549784f,-0.052412083385632566f,0.3970633249804063f,-0.5700581384579786f,0f,1.3218670791989342f,0.17448553724551608f,-1.1257970494688876f,-0.40050756613242433f,0.16642769067385946f,-1.2608224661011658f,-0.4724184454164764f,0f,0f,0f,1f], start_interpolation: 0, interpolation_duration: 1 }
$data merge entity $(bone_left_leg2) { transformation: [-0.9897970889708843f,0.0031059390857812175f,0.14245025730815203f,0.8301049512556415f,-0.0013284278223959778f,0.9995177704688454f,-0.031023568403864665f,-2.5097703429395763f,-0.1424779209010434f,-0.03089627258075006f,-0.9893156535688354f,0.4913495480152963f,0f,0f,0f,1f], start_interpolation: 0, interpolation_duration: 1 }
$data merge entity $(bone_left_leg1) { transformation: [-1.2717592017549784f,0.21271117086428143f,0.3393527196279186f,0.6222161131873138f,0f,1.1297421849144778f,-0.7081386682016733f,-1.1257970494688876f,-0.40050756613242433f,-0.6754364005529951f,-1.0775700144568208f,-0.09694260216732856f,0f,0f,0f,1f], start_interpolation: 0, interpolation_duration: 1 }
$data merge entity $(bone_tail3) { transformation: [-0.4522817342223072f,0.04781900836455366f,0.8905922609858528f,2.427146913878423f,-0.11413933295173644f,0.9872472084977986f,-0.11097369952667613f,-1.052994107075259f,-0.8845413758339375f,-0.15184298387589432f,-0.44105584984837215f,-2.7596635720491793f,0f,0f,0f,1f], start_interpolation: 0, interpolation_duration: 1 }
$data merge entity $(bone_tail2) { transformation: [-0.6972676735927236f,0.07372097122868689f,1.3729964023531895f,0.6917851436838072f,-0.17596480496726033f,1.5220061131007727f,-0.17108445343695902f,-1.0442946886750457f,-1.3636679544106536f,-0.23409126680867037f,-0.6799611018495737f,-2.0147809660859934f,0f,0f,0f,1f], start_interpolation: 0, interpolation_duration: 1 }
$data merge entity $(bone_tail1) { transformation: [-0.8635806770084223f,0.04781900836455366f,0.501938000889259f,0.2664236023650222f,-0.03552806649507137f,0.9872472084977986f,-0.15517959210033427f,-0.8749753637565565f,-0.5029574244295404f,-0.15184298387589432f,-0.8508686957802996f,-1.0478632987657326f,0f,0f,0f,1f], start_interpolation: 0, interpolation_duration: 1 }
$data merge entity $(bone_body1) { transformation: [-1.2717592017549784f,0.06375867781940488f,0.39539997664648335f,0.5f,0f,1.316329611330398f,-0.21225958662105476f,-1.1875f,-0.40050756613242433f,-0.20245731183452575f,-1.2555407218139907f,-0.12499999999999994f,0f,0f,0f,1f], start_interpolation: 0, interpolation_duration: 1 }
data modify entity @s data merge value {"locators":{"head":{"posx":-0.9074201616628608,"posy":0.8618375353627953,"posz":2.0477993090130124,"roty":355.1465450724193,"rotx":10.621292713297608},"neck":{"posx":-0.9192133083272145,"posy":-0.051942975750515485,"posz":1.6998140586599795,"roty":28.9120439020314,"rotx":-20.186267147678468},"right_arm":{"posx":-2.4196641556831775,"posy":2.2279790882386945,"posz":0.7744675013312913,"roty":217.83384004096345,"rotx":-48.45529379217565},"left_arm":{"posx":0.5140350391507732,"posy":-1.2714988811383656,"posz":3.6570197101633948,"roty":28.153639245850144,"rotx":-19.817072384844916},"tail1":{"posx":1.324738283615954,"posy":-1.8467570968540175,"posz":-2.0935569529705864,"roty":63.65360114205873,"rotx":-6.371448111724731},"tail2":{"posx":2.865342612204489,"posy":-2.4111787742123747,"posz":-2.808463571251777,"roty":63.65360114205873,"rotx":-6.371448111724731}},"cameras":{}}