# This file was generated by Animated Java via MC-Build. It is not recommended to edit this file directly.
$data merge entity $(bone_jaw) { transformation: [-0.4579894684883101f,0.7846418441045312f,-0.41783109414455466f,2.0804303721517683f,-0.6093283386103718f,0.06515023884503784f,0.7902369405088315f,-0.650731969560097f,0.6472747658607736f,0.6165165227783235f,0.4482663880118669f,3.1665892482829388f,0f,0f,0f,1f], start_interpolation: 0, interpolation_duration: 1 }
$data merge entity $(bone_head) { transformation: [-0.5152381520493489f,0.6590480219309665f,-0.7522036635524001f,1.9132740024734574f,-0.6854943809366683f,0.38338025808618287f,0.8054452379982302f,-0.4717441388938237f,0.7281841115933703f,0.8272244450562689f,0.22599251563784553f,3.216809807313571f,0f,0f,0f,1f], start_interpolation: 0, interpolation_duration: 1 }
$data merge entity $(bone_neck) { transformation: [-0.7932400371047121f,0.32490609816479027f,-0.5149818160959148f,1.546258566147793f,-0.09906994645639135f,0.7656107211266322f,0.6356298997097966f,-0.7192212633484651f,0.6007956301798829f,0.5552263061773008f,-0.5751246470857144f,1.8591952661531046f,0f,0f,0f,1f], start_interpolation: 0, interpolation_duration: 1 }
$data merge entity $(bone_right_arm2) { transformation: [-0.5890945879364807f,0.08146675361955065f,-0.8039469724544273f,0.6827967745984619f,-0.01229398250803676f,0.9938862357223617f,0.10972241537501007f,-2.5058167518109675f,0.8079705591530177f,0.07452059108948078f,-0.5844914516446194f,2.7937201717490687f,0f,0f,0f,1f], start_interpolation: 0, interpolation_duration: 1 }
$data merge entity $(bone_right_arm1) { transformation: [-0.6578054442431576f,0.09955610271650227f,-0.9200823804857954f,0.4389330590036421f,0.14013939433133635f,1.1265260576737846f,0.02170249946092099f,-1.0353043904969306f,0.9147808232713193f,-0.10098827030059644f,-0.6649424197486465f,2.0052151206737614f,0f,0f,0f,1f], start_interpolation: 0, interpolation_duration: 1 }
$data merge entity $(bone_left_arm2) { transformation: [-0.6032069564879827f,-0.2774659133684117f,-0.7477660292920091f,2.3539567368432346f,-0.7975846269263458f,0.21026993055282062f,0.5653718415309287f,-1.1550493764721548f,0.00036129664582912335f,0.9374429173149397f,-0.34813883184842903f,0.4185907002232123f,0f,0f,0f,1f], start_interpolation: 0, interpolation_duration: 1 }
$data merge entity $(bone_left_arm1) { transformation: [-0.6848912318457303f,-0.3150394224703841f,-0.8490260124253018f,1.2871914065064434f,-0.9055908784892883f,0.23874398364851504f,0.6419326117382419f,-0.7396221474835474f,0.00041022223328515044f,1.0643883123680042f,-0.3952826319945704f,1.4097519875050972f,0f,0f,0f,1f], start_interpolation: 0, interpolation_duration: 1 }
$data merge entity $(bone_body2) { transformation: [-1.255963392082461f,0.06073467546396064f,-0.9621910940085917f,0.6702929146611523f,-0.15686074855595297f,1.5462602633515221f,0.30235467250729303f,-0.5057516368622987f,0.9512597477848147f,0.33516405180271597f,-1.2205385676282425f,0.7378445645510403f,0f,0f,0f,1f], start_interpolation: 0, interpolation_duration: 1 }
$data merge entity $(bone_right_leg2) { transformation: [-0.9810751848576016f,0.14128571318909972f,-0.13240026021602197f,-1.1849425838359529f,0f,0.6837896716141072f,0.72967916579403f,-2.099318615692869f,0.19362717179317285f,0.7158701224681185f,-0.6708490784825288f,-0.9154642488647811f,0f,0f,0f,1f], start_interpolation: 0, interpolation_duration: 1 }
$data merge entity $(bone_right_leg1) { transformation: [-1.3081002464768021f,0.15268886514311764f,-0.20817692813185174f,-0.6036302392510258f,0f,1.0751431537419784f,0.7885714785227336f,-1.1250013433435637f,0.2581695623908971f,0.7736479090651229f,-1.0547962683057963f,0.09323258905778581f,0f,0f,0f,1f], start_interpolation: 0, interpolation_duration: 1 }
$data merge entity $(bone_left_leg2) { transformation: [-0.9146785276477175f,0.028621546667162642f,-0.4031674566809469f,1.06506241306666f,0.010133973304967014f,0.9987999952896354f,0.04791525847241962f,-2.5449445863653786f,0.40405506264030155f,0.03974136982797649f,-0.9138709590959426f,0.1557907116131979f,0f,0f,0f,1f], start_interpolation: 0, interpolation_duration: 1 }
$data merge entity $(bone_left_leg1) { transformation: [-1.3081002464768021f,-0.11887148748089972f,-0.22917480753605013f,0.6227137418209762f,0f,1.183588054371048f,-0.613919453452922f,-1.1250013433435637f,0.2581695623908971f,-0.6023011412840031f,-1.161188869237325f,-0.14880137568368024f,0f,0f,0f,1f], start_interpolation: 0, interpolation_duration: 1 }
$data merge entity $(bone_tail3) { transformation: [-0.928582246616904f,0.00126949942041549f,-0.37112450692338395f,-1.4800770546844524f,-0.0012083889430207064f,0.9999785065029818f,0.006444092506196033f,-0.5395824738632604f,0.3711247109316027f,0.0064323326474608955f,-0.9285607540880925f,-3.294906559181496f,0f,0f,0f,1f], start_interpolation: 0, interpolation_duration: 1 }
$data merge entity $(bone_tail2) { transformation: [-1.431564296867727f,0.0019571449398072135f,-0.5721502815068835f,-0.9005294161715485f,-0.0018629329538235888f,1.5416335308587634f,0.009934642613718883f,-0.7393121658995647f,0.5721505960195541f,0.009916512831502213f,-1.4315311625524758f,-1.508670618771271f,0f,0f,0f,1f], start_interpolation: 0, interpolation_duration: 1 }
$data merge entity $(bone_tail1) { transformation: [-0.7775372586224822f,0.00126949942041549f,-0.628835590456724f,-0.13519944398346895f,-0.0030578227431502262f,0.9999785065029818f,0.005799676899405672f,-0.7450920947622894f,0.628829437267298f,0.0064323326474608955f,-0.7775166647235323f,-0.7611628421609302f,0f,0f,0f,1f], start_interpolation: 0, interpolation_duration: 1 }
$data merge entity $(bone_body1) { transformation: [-1.3081002464768021f,0.00169266589388732f,-0.25816401342417766f,0.5f,0f,1.333304675337309f,0.008741882031388542f,-1.1875f,0.2581695623908971f,0.00857644352994786f,-1.3080721308280547f,-0.12499999999999994f,0f,0f,0f,1f], start_interpolation: 0, interpolation_duration: 1 }
data modify entity @s data merge value {"locators":{"head":{"posx":1.7560816746096983,"posy":-0.9084679594967671,"posz":2.6944649723829093,"roty":253.2775987697048,"rotx":45.7212178463322},"neck":{"posx":1.09217148779563,"posy":-1.1353139944628725,"posz":2.0232737973122727,"roty":318.1578937650784,"rotx":39.46671862193932},"right_arm":{"posx":0.9664850954600948,"posy":-3.5553325691275868,"posz":3.061943466428961,"roty":306.0181775984484,"rotx":6.2993142850641135},"left_arm":{"posx":3.04300609963815,"posy":-1.598156188607543,"posz":-0.34480538220787715,"roty":294.96536249309065,"rotx":34.428116632968816},"tail1":{"posx":-1.0405568584195735,"posy":-1.4847146835609135,"posz":-2.1982709755588807,"roty":338.21453926285636,"rotx":0.36922185883166414},"tail2":{"posx":-1.6905008078181512,"posy":-1.8484294616136887,"posz":-3.8256644199558405,"roty":338.21453926285636,"rotx":0.36922185883166414}},"cameras":{}}