# This file was generated by Animated Java via MC-Build. It is not recommended to edit this file directly.
$data merge entity $(bone_jaw) { transformation: [-0.41311341642198934f,0.8440578095423292f,-0.3419118589969603f,2.273585617171651f,-0.6436549053578191f,-0.005020437464516525f,0.7652993910989881f,-0.7684887357530908f,0.6442403805886194f,0.5362286912859757f,0.5453559595903953f,3.0483211316922354f,0f,0f,0f,1f], start_interpolation: 0, interpolation_duration: 1 }
$data merge entity $(bone_head) { transformation: [-0.464752593474738f,0.7432557982279558f,-0.7051247019208937f,2.116891238967008f,-0.7241117685275464f,0.3094473707764261f,0.803448487085181f,-0.5899446275119395f,0.7247704281621968f,0.785772322699191f,0.3505633799208137f,3.1262241050079718f,0f,0f,0f,1f], start_interpolation: 0, interpolation_duration: 1 }
$data merge entity $(bone_neck) { transformation: [-0.7497984805986737f,0.3890709325820479f,-0.5351878622611463f,1.6435624753107372f,-0.10921582585252412f,0.7249790720273102f,0.6800567979998223f,-0.7530808302398388f,0.6525903323489181f,0.568356538224164f,-0.5010955034547536f,1.7889100204133512f,0f,0f,0f,1f], start_interpolation: 0, interpolation_duration: 1 }
$data merge entity $(bone_right_arm2) { transformation: [-0.5045727305685791f,0.1473786784324025f,-0.8506972932307275f,0.7844700301693956f,-0.022556494877613652f,0.9827361184186285f,0.1836325845113639f,-2.6089260180457865f,0.8630744835212105f,0.11184474372542294f,-0.4925375002937239f,2.7083801630866953f,0f,0f,0f,1f], start_interpolation: 0, interpolation_duration: 1 }
$data merge entity $(bone_right_arm1) { transformation: [-0.552042175220298f,0.15452595867347876f,-0.9800725339578331f,0.5502776086538114f,0.13982152359330274f,1.122485267967881f,0.09822307101473389f,-1.0820390936463884f,0.982278160839654f,-0.07293530171021659f,-0.5647840856879293f,1.998201024364099f,0f,0f,0f,1f], start_interpolation: 0, interpolation_duration: 1 }
$data merge entity $(bone_left_arm2) { transformation: [-0.5808927786173416f,-0.19993862767259413f,-0.7890425368220804f,2.339957628561369f,-0.8135293735958871f,0.11035214109276563f,0.5709574093160767f,-1.045279996533308f,-0.027083907526571888f,0.9735743166911514f,-0.22675870839385626f,0.2449455184504703f,0f,0f,0f,1f], start_interpolation: 0, interpolation_duration: 1 }
$data merge entity $(bone_left_arm1) { transformation: [-0.6595553423884398f,-0.22701365016992456f,-0.895892047016737f,1.3535424423579894f,-0.9236948096036633f,0.12529566019907762f,0.6482745584942954f,-0.762137521692965f,-0.030751520004128494f,1.1054125054097446f,-0.25746561682219093f,1.3584014759847767f,0f,0f,0f,1f], start_interpolation: 0, interpolation_duration: 1 }
$data merge entity $(bone_body2) { transformation: [-1.1871809276145668f,0.0932622942620793f,-1.0434788134033361f,0.6925121462631527f,-0.17292505759982987f,1.5379705496953635f,0.33419748228896257f,-0.5103740588075714f,1.0332680262191203f,0.3645451648056236f,-1.1429822628783566f,0.7368124989262004f,0f,0f,0f,1f], start_interpolation: 0, interpolation_duration: 1 }
$data merge entity $(bone_right_leg2) { transformation: [-0.975947073749928f,0.16840987702279586f,-0.13843923779087824f,-1.213927498583943f,2.168404344971009e-19f,0.6350202663875383f,0.7724954765415135f,-2.04547400255718f,0.2180075898654736f,0.7539146998157462f,-0.6197461707528177f,-0.9171858453143914f,0f,0f,0f,1f], start_interpolation: 0, interpolation_duration: 1 }
$data merge entity $(bone_right_leg1) { transformation: [-1.3012627649999038f,0.18293179111110464f,-0.22589589195792273f,-0.5977796589584223f,2.8912057932946783e-19f,1.0361836122188075f,0.8391074421949563f,-1.1250043523982212f,0.2906767864872981f,0.8189244527719544f,-1.0112603642125753f,0.1209783819931417f,0f,0f,0f,1f], start_interpolation: 0, interpolation_duration: 1 }
$data merge entity $(bone_left_leg2) { transformation: [-0.8986391137131786f,0.03827245179840393f,-0.4370159753809141f,1.0789336625516808f,0.01677333091673358f,0.9984562603972633f,0.05295046216483962f,-2.535888273431702f,0.43836788052359693f,0.0402531428195515f,-0.8978938054237808f,0.17319426884520986f,0f,0f,0f,1f], start_interpolation: 0, interpolation_duration: 1 }
$data merge entity $(bone_left_leg1) { transformation: [-1.3012627649999038f,-0.1396409734527503f,-0.2549380174390446f,0.6221541832289875f,2.8912057932946783e-19f,1.1693997332678174f,-0.640532623377557f,-1.1250043523982212f,0.2906767864872981f,-0.6251259394266915f,-1.1412722477266728f,-0.15153110533870032f,0f,0f,0f,1f], start_interpolation: 0, interpolation_duration: 1 }
$data merge entity $(bone_tail3) { transformation: [-0.7989470339678191f,0.002572784163944701f,-0.6013958909866863f,-1.7199405429578187f,-0.004871230863406861f,0.9999303616284609f,0.010749093145499598f,-0.5209126692014776f,0.6013816658528093f,0.01151749431174113f,-0.7988788639718035f,-3.23587480477166f,0f,0f,0f,1f], start_interpolation: 0, interpolation_duration: 1 }
$data merge entity $(bone_tail2) { transformation: [-1.2317100107003875f,0.003966375586081414f,-0.9271519986044747f,-0.692674023634499f,-0.007509814247752242f,1.5415593075105438f,0.016571518599311878f,-0.7291630655125516f,0.9271300681897475f,0.01775613706393424f,-1.2316049152898636f,-1.6649637567763786f,0f,0f,0f,1f], start_interpolation: 0, interpolation_duration: 1 }
$data merge entity $(bone_tail1) { transformation: [-0.9153078926253421f,0.002572784163944701f,-0.4027466231756649f,-0.15034224993218737f,-0.0022839213986735035f,0.9999303616284609f,0.011578238061981418f,-0.7411794532785727f,0.40274836486421633f,0.01151749431174113f,-0.9152382760374367f,-0.7428666340946293f,0f,0f,0f,1f], start_interpolation: 0, interpolation_duration: 1 }
$data merge entity $(bone_body1) { transformation: [-1.3012627649999038f,0.0034303788852596013f,-0.290656544229243f,0.5f,2.8912057932946783e-19f,1.333240482171281f,0.015735135127067784f,-1.1875f,0.2906767864872981f,0.015356659082321507f,-1.3011721471800048f,-0.12499999999999994f,0f,0f,0f,1f], start_interpolation: 0, interpolation_duration: 1 }
data modify entity @s data merge value {"locators":{"head":{"posx":1.8998393238183917,"posy":-0.9850399688002821,"posz":2.592305209085973,"roty":243.56503920866126,"rotx":45.575745454432635},"neck":{"posx":1.1896601180757758,"posy":-1.16456299492632,"posz":1.964708422685593,"roty":313.11572386766113,"rotx":42.84808159900879},"right_arm":{"posx":1.0309042026918207,"posy":-3.684888209649948,"posz":2.89674632472821,"roty":300.0700225200163,"rotx":10.58141953242484},"left_arm":{"posx":2.970723323308587,"posy":-1.390265256434369,"posz":-0.6135566998233422,"roty":286.0338382977445,"rotx":34.817015833949974},"tail1":{"posx":-1.008194907564827,"posy":-1.4711119313384404,"posz":-2.2980038047224007,"roty":323.0275716285482,"rotx":0.6158895315061356},"tail2":{"posx":-2.061602510853007,"posy":-1.8272749039444889,"posz":-3.7003608770399596,"roty":323.0275716285482,"rotx":0.6158895315061356}},"cameras":{}}