# This file was generated by Animated Java via MC-Build. It is not recommended to edit this file directly.
$data merge entity $(bone_jaw) { transformation: [-0.4139334769750345f,0.8433162422940259f,-0.34274887617969274f,2.2661896494486666f,-0.6434774682225528f,-0.004742722509602004f,0.76545036055455f,-0.7635083605651604f,0.6438911589152723f,0.5373967082763726f,0.5446181721210442f,3.052299781495301f,0f,0f,0f,1f], start_interpolation: 0, interpolation_duration: 1 }
$data merge entity $(bone_head) { transformation: [-0.46567516159691386f,0.7417563372456093f,-0.7060943138332628f,2.109279801930164f,-0.7239121517503719f,0.3102313124012316f,0.8033260417501452f,-0.5849914623984614f,0.7243775537796813f,0.786879322997998f,0.34888836412006896f,3.1298305290775383f,0f,0f,0f,1f], start_interpolation: 0, interpolation_duration: 1 }
$data merge entity $(bone_neck) { transformation: [-0.7514452475996124f,0.3874453308628984f,-0.5340563223598205f,1.6394209997707865f,-0.10853407057479712f,0.7258144167617033f,0.6792744570093399f,-0.7499917486002842f,0.6508074948741928f,0.568400869117393f,-0.5033587752311169f,1.7915218533279293f,0f,0f,0f,1f], start_interpolation: 0, interpolation_duration: 1 }
$data merge entity $(bone_right_arm2) { transformation: [-0.5075409311748745f,0.13685756388734124f,-0.8506892560676689f,0.7930134738317884f,-0.021440113380052445f,0.984993276066358f,0.17125585433004595f,-2.5986191883255048f,0.8613608562736017f,0.10515822987710344f,-0.4969901628490469f,2.7209100632885104f,0f,0f,0f,1f], start_interpolation: 0, interpolation_duration: 1 }
$data merge entity $(bone_right_arm1) { transformation: [-0.557111157271235f,0.143248257897175f,-0.9789168003450417f,0.5458105711971658f,0.14146065926575063f,1.1234421537596182f,0.08389049994184959f,-1.0793864524949197f,0.9791767191209406f,-0.08080019003578354f,-0.5690828489474765f,1.9984165091885562f,0f,0f,0f,1f], start_interpolation: 0, interpolation_duration: 1 }
$data merge entity $(bone_left_arm2) { transformation: [-0.5780403047832071f,-0.20334912745781958f,-0.7902648533297431f,2.341375301485944f,-0.8154533146390217f,0.10824047087082486f,0.5686122511078129f,-1.0380918544776903f,-0.030088165287525503f,0.9731048930242852f,-0.22838907478648146f,0.24949097379286211f,0f,0f,0f,1f], start_interpolation: 0, interpolation_duration: 1 }
$data merge entity $(bone_left_arm1) { transformation: [-0.656316596055933f,-0.23088598846773262f,-0.897279885551479f,1.3505348897886051f,-0.9258792843297224f,0.12289803463458238f,0.6456118267786625f,-0.7599344746478056f,-0.034162604336877914f,1.104879513954657f,-0.2593167619971508f,1.3602711053191787f,0f,0f,0f,1f], start_interpolation: 0, interpolation_duration: 1 }
$data merge entity $(bone_body2) { transformation: [-1.1897883086993863f,0.09145828000424264f,-1.040664983529937f,0.6909965431447551f,-0.1718456117434288f,1.5386337009253908f,0.33169242461293424f,-0.5095854828698066f,1.030445200217472f,0.36219630290734034f,-1.146272642940358f,0.7365297313331041f,0f,0f,0f,1f], start_interpolation: 0, interpolation_duration: 1 }
$data merge entity $(bone_right_leg2) { transformation: [-0.9762960071199334f,0.16731008409594855f,-0.1373078375093046f,-1.2128794229641087f,0f,0.6343932841636456f,0.7730104533627368f,-2.0442361333704167f,0.2164396139381028f,0.7546870190800093f,-0.6193556302726685f,-0.9209603058940152f,0f,0f,0f,1f], start_interpolation: 0, interpolation_duration: 1 }
$data merge entity $(bone_right_leg1) { transformation: [-1.3017280094932444f,0.18185768638161837f,-0.22407531988699292f,-0.5981854490654372f,0f,1.0352786895613009f,0.8402236682681661f,-1.1250037184374906f,0.2885861519174704f,0.820307012417874f,-1.010738450875055f,0.11916016106605753f,0f,0f,0f,1f], start_interpolation: 0, interpolation_duration: 1 }
$data merge entity $(bone_left_leg2) { transformation: [-0.8989082645416502f,0.0388743238059272f,-0.43640888956041063f,1.0794793018355746f,0.017528069596976045f,0.9984493817832343f,0.052835582639740086f,-2.5344637735961593f,0.43778613353431184f,0.03984493650778176f,-0.8981957928646563f,0.1787490568132299f,0f,0f,0f,1f], start_interpolation: 0, interpolation_duration: 1 }
$data merge entity $(bone_left_leg1) { transformation: [-1.3017280094932444f,-0.13949616194904896f,-0.2526317238195116f,0.6221845598344793f,0f,1.1672157384819537f,-0.6445038383266659f,-1.1250037184374906f,0.2885861519174704f,-0.629226523931795f,-1.1395480649274758f,-0.15138935635657097f,0f,0f,0f,1f], start_interpolation: 0, interpolation_duration: 1 }
$data merge entity $(bone_tail3) { transformation: [-0.9264308179818865f,0.0023609431118023333f,-0.3764576542468426f,-1.168792530942558f,-0.001821985469233438f,0.9999405050001497f,0.010754851416702878f,-0.5225149013060109f,0.37646064849113026f,0.01064952617106915f,-0.9263713983764662f,-3.505958983179913f,0f,0f,0f,1f], start_interpolation: 0, interpolation_duration: 1 }
$data merge entity $(bone_tail2) { transformation: [-1.4282475110554083f,0.00363978729736193f,-0.5803722169638823f,-0.5791809583109269f,-0.0028088942650682167f,1.541574945208564f,0.016580395934083603f,-0.7303968405835111f,0.5803768330904924f,0.016418019513731605f,-1.4281559058303852f,-1.723951816319723f,0f,0f,0f,1f], start_interpolation: 0, interpolation_duration: 1 }
$data merge entity $(bone_tail1) { transformation: [-0.9564321267211585f,0.0023609431118023333f,-0.2919452224703539f,-0.14943514359603105f,-0.0008511355345807344f,0.9999405050001497f,0.010874834635396883f,-0.7418449604417977f,0.2919535280553112f,0.01064952617106915f,-0.956373214309345f,-0.7442994671229577f,0f,0f,0f,1f], start_interpolation: 0, interpolation_duration: 1 }
$data merge entity $(bone_body1) { transformation: [-1.3017280094932444f,0.0031479241490697777f,-0.2885689824844052f,0.5f,0f,1.3332540066668663f,0.014544121992243152f,-1.1875f,0.2885861519174704f,0.014199368228092198f,-1.3016505631855146f,-0.12499999999999994f,0f,0f,0f,1f], start_interpolation: 0, interpolation_duration: 1 }
data modify entity @s data merge value {"locators":{"head":{"posx":1.893330257302954,"posy":-0.9804883142186305,"posz":2.595761915156409,"roty":243.70555539433346,"rotx":45.56683702525419},"neck":{"posx":1.185163417192371,"posy":-1.161348497299489,"posz":1.966695121749893,"roty":313.3050884617754,"rotx":42.78697253902588},"right_arm":{"posx":1.049779229779852,"posy":-3.670580398643139,"posz":2.9180819683530306,"roty":300.29435119861256,"rotx":9.860845102940976},"left_arm":{"posx":2.9759843746575854,"posy":-1.3796726187374828,"posz":-0.607538871507712,"roty":286.1194633156503,"rotx":34.65351039095484},"tail1":{"posx":-0.723962450691747,"posy":-1.4727305108009858,"posz":-2.4158768783932363,"roty":337.8842199312967,"rotx":0.6162194752154829},"tail2":{"posx":-1.3836486992906476,"posy":-1.828887210196812,"posz":-4.041020397866204,"roty":337.8842199312967,"rotx":0.6162194752154829}},"cameras":{}}