# This file was generated by Animated Java via MC-Build. It is not recommended to edit this file directly.
$data merge entity $(bone_jaw) { transformation: [-0.41598769011758296f,0.8410589702186283f,-0.3457948095119683f,2.2535742845488995f,-0.6423666448480421f,-0.002618001059662478f,0.7663930060074406f,-0.7553005080579348f,0.6436764212376489f,0.5409371078833767f,0.5413572850322239f,3.0597095655117656f,0f,0f,0f,1f], start_interpolation: 0, interpolation_duration: 1 }
$data merge entity $(bone_head) { transformation: [-0.46798615138228083f,0.7380060768220587f,-0.7084920554869438f,2.096131605551801f,-0.7226624754540474f,0.31299451733001316f,0.8033793491819295f,-0.5767717637952838f,0.724135973892355f,0.7893075843389986f,0.3438686211620724f,3.136124814658893f,0f,0f,0f,1f], start_interpolation: 0, interpolation_duration: 1 }
$data merge entity $(bone_neck) { transformation: [-0.754323250161713f,0.3840668997502169f,-0.5324368984036763f,1.6326171696950649f,-0.10756231373661558f,0.7277578939291306f,0.6773468804737068f,-0.7458890288417905f,0.6476316722714353f,0.5682086450768704f,-0.5076535755126828f,1.7961187630249458f,0f,0f,0f,1f], start_interpolation: 0, interpolation_duration: 1 }
$data merge entity $(bone_right_arm2) { transformation: [-0.5128721449756521f,0.12409273172970459f,-0.8494487370288646f,0.7993275907466628f,-0.01997887661686419f,0.9875038527711254f,0.15632333559424638f,-2.5848992478495316f,0.8582324902945598f,0.09714491594542057f,-0.5039839857661702f,2.736380753235667f,0f,0f,0f,1f], start_interpolation: 0, interpolation_duration: 1 }
$data merge entity $(bone_right_arm1) { transformation: [-0.5652128879218039f,0.13001647156619528f,-0.9761153186960111f,0.5382749935779664f,0.14319392733011577f,1.1243655550546359f,0.06684762319560696f,-1.0754159440532978f,0.9742694172801053f,-0.0898266256329441f,-0.5761087456587747f,1.998887786255072f,0f,0f,0f,1f], start_interpolation: 0, interpolation_duration: 1 }
$data merge entity $(bone_left_arm2) { transformation: [-0.5755273117532946f,-0.20900275710869598f,-0.7906239061317267f,2.343427677533694f,-0.8171376525208278f,0.1085853877280118f,0.5661230170243107f,-1.0334217050907772f,-0.03247106802642538f,0.9718678207929927f,-0.23327787860897242f,0.2585309494231247f,0f,0f,0f,1f], start_interpolation: 0, interpolation_duration: 1 }
$data merge entity $(bone_left_arm1) { transformation: [-0.6534633018865532f,-0.23730521380049854f,-0.8976875600870646f,1.3457053384400641f,-0.9277917096330232f,0.1232896589828467f,0.6427855089130193f,-0.7570493259063068f,-0.03686819182167048f,1.103474921525377f,-0.2648675913372707f,1.3635817139120012f,0f,0f,0f,1f], start_interpolation: 0, interpolation_duration: 1 }
$data merge entity $(bone_body2) { transformation: [-1.194345146089379f,0.08870186798065013f,-1.0356718085735115f,0.6888347960698773f,-0.17030699674964137f,1.5395414692740415f,0.32825605202050384f,-0.50863846066294f,1.0254168144297726f,0.35901042804731087f,-1.1517709467087753f,0.7362605181953745f,0f,0f,0f,1f], start_interpolation: 0, interpolation_duration: 1 }
$data merge entity $(bone_right_leg2) { transformation: [-0.9767971346040812f,0.16544277530717733f,-0.13600016885252475f,-1.2110179675299984f,0f,0.6350202663875383f,0.7724954765415135f,-2.0443436793438248f,0.21416665900474893f,0.7545713679803645f,-0.6202859766228677f,-0.9249258555721436f,0f,0f,0f,1f], start_interpolation: 0, interpolation_duration: 1 }
$data merge entity $(bone_right_leg1) { transformation: [-1.3023961794721082f,0.17992699793679334f,-0.2217391370229594f,-0.5987651371631064f,0f,1.035357875279936f,0.8401260904611846f,-1.1250030225094838f,0.2855555453396652f,0.820632757868614f,-1.011334605863211f,0.11653788762736511f,0f,0f,0f,1f], start_interpolation: 0, interpolation_duration: 1 }
$data merge entity $(bone_left_leg2) { transformation: [-0.8996169210844491f,0.039256533070791466f,-0.43491185303437985f,1.0796595640013076f,0.01814753433600122f,0.9984515342132223f,0.0525851768541894f,-2.53319566276045f,0.4363027186439018f,0.03941393711017177f,-0.8989363043427578f,0.18415083360785892f,0f,0f,0f,1f], start_interpolation: 0, interpolation_duration: 1 }
$data merge entity $(bone_left_leg1) { transformation: [-1.3023961794721082f,-0.13877890872460608f,-0.24956438841998488f,0.622231281091995f,0f,1.1652812327545856f,-0.6479949277330268f,-1.1250030225094838f,0.2855555453396652f,-0.6329595886475992f,-1.1382433691625906f,-0.15117043612857103f,0f,0f,0f,1f], start_interpolation: 0, interpolation_duration: 1 }
$data merge entity $(bone_tail3) { transformation: [-0.9767971346040812f,0.0021062282637578904f,-0.21415630187262144f,-0.7767835377924834f,0f,0.9999516398482582f,0.009834529209848614f,-0.5262653986335218f,0.21416665900474893f,0.009606339952360264f,-0.9767498965464307f,-3.613677951542364f,0f,0f,0f,1f], start_interpolation: 0, interpolation_duration: 1 }
$data merge entity $(bone_tail2) { transformation: [-1.5058955825146252f,0.0032471019066267473f,-0.3301576320536247f,-0.497735031406283f,0f,1.5415921114327313f,0.01516156586518328f,-0.7321960733735364f,0.33017359929898793f,0.014809774093222072f,-1.5058227571757472f,-1.75730225188328f,0f,0f,0f,1f], start_interpolation: 0, interpolation_duration: 1 }
$data merge entity $(bone_tail1) { transformation: [-0.9767971346040812f,0.0021062282637578904f,-0.21415630187262144f,-0.14809431884111257f,0f,0.9999516398482582f,0.009834529209848614f,-0.7426452606590006f,0.21416665900474893f,0.009606339952360264f,-0.9767498965464307f,-0.7462763191782908f,0f,0f,0f,1f], start_interpolation: 0, interpolation_duration: 1 }
$data merge entity $(bone_body1) { transformation: [-1.3023961794721082f,0.002808304351677187f,-0.2855417358301619f,0.5f,0f,1.3332688531310108f,0.013112705613131485f,-1.1875f,0.2855555453396652f,0.012808453269813684f,-1.3023331953952408f,-0.12499999999999994f,0f,0f,0f,1f], start_interpolation: 0, interpolation_duration: 1 }
data modify entity @s data merge value {"locators":{"head":{"posx":1.8829315782859193,"posy":-0.973818537084716,"posz":2.602101539703318,"roty":244.11025125572405,"rotx":45.570715198444994},"neck":{"posx":1.1779850695083365,"posy":-1.1572477559927357,"posz":1.9703130541959224,"roty":313.63501186894763,"rotx":42.636665195355484},"right_arm":{"posx":1.0679047184704122,"posy":-3.651813448206334,"posz":2.9448673608167417,"roty":300.680957878316,"rotx":8.993553440641884},"left_arm":{"posx":2.9837128446928345,"posy":-1.3739974980483927,"posz":-0.5946684903137303,"roty":286.4389809637378,"rotx":34.48031200853268},"tail1":{"posx":-0.5244475183160185,"posy":-1.4753985644279592,"posz":-2.462793393098815,"roty":347.63335837716005,"rotx":0.5634861006761838},"tail2":{"posx":-0.9000108821920152,"posy":-1.8331700032538207,"posz":-4.1757080895372045,"roty":347.63335837716005,"rotx":0.5634861006761838}},"cameras":{}}