# This file was generated by Animated Java via MC-Build. It is not recommended to edit this file directly.
$data merge entity $(bone_jaw) { transformation: [-0.41924045166509455f,0.8373027351150635f,-0.35094383233856896f,2.2361910708430903f,-0.6403257376831064f,0.0013260726535606615f,0.7681023311980659f,-0.7441818814727152f,0.6435995597793969f,0.5467379365840198f,0.5355905482284161f,3.0701896843044274f,0f,0f,0f,1f], start_interpolation: 0, interpolation_duration: 1 }
$data merge entity $(bone_head) { transformation: [-0.47164550812323136f,0.7320953092676039f,-0.7121881582949483f,2.077927035666435f,-0.7203664548934947f,0.31766655454125264f,0.8036075726311122f,-0.5656024208880236f,0.7240495047518215f,0.7929372095407434f,0.33560079915635127f,3.1447676396725055f,0f,0f,0f,1f], start_interpolation: 0, interpolation_duration: 1 }
$data merge entity $(bone_neck) { transformation: [-0.7583023845339562f,0.3790685443473247f,-0.530362642251994f,1.6233982527346356f,-0.10634317283657765f,0.7307341044048775f,0.6743284053416787f,-0.7409439910598032f,0.6431707574207381f,0.5677452838606429f,-0.513806062102066f,1.8024854714022747f,0f,0f,0f,1f], start_interpolation: 0, interpolation_duration: 1 }
$data merge entity $(bone_right_arm2) { transformation: [-0.5203436437156544f,0.10973925371394995f,-0.8468764896010641f,0.8028382821382254f,-0.01823791430758871f,0.9900543471124121f,0.13949827327076167f,-2.5682284490334064f,0.8537621863999513f,0.08803230065220596f,-0.5131670713475821f,2.7541628368966595f,0f,0f,0f,1f], start_interpolation: 0, interpolation_duration: 1 }
$data merge entity $(bone_right_arm1) { transformation: [-0.5759763831237081f,0.11552713248550964f,-0.9716355771007209f,0.5279629941002418f,0.14492072347073545f,1.1251122886767673f,0.047867825537505265f,-1.0702867888285463f,0.9676880679934491f,-0.0997337779924431f,-0.5854946485962993f,1.9995579225511362f,0f,0f,0f,1f], start_interpolation: 0, interpolation_duration: 1 }
$data merge entity $(bone_left_arm2) { transformation: [-0.57349954593229f,-0.21667577933619359f,-0.7900315673848168f,2.345982695527903f,-0.8184963975467566f,0.11142846996409252f,0.5636021143363845f,-1.0315496363787875f,-0.03408691858233859f,0.9698635485110855f,-0.24125252175064726f,0.27174921545433484f,0f,0f,0f,1f], start_interpolation: 0, interpolation_duration: 1 }
$data merge entity $(bone_left_arm1) { transformation: [-0.6511609427772875f,-0.2460172911213031f,-0.8970150088015106f,1.3392304244682467f,-0.9293344513812132f,0.12651774193839668f,0.6399232339861032f,-0.7536034401780132f,-0.03870285547369693f,1.1011992373719615f,-0.2739221340710474f,1.3681818521145837f,0f,0f,0f,1f], start_interpolation: 0, interpolation_duration: 1 }
$data merge entity $(bone_body2) { transformation: [-1.200645442178764f,0.08512899928693411f,-1.0286632199608434f,0.6861199741141226f,-0.1683766903245813f,1.540649294816429f,0.32402698187253626f,-0.5075767033656491f,1.0183536992495021f,0.3551017435982118f,-1.1592251461052807f,0.7360138883488667f,0f,0f,0f,1f], start_interpolation: 0, interpolation_duration: 1 }
$data merge entity $(bone_right_leg2) { transformation: [-0.9774247608960465f,0.16288870317793666f,-0.13456636713650375f,-1.2084153959693755f,1.0842021724855044e-19f,0.6368987031767016f,0.7709474961966187f,-2.045824605401083f,0.21128378259418368f,0.753543172133386f,-0.6225205626674898f,-0.9288833261647944f,0f,0f,0f,1f], start_interpolation: 0, interpolation_duration: 1 }
$data merge entity $(bone_right_leg1) { transformation: [-1.303233014528062f,0.17722250175811244f,-0.2189832698917286f,-0.5994888970445191f,1.4456028966473392e-19f,1.0364414495187897f,0.8387889481253121f,-1.1250023273555076f,0.2817117101255782f,0.8198530870636296f,-1.013043535978655f,0.11322144359785977f,0f,0f,0f,1f], start_interpolation: 0, interpolation_duration: 1 }
$data merge entity $(bone_left_leg2) { transformation: [-0.9007361302844279f,0.03939227129426696f,-0.43257678227398294f,1.0794511281481374f,0.01859351034487633f,0.9984631322862998f,0.05220780437909417f,-2.532157713838218f,0.43396855297738907f,0.03898233481090696f,-0.9000842586110488f,0.1891267141577799f,0f,0f,0f,1f], start_interpolation: 0, interpolation_duration: 1 }
$data merge entity $(bone_left_leg1) { transformation: [-1.303233014528062f,-0.13750818598163578f,-0.24587189023944503f,0.6222920540755388f,1.4456028966473392e-19f,1.1637045078452388f,-0.650822246238132f,-1.1250023273555076f,0.2817117101255782f,-0.6361297784151341f,-1.1374336003342842f,-0.1508832846448698f,0f,0f,0f,1f], start_interpolation: 0, interpolation_duration: 1 }
$data merge entity $(bone_tail3) { transformation: [-0.9803888716706899f,0.0018233434165283956f,-0.19706429337415923f,-0.7307011280626463f,0.00012527998895858113f,0.9999627623118776f,0.008628921979225837f,-0.5307089835842616f,0.19707268864354505f,0.008435010870449589f,-0.9803525926840913f,-3.625003579197161f,0f,0f,0f,1f], start_interpolation: 0, interpolation_duration: 1 }
$data merge entity $(bone_tail2) { transformation: [-1.5114328438256468f,0.002810987767147943f,-0.3038074522851621f,-0.48409606383553305f,0.00019313998297781256f,1.5416092585641445f,0.013302921384639831f,-0.7343655702301672f,0.3038203949921319f,0.013003975091943116f,-1.5113769137213071f,-1.7637899463722557f,0f,0f,0f,1f], start_interpolation: 0, interpolation_duration: 1 }
$data merge entity $(bone_tail1) { transformation: [-0.9792490079374019f,0.0018233434165283956f,-0.20265254963212154f,-0.14637160385922865f,0.00007606453741464948f,0.9999627623118776f,0.008629496148985066f,-0.7435439179556407f,0.20266073785467234f,0.008435010870449589f,-0.9792126816600238f,-0.7487090643403145f,0f,0f,0f,1f], start_interpolation: 0, interpolation_duration: 1 }
$data merge entity $(bone_body1) { transformation: [-1.303233014528062f,0.002431124555371194f,-0.2817012198327762f,0.5f,1.4456028966473392e-19f,1.3332836830825034f,0.01150644183628942f,-1.1875f,0.2817117101255782f,0.011246681160599452f,-1.3031844851435164f,-0.12499999999999994f,0f,0f,0f,1f], start_interpolation: 0, interpolation_duration: 1 }
data modify entity @s data merge value {"locators":{"head":{"posx":1.869037463377474,"posy":-0.9653081658084729,"posz":2.6110245234953284,"roty":244.7690187307314,"rotx":45.58732172914972},"neck":{"posx":1.16839168661891,"posy":-1.152431917297631,"posz":1.9753921264276608,"roty":314.0915810128042,"rotx":42.40201871612503},"right_arm":{"posx":1.084015795492579,"posy":-3.6291718024254234,"posz":2.9760742085682415,"roty":301.2138796568034,"rotx":8.018814533016116},"left_arm":{"posx":2.9935179801772733,"posy":-1.3736231386644,"posz":-0.5753576397700308,"roty":286.9811376930444,"rotx":34.30527584094492},"tail1":{"posx":-0.4983966641338276,"posy":-1.4784209181019774,"posz":-2.468742698075849,"roty":348.63423205335664,"rotx":0.4944069467364308},"tail2":{"posx":-0.8439429313198044,"posy":-1.8383063405052864,"posz":-4.187522864349427,"roty":348.63423205335664,"rotx":0.4944069467364308}},"cameras":{}}