# This file was generated by Animated Java via MC-Build. It is not recommended to edit this file directly.
$data merge entity $(bone_jaw) { transformation: [-0.4359184583015793f,0.8169219181676239f,-0.3776422610478127f,2.1597771221932605f,-0.6286109666825355f,0.023916451656422477f,0.777352079759625f,-0.6964637697941343f,0.6440678149685968f,0.5762521869437858f,0.5031004539493894f,3.116203748729081f,0f,0f,0f,1f], start_interpolation: 0, interpolation_duration: 1 }
$data merge entity $(bone_head) { transformation: [-0.49040826558927675f,0.7021871243210612f,-0.7294230428766533f,1.9976831126651153f,-0.7071873375178523f,0.34245793127664376f,0.8051295765031444f,-0.5175460861267689f,0.7245762918396714f,0.8094941678254637f,0.2921187935762295f,3.1811190361904655f,0f,0f,0f,1f], start_interpolation: 0, interpolation_duration: 1 }
$data merge entity $(bone_neck) { transformation: [-0.7754946239227843f,0.3557328477213421f,-0.5215958486404236f,1.5836676469022373f,-0.10161423412477852f,0.7450584229776337f,0.6592135418612972f,-0.7227525407158114f,0.623123290922506f,0.5642181204127938f,-0.541641280653312f,1.8299920972598032f,0f,0f,0f,1f], start_interpolation: 0, interpolation_duration: 1 }
$data merge entity $(bone_right_arm2) { transformation: [-0.5532906540340443f,0.06368429428655137f,-0.8305502771174083f,0.7912639144417869f,-0.012059530575443156f,0.9963562996130929f,0.08443158143493959f,-2.5060354132287106f,0.8329009664305113f,0.0567312513746066f,-0.5505066259697439f,2.8145856656001236f,0f,0f,0f,1f], start_interpolation: 0, interpolation_duration: 1 }
$data merge entity $(bone_right_arm1) { transformation: [-0.6204385430389466f,0.07133001576434868f,-0.9482294290451078f,0.4832718884322529f,0.14907704368697577f,1.1255137618643152f,-0.012876872447656073f,-1.0495126755430775f,0.939150177714781f,-0.13153633585264352f,-0.6243926192654744f,2.002104388247832f,0f,0f,0f,1f], start_interpolation: 0, interpolation_duration: 1 }
$data merge entity $(bone_left_arm2) { transformation: [-0.5719852740373519f,-0.24939527503451664f,-0.7814312785362979f,2.3549673779352784f,-0.819597293919648f,0.13536781321978963f,0.5567188077869136f,-1.0453961007660262f,-0.0330623968279026f,0.958893921106266f,-0.2818320882749944f,0.33371592059845745f,0f,0f,0f,1f], start_interpolation: 0, interpolation_duration: 1 }
$data merge entity $(bone_left_arm1) { transformation: [-0.6494416132299099f,-0.2831675518621074f,-0.8872500975047548f,1.3116566773220981f,-0.9305844274712668f,0.15369887125996945f,0.6321078130080581f,-0.7411058199114392f,-0.03753959639834774f,1.0887441395894062f,-0.31999685022889984f,1.3881726323526535f,0f,0f,0f,1f], start_interpolation: 0, interpolation_duration: 1 }
$data merge entity $(bone_body2) { transformation: [-1.2278664878777419f,0.07089859273272515f,-0.9971267331386432f,0.6755829052605984f,-0.16088920403089935f,1.5447403322130144f,0.3079552150965698f,-0.5041382138075973f,0.9866118772939678f,0.34013988302960024f,-1.1907335167868278f,0.7355048300574358f,0f,0f,0f,1f], start_interpolation: 0, interpolation_duration: 1 }
$data merge entity $(bone_right_leg2) { transformation: [-0.9798108233679552f,0.15194126789024864f,-0.12994076159124734f,-1.1969259547509399f,5.421010862427522e-20f,0.6499414829290707f,0.7599842556053119f,-2.05872493715171f,0.1999268626548461f,0.7446407992313233f,-0.6368196995297226f,-0.9386296181459085f,0f,0f,0f,1f], start_interpolation: 0, interpolation_duration: 1 }
$data merge entity $(bone_right_leg1) { transformation: [-1.3064144311572736f,0.16534478742493125f,-0.209093790231081f,-0.6022281899600432f,7.228014483236696e-20f,1.0458514051313887f,0.8270263696899132f,-1.1250006963905048f,0.26656915020646144f,0.8103293882328848f,-1.024736526382319f,0.10020680341795915f,0f,0f,0f,1f], start_interpolation: 0, interpolation_duration: 1 }
$data merge entity $(bone_left_leg2) { transformation: [-0.9062412389279723f,0.03805808765978214f,-0.42104441431988415f,1.0763627040407324f,0.018518389506776173f,0.9985573641136568f,0.05040099031230588f,-2.531168985215701f,0.42235516584548743f,0.037878391439792714f,-0.9056386372861774f,0.19875046927273007f,0f,0f,0f,1f], start_interpolation: 0, interpolation_duration: 1 }
$data merge entity $(bone_left_leg1) { transformation: [-1.3064144311572736f,-0.13064992001495201f,-0.23235685968329328f,0.6225353392499009f,7.228014483236696e-20f,1.162209302931114f,-0.6534885721710451f,-1.1250006963905048f,0.26656915020646144f,-0.6402951759604611f,-1.138745254030832f,-0.14970177490059847f,0f,0f,0f,1f], start_interpolation: 0, interpolation_duration: 1 }
$data merge entity $(bone_tail3) { transformation: [-0.9884998948280186f,0.0009437812625039552f,-0.15121860732702394f,-0.6034572877690211f,0.00023348199951422758f,0.9999888577519229f,0.004714855051885766f,-0.5451241883177993f,0.15122137220364068f,0.00462532690011596f,-0.9884891010729027f,-3.6549627922448282f,0f,0f,0f,1f], start_interpolation: 0, interpolation_duration: 1 }
$data merge entity $(bone_tail2) { transformation: [-1.5239373378598617f,0.0014549961130269308f,-0.23312868629582856f,-0.44366184487107296f,0.00035995141591776747f,1.5416494890342143f,0.007268734871657222f,-0.7414332671186313f,0.23313294881394603f,0.007130712304345438f,-1.5239206974873916f,-1.7835103050014525f,0f,0f,0f,1f], start_interpolation: 0, interpolation_duration: 1 }
$data merge entity $(bone_tail1) { transformation: [-0.985373850153618f,0.0009437812625039552f,-0.1704038870165927f,-0.13943598364674092f,0.00014179345809426906f,0.9999888577519229f,0.004718502582348722f,-0.7464644002946387f,0.1704064415685346f,0.00462532690011596f,-0.9853630046957399f,-0.7578629177082956f,0f,0f,0f,1f], start_interpolation: 0, interpolation_duration: 1 }
$data merge entity $(bone_body1) { transformation: [-1.3064144311572736f,0.0012583750166719402f,-0.26656618002686017f,0.5f,7.228014483236696e-20f,1.333318477002564f,0.006294176780257889f,-1.1875f,0.26656915020646144f,0.006167102533487946f,-1.30639987476359f,-0.12499999999999994f,0f,0f,0f,1f], start_interpolation: 0, interpolation_duration: 1 }
data modify entity @s data merge value {"locators":{"head":{"posx":1.8101966666191516,"posy":-0.9314475969757777,"posz":2.6502559447384777,"roty":248.17492284328068,"rotx":45.69819529798076},"neck":{"posx":1.1277199981253947,"posy":-1.1353582591274756,"posz":1.9976771076479225,"roty":316.0800813594636,"rotx":41.23992057387277},"right_arm":{"posx":1.1082740928368118,"posy":-3.5453612242202386,"posz":3.0851640376122957,"roty":303.53727533489865,"rotx":4.843339385167636},"left_arm":{"posx":3.0308273718652785,"posy":-1.4078984870092945,"posz":-0.4821955565685674,"roty":289.83241624286154,"rotx":33.82918377961923},"tail1":{"posx":-0.42476998650177755,"posy":-1.4882126328343412,"posz":-2.485468228689615,"roty":351.30234934325193,"rotx":0.2701422963661151},"tail2":{"posx":-0.6897564672975085,"posy":-1.8549574581505124,"posz":-4.217058653154738,"roty":351.30234934325193,"rotx":0.2701422963661151}},"cameras":{}}