# This file was generated by Animated Java via MC-Build. It is not recommended to edit this file directly.
$data merge entity $(bone_jaw) { transformation: [-0.4625296257826357f,0.7820949374736137f,-0.41760490185283905f,2.056038939678818f,-0.6084116522955199f,0.06262463429532794f,0.7911468994633122f,-0.6336643517732884f,0.6449043391266727f,0.6200045676908527f,0.44686992449488994f,3.175981937172016f,0f,0f,0f,1f], start_interpolation: 0, interpolation_duration: 1 }
$data merge entity $(bone_head) { transformation: [-0.5203458290054651f,0.6555503292518249f,-0.751743961767861f,1.8889847259526267f,-0.6844631088324599f,0.3820613441897833f,0.8069475707400702f,-0.45434266938660617f,0.7255173815175068f,0.8306069438029761f,0.22212976842886337f,3.225344107933986f,0f,0f,0f,1f], start_interpolation: 0, interpolation_duration: 1 }
$data merge entity $(bone_neck) { transformation: [-0.7977221318982305f,0.3228959024027494f,-0.5092913080853202f,1.530969707779498f,-0.09609572489113576f,0.7656993921895361f,0.6359796006620199f,-0.7031169856045292f,0.5953192521138464f,0.5562757203151052f,-0.5797864357248463f,1.865565050015826f,0f,0f,0f,1f], start_interpolation: 0, interpolation_duration: 1 }
$data merge entity $(bone_right_arm2) { transformation: [-0.5970098762861102f,0.02606891433937774f,-0.8018102140294858f,0.7383891914131606f,-0.006107852569676257f,0.9992952130984001f,0.03703742992717298f,-2.4401919252515434f,0.8022106342811909f,0.02700905003492967f,-0.5964298864597415f,2.8695590421143167f,0f,0f,0f,1f], start_interpolation: 0, interpolation_duration: 1 }
$data merge entity $(bone_right_arm1) { transformation: [-0.675253651401026f,0.039099936020643024f,-0.9119620102927578f,0.42407680930732183f,0.14981588239948412f,1.123738691411896f,-0.06274999401742795f,-1.0239215983881613f,0.9004214094494255f,-0.15765010425465925f,-0.6734676955712495f,2.0041441679360426f,0f,0f,0f,1f], start_interpolation: 0, interpolation_duration: 1 }
$data merge entity $(bone_left_arm2) { transformation: [-0.5811783250097649f,-0.2908438387754425f,-0.760027378444493f,2.3613899755479157f,-0.8134995129377769f,0.18328874133273043f,0.5519273319474797f,-1.093717553385161f,-0.02122020237518707f,0.9390501044923152f,-0.34312476486568f,0.4243024191502208f,0f,0f,0f,1f], start_interpolation: 0, interpolation_duration: 1 }
$data merge entity $(bone_left_arm1) { transformation: [-0.6598795565215038f,-0.3302289419429503f,-0.8629477526088513f,1.275520387909007f,-0.9236609053147674f,0.20810909172153766f,0.6266674914820342f,-0.7279196374651153f,-0.02409377144682698f,1.0662131394756493f,-0.3895895767745741f,1.4142760922089836f,0f,0f,0f,1f], start_interpolation: 0, interpolation_duration: 1 }
$data merge entity $(bone_body2) { transformation: [-1.2630600421721985f,0.05422615672879343f,-0.9532488123458818f,0.6633796219630214f,-0.15215156441096497f,1.5491459888195567f,0.28972582076166226f,-0.5012269373664235f,0.9425888158469236f,0.32272383502794955f,-1.2305771389838152f,0.7355914435031012f,0f,0f,0f,1f], start_interpolation: 0, interpolation_duration: 1 }
$data merge entity $(bone_right_leg2) { transformation: [-0.9824522320836492f,0.1378417824549255f,-0.12564734252464127f,-1.1816313481547729f,0f,0.6736603720816094f,0.7390410699594897f,-2.084566648039954f,0.1865143739068267f,0.7260725487831892f,-0.6618391362178789f,-0.9406072282798188f,0f,0f,0f,1f], start_interpolation: 0, interpolation_duration: 1 }
$data merge entity $(bone_right_leg1) { transformation: [-1.3099363094448655f,0.14973496768042713f,-0.1985549859094065f,-0.6052424242704266f,0f,1.0645559468172396f,0.8028065855944555f,-1.1250000613763178f,0.24868583187576893f,0.788719121948726f,-1.0458753661285196f,0.08491472379246326f,0f,0f,0f,1f], start_interpolation: 0, interpolation_duration: 1 }
$data merge entity $(bone_left_leg2) { transformation: [-0.9142673321261799f,0.033634016340940286f,-0.40371276713977566f,1.0695992170558004f,0.015643132875733087f,0.9987353728315338f,0.04778019933915173f,-2.534811800339823f,0.4048092610115405f,0.03736854291826602f,-0.9136372662054981f,0.19456798256924274f,0f,0f,0f,1f], start_interpolation: 0, interpolation_duration: 1 }
$data merge entity $(bone_left_leg1) { transformation: [-1.3099363094448655f,-0.12002719982568268f,-0.21780292531953932f,0.6228228658341348f,0f,1.1677541025784042f,-0.6435278810502953f,-1.1250000613763178f,0.24868583187576893f,-0.6322354031459239f,-1.147262624602992f,-0.14822824359107012f,0f,0f,0f,1f], start_interpolation: 0, interpolation_duration: 1 }
$data merge entity $(bone_tail3) { transformation: [-0.9934115955776306f,0.00026138917885815843f,-0.11460075674969719f,-0.49724473925950236f,0.00010187870040898549f,0.9999990179789142f,0.0013977345733385026f,-0.5573461981614208f,0.11460100956203005f,0.0013768503565306752f,-0.9934106466564868f,-3.6784101491397734f,0f,0f,0f,1f], start_interpolation: 0, interpolation_duration: 1 }
$data merge entity $(bone_tail2) { transformation: [-1.5315095431821804f,0.0004029749840729942f,-0.17667616665578315f,-0.40659378027205983f,0.00015706299646385262f,1.5416651527174927f,0.0021548408005635246f,-0.7474540315199258f,0.17667655640812965f,0.002122644299651457f,-1.5315080802620837f,-1.8016982199054563f,0f,0f,0f,1f], start_interpolation: 0, interpolation_duration: 1 }
$data merge entity $(bone_tail1) { transformation: [-0.9897304619120058f,0.00026138917885815843f,-0.14294594936249488f,-0.13099740133540827f,0.00006188940156066761f,0.9999990179789142f,0.001400075322644197f,-0.7489493477254304f,0.14294617495109743f,0.0013768503565306752f,-0.9897295061530428f,-0.7679788914867356f,0f,0f,0f,1f], start_interpolation: 0, interpolation_duration: 1 }
$data merge entity $(bone_body1) { transformation: [-1.3099363094448655f,0.00034851890514421124f,-0.24868558766103827f,0.5f,0f,1.3333320239718855f,0.001868590060079305f,-1.1875f,0.24868583187576893f,0.0018358004753742335f,-1.3099350230597886f,-0.12499999999999994f,0f,0f,0f,1f], start_interpolation: 0, interpolation_duration: 1 }
data modify entity @s data merge value {"locators":{"head":{"posx":1.733607865748241,"posy":-0.8907510746976164,"posz":2.7021930923687596,"roty":253.53833103483788,"rotx":45.83091976254265},"neck":{"posx":1.0746840919400167,"posy":-1.1177995702039256,"posz":2.0270945854201905,"roty":318.7035431026291,"rotx":39.49267753999854},"right_arm":{"posx":1.075912266820644,"posy":-3.4583875940991344,"posz":3.190903099951832,"roty":306.64386945236333,"rotx":2.1225738885456265},"left_arm":{"posx":3.068571148858715,"posy":-1.5021262411330203,"posz":-0.34185904026080516,"roty":294.29744786661763,"rotx":33.49933672582641},"tail1":{"posx":-0.3614013929744164,"posy":-1.4965050873224923,"posz":-2.500025803444443,"roty":353.41939569054847,"rotx":0.08008431800811013},"tail2":{"posx":-0.5620507382284583,"posy":-1.869058683561243,"posz":-4.239010753976993,"roty":353.41939569054847,"rotx":0.08008431800811013}},"cameras":{}}