# This file was generated by Animated Java via MC-Build. It is not recommended to edit this file directly.
$data merge entity $(bone_jaw) { transformation: [-0.48549547673568644f,0.7502073602472541f,-0.4488686430349472f,1.9776767374944835f,-0.5901529157891443f,0.09756648716043295f,0.8013740179022177f,-0.5875591643096831f,0.6449912232385488f,0.6539645993584204f,0.3953689728990134f,3.218747048934173f,0f,0f,0f,1f], start_interpolation: 0, interpolation_duration: 1 }
$data merge entity $(bone_head) { transformation: [-0.5461824113276472f,0.616214382433713f,-0.766543937708827f,1.8073336402258553f,-0.6639220302627873f,0.41588501412631745f,0.8073860246232226f,-0.4081400477267447f,0.7256151261433674f,0.8443604028535386f,0.1617504213439784f,3.254691587010613f,0f,0f,0f,1f], start_interpolation: 0, interpolation_duration: 1 }
$data merge entity $(bone_neck) { transformation: [-0.8136142970726059f,0.2976866660418735f,-0.49941408115903496f,1.4920747651509516f,-0.09245547727979768f,0.7818026715589322f,0.6166332519936637f,-0.6915631303733596f,0.5740067598208352f,0.5478751971062299f,-0.6085630682811729f,1.8911133171963728f,0f,0f,0f,1f], start_interpolation: 0, interpolation_duration: 1 }
$data merge entity $(bone_right_arm2) { transformation: [-0.6288723312143809f,0.012775677083271014f,-0.7774036101717394f,0.6778860271279341f,-0.003310027879674678f,0.9998119406582251f,0.01910829748223314f,-2.4052506442737793f,0.7775015335987613f,0.014589907206618041f,-0.6287117780503848f,2.8917396443975703f,0f,0f,0f,1f], start_interpolation: 0, interpolation_duration: 1 }
$data merge entity $(bone_right_arm1) { transformation: [-0.7128100953119992f,0.031131954285411937f,-0.8832347232690263f,0.380509599973875f,0.14741714797987032f,1.1230033724227595f,-0.07938902287491698f,-1.0062706088961826f,0.871401721049037f,-0.16451514791630614f,-0.7090591044499013f,2.004635274575925f,0f,0f,0f,1f], start_interpolation: 0, interpolation_duration: 1 }
$data merge entity $(bone_left_arm2) { transformation: [-0.5957306294248685f,-0.3188676277337077f,-0.7371759987604908f,2.3606090388555216f,-0.8031576111158824f,0.22901787056885514f,0.5499896968732562f,-1.148127452329953f,-0.006547432449359569f,0.9197142224319381f,-0.39253392233632023f,0.4980014071844665f,0f,0f,0f,1f], start_interpolation: 0, interpolation_duration: 1 }
$data merge entity $(bone_left_arm1) { transformation: [-0.6764024854928194f,-0.36204761898931387f,-0.8370019152593071f,1.2491209566119217f,-0.9119185376211579f,0.26003070720838756f,0.6244674683248429f,-0.7204103340816802f,-0.00743406392687701f,1.0442588567195963f,-0.44568955765269685f,1.4332131798797403f,0f,0f,0f,1f], start_interpolation: 0, interpolation_duration: 1 }
$data merge entity $(bone_body2) { transformation: [-1.288222637031626f,0.04338649211363844f,-0.9195349336408054f,0.6555212138673138f,-0.14638783902634633f,1.5517937641118213f,0.27830048273998026f,-0.5001506038375284f,0.908844036382989f,0.31144529280466365f,-1.2585502737536303f,0.7361882544672349f,0f,0f,0f,1f], start_interpolation: 0, interpolation_duration: 1 }
$data merge entity $(bone_right_leg2) { transformation: [-0.9840820881121467f,0.12778590807776594f,-0.12350386857737593f,-1.1704610489368186f,0f,0.6949566180570957f,0.7190516664459125f,-2.1089762331870063f,0.177714500975123f,0.7076058653766124f,-0.6838943598449824f,-0.9345613827702847f,0f,0f,0f,1f], start_interpolation: 0, interpolation_duration: 1 }
$data merge entity $(bone_right_leg1) { transformation: [-1.3121094508161955f,0.13845417386255293f,-0.19229406802248752f,-0.6070904375064283f,0f,1.0820392650423356f,0.7790820282129602f,-1.125000000925651f,0.23695266796683068f,0.7666806691344563f,-1.0648154593621941f,0.07493939906264421f,0f,0f,0f,1f], start_interpolation: 0, interpolation_duration: 1 }
$data merge entity $(bone_left_leg2) { transformation: [-0.9205725188942406f,0.02878374371366267f,-0.3895096064984009f,1.0632245501255593f,0.011884260232248589f,0.9988832593340948f,0.04572743794296652f,-2.5404967274096393f,0.3903908321354961f,0.03746638920314893f,-0.9198865516272281f,0.18031662338111715f,0f,0f,0f,1f], start_interpolation: 0, interpolation_duration: 1 }
$data merge entity $(bone_left_leg1) { transformation: [-1.3121094508161955f,-0.11147814755193614f,-0.2090913424199765f,0.623012172633755f,0f,1.1765575756209432f,-0.627287851808678f,-1.125000000925651f,0.23695266796683068f,-0.6173027390552667f,-1.1578292358012228f,-0.14720372715625957f,0f,0f,0f,1f], start_interpolation: 0, interpolation_duration: 1 }
$data merge entity $(bone_tail3) { transformation: [-0.9953849125986463f,0.0000305859157870428f,-0.09596288259262988f,-0.4409841112937082f,0.000014191769946616775f,0.9999999851895842f,0.00017152091726956484f,-0.5618673893224707f,0.095962886417504f,0.00016936745009203666f,-0.9953848982906501f,-3.6901510992051807f,0f,0f,0f,1f], start_interpolation: 0, interpolation_duration: 1 }
$data merge entity $(bone_tail2) { transformation: [-1.534551740256246f,0.00004715328683835764f,-0.14794277733030436f,-0.385482555366568f,0.000021878978667700858f,1.5416666438339421f,0.0002644280807905791f,-0.7496872142941549f,0.1479427832269853f,0.00026110815222522317f,-1.5345517181980854f,-1.811840810504916f,0f,0f,0f,1f], start_interpolation: 0, interpolation_duration: 1 }
$data merge entity $(bone_tail1) { transformation: [-0.9917498198029818f,0.0000305859157870428f,-0.12818850956795833f,-0.12531353647523957f,0.00000862261503249869f,0.9999999851895842f,0.00017189090117051553f,-0.7498709262035276f,0.1281885129268738f,0.00016936745009203666f,-0.9917498053784852f,-0.7741302064061346f,0f,0f,0f,1f], start_interpolation: 0, interpolation_duration: 1 }
$data merge entity $(bone_body1) { transformation: [-1.3121094508161955f,0.000040781221049390396f,-0.23695266445746313f,0.5f,0f,1.3333333135861123f,0.0002294760462743503f,-1.1875f,0.23695266796683068f,0.0002258232667893822f,-1.312109431383309f,-0.12499999999999994f,0f,0f,0f,1f], start_interpolation: 0, interpolation_duration: 1 }
data modify entity @s data merge value {"locators":{"head":{"posx":1.6779211882373555,"posy":-0.863461173525594,"posz":2.740671801718653,"roty":258.08466558815496,"rotx":45.86297689248179},"neck":{"posx":1.0360618769938255,"posy":-1.1080460273470658,"posz":2.0487338817271006,"roty":320.6261657992727,"rotx":38.070691375994905},"right_arm":{"posx":1.014507634429634,"posy":-3.414823610415601,"posz":3.240099472066067,"roty":308.9636033860712,"rotx":1.0948914353834815},"left_arm":{"posx":3.085297830308529,"posy":-1.6019428206406934,"posz":-0.22503663955122655,"roty":298.03455657959137,"rotx":33.366306134624814},"tail1":{"posx":-0.3270568625110105,"posy":-1.4995710565269635,"posz":-2.508290314469495,"roty":354.4932577824503,"rotx":0.009827424705944821},"tail2":{"posx":-0.495003376766533,"posy":-1.874270889367836,"posz":-4.250277399271917,"roty":354.4932577824503,"rotx":0.009827424705944821}},"cameras":{}}