# This file was generated by Animated Java via MC-Build. It is not recommended to edit this file directly.
$data merge entity $(bone_jaw) { transformation: [-0.6079587625279315f,0.5651641881870836f,-0.5576518478910844f,1.6542195795623391f,-0.4873179749231578f,0.28888382434794346f,0.8240554152160515f,-0.4046100865013162f,0.6268232082352239f,0.7727454797156316f,0.0997852153215081f,3.370671936284597f,0f,0f,0f,1f], start_interpolation: 0, interpolation_duration: 1 }
$data merge entity $(bone_head) { transformation: [-0.6839536078439229f,0.4251545423763581f,-0.7855419004827374f,1.4796547127883974f,-0.5482327217885525f,0.5812876569731966f,0.7919409969252299f,-0.22862319829570954f,0.7051761092646268f,0.8642761566463355f,-0.14621347398595652f,3.338180053176607f,0f,0f,0f,1f], start_interpolation: 0, interpolation_duration: 1 }
$data merge entity $(bone_neck) { transformation: [-0.8704993897506992f,0.2002552540416206f,-0.4495871947380022f,1.3368436045198984f,-0.07906824286018105f,0.8447135696558798f,0.5293460099124432f,-0.6565036115711314f,0.4857767238296455f,0.4963434480961213f,-0.7194888158389882f,1.9833421147904775f,0f,0f,0f,1f], start_interpolation: 0, interpolation_duration: 1 }
$data merge entity $(bone_right_arm2) { transformation: [-0.7441354958937239f,0.010737213412789368f,-0.6679424196733801f,0.3743927334159405f,0.0014752294368071503f,0.9998947959366735f,0.014429856439582195f,-2.3239772075840133f,0.6680270858648699f,0.009752400057749355f,-0.7440730496691863f,2.8876967711769486f,0f,0f,0f,1f], start_interpolation: 0, interpolation_duration: 1 }
$data merge entity $(bone_right_arm1) { transformation: [-0.8421390348306502f,0.04961445549526975f,-0.7599416153658468f,0.21032631939628366f,0.1272758606157642f,1.1262387856708382f,-0.06751340533284002f,-0.9402814713586467f,0.7508486586945876f,-0.1352612671869804f,-0.840893386987884f,1.9965777716362185f,0f,0f,0f,1f], start_interpolation: 0, interpolation_duration: 1 }
$data merge entity $(bone_left_arm2) { transformation: [-0.6854719397896992f,-0.39505287373372805f,-0.6116056300555694f,2.297638651499721f,-0.7255122639114195f,0.4413476449728875f,0.5280570150949733f,-1.414449760588422f,0.061320263168660794f,0.8056956517392961f,-0.5891471311084501f,0.8314106873755888f,0f,0f,0f,1f], start_interpolation: 0, interpolation_duration: 1 }
$data merge entity $(bone_left_arm1) { transformation: [-0.7782962649695542f,-0.448549617051837f,-0.694427225792261f,1.1444429028767178f,-0.8237587163160909f,0.5011134718962993f,0.5995647358890842f,-0.6988643611560317f,0.0696240488060836f,0.914800271245659f,-0.6689274717793859f,1.503010159886562f,0f,0f,0f,1f], start_interpolation: 0, interpolation_duration: 1 }
$data merge entity $(bone_body2) { transformation: [-1.3782907004386071f,0.009372911785118615f,-0.7792119981452845f,0.6290311491596354f,-0.12519138452862f,1.559991154755512f,0.2402064919372829f,-0.5f,0.7691464793969388f,0.27071052815447927f,-1.3572302485658292f,0.7404339735338243f,0f,0f,0f,1f], start_interpolation: 0, interpolation_duration: 1 }
$data merge entity $(bone_right_leg2) { transformation: [-0.9890673983243705f,0.09111215531014125f,-0.11594937139373254f,-1.128600744482048f,0f,0.7862884321366189f,0.6178596130903343f,-2.219170266793321f,0.14746417046815483f,0.6111048000489592f,-0.777692253905914f,-0.8763411624142199f,0f,0f,0f,1f], start_interpolation: 0, interpolation_duration: 1 }
$data merge entity $(bone_right_leg1) { transformation: [-1.3187565310991607f,0.09735691271926213f,-0.17082336200549456f,-0.6127008231149169f,0f,1.1584058789547402f,0.6602072382069686f,-1.125f,0.19661889395753976f,0.6529894554482845f,-1.1457414889014208f,0.040897191776674224f,0f,0f,0f,1f], start_interpolation: 0, interpolation_duration: 1 }
$data merge entity $(bone_left_leg2) { transformation: [-0.9450556818548155f,0.006942562071695843f,-0.3268356758767477f,1.036131300146862f,-0.005685111762634892f,0.9992742497128259f,0.03766501513494086f,-2.568776264049588f,0.3268599664966271f,0.03745363390579898f,-0.9443303381810171f,0.08027013511431738f,0f,0f,0f,1f], start_interpolation: 0, interpolation_duration: 1 }
$data merge entity $(bone_left_leg1) { transformation: [-1.3187565310991607f,-0.07783475016109681f,-0.1805567532064251f,0.6236334247905463f,0f,1.2244110052849528f,-0.527821435634125f,-1.125f,0.19661889395753976f,-0.5220509741224781f,-1.2110250074769153f,-0.1434330213085193f,0f,0f,0f,1f], start_interpolation: 0, interpolation_duration: 1 }
$data merge entity $(bone_tail3) { transformation: [-0.9981981810026932f,0f,-0.06000326193562058f,-0.31766361553949674f,0f,1f,0f,-0.5625f,0.06000326193562058f,0f,-0.9981981810026932f,-3.718133102422712f,0f,0f,0f,1f], start_interpolation: 0, interpolation_duration: 1 }
$data merge entity $(bone_tail2) { transformation: [-1.538888862379152f,0f,-0.09250502881741506f,-0.3299322720355448f,0f,1.5416666666666665f,0f,-0.75f,0.09250502881741506f,0f,-1.538888862379152f,-1.8390111053007097f,0f,0f,0f,1f], start_interpolation: 0, interpolation_duration: 1 }
$data merge entity $(bone_tail1) { transformation: [-0.9955290539522264f,0f,-0.09445582426184956f,-0.10513182701330137f,0f,1f,0f,-0.75f,0.09445582426184956f,0f,-0.9955290539522264f,-0.7930684635092005f,0f,0f,0f,1f], start_interpolation: 0, interpolation_duration: 1 }
$data merge entity $(bone_body1) { transformation: [-1.3187565310991607f,0f,-0.19661889395753976f,0.5f,0f,1.3333333333333333f,0f,-1.1875f,0.19661889395753976f,0f,-1.3187565310991607f,-0.12499999999999994f,0f,0f,0f,1f], start_interpolation: 0, interpolation_duration: 1 }
data modify entity @s data merge value {"locators":{"head":{"posx":1.461663828268959,"posy":-0.7715443957600493,"posz":2.8986414867025196,"roty":280.5438466370688,"rotx":44.744581033583366},"neck":{"posx":0.8826965887211913,"posy":-1.0789735728612322,"posz":2.130037785649128,"roty":327.99996078735177,"rotx":31.961277995913868},"right_arm":{"posx":0.6511182613464834,"posy":-3.3309947299006772,"posz":3.291732588820347,"roty":318.0861874735416,"rotx":0.8267985674312496},"left_arm":{"posx":3.04133633649809,"posy":-2.0744813966143325,"posz":0.31645608474247633,"roty":313.9284828427281,"rotx":31.874268926595633},"tail1":{"posx":-0.2464097419909473,"posy":-1.5,"posz":-2.532772762482014,"roty":356.56,"rotx":0},"tail2":{"posx":-0.3514154503782833,"posy":-1.875,"posz":-4.279619579236726,"roty":356.56,"rotx":0}},"cameras":{}}