# This file was generated by Animated Java via MC-Build. It is not recommended to edit this file directly.
$data merge entity $(bone_jaw) { transformation: [-0.6321987235911373f,0.5257124433172252f,-0.5691671115157391f,1.5891794666782209f,-0.4662722182776957f,0.32854473322013844f,0.821369939026079f,-0.3679200298656069f,0.6188012543233357f,0.78465583870557f,0.03741954613734766f,3.394201077688516f,0f,0f,0f,1f], start_interpolation: 0, interpolation_duration: 1 }
$data merge entity $(bone_head) { transformation: [-0.7112235640400294f,0.38811128670067985f,-0.780484254222813f,1.4157385212953735f,-0.5245562455624077f,0.6139318027749637f,0.783296550983696f,-0.19385412964700782f,0.6961514111137526f,0.859117204272517f,-0.20716139149780133f,3.3481652129112267f,0f,0f,0f,1f], start_interpolation: 0, interpolation_duration: 1 }
$data merge entity $(bone_neck) { transformation: [-0.880352832071295f,0.18300264026950555f,-0.4375944751918608f,1.3059291209512844f,-0.07633952366295906f,0.8558795649890637f,0.5115099679977346f,-0.649454556618249f,0.4681358437365831f,0.48371500275319246f,-0.7395056645628325f,1.9993017481603668f,0f,0f,0f,1f], start_interpolation: 0, interpolation_duration: 1 }
$data merge entity $(bone_right_arm2) { transformation: [-0.7640714128875055f,0.010735477074666142f,-0.6450423439899664f,0.3164632125439132f,0.0022306746075782475f,0.9998995197836117f,0.013999086659406308f,-2.308211602184045f,0.6451278168695612f,0.009257422345436042f,-0.7640185861827133f,2.8819418524988363f,0f,0f,0f,1f], start_interpolation: 0, interpolation_duration: 1 }
$data merge entity $(bone_right_arm1) { transformation: [-0.8646006395672516f,0.05237555361514406f,-0.7340936877455428f,0.17751744495901778f,0.12317607548420065f,1.126860991276144f,-0.06467586654155111f,-0.9271210049793442f,0.72557866247062f,-0.12888799272274043f,-0.8637676173854245f,1.9929029916980994f,0f,0f,0f,1f], start_interpolation: 0, interpolation_duration: 1 }
$data merge entity $(bone_left_arm2) { transformation: [-0.7036571935235318f,-0.4035992705127255f,-0.5847855870694683f,2.275141730711529f,-0.7069297998584909f,0.4805145493709099f,0.5189952079883834f,-1.4611049324704772f,0.07153189550557681f,0.7785970695324169f,-0.623433870784153f,0.8996946274331948f,0f,0f,0f,1f], start_interpolation: 0, interpolation_duration: 1 }
$data merge entity $(bone_left_arm1) { transformation: [-0.79894410514651f,-0.458253338394657f,-0.6639753019851253f,1.1234847240772137f,-0.8026598769226615f,0.5455842279315539f,0.5892758090701435f,-0.6945359433849227f,0.08121850635529033f,0.8840320893649316f,-0.7078572074528403f,1.5153462123758796f,0f,0f,0f,1f], start_interpolation: 0, interpolation_duration: 1 }
$data merge entity $(bone_body2) { transformation: [-1.3938919841128838f,0.0039265597092132485f,-0.7509954481880314f,0.6239493103709975f,-0.12087091246635184f,1.5614976092299957f,0.23250781348807117f,-0.5f,0.7412150859162567f,0.2620195468706527f,-1.3743690908603479f,0.7411764072396305f,0f,0f,0f,1f], start_interpolation: 0, interpolation_duration: 1 }
$data merge entity $(bone_right_leg2) { transformation: [-0.989915893988149f,0.08455164122832019f,-0.11365536852802431f,-1.1209494570062586f,0f,0.8023315915543073f,0.5968785615130869f,-2.239137812220758f,0.14165635470971147f,0.5908595748225879f,-0.7942407947284166f,-0.8634323213477705f,0f,0f,0f,1f], start_interpolation: 0, interpolation_duration: 1 }
$data merge entity $(bone_right_leg1) { transformation: [-1.3198878586508653f,0.09013201108777202f,-0.1659820440321319f,-0.6136553807366676f,0f,1.1717232479423159f,0.636272275059418f,-1.125f,0.1888751396129486f,0.6298560379853172f,-1.1599074664935152f,0.03436339904842545f,0f,0f,0f,1f], start_interpolation: 0, interpolation_duration: 1 }
$data merge entity $(bone_left_leg2) { transformation: [-0.9493030767105248f,0.0034324545523280875f,-0.31434358082149144f,1.0316110099986133f,-0.008369501395340657f,0.9993099733966206f,0.036187408258105236f,-2.573141164626205f,0.3142508870223355f,0.03698371703590103f,-0.9486193043997596f,0.06030893492574499f,0f,0f,0f,1f], start_interpolation: 0, interpolation_duration: 1 }
$data merge entity $(bone_left_leg1) { transformation: [-1.3198878586508653f,-0.07196004588339883f,-0.17462980891093585f,0.6237394867485186f,0f,1.2327707378097865f,-0.5079902418134545f,-1.125f,0.1888751396129486f,-0.5028676143620219f,-1.220339347001405f,-0.14270704433871387f,0f,0f,0f,1f], start_interpolation: 0, interpolation_duration: 1 }
$data merge entity $(bone_tail3) { transformation: [-0.9984156674241885f,0f,-0.05626859729824368f,-0.3019125094552217f,0f,1f,0f,-0.5625f,0.05626859729824368f,0f,-0.9984156674241885f,-3.722632328875666f,0f,0f,0f,1f], start_interpolation: 0, interpolation_duration: 1 }
$data merge entity $(bone_tail2) { transformation: [-1.5392241539456237f,0f,-0.08674742083479234f,-0.32121084794903837f,0f,1.5416666666666665f,0f,-0.75f,0.08674742083479234f,0f,-1.5392241539456237f,-1.843569377793032f,0f,0f,0f,1f], start_interpolation: 0, interpolation_duration: 1 }
$data merge entity $(bone_tail1) { transformation: [-0.995950965679757f,0f,-0.08989813102372768f,-0.10120021302635807f,0f,1f,0f,-0.75f,0.08989813102372768f,0f,-0.995950965679757f,-0.7966087431362561f,0f,0f,0f,1f], start_interpolation: 0, interpolation_duration: 1 }
$data merge entity $(bone_body1) { transformation: [-1.3198878586508653f,0f,-0.1888751396129486f,0.5f,0f,1.3333333333333333f,0f,-1.1875f,0.1888751396129486f,0f,-1.3198878586508653f,-0.12499999999999994f,0f,0f,0f,1f], start_interpolation: 0, interpolation_duration: 1 }
data modify entity @s data merge value {"locators":{"head":{"posx":1.416922321523555,"posy":-0.7525097286841254,"posz":2.9284227081758845,"roty":284.86507069992047,"rotx":44.127995584313524},"neck":{"posx":0.8518260242135549,"posy":-1.0725179013203443,"posz":2.1444147520665653,"roty":329.3855343085486,"rotx":30.764460389943665},"right_arm":{"posx":0.5804944441587612,"posy":-3.314971248134386,"posz":3.2950142117991046,"roty":319.8264096048696,"rotx":0.8021147830742901},"left_arm":{"posx":3.0151123693542097,"posy":-2.1569339733444233,"posz":0.42834374982375584,"roty":316.8321412757281,"rotx":31.26487614201646},"tail1":{"posx":-0.23509355016355732,"posy":-1.5,"posz":-2.537013723809442,"roty":356.7743431712963,"rotx":0},"tail2":{"posx":-0.33356359543548375,"posy":-1.875,"posz":-4.284241141801772,"roty":356.7743431712963,"rotx":0}},"cameras":{}}