# This file was generated by Animated Java via MC-Build. It is not recommended to edit this file directly.
$data merge entity $(bone_jaw) { transformation: [-0.764335677304288f,0.3017772968402579f,-0.5698433429562743f,1.2094476613079133f,-0.34512675217915123f,0.5550307501735363f,0.7568542734847127f,-0.15131125285860547f,0.5446820148766305f,0.7751589059499919f,-0.3200783860187151f,3.4869274061013438f,0f,0f,0f,1f], start_interpolation: 0, interpolation_duration: 1 }
$data merge entity $(bone_head) { transformation: [-0.859877636967324f,0.19294231944772816f,-0.69929157781974f,1.0540495329035267f,-0.38826759620154516f,0.7936554520392396f,0.6964081398061515f,0.003446111542761532f,0.6127672667362093f,0.7736338182981152f,-0.5400296214117464f,3.3669208235654002f,0f,0f,0f,1f], start_interpolation: 0, interpolation_duration: 1 }
$data merge entity $(bone_neck) { transformation: [-0.9291341789473263f,0.09714978430310556f,-0.3567514497822509f,1.1255344236070612f,-0.06002967648286919f,0.9124268278940443f,0.40481319356040524f,-0.6070818350853967f,0.36483710810886527f,0.39754144834101535f,-0.8419350814627503f,2.078042226960154f,0f,0f,0f,1f], start_interpolation: 0, interpolation_duration: 1 }
$data merge entity $(bone_right_arm2) { transformation: [-0.8621995487357448f,0.010578547080080186f,-0.5064583225711196f,-0.002423526881101312f,0.005547732872145746f,0.9999191587047589f,0.011441097637305095f,-2.2156427541641994f,0.5065384100143413f,0.007054813735426491f,-0.8621885343608447f,2.823474662664638f,0f,0f,0f,1f], start_interpolation: 0, interpolation_duration: 1 }
$data merge entity $(bone_right_arm1) { transformation: [-0.9759088885581066f,0.06045029348367477f,-0.5771642835410575f,-0.00719289735463291f,0.09882878153532676f,1.1300564165805296f,-0.048748068985956884f,-0.8496091196591878f,0.5718441397076368f,-0.09213720370922127f,-0.9765633735293999f,1.9587711802463499f,0f,0f,0f,1f], start_interpolation: 0, interpolation_duration: 1 }
$data merge entity $(bone_left_arm2) { transformation: [-0.8059088459014639f,-0.41181966585403185f,-0.4253416214217036f,2.0851745600800813f,-0.5819095973049294f,0.6833266213611523f,0.44096025796387484f,-1.686620695610753f,0.10905114700077631f,0.6028841442226076f,-0.7903407847142834f,1.2959318451452626f,0f,0f,0f,1f], start_interpolation: 0, interpolation_duration: 1 }
$data merge entity $(bone_left_arm1) { transformation: [-0.9150423354506204f,-0.46758691227176524f,-0.4829399659892259f,1.0003923695750359f,-0.6607098552733052f,0.7758604346704749f,0.5006736262298161f,-0.6684410768818672f,0.12381848982379809f,0.684524705419419f,-0.8973660993110091f,1.5779364783841077f,0f,0f,0f,1f], start_interpolation: 0, interpolation_duration: 1 }
$data merge entity $(bone_body2) { transformation: [-1.4711291166666f,-0.01968274696255279f,-0.585094997425377f,0.595106705429912f,-0.0950469877645429f,1.5694732679640795f,0.18618317783162883f,-0.5f,0.5776587545057034f,0.20811221747558512f,-1.4594328051420387f,0.744815908444004f,0f,0f,0f,1f], start_interpolation: 0, interpolation_duration: 1 }
$data merge entity $(bone_right_leg2) { transformation: [-0.9940753239360046f,0.05116240025274234f,-0.09589921345822264f,-1.0807680292193989f,0f,0.8822912264349532f,0.4707039321653328f,-2.3430703749084527f,0.10869337763418505f,0.4679151638452044f,-0.8770639367242209f,-0.7819166610523733f,0f,0f,0f,1f], start_interpolation: 0, interpolation_duration: 1 }
$data merge entity $(bone_right_leg1) { transformation: [-1.3254337652480062f,0.05391422690846992f,-0.1345227410333778f,-0.6183347394280052f,0f,1.2376351159692842f,0.4960212671826421f,-1.125f,0.14492450351224673f,0.4930825018537324f,-1.2303025288217408f,-0.002719950161541765f,0f,0f,0f,1f], start_interpolation: 0, interpolation_duration: 1 }
$data merge entity $(bone_left_leg2) { transformation: [-0.97024744112227f,-0.011629279113558322f,-0.24183602474194427f,1.0106822249444058f,-0.01898711604253371f,0.9994243062667866f,0.028116640402788384f,-2.5907094066589003f,0.24136982499905552f,0.0318718670688008f,-0.9699096822227697f,-0.05455782259579239f,0f,0f,0f,1f], start_interpolation: 0, interpolation_duration: 1 }
$data merge entity $(bone_left_leg1) { transformation: [-1.3254337652480062f,-0.04275868028522925f,-0.13847312727939945f,0.6242594154920006f,0f,1.2739794299652751f,-0.3933880905710419f,-1.125f,0.14492450351224673f,-0.39105739356697483f,-1.2664315145305374f,-0.13858667220427306f,0f,0f,0f,1f], start_interpolation: 0, interpolation_duration: 1 }
$data merge entity $(bone_tail3) { transformation: [-0.9991647976701076f,0f,-0.040862049591926644f,-0.22676483454309343f,0f,1f,0f,-0.5625f,0.040862049591926644f,0f,-0.9991647976701076f,-3.7463809327697986f,0f,0f,0f,1f], start_interpolation: 0, interpolation_duration: 1 }
$data merge entity $(bone_tail2) { transformation: [-1.540379063074749f,0f,-0.06299565978755357f,-0.2750440912669944f,0f,1.5416666666666665f,0f,-0.75f,0.06299565978755357f,0f,-1.540379063074749f,-1.867839180939356f,0f,0f,0f,1f], start_interpolation: 0, interpolation_duration: 1 }
$data merge entity $(bone_tail1) { transformation: [-0.9977158879356872f,0f,-0.06755003301778112f,-0.07855769519364109f,0f,1f,0f,-0.75f,0.06755003301778112f,0f,-0.9977158879356872f,-0.8162098041349108f,0f,0f,0f,1f], start_interpolation: 0, interpolation_duration: 1 }
$data merge entity $(bone_body1) { transformation: [-1.3254337652480062f,0f,-0.14492450351224673f,0.5f,0f,1.3333333333333333f,0f,-1.1875f,0.14492450351224673f,0f,-1.3254337652480062f,-0.12499999999999994f,0f,0f,0f,1f], start_interpolation: 0, interpolation_duration: 1 }
data modify entity @s data merge value {"locators":{"head":{"posx":1.1411070159380499,"posy":-0.6309202895363025,"posz":3.0871324860141547,"roty":307.6772017631925,"rotx":38.24529491504575},"neck":{"posx":0.6691300962425148,"posy":-1.0298583829821486,"posz":2.2166246230695497,"roty":337.036267520815,"rotx":23.879421419426787},"right_arm":{"posx":0.18633961552839423,"posy":-3.2209357283831017,"posz":3.27917276673553,"roty":329.56959018251547,"rotx":0.6555409097222678},"left_arm":{"posx":2.7600343395138065,"posy":-2.5540580961222847,"posz":1.0814023965922481,"roty":331.71197474968767,"rotx":26.16516543205974},"tail1":{"posx":-0.17824115065268054,"posy":-1.5,"posz":-2.559872735536546,"roty":357.65812500000004,"rotx":0},"tail2":{"posx":-0.24974973743855217,"posy":-1.875,"posz":-4.308411131459234,"roty":357.65812500000004,"rotx":0}},"cameras":{}}