# This file was generated by Animated Java via MC-Build. It is not recommended to edit this file directly.
$data merge entity $(bone_jaw) { transformation: [-0.7908011891314306f,0.25632276807391824f,-0.5558166224891442f,1.1260743119600405f,-0.3190188966054179f,0.6023790788415859f,0.7316873574024798f,-0.10286468884197472f,0.5223604338739462f,0.755935237927752f,-0.39459028521003403f,3.4973674902586276f,0f,0f,0f,1f], start_interpolation: 0, interpolation_duration: 1 }
$data merge entity $(bone_head) { transformation: [-0.8896513377728594f,0.15602970368980457f,-0.670671476033858f,0.9770362061747386f,-0.3588962586810951f,0.8300619277206263f,0.6691903104897967f,0.04584426904464678f,0.5876554881081895f,0.7431533675596108f,-0.6066375355854069f,3.362559149017426f,0f,0f,0f,1f], start_interpolation: 0, interpolation_duration: 1 }
$data merge entity $(bone_neck) { transformation: [-0.9380349014539902f,0.0816229866078178f,-0.33679105052157066f,1.0856865050821511f,-0.05634943769518934f,0.9230048322523008f,0.3806400143315706f,-0.5974036347314271f,0.34192874188292377f,0.3760316046506228f,-0.8612113374649911f,2.0923269864443723f,0f,0f,0f,1f], start_interpolation: 0, interpolation_duration: 1 }
$data merge entity $(bone_right_arm2) { transformation: [-0.879940381447171f,0.010450645367615658f,-0.4749691664834755f,-0.06859198586001619f,0.006019391240712418f,0.9999230256467908f,0.010849410604203698f,-2.1949917952034594f,0.4750459893817634f,0.006687809265200836f,-0.8799355551286321f,2.805398052435387f,0f,0f,0f,1f], start_interpolation: 0, interpolation_duration: 1 }
$data merge entity $(bone_right_arm1) { transformation: [-0.996188088907527f,0.06048378559810975f,-0.5414074345102173f,-0.04649596619484564f,0.0933050389931756f,1.1306665975211827f,-0.045367630451655545f,-0.8322711937338864f,0.536725691728741f,-0.08429569309305135f,-0.9969908599925633f,1.9484340153570099f,0f,0f,0f,1f], start_interpolation: 0, interpolation_duration: 1 }
$data merge entity $(bone_left_arm2) { transformation: [-0.8269623808133023f,-0.4045000938357526f,-0.39052899355420756f,2.030839091665154f,-0.5508923268537318f,0.7218543841852558f,0.41886022996484923f,-1.7257075312856585f,0.11247606382371385f,0.5615210789626625f,-0.8197824180520898f,1.3811843115072102f,0f,0f,0f,1f], start_interpolation: 0, interpolation_duration: 1 }
$data merge entity $(bone_left_arm1) { transformation: [-0.9389468698817702f,-0.45927614820934404f,-0.4434131280980064f,0.9730182914330541f,-0.6254923294485079f,0.8196054987103425f,0.4755808861059225f,-0.6624610960834675f,0.1277071974665084f,0.6375603917388563f,-0.9307946204966435f,1.5897290851798034f,0f,0f,0f,1f], start_interpolation: 0, interpolation_duration: 1 }
$data merge entity $(bone_body2) { transformation: [-1.4852219273021512f,-0.023075019518307576f,-0.5482041723478202f,0.5888856783263003f,-0.08921994301738313f,1.5710353370901196f,0.175591047113896f,-0.5f,0.5413871746479627f,0.19560152742964268f,-1.4749862419827287f,0.7454736275088829f,0f,0f,0f,1f], start_interpolation: 0, interpolation_duration: 1 }
$data merge entity $(bone_right_leg2) { transformation: [-0.9948270028672948f,0.044908088794420056f,-0.09111804391506638f,-1.0729089836251111f,0f,0.8969756424988917f,0.4420799664808396f,-2.3633268370685716f,0.10158363237291469f,0.4397930880818077f,-0.8923355900721386f,-0.7626256533634503f,0f,0f,0f,1f], start_interpolation: 0, interpolation_duration: 1 }
$data merge entity $(bone_right_leg1) { transformation: [-1.3264360038230596f,0.04722623667232538f,-0.12694482309042482f,-0.6191803782257066f,0f,1.249658238488745f,0.46490005888898833f,-1.125f,0.13544484316388625f,0.46249513221736116f,-1.2431937600041811f,-0.010718413580470917f,0f,0f,0f,1f], start_interpolation: 0, interpolation_duration: 1 }
$data merge entity $(bone_left_leg2) { transformation: [-0.9740457349497914f,-0.013765157186687312f,-0.22593234977255117f,1.007235944462574f,-0.020251370522645425f,0.9994458846618501f,0.02641601075950767f,-2.592894046464858f,0.22544353665180808f,0.03030584234298206f,-0.9737847645664863f,-0.079598843647043f,0f,0f,0f,1f], start_interpolation: 0, interpolation_duration: 1 }
$data merge entity $(bone_left_leg1) { transformation: [-1.3264360038230596f,-0.03740981893844301f,-0.13017607686008462f,0.6243533753584118f,0f,1.2814670416805605f,-0.36826620651948266f,-1.125f,0.13544484316388625f,-0.3663611664890852f,-1.2748380163482906f,-0.13769795404661428f,0f,0f,0f,1f], start_interpolation: 0, interpolation_duration: 1 }
$data merge entity $(bone_tail3) { transformation: [-0.9992660672032552f,0f,-0.03830570370244343f,-0.2124135249999673f,0f,1f,0f,-0.5625f,0.03830570370244343f,0f,-0.9992660672032552f,-3.7512169626642535f,0f,0f,0f,1f], start_interpolation: 0, interpolation_duration: 1 }
$data merge entity $(bone_tail2) { transformation: [-1.5405351869383517f,0f,-0.059054626541266954f,-0.26549858895829276f,0f,1.5416666666666665f,0f,-0.75f,0.059054626541266954f,0f,-1.5405351869383517f,-1.8728048736953447f,0f,0f,0f,1f], start_interpolation: 0, interpolation_duration: 1 }
$data merge entity $(bone_tail1) { transformation: [-0.9980010467124939f,0f,-0.0631973952055507f,-0.07360122571333338f,0f,1f,0f,-0.75f,0.0631973952055507f,0f,-0.9980010467124939f,-0.8203284359640137f,0f,0f,0f,1f], start_interpolation: 0, interpolation_duration: 1 }
$data merge entity $(bone_body1) { transformation: [-1.3264360038230596f,0f,-0.13544484316388625f,0.5f,0f,1.3333333333333333f,0f,-1.1875f,0.13544484316388625f,0f,-1.3264360038230596f,-0.12499999999999994f,0f,0f,0f,1f], start_interpolation: 0, interpolation_duration: 1 }
data modify entity @s data merge value {"locators":{"head":{"posx":1.0766506696898077,"posy":-0.601187443713978,"posz":3.1182065935913665,"roty":312.13005578325203,"rotx":36.50092978766561},"neck":{"posx":0.6281593156924208,"posy":-1.019285167465081,"posz":2.2299309228249746,"roty":338.64118830067423,"rotx":22.373332249168836},"right_arm":{"posx":0.10344567817365768,"posy":-3.199963314199808,"posz":3.2683683950708624,"roty":331.64083728026105,"rotx":0.62163763369642},"left_arm":{"posx":2.682288831078842,"posy":-2.622561260024981,"posz":1.2225246875816107,"roty":334.5277443266966,"rotx":24.76264993778044},"tail1":{"posx":-0.16692550185331573,"posy":-1.5,"posz":-2.564588507860388,"roty":357.80470775462965,"rotx":0},"tail2":{"posx":-0.23396048333259173,"posy":-1.875,"posz":-4.313304125466084,"roty":357.80470775462965,"rotx":0}},"cameras":{}}