# This file was generated by Animated Java via MC-Build. It is not recommended to edit this file directly.
$data merge entity $(bone_jaw) { transformation: [-0.9245480016750767f,0.03973429100693591f,-0.37898836224453947f,0.6238789263503297f,-0.16713538756122698f,0.8515007242796151f,0.4970032985565079f,0.2004793943517565f,0.3424569386410219f,0.5228457733112767f,-0.780612286930684f,3.483663621361444f,0f,0f,0f,1f], start_interpolation: 0, interpolation_duration: 1 }
$data merge entity $(bone_head) { transformation: [-1.0401165018844614f,-0.005453456721108975f,-0.4286641136337659f,0.528620234431715f,-0.18802731100638034f,1.0167390988772533f,0.44329711834161634f,0.2989898650943379f,0.38526405597114965f,0.4814944076768306f,-0.9409355676945138f,3.274566828540441f,0f,0f,0f,1f], start_interpolation: 0, interpolation_duration: 1 }
$data merge entity $(bone_neck) { transformation: [-0.9793070177585871f,0.013656759868852196f,-0.2019189388805982f,0.839704298109867f,-0.033137494448835f,0.9734345099342756f,0.22655498522581702f,-0.534639628990436f,0.1996488703460044f,0.22855797465610606f,-0.952838696102684f,2.157718104711895f,0f,0f,0f,1f], start_interpolation: 0, interpolation_duration: 1 }
$data merge entity $(bone_right_arm2) { transformation: [-0.9609366438340159f,0.00827407566150144f,-0.2766447292267927f,-0.4444314698880548f,0.006643407811545544f,0.9999545991228062f,0.006831165771504548f,-2.0649733949555644f,0.2766886908958643f,0.004726453754775189f,-0.960947984526341f,2.658989167957132f,0f,0f,0f,1f], start_interpolation: 0, interpolation_duration: 1 }
$data merge entity $(bone_right_arm1) { transformation: [-1.0896026110823553f,0.04804977414437577f,-0.315639630071435f,-0.2774545610943816f,0.05736960803300562f,1.1336804639920763f,-0.025462532892352067f,-0.7228396683360016f,0.3140794245745766f,-0.040383557443955956f,-1.0903642924690435f,1.8634040426857497f,0f,0f,0f,1f], start_interpolation: 0, interpolation_duration: 1 }
$data merge entity $(bone_left_arm2) { transformation: [-0.9360910321311314f,-0.2946126366751432f,-0.19218994217958715f,1.6138661106345156f,-0.33764775823302406f,0.9057632461813402f,0.2560994596387394f,-1.88285653547819f,0.0986284488567385f,0.30462491063332475f,-0.9473521483048174f,1.868229189521905f,0f,0f,0f,1f], start_interpolation: 0, interpolation_duration: 1 }
$data merge entity $(bone_left_arm1) { transformation: [-1.0628533593988887f,-0.3345080978915688f,-0.21821566351640623f,0.8025279922089453f,-0.3833708921604127f,1.0284186857683966f,0.290779594798152f,-0.6234888208113677f,0.11198438463942181f,0.34587620061492075f,-1.0756394183877613f,1.6475661730363125f,0f,0f,0f,1f], start_interpolation: 0, interpolation_duration: 1 }
$data merge entity $(bone_body2) { transformation: [-1.5505694447844296f,-0.029947126295640177f,-0.31903293085821555f,0.5512381027107887f,-0.052467699543988756f,1.5788557280500783f,0.10679969546990392f,-0.5f,0.31611071138117364f,0.11516164324346656f,-1.5471768672391653f,0.7484985156430426f,0f,0f,0f,1f], start_interpolation: 0, interpolation_duration: 1 }
$data merge entity $(bone_right_leg2) { transformation: [-0.9982840178777629f,0.01526115732337877f,-0.056534208466921955f,-1.0324833147788266f,0f,0.9654423132677955f,0.26061684472061286f,-2.468743689457425f,0.05855783166947277f,0.26016963087431844f,-0.9637856315181766f,-0.6348139729036935f,0f,0f,0f,1f], start_interpolation: 0, interpolation_duration: 1 }
$data merge entity $(bone_right_leg1) { transformation: [-1.3310453571703504f,0.015899265049699067f,-0.0764411427433622f,-0.6230695201124832f,0f,1.3053957184554073f,0.27151389654319513f,-1.125f,0.07807710889263035f,0.2710479835507881f,-1.303155682740093f,-0.05912243937184308f,0f,0f,0f,1f], start_interpolation: 0, interpolation_duration: 1 }
$data merge entity $(bone_left_leg2) { transformation: [-0.9914799885579626f,-0.01802575642460823f,-0.12900583085435707f,0.9945842050026545f,-0.0202562108103446f,0.9996668142597419f,0.015998324643077544f,-2.594014748773673f,0.12867446604788838f,0.018475188039614593f,-0.9915147750861768f,-0.23197958705900504f,0f,0f,0f,1f], start_interpolation: 0, interpolation_duration: 1 }
$data merge entity $(bone_left_leg1) { transformation: [-1.3310453571703504f,-0.012525905226862546f,-0.07706579417146958f,0.6247855022347204f,0f,1.316062975256055f,-0.2139065752564831f,-1.125f,0.07807710889263035f,-0.21353951539751403f,-1.3138046347187777f,-0.13231972895868405f,0f,0f,0f,1f], start_interpolation: 0, interpolation_duration: 1 }
$data merge entity $(bone_tail3) { transformation: [-0.9996850428139997f,0f,-0.02509611870333043f,-0.1307011931065873f,0f,1f,0f,-0.5625f,0.02509611870333043f,0f,-0.9996850428139997f,-3.7789222404588365f,0f,0f,0f,1f], start_interpolation: 0, interpolation_duration: 1 }
$data merge entity $(bone_tail2) { transformation: [-1.5411811076715827f,0f,-0.03868984966763441f,-0.2086066008895927f,0f,1.5416666666666665f,0f,-0.75f,0.03868984966763441f,0f,-1.5411811076715827f,-1.9013757703446708f,0f,0f,0f,1f], start_interpolation: 0, interpolation_duration: 1 }
$data merge entity $(bone_tail1) { transformation: [-0.9992683070856332f,0f,-0.03824722805920241f,-0.043060382690986f,0f,1f,0f,-0.75f,0.03824722805920241f,0f,-0.9992683070856332f,-0.8444340975735858f,0f,0f,0f,1f], start_interpolation: 0, interpolation_duration: 1 }
$data merge entity $(bone_body1) { transformation: [-1.3310453571703504f,0f,-0.07807710889263035f,0.5f,0f,1.3333333333333333f,0f,-1.1875f,0.07807710889263035f,0f,-1.3310453571703504f,-0.12499999999999994f,0f,0f,0f,1f], start_interpolation: 0, interpolation_duration: 1 }
data modify entity @s data merge value {"locators":{"head":{"posx":0.6507232975083772,"posy":-0.38900327826569625,"posz":3.2684409264128997,"roty":335.50730785777847,"rotx":23.206232146661215},"neck":{"posx":0.37016937163982866,"posy":-0.9445656905934341,"posz":2.290938136401693,"roty":348.03528218875954,"rotx":13.09433374861721},"right_arm":{"posx":-0.3744417211757859,"posy":-3.067928363975901,"posz":3.152029749646519,"roty":343.9395618412284,"rotx":0.3914000120039175},"left_arm":{"posx":2.063079407907648,"posy":-2.895566526589336,"posz":2.031116074987443,"roty":348.53200528883224,"rotx":14.838743061035702},"tail1":{"posx":-0.10089955214638241,"posy":-1.5,"posz":-2.591796252117212,"roty":358.5619473379629,"rotx":0},"tail2":{"posx":-0.14481775987721066,"posy":-1.875,"posz":-4.3412450770417115,"roty":358.5619473379629,"rotx":0}},"cameras":{}}