# This file was generated by Animated Java via MC-Build. It is not recommended to edit this file directly.
$data merge entity $(bone_jaw) { transformation: [-0.9760585185171277f,-0.020038897840809547f,-0.21658303489303063f,0.3317084370206117f,-0.08474918049893312f,0.952089311261284f,0.293842678633947f,0.39026392099078006f,0.20031810910376868f,0.30516288430171096f,-0.9309931628157917f,3.4094293400661324f,0f,0f,0f,1f], start_interpolation: 0, interpolation_duration: 1 }
$data merge entity $(bone_head) { transformation: [-1.0980658333317685f,-0.03827356778498664f,-0.24168483543329064f,0.2780006958132138f,-0.09534282806129976f,1.0902578173350956f,0.26052377411089855f,0.4481580930154242f,0.22535787274173977f,0.27476904073916536f,-1.0673990834943585f,3.1722295437340526f,0f,0f,0f,1f], start_interpolation: 0, interpolation_duration: 1 }
$data merge entity $(bone_neck) { transformation: [-0.9936570521049314f,-0.004072846820431913f,-0.11237915607849626f,0.6878485572986102f,-0.018456079277116132f,0.9916992638709856f,0.12724756648149285f,-0.492905687442727f,0.11092806651093551f,0.12851452041120662f,-0.9854841358964755f,2.1795129721257913f,0f,0f,0f,1f], start_interpolation: 0, interpolation_duration: 1 }
$data merge entity $(bone_right_arm2) { transformation: [-0.9882539337527737f,0.005408989740064272f,-0.1527249333021957f,-0.6493424383119248f,0.0048591476493769605f,0.9999803008665495f,0.0039732307970338655f,-1.981847379974814f,0.15274341591796944f,0.0031844479642197717f,-0.9882607490864309f,2.542548572676612f,0f,0f,0f,1f], start_interpolation: 0, interpolation_duration: 1 }
$data merge entity $(bone_right_arm1) { transformation: [-1.1215460026643231f,0.030558478278522455f,-0.1742749272196759f,-0.40992308777419195f,0.03307461434892689f,1.134850203450484f,-0.013859745975621323f,-0.6527092443506726f,0.1738149612024006f,-0.018767047667122894f,-1.1218766260728104f,1.7931388375860302f,0f,0f,0f,1f], start_interpolation: 0, interpolation_duration: 1 }
$data merge entity $(bone_left_arm2) { transformation: [-0.9794536192248318f,-0.17940130933265058f,-0.09211828264307259f,1.3007984021010417f,-0.1912690080082147f,0.971163521871499f,0.14232912689151164f,-1.9101182986963616f,0.06392788407989039f,0.15702415099556224f,-0.9855235368276049f,2.122510806761295f,0f,0f,0f,1f], start_interpolation: 0, interpolation_duration: 1 }
$data merge entity $(bone_left_arm1) { transformation: [-1.1120879634948608f,-0.20369523663811365f,-0.10459263341765532f,0.6959236082770653f,-0.21717001950932707f,1.1026752487915976f,0.16160286282473715f,-0.5973864665046721f,0.0725847850490422f,0.1782878381095446f,-1.118979849106343f,1.6710350371489582f,0f,0f,0f,1f], start_interpolation: 0, interpolation_duration: 1 }
$data merge entity $(bone_body2) { transformation: [-1.573290332499475f,-0.022255277281004997f,-0.17665411611757742f,0.5283437128213756f,-0.029222125522100545f,1.5818893546182713f,0.060963772601479206f,-0.5f,0.17563610530898124f,0.06383742494007612f,-1.5722662580279965f,0.7495408131948442f,0f,0f,0f,1f], start_interpolation: 0, interpolation_duration: 1 }
$data merge entity $(bone_right_leg2) { transformation: [-0.999475215079822f,0.004705938409227946f,-0.0320491588787009f,-1.014539443782168f,0f,0.9893909875390218f,0.14527723075747007f,-2.517908008255998f,0.032392814653000736f,0.14520099145752333f,-0.9888717700686013f,-0.5493112699001892f,0f,0f,0f,1f], start_interpolation: 0, interpolation_duration: 1 }
$data merge entity $(bone_right_leg1) { transformation: [-1.3326336201064293f,0.004887075120497548f,-0.04291303807210069f,-0.6244096169647997f,0f,1.324770277970439f,0.1508691101050964f,-1.125f,0.04319041953733431f,0.15078993627119255f,-1.3240750585058598f,-0.08855808351537411f,0f,0f,0f,1f], start_interpolation: 0, interpolation_duration: 1 }
$data merge entity $(bone_left_leg2) { transformation: [-0.9974216183196876f,-0.013314442807267509f,-0.07051837293406255f,0.9937982351582766f,-0.01399977149987964f,0.9998593680873921f,0.009233116799424484f,-2.5846039125430726f,0.07038552199484407f,0.010196551407836846f,-0.9974677481667769f,-0.3244548105299167f,0f,0f,0f,1f], start_interpolation: 0, interpolation_duration: 1 }
$data merge entity $(bone_left_leg1) { transformation: [-1.3326336201064293f,-0.0038429970734603037f,-0.04301910869955728f,0.6249344018849777f,0f,1.328044788956682f,-0.11863733098303961f,-1.125f,0.04319041953733431f,-0.11857507190076955f,-1.3273478510781165f,-0.12904910183162505f,0f,0f,0f,1f], start_interpolation: 0, interpolation_duration: 1 }
$data merge entity $(bone_tail3) { transformation: [-0.9998561047902838f,0f,-0.016963776513537268f,-0.08028913173211485f,0f,1f,0f,-0.5625f,0.016963776513537268f,0f,-0.9998561047902838f,-3.7946007376636546f,0f,0f,0f,1f], start_interpolation: 0, interpolation_duration: 1 }
$data merge entity $(bone_tail2) { transformation: [-1.541444828218354f,0f,-0.026152488791703284f,-0.17346406386801794f,0f,1.5416666666666665f,0f,-0.75f,0.026152488791703284f,0f,-1.541444828218354f,-1.9177500691176805f,0f,0f,0f,1f], start_interpolation: 0, interpolation_duration: 1 }
$data merge entity $(bone_tail1) { transformation: [-0.9997348695131772f,0f,-0.02302586978749106f,-0.02403221852966153f,0f,1f,0f,-0.75f,0.02302586978749106f,0f,-0.9997348695131772f,-0.858410003983366f,0f,0f,0f,1f], start_interpolation: 0, interpolation_duration: 1 }
$data merge entity $(bone_body1) { transformation: [-1.3326336201064293f,0f,-0.04319041953733431f,0.5f,0f,1.3333333333333333f,0f,-1.1875f,0.04319041953733431f,0f,-1.3326336201064293f,-0.12499999999999994f,0f,0f,0f,1f], start_interpolation: 0, interpolation_duration: 1 }
data modify entity @s data merge value {"locators":{"head":{"posx":0.36639846553634264,"posy":-0.22990840942376745,"posz":3.3160798220718384,"roty":347.2419791285514,"rotx":13.389915751238684},"neck":{"posx":0.20659474331361843,"posy":-0.8899268968430913,"posz":2.309969577214116,"roty":353.4944085826326,"rotx":7.310568501869708},"right_arm":{"posx":-0.6401548322604396,"posy":-2.9835105995117943,"posz":3.0430409627504806,"roty":351.21505650575034,"rotx":0.2276499546725106},"left_arm":{"posx":1.5874747039567807,"posy":-2.940492071013103,"posz":2.4542529314245423,"roty":354.65999786365705,"rotx":8.182645278842386},"tail1":{"posx":-0.06014464712228934,"posy":-1.5,"posz":-2.6072716132251927,"roty":359.0280005787037,"rotx":0},"tail2":{"posx":-0.08983125602097956,"posy":-1.875,"posz":-4.357019796608189,"roty":359.0280005787037,"rotx":0}},"cameras":{}}