# This file was generated by Animated Java via MC-Build. It is not recommended to edit this file directly.
$data merge entity $(bone_jaw) { transformation: [-0.989804160989403f,-0.02517198576574146f,-0.1401930598163594f,0.21058377072476592f,-0.0524763636755149f,0.9794715675114157f,0.1946321651015701f,0.47311149855271517f,0.1324158379630591f,0.20000454887161706f,-0.9708059673730901f,3.361707377178303f,0f,0f,0f,1f], start_interpolation: 0, interpolation_duration: 1 }
$data merge entity $(bone_head) { transformation: [-1.1135296811130784f,-0.034918373161212685f,-0.1563884794221759f,0.1758307752976157f,-0.05903590913495426f,1.1101304063495698f,0.17248258558691748f,0.5114409620164746f,0.1489678177084415f,0.1789306796329606f,-1.100644084694626f,3.117119802801719f,0f,0f,0f,1f], start_interpolation: 0, interpolation_duration: 1 }
$data merge entity $(bone_neck) { transformation: [-0.9973312199327738f,-0.005940216206775556f,-0.0727677921804815f,0.6216840338370604f,-0.011989690221140164f,0.9964789470436861f,0.08298165717257944f,-0.4739004776541513f,0.07201864394589835f,0.08363266066629214f,-0.9938907852445713f,2.1847145158596204f,0f,0f,0f,1f], start_interpolation: 0, interpolation_duration: 1 }
$data merge entity $(bone_right_arm2) { transformation: [-0.9951027519668703f,0.0037446929494474633f,-0.09877494774828077f,-0.7323127714480213f,0.0035020608770171954f,0.9999904101272459f,0.0026296811890520293f,-1.9447710030413874f,0.09878384785770852f,0.0022708871078825216f,-0.9951063232007765f,2.4863546428744208f,0f,0f,0f,1f], start_interpolation: 0, interpolation_duration: 1 }
$data merge entity $(bone_right_arm1) { transformation: [-1.1296165229025557f,0.020852667645426735f,-0.1127061860860056f,-0.46513383283680576f,0.021845960738422952f,1.1351713778807597f,-0.008927697584289192f,-0.6214083907875498f,0.1125178747106398f,-0.011050612508391252f,-1.1297737024635661f,1.7583094981612095f,0f,0f,0f,1f], start_interpolation: 0, interpolation_duration: 1 }
$data merge entity $(bone_left_arm2) { transformation: [-0.9912015253774418f,-0.12020161363327914f,-0.05541757996690429f,1.1547467256579984f,-0.12493625711437645f,0.9879057022798943f,0.09183275592684359f,-1.9061682687040684f,0.043708897809059094f,0.09794843277370335f,-0.9942311787353545f,2.2197370788976833f,0f,0f,0f,1f], start_interpolation: 0, interpolation_duration: 1 }
$data merge entity $(bone_left_arm1) { transformation: [-1.1254267319389701f,-0.13647891547945235f,-0.0629220439207559f,0.6491320448566222f,-0.1418547085986149f,1.1216845994636298f,0.10426844162527031f,-0.5854495951102447f,0.04962781105403584f,0.11121228304514233f,-1.128866650855767f,1.6784194920979438f,0f,0f,0f,1f], start_interpolation: 0, interpolation_duration: 1 }
$data merge entity $(bone_body2) { transformation: [-1.5791077648935588f,-0.016042375390832513f,-0.11448036289745724f,0.5183811665508492f,-0.01898367618347193f,1.582712468277499f,0.04006628560214485f,-0.5f,0.11402951958100574f,0.04133194158530628f,-1.578680899901357f,0.7498069116760737f,0f,0f,0f,1f], start_interpolation: 0, interpolation_duration: 1 }
$data merge entity $(bone_right_leg2) { transformation: [-0.9997793276297986f,0.001983021305946965f,-0.02091324151364376f,-1.008434388917653f,0f,0.9955345474845738f,0.09439790656939709f,-2.5356582569802057f,0.021007047486684853f,0.09437707555961238f,-0.9953148605163631f,-0.5106572005605429f,0f,0f,0f,1f], start_interpolation: 0, interpolation_duration: 1 }
$data merge entity $(bone_right_leg1) { transformation: [-1.333039103506398f,0.0020576776671434606f,-0.02793371194908198f,-0.6247517435835235f,0f,1.3297305090964133f,0.09795177872795799f,-1.125f,0.028009396648913137f,0.09793016347678064f,-1.3294370743132418f,-0.10136707157747948f,0f,0f,0f,1f], start_interpolation: 0, interpolation_duration: 1 }
$data merge entity $(bone_left_leg2) { transformation: [-0.9989217873581638f,-0.009562934932648447f,-0.04542920884899257f,0.9950795706198363f,-0.009850605567445485f,0.9999327983655297f,0.006112636324469886f,-2.5781458465499965f,0.045367701188467384f,0.00655355082032244f,-0.998948858881434f,-0.3644282093016053f,0f,0f,0f,1f], start_interpolation: 0, interpolation_duration: 1 }
$data merge entity $(bone_left_leg1) { transformation: [-1.333039103506398f,-0.0016173044729269784f,-0.027962664874399877f,0.6249724159537249f,0f,1.3311087572931792f,-0.07698866173135914f,-1.125f,0.028009396648913137f,-0.07697167246089624f,-1.3308150183687113f,-0.12762588093583555f,0f,0f,0f,1f], start_interpolation: 0, interpolation_duration: 1 }
$data merge entity $(bone_tail3) { transformation: [-0.9999199022615362f,0f,-0.012656581737572902f,-0.05630351473209261f,0f,1f,0f,-0.5625f,0.012656581737572902f,0f,-0.9999199022615362f,-3.801135759942899f,0f,0f,0f,1f], start_interpolation: 0, interpolation_duration: 1 }
$data merge entity $(bone_tail2) { transformation: [-1.5415431826532013f,0f,-0.019512230178758222f,-0.15756241175683544f,0f,1.5416666666666665f,0f,-0.75f,0.019512230178758222f,0f,-1.5415431826532013f,-1.9247038704853225f,0f,0f,0f,1f], start_interpolation: 0, interpolation_duration: 1 }
$data merge entity $(bone_tail1) { transformation: [-0.9998729938163124f,0f,-0.01593725938812562f,-0.015644949429912902f,0f,1f,0f,-0.75f,0.01593725938812562f,0f,-0.9998729938163124f,-0.8643309719790064f,0f,0f,0f,1f], start_interpolation: 0, interpolation_duration: 1 }
$data merge entity $(bone_body1) { transformation: [-1.333039103506398f,0f,-0.028009396648913137f,0.5f,0f,1.3333333333333333f,0f,-1.1875f,0.028009396648913137f,0f,-1.333039103506398f,-0.12499999999999994f,0f,0f,0f,1f], start_interpolation: 0, interpolation_duration: 1 }
data modify entity @s data merge value {"locators":{"head":{"posx":0.23867111578222716,"posy":-0.15320998195187452,"posz":3.323448337643026,"roty":351.91308125251487,"rotx":8.819250307918738},"neck":{"posx":0.1343419789707745,"posy":-0.863947635052676,"posz":2.3135979382382814,"roty":355.8125565120643,"rotx":4.7599722550962245},"right_arm":{"posx":-0.7488639125212577,"posy":-2.9458573749583454,"posz":2.9878109078580333,"roty":354.3313494418071,"rotx":0.15066980725052231},"left_arm":{"posx":1.3646072246108198,"posy":-2.932181832877736,"posz":2.616172429378591,"roty":356.80968436401736,"rotx":5.269052986512037},"tail1":{"posx":-0.04127382391872479,"posy":-1.5,"posz":-2.6137308760073252,"roty":359.2748119212963,"rotx":0},"tail2":{"posx":-0.06342284195947737,"posy":-1.875,"posz":-4.363590704965013,"roty":359.2748119212963,"rotx":0}},"cameras":{}}