# This file was generated by Animated Java via MC-Build. It is not recommended to edit this file directly.
$data merge entity $(bone_jaw) { transformation: [-0.9988763656004057f,-0.01324714728600593f,-0.04550295961481383f,0.0674139034328361f,-0.01621429481791969f,0.9977227710824795f,0.06547036510556256f,0.5751286317428523f,0.04453204338992424f,0.06613459875345844f,-0.9968164886072244f,3.2901616716629123f,0f,0f,0f,1f], start_interpolation: 0, interpolation_duration: 1 }
$data merge entity $(bone_head) { transformation: [-1.1237359113004564f,-0.015611051045991937f,-0.050979375623599194f,0.056085153294258505f,-0.018241081670159653f,1.123351077160581f,0.05809148286681137f,0.5880378501576993f,0.05009854881366477f,0.058852803904333284f,-1.1223419634315392f,3.0407523464559034f,0f,0f,0f,1f], start_interpolation: 0, interpolation_duration: 1 }
$data merge entity $(bone_neck) { transformation: [-0.9997095209861611f,-0.003302162011003898f,-0.023874031408068933f,0.5400508104049747f,-0.003959439759316749f,0.9996129589235326f,0.02753643384558121f,-0.44969784631936127f,0.023773861411489745f,0.027622962878605384f,-0.9993356670485619f,2.187555788214684f,0f,0f,0f,1f], start_interpolation: 0, interpolation_duration: 1 }
$data merge entity $(bone_right_arm2) { transformation: [-0.9994732714966127f,0.0013307832731946573f,-0.0324254310648012f,-0.8294501334590338f,0.0013026646874197865f,0.9999987570048683f,0.0008882867950590289f,-1.8982058205473162f,0.03242657287735691f,0.0008455794450624096f,-0.9994737627205785f,2.4127629240495256f,0f,0f,0f,1f], start_interpolation: 0, interpolation_duration: 1 }
$data merge entity $(bone_right_arm1) { transformation: [-1.1347905708235129f,0.007273881589365797f,-0.0369926744249931f,-0.5310656555358675f,0.007372953208362812f,1.135388969269489f,-0.002921466515049445f,-0.5820917894303491f,0.03697305607434887f,-0.0031600715553841414f,-1.13481012245077f,1.7117804728773733f,0f,0f,0f,1f], start_interpolation: 0, interpolation_duration: 1 }
$data merge entity $(bone_left_arm2) { transformation: [-0.9990237967703277f,-0.040993159479396184f,-0.016462513857114558f,0.9684152665266108f,-0.041472623803430836f,0.9986914381641201f,0.02992378339282233f,-1.8885980455193734f,0.015214301214909633f,0.030577315342885124f,-0.9994166062383412f,2.3273694331751322f,0f,0f,0f,1f], start_interpolation: 0, interpolation_duration: 1 }
$data merge entity $(bone_left_arm1) { transformation: [-1.1343082692496427f,-0.04654431649223108f,-0.01869181260859882f,0.5910988299424097f,-0.04708870827681209f,1.1339309037488445f,0.03397596239393368f,-0.5702031267849725f,0.01727457117109531f,0.03471799346223415f,-1.1347542716664498f,1.6851577119034684f,0f,0f,0f,1f], start_interpolation: 0, interpolation_duration: 1 }
$data merge entity $(bone_body2) { transformation: [-1.5828734082280884f,-0.005947773037555576f,-0.03769405741935598f,0.5060633545783577f,-0.006269112952251519f,1.583263943945312f,0.01343229205952742f,-0.5f,0.037641947234858766f,0.01357763761021254f,-1.5828275888452723f,0.749978991594231f,0f,0f,0f,1f], start_interpolation: 0, interpolation_duration: 1 }
$data merge entity $(bone_right_leg2) { transformation: [-0.9999759903934067f,0.00021605057632801056f,-0.006926179240669272f,-1.0023704045040138f,0f,0.9995138429174756f,0.031178162491399593f,-2.554498714030962f,0.006929548089551702f,0.031177413915983873f,-0.9994898449833225f,-0.46186658227594035f,0f,0f,0f,1f], start_interpolation: 0, interpolation_duration: 1 }
$data merge entity $(bone_right_leg1) { transformation: [-1.333301320524542f,0.00022406679588479387f,-0.009236680104918599f,-0.6249729891925826f,0f,1.332941194079534f,0.03233497956708597f,-1.125f,0.009239397452735602f,0.03233420321694736f,-1.3329091906858521f,-0.11720425839925427f,0f,0f,0f,1f], start_interpolation: 0, interpolation_duration: 1 }
$data merge entity $(bone_left_leg2) { transformation: [-0.9998835857555096f,-0.003527792669801133f,-0.014844851484041197f,0.9980127183046794f,-0.003558926659236148f,0.9999915216405901f,0.0020713975888555017f,-2.5681937637953283f,0.014837418162824724f,0.002123988186369115f,-0.9998876635384826f,-0.41350925903523184f,0f,0f,0f,1f], start_interpolation: 0, interpolation_duration: 1 }
$data merge entity $(bone_left_leg1) { transformation: [-1.333301320524542f,-0.00017605908745139005f,-0.009237719874911931f,0.6249969987991758f,0f,1.333091242824401f,-0.025407008534488715f,-1.125f,0.009239397452735602f,-0.025406398522209092f,-1.3330592358281077f,-0.1258661935111939f,0f,0f,0f,1f], start_interpolation: 0, interpolation_duration: 1 }
$data merge entity $(bone_tail3) { transformation: [-0.9999849914204499f,0f,-0.005478771198249484f,-0.021884207480662388f,0f,1f,0f,-0.5625f,0.005478771198249484f,0f,-0.9999849914204499f,-3.8088983969285506f,0f,0f,0f,1f], start_interpolation: 0, interpolation_duration: 1 }
$data merge entity $(bone_tail2) { transformation: [-1.5416435284398602f,0f,-0.00844643893063462f,-0.13660963541150084f,0f,1.5416666666666665f,0f,-0.75f,0.00844643893063462f,0f,-1.5416435284398602f,-1.9332416916154256f,0f,0f,0f,1f], start_interpolation: 0, interpolation_duration: 1 }
$data merge entity $(bone_tail1) { transformation: [-0.9999817063209697f,0f,-0.006048720807070635f,-0.005185156263867063f,0f,1f,0f,-0.75f,0.006048720807070635f,0f,-0.9999817063209697f,-0.8715172187502791f,0f,0f,0f,1f], start_interpolation: 0, interpolation_duration: 1 }
$data merge entity $(bone_body1) { transformation: [-1.333301320524542f,0f,-0.009239397452735602f,0.5f,0f,1.3333333333333333f,0f,-1.1875f,0.009239397452735602f,0f,-1.333301320524542f,-0.12499999999999994f,0f,0f,0f,1f], start_interpolation: 0, interpolation_duration: 1 }
data modify entity @s data merge value {"locators":{"head":{"posx":0.07891889710414268,"posy":-0.05218260461673774,"posz":3.3198180007955904,"roty":357.3992803853763,"rotx":2.959891282281575},"neck":{"posx":0.044418614592029226,"posy":-0.829974480026042,"posz":2.314001066222022,"roty":358.6314697406477,"rotx":1.5779208961688573},"right_arm":{"posx":-0.8770352806683662,"posy":-2.8985673044067504,"posz":2.9136808867695874,"roty":358.1418332053979,"rotx":0.05089509104724393},"left_arm":{"posx":1.0800786702327096,"posy":-2.8996593363921903,"posz":2.7955495271254858,"roty":359.0563021838735,"rotx":1.7147624695247676},"tail1":{"posx":-0.015378166682741112,"posy":-1.5,"posz":-2.621416219616766,"roty":359.686087962963,"rotx":0},"tail2":{"posx":-0.024966016279677723,"posy":-1.875,"posz":-4.371389954602554,"roty":359.686087962963,"rotx":0}},"cameras":{}}