# This file was generated by Animated Java via MC-Build. It is not recommended to edit this file directly.
$data merge entity $(bone_jaw) { transformation: [-0.99265761423735f,0.10457398102053152f,0.06078769110708118f,1.5156891737755174f,0.12026503683439083f,0.9070026130076806f,0.40358714165897575f,1.6619970880669308f,-0.012929880580849817f,0.4079344830861409f,-0.9129196436145998f,2.1926160703471513f,0f,0f,0f,1f], start_interpolation: 0, interpolation_duration: 1 }
$data merge entity $(bone_head) { transformation: [-1.1167398160170188f,0.13451564532283913f,0.020560264727264972f,1.5202581214926874f,0.1352981664386897f,1.1157640868605467f,0.04888669175326767f,1.6728607973454348f,-0.014546115653456045f,0.05100042779850475f,-1.1237492455542586f,1.9428940157795382f,0f,0f,0f,1f], start_interpolation: 0, interpolation_duration: 1 }
$data merge entity $(bone_neck) { transformation: [-0.7964099667301004f,-0.14931585156458732f,-0.5860340786716267f,1.6009585082244149f,0.1400360552995168f,0.8971706711199257f,-0.4188969922288449f,0.30924512544481897f,0.5883205487734651f,-0.4156796402925748f,-0.6936060614910489f,1.5268384342421892f,0f,0f,0f,1f], start_interpolation: 0, interpolation_duration: 1 }
$data merge entity $(bone_right_arm2) { transformation: [-0.7221698949926956f,0.36747068100970537f,-0.5860340786716267f,0.17533542875973074f,0.6582204224627699f,0.6255167346718709f,-0.4188969922288449f,-0.19086654588374158f,0.21264176028986354f,-0.6882543957314793f,-0.6936060614910489f,3.3037245533682884f,0f,0f,0f,1f], start_interpolation: 0, interpolation_duration: 1 }
$data merge entity $(bone_right_arm1) { transformation: [-0.8199637349396229f,0.4172323357297696f,-0.6653928601584094f,0.48042036068344307f,0.7473544380046032f,0.7102221258253533f,-0.4756226265931676f,0.1364386041961424f,0.2414369986624492f,-0.781455511820117f,-0.7875318823179617f,1.8570859416050434f,0f,0f,0f,1f], start_interpolation: 0, interpolation_duration: 1 }
$data merge entity $(bone_left_arm2) { transformation: [-0.3723951941106178f,-0.6992432821809467f,0.6102299990398148f,1.990978754936994f,0.44698927091966556f,-0.711369807643387f,-0.542359279865401f,1.145758772261199f,0.813340280009555f,0.07079427306094427f,0.5774649424993272f,0.4511318553711323f,0f,0f,0f,1f], start_interpolation: 0, interpolation_duration: 1 }
$data merge entity $(bone_left_arm1) { transformation: [-0.4228237099797639f,-0.7939324766429497f,0.6928653114097896f,1.3763815732548061f,0.5075190680233702f,-0.8077011357617622f,-0.6158037656805073f,-0.021101958015813993f,0.9234801095941821f,0.08038099753794713f,0.6556633201294444f,1.1952253242348951f,0f,0f,0f,1f], start_interpolation: 0, interpolation_duration: 1 }
$data merge entity $(bone_body2) { transformation: [-1.2609824473226592f,-0.23641676497726327f,-0.9278872912300757f,0.7678667608567381f,0.22172375422423493f,1.4205202292732158f,-0.6632535710290045f,-0.34899246782914095f,0.9315075355579865f,-0.6581594304632435f,-1.0982095973608275f,0.5557596983670925f,0f,0f,0f,1f], start_interpolation: 0, interpolation_duration: 1 }
$data merge entity $(bone_right_leg2) { transformation: [-0.9788189037236743f,-0.012411642092361397f,-0.204351424887999f,-0.6927650083727231f,-0.0041812373007553555f,0.9991643578639242f,-0.040658372188356606f,-2.4838292591761153f,0.20468529739045538f,-0.03894274149239224f,-0.9780528574250155f,0.940306297496872f,0f,0f,0f,1f], start_interpolation: 0, interpolation_duration: 1 }
$data merge entity $(bone_right_leg1) { transformation: [-1.2407379104885983f,-0.2793470350623273f,-0.4003903710830863f,-0.5511370000017781f,9.25185853854297e-18f,1.0934963057894989f,-0.7629178245410815f,-1.126094689369996f,0.48820816795109506f,-0.7099358006217065f,-1.0175567411791981f,0.27608807642922384f,0f,0f,0f,1f], start_interpolation: 0, interpolation_duration: 1 }
$data merge entity $(bone_left_leg2) { transformation: [-0.9305534328664488f,2.7755575615628914e-17f,-0.36615612596332126f,0.7978340554574422f,6.938893903907228e-18f,1f,6.938893903907228e-17f,-2.528042135351644f,0.3661561259633213f,2.7755575615628914e-17f,-0.9305534328664486f,-0.7336187870904669f,0f,0f,0f,1f], start_interpolation: 0, interpolation_duration: 1 }
$data merge entity $(bone_left_leg1) { transformation: [-1.2407379104885983f,0.04568729914598866f,-0.4860657218431573f,0.6120547910812829f,9.25185853854297e-18f,1.3274821514029445f,0.12477546026518005f,-1.126094689369996f,0.48820816795109506f,0.11611023288725442f,-1.235293073056949f,-0.18160708102492779f,0f,0f,0f,1f], start_interpolation: 0, interpolation_duration: 1 }
$data merge entity $(bone_tail3) { transformation: [-0.3058441137779016f,-0.06823020843237024f,-0.9496336223642701f,-2.7608887998527614f,0.14483943453244907f,0.9824849700800641f,-0.11723831187413107f,-1.134881346591193f,0.940999955511014f,-0.17340104447220306f,-0.2906048201668697f,-2.1481241539464673f,0f,0f,0f,1f], start_interpolation: 0, interpolation_duration: 1 }
$data merge entity $(bone_tail2) { transformation: [-0.47150967540759825f,-0.10518823799990411f,-1.4640185011449163f,-1.005763108060923f,0.22329412823752565f,1.514664328873432f,-0.18074239747261872f,-1.0811705144006531f,1.4507082647461464f,-0.2673266102279797f,-0.4480157644239241f,-1.4531024258561716f,0f,0f,0f,1f], start_interpolation: 0, interpolation_duration: 1 }
$data merge entity $(bone_tail1) { transformation: [-0.7941988693866109f,-0.06823020843237024f,-0.6038151989825233f,-0.2649346004686657f,0.05170364155949412f,0.9824849700800641f,-0.17902518542446194f,-0.8974192100820991f,0.6054542834223872f,-0.17340104447220306f,-0.7767607021866082f,-0.7034759652106986f,0f,0f,0f,1f], start_interpolation: 0, interpolation_duration: 1 }
$data merge entity $(bone_body1) { transformation: [-1.2407379104885983f,-0.09097361124316031f,-0.47965718728227447f,0.5f,9.25185853854297e-18f,1.309979960106752f,-0.24845579465267056f,-1.1875f,0.48820816795109506f,-0.23120139262960407f,-1.2190063488635916f,-0.12499999999999994f,0f,0f,0f,1f], start_interpolation: 0, interpolation_duration: 1 }
data modify entity @s data merge value {"locators":{"head":{"posx":1.4398160227779808,"posy":1.039412223602557,"posz":2.2267130129898853,"roty":1.048174207199736,"rotx":2.490563017021671},"neck":{"posx":1.3320012290300383,"posy":0.0951862754532109,"posz":2.0635793314250184,"roty":319.8052285318298,"rotx":-24.764969568388274},"right_arm":{"posx":0.055746168648795225,"posy":-0.5657960080372668,"posz":4.352072089863409,"roty":319.8052285318298,"rotx":-24.76496956838828},"left_arm":{"posx":2.4083817372299468,"posy":2.100371390404807,"posz":0.04077134355992723,"roty":133.41977651948213,"rotx":-32.84439012672037},"tail1":{"posx":-1.5692330528898433,"posy":-1.9167405106907225,"posz":-1.640467450805619,"roty":287.0150448067376,"rotx":-6.732744355248803},"tail2":{"posx":-3.2055055638651773,"posy":-2.490339420250476,"posz":-2.084000494420565,"roty":287.0150448067376,"rotx":-6.732744355248803}},"cameras":{}}