# This file was generated by Animated Java via MC-Build. It is not recommended to edit this file directly.
$data merge entity $(bone_jaw) { transformation: [-0.9985343049099559f,0.05391624539129508f,-0.0047202119546639245f,0.2681234429937902f,0.05340185042985213f,0.9956695370176117f,0.07609477922829089f,0.7946518999964987f,0.008802516041394162f,0.07573117943119784f,-0.9970894163380236f,3.1865810226777986f,0f,0f,0f,1f], start_interpolation: 0, interpolation_duration: 1 }
$data merge entity $(bone_head) { transformation: [-1.1233510930237003f,0.06028879996318637f,-0.008519530588984334f,0.2662302139740159f,0.06007708173358364f,1.123091919546446f,0.02608226408607594f,0.8004479586822933f,0.009902830546568432f,0.025589076741422266f,-1.1246653427125277f,2.9366553909639035f,0f,0f,0f,1f], start_interpolation: 0, interpolation_duration: 1 }
$data merge entity $(bone_neck) { transformation: [-0.9956240021469838f,0.008141692549196524f,-0.093094356387792f,0.6797525021489055f,0.014304228863494887f,0.9977354176250686f,-0.06572233602931937f,-0.3201974349999114f,0.0923484454955449f,-0.0667663782076306f,-0.9934857902132229f,2.154213240513495f,0f,0f,0f,1f], start_interpolation: 0, interpolation_duration: 1 }
$data merge entity $(bone_right_arm2) { transformation: [-0.9905803636115095f,0.10041904219834226f,-0.093094356387792f,-0.803016876392124f,0.10675079928308324f,0.9921113049447992f,-0.06572233602931937f,-1.6861796439941696f,0.08576018936378664f,-0.075041152474462f,-0.9934857902132229f,2.5722494185923592f,0f,0f,0f,1f], start_interpolation: 0, interpolation_duration: 1 }
$data merge entity $(bone_right_arm1) { transformation: [-1.1247214545172346f,0.11401745416270109f,-0.10570088381530549f,-0.42566288989481016f,0.12120663668600075f,1.1264597108227405f,-0.07462223569995637f,-0.46257728705024126f,0.09737354834013273f,-0.08520297520537871f,-1.1280203243045968f,1.7639363660218537f,0f,0f,0f,1f], start_interpolation: 0, interpolation_duration: 1 }
$data merge entity $(bone_left_arm2) { transformation: [-0.9847132823763813f,-0.027268425767070854f,-0.17203541631803318f,1.156201170801094f,0.03926880453420172f,0.9274891161809736f,-0.37178206029378463f,-1.4526703444741622f,0.16969888774528813f,-0.37285435805689915f,-0.9122400534815327f,2.723549844137197f,0f,0f,0f,1f], start_interpolation: 0, interpolation_duration: 1 }
$data merge entity $(bone_left_arm1) { transformation: [-1.1180598726981827f,-0.03096102508969503f,-0.1953318789444335f,0.6944141125205464f,0.0445864551482082f,1.0530866006638138f,-0.4221275476252346f,-0.47866954452167304f,0.19267894546079586f,-0.4233450523771042f,-1.0357725607238235f,1.6600443648393657f,0f,0f,0f,1f], start_interpolation: 0, interpolation_duration: 1 }
$data merge entity $(bone_body2) { transformation: [-1.5764046700660577f,0.012891013202894498f,-0.147399397614004f,0.5454205090571297f,0.02264836236720024f,1.5797477445730255f,-0.10406036537975569f,-0.47703175664362474f,0.14621837203461277f,-0.10571343216208179f,-1.573019167837603f,0.7302503157199638f,0f,0f,0f,1f], start_interpolation: 0, interpolation_duration: 1 }
$data merge entity $(bone_right_leg2) { transformation: [-0.9994190283330453f,0.01132849410904424f,-0.03214453339298682f,-1.0079235468970351f,0.01149898129367588f,0.9999207565687787f,-0.005123866911718178f,-2.5840924357448407f,0.032083940453740814f,-0.005490519478397127f,-0.9994700970818577f,-0.23439442573104424f,0f,0f,0f,1f], start_interpolation: 0, interpolation_duration: 1 }
$data merge entity $(bone_right_leg1) { transformation: [-1.3314570053432602f,-0.0060890846366095305f,-0.07044816355607364f,-0.623504770184633f,0f,1.3283805615075024f,-0.11481664333532107f,-1.125021992087849f,0.07071082449056224f,-0.11465506807410886f,-1.3265112032857334f,-0.06699327711631972f,0f,0f,0f,1f], start_interpolation: 0, interpolation_duration: 1 }
$data merge entity $(bone_left_leg2) { transformation: [-0.9985927540074452f,5.421010862427522e-19f,-0.05303311836792168f,0.9816258724291818f,0f,1f,8.673617379884035e-18f,-2.558250496600345f,0.05303311836792168f,1.9081958235744878e-17f,-0.9985927540074453f,-0.4842452082023676f,0f,0f,0f,1f], start_interpolation: 0, interpolation_duration: 1 }
$data merge entity $(bone_left_leg1) { transformation: [-1.3314570053432602f,0.0009379163906645439f,-0.07070460390228644f,0.6247361723246735f,0f,1.3332160370387305f,0.01768548445817707f,-1.125021992087849f,0.07071082449056224f,0.017660596631046924f,-1.331339874113398f,-0.13328467507622183f,0f,0f,0f,1f], start_interpolation: 0, interpolation_duration: 1 }
$data merge entity $(bone_tail3) { transformation: [-0.9840119709499804f,-0.0014067508201148838f,-0.17809677728489387f,-0.47382127088651227f,0.0033337620038120155f,0.9996481265944145f,-0.026315566252302667f,-0.6604022869629772f,0.17807112920975404f,-0.026488564483706883f,-0.9836610335341924f,-3.776305257344771f,0f,0f,0f,1f], start_interpolation: 0, interpolation_duration: 1 }
$data merge entity $(bone_tail2) { transformation: [-1.517018455214553f,-0.0021687408476771123f,-0.27456586498087804f,-0.26262754406731226f,0.005139549755876857f,1.5411241951663888f,-0.040569831305633276f,-0.7980779037258859f,0.2745263241983708f,-0.04083653691238144f,-1.5164774266985466f,-1.9047153224762459f,0f,0f,0f,1f], start_interpolation: 0, interpolation_duration: 1 }
$data merge entity $(bone_tail1) { transformation: [-0.9956931364929966f,-0.0014067508201148838f,-0.09269950912960026f,-0.039672673555487425f,0.001055279743498901f,0.9996481265944145f,-0.026504893528183672f,-0.7700483643201281f,0.09270417641833456f,-0.026488564483706883f,-0.9953412940424962f,-0.8587532196083856f,0f,0f,0f,1f], start_interpolation: 0, interpolation_duration: 1 }
$data merge entity $(bone_body1) { transformation: [-1.3314570053432602f,-0.0018756677601531784f,-0.070685943231937f,0.5f,0f,1.3328641687925527f,-0.03536785725366131f,-1.1875f,0.07071082449056224f,-0.03531808597827584f,-1.3309885010323994f,-0.12499999999999994f,0f,0f,0f,1f], start_interpolation: 0, interpolation_duration: 1 }
data modify entity @s data merge value {"locators":{"head":{"posx":0.23510297249140802,"posy":0.16926293002146897,"posz":3.2348462768610378,"roty":359.56598306084004,"rotx":1.3284778315621535},"neck":{"posx":0.1905241609179389,"posy":-0.6789808101738997,"posz":2.3496105788657817,"roty":354.6467439396204,"rotx":-3.768328637453482},"right_arm":{"posx":-0.9188000131222896,"posy":-2.6387578559691165,"posz":3.1493934780086694,"roty":354.6467439396204,"rotx":-3.768328637453482},"left_arm":{"posx":1.3310318848757052,"posy":-2.196722730791631,"posz":3.541918048450782,"roty":349.32026396337915,"rotx":-21.82556360854347},"tail1":{"posx":-0.2610125189668431,"posy":-1.5663226707206315,"posz":-2.5833747508194422,"roty":349.73748541226803,"rotx":-1.5079449601649493},"tail2":{"posx":-0.5721543476578643,"posy":-1.9872429591350667,"posz":-4.294848347822889,"roty":349.73748541226803,"rotx":-1.5079449601649493}},"cameras":{}}