# This file was generated by Animated Java via MC-Build. It is not recommended to edit this file directly.
$data merge entity $(bone_jaw) { transformation: [-0.9985639663498976f,0.031519784070160525f,0.04331868326404992f,-1.01249254251054f,0.04798928520614962f,0.885700335712971f,0.4617704449435167f,1.680388880543156f,-0.023812467595011266f,0.46318615969186855f,-0.8859410521343595f,1.705135223524523f,0f,0f,0f,1f], start_interpolation: 0, interpolation_duration: 1 }
$data merge entity $(bone_head) { transformation: [-1.1233844621436349f,0.05072869918970719f,0.03254150108364111f,-1.0052610978252865f,0.053987945856918323f,1.1170124805671349f,0.12244762128929662f,1.7075994630518885f,-0.026789026044387675f,0.1238334257612894f,-1.117842847071008f,1.4567257019531878f,0f,0f,0f,1f], start_interpolation: 0, interpolation_duration: 1 }
$data merge entity $(bone_neck) { transformation: [-0.7879906783897042f,0.3111898004630086f,0.5312547400811845f,-0.5102604453064188f,0.03684246807839672f,0.8851512695149116f,-0.4638424976455183f,0.37183297581611263f,-0.6145838619072472f,-0.3459308285827288f,-0.7089559496324442f,1.5555424291995998f,0f,0f,0f,1f], start_interpolation: 0, interpolation_duration: 1 }
$data merge entity $(bone_right_arm2) { transformation: [-0.4181360068366444f,0.5799988523844246f,-0.6991163072189462f,-1.5320454307907463f,-0.318582743989957f,-0.8143742326010961f,-0.48507694699625253f,1.3712124144892865f,-0.8506863787663086f,0.019898253896413975f,0.5252968155941349f,-0.061787057644713705f,0f,0f,0f,1f], start_interpolation: 0, interpolation_duration: 1 }
$data merge entity $(bone_right_arm1) { transformation: [-0.4747585910957733f,0.6585403636448154f,-0.7937883071548452f,-1.1207718961127633f,-0.36172415723859697f,-0.9246540765991611f,-0.5507644502353283f,0.06841294063728598f,-0.9658834925575794f,0.022592809111553366f,0.5964307593725072f,0.5913104546797687f,0f,0f,0f,1f], start_interpolation: 0, interpolation_duration: 1 }
$data merge entity $(bone_left_arm2) { transformation: [-0.8156434740392974f,-0.2291159627751401f,0.5312547400811845f,-0.04391672995050849f,-0.5063231908989396f,0.7269710886520065f,-0.4638424976455183f,-0.45006667551945645f,-0.27993311632427886f,-0.6473167013647473f,-0.7089559496324442f,2.707206784090295f,0f,0f,0f,1f], start_interpolation: 0, interpolation_duration: 1 }
$data merge entity $(bone_left_arm1) { transformation: [-0.9260951944821187f,-0.26014208273427364f,0.6031954861338448f,-0.23428238292434606f,-0.5748877896665043f,0.825415090240299f,-0.5266545025350156f,0.026965164049089663f,-0.3178407258265249f,-0.7349741713412233f,-0.804960401145171f,1.282717299325422f,0f,0f,0f,1f], start_interpolation: 0, interpolation_duration: 1 }
$data merge entity $(bone_body2) { transformation: [-1.2476519074503651f,0.49271718406643034f,0.8411533384618755f,0.2339688810313459f,0.058333907790794816f,1.4014895100652769f,-0.7344172879387374f,-0.350262568894002f,-0.9730911146864749f,-0.547723811922654f,-1.1225135869180367f,0.5580389283893818f,0f,0f,0f,1f], start_interpolation: 0, interpolation_duration: 1 }
$data merge entity $(bone_right_leg2) { transformation: [-0.9318179694207724f,-6.938893903907228e-18f,0.3629259867583864f,-0.732241390201946f,6.938893903907228e-18f,1f,2.7755575615628914e-17f,-2.528407975034191f,-0.3629259867583864f,4.163336342344337e-17f,-0.9318179694207726f,-1.094275672673126f,0f,0f,0f,1f], start_interpolation: 0, interpolation_duration: 1 }
$data merge entity $(bone_right_leg1) { transformation: [-1.2424239592276964f,-0.04486643733713509f,0.4818168595176239f,-0.5441071058726983f,9.25185853854297e-18f,1.327589858806081f,0.12362420706733353f,-1.1260745820402909f,-0.4839013156778485f,0.11519525760073586f,-1.2370720864562927f,-0.5440447702747442f,0f,0f,0f,1f], start_interpolation: 0, interpolation_duration: 1 }
$data merge entity $(bone_left_leg2) { transformation: [-0.9792159486717774f,0.011298267336668916f,0.2025054938070081f,0.7673774327372274f,0.0031935439692308276f,0.9991823444993848f,-0.040304388317270345f,-2.4869793428465146f,-0.2027952838301415f,-0.03881998964324812f,-0.9784513688785716f,0.5661957608724781f,0f,0f,0f,1f], start_interpolation: 0, interpolation_duration: 1 }
$data merge entity $(bone_left_leg1) { transformation: [-1.2424239592276964f,0.2746412798102336f,0.39841266387873486f,0.6206653559032673f,9.25185853854297e-18f,1.0977793776557898f,-0.7567418422232541f,-1.1260745820402909f,-0.4839013156778485f,-0.7051456467962073f,-1.0229305505592174f,-0.09038728682676117f,0f,0f,0f,1f], start_interpolation: 0, interpolation_duration: 1 }
$data merge entity $(bone_tail3) { transformation: [-0.31682092664942013f,0.06700975561073147f,0.946115317014788f,2.693930492211721f,-0.1425528091667142f,0.9828066873553447f,-0.1173444156672661f,-1.1088872719153946f,-0.9377116811876032f,-0.1720485627449524f,-0.3018212965012824f,-2.454133894662075f,0f,0f,0f,1f], start_interpolation: 0, interpolation_duration: 1 }
$data merge entity $(bone_tail2) { transformation: [-0.488432261917856f,0.10330670656654434f,1.4585944470644647f,0.867797327800804f,-0.2197689141320177f,1.515160309672823f,-0.18090597415370188f,-1.090961847564237f,-1.445638841830888f,-0.2652415342318016f,-0.4653078321061437f,-1.9731738183559426f,0f,0f,0f,1f], start_interpolation: 0, interpolation_duration: 1 }
$data merge entity $(bone_tail1) { transformation: [-0.7978233957292049f,0.06700975561073147f,0.5991556741616577f,0.33092234847019336f,-0.05076907863259638f,0.9828066873553447f,-0.17752046626913476f,-0.8960002173242069f,-0.600749806393575f,-0.1720485627449524f,-0.7807041450994598f,-1.0685819383885697f,0f,0f,0f,1f], start_interpolation: 0, interpolation_duration: 1 }
$data merge entity $(bone_body1) { transformation: [-1.2424239592276964f,0.08934634081430862f,0.4755814490682392f,0.5f,9.25185853854297e-18f,1.3104089164737929f,-0.24618336540830255f,-1.1875f,-0.4839013156778485f,-0.22939808365993652f,-1.2210625756594844f,-0.12499999999999994f,0f,0f,0f,1f], start_interpolation: 0, interpolation_duration: 1 }
data modify entity @s data merge value {"locators":{"head":{"posx":-1.0424830143428019,"posy":1.0530237457120089,"posz":1.698441256272196,"roty":1.6674653835406446,"rotx":6.248585278852314},"neck":{"posx":-1.087358802185047,"posy":0.11630279599290894,"posz":1.466594052668555,"roty":36.84598266652793,"rotx":-27.635336177149615},"right_arm":{"posx":-1.788619629992988,"posy":2.4082136990891367,"posz":-0.3975016180110894,"roty":233.0798043721545,"rotx":-29.017513889022798},"left_arm":{"posx":-0.029450420088504514,"posy":-0.9134713159175201,"posz":3.726497280041532,"roty":36.84598266652793,"rotx":-27.63533617714961},"tail1":{"posx":1.5075969073715996,"posy":-1.8909220477061517,"posz":-1.9344255774934096,"roty":72.30673941954433,"rotx":-6.738865908528357},"tail2":{"posx":3.1381700537934543,"posy":-2.464827282882122,"posz":-2.3980946353412964,"roty":72.30673941954433,"rotx":-6.738865908528357}},"cameras":{}}