# This file was generated by Animated Java via MC-Build. It is not recommended to edit this file directly.
$data merge entity $(bone_jaw) { transformation: [-0.9992803220811834f,0.01847114433230218f,0.033130872738001166f,-0.9991435692403929f,0.031185679788949122f,0.8972806211661025f,0.4403577412239668f,1.6374189530277832f,-0.021593778674134367f,0.44107403426956365f,-0.8972109033085499f,1.8011470977456885f,0f,0f,0f,1f], start_interpolation: 0, interpolation_duration: 1 }
$data merge entity $(bone_head) { transformation: [-1.1241903623413314f,0.03236770804577907f,0.027809363436249186f,-0.9929637106990042f,0.035083889762567766f,1.1183968443508572f,0.11654449461545628f,1.6633177296089956f,-0.024293001008401163f,0.11732787401937922f,-1.1186013678161217f,1.5525690160087726f,0f,0f,0f,1f], start_interpolation: 0, interpolation_duration: 1 }
$data merge entity $(bone_neck) { transformation: [-0.8085314610668246f,0.28701467306752715f,0.5137114500467032f,-0.4762605171368932f,0.03782409588705099f,0.8965293211464044f,-0.4413666436140076f,0.33323288001103424f,-0.5872360804952921f,-0.33742814608255156f,-0.7357282324308475f,1.6069252726190661f,0f,0f,0f,1f], start_interpolation: 0, interpolation_duration: 1 }
$data merge entity $(bone_right_arm2) { transformation: [-0.46566548887925613f,0.649853339501818f,-0.600704827352984f,-1.6998147081962107f,-0.292226846192299f,-0.7536338819345243f,-0.5887609382124479f,1.3432682205657493f,-0.8353197728004205f,-0.09862357293585688f,0.5408458819571615f,0.15387580577034565f,0f,0f,0f,1f], start_interpolation: 0, interpolation_duration: 1 }
$data merge entity $(bone_right_arm1) { transformation: [-0.5287243571649887f,0.7378543125593557f,-0.6820502727237006f,-1.1143463036304837f,-0.3317992316141728f,-0.8556884701131576f,-0.6684889819287168f,0.040671494940721586f,-0.9484359920338106f,-0.11197884843758749f,0.6140854284721937f,0.6573013391377135f,0f,0f,0f,1f], start_interpolation: 0, interpolation_duration: 1 }
$data merge entity $(bone_left_arm2) { transformation: [-0.8255853397681413f,-0.23347246700807436f,0.5137114500467032f,0.006502999788227326f,-0.4876527543774648f,0.7532531294677624f,-0.4413666436140076f,-0.5346942921310611f,-0.2839077982514654f,-0.6148986340009108f,-0.7357282324308475f,2.7195307335709034f,0f,0f,0f,1f], start_interpolation: 0, interpolation_duration: 1 }
$data merge entity $(bone_left_arm1) { transformation: [-0.9373833545284103f,-0.26508853024875106f,0.5832765422405275f,-0.20474840993030607f,-0.5536890648660797f,0.8552561574165217f,-0.5011350432700711f,-0.0018806129322108123f,-0.3223536459313513f,-0.6981661573552007f,-0.8353580972391913f,1.317941929694917f,0f,0f,0f,1f], start_interpolation: 0, interpolation_duration: 1 }
$data merge entity $(bone_body2) { transformation: [-1.2801748133558057f,0.45443989902358467f,0.8133764625739467f,0.24426127523852204f,0.059888151821164075f,1.419504758481807f,-0.6988305190555122f,-0.357264752755752f,-0.9297904607842126f,-0.5342612312973734f,-1.1649030346821754f,0.5704051976298823f,0f,0f,0f,1f], start_interpolation: 0, interpolation_duration: 1 }
$data merge entity $(bone_right_leg2) { transformation: [-0.9385457444821017f,-3.469446951953614e-17f,0.3451548717815489f,-0.7529389716275153f,-3.469446951953614e-18f,0.9999999999999999f,8.326672684688674e-17f,-2.5303966002552274f,-0.3451548717815489f,1.249000902703301e-16f,-0.9385457444821017f,-1.063881315539751f,0f,0f,0f,1f], start_interpolation: 0, interpolation_duration: 1 }
$data merge entity $(bone_right_leg1) { transformation: [-1.2513943259761355f,-0.040492199239270554f,0.4584216405158882f,-0.5520825417474771f,-4.625929269271485e-18f,1.3281621613790422f,0.11731602984557717f,-1.1259677145135043f,-0.46020649570873184f,0.11010646057110174f,-1.2465409445444506f,-0.5235816769408456f,0f,0f,0f,1f], start_interpolation: 0, interpolation_duration: 1 }
$data merge entity $(bone_left_leg2) { transformation: [-0.9812909048570629f,0.005511893157111758f,0.19245201760083297f,0.794855078175457f,-0.001905025541767344f,0.9992632139055255f,-0.0383327563956084f,-2.503468898155334f,-0.1925215076880813f,-0.03798221121820616f,-0.9805574030664823f,0.5218546133713378f,0f,0f,0f,1f], start_interpolation: 0, interpolation_duration: 1 }
$data merge entity $(bone_left_leg1) { transformation: [-1.2513943259761355f,0.24937042267668666f,0.386787294241372f,0.6210996388551501f,-4.625929269271485e-18f,1.1206195417290026f,-0.7224884915850618f,-1.1259677145135043f,-0.46020649570873184f,-0.6780884992144525f,-1.0517527020732382f,-0.09213808721390943f,0f,0f,0f,1f], start_interpolation: 0, interpolation_duration: 1 }
$data merge entity $(bone_tail3) { transformation: [-0.37621999614192053f,0.06050273271819789f,0.9245528291215184f,2.610833021284726f,-0.13017324630820337f,0.9845165677839306f,-0.11739699188877432f,-1.09299738820265f,-0.9173404168838072f,-0.1645191389856494f,-0.3625189822048819f,-2.582157564642869f,0f,0f,0f,1f], start_interpolation: 0, interpolation_duration: 1 }
$data merge entity $(bone_tail2) { transformation: [-0.5800058273854608f,0.0932750462738884f,1.4253522782290073f,0.8189247047794767f,-0.20068375472514685f,1.5177963753335595f,-0.1809870291618604f,-1.0737465406592106f,-1.4142331426958692f,-0.2536336726028761f,-0.5588834308991928f,-1.9862546865593822f,0f,0f,0f,1f], start_interpolation: 0, interpolation_duration: 1 }
$data merge entity $(bone_tail1) { transformation: [-0.817183693926415f,0.06050273271819789f,0.573193012618271f,0.31205509061336556f,-0.04579253102769833f,0.9845165677839306f,-0.1692045267155297f,-0.8882426646454981f,-0.5745553537152503f,-0.1645191389856494f,-0.8017603123281697f,-1.0625649354962956f,0f,0f,0f,1f], start_interpolation: 0, interpolation_duration: 1 }
$data merge entity $(bone_body1) { transformation: [-1.2513943259761355f,0.08067031029093051f,0.4530809196270309f,0.5f,-4.625929269271485e-18f,1.3126887570452408f,-0.2337220676461648f,-1.1875f,-0.46020649570873184f,-0.21935885198086585f,-1.2320184467543103f,-0.12499999999999994f,0f,0f,0f,1f], start_interpolation: 0, interpolation_duration: 1 }
data modify entity @s data merge value {"locators":{"head":{"posx":-1.0186705939011729,"posy":1.0096126786875592,"posz":1.798109465946929,"roty":1.4241275390169221,"rotx":5.946230661737942},"neck":{"posx":-1.0523706813264662,"posy":0.07111726297640908,"posz":1.5318088162062329,"roty":34.92410636836604,"rotx":-26.191110928335743},"right_arm":{"posx":-2.0784197270764904,"posy":2.373018393719479,"posz":-0.0701310480724045,"roty":228.00164214859643,"rotx":-36.069129835759114},"left_arm":{"posx":0.03471882550845895,"posy":-1.0367858026432282,"posz":3.7200377211779543,"roty":34.92410636836604,"rotx":-26.191110928335736},"tail1":{"posx":1.4562052247796122,"posy":-1.8765727426321654,"posz":-1.9974295804755255,"roty":68.58975667465431,"rotx":-6.7418992701971945},"tail2":{"posx":3.051484150972945,"posy":-2.4512111913564945,"posz":-2.57014312221445,"roty":68.58975667465431,"rotx":-6.7418992701971945}},"cameras":{}}