# This file was generated by Animated Java via MC-Build. It is not recommended to edit this file directly.
$data merge entity $(bone_jaw) { transformation: [-0.9993294268616386f,0.01729008277757254f,0.032276146702070865f,-0.9976784403324734f,0.029700332934341295f,0.8983083386863843f,0.43836060369300733f,1.6333441394464685f,-0.021414640598856505f,0.4390252631501441f,-0.8982194784594513f,1.8100476370945577f,0f,0f,0f,1f], start_interpolation: 0, interpolation_duration: 1 }
$data merge entity $(bone_head) { transformation: [-1.1242456052193435f,0.03074037138166584f,0.02741985981564228f,-0.9915851381512196f,0.03341287455113395f,1.1185032211005816f,0.11601346560573794f,1.659124909581077f,-0.024091470673713568f,0.11675004905755211f,-1.1186661821499018f,1.5614551521723574f,0f,0f,0f,1f], start_interpolation: 0, interpolation_duration: 1 }
$data merge entity $(bone_neck) { transformation: [-0.8103941474512506f,0.2847945595808212f,0.5120091645761107f,-0.4729748377621269f,0.03789915265917358f,0.8975587963878666f,-0.4392628612283094f,0.3296180373413806f,-0.5846580026002188f,-0.33657133844094683f,-0.7381698680761715f,1.6116281827540835f,0f,0f,0f,1f], start_interpolation: 0, interpolation_duration: 1 }
$data merge entity $(bone_right_arm2) { transformation: [-0.47005945029827845f,0.6554335851684867f,-0.5911437461552513f,-1.7143521903587433f,-0.28980735912579836f,-0.7472287121299962f,-0.5980476121222101f,1.339390225156942f,-0.8337000706380029f,-0.10980012386937926f,0.5411913940709497f,0.17492784533879013f,0f,0f,0f,1f], start_interpolation: 0, interpolation_duration: 1 }
$data merge entity $(bone_right_arm1) { transformation: [-0.533713334192837f,0.7441902164933859f,-0.6711944617804415f,-1.1136133570886277f,-0.3290521056740835f,-0.8484159335642664f,-0.6790332262637594f,0.03805960687911458f,-0.9465969552035657f,-0.12466889064335769f,0.6144777286847241f,0.6634155382583836f,0f,0f,0f,1f], start_interpolation: 0, interpolation_duration: 1 }
$data merge entity $(bone_left_arm2) { transformation: [-0.8265478872438812f,-0.23380591413125054f,0.5120091645761107f,0.011240235208932192f,-0.4858524212710851f,0.7556424839105748f,-0.4392628612283094f,-0.5425356012534084f,-0.28419362209187715f,-0.6118326822152501f,-0.7381698680761715f,2.720488477797225f,0f,0f,0f,1f], start_interpolation: 0, interpolation_duration: 1 }
$data merge entity $(bone_left_arm1) { transformation: [-0.9384762469748233f,-0.26546713166985736f,0.5813437389457923f,-0.20191994120597095f,-0.5516449366515445f,0.857969070273465f,-0.49874637368630953f,-0.00457693986245572f,-0.32267817508348545f,-0.6946850245985652f,-0.8381303710448196f,1.3211557911836298f,0f,0f,0f,1f], start_interpolation: 0, interpolation_duration: 1 }
$data merge entity $(bone_body2) { transformation: [-1.2831240667978137f,0.4509247193363003f,0.8106811772455087f,0.24523867634223095f,0.06000699171035818f,1.4211347609474556f,-0.6954995302781566f,-0.35791975044855573f,-0.9257085041170132f,-0.5329046191981659f,-1.1687689577872715f,0.5715447060471461f,0f,0f,0f,1f], start_interpolation: 0, interpolation_duration: 1 }
$data merge entity $(bone_right_leg2) { transformation: [-0.9391542177229504f,-1.3877787807814457e-17f,0.3434957864853559f,-0.7548279706599161f,0f,1f,1.3877787807814457e-17f,-2.530580207610108f,-0.3434957864853559f,1.3877787807814457e-17f,-0.9391542177229504f,-1.0610319150573244f,0f,0f,0f,1f], start_interpolation: 0, interpolation_duration: 1 }
$data merge entity $(bone_right_leg1) { transformation: [-1.2522056236306005f,-0.04009600702787808f,0.4562358645986713f,-0.5528039273560543f,0f,1.3282138603994835f,0.11672925434730903f,-1.125958058354565f,-0.4579943819804745f,0.1096267715519303f,-1.247397649032257f,-0.5216708080539558f,0f,0f,0f,1f], start_interpolation: 0, interpolation_duration: 1 }
$data merge entity $(bone_left_leg2) { transformation: [-0.9814756423177696f,0.0050009233363144945f,0.1915216810251673f,0.7973385050008386f,-0.0023522291934043593f,0.9992693802276955f,-0.03814672669022928f,-2.5049361383906072f,-0.19157252035389444f,-0.03789058596989059f,-0.9807467934895913f,0.5176666574160064f,0f,0f,0f,1f], start_interpolation: 0, interpolation_duration: 1 }
$data merge entity $(bone_left_leg1) { transformation: [-1.2522056236306005f,0.2470653667938183f,0.3856391557618506f,0.6211388447976338f,0f,1.1226896251267156f,-0.7192675325708873f,-1.125958058354565f,-0.4579943819804745f,-0.6755031368851283f,-1.054378696631553f,-0.09230107494726089f,0f,0f,0f,1f], start_interpolation: 0, interpolation_duration: 1 }
$data merge entity $(bone_tail3) { transformation: [-0.38167550964840063f,0.05991308131624058f,0.9223525508295769f,2.6027071608797616f,-0.12903579913165647f,0.9846710663269614f,-0.11735694986228813f,-1.0914309243683522f,-0.9152450862348775f,-0.16380877212688688f,-0.36809389875029597f,-2.593878134496002f,0f,0f,0f,1f], start_interpolation: 0, interpolation_duration: 1 }
$data merge entity $(bone_tail2) { transformation: [-0.5884164107079509f,0.09236600036253756f,1.421960182528931f,0.8143529866214599f,-0.19893019032797038f,1.5180345605873988f,-0.18092529770436086f,-1.0721419432043242f,-1.4110028412787694f,-0.25253852369561725f,-0.5674780939067062f,-1.9873935653447656f,0f,0f,0f,1f], start_interpolation: 0, interpolation_duration: 1 }
$data merge entity $(bone_tail1) { transformation: [-0.8189410336821485f,0.05991308131624058f,0.57074162809349f,0.3103076359823953f,-0.045342081898164216f,0.9846710663269614f,-0.16842501817623465f,-0.8875226011548043f,-0.5720836293416849f,-0.16380877212688688f,-0.8036709570548928f,-1.0619827198062315f,0f,0f,0f,1f], start_interpolation: 0, interpolation_duration: 1 }
$data merge entity $(bone_body1) { transformation: [-1.2522056236306005f,0.07988410842165411f,0.4509738164764715f,0.5f,0f,1.312894755102615f,-0.2325621203072888f,-1.1875f,-0.4579943819804745f,-0.2184116961691825f,-1.233010646680961f,-0.12499999999999994f,0f,0f,0f,1f], start_interpolation: 0, interpolation_duration: 1 }
data modify entity @s data merge value {"locators":{"head":{"posx":-1.0162797499787124,"posy":1.0055082685236045,"posz":1.8073346199598013,"roty":1.4041076360978195,"rotx":5.919039945501784},"neck":{"posx":-1.0489710169025739,"posy":0.06689092267905611,"posz":1.5377846668788506,"roty":34.74593905875594,"rotx":-26.05685824225575},"right_arm":{"posx":-2.1035926180932467,"posy":2.3675297834026807,"posz":-0.037973982242180654,"roty":227.52593460242565,"rotx":-36.730195761600854},"left_arm":{"posx":0.04070081000486997,"posy":-1.0481808782203856,"posz":3.719168195431303,"roty":34.745939058755965,"rotx":-26.05685824225575},"tail1":{"posx":1.4512449930356637,"posy":-1.8751986710884112,"posz":-2.003195905861069,"roty":68.24396909441394,"rotx":-6.739589061601176},"tail2":{"posx":3.042894551493833,"posy":-2.4498249832200263,"posz":-2.5859319391265045,"roty":68.24396909441394,"rotx":-6.739589061601176}},"cameras":{}}