# This file was generated by Animated Java via MC-Build. It is not recommended to edit this file directly.
$data merge entity $(bone_jaw) { transformation: [-0.9993589701784565f,-0.03484080601116752f,0.008232069019792104f,-0.3044061562308474f,-0.03382075515433968f,0.9942066381946011f,0.10202606084025574f,0.8521458538777796f,-0.011739047859372326f,0.10168224430195054f,-0.9947476644602256f,3.037024621718177f,0f,0f,0f,1f], start_interpolation: 0, interpolation_duration: 1 }
$data merge entity $(bone_head) { transformation: [-1.1242788414507636f,-0.038441324333001306f,0.012014626488295913f,-0.3017362392334483f,-0.03804834954863214f,1.1238036244910812f,0.03525247051390644f,0.8599797362142033f,-0.013206428841793866f,0.034823528888292474f,-1.124383347472299f,2.7871616556132217f,0f,0f,0f,1f], start_interpolation: 0, interpolation_duration: 1 }
$data merge entity $(bone_neck) { transformation: [-0.9921131355829833f,0.026738136119712513f,0.12246059889019184f,0.26541029552912976f,0.015804910204503076f,0.995870768269649f,-0.08939584844637183f,-0.2786695370372275f,-0.12434520906383295f,-0.08675531674118198f,-0.988439064383844f,2.1384050443707707f,0f,0f,0f,1f], start_interpolation: 0, interpolation_duration: 1 }
$data merge entity $(bone_right_arm2) { transformation: [-0.9738654933785276f,0.0940572614542181f,0.20673469078587142f,-1.3007351008523957f,-0.02010630623099779f,0.8709466964594651f,-0.4909659747641276f,-1.242920242351732f,-0.2262338110370383f,-0.48229149224724815f,-0.846293790151848f,2.6670496404960082f,0f,0f,0f,1f], start_interpolation: 0, interpolation_duration: 1 }
$data merge entity $(bone_right_arm1) { transformation: [-1.1057431122735364f,0.10679418227614346f,0.23473001349645814f,-0.730821878597658f,-0.02282903519977874f,0.9888873949383509f,-0.5574509505134365f,-0.43105859020183507f,-0.25686963961497056f,-0.547601798489063f,-0.9608960742349106f,1.522913142141174f,0f,0f,0f,1f], start_interpolation: 0, interpolation_duration: 1 }
$data merge entity $(bone_left_arm2) { transformation: [-0.9877946870520555f,-0.09625517103608991f,0.12246059889019184f,0.7361344888848266f,-0.10756939810387292f,0.9901702918549535f,-0.08939584844637183f,-1.6533625395271865f,-0.11265203426171175f,-0.1014777570538946f,-0.988439064383844f,2.5107466759419f,0f,0f,0f,1f], start_interpolation: 0, interpolation_duration: 1 }
$data merge entity $(bone_left_arm1) { transformation: [-1.1215585509236878f,-0.10928972544722707f,0.1390438049899053f,0.3853053989331981f,-0.12213608743043904f,1.1242558522103117f,-0.101501536256818f,-0.44883911418190103f,-0.12790699723465188f,-0.1152195366549428f,-1.1222901876858227f,1.6628015023379858f,0f,0f,0f,1f], start_interpolation: 0, interpolation_duration: 1 }
$data merge entity $(bone_body2) { transformation: [-1.5708457980063903f,0.042335382189544815f,0.19389594824280376f,0.4397762729262985f,0.025024441157129873f,1.5767953830936112f,-0.1415434267067554f,-0.4694179921957401f,-0.19687991435106886f,-0.1373625848402048f,-1.565028518607753f,0.7229460966153187f,0f,0f,0f,1f], start_interpolation: 0, interpolation_duration: 1 }
$data merge entity $(bone_right_leg2) { transformation: [-0.9974873642595198f,1.0842021724855044e-18f,0.07084460559983423f,-0.9721335384027918f,2.168404344971009e-19f,1f,-1.0408340855860843e-17f,-2.5567743539858565f,-0.07084460559983424f,-1.734723475976807e-17f,-0.9974873642595199f,-0.5705582280866301f,0f,0f,0f,1f], start_interpolation: 0, interpolation_duration: 1 }
$data merge entity $(bone_right_leg1) { transformation: [-1.3299831523460264f,-0.0016743009749776824f,0.0944446344148216f,-0.6220163437350936f,2.8912057932946783e-19f,1.3331238647624368f,0.02363342926114901f,-1.1250392722719358f,-0.09445947413311231f,0.023574047062117326f,-1.3297742100933476f,-0.20690990100721873f,0f,0f,0f,1f], start_interpolation: 0, interpolation_duration: 1 }
$data merge entity $(bone_left_leg2) { transformation: [-0.9989934242022462f,-0.01423638135303253f,0.042537793156696375f,1.0091849159496304f,-0.01454490043193115f,0.9998700483860691f,-0.006952137215654061f,-2.588934441709329f,-0.042433292025201935f,-0.007563847328648371f,-0.9990706701437555f,-0.23658957925401425f,0f,0f,0f,1f], start_interpolation: 0, interpolation_duration: 1 }
$data merge entity $(bone_left_leg1) { transformation: [-1.3299831523460264f,0.010859461700789032f,0.09383317294578294f,0.6248428615893059f,2.8912057932946783e-19f,1.3244928410752912f,-0.1532856539865392f,-1.1250392722719358f,-0.09445947413311231f,-0.15290050297382976f,-1.3211648730247951f,-0.11835414400742592f,0f,0f,0f,1f], start_interpolation: 0, interpolation_duration: 1 }
$data merge entity $(bone_tail3) { transformation: [-0.971511351910314f,0.0025110569098549876f,0.2369797200238652f,0.6291142859240817f,-0.005940590174164166f,0.9993716436490281f,-0.03494320046336226f,-0.6920942026345525f,-0.2369185566767126f,-0.03535551531848413f,-0.9708859794222945f,-3.79009381991835f,0f,0f,0f,1f], start_interpolation: 0, interpolation_duration: 1 }
$data merge entity $(bone_tail2) { transformation: [-1.4977466675284006f,0.0038712127360264388f,0.3653437350367921f,0.06286756871994742f,-0.009158409851836422f,1.540697950625585f,-0.05387076738101681f,-0.8147004587217115f,-0.3652494415432652f,-0.0545064194493297f,-1.4967825516093705f,-1.992668268963921f,0f,0f,0f,1f], start_interpolation: 0, interpolation_duration: 1 }
$data merge entity $(bone_tail1) { transformation: [-0.9923140664954955f,0.0025110569098549876f,0.12371939228903771f,0.05545497272478178f,-0.001883983366525073f,0.9993716436490281f,-0.035394469580921156f,-0.7768583368711671f,-0.12373052995056633f,-0.03535551531848413f,-0.9916858088602037f,-0.9235357808061337f,0f,0f,0f,1f], start_interpolation: 0, interpolation_duration: 1 }
$data merge entity $(bone_body1) { transformation: [-1.3299831523460264f,0.00334807587980665f,0.09440011992263131f,0.5f,2.8912057932946783e-19f,1.3324955248653707f,-0.04725943283131896f,-1.1875f,-0.09445947413311231f,-0.047140687091312174f,-1.3291474489855641f,-0.12499999999999994f,0f,0f,0f,1f], start_interpolation: 0, interpolation_duration: 1 }
data modify entity @s data merge value {"locators":{"head":{"posx":-0.2837173441840853,"posy":0.22585203635418416,"posz":3.0801439583064756,"roty":0.6122121902828894,"rotx":1.795687530988192},"neck":{"posx":-0.25598064816852806,"posy":-0.6330441389802979,"posz":2.232320566664778,"roty":7.062552539272531,"rotx":-5.128851657525143},"right_arm":{"posx":-1.5590263010357075,"posy":-1.8696405955685707,"posz":3.5583484146293656,"roty":13.727507816770782,"rotx":-29.40409208500398},"left_arm":{"posx":0.832896528416574,"posy":-2.592111819777462,"posz":3.1134847173290736,"roty":7.062552539272531,"rotx":-5.128851657525143},"tail1":{"posx":0.34534675254275277,"posy":-1.5875100680052734,"posz":-2.6040209237432963,"roty":13.716889825628982,"rotx":-2.002505569284071},"tail2":{"posx":0.7591196162433211,"posy":-2.023425035184543,"posz":-4.28981306948788,"roty":13.716889825628982,"rotx":-2.002505569284071}},"cameras":{}}