# This file was generated by Animated Java via MC-Build. It is not recommended to edit this file directly.
$data merge entity $(bone_jaw) { transformation: [-0.998619398433551f,-0.05220166126337246f,0.0058552227589291315f,-0.5973364002704327f,-0.04984445941802383f,0.9768569922316195f,0.20800467925870963f,1.1037754700282139f,-0.016577905100993218f,0.20742565725950535f,-0.9781103055243435f,2.731211809408398f,0f,0f,0f,1f], start_interpolation: 0, interpolation_duration: 1 }
$data merge entity $(bone_head) { transformation: [-1.1234468232377448f,-0.05704064708570251f,0.015446680454497725f,-0.5939038046138776f,-0.05607501684527681f,1.121774303050072f,0.06405470710515529f,1.118009849384915f,-0.01865014323861737f,0.06319634163913003f,-1.12306873990892f,2.481640978317527f,0f,0f,0f,1f], start_interpolation: 0, interpolation_duration: 1 }
$data merge entity $(bone_neck) { transformation: [-0.9633740273048632f,0.07914803779193041f,0.25621489345488063f,0.0118630198167185f,0.029096573939657547f,0.98066179550329f,-0.19353509300702418f,-0.09573885837536655f,-0.2665780803055321f,-0.17899170638314676f,-0.9470470400918143f,2.0356329864277876f,0f,0f,0f,1f], start_interpolation: 0, interpolation_duration: 1 }
$data merge entity $(bone_right_arm2) { transformation: [-0.8828709340838298f,0.38668569581019885f,0.26648280696084f,-1.86013701462891f,-0.07034891123220013f,0.4521457694152555f,-0.8891654704768571f,-0.28829811567064983f,-0.46431664243099235f,-0.8037651248067863f,-0.3719834400963852f,2.4668256099706323f,0f,0f,0f,1f], start_interpolation: 0, interpolation_duration: 1 }
$data merge entity $(bone_right_arm1) { transformation: [-1.0024263730743483f,0.43904938378449654f,0.3025690204034537f,-0.8935079421912496f,-0.0798753262948939f,0.5133738423569046f,-1.0095732946039313f,-0.28417401950590376f,-0.5271928544268558f,-0.9126083187910385f,-0.42235619760943727f,1.301244219355146f,0f,0f,0f,1f], start_interpolation: 0, interpolation_duration: 1 }
$data merge entity $(bone_left_arm2) { transformation: [-0.9500621719615161f,-0.1781454399631678f,0.25621489345488063f,0.5448504179661227f,-0.23098574591151796f,0.9535144219991968f,-0.19353509300702418f,-1.3631569220222857f,-0.20982720174816732f,-0.24305235909134315f,-0.9470470400918143f,2.636816621615682f,0f,0f,0f,1f], start_interpolation: 0, interpolation_duration: 1 }
$data merge entity $(bone_left_arm1) { transformation: [-1.0787164244146379f,-0.20226930162484677f,0.29091066027689566f,0.1902878385267215f,-0.26226506567036934f,1.0826361666449211f,-0.21974297018505867f,-0.3169076651880185f,-0.2382413019848983f,-0.2759656993849625f,-1.0752929934375806f,1.6011445596988696f,0f,0f,0f,1f], start_interpolation: 0, interpolation_duration: 1 }
$data merge entity $(bone_body2) { transformation: [-1.525342209899367f,0.12531772650388984f,0.405673581303561f,0.3752251767961138f,0.04606957540445779f,1.552714509546876f,-0.30643056392778834f,-0.43523691679191945f,-0.4220819604837592f,-0.28340353510664906f,-1.4994911468120393f,0.6854398479447512f,0f,0f,0f,1f], start_interpolation: 0, interpolation_duration: 1 }
$data merge entity $(bone_right_leg2) { transformation: [-0.9883548718920167f,-8.673617379884035e-19f,0.15216651145148655f,-0.9259376244130878f,0f,1f,6.938893903907228e-18f,-2.5497025995071194f,-0.15216651145148652f,-1.3877787807814457e-17f,-0.9883548718920167f,-0.7208446509178374f,0f,0f,0f,1f], start_interpolation: 0, interpolation_duration: 1 }
$data merge entity $(bone_right_leg1) { transformation: [-1.317806495856022f,-0.0077464325439995626f,0.20274074588076968f,-0.6111735323558865f,0f,1.332361134830952f,0.05090760424293006f,-1.125182220761936f,-0.20288868193531534f,0.0503147786698506f,-1.3168456187297477f,-0.3009008964803127f,0f,0f,0f,1f], start_interpolation: 0, interpolation_duration: 1 }
$data merge entity $(bone_left_leg2) { transformation: [-0.9958842983582077f,-0.021400232504955975f,0.0880709619131882f,0.9872547783415847f,-0.02288282165074724f,0.9996123612433903f,-0.015858868897679984f,-2.595398573453368f,-0.08769743871334278f,-0.017808910638990094f,-0.9959879527107605f,-0.003952564544383849f,0f,0f,0f,1f], start_interpolation: 0, interpolation_duration: 1 }
$data merge entity $(bone_left_leg1) { transformation: [-1.317806495856022f,0.04984840079950723f,0.1966696575356281f,0.6242700575091343f,0f,1.2924634708362226f,-0.3275911389701526f,-1.125182220761936f,-0.20288868193531534f,-0.32377629818980497f,-1.277412568143446f,-0.11069275716595454f,0f,0f,0f,1f], start_interpolation: 0, interpolation_duration: 1 }
$data merge entity $(bone_tail3) { transformation: [-0.8701718455900016f,0.011611176362116508f,0.4926115505405636f,1.3189221993675186f,-0.02708074303268575f,0.9970844678090258f,-0.07133861093958385f,-0.833560021740368f,-0.4920036509003648f,-0.07541713755824665f,-0.8673203922791349f,-3.60674570871439f,0f,0f,0f,1f], start_interpolation: 0, interpolation_duration: 1 }
$data merge entity $(bone_tail2) { transformation: [-1.341514928617919f,0.017900563558262948f,0.7594428070833689f,0.2843269658373149f,-0.041749478842057194f,1.537171887872248f,-0.10998035853185843f,-0.8901385568219264f,-0.7585056284713957f,-0.11626808706896358f,-1.3371189380969997f,-2.027879716261386f,0f,0f,0f,1f], start_interpolation: 0, interpolation_duration: 1 }
$data merge entity $(bone_tail1) { transformation: [-0.9645303770149884f,0.011611176362116508f,0.2637163862918115f,0.12469460252913878f,-0.008723230741951521f,0.9970844678090258f,-0.07580547011538377f,-0.8085048409815873f,-0.2638277033610132f,-0.07541713755824665f,-0.9616169706810367f,-0.9731832219926582f,0f,0f,0f,1f], start_interpolation: 0, interpolation_duration: 1 }
$data merge entity $(bone_body1) { transformation: [-1.317806495856022f,0.01548156848282201f,0.20229715345194865f,0.5f,0f,1.329445957078701f,-0.10174097004095292f,-1.1875f,-0.20288868193531534f,-0.10055618341099554f,-1.313964388595879f,-0.12499999999999994f,0f,0f,0f,1f], start_interpolation: 0, interpolation_duration: 1 }
data modify entity @s data merge value {"locators":{"head":{"posx":-0.5665053008036256,"posy":0.47700892905010983,"posz":2.7584954384927105,"roty":0.7879961080807902,"rotx":3.2640446744875806},"neck":{"posx":-0.5315313696895472,"posy":-0.4247468580933935,"posz":2.087846716180178,"roty":15.138453049714826,"rotx":-11.159160497286303},"right_arm":{"posx":-2.435243547299768,"posy":-0.3002579567994893,"posz":3.4275626646736743,"roty":35.617187783367854,"rotx":-62.76856690128074},"left_arm":{"posx":0.654267296949445,"posy":-2.2054671883985004,"posz":3.366506700862193,"roty":15.138453049714826,"rotx":-11.159160497286303},"tail1":{"posx":0.7230605052611152,"posy":-1.683612109820574,"posz":-2.506099176422061,"roty":29.595254815768726,"rotx":-4.090876219093501},"tail2":{"posx":1.5807765275713077,"posy":-2.1823613543932305,"posz":-3.9956284363262045,"roty":29.595254815768726,"rotx":-4.090876219093501}},"cameras":{}}