# This file was generated by Animated Java via MC-Build. It is not recommended to edit this file directly.
$data merge entity $(bone_jaw) { transformation: [-0.4464463544466629f,0.8014055289858002f,-0.39803873016614166f,2.155740750927762f,-0.6170712753249534f,0.04640017400877805f,0.7855380735653685f,-0.6974991367371002f,0.6480036217260827f,0.5963188760746594f,0.4738091432918269f,3.126761543894179f,0f,0f,0f,1f], start_interpolation: 0, interpolation_duration: 1 }
$data merge entity $(bone_head) { transformation: [-0.5022521487524958f,0.6849280428830994f,-0.7377271549467515f,1.991801383161817f,-0.6942051847405726f,0.36138973407220676f,0.8081470296836627f,-0.5179109079185085f,0.7290040744418431f,0.8160245316040116f,0.2613082916167129f,3.1848300531423375f,0f,0f,0f,1f], start_interpolation: 0, interpolation_duration: 1 }
$data merge entity $(bone_neck) { transformation: [-0.7772021970750125f,0.3476963982219579f,-0.5244654035541823f,1.58484691820072f,-0.10343179289407146f,0.7515494813424386f,0.6515176446671488f,-0.7353582491057553f,0.6206920404520195f,0.5606073418689671f,-0.5481430462590212f,1.833472507095095f,0f,0f,0f,1f], start_interpolation: 0, interpolation_duration: 1 }
$data merge entity $(bone_right_arm2) { transformation: [-0.5578790695201103f,0.11838547004586261f,-0.8214352222016026f,0.7047425737555798f,-0.017290932484324742f,0.9879008748091028f,0.15411971063180657f,-2.557628241723785f,0.8297421089984517f,0.10018354172931512f,-0.5490822256469171f,2.745001998986889f,0f,0f,0f,1f], start_interpolation: 0, interpolation_duration: 1 }
$data merge entity $(bone_right_arm1) { transformation: [-0.6169347992619116f,0.13428213305962702f,-0.9436793783616688f,0.48200093214719664f,0.1376622203005069f,1.1248603675957618f,0.07006620768035064f,-1.0547927442765836f,0.9431922251089878f,-0.07634441104447612f,-0.6274798517408128f,2.0037761586970335f,0f,0f,0f,1f], start_interpolation: 0, interpolation_duration: 1 }
$data merge entity $(bone_left_arm2) { transformation: [-0.6002015385102772f,-0.24769056942871942f,-0.7605310611579076f,2.3493740545240476f,-0.7998424429283159f,0.18207110579856f,0.5719284736081544f,-1.1328199390503049f,-0.003190558001329502f,0.9515773716568541f,-0.3073927879607357f,0.35429527838891706f,0f,0f,0f,1f], start_interpolation: 0, interpolation_duration: 1 }
$data merge entity $(bone_left_arm1) { transformation: [-0.6814788301835438f,-0.2812320007055251f,-0.8635196423563741f,1.31385209681833f,-0.9081544404081918f,0.20672656804211498f,0.6493771210759252f,-0.7506015504991874f,-0.003622612730676205f,1.080436807402053f,-0.34901889466375197f,1.3909109875901167f,0f,0f,0f,1f], start_interpolation: 0, interpolation_duration: 1 }
$data merge entity $(bone_body2) { transformation: [-1.2305701453687699f,0.07348503303963211f,-0.9936002776220898f,0.6798617306343635f,-0.16376700541561318f,1.5426243388103795f,0.3169147546131081f,-0.5085260773705801f,0.9827623973823644f,0.349076701705296f,-1.1913303366666461f,0.7380906211067468f,0f,0f,0f,1f], start_interpolation: 0, interpolation_duration: 1 }
$data merge entity $(bone_right_leg2) { transformation: [-0.9789688261582475f,0.15152860089366227f,-0.13659839135784915f,-1.1958349918703066f,0f,0.6695674791053925f,0.7427512308468089f,-2.084409251676199f,0.20400989537358938f,0.7271303005896942f,-0.655485689053543f,-0.9101069726595752f,0f,0f,0f,1f], start_interpolation: 0, interpolation_duration: 1 }
$data merge entity $(bone_right_leg1) { transformation: [-1.3052917682109966f,0.1638117023448024f,-0.21715640398865793f,-0.6012161582856319f,0f,1.064440543881434f,0.8029595919591312f,-1.1250029446694494f,0.2720131938314525f,0.7860724091927361f,-1.0420541097588538f,0.10510506471097908f,0f,0f,0f,1f], start_interpolation: 0, interpolation_duration: 1 }
$data merge entity $(bone_left_leg2) { transformation: [-0.9092933910224257f,0.03069391385503005f,-0.4150221833772242f,1.0684988761213463f,0.011022100559470269f,0.9987027509638398f,0.0497124583632243f,-2.544342707455283f,0.4160096661643755f,0.040628793601562796f,-0.9084521224524089f,0.15215654343753604f,0f,0f,0f,1f], start_interpolation: 0, interpolation_duration: 1 }
$data merge entity $(bone_left_leg1) { transformation: [-1.3052917682109966f,-0.12562340105794723f,-0.24126735942729907f,0.6224948744121774f,0f,1.182625769134789f,-0.6157711165328605f,-1.1250029446694494f,0.2720131938314525f,-0.602820727134328f,-1.1577537609943793f,-0.14990730450600764f,0f,0f,0f,1f], start_interpolation: 0, interpolation_duration: 1 }
$data merge entity $(bone_tail3) { transformation: [-0.01848648112198431f,0.0019803382783428873f,-0.9998271491993154f,-3.0018982459505206f,-0.00946470542071652f,0.9999528852888093f,0.0021555866682436142f,-0.5441743429548083f,0.9997843114227317f,0.009502918651055587f,-0.018466866818327488f,-1.3204647005295613f,0f,0f,0f,1f], start_interpolation: 0, interpolation_duration: 1 }
$data merge entity $(bone_tail2) { transformation: [-0.02849999172972581f,0.003053021512445284f,-1.5414001883489443f,-1.1299044647692416f,-0.014591420856937966f,1.5415940314869143f,0.003323196113542238f,-0.7368903221270063f,1.5413341467767112f,0.014650332920377361f,-0.028469753011588207f,-1.1626480835644288f,0f,0f,0f,1f], start_interpolation: 0, interpolation_duration: 1 }
$data merge entity $(bone_tail1) { transformation: [-0.4882295965912227f,0.0019803382783428873f,-0.8727129764548454f,-0.14161822771206545f,-0.007326534948302723f,0.9999528852888093f,0.0063678165988468195f,-0.7427403103947432f,0.8726844692659675f,0.009502918651055587f,-0.4881920847771789f,-0.7530295521469221f,0f,0f,0f,1f], start_interpolation: 0, interpolation_duration: 1 }
$data merge entity $(bone_body1) { transformation: [-1.3052917682109966f,0.002640451037790516f,-0.2720003780083851f,0.5f,0f,1.3332705137184124f,0.012942759629160337f,-1.1875f,0.2720131938314525f,0.012670558201407448f,-1.3052302697663178f,-0.12499999999999994f,0f,0f,0f,1f], start_interpolation: 0, interpolation_duration: 1 }
data modify entity @s data merge value {"locators":{"head":{"posx":1.8162100134897483,"posy":-0.9431682684263074,"posz":2.6588974545799107,"roty":250.49548647267162,"rotx":45.918660972407665},"neck":{"posx":1.1314178457742523,"posy":-1.150344906639599,"posz":2.00210865490262,"roty":316.2645888624593,"rotx":40.65612374292071},"right_arm":{"posx":0.9622072729655116,"posy":-3.6236696551290613,"posz":2.9712184518934355,"roty":303.760451141883,"rotx":8.865745935765474},"left_arm":{"posx":3.0148427506886133,"posy":-1.5508651289699222,"posz":-0.44338628941248615,"roty":292.00766082452867,"rotx":34.884813859238086},"tail1":{"posx":-1.81646007341228,"posy":-1.4841899320816063,"posz":-1.307444282418162,"roty":271.058136135661,"rotx":0.12350611411145415},"tail2":{"posx":-3.5669002113654606,"posy":-1.8553999873954834,"posz":-1.343324893844381,"roty":271.058136135661,"rotx":0.12350611411145415}},"cameras":{}}