# This file was generated by Animated Java via MC-Build. It is not recommended to edit this file directly.
$data merge entity $(bone_jaw) { transformation: [-0.42182096174758293f,0.8333422889486797f,-0.35722220770847857f,2.2577652181319525f,-0.6357250067943783f,0.009076944051365943f,0.7718622447192092f,-0.7599940585639569f,0.6464679357606471f,0.5526827648266801f,0.5259476870344659f,3.06245659390594f,0f,0f,0f,1f], start_interpolation: 0, interpolation_duration: 1 }
$data merge entity $(bone_head) { transformation: [-0.4745485819660308f,0.7298086348211063f,-0.7126064831971308f,2.0994082218659234f,-0.7151906326436756f,0.32232187506834925f,0.8063721025873619f,-0.5808002579889876f,0.727276427730728f,0.7931664172120354f,0.3279954759966284f,3.1353444774607464f,0f,0f,0f,1f], start_interpolation: 0, interpolation_duration: 1 }
$data merge entity $(bone_neck) { transformation: [-0.7538970557127282f,0.38146076620130825f,-0.5349083222728829f,1.6364416737866803f,-0.10899966672079507f,0.7302721178769203f,0.6744047052818607f,-0.754260726831306f,0.6478875689827944f,0.5667365505247288f,-0.5089709031535068f,1.795704249224601f,0f,0f,0f,1f], start_interpolation: 0, interpolation_duration: 1 }
$data merge entity $(bone_right_arm2) { transformation: [-0.5128502151013756f,0.1588550053889901f,-0.8436526205336747f,0.7492943347108979f,-0.02317472555144299f,0.9798105483515104f,0.19858051625153972f,-2.6143550417814887f,0.8581652457225754f,0.12139347841616797f,-0.49881462932830595f,2.6950019928018696f,0f,0f,0f,1f], start_interpolation: 0, interpolation_duration: 1 }
$data merge entity $(bone_right_arm1) { transformation: [-0.559578621866056f,0.16969288431600107f,-0.9732662009478423f,0.5411813240270551f,0.1363646773536122f,1.1211026853928705f,0.11706600924087038f,-1.0800251323186782f,0.9784924361818924f,-0.05919544544856939f,-0.5729044060900689f,1.999542653578538f,0f,0f,0f,1f], start_interpolation: 0, interpolation_duration: 1 }
$data merge entity $(bone_left_arm2) { transformation: [-0.5906435034831305f,-0.20606511679630146f,-0.7801778127022709f,2.34052832924461f,-0.8067851906415764f,0.13232322967463275f,0.575836972631933f,-1.080695756145607f,-0.015424265123772679f,0.9695502723057743f,-0.24440614050631077f,0.2637037129583515f,0f,0f,0f,1f], start_interpolation: 0, interpolation_duration: 1 }
$data merge entity $(bone_left_arm1) { transformation: [-0.6706264779131377f,-0.2339697680291339f,-0.8858268915057034f,1.3491195223781747f,-0.9160373518742897f,0.15024200035973925f,0.6538148960091739f,-0.7632539705886902f,-0.017512967692616895f,1.100843538347181f,-0.2775028053665403f,1.3633891409104129f,0f,0f,0f,1f], start_interpolation: 0, interpolation_duration: 1 }
$data merge entity $(bone_body2) { transformation: [-1.19367033821182f,0.09138289411261566f,-1.0362165482085908f,0.6920589039349616f,-0.17258280564125889f,1.5379567680312665f,0.33443773607094274f,-0.5113352862418159f,1.0258219842227578f,0.3650788829484234f,-1.1495003742299783f,0.7376679009257354f,0f,0f,0f,1f], start_interpolation: 0, interpolation_duration: 1 }
$data merge entity $(bone_right_leg2) { transformation: [-0.9761019413269065f,0.16606608043362622f,-0.14016796020223957f,-1.2112040455282322f,0f,0.6450045368155441f,0.7641787405361167f,-2.057644439589474f,0.2173131384381631f,0.745916352158054f,-0.6295901805503147f,-0.9087059096867534f,0f,0f,0f,1f], start_interpolation: 0, interpolation_duration: 1 }
$data merge entity $(bone_right_leg1) { transformation: [-1.301469255102542f,0.17994045662585584f,-0.2271056755563155f,-0.5979396200223801f,0f,1.0450618733341746f,0.8280238273631039f,-1.1250051919392945f,0.2897508512508841f,0.8082356653540611f,-1.0200869233682215f,0.12026361277320946f,0f,0f,0f,1f], start_interpolation: 0, interpolation_duration: 1 }
$data merge entity $(bone_left_leg2) { transformation: [-0.9009031488191986f,0.03526428021282019f,-0.43258519044082455f,1.0752112580424193f,0.013953704258913346f,0.9985318241088669f,0.05234014118507807f,-2.5405763353686943f,0.4337958166984872f,0.04111723218908131f,-0.9000725318728494f,0.15783989679615099f,0f,0f,0f,1f], start_interpolation: 0, interpolation_duration: 1 }
$data merge entity $(bone_left_leg1) { transformation: [-1.301469255102542f,-0.13627037026052338f,-0.25570674998848164f,0.622187806636253f,0f,1.1766741386473671f,-0.6270691741875487f,-1.1250051919392945f,0.2897508512508841f,-0.6120834382707264f,-1.1485539110428606f,-0.1513778102744944f,0f,0f,0f,1f], start_interpolation: 0, interpolation_duration: 1 }
$data merge entity $(bone_tail3) { transformation: [-0.4223980380196687f,0.002801023526234098f,-0.9064061185497039f,-2.631257043055893f,-0.010220810248302636f,0.9999169289712896f,0.0078530372782257f,-0.5261332378249208f,0.9063528190031754f,0.012581312484414882f,-0.42233432025016254f,-2.314048014475532f,0f,0f,0f,1f], start_interpolation: 0, interpolation_duration: 1 }
$data merge entity $(bone_tail2) { transformation: [-0.6511969752803225f,0.004318244602944234f,-1.3973760994307933f,-0.9850705174388255f,-0.015757082466133228f,1.541538598830738f,0.012106765803931286f,-0.7296197081847486f,1.397293929296562f,0.019396190080139607f,-0.6510987437190006f,-1.411236057721908f,0f,0f,0f,1f], start_interpolation: 0, interpolation_duration: 1 }
$data merge entity $(bone_tail1) { transformation: [-0.7117752837637755f,0.002801023526234098f,-0.7024016654950374f,-0.14979683737987637f,-0.0068436548400925f,0.9999169289712896f,0.010922433110561455f,-0.7403693365097086f,0.7023739102582233f,0.012581312484414882f,-0.7116969866205302f,-0.7428547482198726f,0f,0f,0f,1f], start_interpolation: 0, interpolation_duration: 1 }
$data merge entity $(bone_body1) { transformation: [-1.301469255102542f,0.0037346980349787975f,-0.28972678134960095f,0.5f,0f,1.3332225719617194f,0.017185790338403832f,-1.1875f,0.2897508512508841f,0.016775083312553174f,-1.3013611407126857f,-0.12499999999999994f,0f,0f,0f,1f], start_interpolation: 0, interpolation_duration: 1 }
data modify entity @s data merge value {"locators":{"head":{"posx":1.8919052256311784,"posy":-0.9838602170790044,"posz":2.6035866134549965,"roty":245.28453159692964,"rotx":45.78887296489561},"neck":{"posx":1.183308898888936,"posy":-1.1669131925557812,"posz":1.9707431901634131,"roty":313.5766562900175,"rotx":42.407939198036374},"right_arm":{"posx":0.9802125011449092,"posy":-3.6949042686057343,"posz":2.8766511569075157,"roty":300.5939546938247,"rotx":11.453963753545247},"left_arm":{"posx":2.973597571359743,"posy":-1.4505133977211078,"posz":-0.5826794725240316,"roty":287.3941976114233,"rotx":35.15826699262608},"tail1":{"posx":-1.557525736833964,"posy":-1.472880840503398,"posz":-1.824320989632603,"roty":294.98287404522375,"rotx":0.44995051723803303},"tail2":{"posx":-3.1447868281182836,"posy":-1.8341068736307367,"posz":-2.568124042252043,"roty":294.98287404522375,"rotx":0.44995051723803303}},"cameras":{}}