# This file was generated by Animated Java via MC-Build. It is not recommended to edit this file directly.
$data merge entity $(bone_jaw) { transformation: [-0.4153887713578398f,0.8415107036947026f,-0.34541555291716464f,2.275259206861425f,-0.641342365747047f,-0.0016461786440479798f,0.7672530612476258f,-0.7701184066405172f,0.6450830477758702f,0.5402379343059113f,0.5403802696334096f,3.0488997917057015f,0f,0f,0f,1f], start_interpolation: 0, interpolation_duration: 1 }
$data merge entity $(bone_head) { transformation: [-0.4673123677775698f,0.7407613621449644f,-0.7060571898049465f,2.1183576091269924f,-0.7215101614654278f,0.3119478721619192f,0.8048208570581302f,-0.5912693272942661f,0.725718428747854f,0.7871379354387564f,0.34550200110702445f,3.1256780141739293f,0f,0f,0f,1f], start_interpolation: 0, interpolation_duration: 1 }
$data merge entity $(bone_neck) { transformation: [-0.7495361964821686f,0.38873329701710124f,-0.5358002556487426f,1.6447588715728032f,-0.10957408247083057f,0.725385688494055f,0.6795653930113579f,-0.7550576982620559f,0.6528315331030813f,0.5680686813389908f,-0.5011077355899235f,1.7885392385328978f,0f,0f,0f,1f], start_interpolation: 0, interpolation_duration: 1 }
$data merge entity $(bone_right_arm2) { transformation: [-0.504249456884278f,0.15538025409818323f,-0.8494642204756446f,0.7735795597690833f,-0.023297026409375764f,0.9808736287632414f,0.19324640477202115f,-2.6156562385019035f,0.8632437279195209f,0.11723438502937188f,-0.4909850966927544f,2.698976944440769f,0f,0f,0f,1f], start_interpolation: 0, interpolation_duration: 1 }
$data merge entity $(bone_right_arm1) { transformation: [-0.5503798720198132f,0.16359540371977224f,-0.9795353731752942f,0.5513313824570616f,0.1382936068296665f,1.1216189691339078f,0.10962104420901829f,-1.0832320812931777f,0.9834266021060951f,-0.06616977335006273f,-0.5636175000027107f,1.9983012721164923f,0f,0f,0f,1f], start_interpolation: 0, interpolation_duration: 1 }
$data merge entity $(bone_left_arm2) { transformation: [-0.5841495262829067f,-0.1990132995959915f,-0.7868691362147657f,2.339260683729668f,-0.8113091348219577f,0.11524106123213547f,0.5731465655140379f,-1.0553512271737346f,-0.02338415484685541f,0.9731974128562033f,-0.22877931924037836f,0.24542816607734852f,0f,0f,0f,1f], start_interpolation: 0, interpolation_duration: 1 }
$data merge entity $(bone_left_arm1) { transformation: [-0.6632531079670503f,-0.22596301724961534f,-0.8934243317438485f,1.3545364698988696f,-0.9211739134957643f,0.13084662160732047f,0.650760162927397f,-0.7635931751475176f,-0.026550759149033744f,1.104984562513814f,-0.25975985205417956f,1.3581564400837127f,0f,0f,0f,1f], start_interpolation: 0, interpolation_duration: 1 }
$data merge entity $(bone_body2) { transformation: [-1.1867656444301005f,0.09398986992157424f,-1.0438858433741587f,0.6933102820651498f,-0.17349229724548176f,1.5375836743317628f,0.33568037128996053f,-0.5109893483145298f,1.033649927413212f,0.3659874222224118f,-1.1421757652734978f,0.7371170007626533f,0f,0f,0f,1f], start_interpolation: 0, interpolation_duration: 1 }
$data merge entity $(bone_right_leg2) { transformation: [-0.9757709350836001f,0.16865044726494208f,-0.1393847512585629f,-1.2140718958802934f,0f,0.6370575124128385f,0.7708162724530184f,-2.0482278711290203f,0.21879461201335937f,0.752140114949137f,-0.6216222045891077f,-0.9136004826896655f,0f,0f,0f,1f], start_interpolation: 0, interpolation_duration: 1 }
$data merge entity $(bone_right_leg1) { transformation: [-1.3010279134448002f,0.18304716505598564f,-0.22715167087259958f,-0.5975713975371932f,0f,1.0381959079446155f,0.8366164201740443f,-1.1250048813545233f,0.2917261493511458f,0.8163459866195213f,-1.013041391895085f,0.12190613085490673f,0f,0f,0f,1f], start_interpolation: 0, interpolation_duration: 1 }
$data merge entity $(bone_left_leg2) { transformation: [-0.8988642374370289f,0.037421916736815004f,-0.43662647973352614f,1.077985907450374f,0.015865524904996195f,0.9984730107293577f,0.05291438334272286f,-2.5374930769949122f,0.4379399134313261f,0.04063553854441415f,-0.8980853997426792f,0.16742881618167005f,0f,0f,0f,1f], start_interpolation: 0, interpolation_duration: 1 }
$data merge entity $(bone_left_leg1) { transformation: [-1.3010279134448002f,-0.13915199421063507f,-0.2563998220015966f,0.622142271317307f,0f,1.171874479184803f,-0.6359936971488978f,-1.1250048813545233f,0.2917261493511458f,-0.6205841645742559f,-1.1434810563547622f,-0.15158713416179248f,0f,0f,0f,1f], start_interpolation: 0, interpolation_duration: 1 }
$data merge entity $(bone_tail3) { transformation: [-0.7458068862644637f,0.0027344709097117926f,-0.6661565965066691f,-1.9514299065913623f,-0.006084648821993563f,0.9999218983276265f,0.01091669792514265f,-0.5197758544956647f,0.6661344199553259f,0.012195077438037917f,-0.7457319992041792f,-3.0744385376287298f,0f,0f,0f,1f], start_interpolation: 0, interpolation_duration: 1 }
$data merge entity $(bone_tail2) { transformation: [-1.1497856163243814f,0.0042156426524723465f,-1.026991419614448f,-0.7961248622199866f,-0.009380500267240076f,1.5415462599217573f,0.016829909301261582f,-0.7284906001444863f,1.0269572307644605f,0.018800744383641786f,-1.149670165439776f,-1.5952108136461103f,0f,0f,0f,1f], start_interpolation: 0, interpolation_duration: 1 }
$data merge entity $(bone_tail1) { transformation: [-0.862581658696774f,0.0027344709097117926f,-0.5059104710803741f,-0.15077227935999227f,-0.0038111256343929868f,0.9999218983276265f,0.011902628544765821f,-0.7406607522690009f,0.5059035060180163f,0.012195077438037917f,-0.8625038682144905f,-0.7420383919204661f,0f,0f,0f,1f], start_interpolation: 0, interpolation_duration: 1 }
$data merge entity $(bone_body1) { transformation: [-1.3010279134448002f,0.0036459612129490565f,-0.2917033650510064f,0.5f,0f,1.3332291977701685f,0.016663852822511177f,-1.1875f,0.2917261493511458f,0.016260103250717223f,-1.3009263009889556f,-0.12499999999999994f,0f,0f,0f,1f], start_interpolation: 0, interpolation_duration: 1 }
data modify entity @s data merge value {"locators":{"head":{"posx":1.9029505162144973,"posy":-0.9881350499003685,"posz":2.5924063830671136,"roty":243.9256492052187,"rotx":45.675688228237405},"neck":{"posx":1.1911908189063989,"posy":-1.1668100468091616,"posz":1.9645677165310573,"roty":313.08373183131437,"rotx":42.809690648883596},"right_arm":{"posx":1.011415824853455,"posy":-3.6946091338017415,"posz":2.8811878407527445,"roty":300.02764821502063,"rotx":11.142301614674492},"left_arm":{"posx":2.968217896825724,"posy":-1.4064587502365167,"posz":-0.6119180774807371,"roty":286.2115958126525,"rotx":34.96993810546947},"tail1":{"posx":-1.1629325147175475,"posy":-1.4701662129639215,"posz":-2.2003146736719277,"roty":318.225832588821,"rotx":0.6254931415333055},"tail2":{"posx":-2.3297319851953606,"posy":-1.8260327034677815,"posz":-3.5099188263185055,"roty":318.225832588821,"rotx":0.6254931415333055}},"cameras":{}}