# This file was generated by Animated Java via MC-Build. It is not recommended to edit this file directly.
$data merge entity $(bone_jaw) { transformation: [-0.4146174041881453f,0.842680414232521f,-0.34348526549648495f,2.266214443475518f,-0.6429053396231974f,-0.004120789840312f,0.7659345555431439f,-0.7636011622361694f,0.6440226179477438f,0.538398308466881f,0.5434722890927706f,3.052564149539507f,0f,0f,0f,1f], start_interpolation: 0, interpolation_duration: 1 }
$data merge entity $(bone_head) { transformation: [-0.4664445797116635f,0.7411664450641248f,-0.7062058869540931f,2.109279801930164f,-0.7232685070760971f,0.3106506284084469f,0.8037436492696853f,-0.5849914623984616f,0.7245254451912119f,0.7872696410890266f,0.3476987079211426f,3.1298305290775383f,0f,0f,0f,1f], start_interpolation: 0, interpolation_duration: 1 }
$data merge entity $(bone_neck) { transformation: [-0.7514452475996124f,0.38744533086289845f,-0.5340563223598205f,1.6394209997707865f,-0.10853407057479712f,0.7258144167617032f,0.6792744570093399f,-0.7499917486002842f,0.6508074948741928f,0.568400869117393f,-0.5033587752311168f,1.7915218533279293f,0f,0f,0f,1f], start_interpolation: 0, interpolation_duration: 1 }
$data merge entity $(bone_right_arm2) { transformation: [-0.5075409311748745f,0.13685756388734138f,-0.8506892560676687f,0.7930134738317882f,-0.02144011338005239f,0.9849932760663579f,0.1712558543300461f,-2.5986191883255048f,0.8613608562736017f,0.10515822987710352f,-0.4969901628490471f,2.7209100632885104f,0f,0f,0f,1f], start_interpolation: 0, interpolation_duration: 1 }
$data merge entity $(bone_right_arm1) { transformation: [-0.557111157271235f,0.14324825789717513f,-0.9789168003450416f,0.5458105711971658f,0.1414606592657507f,1.1234421537596182f,0.08389049994184977f,-1.0793864524949197f,0.9791767191209406f,-0.08080019003578348f,-0.5690828489474767f,1.9984165091885562f,0f,0f,0f,1f], start_interpolation: 0, interpolation_duration: 1 }
$data merge entity $(bone_left_arm2) { transformation: [-0.5780403047832071f,-0.20334912745781958f,-0.7902648533297431f,2.341375301485944f,-0.8154533146390217f,0.10824047087082485f,0.5686122511078129f,-1.0380918544776903f,-0.03008816528752556f,0.9731048930242852f,-0.22838907478648146f,0.24949097379286211f,0f,0f,0f,1f], start_interpolation: 0, interpolation_duration: 1 }
$data merge entity $(bone_left_arm1) { transformation: [-0.656316596055933f,-0.23088598846773262f,-0.897279885551479f,1.3505348897886051f,-0.9258792843297224f,0.12289803463458236f,0.6456118267786625f,-0.7599344746478056f,-0.034162604336877976f,1.104879513954657f,-0.2593167619971508f,1.3602711053191787f,0f,0f,0f,1f], start_interpolation: 0, interpolation_duration: 1 }
$data merge entity $(bone_body2) { transformation: [-1.1897883086993863f,0.09145828000424269f,-1.040664983529937f,0.6909965431447551f,-0.1718456117434288f,1.5386337009253908f,0.3316924246129343f,-0.5095854828698066f,1.030445200217472f,0.3621963029073404f,-1.146272642940358f,0.7365297313331041f,0f,0f,0f,1f], start_interpolation: 0, interpolation_duration: 1 }
$data merge entity $(bone_right_leg2) { transformation: [-0.9762960071199334f,0.16731008409594855f,-0.1373078375093046f,-1.2128794229641087f,2.168404344971009e-19f,0.6343932841636456f,0.7730104533627368f,-2.0442361333704167f,0.2164396139381028f,0.7546870190800093f,-0.6193556302726685f,-0.9209603058940152f,0f,0f,0f,1f], start_interpolation: 0, interpolation_duration: 1 }
$data merge entity $(bone_right_leg1) { transformation: [-1.3017280094932444f,0.18185768638161837f,-0.22407531988699292f,-0.5981854490654372f,2.8912057932946783e-19f,1.0352786895613009f,0.8402236682681661f,-1.1250037184374906f,0.2885861519174704f,0.820307012417874f,-1.010738450875055f,0.11916016106605753f,0f,0f,0f,1f], start_interpolation: 0, interpolation_duration: 1 }
$data merge entity $(bone_left_leg2) { transformation: [-0.8989082645416502f,0.03887432380592723f,-0.4364088895604106f,1.0794793018355746f,0.017528069596976087f,0.9984493817832343f,0.052835582639740086f,-2.5344637735961593f,0.43778613353431184f,0.03984493650778176f,-0.8981957928646563f,0.1787490568132299f,0f,0f,0f,1f], start_interpolation: 0, interpolation_duration: 1 }
$data merge entity $(bone_left_leg1) { transformation: [-1.3017280094932444f,-0.13949616194904896f,-0.2526317238195116f,0.6221845598344793f,2.8912057932946783e-19f,1.1672157384819537f,-0.6445038383266659f,-1.1250037184374906f,0.2885861519174704f,-0.629226523931795f,-1.1395480649274758f,-0.15138935635657097f,0f,0f,0f,1f], start_interpolation: 0, interpolation_duration: 1 }
$data merge entity $(bone_tail3) { transformation: [-0.9333633402526766f,0.002360943111802335f,-0.35892520254224136f,-1.1488432744794448f,-0.0016189057170544277f,0.9999405050001497f,0.010787289016464809f,-0.5225125700791862f,0.3589293164630683f,0.010649526171069158f,-0.9333039876565867f,-3.51060051811457f,0f,0f,0f,1f], start_interpolation: 0, interpolation_duration: 1 }
$data merge entity $(bone_tail2) { transformation: [-1.4389351495562097f,0.003639787297361933f,-0.5533430205859554f,-0.5929716140777898f,-0.002495812980458909f,1.541574945208564f,0.016630403900383246f,-0.7304299448872176f,0.5533493628805636f,0.01641801951373162f,-1.4388436476372377f,-1.7177861628576618f,0f,0f,0f,1f], start_interpolation: 0, interpolation_duration: 1 }
$data merge entity $(bone_tail1) { transformation: [-0.9522145401243282f,0.002360943111802335f,-0.30542084985055784f,-0.14943514359603105f,-0.0010046023260735523f,0.9999405050001497f,0.010861732560319345f,-0.7418449604417977f,0.3054283227698123f,0.010649526171069158f,-0.9521555163114642f,-0.7442994671229577f,0f,0f,0f,1f], start_interpolation: 0, interpolation_duration: 1 }
$data merge entity $(bone_body1) { transformation: [-1.3017280094932444f,0.00314792414906978f,-0.2885689824844052f,0.5f,2.8912057932946783e-19f,1.3332540066668663f,0.014544121992243165f,-1.1875f,0.2885861519174704f,0.01419936822809221f,-1.3016505631855146f,-0.12499999999999994f,0f,0f,0f,1f], start_interpolation: 0, interpolation_duration: 1 }
data modify entity @s data merge value {"locators":{"head":{"posx":1.8936889677151205,"posy":-0.9808372696447336,"posz":2.5958755318277618,"roty":243.7867858240983,"rotx":45.59722559542329},"neck":{"posx":1.1851634171923708,"posy":-1.161348497299489,"posz":1.966695121749893,"roty":313.3050884617754,"rotx":42.78697253902588},"right_arm":{"posx":1.0497792297798516,"posy":-3.670580398643139,"posz":2.9180819683530306,"roty":300.29435119861256,"rotx":9.860845102940987},"left_arm":{"posx":2.9759843746575854,"posy":-1.3796726187374828,"posz":-0.607538871507712,"roty":286.1194633156503,"rotx":34.65351039095484},"tail1":{"posx":-0.7248329806278478,"posy":-1.4727666992238784,"posz":-2.4122859635577507,"roty":338.9645142378663,"rotx":0.6180781205988434},"tail2":{"posx":-1.353837438743696,"posy":-1.8288666328201213,"posz":-4.049561514270929,"roty":338.9645142378663,"rotx":0.6180781205988434}},"cameras":{}}