# This file was generated by Animated Java via MC-Build. It is not recommended to edit this file directly.
$data merge entity $(bone_jaw) { transformation: [-0.9133128026370351f,0.11281517967936239f,-0.3913214276949289f,-0.4108121554206634f,-0.2107329061366551f,0.6913193758335242f,0.6911361391711088f,0.9631969333091346f,0.3484987328678313f,0.7136877859618025f,-0.6076169659896408f,2.8819365151657004f,0f,0f,0f,1f], start_interpolation: 0, interpolation_duration: 1 }
$data merge entity $(bone_head) { transformation: [-1.0274769029666644f,-0.031721829159537494f,-0.45706666846840277f,-0.5123825261914196f,-0.237074519403737f,0.997183005365147f,0.46373130804423845f,1.066248335096743f,0.3920610744763102f,0.5198507279649671f,-0.9174248386188237f,2.6780643288059616f,0f,0f,0f,1f], start_interpolation: 0, interpolation_duration: 1 }
$data merge entity $(bone_neck) { transformation: [-0.9808409487021666f,0.02811328250638556f,0.1927710473482727f,0.10479406146710069f,0.019657991521715067f,0.9987647219969842f,-0.0456354408724102f,-0.04184697349474331f,-0.19381588355541463f,-0.040971617505332014f,-0.9801819881229357f,2.022106748833199f,0f,0f,0f,1f], start_interpolation: 0, interpolation_duration: 1 }
$data merge entity $(bone_right_arm2) { transformation: [-0.9159463383050516f,0.40124719546775744f,-0.006556940965677403f,-1.7099041175427745f,-0.02716190641808364f,-0.07828899047526428f,-0.9965606177298495f,0.5090870481615598f,-0.40038048926652686f,-0.9126179496917772f,0.08260715292923118f,2.3923606212757145f,0f,0f,0f,1f], start_interpolation: 0, interpolation_duration: 1 }
$data merge entity $(bone_right_arm1) { transformation: [-1.018326474346494f,0.5016714736328117f,-0.02253732753825906f,-0.8347237008322064f,-0.03488196592472594f,-0.12149667018812327f,-1.1283584601228762f,-0.31192039998680643f,-0.5009645167501487f,-1.0113037617950036f,0.1243795050681928f,1.3787891825312424f,0f,0f,0f,1f], start_interpolation: 0, interpolation_duration: 1 }
$data merge entity $(bone_left_arm2) { transformation: [-0.7571677842945695f,-0.6411248149140222f,0.1251236113925472f,1.2434596946049288f,-0.6484277158619378f,0.7608558754288288f,-0.025294942725784392f,-1.048848741270096f,-0.07898381940956382f,-0.1002861332732064f,-0.9918186566830584f,2.4177146866129227f,0f,0f,0f,1f], start_interpolation: 0, interpolation_duration: 1 }
$data merge entity $(bone_left_arm1) { transformation: [-0.8597009217511258f,-0.7279438002669626f,0.1420674337686213f,0.25139092527059814f,-0.7362356357182418f,0.8638884418931493f,-0.02872029955323436f,-0.27024933910059057f,-0.08967954495460892f,-0.11386654715395308f,-1.126127433108889f,1.5795313666567479f,0f,0f,0f,1f], start_interpolation: 0, interpolation_duration: 1 }
$data merge entity $(bone_body2) { transformation: [-1.5529981687784307f,0.09431323800855318f,0.29367694044924303f,0.36769891905883895f,0.031125153242715524f,1.5477244831683297f,-0.332452392804428f,-0.40477313866593434f,-0.3068751489627399f,-0.32030982155112614f,-1.5199255592335525f,0.6548181419587025f,0f,0f,0f,1f], start_interpolation: 0, interpolation_duration: 1 }
$data merge entity $(bone_right_leg2) { transformation: [-0.9859117752183578f,-0.044859257377229296f,0.16113850723321815f,-0.8635408019891684f,0f,0.963365799780954f,0.2681908570634031f,-2.4286523617965825f,-0.16726616957946516f,0.2644125239847126f,-0.9497936858466935f,-1.055666779298968f,0f,0f,0f,1f], start_interpolation: 0, interpolation_duration: 1 }
$data merge entity $(bone_right_leg1) { transformation: [-1.314549033624477f,-0.059116255328341846f,0.21504391256365676f,-0.6079595160652598f,0f,1.285639009396298f,0.35342625156641f,-1.1254070825020757f,-0.22302155943928686f,0.34844710309060917f,-1.2675266380438752f,-0.3201958768955725f,0f,0f,0f,1f], start_interpolation: 0, interpolation_duration: 1 }
$data merge entity $(bone_left_leg2) { transformation: [-0.9999492215790546f,0.002538279743818067f,-0.0097525073383751f,0.9160434472837405f,0.002629462442747532f,0.9999528469726472f,-0.009348248956875416f,-2.5204078956693268f,0.00972831900716234f,-0.009373418119323795f,-0.9999087452573137f,0.4119756869924101f,0f,0f,0f,1f], start_interpolation: 0, interpolation_duration: 1 }
$data merge entity $(bone_left_leg1) { transformation: [-1.314549033624477f,0.11410124301911895f,0.19162338666306705f,0.6244302029576876f,0f,1.1456195065914405f,-0.6821537391929782f,-1.1254070825020757f,-0.22302155943928686f,-0.6725434039795899f,-1.1294797614683463f,-0.11111316492124107f,0f,0f,0f,1f], start_interpolation: 0, interpolation_duration: 1 }
$data merge entity $(bone_tail3) { transformation: [-0.6505088809526944f,0.01905969688628477f,0.7592594574691028f,1.7686959942002898f,-0.07300624289634922f,0.9934866799667902f,-0.08748888630405544f,-0.9286727463012191f,-0.7559816692882392f,-0.11234297789878826f,-0.6448804315661935f,-3.1841819477778133f,0f,0f,0f,1f], start_interpolation: 0, interpolation_duration: 1 }
$data merge entity $(bone_tail2) { transformation: [-1.0028678581354038f,0.02938369936635568f,1.1705249969315334f,0.26019720816045666f,-0.11255129113187169f,1.5316252982821348f,-0.1348786997187521f,-0.960035617336932f,-1.165471740152702f,-0.1731954242606319f,-0.9941906653312148f,-2.0484645388962077f,0f,0f,0f,1f], start_interpolation: 0, interpolation_duration: 1 }
$data merge entity $(bone_tail1) { transformation: [-0.973556819885158f,0.01905969688628477f,0.22764851506148895f,0.14001526339326942f,-0.007142468065429603f,0.9934866799667902f,-0.11372423610866329f,-0.8383108079632985f,-0.2283333168966639f,-0.11234297789878826f,-0.9670795994703849f,-0.9924007998468405f,0f,0f,0f,1f], start_interpolation: 0, interpolation_duration: 1 }
$data merge entity $(bone_body1) { transformation: [-1.314549033624477f,0.025412929181713024f,0.22156894864835325f,0.5f,0f,1.3246489066223868f,-0.15193107635336742f,-1.1875f,-0.22302155943928686f,-0.14979063719838434f,-1.305986955069134f,-0.12499999999999994f,0f,0f,0f,1f], start_interpolation: 0, interpolation_duration: 1 }
data modify entity @s data merge value {"locators":{"head":{"posx":-0.36779632430600906,"posy":0.38344352432603956,"posz":2.644098601775098,"roty":333.5172332506845,"rotx":24.34346310010874},"neck":{"posx":-0.42026527474241127,"posy":-0.40085031837370355,"posz":2.063085912135358,"roty":11.126283214091757,"rotx":-2.615626575628824},"right_arm":{"posx":-2.165119488671759,"posy":1.0839587283506185,"posz":3.2386512139237182,"roty":184.5383361207447,"rotx":-85.24662138185646},"left_arm":{"posx":1.8693456903410879,"posy":-1.7565304130946613,"posz":3.018846636940756,"roty":7.190207022720784,"rotx":-1.4494480569649728},"tail1":{"posx":0.8492069226248381,"posy":-1.756173456284019,"posz":-2.313064893512845,"roty":49.65694186458754,"rotx":-5.019160912404662},"tail2":{"posx":2.170763586863411,"posy":-2.2818365123036624,"posz":-3.3994770320416374,"roty":49.65694186458754,"rotx":-5.019160912404662}},"cameras":{}}