# This file was generated by Animated Java via MC-Build. It is not recommended to edit this file directly.
$data merge entity $(bone_jaw) { transformation: [-0.4439306837033052f,0.8063224500883169f,-0.39085758857963804f,2.121304253870397f,-0.6227583995197155f,0.035999361929813234f,0.7815855818579873f,-0.672786338635213f,0.6442806251117275f,0.5903796680308526f,0.4861628571594311f,3.1382516468988992f,0f,0f,0f,1f], start_interpolation: 0, interpolation_duration: 1 }
$data merge entity $(bone_head) { transformation: [-0.4994220191662183f,0.6868258497638919f,-0.7378840687181456f,1.9573300163774756f,-0.7006031994596799f,0.3556039067856566f,0.8051869462340021f,-0.49385590613876806f,0.7248157032506934f,0.816970693216645f,0.26986308148080684f,3.198221220561301f,0f,0f,0f,1f], start_interpolation: 0, interpolation_duration: 1 }
$data merge entity $(bone_neck) { transformation: [-0.7838910960180354f,0.34365146486862047f,-0.5171251495308407f,1.5639816989697761f,-0.09946832615348117f,0.7526038724701719f,0.6509174012385333f,-0.7148929690552768f,0.612879108532725f,0.5616859281097866f,-0.5557770384673874f,1.843421523923538f,0f,0f,0f,1f], start_interpolation: 0, interpolation_duration: 1 }
$data merge entity $(bone_right_arm2) { transformation: [-0.5696741692689938f,0.0469215863044184f,-0.8205301369275589f,0.7756784517817935f,-0.009554868449697886f,0.997923386767572f,0.06369943980324852f,-2.4792300689910833f,0.8218150919498804f,0.04412798297017138f,-0.5680428467663277f,2.8382316816850652f,0f,0f,0f,1f], start_interpolation: 0, interpolation_duration: 1 }
$data merge entity $(bone_right_arm1) { transformation: [-0.6414506722508423f,0.05628949132318029f,-0.9351703241548911f,0.4611329802118268f,0.14990078598387954f,1.1249302961370484f,-0.03510826311385624f,-1.0397251775428247f,0.9247928397077917f,-0.14329804235939236f,-0.6429579159055501f,2.0030543381568378f,0f,0f,0f,1f], start_interpolation: 0, interpolation_duration: 1 }
$data merge entity $(bone_left_arm2) { transformation: [-0.5740592198688248f,-0.2652183146382361f,-0.7746710641711421f,2.3581873888718246f,-0.8182720946026769f,0.15141008046206053f,0.5545320249805417f,-1.0600402995935294f,-0.029779040920484917f,0.9522259359600145f,-0.3039390985163478f,0.3664608901548383f,0f,0f,0f,1f], start_interpolation: 0, interpolation_duration: 1 }
$data merge entity $(bone_left_arm1) { transformation: [-0.651796405892728f,-0.30113329474549716f,-0.8795744374443174f,1.2981084880824718f,-0.9290797740801227f,0.17191352885796454f,0.6296249033633232f,-0.7357838313762892f,-0.033811619378467245f,1.0811731981212662f,-0.3450975181071032f,1.3979933505847164f,0f,0f,0f,1f], start_interpolation: 0, interpolation_duration: 1 }
$data merge entity $(bone_body2) { transformation: [-1.2411609020285561f,0.06439743227552977f,-0.9809775891611509f,0.6708153049046972f,-0.15749151640967854f,1.5465023136045326f,0.3007847415000507f,-0.5028582292830412f,0.9703919218434813f,0.33335867946791325f,-1.2058838888088557f,0.7354469927891332f,0f,0f,0f,1f], start_interpolation: 0, interpolation_duration: 1 }
$data merge entity $(bone_right_leg2) { transformation: [-0.9808589873571482f,0.14661095401034985f,-0.12814396234269027f,-1.1911996766371793f,0f,0.6580954884385112f,0.7529344779573303f,-2.067398548597341f,0.19471940560896786f,0.73852254959551f,-0.6454988743741059f,-0.9406783436574198f,0f,0f,0f,1f], start_interpolation: 0, interpolation_duration: 1 }
$data merge entity $(bone_right_leg1) { transformation: [-1.307811983142864f,0.1594745439319441f,-0.20487426476598916f,-0.6034266578970926f,0f,1.052151243607502f,0.8189966656543628f,-1.1250003325957443f,0.2596258741452905f,0.8033202401226192f,-1.0320120033514186f,0.09425932640690496f,0f,0f,0f,1f], start_interpolation: 0, interpolation_duration: 1 }
$data merge entity $(bone_left_leg2) { transformation: [-0.9091675280326016f,0.036704748004004306f,-0.4148097967081432f,1.0741110146489021f,0.01775636749247786f,0.9986189653648689f,0.04944566135739925f,-2.531964748536004f,0.41605182055191225f,0.03758887451841397f,-0.90856367918153f,0.19916876100098357f,0f,0f,0f,1f], start_interpolation: 0, interpolation_duration: 1 }
$data merge entity $(bone_left_leg1) { transformation: [-1.307811983142864f,-0.126828522358941f,-0.22653944566444453f,0.6226470762993426f,0f,1.1634148376529923f,-0.6513399214746773f,-1.1250003325957443f,0.2596258741452905f,-0.6388726158029364f,-1.141145899536595f,-0.14913993060430486f,0f,0f,0f,1f], start_interpolation: 0, interpolation_duration: 1 }
$data merge entity $(bone_tail3) { transformation: [-0.9941560355467518f,0.0006352460751841033f,-0.1079507917913948f,-0.4855468638234345f,0.0002860964095344374f,0.9999946784680925f,0.003249797584559207f,-0.5505151492367747f,0.10795228174897259f,0.0031999215490568743f,-0.9941509268553089f,-3.6736483267723834f,0f,0f,0f,1f], start_interpolation: 0, interpolation_duration: 1 }
$data merge entity $(bone_tail2) { transformation: [-1.5326572214679088f,0.0009793376992421592f,-0.16642413734506697f,-0.4075277422970102f,0.0004410652980322576f,1.5416584626383092f,0.005010104609528777f,-0.7440717598693988f,0.1664264343629994f,0.004933212388129347f,-1.5326493455686012f,-1.7967212889905058f,0f,0f,0f,1f], start_interpolation: 0, interpolation_duration: 1 }
$data merge entity $(bone_tail1) { transformation: [-0.9903105211347741f,0.0006352460751841033f,-0.13886924854767424f,-0.13619035057325957f,0.00018471689764841366f,0.9999946784680925f,0.0032571329668710947f,-0.7475555532589053f,0.1388705786314707f,0.0031999215490568743f,-0.9903053685064219f,-0.7618806572813663f,0f,0f,0f,1f], start_interpolation: 0, interpolation_duration: 1 }
$data merge entity $(bone_body1) { transformation: [-1.307811983142864f,0.0008469947669121377f,-0.2596244925379172f,0.5f,0f,1.3333262379574566f,0.004349822064540695f,-1.1875f,0.2596258741452905f,0.004266562065409166f,-1.307805023579667f,-0.12499999999999994f,0f,0f,0f,1f], start_interpolation: 0, interpolation_duration: 1 }
data modify entity @s data merge value {"locators":{"head":{"posx":1.7807278967081317,"posy":-0.9150766727513557,"posz":2.6693866461407185,"roty":249.91124098491153,"rotx":45.702378813809126},"neck":{"posx":1.1078074953263808,"posy":-1.1282182594631485,"posz":2.008700984957154,"roty":317.06321956942463,"rotx":40.61080575600807},"right_arm":{"posx":1.1034172983618424,"posy":-3.5096003549383856,"posz":3.1294885653449254,"roty":304.6943756658818,"rotx":3.6521817636353036},"left_arm":{"posx":3.046619936837433,"posy":-1.4375743866331936,"posz":-0.43193430648947206,"roty":291.4223615483383,"rotx":33.67848787315184},"tail1":{"posx":-0.3579508417666383,"posy":-1.4918692949322756,"posz":-2.4960940275839447,"roty":353.80276601728985,"rotx":0.18620001361681063},"tail2":{"posx":-0.5471029446797732,"posy":-1.8611801535848316,"posz":-4.237058120161632,"roty":353.80276601728985,"rotx":0.18620001361681063}},"cameras":{}}