# This file was generated by Animated Java via MC-Build. It is not recommended to edit this file directly.
$data merge entity $(bone_jaw) { transformation: [-0.47176080788555436f,0.769170442224713f,-0.4310667824722847f,2.01992278084267f,-0.6011846866009423f,0.07703138181501368f,0.7953886715387617f,-0.612164635734757f,0.6449951261363883f,0.6343839507928213f,0.4260731043339807f,3.1955370753066354f,0f,0f,0f,1f], start_interpolation: 0, interpolation_duration: 1 }
$data merge entity $(bone_head) { transformation: [-0.5307309088712486f,0.6388099592448582f,-0.7588620021705398f,1.8512867803603277f,-0.67633277242606f,0.3965389967425254f,0.8068183221797274f,-0.43287167525037307f,0.7256195169034368f,0.8368414784366355f,0.19697120768479964f,3.2393084547921465f,0f,0f,0f,1f], start_interpolation: 0, interpolation_duration: 1 }
$data merge entity $(bone_neck) { transformation: [-0.8051436732902155f,0.31131296746663606f,-0.5048048153968578f,1.5129346765621876f,-0.09436381217298936f,0.7730721310595599f,0.6272598752759587f,-0.6974302597529444f,0.5855246675528873f,0.5526696268713776f,-0.5930574569305513f,1.877475458708791f,0f,0f,0f,1f], start_interpolation: 0, interpolation_duration: 1 }
$data merge entity $(bone_right_arm2) { transformation: [-0.6118359109100306f,0.018370358415420444f,-0.7907713626912535f,0.712543608484918f,-0.004633707567156586f,0.9996298740233628f,0.02680753092356153f,-2.422351701448168f,0.790971141619639f,0.020066013349059282f,-0.6115243316771625f,2.881999579844945f,0f,0f,0f,1f], start_interpolation: 0, interpolation_duration: 1 }
$data merge entity $(bone_right_arm1) { transformation: [-0.6929730874169066f,0.03374480455076685f,-0.8987884040340945f,0.4038666609953847f,0.1490193968543277f,1.123243320302712f,-0.07272324044592353f,-1.0156029987111816f,0.8869907138304757f,-0.16234758546283884f,-0.6899722762671943f,2.0044758845903217f,0f,0f,0f,1f], start_interpolation: 0, interpolation_duration: 1 }
$data merge entity $(bone_left_arm2) { transformation: [-0.5870475803883537f,-0.30419530089365304f,-0.750226870536106f,2.3617386194956653f,-0.8094127711537065f,0.20333638866946793f,0.550913131932918f,-1.116878422606204f,-0.015036763396990643f,0.9306554313799917f,-0.36558769644158434f,0.4576385013032179f,0f,0f,0f,1f], start_interpolation: 0, interpolation_duration: 1 }
$data merge entity $(bone_left_arm1) { transformation: [-0.6665436068992765f,-0.3453884145563352f,-0.8518200925878703f,1.2632489447078121f,-0.9190207505807708f,0.23087152463512503f,0.6255159518821672f,-0.7241881252591796f,-0.017072991773666456f,1.0566816877126988f,-0.41509436366804886f,1.4230832251243082f,0f,0f,0f,1f], start_interpolation: 0, interpolation_duration: 1 }
$data merge entity $(bone_body2) { transformation: [-1.2748108160428413f,0.04904601635266206f,-0.9377613321227122f,0.6596100717526465f,-0.14940936927389983f,1.5504360274013742f,0.284199594921361f,-0.5006083654454472f,0.9270807236254051f,0.31731224001009584f,-1.2436955892284958f,0.7358052958562056f,0f,0f,0f,1f], start_interpolation: 0, interpolation_duration: 1 }
$data merge entity $(bone_right_leg2) { transformation: [-0.9832407331721835f,0.1331425986745185f,-0.12454199713037785f,-1.17643604053786f,1.3552527156068805e-20f,0.6831256634789087f,0.7303008475255255f,-2.095300990943687f,0.18231198707442944f,0.7180615407572648f,-0.6716769782077364f,-0.9386612627350608f,0f,0f,0f,1f], start_interpolation: 0, interpolation_duration: 1 }
$data merge entity $(bone_right_leg1) { transformation: [-1.310987644229578f,0.14447820193271008f,-0.1954871443892156f,-0.6061379046733659f,1.807003620809174e-20f,1.0722670929444007f,0.7924777972702716f,-1.125000015098225f,0.24308264943257257f,0.779196450410699f,-1.0542966826230584f,0.08014370020084247f,0f,0f,0f,1f], start_interpolation: 0, interpolation_duration: 1 }
$data merge entity $(bone_left_leg2) { transformation: [-0.9171491070183563f,0.03155182130520067f,-0.3972933400747567f,1.066784809267857f,0.014070556691805791f,0.9988032956143784f,0.04684011212880623f,-2.537133028254915f,0.3982957882401146f,0.03736922854677538f,-0.916495502350123f,0.18921911600358254f,0f,0f,0f,1f], start_interpolation: 0, interpolation_duration: 1 }
$data merge entity $(bone_left_leg1) { transformation: [-1.310987644229578f,-0.11613357965045508f,-0.21354663690334813f,0.6229130117918633f,1.807003620809174e-20f,1.1713252668140082f,-0.6370046287907726f,-1.125000015098225f,0.24308264943257257f,-0.6263288982463139f,-1.1516947141253089f,-0.14774628364219433f,0f,0f,0f,1f], start_interpolation: 0, interpolation_duration: 1 }
$data merge entity $(bone_tail3) { transformation: [-0.9965401942867123f,0.0001267223254462879f,-0.08311212373928407f,-0.40952539148343325f,0.00006948205452301132f,0.9999997584284002f,0.0006916034885630338f,-0.55994816973008f,0.0831121913033577f,0.0006834358737487975f,-0.9965399623558306f,-3.6899599211040117f,0f,0f,0f,1f], start_interpolation: 0, interpolation_duration: 1 }
$data merge entity $(bone_tail2) { transformation: [-1.536332799525348f,0.00019536358506302718f,-0.1281311907647296f,-0.3782814441941358f,0.00010711816738964244f,1.5416662942437835f,0.0010662220448680105f,-0.7487361957196453f,0.12813129492600978f,0.0010536303053627293f,-1.5363324419652387f,-1.8111866120002373f,0f,0f,0f,1f], start_interpolation: 0, interpolation_duration: 1 }
$data merge entity $(bone_tail1) { transformation: [-0.9929589355662154f,0.0001267223254462879f,-0.11845900649870734f,-0.12829888284348234f,0.000044870901101354364f,0.9999997584284002f,0.0006936351660113908f,-0.7494787919461701f,0.11845906578143685f,0.0006834358737487975f,-0.9929587013816816f,-0.7709753750048802f,0f,0f,0f,1f], start_interpolation: 0, interpolation_duration: 1 }
$data merge entity $(bone_body1) { transformation: [-1.310987644229578f,0.00016896310059505052f,-0.2430825907107081f,0.5f,1.807003620809174e-20f,1.3333330112378667f,0.0009267799847196596f,-1.1875f,0.24308264943257257f,0.0009112478316650633f,-1.3109873275321955f,-0.12499999999999994f,0f,0f,0f,1f], start_interpolation: 0, interpolation_duration: 1 }
data modify entity @s data merge value {"locators":{"head":{"posx":1.7071873591605564,"posy":-0.8772873184905892,"posz":2.7196822979704605,"roty":255.44933040352527,"rotx":45.821473403058874},"neck":{"posx":1.0567210790416985,"posy":-1.112921699396269,"posz":2.037118864524787,"roty":319.5958901442806,"rotx":38.84824919242179},"right_arm":{"posx":1.0513191869832474,"posy":-3.435674947656259,"posz":3.2171314286856942,"roty":307.7157259702604,"rotx":1.5361424084112465},"left_arm":{"posx":3.0777378294316433,"posy":-1.5450830790450243,"posz":-0.28928328414366977,"roty":295.98010632175425,"rotx":33.429680211166705},"tail1":{"posx":-0.31094854672313926,"posy":-1.4982692223993739,"posz":-2.507209436938102,"roty":355.23252550696384,"rotx":0.03962596415013796},"tail2":{"posx":-0.4564422841389288,"posy":-1.8720588257050386,"posz":-4.2514106595134615,"roty":355.23252550696384,"rotx":0.03962596415013796}},"cameras":{}}