# This file was generated by Animated Java via MC-Build. It is not recommended to edit this file directly.
$data merge entity $(bone_jaw) { transformation: [-0.8264892633898043f,0.2325796427230757f,-0.5126618839861076f,0.056966646573008456f,-0.3135261350167137f,0.5661926717006656f,0.7623170083199925f,0.6135440225598285f,0.46756481920997855f,0.7907797217324612f,-0.3950323677040545f,3.205885014049967f,0f,0f,0f,1f], start_interpolation: 0, interpolation_duration: 1 }
$data merge entity $(bone_head) { transformation: [-0.9298004213135299f,0.047622324801376424f,-0.6315285351476169f,-0.08337302790423973f,-0.35271690189380295f,0.8927942804949882f,0.5866294911047972f,0.7439061316942279f,0.5260104216112259f,0.6828436767635389f,-0.7229540438094473f,3.0452285598700897f,0f,0f,0f,1f], start_interpolation: 0, interpolation_duration: 1 }
$data merge entity $(bone_neck) { transformation: [-0.9999829124159223f,0.00012949273907859773f,0.005844493801899753f,0.42122949348249394f,0.0008818831037693429f,0.9916549660204411f,0.1289172240206446f,-0.20542296673760188f,-0.0057790274580767215f,0.12892017529707406f,-0.9916381352302919f,2.1054344024713747f,0f,0f,0f,1f], start_interpolation: 0, interpolation_duration: 1 }
$data merge entity $(bone_right_arm2) { transformation: [-0.994322258461751f,0.10639835914066785f,0.0016234222176235496f,-1.1526227922882997f,0.031068639322710884f,0.3048689385360474f,-0.9518874250490648f,-0.16480984699434115f,-0.10177419112013866f,-0.946432416756779f,-0.3064436237446689f,3.094067585452117f,0f,0f,0f,1f], start_interpolation: 0, interpolation_duration: 1 }
$data merge entity $(bone_right_arm1) { transformation: [-1.1186615644616866f,0.1942583265627114f,-0.005568994669707225f,-0.6075111650257679f,0.05679001135199891f,0.2956475131966889f,-1.094777808276957f,-0.47716417181348003f,-0.18585533554680658f,-1.0789009488577312f,-0.30100090323305545f,1.6267095336835737f,0f,0f,0f,1f], start_interpolation: 0, interpolation_duration: 1 }
$data merge entity $(bone_left_arm2) { transformation: [-0.7083303897517964f,-0.6975887866263651f,-0.10787930166266252f,1.6974677197670527f,-0.70525907784299f,0.6929782972939609f,0.14963526522721193f,-1.1769674678622202f,-0.02962586832691158f,0.1820740625479595f,-0.9828384117814882f,2.0686608043432884f,0f,0f,0f,1f], start_interpolation: 0, interpolation_duration: 1 }
$data merge entity $(bone_left_arm1) { transformation: [-0.8042501300306854f,-0.792053934815352f,-0.12248795709614806f,0.4863621706294316f,-0.8007629113008948f,0.7868191083858513f,0.16989837406006353f,-0.3849526696461226f,-0.03363770466284752f,0.20672992518466232f,-1.1159311133768979f,1.6226735194855522f,0f,0f,0f,1f], start_interpolation: 0, interpolation_duration: 1 }
$data merge entity $(bone_body2) { transformation: [-1.5833062779918772f,0.0023986478270277304f,0.00893985483974151f,0.42925125717277135f,0.0013963149143014597f,1.573640155048887f,-0.1749261477504729f,-0.4263548701577241f,-0.009150126808621477f,-0.17491527477828256f,-1.57361538066742f,0.6836618308698337f,0f,0f,0f,1f], start_interpolation: 0, interpolation_duration: 1 }
$data merge entity $(bone_right_leg2) { transformation: [-0.9961946980917455f,-0.033353058785002665f,0.08052140686538055f,-0.9253731961068585f,0f,0.9238795325112868f,0.3826834323650898f,-2.369164678959738f,-0.0871557427476583f,0.38122720636965357f,-0.9203638919632244f,-1.043479686049287f,0f,0f,0f,1f], start_interpolation: 0, interpolation_duration: 1 }
$data merge entity $(bone_right_leg1) { transformation: [-1.3282595974556606f,-0.03974535950161228f,0.10919947775878597f,-0.6202442776348451f,0f,1.252923494381211f,0.45602685776755836f,-1.125237831369266f,-0.11620765699687774f,0.45429153789548016f,-1.2481557422171456f,-0.22847671614320714f,0f,0f,0f,1f], start_interpolation: 0, interpolation_duration: 1 }
$data merge entity $(bone_left_leg2) { transformation: [-0.9950067123539421f,0.004952331962447029f,-0.09968508804597237f,0.9595161314472287f,0.004634651645806481f,0.9999834179294549f,0.0034181676739076794f,-2.526399349309396f,0.0997003629618346f,0.0029390941221148492f,-0.9950131654159253f,0.35956320643054823f,0f,0f,0f,1f], start_interpolation: 0, interpolation_duration: 1 }
$data merge entity $(bone_left_leg1) { transformation: [-1.3282595974556606f,0.05810382849843888f,0.10063878307356461f,0.6249990949798367f,0f,1.1547005383792515f,-0.6666666666666666f,-1.125237831369266f,-0.11620765699687774f,-0.6641297987278303f,-1.1503065542170945f,-0.11953203770863423f,0f,0f,0f,1f], start_interpolation: 0, interpolation_duration: 1 }
$data merge entity $(bone_tail3) { transformation: [-0.7620653519549754f,0.007596123493895982f,0.6474555569748438f,1.3193708540891216f,-0.05045093525767126f,0.9961946980917455f,-0.07106916789665006f,-0.8494622126965563f,-0.6455316432843289f,-0.0868240888334652f,-0.7587822316823668f,-3.3732288052527384f,0f,0f,0f,1f], start_interpolation: 0, interpolation_duration: 1 }
$data merge entity $(bone_tail2) { transformation: [-1.174850750930587f,0.011710690386422971f,0.9981606503362175f,0.008709242611812051f,-0.07777852518890986f,1.5358001595581077f,-0.10956496717400217f,-0.9093003956897486f,-0.995194616730007f,-0.13385380361825883f,-1.1697892738436486f,-2.014924059602567f,0f,0f,0f,1f], start_interpolation: 0, interpolation_duration: 1 }
$data merge entity $(bone_tail1) { transformation: [-0.9982037797174835f,0.007596123493895982f,0.05942653502935695f,0.07034402160780573f,0.0023941089465510956f,0.9961946980917455f,-0.08712285427055301f,-0.8170316266456049f,-0.0598621950823886f,-0.0868240888334652f,-0.9944234989169136f,-0.9508663176180481f,0f,0f,0f,1f], start_interpolation: 0, interpolation_duration: 1 }
$data merge entity $(bone_body1) { transformation: [-1.3282595974556606f,0.010128164658527975f,0.11576545177795375f,0.5f,0f,1.3282595974556606f,-0.11620765699687757f,-1.1875f,-0.11620765699687774f,-0.11576545177795358f,-1.3232051686748054f,-0.12499999999999994f,0f,0f,0f,1f], start_interpolation: 0, interpolation_duration: 1 }
data modify entity @s data merge value {"locators":{"head":{"posx":0.0655947180804447,"posy":0.08495667277901298,"posz":2.8666915293929702,"roty":318.8615204369851,"rotx":31.429459997426278},"neck":{"posx":-0.0795410842278591,"posy":-0.5929672904459632,"posz":2.17815458990972,"roty":0.33768462412606937,"rotx":7.4070273241250675},"right_arm":{"posx":-1.3219780036916386,"posy":0.008206716951813242,"posz":4.187360927136222,"roty":0.3035284929885904,"rotx":-72.15470430377408},"left_arm":{"posx":2.4932668065842365,"posy":-1.9006847054046,"posz":2.379857564456505,"roty":353.7361180902752,"rotx":8.605790243528418},"tail1":{"posx":0.5433960144059671,"posy":-1.6990001052802959,"posz":-2.390777321848554,"roty":40.4735443004156,"rotx":-4.075398985269846},"tail2":{"posx":1.6735946928017327,"posy":-2.196944160883838,"posz":-3.6860871939801467,"roty":40.4735443004156,"rotx":-4.075398985269846}},"cameras":{}}