# This file was generated by Animated Java via MC-Build. It is not recommended to edit this file directly.
$data merge entity $(bone_jaw) { transformation: [-0.6447537172859703f,0.5050011371199375f,-0.5738174758174353f,1.5550484066703238f,-0.4552574990453274f,0.3493264523843622f,0.8189698646638651f,-0.3486386248353501f,0.6140303360656674f,0.7892685735363636f,0.004676025979131027f,3.405627944732908f,0f,0f,0f,1f], start_interpolation: 0, interpolation_duration: 1 }
$data merge entity $(bone_head) { transformation: [-0.7253479319467167f,0.3690293101491507f,-0.7767320940140577f,1.3824412746672f,-0.5121646864259933f,0.6308761218818296f,0.778015200891028f,-0.17574635797067717f,0.6907841280738758f,0.8552413034285616f,-0.23875636391734195f,3.3525709749734984f,0f,0f,0f,1f], start_interpolation: 0, interpolation_duration: 1 }
$data merge entity $(bone_neck) { transformation: [-0.8853348877493834f,0.1742538128675109f,-0.4310658247123299f,1.2897230597913931f,-0.074900561033645f,0.861555510202714f,0.5021075669577051f,-0.645736408891103f,0.4588812945529942f,0.47682041854400037f,-0.7497134425691544f,2.007366460906563f,0f,0f,0f,1f], start_interpolation: 0, interpolation_duration: 1 }
$data merge entity $(bone_right_arm2) { transformation: [-0.7741414599319488f,0.010735481098377214f,-0.63292159819366f,0.28648747647752393f,0.0026053037879227334f,0.9999017465659816f,0.013773511043744413f,-2.2999398951224874f,0.6330072767406416f,0.009013692910561096f,-0.7740933670646656f,2.878390348444916f,0f,0f,0f,1f], start_interpolation: 0, interpolation_duration: 1 }
$data merge entity $(bone_right_arm1) { transformation: [-0.8759642079307448f,0.053656044706261175f,-0.7204017922209707f,0.16045718726268554f,0.12102122695851848f,1.1271780971109924f,-0.06320132089712248f,-0.9202107476137239f,0.7121878797018112f,-0.12554510426203797f,-0.8753272860742528f,1.9907141282776644f,0f,0f,0f,1f], start_interpolation: 0, interpolation_duration: 1 }
$data merge entity $(bone_left_arm2) { transformation: [-0.7131514280212321f,-0.40722252633454203f,-0.5706004335408364f,2.2621092254651214f,-0.6968308445242377f,0.5005536013999209f,0.5136855713811777f,-1.4846272719788436f,0.0764317658497759f,0.7639475807745466f,-0.6407357325745171f,0.9355559890571269f,0f,0f,0f,1f], start_interpolation: 0, interpolation_duration: 1 }
$data merge entity $(bone_left_arm1) { transformation: [-0.8097240172324405f,-0.46236724344234453f,-0.6478692422494913f,1.1124820403350748f,-0.7911933547202281f,0.5683369015894935f,0.5832471591723787f,-0.6922514787307121f,0.08678190080859971f,0.8673988156710997f,-0.7275020296939828f,1.521616299506794f,0f,0f,0f,1f], start_interpolation: 0, interpolation_duration: 1 }
$data merge entity $(bone_body2) { transformation: [-1.401780238936524f,0.001239120123666986f,-0.73617597811449f,0.6213038512351983f,-0.11859255496993792f,1.5622716226171338f,0.22844611512427865f,-0.5f,0.7265620497089076f,0.2573913094706037f,-1.3830407608513369f,0.7415508500229568f,0f,0f,0f,1f], start_interpolation: 0, interpolation_duration: 1 }
$data merge entity $(bone_right_leg2) { transformation: [-0.9903438285976649f,0.08121089846262136f,-0.11235609075351807f,-1.1170287910901004f,0f,0.810457198252595f,0.5857978574564388f,-2.249340262515972f,0.13863297284022652f,0.5801412929377188f,-0.8026312846320116f,-0.8565322022106767f,0f,0f,0f,1f], start_interpolation: 0, interpolation_duration: 1 }
$data merge entity $(bone_right_leg1) { transformation: [-1.3204584381302198f,0.0864672709726162f,-0.16337289248533968f,-0.614136807172373f,0f,1.1784562441261772f,0.6237136029122674f,-1.125f,0.18484396378696868f,0.6176909174565786f,-1.1670768686427428f,0.030962094445254884f,0f,0f,0f,1f], start_interpolation: 0, interpolation_duration: 1 }
$data merge entity $(bone_left_leg2) { transformation: [-0.9514491177571742f,0.0017046540225606338f,-0.3078013490447341f,1.0293556256573448f,-0.009670351542682878f,0.9993254930920754f,0.03542658828226708f,-2.57526282160012f,0.3076541249847559f,0.036683143416884334f,-0.9507908741510516f,0.04987958677152671f,0f,0f,0f,1f], start_interpolation: 0, interpolation_duration: 1 }
$data merge entity $(bone_left_leg1) { transformation: [-1.3204584381302198f,-0.06898663174146549f,-0.171488004214422f,0.6237929785747081f,0f,1.2369929079719055f,-0.49762066215641265f,-1.125f,0.18484396378696868f,-0.4928155517492868f,-1.2250482924290558f,-0.14232912160502825f,0f,0f,0f,1f], start_interpolation: 0, interpolation_duration: 1 }
$data merge entity $(bone_tail3) { transformation: [-0.9978543465501397f,0f,-0.06547291860757147f,-0.3188646417576031f,0f,1f,0f,-0.5625f,0.06547291860757147f,0f,-0.9978543465501397f,-3.7242091310157583f,0f,0f,0f,1f], start_interpolation: 0, interpolation_duration: 1 }
$data merge entity $(bone_tail2) { transformation: [-1.5383587842647986f,0f,-0.10093741618667268f,-0.32083471268717406f,0f,1.5416666666666665f,0f,-0.75f,0.10093741618667268f,0f,-1.5383587842647986f,-1.8450481164083f,0f,0f,0f,1f], start_interpolation: 0, interpolation_duration: 1 }
$data merge entity $(bone_tail1) { transformation: [-0.9958056284493729f,0f,-0.09149399077835307f,-0.0991466439290023f,0f,1f,0f,-0.75f,0.09149399077835307f,0f,-0.9958056284493729f,-0.7984413850281353f,0f,0f,0f,1f], start_interpolation: 0, interpolation_duration: 1 }
$data merge entity $(bone_body1) { transformation: [-1.3204584381302198f,0f,-0.18484396378696868f,0.5f,0f,1.3333333333333333f,0f,-1.1875f,0.18484396378696868f,0f,-1.3204584381302198f,-0.12499999999999994f,0f,0f,0f,1f], start_interpolation: 0, interpolation_duration: 1 }
data modify entity @s data merge value {"locators":{"head":{"posx":1.39318390625491,"posy":-0.7423484259303125,"posz":2.943758129712448,"roty":287.0866813136489,"rotx":43.75444284592016},"neck":{"posx":0.835593664180426,"posy":-1.0690334516036564,"posz":2.151713631550204,"roty":330.1022126737713,"rotx":30.13953374004},"right_arm":{"posx":0.5438289532302298,"posy":-3.306565565723596,"posz":3.2959862938629776,"roty":320.7295531052729,"rotx":0.7891890060140482},"left_arm":{"posx":2.9992039328214086,"posy":-2.1984717312865882,"posz":0.48719928920422784,"roty":318.3136757439679,"rotx":30.909637154849126},"tail1":{"posx":-0.24111555091111198,"posy":-1.5,"posz":-2.5392570944874673,"roty":356.24599277427234,"rotx":0},"tail2":{"posx":-0.35569315847436206,"posy":-1.875,"posz":-4.285502200950212,"roty":356.24599277427234,"rotx":0}},"cameras":{}}