# This file was generated by Animated Java via MC-Build. It is not recommended to edit this file directly.
$data merge entity $(bone_jaw) { transformation: [-0.9714406339352324f,-0.016445063266611572f,-0.23671217677523684f,0.3648794760196765f,-0.09380382342526411f,0.9429484323968655f,0.31945124283855225f,0.368051660748608f,0.21795398012038164f,0.33253242508731523f,-0.9175610327467232f,3.420647345609063f,0f,0f,0f,1f], start_interpolation: 0, interpolation_duration: 1 }
$data merge entity $(bone_head) { transformation: [-1.0928707131771365f,-0.03732021406936496f,-0.2643214064382868f,0.3061413857000572f,-0.10552930135342212f,1.0836118617429031f,0.2833264894886072f,0.4310131028571874f,0.24519822763542934f,0.30002922309651103f,-1.056165372682019f,3.1859439294575034f,0f,0f,0f,1f], start_interpolation: 0, interpolation_duration: 1 }
$data merge entity $(bone_neck) { transformation: [-0.9924067283300052f,-0.00296554379056747f,-0.12296377968882322f,0.7055875691453689f,-0.020182925965200865f,0.9900848998095712f,0.13901273563438238f,-0.497912792504946f,0.12133233313844438f,0.1404389430289821f,-0.982626769539729f,2.177677135668958f,0f,0f,0f,1f], start_interpolation: 0, interpolation_duration: 1 }
$data merge entity $(bone_right_arm2) { transformation: [-0.9859052104515644f,0.00581133021013268f,-0.1672039008086983f,-0.6264499025761929f,0.005161090556131641f,0.9999773363759296f,0.004323179243610654f,-1.9916937369151804f,0.16722523478448947f,0.0033992904685796483f,-0.9859128590679719f,2.5570695718428453f,0f,0f,0f,1f], start_interpolation: 0, interpolation_duration: 1 }
$data merge entity $(bone_right_arm1) { transformation: [-1.118785676077669f,0.03295323319164221f,-0.19079754288274708f,-0.3948579292452513f,0.03601436033923834f,1.1347436410737959f,-0.015193480061654212f,-0.6610202991286844f,0.1902434855579343f,-0.021022854450469818f,-1.119167754511345f,1.80204094031229f,0f,0f,0f,1f], start_interpolation: 0, interpolation_duration: 1 }
$data merge entity $(bone_left_arm2) { transformation: [-0.9755272262845587f,-0.19441768792226552f,-0.10270537181917978f,1.3390678787617682f,-0.208817835657584f,0.9654584206450755f,0.15583693245440516f,-1.9095726309557866f,0.06886030996762685f,0.17346988392362853f,-0.9824288559904403f,2.094984709295485f,0f,0f,0f,1f], start_interpolation: 0, interpolation_duration: 1 }
$data merge entity $(bone_left_arm1) { transformation: [-1.1076298715105926f,-0.22074508316173894f,-0.1166133909196937f,0.7084324620241839f,-0.2370952509028818f,1.0961975817740959f,0.17693985039093918f,-0.6005261364397164f,0.0781851436090763f,0.19696059737161986f,-1.1154660969058123f,1.6687629403167035f,0f,0f,0f,1f], start_interpolation: 0, interpolation_duration: 1 }
$data merge entity $(bone_body2) { transformation: [-1.571310653189175f,-0.023624263357925643f,-0.19331107003854764f,0.531014002795553f,-0.03195629944490137f,1.5816148044095082f,0.066466907878325f,-0.5f,0.19210952746920362f,0.06986378960458213f,-1.5700819802806767f,0.7494501881928997f,0f,0f,0f,1f], start_interpolation: 0, interpolation_duration: 1 }
$data merge entity $(bone_right_leg2) { transformation: [-0.9993716436490281f,0.00563065931594598f,-0.03499447879177283f,-1.0163546990920396f,0f,0.9873014181578584f,0.15885814333386145f,-2.512771867695354f,0.0354445746234891f,0.15875832381059402f,-0.9866810410414353f,-0.5595344287566159f,0f,0f,0f,1f], start_interpolation: 0, interpolation_duration: 1 }
$data merge entity $(bone_right_leg1) { transformation: [-1.3324955248653707f,0.005849009120612723f,-0.046896088150771405f,-0.6242930991051565f,0f,1.323082267143175f,0.16501846002509474f,-1.125f,0.047259432831318796f,0.16491476962771034f,-1.3222508999977571f,-0.08512485354857471f,0f,0f,0f,1f], start_interpolation: 0, interpolation_duration: 1 }
$data merge entity $(bone_left_leg2) { transformation: [-0.9969084667843534f,-0.01414599500169025f,-0.07728777185999167f,0.9936215473401205f,-0.014966652308787179f,0.9998374924699727f,0.010049277089676761f,-2.5860920954221402f,0.07713305499160422f,0.011174948624910155f,-0.9969581798405049f,-0.31370653591353065f,0f,0f,0f,1f], start_interpolation: 0, interpolation_duration: 1 }
$data merge entity $(bone_left_leg1) { transformation: [-1.3324955248653707f,-0.0046001685063335514f,-0.04703501292921339f,0.6249214554561285f,0f,1.327001760603534f,-0.1297848416915412f,-1.125f,0.047259432831318796f,-0.12970329056200441f,-1.326167930619508f,-0.12943057182793608f,0f,0f,0f,1f], start_interpolation: 0, interpolation_duration: 1 }
$data merge entity $(bone_tail3) { transformation: [-0.9997360467902953f,0f,-0.022974697998295355f,-0.09844537706987314f,0f,1f,0f,-0.5625f,0.022974697998295355f,0f,-0.9997360467902953f,-3.7928594538785347f,0f,0f,0f,1f], start_interpolation: 0, interpolation_duration: 1 }
$data merge entity $(bone_tail2) { transformation: [-1.541259738801705f,0f,-0.03541932608070533f,-0.18033482417185626f,0f,1.5416666666666665f,0f,-0.75f,0.03541932608070533f,0f,-1.541259738801705f,-1.915482528896944f,0f,0f,0f,1f], start_interpolation: 0, interpolation_duration: 1 }
$data merge entity $(bone_tail1) { transformation: [-0.9996245494488493f,0f,-0.027400002539876924f,-0.02626925279213088f,0f,1f,0f,-0.75f,0.027400002539876924f,0f,-0.9996245494488493f,-0.8568064454250264f,0f,0f,0f,1f], start_interpolation: 0, interpolation_duration: 1 }
$data merge entity $(bone_body1) { transformation: [-1.3324955248653707f,0f,-0.047259432831318796f,0.5f,0f,1.3333333333333333f,0f,-1.1875f,0.047259432831318796f,0f,-1.3324955248653707f,-0.12499999999999994f,0f,0f,0f,1f], start_interpolation: 0, interpolation_duration: 1 }
data modify entity @s data merge value {"locators":{"head":{"posx":0.40029745086033963,"posy":-0.2496952896357053,"posz":3.312640297926669,"roty":345.9494580210077,"rotx":14.586762172549605},"neck":{"posx":0.22586675636293202,"posy":-0.8966626848704334,"posz":2.308507044794778,"roty":352.8672083112759,"rotx":7.990721550946669},"right_arm":{"posx":-0.6102783580351993,"posy":-2.993510094753157,"posz":3.057078288082282,"roty":350.37462164486976,"rotx":0.2477006963242002},"left_arm":{"posx":1.6458087042364087,"posy":-2.9398984030994657,"posz":2.4084254839941,"roty":354.03184661205887,"rotx":8.965338805892952},"tail1":{"posx":-0.0711629231968974,"posy":-1.5,"posz":-2.605672898315059,"roty":358.6835309383269,"rotx":0},"tail2":{"posx":-0.11136864469391428,"posy":-1.875,"posz":-4.355210980198076,"roty":358.6835309383269,"rotx":0}},"cameras":{}}