# This file was generated by Animated Java via MC-Build. It is not recommended to edit this file directly.
$data merge entity $(bone_jaw) { transformation: [-0.9988195990198404f,0.01840361290797052f,0.04495237085826178f,-0.06646602548637937f,0.015338784664349885f,0.9975947556086383f,-0.06759752412005926f,0.6755273645015573f,-0.046088288087819305f,-0.0668282171995847f,-0.9966994828367572f,3.2057809660748475f,0f,0f,0f,1f], start_interpolation: 0, interpolation_duration: 1 }
$data merge entity $(bone_head) { transformation: [-1.1236720488973204f,0.019987082850657218f,0.050859050777798606f,-0.055164014202424116f,0.01725613274739362f,1.1232570077226622f,-0.06017408482507834f,0.6621553456515399f,-0.051849324098796716f,-0.059322939248256726f,-1.1222376916096901f,2.9563948123838055f,0f,0f,0f,1f], start_interpolation: 0, interpolation_duration: 1 }
$data merge entity $(bone_neck) { transformation: [-0.9996977530830239f,0.004720536771354861f,0.024127142668450556f,0.4592725954376393f,0.004038826515381679f,0.9995934090050504f,-0.02822595532555993f,-0.4248656533760347f,-0.024250574449528627f,-0.02811997877403434f,-0.9993103504080281f,2.1864579173494585f,0f,0f,0f,1f], start_interpolation: 0, interpolation_duration: 1 }
$data merge entity $(bone_right_arm2) { transformation: [-0.9994587371704154f,-0.0014517159829433711f,0.03286525847187971f,-0.9198968823325752f,-0.0014829558310982239f,0.9999984715080036f,-0.0009261877020643864f,-1.8511411621840428f,-0.03286386367610489f,-0.0009744241177794656f,-0.9994593623364169f,2.335511987141414f,0f,0f,0f,1f], start_interpolation: 0, interpolation_duration: 1 }
$data merge entity $(bone_right_arm1) { transformation: [-1.1347710185917725f,-0.007788430684243628f,0.03748443218340157f,-0.593828638464577f,-0.007694954814985469f,1.1353867386884209f,0.0029577398991405576f,-0.5423605051195473f,-0.03750373286795105f,0.0027020182072607065f,-1.1347938914459406f,1.6618165713014892f,0f,0f,0f,1f], start_interpolation: 0, interpolation_duration: 1 }
$data merge entity $(bone_left_arm2) { transformation: [-0.9989676170946737f,0.04290955156171848f,0.014915441024703604f,0.7789337683294895f,0.042448605843951895f,0.9986494443851995f,-0.029956686916902037f,-1.8579051656734207f,-0.016180724893959532f,-0.02929262046838246f,-0.9994399064115868f,2.4198438233093817f,0f,0f,0f,1f], start_interpolation: 0, interpolation_duration: 1 }
$data merge entity $(bone_left_arm1) { transformation: [-1.1342444819095774f,0.04872022000236785f,0.016935240330132214f,0.5333295401166432f,0.048196854551987044f,1.133883223312362f,-0.03401332160356585f,-0.5545078028469816f,-0.01837186472334988f,-0.03325932949014258f,-1.134780727071489f,1.6892258467573016f,0f,0f,0f,1f], start_interpolation: 0, interpolation_duration: 1 }
$data merge entity $(bone_body2) { transformation: [-1.582854775714788f,0.006730237791947174f,0.03833937063381746f,0.4938150409686599f,0.006394808649354326f,1.5832592344827974f,-0.013919313622796674f,-0.5f,-0.03839674287842033f,-0.013760260486468853f,-1.5828078815232498f,0.749978140459395f,0f,0f,0f,1f], start_interpolation: 0, interpolation_duration: 1 }
$data merge entity $(bone_right_leg2) { transformation: [-0.9999750176678799f,0.00022480213971593193f,0.007064948982209212f,-0.998005646559194f,0f,0.999494148321567f,-0.03180326195448069f,-2.5697905718683125f,-0.007068524607245832f,-0.03180246743482804f,-0.9994691786268015f,-0.4124400569113602f,0f,0f,0f,1f], start_interpolation: 0, interpolation_duration: 1 }
$data merge entity $(bone_right_leg1) { transformation: [-1.333300023557173f,0.00023314367720604656f,0.009421815337018226f,-0.624971894876365f,0f,1.33292530768869f,-0.03298335793682527f,-1.125f,-0.009424699476327776f,-0.03298253393562285f,-1.3328920081059619f,-0.13295209018315152f,0f,0f,0f,1f], start_interpolation: 0, interpolation_duration: 1 }
$data merge entity $(bone_left_leg2) { transformation: [-0.9998798992431678f,0.003970187871152397f,0.014980810984067613f,1.0023935087597458f,0.003938069660195409f,0.9999898851193285f,-0.002172847528861672f,-2.556154240774168f,-0.014989286067857096f,-0.0021135910910074947f,-0.9998854204537018f,-0.4618394298032626f,0f,0f,0f,1f], start_interpolation: 0, interpolation_duration: 1 }
$data merge entity $(bone_left_leg1) { transformation: [-1.333300023557173f,-0.00018319146879047844f,0.009422918927002154f,0.624996877208485f,0f,1.3330814350342461f,0.025916507187750577f,-1.125f,-0.009424699476327776f,0.025915859732960622f,-1.333048131551093f,-0.12411643442409422f,0f,0f,0f,1f], start_interpolation: 0, interpolation_duration: 1 }
$data merge entity $(bone_tail3) { transformation: [-0.9999750176678799f,0f,0.007068524607245832f,0.026077675655279103f,0f,1f,0f,-0.5625f,-0.007068524607245832f,0f,-0.9999750176678799f,-3.81594213995393f,0f,0f,0f,1f], start_interpolation: 0, interpolation_duration: 1 }
$data merge entity $(bone_tail2) { transformation: [-1.5416281522379813f,0f,0.01089730876950399f,-0.11217268519179183f,0f,1.5416666666666665f,0f,-0.75f,-0.01089730876950399f,0f,-1.5416281522379813f,-1.9418725474025609f,0f,0f,0f,1f], start_interpolation: 0, interpolation_duration: 1 }
$data merge entity $(bone_tail1) { transformation: [-0.9999750176678799f,0f,0.007068524607245832f,0.005313884621494458f,0f,1f,0f,-0.75f,-0.007068524607245832f,0f,-0.9999750176678799f,-0.8785155255545329f,0f,0f,0f,1f], start_interpolation: 0, interpolation_duration: 1 }
$data merge entity $(bone_body1) { transformation: [-1.333300023557173f,0f,0.009424699476327776f,0.5f,0f,1.3333333333333333f,0f,-1.1875f,-0.009424699476327776f,0f,-1.333300023557173f,-0.12499999999999994f,0f,0f,0f,1f], start_interpolation: 0, interpolation_duration: 1 }
data modify entity @s data merge value {"locators":{"head":{"posx":-0.08039546322439996,"posy":0.05483869825702703,"posz":3.301084692968862,"roty":2.594830369649685,"rotx":-3.066104169056554},"neck":{"posx":-0.04536237522668696,"posy":-0.7941655240795429,"posz":2.3097914159659605,"roty":1.383068765737761,"rotx":-1.6174429320717274},"right_arm":{"posx":-0.9973439666587226,"posy":-2.850769224580458,"posz":2.834162100947645,"roty":1.883380562619152,"rotx":-0.053066653952183226},"left_arm":{"posx":0.7910019723238363,"posy":-2.8442293044654163,"posz":2.94986769228943,"roty":0.8550072680180847,"rotx":-1.716648548132366},"tail1":{"posx":0.01768380268417466,"posy":-1.5,"posz":-2.6284718064733226,"roty":0.40500000000000114,"rotx":0},"tail2":{"posx":0.030053720746854883,"posy":-1.875,"posz":-4.378428087392113,"roty":0.40500000000000114,"rotx":0}},"cameras":{}}