# This file was generated by Animated Java via MC-Build. It is not recommended to edit this file directly.
$data merge entity $(bone_jaw) { transformation: [-0.997765067880006f,0.026547158587327764f,0.061319798510322265f,-0.0907583868942371f,0.02076480342649514f,0.995441910301384f,-0.09308182504759233f,0.694367593355582f,-0.06351135533954748f,-0.09160049992478667f,-0.9937684117320611f,3.188371815931138f,0f,0f,0f,1f], start_interpolation: 0, interpolation_duration: 1 }
$data merge entity $(bone_head) { transformation: [-1.1224857013650067f,0.028519027818889854f,0.06955224858604186f,-0.07530233165289446f,0.023360403854807033f,1.1216960038679302f,-0.08292988869193436f,0.6759387292018187f,-0.07145027475699091f,-0.08130030725022935f,-1.119781281446591f,2.939531531165229f,0f,0f,0f,1f], start_interpolation: 0, interpolation_duration: 1 }
$data merge entity $(bone_neck) { transformation: [-0.9994285910857532f,0.006840445971546517f,0.0331013537375233f,0.4440388399569516f,0.0055526426681035196f,0.9992299536680872f,-0.03884157375638323f,-0.42007819658163703f,-0.033341557848226754f,-0.0386355793457605f,-0.9986969673173495f,2.1858113271988664f,0f,0f,0f,1f], start_interpolation: 0, interpolation_duration: 1 }
$data merge entity $(bone_right_arm2) { transformation: [-0.998979215132075f,-0.002020052971494778f,0.04512701098118296f,-0.9363212696126731f,-0.002079867073194601f,0.9999970197302372f,-0.0012785474577755836f,-1.8421464025056737f,-0.045124293756925365f,-0.0013711005201292158f,-0.9989804393461879f,2.320464346761622f,0f,0f,0f,1f], start_interpolation: 0, interpolation_duration: 1 }
$data merge entity $(bone_right_arm1) { transformation: [-1.1341982130293389f,-0.010799789141326038f,0.051466348811644164f,-0.6053783575091674f,-0.010626559321805737f,1.135359673844363f,0.0040613039095985515f,-0.5347692870101904f,-0.05150239550233634f,0.0035752632027408987f,-1.1342423584468164f,1.6519503615934816f,0f,0f,0f,1f], start_interpolation: 0, interpolation_duration: 1 }
$data merge entity $(bone_left_arm2) { transformation: [-0.9980428515400473f,0.05924306603804889f,0.020018132186154173f,0.7427645269149108f,0.0583853272827403f,0.9974512759726585f,-0.04101348093740439f,-1.8506792600814674f,-0.022396875851293727f,-0.039764446267072685f,-0.9989580415438754f,2.435673755183777f,0f,0f,0f,1f], start_interpolation: 0, interpolation_duration: 1 }
$data merge entity $(bone_left_arm1) { transformation: [-1.1331944876860953f,0.06726556456403467f,0.02272892091969588f,0.5223951258615661f,0.06629167368561137f,1.1325228029272891f,-0.04656738981434456f,-0.5514758137359623f,-0.02542978612282308f,-0.04514921503240544f,-1.1342336096696084f,1.6897002421933003f,0f,0f,0f,1f], start_interpolation: 0, interpolation_duration: 1 }
$data merge entity $(bone_body2) { transformation: [-1.5824286025524428f,0.009426172979340439f,0.05268120662372583f,0.49149574440562344f,0.00879168422449724f,1.5831925622447862f,-0.019195353232771443f,-0.5f,-0.05279079992635903f,-0.018891864921116046f,-1.5823402520720322f,0.7499586719593021f,0f,0f,0f,1f], start_interpolation: 0, interpolation_duration: 1 }
$data merge entity $(bone_right_leg2) { transformation: [-0.9999527679534881f,0.0004249495601157386f,0.009709854789287629f,-0.997368852023772f,0f,0.9990436959873066f,-0.043722917423500894f,-2.5722967835591346f,-0.009719149250716054f,-0.04372085230063151f,-0.9989965091089902f,-0.4029946785253172f,0f,0f,0f,1f], start_interpolation: 0, interpolation_duration: 1 }
$data merge entity $(bone_right_leg1) { transformation: [-1.3332703572713174f,0.00044074394797131284f,0.012951368428231181f,-0.6249468639476741f,0f,1.332561944892141f,-0.045347996681792f,-1.125f,-0.012958865667621404f,-0.045345854803103505f,-1.33249900526438f,-0.13593404290705552f,0f,0f,0f,1f], start_interpolation: 0, interpolation_duration: 1 }
$data merge entity $(bone_left_leg2) { transformation: [-0.9997733252092921f,0.005554536286426195f,0.020553474805926716f,1.003385914264577f,0.005493934092683893f,0.999980396727864f,-0.0030038056143532853f,-2.553635031587975f,-0.020569756637849053f,-0.002890205291384923f,-0.9997842426369968f,-0.47092928155859004f,0f,0f,0f,1f], start_interpolation: 0, interpolation_duration: 1 }
$data merge entity $(bone_left_leg1) { transformation: [-1.3332703572713174f,-0.0003463243758799265f,0.012954237099039376f,0.624994095994186f,0f,1.332857101467495f,0.03563319864178557f,-1.125f,-0.012958865667621404f,0.03563151561288995f,-1.332794147898885f,-0.12378510634366044f,0f,0f,0f,1f], start_interpolation: 0, interpolation_duration: 1 }
$data merge entity $(bone_tail3) { transformation: [-0.9999527679534881f,0f,0.009719149250716054f,0.0358629788852714f,0f,1f,0f,-0.5625f,-0.009719149250716054f,0f,-0.9999527679534881f,-3.817185406453845f,0f,0f,0f,1f], start_interpolation: 0, interpolation_duration: 1 }
$data merge entity $(bone_tail2) { transformation: [-1.5415938505949607f,0f,0.014983688428187248f,-0.10735452195400721f,0f,1.5416666666666665f,0f,-0.75f,-0.014983688428187248f,0f,-1.5415938505949607f,-1.9434888601973945f,0f,0f,0f,1f], start_interpolation: 0, interpolation_duration: 1 }
$data merge entity $(bone_tail1) { transformation: [-0.9999527679534881f,0f,0.009719149250716054f,0.007312977961292988f,0f,1f,0f,-0.75f,-0.009719149250716054f,0f,-0.9999527679534881f,-0.879824150590474f,0f,0f,0f,1f], start_interpolation: 0, interpolation_duration: 1 }
$data merge entity $(bone_body1) { transformation: [-1.3332703572713174f,0f,0.012958865667621404f,0.5f,0f,1.3333333333333333f,0f,-1.1875f,-0.012958865667621404f,0f,-1.3332703572713174f,-0.12499999999999994f,0f,0f,0f,1f], start_interpolation: 0, interpolation_duration: 1 }
data modify entity @s data merge value {"locators":{"head":{"posx":-0.11046630504840045,"posy":0.07581036280072817,"posz":3.295748724483854,"roty":3.5542096433313475,"rotx":-4.22741907044046},"neck":{"posx":-0.06237829204244538,"posy":-0.78715791115357,"posz":2.308466011444082,"roty":1.8983474331969603,"rotx":-2.2260182056790963},"right_arm":{"posx":-1.0193009230775245,"posy":-2.8416341401990977,"posz":2.818505398595037,"roty":2.5864677605351005,"rotx":-0.07325539319596268},"left_arm":{"posx":0.7358900730050377,"posy":-2.831272878540595,"posz":2.976317026963493,"roty":1.147997165888512,"rotx":-2.350558656514111},"tail1":{"posx":0.02432148915004609,"posy":-1.5,"posz":-2.6297414945090782,"roty":0.5568749999999909,"rotx":0},"tail2":{"posx":0.04133000033879918,"posy":-1.875,"posz":-4.379658838427682,"roty":0.5568749999999909,"rotx":0}},"cameras":{}}