# This file was generated by Animated Java via MC-Build. It is not recommended to edit this file directly.
$data merge entity $(bone_jaw) { transformation: [-0.7341232743494387f,0.5216650868388985f,-0.4346591253290598f,1.2708542135541376f,-0.1462108939359872f,0.5036692816319402f,0.8514338666242992f,-0.7706040531240321f,0.6630877713793992f,0.6886093173300301f,-0.2934822235389599f,3.6062417891657765f,0f,0f,0f,1f], start_interpolation: 0, interpolation_duration: 1 }
$data merge entity $(bone_head) { transformation: [-0.8258886836431185f,0.5442715549182195f,-0.5360049969329954f,1.151741992013472f,-0.1644872556779856f,0.6441591912618526f,0.9075394641735428f,-0.5689286166410227f,0.7459737428018242f,0.7446156127961459f,-0.393313824102915f,3.5188387171429065f,0f,0f,0f,1f], start_interpolation: 0, interpolation_duration: 1 }
$data merge entity $(bone_neck) { transformation: [-0.7864524849562999f,0.4045217948460112f,-0.4667489757895805f,0.7359302846387008f,-0.08840661196232492f,0.6741785334488446f,0.7332581919065807f,-0.6452677215251608f,0.6112910598621606f,0.6179364227259361f,-0.49444698158778355f,2.154897565525445f,0f,0f,0f,1f], start_interpolation: 0, interpolation_duration: 1 }
$data merge entity $(bone_right_arm2) { transformation: [-0.9791345582923647f,-0.11211886102644246f,-0.16948415194273792f,-0.41461648895915587f,-0.1430415200605101f,0.9726653222772761f,0.1829242859163896f,-2.2859907391979073f,0.14434209467925313f,0.203350760611746f,-0.9684078830029369f,2.2399561025789536f,0f,0f,0f,1f], start_interpolation: 0, interpolation_duration: 1 }
$data merge entity $(bone_right_arm1) { transformation: [-1.1117256963944557f,-0.12730162345710652f,-0.19243513085165032f,-0.37231329905062993f,-0.16241172590203748f,1.1043804180023238f,0.2076952829675673f,-0.838906582122555f,0.16388842000040196f,0.2308878427779199f,-1.0995464504929178f,1.7959666517300843f,0f,0f,0f,1f], start_interpolation: 0, interpolation_duration: 1 }
$data merge entity $(bone_left_arm2) { transformation: [-0.9777956473185235f,-0.12325094046375659f,-0.16948415194273792f,1.3115551577890607f,-0.1540979996200379f,0.9709750316743895f,0.1829242859163896f,-2.0175558833089045f,0.14201928952805087f,0.20497973933956928f,-0.9684078830029369f,1.9885584347148455f,0f,0f,0f,1f], start_interpolation: 0, interpolation_duration: 1 }
$data merge entity $(bone_left_arm1) { transformation: [-1.1102054745595735f,-0.13994117198489028f,-0.19243513085165032f,0.7277068041827092f,-0.17496543706858467f,1.1024612338802962f,0.2076952829675673f,-0.6655463325500123f,0.16125106831830774f,0.23273741237513593f,-1.0995464504929178f,1.636194951011027f,0f,0f,0f,1f], start_interpolation: 0, interpolation_duration: 1 }
$data merge entity $(bone_body2) { transformation: [-1.5481764415876624f,-0.19514732240094795f,-0.2683499072426684f,0.4999999999999999f,-0.24398849939839334f,1.5373771334844502f,0.2896301193676169f,-0.44300000000000006f,0.22486387508608058f,0.32455125395431805f,-1.5333124814213168f,0.75f,0f,0f,0f,1f], start_interpolation: 0, interpolation_duration: 1 }
$data merge entity $(bone_right_leg2) { transformation: [-0.9933872462131252f,0.11290557739611395f,-0.020835298268895623f,-1.165965406619792f,0.10434496549324164f,0.9635364280053065f,0.24639334423435386f,-2.3982961696015623f,0.04789475166777602f,0.2425899472352981f,-0.9689459274196147f,-0.6172966889834774f,0f,0f,0f,1f], start_interpolation: 0, interpolation_duration: 1 }
$data merge entity $(bone_right_leg1) { transformation: [-1.324516328284167f,0.146811522901595f,-0.04336646895610783f,-0.625f,0.13912662065765552f,1.312020813794094f,0.1924134750303142f,-1.068f,0.06385966889036802f,0.18661601938787298f,-1.3186637864803958f,-0.12500000000000008f,0f,0f,0f,1f], start_interpolation: 0, interpolation_duration: 1 }
$data merge entity $(bone_left_leg2) { transformation: [-0.9613673535416127f,0.27522982546388636f,0.004621116695599958f,0.7859845722980187f,0.27523792051823204f,0.9608739803129489f,0.03106897272762438f,-2.5346172300855443f,0.004110797148374551f,0.03114060263818181f,-0.9995065603657316f,-0.4824987662891005f,0f,0f,0f,1f], start_interpolation: 0, interpolation_duration: 1 }
$data merge entity $(bone_left_leg1) { transformation: [-1.318825083695949f,0.19606175671544762f,0.00616148892746661f,0.625f,0.19615854911818315f,1.318174323128986f,0.04142529697016584f,-1.068f,-1.6150949173834841e-16f,0.041881012104171084f,-1.3326754138209753f,-0.12499999999999993f,0f,0f,0f,1f], start_interpolation: 0, interpolation_duration: 1 }
$data merge entity $(bone_tail3) { transformation: [-0.9879416426566902f,0.06557728746992143f,-0.1402530929173685f,-0.2928924846404747f,0.0649262873894359f,0.9978474930409392f,0.009217257603923787f,-0.48584700707809736f,0.1405556399104109f,8.030901519680512e-18f,-0.9900727812082175f,-3.805816389479318f,0f,0f,0f,1f], start_interpolation: 0, interpolation_duration: 1 }
$data merge entity $(bone_tail2) { transformation: [-1.5230766990957305f,0.10109831818279554f,-0.21622351824760977f,-0.16570638215310524f,0.10009469305871367f,1.5383482184381145f,0.01420993880604917f,-0.6821099841069511f,0.21668994486188345f,1.2380973176174121e-17f,-1.5263622043626686f,-1.931860469725109f,0f,0f,0f,1f], start_interpolation: 0, interpolation_duration: 1 }
$data merge entity $(bone_tail1) { transformation: [-0.9970985642519478f,0.06557728746992143f,-0.038653234467399405f,1.1102230246251565e-16f,0.06552806880791877f,0.9978474930409392f,0.0025402421572320766f,-0.6930000000000001f,0.03873661530140614f,8.030901519680512e-18f,-0.9992494556590916f,-0.875f,0f,0f,0f,1f], start_interpolation: 0, interpolation_duration: 1 }
$data merge entity $(bone_body1) { transformation: [-1.3333333333333333f,0f,1.6328623988631375e-16f,0.5f,0f,1.3333333333333333f,0f,-1.1305f,-1.6328623988631375e-16f,0f,-1.3333333333333333f,-0.12499999999999994f,0f,0f,0f,1f], start_interpolation: 0, interpolation_duration: 1 }
execute on vehicle unless entity @s[tag=aj.transforms_only] positioned ^0 ^-1.568 ^0.0625 rotated ~0 ~0 run function animated_java:martellos/animations/die/zzz/frames/zzz/6
data modify entity @s data merge value {"locators":{"head":{"posx":0.9982591828736265,"posy":-1.1788891296124806,"posz":3.2144172167291907,"roty":306.27075977451256,"rotx":53.77492349687837},"neck":{"posx":0.24935199106699424,"posy":-1.0339452515379626,"posz":2.2906228096327723,"roty":316.65058932919897,"rotx":47.16023979004627},"right_arm":{"posx":-0.2789514618546173,"posy":-3.35905829943716,"posz":2.5298306643861292,"roty":350.0730212708752,"rotx":10.540137740855487},"left_arm":{"posx":1.580660402181594,"posy":-3.0703619329652363,"posz":2.2589064312812415,"roty":350.0730212708752,"rotx":10.540137740855487},"tail1":{"posx":-0.1878206438041509,"posy":-1.4322745252086375,"posz":-2.6301049617945598,"roty":351.9371633101366,"rotx":0.5281174375223051},"tail2":{"posx":-0.4578550392107663,"posy":-1.790337134292123,"posz":-4.36273232890894,"roty":351.9371633101366,"rotx":0.5281174375223051}},"cameras":{}}