# This file was generated by Animated Java via MC-Build. It is not recommended to edit this file directly.
$data merge entity $(bone_jaw) { transformation: [-0.7205294945301638f,0.5631009558150901f,-0.4046659870464018f,1.3537509490447155f,-0.14426286443983655f,0.44907821070206555f,0.8817692366011893f,-0.8098667143910063f,0.6782517773332555f,0.6937190167731909f,-0.24233953930697505f,3.58053323572003f,0f,0f,0f,1f], start_interpolation: 0, interpolation_duration: 1 }
$data merge entity $(bone_head) { transformation: [-0.8105956813464342f,0.5686470435008437f,-0.5340413666564227f,1.2350750897877327f,-0.1622957224948161f,0.6303715483790736f,0.91756024840555f,-0.6059644369675508f,0.7630332494999124f,0.7381715592678428f,-0.37216664176909464f,3.49782953754912f,0f,0f,0f,1f], start_interpolation: 0, interpolation_duration: 1 }
$data merge entity $(bone_neck) { transformation: [-0.759160827171476f,0.467798151803111f,-0.4525922311064494f,0.7498887793086751f,-0.07262881652986601f,0.630108371214511f,0.7731031596978936f,-0.6109938558634972f,0.6468383828266465f,0.6197808723210076f,-0.44437796615856123f,2.1548360717908954f,0f,0f,0f,1f], start_interpolation: 0, interpolation_duration: 1 }
$data merge entity $(bone_right_arm2) { transformation: [-0.9782079378699148f,-0.10505260409061731f,-0.17908986755835452f,-0.40664099099697515f,-0.13613052509101617f,0.9757919655752428f,0.17116810467271087f,-2.249412596567171f,0.15677279874625305f,0.19181759641019358f,-0.9688283125924236f,2.272687430386429f,0f,0f,0f,1f], start_interpolation: 0, interpolation_duration: 1 }
$data merge entity $(bone_right_arm1) { transformation: [-1.1106735961231322f,-0.11927847756122173f,-0.20334162045688167f,-0.3619568372279307f,-0.1545648670304246f,1.1079304609135567f,0.19434711884714045f,-0.8084667806962336f,0.1780024485764748f,0.21779289592407394f,-1.1000238132559808f,1.8093870611593126f,0f,0f,0f,1f], start_interpolation: 0, interpolation_duration: 1 }
$data merge entity $(bone_left_arm2) { transformation: [-0.976382581995621f,-0.12084648490334969f,-0.17908986755835452f,1.32332841977279f,-0.15188130631721639f,0.9734647136563953f,0.17116810467271087f,-1.9854879115017428f,0.1536526028641896f,0.19432595902857833f,-0.9688283125924236f,1.999528088224322f,0f,0f,0f,1f], start_interpolation: 0, interpolation_duration: 1 }
$data merge entity $(bone_left_arm1) { transformation: [-1.1086010566408613f,-0.13721111306734493f,-0.20334162045688167f,0.736473567517143f,-0.17244856654767274f,1.1052880602973654f,0.19434711884714045f,-0.6376003110893651f,0.17445972616871527f,0.2206409326470316f,-1.1000238132559808f,1.636527882937099f,0f,0f,0f,1f], start_interpolation: 0, interpolation_duration: 1 }
$data merge entity $(bone_body2) { transformation: [-1.5459390881597335f,-0.19134026776363702f,-0.2835589569673947f,0.4999999999999999f,-0.2404787350022593f,1.5413191299559594f,0.27101616573179227f,-0.42578125f,0.24328328786830022f,0.3076827684619157f,-1.5339781616046708f,0.75f,0f,0f,0f,1f], start_interpolation: 0, interpolation_duration: 1 }
$data merge entity $(bone_right_leg2) { transformation: [-0.9883220393765167f,0.15161926316981708f,-0.015203470606561551f,-1.2197117210322594f,0.13843965061870475f,0.935118084298663f,0.3261727020370795f,-2.334801151990095f,0.06367110505726915f,0.3202589069072712f,-0.9451879299522111f,-0.6748166604971104f,0f,0f,0f,1f], start_interpolation: 0, interpolation_duration: 1 }
$data merge entity $(bone_right_leg1) { transformation: [-1.317762719168689f,0.19738721716143992f,-0.04814021445925595f,-0.625f,0.18458620082493965f,1.2951262232733627f,0.25759227090980175f,-1.05078125f,0.08489480674302553f,0.2479196040427545f,-1.307328007615964f,-0.12500000000000008f,0f,0f,0f,1f], start_interpolation: 0, interpolation_duration: 1 }
$data merge entity $(bone_left_leg2) { transformation: [-0.9320362088168312f,0.36227731679956465f,0.007978169392521587f,0.7150799214418257f,0.36229556582506983f,0.9311998678183638f,0.040108966061892834f,-2.5201054892940453f,0.007101298320758722f,0.04027346406220141f,-0.9991634599276488f,-0.4960247802721664f,0f,0f,0f,1f], start_interpolation: 0, interpolation_duration: 1 }
$data merge entity $(bone_left_leg1) { transformation: [-1.3077137072043072f,0.25990282819204513f,0.010637559190028782f,0.625f,0.2601204293548377f,1.3066197522850678f,0.05347862141585711f,-1.05078125f,-1.6130522289020526e-16f,0.05452632954877796f,-1.3322179465701982f,-0.12499999999999993f,0f,0f,0f,1f], start_interpolation: 0, interpolation_duration: 1 }
$data merge entity $(bone_tail3) { transformation: [-0.9786103858297137f,0.08715574274765818f,-0.18634803259579355f,-0.38991061469127264f,0.0856173147688305f,0.9961946980917455f,0.01630334032249131f,-0.45345227188671133f,0.18705985180683188f,1.0673500138322974e-17f,-0.9823485185218157f,-3.7948860953783257f,0f,0f,0f,1f], start_interpolation: 0, interpolation_duration: 1 }
$data merge entity $(bone_tail2) { transformation: [-1.5086910114874752f,0.13436510340263969f,-0.28728655025184835f,-0.17917605356805982f,0.13199336026861366f,1.5358001595581077f,0.025134316330507434f,-0.660105376537481f,0.2883839382021991f,1.6454979379914583e-17f,-1.5144539660544658f,-1.9296001416740671f,0f,0f,0f,1f], start_interpolation: 0, interpolation_duration: 1 }
$data merge entity $(bone_tail1) { transformation: [-0.9948577361233465f,0.08715574274765818f,-0.0515941991083686f,1.1102230246251565e-16f,0.08703877373185796f,0.9961946980917455f,0.0045139075256816f,-0.67578125f,0.05179128056714169f,1.0673500138322974e-17f,-0.99865793105408f,-0.875f,0f,0f,0f,1f], start_interpolation: 0, interpolation_duration: 1 }
$data merge entity $(bone_body1) { transformation: [-1.3333333333333333f,0f,1.6328623988631375e-16f,0.5f,0f,1.3333333333333333f,0f,-1.11328125f,-1.6328623988631375e-16f,0f,-1.3333333333333333f,-0.12499999999999994f,0f,0f,0f,1f], start_interpolation: 0, interpolation_duration: 1 }
data modify entity @s data merge value {"locators":{"head":{"posx":1.0675048896918258,"posy":-1.211048699513022,"posz":3.1911138495584006,"roty":304.87215042621136,"rotx":54.647633866541604},"neck":{"posx":0.2514580876850767,"posy":-0.9802367982961084,"posz":2.301384681853661,"roty":314.4753119350264,"rotx":50.63337359865818},"right_arm":{"posx":-0.27318144924405025,"posy":-3.319296772296958,"posz":2.575082290194088,"roty":349.5269802988223,"rotx":9.855742067596543},"left_arm":{"posx":1.5947437498300432,"posy":-3.0350440958496674,"posz":2.2800129978129435,"roty":349.5269802988223,"rotx":9.855742067596543},"tail1":{"posx":-0.2503308348096973,"posy":-1.4067450179806813,"posz":-2.628347229633669,"roty":349.25881966322845,"rotx":0.9341539784120272},"tail2":{"posx":-0.6091232953827079,"posy":-1.751787184200726,"posz":-4.347457137046847,"roty":349.25881966322845,"rotx":0.9341539784120272}},"cameras":{}}