# This file was generated by Animated Java via MC-Build. It is not recommended to edit this file directly.
$data merge entity $(bone_jaw) { transformation: [-0.8688461061981693f,0.40092253060080885f,-0.29046095813538014f,1.0911488268343794f,0.03262657521559509f,0.6317851167816319f,0.7744566306791628f,-0.33639009817514176f,0.4940060225685319f,0.6634068816871463f,-0.5620047677699508f,3.727091174165492f,0f,0f,0f,1f], start_interpolation: 0, interpolation_duration: 1 }
$data merge entity $(bone_head) { transformation: [-0.9774518694729404f,0.3651973610719977f,-0.4205279186093389f,0.9976981782545262f,0.036704897117544474f,0.88980013496111f,0.6874106999100185f,-0.18363216486180434f,0.5557567753895983f,0.5835337242090123f,-0.7850145217251184f,3.552643502671021f,0f,0f,0f,1f], start_interpolation: 0, interpolation_duration: 1 }
$data merge entity $(bone_neck) { transformation: [-0.8507629469612648f,0.42311656353565613f,-0.3117286989347648f,0.7202387350940276f,0.10905111409578075f,0.7223634790076786f,0.6828607901398295f,-0.4508445263667419f,0.5141111383662615f,0.5469582962691947f,-0.660701414823706f,2.17762484415761f,0f,0f,0f,1f], start_interpolation: 0, interpolation_duration: 1 }
$data merge entity $(bone_right_arm2) { transformation: [-0.9924736147572848f,0.032322265930397776f,-0.11811602404302834f,-0.6664885533780984f,0.024270173290689572f,0.9973224408904893f,0.0689848359038153f,-1.8875121047583905f,0.12002950761812076f,0.06559893308096613f,-0.9906006749844211f,2.432204154439812f,0f,0f,0f,1f], start_interpolation: 0, interpolation_duration: 1 }
$data merge entity $(bone_right_arm1) { transformation: [-1.1268710834223337f,0.0366992394418058f,-0.13411090229885508f,-0.3951223412623819f,0.027556759257137114f,1.1323765214277428f,0.07832653243245694f,-0.5386837555590909f,0.13628350344140794f,0.0744821219356803f,-1.1247445163885612f,1.7997555689261278f,0f,0f,0f,1f], start_interpolation: 0, interpolation_duration: 1 }
$data merge entity $(bone_left_arm2) { transformation: [-0.9929454631011166f,0.010388078319670669f,-0.11811602404302834f,1.0998071756804877f,0.0022308279006651457f,0.9976152143097063f,0.0689848359038153f,-1.8986876141316595f,0.11855096251733466f,0.06823468331151761f,-0.9906006749844211f,2.2208185025128815f,0f,0f,0f,1f], start_interpolation: 0, interpolation_duration: 1 }
$data merge entity $(bone_left_arm1) { transformation: [-1.1274068278960594f,0.011794797258792736f,-0.13411090229885508f,0.7219413047263744f,0.0025329191788802173f,1.132708941247479f,0.07832653243245694f,-0.5411934369473391f,0.13460473869155704f,0.07747479667661894f,-1.1247445163885612f,1.666385736094126f,0f,0f,0f,1f], start_interpolation: 0, interpolation_duration: 1 }
$data merge entity $(bone_body2) { transformation: [-1.5721636499101015f,0.016447790672811893f,-0.18701703806812822f,0.5497976956371949f,0.003532144176053148f,1.5795574226570352f,0.1092259901810409f,-0.41402977564936405f,0.18770569065244655f,0.10803824857656956f,-1.5684510687253335f,0.7493717061605347f,0f,0f,0f,1f], start_interpolation: 0, interpolation_duration: 1 }
$data merge entity $(bone_right_leg2) { transformation: [-0.9627808131655267f,0.26693294289066466f,0.04242534384134485f,-1.3680685351249267f,0.2592114031638716f,0.8674291785177632f,0.4247070387052885f,-2.108213352607855f,0.07656731855135068f,0.4198969209886252f,-0.9043362325341877f,-0.7584828378035331f,0f,0f,0f,1f], start_interpolation: 0, interpolation_duration: 1 }
$data merge entity $(bone_right_leg1) { transformation: [-1.2837077508873689f,0.3602314405684084f,-0.010271188610857946f,-0.616243898494369f,0.34561520421849545f,1.2413866754008516f,0.3424719412273161f,-0.9473144806029159f,0.10208975806846757f,0.3270630048492307f,-1.2885593699687616f,-0.13257467782078441f,0f,0f,0f,1f], start_interpolation: 0, interpolation_duration: 1 }
$data merge entity $(bone_left_leg2) { transformation: [-0.8440605197081509f,0.5357771260908191f,0.022465756783801298f,0.514988348533664f,0.5362288432033954f,0.8429360230970657f,0.043789138859440226f,-2.5137208985942707f,0.004524023292899296f,0.0490074700751381f,-0.9987881662745508f,-0.5039238508461095f,0f,0f,0f,1f], start_interpolation: 0, interpolation_duration: 1 }
$data merge entity $(bone_left_leg1) { transformation: [-1.2579307938552744f,0.44101092165738304f,0.02995434237840173f,0.6296396636787963f,0.441937037038307f,1.2566067659787163f,0.058385518479253634f,-1.0483310432500184f,-0.008919133490372095f,0.06501215619555087f,-1.3317175550327343f,-0.1242198242811512f,0f,0f,0f,1f], start_interpolation: 0, interpolation_duration: 1 }
$data merge entity $(bone_tail3) { transformation: [-0.9520592727629519f,0.19386756523751386f,-0.23664003950083637f,-0.43435186624374705f,0.18817182285399792f,0.9810277026289621f,0.046647741192307385f,-0.34021310513882325f,0.24119391831031464f,-0.00011757303753189084f,-0.9704769342682484f,-3.7810639423572625f,0f,0f,0f,1f], start_interpolation: 0, interpolation_duration: 1 }
$data merge entity $(bone_tail2) { transformation: [-1.4677580455095507f,0.2988791630745005f,-0.3648200608971227f,-0.14600936975708168f,0.29009822689991344f,1.5124177082196497f,0.07191526767147388f,-0.5880988362605802f,0.371840624061735f,-0.00018125843286166503f,-1.4961519403302161f,-1.93124840587097f,0f,0f,0f,1f], start_interpolation: 0, interpolation_duration: 1 }
$data merge entity $(bone_tail1) { transformation: [-0.9790845731026904f,0.19386756523751386f,-0.06171519959621611f,0.041948601451734235f,0.19349110680923184f,0.9810277026289621f,0.012076351281711493f,-0.6251163478485526f,0.06288553329710206f,-0.00011757303753189084f,-0.9980207392026079f,-0.8787120621303368f,0f,0f,0f,1f], start_interpolation: 0, interpolation_duration: 1 }
$data merge entity $(bone_body1) { transformation: [-1.328942466318043f,0.10776122584490144f,0.00878733171669695f,0.5f,0.1077510001569093f,1.3289709943134258f,-0.001896316573753634f,-1.10052490234375f,-0.008911843775608759f,-0.0011799388824444812f,-1.3333030280332114f,-0.12499999999999994f,0f,0f,0f,1f], start_interpolation: 0, interpolation_duration: 1 }
data modify entity @s data merge value {"locators":{"head":{"posx":0.9116240661615661,"posy":-0.8689129898152039,"posz":3.4465176897007694,"roty":331.8222931860648,"rotx":37.66414143981276},"neck":{"posx":0.17515463765436978,"posy":-0.7525628727142097,"posz":2.3121587290927557,"roty":334.7413684982133,"rotx":43.06760178220533},"right_arm":{"posx":-0.7017824082093124,"posy":-2.9178100777701195,"posz":2.8694074030771892,"roty":353.20033960447256,"rotx":3.9556816423739125},"left_arm":{"posx":1.210536200826151,"posy":-2.930934673137065,"posz":2.6404747215362407,"roty":353.20033960447256,"rotx":3.9556816423739125},"tail1":{"posx":-0.33509266174667307,"posy":-1.3153207690193403,"posz":-2.6285123581910312,"roty":346.29647452167274,"rotx":2.6736889557411883},"tail2":{"posx":-0.8219130678372044,"posy":-1.6015726104186632,"posz":-4.326802903271392,"roty":346.29647452167274,"rotx":2.6736889557411883}},"cameras":{}}