# This file was generated by Animated Java via MC-Build. It is not recommended to edit this file directly.
$data merge entity $(bone_jaw) { transformation: [-0.9620219220988322f,0.2507834776316024f,-0.10780291623266813f,0.8539699990830739f,0.18503193171260998f,0.8894425845627946f,0.4179175433180046f,0.4661197216959423f,0.20069131931393577f,0.38209885646682556f,-0.9020662161054341f,3.638854629887464f,0f,0f,0f,1f], start_interpolation: 0, interpolation_duration: 1 }
$data merge entity $(bone_head) { transformation: [-1.0822746623611863f,0.2274523458937784f,-0.20632979803798798f,0.8081189328524099f,0.20816092317668622f,1.099073989281962f,0.11970963263690743f,0.4927218622819217f,0.22577773422817773f,0.07698568978226125f,-1.099419218631155f,3.39453924796943f,0f,0f,0f,1f], start_interpolation: 0, interpolation_duration: 1 }
$data merge entity $(bone_neck) { transformation: [-0.9094446414391999f,0.38937234756486755f,-0.1459438902775615f,0.7305537234338194f,0.3021953708225491f,0.8599719856339169f,0.4112494884839134f,-0.2379558484722101f,0.2856368358789653f,0.3299050755545939f,-0.8997634350830059f,2.170138896248249f,0f,0f,0f,1f], start_interpolation: 0, interpolation_duration: 1 }
$data merge entity $(bone_right_arm2) { transformation: [-0.9752212988227053f,0.20556054580908495f,-0.08178190710191642f,-0.89270754293483f,0.21226906669056833f,0.9735847710496257f,-0.08411026635650862f,-1.3578139606978978f,0.06233186704142962f,-0.09938589229321658f,-0.9930947501443206f,2.587465607651034f,0f,0f,0f,1f], start_interpolation: 0, interpolation_duration: 1 }
$data merge entity $(bone_right_arm1) { transformation: [-1.1072825163716131f,0.23339686972073184f,-0.09285654035530093f,-0.3743777318108782f,0.24101383613824942f,1.1054243754625956f,-0.09550019825895248f,-0.20414384015616643f,0.07077264070328987f,-0.11284439854125632f,-1.1275763308930304f,1.7547902748415198f,0f,0f,0f,1f], start_interpolation: 0, interpolation_duration: 1 }
$data merge entity $(bone_left_arm2) { transformation: [-0.9802954979679407f,0.1798122808224191f,-0.08178190710191642f,0.855018489071179f,0.18656156481131164f,0.9788361689417652f,-0.08411026635650862f,-1.6992227531883939f,0.06492702980224621f,-0.09771027600435657f,-0.9930947501443206f,2.472455047480729f,0f,0f,0f,1f], start_interpolation: 0, interpolation_duration: 1 }
$data merge entity $(bone_left_arm1) { transformation: [-1.1130438466510992f,0.20416186051712165f,-0.09285654035530093f,0.7284547034030551f,0.21182511004617674f,1.111386900152629f,-0.09550019825895248f,-0.41402560056889204f,0.07371923175463371f,-0.11094187587994651f,-1.1275763308930304f,1.6817473663139928f,0f,0f,0f,1f], start_interpolation: 0, interpolation_duration: 1 }
$data merge entity $(bone_body2) { transformation: [-1.5521345384492395f,0.28470277796883026f,-0.12948801957803435f,0.6017539644234133f,0.2953891442845768f,1.549823934157795f,-0.13317458839780533f,-0.4200416169185516f,0.10280113052022317f,-0.15470793700689792f,-1.572400021061841f,0.7486720851660604f,0f,0f,0f,1f], start_interpolation: 0, interpolation_duration: 1 }
$data merge entity $(bone_right_leg2) { transformation: [-0.9254683907225609f,0.3600548871832057f,0.11776559764584195f,-1.4779875374365763f,0.36933642090261637f,0.7884407174627377f,0.4918860063487157f,-1.8846699114599632f,0.08425476822256871f,0.49872007505446614f,-0.8626583453311218f,-0.8272166259385094f,0f,0f,0f,1f], start_interpolation: 0, interpolation_duration: 1 }
$data merge entity $(bone_right_leg1) { transformation: [-1.2339578542967478f,0.5030553937591452f,0.04539892517422679f,-0.5992206676067469f,0.49244856120348846f,1.1715275474682483f,0.40347911701774986f,-0.8546833502352744f,0.11233969096342494f,0.39017464565325133f,-1.2700083926893475f,-0.14049690714049534f,0f,0f,0f,1f], start_interpolation: 0, interpolation_duration: 1 }
$data merge entity $(bone_left_leg2) { transformation: [-0.7409809541368011f,0.6706393218479353f,0.0344981970232858f,0.33239408961178296f,0.6715260387990909f,0.7399972055454165f,0.03816955592846993f,-2.499668582233399f,0.00006943570951920865f,0.051449351563613334f,-0.9986756026870617f,-0.5017229398210558f,0f,0f,0f,1f], start_interpolation: 0, interpolation_duration: 1 }
$data merge entity $(bone_left_leg1) { transformation: [-1.189928836063035f,0.599776094924442f,0.04599759603104773f,0.6335795202396916f,0.6012642085185296f,1.188978157167595f,0.0508927412379599f,-1.0606239341188963f,-0.018124415522573184f,0.06616158638752935f,-1.3315674702494156f,-0.1234038455230176f,0f,0f,0f,1f], start_interpolation: 0, interpolation_duration: 1 }
$data merge entity $(bone_tail3) { transformation: [-0.9161752848426421f,0.2954252362777877f,-0.27082610142620506f,-0.44034791230017634f,0.2832952384155512f,0.9553658609901492f,0.08378472143312946f,-0.23078837369240224f,0.28349013269350276f,0.00003774605176777579f,-0.9589751525668722f,-3.7669785281400703f,0f,0f,0f,1f], start_interpolation: 0, interpolation_duration: 1 }
$data merge entity $(bone_tail2) { transformation: [-1.4124368974657397f,0.45544723926158937f,-0.4175235730320661f,-0.10246311453345722f,0.4367468258906414f,1.4728557023598132f,0.1291681122094079f,-0.531603920513229f,0.4370472879024834f,0.00005819182980865434f,-1.4784200268739278f,-1.9334709278752034f,0f,0f,0f,1f], start_interpolation: 0, interpolation_duration: 1 }
$data merge entity $(bone_tail1) { transformation: [-0.9529452380201853f,0.2954252362777877f,-0.06796545523180039f,0.08886833640285385f,0.2946739022972813f,0.9553658609901492f,0.021056185776237177f,-0.5908103556876412f,0.07115240431317028f,0.00003774605176777579f,-0.9974654550086889f,-0.8825579324676178f,0f,0f,0f,1f], start_interpolation: 0, interpolation_duration: 1 }
$data merge entity $(bone_body1) { transformation: [-1.3149868670362008f,0.21972269770768404f,0.017585602410836253f,0.5f,0.21966995614253007f,1.315102234415269f,-0.005385274559733752f,-1.1016752929687499f,-0.018232599058642916f,-0.0024139026083292558f,-1.3332064818262555f,-0.12499999999999994f,0f,0f,0f,1f], start_interpolation: 0, interpolation_duration: 1 }
data modify entity @s data merge value {"locators":{"head":{"posx":0.7390703512553074,"posy":-0.15112747416275374,"posz":3.6571636477101612,"roty":349.3708452568386,"rotx":6.108325931117675},"neck":{"posx":0.1480597586620893,"posy":-0.4607538437341435,"posz":2.3017133402401346,"roty":350.7867207788741,"rotx":24.283349912041324},"right_arm":{"posx":-1.1183284663693758,"posy":-2.276076781901109,"posz":3.1872946167065,"roty":355.29228336570696,"rotx":-4.824863666835038},"left_arm":{"posx":0.7773656304227144,"posy":-2.647663886752612,"posz":3.0626547591946056,"roty":355.292283365707,"rotx":-4.824863666835038},"tail1":{"posx":-0.3957030758669837,"posy":-1.2259382250725084,"posz":-2.6282309213904416,"roty":344.2296829460337,"rotx":4.806145243922445},"tail2":{"posx":-0.9804332169670131,"posy":-1.4375771604358376,"posz":-4.306451593151881,"roty":344.2296829460337,"rotx":4.806145243922445}},"cameras":{}}