# This file was generated by Animated Java via MC-Build. It is not recommended to edit this file directly.
$data merge entity $(bone_jaw) { transformation: [-0.9594412417111594f,0.2693519600671032f,0.083198709796237f,1.040635913389862f,0.21758809578156185f,0.8951961299621511f,-0.38894640951542553f,1.515866596657188f,-0.17924264079147742f,-0.35506817726853107f,-0.917495866591943f,2.8126967471085265f,0f,0f,0f,1f], start_interpolation: 0, interpolation_duration: 1 }
$data merge entity $(bone_head) { transformation: [-1.0793713969250542f,0.31190444082363067f,-0.057428279571613394f,1.0278740734850589f,0.2447866077542571f,0.689804718512799f,-0.8543266161027887f,1.326016237523235f,-0.2016479708904121f,-0.8321718993765511f,-0.7296937890127633f,2.6505425717723567f,0f,0f,0f,1f], start_interpolation: 0, interpolation_duration: 1 }
$data merge entity $(bone_neck) { transformation: [-0.8680255267814991f,0.4963806917082328f,-0.011742817164447583f,0.9249413129896975f,0.48900587640579646f,0.8505519819282245f,-0.19348017696541475f,0.020599174737198633f,-0.08605194766128216f,-0.17368803913115552f,-0.9810339073479949f,2.0810220374596047f,0f,0f,0f,1f], start_interpolation: 0, interpolation_duration: 1 }
$data merge entity $(bone_right_arm2) { transformation: [-0.865408941281146f,0.48100079014957137f,-0.14037665128551205f,-0.9421055528572705f,0.5000243945314216f,0.8109691142018747f,-0.303816886765881f,-0.42945696967820324f,-0.03229503404753445f,-0.3331176003847815f,-0.9423320513968277f,2.703227811547132f,0f,0f,0f,1f], start_interpolation: 0, interpolation_duration: 1 }
$data merge entity $(bone_right_arm1) { transformation: [-0.9825997354129677f,0.5461363138156591f,-0.15938598948042512f,-0.13686066939438934f,0.5677360312908848f,0.9207878484167118f,-0.34495875684876065f,0.2698082597691448f,-0.03666831990813807f,-0.3782272754368873f,-1.069939516690148f,1.628249873846642f,0f,0f,0f,1f], start_interpolation: 0, interpolation_duration: 1 }
$data merge entity $(bone_left_arm2) { transformation: [-0.8798709673516222f,0.45400603144185936f,-0.14037665128551205f,0.6285798776649165f,0.47470420659554596f,0.8260455287430476f,-0.303816886765881f,-1.2878896840356595f,-0.021977193911279162f,-0.3339570449294825f,-0.9423320513968277f,2.7460139968993706f,0f,0f,0f,1f], start_interpolation: 0, interpolation_duration: 1 }
$data merge entity $(bone_left_arm1) { transformation: [-0.9990201608471542f,0.5154860148662778f,-0.15938598948042512f,0.8529941688761855f,0.5389870679053594f,0.9379058607603352f,-0.34495875684876065f,-0.26423397265084436f,-0.024953272253431545f,-0.37918039476368326f,-1.069939516690148f,1.6529742169968311f,0f,0f,0f,1f], start_interpolation: 0, interpolation_duration: 1 }
$data merge entity $(bone_body2) { transformation: [-1.3931290316400686f,0.7188428831162774f,-0.22226303120206076f,0.6947744998016577f,0.7516149937762812f,1.3079054205098255f,-0.4810434040459783f,-0.4677654455351957f,-0.034797223692858675f,-0.5287653211383474f,-1.4920257480449775f,0.7472920288847575f,0f,0f,0f,1f], start_interpolation: 0, interpolation_duration: 1 }
$data merge entity $(bone_right_leg2) { transformation: [-0.8364531104295313f,0.4754260949485668f,0.2726100186983572f,-1.5895083101224179f,0.5405621861113907f,0.6338444899447198f,0.5532031141571712f,-1.5069204990166867f,0.09021483802144936f,0.61009113319952f,-0.7871785643626796f,-0.928779594516272f,0f,0f,0f,1f], start_interpolation: 0, interpolation_duration: 1 }
$data merge entity $(bone_right_leg1) { transformation: [-1.1152708139060417f,0.7112757222031874f,0.16743845565301654f,-0.5482376437547081f,0.7207495814818543f,1.0204936555681174f,0.46571506043580957f,-0.7185635636887243f,0.1202864506952658f,0.48005970850231977f,-1.238083851695668f,-0.15486988280407976f,0f,0f,0f,1f], start_interpolation: 0, interpolation_duration: 1 }
$data merge entity $(bone_left_leg2) { transformation: [-0.5415554421544835f,0.8395347207557615f,0.043579303785252904f,0.042666291194486616f,0.8405667072905312f,0.5415568818079428f,0.012796654297595215f,-2.4607691250219066f,-0.012857436276963025f,0.04356140966501608f,-0.99896801246105f,-0.4780250243164181f,0f,0f,0f,1f], start_interpolation: 0, interpolation_duration: 1 }
$data merge entity $(bone_left_leg1) { transformation: [-1.037328465926917f,0.8356740720656363f,0.0581057383803372f,0.6382602366654136f,0.836979707858988f,1.0377627992685434f,0.017062205730126952f,-1.110529518693166f,-0.03453114808067067f,0.04974932672240062f,-1.3319573499480666f,-0.12192341294744036f,0f,0f,0f,1f], start_interpolation: 0, interpolation_duration: 1 }
$data merge entity $(bone_tail3) { transformation: [-0.8337373597762847f,0.4608731003483207f,-0.30410195706143806f,-0.3871939912084074f,0.4326807638511498f,0.8874657293028183f,0.15871967712354484f,-0.05860657774463818f,0.34302969478815604f,0.0007514574795560859f,-0.9393242591380258f,-3.741913644865076f,0f,0f,0f,1f], start_interpolation: 0, interpolation_duration: 1 }
$data merge entity $(bone_tail2) { transformation: [-1.285345096321772f,0.7105126963703277f,-0.468823850469717f,-0.007633698005556799f,0.6670495109371892f,1.3681763326751781f,0.24469283556546495f,-0.46852070111416944f,0.5288374461317406f,0.0011584969476489656f,-1.4481248995044562f,-1.9379428454101748f,0f,0f,0f,1f], start_interpolation: 0, interpolation_duration: 1 }
$data merge entity $(bone_tail1) { transformation: [-0.8844478418722658f,0.4608731003483207f,-0.07313002381251008f,0.18062293252926837f,0.45923576630283425f,0.8874657293028183f,0.0388212604286025f,-0.5671727611074139f,0.08279206456986135f,0.0007514574795560859f,-0.9965665604242981f,-0.8894398830305907f,0f,0f,0f,1f], start_interpolation: 0, interpolation_duration: 1 }
$data merge entity $(bone_body1) { transformation: [-1.2655977391147966f,0.4183562372992307f,0.031909234370679065f,0.5f,0.4180970186714044f,1.265991388555268f,-0.01544230746246733f,-1.13067626953125f,-0.035142901180415353f,-0.004651945239559635f,-1.3328620009888081f,-0.12499999999999994f,0f,0f,0f,1f], start_interpolation: 0, interpolation_duration: 1 }
execute on vehicle unless entity @s[tag=aj.transforms_only] positioned ^-0.1163595286 ^-1.3871217374 ^0.0507815505 rotated ~1.3714212653 ~-0.6635991187 run function animated_java:martellos/animations/die/zzz/frames/zzz/13
data modify entity @s data merge value {"locators":{"head":{"posx":0.8705461284640456,"posy":1.1801043428224545,"posz":3.3155530128184303,"roty":355.4999896275642,"rotx":-49.41145823509544},"neck":{"posx":0.3062536423539166,"posy":-0.029669858162310478,"posz":2.225758316721646,"roty":359.3142115395644,"rotx":-11.155953422208265},"right_arm":{"posx":-1.4070060761941576,"posy":-1.0572661158389236,"posz":3.5054929980023566,"roty":351.5271110764521,"rotx":-17.686999139896876},"left_arm":{"posx":0.29975410732528956,"posy":-1.9916957823079882,"posz":3.552510642146722,"roty":351.5271110764521,"rotx":-17.686999139896873},"tail1":{"posx":-0.45814144877450036,"posy":-1.0790853155502398,"posz":-2.627170578525754,"roty":342.060875616723,"rotx":9.13258952083975},"tail2":{"posx":-1.1631472862626373,"posy":-1.1341255290725933,"posz":-4.271269828572133,"roty":342.060875616723,"rotx":9.13258952083975}},"cameras":{}}