# This file was generated by Animated Java via MC-Build. It is not recommended to edit this file directly.
$data merge entity $(bone_jaw) { transformation: [-0.4505139094057018f,0.17273262113741245f,0.8758999138183488f,0.3052177759482987f,0.7314965528122352f,-0.4910321086301093f,0.4730753233028387f,-2.1320846219935192f,0.5118105222206828f,0.853844780911184f,0.09486347798243666f,3.4909763924360373f,0f,0f,0f,1f], start_interpolation: 0, interpolation_duration: 1 }
$data merge entity $(bone_head) { transformation: [-0.5068281480814145f,0.6933396326914656f,0.7266569906438853f,0.46669710720249546f,0.8229336219137646f,-0.17994273087255244f,0.7456714206203838f,-1.9663798618556563f,0.5757868374982682f,0.8674824305687071f,-0.4261088480873767f,3.396285537305509f,0f,0f,0f,1f], start_interpolation: 0, interpolation_duration: 1 }
$data merge entity $(bone_neck) { transformation: [-0.14225557450004558f,0.16378623529003805f,0.9761851364639694f,1.156952442833828f,0.9791751020822357f,-0.12102841835543629f,0.16299767302825213f,-2.194939109058668f,0.14484291831465387f,0.9790435082670728f,-0.14315843647580356f,2.167314120977827f,0f,0f,0f,1f], start_interpolation: 0, interpolation_duration: 1 }
$data merge entity $(bone_right_arm2) { transformation: [-0.22190803371774545f,0.9721794554561375f,0.07499287273156013f,-0.31926480964108506f,0.9730086581912978f,0.22577901358768093f,-0.04772827367655298f,-1.116505374308604f,-0.06333226394417095f,0.06237742710613979f,-0.9960412044344973f,2.192737212827942f,0f,0f,0f,1f], start_interpolation: 0, interpolation_duration: 1 }
$data merge entity $(bone_right_arm1) { transformation: [-0.2519580799503568f,1.1038287567158227f,0.08514815758062556f,1.0776245861848384f,1.1047702473213692f,0.2563532550110127f,-0.054191477403586194f,-1.1570488128121834f,-0.07190850801994408f,0.07082437036009621f,-1.1309217842016686f,1.609620590338587f,0f,0f,0f,1f], start_interpolation: 0, interpolation_duration: 1 }
$data merge entity $(bone_right_leg2) { transformation: [-0.04309716158980238f,0.9620552398099758f,0.2694296758285411f,-0.8582590343879597f,0.9843917883519487f,-0.00516834726695968f,0.17591502270067955f,-1.0241109812006035f,0.1706324754791858f,0.27280579858334825f,-0.9468165369125882f,0.2086649899356351f,0f,0f,0f,1f], start_interpolation: 0, interpolation_duration: 1 }
$data merge entity $(bone_right_leg1) { transformation: [-0.057462882119736505f,1.1607162024159976f,-0.6536158599707141f,0.5624907741185998f,1.3125223844692648f,0.16107005334235192f,0.1706435054761394f,-1.2595988221688312f,0.22750996730558107f,-0.6360598345620125f,-1.1495411603815393f,-0.27165048804180614f,0f,0f,0f,1f], start_interpolation: 0, interpolation_duration: 1 }
$data merge entity $(bone_left_leg2) { transformation: [0.5584651392104966f,0.7981040516541391f,0.22615616511571768f,-0.8139241862764853f,0.8274973211477387f,-0.5169294723986344f,-0.21916227791065263f,-2.6340434060667457f,-0.05800751485727598f,0.30953811283736415f,-0.9491160545060683f,-0.7359528153155507f,0f,0f,0f,1f], start_interpolation: 0, interpolation_duration: 1 }
$data merge entity $(bone_left_leg1) { transformation: [0.33575721086231086f,1.2546384198851914f,0.30154155348762357f,0.5624907741185999f,1.2725245581889069f,-0.27031207773225757f,-0.2922163705475368f,-2.499087871034127f,-0.21383667117187127f,0.3613745892530874f,-1.2654880726747577f,-0.10988863301100811f,0f,0f,0f,1f], start_interpolation: 0, interpolation_duration: 1 }
$data merge entity $(bone_tail3) { transformation: [0.16186259416140727f,0.9846623814997093f,0.06511908376705278f,1.2171536048353873f,0.9251995875569942f,-0.1743776906918232f,0.3370432378395313f,-1.494011005513793f,0.34322911268671186f,0.005693456622099854f,-0.9392344546256727f,-3.8134529626532405f,0f,0f,0f,1f], start_interpolation: 0, interpolation_duration: 1 }
$data merge entity $(bone_tail2) { transformation: [0.2495381659988362f,1.5180211714787184f,0.10039192080753968f,0.9306639505111437f,1.426349364150366f,-0.2688322731498941f,0.5196083250026107f,-1.977621311013573f,0.5291448820586807f,0.00877741229240394f,-1.4479864508812452f,-2.010552244260909f,0f,0f,0f,1f], start_interpolation: 0, interpolation_duration: 1 }
$data merge entity $(bone_tail1) { transformation: [0.17385040757897158f,0.9846623814997093f,-0.014697967340633713f,0.9245492398631956f,0.9778904786707728f,-0.1743776906918232f,-0.11542370949693835f,-1.9772199295069226f,-0.11621638227750947f,0.005693456622099854f,-0.9932076001733072f,-0.9407421212920817f,0f,0f,0f,1f], start_interpolation: 0, interpolation_duration: 1 }
data modify entity @s data merge value {"locators":{"head":{"posx":-0.12034074169384246,"posy":-2.0735426282099003,"posz":3.032714422569388,"roty":59.61280525852956,"rotx":41.515224880676215},"neck":{"posx":0.9023816752920448,"posy":-1.6803406102627931,"posz":1.8904890690944771,"roty":81.65699231891782,"rotx":9.380934928629099},"right_arm":{"posx":-1.3428099535703617,"posy":-1.2576072099210522,"posz":2.6244221214425405,"roty":4.305729027152523,"rotx":-2.735667952775732},"left_arm":{"posx":-1.328395247180371,"posy":-2.589902309342151,"posz":2.689348296260362,"roty":4.305729027152523,"rotx":-2.735667952775732},"tail1":{"posx":0.21670371020603463,"posy":-1.730770765424652,"posz":-2.703449663368473,"roty":3.966089110137233,"rotx":19.69683417562018},"tail2":{"posx":-0.03858628626401406,"posy":-1.0755534651960388,"posz":-4.349245005196687,"roty":3.966089110137233,"rotx":19.69683417562018}},"cameras":{}}