# This file was generated by Animated Java via MC-Build. It is not recommended to edit this file directly.
$data merge entity $(bone_jaw) { transformation: [-0.4521956204831992f,0.18118131032425738f,0.8733226514897f,0.3100396545980651f,0.7218197333838622f,-0.5008247174985874f,0.4776514156161482f,-2.152554204911241f,0.5239230795770162f,0.8463734017156053f,0.09569049877020241f,3.4947980210546934f,0f,0f,0f,1f], start_interpolation: 0, interpolation_duration: 1 }
$data merge entity $(bone_head) { transformation: [-0.5087200730435991f,0.6997980216087833f,0.7191047324520597f,0.46984070625407837f,0.8120472000568449f,-0.18646803455973882f,0.7559325478951587f,-1.9845691942678727f,0.5894134645241432f,0.8608933737925161f,-0.4208079927921824f,3.4012851337675416f,0f,0f,0f,1f], start_interpolation: 0, interpolation_duration: 1 }
$data merge entity $(bone_neck) { transformation: [-0.14429534141359007f,0.1670523520927722f,0.9753319261188f,1.156952442833828f,0.9767868628661279f,-0.13365533585905015f,0.16740273512864973f,-2.194939109058668f,0.1583233368094667f,0.9768468471857177f,-0.14388870061557701f,2.167314120977827f,0f,0f,0f,1f], start_interpolation: 0, interpolation_duration: 1 }
$data merge entity $(bone_right_arm2) { transformation: [-0.23509678754093877f,0.9690745944081905f,0.07499287273156013f,-0.3193111650854028f,0.9698511246554409f,0.23897867665637573f,-0.04772827367655298f,-1.1348166613162212f,-0.06417395493895697f,0.061511158143613576f,-0.9960412044344973f,2.1936111624053867f,0f,0f,0f,1f], start_interpolation: 0, interpolation_duration: 1 }
$data merge entity $(bone_right_arm1) { transformation: [-0.2669328108537742f,1.1003034457342995f,0.08514815758062556f,1.0776245861848384f,1.1011851311191982f,0.27134037245359327f,-0.054191477403586194f,-1.1570488128121834f,-0.0728641780036074f,0.06984079414222791f,-1.1309217842016686f,1.609620590338587f,0f,0f,0f,1f], start_interpolation: 0, interpolation_duration: 1 }
$data merge entity $(bone_right_leg2) { transformation: [-0.060290464066420336f,0.9591700275522834f,0.27632936541020725f,-0.8628964169104583f,0.983365900558452f,0.009556007342203868f,0.18138409065444688f,-1.048949727064877f,0.17133757778584516f,0.28266860626717616f,-0.9437912340499097f,0.20645600049623591f,0f,0f,0f,1f], start_interpolation: 0, interpolation_duration: 1 }
$data merge entity $(bone_right_leg1) { transformation: [-0.08038728542189377f,1.1588387034941867f,-0.6545292364777825f,0.5624907741185998f,1.3111545340779358f,0.1815099817349514f,0.1603299475307911f,-1.2595988221688312f,0.2284501037144602f,-0.6339753651304343f,-1.1505057862950374f,-0.27165048804180614f,0f,0f,0f,1f], start_interpolation: 0, interpolation_duration: 1 }
$data merge entity $(bone_left_leg2) { transformation: [0.5487841225642615f,0.8059550171717755f,0.221974091094021f,-0.8166581343266014f,0.8339849583328103f,-0.509570777715717f,-0.21167595936435563f,-2.646176124820459f,-0.057489791232831614f,0.3012874587397266f,-0.9517987135472304f,-0.7271412830113928f,0f,0f,0f,1f], start_interpolation: 0, interpolation_duration: 1 }
$data merge entity $(bone_left_leg1) { transformation: [0.32004738652129805f,1.2600602754346366f,0.29596545479202796f,0.5624907741185999f,1.2772973088275825f,-0.2581336594762081f,-0.2822346124858075f,-2.499087871034127f,-0.2094254832165361f,0.35127324676779215f,-1.2690649513963073f,-0.10988863301100811f,0f,0f,0f,1f], start_interpolation: 0, interpolation_duration: 1 }
$data merge entity $(bone_tail3) { transformation: [0.1636751099365197f,0.9846623814997093f,0.060418977536772875f,1.2041669943966196f,0.9345443599889479f,-0.1743776906918232f,0.31019229552301064f,-1.5678068384346682f,0.3159704062093728f,0.005693456622099854f,-0.9487519628182997f,-3.827665798641436f,0f,0f,0f,1f], start_interpolation: 0, interpolation_duration: 1 }
$data merge entity $(bone_tail2) { transformation: [0.25233246115213454f,1.5180211714787184f,0.09314592370252484f,0.9267166037260398f,1.4407558883162945f,-0.2688322731498941f,0.47821312226464135f,-1.999903530536978f,0.4871210429061163f,0.00877741229240394f,-1.462659276011545f,-2.0103270906975963f,0f,0f,0f,1f], start_interpolation: 0, interpolation_duration: 1 }
$data merge entity $(bone_tail1) { transformation: [0.17350062054780357f,0.9846623814997093f,-0.018371965840594095f,0.9245492398631956f,0.9752302519402264f,-0.1743776906918232f,-0.1360822423741963f,-1.9772199295069226f,-0.13719872583274867f,0.005693456622099854f,-0.990527179930749f,-0.9407421212920817f,0f,0f,0f,1f], start_interpolation: 0, interpolation_duration: 1 }
data modify entity @s data merge value {"locators":{"head":{"posx":-0.11868728698748454,"posy":-2.0909571050388953,"posz":3.0399021463250833,"roty":59.66454714732815,"rotx":42.21697537309479},"neck":{"posx":0.9002436493273934,"posy":-1.6773502685695414,"posz":1.8981443092648633,"roty":81.60780676819726,"rotx":9.63684278322696},"right_arm":{"posx":-1.3405757450806821,"posy":-1.2893155058433554,"posz":2.626109734295337,"roty":4.305729027152523,"rotx":-2.7356679527757324},"left_arm":{"posx":-1.328395247180371,"posy":-2.589902309342151,"posz":2.689348296260362,"roty":4.305729027152523,"rotx":-2.735667952775732},"tail1":{"posx":0.20929847591572415,"posy":-1.772681104344659,"posz":-2.7063604583779237,"roty":3.6438228592543283,"rotx":18.070819490087807},"tail2":{"posx":-0.054216706457314245,"posy":-1.1644529531699566,"posz":-4.368811439543236,"roty":3.6438228592543283,"rotx":18.070819490087807}},"cameras":{}}