# This file was generated by Animated Java via MC-Build. It is not recommended to edit this file directly.
$data merge entity $(bone_jaw) { transformation: [-0.4467412765971138f,0.20060776910043226f,0.8718823055670581f,0.3279568167721867f,0.7168535879038443f,-0.5028245668972944f,0.4829993669084192f,-2.170313614804492f,0.5352972681545894f,0.8407877127438863f,0.0808260898790571f,3.5080783392619352f,0f,0f,0f,1f], start_interpolation: 0, interpolation_duration: 1 }
$data merge entity $(bone_head) { transformation: [-0.502583936171753f,0.7173595099446943f,0.705995552814616f,0.4848447173976569f,0.8064602863918249f,-0.18513288876835082f,0.7622155994002625f,-2.0009323704933224f,0.6022094266739131f,0.8466086149976229f,-0.4315352354523132f,3.4121816202725324f,0f,0f,0f,1f], start_interpolation: 0, interpolation_duration: 1 }
$data merge entity $(bone_neck) { transformation: [-0.14555712451339425f,0.17987750468973307f,0.972860322353619f,1.156952442833828f,0.9744242680972056f,-0.1440967547379884f,0.17243396132202404f,-2.194939109058668f,0.17120300595088128f,0.9730776991487241f,-0.15430269658307144f,2.167314120977827f,0f,0f,0f,1f], start_interpolation: 0, interpolation_duration: 1 }
$data merge entity $(bone_right_arm2) { transformation: [-0.24816312299062354f,0.9658111272019023f,0.07499287273156013f,-0.3191110942051758f,0.9665351600146822f,0.25205514544886565f,-0.04772827367655298f,-1.1530157655566011f,-0.0649988372429342f,0.06063885079503461f,-0.9960412044344973f,2.194498290080404f,0f,0f,0f,1f], start_interpolation: 0, interpolation_duration: 1 }
$data merge entity $(bone_right_arm1) { transformation: [-0.2817685458956038f,1.0965980506771598f,0.08514815758062556f,1.0776245861848384f,1.0974201296000037f,0.28618761306173285f,-0.054191477403586194f,-1.1570488128121834f,-0.07380076311958153f,0.06885036184019554f,-1.1309217842016686f,1.609620590338587f,0f,0f,0f,1f], start_interpolation: 0, interpolation_duration: 1 }
$data merge entity $(bone_right_leg2) { transformation: [-0.0782593470413435f,0.9531860528534435f,0.29208187764107385f,-0.8714292994344417f,0.9821718062660227f,0.02348670443515259f,0.18651251349685402f,-1.0724637037757263f,0.1709210858168205f,0.3014709328616085f,-0.9380305213918951f,0.19045466246578024f,0f,0f,0f,1f], start_interpolation: 0, interpolation_duration: 1 }
$data merge entity $(bone_right_leg1) { transformation: [-0.10434579605512467f,1.162773266323757f,-0.6440870001375444f,0.5624907741185998f,1.3095624083546968f,0.2006927460512466f,0.1501549136206791f,-1.2595988221688312f,0.227894781089094f,-0.6208530668225524f,-1.1577492025249523f,-0.27165048804180614f,0f,0f,0f,1f], start_interpolation: 0, interpolation_duration: 1 }
$data merge entity $(bone_left_leg2) { transformation: [0.5386167448594681f,0.8158245333087527f,0.21052869877654815f,-0.823719142041846f,0.8404989143573938f,-0.5028330138083409f,-0.2017932981752953f,-2.656823081331963f,-0.058767143209734224f,0.285638392160397f,-0.9565339156574584f,-0.7084111236249753f,0f,0f,0f,1f], start_interpolation: 0, interpolation_duration: 1 }
$data merge entity $(bone_left_leg1) { transformation: [0.30280767568708283f,1.267789426774377f,0.2807049317020642f,0.5624907741185999f,1.282386196069089f,-0.24672121787953608f,-0.2690577309003937f,-2.499087871034127f,-0.20388951285982462f,0.33108365677712415f,-1.2753785542099445f,-0.10988863301100811f,0f,0f,0f,1f], start_interpolation: 0, interpolation_duration: 1 }
$data merge entity $(bone_tail3) { transformation: [0.16534791418827588f,0.9846623814997093f,0.055678198003414496f,1.1911346130254894f,0.9430934528856232f,-0.1743776906918232f,0.2831380583977713f,-1.6417953089892103f,0.28850443046487073f,0.005693456622099854f,-0.9574616327320029f,-3.8398627749637146f,0f,0f,0f,1f], start_interpolation: 0, interpolation_duration: 1 }
$data merge entity $(bone_tail2) { transformation: [0.2549113677069253f,1.5180211714787184f,0.08583722192193068f,0.9227822845114263f,1.4539357398653356f,-0.2688322731498941f,0.43650450669656404f,-2.0220966698696117f,0.4447776636333423f,0.00877741229240394f,-1.476086683795171f,-2.009626682899744f,0f,0f,0f,1f], start_interpolation: 0, interpolation_duration: 1 }
$data merge entity $(bone_tail1) { transformation: [0.17307485151904206f,0.9846623814997093f,-0.02202476403919959f,0.9245492398631956f,0.9721453981448437f,-0.1743776906918232f,-0.15660697894663028f,-1.9772199295069226f,-0.15804562834025174f,0.005693456622099854f,-0.9874153958260056f,-0.9407421212920817f,0f,0f,0f,1f], start_interpolation: 0, interpolation_duration: 1 }
data modify entity @s data merge value {"locators":{"head":{"posx":-0.1097982194645667,"posy":-2.1098073210109782,"posz":3.061714399566162,"roty":58.56490938569087,"rotx":42.65053747117746},"neck":{"posx":0.8951122760242787,"posy":-1.6752449371485727,"posz":1.9072993238453801,"roty":80.98754699958171,"rotx":9.929364966148272},"right_arm":{"posx":-1.3379288529597722,"posy":-1.3207983266662726,"posz":2.6278176141749348,"roty":4.305729027152523,"rotx":-2.735667952775732},"left_arm":{"posx":-1.328395247180371,"posy":-2.589902309342151,"posz":2.689348296260362,"roty":4.305729027152523,"rotx":-2.735667952775732},"tail1":{"posx":0.20189577024045735,"posy":-1.8145426683129795,"posz":-2.70821470167768,"roty":3.328109421917617,"rotx":16.447583473423833},"tail2":{"posx":-0.06991577631595858,"posy":-1.2536594321074461,"posz":-4.3859076051919725,"roty":3.328109421917617,"rotx":16.447583473423833}},"cameras":{}}