# This file was generated by Animated Java via MC-Build. It is not recommended to edit this file directly.
$data merge entity $(bone_jaw) { transformation: [-0.9984604720670787f,0.011526825035529714f,-0.05425696290971942f,0.4252511881523983f,0.004741520898941663f,0.9923254308835032f,0.12356276624224029f,0.45169482566733193f,0.05526485048519794f,0.12311527738859179f,-0.9908523728459143f,3.3341257174252497f,0f,0f,0f,1f], start_interpolation: 0, interpolation_duration: 1 }
$data merge entity $(bone_head) { transformation: [-1.1232680310754635f,0.009584560146139334f,-0.061660899852796124f,0.4115487659628881f,0.005334211011309371f,1.1223297254426958f,0.07728216858117966f,0.46886864090759406f,0.06217295679584768f,0.0768708240786326f,-1.120647312872669f,3.0850929812313233f,0f,0f,0f,1f], start_interpolation: 0, interpolation_duration: 1 }
$data merge entity $(bone_neck) { transformation: [-0.99657050442456f,0.008519609018790519f,-0.08230823757768717f,0.8339064905608323f,0.00284635434414585f,0.9976264226157296f,0.06879984858914463f,-0.5366327333150117f,0.08269902041696511f,0.06832962140322899f,-0.994229317039568f,2.1633319281872607f,0f,0f,0f,1f], start_interpolation: 0, interpolation_duration: 1 }
$data merge entity $(bone_right_arm2) { transformation: [-0.9923164248235793f,0.008519609018790519f,-0.12343228624438844f,-0.5196319778652777f,0f,0.9976264226157296f,0.06885870241982246f,-1.9836317225288398f,0.12372595938342809f,0.06832962140322899f,-0.989961084999578f,2.4208489950097536f,0f,0f,0f,1f], start_interpolation: 0, interpolation_duration: 1 }
$data merge entity $(bone_right_arm1) { transformation: [-1.1266926073517722f,0.0096733060734184f,-0.14014707500664936f,-0.2832108050637637f,0f,1.132721667344943f,0.07818331837250675f,-0.6269066849320667f,0.1404805163832673f,0.07758259096824957f,-1.1240183152599375f,1.7912690148569606f,0f,0f,0f,1f], start_interpolation: 0, interpolation_duration: 1 }
$data merge entity $(bone_left_arm2) { transformation: [-0.9923164248235793f,0.008519609018790519f,-0.12343228624438844f,1.216921765575986f,0f,0.9976264226157296f,0.06885870241982246f,-1.9836317225288398f,0.12372595938342809f,0.06832962140322899f,-0.989961084999578f,2.204328566088754f,0f,0f,0f,1f], start_interpolation: 0, interpolation_duration: 1 }
$data merge entity $(bone_left_arm1) { transformation: [-1.1266926073517722f,0.0096733060734184f,-0.14014707500664936f,0.833145172862763f,0f,1.132721667344943f,0.07818331837250675f,-0.6269066849320667f,0.1404805163832673f,0.07758259096824957f,-1.1240183152599375f,1.6520773105506037f,0f,0f,0f,1f], start_interpolation: 0, interpolation_duration: 1 }
$data merge entity $(bone_body2) { transformation: [-1.571167672637334f,0.013489380946418323f,-0.19543445322028172f,0.6559401035208495f,0f,1.579575169141572f,0.10902627883138558f,-0.5f,0.19589943569042784f,0.10818856722177923f,-1.5674383845826654f,0.7359922671626655f,0f,0f,0f,1f], start_interpolation: 0, interpolation_duration: 1 }
$data merge entity $(bone_right_leg2) { transformation: [-0.9976264226157296f,-0.0009490251369652057f,-0.06885216227709237f,-0.9832375276114292f,0f,0.9999050208252525f,-0.013782210579268983f,-2.5957477178622623f,0.06885870241982239f,-0.01374949743593279f,-0.9975316688814032f,0.07034739551517427f,0f,0f,0f,1f], start_interpolation: 0, interpolation_duration: 1 }
$data merge entity $(bone_right_leg1) { transformation: [-1.3301685634876395f,-0.017605968178886326f,-0.09010771538270973f,-0.6069900577805698f,0f,1.3085886346410498f,-0.25568254353015657f,-1.125f,0.09181160322642985f,-0.25507566122728065f,-1.3054825982525526f,0.07549441881252089f,0f,0f,0f,1f], start_interpolation: 0, interpolation_duration: 1 }
$data merge entity $(bone_left_leg2) { transformation: [-0.9742656720771377f,0.04626845142796266f,-0.22060287988723437f,0.8528992234454218f,-8.673617379884035e-19f,0.978705356487054f,0.205270127353077f,-2.4677420351523036f,0.22540275111915403f,0.1999876385830052f,-0.9535190319033543f,-0.8172601172483865f,0f,0f,0f,1f], start_interpolation: 0, interpolation_duration: 1 }
$data merge entity $(bone_left_leg1) { transformation: [-1.2990208961028502f,0.06169126857061688f,-0.29413717318297916f,0.6229988953089522f,-1.1564823173178713e-18f,1.304940475316072f,0.273693503137436f,-1.125f,0.30053700149220536f,0.26665018477734026f,-1.2713587092044722f,-0.1472771576458356f,0f,0f,0f,1f], start_interpolation: 0, interpolation_duration: 1 }
$data merge entity $(bone_tail3) { transformation: [-0.8594916979805154f,0.04018423402589555f,-0.5095677074131786f,-1.4267822085781918f,-0.025397243439517936f,0.9923164248235793f,0.12109125918506086f,-0.20226107209875754f,0.510518365123376f,0.11701854708165618f,-0.851867160131586f,-3.3695901549342935f,0f,0f,0f,1f], start_interpolation: 0, interpolation_duration: 1 }
$data merge entity $(bone_tail2) { transformation: [-1.3250497010532944f,0.06195069412325563f,-0.7855835489286502f,-0.5863137633059019f,-0.03915408363592348f,1.5298211549363512f,0.18668235791030213f,-0.6185411681551075f,0.7870491462318713f,0.18040359341755327f,-1.3132952052028617f,-1.7304654116249583f,0f,0f,0f,1f], start_interpolation: 0, interpolation_duration: 1 }
$data merge entity $(bone_tail1) { transformation: [-0.9457881568654023f,0.04018423402589555f,-0.3222886744347331f,-0.1256585271108227f,0f,0.9923164248235793f,0.1237259593834282f,-0.75f,0.32478417808314697f,0.11701854708165618f,-0.9385211224611584f,-0.7738847412703707f,0f,0f,0f,1f], start_interpolation: 0, interpolation_duration: 1 }
$data merge entity $(bone_body1) { transformation: [-1.3119882166288235f,0f,-0.23762301488891358f,0.5f,0f,1.3333333333333333f,0f,-1.1875f,0.23762301488891358f,0f,-1.3119882166288235f,-0.12499999999999994f,0f,0f,0f,1f], start_interpolation: 0, interpolation_duration: 1 }
data modify entity @s data merge value {"locators":{"head":{"posx":0.42335203806303184,"posy":-0.17611514227756464,"posz":3.3536778880967133,"roty":356.8506144000607,"rotx":3.939050766981943},"neck":{"posx":0.3427149146637168,"posy":-0.9179194456974805,"posz":2.3033364949994786,"roty":355.2675050868672,"rotx":3.945057407847097},"right_arm":{"posx":-0.5284552203133477,"posy":-3.015687496354481,"posz":2.8552327885677777,"roty":352.8928125,"rotx":3.9484375000000016},"left_arm":{"posx":1.3321380762308634,"posy":-3.015687496354481,"posz":2.6232466147238496,"roty":352.8928125,"rotx":3.9484375000000016},"tail1":{"posx":-0.8593432754243194,"posy":-1.276353590653123,"posz":-2.467702790167088,"roty":329.1130887740088,"rotx":6.955086419847259},"tail2":{"posx":-1.7661558511570927,"posy":-1.4365625463881089,"posz":-4.002352275552984,"roty":329.1130887740088,"rotx":6.955086419847259}},"cameras":{}}