# This file was generated by Animated Java via MC-Build. It is not recommended to edit this file directly.
$data merge entity $(bone_jaw) { transformation: [-1f,-1.1799926384928808e-16f,3.276845369627126e-17f,-5.077924745053882e-16f,0f,0.26757473027395273f,0.9635371107117886f,-0.50012606090915f,-1.2246467991473532e-16f,0.9635371107117886f,-0.26757473027395273f,3.5163199891210564f,0f,0f,0f,1f], start_interpolation: 0, interpolation_duration: 1 }
$data merge entity $(bone_head) { transformation: [-1.125f,-1.327491718304491e-16f,3.6864510408305164e-17f,-4.996003610813204e-16f,0f,0.3010215715581968f,1.083979249550762f,-0.25924178323120284f,-1.3777276490407724e-16f,1.083979249550762f,-0.3010215715581968f,3.449426306552568f,0f,0f,0f,1f], start_interpolation: 0, interpolation_duration: 1 }
$data merge entity $(bone_neck) { transformation: [-1f,-6.932952433932699e-17f,1.0095055661808528e-16f,0.4999999999999997f,0f,0.8243238514841258f,0.5661185281143666f,-0.6751145713401636f,-1.2246467991473532e-16f,0.5661185281143666f,-0.8243238514841258f,2.1781622411002015f,0f,0f,0f,1f], start_interpolation: 0, interpolation_duration: 1 }
$data merge entity $(bone_right_arm2) { transformation: [-0.999789281614934f,-0.014710106260792742f,-0.014318000617765156f,-0.6428161636566231f,-0.014823988278986518f,0.9998590644372828f,0.007880395555151465f,-1.620695075031727f,0.01420006124629776f,0.008090984884262686f,-0.9998664381927238f,2.87607343847944f,0f,0f,0f,1f], start_interpolation: 0, interpolation_duration: 1 }
$data merge entity $(bone_right_arm1) { transformation: [-1.118167136232611f,-0.11161764720634745f,-0.16252619243040414f,-0.5625000000000003f,-0.03247340590155047f,1.0274285927228448f,-0.48218976732107405f,-0.7160558069864602f,0.19447040983902555f,-0.47021590214721337f,-1.0150119565844375f,1.6644027494859304f,0f,0f,0f,1f], start_interpolation: 0, interpolation_duration: 1 }
$data merge entity $(bone_left_arm2) { transformation: [-0.999789281614934f,0.014710106260792756f,0.014318000617765392f,0.6428161636566222f,0.014823988278986518f,0.9998590644372828f,0.007880395555151465f,-1.620695075031727f,-0.01420006124629801f,0.00809098488426263f,-0.9998664381927238f,2.87607343847944f,0f,0f,0f,1f], start_interpolation: 0, interpolation_duration: 1 }
$data merge entity $(bone_left_arm1) { transformation: [-1.118167136232611f,0.11161764720634758f,0.1625261924304044f,0.5624999999999998f,0.03247340590155047f,1.0274285927228448f,-0.48218976732107405f,-0.7160558069864602f,-0.1944704098390258f,-0.47021590214721337f,-1.0150119565844373f,1.6644027494859306f,0f,0f,0f,1f], start_interpolation: 0, interpolation_duration: 1 }
$data merge entity $(bone_body2) { transformation: [-1.5833333333333335f,-3.19363701159306e-17f,1.9125431450106376e-16f,0.4999999999999999f,0f,1.5617099937240884f,0.2607802522177492f,-0.5f,-1.9390240986499761e-16f,0.2607802522177492f,-1.5617099937240884f,0.75f,0f,0f,0f,1f], start_interpolation: 0, interpolation_duration: 1 }
$data merge entity $(bone_right_leg2) { transformation: [-1f,9.031930785018738e-17f,8.270441618246062e-17f,-1f,0f,0.6753328081210245f,-0.7375131173581738f,-2.326263760848402f,-1.2246467991473532e-16f,-0.7375131173581738f,-0.6753328081210245f,0.7241336036645545f,0f,0f,0f,1f], start_interpolation: 0, interpolation_duration: 1 }
$data merge entity $(bone_right_leg1) { transformation: [-1.3333333333333333f,1.2042574380024984e-16f,1.102725549099475e-16f,-0.625f,0f,0.900443744161366f,-0.9833508231442317f,-1.125f,-1.6328623988631375e-16f,-0.9833508231442317f,-0.900443744161366f,-0.12500000000000008f,0f,0f,0f,1f], start_interpolation: 0, interpolation_duration: 1 }
$data merge entity $(bone_left_leg2) { transformation: [-1f,-9.031930785018738e-17f,8.270441618246062e-17f,1f,0f,0.6753328081210245f,0.7375131173581738f,-1.8653180624995434f,-1.2246467991473532e-16f,0.7375131173581738f,-0.6753328081210245f,-1.3962166087401948f,0f,0f,0f,1f], start_interpolation: 0, interpolation_duration: 1 }
$data merge entity $(bone_left_leg1) { transformation: [-1.3333333333333333f,-1.2042574380024984e-16f,1.102725549099475e-16f,0.625f,0f,0.900443744161366f,0.9833508231442317f,-1.125f,-1.6328623988631375e-16f,0.9833508231442317f,-0.900443744161366f,-0.12499999999999993f,0f,0f,0f,1f], start_interpolation: 0, interpolation_duration: 1 }
data modify entity @s data merge value {"locators":{"hitbox_head":{"posx":-4.360909629556002e-16,"posy":-0.7275813367498571,"posz":2.9308327155683105,"roty":0,"rotx":74.47999999999999},"hitbox_neck":{"posx":-2.7755575615628914e-16,"posy":-1.0550008316610067,"posz":2.0689082744928298,"roty":0,"rotx":34.480000000000004},"hitbox_right_arm":{"posx":-0.6834338871878811,"posy":-2.625420836514022,"posz":3.368803176519433,"roty":359.1795854849788,"rotx":0.45151807954590367},"hitbox_left_arm":{"posx":0.6834338871878801,"posy":-2.625420836514022,"posz":3.368803176519433,"roty":0.8204145150212412,"rotx":0.451518079545902},"hitbox_tail1":{"posx":3.191891195797325e-16,"posy":-1.5,"posz":-2.625,"roty":0,"rotx":0},"hitbox_tail2":{"posx":5.268533801099157e-16,"posy":-1.875,"posz":-4.375,"roty":0,"rotx":0}},"cameras":{}}