# This file was generated by Animated Java via MC-Build. It is not recommended to edit this file directly.
$data merge entity $(bone_jaw) { transformation: [-0.9337080149289478f,0.19561696668131612f,-0.2998722147913081f,0.5405012724549689f,-0.05690952690993829f,0.7458141950246602f,0.6637186845694534f,0.3400947316498465f,0.3534835902900311f,0.6367850413178056f,-0.6852402225129158f,3.4439013592376893f,0f,0f,0f,1f], start_interpolation: 0, interpolation_duration: 1 }
$data merge entity $(bone_head) { transformation: [-1.0504215167950663f,0.11143552499419301f,-0.3870681604358857f,0.45448612569143876f,-0.06402321777368059f,1.0211528029117245f,0.46773174009407686f,0.44403511833741915f,0.39766903907628504f,0.45875274045480935f,-0.9471168135374572f,3.2334309562293653f,0f,0f,0f,1f], start_interpolation: 0, interpolation_duration: 1 }
$data merge entity $(bone_neck) { transformation: [-0.9346511246015977f,-0.017071682007274103f,-0.35515606844655073f,0.6513860445121439f,-0.05664160975769628f,0.9932403033223415f,0.10131844797567796f,-0.5006406600834821f,0.35102564482531096f,0.11481401277538307f,-0.929300134050022f,2.1808718863272225f,0f,0f,0f,1f], start_interpolation: 0, interpolation_duration: 1 }
$data merge entity $(bone_right_arm2) { transformation: [-0.993744020394327f,-0.03285279430307023f,-0.10674041332597277f,-0.6477722642207723f,-0.0377144278578706f,0.9983259479493501f,0.043851152577611414f,-1.995813639673547f,0.10512109142257238f,0.04760247427930231f,-0.9933194655198374f,2.443232230041732f,0f,0f,0f,1f], start_interpolation: 0, interpolation_duration: 1 }
$data merge entity $(bone_right_arm1) { transformation: [-1.1283135231560586f,-0.03730161019827766f,-0.12119484429719823f,-0.45373058453193105f,-0.04282158996362391f,1.1335159200674911f,0.04978932948916295f,-0.6435774068873326f,0.11935623921937905f,0.054048642671291156f,-1.1278314764756485f,1.7899530039188742f,0f,0f,0f,1f], start_interpolation: 0, interpolation_duration: 1 }
$data merge entity $(bone_left_arm2) { transformation: [-0.993744020394327f,-0.03285279430307023f,-0.10674041332597277f,1.0912797714692999f,-0.0377144278578706f,0.9983259479493501f,0.043851152577611414f,-1.9298133909222737f,0.10512109142257238f,0.04760247427930231f,-0.9933194655198374f,2.2592703200522304f,0f,0f,0f,1f], start_interpolation: 0, interpolation_duration: 1 }
$data merge entity $(bone_left_arm1) { transformation: [-1.1283135231560586f,-0.03730161019827766f,-0.12119484429719823f,0.6642314384116867f,-0.04282158996362391f,1.1335159200674911f,0.04978932948916295f,-0.6011486755472282f,0.11935623921937905f,0.054048642671291156f,-1.1278314764756485f,1.6716917760684804f,0f,0f,0f,1f], start_interpolation: 0, interpolation_duration: 1 }
$data merge entity $(bone_body2) { transformation: [-1.573428032291018f,-0.05201692431319454f,-0.16900565443279023f,0.4999999999999999f,-0.059714510774961795f,1.5806827509198045f,0.06943099158121809f,-0.5f,0.16644172808573962f,0.075370584275562f,-1.5727558204064094f,0.75f,0f,0f,0f,1f], start_interpolation: 0, interpolation_duration: 1 }
$data merge entity $(bone_right_leg2) { transformation: [-1f,2.393834971242272e-17f,1.2010226159262917e-16f,-1f,0f,0.9807093904646552f,-0.19547145943703548f,-2.5953636884434905f,-1.2246467991473532e-16f,-0.19547145943703548f,-0.9807093904646552f,-0.17075066892248367f,0f,0f,0f,1f], start_interpolation: 0, interpolation_duration: 1 }
$data merge entity $(bone_right_leg1) { transformation: [-1.3333333333333333f,2.970773520987486e-17f,1.6056103700745943e-16f,-0.625f,0f,1.3110803630830399f,-0.242582067176908f,-1.125f,-1.6328623988631375e-16f,-0.242582067176908f,-1.3110803630830399f,-0.12500000000000008f,0f,0f,0f,1f], start_interpolation: 0, interpolation_duration: 1 }
$data merge entity $(bone_left_leg2) { transformation: [-1f,-3.7253645225629785e-17f,1.1666089209337247e-16f,1f,0f,0.9526084759670813f,0.30419909847939197f,-2.495697987320336f,-1.2246467991473532e-16f,0.30419909847939197f,-0.9526084759670813f,-0.6590875654384589f,0f,0f,0f,1f], start_interpolation: 0, interpolation_duration: 1 }
$data merge entity $(bone_left_leg1) { transformation: [-1.3333333333333333f,-2.560952651999122e-17f,1.6126545906558128e-16f,0.625f,0f,1.3168324057014689f,0.20911765365999052f,-1.125f,-1.6328623988631375e-16f,0.20911765365999052f,-1.3168324057014689f,-0.12499999999999993f,0f,0f,0f,1f], start_interpolation: 0, interpolation_duration: 1 }
$data merge entity $(bone_tail3) { transformation: [-0.9464366512306797f,0.0833225668292123f,-0.3119535463242055f,-0.8336108150349124f,0.054198692050433116f,0.9934184012632082f,0.10090778865713954f,-1.160899602394232f,0.3183082892217529f,0.07859535538849008f,-0.9447235591029144f,-4.06665293144994f,0f,0f,0f,1f], start_interpolation: 0, interpolation_duration: 1 }
$data merge entity $(bone_tail2) { transformation: [-1.4590898373139642f,0.005966311442056051f,-0.4977523087701312f,-0.3069083040204488f,0.08355631691108438f,1.5226192840699073f,-0.2266825286470221f,-1.0452335605705636f,0.49072527921686904f,-0.24151817740561474f,-1.441386062590903f,-2.1275843195488795f,0f,0f,0f,1f], start_interpolation: 0, interpolation_duration: 1 }
$data merge entity $(bone_tail1) { transformation: [-0.9950807272507667f,-0.023398412832094963f,-0.09626453412874413f,1.1102230246251565e-16f,1.734723475976807e-18f,0.9717076580001875f,-0.23618684845645085f,-0.75f,0.09906738239241657f,-0.23502498092911175f,-0.9669275629979659f,-0.9375f,0f,0f,0f,1f], start_interpolation: 0, interpolation_duration: 1 }
data modify entity @s data merge value {"locators":{"head":{"posx":0.5000964341490776,"posy":-0.2531974777507824,"posz":3.2416563264037648,"roty":337.77112345993646,"rotx":24.567283866863917},"neck":{"posx":0.23485687151989165,"posy":-0.9140913847051679,"posz":2.429491970705362,"roty":339.0843511979906,"rotx":5.815097624343132},"right_arm":{"posx":-0.6236582645293611,"posy":-3.0184223156528196,"posz":2.898859556736259,"roty":353.86662905366023,"rotx":2.5132918868026657},"left_arm":{"posx":1.2396117737100019,"posy":-2.9477077634193125,"posz":2.701757510318936,"roty":353.86662905366023,"rotx":2.5132918868026657},"tail1":{"posx":-0.41347687668861854,"posy":-1.8938302575075219,"posz":-2.692657797308324,"roty":340.94872556472694,"rotx":-8.455273494581455},"tail2":{"posx":-1.118445553805619,"posy":-2.408000622932552,"posz":-4.701216337392722,"roty":341.72645820941875,"rotx":5.7914473693187185}},"cameras":{}}