# This file was generated by Animated Java via MC-Build. It is not recommended to edit this file directly.
$data merge entity $(bone_jaw) { transformation: [-0.8030465916739521f,0.28605235466092493f,-0.5227716729068144f,0.8535784468475104f,-0.0057529695672698935f,0.8734946641794542f,0.4867997278051628f,0.5314372693422196f,0.5958884752552335f,0.3939303517666073f,-0.6998112624236839f,3.332782262260416f,0f,0f,0f,1f], start_interpolation: 0, interpolation_duration: 1 }
$data merge entity $(bone_head) { transformation: [-0.9034274156331961f,0.20592730839642176f,-0.6379951789307888f,0.7118017404184462f,-0.00647209076317863f,1.0678832467010682f,0.35384810788859455f,0.6100701822063517f,0.6703745346621377f,0.28782688385866656f,-0.8563753080307326f,3.1424766382535867f,0f,0f,0f,1f], start_interpolation: 0, interpolation_duration: 1 }
$data merge entity $(bone_neck) { transformation: [-0.8031894742064983f,-0.0000643856931138181f,-0.5957236476575117f,0.6294394235989005f,-0.00575113617243159f,0.9999542309437198f,0.007645943400256863f,-0.44329329107242604f,0.5956958896589893f,0.009567229078280963f,-0.8031530832731384f,2.1819016323689935f,0f,0f,0f,1f], start_interpolation: 0, interpolation_duration: 1 }
$data merge entity $(bone_right_arm2) { transformation: [-0.9959210717352467f,-0.003046295961515693f,-0.09017726406712716f,-0.7186647625797986f,-0.0034235879307096435f,0.9999860209588031f,0.004029507744244322f,-1.886236162307477f,0.09016372840226956f,0.004321801464097915f,-0.9959175789756433f,2.4863987153754064f,0f,0f,0f,1f], start_interpolation: 0, interpolation_duration: 1 }
$data merge entity $(bone_right_arm1) { transformation: [-1.130785383532728f,-0.0034588152063042762f,-0.10238876857621729f,-0.4734345601581733f,-0.003887198796326574f,1.1354007946303075f,0.004575170251277407f,-0.5699143519965333f,0.10237339995674355f,0.0049070454123611735f,-1.1307814177952615f,1.7792015791255709f,0f,0f,0f,1f], start_interpolation: 0, interpolation_duration: 1 }
$data merge entity $(bone_left_arm2) { transformation: [-0.9959210717352467f,-0.003046295961515693f,-0.09017726406712716f,1.024197112956883f,-0.0034235879307096435f,0.9999860209588031f,0.004029507744244322f,-1.880244883428735f,0.09016372840226956f,0.004321801464097915f,-0.9959175789756433f,2.3286121906714348f,0f,0f,0f,1f], start_interpolation: 0, interpolation_duration: 1 }
$data merge entity $(bone_left_arm1) { transformation: [-1.130785383532728f,-0.0034588152063042762f,-0.10238876857621729f,0.6469766455439793f,-0.003887198796326574f,1.1354007946303075f,0.004575170251277407f,-0.5660628155744849f,0.10237339995674355f,0.0049070454123611735f,-1.1307814177952615f,1.6777673846730177f,0f,0f,0f,1f], start_interpolation: 0, interpolation_duration: 1 }
$data merge entity $(bone_body2) { transformation: [-1.576875030247474f,-0.004823301939066514f,-0.14278066810628467f,0.4999999999999999f,-0.005420680890290269f,1.5833111998514384f,0.006380053928386844f,-0.5f,0.14275923663692683f,0.006842852318155033f,-1.5768695000447686f,0.75f,0f,0f,0f,1f], start_interpolation: 0, interpolation_duration: 1 }
$data merge entity $(bone_right_leg2) { transformation: [-1f,6.742326015665092e-17f,1.0223356501886815e-16f,-1f,0f,0.8348004101267985f,-0.5505526997955135f,-2.4977348884401165f,-1.2246467991473532e-16f,-0.5505526997955135f,-0.8348004101267985f,0.40383024313980065f,0f,0f,0f,1f], start_interpolation: 0, interpolation_duration: 1 }
$data merge entity $(bone_right_leg1) { transformation: [-1.3333333333333333f,8.972735699931775e-17f,1.3642359598737963e-16f,-0.625f,0f,1.11398319974676f,-0.732679471842734f,-1.125f,-1.6328623988631375e-16f,-0.732679471842734f,-1.11398319974676f,-0.12500000000000008f,0f,0f,0f,1f], start_interpolation: 0, interpolation_duration: 1 }
$data merge entity $(bone_left_leg2) { transformation: [-1f,-6.004783625425988e-17f,1.0673263412752525e-16f,1.0000000000000002f,0f,0.8715380973668218f,0.49032779325490033f,-2.237930167224648f,-1.2246467991473532e-16f,0.49032779325490033f,-0.8715380973668218f,-1.0870025690617038f,0f,0f,0f,1f], start_interpolation: 0, interpolation_duration: 1 }
$data merge entity $(bone_left_leg1) { transformation: [-1.3333333333333333f,-7.810108536431977e-17f,1.4339671056591932e-16f,0.625f,0f,1.1709230013564538f,0.637743759414525f,-1.125f,-1.6328623988631375e-16f,0.637743759414525f,-1.1709230013564538f,-0.12499999999999993f,0f,0f,0f,1f], start_interpolation: 0, interpolation_duration: 1 }
$data merge entity $(bone_tail3) { transformation: [-0.9074316056657986f,0.07788221023430965f,-0.41291917171258746f,-1.0749440512497095f,0.00645889455590848f,0.9851425207943182f,0.17161729634314898f,-0.6162554201325017f,0.4201501680588812f,0.1530639573904822f,-0.894452492437725f,-4.022230769704509f,0f,0f,0f,1f], start_interpolation: 0, interpolation_duration: 1 }
$data merge entity $(bone_tail2) { transformation: [-1.3989570587347728f,0.0006399202267224184f,-0.6478077256635394f,-0.34805161842199805f,0.009957462440358906f,1.5415050222144724f,-0.01998065415391471f,-0.7770075502205055f,0.6477315090907751f,-0.022315198873703524f,-1.3988145106272398f,-2.15231970396636f,0f,0f,0f,1f], start_interpolation: 0, interpolation_duration: 1 }
$data merge entity $(bone_tail1) { transformation: [-0.9915481320692623f,-0.00280315384599958f,-0.1297090749272092f,1.1102230246251565e-16f,0f,0.9997665622673603f,-0.021606040176404388f,-0.75f,0.12973936098947272f,-0.021423428778327206f,-0.9913166673215089f,-0.9375f,0f,0f,0f,1f], start_interpolation: 0, interpolation_duration: 1 }
data modify entity @s data merge value {"locators":{"head":{"posx":0.7746185632345421,"posy":-0.08148942926329583,"posz":3.2204548438961975,"roty":323.3140797184111,"rotx":18.332542342739007},"neck":{"posx":0.30233428708775795,"posy":-0.8221074386875689,"posz":2.576556001703275,"roty":323.4345212558744,"rotx":0.43808455573807387},"right_arm":{"posx":-0.7327749015681723,"posy":-2.888450911384072,"posz":2.9856709364242717,"roty":354.826152840423,"rotx":0.23087441204540163},"left_arm":{"posx":1.1345771079354152,"posy":-2.882031684013991,"posz":2.8166139456700168,"roty":354.826152840423,"rotx":0.23087441204540163},"tail1":{"posx":-0.523821209268622,"posy":-1.5366465659156723,"posz":-2.8177780924229854,"roty":335.1505813240616,"rotx":-0.7425984043619802},"tail2":{"posx":-1.4094314862705715,"posy":-1.812720249482023,"posz":-4.726256740775738,"roty":335.21984582559446,"rotx":9.881865407227165}},"cameras":{}}