# This file was generated by Animated Java via MC-Build. It is not recommended to edit this file directly.
$data merge entity $(bone_jaw) { transformation: [-0.9040306269580523f,0.10724414516557894f,-0.4137962286555249f,0.5718906811277742f,0.013226909779389657f,0.9745719606794349f,0.22368402337925264f,0.6246118892059637f,0.427263003757076f,0.19674396251256696f,-0.8824614092612404f,3.3311693079144584f,0f,0f,0f,1f], start_interpolation: 0, interpolation_duration: 1 }
$data merge entity $(bone_head) { transformation: [-1.0170344553278088f,0.08571562429411368f,-0.47320053722279093f,0.46673500618937624f,0.014880273501813365f,1.112064569051395f,0.1694578759487029f,0.662269194972342f,0.4806708792267105f,0.14693612902348108f,-1.006474182406591f,3.1075083784907713f,0f,0f,0f,1f], start_interpolation: 0, interpolation_duration: 1 }
$data merge entity $(bone_neck) { transformation: [-0.9037867450581671f,0.0031758137533658944f,-0.42797130004729006f,0.5675273953170854f,0.013238623148413368f,0.999701403229295f,-0.020538822714864662f,-0.42322065098881806f,0.42777828172348575f,-0.024228466488456897f,-0.9035589206561572f,2.185220360239886f,0f,0f,0f,1f], start_interpolation: 0, interpolation_duration: 1 }
$data merge entity $(bone_right_arm2) { transformation: [-0.9988820892694984f,0.007692750812115362f,-0.04664111192440231f,-0.8082485982350651f,0.00816471733892579f,0.9999172927326792f,-0.00993705614983618f,-1.847512074922927f,0.046560811068723555f,-0.010306758903372626f,-0.9988622835974589f,2.451344119557503f,0f,0f,0f,1f], start_interpolation: 0, interpolation_duration: 1 }
$data merge entity $(bone_right_arm1) { transformation: [-1.1341473721914095f,0.008734477484589316f,-0.05295709583083178f,-0.5180669743454721f,0.009270356145238657f,1.135322759456896f,-0.011282699170126495f,-0.5445038284827124f,0.05286592090094653f,-0.011702465838204335f,-1.1341248845012812f,1.7365484250645973f,0f,0f,0f,1f], start_interpolation: 0, interpolation_duration: 1 }
$data merge entity $(bone_left_arm2) { transformation: [-0.9988820892694984f,0.007692750812115362f,-0.04664111192440231f,0.9397950579865569f,0.00816471733892579f,0.9999172927326792f,-0.00993705614983618f,-1.861800330266047f,0.046560811068723555f,-0.010306758903372626f,-0.9988622835974589f,2.3698627001872365f,0f,0f,0f,1f], start_interpolation: 0, interpolation_duration: 1 }
$data merge entity $(bone_left_arm1) { transformation: [-1.1341473721914095f,0.008734477484589316f,-0.05295709583083178f,0.6056753760827135f,0.009270356145238657f,1.135322759456896f,-0.011282699170126495f,-0.5536891354890039f,0.05286592090094653f,-0.011702465838204335f,-1.1341248845012812f,1.6841675126122833f,0f,0f,0f,1f], start_interpolation: 0, interpolation_duration: 1 }
$data merge entity $(bone_body2) { transformation: [-1.5815633080100393f,0.012180188785849325f,-0.073848427213637f,0.4999999999999999f,0.012927469119965836f,1.5832023801600754f,-0.01573367223724062f,-0.5f,0.07372128419214563f,-0.016319034930339992f,-1.58153194902931f,0.75f,0f,0f,0f,1f], start_interpolation: 0, interpolation_duration: 1 }
$data merge entity $(bone_right_leg2) { transformation: [-1f,5.243943412862766e-17f,1.1066934342846667e-16f,-1f,0f,0.9036837682956341f,-0.4282004751503702f,-2.5568624023436506f,-1.2246467991473532e-16f,-0.4282004751503702f,-0.9036837682956341f,0.21239081308576044f,0f,0f,0f,1f], start_interpolation: 0, interpolation_duration: 1 }
$data merge entity $(bone_right_leg1) { transformation: [-1.3333333333333333f,7.035715567100281e-17f,1.4735082891554115e-16f,-0.625f,0f,1.2032108279557219f,-0.5745097747365869f,-1.125f,-1.6328623988631375e-16f,-0.5745097747365869f,-1.2032108279557219f,-0.12500000000000008f,0f,0f,0f,1f], start_interpolation: 0, interpolation_duration: 1 }
$data merge entity $(bone_left_leg2) { transformation: [-1f,-4.188008612079229e-17f,1.1508108538388746e-16f,1f,0f,0.9397083752148897f,0.3419768552855471f,-2.34265158445294f,-1.2246467991473532e-16f,0.3419768552855471f,-0.9397083752148897f,-0.9504617610036489f,0f,0f,0f,1f], start_interpolation: 0, interpolation_duration: 1 }
$data merge entity $(bone_left_leg1) { transformation: [-1.3333333333333333f,-6.082200260714556e-17f,1.5153573880463702e-16f,0.625f,0f,1.2373832104909115f,0.4966493412589834f,-1.125f,-1.6328623988631375e-16f,0.4966493412589834f,-1.2373832104909115f,-0.12499999999999993f,0f,0f,0f,1f], start_interpolation: 0, interpolation_duration: 1 }
$data merge entity $(bone_tail3) { transformation: [-0.9624242171287968f,0.021081790130452506f,-0.27073083387179614f,-0.7126933802483879f,-0.009827671699594013f,0.9936246197255763f,0.1123099814983928f,-0.432761444993121f,0.2713725173133557f,0.11075049977358967f,-0.9560812118470442f,-4.11752555882723f,0f,0f,0f,1f], start_interpolation: 0, interpolation_duration: 1 }
$data merge entity $(bone_tail2) { transformation: [-1.4837373347402283f,-0.0010973092957440279f,-0.41863878047952485f,-0.2897639923935945f,-0.015150993870207435f,1.5407921657283692f,0.04965944548560662f,-0.6858066101471049f,0.41836596419142336f,0.05190769743980628f,-1.4829064778548204f,-2.1661465266346216f,0f,0f,0f,1f], start_interpolation: 0, interpolation_duration: 1 }
$data merge entity $(bone_tail1) { transformation: [-0.9965968204843924f,0.004233191484635073f,-0.08232167084221685f,1.1102230246251565e-16f,-4.336808689942018e-19f,0.9986804762122289f,0.051354711882316086f,-0.75f,0.0824304397683276f,0.05117994257880825f,-0.9952817872729461f,-0.9375f,0f,0f,0f,1f], start_interpolation: 0, interpolation_duration: 1 }
data modify entity @s data merge value {"locators":{"head":{"posx":0.5505598085878661,"posy":-0.00261608670862834,"posz":3.305453357479557,"roty":334.8191241291386,"rotx":8.663392705928295},"neck":{"posx":0.16793950513640088,"posy":-0.7889220127862389,"posz":2.52114004111682,"roty":334.65539302065577,"rotx":-1.1768706101057989},"right_arm":{"posx":-0.855050923664323,"posy":-2.8419505447470055,"posz":2.9639920709514005,"roty":357.32655919350464,"rotx":-0.5693607486948854},"left_arm":{"posx":1.0178529937159864,"posy":-2.857259389757491,"posz":2.8766905501975435,"roty":357.32655919350464,"rotx":-0.5693607486948854},"tail1":{"posx":-0.3556174060792184,"posy":-1.4120072899035243,"posz":-2.8866166166642246,"roty":344.23511575211205,"rotx":1.8459041540658307},"tail2":{"posx":-0.8926493238474922,"posy":-1.6737193937900938,"posz":-4.800681271444029,"roty":344.1896181422385,"rotx":6.44849308084946}},"cameras":{}}