# This file was generated by Animated Java via MC-Build. It is not recommended to edit this file directly.
$data merge entity $(bone_jaw) { transformation: [-0.9874999440363097f,0.016669429469489107f,-0.156735416066207f,0.20097051597906138f,0.003972061317032768f,0.9967079628786732f,0.08097814188494731f,0.6252360677051043f,0.1575692966830119f,0.07934334789638423f,-0.984315269559207f,3.305452717403789f,0f,0f,0f,1f], start_interpolation: 0, interpolation_duration: 1 }
$data merge entity $(bone_head) { transformation: [-1.1109374370408485f,0.013938148947115668f,-0.17677312857173483f,0.16168759851867587f,0.004468568981661864f,1.1233636032176428f,0.06049170899495071f,0.6386786697039822f,0.1772654587683884f,0.05903340554128392f,-1.1093768584921135f,3.058924526627764f,0f,0f,0f,1f], start_interpolation: 0, interpolation_duration: 1 }
$data merge entity $(bone_neck) { transformation: [-0.987468980799805f,0.0026232759392671666f,-0.15779141415660317f,0.5244293342308669f,0.003973679958850621f,0.9999581281831835f,-0.008243285022861448f,-0.43246135055115065f,0.15776318273215345f,-0.008767000840080082f,-0.9874380577385556f,2.187064451741696f,0f,0f,0f,1f], start_interpolation: 0, interpolation_duration: 1 }
$data merge entity $(bone_right_arm2) { transformation: [-0.9998538199470289f,0.0027546829109569037f,-0.01687455064273542f,-0.8511655466352857f,0.00281422166071174f,0.9999898954578682f,-0.0035055867705965633f,-1.8654199729688707f,0.016864723353157657f,-0.003552563049670306f,-0.9998514691702961f,2.4028324062056194f,0f,0f,0f,1f], start_interpolation: 0, interpolation_duration: 1 }
$data merge entity $(bone_right_arm1) { transformation: [-1.135250691398189f,0.003127712888482317f,-0.019159646042272504f,-0.5466969601480888f,0.0031953141772664544f,1.1354051938011211f,-0.0039803016457815145f,-0.5562227703541762f,0.019148487973897753f,-0.004033639295979826f,-1.1352480222871069f,1.705501556100487f,0f,0f,0f,1f], start_interpolation: 0, interpolation_duration: 1 }
$data merge entity $(bone_left_arm2) { transformation: [-0.9998538199470289f,0.0027546829109569037f,-0.01687455064273542f,0.898578638272015f,0.00281422166071174f,0.9999898954578682f,-0.0035055867705965633f,-1.8703448608751163f,0.016864723353157657f,-0.003552563049670306f,-0.9998514691702961f,2.373319140337594f,0f,0f,0f,1f], start_interpolation: 0, interpolation_duration: 1 }
$data merge entity $(bone_left_arm1) { transformation: [-1.135250691398189f,0.003127712888482317f,-0.019159646042272504f,0.5781385872923188f,0.0031953141772664544f,1.1354051938011211f,-0.0039803016457815145f,-0.559388769722477f,0.019148487973897753f,-0.004033639295979826f,-1.1352480222871069f,1.6865287423281847f,0f,0f,0f,1f], start_interpolation: 0, interpolation_duration: 1 }
$data merge entity $(bone_body2) { transformation: [-1.583101881582796f,0.0043615812756817645f,-0.026718038517664414f,0.4999999999999999f,0.004455850962793589f,1.583317334474958f,-0.005550512386777892f,-0.5f,0.026702478642499628f,-0.005624891495311318f,-1.5830981595196356f,0.75f,0f,0f,0f,1f], start_interpolation: 0, interpolation_duration: 1 }
$data merge entity $(bone_right_leg2) { transformation: [-1f,1.9288474507523556e-17f,1.2093615083088757e-16f,-1f,0f,0.9875186128366811f,-0.1575023469701872f,-2.5938607731893026f,-1.2246467991473532e-16f,-0.1575023469701872f,-0.9875186128366811f,-0.20568784905872864f,0f,0f,0f,1f], start_interpolation: 0, interpolation_duration: 1 }
$data merge entity $(bone_right_leg1) { transformation: [-1.3333333333333333f,2.5882853628150087e-17f,1.612218162168959e-16f,-0.625f,0f,1.3164760347975009f,-0.21134953887252012f,-1.125f,-1.6328623988631375e-16f,-0.21134953887252012f,-1.3164760347975009f,-0.12500000000000008f,0f,0f,0f,1f], start_interpolation: 0, interpolation_duration: 1 }
$data merge entity $(bone_left_leg2) { transformation: [-1f,-1.5285772535922292e-17f,1.2150696681507041e-16f,1f,0f,0.9921796790688407f,0.12481780499132354f,-2.506658792833461f,-1.2246467991473532e-16f,0.12481780499132354f,-0.9921796790688407f,-0.6300559178803694f,0f,0f,0f,1f], start_interpolation: 0, interpolation_duration: 1 }
$data merge entity $(bone_left_leg1) { transformation: [-1.3333333333333333f,-2.2202175743283214e-17f,1.617697732225497e-16f,0.625f,0f,1.3209504433047972f,0.18129452311263322f,-1.125f,-1.6328623988631375e-16f,0.18129452311263322f,-1.3209504433047972f,-0.12499999999999993f,0f,0f,0f,1f], start_interpolation: 0, interpolation_duration: 1 }
$data merge entity $(bone_tail3) { transformation: [-0.9951179911898114f,0.0027985931506092263f,-0.09865268109246612f,-0.2974900974955257f,-0.0012232321537004077f,0.9991713357360983f,0.04068348001878844f,-0.5174888175415782f,0.09868478764963023f,0.040605538042468636f,-0.9942899491430198f,-4.181490739242374f,0f,0f,0f,1f], start_interpolation: 0, interpolation_duration: 1 }
$data merge entity $(bone_tail2) { transformation: [-1.5341402364176258f,-0.00014538647801116137f,-0.15215066538912686f,-0.22447751726373477f,-0.001885816236954795f,1.5415657115441965f,0.017541715978381646f,-0.7278862639637963f,0.15213904762651326f,0.017642192752540257f,-1.5340399520003678f,-2.181194929201543f,0f,0f,0f,1f], start_interpolation: 0, interpolation_duration: 1 }
$data merge entity $(bone_tail1) { transformation: [-0.9995602645371162f,0.0005245840753904118f,-0.02964797413042049f,1.1102230246251565e-16f,5.421010862427522e-20f,0.9998435022113479f,0.01769098882896293f,-0.75f,0.02965261469904865f,0.017683209473801358f,-0.9994038355660916f,-0.9375f,0f,0f,0f,1f], start_interpolation: 0, interpolation_duration: 1 }
data modify entity @s data merge value {"locators":{"head":{"posx":0.20304782926242684,"posy":-0.002215473471083418,"posz":3.334288428685971,"roty":350.9463453356874,"rotx":3.082303948079564},"neck":{"posx":0.04943504212331462,"posy":-0.8044283980125615,"posz":2.392663425640122,"roty":350.92096373848847,"rotx":-0.47231079029364975},"right_arm":{"posx":-0.9079738179715642,"posy":-2.863481186187646,"posz":2.9073647490500103,"roty":359.0331076346772,"rotx":-0.20085573806417892},"left_arm":{"posx":0.9667520944291151,"posy":-2.8687578518014805,"posz":2.87574339276284,"roty":359.0331076346772,"rotx":-0.20085573806417892},"tail1":{"posx":-0.16786801221139735,"posy":-1.4698615895162659,"posz":-2.8862121135375247,"roty":354.33575849084946,"rotx":0.6519489597403917},"tail2":{"posx":-0.35665538412021247,"posy":-1.8060167381846388,"posz":-4.794073604316063,"roty":354.3337023020331,"rotx":2.331635202141784}},"cameras":{}}