# This file was generated by Animated Java via MC-Build. It is not recommended to edit this file directly.
$data merge entity $(bone_jaw) { transformation: [-0.9931895474804732f,0.009786839756985709f,-0.11609797820420549f,0.14765998450322862f,0.002635148066621372f,0.9980977645610826f,0.06159471059138742f,0.6242385538011415f,0.11647995007811462f,0.060869287376647305f,-0.9913260568975573f,3.2941941154056513f,0f,0f,0f,1f], start_interpolation: 0, interpolation_duration: 1 }
$data merge entity $(bone_head) { transformation: [-1.1173382409155324f,0.008272485825903744f,-0.13081216061989148f,0.11859061547658606f,0.0029645415749490435f,1.1240649084593173f,0.04576344680634123f,0.6344082086469951f,0.13103994383787895f,0.04510706761258867f,-1.116431316996419f,3.0460982671842247f,0f,0f,0f,1f], start_interpolation: 0, interpolation_duration: 1 }
$data merge entity $(bone_neck) { transformation: [-0.9931739236262431f,0.001949066670636015f,-0.11662657745114118f,0.5183475997731046f,0.0026359168660752596f,0.9999800785637453f,-0.00573536554379467f,-0.4340485677643551f,0.11661307547238756f,-0.006003633463097409f,-0.9931592757529439f,2.187228678453305f,0f,0f,0f,1f], start_interpolation: 0, interpolation_duration: 1 }
$data merge entity $(bone_right_arm2) { transformation: [-0.9999178010194458f,0.0018906960934165534f,-0.012681343490272107f,-0.8568795003584936f,0.0019212955480797129f,0.9999952714151781f,-0.002401201928484371f,-1.8684497636834732f,0.012676743582358067f,-0.002425369160925274f,-0.9999167054092958f,2.3956300513121205f,0f,0f,0f,1f], start_interpolation: 0, interpolation_duration: 1 }
$data merge entity $(bone_right_arm1) { transformation: [-1.1353233365741624f,0.0021467278560667116f,-0.014398608754579786f,-0.5506420725668696f,0.0021814709868821737f,1.13541129775265f,-0.002726364689633296f,-0.5582072011356598f,0.014393385942469054f,-0.002753804568133905f,-1.1353220926001377f,1.7010425369500282f,0f,0f,0f,1f], start_interpolation: 0, interpolation_duration: 1 }
$data merge entity $(bone_left_arm2) { transformation: [-0.9999178010194458f,0.0018906960934165534f,-0.012681343490272107f,0.8929766514255365f,0.0019212955480797129f,0.9999952714151781f,-0.002401201928484371f,-1.8718120308926127f,0.012676743582358067f,-0.002425369160925274f,-0.9999167054092958f,2.3734457500429937f,0f,0f,0f,1f], start_interpolation: 0, interpolation_duration: 1 }
$data merge entity $(bone_left_arm1) { transformation: [-1.1353233365741624f,0.0021467278560667116f,-0.014398608754579786f,0.5742654535800068f,0.0021814709868821737f,1.13541129775265f,-0.002726364689633296f,-0.5603686586272495f,0.014393385942469054f,-0.002753804568133905f,-1.1353220926001377f,1.6867812004198752f,0f,0f,0f,1f], start_interpolation: 0, interpolation_duration: 1 }
$data merge entity $(bone_body2) { transformation: [-1.583203184947456f,0.0029936021479095433f,-0.020078793859597505f,0.4999999999999999f,0.003042051284459546f,1.5833258464073654f,-0.0038019030534335876f,-0.5f,0.02007151067206694f,-0.0038401678381316845f,-1.5832014502313851f,0.75f,0f,0f,0f,1f], start_interpolation: 0, interpolation_duration: 1 }
$data merge entity $(bone_right_leg2) { transformation: [-1f,1.4188182464403585e-17f,1.2164001522926313e-16f,-1f,0f,0.9932661018177131f,-0.11585530190649218f,-2.589124875227182f,-1.2246467991473532e-16f,-0.11585530190649218f,-0.9932661018177131f,-0.2678315432283406f,0f,0f,0f,1f], start_interpolation: 0, interpolation_duration: 1 }
$data merge entity $(bone_right_leg1) { transformation: [-1.3333333333333333f,1.9030799667531393e-17f,1.6217344048957302e-16f,-0.625f,0f,1.3242466366832013f,-0.15539827222658303f,-1.125f,-1.6328623988631375e-16f,-0.15539827222658303f,-1.3242466366832013f,-0.12500000000000008f,0f,0f,0f,1f], start_interpolation: 0, interpolation_duration: 1 }
$data merge entity $(bone_left_leg2) { transformation: [-1f,-1.1301237618166802e-17f,1.2194211682153261e-16f,1f,0f,0.9957329485238803f,0.0922816082648088f,-2.524078484967715f,-1.2246467991473532e-16f,0.0922816082648088f,-0.9957329485238803f,-0.5795788082394984f,0f,0f,0f,1f], start_interpolation: 0, interpolation_duration: 1 }
$data merge entity $(bone_left_leg1) { transformation: [-1.3333333333333333f,-1.6316457877134492e-17f,1.6246897961935533e-16f,0.625f,0f,1.326659896816556f,0.1332339894939067f,-1.125f,-1.6328623988631375e-16f,0.1332339894939067f,-1.326659896816556f,-0.12499999999999993f,0f,0f,0f,1f], start_interpolation: 0, interpolation_duration: 1 }
$data merge entity $(bone_tail3) { transformation: [-0.9973145594825547f,0.0015880584730738679f,-0.07321985737765513f,-0.23675817179685338f,-0.0006194510630349768f,0.9995462035747306f,0.030116493815246698f,-0.5317700300224222f,0.07323445722130098f,0.0300809738809997f,-0.996860997976083f,-4.185242845060847f,0f,0f,0f,1f], start_interpolation: 0, interpolation_duration: 1 }
$data merge entity $(bone_tail2) { transformation: [-1.5375266125356049f,-0.00007392145703861469f,-0.11290713614079864f,-0.21493937872365895f,-0.0009549870555122558f,1.5416197037473134f,0.011995337797672452f,-0.7349032690039823f,0.11290312154950567f,0.012033065477036793f,-1.5374798215231034f,-2.182983601733528f,0f,0f,0f,1f], start_interpolation: 0, interpolation_duration: 1 }
$data merge entity $(bone_tail1) { transformation: [-0.999758204436984f,0.00026557415651105f,-0.021987772313379644f,1.1102230246251565e-16f,0f,0.9999270657285309f,0.012077384796814214f,-0.75f,0.021989376092505016f,0.012074464538757509f,-0.9996852878006981f,-0.9375f,0f,0f,0f,1f], start_interpolation: 0, interpolation_duration: 1 }
data modify entity @s data merge value {"locators":{"head":{"posx":0.15033150130105383,"posy":-0.00278436460994258,"posz":3.331158595454014,"roty":353.3171298871499,"rotx":2.331356477516245},"neck":{"posx":0.03560806013988721,"posy":-0.8070062180997476,"posz":2.371931488207278,"roty":353.30243689137933,"rotx":-0.3286140412355814},"right_arm":{"posx":-0.9149243872704894,"posy":-2.8671243531626542,"posz":2.898806069651591,"roty":359.2733909686576,"rotx":-0.13757886846907935},"left_arm":{"posx":0.9599214896409713,"posy":-2.8707267823153035,"posz":2.8750371754346693,"roty":359.2733909686576,"rotx":-0.13757886846907935},"tail1":{"posx":-0.1405895766287851,"posy":-1.4794537185343475,"posz":-2.883624726013701,"roty":355.79993788800675,"rotx":0.44580918780473433},"tail2":{"posx":-0.28002866831769385,"posy":-1.8267338944431797,"posz":-4.785458434641205,"roty":355.7991446727922,"rotx":1.7258089421257075}},"cameras":{}}