# This file was generated by Animated Java via MC-Build. It is not recommended to edit this file directly.
$data merge entity $(bone_jaw) { transformation: [-0.9991228300988584f,0.0012861254565690067f,0.041855898706846646f,-0.052080769871756194f,0f,0.9995282456369311f,-0.030712964265252666f,0.6298866106862052f,-0.04187565372919976f,-0.030686023777424343f,-0.9986514895445174f,3.2280600397369303f,0f,0f,0f,1f], start_interpolation: 0, interpolation_duration: 1 }
$data merge entity $(bone_head) { transformation: [-1.1240131838612157f,0.000920835076522224f,0.04710111006053781f,-0.041613856524970017f,0f,1.1247850687927137f,-0.02198974808792367f,0.625f,-0.04711011044534973f,-0.021970459342767253f,-1.1237984411851152f,2.978327052806905f,0f,0f,0f,1f], start_interpolation: 0, interpolation_duration: 1 }
$data merge entity $(bone_neck) { transformation: [-0.9991228300988584f,0f,0.04187565372919976f,0.491971527179434f,0f,1f,0f,-0.4375f,-0.04187565372919976f,0f,-0.9991228300988584f,2.187477580216182f,0f,0f,0f,1f], start_interpolation: 0, interpolation_duration: 1 }
$data merge entity $(bone_right_arm2) { transformation: [-0.9999844036286483f,0f,0.005585024570828435f,-0.8840542199169878f,0f,1f,0f,-1.875f,-0.005585024570828435f,0f,-0.9999844036286483f,2.367295247111664f,0f,0f,0f,1f], start_interpolation: 0, interpolation_duration: 1 }
$data merge entity $(bone_right_arm1) { transformation: [-1.1353989582866943f,0f,0.006341329981461452f,-0.5677193893905906f,0f,1.1354166666666665f,0f,-0.5625f,-0.006341329981461452f,0f,-1.1353989582866943f,1.6815512897953524f,0f,0f,0f,1f], start_interpolation: 0, interpolation_duration: 1 }
$data merge entity $(bone_left_arm2) { transformation: [-0.9999844036286483f,0f,0.005585024570828435f,0.8659184864331468f,0f,1f,0f,-1.875f,-0.005585024570828435f,0f,-0.9999844036286483f,2.377069040110614f,0f,0f,0f,1f], start_interpolation: 0, interpolation_duration: 1 }
$data merge entity $(bone_left_arm1) { transformation: [-1.1353989582866943f,0f,0.006341329981461452f,0.5572630646916388f,0f,1.1354166666666665f,0f,-0.5625f,-0.006341329981461452f,0f,-1.1353989582866943f,1.6878344424375347f,0f,0f,0f,1f], start_interpolation: 0, interpolation_duration: 1 }
$data merge entity $(bone_body2) { transformation: [-1.5833086390786932f,0f,0.008842955570478357f,0.4999999999999999f,0f,1.5833333333333335f,0f,-0.5f,-0.008842955570478357f,0f,-1.5833086390786932f,0.75f,0f,0f,0f,1f], start_interpolation: 0, interpolation_duration: 1 }
$data merge entity $(bone_right_leg2) { transformation: [-1f,-4.786583057176993e-18f,1.2237110136488648e-16f,-1f,0f,0.9992358731520469f,0.03908541679535355f,-2.549187374907519f,-1.2246467991473532e-16f,0.03908541679535355f,-0.9992358731520469f,-0.49344649700333554f,0f,0f,0f,1f], start_interpolation: 0, interpolation_duration: 1 }
$data merge entity $(bone_right_leg1) { transformation: [-1.3333333333333333f,-6.382110742902657e-18f,1.6316146848651529e-16f,-0.625f,0f,1.3323144975360623f,0.0521138890604714f,-1.125f,-1.6328623988631375e-16f,0.0521138890604714f,-1.3323144975360623f,-0.12500000000000008f,0f,0f,0f,1f], start_interpolation: 0, interpolation_duration: 1 }
$data merge entity $(bone_left_leg2) { transformation: [-1f,4.103062795967913e-18f,1.2239592600373152e-16f,1f,0f,0.9994385817114643f,-0.0335040503010715f,-2.572162976929315f,-1.2246467991473532e-16f,-0.0335040503010715f,-0.9994385817114643f,-0.38916248447704216f,0f,0f,0f,1f], start_interpolation: 0, interpolation_duration: 1 }
$data merge entity $(bone_left_leg1) { transformation: [-1.3333333333333333f,5.470750394623884e-18f,1.6319456800497537e-16f,0.625f,0f,1.3325847756152855f,-0.04467206706809533f,-1.125f,-1.6328623988631375e-16f,-0.04467206706809533f,-1.3325847756152855f,-0.12499999999999993f,0f,0f,0f,1f], start_interpolation: 0, interpolation_duration: 1 }
$data merge entity $(bone_tail3) { transformation: [-0.9996101150403544f,0.0006237235113153656f,0.027914671375299068f,0.003772974543430757f,0f,0.9997504677881222f,-0.022338356193573713f,-0.5625f,-0.027921638723569016f,-0.02232964680447063f,-0.9993606801173328f,-4.184756938541133f,0f,0f,0f,1f], start_interpolation: 0, interpolation_duration: 1 }
$data merge entity $(bone_tail2) { transformation: [-1.5410655940205462f,0f,0.043045859698835565f,-0.17702156728375157f,0f,1.5416666666666665f,0f,-0.75f,-0.043045859698835565f,0f,-1.5410655940205462f,-2.1890269133008706f,0f,0f,0f,1f], start_interpolation: 0, interpolation_duration: 1 }
$data merge entity $(bone_tail1) { transformation: [-0.9999649082784806f,0f,0.00837748241477074f,1.1102230246251565e-16f,0f,1f,0f,-0.75f,-0.00837748241477074f,0f,-0.9999649082784806f,-0.9375f,0f,0f,0f,1f], start_interpolation: 0, interpolation_duration: 1 }
data modify entity @s data merge value {"locators":{"head":{"posx":-0.055209073250965086,"posy":0.006227669584026763,"posz":3.3026990972154184,"roty":2.4000000000000057,"rotx":-1.1200000000000006},"neck":{"posx":-0.012824344586145175,"posy":-0.8125,"posz":2.2914301071139396,"roty":2.4000000000000057,"rotx":0},"right_arm":{"posx":-0.9493457574291926,"posy":-2.875,"posz":2.8669383848903114,"roty":0.3199999999999932,"rotx":0},"left_arm":{"posx":0.9256249993745231,"posy":-2.875,"posz":2.877410305960615,"roty":0.3199999999999932,"rotx":0},"tail1":{"posx":-0.03287417628125358,"posy":-1.5,"posz":-2.8727686625506683,"roty":1.6000000000000227,"rotx":0},"tail2":{"posx":0.018656340083435065,"posy":-1.8872378143307955,"posz":-4.717589659676265,"roty":1.6000000000000227,"rotx":-1.2800000000000005}},"cameras":{}}