# This file was generated by Animated Java via MC-Build. It is not recommended to edit this file directly.
$data merge entity $(bone_jaw) { transformation: [-0.9989412931868569f,0.0015522012739894167f,0.04597698812857514f,-0.05716670976877864f,0f,0.9994306045554617f,-0.03374117185137758f,0.6303685200688673f,-0.04600318213091475f,-0.03370544984285509f,-0.998372500565155f,3.2257888847851524f,0f,0f,0f,1f], start_interpolation: 0, interpolation_duration: 1 }
$data merge entity $(bone_head) { transformation: [-1.123808954835214f,0.0011113605292570959f,0.051741645798699325f,-0.04566856625795657f,0f,1.1247405810201172f,-0.024158340309903194f,0.625f,-0.05175357989727909f,-0.024132763710422868f,-1.1235498105039725f,2.9761111491176027f,0f,0f,0f,1f], start_interpolation: 0, interpolation_duration: 1 }
$data merge entity $(bone_neck) { transformation: [-0.9989412931868569f,0f,0.04600318213091475f,0.49117966581684014f,0f,1f,0f,-0.4375f,-0.04600318213091475f,0f,-0.9989412931868569f,2.187472939468739f,0f,0f,0f,1f], start_interpolation: 0, interpolation_duration: 1 }
$data merge entity $(bone_right_arm2) { transformation: [-0.9999811752826011f,0f,0.006135884649154598f,-0.884944928568453f,0f,1f,0f,-1.875f,-0.006135884649154598f,0f,-0.9999811752826011f,2.3665325684416394f,0f,0f,0f,1f], start_interpolation: 0, interpolation_duration: 1 }
$data merge entity $(bone_right_arm1) { transformation: [-1.1353952927687865f,0f,0.006966785695394282f,-0.5682323905963463f,0f,1.1354166666666665f,0f,-0.5625f,-0.006966785695394282f,0f,-1.1353952927687865f,1.680962974387712f,0f,0f,0f,1f], start_interpolation: 0, interpolation_duration: 1 }
$data merge entity $(bone_left_arm2) { transformation: [-0.9999811752826011f,0f,0.006135884649154598f,0.865022128176099f,0f,1f,0f,-1.875f,-0.006135884649154598f,0f,-0.9999811752826011f,2.3772703665776596f,0f,0f,0f,1f], start_interpolation: 0, interpolation_duration: 1 }
$data merge entity $(bone_left_arm1) { transformation: [-1.1353952927687865f,0f,0.006966785695394282f,0.55674643159658f,0f,1.1354166666666665f,0f,-0.5625f,-0.006966785695394282f,0f,-1.1353952927687865f,1.6878658446180106f,0f,0f,0f,1f], start_interpolation: 0, interpolation_duration: 1 }
$data merge entity $(bone_body2) { transformation: [-1.5833035275307852f,0f,0.00971515069449478f,0.4999999999999999f,0f,1.5833333333333335f,0f,-0.5f,-0.00971515069449478f,0f,-1.5833035275307852f,0.75f,0f,0f,0f,1f], start_interpolation: 0, interpolation_duration: 1 }
$data merge entity $(bone_right_leg2) { transformation: [-1f,-5.258419891634192e-18f,1.223517341391688e-16f,-1f,0f,0.9990777277526454f,0.04293825693494082f,-2.547756028352259f,-1.2246467991473532e-16f,0.04293825693494082f,-0.9990777277526454f,-0.49893553426667925f,0f,0f,0f,1f], start_interpolation: 0, interpolation_duration: 1 }
$data merge entity $(bone_right_leg1) { transformation: [-1.3333333333333333f,-7.011226522178922e-18f,1.6313564551889172e-16f,-0.625f,0f,1.332103637003527f,0.057251009246587756f,-1.125f,-1.6328623988631375e-16f,0.057251009246587756f,-1.332103637003527f,-0.12500000000000008f,0f,0f,0f,1f], start_interpolation: 0, interpolation_duration: 1 }
$data merge entity $(bone_left_leg2) { transformation: [-1f,4.507584776063812e-18f,1.2238169596024226e-16f,1f,0f,0.9993223845883495f,-0.03680722294135883f,-2.5730281850149272f,-1.2246467991473532e-16f,-0.03680722294135883f,-0.9993223845883495f,-0.3843778622056558f,0f,0f,0f,1f], start_interpolation: 0, interpolation_duration: 1 }
$data merge entity $(bone_left_leg1) { transformation: [-1.3333333333333333f,6.010113034751749e-18f,1.6317559461365633e-16f,0.625f,0f,1.3324298461177992f,-0.049076297255145104f,-1.125f,-1.6328623988631375e-16f,-0.049076297255145104f,-1.3324298461177992f,-0.12499999999999993f,0f,0f,0f,1f], start_interpolation: 0, interpolation_duration: 1 }
$data merge entity $(bone_tail3) { transformation: [-0.9995294175010931f,0.0007527973546531981f,0.03066556449942233f,0.010303418664991959f,0f,0.9996988186962042f,-0.024541228522912285f,-0.5625f,-0.030674803176636747f,-0.02452967985026773f,-0.9992283779279479f,-4.184397244316697f,0f,0f,0f,1f], start_interpolation: 0, interpolation_duration: 1 }
$data merge entity $(bone_tail2) { transformation: [-1.5409411853141852f,0f,0.04729032156398165f,-0.17598736487591818f,0f,1.5416666666666665f,0f,-0.75f,-0.04729032156398165f,0f,-1.5409411853141852f,-2.189172759711591f,0f,0f,0f,1f], start_interpolation: 0, interpolation_duration: 1 }
$data merge entity $(bone_tail1) { transformation: [-0.9999576445519639f,0f,0.009203754782059943f,1.1102230246251565e-16f,0f,1f,0f,-0.75f,-0.009203754782059943f,0f,-0.9999576445519639f,-0.9375f,0f,0f,0f,1f], start_interpolation: 0, interpolation_duration: 1 }
data modify entity @s data merge value {"locators":{"head":{"posx":-0.0606586681627381,"posy":0.006854771741574672,"posz":3.3016154096522743,"roty":2.63671875,"rotx":-1.2304687499999998},"neck":{"posx":-0.01404137854295262,"posy":-0.8125,"posz":2.2893390100516386,"roty":2.63671875,"rotx":0},"right_arm":{"posx":-0.9505116943481928,"posy":-2.875,"posz":2.8661396632923677,"roty":0.3515625000000284,"rotx":0},"left_arm":{"posx":0.9244530093066843,"posy":-2.875,"posz":2.877644447009532,"roty":0.3515625000000284,"rotx":0},"tail1":{"posx":-0.029957260504343775,"posy":-1.5,"posz":-2.872514883846513,"roty":1.7578125,"rotx":0},"tail2":{"posx":0.026564752167934694,"posy":-1.8884091405829064,"posz":-4.7142680020976915,"roty":1.7578125,"rotx":-1.4062499999999998}},"cameras":{}}