# This file was generated by Animated Java via MC-Build. It is not recommended to edit this file directly.
$data merge entity $(bone_jaw) { transformation: [-0.998843146940306f,0.0016960387652586704f,0.04805716661324517f,-0.059731256801969904f,0f,0.9993778146729877f,-0.03527015082819558f,0.6306118529797404f,-0.04808708569238176f,-0.03522934844629412f,-0.9982216813902929f,3.224634810304991f,0f,0f,0f,1f], start_interpolation: 0, interpolation_duration: 1 }
$data merge entity $(bone_head) { transformation: [-1.123698540307844f,0.0012143594480842268f,0.054084340073178486f,-0.0477125145634858f,0f,1.1247165282413205f,-0.025253338408832142f,0.625f,-0.054097971403929475f,-0.025224124007026394f,-1.123415396484336f,2.974986944419583f,0f,0f,0f,1f], start_interpolation: 0, interpolation_duration: 1 }
$data merge entity $(bone_neck) { transformation: [-0.998843146940306f,0f,0.04808708569238176f,0.4907798160317274f,0f,1f,0f,-0.4375f,-0.04808708569238176f,0f,-0.998843146940306f,2.1874704303767754f,0f,0f,0f,1f], start_interpolation: 0, interpolation_duration: 1 }
$data merge entity $(bone_right_arm2) { transformation: [-0.9999794298273219f,0f,0.006414041021406955f,-0.885394532672354f,0f,1f,0f,-1.875f,-0.006414041021406955f,0f,-0.9999794298273219f,2.3661472670649637f,0f,0f,0f,1f], start_interpolation: 0, interpolation_duration: 1 }
$data merge entity $(bone_right_arm1) { transformation: [-1.1353933109497716f,0f,0.007282609076389146f,-0.5684913076490986f,0f,1.1354166666666665f,0f,-0.5625f,-0.007282609076389146f,0f,-1.1353933109497716f,1.6806657968778693f,0f,0f,0f,1f], start_interpolation: 0, interpolation_duration: 1 }
$data merge entity $(bone_left_arm2) { transformation: [-0.9999794298273219f,0f,0.006414041021406955f,0.8645694695254593f,0f,1f,0f,-1.875f,-0.006414041021406955f,0f,-0.9999794298273219f,2.377371838852426f,0f,0f,0f,1f], start_interpolation: 0, interpolation_duration: 1 }
$data merge entity $(bone_left_arm1) { transformation: [-1.1353933109497716f,0f,0.007282609076389146f,0.5564855509066385f,0f,1.1354166666666665f,0f,-0.5625f,-0.007282609076389146f,0f,-1.1353933109497716f,1.6878815930269522f,0f,0f,0f,1f], start_interpolation: 0, interpolation_duration: 1 }
$data merge entity $(bone_body2) { transformation: [-1.58330076389326f,0f,0.010155564950561012f,0.4999999999999999f,0f,1.5833333333333335f,0f,-0.5f,-0.010155564950561012f,0f,-1.58330076389326f,0.75f,0f,0f,0f,1f], start_interpolation: 0, interpolation_duration: 1 }
$data merge entity $(bone_right_leg2) { transformation: [-1f,-5.496644865540751e-18f,1.2234126336539402e-16f,-1f,0f,0.9989922273962809f,0.044883511469329194f,-2.5470252295479883f,-1.2246467991473532e-16f,0.044883511469329194f,-0.9989922273962809f,-0.5017051187984987f,0f,0f,0f,1f], start_interpolation: 0, interpolation_duration: 1 }
$data merge entity $(bone_right_leg1) { transformation: [-1.3333333333333333f,-7.328859820721001e-18f,1.6312168448719201e-16f,-0.625f,0f,1.3319896365283745f,0.05984468195910559f,-1.125f,-1.6328623988631375e-16f,0.05984468195910559f,-1.3319896365283745f,-0.12500000000000008f,0f,0f,0f,1f], start_interpolation: 0, interpolation_duration: 1 }
$data merge entity $(bone_left_leg2) { transformation: [-1f,4.7118299167703426e-18f,1.2237400249012861e-16f,1f,0f,0.9992595626374083f,-0.03847501108116154f,-2.5734590622541376f,-1.2246467991473532e-16f,-0.03847501108116154f,-0.9992595626374083f,-0.3819607848950203f,0f,0f,0f,1f], start_interpolation: 0, interpolation_duration: 1 }
$data merge entity $(bone_left_leg1) { transformation: [-1.3333333333333333f,6.2824398890271234e-18f,1.6316533665350482e-16f,0.625f,0f,1.3323460835165444f,-0.05130001477488205f,-1.125f,-1.6328623988631375e-16f,-0.05130001477488205f,-1.3323460835165444f,-0.12499999999999993f,0f,0f,0f,1f], start_interpolation: 0, interpolation_duration: 1 }
$data merge entity $(bone_tail3) { transformation: [-0.9994857879950282f,0.000822578439969641f,0.03205437506281552f,0.013600480977546903f,0f,0.9996708941621513f,-0.02565352539213505f,-0.5625f,-0.03206492781775054f,-0.025640334041408565f,-0.9991568513873522f,-4.184209540225849f,0f,0f,0f,1f], start_interpolation: 0, interpolation_duration: 1 }
$data merge entity $(bone_tail2) { transformation: [-1.5408739231590016f,0f,0.049433430385698744f,-0.1754650981573327f,0f,1.5416666666666665f,0f,-0.75f,-0.049433430385698744f,0f,-1.5408739231590016f,-2.189246080213011f,0f,0f,0f,1f], start_interpolation: 0, interpolation_duration: 1 }
$data merge entity $(bone_tail1) { transformation: [-0.9999537173098177f,0f,0.00962097907060642f,1.1102230246251565e-16f,0f,1f,0f,-0.75f,-0.00962097907060642f,0f,-0.9999537173098177f,-0.9375f,0f,0f,0f,1f], start_interpolation: 0, interpolation_duration: 1 }
data modify entity @s data merge value {"locators":{"head":{"posx":-0.0634105864994155,"posy":0.007172300535053133,"posz":3.3010601790024685,"roty":2.7562499999999943,"rotx":-1.2862499999999997},"neck":{"posx":-0.014652643149973277,"posy":-0.8125,"posz":2.2882822808981227,"roty":2.7562499999999943,"rotx":0},"right_arm":{"posx":-0.9511002675472651,"posy":-2.875,"posz":2.8657361044147867,"roty":0.3674999999999784,"rotx":0},"left_arm":{"posx":0.9238611633789635,"posy":-2.875,"posz":2.877762431329925,"roty":0.3674999999999784,"rotx":0},"tail1":{"posx":-0.02848473678325067,"posy":-1.5,"posz":-2.872384443482374,"roty":1.8375000000000057,"rotx":0},"tail2":{"posx":0.03055143274792048,"posy":-1.8889981566208995,"posz":-4.712582330701886,"roty":1.8375000000000057,"rotx":-1.4699999999999995}},"cameras":{}}