# This file was generated by Animated Java via MC-Build. It is not recommended to edit this file directly.
$data merge entity $(bone_jaw) { transformation: [-0.9991634599276489f,0.0012265703703149846f,0.04087634854700836f,-0.05087084344731402f,0f,0.9995500983414201f,-0.029993347690072576f,0.6297720948275323f,-0.04089474716158357f,-0.02996825705282587f,-0.9987139346298349f,3.228596909594416f,0f,0f,0f,1f], start_interpolation: 0, interpolation_duration: 1 }
$data merge entity $(bone_head) { transformation: [-1.124058892418605f,0.0008781912513136467f,0.045998208169291274f,-0.04064901940969373f,0f,1.1247950253254502f,-0.02147442672389518f,0.625f,-0.04600659055678152f,-0.021456462505409876f,-1.1238540892135842f,2.9788515564358415f,0f,0f,0f,1f], start_interpolation: 0, interpolation_duration: 1 }
$data merge entity $(bone_neck) { transformation: [-0.9991634599276489f,0f,0.04089474716158357f,0.4921596926229173f,0f,1f,0f,-0.4375f,-0.04089474716158357f,0f,-0.9991634599276489f,2.1874786188254185f,0f,0f,0f,1f], start_interpolation: 0, interpolation_duration: 1 }
$data merge entity $(bone_right_arm2) { transformation: [-0.9999851261394216f,0f,0.005454126871013965f,-0.8838425046071026f,0f,1f,0f,-1.875f,-0.005454126871013965f,0f,-0.9999851261394216f,2.367476405528916f,0f,0f,0f,1f], start_interpolation: 0, interpolation_duration: 1 }
$data merge entity $(bone_right_arm1) { transformation: [-1.135399778637468f,0f,0.006192706551463772f,-0.5675974404647112f,0f,1.1354166666666665f,0f,-0.5625f,-0.006192706551463772f,0f,-1.135399778637468f,1.6816910459552554f,0f,0f,0f,1f], start_interpolation: 0, interpolation_duration: 1 }
$data merge entity $(bone_left_arm2) { transformation: [-0.9999851261394216f,0f,0.005454126871013965f,0.8661314661368853f,0f,1f,0f,-1.875f,-0.005454126871013965f,0f,-0.9999851261394216f,2.3770211275531903f,0f,0f,0f,1f], start_interpolation: 0, interpolation_duration: 1 }
$data merge entity $(bone_left_arm1) { transformation: [-1.135399778637468f,0f,0.006192706551463772f,0.5573858264421382f,0f,1.1354166666666665f,0f,-0.5625f,-0.006192706551463772f,0f,-1.135399778637468f,1.687826938685146f,0f,0f,0f,1f], start_interpolation: 0, interpolation_duration: 1 }
$data merge entity $(bone_body2) { transformation: [-1.5833097830540843f,0f,0.008635700879105446f,0.4999999999999999f,0f,1.5833333333333335f,0f,-0.5f,-0.008635700879105446f,0f,-1.5833097830540843f,0.75f,0f,0f,0f,1f], start_interpolation: 0, interpolation_duration: 1 }
$data merge entity $(bone_right_leg2) { transformation: [-1f,-4.674452685480151e-18f,1.2237543592857915e-16f,-1f,0f,0.9992712675506252f,0.03816980282588161f,-2.549524383720936f,-1.2246467991473532e-16f,0.03816980282588161f,-0.9992712675506252f,-0.49214136267177533f,0f,0f,0f,1f], start_interpolation: 0, interpolation_duration: 1 }
$data merge entity $(bone_right_leg1) { transformation: [-1.3333333333333333f,-6.232603580640201e-18f,1.631672479047722e-16f,-0.625f,0f,1.3323616900675002f,0.05089307043450881f,-1.125f,-1.6328623988631375e-16f,0.05089307043450881f,-1.3323616900675002f,-0.12500000000000008f,0f,0f,0f,1f], start_interpolation: 0, interpolation_duration: 1 }
$data merge entity $(bone_left_leg2) { transformation: [-1f,4.006932004872529e-18f,1.223991107914061e-16f,1f,0f,0.9994645874763657f,-0.03271908282177614f,-2.5719550578790806f,-1.2246467991473532e-16f,-0.03271908282177614f,-0.9994645874763657f,-0.390299002030061f,0f,0f,0f,1f], start_interpolation: 0, interpolation_duration: 1 }
$data merge entity $(bone_left_leg1) { transformation: [-1.3333333333333333f,5.342576006496705e-18f,1.6319881438854147e-16f,0.625f,0f,1.3326194499684876f,-0.04362544376236818f,-1.125f,-1.6328623988631375e-16f,-0.04362544376236818f,-1.3326194499684876f,-0.12499999999999993f,0f,0f,0f,1f], start_interpolation: 0, interpolation_duration: 1 }
$data merge entity $(bone_tail3) { transformation: [-0.9996281756082517f,0.0005948349671245953f,0.02726090059921605f,0.002221000345477425f,0f,0.9997620270799091f,-0.02181488503456112f,-0.5625f,-0.027267389499518506f,-0.021806773728202087f,-0.999390291172297f,-4.184840058601553f,0f,0f,0f,1f], start_interpolation: 0, interpolation_duration: 1 }
$data merge entity $(bone_tail2) { transformation: [-1.5410934373960545f,0f,0.04203722547842436f,-0.17726730060459103f,0f,1.5416666666666665f,0f,-0.75f,-0.04203722547842436f,0f,-1.5410934373960545f,-2.1889921310724896f,0f,0f,0f,1f], start_interpolation: 0, interpolation_duration: 1 }
$data merge entity $(bone_tail1) { transformation: [-0.9999665339174011f,0f,0.008181139603937251f,1.1102230246251565e-16f,0f,1f,0f,-0.75f,-0.008181139603937251f,0f,-0.9999665339174011f,-0.9375f,0f,0f,0f,1f], start_interpolation: 0, interpolation_duration: 1 }
data modify entity @s data merge value {"locators":{"head":{"posx":-0.05391418348522667,"posy":0.0060789933536096186,"posz":3.3029535048315095,"roty":2.34375,"rotx":-1.0937500000000002},"neck":{"posx":-0.012533880736105119,"posy":-0.8125,"posz":2.291926677735583,"roty":2.34375,"rotx":0},"right_arm":{"posx":-0.9490686384263234,"posy":-2.875,"posz":2.8671280856691888,"roty":0.3125,"rotx":0},"left_arm":{"posx":0.9259034730850921,"posy":-2.875,"posz":2.8773545735523394,"roty":0.3125,"rotx":0},"tail1":{"posx":-0.03356744837264061,"posy":-1.5,"posz":-2.872828078115723,"roty":1.5624999999999716,"rotx":0},"tail2":{"posx":0.01677453603818542,"posy":-1.8869585333743215,"posz":-4.718375706867705,"roty":1.5624999999999716,"rotx":-1.25}},"cameras":{}}