# This file was generated by Animated Java via MC-Build. It is not recommended to edit this file directly.
$data merge entity $(bone_jaw) { transformation: [0.08785340773083494f,0.42444735054005195f,-0.9011804621548395f,2.2905160750013676f,-0.2396655305572535f,0.8871103411961394f,0.3944561775477465f,0.09745110331794807f,0.9668723867257716f,0.18132757419212164f,0.17966106596814665f,2.8387309652097743f,0f,0f,0f,1f], start_interpolation: 0, interpolation_duration: 1 }
$data merge entity $(bone_head) { transformation: [0.09883508369718931f,-0.05788374020583166f,-1.1191541890420433f,2.041815144103136f,-0.2696237218769102f,1.0892677239198556f,-0.08014907502710232f,0.07964019775636977f,1.087731435066493f,0.27526405185973934f,0.08182314417050078f,2.856913886136552f,0f,0f,0f,1f], start_interpolation: 0, interpolation_duration: 1 }
$data merge entity $(bone_neck) { transformation: [-0.4904535213871803f,-0.05145221351629481f,-0.8699471323495404f,1.6348778366237875f,-0.23792119435076506f,0.9682379768176493f,0.07686823483579332f,-0.767696614632918f,0.8383608105330428f,0.24467915720865718f,-0.4871172973628025f,1.7819790722285553f,0f,0f,0f,1f], start_interpolation: 0, interpolation_duration: 1 }
$data merge entity $(bone_right_arm2) { transformation: [-0.6824175230019424f,-0.019968767357727776f,-0.7306897923401604f,0.8622631816366306f,-0.2023012674431648f,0.9657399350036611f,0.16254407134686194f,-2.4645890273125692f,0.7024105078163216f,0.25874239364537377f,-0.6630775612550012f,2.5001783723460855f,0f,0f,0f,1f], start_interpolation: 0, interpolation_duration: 1 }
$data merge entity $(bone_right_arm1) { transformation: [-0.7748282292417886f,-0.02267287127075341f,-0.8296373683862237f,0.5469604181838595f,-0.22969623074276f,1.0965172178687401f,0.1845552476750828f,-1.0220871674933072f,0.7975285974164484f,0.2937804261181848f,-0.7528693143416159f,2.1644086569502248f,0f,0f,0f,1f], start_interpolation: 0, interpolation_duration: 1 }
$data merge entity $(bone_left_arm2) { transformation: [-0.6824175230019424f,-0.019968767357727776f,-0.7306897923401604f,2.05649384689003f,-0.2023012674431648f,0.9657399350036611f,0.16254407134686194f,-2.110561809287031f,0.7024105078163216f,0.25874239364537377f,-0.6630775612550012f,1.270959983667523f,0f,0f,0f,1f], start_interpolation: 0, interpolation_duration: 1 }
$data merge entity $(bone_left_arm1) { transformation: [-0.7748282292417886f,-0.02267287127075341f,-0.8296373683862237f,1.3146801315610448f,-0.22969623074276f,1.0965172178687401f,0.1845552476750828f,-0.7944982416197469f,0.7975285974164484f,0.2937804261181848f,-0.7528693143416159f,1.3741968356568632f,0f,0f,0f,1f], start_interpolation: 0, interpolation_duration: 1 }
$data merge entity $(bone_body2) { transformation: [-1.0804944114197421f,-0.031617214983068985f,-1.1569255045385873f,0.5857593080946649f,-0.3203103401183443f,1.5290882304224636f,0.2573614462991981f,-0.5943982580095328f,1.112149970709176f,0.4096754566051752f,-1.0498728053204187f,0.8126336783216555f,0f,0f,0f,1f], start_interpolation: 0, interpolation_duration: 1 }
$data merge entity $(bone_right_leg2) { transformation: [-0.9967062012116361f,0.024911820928677508f,-0.0771760950313443f,-1.0552135572692443f,0.06258473478265468f,0.8414888802604094f,-0.5366373220064622f,-2.4297802722842428f,0.05157421292132682f,-0.5396997920845439f,-0.84027628491196f,0.41125219002679236f,0f,0f,0f,1f], start_interpolation: 0, interpolation_duration: 1 }
$data merge entity $(bone_right_leg1) { transformation: [-1.3289416016155147f,0.037672645839569543f,-0.10135466949684413f,-0.6170779098557719f,0.08344631304353957f,1.1521276807044896f,-0.6658951103377401f,-1.0550427255828025f,0.06876561722843576f,-0.6700450409395757f,-1.1506905364941749f,-0.060787355090863054f,0f,0f,0f,1f], start_interpolation: 0, interpolation_duration: 1 }
$data merge entity $(bone_left_leg2) { transformation: [-0.9967062012116361f,0.07813844627852477f,-0.021705567936538276f,0.8871704913561356f,0.06258473478265468f,0.9113339169621336f,0.4068828366577286f,-2.0139939078706783f,0.05157421292132682f,0.4041842092507243f,-0.9132224403473189f,-1.3344972425613597f,0f,0f,0f,1f], start_interpolation: 0, interpolation_duration: 1 }
$data merge entity $(bone_left_leg1) { transformation: [-1.3289416016155147f,0.10803251052189988f,0.004579731837535257f,0.628804841658773f,0.08344631304353957f,0.9887439060562474f,0.8906177512568745f,-1.1332736440611209f,0.06876561722843576f,0.8879708568893171f,-0.9922483685953944f,-0.12525512124252158f,0f,0f,0f,1f], start_interpolation: 0, interpolation_duration: 1 }
$data merge entity $(bone_tail3) { transformation: [-0.9963263394792972f,0.005775689257117821f,0.08544276840897291f,0.16108331982871416f,0.08159849513255439f,-0.23877742322407194f,0.967639926703407f,2.3077776373032557f,0.025990591603244833f,0.9710571474285525f,0.23742894847940443f,-1.3274435833093756f,0f,0f,0f,1f], start_interpolation: 0, interpolation_duration: 1 }
$data merge entity $(bone_tail2) { transformation: [-1.5360031066972497f,0.0311665324504891f,0.12829347053735998f,-0.13368276941215695f,0.12579767999602134f,-0.1091686349457909f,1.5326425754111106f,0.3429616448035476f,0.040068828721669114f,1.5374807210206558f,0.10622444429503168f,-1.6489903423523342f,0f,0f,0f,1f], start_interpolation: 0, interpolation_duration: 1 }
$data merge entity $(bone_tail1) { transformation: [-0.9963263394792972f,0.07170313518853887f,0.04682398598921588f,-0.005401563246308583f,0.08159849513255439f,0.6289201834905899f,0.7731759750472497f,-0.6388080418428684f,0.025990591603244833f,0.7741563557849905f,-0.6324606121694983f,-0.8632878130660697f,0f,0f,0f,1f], start_interpolation: 0, interpolation_duration: 1 }
$data merge entity $(bone_body1) { transformation: [-1.3289416016155147f,0.08995341882279624f,-0.06000316421205425f,0.5f,0.08344631304353957f,1.3237215527831663f,0.1362928512965379f,-1.1875f,0.06876561722843576f,0.1320886479497432f,-1.3249911911962957f,-0.12499999999999994f,0f,0f,0f,1f], start_interpolation: 0, interpolation_duration: 1 }
data modify entity @s data merge value {"locators":{"head":{"posx":2.38484894117361,"posy":-0.5032449058026882,"posz":2.681260761722669,"roty":265.81845431443946,"rotx":-4.085419884501739},"neck":{"posx":1.5176890475425004,"posy":-1.2593549824693933,"posz":2.1702944557121806,"roty":299.2461641045739,"rotx":4.4085742343442185},"right_arm":{"posx":1.2049257499768173,"posy":-3.5242448272048588,"posz":2.6168754160667325,"roty":312.2227352028012,"rotx":9.354594183535117},"left_arm":{"posx":2.484458605605459,"posy":-3.1449299507489252,"posz":1.2998557139111298,"roty":312.2227352028012,"rotx":9.354594183535117},"tail1":{"posx":0.03290787923242103,"posy":1.0693466416500206,"posz":-2.352832400019058,"roty":129.62408115715138,"rotx":83.79765099960234},"tail2":{"posx":0.20156428490879427,"posy":3.1654704640555167,"posz":-2.468402305789686,"roty":160.20788600421443,"rotx":75.38426906561207}},"cameras":{}}