# This file was generated by Animated Java via MC-Build. It is not recommended to edit this file directly.
$data merge entity $(bone_jaw) { transformation: [0.09626528935448714f,0.4051267583784689f,-0.9091783673797187f,2.044749755016085f,-0.23680294661423937f,0.8965157899844325f,0.3744112749149027f,0.1250704481956857f,0.9667767883748091f,0.17925330667617514f,0.18223856207001451f,2.944229604582302f,0f,0f,0f,1f], start_interpolation: 0, interpolation_duration: 1 }
$data merge entity $(bone_head) { transformation: [0.10829845052379802f,-0.1419700912213561f,-1.110738915683044f,1.7979188848642975f,-0.26640331494101926f,1.0806143243886766f,-0.16409435003814254f,0.08860503707609846f,1.0876238869216601f,0.27882283824070825f,0.07040671468557026f,2.9598755411790956f,0f,0f,0f,1f], start_interpolation: 0, interpolation_duration: 1 }
$data merge entity $(bone_neck) { transformation: [-0.5048397001485918f,-0.11170767505572161f,-0.8559545972115141f,1.4735650294509424f,-0.2689744989874766f,0.962581205814478f,0.033017284975926556f,-0.7728237005651057f,0.8202375241649921f,0.24689839518796164f,-0.5159957232432194f,1.8681807090742746f,0f,0f,0f,1f], start_interpolation: 0, interpolation_duration: 1 }
$data merge entity $(bone_right_arm2) { transformation: [-0.7207087231782964f,-0.07079818208192105f,-0.6896133364057028f,0.7136654223996155f,-0.23583598634642874f,0.9604778145948396f,0.1478639753798336f,-2.505509535655246f,0.6518898096141071f,0.26920249828895737f,-0.7089214985005511f,2.5104733869721487f,0f,0f,0f,1f], start_interpolation: 0, interpolation_duration: 1 }
$data merge entity $(bone_right_arm1) { transformation: [-0.8183046961086906f,-0.08038543590551452f,-0.7829984757106416f,0.37185511563139106f,-0.2677721094975076f,1.0905425186545574f,0.1678872220458527f,-1.0695271751926245f,0.7401665546660174f,0.305657003265587f,-0.8049212847558339f,2.172702570252868f,0f,0f,0f,1f], start_interpolation: 0, interpolation_duration: 1 }
$data merge entity $(bone_left_arm2) { transformation: [-0.7207087231782964f,-0.07079818208192105f,-0.6896133364057028f,1.974905687961634f,-0.23583598634642874f,0.9604778145948396f,0.1478639753798336f,-2.0927965595489955f,0.6518898096141071f,0.26920249828895737f,-0.7089214985005511f,1.3696662201474614f,0f,0f,0f,1f], start_interpolation: 0, interpolation_duration: 1 }
$data merge entity $(bone_left_arm1) { transformation: [-0.8183046961086906f,-0.08038543590551452f,-0.7829984757106416f,1.1826524292069744f,-0.2677721094975076f,1.0905425186545574f,0.1678872220458527f,-0.8042116905528922f,0.7401665546660174f,0.305657003265587f,-0.8049212847558339f,1.4393265344369977f,0f,0f,0f,1f], start_interpolation: 0, interpolation_duration: 1 }
$data merge entity $(bone_body2) { transformation: [-1.1411221450323028f,-0.11209712162970835f,-1.0918877826423627f,0.48667074474786454f,-0.37340697838184556f,1.5207565397751628f,0.23411796101806986f,-0.6202990993687725f,1.0321588652223364f,0.4262372889575159f,-1.1224590392925393f,0.8322808988366726f,0f,0f,0f,1f], start_interpolation: 0, interpolation_duration: 1 }
$data merge entity $(bone_right_leg2) { transformation: [-0.9981317634200118f,0.06093118446550119f,-0.004513713735809966f,-1.0830826550558923f,0.04545268824913115f,0.6911416880977694f,-0.7212885830957627f,-2.31098106574914f,-0.04082935197851012f,-0.720146205803375f,-0.6926199580462711f,0.5867391309705243f,0f,0f,0f,1f], start_interpolation: 0, interpolation_duration: 1 }
$data merge entity $(bone_right_leg1) { transformation: [-1.3308423512266823f,0.08142676920937815f,-0.002468848990214813f,-0.6204163717374453f,0.060603584332174866f,0.9625947206178772f,-0.9206065322288679f,-1.0744612346852742f,-0.05443913597134682f,-0.9189988372530682f,-0.9644974315051231f,-0.16269139794198526f,0f,0f,0f,1f], start_interpolation: 0, interpolation_duration: 1 }
$data merge entity $(bone_left_leg2) { transformation: [-0.9981317634200118f,0.019018915486445014f,0.058062584387686675f,1.0361288931622323f,0.04545268824913115f,0.866198330391396f,0.4976288833639837f,-1.635433727926011f,-0.04082935197851012f,0.49933829542793684f,-0.865444527821476f,-1.4839995176346363f,0f,0f,0f,1f], start_interpolation: 0, interpolation_duration: 1 }
$data merge entity $(bone_left_leg1) { transformation: [-1.3308423512266823f,-0.014654563186850562f,0.08013524653369716f,0.6272483325375693f,0.060603584332174866f,0.6983759128691334f,1.1341851998981805f,-1.1312770949966882f,-0.05443913597134682f,1.1357086359977127f,-0.6964050921501693f,-0.1116547079688476f,0f,0f,0f,1f], start_interpolation: 0, interpolation_duration: 1 }
$data merge entity $(bone_tail3) { transformation: [-0.9993338235259573f,-0.031019450009025104f,0.01922765919524534f,0.08473851704614552f,0.029789614928512582f,-0.38896599955128663f,0.9207703459796472f,2.3721390709241295f,-0.021082884038998346f,0.9207297350005624f,0.389630937024246f,-0.9814563987577793f,0f,0f,0f,1f], start_interpolation: 0, interpolation_duration: 1 }
$data merge entity $(bone_tail2) { transformation: [-1.5406396446025175f,-0.04055868987136032f,0.03899473382469315f,-0.08583316006119779f,0.04592565634812356f,-0.289285051452867f,1.5135855126837123f,0.44747569502586126f,-0.032502779560122444f,1.5137388357285881f,0.2903005643105694f,-1.5448012686595725f,0f,0f,0f,1f], start_interpolation: 0, interpolation_duration: 1 }
$data merge entity $(bone_tail1) { transformation: [-0.9993338235259573f,-0.0025557510666601863f,0.03640573160199058f,0.056034767347431014f,0.029789614928512582f,0.5191447879164852f,0.8541670024190575f,-0.6258186107970566f,-0.021082884038998346f,0.8546824891827564f,-0.5187228110320246f,-0.8924447141122296f,0f,0f,0f,1f], start_interpolation: 0, interpolation_duration: 1 }
$data merge entity $(bone_body1) { transformation: [-1.3308423512266823f,0.05294639168144778f,0.06191198241962968f,0.5f,0.060603584332174866f,1.3206291420683374f,0.17333104875848965f,-1.1875f,-0.05443913597134682f,0.1758212913885564f,-1.3205684502315398f,-0.12499999999999994f,0f,0f,0f,1f], start_interpolation: 0, interpolation_duration: 1 }
data modify entity @s data merge value {"locators":{"head":{"posx":2.1853297454547853,"posy":-0.46615449035146006,"posz":2.7854165436327105,"roty":266.3730290509216,"rotx":-8.387178288751679},"neck":{"posx":1.3700298821739814,"posy":-1.2724060628612641,"posz":2.2502120383666875,"roty":301.08286358171665,"rotx":1.89209496142647},"right_arm":{"posx":1.0842259774857443,"posy":-3.5546590870866543,"posz":2.6364747510343487,"roty":315.79097487684635,"rotx":8.503161035384917},"left_arm":{"posx":2.43555483344505,"posy":-3.1124666126871,"posz":1.414181358007898,"roty":315.79097487684635,"rotx":8.503161035384917},"tail1":{"posx":0.07620436587392315,"posy":1.2594625846579826,"posz":-2.1491210360463247,"roty":172.34951661845056,"rotx":79.04754965936883},"tail2":{"posx":0.13626710348031645,"posy":3.400590264948745,"posz":-1.970746773869879,"roty":177.17483741375702,"rotx":67.03896233457539}},"cameras":{}}