# This file was generated by Animated Java via MC-Build. It is not recommended to edit this file directly.
$data merge entity $(bone_jaw) { transformation: [-0.7197810223957096f,0.19671842202187398f,-0.6657455536736319f,2.21236247360557f,-0.0941711232654387f,0.9224757862028848f,0.3743931401779349f,-0.008643487894360112f,0.6877841807877763f,0.3321750838136316f,-0.645455369759594f,3.0388978443321837f,0f,0f,0f,1f], start_interpolation: 0, interpolation_duration: 1 }
$data merge entity $(bone_head) { transformation: [-0.8097536501951733f,0.09222255810639093f,-0.7755121054966879f,2.0400264501618617f,-0.10594251367361854f,1.0938310044584623f,0.240696733425916f,0.04484467508917678f,0.7737572033862483f,0.24627978695318195f,-0.778634096829947f,2.86586804503664f,0f,0f,0f,1f], start_interpolation: 0, interpolation_duration: 1 }
$data merge entity $(bone_neck) { transformation: [-0.7952062401152927f,0.08197560720568083f,-0.600772032891811f,1.8624032108388757f,-0.06859776269094175f,0.9722942261852998f,0.2234687554906193f,-0.7723506950511053f,0.6024461657571543f,0.21891536618060617f,-0.7675510926410791f,1.7084121228202922f,0f,0f,0f,1f], start_interpolation: 0, interpolation_duration: 1 }
$data merge entity $(bone_right_arm2) { transformation: [-0.7820666325472346f,0.0886983999245416f,-0.616850367680084f,0.7752170851349152f,-0.07268142981053165f,0.970082905394822f,0.23163887070489161f,-2.31021412580281f,0.6189419940648119f,0.2259905982813595f,-0.752222744585344f,2.3756376442397062f,0f,0f,0f,1f], start_interpolation: 0, interpolation_duration: 1 }
$data merge entity $(bone_right_arm1) { transformation: [-0.8879714890380058f,0.10070964158098993f,-0.7003821883034287f,0.711944929926829f,-0.08252370676404112f,1.101448298833704f,0.263006634446179f,-0.8550156420467021f,0.7027570557610884f,0.2565934917986269f,-0.8540862412479425f,1.9616777944363128f,0f,0f,0f,1f], start_interpolation: 0, interpolation_duration: 1 }
$data merge entity $(bone_left_arm2) { transformation: [-0.7820666325472346f,0.0886983999245416f,-0.616850367680084f,2.143833692092576f,-0.07268142981053165f,0.970082905394822f,0.23163887070489161f,-2.18302162363438f,0.6189419940648119f,0.2259905982813595f,-0.752222744585344f,1.2924891546262853f,0f,0f,0f,1f], start_interpolation: 0, interpolation_duration: 1 }
$data merge entity $(bone_left_arm1) { transformation: [-0.8879714890380058f,0.10070964158098993f,-0.7003821883034287f,1.591769891542468f,-0.08252370676404112f,1.101448298833704f,0.263006634446179f,-0.7732490335098541f,0.7027570557610884f,0.2565934917986269f,-0.8540862412479425f,1.2653680511133993f,0f,0f,0f,1f], start_interpolation: 0, interpolation_duration: 1 }
$data merge entity $(bone_body2) { transformation: [-1.2382721681997884f,0.14043913321385754f,-0.9766797488267999f,0.9701371573034708f,-0.11507893053334178f,1.5359646002084684f,0.36676154528274507f,-0.5f,0.9799914906026189f,0.35781844727881923f,-1.1910193455934615f,0.6129675150862752f,0f,0f,0f,1f], start_interpolation: 0, interpolation_duration: 1 }
$data merge entity $(bone_right_leg2) { transformation: [-0.9487330856015586f,0.03517200343673746f,-0.3141153648887493f,-0.7763989093948858f,0f,0.9937895171394425f,0.11127621319829956f,-2.5933689758459817f,0.31607836415190776f,0.10557142510167969f,-0.9428409950341864f,0.682609985234881f,0f,0f,0f,1f], start_interpolation: 0, interpolation_duration: 1 }
$data merge entity $(bone_right_leg1) { transformation: [-1.2649774474687447f,-0.11432972041101486f,-0.4056335171111683f,-0.44881537653949655f,0f,1.283332119867022f,-0.36171321222121944f,-1.125f,0.42143781886921033f,-0.34316929193348883f,-1.217539641933029f,0.4794620593901768f,0f,0f,0f,1f], start_interpolation: 0, interpolation_duration: 1 }
$data merge entity $(bone_left_leg2) { transformation: [-0.687416210237501f,0.3227962288871588f,-0.6505855428142719f,0.3208682254710163f,-6.938893903907228e-18f,0.8957979694835052f,0.444461469499021f,-2.3924494990042056f,0.7262636944682779f,0.30553001895960763f,-0.6157860453207996f,-0.9778387953992712f,0f,0f,0f,1f], start_interpolation: 0, interpolation_duration: 1 }
$data merge entity $(bone_left_leg1) { transformation: [-0.9165549469833346f,0.30310404835362914f,-0.919691656377177f,0.6054239307266107f,-9.25185853854297e-18f,1.2663329633329865f,0.4173471022471277f,-1.125f,0.9683515926243704f,0.2868911633803234f,-0.8704978065531859f,-0.19216245104335292f,0f,0f,0f,1f], start_interpolation: 0, interpolation_duration: 1 }
$data merge entity $(bone_tail3) { transformation: [-0.3284638048790389f,0.4927264319514032f,-0.805811511546481f,-2.5698895317281543f,-0.14786683691626448f,0.8158020498138245f,0.5591085887910693f,0.9665963347710409f,0.932870262911603f,0.30279973377795655f,-0.19510354635227684f,-1.5483296815948684f,0f,0f,0f,1f], start_interpolation: 0, interpolation_duration: 1 }
$data merge entity $(bone_tail2) { transformation: [-0.5063816991885183f,0.7428211476129972f,-1.2524098484509654f,-1.1480015285634924f,-0.22796137357924107f,1.2691887270005628f,0.8449436067109253f,-0.2541808727417953f,1.4381749886553878f,0.462723274781711f,-0.3070439448881449f,-1.107189797799553f,0f,0f,0f,1f], start_interpolation: 0, interpolation_duration: 1 }
$data merge entity $(bone_tail1) { transformation: [-0.6840605869132244f,0.3505160406065268f,-0.639687125639917f,-0.3346204219137241f,0.05167283817757284f,0.8980574565059183f,0.4368326025021427f,-0.75f,0.7275926272486615f,0.2657655171229788f,-0.6324378694241404f,-0.5045121402938983f,0f,0f,0f,1f], start_interpolation: 0, interpolation_duration: 1 }
data modify entity @s data merge value {"locators":{"head":{"posx":2.2042117249629465,"posy":-0.6296994200060567,"posz":2.9453331902931907,"roty":315.11509643442525,"rotx":12.354088957496538},"neck":{"posx":1.5091557421905755,"posy":-1.199193505652391,"posz":2.023485829961277,"roty":321.9492600174192,"rotx":12.912851805535313},"right_arm":{"posx":0.9460647045162134,"posy":-3.400659055913236,"posz":2.5644422928800696,"roty":320.6469850339498,"rotx":13.393578135105175},"left_arm":{"posx":2.4124396405422788,"posy":-3.2643813750184894,"posz":1.4039260540085472,"roty":320.6469850339498,"rotx":13.393578135105175},"tail1":{"posx":-2.026823097723204,"posy":-0.4763415066483397,"posz":-1.5858322032776977,"roty":283.7750843648019,"rotx":33.23481211372082},"tail2":{"posx":-3.6698619489092668,"posy":0.21035472558537283,"posz":-2.055500077001592,"roty":283.6105606098973,"rotx":33.9941731113522}},"cameras":{}}