# This file was generated by Animated Java via MC-Build. It is not recommended to edit this file directly.
$data merge entity $(bone_jaw) { transformation: [0.17248557584730345f,0.37518994135532524f,-0.9107586035994453f,2.113935551114848f,-0.23043933305888367f,0.9143284224155673f,0.3330183924987281f,0.16138480371515113f,0.9576776283823284f,0.15243373599320986f,0.24416698431022865f,2.876826420787573f,0f,0f,0f,1f], start_interpolation: 0, interpolation_duration: 1 }
$data merge entity $(bone_head) { transformation: [0.19404627282821638f,-0.17508546346129578f,-1.0942194133198424f,1.8707756814882166f,-0.25924424969124416f,1.0728694838844361f,-0.21764303239839305f,0.11301968540439711f,1.0773873319301195f,0.28969147559789765f,0.14470793330847986f,2.9089837393005684f,0f,0f,0f,1f], start_interpolation: 0, interpolation_duration: 1 }
$data merge entity $(bone_neck) { transformation: [-0.4492110074094635f,-0.13358795364828807f,-0.883381983890456f,1.5195705240332589f,-0.28745140830758537f,0.9577942962683151f,0.0013318775728835275f,-0.7598288996989272f,0.8459203027969958f,0.2545276894091213f,-0.4686517861268567f,1.8348083416768084f,0f,0f,0f,1f], start_interpolation: 0, interpolation_duration: 1 }
$data merge entity $(bone_right_arm2) { transformation: [-0.690132399401867f,-0.08593769942285208f,-0.7185624420422553f,0.8289043756589647f,-0.25850810764418386f,0.9566891709528886f,0.1338633200832021f,-2.5156176034700577f,0.6759370011902331f,0.2781376313974473f,-0.682457785084596f,2.49235970788291f,0f,0f,0f,1f], start_interpolation: 0, interpolation_duration: 1 }
$data merge entity $(bone_right_arm1) { transformation: [-0.7835878284875364f,-0.09757509621969662f,-0.8158677727354773f,0.4377658410755042f,-0.293514413887667f,1.0862408295194255f,0.15199064467780235f,-1.0871482503983825f,0.7674701367680771f,0.3158021023158516f,-0.7748739434814682f,2.176995308974452f,0f,0f,0f,1f], start_interpolation: 0, interpolation_duration: 1 }
$data merge entity $(bone_left_arm2) { transformation: [-0.690132399401867f,-0.08593769942285208f,-0.7185624420422553f,2.0366360746122316f,-0.25850810764418386f,0.9566891709528886f,0.1338633200832021f,-2.063228415092736f,0.6759370011902331f,0.2781376313974473f,-0.682457785084596f,1.3094699558000022f,0f,0f,0f,1f], start_interpolation: 0, interpolation_duration: 1 }
$data merge entity $(bone_left_arm1) { transformation: [-0.7835878284875364f,-0.09757509621969662f,-0.8158677727354773f,1.2141647904026045f,-0.293514413887667f,1.0862408295194255f,0.15199064467780235f,-0.7963266292986757f,0.7674701367680771f,0.3158021023158516f,-0.7748739434814682f,1.4165661826354399f,0f,0f,0f,1f], start_interpolation: 0, interpolation_duration: 1 }
$data merge entity $(bone_body2) { transformation: [-1.0927096323862895f,-0.13606802408618246f,-1.1377238665669043f,0.4920081198114453f,-0.4093045037699578f,1.5147578540087405f,0.21195025679840332f,-0.6271934502638797f,1.0702335852178693f,0.44038458304595823f,-1.080558159717277f,0.8363916736553612f,0f,0f,0f,1f], start_interpolation: 0, interpolation_duration: 1 }
$data merge entity $(bone_right_leg2) { transformation: [-0.9995418954835503f,0.03025915440843027f,-0.000618666014968632f,-1.041420865712661f,0.02178768296637938f,0.7052173385657479f,-0.708656335791334f,-2.3617800737984567f,-0.021007047486685124f,-0.7083451764222934f,-0.705553552180954f,0.5952293373336093f,0f,0f,0f,1f], start_interpolation: 0, interpolation_duration: 1 }
$data merge entity $(bone_right_leg1) { transformation: [-1.3327225273114003f,0.040343120307826365f,0.00093574479397505f,-0.6233170435105422f,0.029050243955172503f,0.9806097108567774f,-0.9029609382898631f,-1.1010991404816992f,-0.028009396648913498f,-0.9025269000949463f,-0.9810394722345009f,-0.13999870771878675f,0f,0f,0f,1f], start_interpolation: 0, interpolation_duration: 1 }
$data merge entity $(bone_left_leg2) { transformation: [-0.9995418954835503f,0.008288206896094113f,0.029108500469774118f,1.019350082229607f,0.02178768296637938f,0.8646096788830029f,0.5019715131885347f,-1.6284406743949857f,-0.021007047486685124f,0.5023757645510761f,-0.8643941781083524f,-1.4921241163338972f,0f,0f,0f,1f], start_interpolation: 0, interpolation_duration: 1 }
$data merge entity $(bone_left_leg1) { transformation: [-1.3327225273114003f,-0.008501668599150407f,0.03944825224926224f,0.6261103258438958f,0.029050243955172503f,0.7025601359328594f,1.132847349161362f,-1.1283337441896735f,-0.028009396648913498f,1.1331878726878477f,-0.7020530583013876f,-0.11373989836043034f,0f,0f,0f,1f], start_interpolation: 0, interpolation_duration: 1 }
$data merge entity $(bone_tail3) { transformation: [-0.9998474304240912f,-0.015297598104083626f,0.008432044033818533f,0.007742913808544777f,0.013650689049619023f,-0.3831178007919307f,0.9235986192090287f,2.400302841394267f,-0.01089837431972902f,0.9235728093705448f,0.38326817142646574f,-0.9814816427123676f,0f,0f,0f,1f], start_interpolation: 0, interpolation_duration: 1 }
$data merge entity $(bone_tail2) { transformation: [-1.5414314552371404f,-0.020020031932378966f,0.01801050354790651f,-0.13816812382159654f,0.021044812284829326f,-0.2522331103534362f,1.520747081216478f,0.45982509909842895f,-0.016801660409582236f,1.520760917262792f,0.2524679144854319f,-1.4953272914748552f,0f,0f,0f,1f], start_interpolation: 0, interpolation_duration: 1 }
$data merge entity $(bone_tail1) { transformation: [-0.9998474304240912f,-0.002790802342020726f,0.017243181163291457f,0.027749292928806235f,0.013650689049619023f,0.4910661580008438f,0.8710153197015312f,-0.6315035547252887f,-0.01089837431972902f,0.8711178105678807f,-0.4909531398704045f,-0.8795924214519004f,0f,0f,0f,1f], start_interpolation: 0, interpolation_duration: 1 }
$data merge entity $(bone_body1) { transformation: [-1.3327225273114003f,0.024908563380309057f,0.031749117228992846f,0.5f,0.029050243955172503f,1.3203139451973103f,0.18358907162856059f,-1.1875f,-0.028009396648913498f,0.18419670834632446f,-1.320251803297962f,-0.12499999999999994f,0f,0f,0f,1f], start_interpolation: 0, interpolation_duration: 1 }
data modify entity @s data merge value {"locators":{"head":{"posx":2.2719952204444485,"posy":-0.4225625188651805,"posz":2.707847382493825,"roty":262.4664844766152,"rotx":-11.154802741254812},"neck":{"posx":1.455483250932942,"posy":-1.2628939496499485,"posz":2.220902082812743,"roty":297.94684355292213,"rotx":0.07631098631568593},"right_arm":{"posx":1.2309900211403277,"posy":-3.555395191192309,"posz":2.5976970316021504,"roty":313.5237995330334,"rotx":7.692896341566109},"left_arm":{"posx":2.524988270018828,"posy":-3.0706924893594643,"posz":1.3303151543704634,"roty":313.5237995330334,"rotx":7.692896341566109},"tail1":{"posx":0.0045839910171791565,"posy":1.2589977582762466,"posz":-2.121207587163825,"roty":175.91955813413458,"rotx":80.55044738293776},"tail2":{"posx":0.03256403608917746,"posy":3.422669178238755,"posz":-1.9780826085838208,"roty":178.73967459775383,"rotx":67.45797855312806}},"cameras":{}}