# This file was generated by Animated Java via MC-Build. It is not recommended to edit this file directly.
$data merge entity $(bone_jaw) { transformation: [-0.9842428792043939f,-0.1628936073734478f,-0.06878682586302379f,0.03245355105239158f,-0.11348878126883986f,0.28363404050496344f,0.9521932721842463f,-0.5574974563090576f,-0.13559591166977844f,0.944995980808222f,-0.29765138164427823f,3.45033063807472f,0f,0f,0f,1f], start_interpolation: 0, interpolation_duration: 1 }
$data merge entity $(bone_head) { transformation: [-1.1072732391049431f,-0.19704348672762917f,0.02729172585722846f,0.03851837902066457f,-0.12767487892744483f,0.8223163996969807f,0.7570468044184969f,-0.3892648331049472f,-0.15254540062850075f,0.7420206217670868f,-0.8317212860204286f,3.2655036856257356f,0f,0f,0f,1f], start_interpolation: 0, interpolation_duration: 1 }
$data merge entity $(bone_neck) { transformation: [-0.9727506185497585f,-0.16309430259256819f,0.16479224063318654f,0.8320750803146116f,-0.06736902625396485f,0.878918416191397f,0.47219046155253797f,-0.905776387169887f,-0.22185050915572596f,0.44822167076286046f,-0.8659559373581862f,2.196604215914533f,0f,0f,0f,1f], start_interpolation: 0, interpolation_duration: 1 }
$data merge entity $(bone_right_arm2) { transformation: [-0.9659074169360802f,-0.10501274863388965f,-0.2366330165725501f,-0.30072310120392914f,-0.16397250703435826f,0.9554810616449296f,0.24529361543820377f,-2.550735163351379f,0.20033940911547232f,0.27573223145333153f,-0.9401254478488654f,2.251979342205806f,0f,0f,0f,1f], start_interpolation: 0, interpolation_duration: 1 }
$data merge entity $(bone_right_arm1) { transformation: [-1.0967073796461742f,-0.11923322501139552f,-0.26867707090008286f,-0.29939146488701246f,-0.18617711736192757f,1.0848691220760136f,0.27851045919546047f,-1.076785500880407f,0.22746870409985917f,0.3130709711293035f,-1.0674341022450657f,1.9049355852436234f,0f,0f,0f,1f], start_interpolation: 0, interpolation_duration: 1 }
$data merge entity $(bone_left_arm2) { transformation: [-0.9659074169360802f,-0.10501274863388965f,-0.2366330165725501f,1.389614878434211f,-0.16397250703435826f,0.9554810616449296f,0.24529361543820377f,-2.263783276041252f,0.20033940911547232f,0.27573223145333153f,-0.9401254478488654f,1.9013853762537294f,0f,0f,0f,1f], start_interpolation: 0, interpolation_duration: 1 }
$data merge entity $(bone_left_arm1) { transformation: [-1.0967073796461742f,-0.11923322501139552f,-0.26867707090008286f,0.7872543791660778f,-0.18617711736192757f,1.0848691220760136f,0.27851045919546047f,-0.8923164304667539f,0.22746870409985917f,0.3130709711293035f,-1.0674341022450657f,1.6795537499887172f,0f,0f,0f,1f], start_interpolation: 0, interpolation_duration: 1 }
$data merge entity $(bone_body2) { transformation: [-1.5293534101487938f,-0.16627018533699198f,-0.3746689429065377f,0.49847841578118895f,-0.2596231361377339f,1.5128450142711387f,0.388381557777156f,-0.6128843813302772f,0.3172040644328312f,0.43657603313444165f,-1.4885319590940371f,0.827940620165956f,0f,0f,0f,1f], start_interpolation: 0, interpolation_duration: 1 }
$data merge entity $(bone_right_leg2) { transformation: [-0.9999964940569418f,-0.0024514265725261333f,-0.001001190083989843f,-0.9970471786916025f,-0.0026479943022534643f,0.9257640682526905f,0.3780924199959621f,-2.3045982762477406f,-1.2243714550622875e-16f,0.37809374557110476f,-0.9257673139401783f,-1.0022239360481164f,0f,0f,0f,1f], start_interpolation: 0, interpolation_duration: 1 }
$data merge entity $(bone_right_leg1) { transformation: [-1.333328658742589f,-0.0032072294126944748f,-0.0014762225308535184f,-0.6251602979751418f,-0.0035306590696712855f,1.2111877150193797f,0.5574850950567602f,-1.1284540922830553f,-1.6324952734163832e-16f,0.5574870495746118f,-1.2111919613894289f,-0.11731009477484057f,0f,0f,0f,1f], start_interpolation: 0, interpolation_duration: 1 }
$data merge entity $(bone_left_leg2) { transformation: [-0.9999964940569418f,-0.0025982167267791273f,-0.0005110221770647243f,1.003722172183507f,-0.0026479943022534643f,0.9811983414647498f,0.1929839444953896f,-2.5924902445364215f,-1.2243714550622875e-16f,0.19298462108848222f,-0.9812017815023244f,-0.20690665333049543f,0f,0f,0f,1f], start_interpolation: 0, interpolation_duration: 1 }
$data merge entity $(bone_left_leg1) { transformation: [-1.333328658742589f,-0.0034893517844912948f,0.0005384956734455037f,0.6248353195960353f,-0.0035306590696712855f,1.317729251929733f,-0.20335911789988043f,-1.1251440994052384f,-1.6324952734163832e-16f,-0.20335983086786782f,-1.3177338718296536f,-0.11731009477484042f,0f,0f,0f,1f], start_interpolation: 0, interpolation_duration: 1 }
$data merge entity $(bone_tail3) { transformation: [-0.9999964940569418f,-0.0026239473076094784f,-0.0003560538606106987f,-0.062462384282023664f,-0.0026479943022534643f,0.9909153150241377f,0.1344612456315542f,-1.202450062027626f,-1.2243714550622875e-16f,0.1344617170466778f,-0.9909187891289877f,-4.0391349446787315f,0f,0f,0f,1f], start_interpolation: 0, interpolation_duration: 1 }
$data merge entity $(bone_tail2) { transformation: [-1.5416612616711185f,-0.004049483486818732f,0.0005167757887715625f,-0.18763985312482653f,-0.004082324549307423f,1.52925906453579f,-0.19515675564147056f,-1.1355956969808256f,-1.887572659887693e-16f,-0.19515743985234196f,-1.5292644260497887f,-2.0314889736050716f,0f,0f,0f,1f], start_interpolation: 0, interpolation_duration: 1 }
$data merge entity $(bone_tail1) { transformation: [-0.9999964940569418f,-0.0024446108975135356f,0.0010177187158173315f,-0.0014126588839216137f,-0.0026479943022534643f,0.923190176340863f,-0.3843343419913206f,-0.6546812705600024f,-1.2243714550622875e-16f,-0.384335689450363f,-0.9231934130044007f,-0.8774972073495706f,0f,0f,0f,1f], start_interpolation: 0, interpolation_duration: 1 }
$data merge entity $(bone_body1) { transformation: [-1.333328658742589f,-0.003503832769757472f,-0.0004344069380497902f,0.5f,-0.0035306590696712855f,1.323197894548903f,0.1640507363155128f,-1.1875f,-1.6324952734163832e-16f,0.16405131147006946f,-1.3232025336216402f,-0.12499999999999994f,0f,0f,0f,1f], start_interpolation: 0, interpolation_duration: 1 }
data modify entity @s data merge value {"locators":{"head":{"posx":0.1404059477978951,"posy":-1.0563980563861857,"posz":3.084303697427473,"roty":1.8794034354671396,"rotx":42.29364655904049},"neck":{"posx":0.38626110443279715,"posy":-1.3280791140627106,"posz":2.025840326970371,"roty":10.774608742286318,"rotx":28.176578330988313},"right_arm":{"posx":-0.13776305784226944,"posy":-3.639111314405058,"posz":2.458831047746624,"roty":345.8719227809139,"rotx":14.199186146273703},"left_arm":{"posx":1.6733133489128806,"posy":-3.3316628637156365,"posz":2.0831946556551135,"roty":345.8719227809139,"rotx":14.199186146273703},"tail1":{"posx":-0.06043981830615561,"posy":-1.9662579309289492,"posz":-2.6185167874558655,"roty":0.019361642120031775,"rotx":-7.272479610195812},"tail2":{"posx":-0.05921873373737974,"posy":-2.4273919623290574,"posz":-4.7730077671875515,"roty":359.97941265940443,"rotx":7.727467497371626}},"cameras":{}}