# This file was generated by Animated Java via MC-Build. It is not recommended to edit this file directly.
$data merge entity $(bone_jaw) { transformation: [-0.9657640418092875f,-0.2564824888901832f,0.03894288691000802f,-0.17604853928584158f,-0.07698655455870988f,0.4267058685532938f,0.9011077472529896f,-0.07078753629196999f,-0.24773551615658057f,0.8672593814049383f,-0.4318428874020692f,3.314488166819593f,0f,0f,0f,1f], start_interpolation: 0, interpolation_duration: 1 }
$data merge entity $(bone_head) { transformation: [-1.0864845470354485f,-0.2368472212163574f,0.17052777737150657f,-0.138153477647729f,-0.08660987387854861f,0.8893869582173233f,0.6834578028669211f,0.0810919754562347f,-0.27870245567615315f,0.6469306240664661f,-0.8771719950186818f,3.1195610568154417f,0f,0f,0f,1f], start_interpolation: 0, interpolation_duration: 1 }
$data merge entity $(bone_neck) { transformation: [-0.9642575474765154f,-0.15418808780972607f,0.21548414260022886f,0.6828810052510487f,-0.07458987426028671f,0.9383191065913399f,0.3376293898099871f,-0.6042532589463061f,-0.25425131817241414f,0.3094887522725338f,-0.916282150554282f,2.1733756692867274f,0f,0f,0f,1f], start_interpolation: 0, interpolation_duration: 1 }
$data merge entity $(bone_right_arm2) { transformation: [-0.9876892763339681f,-0.08558019080862356f,-0.13094244673153932f,-0.5276185166585975f,-0.10093238007559184f,0.988167606830379f,0.11548781521614243f,-2.1851801817219414f,0.11950961495695105f,0.12728240943775843f,-0.9846403608326038f,2.339352993941871f,0f,0f,0f,1f], start_interpolation: 0, interpolation_duration: 1 }
$data merge entity $(bone_right_arm1) { transformation: [-1.121438865837526f,-0.09716917498062465f,-0.14867423639310193f,-0.42131255036848414f,-0.11460030654416155f,1.121981970255326f,0.13112679019332837f,-0.7772709560223485f,0.13569320864903814f,0.14451856904912153f,-1.1179770763620187f,1.7921241535824666f,0f,0f,0f,1f], start_interpolation: 0, interpolation_duration: 1 }
$data merge entity $(bone_left_arm2) { transformation: [-0.9876892763339681f,-0.08558019080862356f,-0.13094244673153932f,1.2008377169258466f,-0.10093238007559184f,0.988167606830379f,0.11548781521614243f,-2.0085485165896557f,0.11950961495695105f,0.12728240943775843f,-0.9846403608326038f,2.130211167767207f,0f,0f,0f,1f], start_interpolation: 0, interpolation_duration: 1 }
$data merge entity $(bone_left_arm1) { transformation: [-1.121438865837526f,-0.09716917498062465f,-0.14867423639310193f,0.68983788550723f,-0.11460030654416155f,1.121981970255326f,0.13112679019332837f,-0.6637220284373078f,0.13569320864903814f,0.14451856904912153f,-1.1179770763620187f,1.6576758367558968f,0f,0f,0f,1f], start_interpolation: 0, interpolation_duration: 1 }
$data merge entity $(bone_body2) { transformation: [-1.5638413541954497f,-0.13550196878032064f,-0.2073255406582706f,0.4999999999999999f,-0.15980960178635376f,1.5645987108147668f,0.18285570742555887f,-0.5f,0.18922355701517252f,0.2015304816097842f,-1.5590139046516227f,0.75f,0f,0f,0f,1f], start_interpolation: 0, interpolation_duration: 1 }
$data merge entity $(bone_right_leg2) { transformation: [-1f,-7.039488904998295e-17f,1.0021056542231045e-16f,-0.9999999999999998f,0f,0.8182813648153979f,0.5748178911584516f,-2.080940275717963f,-1.2246467991473532e-16f,0.5748178911584516f,-0.8182813648153979f,-1.2431416230783399f,0f,0f,0f,1f], start_interpolation: 0, interpolation_duration: 1 }
$data merge entity $(bone_right_leg1) { transformation: [-1.3333333333333333f,-9.873833310746585e-17f,1.3005051984275154e-16f,-0.625f,0f,1.0619430837797297f,0.8062596756567797f,-1.125f,-1.6328623988631375e-16f,0.8062596756567797f,-1.0619430837797297f,-0.12500000000000008f,0f,0f,0f,1f], start_interpolation: 0, interpolation_duration: 1 }
$data merge entity $(bone_left_leg2) { transformation: [-1f,1.8035136535984e-17f,1.2112940054646928e-16f,1f,0f,0.9890966165167319f,-0.14726806576835672f,-2.511491935214864f,-1.2246467991473532e-16f,-0.14726806576835672f,-0.9890966165167319f,0.3666326002048081f,0f,0f,0f,1f], start_interpolation: 0, interpolation_duration: 1 }
$data merge entity $(bone_left_leg1) { transformation: [-1.3333333333333333f,8.601711375041391e-17f,1.3879283943438564e-16f,0.625f,0f,1.1333295406562824f,-0.7023830365645211f,-1.125f,-1.6328623988631375e-16f,-0.7023830365645211f,-1.1333295406562824f,-0.12499999999999993f,0f,0f,0f,1f], start_interpolation: 0, interpolation_duration: 1 }
$data merge entity $(bone_tail3) { transformation: [-0.9975377600756726f,0.02504817349617755f,-0.06550577247628774f,-0.2244602776208481f,0.03063506425973629f,0.9958477595454989f,-0.08572474932020702f,-2.130357500082207f,0.06308652836391947f,-0.08752044796912267f,-0.9941630958380383f,-3.8458825348389727f,0f,0f,0f,1f], start_interpolation: 0, interpolation_duration: 1 }
$data merge entity $(bone_tail2) { transformation: [-1.5378707134499952f,0.00416161135202903f,-0.10803916333843114f,-0.20949972495029193f,0.04722905740042678f,1.4116315766776366f,-0.617901140130675f,-1.4966115594491174f,0.09725839789437583f,-0.6196895059855989f,-1.408283292282293f,-1.935666967266854f,0f,0f,0f,1f], start_interpolation: 0, interpolation_duration: 1 }
$data merge entity $(bone_tail1) { transformation: [-0.999758204436984f,-0.013134017900590645f,-0.01763604929468603f,1.1102230246251565e-16f,8.673617379884035e-19f,0.8020259065329827f,-0.5972892475592939f,-0.75f,0.021989376092505016f,-0.597144825669397f,-0.801831980227359f,-0.9375f,0f,0f,0f,1f], start_interpolation: 0, interpolation_duration: 1 }
data modify entity @s data merge value {"locators":{"head":{"posx":-0.053940515130726716,"posy":-0.6028612799053119,"posz":3.0038140420614834,"roty":11.001435908564787,"rotx":37.41025715519244},"neck":{"posx":0.23163724661640966,"posy":-1.0356215347744504,"posz":2.0447269969176056,"roty":13.233903980274164,"rotx":19.73250933866617},"right_arm":{"posx":-0.43829768225507726,"posy":-3.237399969915116,"posz":2.711860115855224,"roty":352.42496417915544,"rotx":6.631762274106599},"left_arm":{"posx":1.4136197108711128,"posy":-3.0481517572733816,"posz":2.487779587810941,"roty":352.42496417915544,"rotx":6.631762274106599},"tail1":{"posx":-0.13501169951976896,"posy":-2.4627311368695195,"posz":-2.2701004377695617,"roty":355.61303700001804,"rotx":-23.628246120878295},"tail2":{"posx":-0.294183002352493,"posy":-3.4856278559782905,"posz":-4.290228688288396,"roty":356.230209253966,"rotx":-4.917702070788504}},"cameras":{}}