# This file was generated by Animated Java via MC-Build. It is not recommended to edit this file directly.
$data merge entity $(bone_jaw) { transformation: [-0.9999999940323758f,-0.00004640305946207473f,0.00009890401599518452f,-0.000135892838401006f,0.00006611324148051943f,0.4636781393907037f,0.8860037125657062f,0.309922383572069f,-0.00008697291307272098f,0.8860037138172342f,-0.4636781335557901f,3.5245353592450277f,0f,0f,0f,1f], start_interpolation: 0, interpolation_duration: 1 }
$data merge entity $(bone_head) { transformation: [-1.1249999932864228f,-0.000052203441894834074f,0.00011126701799458258f,-0.00011116683440220987f,0.00007437739666558435f,0.5216379068145416f,0.9967541766364195f,0.5314233117134955f,-0.0000978445272068111f,0.9967541780443885f,-0.5216379002502638f,3.40861582585608f,0f,0f,0f,1f], start_interpolation: 0, interpolation_duration: 1 }
$data merge entity $(bone_neck) { transformation: [-0.9999999940323758f,-0.000022951883895610575f,0.00010681038963068608f,0.4999999999999997f,0.00006611324148051943f,0.6511961124776559f,0.7589094931037743f,0.4561083487320625f,-0.00008697291307272098f,0.7589094956364688f,-0.6511961070741388f,2.0732211362011306f,0f,0f,0f,1f], start_interpolation: 0, interpolation_duration: 1 }
$data merge entity $(bone_right_arm2) { transformation: [-1f,1.1013406913598917e-17f,1.219684495874817e-16f,-0.8750000000000004f,0f,0.9959479718756534f,-0.08993129220006033f,-0.8218980644713134f,-1.2246467991473532e-16f,-0.08993129220006033f,-0.9959479718756534f,2.3616173745028965f,0f,0f,0f,1f], start_interpolation: 0, interpolation_duration: 1 }
$data merge entity $(bone_right_arm1) { transformation: [-1.1354166666666665f,1.2504805766482102e-17f,1.3848501046911982e-16f,-0.5625000000000003f,0f,1.1308159264004813f,-0.10210948801881849f,0.42345588522794014f,-1.3904843865318904e-16f,-0.10210948801881849f,-1.1308159264004813f,1.5588683228258056f,0f,0f,0f,1f], start_interpolation: 0, interpolation_duration: 1 }
$data merge entity $(bone_left_arm2) { transformation: [-1f,1.1013406913598917e-17f,1.219684495874817e-16f,0.8749999999999997f,0f,0.9959479718756534f,-0.08993129220006033f,-0.8218980644713134f,-1.2246467991473532e-16f,-0.08993129220006033f,-0.9959479718756534f,2.3616173745028965f,0f,0f,0f,1f], start_interpolation: 0, interpolation_duration: 1 }
$data merge entity $(bone_left_arm1) { transformation: [-1.1354166666666665f,1.2504805766482102e-17f,1.3848501046911982e-16f,0.5624999999999998f,0f,1.1308159264004813f,-0.10210948801881849f,0.42345588522794014f,-1.3904843865318904e-16f,-0.10210948801881849f,-1.1308159264004813f,1.5588683228258056f,0f,0f,0f,1f], start_interpolation: 0, interpolation_duration: 1 }
$data merge entity $(bone_body2) { transformation: [-1.5833333333333335f,-3.5015851571013665e-17f,1.9071453717588034e-16f,0.4999999999999999f,0f,1.5573023773765895f,0.2859261265810931f,0.6542267119158212f,-1.9390240986499761e-16f,0.2859261265810931f,-1.5573023773765895f,0.6480679464810262f,0f,0f,0f,1f], start_interpolation: 0, interpolation_duration: 1 }
$data merge entity $(bone_right_leg2) { transformation: [-0.9836480771366077f,0.06395013008954809f,0.16836520188858534f,-1.1629640921002964f,-0.024561166844333213f,0.8784708083545443f,-0.4771643196553556f,-1.0894370298578353f,-0.17841863531789234f,-0.4734970113215534f,-0.8625354316437428f,0.8689258562886247f,0f,0f,0f,1f], start_interpolation: 0, interpolation_duration: 1 }
$data merge entity $(bone_right_leg1) { transformation: [-1.311530769515477f,0.1890359070844806f,0.14808863637925174f,-0.625f,-0.03274822245911095f,0.6737711439381214f,-1.1501033767883049f,-0.08426159879816422f,-0.23789151375718978f,-1.1349342047919961f,-0.6581107477113939f,-0.1335233885136783f,0f,0f,0f,1f], start_interpolation: 0, interpolation_duration: 1 }
$data merge entity $(bone_left_leg2) { transformation: [-0.9836480771366077f,-0.063950130089548f,-0.16836520188858517f,1.1629640921002962f,0.024561166844333213f,0.8784708083545443f,-0.4771643196553556f,-1.0894370298578353f,0.17841863531789212f,-0.4734970113215534f,-0.8625354316437428f,0.8689258562886251f,0f,0f,0f,1f], start_interpolation: 0, interpolation_duration: 1 }
$data merge entity $(bone_left_leg1) { transformation: [-1.311530769515477f,-0.18903590708448037f,-0.1480886363792516f,0.625f,0.03274822245911095f,0.6737711439381214f,-1.1501033767883049f,-0.08426159879816422f,0.23789151375718948f,-1.1349342047919961f,-0.658110747711394f,-0.13352338851367815f,0f,0f,0f,1f], start_interpolation: 0, interpolation_duration: 1 }
$data merge entity $(bone_tail3) { transformation: [-1f,7.74321247491643e-17f,9.487815282481227e-17f,4.3021142204224816e-16f,0f,0.7747389115855292f,-0.6322812814525426f,-1.2789038177763543f,-1.2246467991473532e-16f,-0.6322812814525426f,-0.7747389115855292f,-3.4732546243032933f,0f,0f,0f,1f], start_interpolation: 0, interpolation_duration: 1 }
$data merge entity $(bone_tail2) { transformation: [-1.5416666666666665f,1.1937452565496163e-16f,1.462704856049189e-16f,-0.12499999999999976f,0f,1.1943891553610242f,-0.9747669755726698f,-0.2386399609751234f,-1.8879971486855027e-16f,-0.9747669755726698f,-1.1943891553610242f,-1.9020664248080745f,0f,0f,0f,1f], start_interpolation: 0, interpolation_duration: 1 }
$data merge entity $(bone_tail1) { transformation: [-1f,4.882384087002558e-17f,1.1231131015760164e-16f,1.1102230246251565e-16f,0f,0.9170914441273774f,-0.3986769156953551f,0.1849542619511914f,-1.2246467991473532e-16f,-0.3986769156953551f,-0.9170914441273774f,-0.9276567654227359f,0f,0f,0f,1f], start_interpolation: 0, interpolation_duration: 1 }
$data merge entity $(bone_body1) { transformation: [-1.3333333333333333f,2.226803298381939e-17f,1.6176072095302472e-16f,0.5f,0f,1.320876525914646f,-0.18183228829180187f,-0.14617768595041325f,-1.6328623988631375e-16f,-0.18183228829180187f,-1.320876525914646f,-0.12499999999999994f,0f,0f,0f,1f], start_interpolation: 0, interpolation_duration: 1 }
data modify entity @s data merge value {"locators":{"head":{"posx":-0.00011307242723690832,"posy":-0.03525168558247749,"posz":2.9997629214564934,"roty":0.012221371243043677,"rotx":62.375292696434904},"neck":{"posx":-0.000004741358431148424,"posy":0.11707917653571004,"posz":1.8699861022651858,"roty":0.009397759618991586,"rotx":49.36815529916544},"right_arm":{"posx":-0.9375000000000006,"posy":-1.7728803902469368,"posz":2.9495226526407836,"roty":0,"rotx":-5.159654395191585},"left_arm":{"posx":0.9374999999999996,"posy":-1.7728803902469368,"posz":2.9495226526407836,"roty":0,"rotx":-5.159654395191585},"tail1":{"posx":2.3592239273284576e-16,"posy":-1.2543875256628936,"posz":-1.960488465433719,"roty":0,"rotx":-39.21863260706236},"tail2":{"posx":3.819507192729269e-16,"posy":-2.6514068600494167,"posz":-3.079176080163691,"roty":0,"rotx":-39.21863260706236}},"cameras":{}}