# This file was generated by Animated Java via MC-Build. It is not recommended to edit this file directly.
$data merge entity $(bone_jaw) { transformation: [-0.9999980664907928f,-0.0009128158826169444f,0.0017417754850884315f,-0.0024838471743208372f,0.0012081747112421223f,0.41365880947191125f,0.910431177882298f,0.331099951913887f,-0.0015515568127296552f,0.9104315219243266f,-0.41365690681772904f,3.4953545100354657f,0f,0f,0f,1f], start_interpolation: 0, interpolation_duration: 1 }
$data merge entity $(bone_head) { transformation: [-1.124997824802142f,-0.0010269178679440623f,0.0019594974207244853f,-0.002048403303048729f,0.0013591965501473875f,0.46536616065590014f,1.0242350751175853f,0.5587077463844615f,-0.0017455014143208621f,1.0242354621648675f,-0.46536402016994516f,3.3919402833310333f,0f,0f,0f,1f], start_interpolation: 0, interpolation_duration: 1 }
$data merge entity $(bone_neck) { transformation: [-0.9999980664907928f,-0.0004683107809804291f,0.0019098952035204164f,0.4999999999999997f,0.0012081747112421223f,0.6199900871576552f,0.7846087127607688f,0.5368587705419565f,-0.0015515568127296552f,0.7846095031996845f,-0.6199883225998707f,2.0553279524753383f,0f,0f,0f,1f], start_interpolation: 0, interpolation_duration: 1 }
$data merge entity $(bone_right_arm2) { transformation: [-1f,1.0193491278440052e-17f,1.2203970895644967e-16f,-0.8750000000000004f,0f,0.9965298487810402f,-0.08323617295645697f,-0.7405262837047237f,-1.2246467991473532e-16f,-0.08323617295645697f,-0.9965298487810402f,2.3349917263429774f,0f,0f,0f,1f], start_interpolation: 0, interpolation_duration: 1 }
$data merge entity $(bone_right_arm1) { transformation: [-1.1354166666666665f,1.1573859889062142e-17f,1.3856591954430222e-16f,-0.5625000000000003f,0f,1.1314765991368059f,-0.09450773804431051f,0.5101942739128276f,-1.3904843865318904e-16f,-0.09450773804431051f,-1.1314765991368059f,1.5406299783006623f,0f,0f,0f,1f], start_interpolation: 0, interpolation_duration: 1 }
$data merge entity $(bone_left_arm2) { transformation: [-1f,1.0193491278440052e-17f,1.2203970895644967e-16f,0.8749999999999997f,0f,0.9965298487810402f,-0.08323617295645697f,-0.7405262837047237f,-1.2246467991473532e-16f,-0.08323617295645697f,-0.9965298487810402f,2.334991726342978f,0f,0f,0f,1f], start_interpolation: 0, interpolation_duration: 1 }
$data merge entity $(bone_left_arm1) { transformation: [-1.1354166666666665f,1.1573859889062142e-17f,1.3856591954430222e-16f,0.5624999999999998f,0f,1.1314765991368059f,-0.09450773804431051f,0.5101942739128276f,-1.3904843865318904e-16f,-0.09450773804431051f,-1.1314765991368059f,1.5406299783006627f,0f,0f,0f,1f], start_interpolation: 0, interpolation_duration: 1 }
$data merge entity $(bone_body2) { transformation: [-1.5833333333333335f,-3.723291149562403e-17f,1.9029412721629784e-16f,0.4999999999999999f,0f,1.5538694695383848f,0.3040297947256877f,0.7515488682716578f,-1.9390240986499761e-16f,0.3040297947256877f,-1.5538694695383848f,0.6325768632342119f,0f,0f,0f,1f], start_interpolation: 0, interpolation_duration: 1 }
$data merge entity $(bone_right_leg2) { transformation: [-0.9830523794843334f,0.06859223988350369f,0.170009187451602f,-1.1719828904292406f,-0.028478871856972395f,0.858968475268756f,-0.5112358676308056f,-0.9540209283001418f,-0.18109934579656606f,-0.5074133060161433f,-0.8424575739049555f,0.9135069095592071f,0f,0f,0f,1f], start_interpolation: 0, interpolation_duration: 1 }
$data merge entity $(bone_right_leg1) { transformation: [-1.3107365059791112f,0.1969012801215422f,0.14483602990260047f,-0.625f,-0.03797182914262986f,0.6164367512713589f,-1.1816690101933591f,-0.0017918046252748537f,-0.2414657943954214f,-1.1657672989693477f,-0.6003820888138464f,-0.13470915290266328f,0f,0f,0f,1f], start_interpolation: 0, interpolation_duration: 1 }
$data merge entity $(bone_left_leg2) { transformation: [-0.9830523794843334f,-0.0685922398835036f,-0.17000918745160185f,1.1719828904292404f,0.028478871856972395f,0.858968475268756f,-0.5112358676308056f,-0.9540209283001418f,0.18109934579656584f,-0.5074133060161433f,-0.8424575739049555f,0.9135069095592077f,0f,0f,0f,1f], start_interpolation: 0, interpolation_duration: 1 }
$data merge entity $(bone_left_leg1) { transformation: [-1.3107365059791112f,-0.19690128012154198f,-0.1448360299026003f,0.625f,0.03797182914262986f,0.6164367512713589f,-1.1816690101933591f,-0.0017918046252748537f,0.2414657943954211f,-1.1657672989693477f,-0.6003820888138464f,-0.1347091529026631f,0f,0f,0f,1f], start_interpolation: 0, interpolation_duration: 1 }
$data merge entity $(bone_tail3) { transformation: [-1f,8.688467882563656e-17f,8.630556420060386e-17f,4.163336342344337e-16f,0f,0.7047384132363157f,-0.7094672430134883f,-1.4195967646901348f,-1.2246467991473532e-16f,-0.7094672430134883f,-0.7047384132363157f,-3.3393632995393387f,0f,0f,0f,1f], start_interpolation: 0, interpolation_duration: 1 }
$data merge entity $(bone_tail2) { transformation: [-1.5416666666666665f,1.3394721318952303e-16f,1.3305441147593093e-16f,-0.12499999999999978f,0f,1.0864717204059866f,-1.0937619996457943f,-0.2214841365216535f,-1.8879971486855027e-16f,-1.0937619996457943f,-1.0864717204059866f,-1.8849536666562177f,0f,0f,0f,1f], start_interpolation: 0, interpolation_duration: 1 }
$data merge entity $(bone_tail1) { transformation: [-1f,5.4591010220152214e-17f,1.0962399112311963e-16f,1.1102230246251565e-16f,0f,0.8951478189421157f,-0.44576942721902024f,0.2521458798985555f,-1.2246467991473532e-16f,-0.44576942721902024f,-0.8951478189421157f,-0.9338591090302197f,0f,0f,0f,1f], start_interpolation: 0, interpolation_duration: 1 }
$data merge entity $(bone_body1) { transformation: [-1.3333333333333333f,2.5365937119314587e-17f,1.6130395336218445e-16f,0.5f,0f,1.3171467354872486f,-0.20712859525681476f,-0.06353305785123964f,-1.6328623988631375e-16f,-0.20712859525681476f,-1.3171467354872486f,-0.12499999999999994f,0f,0f,0f,1f], start_interpolation: 0, interpolation_duration: 1 }
data modify entity @s data merge value {"locators":{"head":{"posx":-0.002022198215503274,"posy":0.015661247376298815,"posz":2.9521883655088694,"roty":0.24125257605152228,"rotx":65.56500527858877},"neck":{"posx":-0.0000621536029690728,"posy":0.2068904861183608,"posz":1.8378221506940755,"roty":0.17650104742000394,"rotx":51.68450344757001},"right_arm":{"posx":-0.9375000000000006,"posy":-1.6954380460075353,"posz":2.9164928236899543,"roty":0,"rotx":-4.774605559729525},"left_arm":{"posx":0.9374999999999996,"posy":-1.6954380460075353,"posz":2.9164928236899548,"roty":0,"rotx":-4.774605559729525},"tail1":{"posx":2.0816681711721685e-16,"posy":-1.2377966760206636,"posz":-1.8373608934960686,"roty":0,"rotx":-45.1915852742299},"tail2":{"posx":3.508443731386254e-16,"posy":-2.7436412562578862,"posz":-2.804602900529563,"roty":0,"rotx":-45.1915852742299}},"cameras":{}}