# This file was generated by Animated Java via MC-Build. It is not recommended to edit this file directly.
$data merge entity $(bone_jaw) { transformation: [-0.9996452021526385f,0.0002045221717092828f,-0.026635089335155605f,0.027018345598866546f,-0.013206058651443916f,0.8646056812080428f,0.502277429353212f,0.014475749209680366f,0.023131576429311157f,0.5024509669544457f,-0.8642962200417386f,3.690287050435639f,0f,0f,0f,1f], start_interpolation: 0, interpolation_duration: 1 }
$data merge entity $(bone_head) { transformation: [-1.1246008524217184f,0.00023008744317294316f,-0.029964475502050055f,0.020359573265077646f,-0.014856815982874406f,0.9726813913590482f,0.5650621080223635f,0.14004510654798336f,0.02602302348297505f,0.5652573378237514f,-0.9723332475469559f,3.474212995425204f,0f,0f,0f,1f], start_interpolation: 0, interpolation_duration: 1 }
$data merge entity $(bone_neck) { transformation: [-0.9996452021526385f,-0.001347539279489617f,-0.026601765939513734f,0.4999999999999997f,-0.013206058651443916f,0.8923989986404682f,0.45105390724433814f,-0.43504450054576743f,0.023131576429311157f,0.4512451787702331f,-0.8921001730795232f,2.258367814140063f,0f,0f,0f,1f], start_interpolation: 0, interpolation_duration: 1 }
$data merge entity $(bone_right_arm2) { transformation: [-1f,2.5690462918111833e-17f,1.1973970912638672e-16f,-0.8750000000000004f,0f,0.9777489249125068f,-0.2097785495050372f,-1.6737434023031272f,-1.2246467991473532e-16f,-0.2097785495050372f,-0.9777489249125068f,2.7002370446692123f,0f,0f,0f,1f], start_interpolation: 0, interpolation_duration: 1 }
$data merge entity $(bone_right_arm1) { transformation: [-1.1354166666666665f,2.916937977160614e-17f,1.3595446140391823e-16f,-0.5625000000000003f,0f,1.1101524251610753f,-0.2381860614171776f,-0.5346706911401753f,-1.3904843865318904e-16f,-0.2381860614171776f,-1.1101524251610753f,1.7527003125665028f,0f,0f,0f,1f], start_interpolation: 0, interpolation_duration: 1 }
$data merge entity $(bone_left_arm2) { transformation: [-1f,2.5690462918111833e-17f,1.1973970912638672e-16f,0.8749999999999997f,0f,0.9777489249125068f,-0.2097785495050372f,-1.6737434023031272f,-1.2246467991473532e-16f,-0.2097785495050372f,-0.9777489249125068f,2.7002370446692128f,0f,0f,0f,1f], start_interpolation: 0, interpolation_duration: 1 }
$data merge entity $(bone_left_arm1) { transformation: [-1.1354166666666665f,2.916937977160614e-17f,1.3595446140391823e-16f,0.5624999999999998f,0f,1.1101524251610753f,-0.2381860614171776f,-0.5346706911401753f,-1.3904843865318904e-16f,-0.2381860614171776f,-1.1101524251610753f,1.7527003125665028f,0f,0f,0f,1f], start_interpolation: 0, interpolation_duration: 1 }
$data merge entity $(bone_body2) { transformation: [-1.5833333333333335f,-9.778406295446992e-18f,1.936556927171899e-16f,0.4999999999999999f,0f,1.5813187349366409f,0.07984674685186864f,-0.4249725357040699f,-1.9390240986499761e-16f,0.07984674685186864f,-1.5813187349366409f,0.8195450121508026f,0f,0f,0f,1f], start_interpolation: 0, interpolation_duration: 1 }
$data merge entity $(bone_right_leg2) { transformation: [-0.984807753012208f,0.025816111853953258f,0.1717184264305669f,-1.1074254064782827f,0.01887511306993475f,0.9989421719149876f,-0.041931697751993846f,-2.324969925119041f,-0.17261929125576614f,-0.03805345632805984f,-0.9842532777430032f,0.3114410810755782f,0f,0f,0f,1f], start_interpolation: 0, interpolation_duration: 1 }
$data merge entity $(bone_right_leg1) { transformation: [-1.3130770040162774f,0.14428882921033004f,0.18107261821304466f,-0.625f,0.02516681742657967f,1.125524598551979f,-0.7143800019127082f,-0.9511590717581231f,-0.23015905500768818f,-0.7001091983378707f,-1.1111488188260155f,-0.11820640974917891f,0f,0f,0f,1f], start_interpolation: 0, interpolation_duration: 1 }
$data merge entity $(bone_left_leg2) { transformation: [-0.984807753012208f,-0.025816111853953244f,-0.1717184264305667f,1.1074254064782827f,-0.01887511306993475f,0.9989421719149876f,-0.041931697751993846f,-2.324969925119041f,0.17261929125576592f,-0.03805345632805984f,-0.9842532777430032f,0.31144108107557844f,0f,0f,0f,1f], start_interpolation: 0, interpolation_duration: 1 }
$data merge entity $(bone_left_leg1) { transformation: [-1.3130770040162774f,-0.14428882921032987f,-0.18107261821304443f,0.625f,-0.02516681742657967f,1.125524598551979f,-0.7143800019127082f,-0.9511590717581231f,0.23015905500768788f,-0.7001091983378707f,-1.1111488188260155f,-0.11820640974917876f,0f,0f,0f,1f], start_interpolation: 0, interpolation_duration: 1 }
$data merge entity $(bone_tail3) { transformation: [-1f,-7.551679954042014e-17f,9.640959917866362e-17f,4.0245584642661925e-16f,0f,0.7872441200661917f,0.6166414642409377f,1.0665246517930642f,-1.2246467991473532e-16f,0.6166414642409377f,-0.7872441200661917f,-3.2137687069349847f,0f,0f,0f,1f], start_interpolation: 0, interpolation_duration: 1 }
$data merge entity $(bone_tail2) { transformation: [-1.5416666666666665f,-1.1642173262481437e-16f,1.4863146540043974e-16f,-0.12499999999999976f,0f,1.2136680184353787f,0.9506555907047789f,-0.23728636617110466f,-1.8879971486855027e-16f,0.9506555907047789f,-1.2136680184353787f,-1.853306256356051f,0f,0f,0f,1f], start_interpolation: 0, interpolation_duration: 1 }
$data merge entity $(bone_tail1) { transformation: [-1f,-2.991844320810297e-17f,1.187538823896806e-16f,1.1102230246251565e-16f,0f,0.9696990387135433f,0.24430262855325596f,-0.4968579090089391f,-1.2246467991473532e-16f,0.24430262855325596f,-0.9696990387135433f,-0.8230010277229112f,0f,0f,0f,1f], start_interpolation: 0, interpolation_duration: 1 }
$data merge entity $(bone_body1) { transformation: [-1.3333333333333333f,-1.7748796918158546e-17f,1.6231874920713493e-16f,0.5f,0f,1.3254331724065058f,0.14492992535085175f,-1.013288751714678f,-1.6328623988631375e-16f,0.14492992535085175f,-1.3254331724065058f,-0.12499999999999994f,0f,0f,0f,1f], start_interpolation: 0, interpolation_duration: 1 }
data modify entity @s data merge value {"locators":{"head":{"posx":0.02855521232499547,"posy":-0.557295140879922,"posz":3.430273709841719,"roty":358.23486977750235,"rotx":30.15078824418291},"neck":{"posx":0.004007946895928316,"posy":-0.8326788927672073,"posz":2.2122291819508217,"roty":358.291988450282,"rotx":26.811321671759273},"right_arm":{"posx":-0.9375000000000006,"posy":-2.5466030524631154,"posz":3.3988900566305027,"roty":0,"rotx":-12.109375},"left_arm":{"posx":0.9374999999999996,"posy":-2.5466030524631154,"posz":3.3988900566305036,"roty":0,"rotx":-12.109375},"tail1":{"posx":3.469446951953614e-16,"posy":-0.4037784495551037,"posz":-2.8570176870822612,"roty":0,"rotx":38.07128906250003},"tail2":{"posx":5.55802045361419e-16,"posy":0.3801275678417151,"posz":-4.465935446288448,"roty":0,"rotx":38.07128906250003}},"cameras":{}}