# This file was generated by Animated Java via MC-Build. It is not recommended to edit this file directly.
$data merge entity $(bone_jaw) { transformation: [-0.9998353479689861f,-0.0034982908650348986f,-0.017805586560405783f,0.014687432332908956f,-0.010964615726088103f,0.8983222888610366f,0.43920023057535773f,-0.28468135907649655f,0.014458705118914042f,0.4393231467797842f,-0.8982127356867038f,3.640203480972209f,0f,0f,0f,1f], start_interpolation: 0, interpolation_duration: 1 }
$data merge entity $(bone_head) { transformation: [-1.1248147664651094f,-0.0039355772231642605f,-0.020031284880456506f,0.01023603569280751f,-0.012335192691849116f,1.010612574968666f,0.4941002593972774f,-0.17488130143265712f,0.016266043258778298f,0.4942385401272572f,-1.0104893276475417f,3.415650297050533f,0f,0f,0f,1f], start_interpolation: 0, interpolation_duration: 1 }
$data merge entity $(bone_neck) { transformation: [-0.9998353479689861f,-0.003981729511121864f,-0.017703750501991123f,0.4999999999999997f,-0.010964615726088103f,0.9099460258036411f,0.4145817257503498f,-0.7993689938138226f,0.014458705118914042f,0.41470757884834863f,-0.9098398594763942f,2.228549256140135f,0f,0f,0f,1f], start_interpolation: 0, interpolation_duration: 1 }
$data merge entity $(bone_right_arm2) { transformation: [-1f,-2.0945615118652175e-18f,1.2244676655057734e-16f,-0.8750000000000004f,0f,0.9998537262811577f,0.017103392695130837f,-2.156661061959805f,-1.2246467991473532e-16f,0.017103392695130837f,-0.9998537262811577f,2.3791843731021f,0f,0f,0f,1f], start_interpolation: 0, interpolation_duration: 1 }
$data merge entity $(bone_right_arm1) { transformation: [-1.1354166666666665f,-2.3782000499302987e-18f,1.39028099520968e-16f,-0.5625000000000003f,0f,1.1352505850483976f,0.01941947712259647f,-0.8325944637378829f,-1.3904843865318904e-16f,0.01941947712259647f,-1.1352505850483976f,1.7142331391961632f,0f,0f,0f,1f], start_interpolation: 0, interpolation_duration: 1 }
$data merge entity $(bone_left_arm2) { transformation: [-1f,-2.0945615118652175e-18f,1.2244676655057734e-16f,0.8749999999999997f,0f,0.9998537262811577f,0.017103392695130837f,-2.156661061959805f,-1.2246467991473532e-16f,0.017103392695130837f,-0.9998537262811577f,2.3791843731021f,0f,0f,0f,1f], start_interpolation: 0, interpolation_duration: 1 }
$data merge entity $(bone_left_arm1) { transformation: [-1.1354166666666665f,-2.3782000499302987e-18f,1.39028099520968e-16f,0.5624999999999998f,0f,1.1352505850483976f,0.01941947712259647f,-0.8325944637378829f,-1.3904843865318904e-16f,0.01941947712259647f,-1.1352505850483976f,1.7142331391961634f,0f,0f,0f,1f], start_interpolation: 0, interpolation_duration: 1 }
$data merge entity $(bone_body2) { transformation: [-1.5833333333333335f,-3.480335988666115e-17f,1.9075342904402287e-16f,0.4999999999999999f,0f,1.5576199535803534f,0.2841910003022309f,-0.6028384785491797f,-1.9390240986499761e-16f,0.2841910003022309f,-1.5576199535803534f,0.8031762324828844f,0f,0f,0f,1f], start_interpolation: 0, interpolation_duration: 1 }
$data merge entity $(bone_right_leg2) { transformation: [-0.9940753239360046f,0.008868359154581854f,0.10833098609092841f,-1.0286582276949354f,0.008868359154581848f,0.9999605592661667f,-0.0004817862598731626f,-2.6126486210476116f,-0.10833098609092844f,0.00048178625987299606f,-0.9941147646698377f,0.003185913202569876f,0f,0f,0f,1f], start_interpolation: 0, interpolation_duration: 1 }
$data merge entity $(bone_right_leg1) { transformation: [-1.3254337652480062f,0.057556460871181644f,0.13300513347331894f,-0.625f,0.011824478872775797f,1.2625417660282452f,-0.42851633400775324f,-1.1543628984483105f,-0.14444131478790456f,-0.42479797624758203f,-1.2555720464139355f,-0.11990058677699024f,0f,0f,0f,1f], start_interpolation: 0, interpolation_duration: 1 }
$data merge entity $(bone_left_leg2) { transformation: [-0.9940753239360046f,-0.008868359154581847f,-0.10833098609092817f,1.0286582276949352f,-0.008868359154581848f,0.9999605592661667f,-0.0004817862598731626f,-2.6126486210476116f,0.10833098609092819f,0.00048178625987299606f,-0.9941147646698377f,0.0031859132025700843f,0f,0f,0f,1f], start_interpolation: 0, interpolation_duration: 1 }
$data merge entity $(bone_left_leg1) { transformation: [-1.3254337652480062f,-0.05755646087118153f,-0.13300513347331866f,0.625f,-0.011824478872775797f,1.2625417660282452f,-0.42851633400775324f,-1.1543628984483105f,0.14444131478790423f,-0.42479797624758203f,-1.2555720464139355f,-0.11990058677699009f,0f,0f,0f,1f], start_interpolation: 0, interpolation_duration: 1 }
$data merge entity $(bone_tail3) { transformation: [-1f,-3.461786301330088e-17f,1.174700020729161e-16f,4.579669976578771e-16f,0f,0.9592153603365744f,0.2826763033831729f,0.09450166920945213f,-1.2246467991473532e-16f,0.2826763033831729f,-0.9592153603365744f,-3.6397234034838446f,0f,0f,0f,1f], start_interpolation: 0, interpolation_duration: 1 }
$data merge entity $(bone_tail2) { transformation: [-1.5416666666666665f,-5.3369205478838853e-17f,1.8109958652907897e-16f,-0.12499999999999976f,0f,1.4787903471855521f,0.4357926343823915f,-0.6153692796971048f,-1.8879971486855027e-16f,0.4357926343823915f,-1.4787903471855521f,-1.8941964097371125f,0f,0f,0f,1f], start_interpolation: 0, interpolation_duration: 1 }
$data merge entity $(bone_tail1) { transformation: [-1f,-1.1993002072626903e-17f,1.2187602605887897e-16f,1.1102230246251565e-16f,0f,0.9951932764919142f,0.09793029370571905f,-0.7194202167594312f,-1.2246467991473532e-16f,0.09793029370571905f,-0.9951932764919142f,-0.8368035534644536f,0f,0f,0f,1f], start_interpolation: 0, interpolation_duration: 1 }
$data merge entity $(bone_body1) { transformation: [-1.3333333333333333f,-1.332262417298921e-17f,1.627418318114801e-16f,0.5f,0f,1.3288879040453732f,0.10878748209087664f,-1.2166545189504374f,-1.6328623988631375e-16f,0.10878748209087664f,-1.3288879040453732f,-0.12499999999999994f,0f,0f,0f,1f], start_interpolation: 0, interpolation_duration: 1 }
data modify entity @s data merge value {"locators":{"head":{"posx":0.01798671328358113,"posy":-0.8735828040256042,"posz":3.421764810215263,"roty":358.86435437817454,"rotx":26.05286383400643},"neck":{"posx":0.0037884433949262886,"posy":-1.1979037770720258,"posz":2.193993249066011,"roty":358.88527394471845,"rotx":24.49297852572691},"right_arm":{"posx":-0.9375000000000004,"posy":-3.165066484588528,"posz":2.862007843547548,"roty":0,"rotx":0.980000000000008},"left_arm":{"posx":0.9374999999999996,"posy":-3.165066484588528,"posz":2.862007843547548,"roty":0,"rotx":0.980000000000008},"tail1":{"posx":3.469446951953614e-16,"posy":-1.1404408413736042,"posz":-2.765664197505887,"roty":0,"rotx":16.419999999999973},"tail2":{"posx":5.694798190288498e-16,"posy":-1.005463070579267,"posz":-4.5502946918635825,"roty":0,"rotx":16.419999999999973}},"cameras":{}}