# This file was generated by Animated Java via MC-Build. It is not recommended to edit this file directly.
$data merge entity $(bone_jaw) { transformation: [-0.9999402158414539f,-0.0032631936689218955f,-0.010436297716420549f,0.007425232407563217f,-0.006821248805366876f,0.9321063245522021f,0.36212051901890385f,-0.1695169286504531f,0.008546069721336097f,0.36217005853171264f,-0.9320728584158288f,3.570662597943894f,0f,0f,0f,1f], start_interpolation: 0, interpolation_duration: 1 }
$data merge entity $(bone_head) { transformation: [-1.1249327428216356f,-0.0036710928775371323f,-0.011740834930973117f,0.00481615797845808f,-0.007673904906037735f,1.0486196151212273f,0.40738558389626683f,-0.07898679889572713f,0.009614328436503108f,0.4074413158481767f,-1.0485819657178073f,3.3376443833399367f,0f,0f,0f,1f], start_interpolation: 0, interpolation_duration: 1 }
$data merge entity $(bone_neck) { transformation: [-0.9999402158414539f,-0.0034339657289293017f,-0.010381359367597084f,0.4999999999999997f,-0.006821248805366876f,0.9379216016352788f,0.34678024705950133f,-0.7903589254946826f,0.008546069721336097f,0.3468303289294148f,-0.9378889527161688f,2.2028293499098783f,0f,0f,0f,1f], start_interpolation: 0, interpolation_duration: 1 }
$data merge entity $(bone_right_arm2) { transformation: [-1f,-1.305610088366015e-17f,1.217667280349368e-16f,-0.8750000000000004f,0f,0.9943007903969989f,0.10661115427525973f,-2.1891438090238586f,-1.2246467991473532e-16f,0.10661115427525973f,-0.9943007903969989f,2.231502467666786f,0f,0f,0f,1f], start_interpolation: 0, interpolation_duration: 1 }
$data merge entity $(bone_right_arm1) { transformation: [-1.1354166666666665f,-1.4824114544989127e-17f,1.3825597245633447e-16f,-0.5625000000000003f,0f,1.1289456890965923f,0.12104808141670113f,-0.8108288530635565f,-1.3904843865318904e-16f,0.12104808141670113f,-1.1289456890965923f,1.6878478142551279f,0f,0f,0f,1f], start_interpolation: 0, interpolation_duration: 1 }
$data merge entity $(bone_left_arm2) { transformation: [-1f,-1.305610088366015e-17f,1.217667280349368e-16f,0.8749999999999997f,0f,0.9943007903969989f,0.10661115427525973f,-2.1891438090238586f,-1.2246467991473532e-16f,0.10661115427525973f,-0.9943007903969989f,2.231502467666786f,0f,0f,0f,1f], start_interpolation: 0, interpolation_duration: 1 }
$data merge entity $(bone_left_arm1) { transformation: [-1.1354166666666665f,-1.4824114544989127e-17f,1.3825597245633447e-16f,0.5624999999999998f,0f,1.1289456890965923f,0.12104808141670113f,-0.8108288530635565f,-1.3904843865318904e-16f,0.12104808141670113f,-1.1289456890965923f,1.6878478142551279f,0f,0f,0f,1f], start_interpolation: 0, interpolation_duration: 1 }
$data merge entity $(bone_body2) { transformation: [-1.5833333333333335f,-3.951975889786678e-17f,1.8983238187439988e-16f,0.4999999999999999f,0f,1.5500990326890056f,0.32270332087081743f,-0.5585663986260064f,-1.9390240986499761e-16f,0.32270332087081743f,-1.5500990326890056f,0.7827643075657491f,0f,0f,0f,1f], start_interpolation: 0, interpolation_duration: 1 }
$data merge entity $(bone_right_leg2) { transformation: [-0.9978474930409392f,0.0032262986642538696f,0.06549787499485595f,-1.0022822591653802f,0.0032262986642538766f,0.9999947898910668f,-0.00010577169045350443f,-2.6094040799596723f,-0.06549787499485596f,0.0001057716904535877f,-0.9978527031498725f,-0.17187101359518797f,0f,0f,0f,1f], start_interpolation: 0, interpolation_duration: 1 }
$data merge entity $(bone_right_leg1) { transformation: [-1.3304633240545856f,0.02130081554650714f,0.08480210127381343f,-0.625f,0.004301731552338502f,1.307542930795858f,-0.2609420568042024f,-1.139760925130998f,-0.08733049999314127f,-0.26010678030495415f,-1.3047971583307942f,-0.12192509900461573f,0f,0f,0f,1f], start_interpolation: 0, interpolation_duration: 1 }
$data merge entity $(bone_left_leg2) { transformation: [-0.9978474930409392f,-0.0032262986642538696f,-0.06549787499485568f,1.0022822591653802f,-0.0032262986642538766f,0.9999947898910668f,-0.00010577169045350443f,-2.6094040799596723f,0.06549787499485571f,0.0001057716904535877f,-0.9978527031498725f,-0.1718710135951877f,0f,0f,0f,1f], start_interpolation: 0, interpolation_duration: 1 }
$data merge entity $(bone_left_leg1) { transformation: [-1.3304633240545856f,-0.021300815546507076f,-0.0848021012738131f,0.625f,-0.004301731552338502f,1.307542930795858f,-0.2609420568042024f,-1.139760925130998f,0.08733049999314094f,-0.26010678030495415f,-1.3047971583307942f,-0.12192509900461558f,0f,0f,0f,1f], start_interpolation: 0, interpolation_duration: 1 }
$data merge entity $(bone_tail3) { transformation: [-1f,4.743867193866886e-18f,1.2237276474226413e-16f,4.579669976578771e-16f,0f,0.9992494556590915f,-0.0387366153014057f,-0.6528926811764934f,-1.2246467991473532e-16f,-0.0387366153014057f,-0.9992494556590915f,-3.7951960694838873f,0f,0f,0f,1f], start_interpolation: 0, interpolation_duration: 1 }
$data merge entity $(bone_tail2) { transformation: [-1.5416666666666665f,7.313461923878116e-18f,1.886580123109905e-16f,-0.12499999999999976f,0f,1.5405095774744326f,-0.059718948589667115f,-0.7676208004224373f,-1.8879971486855027e-16f,-0.059718948589667115f,-1.5405095774744326f,-1.9143402247540773f,0f,0f,0f,1f], start_interpolation: 0, interpolation_duration: 1 }
$data merge entity $(bone_tail1) { transformation: [-1f,4.530279311027767e-18f,1.2238085796390972e-16f,1.1102230246251565e-16f,0f,0.9993155418290078f,-0.036992537882611747f,-0.7283162289221623f,-1.2246467991473532e-16f,-0.036992537882611747f,-0.9993155418290078f,-0.8525674615607564f,0f,0f,0f,1f], start_interpolation: 0, interpolation_duration: 1 }
$data merge entity $(bone_body1) { transformation: [-1.3333333333333333f,-8.033424344943898e-18f,1.6308850428373197e-16f,0.5f,0f,1.3317186996061277f,0.06559788790153276f,-1.2021852391750352f,-1.6328623988631375e-16f,0.06559788790153276f,-1.3317186996061277f,-0.12499999999999994f,0f,0f,0f,1f], start_interpolation: 0, interpolation_duration: 1 }
data modify entity @s data merge value {"locators":{"head":{"posx":0.010116997057915685,"posy":-0.7747159139342609,"posz":3.4025608650125627,"roty":359.35849346880457,"rotx":21.230481592713957},"neck":{"posx":0.0026152991485709487,"posy":-1.1888376813930333,"posz":2.1942771305115367,"roty":359.36582706774595,"rotx":20.290506605198253},"right_arm":{"posx":-0.9375000000000004,"posy":-3.2367501765584876,"posz":2.6220417085900256,"roty":0,"rotx":6.11999999999999},"left_arm":{"posx":0.9374999999999997,"posy":-3.2367501765584876,"posz":2.622041708590026,"roty":0,"rotx":6.11999999999999},"tail1":{"posx":3.191891195797325e-16,"posy":-1.5436893151864723,"posz":-2.5722717640436485,"roty":0,"rotx":-2.2199999999999673},"tail2":{"posx":5.205753521334504e-16,"posy":-1.9861969378360915,"posz":-4.3064320807090315,"roty":0,"rotx":-2.2199999999999673}},"cameras":{}}