# This file was generated by Animated Java via MC-Build. It is not recommended to edit this file directly.
$data merge entity $(bone_jaw) { transformation: [-1f,-6.875822658560722e-17f,1.0134053534208742e-16f,-5.249354949168423e-16f,0f,0.8275082694262924f,0.5614535279353963f,0.4887204473655566f,-1.2246467991473532e-16f,0.5614535279353963f,-0.8275082694262924f,3.546590904080316f,0f,0f,0f,1f], start_interpolation: 0, interpolation_duration: 1 }
$data merge entity $(bone_head) { transformation: [-1.125f,-7.735300490880813e-17f,1.1400810225984836e-16f,-4.996003610813204e-16f,0f,0.930946803104579f,0.6316352189273208f,0.6290838293494057f,-1.3777276490407724e-16f,0.6316352189273208f,-0.930946803104579f,3.339713836723743f,0f,0f,0f,1f], start_interpolation: 0, interpolation_duration: 1 }
$data merge entity $(bone_neck) { transformation: [-1f,-5.567485349903732e-17f,1.0907753441694264e-16f,0.4999999999999997f,0f,0.8906856613097481f,0.45461967922343255f,0.0521088035768372f,-1.2246467991473532e-16f,0.45461967922343255f,-0.8906856613097481f,2.1329983277346756f,0f,0f,0f,1f], start_interpolation: 0, interpolation_duration: 1 }
$data merge entity $(bone_right_arm2) { transformation: [-1f,6.081351992266329e-18f,1.2231359280376295e-16f,-0.8750000000000004f,0f,0.9987662801137638f,-0.049658007488366476f,-1.2994188360802799f,-1.2246467991473532e-16f,-0.049658007488366476f,-0.9987662801137638f,2.3748930119948293f,0f,0f,0f,1f], start_interpolation: 0, interpolation_duration: 1 }
$data merge entity $(bone_right_arm1) { transformation: [-1.1354166666666665f,6.904868407885727e-18f,1.3887689182927249e-16f,-0.5625000000000003f,0f,1.1340158805458358f,-0.05638252933574943f,-0.022677973579216915f,-1.3904843865318904e-16f,-0.05638252933574943f,-1.1340158805458358f,1.623065059588136f,0f,0f,0f,1f], start_interpolation: 0, interpolation_duration: 1 }
$data merge entity $(bone_left_arm2) { transformation: [-1f,6.081351992266329e-18f,1.2231359280376295e-16f,0.8749999999999997f,0f,0.9987662801137638f,-0.049658007488366476f,-1.2994188360802799f,-1.2246467991473532e-16f,-0.049658007488366476f,-0.9987662801137638f,2.3748930119948297f,0f,0f,0f,1f], start_interpolation: 0, interpolation_duration: 1 }
$data merge entity $(bone_left_arm1) { transformation: [-1.1354166666666665f,6.904868407885727e-18f,1.3887689182927249e-16f,0.5624999999999998f,0f,1.1340158805458358f,-0.05638252933574943f,-0.022677973579216915f,-1.3904843865318904e-16f,-0.05638252933574943f,-1.1340158805458358f,1.6230650595881362f,0f,0f,0f,1f], start_interpolation: 0, interpolation_duration: 1 }
$data merge entity $(bone_body2) { transformation: [-1.5833333333333335f,-1.9233856140031184e-17f,1.9294611509288834e-16f,0.4999999999999999f,0f,1.5755245939255704f,0.15705635415388786f,0.13250768061422602f,-1.9390240986499761e-16f,0.15705635415388786f,-1.5755245939255704f,0.6963882482172281f,0f,0f,0f,1f], start_interpolation: 0, interpolation_duration: 1 }
$data merge entity $(bone_right_leg2) { transformation: [-0.9950681645845707f,0.019581643572399193f,0.09724148839511507f,-1.0388584960696425f,-0.007384827424624432f,0.9629764285418534f,-0.2694844381345337f,-1.9370194965517618f,-0.09891820941668068f,-0.26887349684894624f,-0.9580825802288744f,0.345656203544382f,0f,0f,0f,1f], start_interpolation: 0, interpolation_duration: 1 }
$data merge entity $(bone_right_leg1) { transformation: [-1.3267575527794275f,0.06303430003810784f,0.11627059361346732f,-0.625f,-0.00984643656616591f,1.1218301708127578f,-0.7205400011928171f,-0.5559004705804567f,-0.13189094588890757f,-0.717845054765095f,-1.1158319916186328f,-0.12965304455736373f,0f,0f,0f,1f], start_interpolation: 0, interpolation_duration: 1 }
$data merge entity $(bone_left_leg2) { transformation: [-0.9950681645845707f,-0.01958164357239914f,-0.0972414883951148f,1.0388584960696425f,0.007384827424624432f,0.9629764285418534f,-0.2694844381345337f,-1.9370194965517618f,0.09891820941668043f,-0.26887349684894624f,-0.9580825802288744f,0.3456562035443822f,0f,0f,0f,1f], start_interpolation: 0, interpolation_duration: 1 }
$data merge entity $(bone_left_leg1) { transformation: [-1.3267575527794275f,-0.06303430003810767f,-0.11627059361346703f,0.625f,0.00984643656616591f,1.1218301708127578f,-0.7205400011928171f,-0.5559004705804567f,0.13189094588890724f,-0.717845054765095f,-1.1158319916186328f,-0.1296530445573636f,0f,0f,0f,1f], start_interpolation: 0, interpolation_duration: 1 }
$data merge entity $(bone_tail3) { transformation: [-1f,4.4580493310725984e-17f,1.1406216481722103e-16f,4.579669976578771e-16f,0f,0.9313882573868281f,-0.3640273533704955f,-0.9812452295304968f,-1.2246467991473532e-16f,-0.3640273533704955f,-0.9313882573868281f,-3.756158728405782f,0f,0f,0f,1f], start_interpolation: 0, interpolation_duration: 1 }
$data merge entity $(bone_tail2) { transformation: [-1.5416666666666665f,6.872826052070256e-17f,1.7584583742654906e-16f,-0.12499999999999976f,0f,1.4358902301380265f,-0.5612088364461806f,-0.473329240220848f,-1.8879971486855027e-16f,-0.5612088364461806f,-1.4358902301380265f,-1.9415506170485117f,0f,0f,0f,1f], start_interpolation: 0, interpolation_duration: 1 }
$data merge entity $(bone_tail1) { transformation: [-1f,2.714987797084812e-17f,1.1941725986132254e-16f,1.1102230246251565e-16f,0f,0.9751159268489942f,-0.22169557777598342f,-0.23777768883386557f,-1.2246467991473532e-16f,-0.22169557777598342f,-0.9751159268489942f,-0.9054899447714555f,0f,0f,0f,1f], start_interpolation: 0, interpolation_duration: 1 }
$data merge entity $(bone_body1) { transformation: [-1.3333333333333333f,1.2156450396726212e-17f,1.6283309506965325e-16f,0.5f,0f,1.329633125102062f,-0.09926495055709128f,-0.6182270233196159f,-1.6328623988631375e-16f,-0.09926495055709128f,-1.329633125102062f,-0.12499999999999994f,0f,0f,0f,1f], start_interpolation: 0, interpolation_duration: 1 }
data modify entity @s data merge value {"locators":{"head":{"posx":-4.882953867597182e-16,"posy":-0.06356306652183841,"posz":3.2474017159598367,"roty":0,"rotx":34.15637860082305},"neck":{"posx":-2.7755575615628914e-16,"posy":-0.33872577931724746,"posz":2.073851655689607,"roty":0,"rotx":27.04046639231825},"right_arm":{"posx":-0.9375000000000004,"posy":-2.2733561124498602,"posz":2.9239341595400776,"roty":0,"rotx":-2.846364883401922},"left_arm":{"posx":0.9374999999999996,"posy":-2.2733561124498602,"posz":2.923934159540078,"roty":0,"rotx":-2.846364883401922},"tail1":{"posx":2.914335439641036e-16,"posy":-1.4221392387031848,"posz":-2.3088595289740845,"roty":0,"rotx":-21.347736625514408},"tail2":{"posx":4.636150678972361e-16,"posy":-2.4084577036216124,"posz":-3.8022787218870975,"roty":0,"rotx":-21.347736625514408}},"cameras":{}}