# This file was generated by Animated Java via MC-Build. It is not recommended to edit this file directly.
$data merge entity $(bone_jaw) { transformation: [-0.8012156134808051f,0.5490903070783051f,-0.23780953594679483f,1.9768652010862275f,-0.07287116884958036f,0.3049303495719268f,0.9495826844779964f,-0.500499778628001f,0.5939219927440584f,0.7781499319428068f,-0.2043021046204166f,3.2997368348148943f,0f,0f,0f,1f], start_interpolation: 0, interpolation_duration: 1 }
$data merge entity $(bone_head) { transformation: [-0.9013675651659057f,0.48452070096805344f,-0.4673341446976811f,1.8730131689311873f,-0.0819800649557779f,0.6961836874101909f,0.8799048484545337f,-0.3049653678603268f,0.6681622418370657f,0.7390486883266728f,-0.522485650392325f,3.1836289125054886f,0f,0f,0f,1f], start_interpolation: 0, interpolation_duration: 1 }
$data merge entity $(bone_neck) { transformation: [-0.7930733192105363f,0.25843513869751894f,-0.551584979348402f,1.546799697949765f,-0.0932760895084597f,0.8433295467216864f,0.5292398763814048f,-0.7243575669379974f,0.6019420914692649f,0.47117571532559804f,-0.6447163436776038f,1.8582016399993553f,0f,0f,0f,1f], start_interpolation: 0, interpolation_duration: 1 }
$data merge entity $(bone_right_arm2) { transformation: [-0.5876106697270121f,0.08987510637557135f,-0.8041369075455699f,0.5674051650112848f,-0.007616923332934163f,0.9931536586502949f,0.11656668815949844f,-2.518031972366511f,0.8091079552827994f,0.07462087887121997f,-0.58290311470653f,2.872247596013221f,0f,0f,0f,1f], start_interpolation: 0, interpolation_duration: 1 }
$data merge entity $(bone_right_arm1) { transformation: [-0.6548366919500107f,0.10873394658972046f,-0.9211605954877983f,0.3342797797598024f,0.1455243534640957f,1.12566777384303f,0.029423331296398347f,-1.0452511576926675f,0.9160690892990923f,-0.10109400939098472f,-0.6631503840309765f,2.084313313869731f,0f,0f,0f,1f], start_interpolation: 0, interpolation_duration: 1 }
$data merge entity $(bone_left_arm2) { transformation: [-0.6370453991296349f,-0.12078402554717642f,-0.761304392881312f,2.445957330917035f,-0.7597693890731239f,0.26507279079609464f,0.5937060644856359f,-1.3918347547367929f,0.13009087160602925f,0.9566334902940565f,-0.2606314071108753f,0.1524481288438575f,0f,0f,0f,1f], start_interpolation: 0, interpolation_duration: 1 }
$data merge entity $(bone_left_arm1) { transformation: [-0.690714887992462f,-0.31176460549973295f,-0.8455097759385167f,1.3298326945671204f,-0.9011557975082232f,0.2407047047674033f,0.647418319685657f,-0.9281607443064072f,0.0014761664280090057f,1.0649108332648687f,-0.3938702134869351f,1.3286893517574032f,0f,0f,0f,1f], start_interpolation: 0, interpolation_duration: 1 }
$data merge entity $(bone_body2) { transformation: [-1.2556994220833493f,0.07155747930389933f,-0.9617915226179009f,0.6707695992846747f,-0.14768714172172787f,1.5460800190142994f,0.3078465972188979f,-0.5058947360029835f,0.9530749781596696f,0.3338570748162454f,-1.2194802106002092f,0.7378634063695768f,0f,0f,0f,1f], start_interpolation: 0, interpolation_duration: 1 }
$data merge entity $(bone_right_leg2) { transformation: [-0.9809729042109839f,0.14178403268153086f,-0.1326252211324467f,-1.185475764333411f,0f,0.6831256634789087f,0.7303008475255255f,-2.098628395715896f,0.19414469141304844f,0.7164053433448576f,-0.6701277660439604f,-0.9151635342116996f,0f,0f,0f,1f], start_interpolation: 0, interpolation_duration: 1 }
$data merge entity $(bone_right_leg1) { transformation: [-1.3079638722813118f,0.1532276301186167f,-0.2086374366044748f,-0.6035129873284848f,0f,1.0746491963593927f,0.7892445011160285f,-1.125001410839995f,0.2588595885507312f,0.7742274703923396f,-1.0542017431606734f,0.09382473157843121f,0f,0f,0f,1f], start_interpolation: 0, interpolation_duration: 1 }
$data merge entity $(bone_left_leg2) { transformation: [-0.9252124528506301f,0.027054050774521672f,-0.37848381131405107f,1.0652199074042077f,0.008769055965675898f,0.9987131262834271f,0.04995192735675075f,-2.5449342303907416f,0.37934815242411746f,0.04289719951084048f,-0.9242590597481506f,0.15554032117876615f,0f,0f,0f,1f], start_interpolation: 0, interpolation_duration: 1 }
$data merge entity $(bone_left_leg1) { transformation: [-1.3079638722813118f,-0.1191954321775634f,-0.22978410635345897f,0.6227031429352452f,0f,1.1835714109977218f,-0.6139515394936639f,-1.125001410839995f,0.2588595885507312f,-0.602269824741904f,-1.161051484387527f,-0.14885613268787934f,0f,0f,0f,1f], start_interpolation: 0, interpolation_duration: 1 }
$data merge entity $(bone_tail3) { transformation: [-0.4659992628271209f,0.08131215108995224f,-0.8810408736997986f,-2.303637351653434f,-0.19529659928269053f,0.9617552576936381f,0.19205744611251077f,0.10021866419851444f,0.8629622966000288f,0.26156291477151067f,-0.43229725451711515f,-2.4776325533285752f,0f,0f,0f,1f], start_interpolation: 0, interpolation_duration: 1 }
$data merge entity $(bone_tail2) { transformation: [-0.7184155301918114f,0.12535623293034304f,-1.3582713469538559f,-0.7251816496490681f,-0.3010822572274812f,1.482706022277692f,0.2960885627567874f,-0.4646302329903368f,1.3304002072583776f,0.40324282693941227f,-0.6664582673805525f,-1.6082479605536388f,0f,0f,0f,1f], start_interpolation: 0, interpolation_duration: 1 }
$data merge entity $(bone_tail1) { transformation: [-0.8891311588923985f,0.08131215108995224f,-0.4503710874065797f,-0.13552097441802735f,-0.048589450963385294f,0.9617552576936381f,0.2695661135115476f,-0.7449705472259329f,0.45506576177706126f,0.26156291477151067f,-0.8511756540658892f,-0.7607570483307642f,0f,0f,0f,1f], start_interpolation: 0, interpolation_duration: 1 }
$data merge entity $(bone_body1) { transformation: [-1.3079638722813118f,0.0017393047226063568f,-0.2588537451993611f,0.5f,0f,1.3333032354134389f,0.008958806496057809f,-1.1875f,0.2588595885507312f,0.008788346426702058f,-1.3079343470374223f,-0.12499999999999994f,0f,0f,0f,1f], start_interpolation: 0, interpolation_duration: 1 }
data modify entity @s data merge value {"locators":{"hitbox_head":{"posx":1.7336500419205134,"posy":-0.9361520965478033,"posz":2.918181210766316,"roty":318.18915069407376,"rotx":51.45671481602279},"hitbox_neck":{"posx":1.1222979837514775,"posy":-1.1533991762605351,"posz":2.063071335446589,"roty":319.45146495115114,"rotx":31.95411071297081},"hitbox_right_arm":{"posx":0.8428728455505601,"posy":-3.5699450328048634,"posz":3.139647521700441,"roty":305.93762143676275,"rotx":6.693997478232965},"hitbox_left_arm":{"posx":2.9872088903504697,"posy":-1.9062749909586352,"posz":-0.6820003373701382,"roty":288.89856204904333,"rotx":36.420445238470705},"hitbox_tail1":{"posx":-1.3336314557817537,"posy":-1.029495107147878,"posz":-2.2094947961877924,"roty":296.13564056030873,"rotx":11.072878810405424},"hitbox_tail2":{"posx":-2.905945041415133,"posy":-1.0540527980860985,"posz":-3.0641010846320604,"roty":296.13564056030873,"rotx":11.072878810405424}},"cameras":{}}