# This file was generated by Animated Java via MC-Build. It is not recommended to edit this file directly.
$data merge entity $(bone_jaw) { transformation: [-0.7952210925004104f,0.5605559026336514f,-0.23108546917758815f,2.016280095277581f,-0.06856165499570469f,0.2955484439900554f,0.9528643223037091f,-0.5241137857605325f,0.6024306711205062f,0.7735814095992931f,-0.1965937161143939f,3.283702254843035f,0f,0f,0f,1f], start_interpolation: 0, interpolation_duration: 1 }
$data merge entity $(bone_head) { transformation: [-0.8946237290629617f,0.4985905697006226f,-0.4654898787332428f,1.9128379000035272f,-0.07713186187016777f,0.6888608771277577f,0.8860848536383056f,-0.3272060405075756f,0.6777345050105694f,0.7365481218280208f,-0.5136125046664004f,3.169566142694946f,0f,0f,0f,1f], start_interpolation: 0, interpolation_duration: 1 }
$data merge entity $(bone_neck) { transformation: [-0.7851667706102571f,0.2695181589310631f,-0.5575599558216768f,1.5660407773392886f,-0.09406591791620905f,0.8379785097045508f,0.5375347620014176f,-0.7337782539844044f,0.6120986402664532f,0.4745018222090932f,-0.632600407290581f,1.845370805540961f,0f,0f,0f,1f], start_interpolation: 0, interpolation_duration: 1 }
$data merge entity $(bone_right_arm2) { transformation: [-0.571914124663963f,0.11035714923134637f,-0.8128564040612485f,0.5748034343772889f,-0.009059485736953974f,0.9899993089052315f,0.14078101464808976f,-2.5445209466868617f,0.8202634697022871f,0.08787871176055131f,-0.5651948091510314f,2.8500015654654822f,0f,0f,0f,1f], start_interpolation: 0, interpolation_duration: 1 }
$data merge entity $(bone_right_arm1) { transformation: [-0.6339958529149292f,0.1283856821668889f,-0.9331330998553521f,0.35505122231223996f,0.14545267722578387f,1.1246724506697574f,0.055914258796639776f,-1.0547347714219273f,0.9306254800503623f,-0.08831762147764319f,-0.6444433416228367f,2.0861786287678603f,0f,0f,0f,1f], start_interpolation: 0, interpolation_duration: 1 }
$data merge entity $(bone_left_arm2) { transformation: [-0.6351005536530713f,-0.10338584670449714f,-0.7654793618712111f,2.4393248968506698f,-0.7611969600468427f,0.2521580455878929f,0.59749101086187f,-1.3838329594606238f,0.13124966577103164f,0.9621474350360696f,-0.23884270658427928f,0.11408714817979626f,0f,0f,0f,1f], start_interpolation: 0, interpolation_duration: 1 }
$data merge entity $(bone_left_arm1) { transformation: [-0.690612907013702f,-0.2944131655551709f,-0.8517897085304045f,1.34187703654603f,-0.9012351623714951f,0.22565695470473826f,0.6527060041420273f,-0.9365093452909106f,0.00004142163918115429f,1.073112684523676f,-0.3709449710443323f,1.3168710603860976f,0f,0f,0f,1f], start_interpolation: 0, interpolation_duration: 1 }
$data merge entity $(bone_body2) { transformation: [-1.2431807201329073f,0.08042611454773382f,-0.9772296463129976f,0.6756444097177092f,-0.148937703367331f,1.544199679241403f,0.3165586131996049f,-0.5073316056548186f,0.9691561804218843f,0.34047530773015966f,-1.2048889190380005f,0.7380186826881647f,0f,0f,0f,1f], start_interpolation: 0, interpolation_duration: 1 }
$data merge entity $(bone_right_leg2) { transformation: [-0.9799111100509555f,0.14694682246703916f,-0.13483637404478274f,-1.1909788184410934f,-1.0842021724855044e-19f,0.6760927035753159f,0.7368165688773699f,-2.0912846713007607f,0.19943474220582555f,0.7220147419125599f,-0.6625107516578393f,-0.9122697069461685f,0f,0f,0f,1f], start_interpolation: 0, interpolation_duration: 1 }
$data merge entity $(bone_right_leg1) { transformation: [-1.3065481467346074f,0.15882252019481852f,-0.21327241997292348f,-0.6022958991557923f,-1.4456028966473392e-19f,1.0693844894527798f,0.7963633539381348f,-1.1250021796887328f,0.2659129896077674f,0.7803652981614198f,-1.0479017421309478f,0.09987557261886842f,0f,0f,0f,1f], start_interpolation: 0, interpolation_duration: 1 }
$data merge entity $(bone_left_leg2) { transformation: [-0.9272580827777492f,0.027255464719700126f,-0.3734294947727693f,1.0669023602016217f,0.008559213328855023f,0.9986294163699874f,0.05163359979441312f,-2.5447220395676258f,0.3743249761778177f,0.04468141004323434f,-0.92622048336561f,0.15335632077777558f,0f,0f,0f,1f], start_interpolation: 0, interpolation_duration: 1 }
$data merge entity $(bone_left_leg1) { transformation: [-1.3065481467346074f,-0.12257384542433682f,-0.23597747871360814f,0.6225929884079021f,-1.4456028966473392e-19f,1.183231547841694f,-0.6146062820781504f,-1.1250021796887328f,0.2659129896077674f,-0.602259524115491f,-1.1594617394928646f,-0.14941785513841352f,0f,0f,0f,1f], start_interpolation: 0, interpolation_duration: 1 }
$data merge entity $(bone_tail3) { transformation: [-0.4436062028845044f,0.08507782187129605f,-0.8921744790051036f,-2.3396465095895547f,-0.20083584253557807f,0.9607301381295863f,0.19147471384632087f,0.10436057953171074f,0.8734291620477395f,0.2641199839374938f,-0.40909917253575756f,-2.422759817475622f,0f,0f,0f,1f], start_interpolation: 0, interpolation_duration: 1 }
$data merge entity $(bone_tail2) { transformation: [-0.6838928961136109f,0.1311616420515814f,-1.375435655132868f,-0.7382222284164166f,-0.30962192390901616f,1.4811256296164454f,0.2951901838464113f,-0.45989589014638554f,1.3465366248235981f,0.40718497523696956f,-0.6306945576592928f,-1.5960427207033892f,0f,0f,0f,1f], start_interpolation: 0, interpolation_duration: 1 }
$data merge entity $(bone_tail1) { transformation: [-0.883731606973855f,0.08507782187129605f,-0.4601958398997583f,-0.13879769765119154f,-0.04967304508746885f,0.9607301381295863f,0.2730021799935749f,-0.7437515757536253f,0.4653504436735247f,0.2641199839374938f,-0.8448015143557164f,-0.756609917159631f,0f,0f,0f,1f], start_interpolation: 0, interpolation_duration: 1 }
$data merge entity $(bone_body1) { transformation: [-1.3065481467346074f,0.0022207925660305463f,-0.2659037158870091f,0.5f,-1.4456028966473392e-19f,1.3332868333070305f,0.011135434786676186f,-1.1875f,0.2659129896077674f,0.010911736262711885f,-1.3065025808422155f,-0.12499999999999994f,0f,0f,0f,1f], start_interpolation: 0, interpolation_duration: 1 }
data modify entity @s data merge value {"locators":{"hitbox_head":{"posx":1.7651458831513043,"posy":-0.9560412093669703,"posz":2.9030428818644904,"roty":317.8138082584942,"rotx":51.96467086867126},"hitbox_neck":{"posx":1.142083076912721,"posy":-1.1622449993318926,"posz":2.0525569932571,"roty":318.60776366442957,"rotx":32.51597657767801},"hitbox_right_arm":{"posx":0.835129854385069,"posy":-3.6054769807746974,"posz":3.0959867251368394,"roty":304.8116376343614,"rotx":8.093042707860093},"hitbox_left_arm":{"posx":2.965144209094089,"posy":-1.887161700476524,"posz":-0.7368420376748231,"roty":287.3288184362243,"rotx":36.69041508163307},"hitbox_tail1":{"posx":-1.3599497737753343,"posy":-1.0237001476572825,"posz":-2.18456703503081,"roty":294.6334284160921,"rotx":11.038859331367384},"hitbox_tail2":{"posx":-2.9531592952360013,"posy":-1.048893200224816,"posz":-2.999535580944946,"roty":294.6334284160921,"rotx":11.038859331367384}},"cameras":{}}