# This file was generated by Animated Java via MC-Build. It is not recommended to edit this file directly.
$data merge entity $(bone_jaw) { transformation: [-0.776328856740025f,0.5944334609501886f,-0.20967204557476482f,2.1266598135427768f,-0.058681558090001404f,0.26303683288532037f,0.9629995323393411f,-0.589924933119629f,0.6275906157144604f,0.7599082083044244f,-0.16932080208498873f,3.233243202020271f,0f,0f,0f,1f], start_interpolation: 0, interpolation_duration: 1 }
$data merge entity $(bone_head) { transformation: [-0.8733699638325282f,0.5401090827261135f,-0.4594911152916068f,2.0245506768113084f,-0.06601675285125158f,0.6638762527044887f,0.9058339303857096f,-0.3886285041450269f,0.706039442678768f,0.7301886741464853f,-0.4836918497659978f,3.125756124294494f,0f,0f,0f,1f], start_interpolation: 0, interpolation_duration: 1 }
$data merge entity $(bone_neck) { transformation: [-0.7618365985721661f,0.30154069016805224f,-0.573304639130861f,1.6192719735000114f,-0.09672607940942576f,0.8221665493924739f,0.5609690103937599f,-0.7580301022248876f,0.6405068794619412f,0.4828202328331399f,-0.597189718706609f,1.8072895407291925f,0f,0f,0f,1f], start_interpolation: 0, interpolation_duration: 1 }
$data merge entity $(bone_right_arm2) { transformation: [-0.5260908636401245f,0.1621187555783551f,-0.8348328648802186f,0.6031325579567245f,-0.0132222795729711f,0.9799836548492854f,0.19863838388169242f,-2.6095095018767775f,0.8503255697186121f,0.11554023246454878f,-0.513416867822587f,2.79827423006373f,0f,0f,0f,1f], start_interpolation: 0, interpolation_duration: 1 }
$data merge entity $(bone_right_arm1) { transformation: [-0.5740251220317948f,0.1765880775609385f,-0.9635781323194081f,0.41369469077812016f,0.14555446900846944f,1.1197950914624482f,0.11850677884709113f,-1.0811153668209115f,0.9687518065905681f,-0.06361297779842451f,-0.588765091719585f,2.090121331401183f,0f,0f,0f,1f], start_interpolation: 0, interpolation_duration: 1 }
$data merge entity $(bone_left_arm2) { transformation: [-0.6257841544036739f,-0.053810226410777526f,-0.7781379386913991f,2.418778352949867f,-0.7689778514271527f,0.20965274546642904f,0.6039195230598764f,-1.3459785828938684f,0.13064170892849894f,0.9762941082747604f,-0.17257623833028618f,0.0036950813386840142f,0f,0f,0f,1f], start_interpolation: 0, interpolation_duration: 1 }
$data merge entity $(bone_left_arm1) { transformation: [-0.6862090845502257f,-0.24523102190149507f,-0.8707180055117348f,1.3749182116328453f,-0.9045479263327288f,0.1751355279666371f,0.6635447255124942f,-0.9590742588160499f,-0.009008229145912205f,1.0946964417981087f,-0.3012134775647646f,1.2819817920800616f,0f,0f,0f,1f], start_interpolation: 0, interpolation_duration: 1 }
$data merge entity $(bone_body2) { transformation: [-1.2062412810725964f,0.10485771647950037f,-1.0202603959654077f,0.6888438094072268f,-0.1531496257315908f,1.5389637818555146f,0.33923460130076716f,-0.510789363485593f,1.014135892481407f,0.35712712285140363f,-1.1622964570836751f,0.7379495814222481f,0f,0f,0f,1f], start_interpolation: 0, interpolation_duration: 1 }
$data merge entity $(bone_right_leg2) { transformation: [-0.9768826235424923f,0.1618733646487358f,-0.13963292462035798f,-1.2067511975109686f,0f,0.6531728429537768f,0.7572088465064845f,-2.0667635181113533f,0.21377637807002242f,0.739704164544839f,-0.6380732004513938f,-0.9075728411583803f,0f,0f,0f,1f], start_interpolation: 0, interpolation_duration: 1 }
$data merge entity $(bone_right_leg1) { transformation: [-1.302510164723323f,0.17520940278358743f,-0.2248259632391642f,-0.5988289911722995f,0f,1.0516875871361357f,0.8195919697273456f,-1.1250047061350534f,0.2850351707600299f,0.8006451536216084f,-1.0273753292686219f,0.1162476661109913f,0f,0f,0f,1f], start_interpolation: 0, interpolation_duration: 1 }
$data merge entity $(bone_left_leg2) { transformation: [-0.9413295832557087f,0.026316374720876265f,-0.336461088551387f,1.0727958193983782f,0.007395251814646925f,0.9983242056639985f,0.05739416900647937f,-2.5423840234217137f,0.33740765542327555f,0.05153861471650922f,-0.9399467246896874f,0.15358214899941922f,0f,0f,0f,1f], start_interpolation: 0, interpolation_duration: 1 }
$data merge entity $(bone_left_leg1) { transformation: [-1.302510164723323f,-0.1329056528415673f,-0.25215300119759865f,0.6222742882558159f,0f,1.1795176037410737f,-0.6217041098808123f,-1.1250047061350534f,0.2850351707600299f,-0.6073319419275178f,-1.1522502512571338f,-0.15097280647653674f,0f,0f,0f,1f], start_interpolation: 0, interpolation_duration: 1 }
$data merge entity $(bone_tail3) { transformation: [-0.37240284826794484f,0.09516867843720529f,-0.9231787699283589f,-2.4423677837391384f,-0.21663962789209118f,0.9583334601176301f,0.18618337961737344f,0.10658261354575838f,0.9024319310777398f,0.26933232606482f,-0.33626880305466217f,-2.253701633677652f,0f,0f,0f,1f], start_interpolation: 0, interpolation_duration: 1 }
$data merge entity $(bone_tail2) { transformation: [-0.5741210577464149f,0.14671837925735814f,-1.4232339369728866f,-0.7758020733639347f,-0.3339860930003072f,1.4774307510146796f,0.2870327102434507f,-0.4492787004953839f,1.391249227078182f,0.4152206693499308f,-0.5184144047092708f,-1.5608934477025969f,0f,0f,0f,1f], start_interpolation: 0, interpolation_duration: 1 }
$data merge entity $(bone_tail1) { transformation: [-0.8669394855922359f,0.09516867843720529f,-0.4892431409489407f,-0.14761380040665562f,-0.05318290783104375f,0.9583334601176301f,0.2806573667901939f,-0.7408292892310844f,0.4955678627955045f,0.26933232606482f,-0.8257557698864776f,-0.7454739250476525f,0f,0f,0f,1f], start_interpolation: 0, interpolation_duration: 1 }
$data merge entity $(bone_body1) { transformation: [-1.302510164723323f,0.0034978200107584232f,-0.28501370813589255f,0.5f,0f,1.333232935785526f,0.016362051047626565f,-1.1875f,0.2850351707600299f,0.015983803353941624f,-1.3024120881034238f,-0.12499999999999994f,0f,0f,0f,1f], start_interpolation: 0, interpolation_duration: 1 }
data modify entity @s data merge value {"locators":{"hitbox_head":{"posx":1.8521264962111361,"posy":-1.0090691807546621,"posz":2.85445459692589,"roty":316.469805777659,"rotx":53.62819472921396},"hitbox_neck":{"posx":1.1969389952922664,"posy":-1.1848267242509982,"posz":2.021134107986062,"roty":316.16901404929615,"rotx":34.12283778817186},"hitbox_right_arm":{"posx":0.8255495558409709,"posy":-3.68963874114022,"posz":2.992587779617888,"roty":301.5912495813188,"rotx":11.45734671751552},"hitbox_left_arm":{"posx":2.900769058356574,"posy":-1.8095299741760384,"posz":-0.8944760145789644,"roty":282.50471691893154,"rotx":37.15113159481533},"hitbox_tail1":{"posx":-1.4353136304840923,"posy":-1.012947768610151,"posz":-2.1068814857360096,"roty":290.01420433261427,"rotx":10.730133825058456},"hitbox_tail2":{"posx":-3.0865647322726724,"posy":-1.0465019018238586,"posz":-2.796351513355976,"roty":290.01420433261427,"rotx":10.730133825058456}},"cameras":{}}