# This file was generated by Animated Java via MC-Build. It is not recommended to edit this file directly.
$data merge entity $(bone_jaw) { transformation: [-0.7729986259277891f,0.6001141797262174f,-0.20575737071920233f,2.1436153075968725f,-0.05784516659806464f,0.2563069693355277f,0.9648630338920021f,-0.5998153837892864f,0.6317650362397338f,0.7577398687950676f,-0.16341123040795505f,3.2245304468526337f,0f,0f,0f,1f], start_interpolation: 0, interpolation_duration: 1 }
$data merge entity $(bone_head) { transformation: [-0.8696234541687627f,0.5470240964084011f,-0.45841540758155386f,2.041745217023194f,-0.06507581242282272f,0.6588043945117563f,0.9095971132372329f,-0.39768269195879025f,0.7107356657697005f,0.7296344343029394f,-0.47761219172287717f,3.11839440424755f,0f,0f,0f,1f], start_interpolation: 0, interpolation_duration: 1 }
$data merge entity $(bone_neck) { transformation: [-0.7580644971639686f,0.3066083966443509f,-0.5756122907363252f,1.6273210579472912f,-0.09724164955485733f,0.8195935617765163f,0.5646330269177795f,-0.7611156921982143f,0.6448893546426315f,0.4840017402878465f,-0.5914896750298744f,1.8011125169086244f,0f,0f,0f,1f], start_interpolation: 0, interpolation_duration: 1 }
$data merge entity $(bone_right_arm2) { transformation: [-0.5187382594530353f,0.16793954202923733f,-0.8382761647587539f,0.6107612189820393f,-0.013851130804765611f,0.9787370715193879f,0.20465065601918264f,-2.6175676989569867f,0.8548208960683311f,0.11777119790790332f,-0.5053822123781888f,2.793156949945663f,0f,0f,0f,1f], start_interpolation: 0, interpolation_duration: 1 }
$data merge entity $(bone_right_arm1) { transformation: [-0.5647464681558197f,0.18146579055359652f,-0.9681438945263922f,0.42274395365939355f,0.14579361202216287f,1.11908976829485f,0.12471295095439801f,-1.0850706964842236f,0.9741543288121768f,-0.06228374026165468f,-0.5799267939145079f,2.0905700517128096f,0f,0f,0f,1f], start_interpolation: 0, interpolation_duration: 1 }
$data merge entity $(bone_left_arm2) { transformation: [-0.623236834719223f,-0.046090831783372616f,-0.780673736636939f,2.4155964345241996f,-0.7712469939222149f,0.20145086023866687f,0.6038175430335294f,-1.3360100862534834f,0.12943694300743805f,0.9784136068834172f,-0.1610990119469119f,-0.014114336289695384f,0f,0f,0f,1f], start_interpolation: 0, interpolation_duration: 1 }
$data merge entity $(bone_left_arm1) { transformation: [-0.6842824911564954f,-0.23766978321991578f,-0.8743234832630902f,1.3799021722159743f,-0.9059733601877137f,0.16513491842926242f,0.6641639378120345f,-0.9622900565708123f,-0.011863805093137192f,1.0979137214754187f,-0.2891638242746712f,1.276310647446933f,0f,0f,0f,1f], start_interpolation: 0, interpolation_duration: 1 }
$data merge entity $(bone_body2) { transformation: [-1.2002687871762838f,0.10831741641088762f,-1.0269209415903875f,0.6907092524345361f,-0.1539659451285241f,1.538224615477179f,0.3422045653190645f,-0.5111493611378995f,1.0210748115175001f,0.3592726180584876f,-1.1555405054096317f,0.7378215599686238f,0f,0f,0f,1f], start_interpolation: 0, interpolation_duration: 1 }
$data merge entity $(bone_right_leg2) { transformation: [-0.9764329974273485f,0.1642295920993288f,-0.14002586408921674f,-1.209245810388409f,0f,0.6488062707856728f,0.760953627357928f,-2.061929257689834f,0.21582076252076335f,0.7430202312643152f,-0.6335158517329144f,-0.9078904318760161f,0f,0f,0f,1f], start_interpolation: 0, interpolation_duration: 1 }
$data merge entity $(bone_right_leg1) { transformation: [-1.3019106632364645f,0.17785262164274418f,-0.22621858390452693f,-0.5983160980419464f,0f,1.0481780402511705f,0.824075587378363f,-1.1250050238358449f,0.2877610166943511f,0.8046545958905575f,-1.023475625679974f,0.11857211814194885f,0f,0f,0f,1f], start_interpolation: 0, interpolation_duration: 1 }
$data merge entity $(bone_left_leg2) { transformation: [-0.9458483584398518f,0.025543280560345286f,-0.3236022615107211f,1.0740532579210904f,0.00694284320094616f,0.9982630292812927f,0.05850402805298316f,-2.5415180225602727f,0.3245345586604371f,0.05308921913489273f,-0.9443827905286726f,0.1554389281545717f,0f,0f,0f,1f], start_interpolation: 0, interpolation_duration: 1 }
$data merge entity $(bone_left_leg1) { transformation: [-1.3019106632364645f,-0.13473411257103615f,-0.2542697812140915f,0.6222251487422392f,0f,1.1781525477171324f,-0.6242870750587487f,-1.1250050238358449f,0.2877610166943511f,-0.609574499954766f,-1.1503870235941067f,-0.15120383500900533f,0f,0f,0f,1f], start_interpolation: 0, interpolation_duration: 1 }
$data merge entity $(bone_tail3) { transformation: [-0.3593426119319732f,0.09651639066650292f,-0.9282012031788249f,-2.459272781117264f,-0.2190694081847168f,0.9581186747726147f,0.18443752180499107f,0.10444048968897324f,0.9071281506201345f,0.26961674908039296f,-0.32314907855015634f,-2.224138616309773f,0f,0f,0f,1f], start_interpolation: 0, interpolation_duration: 1 }
$data merge entity $(bone_tail2) { transformation: [-0.5539865267284586f,0.14879610227752532f,-1.4309768549006883f,-0.7819101748984332f,-0.3377320042847717f,1.477099623607781f,0.2843411794493612f,-0.44841079123833993f,1.3984892322060405f,0.41565915483227245f,-0.4981881627648243f,-1.5553962156532868f,0f,0f,0f,1f], start_interpolation: 0, interpolation_duration: 1 }
$data merge entity $(bone_tail1) { transformation: [-0.8640004517308532f,0.09651639066650292f,-0.49415362564853516f,-0.14887189118050792f,-0.053835884797439656f,0.9581186747726147f,0.2812655374553474f,-0.7405259391849666f,0.5006045514345215f,0.26961674908039296f,-0.822618922526319f,-0.743939179398388f,0f,0f,0f,1f], start_interpolation: 0, interpolation_duration: 1 }
$data merge entity $(bone_body1) { transformation: [-1.3019106632364645f,0.0036485133615082412f,-0.28773788606858414f,0.5f,0f,1.333226158168642f,0.016905293628351588f,-1.1875f,0.2877610166943511f,0.016506886529920797f,-1.3018060138691552f,-0.12499999999999994f,0f,0f,0f,1f], start_interpolation: 0, interpolation_duration: 1 }
data modify entity @s data merge value {"locators":{"hitbox_head":{"posx":1.865180554457847,"posy":-1.0163509981423307,"posz":2.8457119940022717,"roty":316.17490183229404,"rotx":53.952630795768656},"hitbox_neck":{"posx":1.205262196965716,"posy":-1.187663231006559,"posz":2.015992751000732,"roty":315.7794100449278,"rotx":34.37681192473618},"hitbox_right_arm":{"posx":0.8295386181163642,"posy":-3.6994957941612636,"posz":2.981503164231125,"roty":301.0850488255571,"rotx":11.809049553743542},"hitbox_left_arm":{"posx":2.8909764367959934,"posy":-1.7911667808887766,"posz":-0.9200682461376215,"roty":281.6598280773414,"rotx":37.14380109312042},"hitbox_tail1":{"posx":-1.447517968592256,"posy":-1.0128153250537801,"posz":-2.093164787794331,"roty":289.1953326362707,"rotx":10.628340468097793},"hitbox_tail2":{"posx":-3.1080637206551383,"posy":-1.0493441649347761,"posz":-2.759781956162252,"roty":289.1953326362707,"rotx":10.628340468097793}},"cameras":{}}