# This file was generated by Animated Java via MC-Build. It is not recommended to edit this file directly.
$data merge entity $(bone_jaw) { transformation: [-0.7680685986838602f,0.6084216808757301f,-0.19973403805100973f,2.166270878067116f,-0.057813149837786654f,0.24474868139221767f,0.9678614170750914f,-0.6125687421959863f,0.6377525126737211f,0.7549312162025898f,-0.15280900294561667f,3.2120408620145153f,0f,0f,0f,1f], start_interpolation: 0, interpolation_duration: 1 }
$data merge entity $(bone_head) { transformation: [-0.8640771735193428f,0.557017803783694f,-0.4568662872994826f,2.0647450364450086f,-0.06503979356750998f,0.6502137122188824f,0.9157603145448244f,-0.40906645007491427f,0.7174715767579363f,0.7297796206462126f,-0.46720578103652627f,3.1082173551175094f,0f,0f,0f,1f], start_interpolation: 0, interpolation_duration: 1 }
$data merge entity $(bone_neck) { transformation: [-0.752889180940504f,0.3134745533326589f,-0.578698181814689f,1.6379306412748758f,-0.09807524085218645f,0.8160285786702047f,0.569630236140315f,-0.7642346276219075f,0.6507988386241347f,0.4856244054888257f,-0.583634995899922f,1.792638570804878f,0f,0f,0f,1f], start_interpolation: 0, interpolation_duration: 1 }
$data merge entity $(bone_right_arm2) { transformation: [-0.5086508857584224f,0.17205035811727792f,-0.843607106826921f,0.6267751259851543f,-0.01462543536879768f,0.9779620388347903f,0.2082698903787419f,-2.625847179876857f,0.8608486353926833f,0.11827478543551218f,-0.4949249458986061f,2.790430558661975f,0f,0f,0f,1f], start_interpolation: 0, interpolation_duration: 1 }
$data merge entity $(bone_right_arm1) { transformation: [-0.5526198930009164f,0.1837002482971711f,-0.9746981479307616f,0.43479637842524377f,0.14656904969249626f,1.1186480103579173f,0.12773076974228167f,-1.0901624629493545f,0.9809687938341046f,-0.06365418008485298f,-0.5681719614921444f,2.091129177040547f,0f,0f,0f,1f], start_interpolation: 0, interpolation_duration: 1 }
$data merge entity $(bone_left_arm2) { transformation: [-0.6181020946777083f,-0.03576187884054481f,-0.7852839541062987f,2.411841543564272f,-0.7759073118890123f,0.18808405032341724f,0.602156319713665f,-1.3166604394407675f,0.1261651453936328f,0.9815016444386289f,-0.14400304875963912f,-0.03925105659029393f,0f,0f,0f,1f], start_interpolation: 0, interpolation_duration: 1 }
$data merge entity $(bone_left_arm1) { transformation: [-0.6797023458397264f,-0.22772139549796028f,-0.880521830528283f,1.3865229303331281f,-0.9093159495494213f,0.14852433371316273f,0.663517922240643f,-0.9661856371870478f,-0.017895024432826673f,1.1023858196076215f,-0.2712863427690856f,1.2684549371269451f,0f,0f,0f,1f], start_interpolation: 0, interpolation_duration: 1 }
$data merge entity $(bone_body2) { transformation: [-1.1920745364891316f,0.11232675949503304f,-1.0359949049102566f,0.6929223686789178f,-0.1552857980159619f,1.5373842326864644f,0.34537007175787776f,-0.511361176921458f,1.0304314944882134f,0.36163084026786313f,-1.1464634817465365f,0.7374955081560017f,0f,0f,0f,1f], start_interpolation: 0, interpolation_duration: 1 }
$data merge entity $(bone_right_leg2) { transformation: [-0.9758850084661341f,0.1674013974212611f,-0.1400900510117053f,-1.2126470311071107f,2.168404344971009e-19f,0.6417751597186634f,0.7668928506434808f,-2.05392351350632f,0.21828524973312605f,0.7483992360428309f,-0.6262987571754025f,-0.9099662891145838f,0f,0f,0f,1f], start_interpolation: 0, interpolation_duration: 1 }
$data merge entity $(bone_right_leg1) { transformation: [-1.3011800112881788f,0.18148955127431235f,-0.22752999534153973f,-0.5976943878065188f,2.8912057932946783e-19f,1.0423516734168536f,0.8314329598367283f,-1.1250052155655077f,0.291046999644168f,0.8113829610492884f,-1.0172153716370953f,0.12135884984420228f,0f,0f,0f,1f], start_interpolation: 0, interpolation_duration: 1 }
$data merge entity $(bone_left_leg2) { transformation: [-0.9554122303914501f,0.02326437499302343f,-0.29435733195322056f,1.0762599770058374f,0.0057480071941612f,0.9981677928742925f,0.06023302816362003f,-2.5395782193719074f,0.2952192921062754f,0.055855403719314245f,-0.9537954410897664f,0.16069714451746525f,0f,0f,0f,1f], start_interpolation: 0, interpolation_duration: 1 }
$data merge entity $(bone_left_leg1) { transformation: [-1.3011800112881788f,-0.13751721997672273f,-0.2565099807254018f,0.6221618727761489f,2.8912057932946783e-19f,1.1751136691050312f,-0.6299886050241612f,-1.1250052155655077f,0.291046999644168f,-0.6147964351475717f,-1.1467758129232335f,-0.15149771232220527f,0f,0f,0f,1f], start_interpolation: 0, interpolation_duration: 1 }
$data merge entity $(bone_tail3) { transformation: [-0.3389897661106098f,0.0979451924227686f,-0.9356776569703589f,-2.4842623318402426f,-0.2222526907429225f,0.9580768649812363f,0.18081057005954182f,0.0980215878685321f,0.9141606422997027f,0.26924980978450574f,-0.30300966981468197f,-2.1800129190061197f,0f,0f,0f,1f], start_interpolation: 0, interpolation_duration: 1 }
$data merge entity $(bone_tail2) { transformation: [-0.5226092227538568f,0.1509988383184349f,-1.4425030544959698f,-0.7906051693639149f,-0.3426395648953388f,1.4770351668460726f,0.2787496288417936f,-0.44841922951995594f,1.4093309902120417f,0.415093456751113f,-0.46713990763096797f,-1.548084047150723f,0f,0f,0f,1f], start_interpolation: 0, interpolation_duration: 1 }
$data merge entity $(bone_tail1) { transformation: [-0.8596527621640474f,0.0979451924227686f,-0.5014019024544984f,-0.15040905273550442f,-0.05485967479304053f,0.9580768649812363f,0.2812101293860651f,-0.74034753264352f,0.5079247430331835f,0.26924980978450574f,-0.8182401819427363f,-0.7421944467157136f,0f,0f,0f,1f], start_interpolation: 0, interpolation_duration: 1 }
$data merge entity $(bone_body1) { transformation: [-1.3011800112881788f,0.003759929981485403f,-0.29102271204908847f,0.5f,2.8912057932946783e-19f,1.333222067935835f,0.017224846782282664f,-1.1875f,0.291046999644168f,0.01680946974795578f,-1.3010714290547993f,-0.12499999999999994f,0f,0f,0f,1f], start_interpolation: 0, interpolation_duration: 1 }
data modify entity @s data merge value {"locators":{"hitbox_head":{"posx":1.8821980030372572,"posy":-1.0246741553478556,"posz":2.8325636161575374,"roty":315.6410589101946,"rotx":54.48950820424473},"hitbox_neck":{"posx":1.2162703660317127,"posy":-1.1904867445668668,"posz":2.008883212546126,"roty":315.24335269427024,"rotx":34.72444501972265},"hitbox_right_arm":{"posx":0.8447376409214354,"posy":-3.708858253611568,"posz":2.9734212858878086,"roty":300.3991711676312,"rotx":12.020982643444578},"hitbox_left_arm":{"posx":2.878876780375323,"posy":-1.757328442627954,"posz":-0.9566364982362053,"roty":280.3912806917775,"rotx":37.024489272692556},"hitbox_tail1":{"posx":-1.4649687320842868,"posy":-1.014888024997083,"posz":-2.072610632774159,"roty":287.9440173973757,"rotx":10.416976769219007},"hitbox_tail2":{"posx":-3.139134078940953,"posy":-1.0577483517608481,"posz":-2.703846233619042,"roty":287.9440173973757,"rotx":10.416976769219007}},"cameras":{}}