# This file was generated by Animated Java via MC-Build. It is not recommended to edit this file directly.
$data merge entity $(bone_jaw) { transformation: [-0.7678056391140734f,0.6092954596403395f,-0.19807459051149537f,2.146762341733261f,-0.06968453900884485f,0.2279076238980267f,0.9711859657101108f,-0.5961017726203257f,0.6368819086516384f,0.7594847976298296f,-0.13253028560077482f,3.2163975339319872f,0f,0f,0f,1f], start_interpolation: 0, interpolation_duration: 1 }
$data merge entity $(bone_head) { transformation: [-0.8637813440033326f,0.5562627264953981f,-0.45834328713716554f,2.044908277925002f,-0.07839510638495045f,0.6386466516627437f,0.9228269944116604f,-0.39102910719551226f,0.7164921472330932f,0.7404912109079166f,-0.45159358888434087f,3.1160434030688005f,0f,0f,0f,1f], start_interpolation: 0, interpolation_duration: 1 }
$data merge entity $(bone_neck) { transformation: [-0.7565820138197842f,0.30792899335619534f,-0.576856473843399f,1.627328844396175f,-0.09889628946844607f,0.8181475435049852f,0.5664398652868032f,-0.7506303368898084f,0.6463769645445088f,0.4856071788054608f,-0.5885426812040296f,1.79870636483747f,0f,0f,0f,1f], start_interpolation: 0, interpolation_duration: 1 }
$data merge entity $(bone_right_arm2) { transformation: [-0.5155068542618012f,0.1279392338265784f,-0.8472804940850286f,0.6759761831705147f,-0.012907032765127807f,0.9875193063302106f,0.15696823924061631f,-2.5897793530679216f,0.8567882420495171f,0.09185408032835307f,-0.507421655246138f,2.8376867584154395f,0f,0f,0f,1f], start_interpolation: 0, interpolation_duration: 1 }
$data merge entity $(bone_right_arm1) { transformation: [-0.5675176279711227f,0.13500297017389282f,-0.9740990436966364f,0.4234480193624168f,0.15101075607224176f,1.1232913613838857f,0.06769989612451915f,-1.0835431938704847f,0.9717461090413299f,-0.09571688685392872f,-0.5794124472933525f,2.0910002038449367f,0f,0f,0f,1f], start_interpolation: 0, interpolation_duration: 1 }
$data merge entity $(bone_left_arm2) { transformation: [-0.6033660936215711f,-0.0455015841636653f,-0.7961651605706208f,2.423333534488492f,-0.7895729882461094f,0.17418979435684612f,0.5884151695648479f,-1.270188680832306f,0.11191002323274943f,0.9836602672572051f,-0.14102703754787224f,-0.03305113782503555f,0f,0f,0f,1f], start_interpolation: 0, interpolation_duration: 1 }
$data merge entity $(bone_left_arm1) { transformation: [-0.6610236808199447f,-0.23905989521730356f,-0.8916664549249276f,1.3808124181973636f,-0.9224642391476106f,0.12857355219485073f,0.6493839974269936f,-0.9584017221139037f,-0.035755109194571665f,1.102492727921202f,-0.26907687375877276f,1.273087164969402f,0f,0f,0f,1f], start_interpolation: 0, interpolation_duration: 1 }
$data merge entity $(bone_body2) { transformation: [-1.197921521881325f,0.10161762008771125f,-1.0303408810416506f,0.6878765594996353f,-0.15658579165837297f,1.539781164487495f,0.3339151086499366f,-0.5082514026347671f,1.023430193862139f,0.3545310553698899f,-1.1549211286984327f,0.7361649037019238f,0f,0f,0f,1f], start_interpolation: 0, interpolation_duration: 1 }
$data merge entity $(bone_right_leg2) { transformation: [-0.9770190610169907f,0.16456106464762188f,-0.1354747593152281f,-1.2101248840124965f,0f,0.6355783204885561f,0.7720363971503845f,-2.044736707136228f,0.21315195145594554f,0.7542942758148092f,-0.6209721338864851f,-0.9264217427185306f,0f,0f,0f,1f], start_interpolation: 0, interpolation_duration: 1 }
$data merge entity $(bone_right_leg1) { transformation: [-1.3026920813559875f,0.17899891726101358f,-0.22074987331721732f,-0.599021276900372f,0f,1.0356455655666006f,0.839771421459443f,-1.1250027586642934f,0.2842026019412607f,0.8204726856632085f,-1.0118454580162903f,0.11536966893870448f,0f,0f,0f,1f], start_interpolation: 0, interpolation_duration: 1 }
$data merge entity $(bone_left_leg2) { transformation: [-0.9857416073988858f,0.008419859028088186f,-0.1680553165377629f,1.0796280012577921f,-0.0018239618921358884f,0.9981539134153031f,0.06070781083791088f,-2.5327754510116574f,0.16825622308157462f,0.06014874153016547f,-0.9839064855394848f,0.18608139088160183f,0f,0f,0f,1f], start_interpolation: 0, interpolation_duration: 1 }
$data merge entity $(bone_left_leg1) { transformation: [-1.3026920813559875f,-0.13836605439341138f,-0.24824575311932773f,0.6222525493708664f,0f,1.164642178613295f,-0.6491427990609271f,-1.1250027586642934f,0.2842026019412607f,-0.6342248880044481f,-1.1378776077695438f,-0.15107027038122742f,0f,0f,0f,1f], start_interpolation: 0, interpolation_duration: 1 }
$data merge entity $(bone_tail3) { transformation: [-0.3272943409533605f,0.09255584782777573f,-0.9403785564403236f,-2.493829083639909f,-0.2188162024257137f,0.9607162339720688f,0.17071551581070254f,0.06658029620093053f,0.9192376645546539f,0.2616442868006231f,-0.2941842675071166f,-2.1730579880896936f,0f,0f,0f,1f], start_interpolation: 0, interpolation_duration: 1 }
$data merge entity $(bone_tail2) { transformation: [-0.5045787756364307f,0.14269026540115423f,-1.4497502745121655f,-0.7888853044011801f,-0.33734164540630857f,1.4811041940402727f,0.2631864202081664f,-0.4609976151171138f,1.4171580661884247f,0.40336827548429394f,-0.45353407907347143f,-1.5556160822196348f,0f,0f,0f,1f], start_interpolation: 0, interpolation_duration: 1 }
$data merge entity $(bone_tail1) { transformation: [-0.8595864572884724f,0.09255584782777573f,-0.5025380955501132f,-0.14749027071812582f,-0.055527556531059855f,0.9607162339720688f,0.27192095956033824f,-0.7429726900835907f,0.5079643815386499f,0.2616442868006231f,-0.8206792639470368f,-0.7471399119682394f,0f,0f,0f,1f], start_interpolation: 0, interpolation_duration: 1 }
$data merge entity $(bone_body1) { transformation: [-1.3026920813559875f,0.002670223866508757f,-0.28419005762813976f,0.5f,0f,1.3332744818284081f,0.012527325451489671f,-1.1875f,0.2842026019412607f,0.012239435749668685f,-1.302634582313906f,-0.12499999999999994f,0f,0f,0f,1f], start_interpolation: 0, interpolation_duration: 1 }
data modify entity @s data merge value {"locators":{"hitbox_head":{"posx":1.863191009632327,"posy":-1.00217363434472,"posz":2.8301020605878304,"roty":314.57500114539084,"rotx":55.11390069469964},"hitbox_neck":{"posx":1.2056715242081346,"posy":-1.1776887935992513,"posz":2.0133599902081802,"roty":315.57452239960435,"rotx":34.50233797961794},"hitbox_right_arm":{"posx":0.939458017995088,"posy":-3.6565894685662608,"posz":3.0530927708382505,"roty":300.91666357685415,"rotx":9.03096555676592},"hitbox_left_arm":{"posx":2.904628079788816,"posy":-1.6892377482061942,"posz":-0.9531922627603514,"roty":280.0447767895371,"rotx":36.04462430252712},"hitbox_tail1":{"posx":-1.4639006552055642,"posy":-1.0368158481730931,"posz":-2.0690056893005764,"roty":287.3715616627346,"rotx":9.829423252378717},"hitbox_tail2":{"posx":-3.144271571911547,"posy":-1.0983322832438898,"posz":-2.6819447649882644,"roty":287.3715616627346,"rotx":9.829423252378717}},"cameras":{}}