# This file was generated by Animated Java via MC-Build. It is not recommended to edit this file directly.
$data merge entity $(bone_jaw) { transformation: [-0.7719009707359454f,0.6024704799768364f,-0.2029734271607622f,2.1184169984982897f,-0.07479240439579496f,0.23099445929698104f,0.9700761083640765f,-0.5778860021596541f,0.6313279556788219f,0.7639835603797871f,-0.13324463159100833f,3.2289614037937255f,0f,0f,0f,1f], start_interpolation: 0, interpolation_duration: 1 }
$data merge entity $(bone_head) { transformation: [-0.8683885920779386f,0.5471702297482138f,-0.4605768044812745f,2.016066597502451f,-0.08414145494526933f,0.6412804298118475f,0.9204915132145572f,-0.3733323325564191f,0.7102439501386747f,0.7449759392206027f,-0.454080809189061f,3.1280545573072676f,0f,0f,0f,1f], start_interpolation: 0, interpolation_duration: 1 }
$data merge entity $(bone_neck) { transformation: [-0.7626554938364325f,0.29952858192246445f,-0.5732706396917817f,1.6133628313784762f,-0.09854995311275092f,0.8221516249955214f,0.5606733561162847f,-0.7420463557133039f,0.63925308326404f,0.48409640995233705f,-0.5974999258649973f,1.808606890335579f,0f,0f,0f,1f], start_interpolation: 0, interpolation_duration: 1 }
$data merge entity $(bone_right_arm2) { transformation: [-0.5272697278787273f,0.10577069605453747f,-0.8430890782822603f,0.68156423848808f,-0.01147476182077826f,0.9912452276298098f,0.13153413451375717f,-2.5654412154139834f,0.849620482276557f,0.0790282136788211f,-0.5214399078886133f,2.8611621905325735f,0f,0f,0f,1f], start_interpolation: 0, interpolation_duration: 1 }
$data merge entity $(bone_right_arm1) { transformation: [-0.584392336921489f,0.11268394903303718f,-0.9669327438463363f,0.4079714896764781f,0.15207968757575235f,1.1245049335388109f,0.03913348972657793f,-1.0762565115749578f,0.9615239841619898f,-0.10937087830697206f,-0.5938692160771254f,2.09032550742631f,0f,0f,0f,1f], start_interpolation: 0, interpolation_duration: 1 }
$data merge entity $(bone_left_arm2) { transformation: [-0.6014340639444645f,-0.058913098181874596f,-0.7967473335944454f,2.431634369745425f,-0.7914691345549784f,0.17984218743131217f,0.5841518609631524f,-1.2672037261004738f,0.10887458736564339f,0.981929750278773f,-0.1547911164874371f,-0.008561694390872843f,0f,0f,0f,1f], start_interpolation: 0, interpolation_duration: 1 }
$data merge entity $(bone_left_arm1) { transformation: [-0.6568650163999253f,-0.2528364272473688f,-0.890939447005887f,1.3724625683075133f,-0.9253451506340502f,0.13448879877810638f,0.6440653089133996f,-0.951625467355219f,-0.03789075576465465f,1.098707199851012f,-0.28386226689642186f,1.281895094509384f,0f,0f,0f,1f], start_interpolation: 0, interpolation_duration: 1 }
$data merge entity $(bone_body2) { transformation: [-1.2075378652410182f,0.09358113526086106f,-1.019823180544989f,0.6837767410707549f,-0.15603742576185564f,1.5414877868693568f,0.32620878151679344f,-0.5067313219757951f,1.0121507151680633f,0.34928844598747627f,-1.166401712845483f,0.7358492123842533f,0f,0f,0f,1f], start_interpolation: 0, interpolation_duration: 1 }
$data merge entity $(bone_right_leg2) { transformation: [-0.9779629444431213f,0.16057227292194803f,-0.13343546929066505f,-1.206022154270162f,0f,0.6391244448637757f,0.7691033376455796f,-2.047851138111447f,0.20877854127314086f,0.752154564664903f,-0.6250400239645536f,-0.9317229910132168f,0f,0f,0f,1f], start_interpolation: 0, interpolation_duration: 1 }
$data merge entity $(bone_right_leg1) { transformation: [-1.3039505925908284f,0.17473825942080115f,-0.2166960326226446f,-0.6001082315200079f,0f,1.0379229172750348f,0.8369550738080622f,-1.1250018383480642f,0.2783713883641878f,0.8185110483479423f,-1.0150501522832873f,0.1103446594508764f,0f,0f,0f,1f], start_interpolation: 0, interpolation_duration: 1 }
$data merge entity $(bone_left_leg2) { transformation: [-0.9915743060102953f,0.0030923400142130186f,-0.12950225130644544f,1.0790293985978292f,-0.004640422479990192f,0.9982254310171585f,0.05936712347600387f,-2.5315752962256948f,0.12945602395952246f,0.059467859418718017f,-0.9898003392385493f,0.19241430497478135f,0f,0f,0f,1f], start_interpolation: 0, interpolation_duration: 1 }
$data merge entity $(bone_left_leg1) { transformation: [-1.3039505925908284f,-0.1362064873278323f,-0.24277236801089722f,0.6223454490338935f,0f,1.1628224171433543f,-0.6523969680851254f,-1.1250018383480642f,0.2783713883641878f,-0.6380200598542942f,-1.1371972349339823f,-0.15062851714054964f,0f,0f,0f,1f], start_interpolation: 0, interpolation_duration: 1 }
$data merge entity $(bone_tail3) { transformation: [-0.34023061667144977f,0.08905430710164897f,-0.9361156220606566f,-2.476457754092233f,-0.21468265552291702f,0.9618581508701637f,0.1695295107710094f,0.05864782242748967f,0.9155077743509301f,0.25864691761409886f,-0.30813517668668083f,-2.2089262969785874f,0f,0f,0f,1f], start_interpolation: 0, interpolation_duration: 1 }
$data merge entity $(bone_tail2) { transformation: [-0.5245222007018183f,0.1372920567817088f,-1.4431782506768454f,-0.7804674723939922f,-0.3309690939311637f,1.482864649258169f,0.2613579957719728f,-0.4664037454966733f,1.411407818791017f,0.3987473313217357f,-0.4750417307252996f,-1.565230665949838f,0f,0f,0f,1f], start_interpolation: 0, interpolation_duration: 1 }
$data merge entity $(bone_tail1) { transformation: [-0.863372894043226f,0.08905430710164897f,-0.49664532235597414f,-0.1448602056353664f,-0.05493700940554841f,0.9618581508701637f,0.2679754141748902f,-0.7442604968818005f,0.501566716229256f,0.25864691761409886f,-0.8255498780689914f,-0.7507797600301918f,0f,0f,0f,1f], start_interpolation: 0, interpolation_duration: 1 }
$data merge entity $(bone_body1) { transformation: [-1.3039505925908284f,0.0021350608747388194f,-0.2783632004681413f,0.5f,0f,1.3332941152412987f,0.010226438319374795f,-1.1875f,0.2783713883641878f,0.010001077729981739f,-1.3039122387500668f,-0.12499999999999994f,0f,0f,0f,1f], start_interpolation: 0, interpolation_duration: 1 }
data modify entity @s data merge value {"locators":{"hitbox_head":{"posx":1.8400211377760196,"posy":-0.9852913250114892,"posz":2.840312593626116,"roty":314.59308614413544,"rotx":54.90647348808041},"hitbox_neck":{"posx":1.1913706962008086,"posy":-1.1697123611575355,"posz":2.021384768968597,"roty":316.1855761846459,"rotx":34.102377604073546},"hitbox_right_arm":{"posx":0.9643837235822522,"posy":-3.6231706829144708,"posz":3.095955210940344,"roty":301.7362657046991,"rotx":7.5582530778243715},"hitbox_left_arm":{"posx":2.9265107637210512,"posy":-1.689655023103676,"posz":-0.9199005481362801,"roty":280.9943956417978,"rotx":35.74309545139513},"hitbox_tail1":{"posx":-1.448308865802999,"posy":-1.0444104880538625,"posz":-2.0854972599263717,"roty":288.2196625858854,"rotx":9.760464953995164},"hitbox_tail2":{"posx":-3.1199065695722665,"posy":-1.1084306507809072,"posz":-2.72172641323335,"roty":288.2196625858854,"rotx":9.760464953995164}},"cameras":{}}