# This file was generated by Animated Java via MC-Build. It is not recommended to edit this file directly.
$data merge entity $(bone_jaw) { transformation: [-0.7745183827182472f,0.5979890059309999f,-0.2062290561903553f,2.1012179894401584f,-0.07736936268235901f,0.23402182008189043f,0.9691479605528172f,-0.5671164257210939f,0.6278019246144726f,0.7665787216660881f,-0.1349881733306676f,3.2366547868095306f,0f,0f,0f,1f], start_interpolation: 0, interpolation_duration: 1 }
$data merge entity $(bone_head) { transformation: [-0.8713331805580281f,0.5413356749762722f,-0.46190818942362766f,1.9985717251237964f,-0.0870405330176539f,0.6436744831185955f,0.9185489129023078f,-0.36299444507613665f,0.7062771651912817f,0.7471705607021683f,-0.4566549234918797f,3.135175914922446f,0f,0f,0f,1f], start_interpolation: 0, interpolation_duration: 1 }
$data merge entity $(bone_neck) { transformation: [-0.766322821941507f,0.2944558647171158f,-0.5710035694330645f,1.6049333796682494f,-0.09828233011764735f,0.8245907721740346f,0.557127132737291f,-0.7373151801031758f,0.6348936258604672f,0.4830587978487969f,-0.6029629189781277f,1.814571757608137f,0f,0f,0f,1f], start_interpolation: 0, interpolation_duration: 1 }
$data merge entity $(bone_right_arm2) { transformation: [-0.5344205144263525f,0.09422342482752538f,-0.8399503913768027f,0.6819062495578758f,-0.010668022660673187f,0.9929357776624601f,0.11817247873492628f,-2.551712697301494f,0.8451514107263762f,0.07211440668560558f,-0.5296400714594761f,2.8735888069939444f,0f,0f,0f,1f], start_interpolation: 0, interpolation_duration: 1 }
$data merge entity $(bone_right_arm1) { transformation: [-0.5943145623980699f,0.10132616517481448f,-0.9621300411675131f,0.3986543391151022f,0.1524644506329468f,1.1248714367817834f,0.02428680609145598f,-1.0719486681425487f,0.9553616064921325f,-0.11648289963722767f,-0.6024009809730717f,2.0898333700783116f,0f,0f,0f,1f], start_interpolation: 0, interpolation_duration: 1 }
$data merge entity $(bone_left_arm2) { transformation: [-0.6010885938618168f,-0.0669958140102737f,-0.7963693007859634f,2.4361890942620943f,-0.7918825111394598f,0.1843061653727352f,0.5821969820920246f,-1.268008354975466f,0.1077710113188474f,0.980582887017053f,-0.16383714721824874f,0.006942985262331947f,0f,0f,0f,1f], start_interpolation: 0, interpolation_duration: 1 }
$data merge entity $(bone_left_arm1) { transformation: [-0.6553336047498405f,-0.26105682800531543f,-0.8896955692717743f,1.3673623448054433f,-0.9264182170561204f,0.1394850963616781f,0.6414547544012565f,-0.947710061021785f,-0.03818586828373358f,1.0961588604710635f,-0.293510815846096f,1.2872648956400705f,0f,0f,0f,1f], start_interpolation: 0, interpolation_duration: 1 }
$data merge entity $(bone_body2) { transformation: [-1.2133444680740528f,0.0890714759914294f,-1.0133143235952238f,0.6814346591939769f,-0.15561368935294165f,1.5424332595618415f,0.3219137523123907f,-0.5059369020654201f,1.0052482409457397f,0.346280747958337f,-1.1732476559164118f,0.7357174088961973f,0f,0f,0f,1f], start_interpolation: 0, interpolation_duration: 1 }
$data merge entity $(bone_right_leg2) { transformation: [-0.9784968141238033f,0.1581808013029403f,-0.1323737845977319f,-1.20352711374369f,0f,0.6417751597186636f,0.7668928506434806f,-2.0504066339505105f,0.20626193238105522f,0.7504022111289675f,-0.6279749491685075f,-0.9341452050560153f,0f,0f,0f,1f], start_interpolation: 0, interpolation_duration: 1 }
$data merge entity $(bone_right_leg1) { transformation: [-1.3046624188317377f,0.17215347830751077f,-0.2144689501361964f,-0.6007216794588077f,0f,1.0397892992681714f,0.8346352442265916f,-1.1250014310426202f,0.27501590984140695f,0.8166879274311625f,-1.017430516693928f,0.10745851941295048f,0f,0f,0f,1f], start_interpolation: 0, interpolation_duration: 1 }
$data merge entity $(bone_left_leg2) { transformation: [-0.9938753269202462f,0.00046132548615926416f,-0.11050620669432731f,1.0784385567967534f,-0.006040869497705055f,0.9982692449536257f,0.058498055313231934f,-2.5312190134671653f,0.11034193416324213f,0.05880732742196393f,-0.9921523853756542f,0.19498286950043153f,0f,0f,0f,1f], start_interpolation: 0, interpolation_duration: 1 }
$data merge entity $(bone_left_leg1) { transformation: [-1.3046624188317377f,-0.13476246586748583f,-0.239734912891743f,0.6223993381959463f,0f,1.1622838500749069f,-0.6533559746668189f,-1.1250014310426202f,0.27501590984140695f,-0.6393067397002348f,-1.1372910444058446f,-0.15036889606336856f,0f,0f,0f,1f], start_interpolation: 0, interpolation_duration: 1 }
$data merge entity $(bone_tail3) { transformation: [-0.3492453462930153f,0.08713250502311834f,-0.9329713900549512f,-2.464435171978418f,-0.21223901961368852f,0.9624348967094366f,0.16933300962693723f,0.05534182657101827f,0.9126786327322953f,0.2571516987388812f,-0.3176329913431781f,-2.2323843202145968f,0f,0f,0f,1f], start_interpolation: 0, interpolation_duration: 1 }
$data merge entity $(bone_tail2) { transformation: [-0.5384199088683985f,0.13432927857730742f,-1.438330893001383f,-0.7751068286038462f,-0.3272018219044364f,1.4837537990937146f,0.2610550565081949f,-0.46914398706421945f,1.4070462254622884f,0.39644220222244186f,-0.48968419498739946f,-1.5709535758681412f,0f,0f,0f,1f], start_interpolation: 0, interpolation_duration: 1 }
$data merge entity $(bone_tail1) { transformation: [-0.8657948881080468f,0.08713250502311834f,-0.49275464309772954f,-0.14333065929900268f,-0.05452161744327433f,0.9624348967094366f,0.2659820723794469f,-0.7449347367869724f,0.4974199482905203f,0.2571516987388812f,-0.8285206086020817f,-0.7528279227647445f,0f,0f,0f,1f], start_interpolation: 0, interpolation_duration: 1 }
$data merge entity $(bone_body1) { transformation: [-1.3046624188317377f,0.0018610438500460905f,-0.27500961288959536f,0.5f,0f,1.3333028044241015f,0.009022720909100841f,-1.1875f,0.27501590984140695f,0.0088287036642834f,-1.304632546391316f,-0.12499999999999994f,0f,0f,0f,1f], start_interpolation: 0, interpolation_duration: 1 }
data modify entity @s data merge value {"locators":{"hitbox_head":{"posx":1.826137513865764,"posy":-0.9757438559482197,"posz":2.8469297488356524,"roty":314.67232879168785,"rotx":54.73475107882804},"hitbox_neck":{"posx":1.1827264656077106,"posy":-1.1653187763194237,"posz":2.026241886217338,"roty":316.5594002933391,"rotx":33.857351738608344},"hitbox_right_arm":{"posx":0.9742567382671048,"posy":-3.604401465747709,"posz":3.119116399208475,"roty":302.2339375922611,"rotx":6.786642847999119},"hitbox_left_arm":{"posx":2.938937595781713,"posy":-1.6939203544479973,"posz":-0.8984570163530247,"roty":281.6252658080185,"rotx":35.605215478676975},"hitbox_tail1":{"posx":-1.438218369747337,"posy":-1.0480238380260665,"posz":-2.096274860562274,"roty":288.8013000566916,"rotx":9.74904110177757},"hitbox_tail2":{"posx":-3.103592991727171,"posy":-1.1126041574449652,"posz":-2.748564482439916,"roty":288.8013000566916,"rotx":9.74904110177757}},"cameras":{}}