# This file was generated by Animated Java via MC-Build. It is not recommended to edit this file directly.
$data merge entity $(bone_jaw) { transformation: [-0.7807680681529605f,0.5869616947343144f,-0.21418961848632023f,2.0615171154555223f,-0.08230621077912086f,0.2431974691395946f,0.9664784936413634f,-0.542834194593441f,0.6193762276838501f,0.7722246822775851f,-0.14157022519373788f,3.254348475598404f,0f,0f,0f,1f], start_interpolation: 0, interpolation_duration: 1 }
$data merge entity $(bone_head) { transformation: [-0.8783640766720806f,0.527278373098259f,-0.46484305531529285f,1.9582186587187904f,-0.09259448712651096f,0.6506863389150532f,0.9130490399223379f,-0.3399344079440325f,0.6967982561443314f,0.7511390055190701f,-0.4646368308927313f,3.1510958465111303f,0f,0f,0f,1f], start_interpolation: 0, interpolation_duration: 1 }
$data merge entity $(bone_neck) { transformation: [-0.7747043657291616f,0.2828413457018724f,-0.5655386095411447f,1.5855517915229518f,-0.09755658727634983f,0.8302095403022639f,0.5488486416764604f,-0.7273142295148889f,0.62475263744875f,0.48036745555112037f,-0.615573918914839f,1.8281752971453835f,0f,0f,0f,1f], start_interpolation: 0, interpolation_duration: 1 }
$data merge entity $(bone_right_arm2) { transformation: [-0.550878516733025f,0.07132326121668721f,-0.8315322316130859f,0.6767906687184635f,-0.008952517505802192f,0.995779320972188f,0.09134219372489584f,-2.5221467134128916f,0.8345374241053125f,0.057762759054466144f,-0.5479149125859647f,2.8987245901238063f,0f,0f,0f,1f], start_interpolation: 0, interpolation_duration: 1 }
$data merge entity $(bone_right_arm1) { transformation: [-0.6164952464675088f,0.07937256067884293f,-0.9501603099681092f,0.3773258157457833f,0.15283023449062244f,1.1250720518936244f,-0.005177298316272173f,-1.0622324862076054f,0.9411416139205357f,-0.13070532354727452f,-0.6215622156211681f,2.0884794696488265f,0f,0f,0f,1f], start_interpolation: 0, interpolation_duration: 1 }
$data merge entity $(bone_left_arm2) { transformation: [-0.6019103881416281f,-0.08548043553894472f,-0.7939754276973986f,2.4455765622130485f,-0.7914191517105071f,0.19655333359940289f,0.5788112933908455f,-1.2747494135164736f,0.10658147565602588f,0.9767598897329036f,-0.18595834709942366f,0.04403601826426895f,0f,0f,0f,1f], start_interpolation: 0, interpolation_duration: 1 }
$data merge entity $(bone_left_arm1) { transformation: [-0.6537694804808909f,-0.27969258212892806f,-0.8851714708677879f,1.3554941027232714f,-0.9275705344522478f,0.1536616025560238f,0.6365312423285524f,-0.9390541951318089f,-0.03700509359752543f,1.0896472724448087f,-0.31697074257077873f,1.2996453747451222f,0f,0f,0f,1f], start_interpolation: 0, interpolation_duration: 1 }
$data merge entity $(bone_body2) { transformation: [-1.2266152457378392f,0.07941221540784718f,-0.9980246406837672f,0.6763157802939587f,-0.15446459652088726f,1.5444361111346818f,0.3127334831598071f,-0.5043497294540646f,0.9891916759605209f,0.33963987267640344f,-1.1887342131625624f,0.7355229244316202f,0f,0f,0f,1f], start_interpolation: 0, interpolation_duration: 1 }
$data merge entity $(bone_right_leg2) { transformation: [-0.9796478854463557f,0.15274145945423695f,-0.13023082240496534f,-1.1977790653808733f,0f,0.6488062707856727f,0.7609536273579282f,-2.057541546728994f,0.2007237418455623f,0.7454666119639284f,-0.6356016912395198f,-0.9381856742738928f,0f,0f,0f,1f], start_interpolation: 0, interpolation_duration: 1 }
$data merge entity $(bone_right_leg1) { transformation: [-1.306197180595141f,0.16622219640039554f,-0.20975434347567362f,-0.6020416285922023f,0f,1.044990201692531f,0.8281142772253003f,-1.125000769253914f,0.26763165579408305f,0.8112604005917025f,-1.0237224414002486f,0.10111798912513392f,0f,0f,0f,1f], start_interpolation: 0, interpolation_duration: 1 }
$data merge entity $(bone_left_leg2) { transformation: [-0.9972646112100011f,-0.004469165526640992f,-0.07377887087548093f,1.0766654390685815f,-0.008648767169680556f,0.998369180836524f,0.056428517455740734f,-2.5311130431457376f,0.0734063624940649f,0.05691225979789999f,-0.9956769057430659f,0.19847482862035692f,0f,0f,0f,1f], start_interpolation: 0, interpolation_duration: 1 }
$data merge entity $(bone_left_leg1) { transformation: [-1.306197180595141f,-0.1312009019684495f,-0.2332659994635906f,0.6225182282157424f,0f,1.1621246062813362f,-0.6536391797109683f,-1.125000769253914f,0.26763165579408305f,-0.6403362402487405f,-1.1384729131686895f,-0.14978668818181895f,0f,0f,0f,1f], start_interpolation: 0, interpolation_duration: 1 }
$data merge entity $(bone_tail3) { transformation: [-0.37214410566912953f,0.0830968714328611f,-0.9244477673583265f,-2.4334861628867817f,-0.20672717190399553f,0.9635461986107016f,0.16983109120370815f,0.050503030176704655f,0.9048605644033227f,0.25431011206976595f,-0.34139965712748366f,-2.2894386983082815f,0f,0f,0f,1f], start_interpolation: 0, interpolation_duration: 1 }
$data merge entity $(bone_tail2) { transformation: [-0.5737221629065746f,0.1281076767923275f,-1.425190308010753f,-0.7622452756922221f,-0.31870439001865974f,1.4854670561914982f,0.2618229322723834f,-0.47443607455775416f,1.3949933701217891f,0.39206142277422246f,-0.5263244714048706f,-1.5838899166569156f,0f,0f,0f,1f], start_interpolation: 0, interpolation_duration: 1 }
$data merge entity $(bone_tail1) { transformation: [-0.8715735889228547f,0.0830968714328611f,-0.48317117986300195f,-0.1399291984724257f,-0.05345958968496305f,0.9635461986107016f,0.26214651516581666f,-0.746284298210814f,0.48734130890254956f,0.25431011206976595f,-0.8353590937651979f,-0.7572385431442115f,0f,0f,0f,1f], start_interpolation: 0, interpolation_duration: 1 }
$data merge entity $(bone_body1) { transformation: [-1.306197180595141f,0.0013278407455568138f,-0.26762836176690424f,0.5f,0f,1.3333169225831725f,0.006615265007257888f,-1.1875f,0.26763165579408305f,0.00648063037602746f,-1.3061811038384472f,-0.12499999999999994f,0f,0f,0f,1f], start_interpolation: 0, interpolation_duration: 1 }
data modify entity @s data merge value {"locators":{"hitbox_head":{"posx":1.7944093001406722,"posy":-0.9550515517641559,"posz":2.862862185359628,"roty":314.9872877412123,"rotx":54.252467901074795},"hitbox_neck":{"posx":1.162826430212812,"posy":-1.1560271809759703,"posz":2.037360559902443,"roty":317.42576290596554,"rotx":33.28806078325522},"hitbox_right_arm":{"posx":0.9868036160125051,"posy":-3.56415666359164,"posz":3.1670778763689045,"roty":303.3817676509553,"rotx":5.240827210505183},"hitbox_left_arm":{"posx":2.965664110859544,"posy":-1.7112446968293926,"posz":-0.8464060401474244,"roty":283.1817420391276,"rotx":35.3669787114913},"hitbox_tail1":{"posx":-1.4136077561170761,"posy":-1.0544959518252315,"posz":-2.1224423355348003,"roty":290.26924793766307,"rotx":9.777998491051688},"hitbox_tail2":{"posx":-3.0625526757814705,"posy":-1.1186213666977554,"posz":-2.8152580275340586,"roty":290.26924793766307,"rotx":9.777998491051688}},"cameras":{}}