# This file was generated by Animated Java via MC-Build. It is not recommended to edit this file directly.
$data merge entity $(bone_jaw) { transformation: [-0.7843535112081801f,0.5804397220139695f,-0.21881338753317894f,2.0393175259174976f,-0.08456149256044271f,0.2494028791120057f,0.9647007607888531f,-0.5295512261870498f,0.6145233302579728f,0.7751696156319519f,-0.14653717470206135f,3.2641444394568646f,0f,0f,0f,1f], start_interpolation: 0, interpolation_duration: 1 }
$data merge entity $(bone_head) { transformation: [-0.8823977001092026f,0.5191324858707644f,-0.466369768483797f,1.9356797995877648f,-0.09513167913049805f,0.6553271924074171f,0.9094620577666909f,-0.32744854668334067f,0.6913387465402194f,0.7527766820279786f,-0.47010956651311153f,3.1596756468983953f,0f,0f,0f,1f], start_interpolation: 0, interpolation_duration: 1 }
$data merge entity $(bone_neck) { transformation: [-0.7793332762184908f,0.2764118855916878f,-0.5623487477377372f,1.5747504517189304f,-0.09709653749675097f,0.8333360109190939f,0.5441721743268336f,-0.7221798978959502f,0.6190411189773225f,0.4786935997160391f,-0.6226078465665247f,1.835674262376141f,0f,0f,0f,1f], start_interpolation: 0, interpolation_duration: 1 }
$data merge entity $(bone_right_arm2) { transformation: [-0.5600300298328099f,0.06040403111575729f,-0.8262673409438549f,0.6710321707156731f,-0.008076302727520905f,0.9968930769551397f,0.07835155680116937f,-2.5067669948033493f,0.8284329417760471f,0.05055240987213233f,-0.5578022183860553f,2.9109634733643497f,0f,0f,0f,1f], start_interpolation: 0, interpolation_duration: 1 }
$data merge entity $(bone_right_arm1) { transformation: [-0.6285024977314335f,0.06921756711521194f,-0.9430612629582685f,0.36550158251195497f,0.15277507581713937f,1.1249267461126193f,-0.019250948911298204f,-1.056914238641676f,0.9331748997368398f,-0.13754908661117754f,-0.6320093845964742f,2.0875960519777585f,0f,0f,0f,1f], start_interpolation: 0, interpolation_duration: 1 }
$data merge entity $(bone_left_arm2) { transformation: [-0.603189686735906f,-0.09569520191632999f,-0.7918362394748252f,2.450178353586304f,-0.7904475434757863f,0.20435669691056524f,0.5774348633749945f,-1.2808927745871568f,0.10655929254896009f,0.9742077646775334f,-0.19890788926905056f,0.06546392327539019f,0f,0f,0f,1f], start_interpolation: 0, interpolation_duration: 1 }
$data merge entity $(bone_left_arm1) { transformation: [-0.6539048061216596f,-0.28990520099744865f,-0.8817791593761264f,1.348800989615754f,-0.9275357896075102f,0.16288559607017553f,0.6342843593645365f,-0.9344057167219474f,-0.03545236906910115f,1.085630813846004f,-0.33063555843238585f,1.3065402651430897f,0f,0f,0f,1f], start_interpolation: 0, interpolation_duration: 1 }
$data merge entity $(bone_body2) { transformation: [-1.2339443540126105f,0.07439830110334367f,-0.9893385004323759f,0.6735984591775624f,-0.15373618436985573f,1.5454665860337322f,0.3079653576509583f,-0.5035850305299644f,0.9801484383807607f,0.33606899394413214f,-1.1972097203470995f,0.7354679770369008f,0f,0f,0f,1f], start_interpolation: 0, interpolation_duration: 1 }
$data merge entity $(bone_right_leg2) { transformation: [-0.9802496077184563f,0.14974885491848042f,-0.12917425060133514f,-1.1945795897000253f,-5.421010862427522e-20f,0.6531728429537768f,0.7572088465064843f,-2.062128615440558f,0.1977642702001871f,0.7422536747489262f,-0.6402724230777885f,-0.9396617075372997f,0f,0f,0f,1f], start_interpolation: 0, interpolation_duration: 1 }
$data merge entity $(bone_right_leg1) { transformation: [-1.3069994769579416f,0.16293544095572443f,-0.20732145834430232f,-0.6027302477257679f,-7.228014483236696e-20f,1.0483261619221758f,0.8238871500438012f,-1.1250005229097282f,0.26368569360024946f,0.8076150556347133f,-1.0276213089852078f,0.09773541728721358f,0f,0f,0f,1f], start_interpolation: 0, interpolation_duration: 1 }
$data merge entity $(bone_left_leg2) { transformation: [-0.9983900710918447f,-0.00665942752497084f,-0.05632866029172609f,1.0754846136543454f,-0.009777197558928849f,0.9984243234628343f,0.055256463202735806f,-2.5314086565165668f,0.0558719281313496f,0.0557182406651654f,-0.9968820418204272f,0.19921714356074205f,0f,0f,0f,1f], start_interpolation: 0, interpolation_duration: 1 }
$data merge entity $(bone_left_leg1) { transformation: [-1.3069994769579416f,-0.1291089911527171f,-0.2299152309286453f,0.6225817619223024f,-7.228014483236696e-20f,1.1625721405383957f,-0.6528428569125573f,-1.1250005229097282f,0.26368569360024946f,-0.6399489543903305f,-1.1396108847071686f,-0.14946992046302032f,0f,0f,0f,1f], start_interpolation: 0, interpolation_duration: 1 }
$data merge entity $(bone_tail3) { transformation: [-0.38592536943343675f,0.08104050166739202f,-0.9189635718118335f,-2.414431560958749f,-0.20370422273744165f,0.9640603411440043f,0.1705644988625729f,0.049149701767124576f,0.8997589670942991f,0.25302192735572016f,-0.35554705090971644f,-2.322645276414625f,0f,0f,0f,1f], start_interpolation: 0, interpolation_duration: 1 }
$data merge entity $(bone_tail2) { transformation: [-0.5949682778765483f,0.12493744007056268f,-1.4167355065432432f,-0.7548106290533765f,-0.31404401005355587f,1.4862596925970064f,0.2629536024131332f,-0.47688307540688063f,1.3871284076037111f,0.39007547134006854f,-0.5481350368191461f,-1.5909662964513167f,0f,0f,0f,1f], start_interpolation: 0, interpolation_duration: 1 }
$data merge entity $(bone_tail1) { transformation: [-0.874879116193195f,0.08104050166739202f,-0.47751331828391086f,-0.13809283885257173f,-0.05281571307710523f,0.9640603411440043f,0.26038079630699107f,-0.7469357073484205f,0.4814530428828662f,0.25302192735572016f,-0.8391560473332869f,-0.7595446265200576f,0f,0f,0f,1f], start_interpolation: 0, interpolation_duration: 1 }
$data merge entity $(bone_body1) { transformation: [-1.3069994769579416f,0.0010786337599016933f,-0.26368348745922005f,0.5f,-7.228014483236696e-20f,1.3333221779258007f,0.005454138701646385f,-1.1875f,0.26368569360024946f,0.005346417322730918f,-1.3069885418740839f,-0.12499999999999994f,0f,0f,0f,1f], start_interpolation: 0, interpolation_duration: 1 }
data modify entity @s data merge value {"locators":{"hitbox_head":{"posx":1.7768200209050615,"posy":-0.9441475585115421,"posz":2.8720523698031606,"roty":315.22880750941,"rotx":53.940943635775305},"hitbox_neck":{"posx":1.1517229499800192,"posy":-1.15125069252984,"posz":2.043510702792103,"roty":317.91117873061864,"rotx":32.96811106024213},"hitbox_right_arm":{"posx":0.9887599332072927,"posy":-3.543340619079544,"posz":3.191089231546248,"roty":304.02276850207545,"rotx":4.493819446928146},"hitbox_left_arm":{"posx":2.9794910306610407,"posy":-1.7245639317179826,"posz":-0.815949852551928,"roty":284.10084217699637,"rotx":35.27032610364261},"hitbox_tail1":{"posx":-1.3991377897453763,"posy":-1.0572022104546848,"posz":-2.137641210355324,"roty":291.1514565096534,"rotx":9.820641825278875},"hitbox_tail2":{"posx":-3.037714228541357,"posy":-1.1202369653741837,"posz":-2.8547317722057235,"roty":291.1514565096534,"rotx":9.820641825278875}},"cameras":{}}