# This file was generated by Animated Java via MC-Build. It is not recommended to edit this file directly.
$data merge entity $(bone_jaw) { transformation: [-0.796699138217202f,0.5569606032301488f,-0.23466011508877363f,1.9651740806700924f,-0.08985441889635848f,0.27479828225218195f,0.9572941488779966f,-0.48649267659172213f,0.5976593231672751f,0.783760671710924f,-0.16888618330247046f,3.296155626472828f,0f,0f,0f,1f], start_interpolation: 0, interpolation_duration: 1 }
$data merge entity $(bone_head) { transformation: [-0.8962865304943521f,0.49071005017875985f,-0.47063691090686444f,1.860588100468567f,-0.10108622125840329f,0.6738899500197835f,0.8951418385563434f,-0.2875722680236458f,0.6723667385631845f,0.7554475375007141f,-0.4927950760285794f,3.1866456095775884f,0f,0f,0f,1f], start_interpolation: 0, interpolation_duration: 1 }
$data merge entity $(bone_neck) { transformation: [-0.7944718887026139f,0.2553190307262834f,-0.5510232396281419f,1.5388411924753325f,-0.09530536547993489f,0.8436721096100631f,0.5283315803326938f,-0.7070517927240567f,0.5997760460138746f,0.47226005972884977f,-0.6459405008302743f,1.8601546161841505f,0f,0f,0f,1f], start_interpolation: 0, interpolation_duration: 1 }
$data merge entity $(bone_right_arm2) { transformation: [-0.5902248590013731f,0.03221084830607316f,-0.8065959813117174f,0.6396296424834129f,-0.0055617890096716265f,0.9990175945478493f,0.04396489834903249f,-2.461309383600342f,0.8072197236935066f,0.03043529259317218f,-0.5894658689397944f,2.9433235711015997f,0f,0f,0f,1f], start_interpolation: 0, interpolation_duration: 1 }
$data merge entity $(bone_right_arm1) { transformation: [-0.6667233637503458f,0.044468795990274694f,-0.9179724883443096f,0.32652676700694827f,0.15148843801223358f,1.123891853945678f,-0.05558201802385898f,-1.0396498912686192f,0.9064779182762709f,-0.15511490502903405f,-0.6658889974010653f,2.0840244410900226f,0f,0f,0f,1f], start_interpolation: 0, interpolation_duration: 1 }
$data merge entity $(bone_left_arm2) { transformation: [-0.6111740789696252f,-0.12898554732701895f,-0.7809154715949607f,2.462088759019342f,-0.7839435315774129f,0.23462364641579653f,0.5747906434872516f,-1.3115911060796681f,0.10908154973946835f,0.9634907747992736f,-0.24451327649665827f,0.14038650136597286f,0f,0f,0f,1f], start_interpolation: 0, interpolation_duration: 1 }
$data merge entity $(bone_left_arm1) { transformation: [-0.65900933307095f,-0.3227662572496525f,-0.8664292521902044f,1.326162874526747f,-0.9242137284115627f,0.199366417633115f,0.6286915163100106f,-0.9197328924057737f,-0.02658364319321078f,1.0701616614538354f,-0.3784419839465313f,1.3293623812404118f,0f,0f,0f,1f], start_interpolation: 0, interpolation_duration: 1 }
$data merge entity $(bone_body2) { transformation: [-1.2579138237791387f,0.059413643997716474f,-0.9597224991093536f,0.6651689112840358f,-0.15090016200989692f,1.5485292579863084f,0.29365068144004797f,-0.5015740394950516f,0.9496454061886348f,0.3247639150394179f,-1.2246005252479426f,0.7355266163522256f,0f,0f,0f,1f], start_interpolation: 0, interpolation_duration: 1 }
$data merge entity $(bone_right_leg2) { transformation: [-0.9820734710402953f,0.14000751845401982f,-0.1262124885073323f,-1.184010327974075f,0f,0.6695674791053926f,0.7427512308468089f,-2.0799886525873963f,0.1884985344210034f,0.7294362793971771f,-0.6575644583007333f,-0.9410374749527312f,0f,0f,0f,1f], start_interpolation: 0, interpolation_duration: 1 }
$data merge entity $(bone_right_leg1) { transformation: [-1.3094312947203937f,0.15214903217135617f,-0.20004533034782548f,-0.6048114767239494f,0f,1.0612566880813663f,0.8071629449995502f,-1.125000100983943f,0.2513313792280045f,0.7926933150908152f,-1.0422320393287954f,0.08717118918936415f,0f,0f,0f,1f], start_interpolation: 0, interpolation_duration: 1 }
$data merge entity $(bone_left_leg2) { transformation: [-0.9998905386585775f,-0.011500442614751374f,-0.009308626145931725f,1.070803033125182f,-0.011963940526269257f,0.9986079508828773f,0.05137143720575271f,-2.5339314484397955f,0.00870487381550164f,0.05147718186891653f,-0.9986362325284871f,0.19633149579982798f,0f,0f,0f,1f], start_interpolation: 0, interpolation_duration: 1 }
$data merge entity $(bone_left_leg1) { transformation: [-1.3094312947203937f,-0.12176347405536181f,-0.21986613784441714f,0.6227803620764197f,0f,1.1664076780212813f,-0.645965096913742f,-1.125000100983943f,0.2513313792280045f,-0.6343851848969595f,-1.145498037002411f,-0.14845197883689012f,0f,0f,0f,1f], start_interpolation: 0, interpolation_duration: 1 }
$data merge entity $(bone_tail3) { transformation: [-0.4358756523777391f,0.07503904770902725f,-0.8968732112083639f,-2.3419859015158595f,-0.19378098834039925f,0.9653207142833752f,0.17494241090499615f,0.05043675081350657f,0.8788978007835146f,0.25005011476573413f,-0.4062186552628335f,-2.43844442657835f,0f,0f,0f,1f], start_interpolation: 0, interpolation_duration: 1 }
$data merge entity $(bone_tail2) { transformation: [-0.6719749640823477f,0.115685198551417f,-1.3826795339462277f,-0.7289029084928369f,-0.2987456903581155f,1.4882027678535366f,0.2697028834785357f,-0.4828005271040439f,1.354967442874585f,0.38549392693050677f,-0.6262537601968683f,-1.6138066193811729f,0f,0f,0f,1f], start_interpolation: 0, interpolation_duration: 1 }
$data merge entity $(bone_tail1) { transformation: [-0.8861451900578987f,0.07503904770902725f,-0.457291858068972f,-0.13226216053731688f,-0.050440429465817345f,0.9653207142833752f,0.25614777307393943f,-0.7486524823118774f,0.4606543880313684f,0.25005011476573413f,-0.8516293060323187f,-0.7665322802257553f,0f,0f,0f,1f], start_interpolation: 0, interpolation_duration: 1 }
$data merge entity $(bone_body1) { transformation: [-1.3094312947203937f,0.00045180152283439366f,-0.25133097314106545f,0.5f,0f,1.3333311790092146f,0.0023968436901759373f,-1.1875f,0.2513313792280045f,0.002353876602352113f,-1.3094291790158288f,-0.12499999999999994f,0f,0f,0f,1f], start_interpolation: 0, interpolation_duration: 1 }
data modify entity @s data merge value {"locators":{"hitbox_head":{"posx":1.7187038811767184,"posy":-0.9106060843002877,"posz":2.9038400543073526,"roty":316.31752482752853,"rotx":52.71968519948721},"hitbox_neck":{"posx":1.114738516555187,"posy":-1.1371229641093845,"posz":2.0636876793965535,"roty":319.5339736590743,"rotx":31.89279559410009},"hitbox_right_arm":{"posx":0.9738277311456126,"posy":-3.4826570391358125,"posz":3.258072445709169,"roty":306.15959052125095,"rotx":2.519815330801644},"hitbox_left_arm":{"posx":3.019730422079443,"posy":-1.7846136035155022,"posz":-0.7076652320436884,"roty":287.3859157340895,"rotx":35.0849721497541},"hitbox_tail1":{"posx":-1.34729807043314,"posy":-1.0622955317768406,"posz":-2.1904817560466108,"roty":294.36708566583417,"rotx":10.075306796870393},"hitbox_tail2":{"posx":-2.9449658329386628,"posy":-1.118141580549363,"posz":-2.99513319579372,"roty":294.36708566583417,"rotx":10.075306796870393}},"cameras":{}}