# This file was generated by Animated Java via MC-Build. It is not recommended to edit this file directly.
$data merge entity $(bone_jaw) { transformation: [-0.8162089491994101f,0.5169185752025225f,-0.25806615015803414f,1.8547230826086345f,-0.09158899015690675f,0.3252561731893411f,0.941180045838342f,-0.42570374422715473f,0.5704510567339085f,0.7918355943078206f,-0.2181329490433472f,3.3417054849361305f,0f,0f,0f,1f], start_interpolation: 0, interpolation_duration: 1 }
$data merge entity $(bone_head) { transformation: [-0.9182350678493364f,0.44520539545160537f,-0.4735625787923963f,1.749486953988102f,-0.10303761392652008f,0.7095881203446318f,0.8668869301022494f,-0.23306220420443263f,0.6417574388256471f,0.7509339886611552f,-0.5383962614890574f,3.2220618712718956f,0f,0f,0f,1f], start_interpolation: 0, interpolation_duration: 1 }
$data merge entity $(bone_neck) { transformation: [-0.8161064999660659f,0.22513382301274298f,-0.532245190160329f,1.4858863000148281f,-0.09183525055626779f,0.8587700409418714f,0.5040637891536787f,-0.6900359187396732f,0.5705580316395567f,0.46024860512158383f,-0.6801725913437199f,1.8951284820436622f,0f,0f,0f,1f], start_interpolation: 0, interpolation_duration: 1 }
$data merge entity $(bone_right_arm2) { transformation: [-0.6338893536374839f,0.011908147069896118f,-0.7733320654016712f,0.5629142293505629f,-0.002936974396371551f,0.9998371936559864f,0.017803380676608097f,-2.412613625942662f,0.7734181673108333f,0.013556629945635057f,-0.6337511785062566f,2.9659904878726544f,0f,0f,0f,1f], start_interpolation: 0, interpolation_duration: 1 }
$data merge entity $(bone_right_arm1) { transformation: [-0.7185318935388576f,0.031211401637175458f,-0.8785833900773169f,0.27000045673190987f,0.14686782000277557f,1.1230164316648448f,-0.0802181064525669f,-1.0151832163684942f,0.8667829995792145f,-0.1644109168000895f,-0.7147218263225616f,2.077044633777196f,0f,0f,0f,1f], start_interpolation: 0, interpolation_duration: 1 }
$data merge entity $(bone_left_arm2) { transformation: [-0.6334265859236482f,-0.1749860755417318f,-0.7537576756568484f,2.46807417933349f,-0.7645861356953372f,0.29143187803523657f,0.5748699866642253f,-1.3844154668123703f,0.11907477208704956f,0.9404506014838623f,-0.318392626832122f,0.26255091488667315f,0f,0f,0f,1f], start_interpolation: 0, interpolation_duration: 1 }
$data merge entity $(bone_left_arm1) { transformation: [-0.6798699886997865f,-0.3667372625475942f,-0.8321367589939128f,1.2916777285094962f,-0.9093568066144466f,0.2693329723884416f,0.624260326460706f,-0.9002153926282839f,-0.004243073623267811f,1.040256957288894f,-0.454992819814471f,1.3627675471708152f,0f,0f,0f,1f], start_interpolation: 0, interpolation_duration: 1 }
$data merge entity $(bone_body2) { transformation: [-1.2921686249462712f,0.04190788651785734f,-0.9140505556021038f,0.6543703526977396f,-0.14540581338075734f,1.5521685196306347f,0.27672094345598186f,-0.5000722405874253f,0.9033835500959648f,0.30977582242598395f,-1.262886196654616f,0.7363327578798933f,0f,0f,0f,1f], start_interpolation: 0, interpolation_duration: 1 }
$data merge entity $(bone_right_leg2) { transformation: [-0.9843164484241544f,0.12621611915424483f,-0.12325023581032366f,-1.168699963273597f,-8.470329472543003e-22f,0.6986506773814696f,0.7154629487223036f,-2.1133000260719377f,0.1764118175226901f,0.7042419486654108f,-0.6876933534492577f,-0.9329323898845501f,0f,0f,0f,1f], start_interpolation: 0, interpolation_duration: 1 }
$data merge entity $(bone_right_leg1) { transformation: [-1.3124219312322059f,0.136682112215938f,-0.19142740764763666f,-0.6073550942143162f,-1.1293772630057337e-21f,1.0851166907966086f,0.7747900006662418f,-1.1250000002129945f,0.23521575669692013f,0.7626385417303434f,-1.068098207210689f,0.07346837366247308f,0f,0f,0f,1f], start_interpolation: 0, interpolation_duration: 1 }
$data merge entity $(bone_left_leg2) { transformation: [-0.9992842009833742f,-0.012334847732335022f,0.035762231424219054f,1.0621054089636277f,-0.010685999736161883f,0.9988872309653869f,0.04593592519957357f,-2.5416350256491964f,-0.03628904896326218f,0.0455208891139241f,-0.9983040386473552f,0.17707500007322785f,0f,0f,0f,1f], start_interpolation: 0, interpolation_duration: 1 }
$data merge entity $(bone_left_leg1) { transformation: [-1.3124219312322059f,-0.11006768178127371f,-0.20787389837543574f,0.6230404663158767f,-1.1293772630057337e-21f,1.1783445196277682f,-0.6239246515733947f,-1.1250000002129945f,0.23521575669692013f,-0.614139297121002f,-1.159863892580071f,-0.14704639824088955f,0f,0f,0f,1f], start_interpolation: 0, interpolation_duration: 1 }
$data merge entity $(bone_tail3) { transformation: [-0.5197821552730579f,0.06830780264367597f,-0.8515635943120674f,-2.2062191303559318f,-0.17888567951646447f,0.9659978560010003f,0.1866763398650275f,0.06807593999420625f,0.8353600569357067f,0.24936356249352698f,-0.4898891598891626f,-2.6216949041160658f,0f,0f,0f,1f], start_interpolation: 0, interpolation_duration: 1 }
$data merge entity $(bone_tail2) { transformation: [-0.8013308227126309f,0.10530786240900045f,-1.3128272078977705f,-0.6873178734256266f,-0.2757820892545494f,1.4892466946682086f,0.2877926906252507f,-0.4854275051924659f,1.2878467544425476f,0.3844354921775207f,-0.7552457881624589f,-1.6454883901744588f,0f,0f,0f,1f], start_interpolation: 0, interpolation_duration: 1 }
$data merge entity $(bone_tail1) { transformation: [-0.903329355138618f,0.06830780264367597f,-0.4234738719718622f,-0.12446071506319567f,-0.04620819880964886f,0.9659978560010003f,0.25438739073357874f,-0.7499380829956872f,0.42645149607852995f,0.24936356249352698f,-0.869457839801862f,-0.7749958723947967f,0f,0f,0f,1f], start_interpolation: 0, interpolation_duration: 1 }
$data merge entity $(bone_body1) { transformation: [-1.3124219312322059f,0.000019418940959212918f,-0.23521575589532573f,0.5f,-1.1293772630057337e-21f,1.3333333287894518f,0.00011007732493156392f,-1.1875f,0.23521575669692013f,0.00010835092152866865f,-1.3124219267595885f,-0.12499999999999994f,0f,0f,0f,1f], start_interpolation: 0, interpolation_duration: 1 }
data modify entity @s data merge value {"locators":{"hitbox_head":{"posx":1.63369578395732,"posy":-0.8680797516465195,"posz":2.954430839095992,"roty":318.6657877943263,"rotx":50.404756788283294},"hitbox_neck":{"posx":1.0599385151720577,"posy":-1.1210002830152188,"posz":2.0928358448608115,"roty":321.9562902912937,"rotx":30.269224303240733},"hitbox_right_arm":{"posx":0.8980540303791597,"posy":-3.4215360708367255,"posz":3.3176480826370747,"roty":309.3348646511756,"rotx":1.0201124678778482},"hitbox_left_arm":{"posx":3.059528254323874,"posy":-1.9154957046987608,"posz":-0.5261455464365687,"roty":292.899543232771,"rotx":35.090527790956344},"hitbox_tail1":{"posx":-1.2590259270887976,"posy":-1.0592252035964516,"posz":-2.2737298665853665,"roty":299.91104066607596,"rotx":10.758882378842436},"hitbox_tail2":{"posx":-2.7748776431262945,"posy":-1.0947908048330288,"posz":-3.224547232326474,"roty":299.91104066607596,"rotx":10.758882378842436}},"cameras":{}}