# This file was generated by Animated Java via MC-Build. It is not recommended to edit this file directly.
$data merge entity $(bone_jaw) { transformation: [-0.8312956061292718f,0.48324930081774875f,-0.2746228841326288f,1.7735361124287745f,-0.088631460138266f,0.3725077499798044f,0.9237870103431538f,-0.3830691854107632f,0.5487185795140578f,0.7922803099056168f,-0.2668329646650396f,3.3732693639872693f,0f,0f,0f,1f], start_interpolation: 0, interpolation_duration: 1 }
$data merge entity $(bone_head) { transformation: [-0.9352075568954308f,0.409940135735583f,-0.47218736814824996f,1.6686055861736078f,-0.09971039265554926f,0.7408829671500413f,0.8406992723818825f,-0.19624712488145596f,0.617308401953315f,0.7407202671049591f,-0.5795591624483235f,3.244478438998753f,0f,0f,0f,1f], start_interpolation: 0, interpolation_duration: 1 }
$data merge entity $(bone_neck) { transformation: [-0.8312956061292718f,0.20403856552639318f,-0.5170259945187458f,1.44737879281997f,-0.088631460138266f,0.8696245257232748f,0.48569295705654236f,-0.6812819257848617f,0.5487185795140578f,0.4495791899526723f,-0.7048308112288889f,1.9197662257935373f,0f,0f,0f,1f], start_interpolation: 0, interpolation_duration: 1 }
$data merge entity $(bone_right_arm2) { transformation: [-0.6646795133419272f,0.01085681866738842f,-0.7470497132266112f,0.48881164670227706f,-0.001657523003899541f,0.9998705249758233f,0.016005808385186893f,-2.3910687589378004f,0.7471267611061928f,0.011876985012839847f,-0.6645754585191771f,2.9630950107399436f,0f,0f,0f,1f], start_interpolation: 0, interpolation_duration: 1 }
$data merge entity $(bone_right_arm1) { transformation: [-0.7530376689175992f,0.036199156295795634f,-0.8489964058929017f,0.22965012532530116f,0.1418805374399851f,1.1238185958567624f,-0.07792742551066571f,-0.9979384464152763f,0.8378395963615788f,-0.15777322850994688f,-0.7498689392678289f,2.0707593214558457f,0f,0f,0f,1f], start_interpolation: 0, interpolation_duration: 1 }
$data merge entity $(bone_left_arm2) { transformation: [-0.6567853920217572f,-0.20458776859772215f,-0.7257939058486446f,2.461397621850939f,-0.7428218882270808f,0.34120913857620555f,0.5760138593148937f,-1.4551440038945542f,0.1298021232398793f,0.9174530880062962f,-0.3760734504191042f,0.36090223425418855f,0f,0f,0f,1f], start_interpolation: 0, interpolation_duration: 1 }
$data merge entity $(bone_left_arm1) { transformation: [-0.7045077538957321f,-0.39356174621161266f,-0.7987170860599518f,1.2657951533962097f,-0.8902449835070426f,0.3312648674602954f,0.6220116267976852f,-0.887466255685751f,0.017427018843743435f,1.0121974839179473f,-0.5141240701512045f,1.386824480730597f,0f,0f,0f,1f], start_interpolation: 0, interpolation_duration: 1 }
$data merge entity $(bone_body2) { transformation: [-1.3162180430380137f,0.03238116489433668f,-0.8794691397574512f,0.6476351857417181f,-0.14033314521892118f,1.5542934251868463f,0.2672508208001453f,-0.5f,0.8688044175639249f,0.3001130670688498f,-1.2892073050678787f,0.7374551303870878f,0f,0f,0f,1f], start_interpolation: 0, interpolation_duration: 1 }
$data merge entity $(bone_right_leg2) { transformation: [-0.9856630061566716f,0.11659505444710747f,-0.12195913894689954f,-1.1578300500465049f,0f,0.7228239395805648f,0.6910322368524003f,-2.1420285114493227f,0.1687259265619635f,0.681124911927106f,-0.7124608172089879f,-0.919553353817085f,0f,0f,0f,1f], start_interpolation: 0, interpolation_duration: 1 }
$data merge entity $(bone_right_leg1) { transformation: [-1.3142173415422287f,0.12579435086376248f,-0.186510960155748f,-0.6088708819262556f,0f,1.105407828874794f,0.7455543639736085f,-1.125f,0.224967902082618f,0.7348653556474523f,-1.089559603637849f,0.06481666738220898f,0f,0f,0f,1f], start_interpolation: 0, interpolation_duration: 1 }
$data merge entity $(bone_left_leg2) { transformation: [-0.9986200505499053f,-0.008816290453448644f,0.0517713015322675f,1.054760003983789f,-0.006615297921423208f,0.9990731929826558f,0.04253225713328207f,-2.54955151668772f,-0.052098296259238064f,0.04213108218502398f,-0.9977528448673063f,0.15241091233515514f,0f,0f,0f,1f], start_interpolation: 0, interpolation_duration: 1 }
$data merge entity $(bone_left_leg1) { transformation: [-1.3142173415422287f,-0.10112729314146252f,-0.20095727792079365f,0.6232078757695839f,0f,1.191027852183662f,-0.5993583511560931f,-1.125f,0.224967902082618f,-0.5907653541656208f,-1.1739520931996719f,-0.14609074082024537f,0f,0f,0f,1f], start_interpolation: 0, interpolation_duration: 1 }
$data merge entity $(bone_tail3) { transformation: [-0.5870714477863606f,0.06481359915693634f,-0.8069363745416056f,-2.0817956027404643f,-0.16713611790867094f,0.9656100449606133f,0.1991551133201987f,0.09258208415608932f,0.7920938285862638f,0.251786493751127f,-0.5560493937413009f,-2.7613815347035775f,0f,0f,0f,1f], start_interpolation: 0, interpolation_duration: 1 }
$data merge entity $(bone_tail2) { transformation: [-0.9050684820039724f,0.09992096536694352f,-1.244026910751642f,-0.6543263812901741f,-0.2576681817758677f,1.4886488193142786f,0.30703079970197295f,-0.4827776514879821f,1.2211446524038232f,0.3881708445329874f,-0.8572428153511722f,-1.6669871604436914f,0f,0f,0f,1f], start_interpolation: 0, interpolation_duration: 1 }
$data merge entity $(bone_tail1) { transformation: [-0.9160864981952493f,0.06481359915693634f,-0.395707878603256f,-0.11937594799980844f,-0.04247938259048549f,0.9656100449606133f,0.25650096125725047f,-0.75f,0.3987242529356553f,0.251786493751127f,-0.8818290830344717f,-0.779884291336522f,0f,0f,0f,1f], start_interpolation: 0, interpolation_duration: 1 }
$data merge entity $(bone_body1) { transformation: [-1.3142173415422287f,0f,-0.224967902082618f,0.5f,0f,1.3333333333333333f,0f,-1.1875f,0.224967902082618f,0f,-1.3142173415422287f,-0.12499999999999994f,0f,0f,0f,1f], start_interpolation: 0, interpolation_duration: 1 }
data modify entity @s data merge value {"locators":{"hitbox_head":{"posx":1.5720242241394644,"posy":-0.8413763489597796,"posz":2.993955835731643,"roty":320.82907659229306,"rotx":48.3560199005734},"hitbox_neck":{"posx":1.0198447769977799,"posy":-1.1124184726322905,"posz":2.1136371707219253,"roty":323.73823025344166,"rotx":29.057883048204275},"hitbox_right_arm":{"posx":0.8099372150643238,"posy":-3.399045783293961,"posz":3.3302011775558293,"roty":311.65629299591524,"rotx":0.9171044292132725},"hitbox_left_arm":{"posx":3.0699314303743432,"posy":-2.037933704114014,"posz":-0.376626761245048,"roty":297.3911401215968,"rotx":35.17066434142535},"hitbox_tail1":{"posx":-1.184321407181935,"posy":-1.0491740300622217,"posz":-2.337122717527464,"roty":304.57022309612313,"rotx":11.487556716038338},"hitbox_tail2":{"posx":-2.6207651623135964,"posy":-1.0627563486121039,"posz":-3.4046290917314135,"roty":304.57022309612313,"rotx":11.487556716038338}},"cameras":{}}