# This file was generated by Animated Java via MC-Build. It is not recommended to edit this file directly.
$data merge entity $(bone_jaw) { transformation: [-0.8562424695336069f,0.4226607358309352f,-0.29699618811331996f,1.6305066570693525f,-0.08276692072886137f,0.4552582607187283f,0.8865041189303189f,-0.30822704547652324f,0.5099004512648057f,0.7836439360029598f,-0.3548291298156574f,3.4209609361768507f,0f,0f,0f,1f], start_interpolation: 0, interpolation_duration: 1 }
$data merge entity $(bone_head) { transformation: [-0.9632727782253078f,0.3498433246529167f,-0.4640476300186122f,1.5273849615096609f,-0.09311278581996904f,0.793802255857765f,0.7917278495240446f,-0.13228752336006888f,0.5736380076729064f,0.7163188024831664f,-0.6507317491579314f,3.2763538808084216f,0f,0f,0f,1f], start_interpolation: 0, interpolation_duration: 1 }
$data merge entity $(bone_neck) { transformation: [-0.8562424695336069f,0.16920241497637967f,-0.48807722353450494f,1.3791658862422755f,-0.08276692072886137f,0.8876923436297949f,0.45293701537201014f,-0.666065853112537f,0.5099004512648057f,0.4282205574551544f,-0.7460755216281688f,1.96023295155703f,0f,0f,0f,1f], start_interpolation: 0, interpolation_duration: 1 }
$data merge entity $(bone_right_arm2) { transformation: [-0.7152560721659671f,0.010754089257847849f,-0.6987797226551062f,0.3595596889118588f,0.0003555790698613515f,0.9998870684369571f,0.015024111823100345f,-2.3547984652691567f,0.6988623790083696f,0.010497615766553337f,-0.7151791211088169f,2.9503342816444738f,0f,0f,0f,1f], start_interpolation: 0, interpolation_duration: 1 }
$data merge entity $(bone_right_arm1) { transformation: [-0.8096794170144863f,0.04514374020849418f,-0.7947026433374395f,0.16006501231503567f,0.13287297146969843f,1.1253490929287013f,-0.07145067838590263f,-0.967515625157597f,0.7848152789417f,-0.14395300868332342f,-0.807783087329219f,2.0575422402393553f,0f,0f,0f,1f], start_interpolation: 0, interpolation_duration: 1 }
$data merge entity $(bone_left_arm2) { transformation: [-0.6981138258069984f,-0.24860230167095235f,-0.6714417188565367f,2.433006698712572f,-0.7011270533969398f,0.4274325648891538f,0.5707208227033633f,-1.5719205118323654f,0.145113545928836f,0.8691940508748226f,-0.47269838238751716f,0.5390167067996808f,0f,0f,0f,1f], start_interpolation: 0, interpolation_duration: 1 }
$data merge entity $(bone_left_arm1) { transformation: [-0.7499534249357286f,-0.4312703790706997f,-0.7353548310222959f,1.2190897804536562f,-0.850925575091513f,0.4380266769944673f,0.6109249567997747f,-0.8651471697804958f,0.05163848397070214f,0.9546253177670511f,-0.6125316127317902f,1.4268830211648516f,0f,0f,0f,1f], start_interpolation: 0, interpolation_duration: 1 }
$data merge entity $(bone_body2) { transformation: [-1.3557172434282112f,0.017521025017396236f,-0.81772135474023f,0.6360693526616434f,-0.13104762448736385f,1.5578662753084953f,0.25064642989098984f,-0.5f,0.8073423811692757f,0.282294396655725f,-1.3324611054845648f,0.7393553269727915f,0f,0f,0f,1f], start_interpolation: 0, interpolation_duration: 1 }
$data merge entity $(bone_right_leg2) { transformation: [-0.987834659397476f,0.10049416901424246f,-0.11867437670874639f,-1.1394443961788827f,0f,0.7631408365583012f,0.6462322056173742f,-2.190724699335739f,0.15550783161330678f,0.6383705707277184f,-0.7538569683538744f,-0.8934500224890398f,0f,0f,0f,1f], start_interpolation: 0, interpolation_duration: 1 }
$data merge entity $(bone_right_leg1) { transformation: [-1.3171128791966344f,0.10775577097277161f,-0.17714439041130436f,-0.6113139918221604f,0f,1.1391348498241558f,0.6929282586919627f,-1.125f,0.20734377548440902f,0.684498550411861f,-1.12527688638384f,0.049946310564970176f,0f,0f,0f,1f], start_interpolation: 0, interpolation_duration: 1 }
$data merge entity $(bone_left_leg2) { transformation: [-0.9980356025861629f,-0.0008735909559254296f,0.06264321838249035f,1.0427968969133241f,0.0014997745363347498f,0.9992830638419242f,0.03783000125610386f,-2.562102654851481f,-0.06263135514113372f,0.037849638803274965f,-0.9973187645861511f,0.10774446958003453f,0f,0f,0f,1f], start_interpolation: 0, interpolation_duration: 1 }
$data merge entity $(bone_left_leg1) { transformation: [-1.3171128791966344f,-0.08632042875548038f,-0.18852115215964244f,0.6234793324246845f,0f,1.2122936202237593f,-0.5550873410036923f,-1.125f,0.20734377548440902f,-0.548334514436233f,-1.1975456554234702f,-0.14443847895166328f,0f,0f,0f,1f], start_interpolation: 0, interpolation_duration: 1 }
$data merge entity $(bone_tail3) { transformation: [-0.6991519906179413f,0.059125206231651385f,-0.7125241778375204f,-1.8314428005633565f,-0.14417960651479367f,0.9644421326765715f,0.2215030784966783f,0.13800198308335093f,0.7002847528543008f,0.2575957738518453f,-0.6657669879270522f,-2.9899372325585283f,0f,0f,0f,1f], start_interpolation: 0, interpolation_duration: 1 }
$data merge entity $(bone_tail2) { transformation: [-1.0778593188693262f,0.09115135960712921f,-1.0984747741661771f,-0.5939399421136831f,-0.22227689337697354f,1.486848287876381f,0.34148391268237904f,-0.4761716397891272f,1.0796056606503803f,0.3971268180215948f,-1.0263907730542055f,-1.7023877436857384f,0f,0f,0f,1f], start_interpolation: 0, interpolation_duration: 1 }
$data merge entity $(bone_tail1) { transformation: [-0.9368338856420348f,0.059125206231651385f,-0.34474117929384535f,-0.11054820340871807f,-0.035507067349205855f,0.9644421326765715f,0.26189811165131627f,-0.75f,0.34796769804265665f,0.2575957738518453f,-0.9014227079525806f,-0.7881220787414536f,0f,0f,0f,1f], start_interpolation: 0, interpolation_duration: 1 }
$data merge entity $(bone_body1) { transformation: [-1.3171128791966344f,0f,-0.20734377548440902f,0.5f,0f,1.3333333333333333f,0f,-1.1875f,0.20734377548440902f,0f,-1.3171128791966344f,-0.12499999999999994f,0f,0f,0f,1f], start_interpolation: 0, interpolation_duration: 1 }
data modify entity @s data merge value {"locators":{"hitbox_head":{"posx":1.4619296783743216,"posy":-0.7932131792599507,"posz":3.0591578097505323,"roty":324.5067008557272,"rotx":44.72929902927355},"hitbox_neck":{"posx":0.9486033988011429,"posy":-1.096951069259642,"posz":2.147859908347271,"roty":326.80757789563546,"rotx":26.932276532525766},"hitbox_right_arm":{"posx":0.6534919564711912,"posy":-3.362175365925798,"posz":3.341105125120352,"roty":315.6644989658233,"rotx":0.860850586231509},"hitbox_left_arm":{"posx":3.06096197392473,"posy":-2.2408930472358923,"posz":-0.10289774950193553,"roty":305.1457401889543,"rotx":34.80050622132584},"hitbox_tail1":{"posx":-1.0407502202234742,"posy":-1.0291974220157403,"posz":-2.4408349723812583,"roty":313.05704141230285,"rotx":12.79733137260895},"hitbox_tail2":{"posx":-2.3098394837760043,"posy":-1.0032328344002677,"posz":-3.702525616448042,"roty":313.05704141230285,"rotx":12.79733137260895}},"cameras":{}}