# This file was generated by Animated Java via MC-Build. It is not recommended to edit this file directly.
$data merge entity $(bone_jaw) { transformation: [-0.8704993526883775f,0.3855457452531357f,-0.3059172360072571f,1.542475181308612f,-0.07906782436486554f,0.5039447650505366f,0.8601092680167829f,-0.2620933339088799f,0.48577685836124646f,0.7729127713366906f,-0.40819932849689244f,3.445303871258233f,0f,0f,0f,1f], start_interpolation: 0, interpolation_duration: 1 }
$data merge entity $(bone_head) { transformation: [-0.9793117717744247f,0.3144831206921437f,-0.45571243176346155f,1.4412057520278427f,-0.08895130241047372f,0.8245404451001053f,0.7601616408327906f,-0.09316852483492644f,0.5464989656564022f,0.6977524067990384f,-0.6928964275724271f,3.2913268873532493f,0f,0f,0f,1f], start_interpolation: 0, interpolation_duration: 1 }
$data merge entity $(bone_neck) { transformation: [-0.8704993526883775f,0.14922015890251f,-0.4690034340452374f,1.3368437193763594f,-0.07906782436486554f,0.8981531143726997f,0.4325150428514909f,-0.6565038243566509f,0.48577685836124646f,0.4135871459798164f,-0.7700431913606843f,1.9833420225885152f,0f,0f,0f,1f], start_interpolation: 0, interpolation_duration: 1 }
$data merge entity $(bone_right_arm2) { transformation: [-0.7441349755642427f,0.010737908087217259f,-0.6679429881897962f,0.2821192918721315f,0.0014758582151234445f,0.9998947902725774f,0.014430184624152832f,-2.3323580801613852f,0.6680276640862507f,0.00975221593632749f,-0.7440725329561618f,2.9391893625418524f,0f,0f,0f,1f], start_interpolation: 0, interpolation_duration: 1 }
$data merge entity $(bone_right_arm1) { transformation: [-0.8421385872387963f,0.04961514914449731f,-0.7599420660834992f,0.11805338071984894f,0.12727655143639785f,1.1262387300102896f,-0.06751303151030867f,-0.9486623798549517f,0.7508490436048688f,-0.13526147620303144f,-0.840893009673332f,2.0480702146434027f,0f,0f,0f,1f], start_interpolation: 0, interpolation_duration: 1 }
$data merge entity $(bone_left_arm2) { transformation: [-0.7229951082986694f,-0.2705762397918785f,-0.635662309592352f,2.4056471692214076f,-0.6739286602529884f,0.4786436289096201f,0.5627792083880163f,-1.6370892644585306f,0.15198103258567433f,0.8352776633936274f,-0.5284060850992107f,0.6503734207328014f,0f,0f,0f,1f], start_interpolation: 0, interpolation_duration: 1 }
$data merge entity $(bone_left_arm1) { transformation: [-0.7782959489460196f,-0.4485493985831271f,-0.6944277210980089f,1.1896380838792417f,-0.8237589758918133f,0.5011134577211596f,0.5995643910981197f,-0.8513298880618023f,0.06962451031303742f,0.9148003861312602f,-0.668927266630843f,1.450078902000708f,0f,0f,0f,1f], start_interpolation: 0, interpolation_duration: 1 }
$data merge entity $(bone_body2) { transformation: [-1.3782906417565979f,0.009373633913783075f,-0.779212093256952f,0.6290311491596354f,-0.1251907219110371f,1.5599911717291413f,0.24020672704772308f,-0.5f,0.769146692405307f,0.2707104053390566f,-1.3572301523498453f,0.7404339735338243f,0f,0f,0f,1f], start_interpolation: 0, interpolation_duration: 1 }
$data merge entity $(bone_right_leg2) { transformation: [-0.9890673983243705f,0.09111215531014122f,-0.11594937139373256f,-1.128600744482048f,0f,0.786288432136619f,0.6178596130903342f,-2.2191702667933213f,0.1474641704681548f,0.6111048000489591f,-0.7776922539059141f,-0.8763411624142198f,0f,0f,0f,1f], start_interpolation: 0, interpolation_duration: 1 }
$data merge entity $(bone_right_leg1) { transformation: [-1.3187565310991607f,0.09735691271926208f,-0.17082336200549456f,-0.6127008231149169f,0f,1.1584058789547405f,0.6602072382069685f,-1.125f,0.19661889395753973f,0.6529894554482842f,-1.1457414889014208f,0.0408971917766742f,0f,0f,0f,1f], start_interpolation: 0, interpolation_duration: 1 }
$data merge entity $(bone_left_leg2) { transformation: [-0.9978786099541475f,0.003943716672981323f,0.06498251222276237f,1.0361313001468617f,0.00625211186931296f,0.9993551407562182f,0.03535836168847123f,-2.568776264049588f,-0.06480116428855123f,0.03568963074791326f,-0.9972597752661669f,0.08027013511431727f,0f,0f,0f,1f], start_interpolation: 0, interpolation_duration: 1 }
$data merge entity $(bone_left_leg1) { transformation: [-1.3187565310991607f,-0.07783475016109678f,-0.18055675320642509f,0.6236334247905463f,0f,1.2244110052849528f,-0.5278214356341249f,-1.125f,0.19661889395753973f,-0.522050974122478f,-1.2110250074769153f,-0.1434330213085193f,0f,0f,0f,1f], start_interpolation: 0, interpolation_duration: 1 }
$data merge entity $(bone_tail3) { transformation: [-0.7607652864857124f,0.055516627127098275f,-0.6466483456955123f,-1.663089236383469f,-0.12862911995570023f,0.9636747363178759f,0.2340631369568785f,0.16358456175338337f,0.6361530699271474f,0.26124491707036734f,-0.7259892319636448f,-3.114284232513168f,0f,0f,0f,1f], start_interpolation: 0, interpolation_duration: 1 }
$data merge entity $(bone_tail2) { transformation: [-1.17284648333214f,0.08558813348760984f,-0.9969161996139148f,-0.5561286166014283f,-0.19830322659837116f,1.4856652184900585f,0.3608473361418543f,-0.47205147309482803f,0.9807359828043521f,0.40275258048348295f,-1.1192333992772856f,-1.7225187107911342f,0f,0f,0f,1f], start_interpolation: 0, interpolation_duration: 1 }
$data merge entity $(bone_tail1) { transformation: [-0.9481556166720119f,0.055516627127098275f,-0.31291984706270637f,-0.10513182701330137f,-0.031118331173114296f,0.9636747363178759f,0.26525959369582236f,-0.75f,0.31627926906188014f,0.26124491707036734f,-0.9119860290961588f,-0.7930684635092005f,0f,0f,0f,1f], start_interpolation: 0, interpolation_duration: 1 }
$data merge entity $(bone_body1) { transformation: [-1.3187565310991607f,0f,-0.19661889395753973f,0.5f,0f,1.3333333333333333f,0f,-1.1875f,0.19661889395753973f,0f,-1.3187565310991607f,-0.12499999999999994f,0f,0f,0f,1f], start_interpolation: 0, interpolation_duration: 1 }
data modify entity @s data merge value {"locators":{"hitbox_head":{"posx":1.3930796937998355,"posy":-0.7624025612329823,"posz":3.096157891235013,"roty":326.667400758836,"rotx":42.50847348241389},"hitbox_neck":{"posx":0.904261912699384,"posy":-1.0869095347852824,"posz":2.167390670946793,"roty":328.6560272520051,"rotx":25.627277285944224},"hitbox_right_arm":{"posx":0.5588444419070472,"posy":-3.3393757216075937,"posz":3.3432251420889965,"roty":318.086143452491,"rotx":0.8268173729800495},"hitbox_left_arm":{"posx":3.039241758078129,"posy":-2.355001956296347,"posz":0.06979998535217469,"roty":309.7356817054184,"rotx":34.24821726299084},"hitbox_tail1":{"posx":-0.9472411638017026,"posy":-1.0178104786809183,"posz":-2.497089129309809,"roty":318.3081167537123,"rotx":13.536404348662549},"hitbox_tail2":{"posx":-2.099694503941511,"posy":-0.9695780151255846,"posz":-3.865537129147575,"roty":318.3081167537123,"rotx":13.536404348662549}},"cameras":{}}