# This file was generated by Animated Java via MC-Build. It is not recommended to edit this file directly.
$data merge entity $(bone_jaw) { transformation: [-0.9150340039856129f,0.2583553149120635f,-0.30978267028151507f,1.2289357195258142f,-0.06532831935722476f,0.6629201910911015f,0.7458344527666295f,-0.09636184512161819f,0.39805148189652295f,0.7027014668409521f,-0.5897165982567867f,3.5021994339417803f,0f,0f,0f,1f], start_interpolation: 0, interpolation_duration: 1 }
$data merge entity $(bone_head) { transformation: [-1.0294132544838144f,0.1999655234496805f,-0.4073661018353597f,1.1384099191179564f,-0.07349435927687785f,0.9230941940125617f,0.6388432422236148f,0.04560331981696286f,0.4478079171335883f,0.6111758326470331f,-0.8315991648268314f,3.3173996195358177f,0f,0f,0f,1f], start_interpolation: 0, interpolation_duration: 1 }
$data merge entity $(bone_neck) { transformation: [-0.9150340039856129f,0.08705052402186292f,-0.3938717783969505f,1.1834149193900112f,-0.06532831935722476f,0.9315652931937892f,0.3576567002122704f,-0.6209245756003561f,0.39805148189652295f,0.35299902377242987f,-0.8467270557716304f,2.0553466830149f,0f,0f,0f,1f], start_interpolation: 0, interpolation_duration: 1 }
$data merge entity $(bone_right_arm2) { transformation: [-0.8339682054126636f,0.010687975477042207f,-0.5517089808413339f,0.018151306653657384f,0.004691455428080112f,0.9999136024043276f,0.012279168244094904f,-2.251073186525443f,0.5517925539609497f,0.007652117811599364f,-0.8339462947254156f,2.8806081822323586f,0f,0f,0f,1f], start_interpolation: 0, interpolation_duration: 1 }
$data merge entity $(bone_right_arm1) { transformation: [-0.9437451993937407f,0.05930481032980708f,-0.6284894152151318f,-0.02740140032090188f,0.10674426750027705f,1.1291094770528192f,-0.05374436835411233f,-0.8802247998275239f,0.6221910212479301f,-0.10375806111189062f,-0.9440781772592793f,2.006056725895701f,0f,0f,0f,1f], start_interpolation: 0, interpolation_duration: 1 }
$data merge entity $(bone_left_arm2) { transformation: [-0.8070297719514296f,-0.31676368429166946f,-0.49836102927294706f,2.2501679273141217f,-0.56795380232002f,0.6474036521311298f,0.5082292687729691f,-1.8270566313843253f,0.16165217478974814f,0.6932021923805802f,-0.7023811606702602f,1.049906911242502f,0f,0f,0f,1f], start_interpolation: 0, interpolation_duration: 1 }
$data merge entity $(bone_left_arm1) { transformation: [-0.8789770237061731f,-0.47314961608095557f,-0.5410174114975653f,1.0802615589099949f,-0.7095177290587753f,0.7076182642487359f,0.5338838742623051f,-0.8011438484906133f,0.11469520867220129f,0.7513832842487882f,-0.843468538953048f,1.5242091875055555f,0f,0f,0f,1f], start_interpolation: 0, interpolation_duration: 1 }
$data merge entity $(bone_body2) { transformation: [-1.4488038396438871f,-0.01359580734176867f,-0.6385350677138257f,0.6042289687291075f,-0.1034365056489392f,1.5670715501160948f,0.20132583182572963f,-0.5f,0.6302481796694948f,0.22593440482562743f,-1.4348119462786135f,0.7437700052819889f,0f,0f,0f,1f], start_interpolation: 0, interpolation_duration: 1 }
$data merge entity $(bone_right_leg2) { transformation: [-0.9928800060365586f,0.0609682699062436f,-0.10233359017196102f,-1.0928360446708711f,0f,0.8590883368824891f,0.5118273433810264f,-2.3119606275812616f,0.11911882140469425f,0.5081831357858292f,-0.8529716331098228f,-0.8091493282677056f,0f,0f,0f,1f], start_interpolation: 0, interpolation_duration: 1 }
$data merge entity $(bone_right_leg1) { transformation: [-1.3238400080487447f,0.06445909272153955f,-0.14515659210932585f,-0.6169900067911285f,0f,1.218586537354755f,0.5411327274851574f,-1.125f,0.15882509520625898f,0.5372798657320424f,-1.2099102085648583f,0.009008674080281082f,0f,0f,0f,1f], start_interpolation: 0, interpolation_duration: 1 }
$data merge entity $(bone_left_leg2) { transformation: [-0.9979382099594152f,0.018017329555412638f,0.061601176439171026f,1.0164247828029753f,0.019771408498801393f,0.9994127998638549f,0.027984761465193575f,-2.5864770340796923f,-0.061060793550131276f,0.029145004786102102f,-0.9977084484893602f,-0.017982139039665057f,0f,0f,0f,1f], start_interpolation: 0, interpolation_duration: 1 }
$data merge entity $(bone_left_leg1) { transformation: [-1.3238400080487447f,-0.05121914008552639f,-0.15033965064538515f,0.6241100007545698f,0f,1.2620982047381184f,-0.42998360361134275f,-1.125f,0.15882509520625898f,-0.42692212294925125f,-1.2531120731391128f,-0.13988985267558673f,0f,0f,0f,1f], start_interpolation: 0, interpolation_duration: 1 }
$data merge entity $(bone_tail3) { transformation: [-0.9256025252048009f,0.041352678998386155f,-0.3762312072039641f,-1.00083692761085f,-0.06598789980778538f,0.9611599844964637f,0.26798709163262974f,0.23183650426544233f,0.3727003654592432f,0.27287623594298976f,-0.8869233323372051f,-3.4426562097946323f,0f,0f,0f,1f], start_interpolation: 0, interpolation_duration: 1 }
$data merge entity $(bone_tail2) { transformation: [-1.4269705596907345f,0.06375204678917865f,-0.5800231111061113f,-0.4188573570662148f,-0.10173134553700246f,1.481788309432048f,0.4131467662669708f,-0.4591052771147984f,0.5745797300829999f,0.42068419707877586f,-1.367340137353191f,-1.7842517102192779f,0f,0f,0f,1f], start_interpolation: 0, interpolation_duration: 1 }
$data merge entity $(bone_tail1) { transformation: [-0.9792733416208742f,0.041352678998386155f,-0.19827677203934635f,-0.08577911907180003f,-0.015208298747641728f,0.9611599844964637f,0.27557248021520636f,-0.75f,0.20197135945447556f,0.27287623594298976f,-0.9406094459538968f,-0.8101005938250718f,0f,0f,0f,1f], start_interpolation: 0, interpolation_duration: 1 }
$data merge entity $(bone_body1) { transformation: [-1.3238400080487447f,0f,-0.15882509520625898f,0.5f,0f,1.3333333333333333f,0f,-1.1875f,0.15882509520625898f,0f,-1.3238400080487447f,-0.12499999999999994f,0f,0f,0f,1f], start_interpolation: 0, interpolation_duration: 1 }
data modify entity @s data merge value {"locators":{"hitbox_head":{"posx":1.1404752121557338,"posy":-0.6446832441410199,"posz":3.2088572582949193,"roty":333.9016738845613,"rotx":34.60117738432928},"hitbox_neck":{"posx":0.742487943188625,"posy":-1.0476328077531731,"posz":2.227838672019954,"roty":335.0535779387526,"rotx":20.956355520483818},"hitbox_right_arm":{"posx":0.23119480875899065,"posy":-3.256833157087563,"posz":3.3244162464060265,"roty":326.51280696153196,"rotx":0.7035621973533771},"hitbox_left_arm":{"posx":2.8665514869892292,"posy":-2.693077805256938,"posz":0.6977920382726925,"roty":324.64312741934157,"rotx":30.545954044294007},"hitbox_tail1":{"posx":-0.5928305056171296,"posy":-0.98748565251374,"posz":-2.645256223840754,"roty":337.01343465310714,"rotx":15.544522117600513},"hitbox_tail2":{"posx":-1.2667423728484617,"posy":-0.8789432363428119,"posz":-4.2997006439094845,"roty":337.01343465310714,"rotx":15.544522117600513}},"cameras":{}}