# This file was generated by Animated Java via MC-Build. It is not recommended to edit this file directly.
$data merge entity $(bone_jaw) { transformation: [-0.9291341587431539f,0.2147807655147573f,-0.3009633496317226f,1.1133194152852632f,-0.06002935998045876f,0.7155538390962006f,0.6959735478414575f,-0.034333932489416824f,0.3648372116396409f,0.6647194341371281f,-0.6519523624341188f,3.511646522246063f,0f,0f,0f,1f], start_interpolation: 0, interpolation_duration: 1 }
$data merge entity $(bone_head) { transformation: [-1.045275928586048f,0.16275149616714912f,-0.38279914265046255f,1.028252939140716f,-0.06753302997801611f,0.9551761083199155f,0.590510704354129f,0.09689066847816741f,0.410441863094596f,0.5716428540532765f,-0.8777168817046085f,3.3165983263117056f,0f,0f,0f,1f], start_interpolation: 0, interpolation_duration: 1 }
$data merge entity $(bone_neck) { transformation: [-0.9291341587431539f,0.06771865195865671f,-0.3634885132071631f,1.1255345338254001f,-0.06002935998045876f,0.9424136791118712f,0.32901813531044677f,-0.6070819506482285f,0.3648372116396409f,0.3275219711709877f,-0.8715636335938316f,2.0780421738277224f,0f,0f,0f,1f], start_interpolation: 0, interpolation_duration: 1 }
$data merge entity $(bone_right_arm2) { transformation: [-0.862199258632881f,0.01057906939154062f,-0.506458805534783f,-0.07489636668516081f,0.005548228308592068f,0.9999191538968578f,0.011441277587212209f,-2.2203247205926804f,0.5065388983834764f,0.007054711971503536f,-0.8621882482749652f,2.851932169522506f,0f,0f,0f,1f], start_interpolation: 0, interpolation_duration: 1 }
$data merge entity $(bone_right_arm1) { transformation: [-0.975908638370076f,0.06045083725074923f,-0.5771646496233042f,-0.07966534307452755f,0.09882933158506013f,1.1300563772867718f,-0.04874786473674369f,-0.8542911632748696f,0.5718444716158041f,-0.09213732888262528f,-0.9765631673646414f,1.9872285629925892f,0f,0f,0f,1f], start_interpolation: 0, interpolation_duration: 1 }
$data merge entity $(bone_left_arm2) { transformation: [-0.8357753870558308f,-0.3210322102979647f,-0.44544115474760443f,2.1710482343011237f,-0.5253364596569751f,0.7034848007951138f,0.4786760273977946f,-1.880204473884787f,0.1596906589214008f,0.6340721212933605f,-0.7566052064662169f,1.195786986564276f,0f,0f,0f,1f], start_interpolation: 0, interpolation_duration: 1 }
$data merge entity $(bone_left_arm1) { transformation: [-0.9150421446186809f,-0.4675868031452765f,-0.48294043322180963f,1.0380830498934865f,-0.6607100369373757f,0.7758604109601728f,0.5006734232405063f,-0.7820758432183778f,0.1238189307266877f,0.684524806835761f,-0.8973659611131948f,1.5483293973901011f,0f,0f,0f,1f], start_interpolation: 0, interpolation_duration: 1 }
$data merge entity $(bone_body2) { transformation: [-1.4711290846766605f,-0.019682215747729895f,-0.5850950957289899f,0.595106705429912f,-0.09504648663572637f,1.5694732831342812f,0.18618330577780007f,-0.5f,0.5776589184294315f,0.20811215331019217f,-1.45943274940916f,0.744815908444004f,0f,0f,0f,1f], start_interpolation: 0, interpolation_duration: 1 }
$data merge entity $(bone_right_leg2) { transformation: [-0.9940753239360046f,0.05116240025274231f,-0.09589921345822261f,-1.0807680292193989f,0f,0.8822912264349533f,0.47070393216533263f,-2.3430703749084527f,0.10869337763418502f,0.46791516384520415f,-0.8770639367242209f,-0.7819166610523731f,0f,0f,0f,1f], start_interpolation: 0, interpolation_duration: 1 }
$data merge entity $(bone_right_leg1) { transformation: [-1.3254337652480062f,0.05391422690846988f,-0.13452274103337777f,-0.6183347394280052f,0f,1.2376351159692842f,0.4960212671826419f,-1.125f,0.14492450351224667f,0.4930825018537322f,-1.2303025288217408f,-0.0027199501615418065f,0f,0f,0f,1f], start_interpolation: 0, interpolation_duration: 1 }
$data merge entity $(bone_left_leg2) { transformation: [-0.9981009052590905f,0.021631734633479855f,0.057677126989220964f,1.0106822249444058f,0.02314030040857392f,0.9994039710200362f,0.025616971061849902f,-2.5907094066589003f,-0.057088610229930864f,0.026902988052062426f,-0.9980065730324054f,-0.05455782259579256f,0f,0f,0f,1f], start_interpolation: 0, interpolation_duration: 1 }
$data merge entity $(bone_left_leg1) { transformation: [-1.3254337652480062f,-0.04275868028522922f,-0.13847312727939942f,0.6242594154920006f,0f,1.2739794299652751f,-0.39338809057104174f,-1.125f,0.14492450351224667f,-0.39105739356697466f,-1.2664315145305376f,-0.13858667220427306f,0f,0f,0f,1f], start_interpolation: 0, interpolation_duration: 1 }
$data merge entity $(bone_tail3) { transformation: [-0.963214727500572f,0.0355835610460209f,-0.26636666253358887f,-0.7396598846299427f,-0.040747937253307054f,0.9603947698462871f,0.27564740459778975f,0.24673998572516698f,0.2656256658073524f,0.2763615317571915f,-0.9236164298177135f,-3.516439081078156f,0f,0f,0f,1f], start_interpolation: 0, interpolation_duration: 1 }
$data merge entity $(bone_tail2) { transformation: [-1.4849560382300484f,0.054857989945948885f,-0.41064860473928283f,-0.36729615101316404f,-0.06281973659884837f,1.480608603513026f,0.42495641542159246f,-0.4552664093985309f,0.4095062347863349f,0.4260573614590036f,-1.4239086626356416f,-1.803272854148497f,0f,0f,0f,1f], start_interpolation: 0, interpolation_duration: 1 }
$data merge entity $(bone_tail1) { transformation: [-0.9871766064571957f,0.0355835610460209f,-0.15561541648223387f,-0.07855769519364109f,-0.009281831564509135f,0.9603947698462871f,0.27848830075014847f,-0.75f,0.15936183754733466f,0.2763615317571915f,-0.9477489691360026f,-0.8162098041349108f,0f,0f,0f,1f], start_interpolation: 0, interpolation_duration: 1 }
$data merge entity $(bone_body1) { transformation: [-1.3254337652480062f,0f,-0.14492450351224667f,0.5f,0f,1.3333333333333333f,0f,-1.1875f,0.14492450351224667f,0f,-1.3254337652480062f,-0.12499999999999994f,0f,0f,0f,1f], start_interpolation: 0, interpolation_duration: 1 }
data modify entity @s data merge value {"locators":{"hitbox_head":{"posx":1.0441685364507616,"posy":-0.5977934762423771,"posz":3.242829207866721,"roty":336.4365136400327,"rotx":31.66140410428019},"hitbox_neck":{"posx":0.6810090241202224,"posy":-1.0316290272192155,"posz":2.2465854946576513,"roty":337.36126085113324,"rotx":19.209191143027425},"hitbox_right_arm":{"posx":0.11386651302613499,"posy":-3.2256177490138573,"posz":3.3076302628374523,"roty":329.56955801839564,"rotx":0.6555512207673516},"hitbox_left_arm":{"posx":2.76703698366388,"posy":-2.7901937596502373,"posz":0.9300368023214365,"roty":329.5131220145209,"rotx":28.598966928906673},"hitbox_tail1":{"posx":-0.45670906135195055,"posy":-0.9809614039656024,"posz":-2.6787335066919877,"roty":343.9126859170806,"rotx":16.00059895613643},"hitbox_tail2":{"posx":-0.9361945561779889,"posy":-0.8587264846118282,"posz":-4.3986978332819335,"roty":343.9126859170806,"rotx":16.00059895613643}},"cameras":{}}