# This file was generated by Animated Java via MC-Build. It is not recommended to edit this file directly.
$data merge entity $(bone_jaw) { transformation: [-0.9979545171111607f,-0.0020504589853452392f,-0.06389504985035628f,0.16794655031924208f,-0.010499256648795398f,0.9911705860053444f,0.13217652986686101f,0.5140608175003101f,0.06305987144970104f,0.13257701556367865f,-0.9891646918268845f,3.33809050282479f,0f,0f,0f,1f], start_interpolation: 0, interpolation_duration: 1 }
$data merge entity $(bone_head) { transformation: [-1.1226988317500557f,-0.004948629560017867f,-0.07174847909564135f,0.152002443853544f,-0.011811663729894822f,1.1197809847718134f,0.1075919641209324f,0.5379701428605173f,0.07094235538091367f,0.10812519229553227f,-1.1175424488600254f,3.089747736411451f,0f,0f,0f,1f], start_interpolation: 0, interpolation_duration: 1 }
$data merge entity $(bone_neck) { transformation: [-0.9979545171111607f,-0.0067411539042633445f,-0.06357152366798464f,0.6064903154521667f,-0.010499256648795398f,0.9982046177476163f,0.05896869268652775f,-0.46946057236412364f,0.06305987144970104f,0.059515526977205364f,-0.996233584387403f,2.185542765958555f,0f,0f,0f,1f], start_interpolation: 0, interpolation_duration: 1 }
$data merge entity $(bone_right_arm2) { transformation: [-0.9962546033573522f,0.003325807590210758f,-0.08640430714471134f,-0.7639741494173475f,0.003137716122805169f,0.9999924032914262f,0.00231259528893428f,-1.9363135495521027f,0.08641134200333546f,0.0020328215146955316f,-0.9962574705415624f,2.473838615358646f,0f,0f,0f,1f], start_interpolation: 0, interpolation_duration: 1 }
$data merge entity $(bone_right_arm1) { transformation: [-1.1309777481338772f,0.01845644292825495f,-0.09858853830392615f,-0.4907355440683432f,0.01920605642882323f,1.135227393707711f,-0.0078037757844924465f,-0.6142891158681987f,0.09844525162201326f,-0.00944093398334299f,-1.1311014137304598f,1.7507788389521792f,0f,0f,0f,1f], start_interpolation: 0, interpolation_duration: 1 }
$data merge entity $(bone_left_arm2) { transformation: [-0.9945768964888352f,-0.09180585580467915f,-0.04887209644170307f,1.1293812132490573f,-0.09589956060551022f,0.9913750516232732f,0.08932402417391841f,-1.9432047275317152f,0.040250108649626526f,0.09352642331941892f,-0.9948028633326153f,2.238275541698446f,0f,0f,0f,1f], start_interpolation: 0, interpolation_duration: 1 }
$data merge entity $(bone_left_arm1) { transformation: [-1.1277308742700636f,-0.12028991874055454f,-0.054077884684161096f,0.6451082198367861f,-0.12435751791491367f,1.1249016228378474f,0.0911183495200819f,-0.602339157242133f,0.04392368268445359f,0.09642448511976959f,-1.1304618683145695f,1.679005866827014f,0f,0f,0f,1f], start_interpolation: 0, interpolation_duration: 1 }
$data merge entity $(bone_body2) { transformation: [-1.5800946520926713f,-0.014367810117899263f,-0.10019431573198734f,0.51609157393699f,-0.01662382302725938f,1.5828551130079533f,0.035182157082568964f,-0.5f,0.09984479646202667f,0.036162158417884685f,-1.5797682612846928f,0.7498520224862204f,0f,0f,0f,1f], start_interpolation: 0, interpolation_duration: 1 }
$data merge entity $(bone_right_leg2) { transformation: [-0.9998308828413948f,0.001520274632759882f,-0.018327424304523398f,-1.007181931300495f,0f,0.996577235343934f,0.08266688571756495f,-2.5394211839502696f,0.01839037021370283f,0.08265290532874164f,-0.9964086970335619f,-0.5016667497324752f,0f,0f,0f,1f], start_interpolation: 0, interpolation_duration: 1 }
$data merge entity $(bone_right_leg1) { transformation: [-1.3331078437885262f,0.0015772925469465168f,-0.02446971098123123f,-0.6248097431965691f,0f,1.3305719622217627f,0.08576730803229084f,-1.125f,0.02452049361827044f,0.08575280330885521f,-1.3303469396721919f,-0.10431083350958426f,0f,0f,0f,1f], start_interpolation: 0, interpolation_duration: 1 }
$data merge entity $(bone_left_leg2) { transformation: [-0.9999234695805311f,0.010333340078058851f,0.006802724811703794f,0.9955122743742757f,0.010369486816456348f,0.9999321900249416f,0.005299914630192047f,-2.5764602296491743f,-0.006747497698845528f,0.005370049790753201f,-0.999962816228708f,-0.3735825570936131f,0f,0f,0f,1f], start_interpolation: 0, interpolation_duration: 1 }
$data merge entity $(bone_left_leg1) { transformation: [-1.3331078437885262f,-0.0012396288924523963f,-0.024489138970013594f,0.6249788603551744f,0f,1.3316283840640968f,-0.06740641314163091f,-1.125f,0.02452049361827044f,-0.06739501356056862f,-1.3314031828554658f,-0.1272987962767128f,0f,0f,0f,1f], start_interpolation: 0, interpolation_duration: 1 }
$data merge entity $(bone_tail3) { transformation: [-0.7782384964439619f,-0.01733866662101902f,0.6277294108869256f,1.3462288914739056f,0.15933893502279095f,0.9614522419979115f,0.22409973258126029f,0.1246397708568755f,-0.6074174400183487f,0.2744247747507406f,-0.7454764225410225f,-3.160823788904722f,0f,0f,0f,1f], start_interpolation: 0, interpolation_duration: 1 }
$data merge entity $(bone_tail2) { transformation: [-1.1997843486844413f,-0.026730444374070985f,0.9677495084506769f,0.07520743399686572f,0.2456475248268027f,1.4822388730801133f,0.3454870877294429f,-0.45590215622974706f,-0.9364352200282876f,0.4230715277407251f,-1.1492761514174097f,-1.8904373219083623f,0f,0f,0f,1f], start_interpolation: 0, interpolation_duration: 1 }
$data merge entity $(bone_tail1) { transformation: [-0.9798537646350434f,-0.01733866662101902f,0.19896223403032534f,-0.013708219080974526f,0.03827721740233067f,0.9614522419979115f,0.2722947685599639f,-0.75f,-0.1960139141960782f,0.2744247747507406f,-0.9414189229267371f,-0.8656779770241945f,0f,0f,0f,1f], start_interpolation: 0, interpolation_duration: 1 }
$data merge entity $(bone_body1) { transformation: [-1.3331078437885262f,0f,-0.02452049361827044f,0.5f,0f,1.3333333333333333f,0f,-1.1875f,0.02452049361827044f,0f,-1.3331078437885262f,-0.12499999999999994f,0f,0f,0f,1f], start_interpolation: 0, interpolation_duration: 1 }
data modify entity @s data merge value {"locators":{"hitbox_head":{"posx":0.17468181558012097,"posy":-0.1140170609351937,"posz":3.340106643152829,"roty":356.3265370786668,"rotx":5.488001514594637},"hitbox_neck":{"posx":0.11798743006918316,"posy":-0.8564080189296934,"posz":2.319283577115379,"roty":356.34879988396983,"rotx":3.3806183892886823},"hitbox_right_arm":{"posx":-0.7863637161450372,"posy":-2.937266143230321,"posz":2.97533523798994,"roty":355.0432038384771,"rotx":0.13250206788360167},"hitbox_left_arm":{"posx":1.30778417330514,"posy":-2.9732480687041036,"posz":2.6396349182547327,"roty":357.1874675012287,"rotx":5.124719900331965},"hitbox_tail1":{"posx":0.6170552160028865,"posy":-1.042840138456413,"posz":-2.532843763466077,"roty":40.09909939063061,"rotx":12.949944858251971},"hitbox_tail2":{"posx":1.7220836850378887,"posy":-1.0112101971884244,"posz":-3.9403367934443945,"roty":40.09909939063061,"rotx":12.949944858251971}},"cameras":{}}