# This file was generated by Animated Java via MC-Build. It is not recommended to edit this file directly.
$data merge entity $(bone_jaw) { transformation: [-0.9992452939377099f,-0.0032693203264365796f,-0.03870599550383277f,0.10063267980948742f,-0.00638087267494216f,0.9967308619788878f,0.08054112764749215f,0.5577656351024616f,0.038316145516554115f,0.08072732079925976f,-0.9959994842716173f,3.3054552883264456f,0f,0f,0f,1f], start_interpolation: 0, interpolation_duration: 1 }
$data merge entity $(bone_head) { transformation: [-1.1241509556799236f,-0.004649774445107623f,-0.04345121910284879f,0.09097685334218769f,-0.0071784817593099305f,1.1230664646598572f,0.06553766364496985f,0.5723295603568993f,0.04310566370612338f,0.06576545866957496f,-1.122248549209325f,3.0560667218354847f,0f,0f,0f,1f], start_interpolation: 0, interpolation_duration: 1 }
$data merge entity $(bone_neck) { transformation: [-0.9992452939377099f,-0.004994882654195603f,-0.03852134071667793f,0.5646079737988247f,-0.00638087267494216f,0.9993335351781695f,0.03594120104015089f,-0.4570696585873121f,0.038316145516554115f,0.03615987576822109f,-0.9986112038111634f,2.1871171779769023f,0f,0f,0f,1f], start_interpolation: 0, interpolation_duration: 1 }
$data merge entity $(bone_right_arm2) { transformation: [-0.9986264703295442f,0.002099123612052217f,-0.05235232981651527f,-0.8088293952339117f,0.0020274624918513494f,0.9999969338019445f,0.001421894002068872f,-1.9123653105334197f,0.05235515402517697f,0.001313798603404778f,-0.9986276642373922f,2.435690008049818f,0f,0f,0f,1f], start_interpolation: 0, interpolation_duration: 1 }
$data merge entity $(bone_right_arm1) { transformation: [-1.1337857865045449f,0.011538316988292366f,-0.05972992973201982f,-0.5194851905135595f,0.011802865891052942f,1.1353455058893895f,-0.004720334518643193f,-0.5940550012684138f,0.05967821731144589f,-0.005334458012559381f,-1.133834670876087f,1.7264998997711198f,0f,0f,0f,1f], start_interpolation: 0, interpolation_duration: 1 }
$data merge entity $(bone_left_arm2) { transformation: [-0.9979836990354601f,-0.05696678994081168f,-0.027987877792706454f,1.029942555235373f,-0.05841526470584898f,0.9968310558458829f,0.053995397493932666f,-1.9192628025938352f,0.024823241304181617f,0.05552144581170084f,-0.9981488745403325f,2.2955406056108973f,0f,0f,0f,1f], start_interpolation: 0, interpolation_duration: 1 }
$data merge entity $(bone_left_arm1) { transformation: [-1.1325526185109471f,-0.07433587217601689f,-0.031140831014468663f,0.612659727517866f,-0.07578245865328938f,1.1315485998903572f,0.05500719944770055f,-0.5868254725277043f,0.027433414094919003f,0.05694691509157894f,-1.1336557959085698f,1.683087706900864f,0f,0f,0f,1f], start_interpolation: 0, interpolation_duration: 1 }
$data merge entity $(bone_body2) { transformation: [-1.5821383820680408f,-0.009269054525098162f,-0.060800238977962315f,0.5097736405632444f,-0.010103048401991756f,1.5831544746508548f,0.021547209805627302f,-0.5f,0.060667230401210685f,0.021918906579285996f,-1.582018803028036f,0.7499454131259506f,0f,0f,0f,1f], start_interpolation: 0, interpolation_duration: 1 }
$data merge entity $(bone_right_leg2) { transformation: [-0.9999376150010865f,0.0005612227499821143f,-0.011155766892680857f,-1.0040219237913406f,0f,0.9987369566060175f,0.050244318179769605f,-2.549187374907519f,0.011169874929422076f,0.05024118368803454f,-0.9986746504020647f,-0.47666869907488696f,0f,0f,0f,1f], start_interpolation: 0, interpolation_duration: 1 }
$data merge entity $(bone_right_leg1) { transformation: [-1.3332501533347818f,0.000582105622891243f,-0.014881786304133632f,-0.6249298168762223f,0f,1.3323144975360623f,0.052113889060471416f,-1.125f,0.014893166572562767f,0.05211063793555901f,-1.3322313810975812f,-0.1124338907044001f,0f,0f,0f,1f], start_interpolation: 0, interpolation_duration: 1 }
$data merge entity $(bone_left_leg2) { transformation: [-0.9999737548579495f,0.006361573775440187f,0.0034669834717126514f,0.9969730169904689f,0.0063729814371799145f,0.999974282421327f,0.003289316578438485f,-2.5714196544359798f,-0.0034459690792079424f,0.003311325271165875f,-0.9999885801458203f,-0.3987708962703877f,0f,0f,0f,1f], start_interpolation: 0, interpolation_duration: 1 }
$data merge entity $(bone_left_leg1) { transformation: [-1.3332501533347818f,-0.0004574132927395749f,-0.014886140656252248f,0.6249922018751358f,0f,1.332704327515908f,-0.04095061902033681f,-1.125f,0.014893166572562767f,-0.04094806431601372f,-1.3326211867578839f,-0.1263962343661777f,0f,0f,0f,1f], start_interpolation: 0, interpolation_duration: 1 }
$data merge entity $(bone_tail3) { transformation: [-0.7364274772036248f,-0.020247927548787854f,0.6762134221157428f,1.4632007553043542f,0.1681220887273841f,0.9627175699744904f,0.21191942748212983f,0.09605373384309229f,-0.6552934717372411f,0.26974970230269224f,-0.7055675474440151f,-3.0833281528970256f,0f,0f,0f,1f], start_interpolation: 0, interpolation_duration: 1 }
$data merge entity $(bone_tail2) { transformation: [-1.1353256940222547f,-0.03121555497104794f,1.0424956924284368f,0.107043640602281f,0.2591882201213838f,1.4841895870440058f,0.32670911736828345f,-0.4607894759651951f,-1.0102441022615798f,0.41586412438331716f,-1.0877499689761898f,-1.8928787545884076f,0f,0f,0f,1f], start_interpolation: 0, interpolation_duration: 1 }
$data merge entity $(bone_tail1) { transformation: [-0.9745497271265311f,-0.020247927548787854f,0.22325512488537147f,-0.008346213697609794f,0.04124297968174912f,0.9627175699744904f,0.26734602501137533f,-0.75f,-0.220344834258883f,0.26974970230269224f,-0.9373810602540645f,-0.8693682737861037f,0f,0f,0f,1f], start_interpolation: 0, interpolation_duration: 1 }
$data merge entity $(bone_body1) { transformation: [-1.3332501533347818f,0f,-0.014893166572562767f,0.5f,0f,1.3333333333333333f,0f,-1.1875f,0.014893166572562767f,0f,-1.3332501533347818f,-0.12499999999999994f,0f,0f,0f,1f], start_interpolation: 0, interpolation_duration: 1 }
data modify entity @s data merge value {"locators":{"hitbox_head":{"posx":0.10562984445137215,"posy":-0.0698011599110685,"posz":3.3312660640216443,"roty":357.7827295356195,"rotx":3.3396966233843663},"hitbox_neck":{"posx":0.07167357541487779,"posy":-0.8395028207466155,"posz":2.3175416977984917,"roty":357.7909155556232,"rotx":2.059722740626494},"hitbox_right_arm":{"posx":-0.8471665083333029,"posy":-2.912946474930658,"posz":2.9369622386916827,"roty":356.9990575390819,"rotx":0.08146855268547797},"hitbox_left_arm":{"posx":1.163277265262254,"posy":-2.939440603142569,"posz":2.7375421444878514,"roty":358.39385962196394,"rotx":3.0952136512283923},"hitbox_tail1":{"posx":0.6791797486188981,"posy":-1.0581483081430216,"posz":-2.498357036216032,"roty":43.78300932464197,"rotx":12.234859358717129},"hitbox_tail2":{"posx":1.8701462101522437,"posy":-1.0483083987897286,"posz":-3.8342563826065676,"roty":43.78300932464197,"rotx":12.234859358717129}},"cameras":{}}