# This file was generated by Animated Java via MC-Build. It is not recommended to edit this file directly.
$data merge entity $(bone_jaw) { transformation: [-0.89057771976847f,0.30133665218006234f,-0.3406868754514979f,1.035250412276703f,-0.17368314345277597f,0.46696700176717076f,0.8670501628746408f,0.04028032553416372f,0.4203635221238337f,0.8313471244392987f,-0.3635333106527572f,3.4692464250052732f,0f,0f,0f,1f], start_interpolation: 0, interpolation_duration: 1 }
$data merge entity $(bone_head) { transformation: [-1.0018999347395288f,0.18588205996420776f,-0.47672778453997255f,0.9293109046011536f,-0.19539353638437296f,0.8297285401319758f,0.7341640931220133f,0.2034279017835f,0.4729089623893129f,0.7366297641786694f,-0.7066531708114957f,3.312212387047163f,0f,0f,0f,1f], start_interpolation: 0, interpolation_duration: 1 }
$data merge entity $(bone_neck) { transformation: [-0.9335661039700207f,0.041505124042267146f,-0.3559938962910353f,1.062749721554789f,-0.08311680085697129f,0.9411213968122467f,0.32769210225067685f,-0.4887053488223515f,0.3486343742856389f,0.3355113129842293f,-0.875149262655268f,2.0703556539511947f,0f,0f,0f,1f], start_interpolation: 0, interpolation_duration: 1 }
$data merge entity $(bone_right_arm2) { transformation: [-0.881659217365382f,-0.22475723194037095f,-0.41492313881629245f,0.09120377360320628f,0.008419392222902526f,0.8716532332353203f,-0.49005076759965316f,-1.6311970398572058f,0.471811549529321f,-0.43555117687926725f,-0.7666087881376173f,3.3854217812533216f,0f,0f,0f,1f], start_interpolation: 0, interpolation_duration: 1 }
$data merge entity $(bone_right_arm1) { transformation: [-1.0241305390267437f,-0.18176733703819975f,-0.4552892280334306f,-0.13664102077164653f,0.11004001688769767f,0.9423426405147435f,-0.6237407710704025f,-0.8258409980456136f,0.4777225561563854f,-0.6067305744712282f,-0.8323642089167858f,1.968737758004277f,0f,0f,0f,1f], start_interpolation: 0, interpolation_duration: 1 }
$data merge entity $(bone_left_arm2) { transformation: [-0.6575055177163028f,-0.4774573439498443f,-0.58285588174177f,2.421861809731977f,-0.7495351011123023f,0.49324764517061254f,0.4414792098550239f,-1.4015427619154452f,0.07670480019651342f,0.7271459586919297f,-0.6821840868745088f,1.046230219691398f,0f,0f,0f,1f], start_interpolation: 0, interpolation_duration: 1 }
$data merge entity $(bone_left_arm1) { transformation: [-0.6833516089603963f,-0.6613932570179779f,-0.6202906939869665f,1.0066127823322657f,-0.9067442247836759f,0.5019163167987981f,0.4637520120678972f,-0.7240553844961585f,0.0040615633852020775f,0.7744740004975786f,-0.8302677478985852f,1.5417968348068247f,0f,0f,0f,1f], start_interpolation: 0, interpolation_duration: 1 }
$data merge entity $(bone_body2) { transformation: [-1.4781463312858663f,-0.09158337309800725f,-0.5600360287718729f,0.5579110917394573f,-0.1316016013568712f,1.5753009308643708f,0.0897353898002258f,-0.4694179921957401f,0.5520044259522617f,0.13032232132018876f,-1.4782596695909944f,0.7231071780862057f,0f,0f,0f,1f], start_interpolation: 0, interpolation_duration: 1 }
$data merge entity $(bone_right_leg2) { transformation: [-0.9976768535825647f,0.03990696396627719f,-0.05521168402238712f,-1.0626390844926927f,0f,0.8104571982525948f,0.5857978574564389f,-2.2323881532149796f,0.0681241207326279f,0.5844369632625477f,-0.8085743875159898f,-0.9911960619412046f,0f,0f,0f,1f], start_interpolation: 0, interpolation_duration: 1 }
$data merge entity $(bone_right_leg1) { transformation: [-1.3302358047767529f,0.04390625729480788f,-0.07951554588936804f,-0.6225373746854457f,0f,1.1672157384819537f,0.6445038383266659f,-1.1250392722719358f,0.09083216097683719f,0.643006561543634f,-1.1645041254207253f,-0.050570503656227006f,0f,0f,0f,1f], start_interpolation: 0, interpolation_duration: 1 }
$data merge entity $(bone_left_leg2) { transformation: [-0.9540833114512094f,0.017217729938677703f,-0.2990461245126803f,1.0267322053020242f,0.010008613729057786f,0.9996215984820306f,0.025622012010232675f,-2.5373387711003197f,0.2993741178884996f,0.021452496917346298f,-0.9538946104861343f,0.24944195964663277f,0f,0f,0f,1f], start_interpolation: 0, interpolation_duration: 1 }
$data merge entity $(bone_left_leg1) { transformation: [-1.3302358047767529f,-0.04336312856442935f,-0.07981303495561885f,0.6245586922927602f,0f,1.1715826068253763f,-0.6365312036043744f,-1.1250392722719358f,0.09083216097683719f,-0.6350524484191352f,-1.1688608488896004f,-0.13572565457201188f,0f,0f,0f,1f], start_interpolation: 0, interpolation_duration: 1 }
$data merge entity $(bone_tail3) { transformation: [-0.8478199324993481f,0.007815372867284807f,-0.5302266326805418f,-1.2936454412814005f,-0.086800339887036f,0.9843599684503109f,0.1533008594496392f,-0.1137012953476752f,0.5231319747944069f,0.17599537624451472f,-0.8338816249853787f,-3.442748261602675f,0f,0f,0f,1f], start_interpolation: 0, interpolation_duration: 1 }
$data merge entity $(bone_tail2) { transformation: [-1.3070557292698282f,0.012048699837064077f,-0.8174327253825019f,-0.40691337898041885f,-0.1338171906591805f,1.517554951360896f,0.23633882498486042f,-0.5965579433860615f,0.8064951278080439f,0.2713262050436268f,-1.285567505185792f,-1.8468278509516356f,0f,0f,0f,1f], start_interpolation: 0, interpolation_duration: 1 }
$data merge entity $(bone_tail1) { transformation: [-0.9754087804284592f,0.007815372867284807f,-0.22026491098223303f,-0.050955813508238856f,-0.03126355897213948f,0.9843599684503109f,0.17337255374740998f,-0.7768583368711671f,0.2181749319776708f,0.17599537624451472f,-0.9599090199581888f,-0.8541963837432689f,0f,0f,0f,1f], start_interpolation: 0, interpolation_duration: 1 }
$data merge entity $(bone_body1) { transformation: [-1.3302358047767529f,-0.0032195073079562923f,-0.0907750860116149f,0.5f,0f,1.3324955248653707f,-0.04725943283131896f,-1.1875f,0.09083216097683719f,-0.04714964224924687f,-1.3293999426605312f,-0.12499999999999994f,0f,0f,0f,1f], start_interpolation: 0, interpolation_duration: 1 }
data modify entity @s data merge value {"locators":{"hitbox_head":{"posx":0.9584674781043638,"posy":-0.4614668686014902,"posz":3.0992661766177623,"roty":325.99530792341216,"rotx":40.73718566788802},"hitbox_neck":{"posx":0.6249014850903079,"posy":-0.9241457858367642,"posz":2.2282497565568367,"roty":337.8644533018124,"rotx":19.128755214172067},"hitbox_right_arm":{"posx":0.46831887386638704,"posy":-2.2572986772787678,"posz":4.233765574046981,"roty":331.57575587427954,"rotx":-29.34391843627728},"hitbox_left_arm":{"posx":3.231841189409975,"posy":-2.0686840681940506,"posz":0.6553822544244406,"roty":319.4895298746285,"rotx":26.198298687727192},"hitbox_tail1":{"posx":-0.6713282270363365,"posy":-1.2185835363662882,"posz":-2.6175094971617705,"roty":327.5496123918022,"rotx":8.818264951571363},"hitbox_tail2":{"posx":-1.6021555990525165,"posy":-1.3194420204982862,"posz":-4.142800606977876,"roty":327.5496123918022,"rotx":8.818264951571363}},"cameras":{}}