# This file was generated by Animated Java via MC-Build. It is not recommended to edit this file directly.
$data merge entity $(bone_jaw) { transformation: [-0.9999061915227329f,0.0024222034200052684f,0.013481138123173477f,-0.03454279110531671f,0.002250246812481041f,0.9999161077613713f,-0.012755933075729227f,0.6383100801299392f,-0.013510904625038452f,-0.012724400572980986f,-0.9998277577094324f,3.237524319236757f,0f,0f,0f,1f], start_interpolation: 0, interpolation_duration: 1 }
$data merge entity $(bone_head) { transformation: [-1.1248944654630744f,0.002605449005480014f,0.015187271184249191f,-0.031167841953261333f,0.002531527664041171f,1.1249837533589397f,-0.005490541514141442f,0.6370899597934633f,-0.01519976770316826f,-0.005455851346229987f,-1.1248840832494065f,2.987550078514667f,0f,0f,0f,1f], start_interpolation: 0, interpolation_duration: 1 }
$data merge entity $(bone_neck) { transformation: [-0.9999061915227329f,0.0023159546715377905f,0.013499796608221502f,0.4772931367137762f,0.002250246812481041f,0.9999855585412797f,-0.004880481345903504f,-0.43048521065643375f,-0.013510904625038452f,-0.004849645641093321f,-0.9998969628883613f,2.187041996974054f,0f,0f,0f,1f], start_interpolation: 0, interpolation_duration: 1 }
$data merge entity $(bone_right_arm2) { transformation: [-0.9998315281894f,-0.0007972023953067238f,0.018337930820845144f,-0.897388418820442f,-0.0008067550915820426f,0.9999995427145797f,-0.0005135336928338476f,-1.8617376527069456f,-0.018337513044886747f,-0.0005282413959416094f,-0.9998317141281108f,2.3531560926297597f,0f,0f,0f,1f], start_interpolation: 0, interpolation_duration: 1 }
$data merge entity $(bone_right_arm1) { transformation: [-1.1352158618603863f,-0.0042946533458128235f,0.020916736783349897f,-0.5772269662697049f,-0.004264967780246169f,1.1354074567999428f,0.0016504658018765366f,-0.5513055244525309f,-0.020922809917841012f,0.001571604329658264f,-1.1352227856369943f,1.673342921283174f,0f,0f,0f,1f], start_interpolation: 0, interpolation_duration: 1 }
$data merge entity $(bone_left_arm2) { transformation: [-0.9997457255796485f,0.020849855627731458f,0.008588812812321345f,0.8202606610504204f,0.02068606594767031f,0.999610432895788f,-0.018736838620856556f,-1.8574085224484431f,-0.008976127273550396f,-0.01855440557382914f,-0.9997875590209006f,2.400343123288783f,0f,0f,0f,1f], start_interpolation: 0, interpolation_duration: 1 }
$data merge entity $(bone_left_arm1) { transformation: [-1.1350540854566094f,0.027002207728778493f,0.009701072645645275f,0.5448474512625905f,0.026836761938323964f,1.1349397753544694f,-0.019039471406952464f,-0.5538307057173587f,-0.0101497902130989f,-0.018804096377181466f,-1.135215571890428f,1.6885045840131419f,0f,0f,0f,1f], start_interpolation: 0, interpolation_duration: 1 }
$data merge entity $(bone_body2) { transformation: [-1.5831848032443272f,0.0036669282299348353f,0.02137467796301738f,0.4965543471711235f,0.003562890786428315f,1.5833104676903595f,-0.007727428797680548f,-0.5f,-0.021392265656310885f,-0.007678605598397759f,-1.5831701912399054f,0.7499932156746034f,0f,0f,0f,1f], start_interpolation: 0, interpolation_duration: 1 }
$data merge entity $(bone_right_leg2) { transformation: [-0.999992246485261f,0.00006977789042623758f,0.003937270679947734f,-0.9988359134834595f,0f,0.9998429952322267f,-0.01771961864854098f,-2.566670408242322f,-0.00393788894728742f,-0.017719481259216623f,-0.9998352429348265f,-0.4235629555899729f,0f,0f,0f,1f], start_interpolation: 0, interpolation_duration: 1 }
$data merge entity $(bone_right_leg1) { transformation: [-1.3333229953136811f,0.00007236375294572156f,0.005250019906459945f,-0.6249912772959185f,0f,1.33320669443367f,-0.018376280772358675f,-1.125f,-0.005250518596383227f,-0.01837613829159486f,-1.3331963573959147f,-0.1294301250656983f,0f,0f,0f,1f], start_interpolation: 0, interpolation_duration: 1 }
$data merge entity $(bone_left_leg2) { transformation: [-0.9999975541924778f,-0.0021564629058998903f,-0.0004911993464564741f,1.0012879413309763f,-0.002155870766646813f,0.9999969526781735f,-0.0012028531100364576f,-2.5590316456124356f,0.0004937917577270247f,-0.0012017912057776525f,-0.9999991559334426f,-0.45107689163484394f,0f,0f,0f,1f], start_interpolation: 0, interpolation_duration: 1 }
$data merge entity $(bone_left_leg1) { transformation: [-1.3333229953136811f,-0.00005685792328729067f,0.005250210729820808f,0.6249990308106577f,0f,1.3332551527227219f,0.014438681244796591f,-1.125f,-0.005250518596383227f,0.014438569294268748f,-1.3332448153092444f,-0.12450776388158902f,0f,0f,0f,1f], start_interpolation: 0, interpolation_duration: 1 }
$data merge entity $(bone_tail3) { transformation: [-0.664559664802613f,-0.021880128545532358f,0.7469147956040701f,1.6422024174374672f,0.1729336305164459f,0.9679306077581862f,0.18222046537441883f,0.019716027361683153f,-0.726948699258648f,0.2502630586796609f,-0.6394638301784241f,-2.961429014504661f,0f,0f,0f,1f], start_interpolation: 0, interpolation_duration: 1 }
$data merge entity $(bone_tail2) { transformation: [-1.0245294832373615f,-0.033731864841029045f,1.1514936432229415f,0.1627697416817963f,0.26660601371285403f,1.4922263536272036f,0.280923217452229f,-0.4818176303554563f,-1.120712578023749f,0.3858222154644772f,-0.9858400715250705f,-1.900227243829883f,0f,0f,0f,1f], start_interpolation: 0, interpolation_duration: 1 }
$data merge entity $(bone_tail1) { transformation: [-0.9643127176247307f,-0.021880128545532358f,0.2638602709807554f,0.002957293467835076f,0.04563368021498443f,0.9679306077581862f,0.24703826787545477f,-0.75f,-0.26080366151042284f,0.2502630586796609f,-0.9323893240503441f,-0.8769631293375895f,0f,0f,0f,1f], start_interpolation: 0, interpolation_duration: 1 }
$data merge entity $(bone_body1) { transformation: [-1.3333229953136811f,0f,0.005250518596383227f,0.5f,0f,1.3333333333333333f,0f,-1.1875f,-0.005250518596383227f,0f,-1.3333229953136811f,-0.12499999999999994f,0f,0f,0f,1f], start_interpolation: 0, interpolation_duration: 1 }
data modify entity @s data merge value {"locators":{"hitbox_head":{"posx":-0.036834000063041675,"posy":0.013624136125758302,"posz":3.303048907942963,"roty":0.7735140784701571,"rotx":-0.2796320932174702},"hitbox_neck":{"posx":-0.02521591662544459,"posy":-0.8037446115349351,"posz":2.3070922821379902,"roty":0.7735140784701571,"rotx":-0.2796320932174702},"hitbox_right_arm":{"posx":-0.9682496523473954,"posy":-2.8615308507683324,"posz":2.8524540965244514,"roty":1.0507450759143637,"rotx":-0.02942331453038454},"hitbox_left_arm":{"posx":0.8576005068652562,"posy":-2.8489434151555324,"posz":2.919352316327659,"roty":0.4921951825638473,"rotx":-1.073604598879663},"hitbox_tail1":{"posx":0.7757537181690706,"posy":-1.1041057200437387,"posz":-2.4366873336799646,"roty":49.43183675117115,"rotx":10.499122424964819},"hitbox_tail2":{"posx":2.0910596586807677,"posy":-1.1481938835478256,"posz":-3.6495976834970794,"roty":49.43183675117115,"rotx":10.499122424964819}},"cameras":{}}