# This file was generated by Animated Java via MC-Build. It is not recommended to edit this file directly.
$data merge entity $(bone_jaw) { transformation: [-0.9996977529972512f,0.0045925414553990235f,0.02415183668434785f,-0.06178771475336346f,0.004038805312444609f,0.999728999664609f,-0.022926301080816884f,0.6489446163498485f,-0.02425058151663869f,-0.022821827108725046f,-0.9994453829517269f,3.2272461611617964f,0f,0f,0f,1f], start_interpolation: 0, interpolation_duration: 1 }
$data merge entity $(bone_head) { transformation: [-1.1246599721219075f,0.004781987277278736f,0.02724113992530442f,-0.05573412810329581f,0.004543655976500185f,1.1249473509163819f,-0.009890038249759809f,0.6467468300721241f,-0.027281904206218528f,-0.00977702735469438f,-1.1246266524669366f,2.977329127280255f,0f,0f,0f,1f], start_interpolation: 0, interpolation_duration: 1 }
$data merge entity $(bone_neck) { transformation: [-0.9996977529972512f,0.004250655357581099f,0.024214346600270595f,0.45927258369061974f,0.004038805312444609f,0.9999532008145617f,-0.008791145110897607f,-0.42486565385217456f,-0.02425058151663869f,-0.00869069098195056f,-0.999668135526166f,2.1864579170918867f,0f,0f,0f,1f], start_interpolation: 0, interpolation_duration: 1 }
$data merge entity $(bone_right_arm2) { transformation: [-0.9994587359604878f,-0.0014517513764876163f,0.03286529370330331f,-0.914835885792355f,-0.0014829912532109046f,0.9999984714561752f,-0.0009261869444226723f,-1.8511616428113458f,-0.0328638988740901f,-0.0009744245758319986f,-0.9994593611786021f,2.335634741717752f,0f,0f,0f,1f], start_interpolation: 0, interpolation_duration: 1 }
$data merge entity $(bone_right_arm1) { transformation: [-1.1347710175282781f,-0.0077884710065933786f,0.03748445600058446f,-0.5887676741371259f,-0.007694995074631769f,1.1353867384133702f,0.0029577407415609346f,-0.5423809744722328f,-0.03750375678624329f,0.0027020175558924294f,-1.134793890657017f,1.6619393321899387f,0f,0f,0f,1f], start_interpolation: 0, interpolation_duration: 1 }
$data merge entity $(bone_left_arm2) { transformation: [-0.9991784987010275f,0.037672700729853334f,0.014936376845797255f,0.7767613658895367f,0.03715585835442439f,0.9987481763830638f,-0.03348913796218743f,-1.8427180537777286f,-0.016179305408660485f,-0.03290665268943928f,-0.9993274649909658f,2.419494013193168f,0f,0f,0f,1f], start_interpolation: 0, interpolation_duration: 1 }
$data merge entity $(bone_left_arm1) { transformation: [-1.1342444809264833f,0.048720228941764934f,0.01693528045585687f,0.5308313281102329f,0.04819686229817202f,1.133883222955878f,-0.03401332251112073f,-0.5469041839968387f,-0.018371905096302894f,-0.03325932854849117f,-1.1347807264454575f,1.6890984678272294f,0f,0f,0f,1f], start_interpolation: 0, interpolation_duration: 1 }
$data merge entity $(bone_body2) { transformation: [-1.5828547755789812f,0.0067302043161700745f,0.03833938211709511f,0.4938150409686599f,0.006394775078037298f,1.5832592346230563f,-0.013919313092254547f,-0.5f,-0.03839675406801126f,-0.01376026072142172f,-1.582807881249763f,0.749978140459395f,0f,0f,0f,1f], start_interpolation: 0, interpolation_duration: 1 }
$data merge entity $(bone_right_leg2) { transformation: [-0.9999750176678799f,0.00022480213971593193f,0.007064948982209212f,-0.998005646559194f,0f,0.999494148321567f,-0.03180326195448069f,-2.5697905718683125f,-0.007068524607245832f,-0.03180246743482804f,-0.9994691786268015f,-0.4124400569113602f,0f,0f,0f,1f], start_interpolation: 0, interpolation_duration: 1 }
$data merge entity $(bone_right_leg1) { transformation: [-1.333300023557173f,0.00023314367720604656f,0.009421815337018226f,-0.624971894876365f,0f,1.33292530768869f,-0.03298335793682527f,-1.125f,-0.009424699476327776f,-0.03298253393562285f,-1.3328920081059619f,-0.13295209018315152f,0f,0f,0f,1f], start_interpolation: 0, interpolation_duration: 1 }
$data merge entity $(bone_left_leg2) { transformation: [-0.9999918821453279f,-0.003939911943097947f,-0.0008442377185706425f,1.0023935087597458f,-0.003938069660195409f,0.9999898851193285f,-0.002172847528861672f,-2.556154240774168f,0.000852790007136354f,-0.0021695052230557114f,-0.9999972829944545f,-0.4618394298032626f,0f,0f,0f,1f], start_interpolation: 0, interpolation_duration: 1 }
$data merge entity $(bone_left_leg1) { transformation: [-1.333300023557173f,-0.00018319146879047844f,0.009422918927002154f,0.624996877208485f,0f,1.3330814350342461f,0.025916507187750577f,-1.125f,-0.009424699476327776f,0.025915859732960622f,-1.333048131551093f,-0.12411643442409422f,0f,0f,0f,1f], start_interpolation: 0, interpolation_duration: 1 }
$data merge entity $(bone_tail3) { transformation: [-0.6618596012268875f,-0.020124962694074662f,0.7493576276654209f,1.6526874575893387f,0.16795260216133404f,0.9702458042194039f,0.17439897597715107f,-0.003728150199109992f,-0.7305708669876059f,0.2412842002104662f,-0.638786461219846f,-2.964909076968463f,0f,0f,0f,1f], start_interpolation: 0, interpolation_duration: 1 }
$data merge entity $(bone_tail2) { transformation: [-1.0203668852247847f,-0.0310259841533651f,1.1552596759841904f,0.1686828860684526f,0.2589269283320566f,1.4957956148382474f,0.26886508796477454f,-0.4916532431772397f,-1.126296753272559f,0.371979808657802f,-0.9847957943805957f,-1.903746608094165f,0f,0f,0f,1f], start_interpolation: 0, interpolation_duration: 1 }
$data merge entity $(bone_tail1) { transformation: [-0.9634567367903841f,-0.020124962694074662f,0.2671069115724764f,0.005313884621494458f,0.04565455728274408f,0.9702458042194039f,0.23777876438815745f,-0.75f,-0.2639446489939533f,0.2412842002104662f,-0.933871060155659f,-0.8785155255545329f,0f,0f,0f,1f], start_interpolation: 0, interpolation_duration: 1 }
$data merge entity $(bone_body1) { transformation: [-1.333300023557173f,0f,0.009424699476327776f,0.5f,0f,1.3333333333333333f,0f,-1.1875f,-0.009424699476327776f,0f,-1.333300023557173f,-0.12499999999999994f,0f,0f,0f,1f], start_interpolation: 0, interpolation_duration: 1 }
data modify entity @s data merge value {"locators":{"hitbox_head":{"posx":-0.06595777101436856,"posy":0.024523312410178466,"posz":3.2951571014959007,"roty":1.3875691079063017,"rotx":-0.5037020001206461},"hitbox_neck":{"posx":-0.04519708189213256,"posy":-0.7967298083625507,"posz":2.3025501523925698,"roty":1.3875691079063017,"rotx":-0.5037020001206461},"hitbox_right_arm":{"posx":-0.9922829522650495,"posy":-2.8507897077486355,"posz":2.834284853203254,"roty":1.8833825823216728,"rotx":-0.05306661054249203},"hitbox_left_arm":{"posx":0.794069132905599,"posy":-2.8270439023268503,"posz":2.9530756049661315,"roty":0.8563035304111395,"rotx":-1.9191451061798999},"hitbox_tail1":{"posx":0.7816924272623464,"posy":-1.120432375627668,"posz":-2.4325540919672077,"roty":49.554219871938926,"rotx":10.043684130487145},"hitbox_tail2":{"posx":2.100615136687111,"posy":-1.1790763442499301,"posz":-3.6409119741808635,"roty":49.554219871938926,"rotx":10.043684130487145}},"cameras":{}}