# This file was generated by Animated Java via MC-Build. It is not recommended to edit this file directly.
$data merge entity $(bone_jaw) { transformation: [-0.9990890989371396f,0.008676813405446059f,0.04178139890072386f,-0.10663159502180798f,0.007009691081410376f,0.9991797471511255f,-0.03988354440062134f,0.666720734400039f,-0.04209318966195759f,-0.039554339738392924f,-0.998330415039f,3.209466197626528f,0f,0f,0f,1f], start_interpolation: 0, interpolation_duration: 1 }
$data merge entity $(bone_head) { transformation: [-1.123975236304282f,0.008604937409672468f,0.04722947413330753f,-0.09613615632551742f,0.007885902466586672f,1.1248398045782904f,-0.017269237926469446f,0.6628831259719347f,-0.047354838369702286f,-0.01692244333567549f,-1.1238755047577689f,2.959716085458135f,0f,0f,0f,1f], start_interpolation: 0, interpolation_duration: 1 }
$data merge entity $(bone_neck) { transformation: [-0.9990890989371396f,0.007648833253042193f,0.04198175478516225f,0.4293916835746393f,0.007009691081410376f,0.9998576040695915f,-0.015350433712417285f,-0.41544265128405067f,-0.04209318966195759f,-0.015042171853933767f,-0.9990004486735724f,2.185057123336641f,0f,0f,0f,1f], start_interpolation: 0, interpolation_duration: 1 }
$data merge entity $(bone_right_arm2) { transformation: [-0.9983765834333695f,-0.002579478814494727f,0.05689941951336119f,-0.943142466183063f,-0.0026760089396367704f,0.9999951066664489f,-0.0016203762874164264f,-1.8335223067944186f,-0.05689496135921772f,-0.001770009096985158f,-0.9983786007521042f,2.3062250996399447f,0f,0f,0f,1f], start_interpolation: 0, interpolation_duration: 1 }
$data merge entity $(bone_right_arm1) { transformation: [-1.133477657282684f,-0.013744376547084054f,0.06488836181268853f,-0.6076143434330374f,-0.013473604810013256f,1.1353251702368257f,0.005121205384564567f,-0.527501359721568f,-0.06494512575109848f,0.004342451438907645f,-1.1335494169647473f,1.6426998264203083f,0f,0f,0f,1f], start_interpolation: 0, interpolation_duration: 1 }
$data merge entity $(bone_left_arm2) { transformation: [-0.997513445051555f,0.06606553895450346f,0.024541220508138215f,0.7045822870901954f,0.0645623684865792f,0.9962450752178709f,-0.05768405914585302f,-1.8169677096555348f,-0.028259998527622742f,-0.055956185241580705f,-0.998033204766469f,2.4493683879951007f,0f,0f,0f,1f], start_interpolation: 0, interpolation_duration: 1 }
$data merge entity $(bone_left_arm1) { transformation: [-1.1318651366053767f,0.085247508634219f,0.02802109479293767f,0.5075798363376174f,0.08371890665860433f,1.1308117238921165f,-0.058540556202276314f,-0.5353256535751345f,-0.032302695702122686f,-0.056291334361895665f,-1.1335602447468671f,1.6896847051152473f,0f,0f,0f,1f], start_interpolation: 0, interpolation_duration: 1 }
$data merge entity $(bone_body2) { transformation: [-1.5818910733171379f,0.01211065265065014f,0.06647111174317356f,0.48926240399999493f,0.01109867754556643f,1.5831078731101866f,-0.024304853377994037f,-0.5f,-0.06664755029809952f,-0.0238167721020618f,-1.5817507103998232f,0.7499341141092515f,0f,0f,0f,1f], start_interpolation: 0, interpolation_duration: 1 }
$data merge entity $(bone_right_leg2) { transformation: [-0.9999247018391445f,0.0006773305542268932f,0.01225283131436174f,-0.9968131791172822f,0f,0.9984755805732947f,-0.055195244349689934f,-2.5745924389365964f,-0.012271538285720049f,-0.05519108824930243f,-0.9984003971984183f,-0.3938764917181559f,0f,0f,0f,1f], start_interpolation: 0, interpolation_duration: 1 }
$data merge entity $(bone_right_leg1) { transformation: [-1.333232935785526f,0.0007025579518656141f,0.016346960782035704f,-0.6249152895690375f,0f,1.332103637003527f,-0.057251009246587756f,-1.125f,-0.01636205104762673f,-0.05724669835088437f,-1.3320033320495916f,-0.138805480571435f,0f,0f,0f,1f], start_interpolation: 0, interpolation_duration: 1 }
$data merge entity $(bone_left_leg2) { transformation: [-0.9999743171131472f,-0.007037744082757164f,-0.0013547222299878613f,1.004390228702618f,-0.007032534641633972f,0.9999680036487151f,-0.0038124972547352934f,-2.5511373778449205f,0.0013815102638145334f,-0.0038028722077874944f,-0.999991814762682f,-0.47966205985830224f,0f,0f,0f,1f], start_interpolation: 0, interpolation_duration: 1 }
$data merge entity $(bone_left_leg1) { transformation: [-1.333232935785526f,-0.0005520747762389861f,0.016352734570296908f,0.624990587729893f,0f,1.3325741394072823f,0.0449882291351701f,-1.125f,-0.01636205104762673f,0.04498484160425607f,-1.3324737990253812f,-0.12346605771428494f,0f,0f,0f,1f], start_interpolation: 0, interpolation_duration: 1 }
$data merge entity $(bone_tail3) { transformation: [-0.7057720514403375f,-0.010591199446516923f,0.708359822336065f,1.5711710014001108f,0.13940321976811157f,0.9782628209457906f,0.15352066790327434f,-0.07516621962336778f,-0.6945880460560642f,0.20709823671259964f,-0.6889541106826715f,-3.0835224256120775f,0f,0f,0f,1f], start_interpolation: 0, interpolation_duration: 1 }
$data merge entity $(bone_tail2) { transformation: [-1.0880652459705202f,-0.016328099146713588f,1.0920547261014335f,0.15676067798616877f,0.21491329714250532f,1.5081551822914272f,0.23667769635088126f,-0.529016348398329f,-1.0708232376697655f,0.31927644826525775f,-1.062137587302452f,-1.9173878932226887f,0f,0f,0f,1f], start_interpolation: 0, interpolation_duration: 1 }
$data merge entity $(bone_tail1) { transformation: [-0.9674959013950389f,-0.010591199446516923f,0.25266481210901726f,0.009241302794717798f,0.04230698034825269f,0.9782628209457906f,0.20300732146648412f,-0.75f,-0.24932268287826012f,0.20709823671259964f,-0.9460171880853532f,-0.8810792955222184f,0f,0f,0f,1f], start_interpolation: 0, interpolation_duration: 1 }
$data merge entity $(bone_body1) { transformation: [-1.333232935785526f,0f,0.01636205104762673f,0.5f,0f,1.3333333333333333f,0f,-1.1875f,-0.01636205104762673f,0f,-1.333232935785526f,-0.12499999999999994f,0f,0f,0f,1f], start_interpolation: 0, interpolation_duration: 1 }
data modify entity @s data merge value {"locators":{"hitbox_head":{"posx":-0.11403597547903199,"posy":0.042769133963570405,"posz":3.281305083077335,"roty":2.4063681901479015,"rotx":-0.8795496099548382},"hitbox_neck":{"posx":-0.07826889771196655,"posy":-0.7849656030553902,"posz":2.294526399035084,"roty":2.4063681901479015,"rotx":-0.8795496099548382},"hitbox_right_arm":{"posx":-1.0314112335898344,"posy":-2.8328744758758866,"posz":2.803628474028031,"roty":3.261862567161728,"rotx":-0.09284076311948553},"hitbox_left_arm":{"posx":0.688590728197345,"posy":-2.7884059033308906,"posz":3.006107425527892,"roty":1.4085954808483905,"rotx":-3.306888784403081},"hitbox_tail1":{"posx":0.7399229618571433,"posy":-1.174593407395185,"posz":-2.4595440160944673,"roty":45.795665079473935,"rotx":8.831009916746952},"hitbox_tail2":{"posx":1.9835243507377007,"posy":-1.2727807964191262,"posz":-3.742875548556367,"roty":45.795665079473935,"rotx":8.831009916746952}},"cameras":{}}