# This file was generated by Animated Java via MC-Build. It is not recommended to edit this file directly.
$data merge entity $(bone_jaw) { transformation: [-0.99900465314527f,0.009148614243104817f,0.04365782692175193f,-0.11139322069289602f,0.007327155722774675f,0.999103293519176f,-0.04170037971229184f,0.668628688382243f,-0.044000179353191254f,-0.041338985674130545f,-0.9981758725196282f,3.2075140777719033f,0f,0f,0f,1f], start_interpolation: 0, interpolation_duration: 1 }
$data merge entity $(bone_head) { transformation: [-1.1238802347884287f,0.009028829485402408f,0.04936292221931159f,-0.10042368242193789f,0.00824305018812151f,1.1248247751102856f,-0.018063150934756585f,0.664614654841186f,-0.04950020177234016f,-0.017683482016255053f,-1.123771339947891f,2.9577871133390388f,0f,0f,0f,1f], start_interpolation: 0, interpolation_duration: 1 }
$data merge entity $(bone_neck) { transformation: [-0.99900465314527f,0.008025626209246585f,0.04387815308383253f,0.42620241568398654f,0.007327155722774675f,0.999844244542476f,-0.016056134164228075f,-0.4144290418550174f,-0.044000179353191254f,-0.015718650681115602f,-0.9989078577314587f,2.1848756349575096f,0f,0f,0f,1f], start_interpolation: 0, interpolation_duration: 1 }
$data merge entity $(bone_right_arm2) { transformation: [-0.9982270043958714f,-0.0027029490732582485f,0.059460421804360834f,-0.9461177475411982f,-0.0028087117463718825f,0.9999946187009436f,-0.0016952013095870681f,-1.8316318513925833f,-0.05945551978724036f,-0.0018592029102831916f,-0.9982292244426465f,2.3030601447849595f,0f,0f,0f,1f], start_interpolation: 0, interpolation_duration: 1 }
$data merge entity $(bone_right_arm1) { transformation: [-1.133298708022211f,-0.014391824740564968f,0.0678079694451058f,-0.6096043742305202f,-0.014097235185972957f,1.1353165340968012f,0.005351851173366724f,-0.5259070921759933f,-0.06786982613608868f,0.004499970167385897f,-1.1333774498873683f,1.640621850033359f,0f,0f,0f,1f], start_interpolation: 0, interpolation_duration: 1 }
$data merge entity $(bone_left_arm2) { transformation: [-0.9972817107289932f,0.0691305077929028f,0.025498281074372384f,0.6968779259636848f,0.067494342826383f,0.9958991301770567f,-0.06024480225726442f,-1.8141184916178446f,-0.029558469714905267f,-0.058360049733337416f,-0.9978579064492277f,2.4524181684481148f,0f,0f,0f,1f], start_interpolation: 0, interpolation_duration: 1 }
$data merge entity $(bone_left_arm1) { transformation: [-1.1315337711759461f,0.0891815915844887f,0.02913718166265622f,0.5050975053071364f,0.08751697869749143f,1.1303868314426213f,-0.06113425132622417f,-0.5340828241209119f,-0.03380991086128455f,-0.058679314651864885f,-1.1333951803779578f,1.6897178001578916f,0f,0f,0f,1f], start_interpolation: 0, interpolation_duration: 1 }
$data merge entity $(bone_body2) { transformation: [-1.581757367480011f,0.01270724149797376f,0.06947374238273483f,0.48877565910391785f,0.011601329894393237f,1.5830867205255872f,-0.025422212426694454f,-0.5f,-0.06966695064255282f,-0.02488786357843304f,-1.5816041080748098f,0.7499280051361077f,0f,0f,0f,1f], start_interpolation: 0, interpolation_duration: 1 }
$data merge entity $(bone_right_leg2) { transformation: [-0.9999177201555515f,0.0007400972375841198f,0.012806450523204295f,-0.996699578347811f,0f,0.9983342729473826f,-0.05769470910422397f,-2.5750774242163192f,-0.01282781816695104f,-0.05768996199253337f,-0.9982521301586968f,-0.39188637273500904f,0f,0f,0f,1f], start_interpolation: 0, interpolation_duration: 1 }
$data merge entity $(bone_right_leg1) { transformation: [-1.3332236268740685f,0.0007676766984304218f,0.017086520857649196f,-0.6249074351749955f,0f,1.3319896365283745f,-0.05984468195910559f,-1.125f,-0.01710375755593472f,-0.05983975794798292f,-1.3318800406282738f,-0.13943129543781987f,0f,0f,0f,1f], start_interpolation: 0, interpolation_duration: 1 }
$data merge entity $(bone_left_leg2) { transformation: [-0.9999717916851867f,-0.007378751918644853f,-0.0014035148879039203f,1.0046154402845935f,-0.007373100760001197f,0.9999648585456095f,-0.003989869552006822f,-2.5505836864586087f,0.0014329058239615135f,-0.003979408747823744f,-0.9999910555034567f,-0.48156263170650604f,0f,0f,0f,1f], start_interpolation: 0, interpolation_duration: 1 }
$data merge entity $(bone_left_leg1) { transformation: [-1.3332236268740685f,-0.0006032521087267072f,0.017093115848946638f,0.6249897150194439f,0f,1.3325037528973167f,0.04702686777092743f,-1.125f,-0.01710375755593472f,0.047022998407562334f,-1.3323941146958012f,-0.12339652272913107f,0f,0f,0f,1f], start_interpolation: 0, interpolation_duration: 1 }
$data merge entity $(bone_tail3) { transformation: [-0.7331737903010256f,-0.006779288734925641f,0.6800075252965045f,1.5099322487109932f,0.12680711025886435f,0.9810489896596434f,0.1465020022920819f,-0.10080152310069335f,-0.668113875026873f,0.19364121754430655f,-0.7184197442056661f,-3.1495921444368227f,0f,0f,0f,1f], start_interpolation: 0, interpolation_duration: 1 }
$data merge entity $(bone_tail2) { transformation: [-1.1303095933807477f,-0.010451403466343696f,1.048344934832111f,0.14454253163021769f,0.19549429498241586f,1.5124505257252834f,0.22585725353362626f,-0.543588574177172f,-1.030008890666429f,0.2985302103808059f,-1.1075637723170686f,-1.9223770867191154f,0f,0f,0f,1f], start_interpolation: 0, interpolation_duration: 1 }
$data merge entity $(bone_tail1) { transformation: [-0.9704717488336194f,-0.006779288734925641f,0.24111952629363062f,0.00966200354743757f,0.0402381004912291f,0.9810489896596434f,0.18953568306957583f,-0.75f,-0.23783498477867818f,0.19364121754430655f,-0.9518075429850746f,-0.881352199200139f,0f,0f,0f,1f], start_interpolation: 0, interpolation_duration: 1 }
$data merge entity $(bone_body1) { transformation: [-1.3332236268740685f,0f,0.01710375755593472f,0.5f,0f,1.3333333333333333f,0f,-1.1875f,-0.01710375755593472f,0f,-1.3332236268740685f,-0.12499999999999994f,0f,0f,0f,1f], start_interpolation: 0, interpolation_duration: 1 }
data modify entity @s data merge value {"locators":{"hitbox_head":{"posx":-0.11915162164141467,"posy":0.044729543928459736,"posz":3.279769975555817,"roty":2.515164825645371,"rotx":-0.9199882545372315},"hitbox_neck":{"posx":-0.08179428985259496,"posy":-0.7837000389265301,"posz":2.293633521502765,"roty":2.515164825645371,"rotx":-0.9199882545372315},"hitbox_right_arm":{"posx":-1.0355341971448624,"posy":-2.830954413922882,"posz":2.800317989929863,"roty":3.4088468209260725,"rotx":-0.09712792698396866},"hitbox_left_arm":{"posx":0.6773283845541579,"posy":-2.784113617092918,"posz":3.0115545757632476,"roty":1.4637615513809408,"rotx":-3.4538643227990145},"hitbox_tail1":{"posx":0.708778895610387,"posy":-1.1945060786284563,"posz":-2.4780073396403814,"roty":43.426586202840696,"rotx":8.42426650078665},"hitbox_tail2":{"posx":1.9013342981548669,"posy":-1.3060209457396792,"posz":-3.8078573485794123,"roty":43.426586202840696,"rotx":8.42426650078665}},"cameras":{}}