# This file was generated by Animated Java via MC-Build. It is not recommended to edit this file directly.
$data merge entity $(bone_jaw) { transformation: [-0.9989927705872329f,0.009213899230055372f,0.04391524081025535f,-0.1120462731028816f,0.00737072614425952f,0.99909253139284f,-0.04194980466168321f,0.6688906742049621f,-0.044261910380717424f,-0.04158386437099652f,-0.9981541291370908f,3.2072453732430257f,0f,0f,0f,1f], start_interpolation: 0, interpolation_duration: 1 }
$data merge entity $(bone_head) { transformation: [-1.123866866910637f,0.00908723877617022f,0.04965569002534831f,-0.10101167531947086f,0.00829206691229196f,1.1248226584677594f,-0.01817219369928271f,0.6648524089384548f,-0.0497946491783071f,-0.01778789163861321f,-1.1237566835504305f,2.9575216657873744f,0f,0f,0f,1f], start_interpolation: 0, interpolation_duration: 1 }
$data merge entity $(bone_neck) { transformation: [-0.9989927705872329f,0.008077545578817973f,0.04413839113364294f,0.4257647605927364f,0.00737072614425952f,0.9998423630824529f,-0.016153061066029078f,-0.4142898270249299f,-0.044261910380717424f,-0.015811459234322853f,-0.9988948298226049f,2.1848502471833346f,0f,0f,0f,1f], start_interpolation: 0, interpolation_duration: 1 }
$data merge entity $(bone_right_arm2) { transformation: [-0.9982059662150233f,-0.002719939110472646f,0.059811796026928266f,-0.9465253463835538f,-0.0028270038706011947f,0.9999945496780528f,-0.0017054803733419811f,-1.8313723102076374f,-0.059806831230614074f,-0.0018715088628083205f,-0.998208214949531f,2.30262543772157f,0f,0f,0f,1f], start_interpolation: 0, interpolation_duration: 1 }
$data merge entity $(bone_right_arm1) { transformation: [-1.1332735360091244f,-0.014480847152239287f,0.06820853752700932f,-0.6098771352521049f,-0.014182919222529683f,1.1353153172975374f,0.0053834985244814925f,-0.5256882213464168f,-0.06827110902971441f,0.004521318368504893f,-1.1333532636810588f,1.6403363246278955f,0f,0f,0f,1f], start_interpolation: 0, interpolation_duration: 1 }
$data merge entity $(bone_left_arm2) { transformation: [-0.9972490911610626f,0.0695516038419611f,0.02562858914270255f,0.6958207001790476f,0.06789678914148284f,0.9958504745420439f,-0.06059586106874523f,-1.813726000291513f,-0.02973678198311929f,-0.05868906846591244f,-0.997833311249876f,2.4528345916273695f,0f,0f,0f,1f], start_interpolation: 0, interpolation_duration: 1 }
$data merge entity $(bone_left_arm1) { transformation: [-1.1314871238373678f,0.08972196368871224f,0.02928932854345407f,0.5047568531616207f,0.0880382701913745f,1.1303270655246715f,-0.061489794832471f,-0.5339121666256724f,-0.034017032739431144f,-0.05900594138449315f,-1.1333720251132804f,1.6897218969313559f,0f,0f,0f,1f], start_interpolation: 0, interpolation_duration: 1 }
$data merge entity $(bone_body2) { transformation: [-1.5817385534297856f,0.012789447166461791f,0.06988578596160133f,0.48870885124867197f,0.011670316395077575f,1.5830837415472172f,-0.02557568002121271f,-0.5f,-0.0700813581028026f,-0.025034810454344518f,-1.581583480552458f,0.7499271455154854f,0f,0f,0f,1f], start_interpolation: 0, interpolation_duration: 1 }
$data merge entity $(bone_right_leg2) { transformation: [-0.9999167377319833f,0.0007489289283032558f,0.012882418596227246f,-0.9966841960081021f,0f,0.9983143894347359f,-0.05803774502468333f,-2.5751435617846776f,-0.012904170001517768f,-0.058032912670402004f,-0.998231267514478f,-0.39161314227552513f,0f,0f,0f,1f], start_interpolation: 0, interpolation_duration: 1 }
$data merge entity $(bone_right_leg1) { transformation: [-1.3332223169759776f,0.000776839534914231f,0.017188013710729685f,-0.6249063299484812f,0f,1.3319735952570415f,-0.0602006587655665f,-1.125f,-0.01720556000202369f,-0.060195646322181585f,-1.3318626921145622f,-0.13951719125170745f,0f,0f,0f,1f], start_interpolation: 0, interpolation_duration: 1 }
$data merge entity $(bone_left_leg2) { transformation: [-0.9999714348306505f,-0.007425703696492581f,-0.0014101231655145076f,1.004646528052069f,-0.007419990818257853f,0.9999644141487235f,-0.0040142461879133715f,-2.5505074291557843f,0.0014398815878374788f,-0.00400366841935048f,-0.999990948649137f,-0.48182341731822653f,0f,0f,0f,1f], start_interpolation: 0, interpolation_duration: 1 }
$data merge entity $(bone_left_leg1) { transformation: [-1.3332223169759776f,-0.0006104533432884137f,0.017194727148137752f,0.6249895922164979f,0f,1.332493848586568f,0.04730667243353219f,-1.125f,-0.01720556000202369f,0.04730273357269305f,-1.3323829021266165f,-0.12338697874981022f,0f,0f,0f,1f], start_interpolation: 0, interpolation_duration: 1 }
$data merge entity $(bone_tail3) { transformation: [-0.7643181185658151f,-0.003033404727062692f,0.6448322356146399f,1.4330678456859425f,0.11336553755732356f,0.9837821476014846f,0.1389997876075708f,-0.12806217892231497f,-0.6347960842084265f,0.1793418091700108f,-0.7515786365758913f,-3.22347448969487f,0f,0f,0f,1f], start_interpolation: 0, interpolation_duration: 1 }
$data merge entity $(bone_tail2) { transformation: [-1.1783237661222983f,-0.00467649895422165f,0.9941163632392364f,0.12903640247409004f,0.1747718704008738f,1.5166641442189552f,0.21429133922833832f,-0.5589752411671232f,-0.9786439631546574f,0.27648528913709997f,-1.1586837313878322f,-1.927240645860504f,0f,0f,0f,1f], start_interpolation: 0, interpolation_duration: 1 }
$data merge entity $(bone_tail1) { transformation: [-0.973918766231328f,-0.003033404727062692f,0.22687669611092645f,0.00971975863514668f,0.03778244724239155f,0.9837821476014846f,0.1753430145200733f,-0.75f,-0.22372912966983924f,0.1793418091700108f,-0.958009285978379f,-0.8813896382997464f,0f,0f,0f,1f], start_interpolation: 0, interpolation_duration: 1 }
$data merge entity $(bone_body1) { transformation: [-1.3332223169759776f,0f,0.01720556000202369f,0.5f,0f,1.3333333333333333f,0f,-1.1875f,-0.01720556000202369f,0f,-1.3332223169759776f,-0.12499999999999994f,0f,0f,0f,1f], start_interpolation: 0, interpolation_duration: 1 }
data modify entity @s data merge value {"locators":{"hitbox_head":{"posx":-0.11985338853549551,"posy":0.044998763595055724,"posz":3.2795584621283904,"roty":2.5300957083765923,"rotx":-0.9255424772468172},"hitbox_neck":{"posx":-0.08227800318464218,"posy":-0.7835262174754662,"posz":2.293510442933673,"roty":2.5300957083765923,"rotx":-0.9255424772468172},"hitbox_right_arm":{"posx":-1.0360991781749842,"posy":-2.8306908074409316,"posz":2.7998631271072307,"roty":3.429015065718602,"rotx":-0.09771687480584501},"hitbox_left_arm":{"posx":0.6757828699633016,"posy":-2.783522093620527,"posz":3.012298864592165,"roty":1.4712750219032102,"rotx":-3.47401532658626},"hitbox_tail1":{"posx":0.6701733828251788,"posy":-1.215420190082697,"posz":-2.499107804857884,"roty":40.628617192366676,"rotx":7.989972410630188},"hitbox_tail2":{"posx":1.7997673219234471,"posy":-1.3410888671200052,"posz":-3.881623597304448,"roty":40.628617192366676,"rotx":7.989972410630188}},"cameras":{}}