# This file was generated by Animated Java via MC-Build. It is not recommended to edit this file directly.
$data merge entity $(bone_jaw) { transformation: [-0.9990448583338721f,0.00892574744372386f,0.04277501688163663f,-0.10915325957729967f,0.007177765590968342f,0.9991397001162651f,-0.04084530980052343f,0.6677306523458508f,-0.04310279245912674f,-0.040499267698940945f,-0.9982494470812768f,3.208433946196178f,0f,0f,0f,1f], start_interpolation: 0, interpolation_duration: 1 }
$data merge entity $(bone_head) { transformation: [-1.1239254656256061f,0.008828986882725758f,0.04835903957782008f,-0.09840680633778409f,0.008074986289839384f,1.1248319335783363f,-0.017689426187413683f,0.6637996687486478f,-0.04849064151651758f,-0.01732542042911823f,-1.1238209321294343f,2.958695961278526f,0f,0f,0f,1f], start_interpolation: 0, interpolation_duration: 1 }
$data merge entity $(bone_neck) { transformation: [-0.9990448583338721f,0.007847988340200673f,0.042985812958062294f,0.42770310824611435f,0.007177765590968342f,0.9998506076251878f,-0.01572393438881216f,-0.4149061813395083f,-0.04310279245912674f,-0.015400373714771763f,-0.9989519396706084f,2.1849618035976652f,0f,0f,0f,1f], start_interpolation: 0, interpolation_duration: 1 }
$data merge entity $(bone_right_arm2) { transformation: [-0.9982982051752048f,-0.0026447765199233307f,0.05825546069789858f,-0.9447188489755651f,-0.002746138889471808f,0.9999948515884867f,-0.0016599752167023888f,-1.8325215843335396f,-0.05825077051133723f,-0.001817127865615907f,-0.9983003284488868f,2.3045500172479056f,0f,0f,0f,1f], start_interpolation: 0, interpolation_duration: 1 }
$data merge entity $(bone_right_arm1) { transformation: [-1.1333838938546044f,-0.014086892359300909f,0.06643429505215376f,-0.6086684960920236f,-0.013803622112155632f,1.1353206483079723f,0.00524332781675792f,-0.5266574152888783f,-0.06649372986984532f,0.004426277630995269f,-1.1334593062385494f,1.6416002210098024f,0f,0f,0f,1f], start_interpolation: 0, interpolation_duration: 1 }
$data merge entity $(bone_left_arm2) { transformation: [-0.9973920593320768f,0.06768750616291888f,0.0250495806504609f,0.7005031354899376f,0.06611456003392353f,0.9960638007421161f,-0.05904040821920726f,-1.8154615723994492f,-0.02894727850489309f,-0.05723029233382208f,-0.9979412551380693f,2.450986447942031f,0f,0f,0f,1f], start_interpolation: 0, interpolation_duration: 1 }
$data merge entity $(bone_left_arm1) { transformation: [-1.131691568084342f,0.08732961714741844f,0.028613626825914635f,0.5062655658085777f,0.08572966932678466f,1.13058909160219f,-0.05991441138573587f,-0.534667801688399f,-0.03310023366031629f,-0.05755737019239466f,-1.1334736567792885f,1.6897029373941876f,0f,0f,0f,1f], start_interpolation: 0, interpolation_duration: 1 }
$data merge entity $(bone_body2) { transformation: [-1.5818210256952976f,0.012425981538651067f,0.06806087051693198f,0.48900471510206633f,0.01136479551903321f,1.5830967954065476f,-0.024896229448952593f,-0.5f,-0.06824608806028401f,-0.024383925048388627f,-1.5816739044784633f,0.7499309136783392f,0f,0f,0f,1f], start_interpolation: 0, interpolation_duration: 1 }
$data merge entity $(bone_right_leg2) { transformation: [-0.9999210442038161f,0.0007102141584497668f,0.012545953698270572f,-0.9967527025209091f,0f,0.998401550108975f,-0.05651853448202453f,-2.574849880574137f,-0.012566039883352732f,-0.056514072016135355f,-0.9983227205196749f,-0.39282302234034205f,0f,0f,0f,1f], start_interpolation: 0, interpolation_duration: 1 }
$data merge entity $(bone_right_leg1) { transformation: [-1.3332280589384213f,0.0007366735045043496f,0.016738516935930987f,-0.624911174729293f,0f,1.3320439129041661f,-0.0586241577571532f,-1.125f,-0.016754719844470307f,-0.05861952904010188f,-1.3319387403164709f,-0.13913679486877176f,0f,0f,0f,1f], start_interpolation: 0, interpolation_duration: 1 }
$data merge entity $(bone_left_leg2) { transformation: [-0.9999729964013745f,-0.007218043290547329f,-0.0013806951555613393f,1.0045091768210022f,-0.007212601754693458f,0.999966358836483f,-0.003906350116727221f,-2.550844662830751f,0.0014088449116204174f,-0.0038962862269148676f,-0.9999914170179928f,-0.48066836797845386f,0f,0f,0f,1f], start_interpolation: 0, interpolation_duration: 1 }
$data merge entity $(bone_left_leg1) { transformation: [-1.3332280589384213f,-0.0005788863166760477f,0.0167447164114252f,0.624990130525477f,0f,1.3325372644732971f,0.046067521832629715f,-1.125f,-0.016754719844470307f,0.046063884534765204f,-1.332432052932636f,-0.12342924501458086f,0f,0f,0f,1f], start_interpolation: 0, interpolation_duration: 1 }
$data merge entity $(bone_tail3) { transformation: [-0.7975526454871823f,0.0004438523230033964f,0.6032491862170328f,1.34162899018017f,0.09948368328440274f,0.986404617355506f,0.1308010994598536f,-0.15725741836726714f,-0.594989726328586f,0.16433421389002728f,-0.7867537681565822f,-3.301750207985433f,0f,0f,0f,1f], start_interpolation: 0, interpolation_duration: 1 }
$data merge entity $(bone_tail2) { transformation: [-1.2295603284594059f,0.0006842723312969027f,0.9300091620845922f,0.11075946302677239f,0.15337067839678756f,1.5207071184230716f,0.20165169500060762f,-0.5750248851980997f,-0.9172758280899034f,0.2533485797471254f,-1.2129120592413973f,-1.931773273587295f,0f,0f,0f,1f], start_interpolation: 0, interpolation_duration: 1 }
$data merge entity $(bone_tail1) { transformation: [-0.9776256807260062f,0.0004438523230033964f,0.21035168499474513f,0.009464007810606467f,0.03499600778998599f,0.986404617355506f,0.16056528360296665f,-0.75f,-0.20742060607320664f,0.16433421389002728f,-0.9643500185728056f,-0.8812238030945383f,0f,0f,0f,1f], start_interpolation: 0, interpolation_duration: 1 }
$data merge entity $(bone_body1) { transformation: [-1.3332280589384213f,0f,0.016754719844470307f,0.5f,0f,1.3333333333333333f,0f,-1.1875f,-0.016754719844470307f,0f,-1.3332280589384213f,-0.12499999999999994f,0f,0f,0f,1f], start_interpolation: 0, interpolation_duration: 1 }
data modify entity @s data merge value {"locators":{"hitbox_head":{"posx":-0.11674486559980399,"posy":0.04380676847940923,"posz":3.2804936759973238,"roty":2.463969582736297,"rotx":-0.9009522059750709},"hitbox_neck":{"posx":-0.08013554316815474,"posy":-0.784295784604868,"posz":2.2940545399699674,"roty":2.463969582736297,"rotx":-0.9009522059750709},"hitbox_right_arm":{"posx":-1.0335954406280414,"posy":-2.831858081994267,"posz":2.8018766361810066,"roty":3.3396874371521506,"rotx":-0.09510961769276792},"hitbox_left_arm":{"posx":0.6826278427100431,"posy":-2.786137329034082,"posz":3.0089965727514434,"roty":1.4378941866233674,"rotx":-3.384734558182183},"hitbox_tail1":{"posx":0.6248544699946278,"posy":-1.23733805274663,"posz":-2.5215434338213925,"roty":37.479449564300666,"rotx":7.5158872297553785},"hitbox_tail2":{"posx":1.6803741012533089,"posy":-1.378337860200201,"posz":-3.959987858304171,"roty":37.479449564300666,"rotx":7.5158872297553785}},"cameras":{}}