# This file was generated by Animated Java via MC-Build. It is not recommended to edit this file directly.
$data merge entity $(bone_jaw) { transformation: [-0.8557270213142438f,0.4214838601189462f,-0.30013766949832255f,1.5039181848975174f,-0.12796022288087452f,0.38965801844448295f,0.9120267594880075f,-0.2230874299080144f,0.5013556086780405f,0.8188516253395066f,-0.27950772677319624f,3.43178330978339f,0f,0f,0f,1f], start_interpolation: 0, interpolation_duration: 1 }
$data merge entity $(bone_head) { transformation: [-0.9626928989785243f,0.32797116111084157f,-0.4809181840354253f,1.3970474773340895f,-0.14395525074098384f,0.7664346113441896f,0.8108513256558082f,-0.04289824642894591f,0.5640250597627956f,0.7554057876487892f,-0.6138915441234609f,3.295362966644843f,0f,0f,0f,1f], start_interpolation: 0, interpolation_duration: 1 }
$data merge entity $(bone_neck) { transformation: [-0.8742263444271339f,0.13811013416516463f,-0.4654609430988282f,1.309231615729371f,-0.08671582516124918f,0.8988577450323909f,0.42957551124556553f,-0.6055465850582146f,0.47771190520665696f,0.41590905861277605f,-0.7738287863524207f,1.9858677503540985f,0f,0f,0f,1f], start_interpolation: 0, interpolation_duration: 1 }
$data merge entity $(bone_right_arm2) { transformation: [-0.7542510858129381f,-0.1278880784166107f,-0.644010822074374f,0.41852667834760415f,0.005769498234193218f,0.9795186968273905f,-0.2012705528777037f,-2.1177013835327205f,0.6565607454304055f,-0.1555241523509378f,-0.738065190613534f,3.1674183954328163f,0f,0f,0f,1f], start_interpolation: 0, interpolation_duration: 1 }
$data merge entity $(bone_right_arm1) { transformation: [-0.8720322123026787f,-0.09961124936569406f,-0.7202835737754582f,0.09218552958262449f,0.1378645996565738f,1.0816623997599297f,-0.31649772835135287f,-0.9333029599211948f,0.7139497039795403f,-0.33053753022892823f,-0.8186524099043082f,2.0431314711758395f,0f,0f,0f,1f], start_interpolation: 0, interpolation_duration: 1 }
$data merge entity $(bone_left_arm2) { transformation: [-0.6471478836493055f,-0.31544661429654247f,-0.6940411012447844f,2.4803918482122196f,-0.7552059588013371f,0.38972333811383436f,0.5270480808430699f,-1.4184176955573866f,0.10422848209188228f,0.8652220254121242f,-0.4904357962695667f,0.602383296993551f,0f,0f,0f,1f], start_interpolation: 0, interpolation_duration: 1 }
$data merge entity $(bone_left_arm1) { transformation: [-0.6819691198063303f,-0.5049783917931016f,-0.7543778565129519f,1.175790790973386f,-0.9077863237296112f,0.38312032908618765f,0.5641930616684443f,-0.8258185252669804f,0.003621743295780808f,0.9420120191416819f,-0.6338542779792178f,1.4510066316411236f,0f,0f,0f,1f], start_interpolation: 0, interpolation_duration: 1 }
$data merge entity $(bone_body2) { transformation: [-1.3841917120096288f,-0.02406347979198124f,-0.7683610465065228f,0.6125905398139221f,-0.1373000565053112f,1.564850109217072f,0.19833626650565386f,-0.48724853162086057f,0.7563771832438736f,0.24001985140413767f,-1.3701198750636545f,0.7324686591224596f,0f,0f,0f,1f], start_interpolation: 0, interpolation_duration: 1 }
$data merge entity $(bone_right_leg2) { transformation: [-0.9914892981402245f,0.0857889953694557f,-0.09792456253108585f,-1.122172471811385f,-1.0842021724855044e-19f,0.7521768504490428f,0.6589612929820375f,-2.1698288611780914f,0.130188216338519f,0.653353069880335f,-0.745775297529046f,-0.9573844399011149f,0f,0f,0f,1f], start_interpolation: 0, interpolation_duration: 1 }
$data merge entity $(bone_right_leg1) { transformation: [-1.3219857308536325f,0.093216859442913f,-0.14643128870826994f,-0.6155447251309096f,-1.4456028966473392e-19f,1.1247660719731747f,0.716016103950053f,-1.125006714195306f,0.17358428845135868f,0.7099223043625359f,-1.1151935232726202f,0.020553445379819846f,0f,0f,0f,1f], start_interpolation: 0, interpolation_duration: 1 }
$data merge entity $(bone_left_leg2) { transformation: [-0.9344040665004126f,0.022311664106189885f,-0.3555154429167669f,1.0473055358493863f,0.010105712941487766f,0.999295152017659f,0.0361534745211029f,-2.54150993442103f,0.3560715027539225f,0.03018921659825491f,-0.9339709289521527f,0.20258403799522315f,0f,0f,0f,1f], start_interpolation: 0, interpolation_duration: 1 }
$data merge entity $(bone_left_leg1) { transformation: [-1.3219857308536325f,-0.08127859919906419f,-0.15337957657198814f,0.623816897544371f,-1.4456028966473392e-19f,1.1781371685219675f,-0.624316097762038f,-1.125006714195306f,0.17358428845135868f,-0.6190027295877267f,-1.168110394330757f,-0.1421818250433289f,0f,0f,0f,1f], start_interpolation: 0, interpolation_duration: 1 }
$data merge entity $(bone_tail3) { transformation: [-0.6850323969788552f,0.03940125301023f,-0.7274463254087054f,-1.8402814177418274f,-0.13511859970578635f,0.9743396614482751f,0.180014410929815f,0.006876360464993958f,0.7158725997710427f,0.22160723226033188f,-0.6621303916200825f,-3.0295576066711583f,0f,0f,0f,1f], start_interpolation: 0, interpolation_duration: 1 }
$data merge entity $(bone_tail2) { transformation: [-1.0560916120090684f,0.060743598390771245f,-1.121479751671754f,-0.5693363421622798f,-0.20830784121308726f,1.5021069780660907f,0.2775222168501314f,-0.530229171513184f,1.1036369246470241f,0.3416444830680116f,-1.020784353747627f,-1.7401304034609357f,0f,0f,0f,1f], start_interpolation: 0, interpolation_duration: 1 }
$data merge entity $(bone_tail1) { transformation: [-0.9408631742190361f,0.03940125301023f,-0.3364877838194183f,-0.09421017507676832f,-0.03850797976989192f,0.9743396614482751f,0.2217641982442216f,-0.761040134676433f,0.33659118065172366f,0.22160723226033188f,-0.9152030439838987f,-0.8098010668095088f,0f,0f,0f,1f], start_interpolation: 0, interpolation_duration: 1 }
$data merge entity $(bone_body1) { transformation: [-1.3219857308536325f,-0.002544314094016983f,-0.17356564079032313f,0.5f,-1.4456028966473392e-19f,1.3331900971668045f,-0.019543351660961286f,-1.1875f,0.17358428845135868f,-0.019377024021634093f,-1.3218437137274126f,-0.12499999999999994f,0f,0f,0f,1f], start_interpolation: 0, interpolation_duration: 1 }
data modify entity @s data merge value {"locators":{"hitbox_head":{"posx":1.34842966117124,"posy":-0.693931732080109,"posz":3.046218513540922,"roty":321.92510848483414,"rotx":46.11699318022911},"hitbox_neck":{"posx":0.8785097610912209,"posy":-1.0396730909316814,"posz":2.1654864042716886,"roty":328.97293220829704,"rotx":25.44062403895999},"hitbox_right_arm":{"posx":0.8212794749380932,"posy":-2.996224210281622,"posz":3.7330101896799217,"roty":318.8931450147701,"rotx":-11.611267340690286},"hitbox_left_arm":{"posx":3.183305755859236,"posy":-2.0244647016676725,"posz":-0.024135110414532535,"roty":305.2464785332104,"rotx":31.806221654708516},"hitbox_tail1":{"posx":-1.0133775810160803,"posy":-1.1203341851219193,"posz":-2.4510345468663717,"roty":312.30883883498757,"rotx":10.370599202235937},"hitbox_tail2":{"posx":-2.301184120360151,"posy":-1.1706863390378461,"posz":-3.69286544429914,"roty":312.30883883498757,"rotx":10.370599202235937}},"cameras":{}}