# This file was generated by Animated Java via MC-Build. It is not recommended to edit this file directly.
$data merge entity $(bone_jaw) { transformation: [-0.9999831493624433f,0.0009846415729485379f,0.005721142555658799f,-0.014676685408827238f,0.000953742227942328f,0.9999849589990475f,-0.005401125015739264f,0.6306319878196637f,-0.005726374676179361f,-0.0053955775080918155f,-0.9999690477091888f,3.24477438252993f,0f,0f,0f,1f], start_interpolation: 0, interpolation_duration: 1 }
$data merge entity $(bone_head) { transformation: [-1.1249810430327487f,0.0010862316898995637f,0.006439947023428441f,-0.013245586070287585f,0.0010729600064351191f,1.1249970938646463f,-0.0023211102784709142f,0.630116185535559f,-0.006442171510701781f,-0.0023149291168609266f,-1.1249791729313972f,2.9947790107673975f,0f,0f,0f,1f], start_interpolation: 0, interpolation_duration: 1 }
$data merge entity $(bone_neck) { transformation: [-0.9999831493624433f,0.0009655392799107232f,0.005724397354158615f,0.49037117597628277f,0.000953742227942328f,0.9999974167685745f,-0.0020632091364185903f,-0.4345342983183624f,-0.005726374676179361f,-0.002057714770543046f,-0.9999814870501308f,2.187343561820958f,0f,0f,0f,1f], start_interpolation: 0, interpolation_duration: 1 }
$data merge entity $(bone_right_arm2) { transformation: [-0.9999696757596066f,-0.0003342905999553365f,0.0077804762721808834f,-0.8845487894449509f,-0.0003359882491869703f,0.9999999200358699f,-0.00021688741349761844f,-1.8693846909585758f,-0.007780403146598289f,-0.00021949498515208348f,-0.9999697081156147f,2.3657691900645736f,0f,0f,0f,1f], start_interpolation: 0, interpolation_duration: 1 }
$data merge entity $(bone_right_arm1) { transformation: [-1.1353805432299264f,-0.001806312779824811f,0.008875034281769294f,-0.5687700365933557f,-0.0018008931536867472f,1.1354150224653756f,0.0007003486583862193f,-0.5577598347571114f,-0.008876135601157908f,0.0006862496162044385f,-1.135381764087612f,1.681525492534105f,0f,0f,0f,1f], start_interpolation: 0, interpolation_duration: 1 }
$data merge entity $(bone_left_arm2) { transformation: [-0.9999544181004363f,0.00879243766509324f,0.0037221984529242236f,0.8518000479689019f,0.00876257685119005f,0.9999298930277045f,-0.007964061559924351f,-1.8676667438352095f,-0.003791961015687008f,-0.007931082492871078f,-0.9999613587344995f,2.3859115270167184f,0f,0f,0f,1f], start_interpolation: 0, interpolation_duration: 1 }
$data merge entity $(bone_left_arm1) { transformation: [-1.1353517023253508f,0.01139891368584889f,0.004193296812106407f,0.5550157140811706f,0.011368804330152242f,1.1353308847588204f,-0.00809563742401244f,-0.5588316547435397f,-0.004274255429260938f,-0.008053187193957801f,-1.1353800614159948f,1.6879608192375768f,0f,0f,0f,1f], start_interpolation: 0, interpolation_duration: 1 }
$data merge entity $(bone_body2) { transformation: [-1.583306653157202f,0.0015287705265253119f,0.009063629144084474f,0.4985396509678914f,0.0015100918609086862f,1.5833292432169097f,-0.003266747799329435f,-0.5f,-0.009066759903950656f,-0.0032580483866931566f,-1.5833040211627072f,0.7499987813595539f,0f,0f,0f,1f], start_interpolation: 0, interpolation_duration: 1 }
$data merge entity $(bone_right_leg2) { transformation: [-0.9999986072680616f,0.000012534466699407077f,0.0016689232529476404f,-0.9994903808566956f,0f,0.9999717973042673f,-0.007510299333129262f,-2.564300901681425f,-0.0016689703224098303f,-0.0075102888732955135f,-0.9999704046116077f,-0.43160073733974874f,0f,0f,0f,1f], start_interpolation: 0, interpolation_duration: 1 }
$data merge entity $(bone_right_leg1) { transformation: [-1.3333314763574153f,0.000012998754483607856f,0.002225255797650469f,-0.6249984331765692f,0f,1.3333105854377427f,-0.007788487493797328f,-1.125f,-0.002225293763213107f,-0.007788476646522043f,-1.3333087284935066f,-0.126877591612711f,0f,0f,0f,1f], start_interpolation: 0, interpolation_duration: 1 }
$data merge entity $(bone_left_leg2) { transformation: [-0.9999995701180473f,-0.0009020866852980167f,-0.00021448387495442067f,1.0005318626121875f,-0.0009019777444977448f,0.9999994644519511f,-0.0005074760677693142f,-2.5610505925024225f,0.0002149415474918422f,-0.0005072823899327497f,-0.9999998482323424f,-0.4432594072190415f,0f,0f,0f,1f], start_interpolation: 0, interpolation_duration: 1 }
$data merge entity $(bone_left_leg1) { transformation: [-1.3333314763574153f,-0.000010213329319956937f,0.0022252703252637314f,0.6249998259085077f,0f,1.3333192899743467f,0.0061195392049931034f,-1.125f,-0.002225293763213107f,0.006119530682115404f,-1.3333174330179873f,-0.12479137870969871f,0f,0f,0f,1f], start_interpolation: 0, interpolation_duration: 1 }
$data merge entity $(bone_tail3) { transformation: [-0.9945566690320249f,0.0048311552653768864f,0.10408502304714606f,0.232460480962849f,0.007760693724432947f,0.9995845169846584f,0.027759053252276223f,-0.4807746259178497f,-0.10390766919163694f,0.02841572352323588f,-0.9941809407445973f,-3.787267930940936f,0f,0f,0f,1f], start_interpolation: 0, interpolation_duration: 1 }
$data merge entity $(bone_tail2) { transformation: [-1.5332748647577048f,0.007448031034122699f,0.16046441053101684f,-0.08792436249181117f,0.011964402825167458f,1.5410261303513484f,0.042795207097259175f,-0.719274860984937f,-0.1601909900037736f,0.043807573764988644f,-1.532695616981254f,-1.9414950738543775f,0f,0f,0f,1f], start_interpolation: 0, interpolation_duration: 1 }
$data merge entity $(bone_tail1) { transformation: [-0.9994220698981626f,0.0048311552653768864f,0.033647973776642415f,0.0012524241077765952f,0.005782623579165206f,0.9995845169846584f,0.028237469240157527f,-0.75f,-0.033497574016837055f,0.02841572352323588f,-0.9990347637553147f,-0.875833440612251f,0f,0f,0f,1f], start_interpolation: 0, interpolation_duration: 1 }
$data merge entity $(bone_body1) { transformation: [-1.3333314763574153f,0f,0.002225293763213107f,0.5f,0f,1.3333333333333333f,0f,-1.1875f,-0.002225293763213107f,0f,-1.3333314763574153f,-0.12499999999999994f,0f,0f,0f,1f], start_interpolation: 0, interpolation_duration: 1 }
data modify entity @s data merge value {"locators":{"hitbox_head":{"posx":-0.015637922293406353,"posy":0.005762552910330787,"posz":3.308559297202153,"roty":0.3279862980437258,"rotx":-0.11821325963871424},"hitbox_neck":{"posx":-0.01069802560417521,"posy":-0.8087985573505543,"posz":2.3102497034030884,"roty":0.3279862980437258,"rotx":-0.11821325963871424},"hitbox_right_arm":{"posx":-0.9506028417160614,"posy":-2.869297166553271,"posz":2.865487263910871,"roty":0.44579296129973045,"rotx":-0.012426733520348149},"hitbox_left_arm":{"posx":0.9036436622086238,"posy":-2.8641622671361513,"posz":2.8940602864403195,"roty":0.2132735180356633,"rotx":-0.4563119389472658},"hitbox_tail1":{"posx":0.10433030803307221,"posy":-1.4508489863280452,"posz":-2.6333178046097605,"roty":5.976764966881376,"rotx":1.5906809264379742},"hitbox_tail2":{"posx":0.2846674151410615,"posy":-1.7771148370058083,"posz":-4.383790347234019,"roty":5.976764966881376,"rotx":1.5906809264379742}},"cameras":{}}