# This file was generated by Animated Java via MC-Build. It is not recommended to edit this file directly.
$data merge entity $(bone_left_arm2) { transformation: [-0.9996137614102814f,-0.027771813024261995f,-0.0010268400724864945f,0.3818946734323507f,-0.027790789826649984f,0.9989311801330695f,0.03693466337688772f,-0.871258946304936f,-1.2241737932947472e-16f,0.03694893448123336f,-0.9993171549816913f,-0.009237233620308294f,0f,0f,0f,1f], start_interpolation: 0, interpolation_duration: 1 }
$data merge entity $(bone_left_arm) { transformation: [-0.9996137614102814f,-0.027771813024261995f,-0.0010268400724864945f,0.25f,-0.027790789826649984f,0.9989311801330695f,0.03693466337688772f,-0.625f,-1.2241737932947472e-16f,0.03694893448123336f,-0.9993171549816913f,3.061616997868383e-17f,0f,0f,0f,1f], start_interpolation: 0, interpolation_duration: 1 }
$data merge entity $(item_display_weapon) { transformation: [-0.9996137614102814f,-0.027771813024261995f,0.001026840072486498f,-0.007232045417086386f,0.027790789826649984f,-0.9989311801330695f,0.03693466337688785f,-0.8886057418730963f,-1.2241737932947472e-16f,0.036948934481233486f,0.9993171549816913f,-0.17813473293875878f,0f,0f,0f,1f], start_interpolation: 0, interpolation_duration: 1 }
$data merge entity $(bone_right_arm2) { transformation: [-0.9996137614102814f,0.027771813024261995f,-0.0010268400724864945f,-0.3818946734323507f,0.027790789826649984f,0.9989311801330695f,-0.03693466337688772f,-0.871258946304936f,-1.2241737932947472e-16f,-0.03694893448123336f,-0.9993171549816913f,0.009237233620308294f,0f,0f,0f,1f], start_interpolation: 0, interpolation_duration: 1 }
$data merge entity $(bone_right_arm) { transformation: [-0.9996137614102814f,0.027771813024261995f,-0.0010268400724864945f,-0.25f,0.027790789826649984f,0.9989311801330695f,-0.03693466337688772f,-0.625f,-1.2241737932947472e-16f,-0.03694893448123336f,-0.9993171549816913f,-3.061616997868383e-17f,0f,0f,0f,1f], start_interpolation: 0, interpolation_duration: 1 }