# This file was generated by Animated Java via MC-Build. It is not recommended to edit this file directly.
$data merge entity $(bone_left_arm2) { transformation: [-0.9993429043796921f,-0.036214133765125396f,-0.0015152496834172908f,0.3839713964887429f,-0.036245819979157476f,0.9984692755535866f,0.0417773420592364f,-0.870086591391002f,-1.224926291271695e-16f,0.04180481181798979f,-0.9991257967387602f,-0.010451202954497401f,0f,0f,0f,1f], start_interpolation: 0, interpolation_duration: 1 }
$data merge entity $(bone_left_arm) { transformation: [-0.9993429043796921f,-0.036214133765125396f,-0.0015152496834172908f,0.25f,-0.036245819979157476f,0.9984692755535866f,0.0417773420592364f,-0.625f,-1.224926291271695e-16f,0.04180481181798979f,-0.9991257967387602f,3.061616997868383e-17f,0f,0f,0f,1f], start_interpolation: 0, interpolation_duration: 1 }
$data merge entity $(item_display_weapon) { transformation: [-0.9993429043796921f,-0.036214133765125396f,0.0015152496834172952f,-0.009501916661999121f,0.036245819979157476f,-0.9984692755535866f,0.04177734205923653f,-0.8915120255192929f,-1.224926291271695e-16f,0.041804811817989916f,0.9991257967387602f,-0.1768848839340201f,0f,0f,0f,1f], start_interpolation: 0, interpolation_duration: 1 }
$data merge entity $(bone_right_arm2) { transformation: [-0.9993429043796921f,0.036214133765125396f,-0.0015152496834172908f,-0.3839713964887429f,0.036245819979157476f,0.9984692755535866f,-0.0417773420592364f,-0.870086591391002f,-1.224926291271695e-16f,-0.04180481181798979f,-0.9991257967387602f,0.010451202954497401f,0f,0f,0f,1f], start_interpolation: 0, interpolation_duration: 1 }
$data merge entity $(bone_right_arm) { transformation: [-0.9993429043796921f,0.036214133765125396f,-0.0015152496834172908f,-0.25f,0.036245819979157476f,0.9984692755535866f,-0.0417773420592364f,-0.625f,-1.224926291271695e-16f,-0.04180481181798979f,-0.9991257967387602f,-3.061616997868383e-17f,0f,0f,0f,1f], start_interpolation: 0, interpolation_duration: 1 }