# This file was generated by Animated Java via MC-Build. It is not recommended to edit this file directly.
$data merge entity $(bone_left_arm2) { transformation: [-0.9982320561853552f,-0.05939645606712731f,-0.002196135383747943f,0.38962812103995126f,-0.0594370423554027f,0.9975504183986729f,0.03688361084105953f,-0.8669579743052429f,-1.222481692413676e-16f,0.036948934481233334f,-0.9993171549816913f,-0.009237233620308287f,0f,0f,0f,1f], start_interpolation: 0, interpolation_duration: 1 }
$data merge entity $(bone_left_arm) { transformation: [-0.9982320561853552f,-0.05939645606712731f,-0.002196135383747943f,0.25f,-0.0594370423554027f,0.9975504183986729f,0.03688361084105953f,-0.625f,-1.222481692413676e-16f,0.036948934481233334f,-0.9993171549816913f,3.061616997868383e-17f,0f,0f,0f,1f], start_interpolation: 0, interpolation_duration: 1 }
$data merge entity $(item_display_weapon) { transformation: [-0.9982320561853552f,-0.05939645606712731f,0.00219613538374795f,-0.01570287535489584f,0.0594370423554027f,-0.9975504183986729f,0.03688361084105966f,-0.8961625422212176f,-1.222481692413676e-16f,0.03694893448123346f,0.9993171549816913f,-0.17813473293875878f,0f,0f,0f,1f], start_interpolation: 0, interpolation_duration: 1 }
$data merge entity $(bone_right_arm2) { transformation: [-0.9982320561853552f,0.05939645606712731f,-0.002196135383747943f,-0.38962812103995126f,0.0594370423554027f,0.9975504183986729f,-0.03688361084105953f,-0.8669579743052429f,-1.222481692413676e-16f,-0.036948934481233334f,-0.9993171549816913f,0.009237233620308287f,0f,0f,0f,1f], start_interpolation: 0, interpolation_duration: 1 }
$data merge entity $(bone_right_arm) { transformation: [-0.9982320561853552f,0.05939645606712731f,-0.002196135383747943f,-0.25f,0.0594370423554027f,0.9975504183986729f,-0.03688361084105953f,-0.625f,-1.222481692413676e-16f,-0.036948934481233334f,-0.9993171549816913f,-3.061616997868383e-17f,0f,0f,0f,1f], start_interpolation: 0, interpolation_duration: 1 }