# This file was generated by Animated Java via MC-Build. It is not recommended to edit this file directly.
$data merge entity $(bone_left_arm2) { transformation: [-0.999998350648839f,-0.0018161828016459275f,-0.000013402710231016246f,0.37545383953151634f,-0.0018162322543210127f,0.9999711225267729f,0.007379391095756936f,-0.8747657515999031f,-1.2246363089452607e-16f,0.0073794032669842816f,-0.999972771833025f,-0.0018448508167460244f,0f,0f,0f,1f], start_interpolation: 0, interpolation_duration: 1 }
$data merge entity $(bone_left_arm) { transformation: [-0.999998350648839f,-0.0018161828016459275f,-0.000013402710231016246f,0.25f,-0.0018162322543210127f,0.9999711225267729f,0.007379391095756936f,-0.625f,-1.2246363089452607e-16f,0.0073794032669842816f,-0.999972771833025f,3.061616997868383e-17f,0f,0f,0f,1f], start_interpolation: 0, interpolation_duration: 1 }
$data merge entity $(item_display_weapon) { transformation: [-0.999998350648839f,-0.0018161828016459275f,0.000013402710231016468f,-0.00045697104637004715f,0.0018162322543210127f,-0.9999711225267729f,0.0073793910957570584f,-0.8768304745257279f,-1.2246363089452607e-16f,0.007379403266984404f,0.999972771833025f,-0.18565004390194612f,0f,0f,0f,1f], start_interpolation: 0, interpolation_duration: 1 }
$data merge entity $(bone_right_arm2) { transformation: [-0.999998350648839f,0.0018161828016459275f,-0.000013402710231016246f,-0.37545383953151634f,0.0018162322543210127f,0.9999711225267729f,-0.007379391095756936f,-0.8747657515999031f,-1.2246363089452607e-16f,-0.0073794032669842816f,-0.999972771833025f,0.0018448508167460244f,0f,0f,0f,1f], start_interpolation: 0, interpolation_duration: 1 }
$data merge entity $(bone_right_arm) { transformation: [-0.999998350648839f,0.0018161828016459275f,-0.000013402710231016246f,-0.25f,0.0018162322543210127f,0.9999711225267729f,-0.007379391095756936f,-0.625f,-1.2246363089452607e-16f,-0.0073794032669842816f,-0.999972771833025f,-3.061616997868383e-17f,0f,0f,0f,1f], start_interpolation: 0, interpolation_duration: 1 }