# This file was generated by Animated Java via MC-Build. It is not recommended to edit this file directly.
$data merge entity $(bone_left_arm2) { transformation: [-0.9974873642595198f,-0.0708182638474483f,-0.0019317474548303155f,0.3923904864943021f,-0.0708446055998341f,0.9971164741270273f,0.0271988764821123f,-0.8654235428317776f,-1.221569707830351e-16f,0.027267389499518374f,-0.9996281756082517f,-0.0068168473748795476f,0f,0f,0f,1f], start_interpolation: 0, interpolation_duration: 1 }
$data merge entity $(bone_left_arm) { transformation: [-0.9974873642595198f,-0.0708182638474483f,-0.0019317474548303155f,0.25f,-0.0708446055998341f,0.9971164741270273f,0.0271988764821123f,-0.625f,-1.221569707830351e-16f,0.027267389499518374f,-0.9996281756082517f,3.061616997868383e-17f,0f,0f,0f,1f], start_interpolation: 0, interpolation_duration: 1 }
$data merge entity $(item_display_weapon) { transformation: [-0.9974873642595198f,-0.0708182638474483f,0.0019317474548303242f,-0.018694927544762874f,0.0708446055998341f,-0.9971164741270273f,0.02719887648211242f,-0.8970900592721114f,-1.221569707830351e-16f,0.027267389499518496f,0.9996281756082517f,-0.18061343555166756f,0f,0f,0f,1f], start_interpolation: 0, interpolation_duration: 1 }
$data merge entity $(bone_right_arm2) { transformation: [-0.9974873642595198f,0.0708182638474483f,-0.0019317474548303155f,-0.3923904864943021f,0.0708446055998341f,0.9971164741270273f,-0.0271988764821123f,-0.8654235428317776f,-1.221569707830351e-16f,-0.027267389499518374f,-0.9996281756082517f,0.0068168473748795476f,0f,0f,0f,1f], start_interpolation: 0, interpolation_duration: 1 }
$data merge entity $(bone_right_arm) { transformation: [-0.9974873642595198f,0.0708182638474483f,-0.0019317474548303155f,-0.25f,0.0708446055998341f,0.9971164741270273f,-0.0271988764821123f,-0.625f,-1.221569707830351e-16f,-0.027267389499518374f,-0.9996281756082517f,-3.061616997868383e-17f,0f,0f,0f,1f], start_interpolation: 0, interpolation_duration: 1 }