# This file was generated by Animated Java via MC-Build. It is not recommended to edit this file directly.
$data merge entity $(bone_left_arm2) { transformation: [-0.996463589462739f,-0.08402137469704965f,0.000850569839463635f,0.3955632923571048f,-0.08402567985463621f,0.9964125344425435f,-0.010086938621464687f,-0.8635999236288063f,-1.2203159453024257e-16f,-0.010122736774459818f,-0.9999487637875227f,0.0025306841936150004f,0f,0f,0f,1f], start_interpolation: 0, interpolation_duration: 1 }
$data merge entity $(bone_left_arm) { transformation: [-0.996463589462739f,-0.08402137469704965f,0.000850569839463635f,0.25f,-0.08402567985463621f,0.9964125344425435f,-0.010086938621464687f,-0.625f,-1.2203159453024257e-16f,-0.010122736774459818f,-0.9999487637875227f,3.061616997868383e-17f,0f,0f,0f,1f], start_interpolation: 0, interpolation_duration: 1 }
$data merge entity $(item_display_weapon) { transformation: [-0.996463589462739f,-0.08402137469704965f,-0.0008505698394636247f,-0.021729964463678197f,0.08402567985463621f,-0.9964125344425435f,-0.010086938621464566f,-0.8932182525827703f,-1.2203159453024257e-16f,-0.010122736774459695f,0.9999487637875227f,-0.19002107740377544f,0f,0f,0f,1f], start_interpolation: 0, interpolation_duration: 1 }
$data merge entity $(bone_right_arm2) { transformation: [-0.996463589462739f,0.08402137469704965f,0.000850569839463635f,-0.3955632923571048f,0.08402567985463621f,0.9964125344425435f,0.010086938621464687f,-0.8635999236288063f,-1.2203159453024257e-16f,0.010122736774459818f,-0.9999487637875227f,-0.0025306841936150004f,0f,0f,0f,1f], start_interpolation: 0, interpolation_duration: 1 }
$data merge entity $(bone_right_arm) { transformation: [-0.996463589462739f,0.08402137469704965f,0.000850569839463635f,-0.25f,0.08402567985463621f,0.9964125344425435f,0.010086938621464687f,-0.625f,-1.2203159453024257e-16f,0.010122736774459818f,-0.9999487637875227f,-3.061616997868383e-17f,0f,0f,0f,1f], start_interpolation: 0, interpolation_duration: 1 }