# This file was generated by Animated Java via MC-Build. It is not recommended to edit this file directly.
$data merge entity $(bone_left_arm2) { transformation: [-0.9988294685009362f,-0.04832606633518277f,0.0020698228679699856f,0.3869352001464127f,-0.04837037165597611f,0.9979145807606784f,-0.042741041764354455f,-0.8684323487331727f,-1.2232133114937235e-16f,-0.04279113013005223f,-0.9990840400998271f,0.010697782532513104f,0f,0f,0f,1f], start_interpolation: 0, interpolation_duration: 1 }
$data merge entity $(bone_left_arm) { transformation: [-0.9988294685009362f,-0.04832606633518277f,0.0020698228679699856f,0.25f,-0.04837037165597611f,0.9979145807606784f,-0.042741041764354455f,-0.625f,-1.2232133114937235e-16f,-0.04279113013005223f,-0.9990840400998271f,3.061616997868383e-17f,0f,0f,0f,1f], start_interpolation: 0, interpolation_duration: 1 }
$data merge entity $(item_display_weapon) { transformation: [-0.9988294685009362f,-0.04832606633518277f,-0.0020698228679699796f,-0.011986057670817285f,0.04837037165597611f,-0.9979145807606784f,-0.04274104176435433f,-0.8785572927733473f,-1.2232133114937235e-16f,-0.042791130130052105f,0.9990840400998271f,-0.19802604005123062f,0f,0f,0f,1f], start_interpolation: 0, interpolation_duration: 1 }
$data merge entity $(bone_right_arm2) { transformation: [-0.9988294685009362f,0.04832606633518277f,0.0020698228679699856f,-0.3869352001464127f,0.04837037165597611f,0.9979145807606784f,0.042741041764354455f,-0.8684323487331727f,-1.2232133114937235e-16f,0.04279113013005223f,-0.9990840400998271f,-0.010697782532513104f,0f,0f,0f,1f], start_interpolation: 0, interpolation_duration: 1 }
$data merge entity $(bone_right_arm) { transformation: [-0.9988294685009362f,0.04832606633518277f,0.0020698228679699856f,-0.25f,0.04837037165597611f,0.9979145807606784f,0.042741041764354455f,-0.625f,-1.2232133114937235e-16f,0.04279113013005223f,-0.9990840400998271f,-3.061616997868383e-17f,0f,0f,0f,1f], start_interpolation: 0, interpolation_duration: 1 }