# This file was generated by Animated Java via MC-Build. It is not recommended to edit this file directly.
$data merge entity $(bone_left_arm2) { transformation: [-0.9990482215818578f,-0.04357787137382908f,0.0019026509541273562f,0.3857754955411895f,-0.043619387365336f,0.9980973490458728f,-0.04357787137382909f,-0.8690719138408012f,-1.2223970045815924e-16f,-0.04361938736533601f,-0.9990482215818578f,0.010904846841334049f,0f,0f,0f,1f], start_interpolation: 0, interpolation_duration: 1 }
$data merge entity $(bone_left_arm) { transformation: [-0.9990482215818578f,-0.04357787137382908f,0.0019026509541273562f,0.25f,-0.043619387365336f,0.9980973490458728f,-0.04357787137382909f,-0.625f,-1.2223970045815924e-16f,-0.04361938736533601f,-0.9990482215818578f,3.061616997868383e-17f,0f,0f,0f,1f], start_interpolation: 0, interpolation_duration: 1 }
$data merge entity $(item_display_weapon) { transformation: [-0.9990482215818578f,-0.04357787137382908f,-0.0019026509541273508f,-0.01077566539409397f,0.043619387365336f,-0.9980973490458728f,-0.043577871373828965f,-0.8772583332202092f,-1.2223970045815924e-16f,-0.04361938736533588f,0.9990482215818578f,-0.19822638838793233f,0f,0f,0f,1f], start_interpolation: 0, interpolation_duration: 1 }
$data merge entity $(bone_right_arm2) { transformation: [-0.9990482215818578f,0.04357787137382908f,0.0019026509541273562f,-0.3857754955411895f,0.043619387365336f,0.9980973490458728f,0.04357787137382909f,-0.8690719138408012f,-1.2223970045815924e-16f,0.04361938736533601f,-0.9990482215818578f,-0.010904846841334049f,0f,0f,0f,1f], start_interpolation: 0, interpolation_duration: 1 }
$data merge entity $(bone_right_arm) { transformation: [-0.9990482215818578f,0.04357787137382908f,0.0019026509541273562f,-0.25f,0.043619387365336f,0.9980973490458728f,0.04357787137382909f,-0.625f,-1.2223970045815924e-16f,0.04361938736533601f,-0.9990482215818578f,-3.061616997868383e-17f,0f,0f,0f,1f], start_interpolation: 0, interpolation_duration: 1 }