# This file was generated by Animated Java via MC-Build. It is not recommended to edit this file directly.
$data merge entity $(bone_left_arm2) { transformation: [-0.9994385817114643f,-0.033476587888811686f,0.0013562632116940001f,0.38329896968613597f,-0.03350405030107148f,0.998619367493701f,-0.040457848186773254f,-0.8704668355857913f,-1.2239592600373152e-16f,-0.04048057472175249f,-0.999180325602039f,0.01012014368043817f,0f,0f,0f,1f], start_interpolation: 0, interpolation_duration: 1 }
$data merge entity $(bone_left_arm) { transformation: [-0.9994385817114643f,-0.033476587888811686f,0.0013562632116940001f,0.25f,-0.03350405030107148f,0.998619367493701f,-0.040457848186773254f,-0.625f,-1.2239592600373152e-16f,-0.04048057472175249f,-0.999180325602039f,3.061616997868383e-17f,0f,0f,0f,1f], start_interpolation: 0, interpolation_duration: 1 }
$data merge entity $(item_display_weapon) { transformation: [-0.9994385817114643f,-0.033476587888811686f,-0.001356263211693996f,-0.008255202192144262f,0.03350405030107148f,-0.998619367493701f,-0.04045784818677313f,-0.8754450079136731f,-1.2239592600373152e-16f,-0.040480574721752365f,0.999180325602039f,-0.19746645473082042f,0f,0f,0f,1f], start_interpolation: 0, interpolation_duration: 1 }
$data merge entity $(bone_right_arm2) { transformation: [-0.9994385817114643f,0.033476587888811686f,0.0013562632116940001f,-0.38329896968613597f,0.03350405030107148f,0.998619367493701f,0.040457848186773254f,-0.8704668355857913f,-1.2239592600373152e-16f,0.04048057472175249f,-0.999180325602039f,-0.01012014368043817f,0f,0f,0f,1f], start_interpolation: 0, interpolation_duration: 1 }
$data merge entity $(bone_right_arm) { transformation: [-0.9994385817114643f,0.033476587888811686f,0.0013562632116940001f,-0.25f,0.03350405030107148f,0.998619367493701f,0.040457848186773254f,-0.625f,-1.2239592600373152e-16f,0.04048057472175249f,-0.999180325602039f,-3.061616997868383e-17f,0f,0f,0f,1f], start_interpolation: 0, interpolation_duration: 1 }