# This file was generated by Animated Java via MC-Build. It is not recommended to edit this file directly.
$data merge entity $(bone_left_arm2) { transformation: [-0.9996903270264852f,-0.024869656583757456f,0.000866158810488736f,0.38117870502425f,-0.024884735274441194f,0.9990845732961559f,-0.03479605368370462f,-0.8716605514147338f,-1.2237254580453132e-16f,-0.034806832418998436f,-0.9993940586260035f,0.008701708104749656f,0f,0f,0f,1f], start_interpolation: 0, interpolation_duration: 1 }
$data merge entity $(bone_left_arm) { transformation: [-0.9996903270264852f,-0.024869656583757456f,0.000866158810488736f,0.25f,-0.024884735274441194f,0.9990845732961559f,-0.03479605368370462f,-0.625f,-1.2237254580453132e-16f,-0.034806832418998436f,-0.9993940586260035f,3.061616997868383e-17f,0f,0f,0f,1f], start_interpolation: 0, interpolation_duration: 1 }
$data merge entity $(item_display_weapon) { transformation: [-0.9996903270264852f,-0.024869656583757456f,-0.000866158810488733f,-0.006132427612351388f,0.024884735274441194f,-0.9990845732961559f,-0.034796053683704496f,-0.8744680670769546f,-1.2237254580453132e-16f,-0.03480683241899831f,0.9993940586260035f,-0.19608809409712527f,0f,0f,0f,1f], start_interpolation: 0, interpolation_duration: 1 }
$data merge entity $(bone_right_arm2) { transformation: [-0.9996903270264852f,0.024869656583757456f,0.000866158810488736f,-0.38117870502425f,0.024884735274441194f,0.9990845732961559f,0.03479605368370462f,-0.8716605514147338f,-1.2237254580453132e-16f,0.034806832418998436f,-0.9993940586260035f,-0.008701708104749656f,0f,0f,0f,1f], start_interpolation: 0, interpolation_duration: 1 }
$data merge entity $(bone_right_arm) { transformation: [-0.9996903270264852f,0.024869656583757456f,0.000866158810488736f,-0.25f,0.024884735274441194f,0.9990845732961559f,0.03479605368370462f,-0.625f,-1.2237254580453132e-16f,0.034806832418998436f,-0.9993940586260035f,-3.061616997868383e-17f,0f,0f,0f,1f], start_interpolation: 0, interpolation_duration: 1 }