# This file was generated by Animated Java via MC-Build. It is not recommended to edit this file directly.
$data merge entity $(bone_left_arm2) { transformation: [-0.9998661379095618f,-0.016355647935576808f,0.0004461417091461259f,0.3790721792225894f,-0.016361731626486777f,0.9994943632910037f,-0.027263739429759182f,-0.87282837436944f,-1.2247539159098923e-16f,-0.027267389499518385f,-0.9996281756082517f,0.006816847374879642f,0f,0f,0f,1f], start_interpolation: 0, interpolation_duration: 1 }
$data merge entity $(bone_left_arm) { transformation: [-0.9998661379095618f,-0.016355647935576808f,0.0004461417091461259f,0.25f,-0.016361731626486777f,0.9994943632910037f,-0.027263739429759182f,-0.625f,-1.2247539159098923e-16f,-0.027267389499518385f,-0.9996281756082517f,3.061616997868383e-17f,0f,0f,0f,1f], start_interpolation: 0, interpolation_duration: 1 }
$data merge entity $(item_display_weapon) { transformation: [-0.9998661379095618f,-0.016355647935576808f,-0.00044614170914612387f,-0.004038725936038823f,0.016361731626486777f,-0.9994943632910037f,-0.02726373942975906f,-0.8738520725862927f,-1.2247539159098923e-16f,-0.027267389499518263f,0.9996281756082517f,-0.19424713030142676f,0f,0f,0f,1f], start_interpolation: 0, interpolation_duration: 1 }
$data merge entity $(bone_right_arm2) { transformation: [-0.9998661379095618f,0.016355647935576808f,0.0004461417091461259f,-0.3790721792225894f,0.016361731626486777f,0.9994943632910037f,0.027263739429759182f,-0.87282837436944f,-1.2247539159098923e-16f,0.027267389499518385f,-0.9996281756082517f,-0.006816847374879642f,0f,0f,0f,1f], start_interpolation: 0, interpolation_duration: 1 }
$data merge entity $(bone_right_arm) { transformation: [-0.9998661379095618f,0.016355647935576808f,0.0004461417091461259f,-0.25f,0.016361731626486777f,0.9994943632910037f,0.027263739429759182f,-0.625f,-1.2247539159098923e-16f,0.027267389499518385f,-0.9996281756082517f,-3.061616997868383e-17f,0f,0f,0f,1f], start_interpolation: 0, interpolation_duration: 1 }