# This file was generated by Animated Java via MC-Build. It is not recommended to edit this file directly.
$data merge entity $(bone_left_arm2) { transformation: [-0.9999886121938782f,-0.004771966170962316f,0.00006181767278685157f,0.37619156806697535f,-0.004772366557744443f,0.9999047162446144f,-0.01295310577489945f,-0.8743796332414355f,-1.2245650904712565e-16f,-0.012953253284036494f,-0.9999161030953345f,0.0032383133210091694f,0f,0f,0f,1f], start_interpolation: 0, interpolation_duration: 1 }
$data merge entity $(bone_left_arm) { transformation: [-0.9999886121938782f,-0.004771966170962316f,0.00006181767278685157f,0.25f,-0.004772366557744443f,0.9999047162446144f,-0.01295310577489945f,-0.625f,-1.2245650904712565e-16f,-0.012953253284036494f,-0.9999161030953345f,3.061616997868383e-17f,0f,0f,0f,1f], start_interpolation: 0, interpolation_duration: 1 }
$data merge entity $(item_display_weapon) { transformation: [-0.9999886121938782f,-0.004771966170962316f,-0.00006181767278685099f,-0.0011842476806234736f,0.004772366557744443f,-0.9999047162446144f,-0.012953105774899326f,-0.873740563367796f,-1.2245650904712565e-16f,-0.01295325328403637f,0.9999161030953345f,-0.1907225826513843f,0f,0f,0f,1f], start_interpolation: 0, interpolation_duration: 1 }
$data merge entity $(bone_right_arm2) { transformation: [-0.9999886121938782f,0.004771966170962316f,0.00006181767278685157f,-0.37619156806697535f,0.004772366557744443f,0.9999047162446144f,0.01295310577489945f,-0.8743796332414355f,-1.2245650904712565e-16f,0.012953253284036494f,-0.9999161030953345f,-0.0032383133210091694f,0f,0f,0f,1f], start_interpolation: 0, interpolation_duration: 1 }
$data merge entity $(bone_right_arm) { transformation: [-0.9999886121938782f,0.004771966170962316f,0.00006181767278685157f,-0.25f,0.004772366557744443f,0.9999047162446144f,0.01295310577489945f,-0.625f,-1.2245650904712565e-16f,0.012953253284036494f,-0.9999161030953345f,-3.061616997868383e-17f,0f,0f,0f,1f], start_interpolation: 0, interpolation_duration: 1 }