# This file was generated by Animated Java via MC-Build. It is not recommended to edit this file directly.
$data merge entity $(bone_left_arm2) { transformation: [-0.9999950652018582f,-0.00314142652283563f,0.00003180146317361836f,0.3757847397809412f,-0.0031415874858795735f,0.9999438292422212f,-0.010122686820797184f,-0.8745932588748204f,-1.2246068744447144e-16f,-0.01012273677445981f,-0.9999487637875227f,0.0025306841936149987f,0f,0f,0f,1f], start_interpolation: 0, interpolation_duration: 1 }
$data merge entity $(bone_left_arm) { transformation: [-0.9999950652018582f,-0.00314142652283563f,0.00003180146317361836f,0.25f,-0.0031415874858795735f,0.9999438292422212f,-0.010122686820797184f,-0.625f,-1.2246068744447144e-16f,-0.01012273677445981f,-0.9999487637875227f,3.061616997868383e-17f,0f,0f,0f,1f], start_interpolation: 0, interpolation_duration: 1 }
$data merge entity $(item_display_weapon) { transformation: [-0.9999950652018582f,-0.00314142652283563f,-0.00003180146317361797f,-0.0007806275558993048f,0.0031415874858795735f,-0.9999438292422212f,-0.010122686820797061f,-0.8738733504031257f,-1.2246068744447144e-16f,-0.010122736774459688f,0.9999487637875227f,-0.19002107740377544f,0f,0f,0f,1f], start_interpolation: 0, interpolation_duration: 1 }
$data merge entity $(bone_right_arm2) { transformation: [-0.9999950652018582f,0.00314142652283563f,0.00003180146317361836f,-0.3757847397809412f,0.0031415874858795735f,0.9999438292422212f,0.010122686820797184f,-0.8745932588748204f,-1.2246068744447144e-16f,0.01012273677445981f,-0.9999487637875227f,-0.0025306841936149987f,0f,0f,0f,1f], start_interpolation: 0, interpolation_duration: 1 }
$data merge entity $(bone_right_arm) { transformation: [-0.9999950652018582f,0.00314142652283563f,0.00003180146317361836f,-0.25f,0.0031415874858795735f,0.9999438292422212f,0.010122686820797184f,-0.625f,-1.2246068744447144e-16f,0.01012273677445981f,-0.9999487637875227f,-3.061616997868383e-17f,0f,0f,0f,1f], start_interpolation: 0, interpolation_duration: 1 }