# This file was generated by Animated Java via MC-Build. It is not recommended to edit this file directly.
$data merge entity $(bone_jaw) { transformation: [-0.7198714437949079f,0.5478189800361262f,-0.4262387470899532f,1.316064569628565f,-0.15227224659680386f,0.47448211879106383f,0.866994741543399f,-0.8090405912464085f,0.6771988388390792f,0.6890290879634338f,-0.2581485010905194f,3.5872215623673647f,0f,0f,0f,1f], start_interpolation: 0, interpolation_duration: 1 }
$data merge entity $(bone_head) { transformation: [-0.8098553742692713f,0.5688548399960944f,-0.5349424677291906f,1.197188465688745f,-0.17130627742140433f,0.6224903419978101f,0.9212952477004702f,-0.6043083139796374f,0.761848693693964f,0.744671031484687f,-0.36149221676867865f,3.5068899586409916f,0f,0f,0f,1f], start_interpolation: 0, interpolation_duration: 1 }
$data merge entity $(bone_neck) { transformation: [-0.7716126856574294f,0.43196940349720053f,-0.4669221538702163f,0.7446530672821334f,-0.08928691983801565f,0.6532270695818226f,0.7518791402289231f,-0.642816814055316f,0.6297949740021502f,0.621849523605042f,-0.46546907600163256f,2.153083728558233f,0f,0f,0f,1f], start_interpolation: 0, interpolation_duration: 1 }
$data merge entity $(bone_right_arm2) { transformation: [-0.9780012206550749f,-0.1125651554557987f,-0.1756208933310483f,-0.40224099988485296f,-0.1450034022532575f,0.9720900175535779f,0.1844315892347745f,-2.2868711604014855f,0.14995874676778137f,0.20583994643872322f,-0.96702755427027f,2.2417089227096607f,0f,0f,0f,1f], start_interpolation: 0, interpolation_duration: 1 }
$data merge entity $(bone_right_arm1) { transformation: [-1.1104388859521162f,-0.1278083535904381f,-0.19940288930296107f,-0.36509674913097356f,-0.16463927964171943f,1.1037272074306248f,0.20940670027698352f,-0.8388927315593638f,0.1702656603925851f,0.2337141058523003f,-1.0979792022443688f,1.8001803004847425f,0f,0f,0f,1f], start_interpolation: 0, interpolation_duration: 1 }
$data merge entity $(bone_left_arm2) { transformation: [-0.976511344480075f,-0.12483147009997456f,-0.1756208933310483f,1.3232189772304466f,-0.1571929684654969f,0.9701934650147571f,0.1844315892347745f,-2.0131034798209884f,0.14736337661278526f,0.20770590871551642f,-0.96702755427027f,1.9805628849755592f,0f,0f,0f,1f], start_interpolation: 0, interpolation_duration: 1 }
$data merge entity $(bone_left_arm1) { transformation: [-1.1087472557117517f,-0.14173573167601275f,-0.19940288930296107f,0.7334785134091109f,-0.17847951627853292f,1.1015738300688387f,0.20940670027698352f,-0.6620506420356798f,0.16731883386243324f,0.23583275052074257f,-1.0979792022443688f,1.6343965017953592f,0f,0f,0f,1f], start_interpolation: 0, interpolation_duration: 1 }
$data merge entity $(bone_body2) { transformation: [-1.5461429620934524f,-0.19764982765829306f,-0.2780664144408265f,0.4999999999999999f,-0.2488888667370368f,1.5361396529400322f,0.29201668295505967f,-0.43833349609374994f,0.23332534630357668f,0.3288676887995677f,-1.5311269609279277f,0.75f,0f,0f,0f,1f], start_interpolation: 0, interpolation_duration: 1 }
$data merge entity $(bone_right_leg2) { transformation: [-0.9922666646989695f,0.12249132176380652f,-0.020068438398102163f,-1.1793518337083226f,0.11279980567912731f,0.9573431656204365f,0.2660268164651686f,-2.382745240045857f,0.051798358718533916f,0.26170582594278835f,-0.9637567072148806f,-0.6314920477021134f,0f,0f,0f,1f], start_interpolation: 0, interpolation_duration: 1 }
$data merge entity $(bone_right_leg1) { transformation: [-1.3230222195986259f,0.1592582007606653f,-0.04502010347143136f,-0.625f,0.15039974090550307f,1.308334705556643f,0.2083698489449645f,-1.06333349609375f,0.06906447829137854f,0.20168019611321636f,-1.316181208691209f,-0.12500000000000008f,0f,0f,0f,1f], start_interpolation: 0, interpolation_duration: 1 }
$data merge entity $(bone_left_leg2) { transformation: [-0.9548591076240908f,0.2970099052541927f,0.0054037735167685825f,0.7684551528774665f,0.2970201526994995f,0.9542816654363514f,0.03354894785815947f,-2.530870887533765f,0.004807647833507022f,0.03363954804867342f,-0.9994224668924498f,-0.48616772258652935f,0f,0f,0f,1f], start_interpolation: 0, interpolation_duration: 1 }
$data merge entity $(bone_left_leg1) { transformation: [-1.3163667821230352f,0.2119064893390167f,0.007205031355691443f,0.625f,0.21202894307340042f,1.3156065367246799f,0.04473193047754596f,-1.06333349609375f,-1.6178667778174655e-16f,0.04530847692302735f,-1.332563289189933f,-0.12499999999999993f,0f,0f,0f,1f], start_interpolation: 0, interpolation_duration: 1 }
$data merge entity $(bone_tail3) { transformation: [-0.9859027864912953f,0.07091805147746523f,-0.15154644688457414f,-0.31658823989505813f,0.07009479307600537f,0.9974821451909f,0.010774507366575804f,-0.47785171242848246f,0.15192898200255095f,8.4681160398674e-18f,-0.9883914125626895f,-3.8035558576470976f,0f,0f,0f,1f], start_interpolation: 0, interpolation_duration: 1 }
$data merge entity $(bone_tail2) { transformation: [-1.5199334625074135f,0.10933199602775888f,-0.23363410561371845f,-0.16897363494991827f,0.10806280599217494f,1.5377849738359706f,0.016610698856804364f,-0.6763199668296052f,0.2342238472539327f,1.3055012228128908e-17f,-1.5237700943674795f,-1.931330836341736f,0f,0f,0f,1f], start_interpolation: 0, interpolation_duration: 1 }
$data merge entity $(bone_tail1) { transformation: [-0.9966065145235508f,0.07091805147746523f,-0.04178618412656426f,1.1102230246251565e-16f,0.07085579670825286f,0.9974821451909f,0.00297087498881235f,-0.6883334960937499f,0.04189166124729696f,8.4681160398674e-18f,-0.99912215905661f,-0.875f,0f,0f,0f,1f], start_interpolation: 0, interpolation_duration: 1 }
$data merge entity $(bone_body1) { transformation: [-1.3333333333333333f,0f,1.6328623988631375e-16f,0.5f,0f,1.3333333333333333f,0f,-1.12583349609375f,-1.6328623988631375e-16f,0f,-1.3333333333333333f,-0.12499999999999994f,0f,0f,0f,1f], start_interpolation: 0, interpolation_duration: 1 }
execute on vehicle unless entity @s[tag=aj.transforms_only] positioned ^0 ^-1.5633334961 ^0.0625 rotated ~0 ~0 run function animated_java:martellos/animations/die/zzz/frames/zzz/7
data modify entity @s data merge value {"locators":{"head":{"posx":1.0297531289490234,"posy":-1.2060516283396625,"posz":3.193598334696354,"roty":304.0492171416971,"rotx":54.97773669964384},"neck":{"posx":0.25522346737574564,"posy":-1.0264053175961227,"posz":2.2929712787076215,"roty":314.9107079098294,"rotx":48.7534180503938},"right_arm":{"posx":-0.2629904740544723,"posy":-3.360239685213279,"posz":2.5287551750790587,"roty":349.70675645597487,"rotx":10.627994623834121},"left_arm":{"posx":1.5968928530259499,"posy":-3.065688178924039,"posz":2.2471605423568786,"roty":349.70675645597487,"rotx":10.627994623834123},"tail1":{"posx":-0.20311250747975002,"posy":-1.42578595104276,"posz":-2.629841055228904,"roty":351.28293400416214,"rotx":0.6173457434424674},"tail2":{"posx":-0.4949130588318042,"posy":-1.78098636759784,"posz":-4.359526027213611,"roty":351.28293400416214,"rotx":0.6173457434424674}},"cameras":{}}