# This file was generated by Animated Java via MC-Build. It is not recommended to edit this file directly.
$data merge entity $(bone_jaw) { transformation: [-0.9984930913877198f,0.004442807603361183f,-0.054697421434594516f,0.07082107184677731f,-0.00003281545394475164f,0.9966689525478822f,0.0815536507475476f,0.5298075643991527f,0.054877548907910474f,0.08143255176958725f,-0.9951669177269478f,3.340332358937324f,0f,0f,0f,1f], start_interpolation: 0, interpolation_duration: 1 }
$data merge entity $(bone_head) { transformation: [-1.1233047278111847f,0.004603370297844307f,-0.06156539173058482f,0.057139873684425135f,-0.00003691738568784559f,1.1218179817763614f,0.08455420983202255f,0.5485973888062687f,0.06173724252139928f,0.08442881466129909f,-1.1201273535365264f,3.0914151692625405f,0f,0f,0f,1f], start_interpolation: 0, interpolation_duration: 1 }
$data merge entity $(bone_neck) { transformation: [-0.9988495801177585f,0.002585711954549792f,-0.04788350856260821f,0.5149119940844761f,-0.0005502712407277362f,0.9978613864899206f,0.06536322019281697f,-0.45824758231224433f,0.04795011470412666f,0.06531437396240698f,-0.9967120040682564f,2.1882150862699614f,0f,0f,0f,1f], start_interpolation: 0, interpolation_duration: 1 }
$data merge entity $(bone_right_arm2) { transformation: [-0.9998774402118698f,-0.011263750268761148f,-0.010873476226196142f,-0.8416569476798152f,-0.011430594813324804f,0.9998159820092855f,0.015405960567966451f,-1.9143373295574366f,0.01069794641846096f,0.015528362717657267f,-0.999822196139762f,2.368065223226567f,0f,0f,0f,1f], start_interpolation: 0, interpolation_duration: 1 }
$data merge entity $(bone_right_arm1) { transformation: [-1.1352775102405603f,-0.012789049784322552f,-0.012345926131826867f,-0.5514544347468647f,-0.012978487860962536f,1.1352077295730427f,0.01749218439487857f,-0.5879151944006086f,0.012146626662627547f,0.017631161835673353f,-1.1352147852003547f,1.6977253311916367f,0f,0f,0f,1f], start_interpolation: 0, interpolation_duration: 1 }
$data merge entity $(bone_left_arm2) { transformation: [-0.9998747733643333f,-0.011498047850892852f,-0.010873476226196142f,0.9084322546741712f,-0.011664877989583582f,0.9998132760673196f,0.015405960567966451f,-1.8939934550194164f,0.010694307416153834f,0.015530869104856527f,-0.999822196139762f,2.3493457584268778f,0f,0f,0f,1f], start_interpolation: 0, interpolation_duration: 1 }
$data merge entity $(bone_left_arm1) { transformation: [-1.13527448225742f,-0.01305507516403459f,-0.012345926131826867f,0.5734046852880104f,-0.013244496884006357f,1.1352046572014356f,0.01749218439487857f,-0.5747922066623271f,0.012142494878757997f,0.017634007629472512f,-1.1352147852003547f,1.6856942353484636f,0f,0f,0f,1f], start_interpolation: 0, interpolation_duration: 1 }
$data merge entity $(bone_body2) { transformation: [-1.5831350578268613f,-0.01820524243058035f,-0.01721633735814389f,0.4999999999999999f,-0.018469390150174007f,1.5830376871065897f,0.024392770899280217f,-0.49858984375000004f,0.016932653408910238f,0.02459054274935617f,-1.5830518105546232f,0.75f,0f,0f,0f,1f], start_interpolation: 0, interpolation_duration: 1 }
$data merge entity $(bone_right_leg2) { transformation: [-0.9999616073944835f,0.008043166718983578f,-0.0034772411724858635f,-1.0126095790389573f,0.007967341567367359f,0.999741465809668f,0.021296079664699492f,-2.5543372743227115f,0.0036476301059586796f,0.021267557684580565f,-0.9997671657864862f,-0.45273175639053875f,0f,0f,0f,1f], start_interpolation: 0, interpolation_duration: 1 }
$data merge entity $(bone_right_leg1) { transformation: [-1.3332821431926445f,0.010678720436597153f,-0.004740184726697603f,-0.625f,0.010623122089823144f,1.3332014199995266f,0.01545641504646652f,-1.12358984375f,0.0048635068079449055f,0.015418054963610922f,-1.333235315936555f,-0.12500000000000008f,0f,0f,0f,1f], start_interpolation: 0, interpolation_duration: 1 }
$data merge entity $(bone_left_leg2) { transformation: [-0.9997745879086274f,0.02123142236892443f,0.000008736519380211018f,0.9838204294164898f,0.021231422746164005f,0.999774285875798f,0.0007771677501070901f,-2.5649710145794717f,0.000007765829329639802f,0.0007771780558354824f,-0.9999996979669351f,-0.4386171548426951f,0f,0f,0f,1f], start_interpolation: 0, interpolation_duration: 1 }
$data merge entity $(bone_left_leg1) { transformation: [-1.3332490939983115f,0.014987694778287836f,0.000011648692506948024f,0.625f,0.014987699305068592f,1.3332486913130013f,0.0010362236668094533f,-1.12358984375f,-1.6327592354311409e-16f,0.0010362891390404277f,-1.33333293062258f,-0.12499999999999993f,0f,0f,0f,1f], start_interpolation: 0, interpolation_duration: 1 }
$data merge entity $(bone_tail3) { transformation: [-0.9999164778846366f,0.004995984200424184f,-0.011919622336802662f,-0.02512653814078107f,0.004995629270743415f,0.9999875199930592f,0.000059550988066434305f,-0.5609619703652753f,0.011919771095628667f,6.118316059640226e-19f,-0.9999289570049602f,-3.8134143122235766f,0f,0f,0f,1f], start_interpolation: 0, interpolation_duration: 1 }
$data merge entity $(bone_tail2) { transformation: [-1.5415379034054812f,0.007702142308987283f,-0.018376084435904102f,-0.1287035530324352f,0.007701595125729431f,1.541647426655966f,0.00009180777326908621f,-0.7479468348077555f,0.018376313772427526f,9.43240392527868e-19f,-1.5415571420493135f,-1.9370575464523228f,0f,0f,0f,1f], start_interpolation: 0, interpolation_duration: 1 }
$data merge entity $(bone_tail1) { transformation: [-0.9999814372423199f,0.004995984200424184f,-0.0034878808255485207f,1.1102230246251565e-16f,0.004995953810718332f,0.9999875199930592f,0.000017425614969199245f,-0.74858984375f,0.0034879243548686786f,6.118316059640226e-19f,-0.999993917173347f,-0.875f,0f,0f,0f,1f], start_interpolation: 0, interpolation_duration: 1 }
$data merge entity $(bone_body1) { transformation: [-1.3333333333333333f,0f,1.6328623988631375e-16f,0.5f,0f,1.3333333333333333f,0f,-1.18608984375f,-1.6328623988631375e-16f,0f,-1.3333333333333333f,-0.12499999999999994f,0f,0f,0f,1f], start_interpolation: 0, interpolation_duration: 1 }
data modify entity @s data merge value {"locators":{"head":{"posx":0.07168394344411852,"posy":-0.09812210380060493,"posz":3.355656759321965,"roty":356.85402602267857,"rotx":4.310375220215457},"neck":{"posx":0.02050300061296667,"posy":-0.8408911403904306,"posz":2.312286253894654,"roty":357.2495413039091,"rotx":3.7477084772671554},"right_arm":{"posx":-0.8874487993111979,"posy":-2.922570704026538,"posz":2.8531165802299445,"roty":359.3769094758088,"rotx":0.8827314406839932},"left_arm":{"posx":0.987859213973433,"posy":-2.9007806564963703,"posz":2.833057593178393,"roty":359.3769094758088,"rotx":0.8827314406839932},"tail1":{"posx":-0.015655721803725597,"posy":-1.498520987157097,"posz":-2.6259986757801865,"roty":359.3170397726474,"rotx":0.0034120202840573033},"tail2":{"posx":-0.03838855496828931,"posy":-1.8734120929253781,"posz":-4.375874350538867,"roty":359.3170397726474,"rotx":0.0034120202840573033}},"cameras":{}}