# This file was generated by Animated Java via MC-Build. It is not recommended to edit this file directly.
$data merge entity $(bone_jaw) { transformation: [-0.954281193898271f,0.2866084667297745f,0.08487042930784444f,1.1281906842982834f,0.20907897365912567f,0.8429361606482915f,-0.49572634774153806f,1.5946865500005623f,-0.21361972227707995f,-0.45531770871593114f,-0.8643219298293532f,2.6507092369726317f,0f,0f,0f,1f], start_interpolation: 0, interpolation_duration: 1 }
$data merge entity $(bone_head) { transformation: [-1.0735663431355549f,0.3285239636861479f,-0.07177960831945313f,1.112239660227294f,0.23521384536651638f,0.5620040777130463f,-0.9457541242742771f,1.3845189668285007f,-0.24032218756171495f,-0.9175229816837563f,-0.60499737540563f,2.5162653757713804f,0f,0f,0f,1f], start_interpolation: 0, interpolation_duration: 1 }
$data merge entity $(bone_neck) { transformation: [-0.8527438702304715f,0.5221310644662975f,-0.01438899939702773f,0.9721562773370036f,0.5048720684359596f,0.8168682786750778f,-0.27898102051503626f,0.0374883073497837f,-0.1339107400381031f,-0.24516395904313976f,-0.9601888079376582f,2.0635540458244206f,0f,0f,0f,1f], start_interpolation: 0, interpolation_duration: 1 }
$data merge entity $(bone_right_arm2) { transformation: [-0.8398325662685312f,0.5187601880699021f,-0.15990349561061232f,-0.9118926567011282f,0.5409422566114329f,0.7751115191195576f,-0.3264714504214766f,-0.29995374236491656f,-0.04541734962482975f,-0.36067991377653924f,-0.9315832030211816f,2.7064716123019275f,0f,0f,0f,1f], start_interpolation: 0, interpolation_duration: 1 }
$data merge entity $(bone_right_arm1) { transformation: [-0.953559892950728f,0.5890089635377013f,-0.1815570939745494f,-0.07850588613276166f,0.6141948538608977f,0.8800745373336641f,-0.37068112599938485f,0.32388654912366477f,-0.051567615719858774f,-0.4095219854337789f,-1.0577350950969664f,1.6068086951509166f,0f,0f,0f,1f], start_interpolation: 0, interpolation_duration: 1 }
$data merge entity $(bone_left_arm2) { transformation: [-0.8557128108809731f,0.49212443282740076f,-0.15990349561061232f,0.6156016146549697f,0.5163284930764237f,0.7917204552726467f,-0.3264714504214766f,-1.2330196350542777f,-0.03406570902848648f,-0.36192853343883f,-0.9315832030211816f,2.7712728040948926f,0f,0f,0f,1f], start_interpolation: 0, interpolation_duration: 1 }
$data merge entity $(bone_left_arm1) { transformation: [-0.971590587354438f,0.5587662831061112f,-0.1815570939745494f,0.8841710261083331f,0.586247976513856f,0.8989326002574841f,-0.37068112599938485f,-0.2569830055873119f,-0.03867877379276068f,-0.41093968900867156f,-1.0577350950969664f,1.645132617807964f,0f,0f,0f,1f], start_interpolation: 0, interpolation_duration: 1 }
$data merge entity $(bone_body2) { transformation: [-1.3548786172282075f,0.7791970186433846f,-0.25318053471680285f,0.7115372253450358f,0.8175201140376709f,1.253557387515024f,-0.5169131298340047f,-0.4812969310856293f,-0.053937372628436925f,-0.5730535112781476f,-1.475006738116871f,0.7470237248213989f,0f,0f,0f,1f], start_interpolation: 0, interpolation_duration: 1 }
$data merge entity $(bone_right_leg2) { transformation: [-0.8177722661439937f,0.4900085874538355f,0.30189419495448044f,-1.5992420772320919f,0.5683895441293069f,0.6051500444779974f,0.5574286948056738f,-1.4423974774968933f,0.09045356184361036f,0.6274432308103857f,-0.7733906808722415f,-0.9451613454999572f,0f,0f,0f,1f], start_interpolation: 0, interpolation_duration: 1 }
$data merge entity $(bone_right_leg1) { transformation: [-1.0903630215253248f,0.7431780933244361f,0.1912395897051581f,-0.5361603743998331f,0.7578527255057425f,0.9906178270117661f,0.4712890249388187f,-0.6979920770183583f,0.12060474912481381f,0.4941056771450013f,-1.2325144429496142f,-0.15750317545304074f,0f,0f,0f,1f], start_interpolation: 0, interpolation_duration: 1 }
$data merge entity $(bone_left_leg2) { transformation: [-0.5048604707268879f,0.8621273621799379f,0.04303854642163529f,-0.005543129713644679f,0.8630532501990628f,0.505068620053388f,0.006691513894529211f,-2.452603099221443f,-0.015968482027398145f,0.04052283822770311f,-0.9990510032844729f,-0.47110994706497006f,0f,0f,0f,1f], start_interpolation: 0, interpolation_duration: 1 }
$data merge entity $(bone_left_leg1) { transformation: [-1.0064623517545077f,0.8726501619815399f,0.05738472856218039f,0.6387657439849865f,0.8737302990179426f,1.0071214127111068f,0.008922018526038947f,-1.1231547776355246f,-0.03750569098922725f,0.044338838845358844f,-1.3320680043792972f,-0.12165217349913986f,0f,0f,0f,1f], start_interpolation: 0, interpolation_duration: 1 }
$data merge entity $(bone_tail3) { transformation: [-0.8166642255625851f,0.4887077302177505f,-0.3069597646462437f,-0.3703104094693372f,0.4570895383887967f,0.8724470816960497f,0.17293132606778647f,-0.03159946975821332f,0.35231902670985527f,0.0009187303525745043f,-0.9358795111299101f,-3.7374306828463504f,0f,0f,0f,1f], start_interpolation: 0, interpolation_duration: 1 }
$data merge entity $(bone_tail2) { transformation: [-1.2590240144089853f,0.753424417419032f,-0.47322963716295896f,0.011523421631218334f,0.7046797050160615f,1.3450225842814099f,0.2666024610211708f,-0.4622933416547227f,0.5431584995110268f,0.0014163759602190272f,-1.442814246325278f,-1.9387889830801448f,0f,0f,0f,1f], start_interpolation: 0, interpolation_duration: 1 }
$data merge entity $(bone_tail1) { transformation: [-0.869352955112442f,0.4887077302177505f,-0.07341793965155016f,0.19819910190004564f,0.48688537626995027f,0.8724470816960497f,0.04217487420864841f,-0.5679648175351554f,0.08466445423985934f,0.0009187303525745043f,-0.9964090957647899f,-0.890687375610038f,0f,0f,0f,1f], start_interpolation: 0, interpolation_duration: 1 }
$data merge entity $(bone_body1) { transformation: [-1.2532545262771408f,0.45382681912543155f,0.034235776406117704f,0.5f,0.45350688065831074f,1.2537118384254273f,-0.017773946249538417f,-1.13940625f,-0.03824106875082759f,-0.005061838816640099f,-1.33277521594092f,-0.12499999999999994f,0f,0f,0f,1f], start_interpolation: 0, interpolation_duration: 1 }
execute on vehicle unless entity @s[tag=aj.transforms_only] positioned ^-0.1236967784 ^-1.3782159055 ^0.0497420298 rotated ~1.471466603 ~-0.7638017016 run function animated_java:martellos/animations/die/zzz/frames/zzz/14
data modify entity @s data merge value {"locators":{"head":{"posx":0.9496651271570599,"posy":1.3350039581752187,"posz":3.1940551920972533,"roty":353.2338010180234,"rotx":-57.21097293354927},"neck":{"posx":0.3517838179715347,"posy":0.01847136462898885,"posz":2.208558761438754,"roty":359.1414529883007,"rotx":-16.199398249621478},"right_arm":{"posx":-1.4031906323575074,"posy":-0.8780206452355213,"posz":3.5301045432375053,"roty":350.26026213953116,"rotx":-19.0547462216737},"left_arm":{"posx":0.25691098031293585,"posy":-1.8937748959334626,"posz":3.601122045858594,"roty":350.26026213953116,"rotx":-19.0547462216737},"tail1":{"posx":-0.46395918603106395,"posy":-1.0548745585537564,"posz":-2.6269350730851206,"roty":341.840991253378,"rotx":9.95829649069037},"tail2":{"posx":-1.1844041729936468,"posy":-1.0794123935711488,"posz":-4.265068741444679,"roty":341.840991253378,"rotx":9.95829649069037}},"cameras":{}}