# This file was generated by Animated Java via MC-Build. It is not recommended to edit this file directly.
$data merge entity $(bone_jaw) { transformation: [-0.9453165844748194f,0.31862401469641954f,0.0696799280682574f,1.3144049031461578f,0.19683336788659428f,0.7276748952335969f,-0.6570737189487911f,1.6627865912003759f,-0.26006380063992435f,-0.6074273488290679f,-0.7505989844725395f,2.3725559827145477f,0f,0f,0f,1f], start_interpolation: 0, interpolation_duration: 1 }
$data merge entity $(bone_head) { transformation: [-1.0634811575341718f,0.3477626821672937f,-0.11702112827001775f,1.2884002079750427f,0.22143753887241857f,0.32220623864713493f,-1.0548808255698803f,1.4283686299626246f,-0.2925717757199149f,-1.0202300018469734f,-0.37303820097065155f,2.2896586047210694f,0f,0f,0f,1f], start_interpolation: 0, interpolation_duration: 1 }
$data merge entity $(bone_neck) { transformation: [-0.820865019515803f,0.570139937890404f,-0.033482397728455016f,1.0658545855700203f,0.5308064786125594f,0.7399718262808112f,-0.41314183832380835f,0.04106758159488877f,-0.2107726310464781f,-0.3569063568122141f,-0.910050960369131f,2.034841519057367f,0f,0f,0f,1f], start_interpolation: 0, interpolation_duration: 1 }
$data merge entity $(bone_right_arm2) { transformation: [-0.787186276200661f,0.5839313001825706f,-0.19839859684087763f,-0.8350072126531941f,0.6130743293211534f,0.7060343797737296f,-0.3544789433872526f,-0.09122920120865441f,-0.06691512003093493f,-0.4006740461330353f,-0.913773864512784f,2.704071359269207f,0f,0f,0f,1f], start_interpolation: 0, interpolation_duration: 1 }
$data merge entity $(bone_right_arm1) { transformation: [-0.8937844177695004f,0.6630053304156269f,-0.22526507349641312f,0.04099929482103293f,0.6960948114167261f,0.8016432020347554f,-0.40248130030427637f,0.40015092075276915f,-0.07597654253512402f,-0.4549319898802171f,-1.0375140753322234f,1.5708781168767265f,0f,0f,0f,1f], start_interpolation: 0, interpolation_duration: 1 }
$data merge entity $(bone_left_arm2) { transformation: [-0.8055142342894595f,0.558376947167983f,-0.19839859684087763f,0.6024552987822565f,0.5901084159840244f,0.7253390490521537f,-0.3544789433872526f,-1.1564331555264815f,-0.05402662067806257f,-0.4026145163695429f,-0.913773864512784f,2.8051924686890057f,0f,0f,0f,1f], start_interpolation: 0, interpolation_duration: 1 }
$data merge entity $(bone_left_arm1) { transformation: [-0.9145942868494903f,0.6339904920969807f,-0.22526507349641312f,0.9472028083966747f,0.6700189306485277f,0.8235620452779662f,-0.40248130030427637f,-0.2637210472292583f,-0.0613427255615502f,-0.4571352321279184f,-1.0375140753322234f,1.631658065139547f,0f,0f,0f,1f], start_interpolation: 0, interpolation_duration: 1 }
$data merge entity $(bone_body2) { transformation: [-1.2753975376249775f,0.8840968330159732f,-0.31413111166472296f,0.7457580434132597f,0.9343383253080387f,1.1484534943325768f,-0.5612583270298167f,-0.5138295900900465f,-0.0855421494069324f,-0.6374729842517762f,-1.446808618811908f,0.7464549960933367f,0f,0f,0f,1f], start_interpolation: 0, interpolation_duration: 1 }
$data merge entity $(bone_right_leg2) { transformation: [-0.7773927616163313f,0.51434147732953f,0.362095759275099f,-1.609910515419111f,0.6225134853525766f,0.546542410209339f,0.5601502962569547f,-1.3148428117758122f,0.0902078419025827f,0.6608662788651295f,-0.7450626193268827f,-0.9772146924982676f,0f,0f,0f,1f], start_interpolation: 0, interpolation_duration: 1 }
$data merge entity $(bone_right_leg1) { transformation: [-1.0365236821551083f,0.8033986004334919f,0.2407220865041258f,-0.5086433527450327f,0.830017980470102f,0.927764276721856f,0.4775995987360985f,-0.6599769138960506f,0.12027712253677693f,0.521135216079335f,-1.2213636960930168f,-0.16293661210440227f,0f,0f,0f,1f], start_interpolation: 0, interpolation_duration: 1 }
$data merge entity $(bone_left_leg2) { transformation: [-0.4301506669855909f,0.901893992029845f,0.039466832053268244f,-0.10057752742697679f,0.9024597267465163f,0.43071989555752976f,-0.006842015164677183f,-2.4354991660389125f,-0.023169922150369705f,0.032674129083731684f,-0.9991974559596143f,-0.45428874149702303f,0f,0f,0f,1f], start_interpolation: 0, interpolation_duration: 1 }
$data merge entity $(bone_left_leg1) { transformation: [-0.9408555021750664f,0.9432918850096186f,0.05262244273769099f,0.6394600410956347f,0.9437508053642866f,0.9418221550462771f,-0.009122686886236244f,-1.1525291113819773f,-0.043624754199211316f,0.03080950692179717f,-1.332263274612819f,-0.12109249897810917f,0f,0f,0f,1f], start_interpolation: 0, interpolation_duration: 1 }
$data merge entity $(bone_tail3) { transformation: [-0.7798883296014808f,0.543712632569991f,-0.3100818706974367f,-0.3294699172962f,0.504677379954811f,0.8392704760397036f,0.20230128573500597f,0.018858035583594335f,0.37023632387079364f,0.001281105733036846f,-0.9289367164962f,-3.7283410505477788f,0f,0f,0f,1f], start_interpolation: 0, interpolation_duration: 1 }
$data merge entity $(bone_tail2) { transformation: [-1.2023278414689496f,0.8382236418787361f,-0.47804288399188155f,0.05250143045443531f,0.7780442940970002f,1.2938753172278763f,0.3118811488414675f,-0.45473541693263486f,0.5707809993008068f,0.0019750380050984704f,-1.432110771264975f,-1.940545373958499f,0f,0f,0f,1f], start_interpolation: 0, interpolation_duration: 1 }
$data merge entity $(bone_tail1) { transformation: [-0.836049581037108f,0.543712632569991f,-0.07346884531205052f,0.23506827622812748f,0.5414911236535301f,0.8392704760397036f,0.049116504889156636f,-0.5746080938340551f,0.08836549695505218f,0.001281105733036846f,-0.9960872942247518f,-0.8932483109640819f,0f,0f,0f,1f], start_interpolation: 0, interpolation_duration: 1 }
$data merge entity $(bone_body1) { transformation: [-1.2246436200967117f,0.525860303180117f,0.03868750539274399f,0.5f,0.5253890106516552f,1.2252403118211226f,-0.02302918914618976f,-1.1607070312499999f,-0.044633720668045954f,-0.005907419535755542f,-1.3325729665393684f,-0.12499999999999994f,0f,0f,0f,1f], start_interpolation: 0, interpolation_duration: 1 }
data modify entity @s data merge value {"locators":{"head":{"posx":1.1277045868459956,"posy":1.5423876155947387,"posz":2.9600747726834578,"roty":342.5834924242938,"rotx":-69.66417831478496},"neck":{"posx":0.4458048988192742,"posy":0.0806241158363403,"posz":2.1770514573848496,"roty":357.8929364849088,"rotx":-24.402353582465782},"right_arm":{"posx":-1.3689383566778672,"posy":-0.5817069637061857,"posz":3.557450142656701,"roty":347.7500693101745,"rotx":-20.761513410649364},"left_arm":{"posx":0.19362228967780348,"posy":-1.7414145088840105,"posz":3.6680705811073198,"roty":347.7500693101745,"rotx":-20.76151341064937},"tail1":{"posx":-0.4709782888773606,"posy":-1.0081908125139472,"posz":-2.6264297363332636,"roty":341.540835224915,"rotx":11.67156431607214},"tail2":{"posx":-1.2175137998116212,"posy":-0.9688899909925759,"posz":-4.252549404851502,"roty":341.540835224915,"rotx":11.67156431607214}},"cameras":{}}