# This file was generated by Animated Java via MC-Build. It is not recommended to edit this file directly.
$data merge entity $(bone_jaw) { transformation: [-0.7810529431785145f,0.5881430907845522f,-0.20986663554403803f,2.4016381860909966f,0.5024487978628396f,0.392324204622992f,-0.7704718839731427f,-0.022636140702073315f,-0.37081195433584313f,-0.7072265713541387f,-0.6019377636369909f,2.2411940186832604f,0f,0f,0f,1f], start_interpolation: 0, interpolation_duration: 1 }
$data merge entity $(bone_head) { transformation: [-0.8786845610758288f,0.42548834653829365f,-0.5590153030884637f,2.277412563182449f,0.5652548975956946f,-0.10337386011897126f,-0.96717410314182f,-0.23756371917803332f,-0.4171634486278235f,-1.0362907468486884f,-0.13304565052916645f,2.2116283185656678f,0f,0f,0f,1f], start_interpolation: 0, interpolation_duration: 1 }
$data merge entity $(bone_neck) { transformation: [-0.45865725314026295f,0.8622540688885971f,-0.21482887335478668f,1.4160477819576822f,0.8251678203196612f,0.32356519100488146f,-0.46303740181423103f,-1.3701535337546131f,-0.32974473832152f,-0.3896453359852173f,-0.8599098323046662f,2.09182211846318f,0f,0f,0f,1f], start_interpolation: 0, interpolation_duration: 1 }
$data merge entity $(bone_right_arm2) { transformation: [-0.40351075415352644f,0.88481141101393f,-0.23299750690080423f,-0.38053666956115817f,0.9108682979931975f,0.3643576996739085f,-0.19381024327757623f,-0.6128951561681273f,-0.08659107917925268f,-0.290434559975007f,-0.9529689141722809f,2.5738265793910404f,0f,0f,0f,1f], start_interpolation: 0, interpolation_duration: 1 }
$data merge entity $(bone_right_arm1) { transformation: [-0.45815283544514973f,1.0046296229220661f,-0.2645492526269548f,0.7466896320732989f,1.0342150466797762f,0.4136978048380836f,-0.2200553803880813f,-0.5525665607223302f,-0.09831695448477647f,-0.32976423997162246f,-1.0820167879664437f,1.564524803173917f,0f,0f,0f,1f], start_interpolation: 0, interpolation_duration: 1 }
$data merge entity $(bone_left_arm2) { transformation: [-0.41698012601240025f,0.8785441003664485f,-0.23299750690080423f,0.35319521747946336f,0.9051960523286177f,0.3782296874246826f,-0.19381024327757623f,-2.21696780843628f,-0.08214427161627927f,-0.2917234431133955f,-0.9529689141722809f,2.720660341202093f,0f,0f,0f,1f], start_interpolation: 0, interpolation_duration: 1 }
$data merge entity $(bone_left_arm1) { transformation: [-0.47344618474324607f,0.9975136139577383f,-0.2645492526269548f,1.215792273837249f,1.0277746844147846f,0.42944829093010833f,-0.2200553803880813f,-1.570912119592025f,-0.09326797506431707f,-0.3312276593683344f,-1.0820167879664437f,1.656937108742231f,0f,0f,0f,1f], start_interpolation: 0, interpolation_duration: 1 }
$data merge entity $(bone_body2) { transformation: [-0.6602185328529672f,1.3910281589135436f,-0.3689127192596067f,1.0262048595148732f,1.4332270828536449f,0.5988636717557475f,-0.3068662185228291f,-1.6723951139301716f,-0.1300617633924422f,-0.46189545159620954f,-1.508867447439445f,0.7401620195351131f,0f,0f,0f,1f], start_interpolation: 0, interpolation_duration: 1 }
$data merge entity $(bone_right_leg2) { transformation: [-0.3110735115341174f,0.24543918727829278f,0.9181464348185449f,-0.9655138131533099f,0.9495202196852378f,0.03903870040563091f,0.3112673003698543f,-1.0209608324649702f,0.040553949631706f,0.9686256166439179f,-0.24519337664475893f,-1.4522027805233861f,0f,0f,0f,1f], start_interpolation: 0, interpolation_duration: 1 }
$data merge entity $(bone_right_leg1) { transformation: [-0.41476468204548983f,0.8880380183807965f,0.9039560355547105f,-0.1033099535943548f,1.266026959580317f,0.24981511687671235f,0.33547864726904814f,-1.186326799917912f,0.05407193284227466f,0.9626830543164037f,-0.9209209199429221f,-0.2136770030887808f,0f,0f,0f,1f], start_interpolation: 0, interpolation_duration: 1 }
$data merge entity $(bone_left_leg2) { transformation: [0.08946545530118383f,0.8556538086617209f,-0.5097572873735527f,-0.657416359139887f,0.9637378317848531f,-0.2035612461756401f,-0.17254625652864902f,-2.8170982679299845f,-0.2514066902339352f,-0.47583545346906575f,-0.8428376458888787f,0.4146781288166064f,0f,0f,0f,1f], start_interpolation: 0, interpolation_duration: 1 }
$data merge entity $(bone_left_leg1) { transformation: [-0.27810774681848277f,1.1128674103887783f,-0.679676383164737f,0.6234751661970516f,1.3003191673239756f,0.18444366726158914f,-0.23006167537153202f,-2.1986094681885127f,-0.0979996021788176f,-0.7108336220800534f,-1.1237835278518382f,-0.11586499376096905f,0f,0f,0f,1f], start_interpolation: 0, interpolation_duration: 1 }
$data merge entity $(bone_tail3) { transformation: [-0.2980387336105653f,0.9031203544917572f,-0.30910603127485736f,0.04761371114780166f,0.620583296031547f,0.4293713128766111f,0.6561376748558462f,0.07768891487447349f,0.7252925519777736f,0.0037284019764358047f,-0.688430688642125f,-3.2857399548661546f,0f,0f,0f,1f], start_interpolation: 0, interpolation_duration: 1 }
$data merge entity $(bone_tail2) { transformation: [-0.45947638098295485f,1.3923105465081256f,-0.47653846488207174f,0.4205976116196341f,0.9567325813819683f,0.6619474406847754f,1.0115455820694295f,-1.1555034346406592f,1.1181593509657342f,0.0057479530470051984f,-1.0613306449899427f,-1.9049699200355301f,0f,0f,0f,1f], start_interpolation: 0, interpolation_duration: 1 }
$data merge entity $(bone_tail1) { transformation: [-0.4141647275599597f,0.9031203544917572f,-0.11331903524062922f,0.5927696775077976f,0.8687782887164436f,0.4293713128766111f,0.2467074395585644f,-1.5262273752611892f,0.27146245320506446f,0.0037284019764358047f,-0.9624418088999408f,-0.916308304729976f,0f,0f,0f,1f], start_interpolation: 0, interpolation_duration: 1 }
$data merge entity $(bone_body1) { transformation: [-0.7752374611108334f,1.083661956648767f,0.04961270382041509f,0.5f,1.0797681794886405f,0.7767010376223468f,-0.09281139206979927f,-2.1337890625f,-0.10433280994966584f,-0.013785486800005938f,-1.3291735789201766f,-0.12499999999999994f,0f,0f,0f,1f], start_interpolation: 0, interpolation_duration: 1 }
execute on vehicle unless entity @s[tag=aj.transforms_only] positioned ^-0.1532674139 ^-1.9706794212 ^0.0273135937 rotated ~2.1376286414 ~-3.9915036001 run function animated_java:martellos/animations/die/zzz/frames/zzz/33
data modify entity @s data merge value {"locators":{"head":{"posx":2.196312177074637,"posy":0.08852567620523405,"posz":2.824302525295263,"roty":283.3873344598783,"rotx":-59.284072498237066},"neck":{"posx":0.8902274887236752,"posy":-1.0210268949948342,"posz":2.1805554793349597,"roty":345.9730747440685,"rotx":-27.58327983870801},"right_arm":{"posx":-1.1740687492592814,"posy":-0.8234184655786729,"posz":3.3353336540034846,"roty":346.26092057970493,"rotx":-11.175229697529764},"left_arm":{"posx":-0.382788871560808,"posy":-2.554867127492713,"posz":3.4940022583776464,"roty":346.26092057970493,"rotx":-11.175229697529762},"tail1":{"posx":-0.43199820904932756,"posy":-1.1040101798386668,"posz":-2.4717238889565394,"roty":335.8198745614654,"rotx":41.00597087992201},"tail2":{"posx":-1.311603896714737,"posy":-0.11678349116966513,"posz":-3.6778757448214217,"roty":335.8198745614654,"rotx":41.00597087992201}},"cameras":{}}