# This file was generated by Animated Java via MC-Build. It is not recommended to edit this file directly.
$data merge entity $(bone_jaw) { transformation: [-0.45042870427216947f,0.8925464163786361f,-0.02179167220176026f,2.2618664944834412f,0.8259559316588108f,0.4073078685851378f,-0.3897397838895311f,-0.8296791427625407f,-0.3389849278733801f,-0.19354894677648515f,-0.9206671623754117f,3.068478153344982f,0f,0f,0f,1f], start_interpolation: 0, interpolation_duration: 1 }
$data merge entity $(bone_head) { transformation: [-0.5067322923061907f,0.833689525078642f,-0.560186718611091f,2.13738055701431f,0.9292004231161621f,0.15087705630295878f,-0.6159932528543633f,-0.9665665322857326f,-0.38135804385755256f,-0.7401505857969054f,-0.7565501653754618f,2.900355894372657f,0f,0f,0f,1f], start_interpolation: 0, interpolation_duration: 1 }
$data merge entity $(bone_neck) { transformation: [-0.2657356447068161f,0.9553385666954859f,0.1292779568080638f,1.3602394921603165f,0.937981360082499f,0.2871873154135951f,-0.19420199278925504f,-1.8984828540951966f,-0.22265564279855649f,0.06965392199831308f,-0.9724056745413482f,2.1475968130838825f,0f,0f,0f,1f], start_interpolation: 0, interpolation_duration: 1 }
$data merge entity $(bone_right_arm2) { transformation: [-0.2564925753497525f,0.9590967674058234f,-0.11977040344822878f,-0.32097139260718577f,0.9642982046883386f,0.24547728478722716f,-0.09934724499621356f,-0.8965582014818555f,-0.06588270809020084f,-0.1409762157429066f,-0.9878183918967649f,2.4404855205553972f,0f,0f,0f,1f], start_interpolation: 0, interpolation_duration: 1 }
$data merge entity $(bone_right_arm1) { transformation: [-0.2912259449283648f,1.0889744546586952f,-0.13598931224850974f,0.9356548920390977f,1.0948802532398842f,0.27871900043549747f,-0.11280051775611746f,-0.9440136850986225f,-0.07480432481074886f,-0.16006674495809187f,-1.1215854657994517f,1.5969174392419943f,0f,0f,0f,1f], start_interpolation: 0, interpolation_duration: 1 }
$data merge entity $(bone_left_arm2) { transformation: [-0.2296130193119147f,0.9658845230255607f,-0.11977040344822878f,0.08034232319958412f,0.9707763673823889f,0.2184567907928601f,-0.09934724499621356f,-2.5579280201915386f,-0.06979330837780509f,-0.13908169806329576f,-0.9878183918967649f,2.5589151931721905f,0f,0f,0f,1f], start_interpolation: 0, interpolation_duration: 1 }
$data merge entity $(bone_left_arm1) { transformation: [-0.26070644901040313f,1.0966813855186053f,-0.13598931224850974f,1.1939695387650018f,1.1022356671320872f,0.24803948121272654f,-0.11280051775611746f,-2.03613709840381f,-0.07924448555396618f,-0.15791567800936704f,-1.1215854657994517f,1.675434911167025f,0f,0f,0f,1f], start_interpolation: 0, interpolation_duration: 1 }
$data merge entity $(bone_body2) { transformation: [-0.36355394724386497f,1.529317161457138f,-0.18963647212636225f,1.1277017545143901f,1.5370625816887826f,0.34588991875536185f,-0.15729980457733814f,-2.0549480682018073f,-0.11050607159819141f,-0.2202126886002183f,-1.5640457871698779f,0.736300480861239f,0f,0f,0f,1f], start_interpolation: 0, interpolation_duration: 1 }
$data merge entity $(bone_right_leg2) { transformation: [-0.1106617337711574f,0.3509725527015009f,0.9298237725122723f,-0.8738038668979065f,0.9924285818370536f,-0.01113864038966126f,0.12231696792826585f,-0.9844955780375688f,0.05328687110026341f,0.9363194956533064f,-0.3470825714839077f,-1.2872751415496526f,0f,0f,0f,1f], start_interpolation: 0, interpolation_duration: 1 }
$data merge entity $(bone_right_leg1) { transformation: [-0.14754897836154318f,1.0982453064471638f,0.741528370076977f,0.17794429254283478f,1.3232381091160714f,0.0821052832403423f,0.1416947663984972f,-1.3013462486076177f,0.07104916146701787f,0.751594137223393f,-1.0990159449817072f,-0.2393634269131932f,0f,0f,0f,1f], start_interpolation: 0, interpolation_duration: 1 }
$data merge entity $(bone_left_leg2) { transformation: [0.32642130187526497f,0.801270522555425f,-0.501412687679334f,-0.8106868502882045f,0.9061665771715025f,-0.41618835448644015f,-0.07516241086575734f,-2.750271892022433f,-0.26890754563481634f,-0.4298288069378615f,-0.8619373113092585f,0.36988276665060665f,0f,0f,0f,1f], start_interpolation: 0, interpolation_duration: 1 }
$data merge entity $(bone_left_leg1) { transformation: [0.043580039563301344f,1.1527875436673747f,-0.668550250239112f,0.6011105712551543f,1.3251504618970822f,-0.10821587062241296f,-0.10021654782100978f,-2.4707553067331185f,-0.14090710153639768f,-0.661171673840124f,-1.1492497484123447f,-0.11321765673124556f,0f,0f,0f,1f], start_interpolation: 0, interpolation_duration: 1 }
$data merge entity $(bone_tail3) { transformation: [-0.12511753519484994f,0.9851973429131544f,-0.11718275429271095f,0.6840212480916378f,0.7012417409509282f,0.17136727409756627f,0.692021154385096f,-0.2479493911486661f,0.7018586917142772f,0.004410542509712441f,-0.7123025508727967f,-3.3615193680947826f,0f,0f,0f,1f], start_interpolation: 0, interpolation_duration: 1 }
$data merge entity $(bone_tail2) { transformation: [-0.19288953342539364f,1.5188459036577795f,-0.1806567462012627f,0.7033747186948981f,1.0810810172993475f,0.264191214233748f,1.0668659463436896f,-1.4899652018951488f,1.0820321497261771f,0.006799586369140012f,-1.0981330992622282f,-1.9390467254645751f,0f,0f,0f,1f], start_interpolation: 0, interpolation_duration: 1 }
$data merge entity $(bone_tail1) { transformation: [-0.16837816987673548f,0.9851973429131544f,-0.032171220459000165f,0.7586039116671777f,0.9625435198130718f,0.17136727409756627f,0.2101029029647905f,-1.8335174762718727f,0.21250591609370265f,0.004410542509712441f,-0.9771498261474267f,-0.9273882746946471f,0f,0f,0f,1f], start_interpolation: 0, interpolation_duration: 1 }
$data merge entity $(bone_body1) { transformation: [-0.45137736395980754f,1.254270792190345f,0.02900056793715279f,0.5f,1.2473696620005341f,0.45195944702787605f,-0.1325871876943907f,-2.375f,-0.13455548819407748f,-0.017754319988061387f,-1.3264076984458408f,-0.12499999999999994f,0f,0f,0f,1f], start_interpolation: 0, interpolation_duration: 1 }
data modify entity @s data merge value {"locators":{"head":{"posx":1.829827131584812,"posy":-0.8792778822167199,"posz":3.5217034879752327,"roty":323.4819440522931,"rotx":-33.19906429380812},"neck":{"posx":0.8529599626950932,"posy":-1.5129121682353883,"posz":2.1316994802529052,"roty":7.572866984933739,"rotx":-11.198110009976222},"right_arm":{"posx":-1.2362137442482544,"posy":-1.0320932259779547,"posz":3.071253262991049,"roty":353.0867813028801,"rotx":-5.701583192084319},"left_arm":{"posx":-0.8113061843948676,"posy":-2.7873847114476913,"posz":3.1962681689574817,"roty":353.0867813028801,"rotx":-5.701583192084319},"tail1":{"posx":-0.1004467401668504,"posy":-1.230381331447436,"posz":-2.519794972536192,"roty":350.65780210204616,"rotx":43.79031446362737},"tail2":{"posx":-0.6749655637715274,"posy":-0.0836070390601053,"posz":-3.7679783900047283,"roty":350.65780210204616,"rotx":43.79031446362737}},"cameras":{}}