# This file was generated by Animated Java via MC-Build. It is not recommended to edit this file directly.
$data merge entity $(bone_jaw) { transformation: [-0.30776948100475976f,0.9234617837721336f,0.22912066793384234f,1.9305670771288317f,0.9312113102660408f,0.34177239977345086f,-0.12663776050491515f,-1.091903842213717f,-0.19525225272622243f,0.1743845195695009f,-0.9651251717470899f,3.4298482324784847f,0f,0f,0f,1f], start_interpolation: 0, interpolation_duration: 1 }
$data merge entity $(bone_head) { transformation: [-0.34624066613035476f,1.014689490877735f,-0.3408043987684005f,1.8548327662914093f,1.0476127240492958f,0.24773118667049307f,-0.32674430302737256f,-1.164513687330911f,-0.21965878431700023f,-0.4179228352855489f,-1.0211344290637083f,3.202929470464327f,0f,0f,0f,1f], start_interpolation: 0, interpolation_duration: 1 }
$data merge entity $(bone_neck) { transformation: [-0.22383285382877555f,0.8980781955650149f,0.37862172177194614f,1.3201712593576749f,0.9619869537296325f,0.26594144075296283f,-0.06209871934444687f,-1.9785251544631133f,-0.1564607120041579f,0.3503294231732832f,-0.9234659391976656f,2.1586187387466893f,0f,0f,0f,1f], start_interpolation: 0, interpolation_duration: 1 }
$data merge entity $(bone_right_arm2) { transformation: [-0.2292019862748194f,0.970493430019343f,-0.07489293542763749f,-0.31945866342525153f,0.9715621283856204f,0.22339731668975127f,-0.07848993300176998f,-0.930570711841453f,-0.05944308348732313f,-0.09075318829170548f,-0.9940977711676098f,2.3880155149552076f,0f,0f,0f,1f], start_interpolation: 0, interpolation_duration: 1 }
$data merge entity $(bone_right_arm1) { transformation: [-0.2602397552495345f,1.1019144153344622f,-0.08503468710013005f,0.9744506910795164f,1.103127833271173f,0.2536490366581551f,-0.08911877809575966f,-0.9949367277453778f,-0.06749266770956479f,-0.10304268253954058f,-1.12871517767989f,1.6040357012344009f,0f,0f,0f,1f], start_interpolation: 0, interpolation_duration: 1 }
$data merge entity $(bone_left_arm2) { transformation: [-0.17463673519096495f,0.9817805553915154f,-0.07489293542763749f,-0.011607087928334758f,0.9825233624150413f,0.16878143477888533f,-0.07848993300176998f,-2.5748778654255697f,-0.06441935291884149f,-0.08729128438228162f,-0.9940977711676098f,2.494650549484712f,0f,0f,0f,1f], start_interpolation: 0, interpolation_duration: 1 }
$data merge entity $(bone_left_arm1) { transformation: [-0.19828545974807477f,1.114730005600783f,-0.08503468710013005f,1.170917018169352f,1.1155734010754115f,0.19163725407185936f,-0.08911877809575966f,-2.100275510462299f,-0.0731428069599346f,-0.09911197914238225f,-1.12871517767989f,1.6765074732680976f,0f,0f,0f,1f], start_interpolation: 0, interpolation_duration: 1 }
$data merge entity $(bone_body2) { transformation: [-0.2765081640523612f,1.5544858793698997f,-0.11858048109375936f,1.1511513799684763f,1.5556619904904823f,0.26723727173323514f,-0.12427572725280249f,-2.101903272826838f,-0.1019973087881657f,-0.13821120027194592f,-1.573988137682049f,0.7350588979671431f,0f,0f,0f,1f], start_interpolation: 0, interpolation_duration: 1 }
$data merge entity $(bone_right_leg2) { transformation: [-0.07075749803110538f,0.5211920119842223f,0.8505011834890158f,-0.9809035559111222f,0.994596635494514f,-0.02807116380427999f,0.09994769845107011f,-0.9306958335248943f,0.07596650008635976f,0.8529776646586424f,-0.5163895762485118f,-1.0372126029184385f,0f,0f,0f,1f], start_interpolation: 0, interpolation_duration: 1 }
$data merge entity $(bone_right_leg1) { transformation: [-0.09434333070814051f,1.2387067681672526f,0.4842340923823028f,0.26761887487875924f,1.3261288473260187f,0.050642175831230776f,0.12882324361163008f,-1.279263923738767f,0.101288666781813f,0.49073280948138853f,-1.2355968976401015f,-0.24703570734430264f,0f,0f,0f,1f], start_interpolation: 0, interpolation_duration: 1 }
$data merge entity $(bone_left_leg2) { transformation: [0.4112584772192969f,0.835329846394685f,-0.36481572421908726f,-0.8894908320950349f,0.8809129887351218f,-0.4670698824032978f,-0.07640701034280142f,-2.675063761194208f,-0.23421949362301242f,-0.2899478792369445f,-0.9279393601593683f,0.1497584689575926f,0f,0f,0f,1f], start_interpolation: 0, interpolation_duration: 1 }
$data merge entity $(bone_left_leg1) { transformation: [0.13434256332067201f,1.234149301202336f,-0.4864209656254497f,0.5928651430161372f,1.316712990922044f,-0.18348284696145525f,-0.1018760137904019f,-2.4786784861455766f,-0.16123508611755133f,-0.4700928897467849f,-1.237252480212491f,-0.11242674572141864f,0f,0f,0f,1f], start_interpolation: 0, interpolation_duration: 1 }
$data merge entity $(bone_tail3) { transformation: [-0.07023888655824746f,0.9959636682341281f,-0.05588264822534103f,0.8715313631034831f,0.7456158253196953f,0.0896334621633344f,0.6603202885671802f,-0.39877845735233963f,0.6626639720460796f,0.004713174963191529f,-0.7489020270595339f,-3.4429364531549327f,0f,0f,0f,1f], start_interpolation: 0, interpolation_duration: 1 }
$data merge entity $(bone_tail2) { transformation: [-0.1082849501106315f,1.5354439885276139f,-0.08615241601406741f,0.7807882799123176f,1.1494910640345302f,0.13818492083514053f,1.017993778207736f,-1.560483294406466f,1.0216069569043726f,0.007266144734920273f,-1.1545572917167812f,-1.9567958762181452f,0f,0f,0f,1f], start_interpolation: 0, interpolation_duration: 1 }
$data merge entity $(bone_tail1) { transformation: [-0.08914180039909979f,0.9959636682341281f,-0.010493377874956133f,0.8030802189543459f,0.9816305472031718f,0.0896334621633344f,0.16842598154149466f,-1.8621397181947006f,0.168686716190721f,0.004713174963191529f,-0.9856584488363895f,-0.9306196138533214f,0f,0f,0f,1f], start_interpolation: 0, interpolation_duration: 1 }
$data merge entity $(bone_body1) { transformation: [-0.34692935267986985f,1.287264345651188f,0.019191311631112748f,0.5f,1.2793755332339298f,0.3469433620288929f,-0.1435490379078308f,-2.375f,-0.1435828923977429f,-0.01893636018575135f,-1.3254445084768323f,-0.12499999999999994f,0f,0f,0f,1f], start_interpolation: 0, interpolation_duration: 1 }
data modify entity @s data merge value {"locators":{"head":{"posx":1.3857842710172232,"posy":-1.2113798179735813,"posz":3.71875727591844,"roty":341.54352841195026,"rotx":-16.884262916734272},"neck":{"posx":0.8241477938849132,"posy":-1.5894973779626023,"posz":2.0644480914543375,"roty":22.293665634184407,"rotx":-3.5602852622647},"right_arm":{"posx":-1.2668307498729519,"posy":-1.054000429006218,"posz":2.9721023961127604,"roty":355.6916125732055,"rotx":-4.501772311242611},"left_arm":{"posx":-0.9450263796565961,"posy":-2.7658220438545102,"posz":3.083016929008226,"roty":355.6916125732055,"rotx":-4.501772311242611},"tail1":{"posx":0.00417606890158051,"posy":-1.2669401708039922,"posz":-2.5580338975497283,"roty":355.73252992869175,"rotx":41.324304393027084},"tail2":{"posx":-0.46710494108056433,"posy":-0.14499221412267715,"posz":-3.8703798855151095,"roty":355.73252992869175,"rotx":41.324304393027084}},"cameras":{}}