# This file was generated by Animated Java via MC-Build. It is not recommended to edit this file directly.
$data merge entity $(bone_jaw) { transformation: [-0.18024026432569162f,0.8350258791172162f,0.519851159775878f,1.2570757364567313f,0.8547820414983559f,-0.12852939319416481f,0.5028199047542199f,-2.2119401892461736f,0.48668378712230376f,0.5349878281696328f,-0.6905989538528362f,3.805437856322932f,0f,0f,0f,1f], start_interpolation: 0, interpolation_duration: 1 }
$data merge entity $(bone_head) { transformation: [-0.20277029736640306f,1.1065156965293246f,-0.011498688628041688f,1.2545204723171666f,0.9616297966856504f,0.18198489053019384f,0.5547743989632434f,-2.088656989476564f,0.5475192605125917f,0.09016381177023046f,-0.9786307508017553f,3.5879643561447643f,0f,0f,0f,1f], start_interpolation: 0, interpolation_duration: 1 }
$data merge entity $(bone_neck) { transformation: [-0.12569838490406876f,0.6934818507488398f,0.7094243009049469f,1.156952442833828f,0.9488587522580656f,-0.12470662349722823f,0.2900264234844602f,-2.194939109058668f,0.2895979701168078f,0.7095993099897185f,-0.6423409024547168f,2.167314120977827f,0f,0f,0f,1f], start_interpolation: 0, interpolation_duration: 1 }
$data merge entity $(bone_right_arm2) { transformation: [-0.38926381116930886f,0.9180684911015151f,0.07499287273156013f,-0.3005428493792568f,0.9182046810523345f,0.3932202634471379f,-0.04772827367655298f,-1.3533982576050672f,-0.07330654136927495f,0.05027991707581367f,-0.9960412044344973f,2.2054982330474f,0f,0f,0f,1f], start_interpolation: 0, interpolation_duration: 1 }
$data merge entity $(bone_right_arm1) { transformation: [-0.4419766189318194f,1.0423902659381785f,0.08514815758062556f,1.0776245861848384f,1.0425448982781713f,0.4464688407889378f,-0.054191477403586194f,-1.1570488128121834f,-0.08323346884636425f,0.057088655846496764f,-1.1309217842016686f,1.609620590338587f,0f,0f,0f,1f], start_interpolation: 0, interpolation_duration: 1 }
$data merge entity $(bone_right_leg2) { transformation: [-0.3174432483150638f,0.563321460503139f,0.7628228603259023f,-0.9071487124447424f,0.9410144276720236f,0.08776183412077146f,0.3267869449424994f,-1.3099024302745543f,0.11713936576691339f,0.8215636266342178f,-0.5579530234521153f,-0.6488995126202435f,0f,0f,0f,1f], start_interpolation: 0, interpolation_duration: 1 }
$data merge entity $(bone_right_leg1) { transformation: [-0.42325766442008506f,1.2634139642940272f,0.04915162371970126f,0.5624907741185998f,1.254685903562698f,0.41329564922618106f,0.1809081742474429f,-1.2595988221688312f,0.15618582102255119f,0.10368046554360118f,-1.3200886819278284f,-0.27165048804180614f,0f,0f,0f,1f], start_interpolation: 0, interpolation_duration: 1 }
$data merge entity $(bone_left_leg2) { transformation: [0.3519215811155529f,0.8912296671191402f,-0.2861134061728598f,-0.913528449347896f,0.9225612279609571f,-0.38192295613224175f,-0.05491480895333223f,-2.828005983209546f,-0.1582149847779929f,-0.2446314289414104f,-0.9566208666790533f,0.023781211906689456f,0f,0f,0f,1f], start_interpolation: 0, interpolation_duration: 1 }
$data merge entity $(bone_left_leg1) { transformation: [0.03450615251389094f,1.2771282816398333f,-0.38148454156381306f,0.5624907741185999f,1.3300657631117465f,-0.057807546896395175f,-0.07321974527110964f,-2.499087871034127f,-0.08667276974017392f,-0.378654747144791f,-1.2754944889054043f,-0.10988863301100811f,0f,0f,0f,1f], start_interpolation: 0, interpolation_duration: 1 }
$data merge entity $(bone_tail3) { transformation: [0.17446982406283107f,0.9846623814997093f,0.0005243575169992035f,1.0432382586300317f,0.9842315905038871f,-0.1743776906918232f,-0.029674858772635426f,-2.4769118444561067f,-0.029128280856819566f,0.005693456622099857f,-0.9995594668682891f,-3.839461679278838f,0f,0f,0f,1f], start_interpolation: 0, interpolation_duration: 1 }
$data merge entity $(bone_tail2) { transformation: [0.26897431209686457f,1.5180211714787184f,0.0008083845053737719f,0.8794396197623165f,1.517357035360159f,-0.2688322731498941f,-0.04574874060781294f,-2.2655467184397127f,-0.044906099654263495f,0.008777412292403947f,-1.5409875114219456f,-1.9699962371245423f,0f,0f,0f,1f], start_interpolation: 0, interpolation_duration: 1 }
$data merge entity $(bone_tail1) { transformation: [0.1632125489383257f,0.9846623814997093f,-0.06165758938180688f,0.9245492398631956f,0.9091021470859829f,-0.1743776906918232f,-0.3783195833586239f,-1.9772199295069226f,-0.3832687699679046f,0.005693456622099857f,-0.9236193125519743f,-0.9407421212920817f,0f,0f,0f,1f], start_interpolation: 0, interpolation_duration: 1 }
data modify entity @s data merge value {"locators":{"head":{"posx":0.6429836099753311,"posy":-2.343863706149795,"posz":3.809715224828457,"roty":359.326818606782,"rotx":29.546700189855564},"neck":{"posx":0.7453695187378604,"posy":-1.7099980520537321,"posz":2.126305977596926,"roty":47.841059177271376,"rotx":16.85953796431697},"right_arm":{"posx":-1.2804367650446338,"posy":-1.6653665916481577,"posz":2.6486572593532554,"roty":4.305729027152523,"rotx":-2.7356679527757315},"left_arm":{"posx":-1.328395247180371,"posy":-2.589902309342151,"posz":2.689348296260362,"roty":4.305729027152523,"rotx":-2.735667952775732},"tail1":{"posx":0.1194946014226177,"posy":-2.278193864640018,"posz":-2.6578224279559635,"roty":0.03005671090105011,"rotx":-1.7004938026423584},"tail2":{"posx":-0.24883616598502467,"posy":-2.264733233482696,"posz":-4.409186541208757,"roty":0.03005671090105011,"rotx":-1.7004938026423584}},"cameras":{}}