# This file was generated by Animated Java via MC-Build. It is not recommended to edit this file directly.
$data merge entity $(bone_jaw) { transformation: [-1f,-1.0321670100017621e-16f,6.590834894957392e-17f,-5.160774483187139e-16f,0f,0.5381825110347072f,0.8428283246405387f,-0.14420565485385559f,-1.2246467991473532e-16f,0.8428283246405387f,-0.5381825110347072f,3.5128622138584995f,0f,0f,0f,1f], start_interpolation: 0, interpolation_duration: 1 }
$data merge entity $(bone_head) { transformation: [-1.125f,-1.1611878862519823e-16f,7.414689256827066e-17f,-4.996003610813204e-16f,0f,0.6054553249140455f,0.948181865220606f,0.06650142630627909f,-1.3777276490407724e-16f,0.948181865220606f,-0.6054553249140455f,3.3783165860998228f,0f,0f,0f,1f], start_interpolation: 0, interpolation_duration: 1 }
$data merge entity $(bone_neck) { transformation: [-1f,-5.260662299256297e-17f,1.1058996809809162e-16f,0.4999999999999997f,0f,0.9030356195360871f,0.42956567582742833f,-0.5439518078410279f,-1.2246467991473532e-16f,0.42956567582742833f,-0.9030356195360871f,2.1881866146601094f,0f,0f,0f,1f], start_interpolation: 0, interpolation_duration: 1 }
$data merge entity $(bone_right_arm2) { transformation: [-0.9998441098182416f,0.009846295801707095f,-0.014656279226103172f,-0.6968913212941097f,0.009761576390015798f,0.9999352963835033f,0.0058407767306351f,-1.6091501215598938f,0.014712840927234419f,0.005696797821629962f,-0.9998755316570304f,2.8289587774050213f,0f,0f,0f,1f], start_interpolation: 0, interpolation_duration: 1 }
$data merge entity $(bone_right_arm1) { transformation: [-1.1230036085141288f,-0.07192358874141414f,-0.15119821292345104f,-0.5625000000000003f,-0.0123790849068328f,1.058181747676761f,-0.411423327103689f,-0.6316424778384864f,0.16697502946715936f,-0.40527693397324693f,-1.047397228021981f,1.6803132580096574f,0f,0f,0f,1f], start_interpolation: 0, interpolation_duration: 1 }
$data merge entity $(bone_left_arm2) { transformation: [-0.9998441098182416f,-0.009846295801707101f,0.014656279226103422f,0.6968913212941088f,-0.009761576390015798f,0.9999352963835033f,0.0058407767306351f,-1.6091501215598938f,-0.014712840927234655f,0.0056967978216299064f,-0.9998755316570302f,2.8289587774050213f,0f,0f,0f,1f], start_interpolation: 0, interpolation_duration: 1 }
$data merge entity $(bone_left_arm1) { transformation: [-1.1230036085141288f,0.07192358874141423f,0.15119821292345131f,0.5624999999999998f,0.0123790849068328f,1.058181747676761f,-0.411423327103689f,-0.6316424778384864f,-0.1669750294671596f,-0.40527693397324693f,-1.047397228021981f,1.6803132580096576f,0f,0f,0f,1f], start_interpolation: 0, interpolation_duration: 1 }
$data merge entity $(bone_body2) { transformation: [-1.5833333333333335f,-1.433606532706554e-17f,1.9337171918972957e-16f,0.4999999999999999f,0f,1.578999915113178f,0.1170628571196762f,-0.5f,-1.9390240986499761e-16f,0.1170628571196762f,-1.578999915113178f,0.75f,0f,0f,0f,1f], start_interpolation: 0, interpolation_duration: 1 }
$data merge entity $(bone_right_leg2) { transformation: [-1f,8.07465741993502e-17f,9.207382137006919e-17f,-1f,0f,0.7518398074789774f,-0.659345815100069f,-2.411815290469802f,-1.2246467991473532e-16f,-0.659345815100069f,-0.7518398074789774f,0.5878596693691686f,0f,0f,0f,1f], start_interpolation: 0, interpolation_duration: 1 }
$data merge entity $(bone_right_leg1) { transformation: [-1.3333333333333333f,1.0766209893246693e-16f,1.2276509516009224e-16f,-0.625f,0f,1.0024530766386364f,-0.8791277534667585f,-1.125f,-1.6328623988631375e-16f,-0.8791277534667585f,-1.0024530766386364f,-0.12500000000000008f,0f,0f,0f,1f], start_interpolation: 0, interpolation_duration: 1 }
$data merge entity $(bone_left_leg2) { transformation: [-1f,-8.07465741993502e-17f,9.207382137006919e-17f,1.0000000000000002f,0f,0.7518398074789774f,0.659345815100069f,-1.9997241560322585f,-1.2246467991473532e-16f,0.659345815100069f,-0.7518398074789774f,-1.3077595490435296f,0f,0f,0f,1f], start_interpolation: 0, interpolation_duration: 1 }
$data merge entity $(bone_left_leg1) { transformation: [-1.3333333333333333f,-1.0766209893246693e-16f,1.2276509516009224e-16f,0.625f,0f,1.0024530766386364f,0.8791277534667585f,-1.125f,-1.6328623988631375e-16f,0.8791277534667585f,-1.0024530766386364f,-0.12499999999999993f,0f,0f,0f,1f], start_interpolation: 0, interpolation_duration: 1 }
$data merge entity $(bone_tail3) { transformation: [-1f,-9.054357048672972e-18f,1.221295068566713e-16f,4.579669976578771e-16f,0f,0.997263104282007f,0.07393443607558496f,-0.3458307619750929f,-1.2246467991473532e-16f,0.07393443607558496f,-0.997263104282007f,-3.7905976620642234f,0f,0f,0f,1f], start_interpolation: 0, interpolation_duration: 1 }
$data merge entity $(bone_tail2) { transformation: [-1.5416666666666665f,-1.3958800450037495e-17f,1.8828298973736824e-16f,-0.12499999999999976f,0f,1.537447285768094f,0.1139822556165268f,-0.671444661669691f,-1.8879971486855027e-16f,0.1139822556165268f,-1.537447285768094f,-1.9345920482996324f,0f,0f,0f,1f], start_interpolation: 0, interpolation_duration: 1 }
$data merge entity $(bone_tail1) { transformation: [-1f,-9.054357048672972e-18f,1.221295068566713e-16f,1.1102230246251565e-16f,0f,0.997263104282007f,0.07393443607558496f,-0.75f,-1.2246467991473532e-16f,0.07393443607558496f,-0.997263104282007f,-0.875f,0f,0f,0f,1f], start_interpolation: 0, interpolation_duration: 1 }
data modify entity @s data merge value {"locators":{"head":{"posx":-4.556862820029521e-16,"posy":-0.5332464945405813,"posz":3.019730917897832,"roty":0,"rotx":57.440000000000005},"neck":{"posx":-2.7755575615628914e-16,"posy":-0.9362858746454892,"posz":2.1399789386668346,"roty":0,"rotx":25.440000000000005},"right_arm":{"posx":-0.7618997343464053,"posy":-2.6113957077843386,"posz":3.3241192979698586,"roty":359.16021266467953,"rotx":0.3346537585292498},"left_arm":{"posx":0.7618997343464042,"posy":-2.6113957077843386,"posz":3.3241192979698586,"roty":0.8397873353204943,"rotx":0.33465375852924834},"tail1":{"posx":3.191891195797325e-16,"posy":-1.3685620650792316,"posz":-2.6756612595502007,"roty":0,"rotx":4.24},"tail2":{"posx":5.385486888911379e-16,"posy":-1.6131504660527105,"posz":-4.448597105572057,"roty":0,"rotx":4.24}},"cameras":{}}