# This file was generated by Animated Java via MC-Build. It is not recommended to edit this file directly.
$data merge entity $(bone_jaw) { transformation: [-1f,-6.3309698938055e-17f,1.048307199583758e-16f,-4.1478573860839874e-16f,0f,0.8560077896040152f,0.5169629233680575f,0.2285061816555135f,-1.2246467991473532e-16f,0.5169629233680575f,-0.8560077896040152f,3.4354393111585644f,0f,0f,0f,1f], start_interpolation: 0, interpolation_duration: 1 }
$data merge entity $(bone_head) { transformation: [-1.125f,-7.122341130531187e-17f,1.179345599531728e-16f,-3.885780586188048e-16f,0f,0.9630087633045171f,0.5815832887890646f,0.3577469124975279f,-1.3777276490407724e-16f,0.5815832887890646f,-0.9630087633045171f,3.2214373637575604f,0f,0f,0f,1f], start_interpolation: 0, interpolation_duration: 1 }
$data merge entity $(bone_neck) { transformation: [-1f,-2.7816627720022463e-17f,1.1926371220494629e-16f,0.4999999999999997f,0f,0.9738621150847929f,0.22714000264720804f,-0.4924303326292081f,-1.2246467991473532e-16f,0.22714000264720804f,-0.9738621150847929f,2.1888381424385077f,0f,0f,0f,1f], start_interpolation: 0, interpolation_duration: 1 }
$data merge entity $(bone_right_arm2) { transformation: [-0.9997435346242906f,0.01996993788783272f,-0.01068019464644053f,-0.8002515477223585f,0.01993135725099859f,0.9997944796251839f,0.003706684386443837f,-1.757214317338785f,0.010752021905800789f,0.003492862975231603f,-0.9999360949246573f,2.6295449198548013f,0f,0f,0f,1f], start_interpolation: 0, interpolation_duration: 1 }
$data merge entity $(bone_right_arm1) { transformation: [-1.1321063228248311f,-0.01967913608033622f,-0.08437423995281113f,-0.5625000000000003f,-0.003307930108341171f,1.1147510672261567f,-0.21561568278069895f,-0.5982488374285111f,0.08657562222058397f,-0.2147412318715721f,-1.1115583079244393f,1.684430128979126f,0f,0f,0f,1f], start_interpolation: 0, interpolation_duration: 1 }
$data merge entity $(bone_left_arm2) { transformation: [-0.9997435346242906f,-0.019969937887832724f,0.010680194646440794f,0.8002515477223577f,-0.01993135725099859f,0.9997944796251839f,0.003706684386443837f,-1.757214317338785f,-0.010752021905801039f,0.003492862975231603f,-0.9999360949246573f,2.6295449198548013f,0f,0f,0f,1f], start_interpolation: 0, interpolation_duration: 1 }
$data merge entity $(bone_left_arm1) { transformation: [-1.1321063228248311f,0.019679136080336276f,0.08437423995281142f,0.5624999999999998f,0.003307930108341171f,1.1147510672261567f,-0.21561568278069895f,-0.5982488374285111f,-0.08657562222058426f,-0.2147412318715721f,-1.1115583079244393f,1.684430128979126f,0f,0f,0f,1f], start_interpolation: 0, interpolation_duration: 1 }
$data merge entity $(bone_body2) { transformation: [-1.5833333333333335f,-7.403330357368287e-18f,1.9376102614063847e-16f,0.4999999999999999f,0f,1.582178847611756f,0.06045278003847945f,-0.5f,-1.9390240986499761e-16f,0.06045278003847945f,-1.582178847611756f,0.75f,0f,0f,0f,1f], start_interpolation: 0, interpolation_duration: 1 }
$data merge entity $(bone_right_leg2) { transformation: [-1f,-3.710443362873725e-17f,1.1670843513520868e-16f,-0.9999999999999999f,0f,0.9529966943649845f,0.30298069332782973f,-2.4002512814847186f,-1.2246467991473532e-16f,0.30298069332782973f,-0.9529966943649845f,-0.858346213647813f,0f,0f,0f,1f], start_interpolation: 0, interpolation_duration: 1 }
$data merge entity $(bone_right_leg1) { transformation: [-1.3333333333333333f,-4.9472578171649663e-17f,1.556112468469449e-16f,-0.625f,0f,1.2706622591533125f,0.4039742577704396f,-1.125f,-1.6328623988631375e-16f,0.4039742577704396f,-1.2706622591533125f,-0.12500000000000008f,0f,0f,0f,1f], start_interpolation: 0, interpolation_duration: 1 }
$data merge entity $(bone_left_leg2) { transformation: [-1f,3.710443362873725e-17f,1.1670843513520868e-16f,1f,0f,0.9529966943649845f,-0.30298069332782973f,-2.589614214814612f,-1.2246467991473532e-16f,-0.30298069332782973f,-0.9529966943649845f,0.012723279669697732f,0f,0f,0f,1f], start_interpolation: 0, interpolation_duration: 1 }
$data merge entity $(bone_left_leg1) { transformation: [-1.3333333333333333f,4.9472578171649663e-17f,1.556112468469449e-16f,0.625f,0f,1.2706622591533125f,-0.4039742577704396f,-1.125f,-1.6328623988631375e-16f,-0.4039742577704396f,-1.2706622591533125f,-0.12499999999999993f,0f,0f,0f,1f], start_interpolation: 0, interpolation_duration: 1 }
$data merge entity $(bone_tail3) { transformation: [-1f,-4.675787594127339e-18f,1.2237538493092955e-16f,4.579669976578771e-16f,0f,0.9992708511232142f,0.038180703182197545f,-0.45048089981669204f,-1.2246467991473532e-16f,0.038180703182197545f,-0.9992708511232142f,-3.8031992433277795f,0f,0f,0f,1f], start_interpolation: 0, interpolation_duration: 1 }
$data merge entity $(bone_tail2) { transformation: [-1.5416666666666665f,-7.208505874279646e-18f,1.8866205176851637e-16f,-0.12499999999999976f,0f,1.5405425621482884f,0.05886191740588788f,-0.7094330028689151f,-1.8879971486855027e-16f,0.05886191740588788f,-1.5405425621482884f,-1.936725279318415f,0f,0f,0f,1f], start_interpolation: 0, interpolation_duration: 1 }
$data merge entity $(bone_tail1) { transformation: [-1f,-4.675787594127339e-18f,1.2237538493092955e-16f,1.1102230246251565e-16f,0f,0.9992708511232142f,0.038180703182197545f,-0.75f,-1.2246467991473532e-16f,0.038180703182197545f,-0.9992708511232142f,-0.875f,0f,0f,0f,1f], start_interpolation: 0, interpolation_duration: 1 }
data modify entity @s data merge value {"locators":{"head":{"posx":-3.8176909676951283e-16,"posy":-0.33880886955749956,"posz":3.1658379709037794,"roty":0,"rotx":31.128750000000004},"neck":{"posx":-2.7755575615628914e-16,"posy":-0.8860211261169064,"posz":2.2253934058314035,"roty":0,"rotx":13.128750000000004},"right_arm":{"posx":-0.8773653592009891,"posy":-2.7576164293290035,"posz":3.126692105711011,"roty":359.3880540842314,"rotx":0.2123778576600831},"left_arm":{"posx":0.8773653592009882,"posy":-2.7576164293290035,"posz":3.126692105711011,"roty":0.6119459157685867,"rotx":0.2123778576600832},"tail1":{"posx":3.191891195797325e-16,"posy":-1.432636907773565,"posz":-2.652359516852273,"roty":0,"rotx":2.1881250000000003},"tail2":{"posx":5.32940122898817e-16,"posy":-1.7405472463759246,"posz":-4.4154012700112215,"roty":0,"rotx":2.1881250000000003}},"cameras":{}}