# This file was generated by Animated Java via MC-Build. It is not recommended to edit this file directly.
$data merge entity $(bone_jaw) { transformation: [-0.47065002113282545f,0.7686497375689327f,-0.4332044996798644f,2.0407654579323196f,-0.5998570132189627f,0.08130259974261711f,0.7959657347946058f,-0.6268638233406777f,0.6470395052079092f,0.6344820471930648f,0.42281486550262304f,3.1887278171165176f,0f,0f,0f,1f], start_interpolation: 0, interpolation_duration: 1 }
$data merge entity $(bone_head) { transformation: [-0.5294812737744287f,0.6397081500318519f,-0.7589783023941026f,1.8721036129558524f,-0.674839139871333f,0.398830271658167f,0.8069396196164815f,-0.4475439078703485f,0.7279194433588978f,0.8350646065975362f,0.19602394442560794f,3.2322886936555415f,0f,0f,0f,1f], start_interpolation: 0, interpolation_duration: 1 }
$data merge entity $(bone_neck) { transformation: [-0.801356823016037f,0.3133613937413322f,-0.5095408512750805f,1.5258336019527023f,-0.09675820251251298f,0.7726894798461048f,0.6273665738479404f,-0.7104120376991268f,0.5903093192997986f,0.5520467413613139f,-0.5888797015521616f,1.8721196137981146f,0f,0f,0f,1f], start_interpolation: 0, interpolation_duration: 1 }
$data merge entity $(bone_right_arm2) { transformation: [-0.605001585157864f,0.0616838263233974f,-0.7938313344323067f,0.6715487103839488f,-0.00959341406840459f,0.9963575657549364f,0.08473232895069957f,-2.4763184956108812f,0.7961664702579379f,0.05887874602097407f,-0.6022061481785234f,2.821091045686601f,0f,0f,0f,1f], start_interpolation: 0, interpolation_duration: 1 }
$data merge entity $(bone_right_arm1) { transformation: [-0.6786868794460293f,0.08076147628308282f,-0.906660195751877f,0.41644114257f,0.1415442745602956f,1.1265455151593244f,-0.005606028724147226f,-1.0249395526122578f,0.8991775936662648f,-0.11637780358570693f,-0.6834521701081622f,2.0054676891652425f,0f,0f,0f,1f], start_interpolation: 0, interpolation_duration: 1 }
$data merge entity $(bone_left_arm2) { transformation: [-0.6042708551986529f,-0.2928171487416034f,-0.7410228410516955f,2.355641841608818f,-0.7967776045829266f,0.22379415937878425f,0.5613035035192965f,-1.164239060561738f,0.0014772923144497907f,0.9296097523320099f,-0.3685424344314189f,0.45205565612593346f,0f,0f,0f,1f], start_interpolation: 0, interpolation_duration: 1 }
$data merge entity $(bone_left_arm1) { transformation: [-0.6860992001734704f,-0.33246947096702884f,-0.8413696841107792f,1.273031488412844f,-0.9046745718701977f,0.2540996184613279f,0.6373133529542011f,-0.7336060691397321f,0.0016773423153648662f,1.0554944062936362f,-0.4184492224273401f,1.4192571862383616f,0f,0f,0f,1f], start_interpolation: 0, interpolation_duration: 1 }
$data merge entity $(bone_body2) { transformation: [-1.2688149697753919f,0.05427866757360569f,-0.9455722305380747f,0.6652109715599661f,-0.1532004873114789f,1.548153364143916f,0.2944405138934604f,-0.5042023618278503f,0.9346564222246811f,0.3274437841534843f,-1.235371355122762f,0.7376070499042853f,0f,0f,0f,1f], start_interpolation: 0, interpolation_duration: 1 }
$data merge entity $(bone_right_leg2) { transformation: [-0.9821486929732053f,0.13603624324487318f,-0.12991568579215618f,-1.179301702895773f,-5.421010862427522e-20f,0.6906507141345345f,0.7231884893065275f,-2.10642257235833f,0.18810620641282563f,0.7102786295456727f,-0.6783216961882439f,-0.918827994590721f,0f,0f,0f,1f], start_interpolation: 0, interpolation_duration: 1 }
$data merge entity $(bone_right_leg1) { transformation: [-1.3095315906309404f,0.14702470358282563f,-0.20319578601378335f,-0.6048609221336068f,-7.228014483236696e-20f,1.080218403681171f,0.7816047454604403f,-1.1250007181068578f,0.2508082752171008f,0.7676520791756262f,-1.0609350933010644f,0.08691373835812846f,0f,0f,0f,1f], start_interpolation: 0, interpolation_duration: 1 }
$data merge entity $(bone_left_leg2) { transformation: [-0.9173538836371438f,0.027721968145709444f,-0.3971062133207917f,1.0634420570079415f,0.009842028306183165f,0.9988467120592636f,0.04699340684839548f,-2.5449604149908884f,0.397950985241487f,0.03920125368565153f,-0.9165687508609504f,0.15879648324481915f,0f,0f,0f,1f], start_interpolation: 0, interpolation_duration: 1 }
$data merge entity $(bone_left_leg1) { transformation: [-1.3095315906309404f,-0.11547253062168455f,-0.22264520113669894f,0.6228249440828997f,-7.228014483236696e-20f,1.183614328216649f,-0.6138687969086133f,-1.1250007181068578f,0.2508082752171008f,-0.6029104365408285f,-1.16248526544234f,-0.14821901965790357f,0f,0f,0f,1f], start_interpolation: 0, interpolation_duration: 1 }
$data merge entity $(bone_tail3) { transformation: [-0.4033449680600465f,0.0009017193799840433f,-0.9150475526675103f,-2.734049583072414f,-0.003944437237942643f,0.9999885102902757f,0.0027240966045714156f,-0.550036775922909f,0.9150394954074473f,0.004708098299193348f,-0.403336776967944f,-2.1512309787446786f,0f,0f,0f,1f], start_interpolation: 0, interpolation_duration: 1 }
$data merge entity $(bone_tail2) { transformation: [-0.621823492425905f,0.0013901507108087332f,-1.4106983103624116f,-1.068922615212085f,-0.006081007408494907f,1.5416489533641748f,0.004199648932047598f,-0.74313535739065f,1.410685888753148f,0.0072583182112564105f,-0.621810864492247f,-1.2814773534349515f,0f,0f,0f,1f], start_interpolation: 0, interpolation_duration: 1 }
$data merge entity $(bone_tail1) { transformation: [-0.5813664465734897f,0.0009017193799840433f,-0.813641347093837f,-0.13175787810319706f,-0.003306482762395638f,0.9999885102902757f,0.0034708009417260765f,-0.7464097730459345f,0.8136351282794123f,0.004708098299193348f,-0.5813567853221885f,-0.7654901600650528f,0f,0f,0f,1f], start_interpolation: 0, interpolation_duration: 1 }
$data merge entity $(bone_body1) { transformation: [-1.3095315906309404f,0.001202292506645391f,-0.25080539350282216f,0.5f,-7.228014483236696e-20f,1.3333180137203675f,0.006391562137013121f,-1.1875f,0.2508082752171008f,0.006277464398924464f,-1.3095165444930892f,-0.12499999999999994f,0f,0f,0f,1f], start_interpolation: 0, interpolation_duration: 1 }
data modify entity @s data merge value {"locators":{"head":{"posx":1.7275375024920743,"posy":-0.8932661753516861,"posz":2.7139128165386857,"roty":255.51848291256988,"rotx":45.830338594343374},"neck":{"posx":1.0713372742010694,"posy":-1.1269705156286651,"posz":2.0338667081315416,"roty":319.1312961164994,"rotx":38.85609926500522},"right_arm":{"posx":0.9689679522043383,"posy":-3.5156418142204426,"posz":3.11307577814601,"roty":307.1842150658816,"rotx":4.860632919521006},"left_arm":{"posx":3.056737339326185,"posy":-1.6188863714137378,"posz":-0.2933752097600202,"roty":296.44312839821566,"rotx":34.145991710897135},"tail1":{"posx":-1.6482759761984807,"posy":-1.490760869037971,"posz":-1.676682398250739,"roty":293.78703664808904,"rotx":0.1560794314647655},"tail2":{"posx":-3.2499473381341177,"posy":-1.8609893913388245,"posz":-2.3842872948068385,"roty":293.78703664808904,"rotx":0.1560794314647655}},"cameras":{}}