# This file was generated by Animated Java via MC-Build. It is not recommended to edit this file directly.
$data merge entity $(bone_jaw) { transformation: [-0.4617299543947378f,0.7808686823059033f,-0.4207725635167714f,2.084170238693061f,-0.6061338202690376f,0.06857789600208247f,0.7924006966844421f,-0.6535012054463804f,0.647616584979643f,0.6209196189312829f,0.44164644874099807f,3.1664062674149167f,0f,0f,0f,1f], start_interpolation: 0, interpolation_duration: 1 }
$data merge entity $(bone_head) { transformation: [-0.51944619869408f,0.6564347502188639f,-0.7515943489458712f,1.9171492722606454f,-0.6819005478026673f,0.38513774864048933f,0.8076543552031135f,-0.47402245984568847f,0.7285686581020984f,0.828484962613826f,0.2200576677920463f,3.2153079713687047f,0f,0f,0f,1f], start_interpolation: 0, interpolation_duration: 1 }
$data merge entity $(bone_neck) { transformation: [-0.7924659419480943f,0.3260061176535214f,-0.5154781684075458f,1.5481747313966951f,-0.09928698288083213f,0.7649349518765144f,0.6364091564615454f,-0.7200399151490633f,0.6017805462814008f,0.5555128537218134f,-0.5738167333453305f,1.8579591953054968f,0f,0f,0f,1f], start_interpolation: 0, interpolation_duration: 1 }
$data merge entity $(bone_right_arm2) { transformation: [-0.5875815254529513f,0.08332323307188708f,-0.8048634603315216f,0.68384952641907f,-0.012545966960308965f,0.9936263115221222f,0.11202388925570005f,-2.5085146072136983f,0.8090677040022135f,0.0759209581169159f,-0.582791093325212f,2.7911978232399894f,0f,0f,0f,1f], start_interpolation: 0, interpolation_duration: 1 }
$data merge entity $(bone_right_arm1) { transformation: [-0.6558197242090726f,0.10131544175611219f,-0.921307048461339f,0.4410533872900553f,0.1400091303346386f,1.1264910320962687f,0.024215800091378144f,-1.0362756427604445f,0.9162253760433173f,-0.09961999203418583f,-0.663157541181456f,2.0051738588046586f,0f,0f,0f,1f], start_interpolation: 0, interpolation_duration: 1 }
$data merge entity $(bone_left_arm2) { transformation: [-0.6030920212235216f,-0.2760115852447859f,-0.7483966987815939f,2.3537725011287005f,-0.7976715859000819f,0.20895864332403413f,0.5657352087574425f,-1.1541093865975434f,0.00023448704765596795f,0.9381651721263369f,-0.3461878894834207f,0.4154334569594671f,0f,0f,0f,1f], start_interpolation: 0, interpolation_duration: 1 }
$data merge entity $(bone_left_arm1) { transformation: [-0.6847607324308733f,-0.3133881540800173f,-0.8497420850749346f,1.2885183084502225f,-0.9056896131573846f,0.23725512627416373f,0.6423451849433461f,-0.7401805818077825f,0.0002662405020260469f,1.065208372518445f,-0.39306749951763387f,1.408844348557825f,0f,0f,0f,1f], start_interpolation: 0, interpolation_duration: 1 }
$data merge entity $(bone_body2) { transformation: [-1.254737741417816f,0.061350974948724116f,-0.9637498132705417f,0.6707695992846747f,-0.15720438956131755f,1.5460812028069184f,0.30309097425395387f,-0.5058947360029835f,0.9528191982788846f,0.33587708561972257f,-1.2191253435111706f,0.7378634063695768f,0f,0f,0f,1f], start_interpolation: 0, interpolation_duration: 1 }
$data merge entity $(bone_right_leg2) { transformation: [-0.9809729042109839f,0.14178403268153086f,-0.1326252211324467f,-1.185475764333411f,0f,0.6831256634789087f,0.7303008475255255f,-2.098628395715896f,0.19414469141304844f,0.7164053433448576f,-0.6701277660439604f,-0.9151635342116996f,0f,0f,0f,1f], start_interpolation: 0, interpolation_duration: 1 }
$data merge entity $(bone_right_leg1) { transformation: [-1.3079638722813118f,0.1532276301186167f,-0.2086374366044748f,-0.6035129873284848f,0f,1.0746491963593927f,0.7892445011160285f,-1.125001410839995f,0.2588595885507312f,0.7742274703923396f,-1.0542017431606734f,0.09382473157843121f,0f,0f,0f,1f], start_interpolation: 0, interpolation_duration: 1 }
$data merge entity $(bone_left_leg2) { transformation: [-0.91442193992879f,0.028711833666043934f,-0.4037426734745811f,1.0652199074042077f,0.010166561688069314f,0.9987954673808684f,0.0480026599562513f,-2.5449342303907416f,0.4046345966428371f,0.039790010642951845f,-0.9136123895026393f,0.15554032117876615f,0f,0f,0f,1f], start_interpolation: 0, interpolation_duration: 1 }
$data merge entity $(bone_left_leg1) { transformation: [-1.3079638722813118f,-0.1191954321775634f,-0.22978410635345897f,0.6227031429352452f,0f,1.1835714109977218f,-0.6139515394936639f,-1.125001410839995f,0.2588595885507312f,-0.602269824741904f,-1.161051484387527f,-0.14885613268787934f,0f,0f,0f,1f], start_interpolation: 0, interpolation_duration: 1 }
$data merge entity $(bone_tail3) { transformation: [-0.14329133105233732f,0.0013044785419547677f,-0.989679692012008f,-2.9548696860760604f,-0.006336330523794238f,0.9999774265600792f,0.0022354609758951796f,-0.5484102275451903f,0.9896602676478139f,0.0065912598200265436f,-0.14327983086688167f,-1.5767016307593407f,0f,0f,0f,1f], start_interpolation: 0, interpolation_duration: 1 }
$data merge entity $(bone_tail2) { transformation: [-0.22090746870568667f,0.0020110710855136002f,-1.5257561918518456f,-1.1173762696617038f,-0.009768509557516116f,1.5416318659467885f,0.003446335671171735f,-0.7408895256704828f,1.5257262459570462f,0.010161525555874254f,-0.22088973925310923f,-1.1855802756442158f,0f,0f,0f,1f], start_interpolation: 0, interpolation_duration: 1 }
$data merge entity $(bone_tail1) { transformation: [-0.5016245577499907f,0.0013044785419547677f,-0.8650844475528732f,-0.13552097441802735f,-0.005047661248929124f,0.9999774265600792f,0.004434803963827044f,-0.7449705472259329f,0.8650707047276784f,0.0065912598200265436f,-0.5016066497923872f,-0.7607570483307642f,0f,0f,0f,1f], start_interpolation: 0, interpolation_duration: 1 }
$data merge entity $(bone_body1) { transformation: [-1.3079638722813118f,0.0017393047226063568f,-0.2588537451993611f,0.5f,0f,1.3333032354134389f,0.008958806496057809f,-1.1875f,0.2588595885507312f,0.008788346426702058f,-1.3079343470374223f,-0.12499999999999994f,0f,0f,0f,1f], start_interpolation: 0, interpolation_duration: 1 }
data modify entity @s data merge value {"locators":{"head":{"posx":1.761239507957352,"posy":-0.9123363077579363,"posz":2.6939114177521217,"roty":253.68061222484002,"rotx":45.8826047426759},"neck":{"posx":1.0941242373535207,"posy":-1.1360851581008655,"posz":2.0222592399686836,"roty":318.0656191002211,"rotx":39.524577496111085},"right_arm":{"posx":0.9662341781721343,"posy":-3.55893698629869,"posz":3.057239143285818,"roty":305.9078052130489,"rotx":6.431997102840079},"left_arm":{"posx":3.0416756870907538,"posy":-1.5960811601815437,"posz":-0.34965242586563794,"roty":294.82397314026815,"rotx":34.45336110521489},"tail1":{"posx":-1.780848000444883,"posy":-1.48854367485414,"posz":-1.4127361376861935,"roty":278.2377013947214,"rotx":0.12808258586268848},"tail2":{"posx":-3.5132766409191305,"posy":-1.8596231531063532,"posz":-1.6659475641357464,"roty":278.2377013947214,"rotx":0.12808258586268848}},"cameras":{}}