# This file was generated by Animated Java via MC-Build. It is not recommended to edit this file directly.
$data merge entity $(bone_jaw) { transformation: [-0.9710313934344973f,0.04124160243081476f,-0.2353660196238982f,-0.7387065076626688f,-0.11206765552216742f,0.7913448927789426f,0.6010108994506245f,1.2622213242527411f,0.21104235013480943f,0.6099773691716952f,-0.7637988842280108f,2.4847218642813007f,0f,0f,0f,1f], start_interpolation: 0, interpolation_duration: 1 }
$data merge entity $(bone_head) { transformation: [-1.0924103176138094f,-0.04707338938127994f,-0.2646673270032674f,-0.7975214692189504f,-0.12607611246243836f,1.0679631994282053f,0.330430656164694f,1.3356503589560065f,0.23742264390166062f,0.35051918731965315f,-1.0423011980629762f,2.2530993758228615f,0f,0f,0f,1f], start_interpolation: 0, interpolation_duration: 1 }
$data merge entity $(bone_neck) { transformation: [-0.9315571483181979f,0.10477621603453102f,0.34817125666940457f,-0.16017847855264944f,0.03148912150655134f,0.9772307737395529f,-0.20982957390020235f,0.1111115723105417f,-0.36222881531431583f,-0.18450463248894344f,-0.9136456238313121f,1.8879128861365806f,0f,0f,0f,1f], start_interpolation: 0, interpolation_duration: 1 }
$data merge entity $(bone_right_arm2) { transformation: [-0.7671984594179048f,0.6157733946308739f,-0.1795261828579991f,-1.950179715509519f,-0.11558953824985918f,-0.4080427693013453f,-0.9056158993017256f,0.9834500848600796f,-0.6309085373601929f,-0.6740357741883285f,0.38422674633653864f,1.5097720898658138f,0f,0f,0f,1f], start_interpolation: 0, interpolation_duration: 1 }
$data merge entity $(bone_right_arm1) { transformation: [-0.8521501872477829f,0.7183198571537072f,-0.21685859018422732f,-0.9925054251942911f,-0.1431918280504127f,-0.47780090479048964f,-1.0199869620271693f,-0.1630935684795784f,-0.7365508575092381f,-0.7381692794640748f,0.44918810770359757f,1.106420532005269f,0f,0f,0f,1f], start_interpolation: 0, interpolation_duration: 1 }
$data merge entity $(bone_left_arm2) { transformation: [-0.7967860148275567f,-0.5147515464049888f,0.31648521616166114f,0.755955708522581f,-0.5858461608955733f,0.7863892957244604f,-0.19589831886441816f,-0.876233873948139f,-0.14804162367097545f,-0.34150068966791247f,-0.9281492103197642f,2.6315338258978525f,0f,0f,0f,1f], start_interpolation: 0, interpolation_duration: 1 }
$data merge entity $(bone_left_arm1) { transformation: [-0.9046841210021216f,-0.5844574849806643f,0.3593425891835527f,0.04893226034356374f,-0.6651794951835154f,0.8928795128538143f,-0.22242621621064143f,-0.16185494280893886f,-0.16808892687642002f,-0.3877455747271089f,-1.0538360825505655f,1.4989485812166994f,0f,0f,0f,1f], start_interpolation: 0, interpolation_duration: 1 }
$data merge entity $(bone_body2) { transformation: [-1.4749654848371467f,0.21876786980850427f,0.5325052883521578f,0.3146446962746318f,0.04985777571870629f,1.5075956828445305f,-0.48126282186905084f,-0.385334766603907f,-0.5735289575810001f,-0.4315556982040996f,-1.4113003431616067f,0.6236358258268626f,0f,0f,0f,1f], start_interpolation: 0, interpolation_duration: 1 }
$data merge entity $(bone_right_leg2) { transformation: [-0.9706902709885524f,-0.038179001866525744f,0.2372820297128429f,-0.8137765788097395f,0f,0.9873014181578584f,0.15885814333386147f,-2.476112232162677f,-0.24033392978972118f,0.1542020542014843f,-0.9583638811390336f,-1.0600733660178019f,0f,0f,0f,1f], start_interpolation: 0, interpolation_duration: 1 }
$data merge entity $(bone_right_leg1) { transformation: [-1.2942536946514032f,-0.061658446112348345f,0.3144572907120785f,-0.5899441669145513f,0f,1.3084182120569123f,0.2565532306083292f,-1.1256035107126459f,-0.32044523971962824f,0.24903372494218767f,-1.2700688288278814f,-0.40378627588682553f,0f,0f,0f,1f], start_interpolation: 0, interpolation_duration: 1 }
$data merge entity $(bone_left_leg2) { transformation: [-0.9973008547403236f,0.0021113438884477337f,0.0733931015913946f,0.8710427321099681f,0.0005597909302339082f,0.9997760627478962f,-0.021154455569200425f,-2.51468666229956f,-0.07342133047238025f,-0.02105627182811709f,-0.9970787038385516f,0.45682558718274985f,0f,0f,0f,1f], start_interpolation: 0, interpolation_duration: 1 }
$data merge entity $(bone_left_leg1) { transformation: [-1.2942536946514032f,0.16735766117972845f,0.2732701317440697f,0.6234186718211393f,0f,1.1370434960355613f,-0.6963546983405844f,-1.1256035107126459f,-0.32044523971962824f,-0.6759447308363735f,-1.10371705929253f,-0.10336886364967407f,0f,0f,0f,1f], start_interpolation: 0, interpolation_duration: 1 }
$data merge entity $(bone_tail3) { transformation: [-0.5481336378370166f,0.033318207161123346f,0.8357268765231417f,2.1317794452682346f,-0.09448190020250405f,0.9903438285976649f,-0.10145083386864345f,-0.9991803645471111f,-0.8310371144574002f,-0.13456967797422825f,-0.5396927979547534f,-2.9795126317410467f,0f,0f,0f,1f], start_interpolation: 0, interpolation_duration: 1 }
$data merge entity $(bone_tail2) { transformation: [-0.8450393583320672f,0.051365569373398486f,1.2884122679731767f,0.4900276832150061f,-0.14565959614552706f,1.5267800690880666f,-0.15640336888082532f,-1.0064597564307798f,-1.2811822181218253f,-0.2074615868769352f,-0.8320263968469115f,-2.0462364602628913f,0f,0f,0f,1f], start_interpolation: 0, interpolation_duration: 1 }
$data merge entity $(bone_tail1) { transformation: [-0.9265523945231946f,0.033318207161123346f,0.37468727930756146f,0.20774149826612137f,-0.019870636634421922f,0.9903438285976649f,-0.13720152680732747f,-0.8581993046186915f,-0.375640543609282f,-0.13456967797422825f,-0.9169433918006257f,-1.0250290385235663f,0f,0f,0f,1f], start_interpolation: 0, interpolation_duration: 1 }
$data merge entity $(bone_body1) { transformation: [-1.2942536946514032f,0.044424276214831124f,0.3173509655598331f,0.5f,0f,1.3204584381302198f,-0.1848439637869689f,-1.1875f,-0.32044523971962824f,-0.179426237298971f,-1.2817561591377438f,-0.12499999999999994f,0f,0f,0f,1f], start_interpolation: 0, interpolation_duration: 1 }
data modify entity @s data merge value {"locators":{"head":{"posx":-0.6978508842839983,"posy":0.6505511770056998,"posz":2.3478946045516587,"roty":345.75224403614425,"rotx":17.080567398292754},"neck":{"posx":-0.7087695408083731,"posy":-0.21337671035098965,"posz":1.8901934186416904,"roty":20.860798353582084,"rotx":-12.112365030250762},"right_arm":{"posx":-2.5241399224250127,"posy":1.8370764576716714,"posz":1.952262707300861,"roty":205.04387210587052,"rotx":-64.90636249752475},"left_arm":{"posx":1.1622637727734615,"posy":-1.528058625184417,"posz":3.446361722205083,"roty":18.82862060915062,"rotx":-11.29720565163496},"tail1":{"posx":1.1081179601834505,"posy":-1.8071548386384078,"posz":-2.212468361068938,"roty":57.14657497652199,"rotx":-5.822722063715293},"tail2":{"posx":2.5581456664135276,"posy":-2.356072733632658,"posz":-3.106467128249421,"roty":57.14657497652199,"rotx":-5.822722063715293}},"cameras":{}}