# This file was generated by Animated Java via MC-Build. It is not recommended to edit this file directly.
$data merge entity $(bone_jaw) { transformation: [-0.4168845143273344f,0.8396008620506252f,-0.3482494711523762f,2.272606191118177f,-0.639922052492714f,0.000994454662369415f,0.7684391828853058f,-0.7687422172866285f,0.6455285186942359f,0.5432029119065653f,0.5368645341691457f,3.05140132652552f,0f,0f,0f,1f], start_interpolation: 0, interpolation_duration: 1 }
$data merge entity $(bone_head) { transformation: [-0.46899507861825124f,0.7383327247462502f,-0.707483854091836f,2.1153875568755467f,-0.7199123090543034f,0.3143682332507858f,0.8053098044820269f,-0.5897844829572892f,0.7262195835310153f,0.7884557067404341f,0.34142014440346247f,3.1272724697262895f,0f,0f,0f,1f], start_interpolation: 0, interpolation_duration: 1 }
$data merge entity $(bone_neck) { transformation: [-0.7502468692505856f,0.3873124076643786f,-0.5358346144557263f,1.6436259341121597f,-0.10958087395344837f,0.7263964760655928f,0.6784837445533143f,-0.7555222593506896f,0.6520135483586925f,0.5677475305351057f,-0.5025346498779921f,1.789724541327525f,0f,0f,0f,1f], start_interpolation: 0, interpolation_duration: 1 }
$data merge entity $(bone_right_arm2) { transformation: [-0.5057087877553942f,0.15846994194803268f,-0.848024704525733f,0.7658253424222743f,-0.023500045079002024f,0.9800890866709285f,0.19716269948910206f,-2.6174579700097724f,0.8623841196753651f,0.11963552853367704f,-0.49191561313320126f,2.695379930892784f,0f,0f,0f,1f], start_interpolation: 0, interpolation_duration: 1 }
$data merge entity $(bone_right_arm1) { transformation: [-0.5515366695803889f,0.16749285899084423f,-0.9782251536531301f,0.5498209102242969f,0.13747452432172205f,1.1212352838403448f,0.11446921148685292f,-1.0830201830525152f,0.9828932109924928f,-0.06283778642647084f,-0.5649277434560389f,1.9985614253971096f,0f,0f,0f,1f], start_interpolation: 0, interpolation_duration: 1 }
$data merge entity $(bone_left_arm2) { transformation: [-0.5863168091233951f,-0.20001079263093918f,-0.7850020905516771f,2.339292066305986f,-0.8098147703246098f,0.11983363536860514f,0.5743169313179296f,-1.0630373422042587f,-0.020799930371505404f,0.9724379582603137f,-0.23223216881184416f,0.2488641838578729f,0f,0f,0f,1f], start_interpolation: 0, interpolation_duration: 1 }
$data merge entity $(bone_left_arm1) { transformation: [-0.6657138770255214f,-0.22709558746637884f,-0.8913044569805499f,1.3538649608725395f,-0.9194771871394006f,0.1360611068247704f,0.6520890157672324f,-0.7639799212283286f,-0.023616587609313424f,1.1041222651080642f,-0.2636802750051147f,1.3590294097752962f,0f,0f,0f,1f], start_interpolation: 0, interpolation_duration: 1 }
$data merge entity $(bone_body2) { transformation: [-1.1878908763134273f,0.093740461201363f,-1.0426276594976358f,0.6933294882050419f,-0.17350305042629327f,1.5375317724258177f,0.3359124658573109f,-0.5112411432075712f,1.0323547849012633f,0.36626932598748113f,-1.1432562369725292f,0.7373102212082228f,0f,0f,0f,1f], start_interpolation: 0, interpolation_duration: 1 }
$data merge entity $(bone_right_leg2) { transformation: [-0.9757767615905446f,0.168255680108715f,-0.13982037637992245f,-1.2135958964653695f,0f,0.6391244448637757f,0.7691033376455796f,-2.050780281392009f,0.21876862558390178f,0.7504731641362828f,-0.6236427810625297f,-0.9116167009483994f,0f,0f,0f,1f], start_interpolation: 0, interpolation_duration: 1 }
$data merge entity $(bone_right_leg1) { transformation: [-1.301035682120726f,0.18251839123165764f,-0.22753234602720124f,-0.5975740767221591f,0f,1.040059311155376f,0.8342987516811844f,-1.1250051064778963f,0.2916915007785357f,0.8140893341144999f,-1.0148657065012854f,0.12189427776107156f,0f,0f,0f,1f], start_interpolation: 0, interpolation_duration: 1 }
$data merge entity $(bone_left_leg2) { transformation: [-0.8993034840526943f,0.036770028149932854f,-0.43577655811268484f,1.0771886131909951f,0.01524037875852674f,0.9984888357736956f,0.05279939100583053f,-2.53854358805032f,0.4370594632609866f,0.040841276487679656f,-0.8985048779549698f,0.16392276320585003f,0f,0f,0f,1f], start_interpolation: 0, interpolation_duration: 1 }
$data merge entity $(bone_left_leg1) { transformation: [-1.301035682120726f,-0.13847700631234527f,-0.25672563243510604f,0.6221468752660217f,0f,1.1735029726035693f,-0.6329838473992552f,-1.1250051064778963f,0.2916915007785357f,-0.6176509287543687f,-1.1450769303239887f,-0.1515665042188057f,0f,0f,0f,1f], start_interpolation: 0, interpolation_duration: 1 }
$data merge entity $(bone_tail3) { transformation: [-0.6479719734911038f,0.0027964810752593786f,-0.7616590452844634f,-2.211327937766562f,-0.007688479978887113f,0.9999182963536607f,0.010212144378486249f,-0.520921232588747f,0.7616253730316886f,0.012473183666911681f,-0.6478975311293855f,-2.846208084078575f,0f,0f,0f,1f], start_interpolation: 0, interpolation_duration: 1 }
$data merge entity $(bone_tail2) { transformation: [-0.9989567924654515f,0.004311241657691541f,-1.1742243614802144f,-0.8647380647461923f,-0.011853073300784297f,1.54154070687856f,0.015743722583499632f,-0.728514743862081f,1.17417245009052f,0.01922949148648884f,-0.9988420271578026f,-1.538535763519562f,0f,0f,0f,1f], start_interpolation: 0, interpolation_duration: 1 }
$data merge entity $(bone_tail1) { transformation: [-0.8175681963949186f,0.0027964810752593786f,-0.5758249941928151f,-0.1507279838669615f,-0.004896282014228169f,0.9999182963536607f,0.011807922748305139f,-0.7404486265303767f,0.57581096782364f,0.012473183666911681f,-0.8174877057321502f,-0.7419314471571075f,0f,0f,0f,1f], start_interpolation: 0, interpolation_duration: 1 }
$data merge entity $(bone_body1) { transformation: [-1.301035682120726f,0.003728641433679171f,-0.2916676685193159f,0.5f,0f,1.3332243951382141f,0.01704376678203872f,-1.1875f,0.2916915007785357f,0.01663091155588224f,-1.3009293827614794f,-0.12499999999999994f,0f,0f,0f,1f], start_interpolation: 0, interpolation_duration: 1 }
data modify entity @s data merge value {"locators":{"head":{"posx":1.9017260025975844,"posy":-0.9881306693416222,"posz":2.5944025925361975,"roty":244.23880295818952,"rotx":45.71133893687126},"neck":{"posx":1.1902396734196907,"posy":-1.1675218429211753,"posz":1.9656428227909555,"roty":313.16318354190696,"rotx":42.72527081621828},"right_arm":{"posx":0.9997609535023959,"posy":-3.6975971592426897,"posz":2.875601216405418,"roty":300.1168313887632,"rotx":11.371090249621595},"left_arm":{"posx":2.968448704782976,"posy":-1.4194160200865404,"posz":-0.6061576943482996,"roty":286.48013326162487,"rotx":35.05181050155967},"tail1":{"posx":-1.3094795224993174,"posy":-1.4704715568697564,"posz":-2.0885233755501593,"roty":310.3858130679939,"rotx":0.5851229431725016},"tail2":{"posx":-2.6434315321503505,"posy":-1.8275696653400284,"posz":-3.227021498901676,"roty":310.3858130679939,"rotx":0.5851229431725016}},"cameras":{}}