# This file was generated by Animated Java via MC-Build. It is not recommended to edit this file directly.
$data merge entity $(bone_jaw) { transformation: [-0.41709437738852473f,0.8398017855970598f,-0.34751293682231277f,2.247591450369417f,-0.6416888852095171f,-0.0013276364116086015f,0.7669638922270893f,-0.7514587342746026f,0.6436362753523501f,0.5428915161333326f,0.5394452212792373f,3.063309822273959f,0f,0f,0f,1f], start_interpolation: 0, interpolation_duration: 1 }
$data merge entity $(bone_head) { transformation: [-0.4692311745620903f,0.7360159993264382f,-0.7097376653064041f,2.089871969190216f,-0.7218999958607066f,0.3145422272751005f,0.8034603806269051f,-0.5729119830241793f,0.7240908097713938f,0.7905495784555978f,0.3410994916564428f,3.139109709308724f,0f,0f,0f,1f], start_interpolation: 0, interpolation_duration: 1 }
$data merge entity $(bone_neck) { transformation: [-0.7556935283226415f,0.3823750996301347f,-0.5317109876936168f,1.629430012493455f,-0.10713186138419245f,0.7287571095496201f,0.6763400324964073f,-0.7441242048252236f,0.646103749817036f,0.5680689733331046f,-0.5097524752354199f,1.7983106641050035f,0f,0f,0f,1f], start_interpolation: 0, interpolation_duration: 1 }
$data merge entity $(bone_right_arm2) { transformation: [-0.5154352979892567f,0.11886096572245695f,-0.8486451109941368f,0.801003122864653f,-0.019355143526423826f,0.9884661771697647f,0.1501998502344889f,-2.578967112945075f,0.856709887888425f,0.09384395248984487f,-0.5071897875305517f,2.7428127907068673f,0f,0f,0f,1f], start_interpolation: 0, interpolation_duration: 1 }
$data merge entity $(bone_right_arm1) { transformation: [-0.5689574937308894f,0.12469297909209952f,-0.9746332839776436f,0.5347177331772728f,0.1438476409856775f,1.1246728409980908f,0.05991547253074806f,-1.0736198131848593f,0.9719908607876746f,-0.09345409905865247f,-0.5793713013766f,1.9991191374394937f,0f,0f,0f,1f], start_interpolation: 0, interpolation_duration: 1 }
$data merge entity $(bone_left_arm2) { transformation: [-0.5747017459793397f,-0.2116558257616145f,-0.7905186364592978f,2.3443348536577506f,-0.8176902613838115f,0.10935654536671076f,0.5651758862721696f,-1.0323770288668048f,-0.033174381778296874f,0.971206959101214f,-0.23591630504693872f,0.2630142309803809f,0f,0f,0f,1f], start_interpolation: 0, interpolation_duration: 1 }
$data merge entity $(bone_left_arm1) { transformation: [-0.6525259407473751f,-0.24031755216683312f,-0.8975680351464942f,1.3434607241613208f,-0.9284191509462025f,0.12416524421845282f,0.6417101208715259f,-0.7558163479433213f,-0.03766674597744124f,1.10272456814617f,-0.26786330468871167f,1.365163910775236f,0f,0f,0f,1f], start_interpolation: 0, interpolation_duration: 1 }
$data merge entity $(bone_body2) { transformation: [-1.1965147531775158f,0.08745030310155273f,-1.03327118142356f,0.6878765594996353f,-0.16962544719163805f,1.5399358399864518f,0.3267556592236819f,-0.5082514026347671f,1.0229976038769737f,0.3576234019986844f,-1.1543508345599713f,0.7361649037019238f,0f,0f,0f,1f], start_interpolation: 0, interpolation_duration: 1 }
$data merge entity $(bone_right_leg2) { transformation: [-0.9770190610169907f,0.16456106464762188f,-0.1354747593152281f,-1.2101248840124965f,0f,0.6355783204885561f,0.7720363971503845f,-2.044736707136228f,0.21315195145594554f,0.7542942758148092f,-0.6209721338864851f,-0.9264217427185306f,0f,0f,0f,1f], start_interpolation: 0, interpolation_duration: 1 }
$data merge entity $(bone_right_leg1) { transformation: [-1.3026920813559875f,0.17899891726101358f,-0.22074987331721732f,-0.599021276900372f,0f,1.0356455655666006f,0.839771421459443f,-1.1250027586642934f,0.2842026019412607f,0.8204726856632085f,-1.0118454580162903f,0.11536966893870448f,0f,0f,0f,1f], start_interpolation: 0, interpolation_duration: 1 }
$data merge entity $(bone_left_leg2) { transformation: [-0.8999901359890605f,0.03933775967111807f,-0.4341316572037216f,1.0796280012577921f,0.018337156037463442f,0.9984547553309373f,0.0524580810313891f,-2.5327754510116574f,0.43552440095917705f,0.03925101554221777f,-0.8993207736664679f,0.18608139088160183f,0f,0f,0f,1f], start_interpolation: 0, interpolation_duration: 1 }
$data merge entity $(bone_left_leg1) { transformation: [-1.3026920813559875f,-0.13836605439341138f,-0.24824575311932773f,0.6222525493708664f,0f,1.164642178613295f,-0.6491427990609271f,-1.1250027586642934f,0.2842026019412607f,-0.6342248880044481f,-1.1378776077695438f,-0.15107027038122742f,0f,0f,0f,1f], start_interpolation: 0, interpolation_duration: 1 }
$data merge entity $(bone_tail3) { transformation: [-0.9770190610169907f,0.0020026678998815678f,-0.21314254322110485f,-0.7732209911988935f,0f,0.9999558613713061f,0.009395494088617253f,-0.5278817021911576f,0.21315195145594554f,0.009179576812251514f,-0.9769759367354296f,-3.615285555476267f,0f,0f,0f,1f], start_interpolation: 0, interpolation_duration: 1 }
$data merge entity $(bone_tail2) { transformation: [-1.5062377190678604f,0.00308744634565075f,-0.3285947541325366f,-0.49608160551767355f,0f,1.5415986196140967f,0.01448472005328493f,-0.7329899776144349f,0.32860925849458267f,0.014151847585554416f,-1.5061712358004538f,-1.75853285081764f,0f,0f,0f,1f], start_interpolation: 0, interpolation_duration: 1 }
$data merge entity $(bone_tail1) { transformation: [-0.9770190610169907f,0.0020026678998815678f,-0.21314254322110485f,-0.14749027071812582f,0f,0.9999558613713061f,0.009395494088617253f,-0.7429726900835907f,0.21315195145594554f,0.009179576812251514f,-0.9769759367354296f,-0.7471399119682394f,0f,0f,0f,1f], start_interpolation: 0, interpolation_duration: 1 }
$data merge entity $(bone_body1) { transformation: [-1.3026920813559875f,0.002670223866508757f,-0.28419005762813976f,0.5f,0f,1.3332744818284081f,0.012527325451489671f,-1.1875f,0.2842026019412607f,0.012239435749668685f,-1.302634582313906f,-0.12499999999999994f,0f,0f,0f,1f], start_interpolation: 0, interpolation_duration: 1 }
data modify entity @s data merge value {"locators":{"head":{"posx":1.8781235432606405,"posy":-0.9708411039067089,"posz":2.605165640262158,"roty":244.331088860432,"rotx":45.57661083647601},"neck":{"posx":1.174656459432536,"posy":-1.1555165556604783,"posz":1.9720557334180349,"roty":313.7921384186341,"rotx":42.55829806994402},"right_arm":{"posx":1.0742500065149359,"posy":-3.6437429117024855,"posz":2.956108099975325,"roty":300.86450274407696,"rotx":8.638508345690372},"left_arm":{"posx":2.9871688567727226,"posy":-1.3732158760331121,"posz":-0.5881611767362203,"roty":286.61680334729493,"rotx":34.41450605664156},"tail1":{"posx":-0.5219917222799705,"posy":-1.47649747145699,"posz":-2.4637324838644297,"roty":347.69287109375,"rotx":0.5383300781250001},"tail2":{"posx":-0.8957421733793596,"posy":-1.8350388048161497,"posz":-4.176882714456026,"roty":347.69287109375,"rotx":0.5383300781250001}},"cameras":{}}