# This file was generated by Animated Java via MC-Build. It is not recommended to edit this file directly.
$data merge entity $(bone_jaw) { transformation: [-0.4334087118331384f,0.8197613775641648f,-0.3743636899610358f,2.1654504243352592f,-0.6305532932976172f,0.020942412933091792f,0.7758633640352333f,-0.6998299178629566f,0.6438628990854097f,0.572322198761015f,0.5078266121292663f,3.1123654714682942f,0f,0f,0f,1f], start_interpolation: 0, interpolation_duration: 1 }
$data merge entity $(bone_head) { transformation: [-0.48758480081228067f,0.7055955584599441f,-0.7280253909709798f,2.003667004119486f,-0.7093724549598194f,0.3397351476283101f,0.8043604599992775f,-0.5210831489742282f,0.724345761471086f,0.8076756386988341f,0.29767143042506194f,3.178514678229419f,0f,0f,0f,1f], start_interpolation: 0, interpolation_duration: 1 }
$data merge entity $(bone_neck) { transformation: [-0.7742349791902785f,0.35751045813605015f,-0.5222513468834529f,1.5866004126022668f,-0.10194348748813688f,0.7439539052601909f,0.6604090491557992f,-0.7239800771300258f,0.6246340707622224f,0.5645519100768877f,-0.5395492734417797f,1.8279774537201687f,0f,0f,0f,1f], start_interpolation: 0, interpolation_duration: 1 }
$data merge entity $(bone_right_arm2) { transformation: [-0.5508478632923326f,0.06648033244730667f,-0.8319537228139358f,0.7931120311199984f,-0.012461732249926995f,0.9960562363260075f,0.08784463162538694f,-2.510243362412959f,0.8345126342576261f,0.058756612170583734f,-0.5478469893963394f,2.8107427906227107f,0f,0f,0f,1f], start_interpolation: 0, interpolation_duration: 1 }
$data merge entity $(bone_right_arm1) { transformation: [-0.6172523998944176f,0.07390533436894081f,-0.9501097217273597f,0.48657218839288485f,0.14889385279214404f,1.1255742580681922f,-0.009176988579827244f,-1.0509957107632788f,0.9412763156319918f,-0.12958239876811192f,-0.6215933610522305f,2.0019439774487533f,0f,0f,0f,1f], start_interpolation: 0, interpolation_duration: 1 }
$data merge entity $(bone_left_arm2) { transformation: [-0.5718191681464017f,-0.24701121082887723f,-0.7823095938726621f,2.354414025070196f,-0.8196986477936228f,0.1331802471285179f,0.5570970728518446f,-1.04358889542145f,-0.03342103747138572f,0.9598169010283362f,-0.27862977363285724f,0.32894512909199225f,0f,0f,0f,1f], start_interpolation: 0, interpolation_duration: 1 }
$data merge entity $(bone_left_arm1) { transformation: [-0.6492530138328935f,-0.280460645628621f,-0.8882473513762517f,1.3136804750240887f,-0.9306995063490091f,0.15121507226050468f,0.6325373014671984f,-0.7419414109151344f,-0.03794680296230253f,1.0897921063759233f,-0.3163608888123066f,1.3867027681092863f,0f,0f,0f,1f], start_interpolation: 0, interpolation_duration: 1 }
$data merge entity $(bone_body2) { transformation: [-1.2258720503846077f,0.07189619227844032f,-0.9995064272260307f,0.6763157802939587f,-0.16141052185621674f,1.544464814486257f,0.3090623314033597f,-0.5043497294540646f,0.989003945373519f,0.34118003868080843f,-1.1884493349259024f,0.7355229244316202f,0f,0f,0f,1f], start_interpolation: 0, interpolation_duration: 1 }
$data merge entity $(bone_right_leg2) { transformation: [-0.9796478854463557f,0.15274145945423695f,-0.13023082240496534f,-1.1977790653808733f,0f,0.6488062707856727f,0.7609536273579282f,-2.057541546728994f,0.2007237418455623f,0.7454666119639284f,-0.6356016912395198f,-0.9381856742738928f,0f,0f,0f,1f], start_interpolation: 0, interpolation_duration: 1 }
$data merge entity $(bone_right_leg1) { transformation: [-1.306197180595141f,0.16622219640039554f,-0.20975434347567362f,-0.6020416285922023f,0f,1.044990201692531f,0.8281142772253003f,-1.125000769253914f,0.26763165579408305f,0.8112604005917025f,-1.0237224414002486f,0.10111798912513392f,0f,0f,0f,1f], start_interpolation: 0, interpolation_duration: 1 }
$data merge entity $(bone_left_leg2) { transformation: [-0.9058138518035314f,0.03822633490512024f,-0.42194787972043646f,1.0766654390685815f,0.01859696425196826f,0.9985488503002902f,0.05054054297868027f,-2.5311130431457376f,0.4232675499036766f,0.03793337427240556f,-0.9052102740882078f,0.19847482862035692f,0f,0f,0f,1f], start_interpolation: 0, interpolation_duration: 1 }
$data merge entity $(bone_left_leg1) { transformation: [-1.306197180595141f,-0.1312009019684495f,-0.2332659994635906f,0.6225182282157424f,0f,1.1621246062813362f,-0.6536391797109683f,-1.125000769253914f,0.26763165579408305f,-0.6403362402487405f,-1.1384729131686895f,-0.14978668818181895f,0f,0f,0f,1f], start_interpolation: 0, interpolation_duration: 1 }
$data merge entity $(bone_tail3) { transformation: [-0.9915953846865422f,0.0009958805591676104f,-0.1293738817932744f,-0.5463242995506482f,0.0003586805363987051f,0.9999876919373794f,0.004948466633786648f,-0.5442583289825874f,0.12937721753315412f,0.004860472782020595f,-0.9915835372714262f,-3.6620509621476245f,0f,0f,0f,1f], start_interpolation: 0, interpolation_duration: 1 }
$data merge entity $(bone_tail2) { transformation: [-1.5287095513917524f,0.0015353158620500659f,-0.19945140109796466f,-0.4278844218789204f,0.0005529658269480037f,1.541647691736793f,0.007628886060421081f,-0.7409895610921462f,0.1994565436969459f,0.0074932288722817505f,-1.5286912866267819f,-1.7875710162186846f,0f,0f,0f,1f], start_interpolation: 0, interpolation_duration: 1 }
$data merge entity $(bone_tail1) { transformation: [-0.9879472709391377f,0.0009958805591676104f,-0.15478759015444943f,-0.1399291984724257f,0.0002315247316662359f,0.9999876919373794f,0.004956043790314801f,-0.746284298210814f,0.1547906206467581f,0.004860472782020595f,-0.9879353417932403f,-0.7572385431442115f,0f,0f,0f,1f], start_interpolation: 0, interpolation_duration: 1 }
$data merge entity $(bone_body1) { transformation: [-1.306197180595141f,0.0013278407455568138f,-0.26762836176690424f,0.5f,0f,1.3333169225831725f,0.006615265007257888f,-1.1875f,0.26763165579408305f,0.00648063037602746f,-1.3061811038384472f,-0.12499999999999994f,0f,0f,0f,1f], start_interpolation: 0, interpolation_duration: 1 }
data modify entity @s data merge value {"locators":{"head":{"posx":1.813898746911456,"posy":-0.9332583587675332,"posz":2.647119481611994,"roty":247.76157104536918,"rotx":45.642139966704256},"neck":{"posx":1.1306979195665403,"posy":-1.1364856664911407,"posz":1.9960311820026695,"roty":315.9333301391123,"rotx":41.33107666879143},"right_arm":{"posx":1.1081805686238888,"posy":-3.5510007728172805,"posz":3.078066712791398,"roty":303.36516629369765,"rotx":5.039622397635249},"left_arm":{"posx":3.0283187308445543,"posy":-1.4040865134887888,"posz":-0.4894680702779537,"roty":289.60402051600704,"rotx":33.85527776556506},"tail1":{"posx":-0.3936264529453545,"posy":-1.4876230943015023,"posz":-2.48910220487095,"roty":352.566495622937,"rotx":0.2835274103231461},"tail2":{"posx":-0.6204042012932726,"posy":-1.8539586621688926,"posz":-4.226196072389204,"roty":352.566495622937,"rotx":0.2835274103231461}},"cameras":{}}