# This file was generated by Animated Java via MC-Build. It is not recommended to edit this file directly.
$data merge entity $(bone_jaw) { transformation: [-0.48901582873118876f,0.7450571770988261f,-0.45360039914431005f,1.9650777160881057f,-0.5873051398606501f,0.10325042574569909f,0.8027527778068376f,-0.5802120895052768f,0.6449311528710727f,0.6589606607657701f,0.38708481708732595f,3.225273130057269f,0f,0f,0f,1f], start_interpolation: 0, interpolation_duration: 1 }
$data merge entity $(bone_head) { transformation: [-0.5501428073225874f,0.6099239029412671f,-0.7687396985795092f,1.7942466719593257f,-0.6607182823432314f,0.4213805843386827f,0.8071646390419988f,-0.40084216971816594f,0.7255475469799568f,0.8462010610743063f,0.15214966745966085f,3.259084167270527f,0f,0f,0f,1f], start_interpolation: 0, interpolation_duration: 1 }
$data merge entity $(bone_neck) { transformation: [-0.816099090797755f,0.29360222129335867f,-0.4977750592895184f,1.485901621561276f,-0.09191036732804116f,0.7844317710801458f,0.6133671664653155f,-0.6899849200737314f,0.5705565339006315f,0.5463190754235762f,-0.6131889671639782f,1.8951258468619294f,0f,0f,0f,1f], start_interpolation: 0, interpolation_duration: 1 }
$data merge entity $(bone_right_arm2) { transformation: [-0.6338898385868761f,0.011826079777173683f,-0.7733329272528155f,0.6666267719034329f,-0.0030004539537800724f,0.9998379666233149f,0.017749303496935015f,-2.400991148368675f,0.7734175261864551f,0.013571452967865612f,-0.6337516436680584f,2.893563245217197f,0f,0f,0f,1f], start_interpolation: 0, interpolation_duration: 1 }
$data merge entity $(bone_right_arm1) { transformation: [-0.7185444516712616f,0.0311193515718543f,-0.8785763847694962f,0.37359885987959596f,0.1467960385576695f,1.1230214210784344f,-0.08027962261491424f,-1.0035716267613377f,0.8667847489317436f,-0.1643942842715804f,-0.7147235306484694f,2.0046378924954436f,0f,0f,0f,1f], start_interpolation: 0, interpolation_duration: 1 }
$data merge entity $(bone_left_arm2) { transformation: [-0.5987198552564861f,-0.32301749264896584f,-0.7329353548331721f,2.359908177067165f,-0.8009497359283975f,0.23717109460017932f,0.5497539380508185f,-1.1583583479429078f,-0.00374905826611599f,0.9161929771226849f,-0.4007198188674839f,0.5103665143523103f,0f,0f,0f,1f], start_interpolation: 0, interpolation_duration: 1 }
$data merge entity $(bone_left_arm1) { transformation: [-0.6797965023224685f,-0.36675944477851324f,-0.8321870174668307f,1.2449547067499394f,-0.9094116793353678f,0.2692880136606202f,0.6241997838285335f,-0.7194122463478589f,-0.00425674323965253f,1.0402607761080482f,-0.454983961005789f,1.436203340646278f,0f,0f,0f,1f], start_interpolation: 0, interpolation_duration: 1 }
$data merge entity $(bone_body2) { transformation: [-1.2921568937631123f,0.04178088851614859f,-0.9140729531605845f,0.6543703526977396f,-0.1455247482693985f,1.5521673954862951f,0.2766647221364949f,-0.5000722405874253f,0.903381178676f,0.3097986090810236f,-1.2628823034114736f,0.7363327578798933f,0f,0f,0f,1f], start_interpolation: 0, interpolation_duration: 1 }
$data merge entity $(bone_right_leg2) { transformation: [-0.9843164484241544f,0.12621611915424483f,-0.12325023581032366f,-1.168699963273597f,-8.470329472543003e-22f,0.6986506773814696f,0.7154629487223036f,-2.1133000260719377f,0.1764118175226901f,0.7042419486654108f,-0.6876933534492577f,-0.9329323898845501f,0f,0f,0f,1f], start_interpolation: 0, interpolation_duration: 1 }
$data merge entity $(bone_right_leg1) { transformation: [-1.3124219312322059f,0.136682112215938f,-0.19142740764763666f,-0.6073550942143162f,-1.1293772630057337e-21f,1.0851166907966086f,0.7747900006662418f,-1.1250000002129945f,0.23521575669692013f,0.7626385417303434f,-1.068098207210689f,0.07346837366247308f,0f,0f,0f,1f], start_interpolation: 0, interpolation_duration: 1 }
$data merge entity $(bone_left_leg2) { transformation: [-0.921606054350638f,0.027888522880074776f,-0.3871233793970811f,1.0621054089636277f,0.011160239940147448f,0.9989068647439415f,0.045393001794409193f,-2.5416350256491964f,0.3879661449517563f,0.03751407547836472f,-0.9209098568873484f,0.17707500007322785f,0f,0f,0f,1f], start_interpolation: 0, interpolation_duration: 1 }
$data merge entity $(bone_left_leg1) { transformation: [-1.3124219312322059f,-0.11006768178127371f,-0.20787389837543574f,0.6230404663158767f,-1.1293772630057337e-21f,1.1783445196277682f,-0.6239246515733947f,-1.1250000002129945f,0.23521575669692013f,-0.614139297121002f,-1.159863892580071f,-0.14704639824088955f,0f,0f,0f,1f], start_interpolation: 0, interpolation_duration: 1 }
$data merge entity $(bone_tail3) { transformation: [-0.9969054968202417f,0.000014564205719409689f,-0.07860935184487108f,-0.3919712964560334f,0.000008131089905872783f,0.9999999965920888f,0.00008215660472836457f,-0.5621968597616274f,0.07860935277352313f,0.00008126319114650148f,-0.9969054935412993f,-3.6954634514619054f,0f,0f,0f,1f], start_interpolation: 0, interpolation_duration: 1 }
$data merge entity $(bone_tail2) { transformation: [-1.5368959742645392f,0.000022453150484089935f,-0.12118941742750958f,-0.36919467963800273f,0.000012535430271553873f,1.5416666614128034f,0.0001266580989562287f,-0.7498498863702715f,0.12118941885918148f,0.0001252807530175231f,-1.536895969209503f,-1.8164547188236186f,0f,0f,0f,1f], start_interpolation: 0, interpolation_duration: 1 }
$data merge entity $(bone_tail1) { transformation: [-0.9935436657990205f,0.000014564205719409689f,-0.11345035891758071f,-0.12446071506319567f,0.000005250836089355524f,0.9999999965920888f,0.00008239084320428359f,-0.7499380829956872f,0.11345035973090918f,0.00008126319114650148f,-0.9935436624895864f,-0.7749958723947967f,0f,0f,0f,1f], start_interpolation: 0, interpolation_duration: 1 }
$data merge entity $(bone_body1) { transformation: [-1.3124219312322059f,0.000019418940959212918f,-0.23521575589532573f,0.5f,-1.1293772630057337e-21f,1.3333333287894518f,0.00011007732493156392f,-1.1875f,0.23521575669692013f,0.00010835092152866865f,-1.3124219267595885f,-0.12499999999999994f,0f,0f,0f,1f], start_interpolation: 0, interpolation_duration: 1 }
data modify entity @s data merge value {"locators":{"head":{"posx":1.6689388643751522,"posy":-0.8591548940846561,"posz":2.7467086701571177,"roty":258.80465412816295,"rotx":45.8467881916153},"neck":{"posx":1.0299731255885787,"posy":-1.106772913700971,"posz":2.0521830814239013,"roty":320.93096945281013,"rotx":37.833371274972436},"right_arm":{"posx":1.0018490408409872,"posy":-3.4098912951125686,"posz":3.2452062094700143,"roty":309.33485396358844,"rotx":1.0170135840544763},"left_arm":{"posx":3.0868133380862472,"posy":-1.6203470530729716,"posz":-0.2052322371950004,"roty":298.66687557112147,"rotx":33.35013373008718},"tail1":{"posx":-0.298636345083111,"posy":-1.4997944175348257,"posz":-2.5117143621233122,"roty":355.49136427128497,"rotx":0.0047072267153552335},"tail2":{"posx":-0.4362081723887801,"posy":-1.8746506421985842,"posz":-4.256329449517266,"roty":355.49136427128497,"rotx":0.0047072267153552335}},"cameras":{}}