# This file was generated by Animated Java via MC-Build. It is not recommended to edit this file directly.
$data merge entity $(bone_jaw) { transformation: [-0.5742369732405341f,0.6186825070497537f,-0.5361752083360265f,1.7430453552369107f,-0.5161682769116938f,0.23475353382246422f,0.8236874943010113f,-0.4546560613875609f,0.6354700689045576f,0.7497484470330674f,0.184540124899547f,3.3347360214062327f,0f,0f,0f,1f], start_interpolation: 0, interpolation_duration: 1 }
$data merge entity $(bone_head) { transformation: [-0.6460165948956009f,0.4770331745301247f,-0.7878622401899994f,1.567964857416911f,-0.5806893115256555f,0.5360206397067653f,0.8006914494911324f,-0.27672462816730925f,0.7149038275176273f,0.8664561294180227f,-0.06157347801273799f,3.321053026292291f,0f,0f,0f,1f], start_interpolation: 0, interpolation_duration: 1 }
$data merge entity $(bone_neck) { transformation: [-0.8562425107140672f,0.22506935937478229f,-0.4649651022568203f,1.3791657728545719f,-0.082767359233262f,0.8286919633784305f,0.5535514376077024f,-0.6660656165840024f,0.5099003109350126f,0.5124582063960211f,-0.6909328908119444f,1.9602330527443077f,0f,0f,0f,1f], start_interpolation: 0, interpolation_duration: 1 }
$data merge entity $(bone_right_arm2) { transformation: [-0.715256646431971f,0.010753359916936489f,-0.6987791460721958f,0.455312219048587f,0.0003549270046956683f,0.999887074137728f,0.015023747838496707f,-2.345543101265246f,0.6988617916023968f,0.010497819906543568f,-0.7151796921162528f,2.8933128210717003f,0f,0f,0f,1f], start_interpolation: 0, interpolation_duration: 1 }
$data merge entity $(bone_right_arm1) { transformation: [-0.8096799109198212f,0.04514301833291627f,-0.7947021811302071f,0.2558170171487517f,0.13287225671552122f,1.1253491509825724f,-0.07145109322167244f,-0.95826023993251f,0.7848148903994109f,-0.14395278122718394f,-0.8077835053581891f,2.000520930020832f,0f,0f,0f,1f], start_interpolation: 0, interpolation_duration: 1 }
$data merge entity $(bone_left_arm2) { transformation: [-0.6605097406588522f,-0.3798346738413835f,-0.6476515290204953f,2.3232727133931066f,-0.7494387966003178f,0.3857849718779312f,0.5380626781550748f,-1.346791919330056f,0.045479365046616926f,0.8407708225318917f,-0.5394775725959355f,0.7384674732081227f,0f,0f,0f,1f], start_interpolation: 0, interpolation_duration: 1 }
$data merge entity $(bone_left_arm1) { transformation: [-0.7499537680397382f,-0.4312706192574041f,-0.7353543402420206f,1.1730699838188088f,-0.8509253003066107f,0.43802668681973433f,0.6109253324885744f,-0.7047306764462566f,0.051638029063346295f,0.954625204749752f,-0.6125318272183017f,1.4853006481985929f,0f,0f,0f,1f], start_interpolation: 0, interpolation_duration: 1 }
$data merge entity $(bone_body2) { transformation: [-1.3557173086306065f,0.017520263620395483f,-0.817721262953643f,0.6360693526616434f,-0.13104831878599818f,1.557866258934454f,0.250646168654892f,-0.5f,0.8073421589804368f,0.28229453427348716f,-1.3324612109538374f,0.7393553269727915f,0f,0f,0f,1f], start_interpolation: 0, interpolation_duration: 1 }
$data merge entity $(bone_right_leg2) { transformation: [-0.987834659397476f,0.10049416901424246f,-0.11867437670874639f,-1.1394443961788827f,0f,0.7631408365583012f,0.6462322056173742f,-2.190724699335739f,0.15550783161330678f,0.6383705707277184f,-0.7538569683538744f,-0.8934500224890398f,0f,0f,0f,1f], start_interpolation: 0, interpolation_duration: 1 }
$data merge entity $(bone_right_leg1) { transformation: [-1.3171128791966344f,0.10775577097277161f,-0.17714439041130436f,-0.6113139918221604f,0f,1.1391348498241558f,0.6929282586919627f,-1.125f,0.20734377548440902f,0.684498550411861f,-1.12527688638384f,0.049946310564970176f,0f,0f,0f,1f], start_interpolation: 0, interpolation_duration: 1 }
$data merge entity $(bone_left_leg2) { transformation: [-0.9389047295049323f,0.012213255801782688f,-0.34396038332341433f,1.0427968969133241f,-0.0015645567147438283f,0.9992084162221284f,0.03975038506923284f,-2.562102654851481f,0.3441735914848149f,0.03785997006847952f,-0.9381423994207155f,0.10774446958003453f,0f,0f,0f,1f], start_interpolation: 0, interpolation_duration: 1 }
$data merge entity $(bone_left_leg1) { transformation: [-1.3171128791966344f,-0.08632042875548038f,-0.18852115215964244f,0.6234793324246845f,0f,1.2122936202237593f,-0.5550873410036923f,-1.125f,0.20734377548440902f,-0.548334514436233f,-1.1975456554234702f,-0.14443847895166328f,0f,0f,0f,1f], start_interpolation: 0, interpolation_duration: 1 }
$data merge entity $(bone_tail3) { transformation: [-0.9974376623169258f,0f,-0.07154096582900103f,-0.3521275552600369f,0f,1f,0f,-0.5625f,0.07154096582900103f,0f,-0.9974376623169258f,-3.7116030149808408f,0f,0f,0f,1f], start_interpolation: 0, interpolation_duration: 1 }
$data merge entity $(bone_tail2) { transformation: [-1.5377163960719271f,0f,-0.11029232231970991f,-0.3426679521202757f,0f,1.5416666666666665f,0f,-0.75f,0.11029232231970991f,0f,-1.5377163960719271f,-1.83246477740798f,0f,0f,0f,1f], start_interpolation: 0, interpolation_duration: 1 }
$data merge entity $(bone_tail1) { transformation: [-0.9948431603961264f,0f,-0.1014252740348629f,-0.11054820340871807f,0f,1f,0f,-0.75f,0.1014252740348629f,0f,-0.9948431603961264f,-0.7881220787414536f,0f,0f,0f,1f], start_interpolation: 0, interpolation_duration: 1 }
$data merge entity $(bone_body1) { transformation: [-1.3171128791966344f,0f,-0.20734377548440902f,0.5f,0f,1.3333333333333333f,0f,-1.1875f,0.20734377548440902f,0f,-1.3171128791966344f,-0.12499999999999994f,0f,0f,0f,1f], start_interpolation: 0, interpolation_duration: 1 }
data modify entity @s data merge value {"locators":{"head":{"posx":1.5217970493973971,"posy":-0.7969281639741601,"posz":2.8567922538413724,"roty":274.46873050294846,"rotx":45.37549972276224},"neck":{"posx":0.9247641455140975,"posy":-1.0874027121685077,"posz":2.109377992164799,"roty":326.0613145850549,"rotx":33.61099925459913},"right_arm":{"posx":0.7492448917657502,"posy":-3.352919866384429,"posz":3.2840837091984327,"roty":315.66454546430816,"rotx":0.8608297290958612},"left_arm":{"posx":3.068215010535916,"posy":-1.9547683054980047,"posz":0.16459297665878514,"roty":309.7934544084138,"rotx":32.5518540864968},"tail1":{"posx":-0.26717265833809817,"posy":-1.5,"posz":-2.5271457909794917,"roty":355.89750000000004,"rotx":0},"tail2":{"posx":-0.39236934853884997,"posy":-1.875,"posz":-4.272661700034112,"roty":355.89750000000004,"rotx":0}},"cameras":{}}