# This file was generated by Animated Java via MC-Build. It is not recommended to edit this file directly.
$data merge entity $(bone_jaw) { transformation: [-0.7643356773042881f,0.30177729684025784f,-0.5698433429562743f,1.2094476613079128f,-0.3451267521791511f,0.5550307501735364f,0.7568542734847128f,-0.15131125285860503f,0.5446820148766305f,0.775158905949992f,-0.32007838601871547f,3.4869274061013438f,0f,0f,0f,1f], start_interpolation: 0, interpolation_duration: 1 }
$data merge entity $(bone_head) { transformation: [-0.8598776369673241f,0.19294231944772813f,-0.6992915778197399f,1.0540495329035262f,-0.388267596201545f,0.7936554520392397f,0.6964081398061515f,0.003446111542761976f,0.6127672667362093f,0.7736338182981152f,-0.5400296214117467f,3.3669208235654002f,0f,0f,0f,1f], start_interpolation: 0, interpolation_duration: 1 }
$data merge entity $(bone_neck) { transformation: [-0.9291341789473263f,0.09714978430310547f,-0.3567514497822509f,1.125534423607061f,-0.06002967648286919f,0.9124268278940445f,0.4048131935604051f,-0.6070818350853966f,0.36483710810886527f,0.3975414483410152f,-0.8419350814627505f,2.078042226960154f,0f,0f,0f,1f], start_interpolation: 0, interpolation_duration: 1 }
$data merge entity $(bone_right_arm2) { transformation: [-0.862199548735745f,0.010578547080080141f,-0.5064583225711194f,-0.0024235268811015342f,0.005547732872145718f,0.999919158704759f,0.011441097637305046f,-2.2156427541641994f,0.5065384100143412f,0.0070548137354264f,-0.8621885343608449f,2.823474662664638f,0f,0f,0f,1f], start_interpolation: 0, interpolation_duration: 1 }
$data merge entity $(bone_right_arm1) { transformation: [-0.975908888558107f,0.06045029348367471f,-0.5771642835410574f,-0.007192897354633021f,0.09882878153532668f,1.1300564165805296f,-0.04874806898595691f,-0.8496091196591877f,0.5718441397076367f,-0.09213720370922132f,-0.9765633735294f,1.9587711802463499f,0f,0f,0f,1f], start_interpolation: 0, interpolation_duration: 1 }
$data merge entity $(bone_left_arm2) { transformation: [-0.805908845901464f,-0.4118196658540318f,-0.4253416214217035f,2.0851745600800813f,-0.5819095973049295f,0.6833266213611524f,0.44096025796387467f,-1.686620695610753f,0.10905114700077648f,0.6028841442226074f,-0.7903407847142835f,1.2959318451452626f,0f,0f,0f,1f], start_interpolation: 0, interpolation_duration: 1 }
$data merge entity $(bone_left_arm1) { transformation: [-0.9150423354506205f,-0.4675869122717652f,-0.4829399659892258f,1.0003923695750359f,-0.6607098552733053f,0.775860434670475f,0.5006736262298159f,-0.6684410768818672f,0.12381848982379827f,0.6845247054194187f,-0.8973660993110093f,1.5779364783841077f,0f,0f,0f,1f], start_interpolation: 0, interpolation_duration: 1 }
$data merge entity $(bone_body2) { transformation: [-1.4711291166666f,-0.019682746962552834f,-0.5850949974253769f,0.595106705429912f,-0.0950469877645429f,1.5694732679640797f,0.18618317783162877f,-0.5f,0.5776587545057034f,0.20811221747558503f,-1.4594328051420387f,0.744815908444004f,0f,0f,0f,1f], start_interpolation: 0, interpolation_duration: 1 }
$data merge entity $(bone_right_leg2) { transformation: [-0.9940753239360046f,0.05116240025274231f,-0.09589921345822261f,-1.0807680292193989f,0f,0.8822912264349533f,0.47070393216533263f,-2.3430703749084527f,0.10869337763418502f,0.46791516384520415f,-0.8770639367242209f,-0.7819166610523731f,0f,0f,0f,1f], start_interpolation: 0, interpolation_duration: 1 }
$data merge entity $(bone_right_leg1) { transformation: [-1.3254337652480062f,0.05391422690846988f,-0.13452274103337777f,-0.6183347394280052f,0f,1.2376351159692842f,0.4960212671826419f,-1.125f,0.14492450351224667f,0.4930825018537322f,-1.2303025288217408f,-0.0027199501615418065f,0f,0f,0f,1f], start_interpolation: 0, interpolation_duration: 1 }
$data merge entity $(bone_left_leg2) { transformation: [-0.97024744112227f,-0.011629279113558343f,-0.24183602474194413f,1.0106822249444058f,-0.01898711604253374f,0.9994243062667866f,0.028116640402788384f,-2.5907094066589003f,0.2413698249990554f,0.03187186706880085f,-0.9699096822227699f,-0.05455782259579256f,0f,0f,0f,1f], start_interpolation: 0, interpolation_duration: 1 }
$data merge entity $(bone_left_leg1) { transformation: [-1.3254337652480062f,-0.04275868028522922f,-0.13847312727939942f,0.6242594154920006f,0f,1.2739794299652751f,-0.39338809057104174f,-1.125f,0.14492450351224667f,-0.39105739356697466f,-1.2664315145305376f,-0.13858667220427306f,0f,0f,0f,1f], start_interpolation: 0, interpolation_duration: 1 }
$data merge entity $(bone_tail3) { transformation: [-0.9985209094238435f,0f,-0.054369048578951626f,-0.25862164783887476f,0f,1f,0f,-0.5625f,0.054369048578951626f,0f,-0.9985209094238435f,-3.745636269153621f,0f,0f,0f,1f], start_interpolation: 0, interpolation_duration: 1 }
$data merge entity $(bone_tail2) { transformation: [-1.5393864020284254f,0f,-0.08381894989255041f,-0.2814947954313209f,0f,1.5416666666666665f,0f,-0.75f,0.08381894989255041f,0f,-1.5393864020284254f,-1.8666134329115454f,0f,0f,0f,1f], start_interpolation: 0, interpolation_duration: 1 }
$data merge entity $(bone_tail1) { transformation: [-0.997282505920991f,0f,-0.07367227011534677f,-0.07855769519364109f,0f,1f,0f,-0.75f,0.07367227011534677f,0f,-0.997282505920991f,-0.8162098041349108f,0f,0f,0f,1f], start_interpolation: 0, interpolation_duration: 1 }
$data merge entity $(bone_body1) { transformation: [-1.3254337652480062f,0f,-0.14492450351224667f,0.5f,0f,1.3333333333333333f,0f,-1.1875f,0.14492450351224667f,0f,-1.3254337652480062f,-0.12499999999999994f,0f,0f,0f,1f], start_interpolation: 0, interpolation_duration: 1 }
data modify entity @s data merge value {"locators":{"head":{"posx":1.1411070159380494,"posy":-0.6309202895363022,"posz":3.0871324860141547,"roty":307.6772017631925,"rotx":38.24529491504575},"neck":{"posx":0.6691300962425146,"posy":-1.0298583829821486,"posz":2.21662462306955,"roty":337.036267520815,"rotx":23.87942141942677},"right_arm":{"posx":0.18633961552839398,"posy":-3.220935728383102,"posz":3.27917276673553,"roty":329.56959018251547,"rotx":0.6555409097222632},"left_arm":{"posx":2.7600343395138065,"posy":-2.5540580961222847,"posz":1.0814023965922483,"roty":331.71197474968767,"rotx":26.16516543205973},"tail1":{"posx":-0.1940584026513697,"posy":-1.5,"posz":-2.559892689212807,"roty":356.8833462243029,"rotx":0},"tail2":{"posx":-0.28920423766453507,"posy":-1.875,"posz":-4.307304280704533,"roty":356.8833462243029,"rotx":0}},"cameras":{}}