# This file was generated by Animated Java via MC-Build. It is not recommended to edit this file directly.
$data merge entity $(bone_jaw) { transformation: [-0.9988594121777495f,0.018050807314647296f,0.04420455925818194f,-0.06535803276754377f,0.01508888454224093f,0.9976759773767354f,-0.066445238570171f,0.6746730293495332f,-0.04530121706082041f,-0.06570245444932397f,-0.9968104068538524f,3.2065584747079443f,0f,0f,0f,1f], start_interpolation: 0, interpolation_duration: 1 }
$data merge entity $(bone_head) { transformation: [-1.1237168386999683f,0.01961411076412332f,0.05000753024377693f,-0.05424524826892668f,0.016974995110021047f,1.1233158856643646f,-0.05914617954778799f,0.6615294338944692f,-0.05096386919342296f,-0.05832416028557217f,-1.1223306002973537f,2.9571516746418656f,0f,0f,0f,1f], start_interpolation: 0, interpolation_duration: 1 }
$data merge entity $(bone_neck) { transformation: [-0.9997079269415184f,0.00462907188253804f,0.02371987571211017f,0.45996272534272536f,0.003970286287714527f,0.9996071269471457f,-0.027745784963967252f,-0.4250817319139538f,-0.02383899404516148f,-0.02764350647040677f,-0.9993335473769182f,2.1864838900455075f,0f,0f,0f,1f], start_interpolation: 0, interpolation_duration: 1 }
$data merge entity $(bone_right_arm2) { transformation: [-0.9994768990251934f,-0.00142629415354186f,0.032309348491897094f,-0.9191480551081563f,-0.0014564651676646217f,0.9999985250293597f,-0.0009103012251442414f,-1.851547723157479f,-0.032308002479241274f,-0.00095688248635439f,-0.999477502173865f,2.3361901299834145f,0f,0f,0f,1f], start_interpolation: 0, interpolation_duration: 1 }
$data merge entity $(bone_right_arm1) { transformation: [-1.1347927017635537f,-0.0076532553723254225f,0.03685049050995691f,-0.5933032132385971f,-0.007562845407545528f,1.135387755577918f,0.002907713452866434f,-0.5427036460694772f,-0.03686915157635201f,0.0026606597656192287f,-1.134814783784603f,1.66226017817305f,0f,0f,0f,1f], start_interpolation: 0, interpolation_duration: 1 }
$data merge entity $(bone_left_arm2) { transformation: [-0.9990024948124303f,0.04217307277562645f,0.014678122877325f,0.7805695054701889f,0.04172732625659151f,0.9986948021059828f,-0.02945373473717066f,-1.858221878154238f,-0.01590111952084209f,-0.028811875661840545f,-0.9994583684270348f,2.4191144571448646f,0f,0f,0f,1f], start_interpolation: 0, interpolation_duration: 1 }
$data merge entity $(bone_left_arm1) { transformation: [-1.1342840826516134f,0.04788400971399253f,0.01666578535029609f,0.533824593337475f,0.0473779016871716f,1.1339347232245012f,-0.033442261316162514f,-0.5546446035667554f,-0.018054396122622787f,-0.03271348382438145f,-1.134801689151529f,1.6892021421948495f,0f,0f,0f,1f], start_interpolation: 0, interpolation_duration: 1 }
$data merge entity $(bone_body2) { transformation: [-1.582870884324071f,0.006610416786481833f,0.037689658972818965f,0.49392003085279196f,0.006286286622214668f,1.5832617445249844f,-0.013681204941515337f,-0.5f,-0.03774507390483901f,-0.013527570293935936f,-1.5828255616720073f,0.7499788763022619f,0f,0f,0f,1f], start_interpolation: 0, interpolation_duration: 1 }
$data merge entity $(bone_right_leg2) { transformation: [-0.9999758586311565f,0.00021723604166389173f,0.006945139551046487f,-0.9980359101228877f,0f,0.999511175144086f,-0.03126356924741838f,-2.5696741782477908f,-0.00694853616823774f,-0.031262814502061816f,-0.9994870455761435f,-0.4128670364705933f,0f,0f,0f,1f], start_interpolation: 0, interpolation_duration: 1 }
$data merge entity $(bone_right_leg1) { transformation: [-1.333301144841542f,0.00022529632523277297f,0.009261975144484617f,-0.624972840960051f,0f,1.3329390421570766f,-0.032423566601353926f,-1.125f,-0.009264714890983652f,-0.03242278385207338f,-1.332906863184014f,-0.1328171031892674f,0f,0f,0f,1f], start_interpolation: 0, interpolation_duration: 1 }
$data merge entity $(bone_left_leg2) { transformation: [-0.9998839331738117f,0.0038996941621351794f,0.014727951870844051f,1.0023498057590123f,0.003868654406222326f,0.9999902366501089f,-0.0021354431728616632f,-2.5562664809184588f,-0.014736135651971535f,-0.002078217962850317f,-0.9998892575261251f,-0.46142745615239783f,0f,0f,0f,1f], start_interpolation: 0, interpolation_duration: 1 }
$data merge entity $(bone_left_leg1) { transformation: [-1.333301144841542f,-0.00017702521891677791f,0.009263023484968701f,0.6249969823288946f,0f,1.333089914291682f,0.025476620489646863f,-1.125f,-0.009264714890983652f,0.025476005449154737f,-1.3330577316763597f,-0.12413143297897022f,0f,0f,0f,1f], start_interpolation: 0, interpolation_duration: 1 }
$data merge entity $(bone_tail3) { transformation: [-0.9999758586311565f,0f,0.00694853616823774f,0.025634797804798437f,0f,1f,0f,-0.5625f,-0.00694853616823774f,0f,-0.9999758586311565f,-3.8158852467865083f,0f,0f,0f,1f], start_interpolation: 0, interpolation_duration: 1 }
$data merge entity $(bone_tail2) { transformation: [-1.5416294487230326f,0f,0.010712326592699847f,-0.11239068983954187f,0f,1.5416666666666665f,0f,-0.75f,-0.010712326592699847f,0f,-1.5416294487230326f,-1.9417990788741197f,0f,0f,0f,1f], start_interpolation: 0, interpolation_duration: 1 }
$data merge entity $(bone_tail1) { transformation: [-0.9999758586311565f,0f,0.00694853616823774f,0.005223472810600094f,0f,1f,0f,-0.75f,-0.00694853616823774f,0f,-0.9999758586311565f,-0.8784561620574862f,0f,0f,0f,1f], start_interpolation: 0, interpolation_duration: 1 }
$data merge entity $(bone_body1) { transformation: [-1.333301144841542f,0f,0.009264714890983652f,0.5f,0f,1.3333333333333333f,0f,-1.1875f,-0.009264714890983652f,0f,-1.333301144841542f,-0.12499999999999994f,0f,0f,0f,1f], start_interpolation: 0, interpolation_duration: 1 }
data modify entity @s data merge value {"locators":{"head":{"posx":-0.07903295709448879,"posy":0.05389454728865217,"posz":3.301312485994226,"roty":2.5512327301624964,"rotx":-3.013679612337364},"neck":{"posx":-0.04459212454799938,"posy":-0.7944810382547802,"posz":2.309847401371444,"roty":1.3596998088773091,"rotx":-1.5899204165889753},"right_arm":{"posx":-0.9963437413896377,"posy":-2.8511821266472457,"posz":2.8348665134017486,"roty":1.85151230042095,"rotx":-0.05215642548957736},"left_arm":{"posx":0.7934950271816769,"posy":-2.8447977707826726,"posz":2.9486493369902753,"roty":0.8413897609875391,"rotx":-1.6878187881412217},"tail1":{"posx":0.017383411105016122,"posy":-1.5,"posz":-2.6284139146620102,"roty":0.3981249999999932,"rotx":0},"tail2":{"posx":0.029543349399432164,"posy":-1.875,"posz":-4.378371667266534,"roty":0.3981249999999932,"rotx":0}},"cameras":{}}