# This file was generated by Animated Java via MC-Build. It is not recommended to edit this file directly.
$data merge entity $(bone_jaw) { transformation: [-0.9922017863863852f,0.10842551287047483f,0.06147782730741705f,1.498009810096975f,0.12398157049257041f,0.9092450243467466f,0.39736891659876955f,1.6471937710484859f,-0.012813480005911093f,0.4018922664837663f,-0.9155973027869181f,2.2221892562509087f,0f,0f,0f,1f], start_interpolation: 0, interpolation_duration: 1 }
$data merge entity $(bone_head) { transformation: [-1.1162270096846834f,0.13869290858707292f,0.020652843824707112f,1.50259933094691f,0.13947926680414172f,1.1152378708856225f,0.04914290868764611f,1.6581144174235183f,-0.01441516500664998f,0.051320253800630426f,-1.1237363723612712f,1.9724700623928484f,0f,0f,0f,1f], start_interpolation: 0, interpolation_duration: 1 }
$data merge entity $(bone_neck) { transformation: [-0.8033962966642834f,-0.14274694457362436f,-0.5780810499584029f,1.586275254797325f,0.1367513220909493f,0.9006560879641952f,-0.4124532544657751f,0.2976733936626439f,0.5795286588362065f,-0.4104167650424707f,-0.7040629322436889f,1.546722413384373f,0f,0f,0f,1f], start_interpolation: 0, interpolation_duration: 1 }
$data merge entity $(bone_right_arm2) { transformation: [-0.7281939362274221f,0.3681791560104992f,-0.5780810499584029f,0.14810450719557772f,0.6500917792031305f,0.6381716003498579f,-0.4124532544657751f,-0.22672189685712413f,0.2170582176608873f,-0.6761516971703152f,-0.7040629322436889f,3.301065304378909f,0f,0f,0f,1f], start_interpolation: 0, interpolation_duration: 1 }
$data merge entity $(bone_right_arm1) { transformation: [-0.8268035317582187f,0.4180367500535876f,-0.6563628588069366f,0.46146953268402535f,0.738125040970221f,0.7245906712305678f,-0.4683062993413487f,0.12416303515586563f,0.24645151796913242f,-0.7677139061621286f,-0.7994047876516883f,1.8617422429063069f,0f,0f,0f,1f], start_interpolation: 0, interpolation_duration: 1 }
$data merge entity $(bone_left_arm2) { transformation: [-0.3911761278572123f,-0.7209934198856749f,0.5719700389672491f,2.040607368196688f,0.43710403343706733f,-0.6924727796377304f,-0.5739525358545269f,1.1371856790289727f,0.8098896844309631f,0.025493880488339504f,0.5860279524988214f,0.5203270398470132f,0f,0f,0f,1f], start_interpolation: 0, interpolation_duration: 1 }
$data merge entity $(bone_left_arm1) { transformation: [-0.44414789517120973f,-0.8186279454951932f,0.6494243150773973f,1.3652903664313443f,0.49629520463167015f,-0.7862451352136729f,-0.6516752750848273f,-0.029682202196452345f,0.9195622458643226f,0.028946176804468808f,0.6653859043997035f,1.2097725017155745f,0f,0f,0f,1f], start_interpolation: 0, interpolation_duration: 1 }
$data merge entity $(bone_body2) { transformation: [-1.2720441363851154f,-0.22601599557490526f,-0.9152949957674714f,0.7642054295179722f,0.2165229266440031f,1.4260388059433091f,-0.6530509862374773f,-0.35151916512966996f,0.9175870431573271f,-0.6498265446505787f,-1.1147663093858409f,0.5602829960992246f,0f,0f,0f,1f], start_interpolation: 0, interpolation_duration: 1 }
$data merge entity $(bone_right_leg2) { transformation: [-0.9796023088093713f,-0.010216074859380447f,-0.2006861938196461f,-0.7054890773156917f,-0.0022354732187576665f,0.9991990590423077f,-0.03995301075582636f,-2.4900475553447583f,0.20093361897611167f,-0.03868943296863492f,-0.978840542959745f,0.9180305518884905f,0f,0f,0f,1f], start_interpolation: 0, interpolation_duration: 1 }
$data merge entity $(bone_right_leg1) { transformation: [-1.2440741308768244f,-0.2700221612660571f,-0.3964156493960085f,-0.553800952794363f,0f,1.1019743492757257f,-0.7506199513176548f,-1.126054908941791f,0.47964292412257226f,-0.7003701476657367f,-1.0282033356178144f,0.2690295708123198f,0f,0f,0f,1f], start_interpolation: 0, interpolation_duration: 1 }
$data merge entity $(bone_left_leg2) { transformation: [-0.9330555981576183f,1.3877787807814457e-17f,-0.35973219309192916f,0.802968410174843f,0f,0.9999999999999999f,-1.3877787807814457e-17f,-2.5287683594546135f,0.3597321930919292f,-5.551115123125783e-17f,-0.9330555981576183f,-0.7290983626002991f,0f,0f,0f,1f], start_interpolation: 0, interpolation_duration: 1 }
$data merge entity $(bone_left_leg1) { transformation: [-1.2440741308768244f,0.04406264081585054f,-0.477614717471295f,0.6125185449026598f,0f,1.327695231739354f,0.12248734381298576f,-1.126054908941791f,0.47964292412257226f,0.11428750184816323f,-1.2388134686215806f,-0.18063567055259172f,0f,0f,0f,1f], start_interpolation: 0, interpolation_duration: 1 }
$data merge entity $(bone_tail3) { transformation: [-0.32762148166005267f,-0.06581447787267965f,-0.9425139888920578f,-2.731028526438357f,0.14030254519173452f,0.9831214569313443f,-0.11741974592849426f,-1.1287652230480512f,0.9343336452079594f,-0.17070634265761017f,-0.3128577696156348f,-2.202299059487407f,0f,0f,0f,1f], start_interpolation: 0, interpolation_duration: 1 }
$data merge entity $(bone_tail2) { transformation: [-0.5050831175592478f,-0.10146398672038111f,-1.4530423995419224f,-0.9924272678721276f,0.2162997571705907f,1.5156455794358223f,-0.18102210830642862f,-1.0754006544577848f,1.4404310363622705f,-0.2631722782638157f,-0.48232239482410355f,-1.4668915965587952f,0f,0f,0f,1f], start_interpolation: 0, interpolation_duration: 1 }
$data merge entity $(bone_tail1) { transformation: [-0.8013752051395882f,-0.06581447787267965f,-0.5945302642337306f,-0.2605669614813404f,0.049854151475108986f,0.9831214569313443f,-0.17603057831492727f,-0.8945999339325632f,0.596080820164665f,-0.17070634265761017f,-0.7845680342763671f,-0.7077981626607384f,0f,0f,0f,1f], start_interpolation: 0, interpolation_duration: 1 }
$data merge entity $(bone_body1) { transformation: [-1.2440741308768244f,-0.08775263716357286f,-0.4715472503701935f,0.5f,0f,1.3108286092417925f,-0.24393879349338013f,-1.1875f,0.47964292412257226f,-0.22760845687681355f,-1.2230759720782194f,-0.12499999999999994f,0f,0f,0f,1f], start_interpolation: 0, interpolation_duration: 1 }
data modify entity @s data merge value {"locators":{"head":{"posx":1.419810814002784,"posy":1.0248870145182707,"posz":2.2561078026039625,"roty":1.0529049420395893,"rotx":2.503624441064435},"neck":{"posx":1.3103673419250927,"posy":0.07985967852976725,"posz":2.0784008962238643,"roty":320.6117984763557,"rotx":-24.359037857252417},"right_arm":{"posx":0.02345375515006609,"posy":-0.6180361337738989,"posz":4.3428146062748745,"roty":320.6117984763557,"rotx":-24.35903785725242},"left_arm":{"posx":2.5000642765898142,"posy":2.08931572450415,"posz":0.15120107783232783,"roty":135.69552758740863,"rotx":-35.02631059778106},"tail1":{"posx":-1.5500920916234011,"posy":-1.9110056406310996,"posz":-1.6707432618273315,"roty":288.3630521742622,"rotx":-6.743212060263747},"tail2":{"posx":-3.1748111429822474,"posy":-2.4851607423552187,"posz":-2.1542294801580884,"roty":288.3630521742622,"rotx":-6.743212060263747}},"cameras":{}}