# This file was generated by Animated Java via MC-Build. It is not recommended to edit this file directly.
$data merge entity $(bone_jaw) { transformation: [-0.9925205426708064f,0.10573579220587041f,0.061015691613261036f,1.5104777235392939f,0.12139375681895115f,0.9076741714095992f,0.4017351793921946f,1.6576137393272004f,-0.012904579878049216f,0.4061373422901352f,-0.9137209262218285f,2.201438373137264f,0f,0f,0f,1f], start_interpolation: 0, interpolation_duration: 1 }
$data merge entity $(bone_head) { transformation: [-1.1165856105046572f,0.13578387505606238f,0.02059887590867779f,1.5150552515190001f,0.13656797642132004f,1.1156061944610078f,0.04895923504726766f,1.6684935693377043f,-0.014517652362805368f,0.05109362147066351f,-1.1237453802418433f,1.9517171775279656f,0f,0f,0f,1f], start_interpolation: 0, interpolation_duration: 1 }
$data merge entity $(bone_neck) { transformation: [-0.7984986216190878f,-0.1473503621629764f,-0.5836846940282538f,1.5966205082287501f,0.13905672249144854f,0.8982124668198905f,-0.4169863215733381f,0.30581307581750905f,0.5857159543689696f,-0.4141282835303171f,-0.6967313582564518f,1.5327762730110757f,0f,0f,0f,1f], start_interpolation: 0, interpolation_duration: 1 }
$data merge entity $(bone_right_arm2) { transformation: [-0.7239503794956561f,0.367706439956168f,-0.5836846940282538f,0.16722620212427608f,0.6558256361923193f,0.6292973403198813f,-0.4169863215733381f,-0.20153802745255667f,0.2139826697212538f,-0.6846727915443146f,-0.6967313582564518f,3.3030052628322846f,0f,0f,0f,1f], start_interpolation: 0, interpolation_duration: 1 }
$data merge entity $(bone_right_arm1) { transformation: [-0.8219853267190261f,0.417500020366899f,-0.6627253296779131f,0.4747921710147145f,0.7446353577600291f,0.7145146884881984f,-0.4734532192863942f,0.13279112432551776f,0.24295948957934022f,-0.7773888987326071f,-0.7910803963536795f,1.8584998308411695f,0f,0f,0f,1f], start_interpolation: 0, interpolation_duration: 1 }
$data merge entity $(bone_left_arm2) { transformation: [-0.37798976373672094f,-0.705963638773059f,0.5989483109923255f,2.0060252335863296f,0.444051522221245f,-0.7059194882177254f,-0.5518114911520239f,1.1434759392812803f,0.8123681333750439f,0.05738481406022461f,0.580314568998591f,0.4714205058558014f,0f,0f,0f,1f], start_interpolation: 0, interpolation_duration: 1 }
$data merge entity $(bone_left_arm1) { transformation: [-0.4291758775760685f,-0.8015628815235774f,0.6800558947725361f,1.373103120336188f,0.5041834991887052f,-0.801512752247209f,-0.6265359639121937f,-0.023647688477361872f,0.9223763181029143f,0.06515567429754668f,0.6588988335504835f,1.1995693821760787f,0f,0f,0f,1f], start_interpolation: 0, interpolation_duration: 1 }
$data merge entity $(bone_body2) { transformation: [-1.2642894842302224f,-0.2333047400913793f,-0.924167432211402f,0.7667831581983212f,0.22017314394479354f,1.4221697391314936f,-0.6602283424911187f,-0.3497430406204076f,0.9273835944175353f,-0.6557031155896689f,-1.1031579839060488f,0.5571079632380709f,0f,0f,0f,1f], start_interpolation: 0, interpolation_duration: 1 }
$data merge entity $(bone_right_leg2) { transformation: [-0.9790543417000153f,-0.01175130953631609f,-0.2032596928132366f,-0.6965734782970903f,-0.003595202065105052f,0.9991751229869041f,-0.04044932788337091f,-2.4856967701785257f,0.20356736113743942f,-0.038871330415706895f,-0.9782889906112878f,0.9336999031996587f,0f,0f,0f,1f], start_interpolation: 0, interpolation_duration: 1 }
$data merge entity $(bone_right_leg1) { transformation: [-1.2417364994450022f,-0.27656165960499357f,-0.3992266175499587f,-0.5519343886015455f,0f,1.0960326437167358f,-0.7592695316454368f,-1.1260827796920205f,0.48566268512605465f,-0.7071095177704882f,-1.0207378037147032f,0.2739902469072818f,0f,0f,0f,1f], start_interpolation: 0, interpolation_duration: 1 }
$data merge entity $(bone_left_leg2) { transformation: [-0.9313023745837518f,-2.0816681711721685e-17f,-0.364247013844541f,0.7993663264721669f,0f,0.9999999999999999f,-6.938893903907228e-17f,-2.5282585230323553f,0.364247013844541f,-4.163336342344337e-17f,-0.9313023745837516f,-0.7322786347686114f,0f,0f,0f,1f], start_interpolation: 0, interpolation_duration: 1 }
$data merge entity $(bone_left_leg1) { transformation: [-1.2417364994450022f,0.045201180895788486f,-0.48355464734554615f,0.6121935796281442f,0f,1.327545948123888f,0.12409485645112286f,-1.1260827796920205f,0.48566268512605465f,0.11556983448656055f,-1.2363466938568148f,-0.1813185203983944f,0f,0f,0f,1f], start_interpolation: 0, interpolation_duration: 1 }
$data merge entity $(bone_tail3) { transformation: [-0.3123381651314544f,-0.0675074751171963f,-0.947569317467391f,-2.7521191633266167f,0.14348667676961002f,0.9826755249276721f,-0.11730467295780492f,-1.133086484412611f,0.9390721187384543f,-0.17260229868522967f,-0.2972406471138243f,-2.164293909709063f,0f,0f,0f,1f], start_interpolation: 0, interpolation_duration: 1 }
$data merge entity $(bone_tail2) { transformation: [-0.48152133791099216f,-0.10407402413901096f,-1.460836031095561f,-1.0018113121322156f,0.22120862668648208f,1.514958100930161f,-0.18084470414328258f,-1.079456048944464f,1.447736183055117f,-0.2660952104730624f,-0.4582459976338124f,-1.4572207505248551f,0f,0f,0f,1f], start_interpolation: 0, interpolation_duration: 1 }
$data merge entity $(bone_tail1) { transformation: [-0.7963450025532859f,-0.0675074751171963f,-0.6010635388307197f,-0.26363817680541524f,0.05115016318607306f,0.9826755249276721f,-0.17813610951786898f,-0.8965802029799873f,0.6026759475161133f,-0.17260229868522967f,-0.7790957250390542f,-0.7047660361103742f,0f,0f,0f,1f], start_interpolation: 0, interpolation_duration: 1 }
$data merge entity $(bone_body1) { transformation: [-1.2417364994450022f,-0.0900099668229284f,-0.47724883404402846f,0.5f,0f,1.310234033236896f,-0.24711243579705572f,-1.1875f,0.48566268512605465f,-0.23013639824697288f,-1.2202240664139676f,-0.12499999999999994f,0f,0f,0f,1f], start_interpolation: 0, interpolation_duration: 1 }
data modify entity @s data merge value {"locators":{"head":{"posx":1.4338978554021105,"posy":1.03511256267957,"posz":2.235483326778109,"roty":1.0501457985362208,"rotx":2.4942611150868492},"neck":{"posx":1.325588169983854,"posy":0.09063505220244159,"posz":2.068023776301486,"roty":320.04550490910685,"rotx":-24.644467040718965},"right_arm":{"posx":0.04611521046375655,"posy":-0.581353104723749,"posz":4.349417650362403,"roty":320.04550490910685,"rotx":-24.644467040718965},"left_arm":{"posx":2.436139077096771,"posy":2.09754795293619,"posz":0.07310539896034107,"roty":134.09473455875775,"rotx":-33.49137780318789},"tail1":{"posx":-1.5635923409117178,"posy":-1.9150454898949103,"posz":-1.6495059862439938,"roty":287.41598895898204,"rotx":-6.736572983211363},"tail2":{"posx":-3.196523343310704,"posy":-2.4888319894189457,"posz":-2.1049512566862254,"roty":287.41598895898204,"rotx":-6.736572983211363}},"cameras":{}}