# This file was generated by Animated Java via MC-Build. It is not recommended to edit this file directly.
$data merge entity $(bone_jaw) { transformation: [-0.9920620686238966f,0.10959997693564345f,0.061649793619939386f,1.4923774632812892f,0.12510020266749386f,0.9099389738460361f,0.39542509172860374f,1.6425164011186943f,-0.012758969011117949f,0.3999986361623365f,-0.916426920042206f,2.2314040304173934f,0f,0f,0f,1f], start_interpolation: 0, interpolation_duration: 1 }
$data merge entity $(bone_head) { transformation: [-1.1160698272018836f,0.13995102670514736f,0.02066037109376717f,1.4969686568576819f,0.1407377280009306f,1.1150759090398017f,0.04923016347926946f,1.653456437447421f,-0.014353840137507692f,0.05142399443095276f,-1.1237324147990357f,1.9816857160176076f,0f,0f,0f,1f], start_interpolation: 0, interpolation_duration: 1 }
$data merge entity $(bone_neck) { transformation: [-0.8055643921627936f,-0.14071167181398625f,-0.5755573259847377f,1.5816166768788396f,0.13572665369076223f,0.9017381526547934f,-0.4104224403278021f,0.2940280906399826f,0.5767532276089112f,-0.408740173535748f,-0.707309822482814f,1.5529063058275978f,0f,0f,0f,1f], start_interpolation: 0, interpolation_duration: 1 }
$data merge entity $(bone_right_arm2) { transformation: [-0.7301033664678979f,0.36835151523719917f,-0.5755573259847377f,0.13959180203471588f,0.6474996240613601f,0.6421040860450656f,-0.4104224403278021f,-0.23794338174894247f,0.2183879829858771f,-0.6723239575581776f,-0.707309822482814f,3.3000911625477567f,0f,0f,0f,1f], start_interpolation: 0, interpolation_duration: 1 }
$data merge entity $(bone_right_arm1) { transformation: [-0.8289715306770923f,0.4182324495922365f,-0.6534973805451709f,0.45551480619025075f,0.7351818648196692f,0.7290556810303348f,-0.46600047912219195f,0.12030917094066723f,0.24796135568188127f,-0.7633678268108475f,-0.8030913609440283f,1.8631442206126274f,0f,0f,0f,1f], start_interpolation: 0, interpolation_duration: 1 }
$data merge entity $(bone_left_arm2) { transformation: [-0.39704376693755394f,-0.727311401926857f,0.5597985099687455f,2.055585663966866f,0.43400191527536747f,-0.6862164636816024f,-0.5837373574730585f,1.1339696288598382f,0.8087017897057914f,0.01118434618145564f,0.5881125111125791f,0.5425707245164837f,0f,0f,0f,1f], start_interpolation: 0, interpolation_duration: 1 }
$data merge entity $(bone_left_arm1) { transformation: [-0.4508101103770143f,-0.825801487604452f,0.6356045581936797f,1.3617747473733934f,0.4927730079689068f,-0.7791416098051526f,-0.6627851246308685f,-0.03238331446144027f,0.9182134903951172f,0.012698893060194423f,0.6677527469924075f,1.2142968395526021f,0f,0f,0f,1f], start_interpolation: 0, interpolation_duration: 1 }
$data merge entity $(bone_body2) { transformation: [-1.2754769542577566f,-0.22279348037214491f,-0.9112990994758349f,0.7630475002641531f,0.21490053501037354f,1.4277520750367563f,-0.6498355305190201f,-0.3523128018721575f,0.9131926103807763f,-0.6471719414316011f,-1.1199072189311223f,0.5616946968545369f,0f,0f,0f,1f], start_interpolation: 0, interpolation_duration: 1 }
$data merge entity $(bone_right_leg2) { transformation: [-0.9798430777353396f,-0.009542482870723623f,-0.1995406826559416f,-0.7094290032833482f,-0.001640142244749218f,0.9992090853879545f,-0.039730512349888336f,-2.491960662826495f,0.19976199074787543f,-0.0386023923977466f,-0.979083756556923f,0.9110127644221288f,0f,0f,0f,1f], start_interpolation: 0, interpolation_duration: 1 }
$data merge entity $(bone_right_leg1) { transformation: [-1.245107182660169f,-0.2671236692476125f,-0.39513393525933216f,-0.554625797991352f,0f,1.1046020435363129f,-0.7467476837548138f,-1.1260425962588734f,0.47695480023355885f,-0.6973356785084724f,-1.031510953791123f,0.2668145782592878f,0f,0f,0f,1f], start_interpolation: 0, interpolation_duration: 1 }
$data merge entity $(bone_left_leg2) { transformation: [-0.9338303869951268f,-2.0816681711721685e-17f,-0.35771610017516914f,0.804567161431946f,0f,1f,-5.551115123125783e-17f,-2.528995172121075f,0.35771610017516914f,-4.163336342344337e-17f,-0.9338303869951269f,-0.7276732642685885f,0f,0f,0f,1f], start_interpolation: 0, interpolation_duration: 1 }
$data merge entity $(bone_left_leg1) { transformation: [-1.245107182660169f,0.04355924048582738f,-0.47496155005866725f,0.6126621857525563f,0f,1.3277611766036934f,0.121770422031597f,-1.1260425962588734f,0.47695480023355885f,0.11371292033032616f,-1.2399037333849319f,-0.18033054695967363f,0f,0f,0f,1f], start_interpolation: 0, interpolation_duration: 1 }
$data merge entity $(bone_tail3) { transformation: [-0.3344118361562725f,-0.06506580194935362f,-0.9401782624881718f,-2.721452082890555f,0.13888762144354286f,0.9833184598580276f,-0.11745226737782351f,-1.1268010615860125f,0.9321367670295735f,-0.1698565510044405f,-0.31979649721741854f,-2.2191626804829667f,0f,0f,0f,1f], start_interpolation: 0, interpolation_duration: 1 }
$data merge entity $(bone_tail2) { transformation: [-0.5155515807409201f,-0.10030977800525348f,-1.449441488002598f,-0.9882194823792629f,0.21411841639212856f,1.5159492922811257f,-0.18107224554081122f,-1.0735893187955308f,1.4370441825039257f,-0.2618621827985124f,-0.4930195998768535f,-1.471179049008278f,0f,0f,0f,1f], start_interpolation: 0, interpolation_duration: 1 }
$data merge entity $(bone_tail1) { transformation: [-0.8036009530729626f,-0.06506580194935362f,-0.5916011744722227f,-0.25919311536840595f,0.049281256389220846f,0.9833184598580276f,-0.17508901813402372f,-0.8937173940767831f,0.5931246631096415f,-0.1698565510044405f,-0.7869891270481124f,-0.7091436844083636f,0f,0f,0f,1f], start_interpolation: 0, interpolation_duration: 1 }
$data merge entity $(bone_body1) { transformation: [-1.245107182660169f,-0.08675440259913815f,-0.46899845958755626f,0.5f,0f,1.3110912798107033f,-0.24252305824830248f,-1.1875f,0.47695480023355885f,-0.22647540133925398f,-1.2243368772115653f,-0.12499999999999994f,0f,0f,0f,1f], start_interpolation: 0, interpolation_duration: 1 }
data modify entity @s data merge value {"locators":{"head":{"posx":1.4134790944954425,"posy":1.0202947759032897,"posz":2.2652647232223657,"roty":1.0532923127869083,"rotx":2.5080725445491465},"neck":{"posx":1.3035460234757799,"posy":0.07504241528079145,"posz":2.0829742125183106,"roty":320.8638089491832,"rotx":-24.231374603158777},"right_arm":{"posx":0.013387489385641993,"posy":-0.634367521126272,"posz":4.339719280283958,"roty":320.8638089491832,"rotx":-24.231374603158773},"left_arm":{"posx":2.5278130463429473,"posy":2.084929651573259,"posz":0.18678626092212652,"roty":136.4129526264734,"rotx":-35.713840103682735},"tail1":{"posx":-1.543991206858332,"posy":-1.909187550191748,"posz":-1.6801638234706195,"roty":288.7854559890302,"rotx":-6.745088385375537},"tail2":{"posx":-3.164903490481625,"posy":-2.483473440549699,"posz":-2.1761114869744365,"roty":288.7854559890302,"rotx":-6.745088385375537}},"cameras":{}}