# This file was generated by Animated Java via MC-Build. It is not recommended to edit this file directly.
$data merge entity $(bone_jaw) { transformation: [-0.9912330566078233f,0.11653571272237387f,0.062261184924475965f,1.4563943896476383f,0.1315570149011106f,0.914168419394183f,0.3833912529161952f,1.613039670954644f,-0.012238436101904282f,0.3882209791376933f,-0.9214850471055677f,2.288089897808146f,0f,0f,0f,1f], start_interpolation: 0, interpolation_duration: 1 }
$data merge entity $(bone_head) { transformation: [-1.1151371886838013f,0.14722182962476596f,0.020488613821444963f,1.4609474149412929f,0.14800164176374941f,1.114108018317896f,0.049838113477592795f,1.6241148072829978f,-0.013768240614642317f,0.05209660643177279f,-1.1237087608222471f,2.0383768398476465f,0f,0f,0f,1f], start_interpolation: 0, interpolation_duration: 1 }
$data merge entity $(bone_neck) { transformation: [-0.8188086561787523f,-0.12831676850066198f,-0.559541947925527f,1.5520604768731316f,0.12940915794244762f,0.9083526284047909f,-0.3976792329387272f,0.27117118386896777f,0.5592903131714088f,-0.3980330506272755f,-0.7271616300389977f,1.5908229751467367f,0f,0f,0f,1f], start_interpolation: 0, interpolation_duration: 1 }
$data merge entity $(bone_right_arm2) { transformation: [-0.7421861583420942f,0.36888008197395344f,-0.559541947925527f,0.0869417089091079f,0.6309175978862673f,0.6661788141082602f,-0.3976792329387272f,-0.30750875236940217f,0.22605904326707701f,-0.6481768838490012f,-0.7271616300389977f,3.2925414809248554f,0f,0f,0f,1f], start_interpolation: 0, interpolation_duration: 1 }
$data merge entity $(bone_right_arm1) { transformation: [-0.8426905339509194f,0.4188325930745929f,-0.6353132533737754f,0.4183449017830264f,0.7163543559333659f,0.7563905285187537f,-0.45153162906584643f,0.09628471916285591f,0.25667120537616034f,-0.73595083687022f,-0.8256314341067785f,1.8712422492002692f,0f,0f,0f,1f], start_interpolation: 0, interpolation_duration: 1 }
$data merge entity $(bone_left_arm2) { transformation: [-0.4332918722536998f,-0.761164815566347f,0.4825829223902691f,2.1421614113509246f,0.4146879025547754f,-0.6437869581486494f,-0.6430958684305398f,1.1082082390453336f,0.8001825397455288f,-0.07852691297611286f,0.5945934972944434f,0.6862671471031748f,0f,0f,0f,1f], start_interpolation: 0, interpolation_duration: 1 }
$data merge entity $(bone_left_arm1) { transformation: [-0.4919668132880549f,-0.8642392176742897f,0.547932693130618f,1.3395046399841228f,0.4708435560257345f,-0.7309664420646123f,-0.7301817672805087f,-0.049300583522397634f,0.9085405920027356f,-0.08916076577496147f,0.6751113667197326f,1.2420406468824343f,0f,0f,0f,1f], start_interpolation: 0, interpolation_duration: 1 }
$data merge entity $(bone_body2) { transformation: [-1.2964470389496914f,-0.20316821679271482f,-0.8859414175487512f,0.7557387247614779f,0.2048978334088754f,1.4382249949742525f,-0.6296587854863182f,-0.357264752755752f,0.8855429958547306f,-0.6302189968265196f,-1.1513392475617465f,0.5704051976298823f,0f,0f,0f,1f], start_interpolation: 0, interpolation_duration: 1 }
$data merge entity $(bone_right_leg2) { transformation: [-0.9812909048570628f,-0.005511893157111786f,-0.19245201760083275f,-0.7334008226575588f,0.001905025541767344f,0.9992632139055255f,-0.0383327563956084f,-2.503468898155334f,0.19252150768808107f,-0.03798221121820616f,-0.9805574030664823f,0.8670094851528864f,0f,0f,0f,1f], start_interpolation: 0, interpolation_duration: 1 }
$data merge entity $(bone_right_leg1) { transformation: [-1.2513943259761355f,-0.24937042267668652f,-0.3867872942413717f,-0.5596453833372519f,4.625929269271485e-18f,1.1206195417290026f,-0.7224884915850618f,-1.1259677145135043f,0.46020649570873157f,-0.6780884992144525f,-1.0517527020732382f,0.25301678456763926f,0f,0f,0f,1f], start_interpolation: 0, interpolation_duration: 1 }
$data merge entity $(bone_left_leg2) { transformation: [-0.9385457444821017f,2.42861286636753e-17f,-0.3451548717815487f,0.8143932271454137f,3.469446951953614e-18f,0.9999999999999999f,8.326672684688674e-17f,-2.5303966002552274f,0.3451548717815487f,1.249000902703301e-16f,-0.9385457444821017f,-0.718726443758202f,0f,0f,0f,1f], start_interpolation: 0, interpolation_duration: 1 }
$data merge entity $(bone_left_leg1) { transformation: [-1.2513943259761355f,0.04049219923927051f,-0.4584216405158879f,0.6135367972653754f,4.625929269271485e-18f,1.3281621613790422f,0.11731602984557717f,-1.1259677145135043f,0.46020649570873157f,0.11010646057110174f,-1.2465409445444506f,-0.17842680515929663f,0f,0f,0f,1f], start_interpolation: 0, interpolation_duration: 1 }
$data merge entity $(bone_tail3) { transformation: [-0.37621999614192064f,-0.060502732718197845f,-0.9245528291215181f,-2.65961969021295f,0.13017324630820337f,0.9845165677839306f,-0.11739699188877432f,-1.1140925670227764f,0.9173404168838071f,-0.1645191389856494f,-0.362518982204882f,-2.3226989586534597f,0f,0f,0f,1f], start_interpolation: 0, interpolation_duration: 1 }
$data merge entity $(bone_tail2) { transformation: [-0.5800058273854609f,-0.09327504627388833f,-1.4253522782290071f,-0.9617663727431818f,0.20068375472514685f,1.5177963753335595f,-0.1809870291618604f,-1.0622984079022861f,1.4142331426958692f,-0.2536336726028761f,-0.558883430899193f,-1.497460976349021f,0f,0f,0f,1f], start_interpolation: 0, interpolation_duration: 1 }
$data merge entity $(bone_tail1) { transformation: [-0.8171836939264151f,-0.060502732718197845f,-0.5731930126182708f,-0.25060083509546716f,0.04579253102769833f,0.9845165677839306f,-0.1692045267155297f,-0.8882426646454981f,0.5745553537152501f,-0.1645191389856494f,-0.8017603123281697f,-0.7174100637147469f,0f,0f,0f,1f], start_interpolation: 0, interpolation_duration: 1 }
$data merge entity $(bone_body1) { transformation: [-1.2513943259761355f,-0.08067031029093046f,-0.45308091962703056f,0.5f,4.625929269271485e-18f,1.3126887570452408f,-0.2337220676461648f,-1.1875f,0.46020649570873157f,-0.21935885198086585f,-1.2320184467543103f,-0.12499999999999994f,0f,0f,0f,1f], start_interpolation: 0, interpolation_duration: 1 }
data modify entity @s data merge value {"locators":{"head":{"posx":1.3734662279771326,"posy":0.9913219878070576,"posz":2.3215756031695083,"roty":1.0445598366796105,"rotx":2.539065240992669},"neck":{"posx":1.2607176804621947,"posy":0.044953431305735925,"posz":2.110625729472544,"roty":322.42215970368056,"rotx":-23.433176065743012},"right_arm":{"posx":-0.04855403399846292,"posy":-0.7354156001404071,"posz":4.318427869997548,"roty":322.42215970368056,"rotx":-23.43317606574301},"left_arm":{"posx":2.689115507737993,"posy":2.0476251374995798,"posz":0.4174859026979704,"roty":140.9365861119481,"rotx":-40.02305990011817},"tail1":{"posx":-1.504991893707837,"posy":-1.8976679214522918,"posz":-1.7379709744861163,"roty":291.41024332534573,"rotx":-6.7418992701972},"tail2":{"posx":-3.1002708199011693,"posy":-2.4723063701766206,"posz":-2.310684516225041,"roty":291.41024332534573,"rotx":-6.7418992701972}},"cameras":{}}