# This file was generated by Animated Java via MC-Build. It is not recommended to edit this file directly.
$data merge entity $(bone_jaw) { transformation: [-0.9949741154771002f,0.10007476878667786f,0.00339855599555964f,0.5429114627141648f,0.09946812492719934f,0.9839002639581564f,0.148480176139904f,0.9710047585480291f,0.011515279155498409f,0.14807197991302343f,-0.9889095444531861f,3.08157350810717f,0f,0f,0f,1f], start_interpolation: 0, interpolation_duration: 1 }
$data merge entity $(bone_head) { transformation: [-1.1193458799117377f,0.11232115194970246f,-0.008588361270310249f,0.5410029379874292f,0.11190164054309926f,1.1185468536164045f,0.044226226479368747f,0.9808328088767777f,0.01295468904993571f,0.04314968238044469f,-1.1240975406707756f,2.831774054624775f,0f,0f,0f,1f], start_interpolation: 0, interpolation_duration: 1 }
$data merge entity $(bone_neck) { transformation: [-0.9812455307296332f,0.005435796194697869f,-0.1926853926556194f,0.8692932883626885f,0.03197745447159154f,0.9903422567573348f,-0.1349061039623722f,-0.1970057756331136f,0.19009116452017913f,-0.13853759995221082f,-0.9719427362611665f,2.094221199101712f,0f,0f,0f,1f], start_interpolation: 0, interpolation_duration: 1 }
$data merge entity $(bone_right_arm2) { transformation: [-0.9619926833309633f,0.19350043068386835f,-0.1926853926556194f,-0.6924230802524586f,0.22129392049454033f,0.9658309085268755f,-0.1349061039623722f,-1.4600263351457499f,0.15999711862983287f,-0.17241879091128032f,-0.9719427362611665f,2.7720482870902754f,0f,0f,0f,1f], start_interpolation: 0, interpolation_duration: 1 }
$data merge entity $(bone_right_arm1) { transformation: [-1.0922625258653644f,0.21970361400564217f,-0.21877820624440117f,-0.2703022588896936f,0.2512608055615093f,1.096620510723223f,-0.15317463887394342f,-0.3542755643329005f,0.18166339511095606f,-0.19576716884718284f,-1.1035599817965327f,1.8275388932678454f,0f,0f,0f,1f], start_interpolation: 0, interpolation_duration: 1 }
$data merge entity $(bone_left_arm2) { transformation: [-0.9350830439252704f,-0.17961451077432594f,-0.30554595150770786f,1.5716193014606425f,0.09410322108804779f,0.705322533051458f,-0.7026127725502355f,-0.8623470007052076f,0.34170789388643774f,-0.6857541482843356f,-0.6426328371368214f,2.8487650114978873f,0f,0f,0f,1f], start_interpolation: 0, interpolation_duration: 1 }
$data merge entity $(bone_left_arm1) { transformation: [-1.0617088727901507f,-0.20393730910834923f,-0.34692196577437656f,0.8335989631811436f,0.10684636561038759f,0.8008349594021762f,-0.797758252166413f,-0.390250200613441f,0.38798083785022613f,-0.7786166891978392f,-0.7296560338324325f,1.613686333182644f,0f,0f,0f,1f], start_interpolation: 0, interpolation_duration: 1 }
$data merge entity $(bone_body2) { transformation: [-1.553638756988586f,0.008606677308271625f,-0.3050852050380641f,0.5919682991580669f,0.05063096958001994f,1.568041906532447f,-0.21360133127375602f,-0.45282969112635707f,0.30097767715695034f,-0.21935119992433383f,-1.5389093324135137f,0.7057121157232984f,0f,0f,0f,1f], start_interpolation: 0, interpolation_duration: 1 }
$data merge entity $(bone_right_leg2) { transformation: [-0.9977163797218674f,0.018968131799338383f,-0.06482465280071498f,-0.9969160864366546f,0.01973057338404426f,0.9997432509391286f,-0.011141663951108577f,-2.5952751467913915f,0.06459667258169853f,-0.0123952481905574f,-0.997834469094783f,-0.01436450221676891f,0f,0f,0f,1f], start_interpolation: 0, interpolation_duration: 1 }
$data merge entity $(bone_right_leg1) { transformation: [-1.3252365235397408f,-0.02614753613992448f,-0.14436842039688194f,-0.6185472780614394f,0f,1.3119882166288235f,-0.2376230148889137f,-1.125094956623852f,0.14671719208763334f,-0.23618002362331206f,-1.3040210273477149f,-0.004630372175678382f,0f,0f,0f,1f], start_interpolation: 0, interpolation_duration: 1 }
$data merge entity $(bone_left_leg2) { transformation: [-0.9939273926548057f,5.204170427930421e-18f,-0.11003789406572502f,0.9578512451385883f,0f,1f,4.5102810375396984e-17f,-2.5534357888318784f,0.11003789406572502f,3.469446951953614e-17f,-0.9939273926548059f,-0.5333057575494011f,0f,0f,0f,1f], start_interpolation: 0, interpolation_duration: 1 }
$data merge entity $(bone_left_leg1) { transformation: [-1.3252365235397408f,0.004043790361547599f,-0.14666145442341472f,0.6238619627570675f,0f,1.3328268017907963f,0.03674907081675214f,-1.125094956623852f,0.14671719208763334f,0.03652590813938126f,-1.3247330679643698f,-0.14217773975783465f,0f,0f,0f,1f], start_interpolation: 0, interpolation_duration: 1 }
$data merge entity $(bone_tail3) { transformation: [-0.931597738007417f,-0.006063381196530667f,-0.36344035266867347f,-0.9744092027260634f,0.014265392932560055f,0.9984806940183685f,-0.05322407572778347f,-0.7641324413968066f,0.3632108934268683f,-0.05476804799390537f,-0.9300958594763195f,-3.6550831106256445f,0f,0f,0f,1f], start_interpolation: 0, interpolation_duration: 1 }
$data merge entity $(bone_tail2) { transformation: [-1.436213179428101f,-0.009347712677984777f,-0.5603038770308716f,-0.40827137474887815f,0.021992480771030082f,1.539324403278318f,-0.08205378341366618f,-0.8497692554190867f,0.5599501273664219f,-0.0844340739906041f,-1.4338977833593256f,-1.8554830034303298f,0f,0f,0f,1f], start_interpolation: 0, interpolation_duration: 1 }
$data merge entity $(bone_tail1) { transformation: [-0.9814552854279129f,-0.006063381196530667f,-0.19159529773478162f,-0.08201946022718354f,0.004551571570490347f,0.9984806940183685f,-0.05491435940476651f,-0.7919916949978335f,0.1916371725471151f,-0.05476804799390537f,-0.9799365566285833f,-0.8382550585808495f,0f,0f,0f,1f], start_interpolation: 0, interpolation_duration: 1 }
$data merge entity $(bone_body1) { transformation: [-1.3252365235397408f,-0.00808450826204089f,-0.14649428378008642f,0.5f,0f,1.3313075920244912f,-0.07347021978821276f,-1.1875f,0.14671719208763334f,-0.07302406399187382f,-1.3232230837624503f,-0.12499999999999994f,0f,0f,0f,1f], start_interpolation: 0, interpolation_duration: 1 }
data modify entity @s data merge value {"locators":{"head":{"posx":0.48098795392379173,"posy":0.3471328272900617,"posz":3.120051325710855,"roty":359.56225571040443,"rotx":2.2530037901679867},"neck":{"posx":0.40071777350681265,"posy":-0.535532131686022,"posz":2.3627112233765266,"roty":348.7866389531456,"rotx":-7.7531903726707485},"right_arm":{"posx":-0.8497053573167025,"posy":-2.3445733216605307,"posz":3.4404382660465034,"roty":348.7866389531456,"rotx":-7.7531903726707485},"left_arm":{"posx":1.9624494782341517,"posy":-1.222244598799551,"posz":3.8344788349827312,"roty":334.57080025274354,"rotx":-44.63700480184646},"tail1":{"posx":-0.537139364060266,"posy":-1.6370045021122843,"posz":-2.499249232503229,"roty":338.65663880169654,"rotx":-3.0509565249367063},"tail2":{"posx":-1.1708862132817457,"posy":-2.1045768948927934,"posz":-4.106378968589073,"roty":338.65663880169654,"rotx":-3.0509565249367063}},"cameras":{}}