# This file was generated by Animated Java via MC-Build. It is not recommended to edit this file directly.
$data merge entity $(bone_jaw) { transformation: [-0.9955724933499047f,0f,0.09399686422989863f,-0.17057073290153077f,0f,1f,0f,0.625f,-0.09399686422989863f,0f,-0.9955724933499047f,3.2110862550710353f,0f,0f,0f,1f], start_interpolation: 0, interpolation_duration: 1 }
$data merge entity $(bone_head) { transformation: [-1.1200190550186429f,0f,0.10574647225863595f,-0.14707151684405612f,0f,1.125f,0f,0.625f,-0.10574647225863595f,0f,-1.1200190550186429f,2.9621931317335592f,0f,0f,0f,1f], start_interpolation: 0, interpolation_duration: 1 }
$data merge entity $(bone_neck) { transformation: [-0.9978297044371833f,0f,0.06584740650020637f,0.40534435315595324f,0f,1f,0f,-0.4375f,-0.06584740650020637f,0f,-0.9978297044371833f,2.184380200128451f,0f,0f,0f,1f], start_interpolation: 0, interpolation_duration: 1 }
$data merge entity $(bone_right_arm2) { transformation: [-0.9978297044371833f,0.001557881250889644f,0.06582897499438638f,-0.981049926645504f,0f,0.9997200875964654f,-0.023658961433579945f,-1.8583670789847746f,-0.06584740650020637f,-0.023607614494559795f,-0.9975503995262961f,2.311726057670514f,0f,0f,0f,1f], start_interpolation: 0, interpolation_duration: 1 }
$data merge entity $(bone_right_arm1) { transformation: [-1.1329524769130517f,0.0017688443369476164f,0.07474331535820952f,-0.6219260045584508f,0f,1.1350988494584866f,-0.02686277912771056f,-0.5625f,-0.0747642427971093f,-0.026804478957364763f,-1.1326353494621486f,1.61550247850339f,0f,0f,0f,1f], start_interpolation: 0, interpolation_duration: 1 }
$data merge entity $(bone_left_arm2) { transformation: [-0.9978297044371833f,0.001557881250889644f,0.06582897499438638f,0.7651520561195668f,0f,0.9997200875964654f,-0.023658961433579945f,-1.8583670789847746f,-0.06584740650020637f,-0.023607614494559795f,-0.9975503995262961f,2.4269590190458747f,0f,0f,0f,1f], start_interpolation: 0, interpolation_duration: 1 }
$data merge entity $(bone_left_arm1) { transformation: [-1.1329524769130517f,0.0017688443369476164f,0.07474331535820952f,0.5006324129333803f,0f,1.1350988494584866f,-0.02686277912771056f,-0.5625f,-0.0747642427971093f,-0.026804478957364763f,-1.1326353494621486f,1.689580810816122f,0f,0f,0f,1f], start_interpolation: 0, interpolation_duration: 1 }
$data merge entity $(bone_body2) { transformation: [-1.5798970320255403f,0f,0.10425839362532677f,0.4999999999999999f,0f,1.5833333333333335f,0f,-0.5f,-0.10425839362532677f,0f,-1.5798970320255403f,0.75f,0f,0f,0f,1f], start_interpolation: 0, interpolation_duration: 1 }
$data merge entity $(bone_right_leg2) { transformation: [-1f,1.380457481010876e-17f,1.2168414662942206e-16f,-1f,0f,0.9936264620472066f,-0.11272290769648884f,-2.5885639478480122f,-1.2246467991473532e-16f,-0.11272290769648884f,-0.9936264620472066f,-0.27346908957604954f,0f,0f,0f,1f], start_interpolation: 0, interpolation_duration: 1 }
$data merge entity $(bone_right_leg1) { transformation: [-1.3333333333333333f,1.8406099746811678e-17f,1.622455288392294e-16f,-0.625f,0f,1.3248352827296088f,-0.15029721026198511f,-1.125f,-1.6328623988631375e-16f,-0.15029721026198511f,-1.3248352827296088f,-0.12500000000000008f,0f,0f,0f,1f], start_interpolation: 0, interpolation_duration: 1 }
$data merge entity $(bone_left_leg2) { transformation: [-1f,-1.380457481010876e-17f,1.2168414662942206e-16f,1f,0f,0.9936264620472066f,0.11272290769648884f,-2.5181121305377068f,-1.2246467991473532e-16f,0.11272290769648884f,-0.9936264620472066f,-0.5975474492034546f,0f,0f,0f,1f], start_interpolation: 0, interpolation_duration: 1 }
$data merge entity $(bone_left_leg1) { transformation: [-1.3333333333333333f,-1.8406099746811678e-17f,1.622455288392294e-16f,0.625f,0f,1.3248352827296088f,0.15029721026198511f,-1.125f,-1.6328623988631375e-16f,0.15029721026198511f,-1.3248352827296088f,-0.12499999999999993f,0f,0f,0f,1f], start_interpolation: 0, interpolation_duration: 1 }
$data merge entity $(bone_tail3) { transformation: [-0.9941322645148022f,0f,-0.10817134856638988f,-0.26333510518973646f,0f,1f,0f,-0.5625f,0.10817134856638988f,0f,-0.9941322645148022f,-3.8062686582710397f,0f,0f,0f,1f], start_interpolation: 0, interpolation_duration: 1 }
$data merge entity $(bone_tail2) { transformation: [-1.5326205744603199f,0f,-0.1667641623731844f,-0.18478035969210574f,0f,1.5416666666666665f,0f,-0.75f,0.1667641623731844f,0f,-1.5326205744603199f,-1.9287492437349865f,0f,0f,0f,1f], start_interpolation: 0, interpolation_duration: 1 }
$data merge entity $(bone_tail1) { transformation: [-0.998405344047999f,0f,-0.05645147452809975f,1.1102230246251565e-16f,0f,1f,0f,-0.75f,0.05645147452809975f,0f,-0.998405344047999f,-0.875f,0f,0f,0f,1f], start_interpolation: 0, interpolation_duration: 1 }
data modify entity @s data merge value {"locators":{"head":{"posx":-0.17644553691589943,"posy":0,"posz":3.2733095359054043,"roty":5.393586005830912,"rotx":0},"neck":{"posx":-0.10180142487516425,"posy":-0.8125,"posz":2.276185209932996,"roty":3.775510204081627,"rotx":0},"right_arm":{"posx":-1.0778866519209107,"posy":-2.84625768586445,"posz":2.829993409021959,"roty":3.775510204081627,"rotx":-1.3556851311953353},"left_arm":{"posx":0.793044043898808,"posy":-2.84625768586445,"posz":2.9534572962098453,"roty":3.775510204081627,"rotx":-1.3556851311953353},"tail1":{"posx":-0.1348816287671485,"posy":-1.5,"posz":-2.6257365941597115,"roty":353.79008746355686,"rotx":0},"tail2":{"posx":-0.32418148875833075,"posy":-1.875,"posz":-4.365468057060616,"roty":353.79008746355686,"rotx":0}},"cameras":{}}