# This file was generated by Animated Java via MC-Build. It is not recommended to edit this file directly.
$data merge entity $(bone_jaw) { transformation: [-0.9192876158097516f,0f,0.3935864319546885f,-0.7071372399385695f,0f,1f,0f,0.625f,-0.3935864319546885f,0f,-0.9192876158097516f,3.000513421988613f,0f,0f,0f,1f], start_interpolation: 0, interpolation_duration: 1 }
$data merge entity $(bone_head) { transformation: [-1.0341985677859706f,0f,0.44278473594902457f,-0.6087406319498974f,0f,1.125f,0f,0.625f,-0.44278473594902457f,0f,-1.0341985677859706f,2.770691518036175f,0f,0f,0f,1f], start_interpolation: 0, interpolation_duration: 1 }
$data merge entity $(bone_neck) { transformation: [-0.9601743494694293f,0f,0.2794015365400812f,0.09836029122363316f,0f,1f,0f,-0.4375f,-0.2794015365400812f,0f,-0.9601743494694293f,2.1302506273623045f,0f,0f,0f,1f], start_interpolation: 0, interpolation_duration: 1 }
$data merge entity $(bone_right_arm2) { transformation: [-0.9601743494694293f,-0.02321820717739146f,0.27843515129456275f,-1.2431289406214772f,0f,0.9965412314567575f,0.08309978343322647f,-1.9275914673973376f,-0.2794015365400812f,0.07979028049904868f,-0.9568533286334561f,1.819098260165478f,0f,0f,0f,1f], start_interpolation: 0, interpolation_duration: 1 }
$data merge entity $(bone_right_arm1) { transformation: [-1.0901979592934143f,-0.026362339399329884f,0.3161399113657014f,-0.7821241868175949f,0f,1.1314895232165267f,0.09435287910647587f,-0.5625f,-0.31723716127988383f,0.09059521431662818f,-1.086427216885903f,1.3532993200537535f,0f,0f,0f,1f], start_interpolation: 0, interpolation_duration: 1 }
$data merge entity $(bone_left_arm2) { transformation: [-0.9601743494694293f,-0.02321820717739146f,0.27843515129456275f,0.43717617095002415f,0f,0.9965412314567575f,0.08309978343322647f,-1.9275914673973376f,-0.2794015365400812f,0.07979028049904868f,-0.9568533286334561f,2.30805094911062f,0f,0f,0f,1f], start_interpolation: 0, interpolation_duration: 1 }
$data merge entity $(bone_left_arm1) { transformation: [-1.0901979592934143f,-0.026362339399329884f,0.3161399113657014f,0.2980719563355131f,0f,1.1314895232165267f,0.09435287910647587f,-0.5625f,-0.31723716127988383f,0.09059521431662818f,-1.086427216885903f,1.667626048661345f,0f,0f,0f,1f], start_interpolation: 0, interpolation_duration: 1 }
$data merge entity $(bone_body2) { transformation: [-1.5202760533265964f,0f,0.4423857661884619f,0.4999999999999999f,0f,1.5833333333333335f,0f,-0.5f,-0.4423857661884619f,0f,-1.5202760533265964f,0.75f,0f,0f,0f,1f], start_interpolation: 0, interpolation_duration: 1 }
$data merge entity $(bone_right_leg2) { transformation: [-1f,5.71412455736506e-17f,1.0831655404835557e-16f,-1f,0f,0.8844717850385089f,-0.4665936792015017f,-2.5422387157433257f,-1.2246467991473532e-16f,-0.4665936792015017f,-0.8844717850385089f,0.26933098102762454f,0f,0f,0f,1f], start_interpolation: 0, interpolation_duration: 1 }
$data merge entity $(bone_right_leg1) { transformation: [-1.3333333333333333f,7.618832743153414e-17f,1.444220720644741e-16f,-0.625f,0f,1.1792957133846784f,-0.6221249056020022f,-1.125f,-1.6328623988631375e-16f,-0.6221249056020022f,-1.1792957133846784f,-0.12500000000000008f,0f,0f,0f,1f], start_interpolation: 0, interpolation_duration: 1 }
$data merge entity $(bone_left_leg2) { transformation: [-1f,-5.71412455736506e-17f,1.0831655404835557e-16f,1f,0f,0.8844717850385089f,0.4665936792015017f,-2.250617666242387f,-1.2246467991473532e-16f,0.4665936792015017f,-0.8844717850385089f,-1.0721258466766925f,0f,0f,0f,1f], start_interpolation: 0, interpolation_duration: 1 }
$data merge entity $(bone_left_leg1) { transformation: [-1.3333333333333333f,-7.618832743153414e-17f,1.444220720644741e-16f,0.625f,0f,1.1792957133846784f,0.6221249056020022f,-1.125f,-1.6328623988631375e-16f,0.6221249056020022f,-1.1792957133846784f,-0.12499999999999993f,0f,0f,0f,1f], start_interpolation: 0, interpolation_duration: 1 }
$data merge entity $(bone_tail3) { transformation: [-0.7554768736063857f,0f,-0.6551753150462257f,-1.5107181519042077f,0f,1f,0f,-0.5625f,0.6551753150462257f,0f,-0.7554768736063857f,-3.3747297291193563f,0f,0f,0f,1f], start_interpolation: 0, interpolation_duration: 1 }
$data merge entity $(bone_tail2) { transformation: [-1.1646935134765113f,0f,-1.010061944029598f,-0.37669904539333265f,0f,1.5416666666666665f,0f,-0.75f,1.010061944029598f,0f,-1.1646935134765113f,-1.8763136767266049f,0f,0f,0f,1f], start_interpolation: 0, interpolation_duration: 1 }
$data merge entity $(bone_tail1) { transformation: [-0.9706883601441064f,0f,-0.24034164741206537f,1.1102230246251565e-16f,0f,1f,0f,-0.75f,0.24034164741206537f,0f,-0.9706883601441064f,-0.875f,0f,0f,0f,1f], start_interpolation: 0, interpolation_duration: 1 }
data modify entity @s data merge value {"locators":{"head":{"posx":-0.7317363919357375,"posy":0,"posz":3.0579688979767226,"roty":23.177842565597643,"rotx":0},"neck":{"posx":-0.4166520755785916,"posy":-0.8125,"posz":2.1105716527759424,"roty":16.224489795918345,"rotx":0},"right_arm":{"posx":-1.4191392059332064,"posy":-2.965682590570708,"posz":2.2002720479494022,"roty":16.224489795918345,"rotx":4.766763848396502},"left_arm":{"posx":0.38118769932197355,"posy":-2.965682590570708,"posz":2.7241499289620545,"roty":16.224489795918345,"rotx":4.766763848396502},"tail1":{"posx":-0.7326974652868146,"posy":-1.5,"posz":-2.4776009417117733,"roty":319.06705539358603,"rotx":0},"tail2":{"posx":-1.8792542666177097,"posy":-1.875,"posz":-3.7996854705229484,"roty":319.06705539358603,"rotx":0}},"cameras":{}}