# This file was generated by Animated Java via MC-Build. It is not recommended to edit this file directly.
$data merge entity $(bone_jaw) { transformation: [-0.7936436533797049f,0f,0.6083828987160266f,-1.0950815600570543f,0f,1f,0f,0.625f,-0.6083828987160266f,0f,-0.7936436533797049f,2.745712189953364f,0f,0f,0f,1f], start_interpolation: 0, interpolation_duration: 1 }
$data merge entity $(bone_head) { transformation: [-0.892849110052168f,0f,0.6844307610555299f,-0.9429858353780476f,0f,1.125f,0f,0.625f,-0.6844307610555299f,0f,-0.892849110052168f,2.5473012766084375f,0f,0f,0f,1f], start_interpolation: 0, interpolation_duration: 1 }
$data merge entity $(bone_neck) { transformation: [-0.8970203840109191f,0f,0.4419891748322613f,-0.1353594388213757f,0f,1f,0f,-0.4375f,-0.4419891748322613f,0f,-0.8970203840109191f,2.0394668020156965f,0f,0f,0f,1f], start_interpolation: 0, interpolation_duration: 1 }
$data merge entity $(bone_right_arm2) { transformation: [-0.8970203840109191f,0.03314202829689229f,0.44074486568679533f,-1.4942788867196017f,0f,0.9971847519886925f,-0.07498380092559954f,-1.819753623848809f,-0.4419891748322613f,-0.06726199790087961f,-0.89449504915873f,1.686468213157409f,0f,0f,0f,1f], start_interpolation: 0, interpolation_duration: 1 }
$data merge entity $(bone_right_arm1) { transformation: [-1.0184918943457308f,0.03763001129542978f,0.5004290662485488f,-0.8674490094168467f,0f,1.1322201871538278f,-0.08513785730094114f,-0.5625f,-0.5018418755907966f,-0.07637039344995705f,-1.0156245870656413f,1.1213431117509591f,0f,0f,0f,1f], start_interpolation: 0, interpolation_duration: 1 }
$data merge entity $(bone_left_arm2) { transformation: [-0.8970203840109191f,0.03314202829689229f,0.44074486568679533f,0.07550678529950663f,0f,0.9971847519886925f,-0.07498380092559954f,-1.819753623848809f,-0.4419891748322613f,-0.06726199790087961f,-0.89449504915873f,2.4599492691138662f,0f,0f,0f,1f], start_interpolation: 0, interpolation_duration: 1 }
$data merge entity $(bone_left_arm1) { transformation: [-1.0184918943457308f,0.03763001129542978f,0.5004290662485488f,0.14169892259543737f,0f,1.1322201871538278f,-0.08513785730094114f,-0.5625f,-0.5018418755907966f,-0.07637039344995705f,-1.0156245870656413f,1.618580933437253f,0f,0f,0f,1f], start_interpolation: 0, interpolation_duration: 1 }
$data merge entity $(bone_body2) { transformation: [-1.4202822746839554f,0f,0.6998161934844138f,0.4999999999999999f,0f,1.5833333333333335f,0f,-0.5f,-0.6998161934844138f,0f,-1.4202822746839554f,0.75f,0f,0f,0f,1f], start_interpolation: 0, interpolation_duration: 1 }
$data merge entity $(bone_right_leg2) { transformation: [-1f,8.654601998757053e-17f,8.66451628824692e-17f,-1f,0f,0.7075114469151018f,-0.7067018837417225f,-2.3628920436097474f,-1.2246467991473532e-16f,-0.7067018837417225f,-0.7075114469151018f,0.6697866307177566f,0f,0f,0f,1f], start_interpolation: 0, interpolation_duration: 1 }
$data merge entity $(bone_right_leg1) { transformation: [-1.3333333333333333f,1.153946933167607e-16f,1.1552688384329226e-16f,-0.625f,0f,0.9433485958868024f,-0.9422691783222966f,-1.125f,-1.6328623988631375e-16f,-0.9422691783222966f,-0.9433485958868024f,-0.12500000000000008f,0f,0f,0f,1f], start_interpolation: 0, interpolation_duration: 1 }
$data merge entity $(bone_left_leg2) { transformation: [-1f,-8.654601998757053e-17f,8.66451628824692e-17f,1f,0f,0.7075114469151018f,0.7067018837417225f,-1.9212033662711707f,-1.2246467991473532e-16f,0.7067018837417225f,-0.7075114469151018f,-1.3619812850396953f,0f,0f,0f,1f], start_interpolation: 0, interpolation_duration: 1 }
$data merge entity $(bone_left_leg1) { transformation: [-1.3333333333333333f,-1.153946933167607e-16f,1.1552688384329226e-16f,0.625f,0f,0.9433485958868024f,0.9422691783222966f,-1.125f,-1.6328623988631375e-16f,0.9422691783222966f,-0.9433485958868024f,-0.12499999999999993f,0f,0f,0f,1f], start_interpolation: 0, interpolation_duration: 1 }
$data merge entity $(bone_tail3) { transformation: [-0.7342836504439869f,0f,-0.6788427805395392f,-1.7028635523151014f,0f,1f,0f,-0.5625f,0.6788427805395392f,0f,-0.7342836504439869f,-3.270573161620539f,0f,0f,0f,1f], start_interpolation: 0, interpolation_duration: 1 }
$data merge entity $(bone_tail2) { transformation: [-1.132020627767813f,0f,-1.0465492866651227f,-0.5218187951089638f,0f,1.5416666666666665f,0f,-0.75f,1.0465492866651227f,0f,-1.132020627767813f,-1.8089359694706213f,0f,0f,0f,1f], start_interpolation: 0, interpolation_duration: 1 }
$data merge entity $(bone_tail1) { transformation: [-0.9239890277798493f,0f,-0.3824189803637484f,1.1102230246251565e-16f,0f,1f,0f,-0.75f,0.3824189803637484f,0f,-0.9239890277798493f,-0.875f,0f,0f,0f,1f], start_interpolation: 0, interpolation_duration: 1 }
data modify entity @s data merge value {"locators":{"head":{"posx":-1.133105491226806,"posy":0,"posz":2.7953149182895953,"roty":37.47266763848398,"rotx":0},"neck":{"posx":-0.6391182776808679,"posy":-0.8125,"posz":1.9305997626009308,"roty":26.230867346938794,"rotx":0},"right_arm":{"posx":-1.8038571218605741,"posy":-2.7794464753747015,"posz":2.1733534122106373,"roty":26.230867346938794,"rotx":-4.300291545189503},"left_arm":{"posx":-0.12194390184010087,"posy":-2.7794464753747015,"posz":3.002083115021127,"roty":26.230867346938794,"rotx":-4.300291545189503},"tail1":{"posx":-0.8967377504243986,"posy":-1.5,"posz":-2.3986113267183047,"roty":317.2467201166181,"rotx":0},"tail2":{"posx":-2.0847126163685923,"posy":-1.875,"posz":-3.6836077149952815,"roty":317.2467201166181,"rotx":0}},"cameras":{}}