# This file was generated by Animated Java via MC-Build. It is not recommended to edit this file directly.
$data merge entity $(bone_jaw) { transformation: [-0.47116666608831365f,0.39960655242324944f,-0.7863310855025558f,2.589685390530587f,-0.16689259714341065f,0.834994680026765f,0.5243383882052957f,0.14173059766778767f,0.8661113287481872f,0.37828360734692806f,-0.32673028422024863f,2.6805411705791986f,0f,0f,0f,1f], start_interpolation: 0, interpolation_duration: 1 }
$data merge entity $(bone_head) { transformation: [-0.5300624993493529f,0.0821101485024057f,-0.9888966934399311f,2.369930569766158f,-0.18775417178633697f,1.0925910096854063f,0.19135897295776558f,0.18425481388062448f,0.9743752448417106f,0.2552015067893155f,-0.5010888874961398f,2.569188084468945f,0f,0f,0f,1f], start_interpolation: 0, interpolation_duration: 1 }
$data merge entity $(bone_neck) { transformation: [-0.656347259608969f,0.07298679866880506f,-0.7509202367920813f,2.010433033591471f,-0.1244815645175014f,0.97119200860925f,0.2032004490861311f,-0.6202955481254714f,0.7441186833422955f,0.2268457838127249f,-0.6283537025173949f,1.4455677142013938f,0f,0f,0f,1f], start_interpolation: 0, interpolation_duration: 1 }
$data merge entity $(bone_right_arm2) { transformation: [-0.5227528658117765f,0.018117552663632554f,-0.8522917314928351f,1.425408560801213f,-0.17183329532040276f,0.9770139634613533f,0.1261627275421259f,-2.284679413080869f,0.8349866824715864f,0.2124040241780224f,-0.5076236505602119f,2.3835230523239574f,0f,0f,0f,1f], start_interpolation: 0, interpolation_duration: 1 }
$data merge entity $(bone_right_arm1) { transformation: [-0.5935423163904545f,0.020570971253499458f,-0.9677062367991563f,1.0265975538370868f,-0.1951023873950406f,1.1093179376800781f,0.14324726356345543f,-0.8619138060650056f,0.9480577957229469f,0.24116706911879623f,-0.5763643532402405f,2.0523787360250956f,0f,0f,0f,1f], start_interpolation: 0, interpolation_duration: 1 }
$data merge entity $(bone_left_arm2) { transformation: [-0.5227528658117765f,0.018117552663632554f,-0.8522917314928351f,2.340226075971822f,-0.17183329532040276f,0.9770139634613533f,0.1261627275421259f,-1.9839711462701644f,0.8349866824715864f,0.2124040241780224f,-0.5076236505602119f,0.9222963579986816f,0f,0f,0f,1f], start_interpolation: 0, interpolation_duration: 1 }
$data merge entity $(bone_left_arm1) { transformation: [-0.5935423163904545f,0.020570971253499458f,-0.9677062367991563f,1.6146945278753355f,-0.1951023873950406f,1.1093179376800781f,0.14324726356345543f,-0.6686013488295525f,0.9480577957229469f,0.24116706911879623f,-0.5763643532402405f,1.113018718244561f,0f,0f,0f,1f], start_interpolation: 0, interpolation_duration: 1 }
$data merge entity $(bone_body2) { transformation: [-0.8276920375353128f,0.028686125050751545f,-1.349461908196989f,0.7841313225290435f,-0.27206938425730437f,1.5469387754804762f,0.19975765194169937f,-0.5f,1.3220622472466785f,0.33630637161520216f,-0.8037374467203355f,0.7025834650099629f,0f,0f,0f,1f], start_interpolation: 0, interpolation_duration: 1 }
$data merge entity $(bone_right_leg2) { transformation: [-0.9458096742971005f,0.0068659697282421606f,-0.32464891570079724f,-0.772404901216405f,0f,0.9997764368592645f,0.02114417889142728f,-2.525374814976689f,0.324721511461764f,0.019998368950580436f,-0.9455982261157767f,0.7882352626456528f,0f,0f,0f,1f], start_interpolation: 0, interpolation_duration: 1 }
$data merge entity $(bone_right_leg1) { transformation: [-1.2610795657294673f,-0.2171371424475088f,-0.3745765182804253f,-0.5640358835842381f,0f,1.1535315803201163f,-0.6686872744280039f,-1.125f,0.43296201528235195f,-0.6324508932333663f,-1.091021328273989f,0.24031170039448452f,0f,0f,0f,1f], start_interpolation: 0, interpolation_duration: 1 }
$data merge entity $(bone_left_leg2) { transformation: [-0.9458096742971005f,0.11718450976584371f,-0.3028396451539187f,0.6795199568570012f,0f,0.9326134378675991f,0.36087695341872106f,-2.285928871348644f,0.324721511461764f,0.3413209137742905f,-0.8820748119146531f,-1.1418968683004302f,0f,0f,0f,1f], start_interpolation: 0, interpolation_duration: 1 }
$data merge entity $(bone_left_leg1) { transformation: [-1.2610795657294673f,0.18726197285914692f,-0.39037041409186696f,0.6182262092871376f,0f,1.2021698603661284f,0.576684839929975f,-1.125f,0.43296201528235195f,0.5454341006262452f,-1.1370238840826787f,-0.16559018893272043f,0f,0f,0f,1f], start_interpolation: 0, interpolation_duration: 1 }
$data merge entity $(bone_tail3) { transformation: [-0.40627248099806684f,0.014988608326908168f,0.9136290345671475f,2.076484786011951f,-0.18160575697997117f,0.9785944059002045f,-0.09681083499566245f,-1.1141291504612778f,-0.8955233219829659f,-0.20525187054262928f,-0.394853959614621f,-2.5349144001643085f,0f,0f,0f,1f], start_interpolation: 0, interpolation_duration: 1 }
$data merge entity $(bone_tail2) { transformation: [-0.6263367415386863f,0.023107437837316756f,1.408511428291019f,0.20766650013129173f,-0.27997554201078884f,1.5086663757628151f,-0.1492500372849796f,-1.127969831415946f,-1.3805984547237389f,-0.31642996708655347f,-0.6087331877392073f,-1.823863137455493f,0f,0f,0f,1f], start_interpolation: 0, interpolation_duration: 1 }
$data merge entity $(bone_tail1) { transformation: [-0.8597989473640033f,0.15688273686594958f,0.48593577454762577f,-0.23460246963184073f,0f,0.9516346286138548f,-0.30723205175074203f,-0.75f,-0.5106327154734132f,-0.26415779469177103f,-0.8182144519573267f,-0.7248805612336962f,0f,0f,0f,1f], start_interpolation: 0, interpolation_duration: 1 }
$data merge entity $(bone_body1) { transformation: [-1.2610795657294673f,0f,-0.43296201528235195f,0.5f,0f,1.3333333333333333f,0f,-1.1875f,0.43296201528235195f,0f,-1.2610795657294673f,-0.12499999999999994f,0f,0f,0f,1f], start_interpolation: 0, interpolation_duration: 1 }
data modify entity @s data merge value {"locators":{"head":{"posx":2.599007346553691,"posy":-0.4758954617662029,"posz":2.566600827223809,"roty":296.8720212366604,"rotx":9.793451029590635},"neck":{"posx":1.7487543838851947,"posy":-1.0721333897484573,"posz":1.8111040997574441,"roty":309.92185913219885,"rotx":11.724175294639258},"right_arm":{"posx":1.800764819770762,"posy":-3.3355143212708107,"posz":2.477117521080515,"roty":300.7779632076166,"rotx":7.247906779056101},"left_arm":{"posx":2.780926443167843,"posy":-3.0133268925450554,"posz":0.9115174914462909,"roty":300.7779632076166,"rotx":7.247906779056101},"tail1":{"posx":0.8753290652757828,"posy":-1.905772365278121,"posz":-1.8294459165357022,"roty":66.62687166298724,"rotx":-5.555553500010243},"tail2":{"posx":2.570728569526904,"posy":-2.4529904028903564,"posz":-2.487626672360332,"roty":66.62687166298724,"rotx":-5.555553500010243}},"cameras":{}}