# This file was generated by Animated Java via MC-Build. It is not recommended to edit this file directly.
$data merge entity $(bone_jaw) { transformation: [-0.9943297601107066f,0.09936617068671033f,-0.037877332023843385f,0.701714689288837f,0.054433393309525145f,0.7815804963239789f,0.6214249218198232f,0.03325265324577738f,0.09135279881314787f,0.6158395017283499f,-0.7825575852676798f,3.4896751627601983f,0f,0f,0f,1f], start_interpolation: 0, interpolation_duration: 1 }
$data merge entity $(bone_head) { transformation: [-1.118620980124545f,0.09678026740308177f,-0.07032554775180055f,0.6860867897884368f,0.061237567473215786f,1.0313321778558917f,0.4452290413360146f,0.13219244020933618f,0.10277189866479135f,0.4388764276654775f,-1.0307523553620541f,3.260619083790853f,0f,0f,0f,1f], start_interpolation: 0, interpolation_duration: 1 }
$data merge entity $(bone_neck) { transformation: [-0.9960856213545565f,0.08602690435829491f,0.020317643988320755f,1.1092341003255373f,0.08712653053589109f,0.9167397136496815f,0.3898682663339994f,-0.5686388044150215f,0.014913168928359921f,0.39011238014709115f,-0.9206464730006222f,2.090642836107383f,0f,0f,0f,1f], start_interpolation: 0, interpolation_duration: 1 }
$data merge entity $(bone_right_arm2) { transformation: [-0.9352398373344403f,-0.05312086537852928f,-0.35000660040074394f,-0.03473319445254275f,-0.0903378984068073f,0.9917570070494116f,0.09086860337781538f,-2.1355419754912512f,0.34229447961381326f,0.11660279855059025f,-0.9323294892880302f,2.5684930019014085f,0f,0f,0f,1f], start_interpolation: 0, interpolation_duration: 1 }
$data merge entity $(bone_right_arm1) { transformation: [-1.0618868986401455f,-0.060314315898538445f,-0.3974033275383446f,-0.05282141887036129f,-0.1025711554827291f,1.1260574350873527f,0.10317372675189454f,-0.7431581456645229f,0.3886468570615171f,0.132392760854316f,-1.0585824409624507f,1.9735906262342209f,0f,0f,0f,1f], start_interpolation: 0, interpolation_duration: 1 }
$data merge entity $(bone_left_arm2) { transformation: [-0.9352398373344403f,-0.05312086537852928f,-0.35000660040074394f,1.6019365208827279f,-0.0903378984068073f,0.9917570070494116f,0.09086860337781538f,-1.9774506532793383f,0.34229447961381326f,0.11660279855059025f,-0.9323294892880302f,1.9694776625772354f,0f,0f,0f,1f], start_interpolation: 0, interpolation_duration: 1 }
$data merge entity $(bone_left_arm1) { transformation: [-1.0618868986401455f,-0.060314315898538445f,-0.3974033275383446f,0.999323398130884f,-0.1025711554827291f,1.1260574350873527f,0.10317372675189454f,-0.6415280099568647f,0.3886468570615171f,0.132392760854316f,-1.0585824409624507f,1.588509336668681f,0f,0f,0f,1f], start_interpolation: 0, interpolation_duration: 1 }
$data merge entity $(bone_body2) { transformation: [-1.4807964091128638f,-0.08410803684933804f,-0.5541771173011779f,0.6094196663356259f,-0.14303500581077824f,1.5702819278282352f,0.14387528868154104f,-0.5f,0.5419662593885377f,0.18462109770510124f,-1.4761883580393813f,0.7431315203464279f,0f,0f,0f,1f], start_interpolation: 0, interpolation_duration: 1 }
$data merge entity $(bone_right_leg2) { transformation: [-0.9921503089673461f,0.042646897962381525f,-0.11755427048893569f,-1.0482527247465978f,0f,0.9400502681329097f,0.3410359121606469f,-2.515554321829943f,0.12505104724071542f,0.3383588856191465f,-0.932671163972903f,-0.41367746423093477f,0f,0f,0f,1f], start_interpolation: 0, interpolation_duration: 1 }
$data merge entity $(bone_right_leg1) { transformation: [-1.322867078623128f,0.01968426046107818f,-0.16556871674017612f,-0.6161690975882643f,0f,1.32400903785689f,0.1574098010006043f,-1.125f,0.1667347296542872f,0.15617418269723804f,-1.3136159759852721f,0.015682428145804894f,0f,0f,0f,1f], start_interpolation: 0, interpolation_duration: 1 }
$data merge entity $(bone_left_leg2) { transformation: [-0.9921503089673461f,-0.022874577965361197f,-0.12294111638872593f,0.984508944860097f,0f,0.9831274435636831f,-0.18292192244763109f,-2.5931647548716343f,0.12505104724071542f,-0.18148604187331813f,-0.9754101968859853f,-0.2792913960766096f,0f,0f,0f,1f], start_interpolation: 0, interpolation_duration: 1 }
$data merge entity $(bone_left_leg1) { transformation: [-1.322867078623128f,-0.025105362377887953f,-0.16483382799887641f,0.6240187886209183f,0f,1.3181323278451371f,-0.2007609126980097f,-1.125f,0.1667347296542872f,-0.19918500156189672f,-1.3077853963314f,-0.14063138090508936f,0f,0f,0f,1f], start_interpolation: 0, interpolation_duration: 1 }
$data merge entity $(bone_tail3) { transformation: [-0.959370992933654f,-0.001938297892534505f,-0.28214099475045185f,-0.837597801389603f,0.016946372280062412f,0.9977752391325586f,-0.06447784612183317f,-0.8372401343343969f,0.2816382757794832f,-0.0666394415886347f,-0.9572037747735406f,-3.8036354083741113f,0f,0f,0f,1f], start_interpolation: 0, interpolation_duration: 1 }
$data merge entity $(bone_tail2) { transformation: [-1.4790302807727165f,-0.0029882092509906947f,-0.43496736690694654f,-0.41488075274109104f,0.026125657265096216f,1.5382368269960278f,-0.0994033461044928f,-0.8982782748905804f,0.4341923418267032f,-0.1027358057824785f,-1.4756891527758749f,-1.916190073489062f,0f,0f,0f,1f], start_interpolation: 0, interpolation_duration: 1 }
$data merge entity $(bone_tail1) { transformation: [-0.9877327943644043f,-0.020436166812632092f,-0.154810497134696f,-0.09280213952436644f,0f,0.9913992387361745f,-0.13087226380457237f,-0.75f,0.1561535364219634f,-0.12926682683248572f,-0.9792375404076249f,-0.8299027403658845f,0f,0f,0f,1f], start_interpolation: 0, interpolation_duration: 1 }
$data merge entity $(bone_body1) { transformation: [-1.322867078623128f,0f,-0.1667347296542872f,0.5f,0f,1.3333333333333333f,0f,-1.1875f,0.1667347296542872f,0f,-1.322867078623128f,-0.12499999999999994f,0f,0f,0f,1f], start_interpolation: 0, interpolation_duration: 1 }
data modify entity @s data merge value {"locators":{"head":{"posx":0.6518548489400027,"posy":-0.5644446145261632,"posz":3.3031189449106027,"roty":356.09690700881504,"rotx":23.31332858082423},"neck":{"posx":0.5763914950153584,"posy":-0.9175864650574564,"posz":2.0668880871414816,"roty":1.2642489282392262,"rotx":22.94630279770064},"right_arm":{"posx":0.134938481292956,"posy":-3.1783794028799957,"posz":2.9394483529706967,"roty":339.4233200902397,"rotx":5.213579164478385},"left_arm":{"posx":1.8885131762950316,"posy":-3.008995843367232,"posz":2.297646203694797,"roty":339.4233200902397,"rotx":5.213579164478385},"tail1":{"posx":-0.48747758909591904,"posy":-1.6930565199837675,"posz":-2.559492871926831,"roty":343.5768334737208,"rotx":-3.696873037464566},"tail2":{"posx":-0.9937580949527807,"posy":-2.183088924139411,"posz":-4.254598264599145,"roty":343.5768334737208,"rotx":-3.696873037464566}},"cameras":{}}