# This file was generated by Animated Java via MC-Build. It is not recommended to edit this file directly.
$data merge entity $(bone_jaw) { transformation: [-0.8277004677323777f,-0.06713717397814092f,0.5571396015235607f,-0.670739711981102f,0.20064439103524928f,0.8917819712718568f,0.4055449963451345f,0.3479515960742705f,-0.5240741970958857f,0.4474567192307095f,-0.7246576573483459f,3.1645191897075575f,0f,0f,0f,1f], start_interpolation: 0, interpolation_duration: 1 }
$data merge entity $(bone_head) { transformation: [-0.9311630261989249f,-0.0034014175394177174f,0.631307254036244f,-0.5304492110841589f,0.22572493991465545f,1.0488232412093073f,0.3385898111280495f,0.42319377632494815f,-0.5895834717328714f,0.4069192045823416f,-0.867429011966679f,2.9717571870482957f,0f,0f,0f,1f], start_interpolation: 0, interpolation_duration: 1 }
$data merge entity $(bone_neck) { transformation: [-0.8605536961444366f,-0.0030234822572601933f,0.5093507579332623f,0.316887577707174f,0.18181117736828242f,0.9322873255193843f,0.3127059936423868f,-0.4041934758890996f,-0.47580671688838927f,0.3617059596287481f,-0.801733600975373f,2.173939412594455f,0f,0f,0f,1f], start_interpolation: 0, interpolation_duration: 1 }
$data merge entity $(bone_right_arm2) { transformation: [-0.9915387541460706f,0.0200447832646981f,0.128254066954344f,-1.0993402227406162f,0.017208086092698933f,0.999583014926874f,-0.02318788568902314f,-1.8130852129023278f,-0.1286653830658594f,-0.02078468026148638f,-0.9914702296422941f,2.212803156812715f,0f,0f,0f,1f], start_interpolation: 0, interpolation_duration: 1 }
$data merge entity $(bone_right_arm1) { transformation: [-1.1258096271033509f,0.022759180998459298f,0.14562180518774473f,-0.6750009130039413f,0.019538347751085244f,1.134943214864888f,-0.02632791187607835f,-0.5224517041259779f,-0.14608882035602783f,-0.023599272380229325f,-1.125731823239688f,1.544095413298518f,0f,0f,0f,1f], start_interpolation: 0, interpolation_duration: 1 }
$data merge entity $(bone_left_arm2) { transformation: [-0.9915387541460706f,0.0200447832646981f,0.128254066954344f,0.6358525970150075f,0.017208086092698933f,0.999583014926874f,-0.02318788568902314f,-1.8431993635645512f,-0.1286653830658594f,-0.02078468026148638f,-0.9914702296422941f,2.437967577177969f,0f,0f,0f,1f], start_interpolation: 0, interpolation_duration: 1 }
$data merge entity $(bone_left_arm1) { transformation: [-1.1258096271033509f,0.022759180998459298f,0.14562180518774473f,0.4404801854103882f,0.019538347751085244f,1.134943214864888f,-0.02632791187607835f,-0.5418108009802641f,-0.14608882035602783f,-0.023599272380229325f,-1.125731823239688f,1.6888439692476098f,0f,0f,0f,1f], start_interpolation: 0, interpolation_duration: 1 }
$data merge entity $(bone_body2) { transformation: [-1.5699363607312786f,0.031737573502438665f,0.203068939344378f,0.4999999999999999f,0.02724613631343998f,1.5826731069675506f,-0.03671415234095331f,-0.5f,-0.2037201898542774f,-0.03290907708068677f,-1.5698278636002991f,0.75f,0f,0f,0f,1f], start_interpolation: 0, interpolation_duration: 1 }
$data merge entity $(bone_right_leg2) { transformation: [-1f,-5.4052391148790304e-17f,1.0989056755571313e-16f,-0.9999999999999998f,0f,0.8973245807054183f,0.4413712687317166f,-2.23662955540414f,-1.2246467991473532e-16f,0.4413712687317166f,-0.8973245807054183f,-1.088505179826239f,0f,0f,0f,1f], start_interpolation: 0, interpolation_duration: 1 }
$data merge entity $(bone_right_leg1) { transformation: [-1.3333333333333333f,-7.829473273728573e-17f,1.432910707678877e-16f,-0.625f,0f,1.170060386943015f,0.6393250102135373f,-1.125f,-1.6328623988631375e-16f,0.6393250102135373f,-1.170060386943015f,-0.12500000000000008f,0f,0f,0f,1f], start_interpolation: 0, interpolation_duration: 1 }
$data merge entity $(bone_left_leg2) { transformation: [-1f,5.739782657023201e-17f,1.0818080851811074e-16f,1f,0f,0.8833633386657315f,-0.46868882203582796f,-2.538833220090778f,-1.2246467991473532e-16f,-0.46868882203582796f,-0.8833633386657315f,0.2813719057313655f,0f,0f,0f,1f], start_interpolation: 0, interpolation_duration: 1 }
$data merge entity $(bone_left_leg1) { transformation: [-1.3333333333333333f,7.741404137958255e-17f,1.4376878080268706e-16f,0.625f,0f,1.1739611854028809f,-0.6321336195340667f,-1.125f,-1.6328623988631375e-16f,-0.6321336195340667f,-1.1739611854028809f,-0.12499999999999993f,0f,0f,0f,1f], start_interpolation: 0, interpolation_duration: 1 }
$data merge entity $(bone_tail3) { transformation: [-0.37330985899147584f,0.0025409598785078643f,-0.9277032352550358f,-2.3979313757334815f,-0.013550792032187418f,0.9998746297826892f,0.008191504881930578f,-0.5193955309525082f,0.9276077431840815f,0.015629083140929922f,-0.37322862503445414f,-2.4915284275289418f,0f,0f,0f,1f], start_interpolation: 0, interpolation_duration: 1 }
$data merge entity $(bone_tail2) { transformation: [-0.5755193659451918f,0.003917313146032957f,-1.4302091543515134f,-0.7056279719814439f,-0.0208908043829556f,1.5414733875816455f,0.012628570026309639f,-0.7239249446944057f,1.4300619374087922f,0.02409483650893363f,-0.57539413026145f,-1.6787042407802544f,0f,0f,0f,1f], start_interpolation: 0, interpolation_duration: 1 }
$data merge entity $(bone_tail1) { transformation: [-0.8234304832084418f,0.013925114318120619f,-0.5672462697227187f,1.1102230246251565e-16f,0f,0.9996988186962042f,0.024541228522912288f,-0.75f,0.567417165164319f,0.02020799566115046f,-0.823182481341924f,-0.875f,0f,0f,0f,1f], start_interpolation: 0, interpolation_duration: 1 }
data modify entity @s data merge value {"locators":{"head":{"posx":-0.7039226607945501,"posy":-0.2535385274380141,"posz":2.9866434656044056,"roty":36.04680038614487,"rotx":17.515796035865417},"neck":{"posx":-0.1759243092602295,"posy":-0.7019838834800258,"posz":1.9006130194114013,"roty":32.4282737794675,"rotx":18.22238213722363},"right_arm":{"posx":-1.2454832116166157,"posy":-2.7999987796038965,"posz":2.721281365453732,"roty":7.370705954179016,"rotx":-1.3286870716008674},"left_arm":{"posx":0.6136519524072668,"posy":-2.8322639410277075,"posz":2.9625289587022188,"roty":7.370705954179016,"rotx":-1.3286870716008674},"tail1":{"posx":-1.2986659337542275,"posy":-1.4665054084210718,"posz":-2.062971700745149,"roty":291.91564666718347,"rotx":0.46934390658342456},"tail2":{"posx":-2.923099455404981,"posy":-1.8271232610462018,"posz":-2.721982700733293,"roty":291.91564666718347,"rotx":0.46934390658342456}},"cameras":{}}