# This file was generated by Animated Java via MC-Build. It is not recommended to edit this file directly.
$data merge entity $(bone_jaw) { transformation: [-0.9880412753646886f,0.0804112305698465f,-0.13156166681052317f,1.1568460142416894f,0.033838099392243914f,0.9455259748803769f,0.3237832822367973f,0.15781712944024043f,0.15043078543051203f,0.31545945036526635f,-0.936939653323523f,3.3154598440877643f,0f,0f,0f,1f], start_interpolation: 0, interpolation_duration: 1 }
$data merge entity $(bone_head) { transformation: [-1.1115464347852746f,0.06764793137342727f,-0.15972877228928373f,1.1213507315107374f,0.038067861816274404f,1.1058022677932486f,0.20341382067117697f,0.20302020070050197f,0.16923463360932603f,0.19557633273022784f,-1.0948673603970998f,3.072155986221742f,0f,0f,0f,1f], start_interpolation: 0, interpolation_duration: 1 }
$data merge entity $(bone_neck) { transformation: [-0.9748398145807171f,0.060131494554157575f,-0.2146428178880366f,1.3704836363032737f,0.02037723371286458f,0.9829353491495543f,0.18281922146879198f,-0.7029966071839382f,0.22197320616336744f,0.17384562909353585f,-0.9594298270278176f,1.9969216677680748f,0f,0f,0f,1f], start_interpolation: 0, interpolation_duration: 1 }
$data merge entity $(bone_right_arm2) { transformation: [-0.945063075179805f,0.060131494554157575f,-0.3213097995616906f,0.04482847192725725f,0f,0.9829353491495543f,0.1839513506127202f,-2.1504570498263074f,0.32688802965494235f,0.17384562909353585f,-0.9289359037702131f,2.3706650986785776f,0f,0f,0f,1f], start_interpolation: 0, interpolation_duration: 1 }
$data merge entity $(bone_right_arm1) { transformation: [-1.0730403666104036f,0.06827430110836641f,-0.3648205015856695f,0.19818278232461584f,0f,1.116041177680223f,0.20886142934152602f,-0.7338878505212723f,0.3711541170040491f,0.19738722469995212f,-1.0547293074057627f,1.8580415437546525f,0f,0f,0f,1f], start_interpolation: 0, interpolation_duration: 1 }
$data merge entity $(bone_left_arm2) { transformation: [-0.945063075179805f,0.060131494554157575f,-0.3213097995616906f,1.698688853491916f,0f,0.9829353491495543f,0.1839513506127202f,-2.1504570498263074f,0.32688802965494235f,0.17384562909353585f,-0.9289359037702131f,1.7986110467824286f,0f,0f,0f,1f], start_interpolation: 0, interpolation_duration: 1 }
$data merge entity $(bone_left_arm1) { transformation: [-1.0730403666104036f,0.06827430110836641f,-0.3648205015856695f,1.2613787419018965f,0f,1.116041177680223f,0.20886142934152602f,-0.7338878505212723f,0.3711541170040491f,0.19738722469995212f,-1.0547293074057627f,1.4902925103928424f,0f,0f,0f,1f], start_interpolation: 0, interpolation_duration: 1 }
$data merge entity $(bone_body2) { transformation: [-1.4963498690346915f,0.09520819971074951f,-0.5087405159726768f,0.9048425810237086f,0f,1.5563143028201278f,0.291256305136807f,-0.5f,0.5175727136203254f,0.27525557939809847f,-1.4708151809695043f,0.6507109542800475f,0f,0f,0f,1f], start_interpolation: 0, interpolation_duration: 1 }
$data merge entity $(bone_right_leg2) { transformation: [-0.9829353491495543f,-0.006804827306098729f,-0.18382544360772812f,-0.7849524736582427f,0f,0.9993155418290078f,-0.03699253788261214f,-2.5286424097028375f,0.18395135061272f,-0.036361273139573436f,-0.982262571018272f,0.8972648950448165f,0f,0f,0f,1f], start_interpolation: 0, interpolation_duration: 1 }
$data merge entity $(bone_right_leg1) { transformation: [-1.3105804655327389f,-0.12144601315246573f,-0.21309032599143954f,-0.49734265550291834f,0f,1.1584058789547402f,-0.6602072382069688f,-1.125f,0.24526846748362666f,-0.6489410321980299f,-1.138638087087274f,0.39551188988762537f,0f,0f,0f,1f], start_interpolation: 0, interpolation_duration: 1 }
$data merge entity $(bone_left_leg2) { transformation: [-0.8151277957285543f,0.3852379799984158f,-0.43261804793310277f,0.3238317546021138f,0f,0.7468187619209966f,0.6650276211126795f,-2.1820470600759054f,0.5792811723426787f,0.5420824988961828f,-0.6087527312133901f,-1.2340145350530622f,0f,0f,0f,1f], start_interpolation: 0, interpolation_duration: 1 }
$data merge entity $(bone_left_leg1) { transformation: [-1.0868370609714058f,0.40700742798411227f,-0.6564357807452091f,0.6108158506114354f,0f,1.1331902573158186f,0.7026077273289031f,-1.125f,0.7723748964569049f,0.572715088039458f,-0.9236948765869167f,-0.18283465443195832f,0f,0f,0f,1f], start_interpolation: 0, interpolation_duration: 1 }
$data merge entity $(bone_tail3) { transformation: [-0.14987048709011314f,0.2536083019275702f,-0.9556263214734024f,-2.8652022548897564f,-0.17225554170516177f,0.9450630751798048f,0.277819747828609f,0.31445822215477065f,0.9735845445831779f,0.20624891060343806f,-0.09795162797861778f,-1.3584012558353238f,0f,0f,0f,1f], start_interpolation: 0, interpolation_duration: 1 }
$data merge entity $(bone_tail2) { transformation: [-0.2310503342639244f,0.39097946547167073f,-1.4732572456048285f,-1.1428029035614642f,-0.2655606267954577f,1.456972240902199f,0.4283054445691055f,-0.4042795877477144f,1.5009428395657325f,0.31796707051363365f,-0.15100875980036907f,-1.0920348057911116f,0f,0f,0f,1f], start_interpolation: 0, interpolation_duration: 1 }
$data merge entity $(bone_tail1) { transformation: [-0.6309466603018498f,0.2536083019275702f,-0.7332047061001155f,-0.28951733650563805f,0f,0.9450630751798048f,0.32688802965494257f,-0.75f,0.7758262124045194f,0.20624891060343806f,-0.5962843910592939f,-0.5571117755920667f,0f,0f,0f,1f], start_interpolation: 0, interpolation_duration: 1 }
$data merge entity $(bone_body1) { transformation: [-1.1820357398553105f,0f,-0.6169029806075559f,0.5f,0f,1.3333333333333333f,0f,-1.1875f,0.6169029806075559f,0f,-1.1820357398553105f,-0.12499999999999994f,0f,0f,0f,1f], start_interpolation: 0, interpolation_duration: 1 }
data modify entity @s data merge value {"locators":{"head":{"posx":1.128137650828079,"posy":-0.4678182315932964,"posz":3.26763229037081,"roty":351.69974902343137,"rotx":10.41707667712503},"neck":{"posx":0.8873447707911106,"posy":-1.0842611489421878,"posz":2.1626448883181597,"roty":347.3894871536419,"rotx":10.534014737861355},"right_arm":{"posx":0.08628543495520716,"posy":-3.2253680742822217,"posz":2.681717923323582,"roty":340.92,"rotx":10.600000000000001},"left_arm":{"posx":1.8582787009173416,"posy":-3.2253680742822217,"posz":2.0688028677205654,"roty":340.92,"rotx":10.600000000000001},"tail1":{"posx":-1.9712684151338418,"posy":-0.9005438747872541,"posz":-1.435761301051887,"roty":275.8523748372503,"rotx":16.13012344908019},"tail2":{"posx":-3.7356029569984814,"posy":-0.7696634558651305,"posz":-1.6842007417403086,"roty":275.8523748372503,"rotx":16.13012344908019}},"cameras":{}}