# This file was generated by Animated Java via MC-Build. It is not recommended to edit this file directly.
$data merge entity $(bone_jaw) { transformation: [-0.9821643474763758f,0.11473957583050526f,-0.14895645096651763f,1.3920745877641636f,0.049194234323614715f,0.9214358722789755f,0.38540350359953524f,0.06176989705671154f,0.18147485185451495f,0.3712017820750856f,-0.910645987817803f,3.2658440054380464f,0f,0f,0f,1f], start_interpolation: 0, interpolation_duration: 1 }
$data merge entity $(bone_head) { transformation: [-1.104934890910923f,0.0972828108992773f,-0.18782955452005556f,1.3503346867597068f,0.05534351361406655f,1.0971211354053414f,0.24266707594509884f,0.11569591393340017f,0.20415920833632933f,0.2290988191816583f,-1.0823390174529666f,3.0253242237818316f,0f,0f,0f,1f], start_interpolation: 0, interpolation_duration: 1 }
$data merge entity $(bone_neck) { transformation: [-0.9630875674550397f,0.0864736096882465f,-0.2549208744709212f,1.5328770496858413f,0.029525669259473822f,0.9752187870269701f,0.21926365928813962f,-0.7570851587408789f,0.2675641460814856f,0.20364339482814073f,-0.9417742805335869f,1.9099794408026496f,0f,0f,0f,1f], start_interpolation: 0, interpolation_duration: 1 }
$data merge entity $(bone_right_arm2) { transformation: [-0.9204526330953031f,0.0864736096882465f,-0.38116828967715555f,0.2144179195674119f,-3.469446951953614e-18f,0.9752187870269701f,0.2212426663861318f,-2.200445165039548f,0.3908541290915617f,0.20364339482814073f,-0.8976427003629822f,2.3229744945561537f,0f,0f,0f,1f], start_interpolation: 0, interpolation_duration: 1 }
$data merge entity $(bone_right_arm1) { transformation: [-1.0450972604936253f,0.0981835776668632f,-0.4327848289042703f,0.35350278097247323f,-3.939267893363999e-18f,1.107279664436872f,0.2512026107925871f,-0.7683661739261842f,0.44378229240604394f,0.2312201045444514f,-1.0191984827038025f,1.8509851784274252f,0f,0f,0f,1f], start_interpolation: 0, interpolation_duration: 1 }
$data merge entity $(bone_left_arm2) { transformation: [-0.9204526330953031f,0.0864736096882465f,-0.38116828967715555f,1.8252100274841923f,-3.469446951953614e-18f,0.9752187870269701f,0.2212426663861318f,-2.200445165039548f,0.3908541290915617f,0.20364339482814073f,-0.8976427003629822f,1.6389797686459209f,0f,0f,0f,1f], start_interpolation: 0, interpolation_duration: 1 }
$data merge entity $(bone_left_arm1) { transformation: [-1.0450972604936253f,0.0981835776668632f,-0.4327848289042703f,1.3890119932046892f,-3.939267893363999e-18f,1.107279664436872f,0.2512026107925871f,-0.7683661739261842f,0.44378229240604394f,0.2312201045444514f,-1.0191984827038025f,1.4112742831994183f,0f,0f,0f,1f], start_interpolation: 0, interpolation_duration: 1 }
$data merge entity $(bone_body2) { transformation: [-1.45738333573423f,0.13691654867305697f,-0.6035164586554963f,0.9795430326694149f,-5.49329100725989e-18f,1.5440964127927028f,0.3503008884447087f,-0.5f,0.6188523710616394f,0.32243537514455617f,-1.4212676089080554f,0.6068903468541038f,0f,0f,0f,1f], start_interpolation: 0, interpolation_duration: 1 }
$data merge entity $(bone_right_leg2) { transformation: [-0.9753104117998481f,-0.009941483129000422f,-0.22061452252289854f,-0.6767018540676588f,2.7755575615628914e-17f,0.9989862208385369f,-0.04501700317366636f,-2.473077994961628f,0.22083840389481785f,-0.043905551903303475f,-0.9743216624284075f,1.1486844924522954f,0f,0f,0f,1f], start_interpolation: 0, interpolation_duration: 1 }
$data merge entity $(bone_right_leg1) { transformation: [-1.3004138823997975f,-0.17249539296258054f,-0.23863539478951648f,-0.44100187452670503f,3.700743415417188e-17f,1.0805882970571326f,-0.7810932787068032f,-1.125f,0.2944512051930904f,-0.7618084073096256f,-1.0539090169888887f,0.49155532771781923f,0f,0f,0f,1f], start_interpolation: 0, interpolation_duration: 1 }
$data merge entity $(bone_left_leg2) { transformation: [-0.7224224195672521f,0.5500844499382926f,-0.41894265197361247f,0.08783101749224198f,0f,0.6058882771297228f,0.7955497442880464f,-2.0558668215418754f,0.6914519851056885f,0.5747229711546793f,-0.4377072751514882f,-1.2757122263595573f,0f,0f,0f,1f], start_interpolation: 0, interpolation_duration: 1 }
$data merge entity $(bone_left_leg1) { transformation: [-0.9632298927563361f,0.5736631134174781f,-0.7217178006551874f,0.6045557638363006f,0f,1.0437713915086564f,0.8296499623611517f,-1.125f,0.9219359801409179f,0.5993577332028229f,-0.7540438541287613f,-0.1935061475242021f,0f,0f,0f,1f], start_interpolation: 0, interpolation_duration: 1 }
$data merge entity $(bone_tail3) { transformation: [0.1249508494831062f,0.34335962574571466f,-0.9308552264564092f,-2.9306063499278943f,-0.2427641037474292f,0.9202702659509719f,0.30686842056202973f,0.43956498664606575f,0.9620046128502491f,0.18763476494053571f,0.19834394329182914f,-0.5484739129724595f,0f,0f,0f,1f], start_interpolation: 0, interpolation_duration: 1 }
$data merge entity $(bone_tail2) { transformation: [0.1926325596197887f,0.52934608969131f,-1.4350684741202973f,-1.2386463331769724f,-0.37426132661062f,1.4187499933410816f,0.4730888150331291f,-0.33718233986777263f,1.4830904448108004f,0.2892702626166592f,0.30578024590823655f,-0.8343126774344202f,0f,0f,0f,1f], start_interpolation: 0, interpolation_duration: 1 }
$data merge entity $(bone_tail1) { transformation: [-0.47953683348615045f,0.34335962574571466f,-0.807557176141627f,-0.3278962399912613f,0f,0.9202702659509719f,0.3912833214009094f,-0.75f,0.8775217520552274f,0.18763476494053571f,-0.4413034892855866f,-0.47622867974712835f,0f,0f,0f,1f], start_interpolation: 0, interpolation_duration: 1 }
$data merge entity $(bone_body1) { transformation: [-1.1152614809205392f,0f,-0.730732240258156f,0.5f,0f,1.3333333333333333f,0f,-1.1875f,0.730732240258156f,0f,-1.1152614809205392f,-0.12499999999999994f,0f,0f,0f,1f], start_interpolation: 0, interpolation_duration: 1 }
data modify entity @s data merge value {"locators":{"head":{"posx":1.3484635569601238,"posy":-0.5612233490543169,"posz":3.198696829084512,"roty":350.1549180063514,"rotx":12.456836665444888},"neck":{"posx":1.0507707716340942,"posy":-1.1354373266572733,"posz":2.085117025849538,"roty":344.85403719391985,"rotx":12.665787854257012},"right_arm":{"posx":0.26100016514928676,"posy":-3.2862852852595843,"posz":2.5925808329777267,"roty":336.99234375000003,"rotx":12.78203125},"left_arm":{"posx":1.98684885220298,"posy":-3.2862852852595843,"posz":1.8597293409310487,"roty":336.99234375000003,"rotx":12.78203125},"tail1":{"posx":-2.151747876860428,"posy":-0.7860674872261775,"posz":-0.9589278667329706,"roty":257.9714669569999,"rotx":17.87060793413813},"tail2":{"posx":-3.904871923600875,"posy":-0.5956762508484432,"posz":-0.6831760738552588,"roty":257.9714669569999,"rotx":17.87060793413813}},"cameras":{}}