# This file was generated by Animated Java via MC-Build. It is not recommended to edit this file directly.
$data merge entity $(bone_jaw) { transformation: [-0.9828603744161163f,0.12109630197267074f,-0.13900061169345798f,1.4437172404131393f,0.056355047323074337f,0.9152650892766826f,0.39889086852491434f,0.03923282483281901f,0.17552661634016042f,0.384220642339646f,-0.9064021761647996f,3.2516348515151132f,0f,0f,0f,1f], start_interpolation: 0, interpolation_duration: 1 }
$data merge entity $(bone_head) { transformation: [-1.1057179212181307f,0.10501821743328217f,-0.17884085859833976f,1.403974827391286f,0.06339942823845862f,1.0948262318742243f,0.25092037481863416f,0.09499290812584882f,0.19746744338268046f,0.23654110849326626f,-1.0819796267937234f,3.011194934449841f,0f,0f,0f,1f], start_interpolation: 0, interpolation_duration: 1 }
$data merge entity $(bone_neck) { transformation: [-0.9599429686737215f,0.09334952660736193f,-0.26418812005096626f,1.5701095921664145f,0.03193721234189425f,0.9731788727770883f,0.22782207102944318f,-0.769872817659332f,0.27836937935360495f,0.21025876310512556f,-0.9371775398374588f,1.8871535578559078f,0f,0f,0f,1f], start_interpolation: 0, interpolation_duration: 1 }
$data merge entity $(bone_right_arm2) { transformation: [-0.9139708902740613f,0.09334952660736193f,-0.3948962871613523f,0.2532527273842508f,0f,0.9731788727770883f,0.2300497371881044f,-2.211951772999166f,0.4057797576661999f,0.21025876310512556f,-0.8894571607479828f,2.3096269703235612f,0f,0f,0f,1f], start_interpolation: 0, interpolation_duration: 1 }
$data merge entity $(bone_right_arm1) { transformation: [-1.0377377816653404f,0.10599060833544217f,-0.44837182604778536f,0.38989868684362783f,0f,1.1049635117989856f,0.26120230576566017f,-0.7764953081624159f,0.4607290998501644f,0.23873130394227796f,-1.009904484599272f,1.847283624614113f,0f,0f,0f,1f], start_interpolation: 0, interpolation_duration: 1 }
$data merge entity $(bone_left_arm2) { transformation: [-0.9139708902740613f,0.09334952660736193f,-0.3948962871613523f,1.852701785363858f,0f,0.9731788727770883f,0.2300497371881044f,-2.211951772999166f,0.4057797576661999f,0.21025876310512556f,-0.8894571607479828f,1.5995123944077114f,0f,0f,0f,1f], start_interpolation: 0, interpolation_duration: 1 }
$data merge entity $(bone_left_arm1) { transformation: [-1.0377377816653404f,0.10599060833544217f,-0.44837182604778536f,1.4181159384019468f,0f,1.1049635117989856f,0.26120230576566017f,-0.7764953081624159f,0.4607290998501644f,0.23873130394227796f,-1.009904484599272f,1.3907813972396381f,0f,0f,0f,1f], start_interpolation: 0, interpolation_duration: 1 }
$data merge entity $(bone_body2) { transformation: [-1.4471205762672639f,0.14780341712832307f,-0.6252524546721412f,0.9966118339590104f,0f,1.5408665485637232f,0.36424541721449866f,-0.5f,0.6424846163048166f,0.33290970824978217f,-1.4083071711843063f,0.5954177165866121f,0f,0f,0f,1f], start_interpolation: 0, interpolation_duration: 1 }
$data merge entity $(bone_right_leg2) { transformation: [-0.9744485281527049f,-0.011676930083568668f,-0.22430718955229798f,-0.6471589715126693f,-1.3877787807814457e-17f,0.9986477426092855f,-0.05198736559375167f,-2.447921907488876f,0.2246109213307026f,-0.050659011885367866f,-0.9731308229286395f,1.2246724624100143f,0f,0f,0f,1f], start_interpolation: 0, interpolation_duration: 1 }
$data merge entity $(bone_right_leg1) { transformation: [-1.2992647042036065f,-0.18520170591986887f,-0.2353493877469474f,-0.4262513498970728f,-1.850371707708594e-17f,1.0478091909005358f,-0.8245445271434054f,-1.125f,0.2994812284409368f,-0.8034762008712595f,-1.0210361238579038f,0.5135009293758706f,0f,0f,0f,1f], start_interpolation: 0, interpolation_duration: 1 }
$data merge entity $(bone_left_leg2) { transformation: [-0.6853101046057841f,0.6219986475363205f,-0.37877135977816123f,-0.006418196760931583f,-1.3877787807814457e-17f,0.5201107398440818f,0.8540988340343533f,-1.9904012572512175f,0.7282513717976845f,0.5853225612957608f,-0.3564371455291396f,-1.2842822734963113f,0f,0f,0f,1f], start_interpolation: 0, interpolation_duration: 1 }
$data merge entity $(bone_left_leg1) { transformation: [-0.9137468061410454f,0.6459439401994094f,-0.7249834330275956f,0.6029168166552303f,-1.850371707708594e-17f,0.9955126225687403f,0.8869793662110108f,-1.125f,0.9710018290635793f,0.6078559222412397f,-0.6822348595089618f,-0.19594454770843f,0f,0f,0f,1f], start_interpolation: 0, interpolation_duration: 1 }
$data merge entity $(bone_tail3) { transformation: [0.1848429314540566f,0.36898066115169603f,-0.9108712106480962f,-2.906910036442933f,-0.2640759175345641f,0.9114032766354453f,0.3156073147385088f,0.47729805209772147f,0.946624001634096f,0.1822013694631062f,0.26590536003627235f,-0.35917085174359237f,0f,0f,0f,1f], start_interpolation: 0, interpolation_duration: 1 }
$data merge entity $(bone_tail2) { transformation: [0.28496618599167056f,0.568845185942198f,-1.4042597830824814f,-1.250570251275827f,-0.407117039532453f,1.4050800514796447f,0.48656127688853434f,-0.3164696232095179f,1.4593786691858979f,0.2808937779222887f,0.4099374300559198f,-0.7719827262214558f,0f,0f,0f,1f], start_interpolation: 0, interpolation_duration: 1 }
$data merge entity $(bone_tail1) { transformation: [-0.44275823103890166f,0.36898066115169603f,-0.8172015788918667f,-0.3356318837264993f,1.3877787807814457e-17f,0.9114032766354453f,0.41151435860510877f,-0.75f,0.8966410367852358f,0.1822013694631062f,-0.4035313025261685f,-0.456252705497936f,0f,0f,0f,1f], start_interpolation: 0, interpolation_duration: 1 }
$data merge entity $(bone_body1) { transformation: [-1.0977793776557898f,0f,-0.7567418422232539f,0.5f,0f,1.3333333333333333f,0f,-1.1875f,0.7567418422232539f,0f,-1.0977793776557898f,-0.12499999999999994f,0f,0f,0f,1f], start_interpolation: 0, interpolation_duration: 1 }
data modify entity @s data merge value {"locators":{"head":{"posx":1.3953093895390014,"posy":-0.5829439914761186,"posz":3.1803331038407276,"roty":350.61441726255407,"rotx":12.887669415617678},"neck":{"posx":1.088155550358164,"posy":-1.1473240476584734,"posz":2.0646384038479706,"roty":344.2569819486258,"rotx":13.168881795495517},"right_arm":{"posx":0.3002281637154362,"posy":-3.3001555143703065,"posz":2.5694580224465646,"roty":336.06000000000006,"rotx":13.3},"left_arm":{"posx":2.013923582979301,"posy":-3.3001555143703065,"posz":1.8086209768224397,"roty":336.06000000000006,"rotx":13.3},"tail1":{"posx":-2.176635070891922,"posy":-0.7500325621115567,"posz":-0.8441518184981103,"roty":253.72619688473281,"rotx":18.39748071512695},"tail2":{"posx":-3.903562210194088,"posy":-0.5413896339458892,"posz":-0.4487383841435161,"roty":253.72619688473281,"rotx":18.39748071512695}},"cameras":{}}