# This file was generated by Animated Java via MC-Build. It is not recommended to edit this file directly.
$data merge entity $(bone_jaw) { transformation: [-0.9847618241842715f,0.1204347066686623f,-0.12545768632849444f,1.4526505957350166f,0.06065468706831291f,0.9139532923623204f,0.40126099775173774f,0.0342486088570635f,0.16298821603389213f,0.3875369154154327f,-0.9073312408510912f,3.2487042007163645f,0f,0f,0f,1f], start_interpolation: 0, interpolation_duration: 1 }
$data merge entity $(bone_head) { transformation: [-1.1078570522073055f,0.1068281972968314f,-0.16390694962950345f,1.4162268291506825f,0.06823652295185202f,1.0942874851481892f,0.2519993586965908f,0.09024846634519479f,0.18336174303812863f,0.23821762342522207f,-1.084092170933661f,3.007794829397773f,0f,0f,0f,1f], start_interpolation: 0, interpolation_duration: 1 }
$data merge entity $(bone_neck) { transformation: [-0.9592024839953284f,0.09495839759718347f,-0.2662958832257213f,1.5785693685804407f,0.03250292282917618f,0.9726999867983904f,0.22977879730291f,-0.7728014582340688f,0.28084542849181726f,0.21174899860019739f,-0.9361026689883226f,1.8818053855861427f,0f,0f,0f,1f], start_interpolation: 0, interpolation_duration: 1 }
$data merge entity $(bone_right_arm2) { transformation: [-0.9124507149007703f,0.09495839759718347f,-0.3980158233071246f,0.2620749059160161f,0f,0.9726999867983904f,0.23206623124102133f,-2.2145701076144464f,0.4091866235314555f,0.21174899860019739f,-0.8875407983381611f,2.3064617071425157f,0f,0f,0f,1f], start_interpolation: 0, interpolation_duration: 1 }
$data merge entity $(bone_right_arm1) { transformation: [-1.0360117492102496f,0.10781734727180205f,-0.45191379937996434f,0.39821277264516197f,0f,1.104419776677339f,0.26349186672157626f,-0.7783558409633569f,0.46459731213467337f,0.24042334216064076f,-1.007728614779787f,1.846327149094209f,0f,0f,0f,1f], start_interpolation: 0, interpolation_duration: 1 }
$data merge entity $(bone_left_arm2) { transformation: [-0.9124507149007703f,0.09495839759718347f,-0.3980158233071246f,1.8588636569923642f,0f,0.9726999867983904f,0.23206623124102133f,-2.2145701076144464f,0.4091866235314555f,0.21174899860019739f,-0.8875407983381611f,1.5903851159624685f,0f,0f,0f,1f], start_interpolation: 0, interpolation_duration: 1 }
$data merge entity $(bone_left_arm1) { transformation: [-1.0360117492102496f,0.10781734727180205f,-0.45191379937996434f,1.4247198269085286f,0f,1.104419776677339f,0.26349186672157626f,-0.7783558409633569f,0.46459731213467337f,0.24042334216064076f,-1.007728614779787f,1.3859921976213214f,0f,0f,0f,1f], start_interpolation: 0, interpolation_duration: 1 }
$data merge entity $(bone_body2) { transformation: [-1.44471363192622f,0.1503507961955405f,-0.6301917202362807f,1.0004867227266252f,0f,1.540108312430785f,0.3674381994649505f,-0.5f,0.6478788205914713f,0.3352692477836459f,-1.4052729307020886f,0.5927311755625237f,0f,0f,0f,1f], start_interpolation: 0, interpolation_duration: 1 }
$data merge entity $(bone_right_leg2) { transformation: [-0.9751928364535314f,-0.012795235071272226f,-0.22098690841130583f,-0.6396599338270357f,1.3877787807814457e-17f,0.9983279734912787f,-0.05780361013636515f,-2.4334251301227354f,0.22135702322202472f,-0.0563696665261359f,-0.9735622881798658f,1.2571856736965008f,0f,0f,0f,1f], start_interpolation: 0, interpolation_duration: 1 }
$data merge entity $(bone_right_leg1) { transformation: [-1.300257115271375f,-0.18758474657381718f,-0.2278621838234162f,-0.42279722572324485f,1.850371707708594e-17f,1.0293876404132283f,-0.8474307426228199f,-1.125f,0.2951426976293663f,-0.8264083895962702f,-1.003851452864784f,0.5184829292199467f,0f,0f,0f,1f], start_interpolation: 0, interpolation_duration: 1 }
$data merge entity $(bone_left_leg2) { transformation: [-0.6664836775317966f,0.6619274779868692f,-0.34300367559201883f,-0.057453413531686315f,0f,0.46008671700151765f,0.8878739847741713f,-1.946222165844136f,0.7455196225343046f,0.5917535185571002f,-0.30664028713070257f,-1.2895212297972625f,0f,0f,0f,1f], start_interpolation: 0, interpolation_duration: 1 }
$data merge entity $(bone_left_leg1) { transformation: [-0.8886449033757288f,0.6880163123486575f,-0.7174409853251165f,0.6025330250803606f,0f,0.9623368233907268f,0.9228681466623618f,-1.125f,0.9940261633790728f,0.6150765562644844f,-0.6413817850777188f,-0.19649810324666067f,0f,0f,0f,1f], start_interpolation: 0, interpolation_duration: 1 }
$data merge entity $(bone_tail3) { transformation: [0.1959098091987591f,0.37844800663681355f,-0.9046526697757146f,-2.8935547287925667f,-0.27191314443874676f,0.9073193872928237f,0.3206786106431302f,0.49577675367090057f,0.942169087022674f,0.1831628666384029f,0.28065775553806394f,-0.3170466674331892f,0f,0f,0f,1f], start_interpolation: 0, interpolation_duration: 1 }
$data merge entity $(bone_tail2) { transformation: [0.3020276225147536f,0.5834406768984208f,-1.3946728659042265f,-1.2498176071323481f,-0.41919943100973456f,1.3987840554097697f,0.4943795247414923f,-0.3074745082341197f,1.4525106758266222f,0.2823760860675378f,0.4326807064545152f,-0.7579853566754512f,0f,0f,0f,1f], start_interpolation: 0, interpolation_duration: 1 }
$data merge entity $(bone_tail1) { transformation: [-0.43564353376085874f,0.37844800663681355f,-0.8166956702254358f,-0.3372187378511504f,0f,0.9073193872928237f,0.42044206431157083f,-0.75f,0.9001192762586254f,0.1831628666384029f,-0.3952678241299828f,-0.4514781691524103f,0f,0f,0f,1f], start_interpolation: 0, interpolation_duration: 1 }
$data merge entity $(bone_body1) { transformation: [-1.093685600857179f,0f,-0.7626464346310478f,0.5f,0f,1.3333333333333333f,0f,-1.1875f,0.7626464346310478f,0f,-1.093685600857179f,-0.12499999999999994f,0f,0f,0f,1f], start_interpolation: 0, interpolation_duration: 1 }
data modify entity @s data merge value {"locators":{"head":{"posx":1.4024075388828605,"posy":-0.5876888472639633,"posz":3.176588419420889,"roty":351.40240660134725,"rotx":12.944048030296834},"neck":{"posx":1.096645712887048,"posy":-1.1500348415317407,"posz":2.059835058980518,"roty":344.1203813960227,"rotx":13.284048974177827},"right_arm":{"posx":0.3090962502910968,"posy":-3.3033032100333477,"posz":2.564057271682115,"roty":335.84625000000005,"rotx":13.41875},"left_arm":{"posx":2.0199413407300413,"posy":-3.3033032100333477,"posz":1.7968323525606356,"roty":335.84625000000005,"rotx":13.41875},"tail1":{"posx":-2.180091048730607,"posy":-0.7335083608317421,"posz":-0.8201764355996687,"roty":252.76411684887864,"rotx":18.703969336605784},"tail2":{"posx":-3.899134864252224,"posy":-0.51469822366417,"posz":-0.39957794240593203,"roty":252.76411684887864,"rotx":18.703969336605784}},"cameras":{}}