# This file was generated by Animated Java via MC-Build. It is not recommended to edit this file directly.
$data merge entity $(bone_jaw) { transformation: [-0.9880644904311563f,0.11501907515584919f,-0.10246548247733257f,1.4397181400548549f,0.06524863433895012f,0.915066435932167f,0.39798999176776206f,0.03758849051576841f,0.1395391646310147f,0.3865540456141864f,-0.9116494893068192f,3.2516226056308954f,0f,0f,0f,1f], start_interpolation: 0, interpolation_duration: 1 }
$data merge entity $(bone_head) { transformation: [-1.1115725517350508f,0.10579056618982369f,-0.13725821773017546f,1.4092163138925937f,0.07340471363131888f,1.094596422175994f,0.24918952742083048f,0.09296394105373074f,0.15698156020989154f,0.23725941217315133f,-1.088434546074921f,3.009748262058691f,0f,0f,0f,1f], start_interpolation: 0, interpolation_duration: 1 }
$data merge entity $(bone_neck) { transformation: [-0.9596272099942778f,0.09403605883539884f,-0.26509024402513165f,1.5737307831067018f,0.032178543254582144f,0.9729745974897726f,0.22865907809144162f,-0.7711253394571475f,0.27942827199947295f,0.2108972552650234f,-0.9367188417711412f,1.8848717334008147f,0f,0f,0f,1f], start_interpolation: 0, interpolation_duration: 1 }
$data merge entity $(bone_right_arm2) { transformation: [-0.9133223707843147f,0.09403605883539884f,-0.396231582112815f,0.257029110348536f,0f,0.9729745974897726f,0.23091217516539705f,-2.2130723561922077f,0.40723733500861514f,0.2108972552650234f,-0.8886394660922733f,2.3082781644864907f,0f,0f,0f,1f], start_interpolation: 0, interpolation_duration: 1 }
$data merge entity $(bone_right_arm1) { transformation: [-1.0370014418280238f,0.10677010846935908f,-0.44988794219059197f,0.393455465737535f,0f,1.1047315742331791f,0.26218153221904456f,-0.7772910765606705f,0.4623840574576984f,0.23945625858216196f,-1.008976060458935f,1.8468795118932038f,0f,0f,0f,1f], start_interpolation: 0, interpolation_duration: 1 }
$data merge entity $(bone_left_arm2) { transformation: [-0.9133223707843147f,0.09403605883539884f,-0.396231582112815f,1.8553432592210868f,0f,0.9729745974897726f,0.23091217516539705f,-2.2130723561922077f,0.40723733500861514f,0.2108972552650234f,-0.8886394660922733f,1.5956128282214141f,0f,0f,0f,1f], start_interpolation: 0, interpolation_duration: 1 }
$data merge entity $(bone_left_arm1) { transformation: [-1.0370014418280238f,0.10677010846935908f,-0.44988794219059197f,1.4209431328698892f,0f,1.1047315742331791f,0.26218153221904456f,-0.7772910765606705f,0.4623840574576984f,0.23945625858216196f,-1.008976060458935f,1.3887375100085118f,0f,0f,0f,1f], start_interpolation: 0, interpolation_duration: 1 }
$data merge entity $(bone_body2) { transformation: [-1.4460937537418317f,0.1488904264893815f,-0.6273666716786238f,0.9982706301423178f,0f,1.54054311269214f,0.3656109440118787f,-0.5f,0.644792447096974f,0.3339206541696204f,-1.4070124879794328f,0.5942714224391079f,0f,0f,0f,1f], start_interpolation: 0, interpolation_duration: 1 }
$data merge entity $(bone_right_leg2) { transformation: [-0.9772791072907105f,-0.013987776294491563f,-0.21149441734335994f,-0.6426749623276157f,1.3877787807814457e-17f,0.9978200445339795f,-0.06599362640594575f,-2.418312214089233f,0.21195647301526804f,-0.06449419230087922f,-0.9751486823589445f,1.280193495983633f,0f,0f,0f,1f], start_interpolation: 0, interpolation_duration: 1 }
$data merge entity $(bone_right_leg1) { transformation: [-1.3030388097209473f,-0.18437626516504368f,-0.21417990331164186f,-0.4247775431359959f,1.850371707708594e-17f,1.0104900325276394f,-0.8698779638202524f,-1.125f,0.282608630687024f,-0.8501135599341172f,-0.9875307969147725f,0.5156336673258373f,0f,0f,0f,1f], start_interpolation: 0, interpolation_duration: 1 }
$data merge entity $(bone_left_leg2) { transformation: [-0.6458720958357822f,0.7073498994014198f,-0.28723745514381605f,-0.11348296837301619f,0f,0.37623825772792246f,0.9265229481355859f,-1.891815272240618f,0.763445633834325f,0.5984153183522786f,-0.24300179205233652f,-1.2933085802486393f,0f,0f,0f,1f], start_interpolation: 0, interpolation_duration: 1 }
$data merge entity $(bone_left_leg1) { transformation: [-0.8611627944477096f,0.7361527462596125f,-0.703033109754598f,0.602753060348444f,0f,0.9208685970521416f,0.9642503848798808f,-1.125f,1.0179275117790998f,0.6227824169928283f,-0.5947633307674232f,-0.19618151859175964f,0f,0f,0f,1f], start_interpolation: 0, interpolation_duration: 1 }
$data merge entity $(bone_tail3) { transformation: [0.18300181231462515f,0.382787427137375f,-0.9055297467864385f,-2.883713355922346f,-0.2752376379186208f,0.9041990598193874f,0.32660113731387114f,0.512828141600477f,0.9437979547353028f,0.18946726853809004f,0.2708275739103653f,-0.3433695982657569f,0f,0f,0f,1f], start_interpolation: 0, interpolation_duration: 1 }
$data merge entity $(bone_tail2) { transformation: [0.28212779398504706f,0.5901306168367865f,-1.3960250262957592f,-1.241573534370682f,-0.4243246917912071f,1.3939735505548887f,0.503510086692218f,-0.3010272408899114f,1.4550218468835916f,0.29209537232955546f,0.4175258431118132f,-0.7666786280188767f,0f,0f,0f,1f], start_interpolation: 0, interpolation_duration: 1 }
$data merge entity $(bone_tail1) { transformation: [-0.44360163209622555f,0.382787427137375f,-0.8103649656957745f,-0.3359534670980311f,1.3877787807814457e-17f,0.9041990598193874f,0.4271112972302839f,-0.75f,0.8962240746607765f,0.18946726853809004f,-0.4011041786757529f,-0.4536917379130415f,0f,0f,0f,1f], start_interpolation: 0, interpolation_duration: 1 }
$data merge entity $(bone_body1) { transformation: [-1.0960326437167358f,0f,-0.7592695316454365f,0.5f,0f,1.3333333333333333f,0f,-1.1875f,0.7592695316454365f,0f,-1.0960326437167358f,-0.12499999999999994f,0f,0f,0f,1f], start_interpolation: 0, interpolation_duration: 1 }
data modify entity @s data merge value {"locators":{"head":{"posx":1.3885710598232959,"posy":-0.5843644955498299,"posz":3.180280406983307,"roty":352.8125932372775,"rotx":12.797256380622384},"neck":{"posx":1.09178993654943,"posy":-1.1484839266499514,"posz":2.06258925389756,"roty":344.19855422181445,"rotx":13.21813892269604},"right_arm":{"posx":0.304026194395525,"posy":-3.3015030412646786,"posz":2.5671529757056426,"roty":335.96859374999997,"rotx":13.350781249999995},"left_arm":{"posx":2.016505639616115,"posy":-3.3015030412646786,"posz":1.803582972564489,"roty":335.96859374999997,"rotx":13.350781249999995},"tail1":{"posx":-2.174091032178718,"posy":-0.720233549111338,"posz":-0.8405598667009808,"roty":253.34902684755428,"rotx":19.062607660696607},"tail2":{"posx":-3.8954823366075226,"posy":-0.49021998467341654,"posz":-0.43970487789741963,"roty":253.34902684755428,"rotx":19.062607660696607}},"cameras":{}}