# This file was generated by Animated Java via MC-Build. It is not recommended to edit this file directly.
$data merge entity $(bone_jaw) { transformation: [-0.9906374649781069f,0.10285391740849688f,-0.08976906290853313f,1.368437243605996f,0.061408825680540555f,0.9230004442363735f,0.3798672611162933f,0.06620197425424568f,0.12192772084430628f,0.37079812784476585f,-0.9206749585366866f,3.2703682823400086f,0f,0f,0f,1f], start_interpolation: 0, interpolation_duration: 1 }
$data merge entity $(bone_head) { transformation: [-1.1144671481003703f,0.09608176981244491f,-0.11981765026378959f,1.3418110991029315f,0.06908492889060812f,1.0974763619390886f,0.2374824363718758f,0.1189758490035514f,0.13716868594984458f,0.2279011375457586f,-1.0931014697182244f,3.0274568446248478f,0f,0f,0f,1f], start_interpolation: 0, interpolation_duration: 1 }
$data merge entity $(bone_neck) { transformation: [-0.9635729161499427f,0.08540601761106215f,-0.25344239467404517f,1.5269317177934876f,0.029152130302266734f,0.9755345439458566f,0.21790481148242055f,-0.7550580097605878f,0.2658521930718933f,0.2025787889295632f,-0.9424884326689089f,1.9135189333077518f,0f,0f,0f,1f], start_interpolation: 0, interpolation_duration: 1 }
$data merge entity $(bone_right_arm2) { transformation: [-0.9214568408214985f,0.08540601761106215f,-0.37897638799677535f,0.20821548409742058f,0f,0.9755345439458566f,0.21984620435283747f,-2.1986100799989137f,0.3884807466313659f,0.2025787889295632f,-0.8989129789765904f,2.3250191343977438f,0f,0f,0f,1f], start_interpolation: 0, interpolation_duration: 1 }
$data merge entity $(bone_right_arm1) { transformation: [-1.0462374546827429f,0.0969714158292268f,-0.430296107204672f,0.3477198782208749f,0f,1.107638180105191f,0.2496170445256175f,-0.7670767255774011f,0.4410875144043633f,0.23001133326377488f,-1.0206407782130036f,1.8515008884990876f,0f,0f,0f,1f], start_interpolation: 0, interpolation_duration: 1 }
$data merge entity $(bone_left_arm2) { transformation: [-0.9214568408214985f,0.08540601761106215f,-0.37897638799677535f,1.820764955535043f,0f,0.9755345439458566f,0.21984620435283747f,-2.1986100799989137f,0.3884807466313659f,0.2025787889295632f,-0.8989129789765904f,1.6451778277928533f,0f,0f,0f,1f], start_interpolation: 0, interpolation_duration: 1 }
$data merge entity $(bone_left_arm1) { transformation: [-1.0462374546827429f,0.0969714158292268f,-0.430296107204672f,1.3843588241450606f,0f,1.107638180105191f,0.2496170445256175f,-0.7670767255774011f,0.4410875144043633f,0.23001133326377488f,-1.0206407782130036f,1.414460048538801f,0f,0f,0f,1f], start_interpolation: 0, interpolation_duration: 1 }
$data merge entity $(bone_body2) { transformation: [-1.458973331300706f,0.13522619455084842f,-0.600045947661561f,0.9768152839474316f,0f,1.5445963612476064f,0.34808982355865936f,-0.5f,0.6150945154996628f,0.3207497491384751f,-1.4232788833796015f,0.6086703517208054f,0f,0f,0f,1f], start_interpolation: 0, interpolation_duration: 1 }
$data merge entity $(bone_right_leg2) { transformation: [-0.9802021194739813f,-0.013191161755117475f,-0.19755960677796702f,-0.6780192949816473f,-1.3877787807814457e-17f,0.9977782735475762f,-0.0666221947733488f,-2.4341577972781505f,0.19799950752139422f,-0.06530321652084492f,-0.9780243784964243f,1.2199606023552987f,0f,0f,0f,1f], start_interpolation: 0, interpolation_duration: 1 }
$data merge entity $(bone_right_leg1) { transformation: [-1.3069361592986417f,-0.1675684386971344f,-0.2040011559969634f,-0.443290452212464f,-1.850371707708594e-17f,1.0303114313298012f,-0.8463073509363569f,-1.125f,0.26399934336185893f,-0.8295522591142276f,-1.0099134487077426f,0.48804822221812644f,0f,0f,0f,1f], start_interpolation: 0, interpolation_duration: 1 }
$data merge entity $(bone_left_leg2) { transformation: [-0.6203267579765562f,0.7506345879284151f,-0.2274696215845834f,-0.13641042423936278f,0f,0.2900127608936613f,0.9570227784743872f,-1.9139773122308006f,0.7843434919334099f,0.5936668374807326f,-0.1799026757369952f,-1.257444665223851f,0f,0f,0f,1f], start_interpolation: 0, interpolation_duration: 1 }
$data merge entity $(bone_left_leg1) { transformation: [-0.8271023439687416f,0.7433643552366018f,-0.7355874698109411f,0.6048100502458293f,0f,0.9378384309630912f,0.9477535835788038f,-1.125f,1.0457913225778799f,0.5879169078621024f,-0.5817662733851547f,-0.1931164691353473f,0f,0f,0f,1f], start_interpolation: 0, interpolation_duration: 1 }
$data merge entity $(bone_tail3) { transformation: [0.10291537514472582f,0.35809310967141517f,-0.9279966327334794f,-2.8941738012929674f,-0.2543710337773935f,0.9114032766354453f,0.32348020729743926f,0.48797712258510106f,0.9616152051282472f,0.20276437592444563f,0.1848859246187487f,-0.5810284714438305f,0f,0f,0f,1f], start_interpolation: 0, interpolation_duration: 1 }
$data merge entity $(bone_tail2) { transformation: [0.15866120334811895f,0.5520602107434317f,-1.430661475464114f,-1.2168101207825943f,-0.39215534374014827f,1.4050800514796447f,0.4986986529168855f,-0.31832143782324085f,1.4824901079060475f,0.312595079550187f,0.2850324671205709f,-0.8438420266272183f,0f,0f,0f,1f], start_interpolation: 0, interpolation_duration: 1 }
$data merge entity $(bone_tail1) { transformation: [-0.49272734154829173f,0.35809310967141517f,-0.79308832528074f,-0.3254868229065291f,0f,0.9114032766354453f,0.4115143586051088f,-0.75f,0.8701837546695257f,0.20276437592444563f,-0.44907331357498526f,-0.47762126312473663f,0f,0f,0f,1f], start_interpolation: 0, interpolation_duration: 1 }
$data merge entity $(bone_body1) { transformation: [-1.1179738692888461f,0f,-0.7265756707770386f,0.5f,0f,1.3333333333333333f,0f,-1.1875f,0.7265756707770386f,0f,-1.1179738692888461f,-0.12499999999999994f,0f,0f,0f,1f], start_interpolation: 0, interpolation_duration: 1 }
data modify entity @s data merge value {"locators":{"head":{"posx":1.321715018724848,"posy":-0.5567005843992411,"posz":3.204484398687822,"roty":353.7446357259306,"rotx":12.186559003554985},"neck":{"posx":1.0447983024486236,"posy":-1.1335455000244532,"posz":2.088289038078726,"roty":344.9487728037408,"rotx":12.58600223353116},"right_arm":{"posx":0.25470660793340244,"posy":-3.2840677261211892,"posz":2.596176881620936,"roty":337.14,"rotx":12.7},"left_arm":{"posx":1.982438184473712,"posy":-3.2840677261211892,"posz":1.8677754816871248,"roty":337.14,"rotx":12.7},"tail1":{"posx":-2.1362420599335135,"posy":-0.7476848735606612,"posz":-0.9890081360361938,"roty":258.732426097138,"rotx":18.873524208369076},"tail2":{"posx":-3.8861691136492817,"posy":-0.5262820613941113,"posz":-0.7431583822466192,"roty":258.732426097138,"rotx":18.873524208369076}},"cameras":{}}