# This file was generated by Animated Java via MC-Build. It is not recommended to edit this file directly.
$data merge entity $(bone_jaw) { transformation: [-0.9897902806897749f,0.10319604605529023f,-0.09831468013786542f,1.3621630248318126f,0.05875192698672258f,0.9238467091750848f,0.37822674286955593f,0.06958660641895027f,0.129859198085477f,0.36858897708005434f,-0.9204774601518908f,3.272229805785864f,0f,0f,0f,1f], start_interpolation: 0, interpolation_duration: 1 }
$data merge entity $(bone_head) { transformation: [-1.1135140657759968f,0.09491004487111708f,-0.12924205469417216f,1.3334425682331077f,0.0660959178600629f,1.0978226365077492f,0.23673146899685746f,0.12219359952936304f,0.14609159784616163f,0.22672128738549635f,-1.0921903235631683f,3.0295208449940487f,0f,0f,0f,1f], start_interpolation: 0, interpolation_duration: 1 }
$data merge entity $(bone_neck) { transformation: [-0.9640456709163263f,0.08436448432988185f,-0.2519892421736359f,1.5210868798246922f,0.02878793827609004f,0.9758423435624438f,0.21657094708286584f,-0.7530689651389499f,0.26417266890672503f,0.2015300332315523f,-0.9431852663757991f,1.9169708213018253f,0f,0f,0f,1f], start_interpolation: 0, interpolation_duration: 1 }
$data merge entity $(bone_right_arm2) { transformation: [-0.9224359748193776f,0.08436448432988185f,-0.37682158396617593f,0.20211751521750093f,0f,0.9758423435624438f,0.21847590372981054f,-2.196806565959302f,0.3861500645591356f,0.2015300332315523f,-0.9001520834540488f,2.3270062529479145f,0f,0f,0f,1f], start_interpolation: 0, interpolation_duration: 1 }
$data merge entity $(bone_right_arm1) { transformation: [-1.0473491797428347f,0.09578884158288667f,-0.4278495067949289f,0.3420423040547804f,0f,1.107987660919858f,0.24806118235988903f,-0.7658113062193501f,0.4384412191348518f,0.22882055856499164f,-1.022047678088451f,1.8519879690149383f,0f,0f,0f,1f], start_interpolation: 0, interpolation_duration: 1 }
$data merge entity $(bone_left_arm2) { transformation: [-0.9224359748193776f,0.08436448432988185f,-0.37682158396617593f,1.8163804711514115f,0f,0.9758423435624438f,0.21847590372981054f,-2.196806565959302f,0.3861500645591356f,0.2015300332315523f,-0.9001520834540488f,1.651243639969427f,0f,0f,0f,1f], start_interpolation: 0, interpolation_duration: 1 }
$data merge entity $(bone_left_arm1) { transformation: [-1.0473491797428347f,0.09578884158288667f,-0.4278495067949289f,1.3797827757265801f,0f,1.107987660919858f,0.24806118235988903f,-0.7658113062193501f,0.4384412191348518f,0.22882055856499164f,-1.022047678088451f,1.4175691463859108f,0f,0f,0f,1f], start_interpolation: 0, interpolation_duration: 1 }
$data merge entity $(bone_body2) { transformation: [-1.460523626797348f,0.13357710018897961f,-0.596634174613112f,0.9741330726026968f,0f,1.5450837106405362f,0.3459201809055334f,-0.5f,0.6114042688852981f,0.31908921928329115f,-1.4252407988022442f,0.610406574259658f,0f,0f,0f,1f], start_interpolation: 0, interpolation_duration: 1 }
$data merge entity $(bone_right_leg2) { transformation: [-0.979800008143862f,-0.01258350906715f,-0.1995835648064364f,-0.6825052449801988f,-2.7755575615628914e-17f,0.998018329023492f,-0.06292388205726696f,-2.4435581859354683f,0.1999798590890794f,-0.061652820152153565f,-0.977858366904941f,1.1986942676435766f,0f,0f,0f,1f], start_interpolation: 0, interpolation_duration: 1 }
$data merge entity $(bone_right_leg1) { transformation: [-1.3064000108584826f,-0.1662999881971728f,-0.20842529436792093f,-0.44552273833384604f,-3.700743415417188e-17f,1.0422314292914843f,-0.8315836852505027f,-1.125f,0.2666398121187725f,-0.8147857015807453f,-1.0211783629075852f,0.48459966477489597f,0f,0f,0f,1f], start_interpolation: 0, interpolation_duration: 1 }
$data merge entity $(bone_left_leg2) { transformation: [-0.6176859122236782f,0.7506066441510157f,-0.2346354184618198f,-0.12489822080225699f,-2.7755575615628914e-17f,0.2983570589687833f,0.9544543285896385f,-1.9429143398761197f,0.7864248939602578f,0.5895529926307291f,-0.18429095213750674f,-1.242908247496633f,0f,0f,0f,1f], start_interpolation: 0, interpolation_duration: 1 }
$data merge entity $(bone_left_leg1) { transformation: [-0.8235812162982376f,0.7278130433003529f,-0.7548376858241594f,0.605058082037094f,-3.700743415417188e-17f,0.9598344249035247f,0.9254705044181027f,-1.125f,1.0485665252803438f,0.5716500927576033f,-0.5928762023302232f,-0.1927332960860995f,0f,0f,0f,1f], start_interpolation: 0, interpolation_duration: 1 }
$data merge entity $(bone_tail3) { transformation: [0.09494275847490741f,0.35192881922605507f,-0.9311992154267152f,-2.899084402604815f,-0.24935645375210558f,0.9140107232039929f,0.3200089949365298f,0.47514928713090093f,0.9637464560688922f,0.20181799737949194f,0.1745344216720071f,-0.6099644867002187f,0f,0f,0f,1f], start_interpolation: 0, interpolation_duration: 1 }
$data merge entity $(bone_tail2) { transformation: [0.1463700859821489f,0.5425569296401682f,-1.435598790449519f,-1.2156886725493607f,-0.3844245328678294f,1.409099864939489f,0.49334720052715003f,-0.3244986007806278f,1.485775786439542f,0.3111360792933834f,0.2690739000776776f,-0.8529989428285663f,0f,0f,0f,1f], start_interpolation: 0, interpolation_duration: 1 }
$data merge entity $(bone_tail1) { transformation: [-0.4974684710817522f,0.35192881922605507f,-0.7928879028448717f,-0.3241636807137429f,0f,0.9140107232039929f,0.405690026828506f,-0.75f,0.8674820576124811f,0.20181799737949194f,-0.4546915170246169f,-0.48058664603892737f,0f,0f,0f,1f], start_interpolation: 0, interpolation_duration: 1 }
$data merge entity $(bone_body1) { transformation: [-1.1206195417290026f,0f,-0.7224884915850618f,0.5f,0f,1.3333333333333333f,0f,-1.1875f,0.7224884915850618f,0f,-1.1206195417290026f,-0.12499999999999994f,0f,0f,0f,1f], start_interpolation: 0, interpolation_duration: 1 }
data modify entity @s data merge value {"locators":{"head":{"posx":1.3166153362753128,"posy":-0.5534666065851803,"posz":3.2069507752140973,"roty":353.2514066104913,"rotx":12.147433694645818},"neck":{"posx":1.0389260180145277,"posy":-1.1316872432221796,"posz":2.0913815515903305,"roty":345.0417506963262,"rotx":12.5077076491986},"right_arm":{"posx":0.24851157444449595,"posy":-3.281886861386651,"posz":2.5996866404783328,"roty":337.28484375000005,"rotx":12.619531250000001},"left_arm":{"posx":1.9780790272308288,"posy":-3.281886861386651,"posz":1.875655269429953,"roty":337.28484375000005,"rotx":12.619531250000001},"tail1":{"posx":-2.131702592384132,"posy":-0.758830902445745,"posz":-1.0048383329722919,"roty":259.3842339631894,"rotx":18.663468861281665},"tail2":{"posx":-3.8847905365165394,"posy":-0.544484727422542,"posz":-0.7766749960702979,"roty":259.3842339631894,"rotx":18.663468861281665}},"cameras":{}}