# This file was generated by Animated Java via MC-Build. It is not recommended to edit this file directly.
$data merge entity $(bone_jaw) { transformation: [-0.968820902077484f,0.12156582000953682f,-0.21588842280951373f,1.3697106425426826f,0.03182528114873895f,0.9251953705746367f,0.37815430414985884f,0.07580610609054933f,0.24570960741813536f,0.3594930843182789f,-0.9002174799179121f,3.270423900133738f,0f,0f,0f,1f], start_interpolation: 0, interpolation_duration: 1 }
$data merge entity $(bone_head) { transformation: [-1.0899235148371695f,0.0929220221889044f,-0.26278742282939554f,1.3113134374694835f,0.03580344129233132f,1.0985305021397418f,0.23994551352386884f,0.12912733131807574f,0.2764233083454023f,0.22410094524774168f,-1.0672365815237272f,3.0332602153506873f,0f,0f,0f,1f], start_interpolation: 0, interpolation_duration: 1 }
$data merge entity $(bone_neck) { transformation: [-0.9657789909755806f,0.08259735305680391f,-0.2458630062823592f,1.5066795527300028f,0.029116430136227663f,0.9764715574575482f,0.21367154928195758f,-0.7493237797570924f,0.2577269370599664f,0.19920084022021484f,-0.9454606555374203f,1.9245590714625718f,0f,0f,0f,1f], start_interpolation: 0, interpolation_duration: 1 }
$data merge entity $(bone_right_arm2) { transformation: [-0.9254779806345381f,0.08276888660574196f,-0.3696482365312508f,0.18447609921136826f,0.0010929117073801252f,0.9764158650927727f,0.21589549309592398f,-2.1918992371857913f,0.37879983223942637f,0.1994025320931962f,-0.903741842170763f,2.3282192963148316f,0f,0f,0f,1f], start_interpolation: 0, interpolation_duration: 1 }
$data merge entity $(bone_right_arm1) { transformation: [-1.050803123845465f,0.09397717333360284f,-0.4197047685615243f,0.32818896921446283f,0.0012409101677545169f,1.1086388468240855f,0.24513134111933033f,-0.7622667976566356f,0.430095642855182f,0.2264049583141498f,-1.0261235499647203f,1.8502376556199314f,0f,0f,0f,1f], start_interpolation: 0, interpolation_duration: 1 }
$data merge entity $(bone_left_arm2) { transformation: [-0.9254779806345381f,0.08276888660574196f,-0.3696482365312508f,1.8040625653218099f,0.0010929117073801252f,0.9764158650927727f,0.21589549309592398f,-2.1938118326737066f,0.37879983223942637f,0.1994025320931962f,-0.903741842170763f,1.6653195898958355f,0f,0f,0f,1f], start_interpolation: 0, interpolation_duration: 1 }
$data merge entity $(bone_left_arm1) { transformation: [-1.050803123845465f,0.09397717333360284f,-0.4197047685615243f,1.3693516974283182f,0.0012409101677545169f,1.1086388468240855f,0.24513134111933033f,-0.7634963233274383f,0.430095642855182f,0.2264049583141498f,-1.0261235499647203f,1.4240878443505767f,0f,0f,0f,1f], start_interpolation: 0, interpolation_duration: 1 }
$data merge entity $(bone_body2) { transformation: [-1.4653401360046856f,0.1310507371257581f,-0.5852763745078138f,0.9701371573034708f,0.0017304435366851984f,1.5459917863968902f,0.341834530735213f,-0.5f,0.5997664010457585f,0.31572067581422736f,-1.4309245834370417f,0.6129675150862752f,0f,0f,0f,1f], start_interpolation: 0, interpolation_duration: 1 }
$data merge entity $(bone_right_leg2) { transformation: [-0.9715192964211367f,-0.005006860501648405f,-0.23690755165105376f,-0.7004685784629769f,0f,0.9997767467843806f,-0.021129519380261474f,-2.5171188899822203f,0.23696045383434705f,-0.020527735802028435f,-0.9713024016141742f,1.0302461932541893f,0f,0f,0f,1f], start_interpolation: 0, interpolation_duration: 1 }
$data merge entity $(bone_right_leg1) { transformation: [-1.2953590618948487f,-0.16330073288856897f,-0.27047282522044835f,-0.44881537653949655f,0f,1.1414260094620223f,-0.6891476203988383f,-1.125f,0.3159472717791294f,-0.6695202113001799f,-1.1089173936293295f,0.4794620593901768f,0f,0f,0f,1f], start_interpolation: 0, interpolation_duration: 1 }
$data merge entity $(bone_left_leg2) { transformation: [-0.6100901536756531f,0.6068659218006431f,-0.5094151129924139f,0.25787732055786844f,0f,0.6429313854439082f,0.7659237779382337f,-2.4036608447886283f,0.792332003889795f,0.46728255538617375f,-0.39224610774837443f,-0.933057381357124f,0f,0f,0f,1f], start_interpolation: 0, interpolation_duration: 1 }
$data merge entity $(bone_left_leg1) { transformation: [-0.8134535382342041f,0.31537829360672426f,-1.0082696320100804f,0.6054239307266107f,0f,1.2725342748496626f,0.398038059876968f,-1.125f,1.05644267185306f,0.24283910111909815f,-0.7763606313005664f,-0.19216245104335292f,0f,0f,0f,1f], start_interpolation: 0, interpolation_duration: 1 }
$data merge entity $(bone_tail3) { transformation: [0.1150766749903035f,0.314549508517939f,-0.9422398662571538f,-2.9488736539666203f,-0.22107196546476607f,0.9328626932941033f,0.28441937617823626f,0.36160805693188214f,0.9684443943555674f,0.17557278305931953f,0.1768888150508216f,-0.6134595453390437f,0f,0f,0f,1f], start_interpolation: 0, interpolation_duration: 1 }
$data merge entity $(bone_tail2) { transformation: [0.17740987394338453f,0.4849304922984892f,-1.452619793813112f,-1.2354241819790202f,-0.3408192800915143f,1.438163318828409f,0.4384798716081142f,-0.3716109210594135f,1.4930184412981662f,0.2706747072164509f,0.2727035898700166f,-0.8553652551002313f,0f,0f,0f,1f], start_interpolation: 0, interpolation_duration: 1 }
$data merge entity $(bone_tail1) { transformation: [-0.48622099974067134f,0.31528944488732513f,-0.8149734384345446f,-0.3222022090907175f,0f,0.9326390231430941f,0.36081082648764173f,-0.75f,0.8738358767017879f,0.17543380077207904f,-0.4534686782297984f,-0.4850194507320495f,0f,0f,0f,1f], start_interpolation: 0, interpolation_duration: 1 }
data modify entity @s data merge value {"locators":{"head":{"posx":1.3326865981504799,"posy":-0.5478189236273,"posz":3.2052142961918664,"roty":346.16714602797333,"rotx":12.314925638179968},"neck":{"posx":1.0235489256312058,"posy":-1.127651342395804,"posz":2.096904806852152,"roty":345.42332960340116,"rotx":12.33760169059889},"right_arm":{"posx":0.22868895708159306,"posy":-3.2761945418448146,"posz":2.604362674821981,"roty":337.75447044085763,"rotx":12.468069209110244},"left_arm":{"posx":1.9639601707713519,"posy":-3.278243751296152,"posz":1.8941129893730566,"roty":337.75447044085763,"rotx":12.468069209110244},"tail1":{"posx":-2.1335108057930556,"posy":-0.8480856242243578,"posz":-0.986489331341727,"roty":259.36748996509124,"rotx":16.524145043157123},"tail2":{"posx":-3.891729808666064,"posy":-0.7027883289163707,"posz":-0.7443988646383134,"roty":259.36748996509124,"rotx":16.524145043157123}},"cameras":{}}