# This file was generated by Animated Java via MC-Build. It is not recommended to edit this file directly.
$data merge entity $(bone_jaw) { transformation: [-0.8955867963786629f,0.1511899350280579f,-0.4184087638881564f,1.3625354826869789f,-0.014082175601114681f,0.9303784446640819f,0.36632996333194356f,0.0902047267644206f,0.4446638983350714f,0.33397238396408674f,-0.8311055674622819f,3.255038888796349f,0f,0f,0f,1f], start_interpolation: 0, interpolation_duration: 1 }
$data merge entity $(bone_head) { transformation: [-1.0075351459259958f,0.09118329960524726f,-0.492121464271761f,1.2531751572932541f,-0.015842447551254017f,1.0998077198694898f,0.23621387802383578f,0.14269669965860632f,0.5002468856269553f,0.21848017115649998f,-0.983689213233508f,3.0364412858555694f,0f,0f,0f,1f], start_interpolation: 0, interpolation_duration: 1 }
$data merge entity $(bone_neck) { transformation: [-0.9716137728380005f,0.0810518218713309f,-0.22225498555228015f,1.4722823072127378f,0.03404832010594776f,0.9776068621062132f,0.20766688484398857f,-0.7443054074464783f,0.23410977837217545f,0.19420459658355554f,-0.952615970019582f,1.9390435371585433f,0f,0f,0f,1f], start_interpolation: 0, interpolation_duration: 1 }
$data merge entity $(bone_right_arm2) { transformation: [-0.9347035610115635f,0.08244659157480495f,-0.3457337307379767f,0.13337300994642642f,0.007613055967551711f,0.9771452895683578f,0.21243616559617443f,-2.1783155902948916f,0.3553467242161343f,0.19593275022840778f,-0.9139688523012122f,2.317361114308869f,0f,0f,0f,1f], start_interpolation: 0, interpolation_duration: 1 }
$data merge entity $(bone_right_arm1) { transformation: [-1.0612780015652126f,0.09361123418389311f,-0.39255184010874433f,0.2959870843221125f,0.008643990629824337f,1.1094670475307393f,0.24120356302065635f,-0.7521416138789122f,0.4034665931204024f,0.22246531015517132f,-1.0377354677170012f,1.835123411709029f,0f,0f,0f,1f], start_interpolation: 0, interpolation_duration: 1 }
$data merge entity $(bone_left_arm2) { transformation: [-0.9347035610115635f,0.08244659157480495f,-0.3457337307379767f,1.7691042417166623f,0.007613055967551711f,0.9771452895683578f,0.21243616559617443f,-2.1916384382381073f,0.3553467242161343f,0.19593275022840778f,-0.9139688523012122f,1.695504346930634f,0f,0f,0f,1f], start_interpolation: 0, interpolation_duration: 1 }
$data merge entity $(bone_left_arm1) { transformation: [-1.0612780015652126f,0.09361123418389311f,-0.39255184010874433f,1.3475285904601213f,0.008643990629824337f,1.1094670475307393f,0.24120356302065635f,-0.7607063018424078f,0.4034665931204024f,0.22246531015517132f,-1.0377354677170012f,1.4353583469658777f,0f,0f,0f,1f], start_interpolation: 0, interpolation_duration: 1 }
$data merge entity $(bone_body2) { transformation: [-1.4799473049349756f,0.13054043666010787f,-0.5474117403351298f,0.9701371573034708f,0.012054005281956878f,1.5471467084832333f,0.33635726219394285f,-0.5f,0.5626323133422126f,0.31022685452831233f,-1.4471173494769194f,0.6129675150862752f,0f,0f,0f,1f], start_interpolation: 0, interpolation_duration: 1 }
$data merge entity $(bone_right_leg2) { transformation: [-0.954554779878569f,0.015196630027956057f,-0.29764783662370237f,-0.7579465214479894f,0f,0.9986991983342466f,0.050989324829157134f,-2.5869242521821043f,0.29803552172681824f,0.04867210373845299f,-0.9533130934308501f,0.7476092505545797f,0f,0f,0f,1f], start_interpolation: 0, interpolation_duration: 1 }
$data merge entity $(bone_right_leg1) { transformation: [-1.2727397065047585f,-0.12713532340517872f,-0.3764943914676809f,-0.44881537653949655f,0f,1.263253417868688f,-0.4265777537810139f,-1.125f,0.3973806956357576f,-0.40719183386153013f,-1.2058445882244957f,0.4794620593901768f,0f,0f,0f,1f], start_interpolation: 0, interpolation_duration: 1 }
$data merge entity $(bone_left_leg2) { transformation: [-0.6440247325492663f,-0.11177376722071242f,-0.7567950639546589f,1.4341799345094204f,0f,0.9892685554029125f,-0.14610860786084673f,-2.3799080646663846f,0.7650046691784609f,-0.09409755710072742f,-0.6371134168127597f,0.015338718662307849f,0f,0f,0f,1f], start_interpolation: 0, interpolation_duration: 1 }
$data merge entity $(bone_left_leg1) { transformation: [-0.8586996433990217f,-0.704952198818374f,-0.7371940705033585f,0.6054239307266107f,0f,0.9636464981253405f,-0.9215005178666726f,-1.125f,1.0200062255712812f,-0.5934691245630941f,-0.6206121782272096f,-0.19216245104335292f,0f,0f,0f,1f], start_interpolation: 0, interpolation_duration: 1 }
$data merge entity $(bone_tail3) { transformation: [0.22688659022477392f,0.26458222064227055f,-0.9372932965172538f,-3.009267292634179f,-0.19036700776056162f,0.9558755038435794f,0.22374633741823224f,0.18320352474297819f,0.9551350048723302f,0.1276646766799179f,0.26724305939677123f,-0.39722555384003244f,0f,0f,0f,1f], start_interpolation: 0, interpolation_duration: 1 }
$data merge entity $(bone_tail2) { transformation: [0.3497834932631931f,0.40789759015683374f,-1.444993832130766f,-1.2811249567497205f,-0.2934824702975325f,1.4736414017588515f,0.34494227018644136f,-0.43742549111745854f,1.4724997991781754f,0.19681637654820675f,0.41199971657002227f,-0.8005607983085647f,0f,0f,0f,1f], start_interpolation: 0, interpolation_duration: 1 }
$data merge entity $(bone_tail1) { transformation: [-0.4237647320798042f,0.2697312351423415f,-0.864678271170219f,-0.32236762772013905f,1.3877787807814457e-17f,0.954630954353791f,0.2977914387445854f,-0.75f,0.9057722958036043f,0.12619350925525863f,-0.40453893060682206f,-0.4852791059688391f,0f,0f,0f,1f], start_interpolation: 0, interpolation_duration: 1 }
data modify entity @s data merge value {"locators":{"head":{"posx":1.339218175365828,"posy":-0.5339225552755091,"posz":3.1883104166668215,"roty":333.422049635612,"rotx":12.120470616433103},"neck":{"posx":0.9838628607860235,"posy":-1.119842181288833,"posz":2.1023486988782456,"roty":346.8672368123123,"rotx":11.985660675169827},"right_arm":{"posx":0.1653743111773871,"posy":-3.2612031466633646,"posz":2.6006219604945757,"roty":339.2795040145088,"rotx":12.265156096166864},"left_arm":{"posx":1.9179434880740684,"posy":-3.275477626602524,"posz":1.9343468525893237,"roty":339.2795040145088,"rotx":12.265156096166864},"tail1":{"posx":-2.152311587365132,"posy":-0.9767106360550383,"posz":-0.8319715780922643,"roty":254.08597651929028,"rotx":12.929169248197676},"tail2":{"posx":-3.8837589365181144,"posy":-0.9455257592539641,"posz":-0.4144612210717409,"roty":254.08597651929028,"rotx":12.929169248197676}},"cameras":{}}