# This file was generated by Animated Java via MC-Build. It is not recommended to edit this file directly.
$data merge entity $(bone_jaw) { transformation: [-0.8657502095630214f,0.15848285056828412f,-0.4747207186518573f,1.3587617636147873f,-0.027095822094149458f,0.9323039939873795f,0.3606592286635997f,0.09538300734863853f,0.49974232467005153f,0.3251037509333465f,-0.8028481550470434f,3.248134032937525f,0f,0f,0f,1f], start_interpolation: 0, interpolation_duration: 1 }
$data merge entity $(bone_head) { transformation: [-0.9739689857583991f,0.09057704353029546f,-0.5557024509268129f,1.2352723300754955f,-0.03048279985591814f,1.1002356583878663f,0.23276016610400185f,0.1471074887050834f,0.5622101152538079f,0.21656937733005902f,-0.9500749923606929f,3.0370062568573712f,0f,0f,0f,1f], start_interpolation: 0, interpolation_duration: 1 }
$data merge entity $(bone_neck) { transformation: [-0.9732767815794757f,0.08051292758248485f,-0.21505807339041094f,1.4616310506791343f,0.035466324745339006f,0.9779872519003256f,0.20562848764095729f,-0.7426639826034045f,0.22687980572839883f,0.19250611318227467f,-0.9547077825911432f,1.9433285353817011f,0f,0f,0f,1f], start_interpolation: 0, interpolation_duration: 1 }
$data merge entity $(bone_right_arm2) { transformation: [-0.9374173117475089f,0.08235873348559293f,-0.33832798089239235f,0.1177280640580935f,0.00960627297928135f,0.977373137456129f,0.21130421126567828f,-2.1740487819623926f,0.3480754273940082f,0.19483015474461843f,-0.9169976595644433f,2.313800961771406f,0f,0f,0f,1f], start_interpolation: 0, interpolation_duration: 1 }
$data merge entity $(bone_right_arm1) { transformation: [-1.064359239379984f,0.09351147864510029f,-0.38414322830490377f,0.28616632481551096f,0.010907122445225698f,1.1097257498199797f,0.23991832320790552f,-0.748976854112095f,0.3952106415202801f,0.2212134048662855f,-1.041174425963795f,1.8303060778625357f,0f,0f,0f,1f], start_interpolation: 0, interpolation_duration: 1 }
$data merge entity $(bone_left_arm2) { transformation: [-0.9374173117475089f,0.08235873348559293f,-0.33832798089239235f,1.758208359616234f,0.00960627297928135f,0.977373137456129f,0.21130421126567828f,-2.190859759676135f,0.3480754273940082f,0.19483015474461843f,-0.9169976595644433f,1.7046689638318921f,0f,0f,0f,1f], start_interpolation: 0, interpolation_duration: 1 }
$data merge entity $(bone_left_arm1) { transformation: [-1.064359239379984f,0.09351147864510029f,-0.38414322830490377f,1.3407608005314584f,0.010907122445225698f,1.1097257498199797f,0.23991832320790552f,-0.7597839112137865f,0.3952106415202801f,0.2212134048662855f,-1.041174425963795f,1.4387212220442767f,0f,0f,0f,1f], start_interpolation: 0, interpolation_duration: 1 }
$data merge entity $(bone_body2) { transformation: [-1.4842440769335559f,0.13040132801885548f,-0.5356859697462879f,0.9701371573034708f,0.01520993221719547f,1.547507467638871f,0.3345650011706573f,-0.5f,0.5511194267071797f,0.30848107834564586f,-1.4519129609770354f,0.6129675150862752f,0f,0f,0f,1f], start_interpolation: 0, interpolation_duration: 1 }
$data merge entity $(bone_right_leg2) { transformation: [-0.9487330856015586f,0.02296561252859998f,-0.3152429427063075f,-0.7831520000314323f,0f,0.9973569167005722f,0.07265797072261057f,-2.5945108553928793f,0.3160783641519078f,0.06893302075721006f,-0.9462255050273904f,0.662340073581331f,0f,0f,0f,1f], start_interpolation: 0, interpolation_duration: 1 }
$data merge entity $(bone_right_leg1) { transformation: [-1.2649774474687447f,-0.10841813561989624f,-0.4072534137879549f,-0.44881537653949655f,0f,1.2884571042395934f,-0.3430103035074882f,-1.125f,0.4214378188692104f,-0.3254252236397863f,-1.2224018841704782f,0.4794620593901768f,0f,0f,0f,1f], start_interpolation: 0, interpolation_duration: 1 }
$data merge entity $(bone_left_leg2) { transformation: [-0.6427417580628005f,-0.2789242907509246f,-0.7135014172876143f,1.6433752942145838f,0f,0.9313631768133372f,-0.3640915171713951f,-2.165157502989544f,0.7660829148612704f,-0.23401682184249453f,-0.5986260056599593f,0.18917314394879362f,0f,0f,0f,1f], start_interpolation: 0, interpolation_duration: 1 }
$data merge entity $(bone_left_leg1) { transformation: [-0.8569890107504007f,-0.8592430577504493f,-0.5523123943371955f,0.6054239307266107f,0f,0.7209564181929489f,-1.121605822401155f,-1.125f,1.021443886481694f,-0.7209028981435913f,-0.4633887957159957f,-0.19216245104335292f,0f,0f,0f,1f], start_interpolation: 0, interpolation_duration: 1 }
$data merge entity $(bone_tail3) { transformation: [0.2603909981114038f,0.2485252849102316f,-0.9329692979208025f,-3.0211119612543227f,-0.180478141505052f,0.9618003906916482f,0.20583403242485243f,0.12988402993316694f,0.948485196796149f,0.11478323582161722f,0.2952975452537485f,-0.32839181554545455f,0f,0f,0f,1f], start_interpolation: 0, interpolation_duration: 1 }
$data merge entity $(bone_tail2) { transformation: [0.40143612208841417f,0.38314314756994033f,-1.4383276676279038f,-1.2935964815781926f,-0.2782371348202885f,1.4827756023162908f,0.3173274666549808f,-0.45724178155475836f,1.4622480117273962f,0.17695748855832652f,0.4552503822661956f,-0.7825821990621531f,0f,0f,0f,1f], start_interpolation: 0, interpolation_duration: 1 }
$data merge entity $(bone_tail1) { transformation: [-0.4043236417996439f,0.2550020560801196f,-0.8783486460835384f,-0.32243813274687105f,0f,0.9603469262947044f,0.278807785322278f,-0.75f,0.9146159809897667f,0.11272857912359675f,-0.3882909666305691f,-0.4853897766924144f,0f,0f,0f,1f], start_interpolation: 0, interpolation_duration: 1 }
data modify entity @s data merge value {"locators":{"head":{"posx":1.339313542260557,"posy":-0.5287901454281762,"posz":3.180599656218642,"roty":329.6764735643503,"rotx":11.940624408593994},"neck":{"posx":0.9716825712197661,"posy":-1.1173796006484769,"posz":2.1039171186264403,"roty":347.3054040400663,"rotx":11.866292584391859},"right_arm":{"posx":0.14594473903447744,"posy":-3.2564736329901556,"posz":2.599224351021135,"roty":339.7483675030019,"rotx":12.198793306091536},"left_arm":{"posx":1.9036021985610565,"posy":-3.274485394826308,"posz":1.9465829246573698,"roty":339.7483675030019,"rotx":12.198793306091536},"tail1":{"posx":-2.1539557123453434,"posy":-1.0145214095932769,"posz":-0.7842132131659325,"roty":252.4367082193671,"rotx":11.878326864004816},"tail2":{"posx":-3.8720966277794533,"posy":-1.0166973396106418,"posz":-0.3129399433560936,"roty":252.4367082193671,"rotx":11.878326864004816}},"cameras":{}}