# This file was generated by Animated Java via MC-Build. It is not recommended to edit this file directly.
$data merge entity $(bone_jaw) { transformation: [-0.7931027161770989f,0.17165752600799813f,-0.5843986442124262f,1.3520552017452223f,-0.052855277046874136f,0.9364494114210853f,0.34679795203749564f,0.10642874570554181f,0.6067902448794036f,0.30593494997125836f,-0.7336275656661743f,3.2304823312243083f,0f,0f,0f,1f], start_interpolation: 0, interpolation_duration: 1 }
$data merge entity $(bone_head) { transformation: [-0.8922405556992363f,0.08923852617134044f,-0.6793881631381913f,1.2010800543811797f,-0.059462186677733404f,1.1011277211683008f,0.22272626704142273f,0.15592347171474685f,0.6826390254893291f,0.2125540569395742f,-0.8685906594924373f,3.0374621846704333f,0f,0f,0f,1f], start_interpolation: 0, interpolation_duration: 1 }
$data merge entity $(bone_neck) { transformation: [-0.9762706797635472f,0.07932313437452483f,-0.20150285404187912f,1.4412134950809938f,0.0379651207547272f,0.9787801965940452f,0.20136528092350295f,-0.7394037567934437f,0.21319992833043067f,0.18893693950184373f,-0.9585659202431389f,1.9512819120869584f,0f,0f,0f,1f], start_interpolation: 0, interpolation_duration: 1 }
$data merge entity $(bone_right_arm2) { transformation: [-0.9424336129934773f,0.08220662933902072f,-0.3241310771783194f,0.08796982451105523f,0.013392257524411047f,0.9778121103668999f,0.20905531387226084f,-2.165792182700846f,0.3341250253100786f,0.19267990791088338f,-0.9226239323521761f,2.306718441582455f,0f,0f,0f,1f], start_interpolation: 0, interpolation_duration: 1 }
$data merge entity $(bone_right_arm1) { transformation: [-1.0700548314196772f,0.0933387770620131f,-0.36802382721288346f,0.26753641401888695f,0.015205792397508374f,1.110224166979084f,0.23736488762579613f,-0.742873340033489f,0.379371122487485f,0.2187719787738155f,-1.0475625898581997f,1.8208927968139688f,0f,0f,0f,1f], start_interpolation: 0, interpolation_duration: 1 }
$data merge entity $(bone_left_arm2) { transformation: [-0.9424336129934773f,0.08220662933902072f,-0.3241310771783194f,1.7372286472496403f,0.013392257524411047f,0.9778121103668999f,0.20905531387226084f,-2.1892286333685655f,0.3341250253100786f,0.19267990791088338f,-0.9226239323521761f,1.7219996472898171f,0f,0f,0f,1f], start_interpolation: 0, interpolation_duration: 1 }
$data merge entity $(bone_left_arm1) { transformation: [-1.0700548314196772f,0.0933387770620131f,-0.36802382721288346f,1.3277742286365488f,0.015205792397508374f,1.110224166979084f,0.23736488762579613f,-0.7579396297484515f,0.379371122487485f,0.2187719787738155f,-1.0475625898581997f,1.44500214334013f,0f,0f,0f,1f], start_interpolation: 0, interpolation_duration: 1 }
$data merge entity $(bone_body2) { transformation: [-1.4921865539063393f,0.1301604964534495f,-0.5132075388656724f,0.9701371573034708f,0.02120440774698416f,1.548202508080925f,0.33100424696441305f,-0.5f,0.5290312900742912f,0.3050765208588987f,-1.460821226224279f,0.6129675150862752f,0f,0f,0f,1f], start_interpolation: 0, interpolation_duration: 1 }
$data merge entity $(bone_right_leg2) { transformation: [-0.9353108659198208f,0.04171753404458606f,-0.35135912033922495f,-0.846816637342269f,1.734723475976807e-18f,0.9930250285762303f,0.11790374303293746f,-2.589999080270755f,0.35382705392933866f,0.1102766519913248f,-0.928787099357689f,0.487220358510873f,0f,0f,0f,1f], start_interpolation: 0, interpolation_duration: 1 }
$data merge entity $(bone_right_leg1) { transformation: [-1.247081154559761f,-0.057946907841218684f,-0.4681971033563884f,-0.44881537653949655f,2.3129646346357427e-18f,1.323237152605889f,-0.16377184050146437f,-1.125f,0.4717694052391182f,-0.15317758195270742f,-1.2376380870210921f,0.4794620593901768f,0f,0f,0f,1f], start_interpolation: 0, interpolation_duration: 1 }
$data merge entity $(bone_left_leg2) { transformation: [-0.6087614290087208f,-0.48856134577694427f,-0.6250738628065339f,1.8713145473906656f,0f,0.7878883607864726f,-0.6158180989035684f,-1.7984477054335704f,0.7933533402912352f,-0.3748863058979702f,-0.47963604441171165f,0.3065124276984562f,0f,0f,0f,1f], start_interpolation: 0, interpolation_duration: 1 }
$data merge entity $(bone_left_leg1) { transformation: [-0.811681905344961f,-1.0218561459892757f,-0.2734232601979866f,0.6054239307266107f,0f,0.34464247682831284f,-1.2880214831063275f,-1.125f,1.0578044537216469f,-0.7840977986497399f,-0.2098050466911086f,-0.19216245104335292f,0f,0f,0f,1f], start_interpolation: 0, interpolation_duration: 1 }
$data merge entity $(bone_tail3) { transformation: [0.3251283750944402f,0.2125825849862849f,-0.9214663229163604f,-3.038657583692502f,-0.15761874416118768f,0.9729577370383107f,0.16884778182238488f,0.01755404607047517f,0.9324418862307179f,0.09034315966269162f,0.34984316815490674f,-0.19213894623631633f,0f,0f,0f,1f], start_interpolation: 0, interpolation_duration: 1 }
$data merge entity $(bone_tail2) { transformation: [0.5012395782705953f,0.3277314851871892f,-1.4205939144960555f,-1.3171683277859174f,-0.2429955639151643f,1.4999765112673955f,0.26030699697617665f,-0.4998771166962498f,1.4375145746056899f,0.13927903781331621f,0.5393415509054812f,-0.7458054665891549f,0f,0f,0f,1f], start_interpolation: 0, interpolation_duration: 1 }
$data merge entity $(bone_tail1) { transformation: [-0.36532361700412463f,0.2215284129976757f,-0.9041370565869731f,-0.32261738808495655f,0f,0.9712707254610365f,0.23797726333074706f,-0.75f,0.9308805803426258f,0.08693871460473154f,-0.354828134515646f,-0.48567115121122867f,0f,0f,0f,1f], start_interpolation: 0, interpolation_duration: 1 }
data modify entity @s data merge value {"locators":{"head":{"posx":1.3402220296021548,"posy":-0.5176825586680378,"posz":3.1606517806741246,"roty":321.96844217270234,"rotx":11.41879566654687},"neck":{"posx":0.9485198365640084,"posy":-1.112634430254285,"posz":2.1068512639693746,"roty":348.1285422168943,"rotx":11.616808303848044},"right_arm":{"posx":0.10892663294910188,"posy":-3.247294933908601,"posz":2.59623331392954,"roty":340.64289014431915,"rotx":12.066996978002933},"left_arm":{"posx":1.8759896573118717,"posy":-3.2724054167668717,"posz":1.9697488914731418,"roty":340.64289014431915,"rotx":12.066996978002933},"tail1":{"posx":-2.150754410417434,"posy":-1.0938102264519447,"posz":-0.689600894008515,"roty":249.2102734212841,"rotx":9.720833420992584},"tail2":{"posx":-3.8359970331274535,"posy":-1.164476106517216,"posz":-0.11392756120646404,"roty":249.2102734212841,"rotx":9.720833420992584}},"cameras":{}}