# This file was generated by Animated Java via MC-Build. It is not recommended to edit this file directly.
$data merge entity $(bone_jaw) { transformation: [-0.9993681781030508f,0.004781301394608669f,-0.03521908221352463f,0.2716686604599556f,0.0019625340806112505f,0.9968218408454421f,0.0796389733327007f,0.5137567679248985f,0.03548792829923343f,0.07951953703636665f,-0.9962014104459752f,3.3121449762388195f,0f,0f,0f,1f], start_interpolation: 0, interpolation_duration: 1 }
$data merge entity $(bone_head) { transformation: [-1.1242892003659322f,0.003971218101551302f,-0.03978722618282132f,0.2628270546415508f,0.0022078508406876566f,1.1238955324247117f,0.04978913124808354f,0.5248210193133616f,0.03992391933663761f,0.049679589597374146f,-1.123193224268308f,3.062546481956973f,0f,0f,0f,1f], start_interpolation: 0, interpolation_duration: 1 }
$data merge entity $(bone_neck) { transformation: [-0.9985843035380081f,0.00352997164582338f,-0.05307474001529469f,0.7152453852744406f,0.0011777671561539187f,0.9990182510441883f,0.04428483877284794f,-0.5012433244962264f,0.05317895816991271f,0.04415963519766591f,-0.9976081019253862f,2.1784808076601205f,0f,0f,0f,1f], start_interpolation: 0, interpolation_duration: 1 }
$data merge entity $(bone_right_arm2) { transformation: [-0.9968202992911658f,0.00352997164582338f,-0.079604209821155f,-0.645531071150317f,0f,0.9990182510441883f,0.04430049752103526f,-1.9456384036574412f,0.07968243797142999f,0.04415963519766591f,-0.9958416720032047f,2.411284997774793f,0f,0f,0f,1f], start_interpolation: 0, interpolation_duration: 1 }
$data merge entity $(bone_right_arm1) { transformation: [-1.1318063814868444f,0.0040079886395286285f,-0.09038394656776973f,-0.38411953408872856f,0f,1.1343019725397554f,0.05029952322700878f,-0.6039703571162323f,0.09047276811339446f,0.050139585797349825f,-1.1306952317536385f,1.7597026076034545f,0f,0f,0f,1f], start_interpolation: 0, interpolation_duration: 1 }
$data merge entity $(bone_left_arm2) { transformation: [-0.9968202992911658f,0.00352997164582338f,-0.079604209821155f,1.098904452609223f,0f,0.9990182510441883f,0.04430049752103526f,-1.9456384036574412f,0.07968243797142999f,0.04415963519766591f,-0.9958416720032047f,2.2718407313247906f,0f,0f,0f,1f], start_interpolation: 0, interpolation_duration: 1 }
$data merge entity $(bone_left_arm1) { transformation: [-1.1318063814868444f,0.0040079886395286285f,-0.09038394656776973f,0.7373033026138329f,0f,1.1343019725397554f,0.05029952322700878f,-0.6039703571162323f,0.09047276811339446f,0.050139585797349825f,-1.1306952317536385f,1.6700598648855958f,0f,0f,0f,1f], start_interpolation: 0, interpolation_duration: 1 }
$data merge entity $(bone_body2) { transformation: [-1.5782988072110127f,0.005589121772553685f,-0.12603999888349543f,0.6005937104286663f,0f,1.5817788974866316f,0.07014245440830583f,-0.5f,0.12616386012143083f,0.06991942239630436f,-1.5767493140050743f,0.7441984269556599f,0f,0f,0f,1f], start_interpolation: 0, interpolation_duration: 1 }
$data merge entity $(bone_right_leg2) { transformation: [-0.9990182510441882f,-0.0003926301738920177f,-0.04429875756900849f,-0.9980286233108182f,0f,0.9999607238716498f,-0.008862884072703303f,-2.590124270832117f,0.04430049752103511f,-0.00885418294551947f,-0.998979013475136f,-0.11110964769502107f,0f,0f,0f,1f], start_interpolation: 0, interpolation_duration: 1 }
$data merge entity $(bone_right_leg1) { transformation: [-1.3320243347255842f,-0.007310399879266745f,-0.05861320269570173f,-0.617540834657277f,0f,1.323082267143175f,-0.16501846002509474f,-1.125f,0.059067330028046816f,-0.16485645332427545f,-1.321783332508954f,0.004334770551142397f,0f,0f,0f,1f], start_interpolation: 0, interpolation_duration: 1 }
$data merge entity $(bone_left_leg2) { transformation: [-0.9892763163917384f,0.024871901905849987f,-0.14392275123127313f,0.9220796707423959f,0f,0.9853939699536257f,0.1702901170914885f,-2.508392203647512f,0.14605605029026753f,0.1684639797541856f,-0.9748269167903543f,-0.6890650418053385f,0f,0f,0f,1f], start_interpolation: 0, interpolation_duration: 1 }
$data merge entity $(bone_left_leg1) { transformation: [-1.3190350885223179f,0.0258136985429299f,-0.1930229675251981f,0.6241712038508086f,0f,1.3215677621131743f,0.17673830349121802f,-1.125f,0.19474140038702337f,0.1748430178431173f,-1.3073956875653945f,-0.13937053006123798f,0f,0f,0f,1f], start_interpolation: 0, interpolation_duration: 1 }
$data merge entity $(bone_tail3) { transformation: [-0.9409420324207362f,0.01682188317589555f,-0.33814954660675045f,-0.9414646439985133f,-0.010562204178836077f,0.9968202992911657f,0.07897930592221855f,-0.32910610556162007f,0.3384029129112498f,0.07788655318787274f,-0.9377724422084996f,-3.60631698483524f,0f,0f,0f,1f], start_interpolation: 0, interpolation_duration: 1 }
$data merge entity $(bone_tail2) { transformation: [-1.4506189666486347f,0.025933736562838972f,-0.5213138843520736f,-0.4283406370305098f,-0.01628339810903895f,1.5367646280738803f,0.12175976329675359f,-0.6653849631936414f,0.5217044907381767f,0.1200751028313038f,-1.4457325150714369f,-1.8206701213181802f,0f,0f,0f,1f], start_interpolation: 0, interpolation_duration: 1 }
$data merge entity $(bone_tail1) { transformation: [-0.9774619749435719f,0.01682188317589555f,-0.2104402808062861f,-0.08288512600349329f,4.336808689942018e-19f,0.9968202992911657f,0.07968243797143011f,-0.75f,0.211111552358965f,0.07788655318787274f,-0.9743539384089852f,-0.8123474924371041f,0f,0f,0f,1f], start_interpolation: 0, interpolation_duration: 1 }
$data merge entity $(bone_body1) { transformation: [-1.3244928410752912f,0f,-0.15328565398653904f,0.5f,0f,1.3333333333333333f,0f,-1.1875f,0.15328565398653904f,0f,-1.3244928410752912f,-0.12499999999999994f,0f,0f,0f,1f], start_interpolation: 0, interpolation_duration: 1 }
data modify entity @s data merge value {"locators":{"head":{"posx":0.2716728296359171,"posy":-0.11339570182483494,"posz":3.3469448278107397,"roty":357.97124190135486,"rotx":2.53656814741416},"neck":{"posx":0.2212638366401647,"posy":-0.880821889906326,"posz":2.3132114362866254,"roty":356.9546213964047,"rotx":2.538164438457185},"right_arm":{"posx":-0.6715602065912608,"posy":-2.966806903462147,"posz":2.870026350951944,"roty":355.4296875,"rotx":2.5390625},"left_arm":{"posx":1.1974778545796751,"posy":-2.966806903462147,"posz":2.7206217797555126,"roty":355.4296875,"rotx":2.5390625},"tail1":{"posx":-0.5558171086519803,"posy":-1.357381639318136,"posz":-2.5661039543413344,"roty":340.17130149812004,"rotx":4.529898629505547},"tail2":{"posx":-1.1537524856331733,"posy":-1.593006888800027,"posz":-4.236040084636604,"roty":340.17130149812004,"rotx":4.529898629505547}},"cameras":{}}