# This file was generated by Animated Java via MC-Build. It is not recommended to edit this file directly.
$data merge entity $(bone_jaw) { transformation: [-0.7515875153644084f,0.17739791510054032f,-0.6353315563281403f,1.3501337923394736f,-0.06508874991965416f,0.9385134152369057f,0.33905165396183534f,0.11185060894182998f,0.656414245261521f,0.296179926967276f,-0.6938283573618241f,3.2200473042284923f,0f,0f,0f,1f], start_interpolation: 0, interpolation_duration: 1 }
$data merge entity $(bone_head) { transformation: [-0.8455359547849595f,0.08852004407323699f,-0.7367890817344944f,1.1864028852873638f,-0.07322484365961093f,1.1015642501682423f,0.216377736891537f,0.15993455047328264f,0.7384660259192112f,0.21058348593503212f,-0.8221602787866473f,3.0373450200536816f,0f,0f,0f,1f], start_interpolation: 0, interpolation_duration: 1 }
$data merge entity $(bone_neck) { transformation: [-0.9774749831884708f,0.07868448362065511f,-0.1958351584319059f,1.4324220468087296f,0.03889322890531689f,0.979168222371771f,0.19929101596064094f,-0.7379543497813618f,0.2074366746407623f,0.18718532083113967f,-0.9601727353342867f,1.9546019318911068f,0f,0f,0f,1f], start_interpolation: 0, interpolation_duration: 1 }
$data merge entity $(bone_right_arm2) { transformation: [-0.9445191264823911f,0.08214786591161728f,-0.31801784200750105f,0.07524903602389837f,0.01500814323229764f,0.9780019195912568f,0.20805528330839324f,-2.162206277869708f,0.3281133574630265f,0.19173933712721522f,-0.9249744057282647f,2.3035652023564457f,0f,0f,0f,1f], start_interpolation: 0, interpolation_duration: 1 }
$data merge entity $(bone_right_arm1) { transformation: [-1.0724227581935482f,0.09327205608714878f,-0.3610827581126834f,0.25959307067848636f,0.017040495961671277f,1.110439679535906f,0.2362294362564048f,-0.740230795891756f,0.37254537461947795f,0.2177040390298589f,-1.0502313565039672f,1.816767754190538f,0f,0f,0f,1f], start_interpolation: 0, interpolation_duration: 1 }
$data merge entity $(bone_left_arm2) { transformation: [-0.9445191264823911f,0.08214786591161728f,-0.31801784200750105f,1.728157507368083f,0.01500814323229764f,0.9780019195912568f,0.20805528330839324f,-2.1884705285262287f,0.3281133574630265f,0.19173933712721522f,-0.9249744057282647f,1.7293668267961495f,0f,0f,0f,1f], start_interpolation: 0, interpolation_duration: 1 }
$data merge entity $(bone_left_arm1) { transformation: [-1.0724227581935482f,0.09327205608714878f,-0.3610827581126834f,1.3221770879711765f,0.017040495961671277f,1.110439679535906f,0.2362294362564048f,-0.7571149570280908f,0.37254537461947795f,0.2177040390298589f,-1.0502313565039672f,1.4476402270446334f,0f,0f,0f,1f], start_interpolation: 0, interpolation_duration: 1 }
$data merge entity $(bone_body2) { transformation: [-1.4954886169304527f,0.1300674543600607f,-0.50352824984521f,0.9701371573034708f,0.023762893451137933f,1.5485030393528234f,0.32942086523828934f,-0.5f,0.5195128159831254f,0.30358728378475747f,-1.4645428090697525f,0.6129675150862752f,0f,0f,0f,1f], start_interpolation: 0, interpolation_duration: 1 }
$data merge entity $(bone_right_leg2) { transformation: [-0.9278034936311763f,0.05251956032412833f,-0.3693539941426708f,-0.8844078070068492f,0f,0.9900413350581843f,0.14077696855738914f,-2.57718593743442f,0.37306926596248025f,0.1306133632503519f,-0.9185638095062574f,0.401342038670389f,0f,0f,0f,1f], start_interpolation: 0, interpolation_duration: 1 }
$data merge entity $(bone_right_leg1) { transformation: [-1.2370713248415683f,-0.026667010942700804f,-0.4967103638539128f,-0.44881537653949655f,0f,1.3314159304236741f,-0.07148005310462298f,-1.125f,0.49742568794997366f,-0.06631944299541122f,-1.235292351723288f,0.4794620593901768f,0f,0f,0f,1f], start_interpolation: 0, interpolation_duration: 1 }
$data merge entity $(bone_left_leg2) { transformation: [-0.5707852242979726f,-0.5340731278627584f,-0.6236746923020069f,1.9213016978794193f,-2.7755575615628914e-17f,0.7595605244561776f,-0.6504366300323625f,-1.7277991559038284f,0.8210994018528532f,-0.3712596177646392f,-0.4335459243196049f,0.2658619801331634f,0f,0f,0f,1f], start_interpolation: 0, interpolation_duration: 1 }
$data merge entity $(bone_left_leg1) { transformation: [-0.7610469657306301f,-1.0711703958294017f,-0.226228373173354f,0.6054239307266107f,-3.700743415417188e-17f,0.2755188624700713f,-1.30455629782734f,-1.125f,1.094799202470471f,-0.7446214590647108f,-0.1572620957133019f,-0.19216245104335292f,0f,0f,0f,1f], start_interpolation: 0, interpolation_duration: 1 }
$data merge entity $(bone_tail3) { transformation: [0.35392251075226566f,0.19300895320317366f,-0.9151428305823238f,-3.0450605648464384f,-0.14469472985222537f,0.9779937369125151f,0.15030530833235925f,-0.04018558826421148f,0.9240142269120125f,0.07921991254292818f,0.3740613772108621f,-0.13041368761237515f,0f,0f,0f,1f], start_interpolation: 0, interpolation_duration: 1 }
$data merge entity $(bone_tail2) { transformation: [0.5456305374097429f,0.29755546952155937f,-1.4108451971477491f,-1.3277365792045912f,-0.22307104185551407f,1.507740344406794f,0.23172068367905382f,-0.5223814303072816f,1.424521933156019f,0.12213069850368093f,0.5766779565334124f,-0.7284248413154836f,0f,0f,0f,1f], start_interpolation: 0, interpolation_duration: 1 }
$data merge entity $(bone_tail1) { transformation: [-0.347140258939264f,0.20297993186176877f,-0.9155833047216254f,-0.3227270712081304f,1.3877787807814457e-17f,0.9762960071199334f,0.21643961393810285f,-0.75f,0.9378132226747398f,0.07513490362718735f,-0.3389116487129832f,-0.4858433192277278f,0f,0f,0f,1f], start_interpolation: 0, interpolation_duration: 1 }
data modify entity @s data merge value {"locators":{"head":{"posx":1.3418887168395917,"posy":-0.5121505154233901,"posz":3.1487320497527325,"roty":318.1345010985492,"rotx":11.089128321293577},"neck":{"posx":0.9386572686607368,"posy":-1.1106071957131975,"posz":2.1081473658165963,"roty":348.4721657190945,"rotx":11.495502646559189},"right_arm":{"posx":0.09307764571088217,"posy":-3.2432978301631428,"posz":2.594820152934802,"roty":341.026385310341,"rotx":12.008411176461966},"left_arm":{"posx":1.8640510078653658,"posy":-3.2714380987237006,"posz":1.9796076076916274,"roty":341.026385310341,"rotx":12.008411176461966},"tail1":{"posx":-2.1458943039763523,"posy":-1.134454992281643,"posz":-0.6461743572542136,"roty":247.76788534282156,"rotx":8.644620031656581},"tail2":{"posx":-3.813152658128161,"posy":-1.2392556320249355,"posz":-0.023980298143858478,"roty":247.76788534282156,"rotx":8.644620031656581}},"cameras":{}}