# This file was generated by Animated Java via MC-Build. It is not recommended to edit this file directly.
$data merge entity $(bone_jaw) { transformation: [-0.7078838576921438f,0.18257993952736282f,-0.6823232442919364f,1.3499114963574814f,-0.07661766421165034f,0.9404648751357993f,0.33114279724396256f,0.11687308911134422f,0.7021610766409937f,0.2866886539749871f,-0.651751055336599f,3.208883374416804f,0f,0f,0f,1f], start_interpolation: 0, interpolation_duration: 1 }
$data merge entity $(bone_head) { transformation: [-0.7963693399036618f,0.08777348982992825f,-0.789757360804242f,1.1744098606232054f,-0.08619487223810662f,1.1019760887327237f,0.20938993256884253f,0.16340418523775369f,0.7899312112211179f,0.20873311750750875f,-0.7733460850061464f,3.0370286888598823f,0f,0f,0f,1f], start_interpolation: 0, interpolation_duration: 1 }
$data merge entity $(bone_neck) { transformation: [-0.9784121882353726f,0.07802087984882511f,-0.19136962198866658f,1.4252309520357234f,0.03950796880506695f,0.9795343010957545f,0.19736178297165227f,-0.7367485454145513f,0.2028514488816084f,0.18554054889556335f,-0.9614707454739146f,1.9572711505199867f,0f,0f,0f,1f], start_interpolation: 0, interpolation_duration: 1 }
$data merge entity $(bone_right_arm2) { transformation: [-0.9461919948402693f,0.08210286281839405f,-0.31301729795207156f,0.06488483719492488f,0.016323405778714703f,0.978157492760973f,0.20722322693016493f,-2.159259613362123f,0.323193835529045f,0.19096345009606208f,-0.92686498768884f,2.3009399000509916f,0f,0f,0f,1f], start_interpolation: 0, interpolation_duration: 1 }
$data merge entity $(bone_right_arm1) { transformation: [-1.0743221608082223f,0.09322095882505156f,-0.3554050570497479f,0.25313045068960205f,0.01853386697791565f,1.110616319905688f,0.23528470557695808f,-0.738062999904706f,0.36695966742360314f,0.21682308396323713f,-1.0523779547717036f,1.8133616756631692f,0f,0f,0f,1f], start_interpolation: 0, interpolation_duration: 1 }
$data merge entity $(bone_left_arm2) { transformation: [-0.9461919948402693f,0.08210286281839405f,-0.31301729795207156f,1.7207208281653963f,0.016323405778714703f,0.978157492760973f,0.20722322693016493f,-2.187825573474874f,0.323193835529045f,0.19096345009606208f,-0.92686498768884f,1.735350687875163f,0f,0f,0f,1f], start_interpolation: 0, interpolation_duration: 1 }
$data merge entity $(bone_left_arm1) { transformation: [-1.0743221608082223f,0.09322095882505156f,-0.3554050570497479f,1.3175964448849051f,0.01853386697791565f,1.110616319905688f,0.23528470557695808f,-0.7564268314057601f,0.36695966742360314f,0.21682308396323713f,-1.0523779547717036f,1.4497686106929937f,0f,0f,0f,1f], start_interpolation: 0, interpolation_duration: 1 }
$data merge entity $(bone_body2) { transformation: [-1.4981373251637597f,0.12999619946245725f,-0.4956107217574467f,0.9701371573034708f,0.025845392482964948f,1.5487493635382072f,0.3281034426394278f,-0.5f,0.511723572920988f,0.30235879598543164f,-1.46753623050733f,0.6129675150862752f,0f,0f,0f,1f], start_interpolation: 0, interpolation_duration: 1 }
$data merge entity $(bone_right_leg2) { transformation: [-0.9198559497695321f,0.064075926612611f,-0.38698747693217095f,-0.9248682611316669f,2.168404344971009e-19f,0.9865678212177587f,0.16335217824579024f,-2.5576016812968607f,0.3922563341408169f,0.15026047306720328f,-0.9075002801983194f,0.319107533988235f,0f,0f,0f,1f], start_interpolation: 0, interpolation_duration: 1 }
$data merge entity $(bone_right_leg1) { transformation: [-1.2264745996927093f,0.007921958504368292f,-0.5229484455085809f,-0.44881537653949655f,2.8912057932946783e-19f,1.3331803721003688f,0.020195871461757893f,-1.125f,0.5230084455210892f,0.018577292524878695f,-1.2263338973924829f,0.4794620593901768f,0f,0f,0f,1f], start_interpolation: 0, interpolation_duration: 1 }
$data merge entity $(bone_left_leg2) { transformation: [-0.5141401691746535f,-0.56277072861575f,-0.6472626927719197f,1.957019627092253f,5.551115123125783e-17f,0.7546438511961708f,-0.6561346339371301f,-1.7070312831232455f,0.8577061772198324f,-0.33734517169378553f,-0.3879927173206113f,0.1808203354653322f,0f,0f,0f,1f], start_interpolation: 0, interpolation_duration: 1 }
$data merge entity $(bone_left_leg1) { transformation: [-0.6855202255662047f,-1.122437591013366f,-0.21902888484752242f,0.6054239307266107f,7.401486830834377e-17f,0.2553658708131056f,-1.3086504689188945f,-1.125f,1.14360823629311f,-0.6728297734804501f,-0.13129385202128274f,-0.19216245104335292f,0f,0f,0f,1f], start_interpolation: 0, interpolation_duration: 1 }
$data merge entity $(bone_tail3) { transformation: [0.3787865724901597f,0.17263801888075397f,-0.9092397081837582f,-3.0508836070825867f,-0.13088017326975615f,0.982566429876132f,0.13203632502213467f,-0.09819370037417913f,0.9161829035438479f,0.06898786355150166f,0.39477786404073356f,-0.0767797686443934f,0f,0f,0f,1f], start_interpolation: 0, interpolation_duration: 1 }
$data merge entity $(bone_tail2) { transformation: [0.5839626325889962f,0.266150279107829f,-1.401744550116627f,-1.3372391395528123f,-0.20177360045754072f,1.5147899127257034f,0.20355600107579092f,-0.5454586972559088f,1.412448642963432f,0.10635628964189839f,0.6086158737294641f,-0.7127266220052311f,0f,0f,0f,1f], start_interpolation: 0, interpolation_duration: 1 }
$data merge entity $(bone_tail1) { transformation: [-0.3307820564706097f,0.1834265765173715f,-0.9257094156073986f,-0.3228507465086049f,-6.938893903907228e-18f,0.9809286616289661f,0.1943681064238819f,-0.75f,0.9437071744545946f,0.06429348195518995f,-0.32447359994459213f,-0.48603745056312836f,0f,0f,0f,1f], start_interpolation: 0, interpolation_duration: 1 }
data modify entity @s data merge value {"locators":{"head":{"posx":1.3450238553855347,"posy":-0.5069686231051047,"posz":3.135884202746307,"roty":314.398464449637,"rotx":10.72669351967446},"neck":{"posx":0.930688230723311,"posy":-1.1089901467943823,"posz":2.109303012309194,"roty":348.74305254077615,"rotx":11.382725517155096},"right_arm":{"posx":0.0801536236750498,"posy":-3.2400085067270084,"posz":2.593608558519915,"roty":341.33934264678624,"rotx":11.959675688951549},"left_arm":{"posx":1.8542636140005548,"posy":-3.270614892562099,"posz":1.9876201169029555,"roty":341.33934264678624,"rotx":11.959675688951549},"tail1":{"posx":-2.1391682746509817,"posy":-1.1752485245515707,"posz":-0.607580601083834,"roty":246.53025751443244,"rotx":7.587279635939067},"tail2":{"posx":-3.7889183427169404,"posy":-1.3135417067616515,"posz":0.054736208967173294,"roty":246.53025751443244,"rotx":7.587279635939067}},"cameras":{}}