# This file was generated by Animated Java via MC-Build. It is not recommended to edit this file directly.
$data merge entity $(bone_jaw) { transformation: [-0.6188893749970342f,0.19160675671113875f,-0.7617498226441666f,1.3571106880040131f,-0.09702394167686748f,0.943716281862116f,0.316205525077958f,0.12464841497835467f,0.7794628254492095f,0.26960421015069813f,-0.5654655370681345f,3.1857444638780494f,0f,0f,0f,1f], start_interpolation: 0, interpolation_duration: 1 }
$data merge entity $(bone_head) { transformation: [-0.6962505468716635f,0.08619570408771407f,-0.8794489618947385f,1.161677585360738f,-0.10915193438647591f,1.10267179964174f,0.19448845079987992f,0.16786807071166132f,0.8768956786303608f,0.2056944405463358f,-0.6740688139409282f,3.0359513941133986f,0f,0f,0f,1f], start_interpolation: 0, interpolation_duration: 1 }
$data merge entity $(bone_neck) { transformation: [-0.979284707527677f,0.07661840363352362f,-0.18743287285607851f,1.4176236760683938f,0.03950383369464186f,0.9801527107926576f,0.1942681411071589f,-0.7354532367032918f,0.19859735327002362f,0.18283950270785404f,-0.9628752813961351f,1.9600495797169324f,0f,0f,0f,1f], start_interpolation: 0, interpolation_duration: 1 }
$data merge entity $(bone_right_arm2) { transformation: [-0.9479295315273234f,0.08205828783988992f,-0.30772721793038593f,0.053960634810429675f,0.017708397165533407f,0.9783223539831654f,0.20632931048851452f,-2.15612932016808f,0.31798744618021835f,0.19013629083797728f,-0.9288337714457625f,2.2981177322812205f,0f,0f,0f,1f], start_interpolation: 0, interpolation_duration: 1 }
$data merge entity $(bone_right_arm1) { transformation: [-1.0762949889216482f,0.09317034765154167f,-0.3493986120251256f,0.24632765387543343f,0.020106409281699388f,1.1108035060850523f,0.23426973795050082f,-0.7357637037185509f,0.36104824618378956f,0.21588391355562f,-1.054613344662376f,1.809727319205786f,0f,0f,0f,1f], start_interpolation: 0, interpolation_duration: 1 }
$data merge entity $(bone_left_arm2) { transformation: [-0.9479295315273234f,0.08205828783988992f,-0.30772721793038593f,1.7128373149832457f,0.017708397165533407f,0.9783223539831654f,0.20632931048851452f,-2.1871190152077635f,0.31798744618021835f,0.19013629083797728f,-0.9288337714457625f,1.7416397014658387f,0f,0f,0f,1f], start_interpolation: 0, interpolation_duration: 1 }
$data merge entity $(bone_left_arm1) { transformation: [-1.0762949889216482f,0.09317034765154167f,-0.3493986120251256f,1.3127483768436723f,0.020106409281699388f,1.1108035060850523f,0.23426973795050082f,-0.755685650529776f,0.36104824618378956f,0.21588391355562f,-1.054613344662376f,1.4519914422530404f,0f,0f,0f,1f], start_interpolation: 0, interpolation_duration: 1 }
$data merge entity $(bone_body2) { transformation: [-1.5008884249182621f,0.12992562241315905f,-0.4872347617231111f,0.9701371573034708f,0.028038295512094562f,1.5490103938066786f,0.326688074940148f,-0.5f,0.5034801231186791f,0.3010491271601307f,-1.4706534714557908f,0.6129675150862752f,0f,0f,0f,1f], start_interpolation: 0, interpolation_duration: 1 }
$data merge entity $(bone_right_leg2) { transformation: [-0.9030172740824705f,0.08860330443267149f,-0.4203680020556704f,-1.0103638938510293f,-1.734723475976807e-18f,0.9785005902573001f,0.206244017770493f,-2.5015233028026804f,0.42960423963069166f,0.18624191072292715f,-0.8836029357022354f,0.17199765568396014f,0f,0f,0f,1f], start_interpolation: 0, interpolation_duration: 1 }
$data merge entity $(bone_right_leg1) { transformation: [-1.2040230321099605f,0.08357316678821963f,-0.5666761347714437f,-0.44881537653949655f,-2.3129646346357427e-18f,1.319065508428375f,0.1945352468124224f,-1.125f,0.5728056528409222f,0.17566868828951424f,-1.191138939757199f,0.4794620593901768f,0f,0f,0f,1f], start_interpolation: 0, interpolation_duration: 1 }
$data merge entity $(bone_left_leg2) { transformation: [-0.3586938087511499f,-0.5591585203761562f,-0.7474493298239961f,1.966364070629427f,-5.551115123125783e-17f,0.8007339498250554f,-0.5990201512449856f,-1.7866896834608197f,0.9334552756097068f,-0.21486481956875378f,-0.28721831025910144f,-0.07093457304978691f,0f,0f,0f,1f], start_interpolation: 0, interpolation_duration: 1 }
$data merge entity $(bone_left_leg1) { transformation: [-0.4782584116681999f,-1.2051476388544384f,-0.310911302480241f,0.6054239307266107f,-7.401486830834377e-17f,0.33307573550019587f,-1.291060932798596f,-1.125f,1.2446070341462756f,-0.4630955633153409f,-0.11947220416915595f,-0.19216245104335292f,0f,0f,0f,1f], start_interpolation: 0, interpolation_duration: 1 }
$data merge entity $(bone_tail3) { transformation: [0.41233927630562495f,0.13048602765443945f,-0.9016372429102063f,-3.065106690480646f,-0.10115281904482365f,0.9901276229821384f,0.09703297072142816f,-0.21297287339840654f,0.9053973870158003f,0.05119264395111123f,0.4214675370538711f,-0.005299477036431299f,0f,0f,0f,1f], start_interpolation: 0, interpolation_duration: 1 }
$data merge entity $(bone_tail2) { transformation: [0.6356897176378384f,0.20116595930059414f,-1.3900240828199013f,-1.352590468722907f,-0.15594392936076978f,1.5264467520974632f,0.1495924965288684f,-0.5926506536331717f,1.3958209716493586f,0.07892199275796313f,0.6497624529580511f,-0.6895771060924176f,0f,0f,0f,1f], start_interpolation: 0, interpolation_duration: 1 }
$data merge entity $(bone_tail1) { transformation: [-0.3064430112784904f,0.14211004335404542f,-0.9412212367007464f,-0.32314193926509605f,6.938893903907228e-18f,0.9887930527606814f,0.1492926616154069f,-0.75f,0.9518890065751213f,0.045749692787205996f,-0.3030087206192345f,-0.48649453163315365f,0f,0f,0f,1f], start_interpolation: 0, interpolation_duration: 1 }
data modify entity @s data merge value {"locators":{"head":{"posx":1.3580824613938798,"posy":-0.49875194320038296,"posz":3.1089180421268034,"roty":307.4689822653779,"rotx":9.955230647345749},"neck":{"posx":0.9226785300489937,"posy":-1.1075421040416122,"posz":2.1111428530110157,"roty":348.9845837662355,"rotx":11.20197361165613},"right_arm":{"posx":0.06652036021527502,"posy":-3.236509554572657,"posz":2.5922725425523883,"roty":341.66971123154883,"rotx":11.907326694390443},"left_arm":{"posx":1.8438882318290064,"posy":-3.269712799258032,"posz":1.9960460809644789,"roty":341.66971123154883,"rotx":11.907326694390443},"tail1":{"posx":-2.1218730035027065,"posy":-1.2558921011181905,"posz":-0.5513873307081897,"roty":244.9464077944309,"rotx":5.568341143962395},"tail2":{"posx":-3.743540550914089,"posy":-1.4579343325316598,"posz":0.1645856673705377,"roty":244.9464077944309,"rotx":5.568341143962395}},"cameras":{}}