# This file was generated by Animated Java via MC-Build. It is not recommended to edit this file directly.
$data merge entity $(bone_jaw) { transformation: [-0.5764023229382044f,0.1957203973166597f,-0.7933813006276687f,1.3659439002151195f,-0.10574760381886822f,0.9448644615528741f,0.3099170753297811f,0.1268613817184277f,0.8102948885424428f,0.2625350935943733f,-0.5239251074661186f,3.174515215231716f,0f,0f,0f,1f], start_interpolation: 0, interpolation_duration: 1 }
$data merge entity $(bone_head) { transformation: [-0.6484526133054799f,0.08535976489002658f,-0.915340329514227f,1.1625349381008467f,-0.11896605429622675f,1.1029295601845908f,0.18713220780029519f,0.16844631678515998f,0.9115817496102482f,0.20465848579754764f,-0.6267045699279478f,3.0352475330255055f,0f,0f,0f,1f], start_interpolation: 0, interpolation_duration: 1 }
$data merge entity $(bone_neck) { transformation: [-0.9791081826762053f,0.07587534656891252f,-0.1886533816276465f,1.4181906011370171f,0.038736173071218474f,0.9803818312751917f,0.19326400027242097f,-0.7355504652589984f,0.19961632075633406f,0.18191865404226457f,-0.9628389937051549f,1.9598441203419938f,0f,0f,0f,1f], start_interpolation: 0, interpolation_duration: 1 }
$data merge entity $(bone_right_arm2) { transformation: [-0.9478011792152513f,0.08206150154168157f,-0.3081214608606547f,0.05477334516125196f,0.017605409644895473f,0.9783100583097281f,0.206396413150161f,-2.1563630632831563f,0.3183755239169852f,0.1901981592306853f,-0.9286881532548179f,2.2983296405690163f,0f,0f,0f,1f], start_interpolation: 0, interpolation_duration: 1 }
$data merge entity $(bone_right_arm1) { transformation: [-1.0761492555673164f,0.09317399654211761f,-0.34984624201886827f,0.24683343009777492f,0.0199894755343084f,1.1107895453725036f,0.23434592743091193f,-0.7359352682249325f,0.36148887611407693f,0.21595415995984057f,-1.0544480073414078f,1.8099992679725458f,0f,0f,0f,1f], start_interpolation: 0, interpolation_duration: 1 }
$data merge entity $(bone_left_arm2) { transformation: [-0.9478011792152513f,0.08206150154168157f,-0.3081214608606547f,1.713425408787942f,0.017605409644895473f,0.9783100583097281f,0.206396413150161f,-2.1871725301617237f,0.3183755239169852f,0.1901981592306853f,-0.9286881532548179f,1.7411724737142926f,0f,0f,0f,1f], start_interpolation: 0, interpolation_duration: 1 }
$data merge entity $(bone_left_arm1) { transformation: [-1.0761492555673164f,0.09317399654211761f,-0.34984624201886827f,1.3131097567149328f,0.0199894755343084f,1.1107895453725036f,0.23434592743091193f,-0.7557413540754399f,0.36148887611407693f,0.21595415995984057f,-1.0544480073414078f,1.4518268035659376f,0f,0f,0f,1f], start_interpolation: 0, interpolation_duration: 1 }
$data merge entity $(bone_body2) { transformation: [-1.500685200424148f,0.12993071077432916f,-0.4878589796960366f,0.9701371573034708f,0.02787523193775117f,1.5489909256570695f,0.3267943208210883f,-0.5f,0.5040945795352266f,0.3011470854485851f,-1.4704229093201284f,0.6129675150862752f,0f,0f,0f,1f], start_interpolation: 0, interpolation_duration: 1 }
$data merge entity $(bone_right_leg2) { transformation: [-0.8943567530430643f,0.10105545608646345f,-0.43579099701740553f,-1.053092498335586f,-1.734723475976807e-18f,0.9741514880817275f,0.22589572432464494f,-2.4676734413312813f,0.44735444368673427f,0.20203136653330062f,-0.8712389618528431f,0.10964495592219453f,0f,0f,0f,1f], start_interpolation: 0, interpolation_duration: 1 }
$data merge entity $(bone_right_leg1) { transformation: [-1.1924756707240856f,0.12250463169444362f,-0.5837569423333042f,-0.44881537653949655f,-2.3129646346357427e-18f,1.304909229295792f,0.27384243841384315f,-1.125f,0.5964725915823124f,0.24491283406520006f,-1.167054381328912f,0.4794620593901768f,0f,0f,0f,1f], start_interpolation: 0, interpolation_duration: 1 }
$data merge entity $(bone_left_leg2) { transformation: [-0.26934005395322624f,-0.5220602758607812f,-0.8092644831602573f,1.9286284632777333f,-5.551115123125783e-17f,0.8403183322505368f,-0.5420932581057216f,-1.868938117639588f,0.9630451367077626f,-0.14600742738587533f,-0.22633138494624466f,-0.21148451509025723f,0f,0f,0f,1f], start_interpolation: 0, interpolation_duration: 1 }
$data merge entity $(bone_left_leg1) { transformation: [-0.35912007193763495f,-1.2204236328029228f,-0.3992201250004848f,0.6054239307266107f,-7.401486830834377e-17f,0.41453937077679115f,-1.2672548630223361f,-1.125f,1.2840601822770168f,-0.3413224931789244f,-0.11165205649075734f,-0.19216245104335292f,0f,0f,0f,1f], start_interpolation: 0, interpolation_duration: 1 }
$data merge entity $(bone_tail3) { transformation: [0.41887833822215514f,0.1092478188366474f,-0.901446532994432f,-3.075808435326903f,-0.08562348751897123f,0.9930649632450018f,0.08056424244223966f,-0.2688626071073807f,0.9039964359184912f,0.04343837997253644f,0.4253275808033463f,0.006717901237186963f,0f,0f,0f,1f], start_interpolation: 0, interpolation_duration: 1 }
$data merge entity $(bone_tail2) { transformation: [0.6457707714258224f,0.16842372070649805f,-1.3897300716997492f,-1.3582839327897291f,-0.13200287659174728f,1.5309751516693777f,0.1242032070984528f,-0.6164153217575254f,1.3936611720410073f,0.06696750245766034f,0.6557133537384922f,-0.6837632336463095f,0f,0f,0f,1f], start_interpolation: 0, interpolation_duration: 1 }
$data merge entity $(bone_tail1) { transformation: [-0.29991503496451977f,0.12080242215558806f,-0.9462862920932408f,-0.3233103895329328f,0f,0.9919497905614914f,0.1266318009230437f,-0.75f,0.9539659175265284f,0.03797878100145474f,-0.2975006561192977f,-0.4867589455890386f,0f,0f,0f,1f], start_interpolation: 0, interpolation_duration: 1 }
data modify entity @s data merge value {"locators":{"head":{"posx":1.3693740491381172,"posy":-0.4962734965952502,"posz":3.0956329770068534,"roty":304.39820865320064,"rotx":9.575071547562766},"neck":{"posx":0.9237649275390281,"posy":-1.1079835654856387,"posz":2.111787659667456,"roty":348.914218269664,"rotx":11.143329132819192},"right_arm":{"posx":0.06753500034894452,"posy":-3.2367709900651587,"posz":2.5923740282105516,"roty":341.64511541893137,"rotx":11.911255969243472},"left_arm":{"posx":1.8446622113775408,"posy":-3.2697811331493383,"posz":1.9954199208662047,"roty":341.64511541893137,"rotx":11.911255969243472},"tail1":{"posx":-2.112324080628656,"posy":-1.2951231915723658,"posz":-0.5369288613132226,"roty":244.74075637357754,"rotx":4.620999135930375},"tail2":{"posx":-3.7262598723593703,"posy":-1.5269429849926859,"posz":0.18895179172511517,"roty":244.74075637357754,"rotx":4.620999135930375}},"cameras":{}}