# This file was generated by Animated Java via MC-Build. It is not recommended to edit this file directly.
$data merge entity $(bone_jaw) { transformation: [-0.5372315388608392f,0.1997889193859097f,-0.8194306934352811f,1.379292351500308f,-0.11344671930306088f,0.9455947307668838f,0.30492695358934285f,0.1276132902712792f,0.8357703724903076f,0.25677810038341514f,-0.4853379148911588f,3.1639895381844543f,0f,0f,0f,1f], start_interpolation: 0, interpolation_duration: 1 }
$data merge entity $(bone_head) { transformation: [-0.604385481218444f,0.08448790297475484f,-0.9450952250134792f,1.1692711903862014f,-0.1276275592159435f,1.1031105496210358f,0.18023129984372177f,0.16766469023655073f,0.940241669051596f,0.20404389127269923f,-0.5830409026932539f,3.0344248931415088f,0f,0f,0f,1f], start_interpolation: 0, interpolation_duration: 1 }
$data merge entity $(bone_neck) { transformation: [-0.9784273302161506f,0.07510035819978207f,-0.19245751657017832f,1.4223189926937383f,0.03735472804961033f,0.980542710774254f,0.19271900954451154f,-0.7362551087309838f,0.20318608165530355f,0.18137234779795486f,-0.9621951401227415f,1.9583401814288024f,0f,0f,0f,1f], start_interpolation: 0, interpolation_duration: 1 }
$data merge entity $(bone_right_arm2) { transformation: [-0.9468609948028501f,0.08208543014894486f,-0.31099234504762324f,0.060698383697140645f,0.016854340005276792f,0.9782205661103665f,0.2068827089480916f,-2.1580629629351473f,0.32120116398285947f,0.1906475968796275f,-0.9276223941130785f,2.299865060286972f,0f,0f,0f,1f], start_interpolation: 0, interpolation_duration: 1 }
$data merge entity $(bone_right_arm1) { transformation: [-1.0750817545157358f,0.09320116548161446f,-0.3531058917728222f,0.2505223344232804f,0.01913669854765802f,1.1106879344378118f,0.2348980757848123f,-0.7371835887651272f,0.36469715493887167f,0.21646445895707705f,-1.0532379266492244f,1.8119742714940978f,0f,0f,0f,1f], start_interpolation: 0, interpolation_duration: 1 }
$data merge entity $(bone_left_arm2) { transformation: [-0.9468609948028501f,0.08208543014894486f,-0.31099234504762324f,1.7177051246021282f,0.016854340005276792f,0.9782205661103665f,0.2068827089480916f,-2.187558057944382f,0.32120116398285947f,0.1906475968796275f,-0.9276223941130785f,1.7377630233169676f,0f,0f,0f,1f], start_interpolation: 0, interpolation_duration: 1 }
$data merge entity $(bone_left_arm1) { transformation: [-1.0750817545157358f,0.09320116548161446f,-0.3531058917728222f,1.3157409535764866f,0.01913669854765802f,1.1106879344378118f,0.2348980757848123f,-0.7561447212710636f,0.36469715493887167f,0.21646445895707705f,-1.0532379266492244f,1.450622962013381f,0f,0f,0f,1f], start_interpolation: 0, interpolation_duration: 1 }
$data merge entity $(bone_body2) { transformation: [-1.4991965751045129f,0.12996859773582936f,-0.49240454632540354f,0.9701371573034708f,0.026686038341688256f,1.548849229674747f,0.3275642891678117f,-0.5f,0.5085685096395276f,0.30185869505941026f,-1.4687354573457077f,0.6129675150862752f,0f,0f,0f,1f], start_interpolation: 0, interpolation_duration: 1 }
$data merge entity $(bone_right_leg2) { transformation: [-0.8857150963136723f,0.11323524478432603f,-0.45020722728616447f,-1.0941906059716775f,-1.734723475976807e-18f,0.9697951108074174f,0.2439209770684534f,-2.432208520471155f,0.4642292194186643f,0.2160444916971102f,-0.8589621699733203f,0.055924342955178896f,0f,0f,0f,1f], start_interpolation: 0, interpolation_duration: 1 }
$data merge entity $(bone_right_leg1) { transformation: [-1.180953461751563f,0.1605820694433111f,-0.5977793053695328f,-0.44881537653949655f,-2.3129646346357427e-18f,1.2876813443972956f,0.3459111635506305f,-1.125f,0.6189722925582191f,0.3063787395402211f,-1.1405188059741698f,0.4794620593901768f,0f,0f,0f,1f], start_interpolation: 0, interpolation_duration: 1 }
$data merge entity $(bone_left_leg2) { transformation: [-0.18017580304779007f,-0.4625188829215447f,-0.8681088427939729f,1.8600923033080783f,5.551115123125783e-17f,0.8825523198958696f,-0.4702142093199855f,-1.9661703884248534f,0.9836344239584562f,-0.08472122276871002f,-0.1590145729689283f,-0.3435795982921165f,0f,0f,0f,1f], start_interpolation: 0, interpolation_duration: 1 }
$data merge entity $(bone_left_leg1) { transformation: [-0.2402344040637201f,-1.2107004388132858f,-0.5042515804033185f,0.6054239307266107f,7.401486830834377e-17f,0.5126412497582693f,-1.2308439083913352f,-1.125f,1.3115125652779416f,-0.2217682896208893f,-0.09236554885061879f,-0.19216245104335292f,0f,0f,0f,1f], start_interpolation: 0, interpolation_duration: 1 }
$data merge entity $(bone_tail3) { transformation: [0.4171228605307175f,0.08829399746920655f,-0.9045510981882559f,-3.0902122667948904f,-0.0699632548600257f,0.99543598039181f,0.0649026340820381f,-0.3232562390294409f,0.9061532222488993f,0.03621296663218291f,0.4213964390637793f,-0.001092825006426601f,0f,0f,0f,1f], start_interpolation: 0, interpolation_duration: 1 }
$data merge entity $(bone_tail2) { transformation: [0.6430644099848561f,0.13611991276502675f,-1.394516276373561f,-1.3625524443732977f,-0.10786001790920628f,1.534630469770707f,0.10005822754314206f,-0.6400542881916342f,1.3969862176337196f,0.055828323557948645f,0.6496528435566598f,-0.6828877076333306f,0f,0f,0f,1f], start_interpolation: 0, interpolation_duration: 1 }
$data merge entity $(bone_tail1) { transformation: [-0.2981038250427398f,0.09938758252638973f,-0.949345152162504f,-0.32349469760171035f,0f,0.9945645707342554f,0.10412163387205459f,-0.75f,0.9545334512183885f,0.031039057326959177f,-0.2964835027878722f,-0.48704825130634505f,0f,0f,0f,1f], start_interpolation: 0, interpolation_duration: 1 }
data modify entity @s data merge value {"locators":{"head":{"posx":1.3848599179039707,"posy":-0.49523875395394745,"posz":3.0830229820714687,"roty":301.67094777758604,"rotx":9.21883016947702},"neck":{"posx":0.928999882832017,"posy":-1.1093711374395878,"posz":2.1121929843475638,"roty":348.689008937219,"rotx":11.111505187217404},"right_arm":{"posx":0.07493031389682928,"posy":-3.2386714872692295,"posz":2.5931037332128124,"roty":341.46588764920347,"rotx":11.939733288496576},"left_arm":{"posx":1.850294679152173,"posy":-3.2702733747791237,"posz":1.9908515507449507,"roty":341.46588764920347,"rotx":11.939733288496576},"tail1":{"posx":-2.1027921800459684,"posy":-1.3332653056965873,"posz":-0.533606533532232,"roty":245.02095362170007,"rotx":3.721262681684502},"tail2":{"posx":-3.714908131204118,"posy":-1.5932582316225452,"posz":0.1884131532622092,"roty":245.02095362170007,"rotx":3.721262681684502}},"cameras":{}}