# This file was generated by Animated Java via MC-Build. It is not recommended to edit this file directly.
$data merge entity $(bone_jaw) { transformation: [-0.4189769390980015f,0.2268523025665488f,-0.8792021140354048f,1.5452900745786224f,-0.1401469924901577f,0.9405277131472083f,0.30946153444014035f,0.1036824635349855f,0.8971160153514335f,0.2528747785413514f,-0.3622667544470914f,3.122712005610407f,0f,0f,0f,1f], start_interpolation: 0, interpolation_duration: 1 }
$data merge entity $(bone_head) { transformation: [-0.47134905648525166f,0.07957581913467872f,-1.0183922407203958f,1.318980687751868f,-0.1576653665514274f,1.1024734672617245f,0.15911909431025234f,0.13904226227059713f,1.0092555172703626f,0.20939184079843187f,-0.4507586470234121f,3.022543417382982f,0f,0f,0f,1f], start_interpolation: 0, interpolation_duration: 1 }
$data merge entity $(bone_neck) { transformation: [-0.962528044454187f,0.07073406145304775f,-0.26179468327213073f,1.512381589526492f,0.01808390274062325f,0.9799764153437551f,0.19829069022944923f,-0.750113444591027f,0.27057852113733355f,0.18612608070971723f,-0.944533930559815f,1.9220613774803912f,0f,0f,0f,1f], start_interpolation: 0, interpolation_duration: 1 }
$data merge entity $(bone_right_arm2) { transformation: [-0.9238795325112868f,0.08282785436160811f,-0.3736123070089882f,0.19303449924284605f,3.469446951953614e-18f,0.9762960071199334f,0.21643961393810288f,-2.1941213824393255f,0.3826834323650897f,0.1999641293420579f,-0.9019798986506f,2.329923892050169f,0f,0f,0f,1f], start_interpolation: 0, interpolation_duration: 1 }
$data merge entity $(bone_right_arm1) { transformation: [-1.0489882192055235f,0.0940441263064092f,-0.42420564024978863f,0.33359995093355443f,3.939267893363999e-18f,1.108502758084091f,0.24574914499222095f,-0.7639306385119673f,0.4345051471645289f,0.22704260519046154f,-1.024123009926202f,1.852677058875242f,0f,0f,0f,1f], start_interpolation: 0, interpolation_duration: 1 }
$data merge entity $(bone_left_arm2) { transformation: [-0.9238795325112868f,0.08282785436160811f,-0.3736123070089882f,1.809823681137598f,3.469446951953614e-18f,0.9762960071199334f,0.21643961393810288f,-2.1941213824393255f,0.3826834323650897f,0.1999641293420579f,-0.9019798986506f,1.660227885411262f,0f,0f,0f,1f], start_interpolation: 0, interpolation_duration: 1 }
$data merge entity $(bone_left_arm1) { transformation: [-1.0489882192055235f,0.0940441263064092f,-0.42420564024978863f,1.3729644250087523f,3.939267893363999e-18f,1.108502758084091f,0.24574914499222095f,-0.7639306385119673f,0.4345051471645289f,0.22704260519046154f,-1.024123009926202f,1.4221581974645159f,0f,0f,0f,1f], start_interpolation: 0, interpolation_duration: 1 }
$data merge entity $(bone_body2) { transformation: [-1.4628092598095377f,0.13114410273921284f,-0.591552819430898f,0.9701371573034708f,5.49329100725989e-18f,1.545802011273228f,0.34269605540199627f,-0.5f,0.6059154345780587f,0.31660987145825836f,-1.4281348395301168f,0.6129675150862752f,0f,0f,0f,1f], start_interpolation: 0, interpolation_duration: 1 }
$data merge entity $(bone_right_leg2) { transformation: [-0.8484368560459458f,0.15819189476925072f,-0.5051041731486541f,-1.2354470390148218f,4.336808689942018e-19f,0.954293233047333f,0.2988719213309752f,-2.300033016238852f,0.5292966099484023f,0.2535739532944638f,-0.8096575503926002f,-0.07298299519890389f,0f,0f,0f,1f], start_interpolation: 0, interpolation_duration: 1 }
$data merge entity $(bone_right_leg1) { transformation: [-1.1312491413945942f,0.2951645879440807f,-0.6410390190117696f,-0.44881537653949655f,5.782411586589357e-19f,1.2111149154615979f,0.5576544085042494f,-1.125f,0.7057288132645364f,0.4731345531115069f,-1.0275545311845895f,0.4794620593901768f,0f,0f,0f,1f], start_interpolation: 0, interpolation_duration: 1 }
$data merge entity $(bone_left_leg2) { transformation: [0.027065458354735616f,0.01314537466861021f,-0.9995472275429864f,1.262466641244963f,5.551115123125783e-17f,0.9999135324860047f,0.013150192065513655f,-2.4359502912604833f,0.9996336633807648f,-0.0003559159757060247f,0.027063118071836596f,-0.5850895567496802f,0f,0f,0f,1f], start_interpolation: 0, interpolation_duration: 1 }
$data merge entity $(bone_left_leg1) { transformation: [0.036087277806314155f,-0.8432355092580768f,-1.032196377674607f,0.6054239307266107f,7.401486830834377e-17f,1.0325746475801092f,-0.8435445305095581f,-1.125f,1.3328448845076863f,0.02283091936087141f,0.027947106122235388f,-0.19216245104335292f,0f,0f,0f,1f], start_interpolation: 0, interpolation_duration: 1 }
$data merge entity $(bone_tail3) { transformation: [0.23768589232617293f,0f,-0.9713420698132617f,-3.2051049789460766f,0f,1f,0f,-0.5625f,0.9713420698132617f,0f,0.23768589232617293f,-0.45576669612533305f,0f,0f,0f,1f], start_interpolation: 0, interpolation_duration: 1 }
$data merge entity $(bone_tail2) { transformation: [0.36643241733618326f,0f,-1.4974856909621115f,-1.354127861505439f,0f,1.5416666666666665f,0f,-0.75f,1.4974856909621115f,0f,0.36643241733618326f,-0.7800099855102496f,0f,0f,0f,1f], start_interpolation: 0, interpolation_duration: 1 }
$data merge entity $(bone_tail1) { transformation: [-0.38268343236508995f,0f,-0.9238795325112867f,-0.32467042916656075f,0f,1f,0f,-0.75f,0.9238795325112867f,0f,-0.38268343236508995f,-0.48889378018625246f,0f,0f,0f,1f], start_interpolation: 0, interpolation_duration: 1 }
data modify entity @s data merge value {"locators":{"head":{"posx":1.5576586328771564,"posy":-0.5176427457387643,"posz":3.03142535222369,"roty":293.8750394381973,"rotx":8.131134814739559},"neck":{"posx":1.037316629663522,"posy":-1.1333489852533047,"posz":2.105620099102891,"roty":344.5083233026015,"rotx":11.437021021219282},"right_arm":{"posx":0.2392703276037766,"posy":-3.2786371965283103,"posz":2.604867426556229,"roty":337.5,"rotx":12.5},"left_arm":{"posx":1.9715444510624396,"posy":-3.2786371965283103,"posz":1.887335990871686,"roty":337.5,"rotx":12.5},"tail1":{"posx":-2.051636271042828,"posy":-1.5,"posz":-0.7380186932626634,"roty":256.25000000000006,"rotx":0},"tail2":{"posx":-3.7514848932160363,"posy":-1.875,"posz":-0.3220683816918608,"roty":256.25000000000006,"rotx":0}},"cameras":{}}