# This file was generated by Animated Java via MC-Build. It is not recommended to edit this file directly.
$data merge entity $(bone_jaw) { transformation: [0.060780585473027726f,0.47868919017502304f,-0.8758780620834936f,2.6562021294802336f,-0.22596922762801025f,0.8613170617135899f,0.45505035695653323f,0.053479337995879464f,0.9722364057135263f,0.17026326206979714f,0.16052038186658768f,2.5774873617323415f,0f,0f,0f,1f], start_interpolation: 0, interpolation_duration: 1 }
$data merge entity $(bone_head) { transformation: [0.06837815865715619f,0.07476649939098944f,-1.1204282208100051f,2.4072180804113437f,-0.25421538108151154f,1.0943909761080832f,0.05751461931351671f,0.06626036450999429f,1.0937659564277171f,0.2496865274339288f,0.08341265238407962f,2.5960235067065813f,0f,0f,0f,1f], start_interpolation: 0, interpolation_duration: 1 }
$data merge entity $(bone_neck) { transformation: [-0.6977216810859395f,0.06645911056976839f,-0.7132794980685243f,2.1059265237932583f,-0.1137016769580791f,0.9727919787627406f,0.20186058236266f,-0.7464685512767166f,0.7072880490998921f,0.22194357994127004f,-0.6711815424483318f,1.4612294252297664f,0f,0f,0f,1f], start_interpolation: 0, interpolation_duration: 1 }
$data merge entity $(bone_right_arm2) { transformation: [-0.6110970955640176f,0.09303345629838908f,-0.7860694090234004f,1.279320438155687f,-0.12725960139849846f,0.968603647512496f,0.213569585562607f,-2.3538625437918537f,0.7812588134831616f,0.23054663310199122f,-0.580071475182342f,2.31281291028169f,0f,0f,0f,1f], start_interpolation: 0, interpolation_duration: 1 }
$data merge entity $(bone_right_arm1) { transformation: [-0.6938498272549782f,0.10563173683879591f,-0.8925163081619858f,1.0519719732074906f,-0.14449267242121178f,1.099768724779813f,0.24249046694087667f,-0.8959725409203797f,0.8870542778090063f,0.26176648966788585f,-0.6586228207799507f,1.9724628478267057f,0f,0f,0f,1f], start_interpolation: 0, interpolation_duration: 1 }
$data merge entity $(bone_left_arm2) { transformation: [-0.6110970955640176f,0.09303345629838908f,-0.7860694090234004f,2.348740355392718f,-0.12725960139849846f,0.968603647512496f,0.213569585562607f,-2.1311582413444814f,0.7812588134831616f,0.23054663310199122f,-0.580071475182342f,0.9456099866861575f,0f,0f,0f,1f], start_interpolation: 0, interpolation_duration: 1 }
$data merge entity $(bone_left_arm1) { transformation: [-0.6938498272549782f,0.10563173683879591f,-0.8925163081619858f,1.7394562057170104f,-0.14449267242121178f,1.099768724779813f,0.24249046694087667f,-0.7528054893470689f,0.8870542778090063f,0.26176648966788585f,-0.6586228207799507f,1.0935466826581488f,0f,0f,0f,1f], start_interpolation: 0, interpolation_duration: 1 }
$data merge entity $(bone_body2) { transformation: [-0.9675704013096946f,0.1473029724724494f,-1.244609897620384f,0.9701371573034708f,-0.2014943688809559f,1.5336224418947855f,0.3381518438074611f,-0.5f,1.2369931213483394f,0.3650321690781528f,-0.9184465023720416f,0.6129675150862752f,0f,0f,0f,1f], start_interpolation: 0, interpolation_duration: 1 }
$data merge entity $(bone_right_leg2) { transformation: [-0.8314696123025455f,0.08451522511326277f,-0.5491042346781797f,-0.8992310875684144f,5.421010862427522e-20f,0.9883615104677607f,0.1521233861899164f,-2.574762877075588f,0.5555702330196022f,0.12648597293748018f,-0.8217925619233871f,0.48034947802153644f,0f,0f,0f,1f], start_interpolation: 0, interpolation_duration: 1 }
$data merge entity $(bone_right_leg1) { transformation: [-1.1086261497367271f,-0.03231151093697657f,-0.740055271016069f,-0.44881537653949655f,7.228014483236696e-20f,1.3320642954424768f,-0.05815918315378231f,-1.125f,0.7407603106928029f,-0.04835759346870811f,-1.1075709832936194f,0.4794620593901768f,0f,0f,0f,1f], start_interpolation: 0, interpolation_duration: 1 }
$data merge entity $(bone_left_leg2) { transformation: [-0.5835855027735973f,0.20723175422315393f,-0.7851642891739804f,0.21119031495606916f,0f,0.9668895350806731f,0.25519527219656657f,-2.3875673349436677f,0.812051698448127f,0.14892826123027827f,-0.5642627154565844f,-0.9372739064174664f,0f,0f,0f,1f], start_interpolation: 0, interpolation_duration: 1 }
$data merge entity $(bone_left_leg1) { transformation: [-0.7781140036981298f,0.34558645989560843f,-1.026102516205601f,0.6054239307266107f,0f,1.2635925990506962f,0.42557199320688827f,-1.125f,1.082735597930836f,0.2483576456220038f,-0.7374143222179971f,-0.19216245104335292f,0f,0f,0f,1f], start_interpolation: 0, interpolation_duration: 1 }
$data merge entity $(bone_tail3) { transformation: [-0.9904954199187409f,-0.04584333842515819f,-0.1296811915507933f,-0.9444309031608422f,-0.03080817355037695f,0.9928114112212626f,-0.11565620688633627f,-1.0320316263409115f,0.13405103342565833f,-0.11056170255057393f,-0.9847875051840532f,-3.5209869629174593f,0f,0f,0f,1f], start_interpolation: 0, interpolation_duration: 1 }
$data merge entity $(bone_tail2) { transformation: [-1.5270137723747255f,-0.07067514673878554f,-0.19992517030747298f,-0.8076114842713233f,-0.04749593422349779f,1.530584258966113f,-0.1783033189497684f,-0.9972566600197627f,0.20666200986455657f,-0.1704492914321348f,-1.518214070492082f,-1.5695632828552344f,0f,0f,0f,1f], start_interpolation: 0, interpolation_duration: 1 }
$data merge entity $(bone_tail1) { transformation: [-0.9618930724877008f,-0.058018583443141696f,-0.26719947805978583f,-0.34307361329405217f,0f,0.977228156619398f,-0.2121912578553916f,-0.75f,0.273425889593818f,-0.20410530097355267f,-0.939988994092125f,-0.5177809928842132f,0f,0f,0f,1f], start_interpolation: 0, interpolation_duration: 1 }
data modify entity @s data merge value {"locators":{"head":{"posx":2.676911197641351,"posy":-0.5577109053593622,"posz":2.4341385880254878,"roty":265.7423485598732,"rotx":2.9304730053154087},"neck":{"posx":1.821303454045191,"posy":-1.1933489545871163,"posz":1.8155423001077777,"roty":313.2583170460389,"rotx":11.645781952126173},"right_arm":{"posx":1.541128117896247,"posy":-3.4372047091730593,"posz":2.4211306906135674,"roty":306.4250723566529,"rotx":12.331621558678634},"left_arm":{"posx":2.6869351720787806,"posy":-3.1985929565508746,"posz":0.9562704153326397,"roty":306.4250723566529,"rotx":12.331621558678634},"tail1":{"posx":-0.7385728721537825,"posy":-1.8175278389762686,"posz":-2.1804397949345478,"roty":352.4982009991536,"rotx":-6.641475493396934},"tail2":{"posx":-0.9572071917251433,"posy":-2.400153219942383,"posz":-3.9298176999858607,"roty":352.4982009991536,"rotx":-6.641475493396934}},"cameras":{}}