# This file was generated by Animated Java via MC-Build. It is not recommended to edit this file directly.
$data merge entity $(bone_jaw) { transformation: [0.14289021179990835f,0.505618021890688f,-0.8508424080351927f,2.811400643105633f,-0.22889545049231969f,0.8532401671191511f,0.46860227267737564f,0.07897492428844086f,0.9629066725886242f,0.12779527829239695f,0.23765333309354914f,2.42648910321024f,0f,0f,0f,1f], start_interpolation: 0, interpolation_duration: 1 }
$data merge entity $(bone_head) { transformation: [0.16075148827489688f,0.07303959183373424f,-1.1110576839400228f,2.564498935563406f,-0.2575073818038596f,1.0945825194108443f,0.03469951752878318f,0.086685928183726f,1.083270006662202f,0.24935782767936235f,0.1731235583076504f,2.4649610050563844f,0f,0f,0f,1f], start_interpolation: 0, interpolation_duration: 1 }
$data merge entity $(bone_neck) { transformation: [-0.6295330616602811f,0.06492408162998599f,-0.7742564096609958f,2.181200296812127f,-0.13240635742541976f,0.972962239476306f,0.18924332766727495f,-0.7271230688174783f,0.7656086995260469f,0.22165140238165543f,-0.6039155363395455f,1.355970666986971f,0f,0f,0f,1f], start_interpolation: 0, interpolation_duration: 1 }
$data merge entity $(bone_right_arm2) { transformation: [-0.5369635735039551f,0.09341837116285472f,-0.8384170374337236f,1.4657896692164083f,-0.14388490212165803f,0.9691454741564945f,0.20013541631461512f,-2.3556368188937093f,0.8312444018887006f,0.22810098169727933f,-0.5069543238571241f,2.2660904941173063f,0f,0f,0f,1f], start_interpolation: 0, interpolation_duration: 1 }
$data merge entity $(bone_right_arm1) { transformation: [-0.6096773907492823f,0.10606877559115795f,-0.9519526779195403f,1.1797906848519562f,-0.16336931595063253f,1.1003839237818531f,0.2272370872738859f,-0.9010762534339942f,0.9438087479777953f,0.2589896563021192f,-0.5756043885461096f,1.9571780593529935f,0f,0f,0f,1f], start_interpolation: 0, interpolation_duration: 1 }
$data merge entity $(bone_left_arm2) { transformation: [-0.5369635735039551f,0.09341837116285472f,-0.8384170374337236f,2.4054759228483293f,-0.14388490212165803f,0.9691454741564945f,0.20013541631461512f,-2.1038382401808073f,0.8312444018887006f,0.22810098169727933f,-0.5069543238571241f,0.8114127908120801f,0f,0f,0f,1f], start_interpolation: 0, interpolation_duration: 1 }
$data merge entity $(bone_left_arm1) { transformation: [-0.6096773907492823f,0.10606877559115795f,-0.9519526779195403f,1.7838747050439054f,-0.16336931595063253f,1.1003839237818531f,0.2272370872738859f,-0.7392057385471289f,0.9438087479777953f,0.2589896563021192f,-0.5756043885461096f,1.0220281072282054f,0f,0f,0f,1f], start_interpolation: 0, interpolation_duration: 1 }
$data merge entity $(bone_body2) { transformation: [-0.8501923247145956f,0.14791242100785332f,-1.3274936426033959f,0.9701371573034708f,-0.22781776169262524f,1.5344803340811166f,0.31688107583147396f,-0.5f,1.3161369696571095f,0.36115988768735896f,-0.8026776794404467f,0.6129675150862752f,0f,0f,0f,1f], start_interpolation: 0, interpolation_duration: 1 }
$data merge entity $(bone_right_leg2) { transformation: [-0.8337631576222984f,0.06193682587186161f,-0.5486372449921837f,-0.798019642354731f,0f,0.9936879536232669f,0.11217954726243129f,-2.5945856005384016f,0.5521222663429676f,0.09353117354616458f,-0.828500405904175f,0.6313239816308389f,0f,0f,0f,1f], start_interpolation: 0, interpolation_duration: 1 }
$data merge entity $(bone_right_leg1) { transformation: [-1.1116842101630644f,-0.12385901448907621f,-0.72566861526574f,-0.44881537653949655f,0f,1.3143259373911373f,-0.22433258363128106f,-1.125f,0.7361630217906234f,-0.18704024328598517f,-1.0958365437041218f,0.4794620593901768f,0f,0f,0f,1f], start_interpolation: 0, interpolation_duration: 1 }
$data merge entity $(bone_left_leg2) { transformation: [-0.6437011166624735f,0.22797636154848594f,-0.7305310746180472f,0.2131438735111988f,-6.938893903907228e-18f,0.9545969414346525f,0.29790045217086636f,-2.340910436868552f,0.7652769906429207f,0.19175885371664245f,-0.6144751171640677f,-1.0121415155475637f,0f,0f,0f,1f], start_interpolation: 0, interpolation_duration: 1 }
$data merge entity $(bone_left_leg1) { transformation: [-0.8582681555499647f,0.3820677563255023f,-0.9461383516817381f,0.6054239307266107f,-9.25185853854297e-18f,1.2363345079627615f,0.4992542059895482f,-1.125f,1.0203693208572275f,0.32137048989390876f,-0.7958299033439793f,-0.19216245104335292f,0f,0f,0f,1f], start_interpolation: 0, interpolation_duration: 1 }
$data merge entity $(bone_tail3) { transformation: [-0.986071004678005f,-0.04650657108668887f,0.15969067780890894f,-0.2191692490138546f,-0.06621709047322183f,0.9905125627912158f,-0.12041660966012485f,-1.0752071704822006f,-0.15257545891319213f,-0.12931357932768112f,-0.9797952477629663f,-3.5646881579157497f,0f,0f,0f,1f], start_interpolation: 0, interpolation_duration: 1 }
$data merge entity $(bone_tail2) { transformation: [-1.5201927988785908f,-0.07169763042531199f,0.24618979495540128f,-0.6459572051199178f,-0.10208468114621698f,1.527040200969791f,-0.1856422732260258f,-1.0337503813526268f,-0.23522049915783785f,-0.1993584347968417f,-1.510517673634573f,-1.6436840672630442f,0f,0f,0f,1f], start_interpolation: 0, interpolation_duration: 1 }
$data merge entity $(bone_tail1) { transformation: [-0.9929956696781115f,-0.02833911442198342f,-0.1147017636930523f,-0.346252900917406f,6.938893903907228e-18f,0.9708085861785493f,-0.23985555862228042f,-0.75f,0.1181507511635837f,-0.23817553106014888f,-0.9640087221616293f,-0.5227714748121f,0f,0f,0f,1f], start_interpolation: 0, interpolation_duration: 1 }
data modify entity @s data merge value {"locators":{"head":{"posx":2.8325485189724486,"posy":-0.5310542263580718,"posz":2.278339001260169,"roty":261.1434654541824,"rotx":1.7675122463820014},"neck":{"posx":1.938869286578366,"posy":-1.1818425032922124,"posz":1.731145182899317,"roty":307.9540255269162,"rotx":10.90862896847017},"right_arm":{"posx":1.7580195934264182,"posy":-3.433842807590115,"posz":2.3434194494666327,"roty":301.15952906150403,"rotx":11.544877919595553},"left_arm":{"posx":2.7648262937463337,"posy":-3.1640586161120057,"posz":0.784836195925319,"roty":301.15952906150403,"rotx":11.544877919595553},"tail1":{"posx":-0.37803106022652566,"posy":-1.8511440862782218,"posz":-2.201236183240174,"roty":9.256886463335036,"rotx":-6.916146907613124},"tail2":{"posx":-0.06830336819506416,"posy":-2.4429892520794914,"posz":-3.9460989119148366,"roty":9.256886463335036,"rotx":-6.916146907613124}},"cameras":{}}