# This file was generated by Animated Java via MC-Build. It is not recommended to edit this file directly.
$data merge entity $(bone_jaw) { transformation: [0.429558810735846f,0.5181014763407701f,-0.7396283447331636f,3.3062417867227287f,-0.1997935114599954f,0.8532725578505523f,0.48167260125282235f,0.28047740449644143f,0.8806598553912234f,-0.059133765588620935f,0.470044058434547f,1.6329769956021492f,0f,0f,0f,1f], start_interpolation: 0, interpolation_duration: 1 }
$data merge entity $(bone_head) { transformation: [0.4832536620778268f,0.0515898746394762f,-1.0146079947068485f,3.08077334345454f,-0.22476770039249483f,1.1011342778634832f,-0.05106645644976207f,0.26912930306316096f,0.9907423373151263f,0.22464814031891947f,0.48330925306951444f,1.740379051839819f,0f,0f,0f,1f], start_interpolation: 0, interpolation_duration: 1 }
$data merge entity $(bone_neck) { transformation: [-0.2786417172267222f,0.045857666346201066f,-0.9592996757313241f,2.3919394450433615f,-0.17943043972999895f,0.9787860247675405f,0.09890720407561267f,-0.6007535250759161f,0.9434847697335887f,0.19968723583903952f,-0.2645023575012542f,0.841560813424276f,0f,0f,0f,1f], start_interpolation: 0, interpolation_duration: 1 }
$data merge entity $(bone_right_arm2) { transformation: [-0.17137975478890038f,0.08193474995331163f,-0.9817920739130992f,2.222597093009444f,-0.1776342172248741f,0.9776340814261888f,0.11259523837568898f,-2.271461173005706f,0.9690588550337915f,0.19369641087036252f,-0.1529922739766199f,1.9242641998402095f,0f,0f,0f,1f], start_interpolation: 0, interpolation_duration: 1 }
$data merge entity $(bone_right_arm1) { transformation: [-0.19458742991656394f,0.0930300806761559f,-1.1147430839221646f,1.7087105748794413f,-0.20168885080740911f,1.1100220299526518f,0.1278425102390635f,-0.8553965218677739f,1.1002855749862839f,0.21992613317572407f,-0.17370997774428718f,1.7704776585505742f,0f,0f,0f,1f], start_interpolation: 0, interpolation_duration: 1 }
$data merge entity $(bone_left_arm2) { transformation: [-0.17137975478890038f,0.08193474995331163f,-0.9817920739130992f,2.52251166389002f,-0.1776342172248741f,0.9776340814261888f,0.11259523837568898f,-1.9606012928621763f,0.9690588550337915f,0.19369641087036252f,-0.1529922739766199f,0.2284112035310743f,0f,0f,0f,1f], start_interpolation: 0, interpolation_duration: 1 }
$data merge entity $(bone_left_arm1) { transformation: [-0.19458742991656394f,0.0930300806761559f,-1.1147430839221646f,1.9015127990169542f,-0.20168885080740911f,1.1100220299526518f,0.1278425102390635f,-0.6555580274897905f,1.1002855749862839f,0.21992613317572407f,-0.17370997774428718f,0.6802864466375588f,0f,0f,0f,1f], start_interpolation: 0, interpolation_duration: 1 }
$data merge entity $(bone_body2) { transformation: [-0.27135127841575896f,0.1297300207594101f,-1.5545041170290739f,0.9754924169211993f,-0.28125417727271734f,1.547920628924799f,0.1782757940948409f,-0.5f,1.5343431871368367f,0.306685983878074f,-0.2422377671296482f,0.6095283939034872f,0f,0f,0f,1f], start_interpolation: 0, interpolation_duration: 1 }
$data merge entity $(bone_right_leg2) { transformation: [-0.8394610216039854f,-0.033707400484032896f,-0.5423734915721843f,-0.37959711548059283f,0f,0.9980743924341284f,-0.062028277158448664f,-2.4196505749923887f,0.5434199050527991f,-0.0520703209117665f,-0.8378445491095304f,1.2765175001083997f,0f,0f,0f,1f], start_interpolation: 0, interpolation_duration: 1 }
$data merge entity $(bone_right_leg1) { transformation: [-1.119281362138647f,-0.47165789851180506f,-0.5500234876059933f,-0.44439364930448355f,0f,1.0121518967041747f,-0.867943728461655f,-1.125f,0.7245598734037322f,-0.728604928989193f,-0.8496620652256981f,0.48634739318439907f,0f,0f,0f,1f], start_interpolation: 0, interpolation_duration: 1 }
$data merge entity $(bone_left_leg2) { transformation: [-0.8517280402837765f,0.2506958466833086f,-0.4601205688187574f,0.36895863606826756f,8.673617379884035e-19f,0.878119320470147f,0.47844169866039854f,-2.1451320650705927f,0.5239841079597336f,0.4075022103900622f,-0.7479188479593596f,-1.292170111526435f,0f,0f,0f,1f], start_interpolation: 0, interpolation_duration: 1 }
$data merge entity $(bone_left_leg1) { transformation: [-1.1356373870450351f,0.3889633195438054f,-0.5803559588500545f,0.6049326277004982f,1.1564823173178713e-18f,1.1075831309270412f,0.7423189246298592f,-1.125f,0.6986454772796448f,0.6322538429405502f,-0.9433596095558581f,-0.19292748813159982f,0f,0f,0f,1f], start_interpolation: 0, interpolation_duration: 1 }
$data merge entity $(bone_tail3) { transformation: [-0.18659174435108317f,0.009845844351239294f,0.9823882024378302f,2.090159657892916f,-0.2703344018879086f,0.9608335982336355f,-0.060976287697033976f,-1.1094057065123275f,-0.9445119544483949f,-0.27695099901321163f,-0.17662194668176834f,-1.9260081267527034f,0f,0f,0f,1f], start_interpolation: 0, interpolation_duration: 1 }
$data merge entity $(bone_tail2) { transformation: [-0.2876622725412532f,0.01517901004149391f,1.514515145424988f,0.09414906445110649f,-0.41676553624385904f,1.481285130610188f,-0.09400511019959404f,-1.2010248341854188f,-1.4561225964412752f,-0.4269661234787012f,-0.27229216780105947f,-1.6378096564501046f,0f,0f,0f,1f], start_interpolation: 0, interpolation_duration: 1 }
$data merge entity $(bone_tail1) { transformation: [-0.8501261559633828f,0.1886031306388819f,0.4916445647621206f,-0.36293640558656737f,5.551115123125783e-17f,0.9336576233508153f,-0.3581667800884208f,-0.75f,-0.5265790718846715f,-0.30448694795035147f,-0.7937267663251366f,-0.5379430566058632f,0f,0f,0f,1f], start_interpolation: 0, interpolation_duration: 1 }
$data merge entity $(bone_body1) { transformation: [-1.119281362138647f,0f,-0.7245598734037322f,0.5f,0f,1.3333333333333333f,0f,-1.1875f,0.7245598734037322f,0f,-1.119281362138647f,-0.12499999999999994f,0f,0f,0f,1f], start_interpolation: 0, interpolation_duration: 1 }
data modify entity @s data merge value {"locators":{"head":{"posx":3.3339478560734,"posy":-0.32842683562495134,"posz":1.481321959143332,"roty":244.52917100986798,"rotx":-2.6016872425706925},"neck":{"posx":2.3553344210165905,"posy":-1.0698769047381949,"posz":1.2714832795390874,"roty":285.41483268889203,"rotx":5.676245912321139},"right_arm":{"posx":2.620847145338376,"posy":-3.3164950121962944,"posz":1.8676301043977688,"roty":278.857144993804,"rotx":6.4649414264461225},"left_arm":{"posx":2.942184185567564,"posy":-2.9834308548996553,"posz":0.05064475120940978,"roty":278.857144993804,"rotx":6.4649414264461225},"tail1":{"posx":0.7854805384075706,"posy":-1.9297794304163678,"posz":-1.4334600012278622,"roty":79.8077732024349,"rotx":-3.495852547956981},"tail2":{"posx":2.6298303510531937,"posy":-2.404798966023556,"posz":-1.661859785556358,"roty":79.8077732024349,"rotx":-3.495852547956981}},"cameras":{}}