# This file was generated by Animated Java via MC-Build. It is not recommended to edit this file directly.
$data merge entity $(bone_jaw) { transformation: [0.4076635155067594f,0.5329443815128143f,-0.7414720118376648f,3.4210018293095925f,-0.1983951105414754f,0.8443068993139824f,0.4977803128731035f,0.2988828102145682f,0.8913191562161703f,-0.05582245054396032f,0.4499266782236426f,1.4202460819339895f,0f,0f,0f,1f], start_interpolation: 0, interpolation_duration: 1 }
$data merge entity $(bone_head) { transformation: [0.4586214549451043f,0.06150144712670573f,-1.02543109620557f,3.1931282523750215f,-0.22319449935915983f,1.102121605792365f,-0.03372212184120334f,0.29138900536096746f,1.0027340507431917f,0.21718779442450253f,0.46149635473443384f,1.5228008274305302f,0f,0f,0f,1f], start_interpolation: 0, interpolation_duration: 1 }
$data merge entity $(bone_neck) { transformation: [-0.18805517744216216f,0.0546679530015162f,-0.9806358473724184f,2.432304515041902f,-0.17978323054756346f,0.9796636495932134f,0.08909053641991106f,-0.5872259462168623f,0.9655636904166801f,0.19305581726622448f,-0.17440244025985285f,0.6931951936656963f,0f,0f,0f,1f], start_interpolation: 0, interpolation_duration: 1 }
$data merge entity $(bone_right_arm2) { transformation: [-0.07911481996503406f,0.09041940094520176f,-0.9927563533891945f,2.3796855649917266f,-0.1767546104976161f,0.9788258371537828f,0.10323656420102521f,-2.2566825323473396f,0.9810701569866124f,0.18364180475291353f,-0.061457583888048284f,1.7897048621689842f,0f,0f,0f,1f], start_interpolation: 0, interpolation_duration: 1 }
$data merge entity $(bone_right_arm1) { transformation: [-0.08982828516863241f,0.10266369482319782f,-1.1271921095773145f,1.8405644170163056f,-0.20069013066916824f,1.1113751692683573f,0.11721651560324736f,-0.8457626674142896f,1.1139234074118827f,0.20850996581320388f,-0.06977996503955482f,1.6818982179258337f,0f,0f,0f,1f], start_interpolation: 0, interpolation_duration: 1 }
$data merge entity $(bone_left_arm2) { transformation: [-0.07911481996503406f,0.09041940094520176f,-0.9927563533891945f,2.518136499930536f,-0.1767546104976161f,0.9788258371537828f,0.10323656420102521f,-1.9473619639765114f,0.9810701569866124f,0.18364180475291353f,-0.061457583888048284f,0.07283208744241243f,0f,0f,0f,1f], start_interpolation: 0, interpolation_duration: 1 }
$data merge entity $(bone_left_arm1) { transformation: [-0.08982828516863241f,0.10266369482319782f,-1.1271921095773145f,1.9295685894769687f,-0.20069013066916824f,1.1113751692683573f,0.11721651560324736f,-0.6469137306044715f,1.1139234074118827f,0.20850996581320388f,-0.06977996503955482f,0.5781942913158946f,0f,0f,0f,1f], start_interpolation: 0, interpolation_duration: 1 }
$data merge entity $(bone_body2) { transformation: [-0.12526513161130393f,0.14316405149656947f,-1.5718642261995581f,0.9995660444858594f,-0.2798614666212255f,1.5498075754934895f,0.16345789331828994f,-0.5f,1.5533610818954697f,0.2907661908587798f,-0.09730784115607646f,0.5933723040295698f,0f,0f,0f,1f], start_interpolation: 0, interpolation_duration: 1 }
$data merge entity $(bone_right_leg2) { transformation: [-0.8209969188909367f,-0.05344942118245649f,-0.5684252092816161f,-0.2772805392225966f,0f,0.9956082155929888f,-0.09361773893736536f,-2.3623910152727525f,0.5709326222695535f,-0.07685987522111298f,-0.8173912774243473f,1.3845565370889876f,0f,0f,0f,1f], start_interpolation: 0, interpolation_duration: 1 }
$data merge entity $(bone_right_leg1) { transformation: [-1.0946625585212488f,-0.5383114622471195f,-0.5382494127845f,-0.4236215337523038f,0f,0.942754699573599f,-0.9428633804585216f,-1.125f,0.7612434963594047f,-0.7740879302915392f,-0.7739987036198755f,0.5172992000532477f,0f,0f,0f,1f], start_interpolation: 0, interpolation_duration: 1 }
$data merge entity $(bone_left_leg2) { transformation: [-0.8423312815407058f,0.2797415938914527f,-0.46067629935244336f,0.3190783280430486f,0f,0.8547502520422822f,0.5190395039239838f,-2.087870067581682f,0.5389601211017309f,0.43720321051054145f,-0.7199828752000168f,-1.3353003933264547f,0f,0f,0f,1f], start_interpolation: 0, interpolation_duration: 1 }
$data merge entity $(bone_left_leg1) { transformation: [-1.1231083753876077f,0.4309768109348596f,-0.5750342105896002f,0.6026246148613671f,0f,1.0669327619530133f,0.7996450833020186f,-1.125f,0.7186134948023077f,0.6735660677955138f,-0.8987108406936464f,-0.19636657778369415f,0f,0f,0f,1f], start_interpolation: 0, interpolation_duration: 1 }
$data merge entity $(bone_tail3) { transformation: [-0.02419137709526986f,0.03184885828441313f,0.9991998936650335f,2.1822034900676273f,-0.3090313964389841f,0.9503014584672358f,-0.03777213324682338f,-1.0925566125097852f,-0.9507441155690662f,-0.30969789838005624f,-0.013146803785346384f,-1.542116132504391f,0f,0f,0f,1f], start_interpolation: 0, interpolation_duration: 1 }
$data merge entity $(bone_tail2) { transformation: [-0.03729503968854103f,0.04910032318847024f,1.5404331694002598f,0.16024502108495609f,-0.47642340284343376f,1.465048081803655f,-0.058232038755519376f,-1.2332722742589302f,-1.4657305115023103f,-0.4774509266692533f,-0.020267989169075674f,-1.576405571924354f,0f,0f,0f,1f], start_interpolation: 0, interpolation_duration: 1 }
$data merge entity $(bone_tail1) { transformation: [-0.8063255785428523f,0.22474290484212864f,0.5471103070777015f,-0.37854181799669184f,2.7755575615628914e-17f,0.9249979005163127f,-0.3799722148268393f,-0.75f,-0.59147194471719f,-0.3063813159504601f,-0.7458494672847394f,-0.5125766019683727f,0f,0f,0f,1f], start_interpolation: 0, interpolation_duration: 1 }
$data merge entity $(bone_body1) { transformation: [-1.0946625585212488f,0f,-0.7612434963594047f,0.5f,0f,1.3333333333333333f,0f,-1.1875f,0.7612434963594047f,0f,-1.0946625585212488f,-0.12499999999999994f,0f,0f,0f,1f], start_interpolation: 0, interpolation_duration: 1 }
data modify entity @s data merge value {"locators":{"head":{"posx":3.443802752917288,"posy":-0.31153351956778996,"posz":1.2739475097684638,"roty":245.76982172544135,"rotx":-1.7177108590856334},"neck":{"posx":2.4403559248668043,"posy":-1.055627747140588,"posz":1.1253814124316837,"roty":280.0844027422278,"rotx":5.111288487497362},"right_arm":{"posx":2.7806996644933073,"posy":-3.298173814757736,"posz":1.698108734171758,"roty":273.54243238077214,"rotx":5.925576970355177},"left_arm":{"posx":2.929039951927746,"posy":-2.9667589200747058,"posz":-0.14139781017814024,"roty":273.54243238077214,"rotx":5.925576970355177},"tail1":{"posx":0.8263322264032655,"posy":-1.933337785161675,"posz":-1.2343275612956042,"roty":89.2461839582577,"rotx":-2.164698768054705},"tail2":{"posx":2.7024518037559164,"posy":-2.36107410169937,"posz":-1.1430327180098245,"roty":89.2461839582577,"rotx":-2.164698768054705}},"cameras":{}}