# This file was generated by Animated Java via MC-Build. It is not recommended to edit this file directly.
$data merge entity $(bone_jaw) { transformation: [0.2026164009721114f,0.5364185750995483f,-0.8192690073140072f,3.3560675128550206f,-0.20422107075388335f,0.8413732199758117f,0.5003847109651453f,0.261229554198518f,0.9577266563676953f,0.06592584467190966f,0.2800239894849177f,1.6204592583448245f,0f,0f,0f,1f], start_interpolation: 0, interpolation_duration: 1 }
$data merge entity $(bone_head) { transformation: [0.22794345109362532f,0.06870278153141604f,-1.0995211279977182f,3.111729484411083f,-0.22974870459811877f,1.1010868809039909f,0.021171051854056232f,0.26593423238830827f,1.077442488413657f,0.2202557797447488f,0.23712881657449045f,1.6731545509169334f,0f,0f,0f,1f], start_interpolation: 0, interpolation_duration: 1 }
$data merge entity $(bone_neck) { transformation: [-0.24950315861072297f,0.061069139139036485f,-0.9664464465701602f,2.3863573655429633f,-0.17495311488741389f,0.9787438941368808f,0.10701307060806078f,-0.5995564778193713f,0.9524387546894885f,0.1957829153286656f,-0.23351545694224335f,0.7991845172699092f,0f,0f,0f,1f], start_interpolation: 0, interpolation_duration: 1 }
$data merge entity $(bone_right_arm2) { transformation: [-0.13655609669874563f,0.08800045176166581f,-0.9867159433920918f,2.2571013225608105f,-0.17751184219645594f,0.9777512712033773f,0.11176760505710077f,-2.2701091391425594f,0.9745983677056017f,0.19041631272010878f,-0.11789677483143612f,1.8876394686108493f,0f,0f,0f,1f], start_interpolation: 0, interpolation_duration: 1 }
$data merge entity $(bone_right_arm1) { transformation: [-0.15504806812670074f,0.09991717960439138f,-1.120333727393104f,1.736908484634292f,-0.20154990416055932f,1.1101550891788345f,0.12690280157524983f,-0.8544979165249775f,1.1065752299990685f,0.2162018550676235f,-0.13386196308985976f,1.7519448564513793f,0f,0f,0f,1f], start_interpolation: 0, interpolation_duration: 1 }
$data merge entity $(bone_left_arm2) { transformation: [-0.13655609669874563f,0.08800045176166581f,-0.9867159433920918f,2.4960744917836157f,-0.17751184219645594f,0.9777512712033773f,0.11176760505710077f,-1.959463415298762f,0.9745983677056017f,0.19041631272010878f,-0.11789677483143612f,0.1820923251260465f,0f,0f,0f,1f], start_interpolation: 0, interpolation_duration: 1 }
$data merge entity $(bone_left_arm1) { transformation: [-0.15504806812670074f,0.09991717960439138f,-1.120333727393104f,1.890534093420381f,-0.20154990416055932f,1.1101550891788345f,0.12690280157524983f,-0.6547970940539646f,1.1065752299990685f,0.2162018550676235f,-0.13386196308985976f,0.6555216927825775f,0f,0f,0f,1f], start_interpolation: 0, interpolation_duration: 1 }
$data merge entity $(bone_body2) { transformation: [-0.21621381977301393f,0.13933404862263754f,-1.5623002437041456f,0.9624531686817273f,-0.28106041681105526f,1.5481061794053477f,0.1769653746737429f,-0.5f,1.5431140822005363f,0.3014924951401723f,-0.18666989348310722f,0.6178068839047131f,0f,0f,0f,1f], start_interpolation: 0, interpolation_duration: 1 }
$data merge entity $(bone_right_leg2) { transformation: [-0.8489221530339578f,-0.05201630869776111f,-0.5259519766268101f,-0.35506581333702236f,0f,0.995145045411477f,-0.09841919829479018f,-2.3650015120283947f,0.5285179070648311f,-0.08355023771628922f,-0.8448006745317869f,1.3396915050718328f,0f,0f,0f,1f], start_interpolation: 0, interpolation_duration: 1 }
$data merge entity $(bone_right_leg1) { transformation: [-1.131896204045277f,-0.49667833809453266f,-0.49989937938881585f,-0.45503742216320253f,0f,0.945851356607857f,-0.9397568775916747f,-1.125f,0.7046905427531082f,-0.7977804318535939f,-0.8029541701016318f,0.4695826454479351f,0f,0f,0f,1f], start_interpolation: 0, interpolation_duration: 1 }
$data merge entity $(bone_left_leg2) { transformation: [-0.85901119666551f,0.27437605253785036f,-0.43222395328930496f,0.3493960991211814f,-8.673617379884035e-19f,0.8442586448031396f,0.5359359482952849f,-2.0661023222004142f,0.5119567989618738f,0.46037498028119755f,-0.7252276287675467f,-1.3542969537637468f,0f,0f,0f,1f], start_interpolation: 0, interpolation_duration: 1 }
$data merge entity $(bone_left_leg1) { transformation: [-1.1453482622206799f,0.4199083059284304f,-0.5381748327617726f,0.6061152691292447f,-1.1564823173178713e-18f,1.0512114183326848f,0.8202026162752488f,-1.125f,0.6826090652824984f,0.7045632309147833f,-0.9030023784104075f,-0.19106473838310384f,0f,0f,0f,1f], start_interpolation: 0, interpolation_duration: 1 }
$data merge entity $(bone_tail3) { transformation: [0.007608383322292467f,0.04452913573286886f,0.9989791131821051f,2.244585450347796f,-0.3057184436172367f,0.9512782289223104f,-0.04007448578193887f,-1.094755074695557f,-0.9520915637350621f,-0.30510143763888775f,0.020851067483665664f,-1.492801314736234f,0f,0f,0f,1f], start_interpolation: 0, interpolation_duration: 1 }
$data merge entity $(bone_tail2) { transformation: [0.011729590955200885f,0.06864908425483948f,1.5400927994890785f,0.22535434904365315f,-0.47131593390990656f,1.4665539362552285f,-0.06178149891382242f,-1.2306289864264623f,-1.4678078274248874f,-0.4703647163599519f,0.032145395703984565f,-1.5965979737726521f,0f,0f,0f,1f], start_interpolation: 0, interpolation_duration: 1 }
$data merge entity $(bone_tail1) { transformation: [-0.7809737186086996f,0.2362099740571746f,0.5781737619422114f,-0.35755213925066f,0f,0.9257239692688903f,-0.37819985817164253f,-0.75f,-0.6245638885194211f,-0.2953641496135905f,-0.7229660906851308f,-0.5563855885370776f,0f,0f,0f,1f], start_interpolation: 0, interpolation_duration: 1 }
$data merge entity $(bone_body1) { transformation: [-1.131896204045277f,0f,-0.7046905427531082f,0.5f,0f,1.3333333333333333f,0f,-1.1875f,0.7046905427531082f,0f,-1.131896204045277f,-0.12499999999999994f,0f,0f,0f,1f], start_interpolation: 0, interpolation_duration: 1 }
data modify entity @s data merge value {"locators":{"head":{"posx":3.378983808004107,"posy":-0.3516615491844801,"posz":1.484921113121381,"roty":257.82967704804344,"rotx":1.0782964687180836},"neck":{"posx":2.359510664881733,"posy":-1.0674386293904161,"posz":1.2311747334841843,"roty":283.58361428337867,"rotx":6.1431606064212145},"right_arm":{"posx":2.653924086451519,"posy":-3.3148387030117656,"posz":1.8170839412880586,"roty":276.81362710451646,"rotx":6.4172203008271005},"left_arm":{"posx":2.9099667677616674,"posy":-2.9820039988934113,"posz":-0.0102879981599443,"roty":276.81362710451646,"rotx":6.4172203008271005},"tail1":{"posx":0.8778045896414122,"posy":-1.9334240616411236,"posz":-1.2344253411815833,"roty":91.1957254212128,"rotx":-2.296713921550901},"tail2":{"posx":2.74806671086334,"posy":-2.36584964840843,"posz":-1.0806269523756318,"roty":91.1957254212128,"rotx":-2.296713921550901}},"cameras":{}}