# This file was generated by Animated Java via MC-Build. It is not recommended to edit this file directly.
$data merge entity $(bone_jaw) { transformation: [0.16406281049071839f,0.5340781016802241f,-0.8293635966929916f,3.3316009997350013f,-0.20449063286687605f,0.8409061996925973f,0.5010592224360889f,0.2540095431344923f,0.9650217486065229f,0.08739190250933976f,0.24717540349356532f,1.675283945388461f,0f,0f,0f,1f], start_interpolation: 0, interpolation_duration: 1 }
$data merge entity $(bone_head) { transformation: [0.1845706618020582f,0.06877946135586725f,-1.107622704939524f,3.0854626208595515f,-0.23005196197523556f,1.1008177811027817f,0.030021785411481594f,0.2606810510037104f,1.0856494671823382f,0.2215730094202474f,0.1946680145867826f,1.7185435041855237f,0f,0f,0f,1f], start_interpolation: 0, interpolation_duration: 1 }
$data merge entity $(bone_neck) { transformation: [-0.2683593338687056f,0.06113729898299311f,-0.9613768764634445f,2.3735651954979256f,-0.17394287768640063f,0.9785046943135837f,0.11078103857815194f,-0.6019991540165234f,0.9474846401012094f,0.19695378615133102f,-0.2519564702343192f,0.8308231542837454f,0f,0f,0f,1f], start_interpolation: 0, interpolation_duration: 1 }
$data merge entity $(bone_right_arm2) { transformation: [-0.1547295711166859f,0.08609975155104457f,-0.9841979438125722f,2.2215807568227133f,-0.17772838614948405f,0.9775173659040102f,0.11345668826819064f,-2.272830027509364f,0.971839174235504f,0.1924750169215057f,-0.13594847289440148f,1.9159095207005992f,0f,0f,0f,1f], start_interpolation: 0, interpolation_duration: 1 }
$data merge entity $(bone_right_arm1) { transformation: [-0.17568253387207042f,0.09775909290691517f,-1.1174747487038579f,1.7063035853362802f,-0.20179577177389332f,1.1098895092035115f,0.1288206148045081f,-0.8562968909042561f,1.1034423957465618f,0.21853934212962625f,-0.154358161932185f,1.7713686633465795f,0f,0f,0f,1f], start_interpolation: 0, interpolation_duration: 1 }
$data merge entity $(bone_left_arm2) { transformation: [-0.1547295711166859f,0.08609975155104457f,-0.9841979438125722f,2.4923575062769134f,-0.17772838614948405f,0.9775173659040102f,0.11345668826819064f,-1.9618053517477672f,0.971839174235504f,0.1924750169215057f,-0.13594847289440148f,0.2151909657884672f,0f,0f,0f,1f], start_interpolation: 0, interpolation_duration: 1 }
$data merge entity $(bone_left_arm1) { transformation: [-0.17568253387207042f,0.09775909290691517f,-1.1174747487038579f,1.8803743528425518f,-0.20179577177389332f,1.1098895092035115f,0.1288206148045081f,-0.6563524564860865f,1.1034423957465618f,0.21853934212962625f,-0.154358161932185f,0.6780495923316374f,0f,0f,0f,1f], start_interpolation: 0, interpolation_duration: 1 }
$data merge entity $(bone_body2) { transformation: [-0.24498848760141936f,0.13632460662248724f,-1.5583134110365728f,0.953399416795413f,-0.2814032780700164f,1.5477358293480163f,0.1796397564246352f,-0.5f,1.5387453592062148f,0.3047521101257174f,-0.21525174874946904f,0.6233675359404491f,0f,0f,0f,1f], start_interpolation: 0, interpolation_duration: 1 }
$data merge entity $(bone_right_leg2) { transformation: [-0.8552771839319419f,-0.04968321821089047f,-0.515783400734898f,-0.37764677362152765f,0f,0.9953927131906307f,-0.09588194056752697f,-2.3709369963784455f,0.5181707620519006f,-0.0820056361185243f,-0.8513366766440578f,1.321181054296861f,0f,0f,0f,1f], start_interpolation: 0, interpolation_duration: 1 }
$data merge entity $(bone_right_leg1) { transformation: [-1.1403695785759225f,-0.4832434239910367f,-0.4937720073128589f,-0.46218683192343457f,0f,0.9529136791847821f,-0.9325949269647029f,-1.125f,0.6908943494025341f,-0.7976271628835861f,-0.8150053280633864f,0.4579421073083882f,0f,0f,0f,1f], start_interpolation: 0, interpolation_duration: 1 }
$data merge entity $(bone_left_leg2) { transformation: [-0.8635457227313448f,0.2691525429959754f,-0.4264336916229757f,0.36209821609564036f,0f,0.8456446524754989f,0.5337463084083978f,-2.0697042971963286f,0.5042705471791897f,0.4609143416497172f,-0.7302528225958517f,-1.3526508117842502f,0f,0f,0f,1f], start_interpolation: 0, interpolation_duration: 1 }
$data merge entity $(bone_left_leg1) { transformation: [-1.1513942969751263f,0.41191093247899224f,-0.5314116430557573f,0.6069096479914927f,0f,1.0538224887977108f,0.816845113765135f,-1.125f,0.6723607295722529f,0.7053831041258811f,-0.9100239027193637f,-0.18977134525648753f,0f,0f,0f,1f], start_interpolation: 0, interpolation_duration: 1 }
$data merge entity $(bone_tail3) { transformation: [-0.0006400122801836217f,0.04452828687586764f,0.9990079189136498f,2.2514498594407257f,-0.30176234096623733f,0.9524289231541178f,-0.04264546768490443f,-1.09687348523367f,-0.9533829660523927f,-0.30149026187820444f,0.012827393880057214f,-1.5173949174469283f,0f,0f,0f,1f], start_interpolation: 0, interpolation_duration: 1 }
$data merge entity $(bone_tail2) { transformation: [-0.0009866855986164166f,0.06864777560029595f,1.54013720832521f,0.2319863445749396f,-0.4652169423229492f,1.4683279231959314f,-0.06574509601422766f,-1.2273275290287036f,-1.4697987393307719f,-0.4647974870622318f,0.019775565565088204f,-1.605860312687026f,0f,0f,0f,1f], start_interpolation: 0, interpolation_duration: 1 }
$data merge entity $(bone_tail1) { transformation: [-0.7804920766239934f,0.2350513288357163f,0.5792952538556918f,-0.35202862024801873f,0f,0.9266267793468239f,-0.3759824620874392f,-0.75f,-0.6251656727037773f,-0.2934513326088273f,-0.7232248592678056f,-0.566400124641217f,0f,0f,0f,1f], start_interpolation: 0, interpolation_duration: 1 }
$data merge entity $(bone_body1) { transformation: [-1.1403695785759225f,0f,-0.6908943494025341f,0.5f,0f,1.3333333333333333f,0f,-1.1875f,0.6908943494025341f,0f,-1.1403695785759225f,-0.12499999999999994f,0f,0f,0f,1f], start_interpolation: 0, interpolation_duration: 1 }
data modify entity @s data merge value {"locators":{"head":{"posx":3.3549247825894932,"posy":-0.35922376777880205,"posz":1.5413729393446134,"roty":260.03189807881415,"rotx":1.5291785115006722},"neck":{"posx":2.336631151002881,"posy":-1.0697574830495866,"posz":1.2622023633068908,"roty":284.68572274204416,"rotx":6.360340966883083},"right_arm":{"posx":2.617909378983162,"posy":-3.318183761681812,"posz":1.8521486886160132,"roty":277.86456922610944,"rotx":6.514617191729686},"left_arm":{"posx":2.9080273248269477,"posy":-2.98494303765153,"posz":0.029950236924443208,"roty":277.86456922610944,"rotx":6.514617191729686},"tail1":{"posx":0.8854880752061961,"posy":-1.933247687806884,"posz":-1.251750912229284,"roty":90.73564496446897,"rotx":-2.4441465312451274},"tail2":{"posx":2.754948437305077,"posy":-2.3709245224462085,"posz":-1.1144735396742529,"roty":90.73564496446897,"rotx":-2.4441465312451274}},"cameras":{}}