# This file was generated by Animated Java via MC-Build. It is not recommended to edit this file directly.
$data merge entity $(bone_jaw) { transformation: [0.0776819892251347f,0.5241933745402555f,-0.8480488279799256f,3.266167387440529f,-0.20422100097262513f,0.8409487055551509f,0.501097852107605f,0.23894984431969388f,0.9758377382084407f,0.13426310257556096f,0.17237786393565538f,1.805641846097574f,0f,0f,0f,1f], start_interpolation: 0, interpolation_duration: 1 }
$data merge entity $(bone_head) { transformation: [0.08739223787827653f,0.06775178593310069f,-1.119552273125959f,3.0173779934125378f,-0.22974862609420327f,1.100215432859847f,0.04864740594158452f,0.24976037897337933f,1.0978174554844957f,0.22485705859477634f,0.09930326094168636f,1.8277092374179489f,0f,0f,0f,1f], start_interpolation: 0, interpolation_duration: 1 }
$data merge entity $(bone_neck) { transformation: [-0.3139270993055458f,0.06022380971831172f,-0.9475351545270596f,2.3404814321863685f,-0.17151934728059837f,0.9779692736531974f,0.11898408842645725f,-0.6068977287963471f,0.9338259419346002f,0.19987294097313452f,-0.29668150875426397f,0.907377540803854f,0f,0f,0f,1f], start_interpolation: 0, interpolation_duration: 1 }
$data merge entity $(bone_right_arm2) { transformation: [-0.19895855186714362f,0.08053267703102979f,-0.9766933923034112f,2.13427771119383f,-0.1781095846434276f,0.9770488474781882f,0.11684402209651053f,-2.2782143800740515f,0.9636869151841145f,0.19720557185779514f,-0.18004858214150193f,1.9827231487879626f,0f,0f,0f,1f], start_interpolation: 0, interpolation_duration: 1 }
$data merge entity $(bone_right_arm1) { transformation: [-0.22590085576581928f,0.09143814371231505f,-1.108953955844498f,1.630674690046944f,-0.20222859089722506f,1.1093575455741926f,0.1326666500887463f,-0.8598482573665072f,1.0941861849486298f,0.22391049304687152f,-0.20443016097316363f,1.8166199006340005f,0f,0f,0f,1f], start_interpolation: 0, interpolation_duration: 1 }
$data merge entity $(bone_left_arm2) { transformation: [-0.19895855186714362f,0.08053267703102979f,-0.9766933923034112f,2.4824551769613317f,-0.1781095846434276f,0.9770488474781882f,0.11684402209651053f,-1.966522606948053f,0.9636869151841145f,0.19720557185779514f,-0.18004858214150193f,0.2962710472157622f,0f,0f,0f,1f], start_interpolation: 0, interpolation_duration: 1 }
$data merge entity $(bone_left_arm1) { transformation: [-0.22590085576581928f,0.09143814371231505f,-1.108953955844498f,1.8545030608974806f,-0.20222859089722506f,1.1093575455741926f,0.1326666500887463f,-0.6594749746426511f,1.0941861849486298f,0.22391049304687152f,-0.20443016097316363f,0.7324721210518715f,0f,0f,0f,1f], start_interpolation: 0, interpolation_duration: 1 }
$data merge entity $(bone_body2) { transformation: [-0.31501770712297744f,0.12751007196579717f,-1.5464312044804012f,0.9314513884357756f,-0.2820068423520937f,1.5469940085071314f,0.18500303498614168f,-0.5f,1.5258376157081814f,0.312242155441509f,-0.28507692172404475f,0.6362323557343328f,0f,0f,0f,1f], start_interpolation: 0, interpolation_duration: 1 }
$data merge entity $(bone_right_leg2) { transformation: [-0.8699798351249516f,-0.04356337333182883f,-0.4911591585015125f,-0.43167539341585404f,0f,0.9960896527577094f,-0.0883481956183908f,-2.3863206406428352f,0.49308730106945786f,-0.07686114865767463f,-0.8665779118758223f,1.273253804855099f,0f,0f,0f,1f], start_interpolation: 0, interpolation_duration: 1 }
$data merge entity $(bone_right_leg1) { transformation: [-1.1599731134999354f,-0.45036731516284234f,-0.47896705019036206f,-0.4787273145155705f,0f,0.9713635884589396f,-0.9133622264983097f,-1.125f,0.6574497347592771f,-0.7946067192183581f,-0.8450667345338895f,0.4297232137031402f,0f,0f,0f,1f], start_interpolation: 0, interpolation_duration: 1 }
$data merge entity $(bone_left_leg2) { transformation: [-0.8748939572070847f,0.2545004612175467f,-0.4120559171794331f,0.3958974355081192f,0f,0.8508023029296654f,0.525485909734579f,-2.0823801176502315f,0.4843145296628295f,0.45974444702425066f,-0.7443617936110357f,-1.3454308337250924f,0f,0f,0f,1f], start_interpolation: 0, interpolation_duration: 1 }
$data merge entity $(bone_left_leg1) { transformation: [-1.166525276276113f,0.3898202987539646f,-0.5148171444950971f,0.6087474793906189f,0f,1.0629810029723927f,0.8048907783653529f,-1.125f,0.645752706217106f,0.7041940782035542f,-0.9299956561264726f,-0.18663591263368218f,0f,0f,0f,1f], start_interpolation: 0, interpolation_duration: 1 }
$data merge entity $(bone_tail3) { transformation: [-0.02441359902679563f,0.043840099117270534f,0.9987402174198989f,2.2655298761681233f,-0.2914787808100633f,0.9553184414369408f,-0.049059105046601215f,-1.1018488143252043f,-0.9562657039338167f,-0.2923092902387508f,-0.010544302730850552f,-1.5854190674737996f,0f,0f,0f,1f], start_interpolation: 0, interpolation_duration: 1 }
$data merge entity $(bone_tail2) { transformation: [-0.03763763183297659f,0.06758681947245873f,1.5397245018556773f,0.24598886249212437f,-0.4493631204155142f,1.4727825972152835f,-0.07563278694684353f,-1.2187577001345902f,-1.4742429602313005f,-0.4506434891180741f,-0.0162558000433946f,-1.6289417785792513f,0f,0f,0f,1f], start_interpolation: 0, interpolation_duration: 1 }
$data merge entity $(bone_tail1) { transformation: [-0.7807994116435633f,0.23129870156902044f,0.5803905490525765f,-0.3382866298569398f,2.7755575615628914e-17f,0.9289492156369757f,-0.3702071781684515f,-0.75f,-0.6247817849273982f,-0.28905754690015073f,-0.7253230010161001f,-0.590013930663148f,0f,0f,0f,1f], start_interpolation: 0, interpolation_duration: 1 }
$data merge entity $(bone_body1) { transformation: [-1.1599731134999354f,0f,-0.6574497347592771f,0.5f,0f,1.3333333333333333f,0f,-1.1875f,0.6574497347592771f,0f,-1.1599731134999354f,-0.12499999999999994f,0f,0f,0f,1f], start_interpolation: 0, interpolation_duration: 1 }
data modify entity @s data merge value {"locators":{"head":{"posx":3.2907248548735817,"posy":-0.37498358537697585,"posz":1.6752044101592714,"roty":264.9311820959325,"rotx":2.4783648245330436},"neck":{"posx":2.279375848205111,"posy":-1.0742688911099023,"posz":1.3364233475005118,"roty":287.38579268505043,"rotx":6.833475074376278},"right_arm":{"posx":2.5296568208228094,"posy":-3.3248170876407093,"posz":1.9357723001999256,"roty":280.44492927550755,"rotx":6.709996872941169},"left_arm":{"posx":2.902704105573704,"posy":-2.990861616434282,"posz":0.12885933422971088,"roty":280.44492927550755,"rotx":6.709996872941169},"tail1":{"posx":0.9027943875087014,"posy":-1.9325398183305762,"posz":-1.2974258060359207,"roty":89.39511637882944,"rotx":-2.8120084243548065},"tail2":{"posx":2.769781118375399,"posy":-2.383300015299902,"posz":-1.2076942943215427,"roty":89.39511637882944,"rotx":-2.8120084243548065}},"cameras":{}}