# This file was generated by Animated Java via MC-Build. It is not recommended to edit this file directly.
$data merge entity $(bone_jaw) { transformation: [-0.07181409688600343f,0.49442441306403767f,-0.8662489453123332f,3.122531664620045f,-0.20114233536876086f,0.8434692607418528f,0.4980977485453966f,0.2165018159152653f,0.9769260444940796f,0.21000977584358801f,0.03887669789574835f,2.042861176140603f,0f,0f,0f,1f], start_interpolation: 0, interpolation_duration: 1 }
$data merge entity $(bone_head) { transformation: [-0.08079085899675387f,0.06302992878848486f,-1.1203236430511878f,2.8735708550531145f,-0.22628512728985598f,1.099231916721168f,0.07816159177576268f,0.23387105853210144f,1.0990418000558395f,0.23095761805670287f,-0.06626236029295864f,2.028136207186612f,0f,0f,0f,1f], start_interpolation: 0, interpolation_duration: 1 }
$data merge entity $(bone_neck) { transformation: [-0.3988917755474918f,0.056026603367542095f,-0.9152848579079989f,2.269819529698598f,-0.1665902744758263f,0.9770950370854826f,0.13241211784798324f,-0.6134124353818242f,0.9017388933891219f,0.205295660494847f,-0.3804216869887233f,1.0500475005379384f,0f,0f,0f,1f], start_interpolation: 0, interpolation_duration: 1 }
$data merge entity $(bone_right_arm2) { transformation: [-0.2822744735671335f,0.0673981978251764f,-0.9569632200363377f,1.9642378229269113f,-0.17825157587356108f,0.9764734082908175f,0.12135097280000018f,-2.284942184026021f,0.9426279739488903f,0.20483448398849416f,-0.26361968230421934f,2.1011400844162433f,0f,0f,0f,1f], start_interpolation: 0, interpolation_duration: 1 }
$data merge entity $(bone_right_arm1) { transformation: [-0.32049914186268275f,0.07652503711400237f,-1.0865519894162583f,1.4829965167872023f,-0.2023898101064391f,1.1087041823301989f,0.1377839170333335f,-0.8641884243838349f,1.0702755120878025f,0.23257248702860273f,-0.29931818094958235f,1.894175571207963f,0f,0f,0f,1f], start_interpolation: 0, interpolation_duration: 1 }
$data merge entity $(bone_left_arm2) { transformation: [-0.2822744735671335f,0.0673981978251764f,-0.9569632200363377f,2.458218151669395f,-0.17825157587356108f,0.9764734082908175f,0.12135097280000018f,-1.9730019262472889f,0.9426279739488903f,0.20483448398849416f,-0.26361968230421934f,0.4515411300056854f,0f,0f,0f,1f], start_interpolation: 0, interpolation_duration: 1 }
$data merge entity $(bone_left_arm1) { transformation: [-0.32049914186268275f,0.07652503711400237f,-1.0865519894162583f,1.8005552995502276f,-0.2023898101064391f,1.1087041823301989f,0.1377839170333335f,-0.6636554015260787f,1.0702755120878025f,0.23257248702860273f,-0.29931818094958235f,0.8337191005154614f,0f,0f,0f,1f], start_interpolation: 0, interpolation_duration: 1 }
$data merge entity $(bone_body2) { transformation: [-0.44693458314796136f,0.10671381322319598f,-1.5151917650575348f,0.8899725135322887f,-0.2822316617998051f,1.5460828964604612f,0.19213904026666698f,-0.5f,1.4924942920857431f,0.32432126631511576f,-0.417397830315014f,0.6582920519763422f,0f,0f,0f,1f], start_interpolation: 0, interpolation_duration: 1 }
$data merge entity $(bone_right_leg2) { transformation: [-0.8951909165443911f,-0.03137133292947264f,-0.44457739754360104f,-0.5295318359472044f,0f,0.9975195926685285f,-0.07038936171334992f,-2.417301979566677f,0.44568287260833f,-0.06301191722714838f,-0.8929704784319279f,1.1727219626635077f,0f,0f,0f,1f], start_interpolation: 0, interpolation_duration: 1 }
$data merge entity $(bone_right_leg1) { transformation: [-1.1935878887258546f,-0.38833747048469136f,-0.4497996650535497f,-0.50708978111244f,0f,1.009237044316122f,-0.8713313756303256f,-1.125f,0.5942438301444399f,-0.7800079327643963f,-0.9034598347119016f,0.3763932316843713f,0f,0f,0f,1f], start_interpolation: 0, interpolation_duration: 1 }
$data merge entity $(bone_left_leg2) { transformation: [-0.8964676538577334f,0.22235799826839409f,-0.3832788360878848f,0.4664711381455657f,0f,0.8649760673110353f,0.5018131155909891f,-2.116348117409341f,0.4431091802104881f,0.4498592264088937f,-0.7754230657054128f,-1.3212221680883562f,0f,0f,0f,1f], start_interpolation: 0, interpolation_duration: 1 }
$data merge entity $(bone_left_leg1) { transformation: [-1.1952902051436445f,0.34196847996910684f,-0.48178487105040985f,0.6118988645680489f,0f,1.0872825311846388f,0.771747675836152f,-1.125f,0.5908122402806508f,0.6918468283269938f,-0.9747136198115911f,-0.1807103590760412f,0f,0f,0f,1f], start_interpolation: 0, interpolation_duration: 1 }
$data merge entity $(bone_tail3) { transformation: [-0.08012702460567556f,0.040905922664285915f,0.9959449610389244f,2.2823769034301495f,-0.2701374285191523f,0.9608748404020752f,-0.06119894439732115f,-1.1098692831014898f,-0.9594818547741802f,-0.2739457000452279f,-0.06594182122013797f,-1.737544805731665f,0f,0f,0f,1f], start_interpolation: 0, interpolation_duration: 1 }
$data merge entity $(bone_tail2) { transformation: [-0.1235291629337498f,0.06306329744077412f,1.5354151482683416f,0.26665343437556277f,-0.4164618689670264f,1.4813487122865323f,-0.09434837261253677f,-1.2010248341854188f,-1.4792011927768611f,-0.42233295423639294f,-0.10166030771437937f,-1.6738245281005446f,0f,0f,0f,1f], start_interpolation: 0, interpolation_duration: 1 }
$data merge entity $(bone_tail1) { transformation: [-0.7855943195767614f,0.22161280162148114f,0.5776931116139459f,-0.3110883566880943f,2.7755575615628914e-17f,0.9336576233508153f,-0.3581667800884208f,-0.75f,-0.6187419211987539f,-0.2813737878985625f,-0.7334761253339399f,-0.6322641183157589f,0f,0f,0f,1f], start_interpolation: 0, interpolation_duration: 1 }
$data merge entity $(bone_body1) { transformation: [-1.1935878887258546f,0f,-0.5942438301444399f,0.5f,0f,1.3333333333333333f,0f,-1.1875f,0.5942438301444399f,0f,-1.1935878887258546f,-0.12499999999999994f,0f,0f,0f,1f], start_interpolation: 0, interpolation_duration: 1 }
data modify entity @s data merge value {"locators":{"head":{"posx":3.149755239907064,"posy":-0.3985248929173705,"posz":1.918232630569821,"roty":273.3848574214758,"rotx":3.9839466935006507},"neck":{"posx":2.1637742729005236,"posy":-1.0796697262577912,"posz":1.471483785420522,"roty":292.56933448077814,"rotx":7.609001702360729},"right_arm":{"posx":2.357679080521958,"posy":-3.3332318022089362,"posz":2.0870296899516645,"roty":285.401563519104,"rotx":6.970077464935345},"left_arm":{"posx":2.886943718460333,"posy":-2.9990100974460088,"posz":0.3196022387974953,"roty":285.401563519104,"rotx":6.970077464935345},"tail1":{"posx":0.9307020311673183,"posy":-1.9299880601952395,"posz":-1.393765023308696,"roty":86.21195776165926,"rotx":-3.5086337071859237},"tail2":{"posx":2.788906920517669,"posy":-2.4054419173527064,"posz":-1.415083348858631,"roty":86.21195776165926,"rotx":-3.5086337071859237}},"cameras":{}}