# This file was generated by Animated Java via MC-Build. It is not recommended to edit this file directly.
$data merge entity $(bone_jaw) { transformation: [-0.18143935773877085f,0.46381173021191113f,-0.8671553715345223f,2.9934214929383787f,-0.1968432445297575f,0.8468166307676086f,0.494119753641153f,0.20308079876538043f,0.9635001279430846f,0.26034644759095327f,-0.06234765978311185f,2.220071682465027f,0f,0f,0f,1f], start_interpolation: 0, interpolation_duration: 1 }
$data merge entity $(bone_head) { transformation: [-0.2041192774561172f,0.0576269217291478f,-1.1048255330425774f,2.747904707817806f,-0.22144865009597717f,1.0986078243174349f,0.09821580177945778f,0.22490653249414883f,1.0839376439359703f,0.23529765455808294f,-0.1879872278055162f,2.17829674295269f,0f,0f,0f,1f], start_interpolation: 0, interpolation_duration: 1 }
$data merge entity $(bone_neck) { transformation: [-0.46396898337162046f,0.051223930425909156f,-0.8843692053779498f,2.2069137940565033f,-0.16218568223365637f,0.9765402882821643f,0.141650520084435f,-0.6164836351202193f,0.8708780551532506f,0.20915347071829593f,-0.4447766166728897f,1.1592511516911523f,0f,0f,0f,1f], start_interpolation: 0, interpolation_duration: 1 }
$data merge entity $(bone_right_arm2) { transformation: [-0.3467684133999059f,0.055277761708022226f,-0.9363204774694736f,1.8262055327018767f,-0.1777820910234723f,0.9762921294145752f,0.12347957788426454f,-2.2875063671642453f,0.9209479874452375f,0.2092798296628355f,-0.32871987666835856f,2.186349856163345f,0f,0f,0f,1f], start_interpolation: 0, interpolation_duration: 1 }
$data merge entity $(bone_right_arm1) { transformation: [-0.3937266360478098f,0.0627632919393169f,-1.0631138754601313f,1.3634023958708634f,-0.20185674918290084f,1.1084983552727987f,0.1402007707227587f,-0.8656738340673483f,1.0456596940784466f,0.23761980659634446f,-0.3732340266338654f,1.9472384713096835f,0f,0f,0f,1f], start_interpolation: 0, interpolation_duration: 1 }
$data merge entity $(bone_left_arm2) { transformation: [-0.3467684133999059f,0.055277761708022226f,-0.9363204774694736f,2.433050256151712f,-0.1777820910234723f,0.9762921294145752f,0.12347957788426454f,-1.9763877078731689f,0.9209479874452375f,0.2092798296628355f,-0.32871987666835856f,0.5746908781341795f,0f,0f,0f,1f], start_interpolation: 0, interpolation_duration: 1 }
$data merge entity $(bone_left_arm1) { transformation: [-0.3937266360478098f,0.0627632919393169f,-1.0631138754601313f,1.7535168609457576f,-0.20185674918290084f,1.1084983552727987f,0.1402007707227587f,-0.6656689816659419f,1.0456596940784466f,0.23761980659634446f,-0.3732340266338654f,0.9111719854337913f,0f,0f,0f,1f], start_interpolation: 0, interpolation_duration: 1 }
$data merge entity $(bone_body2) { transformation: [-0.5490499878831844f,0.08752312270436853f,-1.48250742266f,0.8574982475873834f,-0.2814883107871645f,1.5457958715730775f,0.19550933165008555f,-0.5f,1.458167646788293f,0.33135973029948956f,-0.5204731380582345f,0.6736363396264597f,0f,0f,0f,1f], start_interpolation: 0, interpolation_duration: 1 }
$data merge entity $(bone_right_leg2) { transformation: [-0.9127272452873825f,-0.021890626917579425f,-0.4079825684551505f,-0.6015142388612502f,0f,0.9985636287937294f,-0.05357872012561432f,-2.4422524529811147f,0.40856942581415245f,-0.048902757626275606f,-0.911416230153073f,1.0856092915144653f,0f,0f,0f,1f], start_interpolation: 0, interpolation_duration: 1 }
$data merge entity $(bone_right_leg1) { transformation: [-1.2169696603831766f,-0.3406096889700053f,-0.4251442852307784f,-0.5268181509483052f,0f,1.0405680365915717f,-0.833664164398194f,-1.125f,0.5447592344188699f,-0.7609079962659712f,-0.9497547975723255f,0.33464060404092155f,0f,0f,0f,1f], start_interpolation: 0, interpolation_duration: 1 }
$data merge entity $(bone_left_leg2) { transformation: [-0.9128684823733496f,0.19479533692362339f,-0.3587839330323883f,0.5254737767916791f,0f,0.8788257861856293f,0.47714278526999715f,-2.149608283033099f,0.40825376163530597f,0.4355686102648153f,-0.8022523617058412f,-1.2927682592702077f,0f,0f,0f,1f], start_interpolation: 0, interpolation_duration: 1 }
$data merge entity $(bone_left_leg1) { transformation: [-1.2171579764977993f,0.301138240989958f,-0.4534534130856592f,0.6140909056609228f,0f,1.110714598854646f,0.7376251471234831f,-1.125f,0.5443383488470745f,0.6733547486150329f,-1.0139363502063645f,-0.176071178226769f,0f,0f,0f,1f], start_interpolation: 0, interpolation_duration: 1 }
$data merge entity $(bone_tail3) { transformation: [-0.13201001355740005f,0.03770042770344505f,0.9905311878338573f,2.285201041434127f,-0.25202733556102613f,0.9651615906636645f,-0.07032301214819253f,-1.1143232465880601f,-0.958673864487076f,-0.2589242778469455f,-0.11790945632498173f,-1.8744015278377868f,0f,0f,0f,1f], start_interpolation: 0, interpolation_duration: 1 }
$data merge entity $(bone_tail2) { transformation: [-0.20351543756765839f,0.05812149270947777f,1.5270689145771965f,0.27836060969321264f,-0.3885421423232486f,1.4879574522731494f,-0.10841464372846348f,-1.185991681800725f,-1.477955541084242f,-0.3991749283473743f,-0.1817770785010135f,-1.7096057164315166f,0f,0f,0f,1f], start_interpolation: 0, interpolation_duration: 1 }
$data merge entity $(bone_tail1) { transformation: [-0.7925121395566765f,0.21214629298783524f,0.5717678366494728f,-0.28878164827609065f,0f,0.9375454329815859f,-0.3478628481102439f,-0.75f,-0.6098561376712532f,-0.2756855300281287f,-0.7430161370238273f,-0.6633234453385737f,0f,0f,0f,1f], start_interpolation: 0, interpolation_duration: 1 }
$data merge entity $(bone_body1) { transformation: [-1.2169696603831766f,0f,-0.5447592344188699f,0.5f,0f,1.3333333333333333f,0f,-1.1875f,0.5447592344188699f,0f,-1.2169696603831766f,-0.12499999999999994f,0f,0f,0f,1f], start_interpolation: 0, interpolation_duration: 1 }
data modify entity @s data merge value {"locators":{"head":{"posx":3.0227857327023284,"posy":-0.4127133148431644,"posz":2.0997944981441763,"roty":279.65645670897743,"rotx":5.0084657592807975},"neck":{"posx":2.066266479133221,"posy":-1.0814853993534135,"posz":1.571854704832528,"roty":296.6992370202764,"rotx":8.143365998991174},"right_arm":{"posx":2.2174149838910973,"posy":-3.3366496662099197,"posz":2.198989214050016,"roty":289.34496252178275,"rotx":7.092961794023703},"left_arm":{"posx":2.8676057590159205,"posy":-3.003308245540909,"posz":0.47221173759019597,"roty":289.34496252178275,"rotx":7.092961794023703},"tail1":{"posx":0.9475767322460807,"posy":-1.9267065287052274,"posz":-1.4766410262088479,"roty":83.21164843171009,"rotx":-4.032540172025952},"tail2":{"posx":2.7928930232299,"posy":-2.420654528667478,"posz":-1.6008874823464732,"roty":83.21164843171009,"rotx":-4.032540172025952}},"cameras":{}}