# This file was generated by Animated Java via MC-Build. It is not recommended to edit this file directly.
$data merge entity $(bone_head) { transformation: [-1f,0f,1.2246467991473532e-16f,0f,0f,1f,0f,-0.49247685185185164f,-1.2246467991473532e-16f,0f,-1f,0f,0f,0f,0f,1f], start_interpolation: 0, interpolation_duration: 1 }
$data merge entity $(bone_left_arm2) { transformation: [-0.9210483229600686f,0.3894421049832597f,-0.0021985537639286476f,0.5253065815724485f,0.38881507638769697f,0.919857863461427f,0.051810688103983184f,-0.8517078991794393f,0.022199620403838827f,0.04686531653991651f,-0.9986545043004307f,-0.00939455081516377f,0f,0f,0f,1f], start_interpolation: 0, interpolation_duration: 1 }
$data merge entity $(bone_left_arm) { transformation: [-0.9028850782220341f,-0.4298763797713693f,-0.0021985537639286476f,0.30497685185185186f,-0.4294029048897008f,0.9016256417552012f,0.051810688103983184f,-0.6799768518518516f,-0.02028991858726836f,0.04772316255428941f,-0.9986545043004307f,3.734889254344069e-17f,0f,0f,0f,1f], start_interpolation: 0, interpolation_duration: 1 }
$data merge entity $(item_display_weapon) { transformation: [-0.9998661072043559f,0.0162152405271912f,-0.00219855376392894f,0.004620225369340369f,-0.016079607382002033f,-0.9985274652329963f,-0.05181068810398307f,-0.8455612467584515f,-0.0030354390865597923f,-0.05176839914477639f,0.9986545043004307f,-0.2582458442928944f,0f,0f,0f,1f], start_interpolation: 0, interpolation_duration: 1 }
$data merge entity $(bone_right_arm2) { transformation: [-0.9210483229600686f,-0.3894421049832597f,0.002198553763928892f,-0.5253065815724485f,-0.38881507638769697f,0.919857863461427f,0.051810688103983184f,-0.8517078991794393f,-0.022199620403839052f,0.04686531653991642f,-0.9986545043004307f,-0.009394550815163901f,0f,0f,0f,1f], start_interpolation: 0, interpolation_duration: 1 }
$data merge entity $(bone_right_arm) { transformation: [-0.9028850782220341f,0.4298763797713693f,0.002198553763928892f,-0.30497685185185186f,0.4294029048897008f,0.9016256417552012f,0.051810688103983184f,-0.6799768518518516f,0.020289918587268137f,0.047723162554289524f,-0.9986545043004307f,-3.734889254344069e-17f,0f,0f,0f,1f], start_interpolation: 0, interpolation_duration: 1 }
$data merge entity $(bone_right_leg) { transformation: [-0.997055231335101f,0.0766868024324145f,1.2246467991473532e-16f,-0.15248842592592593f,0.0766868024324145f,0.997055231335101f,0f,-1.3049768518518516f,-1.2210404976276553e-16f,9.391424713570188e-18f,-1f,0.031249999999999983f,0f,0f,0f,1f], start_interpolation: 0, interpolation_duration: 1 }
$data merge entity $(bone_left_leg) { transformation: [-0.997055231335101f,-0.0766868024324145f,1.2246467991473532e-16f,0.15248842592592593f,-0.0766868024324145f,0.997055231335101f,0f,-1.3049768518518516f,-1.2210404976276553e-16f,-9.391424713570188e-18f,-1f,0.03125000000000002f,0f,0f,0f,1f], start_interpolation: 0, interpolation_duration: 1 }
$data merge entity $(bone_body) { transformation: [-1f,0f,1.2246467991473532e-16f,0f,0f,1f,0f,-1.3049768518518516f,-1.2246467991473532e-16f,0f,-1f,0f,0f,0f,0f,1f], start_interpolation: 0, interpolation_duration: 1 }