# This file was generated by Animated Java via MC-Build. It is not recommended to edit this file directly.
$data merge entity $(bone_jaw) { transformation: [-0.999997731494116f,-0.0009728727260269987f,0.0018948681434306906f,-0.002680447661831491f,0.0013062567095009565f,0.4225775614545403f,0.9063258234479161f,0.3381379063403242f,-0.0016824684338552717f,0.9063262426266786f,-0.42257533201332975f,3.4977311950556476f,0f,0f,0f,1f], start_interpolation: 0, interpolation_duration: 1 }
$data merge entity $(bone_head) { transformation: [-1.1249974479308804f,-0.0010944818167803736f,0.002131726661359527f,-0.0022067306259738184f,0.001469538798188576f,0.4753997566363578f,1.0196165513789057f,0.5647193622023032f,-0.0018927769880871807f,1.0196170229550134f,-0.475397248514996f,3.3920873620523153f,0f,0f,0f,1f], start_interpolation: 0, interpolation_duration: 1 }
$data merge entity $(bone_neck) { transformation: [-0.999997731494116f,-0.0004934610564904386f,0.0020720769309470672f,0.4999999999999997f,0.0013062567095009565f,0.6263201515659423f,0.7795648538998048f,0.5319975166023304f,-0.0016824684338552717f,0.7795657921167403f,-0.6263180861681773f,2.0557564971335625f,0f,0f,0f,1f], start_interpolation: 0, interpolation_duration: 1 }
$data merge entity $(bone_right_arm2) { transformation: [-1f,9.971538883862022e-18f,1.22058044548101e-16f,-0.8750000000000004f,0f,0.9966795702490102f,-0.0814237941160226f,-0.7475653393517866f,-1.2246467991473532e-16f,-0.0814237941160226f,-0.9966795702490102f,2.3331830760184076f,0f,0f,0f,1f], start_interpolation: 0, interpolation_duration: 1 }
$data merge entity $(bone_right_arm1) { transformation: [-1.1354166666666665f,1.1321851441051669e-17f,1.3858673808065632e-16f,-0.5625000000000003f,0f,1.1316465953868968f,-0.09244993290256731f,0.5045977381452736f,-1.3904843865318904e-16f,-0.09244993290256731f,-1.1316465953868968f,1.5410971416949337f,0f,0f,0f,1f], start_interpolation: 0, interpolation_duration: 1 }
$data merge entity $(bone_left_arm2) { transformation: [-1f,9.971538883862022e-18f,1.22058044548101e-16f,0.8749999999999997f,0f,0.9966795702490102f,-0.0814237941160226f,-0.7475653393517866f,-1.2246467991473532e-16f,-0.0814237941160226f,-0.9966795702490102f,2.333183076018408f,0f,0f,0f,1f], start_interpolation: 0, interpolation_duration: 1 }
$data merge entity $(bone_left_arm1) { transformation: [-1.1354166666666665f,1.1321851441051669e-17f,1.3858673808065632e-16f,0.5624999999999998f,0f,1.1316465953868968f,-0.09244993290256731f,0.5045977381452736f,-1.3904843865318904e-16f,-0.09244993290256731f,-1.1316465953868968f,1.541097141694934f,0f,0f,0f,1f], start_interpolation: 0, interpolation_duration: 1 }
$data merge entity $(bone_body2) { transformation: [-1.5833333333333335f,-3.696101505353175e-17f,1.903471247948498e-16f,0.4999999999999999f,0f,1.5543022276086207f,0.3018095917881421f,0.7446548212149086f,-1.9390240986499761e-16f,0.3018095917881421f,-1.5543022276086207f,0.6327001487077828f,0f,0f,0f,1f], start_interpolation: 0, interpolation_duration: 1 }
$data merge entity $(bone_right_leg2) { transformation: [-0.9834469345177506f,0.06727416126316192f,0.16824480441896955f,-1.1681332064420973f,-0.02812113683172294f,0.8606041295165083f,-0.5084975259747331f,-0.9715696718749138f,-0.17900091801700557f,-0.5048115682960036f,-0.8444666671122067f,0.9056486983693375f,0f,0f,0f,1f], start_interpolation: 0, interpolation_duration: 1 }
$data merge entity $(bone_right_leg1) { transformation: [-1.3112625793570007f,0.19323233412306257f,0.14501548470820685f,-0.625f,-0.03749484910896392f,0.6278588013873453f,-1.1756552384047458f,-0.00856977881617365f,-0.23866789068934074f,-1.1602725405470804f,-0.6120319006261863f,-0.13469981344234427f,0f,0f,0f,1f], start_interpolation: 0, interpolation_duration: 1 }
$data merge entity $(bone_left_leg2) { transformation: [-0.9834469345177506f,-0.06727416126316185f,-0.16824480441896936f,1.1681332064420973f,0.02812113683172294f,0.8606041295165083f,-0.5084975259747331f,-0.9715696718749138f,0.17900091801700535f,-0.5048115682960037f,-0.8444666671122067f,0.9056486983693377f,0f,0f,0f,1f], start_interpolation: 0, interpolation_duration: 1 }
$data merge entity $(bone_left_leg1) { transformation: [-1.3112625793570007f,-0.19323233412306234f,-0.14501548470820672f,0.625f,0.03749484910896392f,0.6278588013873453f,-1.1756552384047458f,-0.00856977881617365f,0.23866789068934047f,-1.1602725405470806f,-0.6120319006261863f,-0.1346998134423441f,0f,0f,0f,1f], start_interpolation: 0, interpolation_duration: 1 }
$data merge entity $(bone_tail3) { transformation: [-1f,8.688293812888633e-17f,8.630731654217207e-17f,4.163336342344337e-16f,0f,0.7047527221911052f,-0.7094530291458534f,-1.42532593540898f,-1.2246467991473532e-16f,-0.7094530291458534f,-0.7047527221911052f,-3.3397866562089793f,0f,0f,0f,1f], start_interpolation: 0, interpolation_duration: 1 }
$data merge entity $(bone_tail2) { transformation: [-1.5416666666666665f,1.3394452961536642e-16f,1.3305711300251526e-16f,-0.12499999999999978f,0f,1.0864937800446204f,-1.0937400865998572f,-0.22724264117133708f,-1.8879971486855027e-16f,-1.0937400865998572f,-1.0864937800446204f,-1.8853528591358097f,0f,0f,0f,1f], start_interpolation: 0, interpolation_duration: 1 }
$data merge entity $(bone_tail1) { transformation: [-1f,5.448743814967e-17f,1.0967550734099416e-16f,1.1102230246251565e-16f,0f,0.8955684807844557f,-0.4449236970823447f,0.24548878697865417f,-1.2246467991473532e-16f,-0.4449236970823447f,-0.8955684807844557f,-0.9338113483023256f,0f,0f,0f,1f], start_interpolation: 0, interpolation_duration: 1 }
$data merge entity $(bone_body1) { transformation: [-1.3333333333333333f,2.5341537033585675e-17f,1.613077885192969e-16f,0.5f,0f,1.3171780519216287f,-0.2069293534366761f,-0.0703125f,-1.6328623988631375e-16f,-0.2069293534366761f,-1.3171780519216287f,-0.12499999999999994f,0f,0f,0f,1f], start_interpolation: 0, interpolation_duration: 1 }
data modify entity @s data merge value {"locators":{"head":{"posx":-0.002190831467029035,"posy":0.017381566465741738,"posz":2.957688251664807,"roty":0.2569180249619478,"rotx":65.00244536886267},"neck":{"posx":-0.00007282746724274203,"posy":0.20033498138237693,"posz":1.8408678516438794,"roty":0.18955357102660741,"rotx":51.22075108532158},"right_arm":{"posx":-0.9375000000000006,"posy":-1.7035330125427857,"posz":2.9129466552589354,"roty":0,"rotx":-4.670410156250004},"left_arm":{"posx":0.9374999999999996,"posy":-1.7035330125427857,"posz":2.912946655258936,"roty":0,"rotx":-4.670410156250004},"tail1":{"posx":2.0816681711721685e-16,"posy":-1.2435561403524402,"posz":-1.8377805837828045,"roty":0,"rotx":-45.19042968750001},"tail2":{"posx":3.508476434952422e-16,"posy":-2.7493812121793484,"posz":-2.8050529616875437,"roty":0,"rotx":-45.19042968750001}},"cameras":{}}