# This file was generated by Animated Java via MC-Build. It is not recommended to edit this file directly.
$data merge entity $(bone_jaw) { transformation: [-0.9999979093448751f,-0.0008989265787500999f,0.0018366373853046913f,-0.0025529417306393537f,0.0012475961989537624f,0.4434236001439054f,0.8963113043687122f,0.3444478262116294f,-0.0016201264158819013f,0.8963117218727108f,-0.4434215516007006f,3.505812148269679f,0f,0f,0f,1f], start_interpolation: 0, interpolation_duration: 1 }
$data merge entity $(bone_head) { transformation: [-1.1249976480129844f,-0.0010112924010938623f,0.002066217058467778f,-0.002093782384313181f,0.0014035457238229829f,0.4988515501618936f,1.0083502174148011f,0.5685256523038075f,-0.001822642217867139f,1.0083506871067995f,-0.4988492455507882f,3.394956760369504f,0f,0f,0f,1f], start_interpolation: 0, interpolation_duration: 1 }
$data merge entity $(bone_neck) { transformation: [-0.9999979093448751f,-0.0004454707455989684f,0.001995710824217204f,0.4999999999999997f,0.0012475961989537624f,0.6403591258737272f,0.7680746275030574f,0.5115809178097296f,-0.0016201264158819013f,0.7680755115651395f,-0.6403572313360301f,2.0593963420789594f,0f,0f,0f,1f], start_interpolation: 0, interpolation_duration: 1 }
$data merge entity $(bone_right_arm2) { transformation: [-1f,9.799897278220188e-18f,1.2207194534353465e-16f,-0.8750000000000004f,0f,0.9967930788577237f,-0.08002223404367084f,-0.7711337539729642f,-1.2246467991473532e-16f,-0.08002223404367084f,-0.9967930788577237f,2.3351740306597675f,0f,0f,0f,1f], start_interpolation: 0, interpolation_duration: 1 }
$data merge entity $(bone_right_arm1) { transformation: [-1.1354166666666665f,1.1126966701312503e-17f,1.3860252127547162e-16f,-0.5625000000000003f,0f,1.1317754749530404f,-0.0908585782370846f,0.48214187612277437f,-1.3904843865318904e-16f,-0.0908585782370846f,-1.1317754749530404f,1.5448496067627646f,0f,0f,0f,1f], start_interpolation: 0, interpolation_duration: 1 }
$data merge entity $(bone_left_arm2) { transformation: [-1f,9.799897278220188e-18f,1.2207194534353465e-16f,0.8749999999999997f,0f,0.9967930788577237f,-0.08002223404367084f,-0.7711337539729642f,-1.2246467991473532e-16f,-0.08002223404367084f,-0.9967930788577237f,2.335174030659768f,0f,0f,0f,1f], start_interpolation: 0, interpolation_duration: 1 }
$data merge entity $(bone_left_arm1) { transformation: [-1.1354166666666665f,1.1126966701312503e-17f,1.3860252127547162e-16f,0.5624999999999998f,0f,1.1317754749530404f,-0.0908585782370846f,0.48214187612277437f,-1.3904843865318904e-16f,-0.0908585782370846f,-1.1317754749530404f,1.5448496067627648f,0f,0f,0f,1f], start_interpolation: 0, interpolation_duration: 1 }
$data merge entity $(bone_body2) { transformation: [-1.5833333333333335f,-3.6206422332757714e-17f,1.9049209834876486e-16f,0.4999999999999999f,0f,1.5554860265130557f,0.29564787461957226f,0.7185973029309312f,-1.9390240986499761e-16f,0.29564787461957226f,-1.5554860265130557f,0.6355084545360703f,0f,0f,0f,1f], start_interpolation: 0, interpolation_duration: 1 }
$data merge entity $(bone_right_leg2) { transformation: [-0.9840891876286258f,0.06467839462412911f,0.16548467017000879f,-1.1612921580777873f,-0.026968687137916416f,0.8662219692907198f,-0.49893104717201614f,-1.0188079925934506f,-0.1756165160413119f,-0.4954555531901451f,-0.8506953826761721f,0.8869031954787812f,0f,0f,0f,1f], start_interpolation: 0, interpolation_duration: 1 }
$data merge entity $(bone_right_leg1) { transformation: [-1.3121189168381677f,0.18680913404542612f,0.1456848423495354f,-0.625f,-0.03595824951722189f,0.6533995936939125f,-1.161702953869906f,-0.031974168152223266f,-0.2341553547217492f,-1.147148245073672f,-0.6379654782645404f,-0.13448665375752772f,0f,0f,0f,1f], start_interpolation: 0, interpolation_duration: 1 }
$data merge entity $(bone_left_leg2) { transformation: [-0.9840891876286258f,-0.06467839462412903f,-0.16548467017000862f,1.1612921580777873f,0.026968687137916416f,0.8662219692907198f,-0.49893104717201614f,-1.0188079925934506f,0.17561651604131168f,-0.4954555531901452f,-0.8506953826761722f,0.8869031954787818f,0f,0f,0f,1f], start_interpolation: 0, interpolation_duration: 1 }
$data merge entity $(bone_left_leg1) { transformation: [-1.3121189168381677f,-0.1868091340454259f,-0.14568484234953527f,0.625f,0.03595824951722189f,0.6533995936939125f,-1.161702953869906f,-0.031974168152223266f,0.2341553547217489f,-1.147148245073672f,-0.6379654782645405f,-0.13448665375752758f,0f,0f,0f,1f], start_interpolation: 0, interpolation_duration: 1 }
$data merge entity $(bone_tail3) { transformation: [-1f,8.534697028494849e-17f,8.782649082024566e-17f,4.163336342344337e-16f,0f,0.7171577215683238f,-0.6969108998967732f,-1.41049803408568f,-1.2246467991473532e-16f,-0.6969108998967732f,-0.7171577215683238f,-3.3643249654144367f,0f,0f,0f,1f], start_interpolation: 0, interpolation_duration: 1 }
$data merge entity $(bone_tail2) { transformation: [-1.5416666666666665f,1.3157657918929557e-16f,1.3539917334787871e-16f,-0.12499999999999978f,0f,1.1056181540844991f,-1.0744043040075253f,-0.23825716957329102f,-1.8879971486855027e-16f,-1.0744043040075253f,-1.1056181540844991f,-1.8889834437431845f,0f,0f,0f,1f], start_interpolation: 0, interpolation_duration: 1 }
$data merge entity $(bone_tail1) { transformation: [-1f,5.337709778125022e-17f,1.1022015813393404e-16f,1.1102230246251565e-16f,0f,0.9000158920161602f,-0.4358570799222554f,0.2248409778441054f,-1.2246467991473532e-16f,-0.4358570799222554f,-0.9000158920161602f,-0.9327165584760142f,0f,0f,0f,1f], start_interpolation: 0, interpolation_duration: 1 }
$data merge entity $(bone_body1) { transformation: [-1.3333333333333333f,2.4784640338720943e-17f,1.6139429277236242e-16f,0.5f,0f,1.3178844127525702f,-0.20238194682725644f,-0.09375f,-1.6328623988631375e-16f,-0.20238194682725644f,-1.3178844127525702f,-0.12499999999999994f,0f,0f,0f,1f], start_interpolation: 0, interpolation_duration: 1 }
data modify entity @s data merge value {"locators":{"head":{"posx":-0.0021059024555020846,"posy":0.011288619598644023,"posz":2.9733311690742785,"roty":0.2373158645984006,"rotx":63.67736261592666},"neck":{"posx":-0.00008136699586530627,"posy":0.17606071526867656,"posz":1.8506026159510949,"roty":0.17856507516685838,"rotx":50.18130551460952},"right_arm":{"posx":-0.9375000000000006,"posy":-1.7279157158088525,"posz":2.9135928041323003,"roty":0,"rotx":-4.589843750000003},"left_arm":{"posx":0.9374999999999996,"posy":-1.7279157158088525,"posz":2.9135928041323007,"roty":0,"rotx":-4.589843750000003},"tail1":{"posx":2.0816681711721685e-16,"posy":-1.2552517044285656,"posz":-1.8593462023988272,"roty":0,"rotx":-44.1796875},"tail2":{"posx":3.5371813682182702e-16,"posy":-2.74377992483604,"posz":-2.853030627682104,"roty":0,"rotx":-44.1796875}},"cameras":{}}