# This file was generated by Animated Java via MC-Build. It is not recommended to edit this file directly.
$data merge entity $(bone_jaw) { transformation: [-0.9995442564177462f,-0.0012810955492052027f,-0.03016020982169341f,0.029649743060705305f,-0.014777550851899014f,0.8919676710233931f,0.451857607925244f,-0.12384543163223297f,0.026323059341845194f,0.45209737075468354f,-0.8915800939363709f,3.6946292859061165f,0f,0f,0f,1f], start_interpolation: 0, interpolation_duration: 1 }
$data merge entity $(bone_head) { transformation: [-1.1244872884699646f,-0.001441232492855853f,-0.03393023604940509f,0.02210969060528195f,-0.01662474470838639f,1.0034636299013173f,0.5083398089158995f,-0.01088102965092197f,0.029613441759575844f,0.508609542099019f,-1.0030276056784173f,3.4717342624220238f,0f,0f,0f,1f], start_interpolation: 0, interpolation_duration: 1 }
$data merge entity $(bone_neck) { transformation: [-0.9995442564177462f,-0.002415795480370614f,-0.030090586476368086f,0.4999999999999997f,-0.014777550851899014f,0.9083487540544151f,0.4179523477606165f,-0.6290265228522876f,0.026323059341845194f,0.4182065338322547f,-0.9079704794798655f,2.2765022759769398f,0f,0f,0f,1f], start_interpolation: 0, interpolation_duration: 1 }
$data merge entity $(bone_right_arm2) { transformation: [-1f,2.6649592395999316e-17f,1.1952990024151145e-16f,-0.8750000000000004f,0f,0.976035705353844f,-0.21761043604207997f,-1.8637224282036433f,-1.2246467991473532e-16f,-0.21761043604207997f,-0.976035705353844f,2.7282017584049414f,0f,0f,0f,1f], start_interpolation: 0, interpolation_duration: 1 }
$data merge entity $(bone_right_arm1) { transformation: [-1.1354166666666665f,3.025839136629089e-17f,1.3571624089921611e-16f,-0.5625000000000003f,0f,1.1082072071205102f,-0.24707851592277827f,-0.7322827397056532f,-1.3904843865318904e-16f,-0.24707851592277827f,-1.1082072071205102f,1.7715635136689438f,0f,0f,0f,1f], start_interpolation: 0, interpolation_duration: 1 }
$data merge entity $(bone_left_arm2) { transformation: [-1f,2.6649592395999316e-17f,1.1952990024151145e-16f,0.8749999999999997f,0f,0.976035705353844f,-0.21761043604207997f,-1.8637224282036433f,-1.2246467991473532e-16f,-0.21761043604207997f,-0.976035705353844f,2.728201758404942f,0f,0f,0f,1f], start_interpolation: 0, interpolation_duration: 1 }
$data merge entity $(bone_left_arm1) { transformation: [-1.1354166666666665f,3.025839136629089e-17f,1.3571624089921611e-16f,0.5624999999999998f,0f,1.1082072071205102f,-0.24707851592277827f,-0.7322827397056532f,-1.3904843865318904e-16f,-0.24707851592277827f,-1.1082072071205102f,1.7715635136689438f,0f,0f,0f,1f], start_interpolation: 0, interpolation_duration: 1 }
$data merge entity $(bone_body2) { transformation: [-1.5833333333333335f,-8.386976809472079e-18f,1.9372094148917126e-16f,0.4999999999999999f,0f,1.5818515315930053f,0.0684848628625937f,-0.6292909841320251f,-1.9390240986499761e-16f,0.0684848628625937f,-1.5818515315930053f,0.8376442461281879f,0f,0f,0f,1f], start_interpolation: 0, interpolation_duration: 1 }
$data merge entity $(bone_right_leg2) { transformation: [-0.9847111367776362f,0.021489233539295077f,0.1728646578916268f,-1.102227624509578f,0.024390940842208778f,0.9995947201154647f,0.014679152636224713f,-2.5229265634466627f,-0.17247915558387747f,0.018671056723692736f,-0.9848361957858236f,0.23654540595515622f,0f,0f,0f,1f], start_interpolation: 0, interpolation_duration: 1 }
$data merge entity $(bone_right_leg1) { transformation: [-1.3129481823701816f,0.14036531925653822f,0.18504708951676163f,-0.625f,0.03252125445627837f,1.1629347142174256f,-0.6513854436924439f,-1.125615714131412f,-0.22997220744516994f,-0.636913028125365f,-1.1485784066335007f,-0.11624870509382211f,0f,0f,0f,1f], start_interpolation: 0, interpolation_duration: 1 }
$data merge entity $(bone_left_leg2) { transformation: [-0.9847111367776362f,-0.021489233539295063f,-0.17286465789162664f,1.102227624509578f,-0.024390940842208778f,0.9995947201154647f,0.014679152636224713f,-2.5229265634466627f,0.17247915558387725f,0.01867105672369268f,-0.9848361957858236f,0.2365454059551565f,0f,0f,0f,1f], start_interpolation: 0, interpolation_duration: 1 }
$data merge entity $(bone_left_leg1) { transformation: [-1.3129481823701816f,-0.14036531925653808f,-0.1850470895167614f,0.625f,-0.03252125445627837f,1.1629347142174256f,-0.6513854436924439f,-1.125615714131412f,0.22997220744516966f,-0.636913028125365f,-1.1485784066335007f,-0.11624870509382196f,0f,0f,0f,1f], start_interpolation: 0, interpolation_duration: 1 }
$data merge entity $(bone_tail3) { transformation: [-1f,-9.117929536265781e-17f,8.175532963536864e-17f,3.7470027081099033e-16f,0f,0.6675829283372959f,0.7445354483116307f,1.2177264396701442f,-1.2246467991473532e-16f,0.7445354483116307f,-0.6675829283372959f,-2.923107901180106f,0f,0f,0f,1f], start_interpolation: 0, interpolation_duration: 1 }
$data merge entity $(bone_tail2) { transformation: [-1.5416666666666665f,-1.405680803507641e-16f,1.2603946652119332e-16f,-0.12499999999999976f,0f,1.029190347853331f,1.1478254828137637f,-0.3034493249774065f,-1.8879971486855027e-16f,1.1478254828137637f,-1.029190347853331f,-1.8109903071061069f,0f,0f,0f,1f], start_interpolation: 0, interpolation_duration: 1 }
$data merge entity $(bone_tail1) { transformation: [-1f,-3.9862412956435776e-17f,1.1579544835574998e-16f,1.1102230246251565e-16f,0f,0.945541591554163f,0.3255013035937344f,-0.6492944600457493f,-1.2246467991473532e-16f,0.3255013035937344f,-0.945541591554163f,-0.8063523660798086f,0f,0f,0f,1f], start_interpolation: 0, interpolation_duration: 1 }
$data merge entity $(bone_body1) { transformation: [-1.3333333333333333f,-2.2863456629856824e-17f,1.616776375605033e-16f,0.5f,0f,1.3201980985298745f,0.18669429133179666f,-1.1875f,-1.6328623988631375e-16f,0.18669429133179666f,-1.3201980985298745f,-0.12499999999999994f,0f,0f,0f,1f], start_interpolation: 0, interpolation_duration: 1 }
data modify entity @s data merge value {"locators":{"head":{"posx":0.03233544089281439,"posy":-0.7095663265171814,"posz":3.4677921850554627,"roty":358.06254755264035,"rotx":26.862928748920748},"neck":{"posx":0.004895118405811638,"posy":-1.0292901245187198,"posz":2.24633266539575,"roty":358.10188449118914,"rotx":24.70537798512001},"right_arm":{"posx":-0.9375000000000006,"posy":-2.7309529155364474,"posz":3.4338300471239434,"roty":0,"rotx":-12.568721064814818},"left_arm":{"posx":0.9374999999999996,"posy":-2.7309529155364474,"posz":3.433830047123944,"roty":0,"rotx":-12.568721064814818},"tail1":{"posx":3.469446951953614e-16,"posy":-0.29226840051613245,"posz":-2.828355156571721,"roty":0,"rotx":48.119212962962976},"tail2":{"posx":5.403604688943736e-16,"posy":0.7603250359027355,"posz":-4.27582607427885,"roty":0,"rotx":48.119212962962976}},"cameras":{}}