# This file was generated by Animated Java via MC-Build. It is not recommended to edit this file directly.
$data merge entity $(bone_jaw) { transformation: [-0.9994941831252129f,-0.00025209312145594654f,-0.03180116897099142f,0.03230254400241601f,-0.017221344003564586f,0.8449551887784309f,0.5345597761402525f,-0.42065914700978874f,0.026735803888686842f,0.5348370456554632f,-0.8445321375678735f,3.7351623857478526f,0f,0f,0f,1f], start_interpolation: 0, interpolation_duration: 1 }
$data merge entity $(bone_head) { transformation: [-1.1244309560158645f,-0.00028360476163793985f,-0.03577631509236534f,0.024352251759668153f,-0.01937401200401016f,0.9505745873757347f,0.601379748157784f,-0.2870192029747256f,0.030077779374772698f,0.6016916763623961f,-0.9500986547638577f,3.5240293513558845f,0f,0f,0f,1f], start_interpolation: 0, interpolation_duration: 1 }
$data merge entity $(bone_neck) { transformation: [-0.9994941831252129f,-0.0016065204517330517f,-0.031761564679681574f,0.4999999999999997f,-0.017221344003564586f,0.866959237149956f,0.49808142550297624f,-0.7948615622236034f,0.026735803888686842f,0.49837646434437904f,-0.8665483809794012f,2.2770658964998747f,0f,0f,0f,1f], start_interpolation: 0, interpolation_duration: 1 }
$data merge entity $(bone_right_arm2) { transformation: [-1f,2.147129803372092e-17f,1.2056774521971333e-16f,-0.8750000000000004f,0f,0.9845103527291076f,-0.17532645370624472f,-2.0389281660271137f,-1.2246467991473532e-16f,-0.17532645370624472f,-0.9845103527291076f,2.6737599067767355f,0f,0f,0f,1f], start_interpolation: 0, interpolation_duration: 1 }
$data merge entity $(bone_right_arm1) { transformation: [-1.1354166666666665f,2.437886964245396e-17f,1.3689462738488283e-16f,-0.5625000000000003f,0f,1.1178294629945074f,-0.19906857764563202f,-0.8672952649932033f,-1.3904843865318904e-16f,-0.19906857764563202f,-1.1178294629945074f,1.7667930687860278f,0f,0f,0f,1f], start_interpolation: 0, interpolation_duration: 1 }
$data merge entity $(bone_left_arm2) { transformation: [-1f,2.147129803372092e-17f,1.2056774521971333e-16f,0.8749999999999997f,0f,0.9845103527291076f,-0.17532645370624472f,-2.0389281660271137f,-1.2246467991473532e-16f,-0.17532645370624472f,-0.9845103527291076f,2.6737599067767355f,0f,0f,0f,1f], start_interpolation: 0, interpolation_duration: 1 }
$data merge entity $(bone_left_arm1) { transformation: [-1.1354166666666665f,2.437886964245396e-17f,1.3689462738488283e-16f,0.5624999999999998f,0f,1.1178294629945074f,-0.19906857764563202f,-0.8672952649932033f,-1.3904843865318904e-16f,-0.19906857764563202f,-1.1178294629945074f,1.7667930687860278f,0f,0f,0f,1f], start_interpolation: 0, interpolation_duration: 1 }
$data merge entity $(bone_body2) { transformation: [-1.5833333333333335f,-2.012369547880477e-17f,1.9285533809498209e-16f,0.4999999999999999f,0f,1.5747833434852847f,0.1643224437675881f,-0.7078365807827123f,-1.9390240986499761e-16f,0.1643224437675881f,-1.5747833434852847f,0.8408419750289877f,0f,0f,0f,1f], start_interpolation: 0, interpolation_duration: 1 }
$data merge entity $(bone_right_leg2) { transformation: [-0.9826026685391248f,0.024994357220291835f,0.18403064388013018f,-1.1199635234738798f,0.027062928256903946f,0.9995955504600174f,0.008736899604351034f,-2.5760343693393053f,-0.18373783958116122f,0.013565308978393364f,-0.9828816758381287f,0.2872727905783204f,0f,0f,0f,1f], start_interpolation: 0, interpolation_duration: 1 }
$data merge entity $(bone_right_leg1) { transformation: [-1.3101368913854996f,0.15865363239494973f,0.19012661185748098f,-0.625f,0.036083904342538595f,1.135115152335914f,-0.6985623240360096f,-1.198661399127547f,-0.24498378610821495f,-0.6812638208822488f,-1.119660809655666f,-0.115892574204372f,0f,0f,0f,1f], start_interpolation: 0, interpolation_duration: 1 }
$data merge entity $(bone_left_leg2) { transformation: [-0.9826026685391248f,-0.02499435722029182f,-0.18403064388013f,1.1199635234738798f,-0.027062928256903946f,0.9995955504600174f,0.008736899604351034f,-2.5760343693393053f,0.183737839581161f,0.013565308978393364f,-0.9828816758381287f,0.28727279057832056f,0f,0f,0f,1f], start_interpolation: 0, interpolation_duration: 1 }
$data merge entity $(bone_left_leg1) { transformation: [-1.3101368913854996f,-0.1586536323949496f,-0.19012661185748075f,0.625f,-0.036083904342538595f,1.135115152335914f,-0.6985623240360096f,-1.198661399127547f,0.24498378610821464f,-0.6812638208822488f,-1.119660809655666f,-0.11589257420437185f,0f,0f,0f,1f], start_interpolation: 0, interpolation_duration: 1 }
$data merge entity $(bone_tail3) { transformation: [-1f,-9.654459292121738e-17f,7.534413981388996e-17f,3.7470027081099033e-16f,0f,0.6152315905806269f,0.7883464276266062f,1.248039878829138f,-1.2246467991473532e-16f,0.7883464276266062f,-0.6152315905806269f,-2.8038962802286904f,0f,0f,0f,1f], start_interpolation: 0, interpolation_duration: 1 }
$data merge entity $(bone_tail2) { transformation: [-1.5416666666666665f,-1.4883958075354345e-16f,1.1615554887974702e-16f,-0.12499999999999976f,0f,0.9484820354784664f,1.2153674092576845f,-0.34546559620461603f,-1.8879971486855027e-16f,1.2153674092576845f,-0.9484820354784664f,-1.7981520030700038f,0f,0f,0f,1f], start_interpolation: 0, interpolation_duration: 1 }
$data merge entity $(bone_tail1) { transformation: [-1f,-4.298186677997922e-17f,1.146741337648848e-16f,1.1102230246251565e-16f,0f,0.9363853630673383f,0.3509735771154987f,-0.7183750218898334f,-1.2246467991473532e-16f,0.3509735771154987f,-0.9363853630673383f,-0.8032425548109567f,0f,0f,0f,1f], start_interpolation: 0, interpolation_duration: 1 }
$data merge entity $(bone_body1) { transformation: [-1.3333333333333333f,-2.3793877011387652e-17f,1.615433302646004e-16f,0.5f,0f,1.3191013962317393f,0.19429175030673232f,-1.2604942770759098f,-1.6328623988631375e-16f,0.19429175030673232f,-1.3191013962317393f,-0.12499999999999994f,0f,0f,0f,1f], start_interpolation: 0, interpolation_duration: 1 }
data modify entity @s data merge value {"locators":{"head":{"posx":0.034447675264012934,"posy":-0.9821661260050738,"posz":3.45367249081118,"roty":357.8435251567919,"rotx":32.314061441103625},"neck":{"posx":0.0048255491917533755,"posy":-1.1908421263444913,"posz":2.211861171937501,"roty":357.90087966121564,"rotx":29.873149101900573},"right_arm":{"posx":-0.9375000000000006,"posy":-2.935775291903099,"posz":3.341341536847534,"roty":0,"rotx":-10.09765625},"left_arm":{"posx":0.9374999999999996,"posy":-2.935775291903099,"posz":3.341341536847534,"roty":0,"rotx":-10.09765625},"tail1":{"posx":3.7470027081099033e-16,"posy":-0.2649011201467944,"posz":-2.8123835423141395,"roty":0,"rotx":52.03125},"tail2":{"posx":5.437961276654012e-16,"posy":0.8839932817320312,"posz":-4.184668736190214,"roty":0,"rotx":52.03125}},"cameras":{}}