# This file was generated by Animated Java via MC-Build. It is not recommended to edit this file directly.
$data merge entity $(bone_jaw) { transformation: [-0.999516411133858f,-0.00025683082089365795f,-0.031094660506620474f,0.031515671504620535f,-0.017095878736809865f,0.8398181099784235f,0.5425986298199478f,-0.43907478549375845f,0.02597450296557831f,0.5428678257091664f,-0.8394163740394235f,3.7340577628160094f,0f,0f,0f,1f], start_interpolation: 0, interpolation_duration: 1 }
$data merge entity $(bone_head) { transformation: [-1.1244559625255903f,-0.0002889346735053652f,-0.034981493069948036f,0.02374200637796542f,-0.0192328635789111f,0.9447953737257265f,0.6104234585474413f,-0.30342512803877153f,0.029221315836275595f,0.6107263039228121f,-0.9443434207943514f,3.5242036693061536f,0f,0f,0f,1f], start_interpolation: 0, interpolation_duration: 1 }
$data merge entity $(bone_neck) { transformation: [-0.999516411133858f,-0.0016285988532520868f,-0.03105304397104622f,0.4999999999999997f,-0.017095878736809865f,0.8629417583986325f,0.505014111230659f,-0.8014288415940032f,0.02597450296557831f,0.505300771103361f,-0.8625522917006481f,2.2735106115192667f,0f,0f,0f,1f], start_interpolation: 0, interpolation_duration: 1 }
$data merge entity $(bone_right_arm2) { transformation: [-1f,1.9887919120859896e-17f,1.2083901894529232e-16f,-0.8750000000000004f,0f,0.9867254708004393f,-0.16239718369987682f,-2.052256725430449f,-1.2246467991473532e-16f,-0.16239718369987682f,-0.9867254708004393f,2.6540684407300534f,0f,0f,0f,1f], start_interpolation: 0, interpolation_duration: 1 }
$data merge entity $(bone_right_arm1) { transformation: [-1.1354166666666665f,2.2581074835143003e-17f,1.3720263609413396e-16f,-0.5625000000000003f,0f,1.1203445449713318f,-0.18438846899256844f,-0.8688276087985379f,-1.3904843865318904e-16f,-0.18438846899256844f,-1.1203445449713318f,1.762548375948663f,0f,0f,0f,1f], start_interpolation: 0, interpolation_duration: 1 }
$data merge entity $(bone_left_arm2) { transformation: [-1f,1.9887919120859896e-17f,1.2083901894529232e-16f,0.8749999999999998f,0f,0.9867254708004393f,-0.16239718369987682f,-2.052256725430449f,-1.2246467991473532e-16f,-0.16239718369987682f,-0.9867254708004393f,2.654068440730054f,0f,0f,0f,1f], start_interpolation: 0, interpolation_duration: 1 }
$data merge entity $(bone_left_arm1) { transformation: [-1.1354166666666665f,2.2581074835143003e-17f,1.3720263609413396e-16f,0.5624999999999998f,0f,1.1203445449713318f,-0.18438846899256844f,-0.8688276087985379f,-1.3904843865318904e-16f,-0.18438846899256844f,-1.1203445449713318f,1.7625483759486633f,0f,0f,0f,1f], start_interpolation: 0, interpolation_duration: 1 }
$data merge entity $(bone_body2) { transformation: [-1.5833333333333335f,-2.2024317786159812e-17f,1.9264753820775332e-16f,0.4999999999999999f,0f,1.5730865286373346f,0.17984220267830692f,-0.7002465731875404f,-1.9390240986499761e-16f,0.17984220267830692f,-1.5730865286373346f,0.8382145972559643f,0f,0f,0f,1f], start_interpolation: 0, interpolation_duration: 1 }
$data merge entity $(bone_right_leg2) { transformation: [-0.9830036542172783f,0.024881674407362497f,0.18189205060739647f,-1.1173286258723856f,0.025891724145055646f,0.9996596945825453f,0.0031801962091113634f,-2.57391568830508f,-0.1817510231505562f,0.007835643293189587f,-0.9833133621983929f,0.2869691338613308f,0f,0f,0f,1f], start_interpolation: 0, interpolation_duration: 1 }
$data merge entity $(bone_right_leg1) { transformation: [-1.310671538956371f,0.1557839914916224f,0.18881007055359617f,-0.625f,0.03452229886007419f,1.1358175239127046f,-0.6974987749322612f,-1.1955955415163426f,-0.2423346975340749f,-0.6807552263079055f,-1.1205462926641263f,-0.11618542347726671f,0f,0f,0f,1f], start_interpolation: 0, interpolation_duration: 1 }
$data merge entity $(bone_left_leg2) { transformation: [-0.9830036542172783f,-0.024881674407362497f,-0.18189205060739624f,1.1173286258723856f,-0.025891724145055646f,0.9996596945825453f,0.0031801962091113634f,-2.57391568830508f,0.18175102315055597f,0.007835643293189642f,-0.9833133621983929f,0.28696913386133094f,0f,0f,0f,1f], start_interpolation: 0, interpolation_duration: 1 }
$data merge entity $(bone_left_leg1) { transformation: [-1.310671538956371f,-0.15578399149162225f,-0.18881007055359594f,0.625f,-0.03452229886007419f,1.1358175239127046f,-0.6974987749322612f,-1.1955955415163426f,0.2423346975340746f,-0.6807552263079055f,-1.1205462926641265f,-0.11618542347726657f,0f,0f,0f,1f], start_interpolation: 0, interpolation_duration: 1 }
$data merge entity $(bone_tail3) { transformation: [-1f,-9.40197851554683e-17f,7.847214681616755e-17f,3.7470027081099033e-16f,0f,0.64077370610696f,0.7677298076549789f,1.1992172063151623f,-1.2246467991473532e-16f,0.7677298076549789f,-0.64077370610696f,-2.8636212137536834f,0f,0f,0f,1f], start_interpolation: 0, interpolation_duration: 1 }
$data merge entity $(bone_tail2) { transformation: [-1.5416666666666665f,-1.4494716878134695e-16f,1.2097789300825828e-16f,-0.12499999999999976f,0f,0.9878594635815633f,1.1835834534680922f,-0.3604212529329781f,-1.8879971486855027e-16f,1.1835834534680922f,-0.9878594635815633f,-1.8061198537384417f,0f,0f,0f,1f], start_interpolation: 0, interpolation_duration: 1 }
$data merge entity $(bone_tail1) { transformation: [-1f,-4.128039966786258e-17f,1.1529755604469724e-16f,1.1102230246251565e-16f,0f,0.9414759923022042f,0.3370800437857152f,-0.7185687994553005f,-1.2246467991473532e-16f,0.3370800437857152f,-0.9414759923022042f,-0.8058016119173497f,0f,0f,0f,1f], start_interpolation: 0, interpolation_duration: 1 }
$data merge entity $(bone_body1) { transformation: [-1.3333333333333333f,-2.3028784905396957e-17f,1.6165417161951548e-16f,0.5f,0f,1.3200064845804145f,0.18804429915164514f,-1.2574708454810495f,-1.6328623988631375e-16f,0.18804429915164514f,-1.3200064845804145f,-0.12499999999999994f,0f,0f,0f,1f], start_interpolation: 0, interpolation_duration: 1 }
data modify entity @s data merge value {"locators":{"head":{"posx":0.03361960704934285,"posy":-0.9978735185940198,"posz":3.4472288951252446,"roty":357.8785515288648,"rotx":32.86071466187837},"neck":{"posx":0.004734149499421025,"posy":-1.1967067042657278,"posz":2.2048291103008766,"roty":357.9381652574701,"rotx":30.332289102592842},"right_arm":{"posx":-0.9375000000000006,"posy":-2.95778360438095,"posz":3.30982835983015,"roty":0,"rotx":-9.346064814814815},"left_arm":{"posx":0.9374999999999997,"posy":-2.95778360438095,"posz":3.30982835983015,"roty":0,"rotx":-9.346064814814815},"tail1":{"posx":3.7470027081099033e-16,"posy":-0.31318728975040017,"posz":-2.8224491324282113,"roty":0,"rotx":50.15046296296298},"tail2":{"posx":5.422418214116368e-16,"posy":0.7900497338557029,"posz":-4.231701795986008,"roty":0,"rotx":50.15046296296298}},"cameras":{}}