# This file was generated by Animated Java via MC-Build. It is not recommended to edit this file directly.
$data merge entity $(bone_jaw) { transformation: [-0.9996295538872021f,-0.0015457817623226215f,-0.02717288269611088f,0.026166905853810325f,-0.015576042002727745f,0.8512157750194876f,0.5245846845586536f,-0.41485473558206254f,0.02231909296549912f,0.5248136001636353f,-0.8509245226061365f,3.7118171605171297f,0f,0f,0f,1f], start_interpolation: 0, interpolation_duration: 1 }
$data merge entity $(bone_head) { transformation: [-1.1245832481231024f,-0.0017390044826129491f,-0.03056949303312474f,0.019373685179782607f,-0.017523047253068712f,0.9576177468969236f,0.5901577701284852f,-0.2837085644423991f,0.02510897958618651f,0.5904153001840897f,-0.9572900879319035f,3.4990860298655955f,0f,0f,0f,1f], start_interpolation: 0, interpolation_duration: 1 }
$data merge entity $(bone_neck) { transformation: [-0.9996295538872021f,-0.0026539439798673676f,-0.027087110894760576f,0.4999999999999997f,-0.015576042002727745f,0.8719244281459917f,0.4893926629178399f,-0.8047087097254064f,0.02231909296549912f,0.4896332792852594f,-0.8716427650738349f,2.259481377519767f,0f,0f,0f,1f], start_interpolation: 0, interpolation_duration: 1 }
$data merge entity $(bone_right_arm2) { transformation: [-1f,1.2718670886725213e-17f,1.2180243526914288e-16f,-0.8750000000000004f,0f,0.9945923620912289f,-0.1038558292528135f,-2.0922027633666413f,-1.2246467991473532e-16f,-0.1038558292528135f,-0.9945923620912289f,2.5669697236613653f,0f,0f,0f,1f], start_interpolation: 0, interpolation_duration: 1 }
$data merge entity $(bone_right_arm1) { transformation: [-1.1354166666666665f,1.4440990902635917e-17f,1.3829651504517263e-16f,-0.5625000000000003f,0f,1.1292767444577494f,-0.11791963946413199f,-0.8582011707332129f,-1.3904843865318904e-16f,-0.11791963946413199f,-1.1292767444577494f,1.7468766988293278f,0f,0f,0f,1f], start_interpolation: 0, interpolation_duration: 1 }
$data merge entity $(bone_left_arm2) { transformation: [-1f,1.2718670886725213e-17f,1.2180243526914288e-16f,0.8749999999999997f,0f,0.9945923620912289f,-0.1038558292528135f,-2.0922027633666413f,-1.2246467991473532e-16f,-0.1038558292528135f,-0.9945923620912289f,2.5669697236613658f,0f,0f,0f,1f], start_interpolation: 0, interpolation_duration: 1 }
$data merge entity $(bone_left_arm1) { transformation: [-1.1354166666666665f,1.4440990902635917e-17f,1.3829651504517263e-16f,0.5624999999999998f,0f,1.1292767444577494f,-0.11791963946413199f,-0.8582011707332129f,-1.3904843865318904e-16f,-0.11791963946413199f,-1.1292767444577494f,1.746876698829328f,0f,0f,0f,1f], start_interpolation: 0, interpolation_duration: 1 }
$data merge entity $(bone_body2) { transformation: [-1.5833333333333335f,-2.7249888992967825e-17f,1.919780927640559e-16f,0.4999999999999999f,0f,1.5676200917498704f,0.22251222974608073f,-0.6645707679197491f,-1.9390240986499761e-16f,0.22251222974608073f,-1.5676200917498704f,0.8274639693621448f,0f,0f,0f,1f], start_interpolation: 0, interpolation_duration: 1 }
$data merge entity $(bone_right_leg2) { transformation: [-0.986685944207868f,0.019876831244248647f,0.1614179639393198f,-1.087856504205965f,0.01987683124424864f,0.9998011319194842f,-0.001614989846969228f,-2.5849525084834077f,-0.16141796393931976f,0.0016149898469691726f,-0.9868848122883838f,0.2154836542147971f,0f,0f,0f,1f], start_interpolation: 0, interpolation_duration: 1 }
$data merge entity $(bone_right_leg1) { transformation: [-1.315581258943824f,0.12468963221931786f,0.17741540099600123f,-0.625f,0.026502441658998184f,1.1751407797345608f,-0.6293802874008186f,-1.1779466621891106f,-0.215223951919093f,-0.6174742271541678f,-1.1619733246070962f,-0.117361512503757f,0f,0f,0f,1f], start_interpolation: 0, interpolation_duration: 1 }
$data merge entity $(bone_left_leg2) { transformation: [-0.986685944207868f,-0.019876831244248647f,-0.1614179639393195f,1.0878565042059647f,-0.01987683124424864f,0.9998011319194842f,-0.001614989846969228f,-2.5849525084834077f,0.16141796393931954f,0.0016149898469691726f,-0.9868848122883839f,0.2154836542147974f,0f,0f,0f,1f], start_interpolation: 0, interpolation_duration: 1 }
$data merge entity $(bone_left_leg1) { transformation: [-1.315581258943824f,-0.12468963221931773f,-0.17741540099600095f,0.625f,-0.026502441658998184f,1.1751407797345608f,-0.6293802874008186f,-1.1779466621891106f,0.21522395191909272f,-0.6174742271541679f,-1.1619733246070965f,-0.11736151250375684f,0f,0f,0f,1f], start_interpolation: 0, interpolation_duration: 1 }
$data merge entity $(bone_tail3) { transformation: [-1f,-7.910493311932818e-17f,9.348800662547679e-17f,4.0245584642661925e-16f,0f,0.7633875064268879f,0.6459407983951301f,0.9245433288650841f,-1.2246467991473532e-16f,0.6459407983951301f,-0.7633875064268879f,-3.14988549610584f,0f,0f,0f,1f], start_interpolation: 0, interpolation_duration: 1 }
$data merge entity $(bone_tail2) { transformation: [-1.5416666666666665f,-1.2195343855896428e-16f,1.4412734354761004e-16f,-0.12499999999999976f,0f,1.1768890724081187f,0.9958253975258254f,-0.4297308255808262f,-1.8879971486855027e-16f,0.9958253975258254f,-1.1768890724081187f,-1.8396478212545118f,0f,0f,0f,1f], start_interpolation: 0, interpolation_duration: 1 }
$data merge entity $(bone_tail1) { transformation: [-1f,-3.2776176659840035e-17f,1.1799711890627472e-16f,1.1102230246251565e-16f,0f,0.9635195959229135f,0.26763779305723157f,-0.7140959807041347f,-1.2246467991473532e-16f,0.26763779305723157f,-0.9635195959229135f,-0.8159082505864161f,0f,0f,0f,1f], start_interpolation: 0, interpolation_duration: 1 }
$data merge entity $(bone_body1) { transformation: [-1.3333333333333333f,-1.9956158426882515e-17f,1.6206217287526403e-16f,0.5f,0f,1.3233380676624316f,0.16295439991985256f,-1.2399781341107872f,-1.6328623988631375e-16f,0.16295439991985256f,-1.3233380676624316f,-0.12499999999999994f,0f,0f,0f,1f], start_interpolation: 0, interpolation_duration: 1 }
data modify entity @s data merge value {"locators":{"head":{"posx":0.028831324623768896,"posy":-0.9796511377541581,"posz":3.436991443077741,"roty":358.17097454609313,"rotx":31.640288629639816},"neck":{"posx":0.004566340910694022,"posy":-1.2006424741462471,"posz":2.1959837899047736,"roty":358.22005310376994,"rotx":29.30067088570589},"right_arm":{"posx":-0.9375000000000006,"posy":-3.0348672108314636,"posz":3.168121733959793,"roty":0,"rotx":-5.961249999999998},"left_arm":{"posx":0.9374999999999996,"posy":-3.0348672108314636,"posz":3.1681217339597936,"roty":0,"rotx":-5.961249999999998},"tail1":{"posx":3.469446951953614e-16,"posy":-0.5581871565043403,"posz":-2.848932330719345,"roty":0,"rotx":40.23625},"tail2":{"posx":5.588680748725682e-16,"posy":0.28593892577705426,"posz":-4.4270882663645725,"roty":0,"rotx":40.23625}},"cameras":{}}