# This file was generated by Animated Java via MC-Build. It is not recommended to edit this file directly.
$data merge entity $(bone_jaw) { transformation: [-0.9999977154957368f,0.0010261211987625941f,0.0018751209541768028f,-0.0009099809730286489f,0.001270824683521701f,0.9907697431460005f,0.1355496258609067f,0.23548057051492036f,-0.0017187227615572196f,0.13555169914720167f,-0.9907687837484463f,3.369879007934743f,0f,0f,0f,1f], start_interpolation: 0, interpolation_duration: 1 }
$data merge entity $(bone_head) { transformation: [-1.124997429932704f,0.0011543863486079184f,0.002109511073448903f,-0.0004412007344844482f,0.0014296777689619137f,1.1146159610392505f,0.15249332909352004f,0.26936797698014703f,-0.001933563106751872f,0.15249566154060187f,-1.114614881717002f,3.1221868119976315f,0f,0f,0f,1f], start_interpolation: 0, interpolation_duration: 1 }
$data merge entity $(bone_neck) { transformation: [-0.9999977154957368f,0.0010201023395911832f,0.0018784021199156216f,0.4999999999999997f,0.001270824683521701f,0.9903299353908359f,0.13872636401710514f,-0.6707778209504791f,-0.0017187227615572196f,0.1387284342159147f,-0.9903289693491096f,2.1710049244278493f,0f,0f,0f,1f], start_interpolation: 0, interpolation_duration: 1 }
$data merge entity $(bone_right_arm2) { transformation: [-1f,-2.283210677348192e-17f,1.2031746642488323e-16f,-0.8750000000000003f,0f,0.9824666712774076f,0.18643830032772324f,-2.127925627278147f,-1.2246467991473532e-16f,0.18643830032772324f,-0.9824666712774076f,2.0878769506849f,0f,0f,0f,1f], start_interpolation: 0, interpolation_duration: 1 }
$data merge entity $(bone_right_arm1) { transformation: [-1.1354166666666665f,-2.592395456572426e-17f,1.366104566699195e-16f,-0.5625000000000003f,0f,1.1155090330128898f,0.2116851534971024f,-0.7102617897512399f,-1.3904843865318904e-16f,0.2116851534971024f,-1.1155090330128898f,1.6571313833618193f,0f,0f,0f,1f], start_interpolation: 0, interpolation_duration: 1 }
$data merge entity $(bone_left_arm2) { transformation: [-1f,-2.283210677348192e-17f,1.2031746642488323e-16f,0.8749999999999998f,0f,0.9824666712774076f,0.18643830032772324f,-2.127925627278147f,-1.2246467991473532e-16f,0.18643830032772324f,-0.9824666712774076f,2.0878769506849006f,0f,0f,0f,1f], start_interpolation: 0, interpolation_duration: 1 }
$data merge entity $(bone_left_arm1) { transformation: [-1.1354166666666665f,-2.592395456572426e-17f,1.366104566699195e-16f,0.5624999999999998f,0f,1.1155090330128898f,0.2116851534971024f,-0.7102617897512399f,-1.3904843865318904e-16f,0.2116851534971024f,-1.1155090330128898f,1.6571313833618195f,0f,0f,0f,1f], start_interpolation: 0, interpolation_duration: 1 }
$data merge entity $(bone_body2) { transformation: [-1.5833333333333335f,-3.2478668787084923e-17f,1.9116296876035475e-16f,0.4999999999999999f,0f,1.5609640991463811f,0.26520845691751965f,-0.49161346266271977f,-1.9390240986499761e-16f,0.26520845691751965f,-1.5609640991463811f,0.7433450795350487f,0f,0f,0f,1f], start_interpolation: 0, interpolation_duration: 1 }
$data merge entity $(bone_right_leg2) { transformation: [-0.9999177201555515f,0.0001234161701057782f,-0.012827224461016869f,-1.0048599260792321f,0.00012341617010577815f,0.9999999923839111f,7.915760234164515e-7f,-2.54936849011961f,0.012827224461016867f,-7.915760234025737e-7f,-0.9999177277716403f,-0.4883361749089065f,0f,0f,0f,1f], start_interpolation: 0, interpolation_duration: 1 }
$data merge entity $(bone_right_leg1) { transformation: [-1.3332236268740685f,0.0008224698552539394f,-0.017083971021673555f,-0.625f,0.00016455489347437085f,1.3323460327614165f,0.05130106903739121f,-1.1250028926681364f,0.017102965948022488f,0.05129473955513707f,-1.3322365090431687f,-0.12560131119191298f,0f,0f,0f,1f], start_interpolation: 0, interpolation_duration: 1 }
$data merge entity $(bone_left_leg2) { transformation: [-0.9999177201555515f,-0.0001234161701057781f,0.012827224461017115f,1.0048599260792324f,-0.00012341617010577815f,0.9999999923839111f,7.915760234164515e-7f,-2.54936849011961f,-0.012827224461017113f,-7.915760234025737e-7f,-0.9999177277716403f,-0.48833617490890624f,0f,0f,0f,1f], start_interpolation: 0, interpolation_duration: 1 }
$data merge entity $(bone_left_leg1) { transformation: [-1.3332236268740685f,-0.0008224698552539518f,0.01708397102167388f,0.625f,-0.00016455489347437085f,1.3323460327614165f,0.05130106903739121f,-1.1250028926681364f,-0.017102965948022818f,0.05129473955513707f,-1.3322365090431687f,-0.1256013111919128f,0f,0f,0f,1f], start_interpolation: 0, interpolation_duration: 1 }
$data merge entity $(bone_tail3) { transformation: [-1f,5.3172913348425785e-17f,1.1031880670429398e-16f,4.3021142204224816e-16f,0f,0.9008214187233596f,-0.4341897874999293f,-1.6139027990609818f,-1.2246467991473532e-16f,-0.4341897874999293f,-0.9008214187233596f,-3.6908690888858837f,0f,0f,0f,1f], start_interpolation: 0, interpolation_duration: 1 }
$data merge entity $(bone_tail2) { transformation: [-1.5416666666666665f,8.197490807882307e-17f,1.7007482700245321e-16f,-0.12499999999999976f,0f,1.3887663538651793f,-0.6693759223957243f,-0.9687009635092442f,-1.8879971486855027e-16f,-0.6693759223957243f,-1.3887663538651793f,-1.920418343623348f,0f,0f,0f,1f], start_interpolation: 0, interpolation_duration: 1 }
$data merge entity $(bone_tail1) { transformation: [-1f,2.4373638732894784e-17f,1.2001468060840268e-16f,1.1102230246251565e-16f,0f,0.9799942374565596f,-0.1990258640276091f,-0.7572359829799095f,-1.2246467991473532e-16f,-0.1990258640276091f,-0.9799942374565596f,-0.8791744663257535f,0f,0f,0f,1f], start_interpolation: 0, interpolation_duration: 1 }
$data merge entity $(bone_body1) { transformation: [-1.3333333333333333f,1.5709734964642247e-18f,1.6327868255986207e-16f,0.5f,0f,1.333271623079757f,-0.012827972094141736f,-1.1875f,-1.6328623988631375e-16f,-0.012827972094141736f,-1.333271623079757f,-0.12499999999999994f,0f,0f,0f,1f], start_interpolation: 0, interpolation_duration: 1 }
data modify entity @s data merge value {"locators":{"head":{"posx":-0.0016685017818913205,"posy":-0.39222237056763654,"posz":3.34708224495202,"roty":0.10843739754184867,"rotx":7.790403280368574},"neck":{"posx":-0.0006161963902047707,"posy":-1.05885692988242,"posz":2.2419135213847414,"roty":0.10867538763983475,"rotx":7.9741531291466705},"right_arm":{"posx":-0.9375000000000003,"posy":-3.2036114487194163,"posz":2.392671985995881,"roty":0,"rotx":10.744999999999992},"left_arm":{"posx":0.9374999999999998,"posy":-3.2036114487194163,"posz":2.3926719859958814,"roty":0,"rotx":10.744999999999992},"tail1":{"posx":2.636779683484747e-16,"posy":-1.9428225064579654,"posz":-2.2140907283707105,"roty":0,"rotx":-25.733749999999983},"tail2":{"posx":4.2247630204360466e-16,"posy":-3.0404626666041015,"posz":-3.6277070408241165,"roty":0,"rotx":-25.733749999999983}},"cameras":{}}