# This file was generated by Animated Java via MC-Build. It is not recommended to edit this file directly.
$data merge entity $(bone_left_arm2) { transformation: [-0.9986991342804369f,-0.05094600326878585f,-0.0021316515762899823f,0.38757389260225106f,-0.05099057939958947f,0.9978260682402517f,0.041750429371382985f,-0.8680826946351142f,-1.2230536981077697e-16f,0.04180481181798979f,-0.9991257967387602f,-0.010451202954497401f,0f,0f,0f,1f], start_interpolation: 0, interpolation_duration: 1 }
$data merge entity $(bone_left_arm) { transformation: [-0.9986991342804369f,-0.05094600326878585f,-0.0021316515762899823f,0.25f,-0.05099057939958947f,0.9978260682402517f,0.041750429371382985f,-0.625f,-1.2230536981077697e-16f,0.04180481181798979f,-0.9991257967387602f,3.061616997868383e-17f,0f,0f,0f,1f], start_interpolation: 0, interpolation_duration: 1 }
$data merge entity $(item_display_weapon) { transformation: [-0.9986991342804369f,-0.05094600326878585f,0.0021316515762899884f,-0.013461401917641558f,0.05099057939958947f,-0.9978260682402517f,0.04175042937138311f,-0.8950323674170946f,-1.2230536981077697e-16f,0.041804811817989916f,0.9991257967387602f,-0.1768848839340201f,0f,0f,0f,1f], start_interpolation: 0, interpolation_duration: 1 }
$data merge entity $(bone_right_arm2) { transformation: [-0.9986991342804369f,0.05094600326878585f,-0.0021316515762899823f,-0.38757389260225106f,0.05099057939958947f,0.9978260682402517f,-0.041750429371382985f,-0.8680826946351142f,-1.2230536981077697e-16f,-0.04180481181798979f,-0.9991257967387602f,0.010451202954497401f,0f,0f,0f,1f], start_interpolation: 0, interpolation_duration: 1 }
$data merge entity $(bone_right_arm) { transformation: [-0.9986991342804369f,0.05094600326878585f,-0.0021316515762899823f,-0.25f,0.05099057939958947f,0.9978260682402517f,-0.041750429371382985f,-0.625f,-1.2230536981077697e-16f,-0.04180481181798979f,-0.9991257967387602f,-3.061616997868383e-17f,0f,0f,0f,1f], start_interpolation: 0, interpolation_duration: 1 }