# This file was generated by Animated Java via MC-Build. It is not recommended to edit this file directly.
$data merge entity $(bone_left_arm2) { transformation: [-0.9962666105916065f,-0.08632885983384737f,-0.0004105850706605715f,0.39611554128241266f,-0.08632983621154576f,0.9962553429633692f,0.004738248265689842f,-0.863272606214399f,-1.2203457663015148e-16f,0.00475600428170141f,-0.9999886901476799f,-0.0011890010704253067f,0f,0f,0f,1f], start_interpolation: 0, interpolation_duration: 1 }
$data merge entity $(bone_left_arm) { transformation: [-0.9962666105916065f,-0.08632885983384737f,-0.0004105850706605715f,0.25f,-0.08632983621154576f,0.9962553429633692f,0.004738248265689842f,-0.625f,-1.2203457663015148e-16f,0.00475600428170141f,-0.9999886901476799f,3.061616997868383e-17f,0f,0f,0f,1f], start_interpolation: 0, interpolation_duration: 1 }
$data merge entity $(item_display_weapon) { transformation: [-0.9962666105916065f,-0.08632885983384737f,0.0004105850706605821f,-0.022592547011309083f,0.08632983621154576f,-0.9962553429633692f,0.004738248265689964f,-0.8965347163435455f,-1.2203457663015148e-16f,0.004756004281701532f,0.9999886901476799f,-0.18630887833226462f,0f,0f,0f,1f], start_interpolation: 0, interpolation_duration: 1 }
$data merge entity $(bone_right_arm2) { transformation: [-0.9962666105916065f,0.08632885983384737f,-0.0004105850706605715f,-0.39611554128241266f,0.08632983621154576f,0.9962553429633692f,-0.004738248265689842f,-0.863272606214399f,-1.2203457663015148e-16f,-0.00475600428170141f,-0.9999886901476799f,0.0011890010704253067f,0f,0f,0f,1f], start_interpolation: 0, interpolation_duration: 1 }
$data merge entity $(bone_right_arm) { transformation: [-0.9962666105916065f,0.08632885983384737f,-0.0004105850706605715f,-0.25f,0.08632983621154576f,0.9962553429633692f,-0.004738248265689842f,-0.625f,-1.2203457663015148e-16f,-0.00475600428170141f,-0.9999886901476799f,-3.061616997868383e-17f,0f,0f,0f,1f], start_interpolation: 0, interpolation_duration: 1 }