# This file was generated by Animated Java via MC-Build. It is not recommended to edit this file directly.
$data merge entity $(bone_left_arm2) { transformation: [-0.9962666105916065f,-0.08632885983384736f,0.00041058507066081616f,0.39611554128241266f,-0.08632983621154575f,0.9962553429633692f,-0.0047382482656898395f,-0.863272606214399f,-1.2200747157583934e-16f,-0.004756004281701428f,-0.9999886901476799f,0.0011890010704254028f,0f,0f,0f,1f], start_interpolation: 0, interpolation_duration: 1 }
$data merge entity $(bone_left_arm) { transformation: [-0.9962666105916065f,-0.08632885983384736f,0.00041058507066081616f,0.25f,-0.08632983621154575f,0.9962553429633692f,-0.0047382482656898395f,-0.625f,-1.2200747157583934e-16f,-0.004756004281701428f,-0.9999886901476799f,3.061616997868383e-17f,0f,0f,0f,1f], start_interpolation: 0, interpolation_duration: 1 }
$data merge entity $(item_display_weapon) { transformation: [-0.9962666105916065f,-0.08632885983384736f,-0.0004105850706608056f,-0.022438577609811328f,0.08632983621154575f,-0.9962553429633692f,-0.004738248265689717f,-0.8947578732439119f,-1.2200747157583934e-16f,-0.004756004281701306f,0.9999886901476799f,-0.18868688047311533f,0f,0f,0f,1f], start_interpolation: 0, interpolation_duration: 1 }
$data merge entity $(bone_right_arm2) { transformation: [-0.9962666105916065f,0.08632885983384736f,0.00041058507066081616f,-0.39611554128241266f,0.08632983621154575f,0.9962553429633692f,0.0047382482656898395f,-0.863272606214399f,-1.2200747157583934e-16f,0.004756004281701428f,-0.9999886901476799f,-0.0011890010704254028f,0f,0f,0f,1f], start_interpolation: 0, interpolation_duration: 1 }
$data merge entity $(bone_right_arm) { transformation: [-0.9962666105916065f,0.08632885983384736f,0.00041058507066081616f,-0.25f,0.08632983621154575f,0.9962553429633692f,0.0047382482656898395f,-0.625f,-1.2200747157583934e-16f,0.004756004281701428f,-0.9999886901476799f,-3.061616997868383e-17f,0f,0f,0f,1f], start_interpolation: 0, interpolation_duration: 1 }