# This file was generated by Animated Java via MC-Build. It is not recommended to edit this file directly.
$data merge entity $(bone_left_arm2) { transformation: [-0.9963513500879912f,-0.08534395423226529f,0.0006298046031039529f,0.3958799073190652f,-0.08534627805497486f,0.9963242212670653f,-0.0073524784079035226f,-0.8634127705598944f,-1.2207205927976452e-16f,-0.007379403266984292f,-0.999972771833025f,0.0018448508167461187f,0f,0f,0f,1f], start_interpolation: 0, interpolation_duration: 1 }
$data merge entity $(bone_left_arm) { transformation: [-0.9963513500879912f,-0.08534395423226529f,0.0006298046031039529f,0.25f,-0.08534627805497486f,0.9963242212670653f,-0.0073524784079035226f,-0.625f,-1.2207205927976452e-16f,-0.007379403266984292f,-0.999972771833025f,3.061616997868383e-17f,0f,0f,0f,1f], start_interpolation: 0, interpolation_duration: 1 }
$data merge entity $(item_display_weapon) { transformation: [-0.9963513500879912f,-0.08534395423226529f,-0.0006298046031039425f,-0.022130062672986506f,0.08534627805497486f,-0.9963242212670653f,-0.0073524784079034f,-0.894039035129028f,-1.2207205927976452e-16f,-0.00737940326698417f,0.999972771833025f,-0.18933974553543825f,0f,0f,0f,1f], start_interpolation: 0, interpolation_duration: 1 }
$data merge entity $(bone_right_arm2) { transformation: [-0.9963513500879912f,0.08534395423226529f,0.0006298046031039529f,-0.3958799073190652f,0.08534627805497486f,0.9963242212670653f,0.0073524784079035226f,-0.8634127705598944f,-1.2207205927976452e-16f,0.007379403266984292f,-0.999972771833025f,-0.0018448508167461187f,0f,0f,0f,1f], start_interpolation: 0, interpolation_duration: 1 }
$data merge entity $(bone_right_arm) { transformation: [-0.9963513500879912f,0.08534395423226529f,0.0006298046031039529f,-0.25f,0.08534627805497486f,0.9963242212670653f,0.0073524784079035226f,-0.625f,-1.2207205927976452e-16f,0.007379403266984292f,-0.999972771833025f,-3.061616997868383e-17f,0f,0f,0f,1f], start_interpolation: 0, interpolation_duration: 1 }