# This file was generated by Animated Java via MC-Build. It is not recommended to edit this file directly.
$data merge entity $(bone_left_arm2) { transformation: [-0.9969246042235391f,-0.07835289159870094f,0.0014689696600614893f,0.39420379842761766f,-0.07836666060092111f,0.9967494448256058f,-0.018687181331238863f,-0.8643915286312863f,-1.2219647277260845e-16f,-0.0187448290994819f,-0.9998243002558156f,0.004686207274870521f,0f,0f,0f,1f], start_interpolation: 0, interpolation_duration: 1 }
$data merge entity $(bone_left_arm) { transformation: [-0.9969246042235391f,-0.07835289159870094f,0.0014689696600614893f,0.25f,-0.07836666060092111f,0.9967494448256058f,-0.018687181331238863f,-0.625f,-1.2219647277260845e-16f,-0.0187448290994819f,-0.9998243002558156f,3.061616997868383e-17f,0f,0f,0f,1f], start_interpolation: 0, interpolation_duration: 1 }
$data merge entity $(item_display_weapon) { transformation: [-0.9969246042235391f,-0.07835289159870094f,-0.0014689696600614797f,-0.020081640032528936f,0.07836666060092111f,-0.9967494448256058f,-0.018687181331238742f,-0.8902751798570244f,-1.2219647277260845e-16f,-0.018744829099481778f,0.9998243002558156f,-0.19215326357283588f,0f,0f,0f,1f], start_interpolation: 0, interpolation_duration: 1 }
$data merge entity $(bone_right_arm2) { transformation: [-0.9969246042235391f,0.07835289159870094f,0.0014689696600614893f,-0.39420379842761766f,0.07836666060092111f,0.9967494448256058f,0.018687181331238863f,-0.8643915286312863f,-1.2219647277260845e-16f,0.0187448290994819f,-0.9998243002558156f,-0.004686207274870521f,0f,0f,0f,1f], start_interpolation: 0, interpolation_duration: 1 }
$data merge entity $(bone_right_arm) { transformation: [-0.9969246042235391f,0.07835289159870094f,0.0014689696600614893f,-0.25f,0.07836666060092111f,0.9967494448256058f,0.018687181331238863f,-0.625f,-1.2219647277260845e-16f,0.0187448290994819f,-0.9998243002558156f,-3.061616997868383e-17f,0f,0f,0f,1f], start_interpolation: 0, interpolation_duration: 1 }