# This file was generated by Animated Java via MC-Build. It is not recommended to edit this file directly.
$data merge entity $(bone_left_arm2) { transformation: [-0.9971060692324597f,-0.07600513224707929f,0.0016451662217944407f,0.39363954171582727f,-0.07602293535370326f,0.9968725662036255f,-0.02157776751207018f,-0.8647152746316935f,-1.2221869582684165e-16f,-0.021640393312097744f,-0.9997658192683413f,0.005410098328024482f,0f,0f,0f,1f], start_interpolation: 0, interpolation_duration: 1 }
$data merge entity $(bone_left_arm) { transformation: [-0.9971060692324597f,-0.07600513224707929f,0.0016451662217944407f,0.25f,-0.07602293535370326f,0.9968725662036255f,-0.02157776751207018f,-0.625f,-1.2221869582684165e-16f,-0.021640393312097744f,-0.9997658192683413f,3.061616997868383e-17f,0f,0f,0f,1f], start_interpolation: 0, interpolation_duration: 1 }
$data merge entity $(item_display_weapon) { transformation: [-0.9971060692324597f,-0.07600513224707929f,-0.0016451662217944313f,-0.019416297087068435f,0.07602293535370326f,-0.9968725662036255f,-0.021577767512070058f,-0.8891780439808191f,-1.2221869582684165e-16f,-0.021640393312097623f,0.9997658192683413f,-0.19286618944083841f,0f,0f,0f,1f], start_interpolation: 0, interpolation_duration: 1 }
$data merge entity $(bone_right_arm2) { transformation: [-0.9971060692324597f,0.07600513224707929f,0.0016451662217944407f,-0.39363954171582727f,0.07602293535370326f,0.9968725662036255f,0.02157776751207018f,-0.8647152746316935f,-1.2221869582684165e-16f,0.021640393312097744f,-0.9997658192683413f,-0.005410098328024482f,0f,0f,0f,1f], start_interpolation: 0, interpolation_duration: 1 }
$data merge entity $(bone_right_arm) { transformation: [-0.9971060692324597f,0.07600513224707929f,0.0016451662217944407f,-0.25f,0.07602293535370326f,0.9968725662036255f,0.02157776751207018f,-0.625f,-1.2221869582684165e-16f,0.021640393312097744f,-0.9997658192683413f,-3.061616997868383e-17f,0f,0f,0f,1f], start_interpolation: 0, interpolation_duration: 1 }