# This file was generated by Animated Java via MC-Build. It is not recommended to edit this file directly.
$data merge entity $(bone_left_arm2) { transformation: [-0.9999777163665737f,-0.006674997436721027f,-0.00010573321156746077f,0.37666596390500195f,-0.006675834801151138f,0.9998522869939885f,0.01583784778934675f,-0.8741285923983533f,-1.2246195095670045e-16f,0.01583820072200577f,-0.9998745678323304f,-0.003959550180501397f,0f,0f,0f,1f], start_interpolation: 0, interpolation_duration: 1 }
$data merge entity $(bone_left_arm) { transformation: [-0.9999777163665737f,-0.006674997436721027f,-0.00010573321156746077f,0.25f,-0.006675834801151138f,0.9998522869939885f,0.01583784778934675f,-0.625f,-1.2246195095670045e-16f,0.01583820072200577f,-0.9998745678323304f,3.061616997868383e-17f,0f,0f,0f,1f], start_interpolation: 0, interpolation_duration: 1 }
$data merge entity $(item_display_weapon) { transformation: [-0.9999777163665737f,-0.006674997436721027f,0.00010573321156746159f,-0.0016941452447056804f,0.006675834801151138f,-0.9998522869939885f,0.01583784778934687f,-0.8796016269092874f,-1.2246195095670045e-16f,0.015838200722005893f,0.9998745678323304f,-0.1835169312880605f,0f,0f,0f,1f], start_interpolation: 0, interpolation_duration: 1 }
$data merge entity $(bone_right_arm2) { transformation: [-0.9999777163665737f,0.006674997436721027f,-0.00010573321156746077f,-0.37666596390500195f,0.006675834801151138f,0.9998522869939885f,-0.01583784778934675f,-0.8741285923983533f,-1.2246195095670045e-16f,-0.01583820072200577f,-0.9998745678323304f,0.003959550180501397f,0f,0f,0f,1f], start_interpolation: 0, interpolation_duration: 1 }
$data merge entity $(bone_right_arm) { transformation: [-0.9999777163665737f,0.006674997436721027f,-0.00010573321156746077f,-0.25f,0.006675834801151138f,0.9998522869939885f,-0.01583784778934675f,-0.625f,-1.2246195095670045e-16f,-0.01583820072200577f,-0.9998745678323304f,-3.061616997868383e-17f,0f,0f,0f,1f], start_interpolation: 0, interpolation_duration: 1 }