# This file was generated by Animated Java via MC-Build. It is not recommended to edit this file directly.
$data merge entity $(bone_left_arm2) { transformation: [-0.9999376150010865f,-0.011167259159938681f,-0.00024172048671951355f,0.3777840166651205f,-0.011169874929422187f,0.9997034488787925f,0.02163904327618447f,-0.8735296278535203f,-1.224570399558119e-16f,0.021640393312097734f,-0.9997658192683413f,-0.0054100983280243875f,0f,0f,0f,1f], start_interpolation: 0, interpolation_duration: 1 }
$data merge entity $(bone_left_arm) { transformation: [-0.9999376150010865f,-0.011167259159938681f,-0.00024172048671951355f,0.25f,-0.011169874929422187f,0.9997034488787925f,0.02163904327618447f,-0.625f,-1.224570399558119e-16f,0.021640393312097734f,-0.9997658192683413f,3.061616997868383e-17f,0f,0f,0f,1f], start_interpolation: 0, interpolation_duration: 1 }
$data merge entity $(item_display_weapon) { transformation: [-0.9999376150010865f,-0.011167259159938681f,0.0002417204867195149f,-0.0028527336309729923f,0.011169874929422187f,-0.9997034488787925f,0.021639043276184593f,-0.8817756515663382f,-1.224570399558119e-16f,0.021640393312097855f,0.9997658192683413f,-0.18204599278478956f,0f,0f,0f,1f], start_interpolation: 0, interpolation_duration: 1 }
$data merge entity $(bone_right_arm2) { transformation: [-0.9999376150010865f,0.011167259159938681f,-0.00024172048671951355f,-0.3777840166651205f,0.011169874929422187f,0.9997034488787925f,-0.02163904327618447f,-0.8735296278535203f,-1.224570399558119e-16f,-0.021640393312097734f,-0.9997658192683413f,0.0054100983280243875f,0f,0f,0f,1f], start_interpolation: 0, interpolation_duration: 1 }
$data merge entity $(bone_right_arm) { transformation: [-0.9999376150010865f,0.011167259159938681f,-0.00024172048671951355f,-0.25f,0.011169874929422187f,0.9997034488787925f,-0.02163904327618447f,-0.625f,-1.224570399558119e-16f,-0.021640393312097734f,-0.9997658192683413f,-3.061616997868383e-17f,0f,0f,0f,1f], start_interpolation: 0, interpolation_duration: 1 }