# This file was generated by Animated Java via MC-Build. It is not recommended to edit this file directly.
$data merge entity $(bone_left_arm2) { transformation: [-0.998497025446848f,0.05475445570018306f,0.002374816787259575f,0.3974740149283706f,0.054769250195701745f,0.9984766206152663f,0.006690838341949743f,-0.8669444147773356f,-0.0020048458287319714f,0.006810849116972912f,-0.9999747961461373f,-0.0012864857235897309f,0f,0f,0f,1f], start_interpolation: 0, interpolation_duration: 1 }
$data merge entity $(bone_left_arm) { transformation: [-0.9981515452920949f,-0.060727694474842386f,0.002374816787259575f,0.25752314814814814f,-0.06071064615189574f,0.9981329821852903f,0.006690838341949743f,-0.625f,-0.0027767021486215754f,0.006534293968669837f,-0.9999747961461373f,3.153748990859793e-17f,0f,0f,0f,1f], start_interpolation: 0, interpolation_duration: 1 }
$data merge entity $(item_display_weapon) { transformation: [-0.9999946251411354f,0.002260516327571051f,0.0023748167872593238f,-0.00997017655801663f,-0.002276361621780597f,-0.9999750251181522f,-0.006690838341949621f,-0.8190628109103902f,0.0023596327271735358f,-0.006696208321431127f,0.9999747961461373f,-0.2518926845150636f,0f,0f,0f,1f], start_interpolation: 0, interpolation_duration: 1 }
$data merge entity $(bone_right_arm2) { transformation: [-0.998497025446848f,-0.05475445570018306f,-0.0023748167872593303f,-0.3974740149283706f,-0.054769250195701745f,0.9984766206152663f,0.006690838341949743f,-0.8669444147773356f,0.002004845828731727f,0.0068108491169729f,-0.9999747961461373f,-0.0012864857235898282f,0f,0f,0f,1f], start_interpolation: 0, interpolation_duration: 1 }
$data merge entity $(bone_right_arm) { transformation: [-0.9981515452920949f,0.060727694474842386f,-0.0023748167872593303f,-0.25752314814814814f,0.06071064615189574f,0.9981329821852903f,0.006690838341949743f,-0.625f,0.0027767021486213308f,0.006534293968669853f,-0.9999747961461373f,-3.153748990859793e-17f,0f,0f,0f,1f], start_interpolation: 0, interpolation_duration: 1 }
$data merge entity $(bone_right_leg) { transformation: [-0.9999448303856064f,0.010504103250668391f,1.2246467991473532e-16f,-0.12876157407407407f,0.010504103250668391f,0.9999448303856064f,0f,-1.25f,-1.224579235855676e-16f,1.2863816423844354e-18f,-1f,0.031249999999999983f,0f,0f,0f,1f], start_interpolation: 0, interpolation_duration: 1 }
$data merge entity $(bone_left_leg) { transformation: [-0.9999448303856064f,-0.010504103250668391f,1.2246467991473532e-16f,0.12876157407407407f,-0.010504103250668391f,0.9999448303856064f,0f,-1.25f,-1.224579235855676e-16f,-1.2863816423844354e-18f,-1f,0.031250000000000014f,0f,0f,0f,1f], start_interpolation: 0, interpolation_duration: 1 }