# This file was generated by Animated Java via MC-Build. It is not recommended to edit this file directly.
$data merge entity $(bone_left_arm2) { transformation: [-0.9742450713026134f,0.22544906774239132f,0.004388495944197543f,0.46475347715204013f,0.22548004382559056f,0.9738113427715955f,0.029158506919797794f,-0.8357674775724028f,0.002300191073661771f,0.02939704991098224f,-0.9995651667487998f,-0.005342683864630317f,0f,0f,0f,1f], start_interpolation: 0, interpolation_duration: 1 }
$data merge entity $(bone_left_arm) { transformation: [-0.9682667268010876f,-0.24988054520761666f,0.004388495944197543f,0.28125f,-0.24965279553853148f,0.9678963080588769f,0.029158506919797794f,-0.625f,-0.01153375262887929f,0.027137611772961052f,-0.9995651667487998f,3.444319122601931e-17f,0f,0f,0f,1f], start_interpolation: 0, interpolation_duration: 1 }
$data merge entity $(item_display_weapon) { transformation: [-0.9999476822538846f,0.009239797531970906f,0.004388495944197271f,-0.018482532342346925f,-0.00936391539412193f,-0.999530939272367f,-0.029158506919797676f,-0.8211251450535946f,0.004117018772822968f,-0.029198074917164467f,0.9995651667487998f,-0.25698361538625786f,0f,0f,0f,1f], start_interpolation: 0, interpolation_duration: 1 }
$data merge entity $(bone_right_arm2) { transformation: [-0.9742450713026134f,-0.22544906774239132f,-0.0043884959441972985f,-0.46475347715204013f,-0.22548004382559056f,0.9738113427715955f,0.029158506919797794f,-0.8357674775724028f,-0.002300191073662009f,0.029397049910982187f,-0.9995651667487998f,-0.0053426838646304315f,0f,0f,0f,1f], start_interpolation: 0, interpolation_duration: 1 }
$data merge entity $(bone_right_arm) { transformation: [-0.9682667268010876f,0.24988054520761666f,-0.0043884959441972985f,-0.28125f,0.24965279553853148f,0.9678963080588769f,0.029158506919797794f,-0.625f,0.011533752628879054f,0.027137611772961114f,-0.9995651667487998f,-3.444319122601931e-17f,0f,0f,0f,1f], start_interpolation: 0, interpolation_duration: 1 }
$data merge entity $(bone_right_leg) { transformation: [-0.9990482215818578f,0.043619387365336f,1.2246467991473532e-16f,-0.140625f,0.043619387365336f,0.9990482215818578f,0f,-1.25f,-1.223481206754078e-16f,5.341834311772723e-18f,-1f,0.031249999999999983f,0f,0f,0f,1f], start_interpolation: 0, interpolation_duration: 1 }
$data merge entity $(bone_left_leg) { transformation: [-0.9990482215818578f,-0.043619387365336f,1.2246467991473532e-16f,0.140625f,-0.043619387365336f,0.9990482215818578f,0f,-1.25f,-1.223481206754078e-16f,-5.341834311772723e-18f,-1f,0.031250000000000014f,0f,0f,0f,1f], start_interpolation: 0, interpolation_duration: 1 }