# This file was generated by Animated Java via MC-Build. It is not recommended to edit this file directly.
$data merge entity $(bone_left_arm2) { transformation: [-0.9253720228686316f,-0.37903308294647137f,0.004532253756136373f,0.46042977359519677f,-0.37680296676639696f,0.9210987850557808f,0.09796199469593324f,-0.8081743254181456f,-0.04130549028952716f,0.08894352253457158f,-0.9951798361457511f,-0.01707269434745197f,0f,0f,0f,1f], start_interpolation: 0, interpolation_duration: 1 }
$data merge entity $(bone_left_arm) { transformation: [-0.9253720228686316f,-0.37903308294647137f,0.004532253756136373f,0.25f,-0.37680296676639696f,0.9210987850557808f,0.09796199469593324f,-0.625f,-0.04130549028952716f,0.08894352253457158f,-0.9951798361457511f,3.061616997868383e-17f,0f,0f,0f,1f], start_interpolation: 0, interpolation_duration: 1 }
$data merge entity $(item_display_weapon) { transformation: [-0.3180401991615299f,-0.2182924954403928f,-0.9226043670781646f,-0.5240899170496185f,-0.7864064568801813f,0.6042775772913553f,0.1281151597589033f,-0.2431569643491015f,0.5295425538089018f,0.7662878023414543f,-0.36385118893340196f,0.48590314209381247f,0f,0f,0f,1f], start_interpolation: 0, interpolation_duration: 1 }
$data merge entity $(bone_right_arm2) { transformation: [-0.9226043670781646f,0.37924448532507304f,-0.07053227770900246f,-0.46013666721603885f,0.12811515975890328f,0.12878456580716713f,-0.9833621110505579f,-0.6411817464819288f,-0.36385118893340185f,-0.9162904321012959f,-0.1674041706510624f,0.18359120940864873f,0f,0f,0f,1f], start_interpolation: 0, interpolation_duration: 1 }
$data merge entity $(bone_right_arm) { transformation: [-0.9226043670781646f,0.37924448532507304f,-0.07053227770900246f,-0.25f,0.12811515975890328f,0.12878456580716713f,-0.9833621110505579f,-0.625f,-0.36385118893340185f,-0.9162904321012959f,-0.1674041706510624f,-3.061616997868383e-17f,0f,0f,0f,1f], start_interpolation: 0, interpolation_duration: 1 }
$data merge entity $(bone_right_leg) { transformation: [-1f,-1.0605752387249068e-16f,6.123233995736767e-17f,-0.125f,0f,0.5000000000000001f,0.8660254037844386f,-1.25f,-1.2246467991473532e-16f,0.8660254037844386f,-0.5000000000000001f,0.031249999999999986f,0f,0f,0f,1f], start_interpolation: 0, interpolation_duration: 1 }
$data merge entity $(bone_left_leg) { transformation: [-1f,1.0605752387249068e-16f,6.123233995736767e-17f,0.125f,0f,0.5000000000000001f,-0.8660254037844386f,-1.25f,-1.2246467991473532e-16f,-0.8660254037844386f,-0.5000000000000001f,0.031250000000000014f,0f,0f,0f,1f], start_interpolation: 0, interpolation_duration: 1 }