# This file was generated by Animated Java via MC-Build. It is not recommended to edit this file directly.
$data merge entity $(bone_left_arm2) { transformation: [-0.9263961513126686f,-0.37651976936488235f,0.004799386470270215f,0.45992946125530415f,-0.374278008043509f,0.9221290110806394f,0.09794927063753484f,-0.8087475017647212f,-0.041305490289527125f,0.08894352253457154f,-0.9951798361457511f,-0.017072694347451962f,0f,0f,0f,1f], start_interpolation: 0, interpolation_duration: 1 }
$data merge entity $(bone_left_arm) { transformation: [-0.9263961513126686f,-0.37651976936488235f,0.004799386470270215f,0.25f,-0.374278008043509f,0.9221290110806394f,0.09794927063753484f,-0.625f,-0.041305490289527125f,0.08894352253457154f,-0.9951798361457511f,3.061616997868383e-17f,0f,0f,0f,1f], start_interpolation: 0, interpolation_duration: 1 }
$data merge entity $(item_display_weapon) { transformation: [-0.0620622803959332f,0.4379378482722213f,-0.8968604765529326f,-0.0745358299160459f,-0.9182905900723879f,-0.37709460374514486f,-0.12059043084257501f,-0.9306376648050514f,-0.3910123598258272f,0.8160944190943773f,0.4255575561383544f,0.5769135055355042f,0f,0f,0f,1f], start_interpolation: 0, interpolation_duration: 1 }
$data merge entity $(bone_right_arm2) { transformation: [-0.8968604765529326f,-0.2657841629276679f,-0.35355348157539823f,-0.2956615188371996f,-0.1205904308425751f,0.9159756547970276f,-0.38268335188293556f,-0.8690677175545788f,0.42555755613835444f,-0.30057840666953356f,-0.8535533889907273f,0.12833929618467768f,0f,0f,0f,1f], start_interpolation: 0, interpolation_duration: 1 }
$data merge entity $(bone_right_arm) { transformation: [-0.8968604765529326f,-0.2657841629276679f,-0.35355348157539823f,-0.25f,-0.1205904308425751f,0.9159756547970276f,-0.38268335188293556f,-0.625f,0.42555755613835444f,-0.30057840666953356f,-0.8535533889907273f,-3.061616997868383e-17f,0f,0f,0f,1f], start_interpolation: 0, interpolation_duration: 1 }
$data merge entity $(bone_right_leg) { transformation: [-1f,0f,1.2246467991473532e-16f,-0.125f,0f,1f,0f,-1.25f,-1.2246467991473532e-16f,0f,-1f,0.031249999999999986f,0f,0f,0f,1f], start_interpolation: 0, interpolation_duration: 1 }
$data merge entity $(bone_left_leg) { transformation: [-1f,0f,1.2246467991473532e-16f,0.125f,0f,1f,0f,-1.25f,-1.2246467991473532e-16f,0f,-1f,0.031250000000000014f,0f,0f,0f,1f], start_interpolation: 0, interpolation_duration: 1 }