# This file was generated by Animated Java via MC-Build. It is not recommended to edit this file directly.
$data merge entity $(bone_head) { transformation: [-1f,0f,1.2246467991473532e-16f,0f,0f,1f,0f,-0.4375f,-1.2246467991473532e-16f,0f,-1f,0f,0f,0f,0f,1f], start_interpolation: 0, interpolation_duration: 1 }
$data merge entity $(bone_left_arm2) { transformation: [-0.9998615017708508f,0.01595085776191164f,-0.00474841165005098f,0.37099497328087844f,0.015996935150849264f,0.9998237259235696f,-0.00982930038661823f,-0.8769555483747485f,0.004590788855806805f,-0.009903899079156309f,-0.9999404169452855f,0.001902126162813257f,0f,0f,0f,1f], start_interpolation: 0, interpolation_duration: 1 }
$data merge entity $(bone_left_arm) { transformation: [-0.9998615017708508f,0.01595085776191164f,-0.00474841165005098f,0.25f,0.015996935150849264f,0.9998237259235696f,-0.00982930038661823f,-0.625f,0.004590788855806805f,-0.009903899079156309f,-0.9999404169452855f,3.061616997868383e-17f,0f,0f,0f,1f], start_interpolation: 0, interpolation_duration: 1 }
$data merge entity $(item_display_weapon) { transformation: [-0.012275875196304983f,0.02156977851023234f,-0.9996919763323022f,-0.36120514109135965f,-0.6432128358689879f,-0.765638897049505f,-0.008621316499916029f,-1.1620556019779644f,-0.7655890220356736f,0.6429088768867925f,0.02327284595024866f,0.39526693129951673f,0f,0f,0f,1f], start_interpolation: 0, interpolation_duration: 1 }
$data merge entity $(bone_right_arm2) { transformation: [-0.9996919763323022f,-0.006571782056970319f,-0.023932491249583993f,-0.3733185515272952f,-0.00862131649991614f,0.9962086140330851f,0.08656829805470283f,-0.8751298180707607f,0.02327284595024865f,0.0867479625517238f,-0.9959584156150801f,-0.0187778848941499f,0f,0f,0f,1f], start_interpolation: 0, interpolation_duration: 1 }
$data merge entity $(bone_right_arm) { transformation: [-0.9996919763323022f,-0.006571782056970319f,-0.023932491249583993f,-0.25f,-0.00862131649991614f,0.9962086140330851f,0.08656829805470283f,-0.625f,0.02327284595024865f,0.0867479625517238f,-0.9959584156150801f,-3.061616997868383e-17f,0f,0f,0f,1f], start_interpolation: 0, interpolation_duration: 1 }
$data merge entity $(bone_right_leg) { transformation: [-1f,9.654459292121738e-17f,7.534413981388996e-17f,-0.125f,0f,0.6152315905806269f,-0.7883464276266062f,-1.25f,-1.2246467991473532e-16f,-0.7883464276266062f,-0.6152315905806269f,0.031249999999999986f,0f,0f,0f,1f], start_interpolation: 0, interpolation_duration: 1 }
$data merge entity $(bone_left_leg) { transformation: [-1f,-1.0012526244575738e-16f,7.051616585426906e-17f,0.125f,0f,0.5758081914178452f,0.8175848131515837f,-1.25f,-1.2246467991473532e-16f,0.8175848131515837f,-0.5758081914178452f,0.031250000000000014f,0f,0f,0f,1f], start_interpolation: 0, interpolation_duration: 1 }
$data merge entity $(bone_body) { transformation: [-1f,0f,1.2246467991473532e-16f,0f,0f,1f,0f,-1.25f,-1.2246467991473532e-16f,0f,-1f,0f,0f,0f,0f,1f], start_interpolation: 0, interpolation_duration: 1 }