# This file was generated by Animated Java via MC-Build. It is not recommended to edit this file directly.
$data merge entity $(bone_left_arm2) { transformation: [-0.9999874695462441f,0.0016732022061237454f,-0.004718171772724954f,0.37458013314174954f,0.0017209473826559436f,0.9999471729853604f,-0.01013358666474064f,-0.875201911669172f,0.004700966986232253f,-0.010141579411664747f,-0.9999375226865083f,0.0019477739796371857f,0f,0f,0f,1f], start_interpolation: 0, interpolation_duration: 1 }
$data merge entity $(bone_left_arm) { transformation: [-0.9999874695462441f,0.0016732022061237454f,-0.004718171772724954f,0.25f,0.0017209473826559436f,0.9999471729853604f,-0.01013358666474064f,-0.625f,0.004700966986232253f,-0.010141579411664747f,-0.9999375226865083f,3.061616997868383e-17f,0f,0f,0f,1f], start_interpolation: 0, interpolation_duration: 1 }
$data merge entity $(item_display_weapon) { transformation: [-0.012616414422902357f,0.022061095247147597f,-0.9996770149221227f,-0.36089262070575207f,-0.6416212958396202f,-0.7669707799250784f,-0.008828106603532837f,-1.1628940358939583f,-0.7669178175086273f,0.641302682683936f,0.023831289729907397f,0.39421324536691954f,0f,0f,0f,1f], start_interpolation: 0, interpolation_duration: 1 }
$data merge entity $(bone_right_arm2) { transformation: [-0.9996770149221227f,-0.0066783978569665186f,-0.024520702242354243f,-0.3732900274010237f,-0.008828106603532948f,0.9960250086988536f,0.08863547021506286f,-0.875109765500155f,0.023831289729907387f,0.08882331365420175f,-0.9957622650920733f,-0.019226917197312045f,0f,0f,0f,1f], start_interpolation: 0, interpolation_duration: 1 }
$data merge entity $(bone_right_arm) { transformation: [-0.9996770149221227f,-0.0066783978569665186f,-0.024520702242354243f,-0.25f,-0.008828106603532948f,0.9960250086988536f,0.08863547021506286f,-0.625f,0.023831289729907387f,0.08882331365420175f,-0.9957622650920733f,-3.061616997868383e-17f,0f,0f,0f,1f], start_interpolation: 0, interpolation_duration: 1 }
$data merge entity $(bone_right_leg) { transformation: [-1f,0f,1.2246467991473532e-16f,-0.125f,0f,1f,0f,-1.25f,-1.2246467991473532e-16f,0f,-1f,0.031249999999999986f,0f,0f,0f,1f], start_interpolation: 0, interpolation_duration: 1 }
$data merge entity $(bone_left_leg) { transformation: [-1f,0f,1.2246467991473532e-16f,0.125f,0f,1f,0f,-1.25f,-1.2246467991473532e-16f,0f,-1f,0.031250000000000014f,0f,0f,0f,1f], start_interpolation: 0, interpolation_duration: 1 }