# This file was generated by Animated Java via MC-Build. It is not recommended to edit this file directly.
$data merge entity $(bone_jaw) { transformation: [-0.9990025892087167f,-0.02084562253845557f,-0.03948780539943815f,0.2236473344003123f,-0.043696122762335636f,0.27436161219164734f,0.9606333091305648f,-0.2930086522745675f,-0.009191061408703412f,0.9614006270939209f,-0.274998833840431f,3.602464505824402f,0f,0f,0f,1f], start_interpolation: 0, interpolation_duration: 1 }
$data merge entity $(bone_head) { transformation: [-1.1238779128598062f,-0.040640768822880945f,-0.029525665028418035f,0.21708607550510828f,-0.04915813810762759f,0.7536766040544979f,0.8337745822215207f,-0.10772541178089629f,-0.010339944084791337f,0.8342331235394367f,-0.7547007229001164f,3.4347532340688205f,0f,0f,0f,1f], start_interpolation: 0, interpolation_duration: 1 }
$data merge entity $(bone_neck) { transformation: [-0.9986524039738081f,-0.004813990472419455f,-0.05167399281132884f,0.6795420232097533f,-0.030432421337739133f,0.8608549899141841f,0.5079395181233417f,-0.5944667694206321f,0.04203859855961098f,0.5088275855686106f,-0.8598414065370207f,2.174483482311037f,0f,0f,0f,1f], start_interpolation: 0, interpolation_duration: 1 }
$data merge entity $(bone_right_arm2) { transformation: [-0.9884356795820767f,-0.08066483354582184f,-0.1284059654305164f,-0.5395252194752613f,-0.09488041314859802f,0.989531963164006f,0.10873914234322263f,-2.1677681237375674f,0.11829038223739691f,0.11966485910998743f,-0.9857422112115912f,2.3499411875190237f,0f,0f,0f,1f], start_interpolation: 0, interpolation_duration: 1 }
$data merge entity $(bone_right_arm1) { transformation: [-1.1222863445254827f,-0.09158819642181854f,-0.14579427324923216f,-0.42479076486823364f,-0.10772880242913732f,1.1235310831757983f,0.12346423453553401f,-0.764599132614907f,0.13430887149871104f,0.1358694754477982f,-1.1192281356464941f,1.7923378004437267f,0f,0f,0f,1f], start_interpolation: 0, interpolation_duration: 1 }
$data merge entity $(bone_left_arm2) { transformation: [-0.9884356795820767f,-0.08066483354582184f,-0.1284059654305164f,1.1902372197933728f,-0.09488041314859802f,0.989531963164006f,0.10873914234322263f,-2.001727400727521f,0.11829038223739691f,0.11966485910998743f,-0.9857422112115912f,2.1429330186035793f,0f,0f,0f,1f], start_interpolation: 0, interpolation_duration: 1 }
$data merge entity $(bone_left_arm1) { transformation: [-1.1222863445254827f,-0.09158819642181854f,-0.14579427324923216f,0.6871993746616027f,-0.10772880242913732f,1.1235310831757983f,0.12346423453553401f,-0.6578586678227343f,0.13430887149871104f,0.1358694754477982f,-1.1192281356464941f,1.6592611204266552f,0f,0f,0f,1f], start_interpolation: 0, interpolation_duration: 1 }
$data merge entity $(bone_body2) { transformation: [-1.5650231593382882f,-0.12771931978088458f,-0.20330944526498435f,0.4999999999999999f,-0.15022732081861354f,1.566758941676343f,0.1721703087101025f,-0.5f,0.18729310520921177f,0.18946936025748012f,-1.5607585010850196f,0.75f,0f,0f,0f,1f], start_interpolation: 0, interpolation_duration: 1 }
$data merge entity $(bone_right_leg2) { transformation: [-1f,-6.227950425065315e-17f,1.0544601072070699e-16f,-0.9999999999999998f,0f,0.8610320199597353f,0.5085507453578825f,-2.1683921660474534f,-1.2246467991473532e-16f,0.5085507453578825f,-0.8610320199597353f,-1.1620126748650679f,0f,0f,0f,1f], start_interpolation: 0, interpolation_duration: 1 }
$data merge entity $(bone_right_leg1) { transformation: [-1.3333333333333333f,-8.787667267694379e-17f,1.376229869441878e-16f,-0.625f,0f,1.123776970143606f,0.7175674875247863f,-1.125f,-1.6328623988631375e-16f,0.7175674875247863f,-1.123776970143606f,-0.12500000000000008f,0f,0f,0f,1f], start_interpolation: 0, interpolation_duration: 1 }
$data merge entity $(bone_left_leg2) { transformation: [-1f,1.2582807676193962e-17f,1.2181654558229145e-16f,1f,0f,0.9947075815419179f,-0.10274642194757377f,-2.542252512856678f,-1.2246467991473532e-16f,-0.10274642194757377f,-0.9947075815419179f,0.2692813903818338f,0f,0f,0f,1f], start_interpolation: 0, interpolation_duration: 1 }
$data merge entity $(bone_left_leg1) { transformation: [-1.3333333333333333f,7.618327393209307e-17f,1.4442473787131646e-16f,0.625f,0f,1.1793174813494844f,-0.6220836406475307f,-1.125f,-1.6328623988631375e-16f,-0.6220836406475307f,-1.1793174813494844f,-0.12499999999999993f,0f,0f,0f,1f], start_interpolation: 0, interpolation_duration: 1 }
$data merge entity $(bone_tail3) { transformation: [-0.9954775541058477f,0.03305457359094633f,-0.08906084681923804f,-0.28278141818254343f,0.039128826341752604f,0.9969622519850195f,-0.06734391632564596f,-2.0433894183812913f,0.08656427797051183f,-0.07052420351680228f,-0.9937469308117458f,-3.8864410035530863f,0f,0f,0f,1f], start_interpolation: 0, interpolation_duration: 1 }
$data merge entity $(bone_tail2) { transformation: [-1.5346945625798485f,0.005218177124337449f,-0.14636079162964896f,-0.21797729619810868f,0.06032360727686859f,1.4264458557203308f,-0.5816780846950576f,-1.457375566044754f,0.13345326187120574f,-0.5847744030281279f,-1.4201990126634163f,-1.9620789168751356f,0f,0f,0f,1f], start_interpolation: 0, interpolation_duration: 1 }
$data merge entity $(bone_tail1) { transformation: [-0.9995602645371162f,-0.016780428085957227f,-0.02444779727791962f,1.1102230246251565e-16f,-1.734723475976807e-18f,0.8244735759745323f,-0.5659004528358033f,-0.75f,0.02965261469904865f,-0.5656516063382294f,-0.8241110257049656f,-0.9375f,0f,0f,0f,1f], start_interpolation: 0, interpolation_duration: 1 }
data modify entity @s data merge value {"locators":{"hitbox_head":{"posx":0.24786585402571382,"posy":-0.7580386868727065,"posz":3.180929477352499,"roty":357.759597077155,"rotx":47.82801617714071},"hitbox_neck":{"posx":0.18848031675142268,"posy":-0.9959960410727384,"posz":2.112172612819741,"roty":356.56082502295544,"rotx":30.526679286408264},"hitbox_right_arm":{"posx":-0.4564346331880611,"posy":-3.217599683894972,"posz":2.730540582904669,"roty":352.57825699210116,"rotx":6.242637759147554},"hitbox_left_arm":{"posx":1.3968822660283327,"posy":-3.039698909241351,"posz":2.5087461162095503,"roty":352.57825699210116,"rotx":6.242637759147554},"hitbox_tail1":{"posx":-0.16135017626264211,"posy":-2.41561028556543,"posz":-2.321746599038749,"roty":354.11606712488447,"rotx":-22.166829402568727},"hitbox_tail2":{"posx":-0.3762622723564819,"posy":-3.389783327044805,"posz":-4.3528606350188905,"roty":354.8787623129525,"rotx":-3.8614446799063717}},"cameras":{}}