# This file was generated by Animated Java via MC-Build. It is not recommended to edit this file directly.
$data merge entity $(bone_jaw) { transformation: [-0.9985422596617884f,-0.007981787070803846f,-0.05338208261847734f,0.22641356953592184f,-0.04231907057252237f,0.7296568992313979f,0.6825026781411921f,0.2979023871674415f,0.03350301382573611f,0.6837668465779677f,-0.728931030746678f,3.422452849470055f,0f,0f,0f,1f], start_interpolation: 0, interpolation_duration: 1 }
$data merge entity $(bone_head) { transformation: [-1.123360042119512f,-0.025083718309018125f,-0.05529939280898317f,0.21412481557837004f,-0.04760895439408767f,0.9997641474507175f,0.5136438814330819f,0.4120454719303486f,0.037690890553953124f,0.5152353409345423f,-0.9993682705696214f,3.2003710115656947f,0f,0f,0f,1f], start_interpolation: 0, interpolation_duration: 1 }
$data merge entity $(bone_neck) { transformation: [-0.9969823351354118f,0.0015645444181439112f,-0.07761298621174961f,0.6478931034047515f,-0.01182160673920204f,0.9850761538715326f,0.17171261074182192f,-0.4891706419608236f,0.07672335395461563f,0.17211194983043f,-0.9820850287442133f,2.181196302038882f,0f,0f,0f,1f], start_interpolation: 0, interpolation_duration: 1 }
$data merge entity $(bone_right_arm2) { transformation: [-0.9942070819681621f,-0.02693032640458147f,-0.10405304264698292f,-0.6609193445985764f,-0.030813775838597377f,0.9988803632961865f,0.0358961145508419f,-1.9741606274554457f,0.10296984695978148f,0.03889443843303556f,-0.9939237562690902f,2.4532297906615472f,0f,0f,0f,1f], start_interpolation: 0, interpolation_duration: 1 }
$data merge entity $(bone_right_arm1) { transformation: [-1.1288392909846838f,-0.030577141438535207f,-0.11814355883876185f,-0.4571121517093396f,-0.0349864746500741f,1.134145412492545f,0.04075704672960174f,-0.6288222669259357f,0.11691368040225188f,0.04416139363750912f,-1.1285175982638627f,1.7887780814949752f,0f,0f,0f,1f], start_interpolation: 0, interpolation_duration: 1 }
$data merge entity $(bone_left_arm2) { transformation: [-0.9942070819681621f,-0.02693032640458147f,-0.10405304264698292f,1.0789430488457072f,-0.030813775838597377f,0.9988803632961865f,0.0358961145508419f,-1.9202365197379003f,0.10296984695978148f,0.03889443843303556f,-0.9939237562690902f,2.2730325584819298f,0f,0f,0f,1f], start_interpolation: 0, interpolation_duration: 1 }
$data merge entity $(bone_left_arm1) { transformation: [-1.1288392909846838f,-0.030577141438535207f,-0.11814355883876185f,0.6613708155048428f,-0.0349864746500741f,1.134145412492545f,0.04075704672960174f,-0.5941567691075136f,0.11691368040225188f,0.04416139363750912f,-1.1285175982638627f,1.6729370036652211f,0f,0f,0f,1f], start_interpolation: 0, interpolation_duration: 1 }
$data merge entity $(bone_body2) { transformation: [-1.5741612131162568f,-0.042639683473920664f,-0.16475065085772297f,0.4999999999999999f,-0.048788478411112515f,1.581560575218962f,0.05683551470549968f,-0.5f,0.16303559101965404f,0.06158286085230631f,-1.5737126140927264f,0.75f,0f,0f,0f,1f], start_interpolation: 0, interpolation_duration: 1 }
$data merge entity $(bone_right_leg2) { transformation: [-1f,3.391713695163532e-17f,1.1767423527528272e-16f,-1f,0f,0.960883050992434f,-0.27695444086613175f,-2.593826108760325f,-1.2246467991473532e-16f,-0.27695444086613175f,-0.960883050992434f,-0.04368356731876952f,0f,0f,0f,1f], start_interpolation: 0, interpolation_duration: 1 }
$data merge entity $(bone_right_leg1) { transformation: [-1.3333333333333333f,4.3453750642650996e-17f,1.573981184490371e-16f,-0.625f,0f,1.2852531730669103f,-0.3548268012696002f,-1.125f,-1.6328623988631375e-16f,-0.3548268012696002f,-1.2852531730669103f,-0.12500000000000008f,0f,0f,0f,1f], start_interpolation: 0, interpolation_duration: 1 }
$data merge entity $(bone_left_leg2) { transformation: [-1f,-4.259772018754108e-17f,1.148173857107125e-16f,1f,0f,0.9375551039748999f,0.34783678214158786f,-2.4524962839100803f,-1.2246467991473532e-16f,0.34783678214158786f,-0.9375551039748999f,-0.7588896719500388f,0f,0f,0f,1f], start_interpolation: 0, interpolation_duration: 1 }
$data merge entity $(bone_left_leg1) { transformation: [-1.3333333333333333f,-3.7453176043397284e-17f,1.58932865513943e-16f,0.625f,0f,1.2977853338987067f,0.3058283912510419f,-1.125f,-1.6328623988631375e-16f,0.3058283912510419f,-1.2977853338987067f,-0.12499999999999993f,0f,0f,0f,1f], start_interpolation: 0, interpolation_duration: 1 }
$data merge entity $(bone_tail3) { transformation: [-0.9378545376501618f,0.08531259465028757f,-0.3363786964167575f,-0.8932678935692819f,0.04770607934978392f,0.9918034420995202f,0.11853295842345289f,-1.0507919119008908f,0.34373390318976904f,0.09511936413569845f,-0.9342372880400067f,-4.064433370911757f,0f,0f,0f,1f], start_interpolation: 0, interpolation_duration: 1 }
$data merge entity $(bone_tail2) { transformation: [-1.4458590788773327f,0.005124590302168731f,-0.5349779189025816f,-0.31709756345219653f,0.07354687233091688f,1.5288637611192195f,-0.18412650167166392f,-0.991904728868563f,0.5299231007508939f,-0.19820557414396897f,-1.434096289926143f,-2.136911308685935f,0f,0f,0f,1f], start_interpolation: 0, interpolation_duration: 1 }
$data merge entity $(bone_tail1) { transformation: [-0.9943077659510899f,-0.02061919993606134f,-0.10453188586909383f,1.1102230246251565e-16f,0f,0.9810955842203436f,-0.1935237830948504f,-0.75f,0.10654607721240857f,-0.192422200427444f,-0.9755109585306092f,-0.9375f,0f,0f,0f,1f], start_interpolation: 0, interpolation_duration: 1 }
data modify entity @s data merge value {"locators":{"hitbox_head":{"posx":0.24342115708587544,"posy":-0.286057910384795,"posz":3.1917314528713994,"roty":356.8328052308905,"rotx":27.1661470085239},"hitbox_neck":{"posx":0.1585168549567103,"posy":-0.8859490793749771,"posz":2.277776626422805,"roty":355.48137566141395,"rotx":9.88740880964362},"hitbox_right_arm":{"posx":-0.6441004394935136,"posy":-2.9929149090169656,"posz":2.917732845798043,"roty":354.02352325561264,"rotx":2.057137807061646},"hitbox_left_arm":{"posx":1.2200378391967903,"posy":-2.9351390793195957,"posz":2.724664382748453,"roty":354.02352325561264,"rotx":2.057137807061646},"hitbox_tail1":{"posx":-0.4409300242819164,"posy":-1.823750015212378,"posz":-2.722983139806005,"roty":339.5423801710116,"rotx":-6.859403996908277},"hitbox_tail2":{"posx":-1.1944536907822103,"posy":-2.2858591405433186,"posz":-4.7147860108623645,"roty":340.19823138268987,"rotx":6.807443004315944}},"cameras":{}}