# This file was generated by Animated Java via MC-Build. It is not recommended to edit this file directly.
$data merge entity $(bone_jaw) { transformation: [-0.9984200864758962f,-0.007599556551940733f,-0.05567385078901795f,0.22590249014424602f,-0.04153871656204389f,0.7670643068750841f,0.6402240890068295f,0.35370948213192527f,0.0378400045962228f,0.6415252106179931f,-0.7661680874284031f,3.3940940476619184f,0f,0f,0f,1f], start_interpolation: 0, interpolation_duration: 1 }
$data merge entity $(bone_head) { transformation: [-1.1232225972853833f,-0.024230188215188797f,-0.0583857424936463f,0.2129278807012135f,-0.04673105613229937f,1.0180173051742043f,0.4765311897017976f,0.4596053020656581f,0.042570005170750644f,0.4782035804392385f,-1.0174154167865035f,3.168001732820473f,0f,0f,0f,1f], start_interpolation: 0, interpolation_duration: 1 }
$data merge entity $(bone_neck) { transformation: [-0.9967574385507723f,0.00146969558410626f,-0.08045153005750467f,0.6443781802467642f,-0.009472251837677189f,0.9907381193000959f,0.1354557322922599f,-0.47826004128439426f,0.07990547627557916f,0.13577856591008325f,-0.9875116687414757f,2.181431037550771f,0f,0f,0f,1f], start_interpolation: 0, interpolation_duration: 1 }
$data merge entity $(bone_right_arm2) { transformation: [-0.9946219622671637f,-0.021280305292594382f,-0.10136222561916623f,-0.6736311617088878f,-0.024267047209369508f,0.9993041728299593f,0.028324557973055116f,-1.9534378342602914f,0.10068893978762024f,0.030631989345857185f,-0.9944462874550642f,2.4623035239719036f,0f,0f,0f,1f], start_interpolation: 0, interpolation_duration: 1 }
$data merge entity $(bone_right_arm1) { transformation: [-1.129310352990842f,-0.024162013300966536f,-0.11508836033842831f,-0.46042872931010603f,-0.027553209852304958f,1.1346266129006828f,0.03216017519857299f,-0.6147945215615667f,0.11432390038386046f,0.03478007123644201f,-1.1291108888812706f,1.7873608936793532f,0f,0f,0f,1f], start_interpolation: 0, interpolation_duration: 1 }
$data merge entity $(bone_left_arm2) { transformation: [-0.9946219622671637f,-0.021280305292594382f,-0.10136222561916623f,1.0669572722586487f,-0.024267047209369508f,0.9993041728299593f,0.028324557973055116f,-1.910970501643895f,0.10068893978762024f,0.030631989345857185f,-0.9944462874550642f,2.286097879343568f,0f,0f,0f,1f], start_interpolation: 0, interpolation_duration: 1 }
$data merge entity $(bone_left_arm1) { transformation: [-1.129310352990842f,-0.024162013300966536f,-0.11508836033842831f,0.6585209782404531f,-0.027553209852304958f,1.1346266129006828f,0.03216017519857299f,-0.587494093451026f,0.11432390038386046f,0.03478007123644201f,-1.1291108888812706f,1.6740858364182802f,0f,0f,0f,1f], start_interpolation: 0, interpolation_duration: 1 }
$data merge entity $(bone_body2) { transformation: [-1.5748181069230094f,-0.03369381671327444f,-0.16049019056367989f,0.4999999999999999f,-0.03842282474816839f,1.5822316069807691f,0.04484721679067061f,-0.5f,0.15942415466373205f,0.048500649797607216f,-1.5745399551371853f,0.75f,0f,0f,0f,1f], start_interpolation: 0, interpolation_duration: 1 }
$data merge entity $(bone_right_leg2) { transformation: [-1f,4.29652918961366e-17f,1.1468034495456645e-16f,-1f,0f,0.9364360812800179f,-0.35083823291785604f,-2.5825828544443574f,-1.2246467991473532e-16f,-0.35083823291785604f,-0.9364360812800179f,0.073783103984818f,0f,0f,0f,1f], start_interpolation: 0, interpolation_duration: 1 }
$data merge entity $(bone_right_leg1) { transformation: [-1.3333333333333333f,5.592960771075671e-17f,1.5340884954112543e-16f,-0.625f,0f,1.2526783203772276f,-0.4566999052273446f,-1.125f,-1.6328623988631375e-16f,-0.4566999052273446f,-1.2526783203772276f,-0.12500000000000008f,0f,0f,0f,1f], start_interpolation: 0, interpolation_duration: 1 }
$data merge entity $(bone_left_leg2) { transformation: [-1f,-4.7417253420780744e-17f,1.1291236382543782e-16f,1f,0f,0.9219994197841515f,0.3871912575429461f,-2.405880832382109f,-1.2246467991473532e-16f,0.3871912575429461f,-0.9219994197841515f,-0.8484685848301338f,0f,0f,0f,1f], start_interpolation: 0, interpolation_duration: 1 }
$data merge entity $(bone_left_leg1) { transformation: [-1.3333333333333333f,-4.826846550825784e-17f,1.5598894631892646e-16f,0.625f,0f,1.273746409393566f,0.39414193171340695f,-1.125f,-1.6328623988631375e-16f,0.39414193171340695f,-1.273746409393566f,-0.12499999999999993f,0f,0f,0f,1f], start_interpolation: 0, interpolation_duration: 1 }
$data merge entity $(bone_tail3) { transformation: [-0.9296114760172799f,0.08609241566206308f,-0.35834424736898546f,-0.9465707821234179f,0.03998179953912493f,0.9901521900824377f,0.13416443709331174f,-0.9463863715259088f,0.366365881821148f,0.11039355253103572f,-0.9238989686091169f,-4.058304743953618f,0f,0f,0f,1f], start_interpolation: 0, interpolation_duration: 1 }
$data merge entity $(bone_tail2) { transformation: [-1.4331510255266398f,0.0041982710368725275f,-0.568151937128927f,-0.32622084466550844f,0.061638607622817594f,1.5336746065739402f,-0.1441492085018171f,-0.9409122606779914f,0.5648140678076031f,-0.15671849534015103f,-1.4258893691784291f,-2.1436462263044813f,0f,0f,0f,1f], start_interpolation: 0, interpolation_duration: 1 }
$data merge entity $(bone_tail1) { transformation: [-0.9935641355205953f,-0.017299850839493952f,-0.11194205540431755f,1.1102230246251565e-16f,0f,0.9882679826760573f,-0.15272980854239315f,-0.75f,0.11327095217756421f,-0.15174686019264888f,-0.9819076238702196f,-0.9375f,0f,0f,0f,1f], start_interpolation: 0, interpolation_duration: 1 }
data modify entity @s data merge value {"locators":{"hitbox_head":{"posx":0.242607358180109,"posy":-0.23832964239273258,"posz":3.1849484705727025,"roty":356.7156073889173,"rotx":25.061022538710493},"hitbox_neck":{"posx":0.15550476638452626,"posy":-0.8714549284773013,"posz":2.2939057720649636,"roty":355.34245965840057,"rotx":7.784973496150761},"hitbox_right_arm":{"posx":-0.6638336162484081,"posy":-2.968420976527364,"posz":2.935187737090305,"roty":354.18003797231165,"rotx":1.623094707345358},"hitbox_left_arm":{"posx":1.201082563002524,"posy":-2.9229202630097966,"posz":2.7463959749885167,"roty":354.18003797231165,"rotx":1.623094707345358},"hitbox_tail1":{"posx":-0.4654268653333755,"posy":-1.7563047115287849,"posz":-2.7490701149191885,"roty":338.27497133639736,"rotx":-5.365117840655348},"hitbox_tail2":{"posx":-1.26113571682493,"posy":-2.1704936251441205,"posz":-4.722889451493231,"roty":338.8006762725937,"rotx":7.710306121154225}},"cameras":{}}