# This file was generated by Animated Java via MC-Build. It is not recommended to edit this file directly.
$data merge entity $(bone_jaw) { transformation: [-0.9981948892100619f,-0.007843689345344976f,-0.05954359488950737f,0.22309992281332777f,-0.0398218400139901f,0.828597980982626f,0.5584260085001558f,0.4504882025340927f,0.044957582372857026f,0.559789123196378f,-0.8274146199688632f,3.3391739022378886f,0f,0f,0f,1f], start_interpolation: 0, interpolation_duration: 1 }
$data merge entity $(bone_head) { transformation: [-1.1229692503613198f,-0.02327896668589695f,-0.06342832532057313f,0.20900473940875597f,-0.04479957001573886f,1.0471196757883905f,0.4088500741142418f,0.5413437745594798f,0.05057728016946415f,0.4106378870572624f,-1.0461565200503253f,3.1066946755600386f,0f,0f,0f,1f], start_interpolation: 0, interpolation_duration: 1 }
$data merge entity $(bone_neck) { transformation: [-0.9963829100671809f,0.0009377651955920227f,-0.08497186076869083f,0.6371601820474686f,-0.005068792861427097f,0.9975027540272133f,0.07044546150784053f,-0.4587315676886003f,0.0848257264335755f,0.07062135869949425f,-0.9938899435201332f,2.18171103961493f,0f,0f,0f,1f], start_interpolation: 0, interpolation_duration: 1 }
$data merge entity $(bone_right_arm2) { transformation: [-0.9953288720451361f,-0.011123746074957284f,-0.09589941994932424f,-0.697445490791344f,-0.01259611834194113f,0.9998116987670915f,0.014761599208030256f,-1.916048347237969f,0.09571715768906217f,0.01590060633191633f,-0.9952815664133464f,2.4770803035377633f,0f,0f,0f,1f], start_interpolation: 0, interpolation_duration: 1 }
$data merge entity $(bone_right_arm1) { transformation: [-1.1301129901345814f,-0.012630086689274414f,-0.10888579973412855f,-0.4669359862157808f,-0.014301842700745656f,1.1352028663084683f,0.016760565767451018f,-0.589710606168784f,0.10867885612612266f,0.01805381343936333f,-1.1300592785318202f,1.783782160661396f,0f,0f,0f,1f], start_interpolation: 0, interpolation_duration: 1 }
$data merge entity $(bone_left_arm2) { transformation: [-0.9953288720451361f,-0.011123746074957284f,-0.09589941994932424f,1.0443800352876442f,-0.01259611834194113f,0.9998116987670915f,0.014761599208030256f,-1.8940051401395719f,0.09571715768906217f,0.01590060633191633f,-0.9952815664133464f,2.3095752775819047f,0f,0f,0f,1f], start_interpolation: 0, interpolation_duration: 1 }
$data merge entity $(bone_left_arm1) { transformation: [-1.1301129901345814f,-0.012630086689274414f,-0.10888579973412855f,0.6528089948349972f,-0.014301842700745656f,1.1352028663084683f,0.016760565767451018f,-0.5755399730341003f,0.10867885612612266f,0.01805381343936333f,-1.1300592785318202f,1.676100358261201f,0f,0f,0f,1f], start_interpolation: 0, interpolation_duration: 1 }
$data merge entity $(bone_body2) { transformation: [-1.5759373807381323f,-0.0176125979520157f,-0.15184074825309674f,0.4999999999999999f,-0.01994385404140679f,1.5830351897145618f,0.023372532079381243f,-0.5f,0.15155216634101512f,0.02517596002553419f,-1.5758624801544654f,0.75f,0f,0f,0f,1f], start_interpolation: 0, interpolation_duration: 1 }
$data merge entity $(bone_right_leg2) { transformation: [-1f,5.771582362551512e-17f,1.080114879531201e-16f,-1f,0f,0.8819807313285912f,-0.4712854650475477f,-2.5419567091505044f,-1.2246467991473532e-16f,-0.4712854650475477f,-0.8819807313285912f,0.27034312235496427f,0f,0f,0f,1f], start_interpolation: 0, interpolation_duration: 1 }
$data merge entity $(bone_right_leg1) { transformation: [-1.3333333333333333f,7.629145933927122e-17f,1.443676188350252e-16f,-0.625f,0f,1.1788510690228364f,-0.6229670415371052f,-1.125f,-1.6328623988631375e-16f,-0.6229670415371052f,-1.1788510690228364f,-0.12500000000000008f,0f,0f,0f,1f], start_interpolation: 0, interpolation_duration: 1 }
$data merge entity $(bone_left_leg2) { transformation: [-1f,-5.518938789352553e-17f,1.0932396485014873e-16f,1f,0f,0.8926979185040481f,0.4506555517227541f,-2.3128160299449174f,-1.2246467991473532e-16f,0.4506555517227541f,-0.8926979185040481f,-0.9928453658376559f,0f,0f,0f,1f], start_interpolation: 0, interpolation_duration: 1 }
$data merge entity $(bone_left_leg1) { transformation: [-1.3333333333333333f,-6.612261907717173e-17f,1.492990133342684e-16f,0.625f,0f,1.219118960978922f,0.5399321594047268f,-1.125f,-1.6328623988631375e-16f,0.5399321594047268f,-1.219118960978922f,-0.12499999999999993f,0f,0f,0f,1f], start_interpolation: 0, interpolation_duration: 1 }
$data merge entity $(bone_tail3) { transformation: [-0.9156319668526796f,0.08412580987034433f,-0.3931169665521347f,-1.0297125267349205f,0.02270611388514992f,0.9871211764706299f,0.15835471371409837f,-0.7609551331647557f,0.40137580105149356f,0.13606847936571545f,-0.9057498745533304f,-4.039595536193945f,0f,0f,0f,1f], start_interpolation: 0, interpolation_duration: 1 }
$data merge entity $(bone_tail2) { transformation: [-1.4115992822312142f,0.0022972541872521802f,-0.6197727810565987f,-0.34041636456788094f,0.03500525890627279f,1.539490659979896f,-0.07402196157005562f,-0.8493237287817299f,0.6187876932877192f,-0.0818495056122707f,-1.4096590226639212f,-2.150722051248361f,0f,0f,0f,1f], start_interpolation: 0, interpolation_duration: 1 }
$data merge entity $(bone_tail1) { transformation: [-0.992297180453036f,-0.009843395258328261f,-0.12348851458634943f,1.1102230246251565e-16f,0f,0.9968381363173119f,-0.07945898302538387f,-0.75f,0.12388020691359342f,-0.07884692481775407f,-0.9891596720357279f,-0.9375f,0f,0f,0f,1f], start_interpolation: 0, interpolation_duration: 1 }
data modify entity @s data merge value {"locators":{"hitbox_head":{"posx":0.23955647793441348,"posy":-0.15395884368802648,"posz":3.1691615494310943,"roty":356.5304120209298,"rotx":21.31051982754075},"hitbox_neck":{"posx":0.14923854766161748,"posy":-0.844135179567999,"posz":2.321877136259424,"roty":355.1134237817605,"rotx":4.039573446384233},"hitbox_right_arm":{"posx":-0.7005800892445456,"posy":-2.924028103005447,"posz":2.9648028027680864,"roty":354.49630932907166,"rotx":0.845808052987847},"hitbox_left_arm":{"posx":1.1656615458400847,"posy":-2.900410381114307,"posz":2.785333132101095,"roty":354.49630932907166,"rotx":0.845808052987847},"hitbox_tail1":{"posx":-0.5034651109492533,"posy":-1.6341131888428886,"posz":-2.7897070742969285,"roty":336.2667570381109,"rotx":-2.752071729064028},"hitbox_tail2":{"posx":-1.3612559458753233,"posy":-1.9674771508182771,"posz":-4.727669719797694,"roty":336.5380109025292,"rotx":9.111410810644282}},"cameras":{}}