# This file was generated by Animated Java via MC-Build. It is not recommended to edit this file directly.
$data merge entity $(bone_jaw) { transformation: [-0.9981115854332047f,-0.008437024419481836f,-0.06084471746141882f,0.22057546184893367f,-0.0389653617551775f,0.8526919363304322f,0.520958887341743f,0.4903834693394184f,0.047486457093606896f,0.522345937416961f,-0.8514104521655188f,3.3141997731128416f,0f,0f,0f,1f], start_interpolation: 0, interpolation_duration: 1 }
$data merge entity $(bone_head) { transformation: [-1.1228755336123553f,-0.02315825046088729f,-0.06510938066330817f,0.20610671059042074f,-0.04383603197457469f,1.0580972873517709f,0.3796492233622353f,0.5747499634199151f,0.053422264230307756f,0.3814692988097668f,-1.0570015306280742f,3.0793105440843807f,0f,0f,0f,1f], start_interpolation: 0, interpolation_duration: 1 }
$data merge entity $(bone_neck) { transformation: [-0.9962580158159805f,0.0005935476224587528f,-0.08642692649646741f,0.6333831963711688f,-0.003119111370152353f,0.9990781132075487f,0.04281582480702023f,-0.45042311852232514f,0.08637266388543596f,0.04292518387688906f,-0.9953377273681876f,2.1818043007858154f,0f,0f,0f,1f], start_interpolation: 0, interpolation_duration: 1 }
$data merge entity $(bone_right_arm2) { transformation: [-0.9956352271856341f,-0.006782944100753666f,-0.0930832211321503f,-0.7084116549019666f,-0.007652408389814375f,0.9999303351121139f,0.008986966585622428f,-1.900030093016788f,0.09301577840800042f,0.009660051340528504f,-0.995617772227501f,2.482493004587463f,0f,0f,0f,1f], start_interpolation: 0, interpolation_duration: 1 }
$data merge entity $(bone_right_arm1) { transformation: [-1.1304608308670219f,-0.007701467781064057f,-0.1056882406604623f,-0.47017297506704847f,-0.00868867202593507f,1.1353375679918791f,0.010203951644092131f,-0.579051611032706f,0.10561166506741713f,0.010968183292891738f,-1.1304410122166417f,1.7816171728129997f,0f,0f,0f,1f], start_interpolation: 0, interpolation_duration: 1 }
$data merge entity $(bone_left_arm2) { transformation: [-0.9956352271856341f,-0.006782944100753666f,-0.0930832211321503f,1.0339499926728932f,-0.007652408389814375f,0.9999303351121139f,0.008986966585622428f,-1.8866383783346128f,0.09301577840800042f,0.009660051340528504f,-0.995617772227501f,2.319715392373462f,0f,0f,0f,1f], start_interpolation: 0, interpolation_duration: 1 }
$data merge entity $(bone_left_arm1) { transformation: [-1.1304608308670219f,-0.007701467781064057f,-0.1056882406604623f,0.64991665551679f,-0.00868867202593507f,1.1353375679918791f,0.010203951644092131f,-0.5704426515941647f,0.10561166506741713f,0.010968183292891738f,-1.1304410122166417f,1.6769744221039993f,0f,0f,0f,1f], start_interpolation: 0, interpolation_duration: 1 }
$data merge entity $(bone_body2) { transformation: [-1.5764224430439209f,-0.010739661492859973f,-0.1473817667925713f,0.4999999999999999f,-0.01211631328387276f,1.5832230305941806f,0.014229363760568846f,-0.5f,0.14727498247933402f,0.015295081289170133f,-1.5763948060268769f,0.75f,0f,0f,0f,1f], start_interpolation: 0, interpolation_duration: 1 }
$data merge entity $(bone_right_leg2) { transformation: [-1f,6.32308418013823e-17f,1.048783031503997e-16f,-1f,0f,0.8563963358530808f,-0.5163190059812026f,-2.5187392817924845f,-1.2246467991473532e-16f,-0.5163190059812026f,-0.8563963358530808f,0.3456945021864706f,0f,0f,0f,1f], start_interpolation: 0, interpolation_duration: 1 }
$data merge entity $(bone_right_leg1) { transformation: [-1.3333333333333333f,8.391696022134527e-17f,1.400726237471832e-16f,-0.625f,0f,1.1437797726226633f,-0.6852339815836822f,-1.125f,-1.6328623988631375e-16f,-0.6852339815836822f,-1.1437797726226633f,-0.12500000000000008f,0f,0f,0f,1f], start_interpolation: 0, interpolation_duration: 1 }
$data merge entity $(bone_left_leg2) { transformation: [-1f,-5.801291022068794e-17f,1.0785221404470553e-16f,1f,0f,0.8806801611680727f,0.4737113611947444f,-2.2717824327308027f,-1.2246467991473532e-16f,0.4737113611947444f,-0.8806801611680727f,-1.0463862121716505f,0f,0f,0f,1f], start_interpolation: 0, interpolation_duration: 1 }
$data merge entity $(bone_left_leg1) { transformation: [-1.3333333333333333f,-7.289744157505813e-17f,1.4611077697425946e-16f,0.625f,0f,1.193085035423989f,0.5952527832989247f,-1.125f,-1.6328623988631375e-16f,0.5952527832989247f,-1.193085035423989f,-0.12499999999999993f,0f,0f,0f,1f], start_interpolation: 0, interpolation_duration: 1 }
$data merge entity $(bone_tail3) { transformation: [-0.9106372185792652f,0.08149648840254985f,-0.40509033377294107f,-1.0575386046944024f,0.014190709732681307f,0.9859472109753636f,0.16645335961519192f,-0.6828370515375719f,0.4129630490679553f,0.14583010508106575f,-0.8989967188797425f,-4.0299822615293515f,0f,0f,0f,1f], start_interpolation: 0, interpolation_duration: 1 }
$data merge entity $(bone_tail2) { transformation: [-1.4038990453097002f,0.0014173806948398861f,-0.6370255667723147f,-0.3451290950723693f,0.021877344171217013f,1.54086071387423f,-0.04478563790014696f,-0.8103649045298241f,0.6366513673130977f,-0.04982331364005065f,-1.403185228338511f,-2.1519538838653496f,0f,0f,0f,1f], start_interpolation: 0, interpolation_duration: 1 }
$data merge entity $(bone_tail1) { transformation: [-0.9918416871014265f,-0.006156049351424055f,-0.12732702299268153f,1.1102230246251565e-16f,0f,0.9988332644203973f,-0.04829192362385934f,-0.75f,0.12747575348981474f,-0.04789794300046188f,-0.9906844701157521f,-0.9375f,0f,0f,0f,1f], start_interpolation: 0, interpolation_duration: 1 }
data modify entity @s data merge value {"locators":{"hitbox_head":{"posx":0.23705834436405482,"posy":-0.11853998048724523,"posz":3.1609946921423084,"roty":356.475137382011,"rotx":19.722562648623757},"hitbox_neck":{"posx":0.14583497391681494,"posy":-0.8319889447611095,"posz":2.3333109046957237,"roty":355.0373540328505,"rotx":2.453916198697012},"hitbox_right_arm":{"posx":-0.7173143019342398,"posy":-2.9049321869460765,"posz":2.976455325511185,"roty":354.6587760938555,"rotx":0.5149221874704076},"hitbox_left_arm":{"posx":1.1495017490388242,"posy":-2.8905839212151747,"posz":2.802050740996184,"roty":354.6587760938555,"rotx":0.5149221874704076},"hitbox_tail1":{"posx":-0.5160679482702398,"posy":-1.5817186317623166,"posz":-2.805080660189777,"roty":335.5826463078066,"rotx":-1.6646848138949197},"hitbox_tail2":{"posx":-1.3923660584700284,"posy":-1.8832627511591913,"posz":-4.727069928818105,"roty":335.74354497872196,"rotx":9.581673494988948}},"cameras":{}}