# This file was generated by Animated Java via MC-Build. It is not recommended to edit this file directly.
$data merge entity $(bone_jaw) { transformation: [-0.9984483787657341f,-0.01716810236105345f,-0.052972551395960736f,0.18115414201060748f,-0.035801688393453934f,0.9265261570432047f,0.3745230559297102f,0.6098181840218655f,0.042650604312897335f,0.3758384447818919f,-0.925703186434871f,3.227175891058954f,0f,0f,0f,1f], start_interpolation: 0, interpolation_duration: 1 }
$data merge entity $(bone_head) { transformation: [-1.1232544261114508f,-0.026630941390514976f,-0.05670350237587007f,0.16855336370485857f,-0.040276899442635676f,1.0869304580989034f,0.2873759743405763f,0.6736795116531047f,0.047981929852009504f,0.28896015679945003f,-1.0861973863852343f,2.9857986940844574f,0f,0f,0f,1f], start_interpolation: 0, interpolation_duration: 1 }
$data merge entity $(bone_neck) { transformation: [-0.9969223994585148f,-0.00012172691636098314f,-0.07839460849086155f,0.6034482788839245f,0.0032544766800941495f,0.9990724561686046f,-0.042937579190847314f,-0.4243489944586483f,0.07832712071445211f,-0.04306056789905811f,-0.9959973140791065f,2.1831391694307065f,0f,0f,0f,1f], start_interpolation: 0, interpolation_duration: 1 }
$data merge entity $(bone_right_arm2) { transformation: [-0.9974046133487132f,0.006990803708368851f,-0.07166007210584457f,-0.7645960812814905f,0.007666007813729345f,0.9999287375123487f,-0.009151623963012103f,-1.8494898643957067f,0.07159098822410281f,-0.00967721863303672f,-0.9973871273706237f,2.48249786640583f,0f,0f,0f,1f], start_interpolation: 0, interpolation_duration: 1 }
$data merge entity $(bone_right_arm1) { transformation: [-1.1324698214063513f,0.007937475043877132f,-0.08136404020351101f,-0.4929980093155516f,0.008704113038505193f,1.1353357540504792f,-0.010390906374669991f,-0.5457707653271106f,0.08128560121278339f,-0.010987675322927107f,-1.1324499675353956f,1.7617206830626337f,0f,0f,0f,1f], start_interpolation: 0, interpolation_duration: 1 }
$data merge entity $(bone_left_arm2) { transformation: [-0.9974046133487132f,0.006990803708368851f,-0.07166007210584457f,0.9808619920787576f,0.007666007813729345f,0.9999287375123487f,-0.009151623963012103f,-1.8629053780697333f,0.07159098822410281f,-0.00967721863303672f,-0.9973871273706237f,2.3572136370136505f,0f,0f,0f,1f], start_interpolation: 0, interpolation_duration: 1 }
$data merge entity $(bone_left_arm1) { transformation: [-1.1324698214063513f,0.007937475043877132f,-0.08136404020351101f,0.6290821807017507f,0.008704113038505193f,1.1353357540504792f,-0.010390906374669991f,-0.554395024117556f,0.08128560121278339f,-0.010987675322927107f,-1.1324499675353956f,1.6811808213105182f,0f,0f,0f,1f], start_interpolation: 0, interpolation_duration: 1 }
$data merge entity $(bone_body2) { transformation: [-1.5792239711354628f,0.011068772538250681f,-0.11346178083425391f,0.4999999999999999f,0.012137845705071464f,1.5832205010612188f,-0.014490071274769166f,-0.5f,0.11335239802149613f,-0.015322262835641474f,-1.5791962850034877f,0.75f,0f,0f,0f,1f], start_interpolation: 0, interpolation_duration: 1 }
$data merge entity $(bone_right_leg2) { transformation: [-1f,7.026358342972908e-17f,1.00302675289506e-16f,-1f,0f,0.8190334989593785f,-0.573745699402059f,-2.4800624768545836f,-1.2246467991473532e-16f,-0.573745699402059f,-0.8190334989593785f,0.4475977504502796f,0f,0f,0f,1f], start_interpolation: 0, interpolation_duration: 1 }
$data merge entity $(bone_right_leg1) { transformation: [-1.3333333333333333f,9.405787601345916e-17f,1.3347476201907064e-16f,-0.625f,0f,1.0899041430721166f,-0.7680408431144876f,-1.125f,-1.6328623988631375e-16f,-0.7680408431144876f,-1.0899041430721166f,-0.12500000000000008f,0f,0f,0f,1f], start_interpolation: 0, interpolation_duration: 1 }
$data merge entity $(bone_left_leg2) { transformation: [-1f,-5.820865689485168e-17f,1.0774669409831566e-16f,1.0000000000000002f,0f,0.879818525417558f,0.47530975408892445f,-2.2112490626992347f,-1.2246467991473532e-16f,0.47530975408892445f,-0.879818525417558f,-1.1170309842867983f,0f,0f,0f,1f], start_interpolation: 0, interpolation_duration: 1 }
$data merge entity $(bone_left_leg1) { transformation: [-1.3333333333333333f,-8.198722276337845e-17f,1.4121080496817147e-16f,0.625f,0f,1.153073727596299f,0.6694764794262407f,-1.125f,-1.6328623988631375e-16f,0.6694764794262407f,-1.153073727596299f,-0.12499999999999993f,0f,0f,0f,1f], start_interpolation: 0, interpolation_duration: 1 }
$data merge entity $(bone_tail3) { transformation: [-0.9219013594879057f,0.04982807410208245f,-0.3842070358616932f,-0.9946384007213702f,-0.01327864679897056f,0.9870482830108779f,0.15987296376956897f,-0.44193103458389094f,0.38719705695361273f,0.15248885217141317f,-0.9092995045912571f,-4.040062067962655f,0f,0f,0f,1f], start_interpolation: 0, interpolation_duration: 1 }
$data merge entity $(bone_tail2) { transformation: [-1.421264595877188f,-0.0013605668064037703f,-0.5972781667490696f,-0.3348632448577865f,-0.020471247148412943f,1.5408678568046912f,0.045202732410962086f,-0.6896350954701755f,0.5969287961368196f,0.04960350627923149f,-1.4205462384655292f,-2.154824498868079f,0f,0f,0f,1f], start_interpolation: 0, interpolation_duration: 1 }
$data merge entity $(bone_tail1) { transformation: [-0.9928826045698137f,0.0057514309591200205f,-0.11895820520075726f,1.1102230246251565e-16f,0f,0.9988332644203973f,0.0482919236238596f,-0.75f,0.11909716009486959f,0.04794821090734423f,-0.9917241731086934f,-0.9375f,0f,0f,0f,1f], start_interpolation: 0, interpolation_duration: 1 }
data modify entity @s data merge value {"locators":{"hitbox_head":{"posx":0.1990993040262197,"posy":-0.009997402385335086,"posz":3.1269867698584393,"roty":357.01166203702826,"rotx":14.799973485590833},"hitbox_neck":{"posx":0.11483205280966013,"posy":-0.792006729782972,"posz":2.3629501070099677,"roty":355.49954720554854,"rotx":-2.460898632277796},"hitbox_right_arm":{"posx":-0.7980946372712316,"posy":-2.844363664438191,"posz":2.995343085488185,"roty":355.89048576288576,"rotx":-0.5243567482854676},"hitbox_left_arm":{"posx":1.0720390127576056,"posy":-2.858737429088934,"posz":2.8611099825679926,"roty":355.89048576288576,"rotx":-0.5243567482854676},"hitbox_tail1":{"posx":-0.48531745462029513,"posy":-1.4174286791528332,"posz":-2.86084240254694,"roty":337.19535520545435,"rotx":1.6801926666247766},"hitbox_tail2":{"posx":-1.2761542056525559,"posy":-1.6475033639152856,"posz":-4.751684657770217,"roty":337.0944454020218,"rotx":9.199522663956687}},"cameras":{}}