# This file was generated by Animated Java via MC-Build. It is not recommended to edit this file directly.
$data merge entity $(bone_jaw) { transformation: [-0.9986117252303541f,-0.019209801907947032f,-0.049046974861993706f,0.17032303970030832f,-0.035623537168593955f,0.9321938791063036f,0.3602020757246412f,0.6156348362401995f,0.038801879233529575f,0.3614492430029419f,-0.931584058955791f,3.2214261998240064f,0f,0f,0f,1f], start_interpolation: 0, interpolation_duration: 1 }
$data merge entity $(bone_head) { transformation: [-1.1234381908841484f,-0.027775535555965427f,-0.05234645057242114f,0.15869049512865918f,-0.0400764793146682f,1.0881588834258809f,0.28271738578849626f,0.6784609219709765f,0.04365211413772077f,0.2841896621024764f,-1.08763768272591f,2.9797289369960263f,0f,0f,0f,1f], start_interpolation: 0, interpolation_duration: 1 }
$data merge entity $(bone_neck) { transformation: [-0.9972282612242142f,0.00006301739006516491f,-0.074402896748305f,0.5967853161558242f,0.003585193655129167f,0.9988787117897556f,-0.047206625802884726f,-0.42299568959804706f,0.07431649481902121f,-0.0473425301610181f,-0.9961103068615279f,2.183532503557606f,0f,0f,0f,1f], start_interpolation: 0, interpolation_duration: 1 }
$data merge entity $(bone_right_arm2) { transformation: [-0.9977235121447278f,0.007730137599051776f,-0.0669928226475712f,-0.7736354315953938f,0.008424854859470268f,0.9999135656530067f,-0.010093713077314801f,-1.846894693590476f,0.06690900637571942f,-0.01063513966951171f,-0.9977023998517914f,2.4778896005713538f,0f,0f,0f,1f], start_interpolation: 0, interpolation_duration: 1 }
$data merge entity $(bone_right_arm1) { transformation: [-1.1328319044143262f,0.008776927065590035f,-0.07606476738109645f,-0.49775859402161615f,0.009565720621690199f,1.1353185276685178f,-0.011460570056534513f,-0.5440803335551432f,0.07596960098909808f,-0.012075314833091419f,-1.1328079331650547f,1.7571015153646008f,0f,0f,0f,1f], start_interpolation: 0, interpolation_duration: 1 }
$data merge entity $(bone_left_arm2) { transformation: [-0.9977235121447278f,0.007730137599051776f,-0.0669928226475712f,0.9723807146578798f,0.008424854859470268f,0.9999135656530067f,-0.010093713077314801f,-1.8616381895945486f,0.06690900637571942f,-0.01063513966951171f,-0.9977023998517914f,2.360798839413845f,0f,0f,0f,1f], start_interpolation: 0, interpolation_duration: 1 }
$data merge entity $(bone_left_arm1) { transformation: [-1.1328319044143262f,0.008776927065590035f,-0.07606476738109645f,0.6246803571412026f,0.009565720621690199f,1.1353185276685178f,-0.011460570056534513f,-0.5535582952720471f,0.07596960098909808f,-0.012075314833091419f,-1.1328079331650547f,1.6818288831919164f,0f,0f,0f,1f], start_interpolation: 0, interpolation_duration: 1 }
$data merge entity $(bone_body2) { transformation: [-1.5797288942291525f,0.01223938453183198f,-0.10607196919198775f,0.4999999999999999f,0.013339353527494593f,1.5831964789505941f,-0.015981712372415104f,-0.5f,0.10593926009488909f,-0.01683897114339354f,-1.5796954664320033f,0.75f,0f,0f,0f,1f], start_interpolation: 0, interpolation_duration: 1 }
$data merge entity $(bone_right_leg2) { transformation: [-1f,6.803481502169518e-17f,1.0182760810105624e-16f,-1f,0f,0.8314855203308626f,-0.555546424234838f,-2.4922093623117334f,-1.2246467991473532e-16f,-0.555546424234838f,-0.8314855203308626f,0.41795585419732106f,0f,0f,0f,1f], start_interpolation: 0, interpolation_duration: 1 }
$data merge entity $(bone_right_leg1) { transformation: [-1.3333333333333333f,9.11291967144407e-17f,1.3549120134677222e-16f,-0.625f,0f,1.106369619723062f,-0.7441263618039781f,-1.125f,-1.6328623988631375e-16f,-0.7441263618039781f,-1.106369619723062f,-0.12500000000000008f,0f,0f,0f,1f], start_interpolation: 0, interpolation_duration: 1 }
$data merge entity $(bone_left_leg2) { transformation: [-1f,-5.585608458748416e-17f,1.0898484133664825e-16f,1.0000000000000002f,0f,0.8899287648694115f,0.45609954336526526f,-2.229588558167282f,-1.2246467991473532e-16f,0.45609954336526526f,-0.8899287648694115f,-1.0965691520246643f,0f,0f,0f,1f], start_interpolation: 0, interpolation_duration: 1 }
$data merge entity $(bone_left_leg1) { transformation: [-1.3333333333333333f,-7.933540886414036e-17f,1.4271751482060806e-16f,0.625f,0f,1.1653769472142788f,0.6478227756719468f,-1.125f,-1.6328623988631375e-16f,0.6478227756719468f,-1.1653769472142788f,-0.12499999999999993f,0f,0f,0f,1f], start_interpolation: 0, interpolation_duration: 1 }
$data merge entity $(bone_tail3) { transformation: [-0.9293053515992542f,0.04352628297677422f,-0.3667383620228628f,-0.9503175467793434f,-0.013887709593026694f,0.9882095048975782f,0.15247657509382642f,-0.42975390469286745f,0.36905107371642526f,0.14679045309661426f,-0.9177439010249233f,-4.053472231742038f,0f,0f,0f,1f], start_interpolation: 0, interpolation_duration: 1 }
$data merge entity $(bone_tail2) { transformation: [-1.4326790837155168f,-0.0014466893738225247f,-0.5693546006532606f,-0.32768258239036613f,-0.02141021895591615f,1.5407081800545663f,0.04996015961059618f,-0.6836864757312976f,0.5689537386461555f,0.05433527504220613f,-1.4318084481793507f,-2.1564679617188656f,0f,0f,0f,1f], start_interpolation: 0, interpolation_duration: 1 }
$data merge entity $(bone_tail1) { transformation: [-0.9935641355205953f,0.006009116828932744f,-0.1131114455842037f,1.1102230246251565e-16f,0f,0.9985918137854932f,0.05305081941496189f,-0.75f,0.11327095217756421f,0.05270939153068583f,-0.9921650122017268f,-0.9375f,0f,0f,0f,1f], start_interpolation: 0, interpolation_duration: 1 }
data modify entity @s data merge value {"locators":{"hitbox_head":{"posx":0.18866202892986805,"posy":-0.004604398206872973,"posz":3.1239673699185144,"roty":357.2445620582711,"rotx":14.554709903605048},"hitbox_neck":{"posx":0.10744791611598081,"posy":-0.7898817814662802,"posz":2.3629579881351894,"roty":355.7283139130683,"rotx":-2.7057460024183593},"hitbox_right_arm":{"posx":-0.8102268773797054,"posy":-2.841234849276108,"posz":2.9915577530652437,"roty":356.1585210487749,"rotx":-0.5783369796849395},"hitbox_left_arm":{"posx":1.0605047078916592,"posy":-2.8570314521376146,"posz":2.86610336611077,"roty":356.1585210487749,"rotx":-0.5783369796849395},"hitbox_tail1":{"posx":-0.4647169945769457,"posy":-1.4092046906107467,"posz":-2.867541895817716,"roty":338.3148970414953,"rotx":1.857085981144897},"hitbox_tail2":{"posx":-1.21373612182422,"posy":-1.6410108063806614,"posz":-4.762365645757864,"roty":338.21792515476415,"rotx":8.770475089650365}},"cameras":{}}