# This file was generated by Animated Java via MC-Build. It is not recommended to edit this file directly.
$data merge entity $(bone_jaw) { transformation: [-0.9990812947087191f,-0.025663899751556533f,-0.03432099667392538f,0.13315565492337192f,-0.0355718535592159f,0.9432522055383775f,0.3301665034211498f,0.6174859434241554f,0.023899995763833108f,0.3310840391751443f,-0.9432985472298578f,3.2148837492935605f,0f,0f,0f,1f], start_interpolation: 0, interpolation_duration: 1 }
$data merge entity $(bone_head) { transformation: [-1.123966456547309f,-0.032001524803812215f,-0.03605976936583384f,0.12514237284207552f,-0.04001833525411789f,1.0885181717668413f,0.2813391593377329f,0.6800057566103183f,0.026887495234312248f,0.28236340439866536f,-1.0886564979167765f,2.9729600830898324f,0f,0f,0f,1f], start_interpolation: 0, interpolation_duration: 1 }
$data merge entity $(bone_neck) { transformation: [-0.9982285637822674f,0.0007928442166446749f,-0.05949038449396503f,0.5750783203516777f,0.0036818423969442187f,0.9988179227399043f,-0.04846855939788752f,-0.4224599120100857f,0.05938163424625266f,-0.048601734656189166f,-0.9970514996240935f,2.184804265594331f,0f,0f,0f,1f], start_interpolation: 0, interpolation_duration: 1 }
$data merge entity $(bone_right_arm2) { transformation: [-0.9986207853973409f,0.008080674235870727f,-0.05187706310395541f,-0.7999142794517385f,0.008634819829654215f,0.9999079400890164f,-0.010466672510852735f,-1.8459921975264872f,0.05178770953525023f,-0.010900185816478771f,-0.9985986276228597f,2.458918625995774f,0f,0f,0f,1f], start_interpolation: 0, interpolation_duration: 1 }
$data merge entity $(bone_right_arm1) { transformation: [-1.1338506834198974f,0.009174932205311553f,-0.05890208206594936f,-0.5129048799644585f,0.009804118348253222f,1.135312140309404f,-0.01188403441336404f,-0.5435072447076315f,0.05880062853481535f,-0.012376252645793603f,-1.133825525113455f,1.7418919163911641f,0f,0f,0f,1f], start_interpolation: 0, interpolation_duration: 1 }
$data merge entity $(bone_left_arm2) { transformation: [-0.9986207853973409f,0.008080674235870727f,-0.05187706310395541f,0.947672094993608f,0.008634819829654215f,0.9999079400890164f,-0.010466672510852735f,-1.861103132228382f,0.05178770953525023f,-0.010900185816478771f,-0.9985986276228597f,2.3682901343090865f,0f,0f,0f,1f], start_interpolation: 0, interpolation_duration: 1 }
$data merge entity $(bone_left_arm1) { transformation: [-1.1338506834198974f,0.009174932205311553f,-0.05890208206594936f,0.6105435036075499f,0.009804118348253222f,1.135312140309404f,-0.01188403441336404f,-0.5532214170159925f,0.05880062853481535f,-0.012376252645793603f,-1.133825525113455f,1.6836307431640076f,0f,0f,0f,1f], start_interpolation: 0, interpolation_duration: 1 }
$data merge entity $(bone_body2) { transformation: [-1.5811495768791233f,0.012794400873461986f,-0.0821386832479294f,0.4999999999999999f,0.013671798063619175f,1.5831875718076094f,-0.01657223147551683f,-0.5f,0.08199720676414621f,-0.017258627542758056f,-1.5811144937361947f,0.75f,0f,0f,0f,1f], start_interpolation: 0, interpolation_duration: 1 }
$data merge entity $(bone_right_leg2) { transformation: [-1f,5.718833000231006e-17f,1.0829170207437623e-16f,-1f,0f,0.8842688532707809f,-0.4669781527386247f,-2.540819395569671f,-1.2246467991473532e-16f,-0.4669781527386247f,-0.8842688532707809f,0.27439696935346336f,0f,0f,0f,1f], start_interpolation: 0, interpolation_duration: 1 }
$data merge entity $(bone_right_leg1) { transformation: [-1.3333333333333333f,7.670434086067585e-17f,1.4414867404641658e-16f,-0.625f,0f,1.1770632491488853f,-0.6263384750123904f,-1.125f,-1.6328623988631375e-16f,-0.6263384750123904f,-1.1770632491488853f,-0.12500000000000008f,0f,0f,0f,1f], start_interpolation: 0, interpolation_duration: 1 }
$data merge entity $(bone_left_leg2) { transformation: [-1f,-4.592950009728847e-17f,1.135256748380372e-16f,1f,0f,0.9270074842565073f,0.375042829730714f,-2.3110106822004597f,-1.2246467991473532e-16f,0.375042829730714f,-0.9270074842565073f,-0.9953109569035654f,0f,0f,0f,1f], start_interpolation: 0, interpolation_duration: 1 }
$data merge entity $(bone_left_leg1) { transformation: [-1.3333333333333333f,-6.643261692243211e-17f,1.491613339476695e-16f,0.625f,0f,1.2179947234706483f,0.5424634839096879f,-1.125f,-1.6328623988631375e-16f,0.5424634839096879f,-1.2179947234706483f,-0.12499999999999993f,0f,0f,0f,1f], start_interpolation: 0, interpolation_duration: 1 }
$data merge entity $(bone_tail3) { transformation: [-0.9542686718320661f,0.026073467266846714f,-0.2978111419415823f,-0.7790476645464615f,-0.01146121994442293f,0.9922661643071125f,0.12359813756135762f,-0.4255726407192887f,0.2987305514962442f,0.12135910957128596f,-0.9465896809741876f,-4.101396840292565f,0f,0f,0f,1f], start_interpolation: 0, interpolation_duration: 1 }
$data merge entity $(bone_tail2) { transformation: [-1.4711642024077685f,-0.0012588128075317567f,-0.4608800451910899f,-0.3002797126658424f,-0.017669380747652015f,1.5406815699709744f,0.052193908139540585f,-0.6820965001195668f,0.4605429335567098f,0.05508925896397491f,-1.4702385830228f,-2.16341902622698f,0f,0f,0f,1f], start_interpolation: 0, interpolation_duration: 1 }
$data merge entity $(bone_tail1) { transformation: [-0.9958527012051857f,0.004942299411910268f,-0.09084586495189617f,1.1102230246251565e-16f,0f,0.9985234265707301f,0.054322799904346554f,-0.75f,0.09098020390356973f,0.054097507021772316f,-0.9943822515671195f,-0.9375f,0f,0f,0f,1f], start_interpolation: 0, interpolation_duration: 1 }
data modify entity @s data merge value {"locators":{"hitbox_head":{"posx":0.15293760033470283,"posy":-0.002876327520630495,"posz":3.118496107845234,"roty":358.1028749638798,"rotx":14.482202002917829},"hitbox_neck":{"posx":0.08310301994104785,"posy":-0.7891171419143418,"posz":2.35735217066654,"roty":356.58542042780334,"rotx":-2.7781323494537378},"hitbox_right_arm":{"posx":-0.8444702212229653,"posy":-2.840127125120724,"posz":2.972354857469636,"roty":357.0261653621004,"rotx":-0.599707110532964},"hitbox_left_arm":{"posx":1.0279437513970489,"posy":-2.8563174123013253,"posz":2.875252902091042,"roty":357.0261653621004,"rotx":-0.599707110532964},"hitbox_tail1":{"posx":-0.38591132098730474,"posy":-1.4069089496582738,"posz":-2.8832074608728684,"roty":342.59520242706793,"rotx":1.9401484726479619},"hitbox_tail2":{"posx":-0.9807878576763378,"posy":-1.6583980289941103,"posz":-4.793137367152858,"roty":342.5356519443547,"rotx":7.099807200772162}},"cameras":{}}