# This file was generated by Animated Java via MC-Build. It is not recommended to edit this file directly.
$data merge entity $(bone_jaw) { transformation: [-0.9993432686766691f,-0.034425832904561623f,-0.011308995510558853f,0.07849093509466025f,-0.03623577030805569f,0.9492775578787878f,0.3123445006044876f,0.5958207171980352f,-0.000017343946143347222f,0.31254916435100594f,-0.9499015841457868f,3.2223699226855516f,0f,0f,0f,1f], start_interpolation: 0, interpolation_duration: 1 }
$data merge entity $(bone_head) { transformation: [-1.1242611772612527f,-0.03930432189241192f,-0.010815525124540672f,0.07608748506698454f,-0.040765241596562654f,1.0838274837764361f,0.2987995657433475f,0.6622206206965568f,-0.000019511939411265625f,0.29899524359330004f,-1.0845399226989605f,2.9813610509746713f,0f,0f,0f,1f], start_interpolation: 0, interpolation_duration: 1 }
$data merge entity $(bone_neck) { transformation: [-0.9993451699801481f,0.0012683142888107249f,-0.03616106492090183f,0.5450316208769644f,0.0024424982966100243f,0.9994705286129661f,-0.032445286810089714f,-0.42729986063622255f,0.03610076785083574f,-0.032512364001756666f,-0.9988191431623632f,2.1863144999817f,0f,0f,0f,1f], start_interpolation: 0, interpolation_duration: 1 }
$data merge entity $(bone_right_arm2) { transformation: [-0.9995013837458011f,0.005538269869245594f,-0.031085550615747286f,-0.8314155039700999f,0.0057615429890961615f,0.9999582137171689f,-0.007097565917533494f,-1.8554868776351081f,0.031044943430671237f,-0.007273127692014116f,-0.9994915272782267f,2.426861079620811f,0f,0f,0f,1f], start_interpolation: 0, interpolation_duration: 1 }
$data merge entity $(bone_right_arm1) { transformation: [-1.1348505294613782f,0.006288243914039268f,-0.035295052261629725f,-0.5331736583944785f,0.006541751935536266f,1.135369221824702f,-0.00805869463553282f,-0.5497217808837207f,0.035248946186907965f,-0.008258030400307693f,-1.1348393382638198f,1.7204631296991766f,0f,0f,0f,1f], start_interpolation: 0, interpolation_duration: 1 }
$data merge entity $(bone_left_arm2) { transformation: [-0.9995013837458011f,0.005538269869245594f,-0.031085550615747286f,0.917711917585052f,0.0057615429890961615f,0.9999582137171689f,-0.007097565917533494f,-1.8655695778660264f,0.031044943430671237f,-0.007273127692014116f,-0.9994915272782267f,2.372532428617136f,0f,0f,0f,1f], start_interpolation: 0, interpolation_duration: 1 }
$data merge entity $(bone_left_arm1) { transformation: [-1.1348505294613782f,0.006288243914039268f,-0.035295052261629725f,0.5912653983195477f,0.006541751935536266f,1.135369221824702f,-0.00805869463553282f,-0.556203516746454f,0.035248946186907965f,-0.008258030400307693f,-1.1348393382638198f,1.6855375683396714f,0f,0f,0f,1f], start_interpolation: 0, interpolation_duration: 1 }
$data merge entity $(bone_body2) { transformation: [-1.5825438575975186f,0.008768927292972191f,-0.04921878847493321f,0.4999999999999999f,0.009122443066068924f,1.583267171718851f,-0.011237812702761366f,-0.5f,0.049154493765229464f,-0.011515785512355685f,-1.582528251523859f,0.75f,0f,0f,0f,1f], start_interpolation: 0, interpolation_duration: 1 }
$data merge entity $(bone_right_leg2) { transformation: [-1f,3.6129822602867994e-17f,1.1701381860833306e-16f,-1f,0f,0.9554903396620366f,-0.2950223903579627f,-2.5904457909098833f,-1.2246467991473532e-16f,-0.2950223903579627f,-0.9554903396620366f,0.0035734572316803714f,0f,0f,0f,1f], start_interpolation: 0, interpolation_duration: 1 }
$data merge entity $(bone_right_leg1) { transformation: [-1.3333333333333333f,4.849975513435473e-17f,1.559171892002881e-16f,-0.625f,0f,1.2731604680536766f,-0.39603055483525657f,-1.125f,-1.6328623988631375e-16f,-0.39603055483525657f,-1.2731604680536766f,-0.12500000000000008f,0f,0f,0f,1f], start_interpolation: 0, interpolation_duration: 1 }
$data merge entity $(bone_left_leg2) { transformation: [-1f,-2.8556887202130814e-17f,1.1908863094327417e-16f,1f,0f,0.9724324680894794f,0.23318468004009993f,-2.4349276124790533f,-1.2246467991473532e-16f,0.23318468004009993f,-0.9724324680894794f,-0.794441670397748f,0f,0f,0f,1f], start_interpolation: 0, interpolation_duration: 1 }
$data merge entity $(bone_left_leg1) { transformation: [-1.3333333333333333f,-4.172356191687523e-17f,1.5786557736625006e-16f,0.625f,0f,1.2890702647993055f,0.3406987381661782f,-1.125f,-1.6328623988631375e-16f,0.3406987381661782f,-1.2890702647993055f,-0.12499999999999993f,0f,0f,0f,1f], start_interpolation: 0, interpolation_duration: 1 }
$data merge entity $(bone_tail3) { transformation: [-0.982940051121995f,0.009402080964286724f,-0.18368575550061278f,-0.5015573730161225f,-0.004678173716715328f,0.9970914539422092f,0.07607067218112151f,-0.47051635654886775f,0.18386671963943374f,0.07563222427611407f,-0.9800371401432098f,-4.15826034265073f,0f,0f,0f,1f], start_interpolation: 0, interpolation_duration: 1 }
$data merge entity $(bone_tail2) { transformation: [-1.515365912146409f,-0.0005435585060905414f,-0.28355240778371754f,-0.2565069986794569f,-0.007212184479936129f,1.5412389558419686f,0.03558899410347399f,-0.7047186152433386f,0.28346119277746035f,0.03630835510485425f,-1.5149480409076312f,-2.1743548847067613f,0f,0f,0f,1f], start_interpolation: 0, interpolation_duration: 1 }
$data merge entity $(bone_tail1) { transformation: [-0.998460188734207f,0.0020095146816877306f,-0.055436570633434594f,1.1102230246251565e-16f,0f,0.9993436553881214f,0.03622510780532917f,-0.75f,0.05547298002497884f,0.03616932797622596f,-0.997804854769156f,-0.9375f,0f,0f,0f,1f], start_interpolation: 0, interpolation_duration: 1 }
data modify entity @s data merge value {"locators":{"hitbox_head":{"posx":0.10092753198625246,"posy":-0.022905638552393137,"posz":3.116513671950327,"roty":359.42863938097764,"rotx":15.402584994976545},"hitbox_neck":{"posx":0.049403551143699154,"posy":-0.7968243988665187,"posz":2.341409413303072,"roty":357.926579687634,"rotx":-1.8593043105590745},"hitbox_right_arm":{"posx":-0.8838798350155844,"posy":-2.8515362119566916,"posz":2.9358202799163555,"roty":358.2185972917092,"rotx":-0.4066639862523065},"hitbox_left_arm":{"posx":0.9901852595077926,"posy":-2.8623391050612472,"posz":2.8776110109838466,"roty":358.2185972917092,"rotx":-0.4066639862523065},"hitbox_tail1":{"posx":-0.2598241051357402,"posy":-1.4380550003516714,"posz":-2.890586685928266,"roty":349.39862651563783,"rotx":1.3227764177237418},"hitbox_tail2":{"posx":-0.6172208417508435,"posy":-1.7364091367461365,"posz":-4.808798528343686,"roty":349.3843664303838,"rotx":4.362743061962736}},"cameras":{}}