# This file was generated by Animated Java via MC-Build. It is not recommended to edit this file directly.
$data merge entity $(bone_jaw) { transformation: [-0.9992566027599881f,-0.038551792327426f,-0.000033895585756386903f,0.05199207580058508f,-0.03667766481517975f,0.9504079671496843f,0.30883562761137157f,0.5805564784749873f,-0.01187395234422978f,0.30860728326912096f,-0.9511154262070295f,3.2288238810888514f,0f,0f,0f,1f], start_interpolation: 0, interpolation_duration: 1 }
$data merge entity $(bone_head) { transformation: [-1.1241636781049866f,-0.04334694799476468f,0.0014376818172606213f,0.05231156064886522f,-0.04126237291707722f,1.0804122517220043f,0.3108565310721976f,0.6496357076021423f,-0.013358196387258502f,0.31057271037315437f,-1.081198941065312f,2.988557449741004f,0f,0f,0f,1f], start_interpolation: 0, interpolation_duration: 1 }
$data merge entity $(bone_neck) { transformation: [-0.9996943722895915f,0.001068733320838013f,-0.024698579343938893f,0.5309556219233202f,0.0015958916386328965f,0.9997711343341008f,-0.0213338248371664f,-0.4307528011273539f,0.02467012651766618f,-0.021366720885388265f,-0.9994672821539523f,2.1868573606728097f,0f,0f,0f,1f], start_interpolation: 0, interpolation_duration: 1 }
$data merge entity $(bone_right_arm2) { transformation: [-0.9997647675480894f,0.00368082076855758f,-0.021374310000198588f,-0.845004430185067f,0.003781985091624774f,0.9999818289941761f,-0.0046944936073113515f,-1.8621462332541272f,0.021356642017919442f,-0.004774226631834143f,-0.9997605216259473f,2.4105407920355755f,0f,0f,0f,1f], start_interpolation: 0, interpolation_duration: 1 }
$data merge entity $(bone_right_arm1) { transformation: [-1.1351495798202265f,0.004179265247633085f,-0.024268747812725477f,-0.5424417011926937f,0.004294128906115628f,1.135396035003804f,-0.00533020628330143f,-0.5540794173954303f,0.024248687291179363f,-0.005420736488228349f,-1.1351447589294608f,1.7102653103328547f,0f,0f,0f,1f], start_interpolation: 0, interpolation_duration: 1 }
$data merge entity $(bone_left_arm2) { transformation: [-0.9997647675480894f,0.00368082076855758f,-0.021374310000198588f,0.9045839130240895f,0.003781985091624774f,0.9999818289941761f,-0.0046944936073113515f,-1.8687647071644706f,0.021356642017919442f,-0.004774226631834143f,-0.9997605216259473f,2.3731666685042163f,0f,0f,0f,1f], start_interpolation: 0, interpolation_duration: 1 }
$data merge entity $(bone_left_arm1) { transformation: [-1.1351495798202265f,0.004179265247633085f,-0.024268747812725477f,0.5822936622989068f,0.004294128906115628f,1.135396035003804f,-0.00533020628330143f,-0.5583341506235082f,0.024248687291179363f,-0.005420736488228349f,-1.1351447589294608f,1.6862390880626952f,0f,0f,0f,1f], start_interpolation: 0, interpolation_duration: 1 }
$data merge entity $(bone_body2) { transformation: [-1.5829608819511416f,0.005827966216882836f,-0.033842657500314434f,0.4999999999999999f,0.005988143061739226f,1.5833045625741122f,-0.007432948211576307f,-0.5f,0.03381468319503912f,-0.007559192167070726f,-1.5829541592410834f,0.75f,0f,0f,0f,1f], start_interpolation: 0, interpolation_duration: 1 }
$data merge entity $(bone_right_leg2) { transformation: [-1f,2.4738549847018348e-17f,1.1993999323864065e-16f,-1f,0f,0.9793843688004373f,-0.20200558940130567f,-2.5960119312805414f,-1.2246467991473532e-16f,-0.20200558940130567f,-0.9793843688004373f,-0.13865276639704308f,0f,0f,0f,1f], start_interpolation: 0, interpolation_duration: 1 }
$data merge entity $(bone_right_leg1) { transformation: [-1.3333333333333333f,3.320450342198051e-17f,1.5987450418597234e-16f,-0.625f,0f,1.3054743971672744f,-0.27113534649417925f,-1.125f,-1.6328623988631375e-16f,-0.27113534649417925f,-1.3054743971672744f,-0.12500000000000008f,0f,0f,0f,1f], start_interpolation: 0, interpolation_duration: 1 }
$data merge entity $(bone_left_leg2) { transformation: [-1f,-1.955193650420044e-17f,1.2089383609412967e-16f,1f,0f,0.9871730867896006f,0.15965367743428766f,-2.4858794858466498f,-1.2246467991473532e-16f,0.15965367743428766f,-0.9871730867896006f,-0.6836318331439392f,0f,0f,0f,1f], start_interpolation: 0, interpolation_duration: 1 }
$data merge entity $(bone_left_leg1) { transformation: [-1.3333333333333333f,-2.850322119654787e-17f,1.607792353434717e-16f,0.625f,0f,1.3128620877089825f,0.2327464638489475f,-1.125f,-1.6328623988631375e-16f,0.2327464638489475f,-1.3128620877089825f,-0.12499999999999993f,0f,0f,0f,1f], start_interpolation: 0, interpolation_duration: 1 }
$data merge entity $(bone_tail3) { transformation: [-0.9920334041708398f,0.0044718299285750164f,-0.12589570185794674f,-0.3626859779816854f,-0.0020995731831579293f,0.9986440352801486f,0.052016176251527074f,-0.5020275043758102f,0.125957599221578f,0.051866111638248585f,-0.9906788529396724f,-4.17583529805989f,0f,0f,0f,1f], start_interpolation: 0, interpolation_duration: 1 }
$data merge entity $(bone_tail2) { transformation: [-1.5293848314300447f,-0.00024812954799504597f,-0.19421144903051432f,-0.23470998765356293f,-0.0032368419907018073f,1.541483841896486f,0.023520185736660818f,-0.7202803889667836f,0.1941846321332661f,0.023740571073316775f,-1.5292039841170606f,-2.1791457692980307f,0f,0f,0f,1f], start_interpolation: 0, interpolation_duration: 1 }
$data merge entity $(bone_tail1) { transformation: [-0.9992820529277006f,0.0009007750662703686f,-0.03787568218369534f,1.1102230246251565e-16f,5.421010862427522e-20f,0.999717318355955f,0.023775688826573143f,-0.75f,0.037886391971264706f,0.0237586191403882f,-0.9989995742341143f,-0.9375f,0f,0f,0f,1f], start_interpolation: 0, interpolation_duration: 1 }
data modify entity @s data merge value {"locators":{"hitbox_head":{"posx":0.07599384236338431,"posy":-0.036942357541248305,"posz":3.1163500942740607,"roty":0.07618676705493499,"rotx":16.040509166429946},"hitbox_neck":{"posx":0.033794983201202666,"posy":-0.8022023025786795,"posz":2.3321383545329075,"roty":358.5844094859228,"rotx":-1.2224308639188517},"hitbox_right_arm":{"posx":-0.9004833939252809,"posy":-2.8595444413764213,"posz":2.916530069606503,"roty":358.7752354800784,"rotx":-0.268975658615963},"hitbox_left_arm":{"posx":0.9740755452273868,"posy":-2.8666356634232177,"posz":2.8764863658229043,"roty":358.7752354800784,"rotx":-0.268975658615963},"hitbox_tail1":{"posx":-0.19719290881165594,"posy":-1.4594402690616415,"posz":-2.888382253450761,"roty":352.7620891814798,"rotx":0.8741576165135069},"hitbox_tail2":{"posx":-0.43937158705803514,"posy":-1.783488701539521,"posz":-4.8011664243636565,"roty":352.7576588161405,"rotx":2.9816529655702433}},"cameras":{}}