# This file was generated by Animated Java via MC-Build. It is not recommended to edit this file directly.
$data merge entity $(bone_jaw) { transformation: [0.23169706469199797f,0.3281060893829577f,-0.9157853811472066f,3.2859650141146144f,-0.18790996024555467f,0.9387679997528459f,0.2887983543591525f,0.14294789972070288f,0.9544665091314761f,0.10517146357193662f,0.2791641921817889f,1.8907058671129453f,0f,0f,0f,1f], start_interpolation: 0, interpolation_duration: 1 }
$data merge entity $(bone_head) { transformation: [0.2606591977784977f,0.20899546959242749f,-1.074245165827294f,3.0472438661529937f,-0.21139870527624902f,1.093112451925149f,0.16137148091814257f,0.17880822881362346f,1.0737748227729107f,0.16447206795085173f,0.29254327687194404f,1.9557154841955995f,0f,0f,0f,1f], start_interpolation: 0, interpolation_duration: 1 }
$data merge entity $(bone_neck) { transformation: [-0.3072861314832298f,0.0877661793959752f,-0.9475612545647404f,2.3377418469525333f,-0.173851089013633f,0.9738026057887078f,0.14657518141860282f,-0.6498391604274474f,0.9356019625069442f,0.2097750764827795f,-0.2839777896945445f,1.0342965300523568f,0f,0f,0f,1f], start_interpolation: 0, interpolation_duration: 1 }
$data merge entity $(bone_right_arm2) { transformation: [-0.3072861314832298f,0.0877661793959752f,-0.9475612545647404f,1.9667272685122672f,-0.173851089013633f,0.9738026057887078f,0.14657518141860282f,-2.3162085001584485f,0.9356019625069442f,0.2097750764827795f,-0.2839777896945445f,2.0724433916231364f,0f,0f,0f,1f], start_interpolation: 0, interpolation_duration: 1 }
$data merge entity $(bone_right_arm1) { transformation: [-0.3488977951215838f,0.09965118285584683f,-1.075876841120382f,1.526498932544735f,-0.1973934239842291f,1.1056717086559285f,0.16642390390237194f,-0.8829936775187195f,1.0622980615964261f,0.2381821180898225f,-0.32243311538234737f,1.860162835808365f,0f,0f,0f,1f], start_interpolation: 0, interpolation_duration: 1 }
$data merge entity $(bone_left_arm2) { transformation: [-0.3072861314832298f,0.0877661793959752f,-0.9475612545647404f,2.504477998607919f,-0.173851089013633f,0.9738026057887078f,0.14657518141860282f,-2.0119690943845905f,0.9356019625069442f,0.2097750764827795f,-0.2839777896945445f,0.4351399572359842f,0f,0f,0f,1f], start_interpolation: 0, interpolation_duration: 1 }
$data merge entity $(bone_left_arm1) { transformation: [-0.3488977951215838f,0.09965118285584683f,-1.075876841120382f,1.8721958304633683f,-0.1973934239842291f,1.1056717086559285f,0.16642390390237194f,-0.6874112023783823f,1.0622980615964261f,0.2381821180898225f,-0.32243311538234737f,0.8076106279880529f,0f,0f,0f,1f], start_interpolation: 0, interpolation_duration: 1 }
$data merge entity $(bone_body2) { transformation: [-0.48653637484844725f,0.13896311737696074f,-1.5003053197275058f,0.9701371573034708f,-0.2752642242715856f,1.5418541258321208f,0.2320773705794545f,-0.5f,1.4813697739693283f,0.33214387109773424f,-0.4496315003496955f,0.6129675150862752f,0f,0f,0f,1f], start_interpolation: 0, interpolation_duration: 1 }
$data merge entity $(bone_right_leg2) { transformation: [-0.8600238356296742f,0.21379347037117907f,-0.4633048177770993f,-1.2162530999383194f,-8.673617379884035e-19f,0.9079888534870407f,0.4189943220895593f,-2.3097875341779615f,0.5102538604937972f,0.36034510399051783f,-0.7808920564849151f,-0.0791123220138919f,0f,0f,0f,1f], start_interpolation: 0, interpolation_duration: 1 }
$data merge entity $(bone_right_leg1) { transformation: [-1.1466984475062323f,0.2776664256065784f,-0.6210972583705722f,-0.44881537653949655f,-1.1564823173178713e-18f,1.2172318652709586f,0.5441731010871085f,-1.125f,0.6803384806583962f,0.46800183764342945f,-1.0468484176209927f,0.4794620593901768f,0f,0f,0f,1f], start_interpolation: 0, interpolation_duration: 1 }
$data merge entity $(bone_left_leg2) { transformation: [-0.8259088256004229f,0.033546295657326225f,-0.5628048132727738f,1.0494968979132655f,0f,0.9982283081368759f,0.05949995658982077f,-2.576645031403479f,0.5638036996999316f,0.049141539270374957f,-0.8244455696544242f,-0.20677075743502507f,0f,0f,0f,1f], start_interpolation: 0, interpolation_duration: 1 }
$data merge entity $(bone_left_leg1) { transformation: [-1.1012117674672304f,-0.27657968986843556f,-0.6990093676924196f,0.6054239307266107f,0f,1.2398098275418334f,-0.49056026062907576f,-1.125f,0.7517382662665755f,-0.40515804874239736f,-1.0239698786329385f,-0.19216245104335292f,0f,0f,0f,1f], start_interpolation: 0, interpolation_duration: 1 }
$data merge entity $(bone_tail3) { transformation: [-0.9180629677313197f,0.38547524940634287f,-0.09257007818663447f,-0.8228131337508001f,0.13023952670408612f,0.5138163750528604f,0.8479566017264293f,1.5885313998445136f,0.37443030454846665f,0.7664212711183429f,-0.5219199001887993f,-2.541824148245527f,0f,0f,0f,1f], start_interpolation: 0, interpolation_duration: 1 }
$data merge entity $(bone_tail2) { transformation: [-1.415347075252451f,0.5875136599370905f,-0.16839378573085204f,-0.791810533033969f,0.20078593700213274f,0.8481756938605428f,1.2716206631529205f,-0.1386365323946831f,0.5772467195122194f,1.1454963128891436f,-0.8551961956655731f,-1.5312011589788828f,0f,0f,0f,1f], start_interpolation: 0, interpolation_duration: 1 }
$data merge entity $(bone_tail1) { transformation: [-0.9326027865717486f,0.28868256283125737f,-0.21659736931871257f,-0.355197006914858f,0.15863215798358654f,0.8669565519495893f,0.47246394093639527f,-0.75f,0.3241726097807772f,0.406261879763357f,-0.8543204340989766f,-0.5368109089965105f,0f,0f,0f,1f], start_interpolation: 0, interpolation_duration: 1 }
data modify entity @s data merge value {"locators":{"hitbox_head":{"posx":3.2295367068870044,"posy":-0.4733018780664988,"posz":1.783080091758475,"roty":254.76636305810695,"rotx":8.247029676859011},"hitbox_neck":{"posx":2.26963162075802,"posy":-1.1202625797823547,"posz":1.4589290813366045,"roty":286.68312289233967,"rotx":8.428505111887416},"hitbox_right_arm":{"posx":2.33353633318096,"posy":-3.3741643897198097,"posz":2.0631323326443134,"roty":286.68312289233967,"rotx":8.428505111887416},"hitbox_left_arm":{"posx":2.909697829712016,"posy":-3.048193597819248,"posz":0.3088786529437929,"roty":286.68312289233967,"rotx":8.428505111887416},"hitbox_tail1":{"posx":-1.0379646443223294,"posy":-0.000468406948006872,"posz":-2.516644700033564,"roty":348.8605896751785,"rotx":55.57176893549029},"hitbox_tail2":{"posx":-1.380820067576607,"posy":1.3911229960587508,"posz":-3.841332010444552,"roty":349.9423555624941,"rotx":57.990108831614975}},"cameras":{}}