# This file was generated by Animated Java via MC-Build. It is not recommended to edit this file directly.
$data merge entity $(bone_jaw) { transformation: [-0.9983454734869446f,-0.048329830156060585f,0.031153540492449405f,-0.02176314589221636f,-0.037483501958889644f,0.9578610093133517f,0.2847758309936167f,0.5508025335157783f,-0.04360392928425447f,0.2831369180348853f,-0.9580877741609484f,3.235427569386891f,0f,0f,0f,1f], start_interpolation: 0, interpolation_duration: 1 }
$data merge entity $(bone_head) { transformation: [-1.1231386576728126f,-0.05480717722669906f,0.03436173693737906f,-0.014127204350576572f,-0.04216893970375085f,1.0734827357077281f,0.33388859917899744f,0.625f,-0.04905442044478628f,0.3320481734054458f,-1.0737609949951308f,2.9968140149435287f,0f,0f,0f,1f], start_interpolation: 0, interpolation_duration: 1 }
$data merge entity $(bone_neck) { transformation: [-0.9999802608561371f,0f,0.006283143965559072f,0.49096798054950874f,0f,1f,0f,-0.4375f,-0.006283143965559072f,0f,-0.9999802608561371f,2.187471624980697f,0f,0f,0f,1f], start_interpolation: 0, interpolation_duration: 1 }
$data merge entity $(bone_right_arm2) { transformation: [-0.9999802608561371f,0f,0.006283143965559072f,-0.8851829676212222f,0f,1f,0f,-1.875f,-0.006283143965559072f,0f,-0.9999802608561371f,2.366328600938579f,0f,0f,0f,1f], start_interpolation: 0, interpolation_duration: 1 }
$data merge entity $(bone_right_arm1) { transformation: [-1.1353942545137388f,0f,0.007133986377561861f,-0.5683694746273574f,0f,1.1354166666666665f,0f,-0.5625f,-0.007133986377561861f,0f,-1.1353942545137388f,1.680805654089222f,0f,0f,0f,1f], start_interpolation: 0, interpolation_duration: 1 }
$data merge entity $(bone_left_arm2) { transformation: [-0.9999802608561371f,0f,0.006283143965559072f,0.8647824888770179f,0f,1f,0f,-1.875f,-0.006283143965559072f,0f,-0.9999802608561371f,2.3773241028783074f,0f,0f,0f,1f], start_interpolation: 0, interpolation_duration: 1 }
$data merge entity $(bone_left_arm1) { transformation: [-1.1353942545137388f,0f,0.007133986377561861f,0.5566083188357969f,0f,1.1354166666666665f,0f,-0.5625f,-0.007133986377561861f,0f,-1.1353942545137388f,1.687874191050476f,0f,0f,0f,1f], start_interpolation: 0, interpolation_duration: 1 }
$data merge entity $(bone_body2) { transformation: [-1.583302079688884f,0f,0.009948311278801865f,0.4999999999999999f,0f,1.5833333333333335f,0f,-0.5f,-0.009948311278801865f,0f,-1.583302079688884f,0.75f,0f,0f,0f,1f], start_interpolation: 0, interpolation_duration: 1 }
$data merge entity $(bone_right_leg2) { transformation: [-1f,-5.384541536250534e-18f,1.2234624856963523e-16f,-1f,0f,0.9990329346781247f,0.04396811831786489f,-2.5473698066254715f,-1.2246467991473532e-16f,0.04396811831786489f,-0.9990329346781247f,-0.5004019621688448f,0f,0f,0f,1f], start_interpolation: 0, interpolation_duration: 1 }
$data merge entity $(bone_right_leg1) { transformation: [-1.3333333333333333f,-7.179388715000712e-18f,1.631283314261803e-16f,-0.625f,0f,1.3320439129041661f,0.058624157757153184f,-1.125f,-1.6328623988631375e-16f,0.058624157757153184f,-1.3320439129041661f,-0.12500000000000008f,0f,0f,0f,1f], start_interpolation: 0, interpolation_duration: 1 }
$data merge entity $(bone_left_leg2) { transformation: [-1f,4.615716156601435e-18f,1.2237766540909442e-16f,1f,0f,0.9992894726405892f,-0.03769018266993452f,-2.5732567990052013f,-1.2246467991473532e-16f,-0.03769018266993452f,-0.9992894726405892f,-0.38309832261215315f,0f,0f,0f,1f], start_interpolation: 0, interpolation_duration: 1 }
$data merge entity $(bone_left_leg1) { transformation: [-1.3333333333333333f,6.154288208801913e-18f,1.631702205454592e-16f,0.625f,0f,1.3323859635207855f,-0.05025357689324603f,-1.125f,-1.6328623988631375e-16f,-0.05025357689324603f,-1.3323859635207855f,-0.12499999999999993f,0f,0f,0f,1f], start_interpolation: 0, interpolation_duration: 1 }
$data merge entity $(bone_tail3) { transformation: [-0.9995065603657316f,0.0007893553735810458f,0.03140083922379186f,0.012048963660475476f,0f,0.9996841892832999f,-0.025130095443337466f,-0.5625f,-0.03141075907812842f,-0.025117695258232774f,-0.9991909054825561f,-4.184298379439099f,0f,0f,0f,1f], start_interpolation: 0, interpolation_duration: 1 }
$data merge entity $(bone_tail2) { transformation: [-1.5409059472305027f,0f,0.04842492024544797f,-0.1757108745414978f,0f,1.5416666666666665f,0f,-0.75f,-0.04842492024544797f,0f,-1.5409059472305027f,-2.189211603592402f,0f,0f,0f,1f], start_interpolation: 0, interpolation_duration: 1 }
$data merge entity $(bone_tail1) { transformation: [-0.9999555871089498f,0f,0.009424638433144127f,1.1102230246251565e-16f,0f,1f,0f,-0.75f,-0.009424638433144127f,0f,-0.9999555871089498f,-0.9375f,0f,0f,0f,1f], start_interpolation: 0, interpolation_duration: 1 }
data modify entity @s data merge value {"locators":{"hitbox_head":{"posx":0.00677630051498428,"posy":-0.06412613072068163,"posz":3.1106097505502617,"roty":1.8329133390001573,"rotx":17.264896650776446},"hitbox_neck":{"posx":-0.009807542874254671,"posy":-0.8125,"posz":2.3093275856049345,"roty":0.36000000000001364,"rotx":0},"hitbox_right_arm":{"posx":-0.9508233059075103,"posy":-2.875,"posz":2.8659260348688003,"roty":0.36000000000001364,"rotx":0},"hitbox_left_arm":{"posx":0.924139683197747,"posy":-2.875,"posz":2.8777069298042233,"roty":0.36000000000001364,"rotx":0},"hitbox_tail1":{"posx":-0.02917765762956806,"posy":-1.5,"posz":-2.8724460189590766,"roty":1.799999999999983,"rotx":0},"hitbox_tail2":{"posx":0.028675906796033275,"posy":-1.8887211771212085,"posz":-4.713376288746606,"roty":1.799999999999983,"rotx":-1.4399999999999995}},"cameras":{}}