# This file was generated by Animated Java via MC-Build. It is not recommended to edit this file directly.
$data merge entity $(bone_jaw) { transformation: [-0.9984065336011232f,-0.04801134502592223f,0.0296530674870439f,-0.01822452734896339f,-0.037483501958889644f,0.9570463520442299f,0.2875017688984364f,0.5508025335157783f,-0.04218270668754251f,0.2859321436768414f,-0.9573209641854079f,3.2361677985071156f,0f,0f,0f,1f], start_interpolation: 0, interpolation_duration: 1 }
$data merge entity $(bone_head) { transformation: [-1.1232073503012636f,-0.054334439933050115f,0.032833167169439896f,-0.010928267977976747f,-0.04216893970375085f,1.0734827357077281f,0.33388859917899744f,0.625f,-0.04745554502348533f,0.33212585682932544f,-1.0738088221242692f,2.9975436158128335f,0f,0f,0f,1f], start_interpolation: 0, interpolation_duration: 1 }
$data merge entity $(bone_neck) { transformation: [-0.9999881919186566f,0f,0.00485963200828814f,0.4930142789880857f,0f,1f,0f,-0.4375f,-0.00485963200828814f,0f,-0.9999881919186566f,2.187483025883069f,0f,0f,0f,1f], start_interpolation: 0, interpolation_duration: 1 }
$data merge entity $(bone_right_arm2) { transformation: [-0.9999881919186566f,0f,0.00485963200828814f,-0.8828806659016213f,0f,1f,0f,-1.875f,-0.00485963200828814f,0f,-0.9999881919186566f,2.368298817856421f,0f,0f,0f,1f], start_interpolation: 0, interpolation_duration: 1 }
$data merge entity $(bone_right_arm1) { transformation: [-1.135403259574308f,0f,0.005517707176077158f,-0.5670433589213429f,0f,1.1354166666666665f,0f,-0.5625f,-0.005517707176077158f,0f,-1.135403259574308f,1.6823255709149345f,0f,0f,0f,1f], start_interpolation: 0, interpolation_duration: 1 }
$data merge entity $(bone_left_arm2) { transformation: [-0.9999881919186566f,0f,0.00485963200828814f,0.8670986699560279f,0f,1f,0f,-1.875f,-0.00485963200828814f,0f,-0.9999881919186566f,2.376803173870925f,0f,0f,0f,1f], start_interpolation: 0, interpolation_duration: 1 }
$data merge entity $(bone_left_arm1) { transformation: [-1.135403259574308f,0f,0.005517707176077158f,0.5579433569871458f,0f,1.1354166666666665f,0f,-0.5625f,-0.005517707176077158f,0f,-1.135403259574308f,1.6877926569242585f,0f,0f,0f,1f], start_interpolation: 0, interpolation_duration: 1 }
$data merge entity $(bone_body2) { transformation: [-1.5833146372045397f,0f,0.0076944173464562225f,0.4999999999999999f,0f,1.5833333333333335f,0f,-0.5f,-0.0076944173464562225f,0f,-1.5833146372045397f,0.75f,0f,0f,0f,1f], start_interpolation: 0, interpolation_duration: 1 }
$data merge entity $(bone_right_leg2) { transformation: [-1f,-4.165145923807603e-18f,1.2239382903582992e-16f,-1f,0f,0.9994214586691059f,0.034010997511344f,-2.551039910114545f,-1.2246467991473532e-16f,0.034010997511344f,-0.9994214586691059f,-0.4862100147566527f,0f,0f,0f,1f], start_interpolation: 0, interpolation_duration: 1 }
$data merge entity $(bone_right_leg1) { transformation: [-1.3333333333333333f,-5.5535278984101374e-18f,1.6319177204777323e-16f,-0.625f,0f,1.332561944892141f,0.045347996681792f,-1.125f,-1.6328623988631375e-16f,0.045347996681792f,-1.332561944892141f,-0.12500000000000008f,0f,0f,0f,1f], start_interpolation: 0, interpolation_duration: 1 }
$data merge entity $(bone_left_leg2) { transformation: [-1f,3.5703077722262776e-18f,1.2241262487599128e-16f,1f,0f,0.9995749383513656f,-0.029153775396400534f,-2.5709995286914635f,-1.2246467991473532e-16f,-0.029153775396400534f,-0.9995749383513656f,-0.3954586161024759f,0f,0f,0f,1f], start_interpolation: 0, interpolation_duration: 1 }
$data merge entity $(bone_left_leg1) { transformation: [-1.3333333333333333f,4.7604103629683696e-18f,1.6321683316798838e-16f,0.625f,0f,1.3327665844684873f,-0.038871700528534045f,-1.125f,-1.6328623988631375e-16f,-0.038871700528534045f,-1.3327665844684873f,-0.12499999999999993f,0f,0f,0f,1f], start_interpolation: 0, interpolation_duration: 1 }
$data merge entity $(bone_tail3) { transformation: [-0.9997048119092635f,0.0004722479656750548f,0.024291274715894578f,-0.004828422241937469f,0f,0.9998110762756847f,-0.019437380390812928f,-0.5625f,-0.024295864781154496f,-0.019431642707606445f,-0.9995159439529817f,-4.185206195351557f,0f,0f,0f,1f], start_interpolation: 0, interpolation_duration: 1 }
$data merge entity $(bone_tail2) { transformation: [-1.5412115850267811f,0f,0.03745612487094651f,-0.1783832532929044f,0f,1.5416666666666665f,0f,-0.75f,-0.03745612487094651f,0f,-1.5412115850267811f,-2.1888335546306745f,0f,0f,0f,1f], start_interpolation: 0, interpolation_duration: 1 }
$data merge entity $(bone_tail1) { transformation: [-0.9999734318823357f,0f,0.007289412148026753f,1.1102230246251565e-16f,0f,1f,0f,-0.75f,-0.007289412148026753f,0f,-0.9999734318823357f,-0.9375f,0f,0f,0f,1f], start_interpolation: 0, interpolation_duration: 1 }
data modify entity @s data merge value {"locators":{"hitbox_head":{"posx":0.010137207771095568,"posy":-0.06412613072068163,"posz":3.1113094792755054,"roty":1.751350839000139,"rotx":17.264896650776446},"hitbox_neck":{"posx":-0.007587270972278626,"posy":-0.8125,"posz":2.310051733868757,"roty":0.27843749999999545,"rotx":0},"hitbox_right_arm":{"posx":-0.9478097439006814,"posy":-2.875,"posz":2.8679891868152314,"roty":0.27843749999999545,"rotx":0},"hitbox_left_arm":{"posx":0.9271681159467999,"posy":-2.875,"posz":2.8771009968307713,"roty":0.27843749999999545,"rotx":0},"hitbox_tail1":{"posx":-0.03671674476720274,"posy":-1.5,"posz":-2.873093629720649,"roty":1.3921875000000057,"rotx":0},"hitbox_tail2":{"posx":0.00821559433080472,"posy":-1.8856855640816683,"posz":-4.721929882771376,"roty":1.3921875000000057,"rotx":-1.1137500000000005}},"cameras":{}}