# This file was generated by Animated Java via MC-Build. It is not recommended to edit this file directly.
$data merge entity $(bone_jaw) { transformation: [0.49203660959725465f,0.3024062921215006f,-0.8163641401368413f,3.449040745543875f,-0.15999738581967382f,0.9531692623078629f,0.2566499443256417f,0.2617408670377988f,0.855745763265533f,0.004334959839507629f,0.5173783883931378f,1.4186544789676712f,0f,0f,0f,1f], start_interpolation: 0, interpolation_duration: 1 }
$data merge entity $(bone_head) { transformation: [0.5535411857969115f,0.19881691017948966f,-0.9590041667548843f,3.235928708487234f,-0.17999705904713303f,1.1034642518245512f,0.12487074789423797f,0.28948992212540725f,0.9627139836737246f,0.0919971802392017f,0.5747549951649866f,1.5463778112265572f,0f,0f,0f,1f], start_interpolation: 0, interpolation_duration: 1 }
$data merge entity $(bone_neck) { transformation: [-0.12926258308846866f,0.08093291921991433f,-0.9883021032052091f,2.411573314506077f,-0.17377303541703748f,0.9793916717471595f,0.10293146008025597f,-0.5805954000822231f,0.9762653925932467f,0.1850454427940529f,-0.11253473830736505f,0.7701998570865185f,0f,0f,0f,1f], start_interpolation: 0, interpolation_duration: 1 }
$data merge entity $(bone_right_arm2) { transformation: [-0.12926258308846866f,0.08093291921991433f,-0.9883021032052091f,2.3028028357317822f,-0.17377303541703748f,0.9793916717471595f,0.10293146008025597f,-2.2467085006822396f,0.9762653925932467f,0.1850454427940529f,-0.11253473830736505f,1.8676622113184127f,0f,0f,0f,1f], start_interpolation: 0, interpolation_duration: 1 }
$data merge entity $(bone_right_arm1) { transformation: [-0.1467668912150321f,0.09189258536427772f,-1.1221346796809144f,1.7699641534694852f,-0.19730480062976127f,1.1120176272962539f,0.11687009529945729f,-0.8361874791410924f,1.1084679978402487f,0.21010367983908088f,-0.12777381745315405f,1.728083787213904f,0f,0f,0f,1f], start_interpolation: 0, interpolation_duration: 1 }
$data merge entity $(bone_left_arm2) { transformation: [-0.12926258308846866f,0.08093291921991433f,-0.9883021032052091f,2.5290123561366027f,-0.17377303541703748f,0.9793916717471595f,0.10293146008025597f,-1.942605688702424f,0.9762653925932467f,0.1850454427940529f,-0.11253473830736505f,0.1591977742802309f,0f,0f,0f,1f], start_interpolation: 0, interpolation_duration: 1 }
$data merge entity $(bone_left_arm1) { transformation: [-0.1467668912150321f,0.09189258536427772f,-1.1221346796809144f,1.9153845594440124f,-0.19730480062976127f,1.1120176272962539f,0.11687009529945729f,-0.6406928142969252f,1.1084679978402487f,0.21010367983908088f,-0.12777381745315405f,0.6297852205465014f,0f,0f,0f,1f], start_interpolation: 0, interpolation_duration: 1 }
$data merge entity $(bone_body2) { transformation: [-0.20466575655674207f,0.12814378876486437f,-1.5648116634082478f,0.9858307336973443f,-0.27514063941030936f,1.550703480266336f,0.16297481179373863f,-0.49384340570105256f,1.5457535382726408f,0.2929886177572505f,-0.17818000231999467f,0.5968658305950529f,0f,0f,0f,1f], start_interpolation: 0, interpolation_duration: 1 }
$data merge entity $(bone_right_leg2) { transformation: [-0.814112124887039f,0.3123339681538657f,-0.48955994571571143f,-1.3903748502849411f,-0.0024217831615725573f,0.8412067716172795f,0.5407081489598177f,-2.0740918164028432f,0.5807026632263956f,0.44138266812652943f,-0.6840802271658474f,-0.1964298538885122f,0f,0f,0f,1f], start_interpolation: 0, interpolation_duration: 1 }
$data merge entity $(bone_right_leg1) { transformation: [-1.0854828331827187f,0.47196549126495124f,-0.6138023881498258f,-0.4323850734596604f,-0.003229044215430076f,1.0542216543119507f,0.8163234987619835f,-1.1279267466845218f,0.7742702176351941f,0.6660653544604949f,-0.857111633014243f,0.5047938966670238f,0f,0f,0f,1f], start_interpolation: 0, interpolation_duration: 1 }
$data merge entity $(bone_left_leg2) { transformation: [-0.8422595155480389f,-0.040504371129202105f,-0.5375484205057353f,1.2406131280263712f,-0.0027765364734891724f,0.9974859343785013f,-0.0708103210150855f,-2.4708888956891943f,0.5390651160240238f,-0.058148143878166414f,-0.8402544817193954f,0.09809838107885446f,0f,0f,0f,1f], start_interpolation: 0, interpolation_duration: 1 }
$data merge entity $(bone_left_leg1) { transformation: [-1.1230126873973851f,-0.4243952101776323f,-0.580093946960804f,0.6031742425420352f,-0.0037020486313188963f,1.0794978134948623f,-0.7825909169377832f,-1.1246767705353113f,0.7187534880320318f,-0.657533994570526f,-0.9103956542095824f,-0.1952820568531141f,0f,0f,0f,1f], start_interpolation: 0, interpolation_duration: 1 }
$data merge entity $(bone_tail3) { transformation: [-0.964812829602296f,0.24487294803556883f,0.09577809329476622f,-0.3730497185424996f,0.2024458891179975f,0.4593689496722384f,0.8648675216796201f,1.580362059655258f,0.16778517757547834f,0.8538251620779247f,-0.49277857785071294f,-2.5832365581716443f,0f,0f,0f,1f], start_interpolation: 0, interpolation_duration: 1 }
$data merge entity $(bone_tail2) { transformation: [-1.4874197789702062f,0.3870444695917302f,0.12047859062003834f,-0.6977241827427475f,0.3121040790569128f,0.8010843303174534f,1.2796839651519372f,-0.15936251637240728f,0.25866881542886244f,1.259045902812683f,-0.8512520012583441f,-1.6060942236770002f,0f,0f,0f,1f], start_interpolation: 0, interpolation_duration: 1 }
$data merge entity $(bone_tail1) { transformation: [-0.9607035421935337f,0.25490457319006615f,-0.10987430356360661f,-0.37444292008897206f,0.18166357872958483f,0.8766783130887855f,0.4454587293150301f,-0.7570790279780282f,0.20987388636978466f,0.40799361995819433f,-0.8885348377488929f,-0.5237262423642726f,0f,0f,0f,1f], start_interpolation: 0, interpolation_duration: 1 }
$data merge entity $(bone_body1) { transformation: [-1.1045966037351418f,-0.008142699906866882f,-0.7467113346084915f,0.5f,-0.003466641225824555f,1.3332956127950437f,-0.009411114592766591f,-1.1875f,0.7467476837548137f,-0.005855178690140954f,-1.1045865251156675f,-0.12499999999999994f,0f,0f,0f,1f], start_interpolation: 0, interpolation_duration: 1 }
data modify entity @s data merge value {"locators":{"hitbox_head":{"posx":3.39186491581943,"posy":-0.3582320921921873,"posz":1.3356141013256155,"roty":239.0646969636559,"rotx":6.372746481091483},"hitbox_neck":{"posx":2.4401299411550257,"posy":-1.0476202272059587,"posz":1.2030073546237927,"roty":276.4961046546129,"rotx":5.908002164762821},"hitbox_right_arm":{"posx":2.707942056671443,"posy":-3.288426717183092,"posz":1.7999007247151202,"roty":276.4961046546129,"rotx":5.908002164762821},"hitbox_left_arm":{"posx":2.950309399962322,"posy":-2.9626022757761463,"posz":-0.030596886397217415,"roty":276.4961046546129,"rotx":5.908002164762821},"hitbox_tail1":{"posx":-0.7116875441078797,"posy":-0.003715077396135247,"posz":-2.619188567398015,"roty":8.055628706772467,"rotx":56.105443875571886},"hitbox_tail2":{"posx":-0.6405702853608777,"posy":1.4639282941552314,"posz":-3.9810700334399467,"roty":10.999063473881051,"rotx":59.867581403107515}},"cameras":{}}