# This file was generated by Animated Java via MC-Build. It is not recommended to edit this file directly.
$data merge entity $(bone_jaw) { transformation: [0.4497541724571291f,0.31701047972162333f,-0.835000323415548f,3.4480990515991485f,-0.1656716497238458f,0.94827760906424f,0.2707812412727061f,0.2424056725551639f,0.8776526014518402f,0.016550888014678453f,0.4790114604795413f,1.4701511004056855f,0f,0f,0f,1f], start_interpolation: 0, interpolation_duration: 1 }
$data merge entity $(bone_head) { transformation: [0.5059734440142702f,0.20408110556462034f,-0.9838530257634324f,3.2294650458739413f,-0.1863806059393265f,1.1014970860038371f,0.13263272316718971f,0.2718796110367616f,0.9873591766333203f,0.10334443321523026f,0.5292133638159519f,1.5877540701425636f,0f,0f,0f,1f], start_interpolation: 0, interpolation_duration: 1 }
$data merge entity $(bone_neck) { transformation: [-0.15261264789127582f,0.0858686002225581f,-0.984548608855567f,2.414590237387963f,-0.1725656535467877f,0.9785984799241069f,0.11209866326677301f,-0.590518283204955f,0.9731035273389896f,0.1870069479619563f,-0.1345285341270418f,0.793202990285269f,0f,0f,0f,1f], start_interpolation: 0, interpolation_duration: 1 }
$data merge entity $(bone_right_arm2) { transformation: [-0.15261264789127582f,0.0858686002225581f,-0.984548608855567f,2.2659145978779507f,-0.1725656535467877f,0.9785984799241069f,0.11209866326677301f,-2.2555498710852118f,0.9731035273389896f,0.1870069479619563f,-0.1345285341270418f,1.8876219528298877f,0f,0f,0f,1f], start_interpolation: 0, interpolation_duration: 1 }
$data merge entity $(bone_right_arm1) { transformation: [-0.17327894395988608f,0.09749663983602949f,-1.1178728996380916f,1.7494314195478795f,-0.19593391913124852f,1.1111170240804962f,0.1272786905841485f,-0.8401447684555439f,1.104877963332811f,0.2123308054984712f,-0.1527459397900787f,1.73648535252418f,0f,0f,0f,1f], start_interpolation: 0, interpolation_duration: 1 }
$data merge entity $(bone_left_arm2) { transformation: [-0.15261264789127582f,0.0858686002225581f,-0.984548608855567f,2.5329867316876835f,-0.1725656535467877f,0.9785984799241069f,0.11209866326677301f,-1.9535599773783332f,0.9731035273389896f,0.1870069479619563f,-0.1345285341270418f,0.18469077998665606f,0f,0f,0f,1f], start_interpolation: 0, interpolation_duration: 1 }
$data merge entity $(bone_left_arm1) { transformation: [-0.17327894395988608f,0.09749663983602949f,-1.1178728996380916f,1.921120648425565f,-0.19593391913124852f,1.1111170240804962f,0.1272786905841485f,-0.6460084082154076f,1.104877963332811f,0.2123308054984712f,-0.1527459397900787f,0.6417438842678167f,0f,0f,0f,1f], start_interpolation: 0, interpolation_duration: 1 }
$data merge entity $(bone_body2) { transformation: [-0.24163669249452008f,0.13595861701905035f,-1.5588686306879813f,0.9939348246441759f,-0.27322895144908055f,1.5494475932131693f,0.17748955017239063f,-0.4905388597542255f,1.540747251620067f,0.2960943342730975f,-0.2130035123678162f,0.5881302882300241f,0f,0f,0f,1f], start_interpolation: 0, interpolation_duration: 1 }
$data merge entity $(bone_right_leg2) { transformation: [-0.8139166778242481f,0.31508004365033326f,-0.48812314804037216f,-1.370767883614629f,-0.003822161731224047f,0.8372475874459434f,0.5468106330308947f,-2.0956666063233946f,0.5809690461971613f,0.44692397945204443f,-0.6802454880052563f,-0.17007701002185938f,0f,0f,0f,1f], start_interpolation: 0, interpolation_duration: 1 }
$data merge entity $(bone_right_leg1) { transformation: [-1.0852222370989975f,0.46017093867963893f,-0.6231478003478186f,-0.42337707046003026f,-0.005096215641632063f,1.0683131202694875f,0.7977837322382444f,-1.1294387751269823f,0.7746253949295483f,0.6517112566409673f,-0.8677590179741551f,0.5180668160579407f,0f,0f,0f,1f], start_interpolation: 0, interpolation_duration: 1 }
$data merge entity $(bone_left_leg2) { transformation: [-0.826493610316857f,-0.035474156831302506f,-0.5618272833376069f,1.240627997799649f,-0.004061095489961499f,0.9983623155354721f,-0.05706307406784111f,-2.4766297728185998f,0.5629314519626958f,-0.044880631855608644f,-0.8252841385095271f,0.06489272079903174f,0f,0f,0f,1f], start_interpolation: 0, interpolation_duration: 1 }
$data merge entity $(bone_left_leg1) { transformation: [-1.101991480422476f,-0.437515062645812f,-0.6098959950779221f,0.6019413408621996f,-0.005414793986615332f,1.088005996802826f,-0.7707083811046492f,-1.1245114415028863f,0.7505752692835943f,-0.6345087065256851f,-0.9010067947916593f,-0.19691421640866652f,0f,0f,0f,1f], start_interpolation: 0, interpolation_duration: 1 }
$data merge entity $(bone_tail3) { transformation: [-0.9553665014387168f,0.29173349833662277f,0.04654475133698757f,-0.5292630811818428f,0.1874123014705014f,0.4767106588495912f,0.8588501481613185f,1.532905911779224f,0.22836697919418242f,0.8292397202784395f,-0.5101078406829869f,-2.621013083851736f,0f,0f,0f,1f], start_interpolation: 0, interpolation_duration: 1 }
$data merge entity $(bone_tail2) { transformation: [-1.4728566897180215f,0.4542581889493969f,0.03284479313979587f,-0.7466248601842284f,0.2889272981003563f,0.8459836828246091f,1.2560130317469043f,-0.17918769453864547f,0.3520657595910312f,1.2061082941751275f,-0.8933580439872163f,-1.5779233973239464f,0f,0f,0f,1f], start_interpolation: 0, interpolation_duration: 1 }
$data merge entity $(bone_tail1) { transformation: [-0.9525144752444736f,0.26601389255704044f,-0.14816471717786395f,-0.38007213886959035f,0.17845747395639533f,0.881967244639093f,0.43621864858443266f,-0.7608495361810639f,0.24671664807800775f,0.38906347599122904f,-0.8875587345132574f,-0.5099779303221857f,0f,0f,0f,1f], start_interpolation: 0, interpolation_duration: 1 }
$data merge entity $(bone_body1) { transformation: [-1.093672972077045f,-0.012597339093832333f,-0.7625604992219933f,0.5f,-0.005255822532368927f,1.3332442695403532f,-0.014486954307093198f,-1.1875f,0.7626464346310475f,-0.008877080789458137f,-1.0936495741136583f,-0.12499999999999994f,0f,0f,0f,1f], start_interpolation: 0, interpolation_duration: 1 }
data modify entity @s data merge value {"locators":{"hitbox_head":{"posx":3.3893791610501056,"posy":-0.37690563762292284,"posz":1.3833367839630046,"roty":241.72424538299202,"rotx":6.770676069208369},"hitbox_neck":{"posx":2.4291517644658116,"posy":-1.0577878728582355,"posz":1.2264432152349105,"roty":277.78070011752584,"rotx":6.436308494261085},"hitbox_right_arm":{"posx":2.6627820115899716,"posy":-3.300983035989379,"posz":1.8286982423901392,"roty":277.78070011752584,"rotx":6.436308494261085},"hitbox_left_arm":{"posx":2.9489307263861138,"posy":-2.977422435589152,"posz":0.004129128629533796,"roty":277.78070011752584,"rotx":6.436308494261085},"hitbox_tail1":{"posx":-0.8335475154579702,"posy":-0.05405994214189175,"posz":-2.591614054072986,"roty":2.105562059187463,"rotx":54.55881162865355},"hitbox_tail2":{"posx":-0.8859818751216046,"posy":1.3903263803798773,"posz":-3.996325877101368,"roty":5.213512448364526,"rotx":59.18772170901348}},"cameras":{}}