# This file was generated by Animated Java via MC-Build. It is not recommended to edit this file directly.
$data merge entity $(bone_jaw) { transformation: [0.31666265150271833f,0.36679573927049214f,-0.8747489072849882f,3.2762398707290936f,-0.1844945517464353f,0.9284121852752389f,0.3225098054452569f,0.17121988908977837f,0.9304227670898588f,0.05925959741230709f,0.36166527977590207f,1.8373844441539042f,0f,0f,0f,1f], start_interpolation: 0, interpolation_duration: 1 }
$data merge entity $(bone_head) { transformation: [0.35624548294055813f,0.20232972472167068f,-1.0477484614059338f,3.043406879305553f,-0.20755637071473973f,1.0966349667264483f,0.1411988056911509f,0.2025974014655897f,1.0467256129760911f,0.14859149453092804f,0.38459206816169683f,1.9228493481898368f,0f,0f,0f,1f], start_interpolation: 0, interpolation_duration: 1 }
$data merge entity $(bone_neck) { transformation: [-0.275061720243024f,0.07583643211228086f,-0.9584309498453334f,2.3216363835584333f,-0.18231997448778922f,0.9746809832820476f,0.12944654391335833f,-0.6366658390980876f,0.943981184642851f,0.21034689537243126f,-0.254270931581766f,1.020770047625018f,0f,0f,0f,1f], start_interpolation: 0, interpolation_duration: 1 }
$data merge entity $(bone_right_arm2) { transformation: [-0.275061720243024f,0.07583643211228086f,-0.9584309498453334f,2.0141174501588717f,-0.18231997448778922f,0.9746809832820476f,0.12944654391335833f,-2.3127309444704958f,0.943981184642851f,0.21034689537243126f,-0.254270931581766f,2.0640463140826495f,0f,0f,0f,1f], start_interpolation: 0, interpolation_duration: 1 }
$data merge entity $(bone_right_arm1) { transformation: [-0.3123096615259335f,0.08610594896081888f,-1.0882184743035554f,1.5406882768635186f,-0.20700913769967733f,1.1066690331014915f,0.14697576340162558f,-0.8874926629449404f,1.071811970063237f,0.23883137078744796f,-0.2887034535667968f,1.8703212285956103f,0f,0f,0f,1f], start_interpolation: 0, interpolation_duration: 1 }
$data merge entity $(bone_left_arm2) { transformation: [-0.275061720243024f,0.07583643211228086f,-0.9584309498453334f,2.4954754605841636f,-0.18231997448778922f,0.9746809832820476f,0.12944654391335833f,-1.9936709891168647f,0.943981184642851f,0.21034689537243126f,-0.254270931581766f,0.4120792409576602f,0f,0f,0f,1f], start_interpolation: 0, interpolation_duration: 1 }
$data merge entity $(bone_left_arm1) { transformation: [-0.3123096615259335f,0.08610594896081888f,-1.0882184743035554f,1.8501327121369204f,-0.20700913769967733f,1.1066690331014915f,0.14697576340162558f,-0.6823826916461776f,1.071811970063237f,0.23883137078744796f,-0.2887034535667968f,0.808342395872403f,0f,0f,0f,1f], start_interpolation: 0, interpolation_duration: 1 }
$data merge entity $(bone_body2) { transformation: [-0.43551439038478806f,0.1200743508444447f,-1.5175156705884447f,0.9391521161487489f,-0.2886732929389996f,1.5432448901965754f,0.2049570278628174f,-0.511503993677763f,1.494636875684514f,0.3330492510063495f,-0.40259564167112954f,0.6421089025154525f,0f,0f,0f,1f], start_interpolation: 0, interpolation_duration: 1 }
$data merge entity $(bone_right_leg2) { transformation: [-0.8699617324122715f,0.18649005157433993f,-0.45649539406443035f,-1.2406595713662556f,0.005612277815401557f,0.9294147636303977f,0.36899417269595863f,-2.300343189950711f,0.4930873010694579f,0.31844883075566827f,-0.8096019118766864f,-0.1413492977436726f,0f,0f,0f,1f], start_interpolation: 0, interpolation_duration: 1 }
$data merge entity $(bone_right_leg1) { transformation: [-1.1599489765496953f,0.27496613838965506f,-0.5972351064013011f,-0.4779990756975021f,0.007483037087202075f,1.2165798226166595f,0.5455779661384305f,-1.1186925086865949f,0.6574497347592771f,0.4712801032495176f,-1.059921076459874f,0.43026082796644977f,0f,0f,0f,1f], start_interpolation: 0, interpolation_duration: 1 }
$data merge entity $(bone_left_leg2) { transformation: [-0.8699617324122715f,0.026971056403532506f,-0.4923810985961149f,1.0310238039880706f,0.005612277815401557f,0.9989799920751472f,0.04480488557358203f,-2.5841198744853293f,0.4930873010694579f,0.03621515635775302f,-0.8692257336124039f,-0.1862293050881229f,0f,0f,0f,1f], start_interpolation: 0, interpolation_duration: 1 }
$data merge entity $(bone_left_leg1) { transformation: [-1.1599489765496953f,-0.2228957896683074f,-0.6185576905408534f,0.6094530898178372f,0.007483037087202075f,1.2498208252563292f,-0.4644025050420356f,-1.1257078559558467f,0.6574497347592771f,-0.40748392542713635f,-1.0860453372494292f,-0.18609829837037267f,0f,0f,0f,1f], start_interpolation: 0, interpolation_duration: 1 }
$data merge entity $(bone_tail3) { transformation: [-0.9577827923334133f,0.28032299519187404f,0.06380549409467952f,-0.42435383218207257f,0.1657058316517994f,0.3569185482286164f,0.9193207967227556f,1.7418751768907796f,0.23493339495822027f,0.891082582198212f,-0.38830159880738524f,-2.4459462559481655f,0f,0f,0f,1f], start_interpolation: 0, interpolation_duration: 1 }
$data merge entity $(bone_tail2) { transformation: [-1.4765818048473454f,0.4404557727985511f,0.04940644607030315f,-0.6617404755201826f,0.25546315712985734f,0.7053369616378836f,1.3468386900471023f,-0.07044601171035081f,0.3621889838939229f,1.2981658576110298f,-0.7485456947909179f,-1.6033783115590792f,0f,0f,0f,1f], start_interpolation: 0, interpolation_duration: 1 }
$data merge entity $(bone_tail1) { transformation: [-0.9577827923334133f,0.260667975655299f,-0.12126140844381644f,-0.33057944140289697f,0.1657058316517994f,0.8452174862098181f,0.5080836332354561f,-0.7366203966893834f,0.23493339495822027f,0.46654003844570996f,-0.8527289677620202f,-0.58151711341122f,0f,0f,0f,1f], start_interpolation: 0, interpolation_duration: 1 }
$data merge entity $(bone_body1) { transformation: [-1.1599489765496953f,0.015101296347802317f,-0.6573188727152965f,0.5f,0.007483037087202075f,1.3331984804496733f,0.01742393929085838f,-1.1875f,0.6574497347592771f,0.011469104283936578f,-1.1599164123718821f,-0.12499999999999994f,0f,0f,0f,1f], start_interpolation: 0, interpolation_duration: 1 }
data modify entity @s data merge value {"locators":{"hitbox_head":{"posx":3.2220427159618286,"posy":-0.4458661371855346,"posz":1.733467387849961,"roty":249.84356765073065,"rotx":7.210211441419206},"hitbox_neck":{"posx":2.2754707301254826,"posy":-1.1095120130619198,"posz":1.4456644206295026,"roty":284.85824207741035,"rotx":7.437611386801493},"hitbox_right_arm":{"posx":2.4003051354540688,"posy":-3.3635301981147094,"posz":2.039833708541279,"roty":284.85824207741035,"rotx":7.437611386801493},"hitbox_left_arm":{"posx":2.9160458609097386,"posy":-3.0216802459501046,"posz":0.2698689873359338,"roty":284.85824207741035,"rotx":7.437611386801493},"hitbox_tail1":{"posx":-0.7342608035113145,"posy":0.1663211127465603,"posz":-2.5980960508220643,"roty":3.776230193466148,"rotx":60.882671516661354},"hitbox_tail2":{"posx":-0.75638717294315,"posy":1.7905375304972706,"posz":-3.833911794412473,"roty":9.331420160257892,"rotx":66.82698817380827}},"cameras":{}}