# This file was generated by Animated Java via MC-Build. It is not recommended to edit this file directly.
$data merge entity $(bone_jaw) { transformation: [0.2828125651749309f,0.38566355692010534f,-0.8782258672135024f,3.2121534005063443f,-0.1889575871392638f,0.9200640221824119f,0.3431868665144836f,0.15264760429369306f,0.9403786914013326f,0.06888988277864315f,0.33307972140174175f,1.9411348312571077f,0f,0f,0f,1f], start_interpolation: 0, interpolation_duration: 1 }
$data merge entity $(bone_head) { transformation: [0.31816413582179726f,0.19975857402272684f,-1.060421187444487f,2.9765042477409027f,-0.21257728553167177f,1.0954932841760294f,0.14258457841296662f,0.1843330661632412f,1.057926027826499f,0.16004991855550604f,0.347565163987447f,2.0183715343654294f,0f,0f,0f,1f], start_interpolation: 0, interpolation_duration: 1 }
$data merge entity $(bone_neck) { transformation: [-0.3090113760088543f,0.0708271642996363f,-0.9484173565969716f,2.2851669714419267f,-0.18521234071673182f,0.9736489301026302f,0.1330569417814523f,-0.6494539865150074f,0.932849590418168f,0.21677470725911696f,-0.2877505307542982f,1.0878263064556661f,0f,0f,0f,1f], start_interpolation: 0, interpolation_duration: 1 }
$data merge entity $(bone_right_arm2) { transformation: [-0.3090113760088543f,0.0708271642996363f,-0.9484173565969716f,1.936290535110957f,-0.18521234071673182f,0.9736489301026302f,0.1330569417814523f,-2.3286894686070667f,0.932849590418168f,0.21677470725911696f,-0.2877505307542982f,2.1128340761120974f,0f,0f,0f,1f], start_interpolation: 0, interpolation_duration: 1 }
$data merge entity $(bone_right_arm1) { transformation: [-0.35085666651005326f,0.08041834279854537f,-1.0768488736361446f,1.4737803105965785f,-0.21029317852212256f,1.1054972227206945f,0.1510750693143573f,-0.9014197438986375f,1.0591729724539614f,0.246129615533789f,-0.32671674846060933f,1.908006892490431f,0f,0f,0f,1f], start_interpolation: 0, interpolation_duration: 1 }
$data merge entity $(bone_left_arm2) { transformation: [-0.3090113760088543f,0.0708271642996363f,-0.9484173565969716f,2.477060443126452f,-0.18521234071673182f,0.9736489301026302f,0.1330569417814523f,-2.004567872352786f,0.932849590418168f,0.21677470725911696f,-0.2877505307542982f,0.48034729288030353f,0f,0f,0f,1f], start_interpolation: 0, interpolation_duration: 1 }
$data merge entity $(bone_left_arm1) { transformation: [-0.35085666651005326f,0.08041834279854537f,-1.0768488736361446f,1.8214181086065397f,-0.21029317852212256f,1.1054972227206945f,0.1510750693143573f,-0.6930558605923143f,1.0591729724539614f,0.246129615533789f,-0.32671674846060933f,0.858551103269992f,0f,0f,0f,1f], start_interpolation: 0, interpolation_duration: 1 }
$data merge entity $(bone_body2) { transformation: [-0.48926801201401937f,0.11214301014109082f,-1.5016608146118717f,0.9173903235650527f,-0.2932528728014921f,1.5416108059958313f,0.21067349115396616f,-0.5190376908355842f,1.4770118514954327f,0.3432266198269352f,-0.45560500702763884f,0.6606364992926677f,0f,0f,0f,1f], start_interpolation: 0, interpolation_duration: 1 }
$data merge entity $(bone_right_leg2) { transformation: [-0.8864733236926575f,0.14900823120669482f,-0.438134218492399f,-1.2047709213340485f,0.009737667708151328f,0.952541036396553f,0.30425441953764065f,-2.3513346718572663f,0.4626772354556669f,0.26544702110446294f,-0.845853211129371f,-0.12478583227228318f,0f,0f,0f,1f], start_interpolation: 0, interpolation_duration: 1 }
$data merge entity $(bone_right_leg1) { transformation: [-1.18196443159021f,0.2239700727767139f,-0.5749567520551465f,-0.49612020147398217f,0.012983556944201769f,1.251150716016384f,0.46068545759394686f,-1.1140625856662407f,0.6169029806075559f,0.4027866309721079f,-1.111292679812762f,0.3964237627797617f,0f,0f,0f,1f], start_interpolation: 0, interpolation_duration: 1 }
$data merge entity $(bone_left_leg2) { transformation: [-0.8864733236926575f,0.043093259510812915f,-0.4607689414077589f,0.9716274172418027f,0.009737667708151328f,0.9971715389148919f,0.07452583314335842f,-2.59836158742827f,0.4626772354556669f,0.061578348165891916f,-0.8843855962351839f,-0.2723519104638046f,0f,0f,0f,1f], start_interpolation: 0, interpolation_duration: 1 }
$data merge entity $(bone_left_leg1) { transformation: [-1.18196443159021f,-0.15508832634176006f,-0.5972315055871731f,0.6119714531418398f,0.012983556944201769f,1.2839941709319598f,-0.35912139178779523f,-1.1262346703014299f,0.6169029806075559f,-0.32416717573350673f,-1.1367163817207233f,-0.18192278153982194f,0f,0f,0f,1f], start_interpolation: 0, interpolation_duration: 1 }
$data merge entity $(bone_tail3) { transformation: [-0.9617362304727812f,0.2622336642302857f,0.0793531873358807f,-0.35343068612207007f,0.16184828490360434f,0.3100854384330207f,0.9368309097940584f,1.8147239476251786f,0.2210623343533839f,0.9138274050476703f,-0.3406624694827326f,-2.371646447239761f,0f,0f,0f,1f], start_interpolation: 0, interpolation_duration: 1 }
$data merge entity $(bone_tail2) { transformation: [-1.4826766886455376f,0.41582489987318555f,0.07413231888771511f,-0.6203926704998072f,0.24951610589305667f,0.6439555892438629f,1.3783319712945301f,-0.03147028091686621f,0.3408044321281335f,1.3375899830808224f,-0.6866159678559596f,-1.6159484788720107f,0f,0f,0f,1f], start_interpolation: 0, interpolation_duration: 1 }
$data merge entity $(bone_tail1) { transformation: [-0.9617362304727812f,0.2537122960015905f,-0.10340935090023001f,-0.3108054386608732f,0.16184828490360434f,0.8306521157935292f,0.5327496552805033f,-0.7277539034369213f,0.2210623343533839f,0.49562801916894755f,-0.839931134644322f,-0.6074837482578677f,0f,0f,0f,1f], start_interpolation: 0, interpolation_duration: 1 }
$data merge entity $(bone_body1) { transformation: [-1.18196443159021f,0.0247954705121606f,-0.6165411947919541f,0.5f,0.012983556944201769f,1.3329608141245652f,0.028717120942572477f,-1.1875f,0.6169029806075559f,0.019453288365575593f,-1.1818756533015886f,-0.12499999999999994f,0f,0f,0f,1f], start_interpolation: 0, interpolation_duration: 1 }
data modify entity @s data merge value {"locators":{"hitbox_head":{"posx":3.160088703129523,"posy":-0.46388114127148816,"posz":1.8329090340603018,"roty":251.85285176960946,"rotx":7.281356418321019},"hitbox_neck":{"posx":2.2226532663997576,"posy":-1.123810623384541,"posz":1.5089294027868685,"roty":286.8778363364446,"rotx":7.646277220712777},"hitbox_right_arm":{"posx":2.320358838109253,"posy":-3.380442640895219,"posz":2.098237733631265,"roty":286.8778363364446,"rotx":7.646277220712777},"hitbox_left_arm":{"posx":2.8997551681258544,"posy":-3.033169502051347,"posz":0.34914475159720015,"roty":286.8778363364446,"rotx":7.646277220712777},"hitbox_tail1":{"posx":-0.6694098291520619,"posy":0.24968454617208097,"posz":-2.6004943291818092,"roty":6.162220814948341,"rotx":63.3870703544419},"hitbox_tail2":{"posx":-0.6529762025478871,"posy":1.9347041964409968,"posz":-3.7626675554488656,"roty":13.112531543874269,"rotx":69.52598327936806}},"cameras":{}}