# This file was generated by Animated Java via MC-Build. It is not recommended to edit this file directly.
$data merge entity $(bone_jaw) { transformation: [0.24409035291940784f,0.40648661468540026f,-0.8804479153778952f,3.134874930844079f,-0.19362877211504664f,0.910056750074626f,0.3664759340704773f,0.13229701776247332f,0.9502251302827653f,0.08102680868214195f,0.30084357738514106f,2.055439612410459f,0f,0f,0f,1f], start_interpolation: 0, interpolation_duration: 1 }
$data merge entity $(bone_head) { transformation: [0.2746016470343338f,0.19621382444209326f,-1.073181750936829f,2.8963900973025614f,-0.21783236862942748f,1.0942323816152202f,0.14432447540862872f,0.16436912340883525f,1.069003271568111f,0.17257065255277348f,0.3050842101030233f,2.123236103544464f,0f,0f,0f,1f], start_interpolation: 0, interpolation_duration: 1 }
$data merge entity $(bone_neck) { transformation: [-0.34693443744846125f,0.06475574440237014f,-0.9356512115522613f,2.2408377282130614f,-0.1880905170058902f,0.9725424060235723f,0.13705190950270554f,-0.663557248017317f,0.9188353789035208f,0.22353514724261095f,-0.3252285110848181f,1.1620641548910147f,0f,0f,0f,1f], start_interpolation: 0, interpolation_duration: 1 }
$data merge entity $(bone_right_arm2) { transformation: [-0.34693443744846125f,0.06475574440237014f,-0.9356512115522613f,1.8461510963090693f,-0.1880905170058902f,0.9725424060235723f,0.13705190950270554f,-2.3459086505910585f,0.9188353789035208f,0.22353514724261095f,-0.3252285110848181f,2.165111372550506f,0f,0f,0f,1f], start_interpolation: 0, interpolation_duration: 1 }
$data merge entity $(bone_right_arm1) { transformation: [-0.393915142519607f,0.07352475145685776f,-1.0623539797832966f,1.3962998145976446f,-0.2135611078504378f,1.1042408568392643f,0.15561102224786358f,-0.916445268337669f,1.043261003130039f,0.25380553176504783f,-0.3692698719608872f,1.94777059602827f,0f,0f,0f,1f], start_interpolation: 0, interpolation_duration: 1 }
$data merge entity $(bone_left_arm2) { transformation: [-0.34693443744846125f,0.06475574440237014f,-0.9356512115522613f,2.4532863618438765f,-0.1880905170058902f,0.9725424060235723f,0.13705190950270554f,-2.0167502458307505f,0.9188353789035208f,0.22353514724261095f,-0.3252285110848181f,0.5571494594693444f,0f,0f,0f,1f], start_interpolation: 0, interpolation_duration: 1 }
$data merge entity $(bone_left_arm1) { transformation: [-0.393915142519607f,0.07352475145685776f,-1.0623539797832966f,1.7866010567271635f,-0.2135611078504378f,1.1042408568392643f,0.15561102224786358f,-0.7048434367060425f,1.043261003130039f,0.25380553176504783f,-0.3692698719608872f,0.914080794761809f,0f,0f,0f,1f], start_interpolation: 0, interpolation_duration: 1 }
$data merge entity $(bone_body2) { transformation: [-0.549312859293397f,0.10252992863708607f,-1.4814477516244138f,0.8917918775815379f,-0.29780998525932617f,1.539858809537323f,0.21699885671261712f,-0.527329028483651f,1.4548226832639082f,0.3539306498008007f,-0.514945142550962f,0.6805772235039254f,0f,0f,0f,1f], start_interpolation: 0, interpolation_duration: 1 }
$data merge entity $(bone_right_leg2) { transformation: [-0.9038429791391986f,0.1107884478385923f,-0.4132720519056346f,-1.166651631021783f,0.014604462734447314f,0.9733207031114198f,0.2289836644019165f,-2.4018318014709883f,0.4276149888965728f,0.2009296611259943f,-0.8813470897159511f,-0.09847312777511646f,0f,0f,0f,1f], start_interpolation: 0, interpolation_duration: 1 }
$data merge entity $(bone_right_leg1) { transformation: [-1.2051239721855982f,0.1716129006723989f,-0.544061579018578f,-0.5151759227246742f,0.019472616979263085f,1.2832082537525147f,0.36162850062899976f,-1.108606256254398f,0.5701533185287637f,0.3189096542941354f,-1.162325085140302f,0.35741566425429183f,0f,0f,0f,1f], start_interpolation: 0, interpolation_duration: 1 }
$data merge entity $(bone_left_leg2) { transformation: [-0.9038429791391986f,0.05919755815877755f,-0.42374935772083017f,0.91219076389611f,0.014604462734447314f,0.9940739134138753f,0.10772077022682736f,-2.6023597555822806f,0.4276149888965728f,0.09117403017340492f,-0.8993512759166592f,-0.3747129618565225f,0f,0f,0f,1f], start_interpolation: 0, interpolation_duration: 1 }
$data merge entity $(bone_left_leg1) { transformation: [-1.2051239721855982f,-0.08427812855500338f,-0.5642261838027808f,0.6146278011993243f,0.019472616979263085f,1.3118582270333898f,-0.2375428111532043f,-1.126861834672457f,0.5701533185287637f,-0.2229416223809594f,-1.1844830113423161f,-0.17710307186642418f,0f,0f,0f,1f], start_interpolation: 0, interpolation_duration: 1 }
$data merge entity $(bone_tail3) { transformation: [-0.9660678287490353f,0.2404637235289173f,0.09428758095705367f,-0.27753782741262467f,0.15707982975797846f,0.2571939854321591f,0.9535078295120218f,1.8909070546299407f,0.20503384437533473f,0.9359639157169097f,-0.2862388358286488f,-2.283545536922718f,0f,0f,0f,1f], start_interpolation: 0, interpolation_duration: 1 }
$data merge entity $(bone_tail2) { transformation: [-1.4893545693214292f,0.3857253151134702f,0.09886889922065732f,-0.5734712000765829f,0.2421647375435501f,0.5735356814102839f,1.4103719981447504f,0.011115912341733925f,0.31609384341197433f,1.3780453238340769f,-0.6146640372814978f,-1.6281144190174617f,0f,0f,0f,1f], start_interpolation: 0, interpolation_duration: 1 }
$data merge entity $(bone_tail1) { transformation: [-0.9660678287490353f,0.24425747210488918f,-0.0839716474594478f,-0.28736892286182913f,0.15707982975797846f,0.813680772918108f,0.5596869900815944f,-0.7179452933398801f,0.20503384437533473f,0.5275053431997817f,-0.8244387397231836f,-0.6360098401838574f,0f,0f,0f,1f], start_interpolation: 0, interpolation_duration: 1 }
$data merge entity $(bone_body1) { transformation: [-1.2051239721855982f,0.03514514788105334f,-0.5694021496462776f,0.5f,0.019472616979263085f,1.3325594276127763f,0.041036165099411694f,-1.1875f,0.5701533185287637f,0.028774437240477027f,-1.2049377589360826f,-0.12499999999999994f,0f,0f,0f,1f], start_interpolation: 0, interpolation_duration: 1 }
data modify entity @s data merge value {"locators":{"hitbox_head":{"posx":3.0854884589838507,"posy":-0.48362788732423956,"posz":1.9426179048754166,"roty":254.13060418032137,"rotx":7.370697982798999},"hitbox_neck":{"posx":2.1600435067819745,"posy":-1.1394373974669398,"posz":1.5783097280123983,"roty":289.16724109155246,"rotx":7.877288658959691},"hitbox_right_arm":{"posx":2.227537555342301,"posy":-3.3987326686788517,"posz":2.1616176920317742,"roty":289.16724109155246,"rotx":7.877288658959691},"hitbox_left_arm":{"posx":2.878039625558166,"posy":-3.0460629492928075,"posz":0.4388013565876724,"roty":289.16724109155246,"rotx":7.877288658959691},"hitbox_tail1":{"posx":-0.596272689993808,"posy":0.3414132499463993,"posz":-2.5982510129200027,"roty":9.13777354790247,"rotx":66.18243209660763},"hitbox_tail2":{"posx":-0.5401097002559859,"posy":2.089688102850744,"posz":-3.6730075214547773,"roty":18.231974805432117,"rotx":72.46019837138043}},"cameras":{}}