# This file was generated by Animated Java via MC-Build. It is not recommended to edit this file directly.
$data merge entity $(bone_jaw) { transformation: [-0.8099221903956543f,0.19793976344921138f,-0.5521285136183204f,1.9131525175890454f,-0.05106802615768859f,0.913963257073424f,0.40257076573454253f,-0.00047348113853906f,0.5843099367707718f,0.35424710974884266f,-0.730130730092583f,3.180199853281748f,0f,0f,0f,1f], start_interpolation: 0, interpolation_duration: 1 }
$data merge entity $(bone_head) { transformation: [-0.911162464195111f,0.11287671783871411f,-0.650128303038602f,1.768679561358245f,-0.05745152942739966f,1.0906375380991393f,0.2698779024957416f,0.05949938608273686f,0.6573486788671183f,0.251780871114165f,-0.8775671526057973f,2.9851849304804596f,0f,0f,0f,1f], start_interpolation: 0, interpolation_duration: 1 }
$data merge entity $(bone_neck) { transformation: [-0.8599040271093337f,0.08550978570235415f,-0.5032426260863522f,1.6988927939089993f,-0.03748491297324653f,0.9726294170762222f,0.22931833406284002f,-0.7688557666480687f,0.5090775436616103f,0.21605576499391457f,-0.8331626257534335f,1.8241422749189555f,0f,0f,0f,1f], start_interpolation: 0, interpolation_duration: 1 }
$data merge entity $(bone_right_arm2) { transformation: [-0.8599040271093337f,0.08550978570235415f,-0.5032426260863522f,0.4879624320777223f,-0.03748491297324653f,0.9726294170762222f,0.22931833406284002f,-2.261549496670135f,0.5090775436616103f,0.21605576499391457f,-0.8331626257534335f,2.369761727603686f,0f,0f,0f,1f], start_interpolation: 0, interpolation_duration: 1 }
$data merge entity $(bone_right_arm1) { transformation: [-0.9763493641137225f,0.09708923584954793f,-0.5713900650355456f,0.5229347288493618f,-0.042560994938373654f,1.1043396506386272f,0.2603718584671829f,-0.8156029967852508f,0.5780151276991199f,0.24531331650350713f,-0.9459867313242108f,1.9214488815584603f,0f,0f,0f,1f], start_interpolation: 0, interpolation_duration: 1 }
$data merge entity $(bone_left_arm2) { transformation: [-0.8599040271093337f,0.08550978570235415f,-0.5032426260863522f,1.9927944795190564f,-0.03748491297324653f,0.9726294170762222f,0.22931833406284002f,-2.195950898966953f,0.5090775436616103f,0.21605576499391457f,-0.8331626257534335f,1.4788760261958682f,0f,0f,0f,1f], start_interpolation: 0, interpolation_duration: 1 }
$data merge entity $(bone_left_arm1) { transformation: [-0.9763493641137225f,0.09708923584954793f,-0.5713900650355456f,1.4903267593473624f,-0.042560994938373654f,1.1043396506386272f,0.2603718584671829f,-0.7734324696903485f,0.5780151276991199f,0.24531331650350713f,-0.9459867313242108f,1.348736644939149f,0f,0f,0f,1f], start_interpolation: 0, interpolation_duration: 1 }
$data merge entity $(bone_body2) { transformation: [-1.3615147095897784f,0.1353904940287274f,-0.7968008246367243f,0.9701371573034708f,-0.05935111220764034f,1.539996577037352f,0.3630873622661634f,-0.5f,0.806039444130883f,0.3420882945736981f,-1.3191741574429365f,0.6129675150862752f,0f,0f,0f,1f], start_interpolation: 0, interpolation_duration: 1 }
$data merge entity $(bone_right_leg2) { transformation: [-0.96344365081088f,0.009630340583684019f,-0.26773790962888605f,-0.7224202428061f,6.938893903907228e-18f,0.9993537323810014f,0.03594603700217475f,-2.559203307334717f,0.2679110518664791f,0.03463198112155824f,-0.9628210083766312f,0.8952609896261674f,0f,0f,0f,1f], start_interpolation: 0, interpolation_duration: 1 }
$data merge entity $(bone_right_leg1) { transformation: [-1.2845915344145067f,-0.15164319219847303f,-0.32342960555307604f,-0.44881537653949655f,9.25185853854297e-18f,1.2072275604153355f,-0.5660206667175813f,-1.125f,0.35721473582197216f,-0.5453290175767949f,-1.163095728166063f,0.4794620593901768f,0f,0f,0f,1f], start_interpolation: 0, interpolation_duration: 1 }
$data merge entity $(bone_left_leg2) { transformation: [-0.6499787535305775f,0.40046131097410326f,-0.645877974830958f,0.13228711043255703f,-1.3877787807814457e-17f,0.8498926929868638f,0.5269557954966776f,-2.253808421886024f,0.7599523800599857f,0.3425100711226446f,-0.5524121932223476f,-1.0902830420339038f,0f,0f,0f,1f], start_interpolation: 0, interpolation_duration: 1 }
$data merge entity $(bone_left_leg1) { transformation: [-0.8666383380407701f,0.469757319152607f,-0.8977994374682275f,0.6054239307266107f,-1.850371707708594e-17f,1.1813890725592056f,0.618140467058643f,-1.125f,1.0132698400799809f,0.40177817028558593f,-0.7678777968166776f,-0.19216245104335292f,0f,0f,0f,1f], start_interpolation: 0, interpolation_duration: 1 }
$data merge entity $(bone_tail3) { transformation: [-0.12797665621712717f,0.42477591802583864f,-0.89620722767047f,-2.8078883089151985f,-0.1961372294800134f,0.874950807239164f,0.44270901518202643f,0.7197339647753447f,0.9721893656461111f,0.23243602211542275f,-0.028658906953527068f,-1.1289529675569256f,0f,0f,0f,1f], start_interpolation: 0, interpolation_duration: 1 }
$data merge entity $(bone_tail2) { transformation: [-0.19729734500140436f,0.6444409312626348f,-1.386544537647405f,-1.198837166276972f,-0.3023782287816873f,1.3539833232846819f,0.6723337550182416f,-0.2954461111499342f,1.4987919387044213f,0.3579960299939479f,-0.046879399466354055f,-0.993376111792518f,0f,0f,0f,1f], start_interpolation: 0, interpolation_duration: 1 }
$data merge entity $(bone_tail1) { transformation: [-0.5987124705192688f,0.3451891156331588f,-0.7227640362477311f,-0.32977477544585554f,0.02559249738797846f,0.9101513666044417f,0.4134845994054837f,-0.75f,0.8005550585201247f,0.22906104932193255f,-0.5537532247864343f,-0.49690599892147486f,0f,0f,0f,1f], start_interpolation: 0, interpolation_duration: 1 }
data modify entity @s data merge value {"locators":{"hitbox_head":{"posx":1.886561468958571,"posy":-0.6213764413322688,"posz":3.0890753222519782,"roty":323.467832858413,"rotx":13.880134859358911},"hitbox_neck":{"posx":1.2997799389767437,"posy":-1.1809990462961304,"posz":2.101805463096222,"roty":328.86739901012936,"rotx":13.256942556595666},"hitbox_right_arm":{"posx":0.6003299577242108,"posy":-3.3511808878386047,"posz":2.602104621965339,"roty":328.86739901012936,"rotx":13.256942556595666},"hitbox_left_arm":{"posx":2.2126500085542116,"posy":-3.2808966760137674,"posz":1.6475842275998198,"roty":328.86739901012936,"rotx":13.256942556595666},"hitbox_tail1":{"posx":-2.114675804085226,"posy":-0.6297990347979943,"posz":-1.3099656914465494,"roty":271.9364462394754,"rotx":25.85584291330721},"hitbox_tail2":{"posx":-3.869523266888751,"posy":-0.17961514868616812,"posz":-1.450145881744777,"roty":271.8315797909204,"rotx":26.276855126459786}},"cameras":{}}