# This file was generated by Animated Java via MC-Build. It is not recommended to edit this file directly.
$data merge entity $(bone_jaw) { transformation: [0.06023463145770119f,0.4925980436074835f,-0.8681698892539608f,2.7122751333638146f,-0.2100505673617855f,0.8565292278954044f,0.4714196017476302f,0.05064924549353032f,0.9758332584638356f,0.15396379183100822f,0.15506322091608654f,2.5383249127814107f,0f,0f,0f,1f], start_interpolation: 0, interpolation_duration: 1 }
$data merge entity $(bone_head) { transformation: [0.06776396038991384f,0.17059379261732713f,-1.1099237827854262f,2.465625403855942f,-0.2363068882820087f,1.0892108351472602f,0.1529830420284612f,0.08464547705541059f,1.097812415771815f,0.22392524314655562f,0.10144153616249849f,2.560867476373077f,0f,0f,0f,1f], start_interpolation: 0, interpolation_duration: 1 }
$data merge entity $(bone_neck) { transformation: [-0.5144096321140237f,0.030801833825582402f,-0.8569912353234984f,1.9937978927729303f,-0.1968989997279309f,0.9684127335259298f,0.15299529878717388f,-0.7215348721873457f,0.8346337605767304f,0.24744297237508595f,-0.4920959877175667f,1.48081444791566f,0f,0f,0f,1f], start_interpolation: 0, interpolation_duration: 1 }
$data merge entity $(bone_right_arm2) { transformation: [-0.5144096321140237f,0.030801833825582402f,-0.8569912353234984f,1.4028928691150289f,-0.1968989997279309f,0.9684127335259298f,0.15299529878717388f,-2.41305091977937f,0.8346337605767304f,0.24744297237508595f,-0.4920959877175667f,2.365004593616522f,0f,0f,0f,1f], start_interpolation: 0, interpolation_duration: 1 }
$data merge entity $(bone_right_arm1) { transformation: [-0.5840692697961309f,0.034972915489463345f,-0.9730421317735554f,1.014891811761833f,-0.22356240594108817f,1.099551957857566f,0.17371341216460365f,-0.9752940016954266f,0.9476570823214959f,0.2809508748842121f,-0.5587339860543205f,2.090634453122767f,0f,0f,0f,1f], start_interpolation: 0, interpolation_duration: 1 }
$data merge entity $(bone_left_arm2) { transformation: [-0.5144096321140237f,0.030801833825582402f,-0.8569912353234984f,2.3031097253145703f,-0.1968989997279309f,0.9684127335259298f,0.15299529878717388f,-2.068477670255491f,0.8346337605767304f,0.24744297237508595f,-0.4920959877175667f,0.9043955126072438f,0f,0f,0f,1f], start_interpolation: 0, interpolation_duration: 1 }
$data merge entity $(bone_left_arm1) { transformation: [-0.5840692697961309f,0.034972915489463345f,-0.9730421317735554f,1.5936026478901097f,-0.22356240594108817f,1.099551957857566f,0.17371341216460365f,-0.7537826270015043f,0.9476570823214959f,0.2809508748842121f,-0.5587339860543205f,1.1516714724739452f,0f,0f,0f,1f], start_interpolation: 0, interpolation_duration: 1 }
$data merge entity $(bone_body2) { transformation: [-0.8144819175138709f,0.04876957022383881f,-1.3569027892622059f,0.7599478773813024f,-0.31175674956922395f,1.5333201614160556f,0.24224255641302533f,-0.5621299260261539f,1.32150345424649f,0.3917847062605528f,-0.779151980552814f,0.7579612797982149f,0f,0f,0f,1f], start_interpolation: 0, interpolation_duration: 1 }
$data merge entity $(bone_right_leg2) { transformation: [-0.9656258961113918f,0.0017041807127281f,-0.2599302301141018f,-1.0448946987385461f,0.03840642349342614f,0.9899383610126293f,-0.13618732698042327f,-2.52682915359106f,0.2570828181608315f,-0.14148900015099228f,-0.9559755684340252f,0.10702061977337848f,0f,0f,0f,1f], start_interpolation: 0, interpolation_duration: 1 }
$data merge entity $(bone_right_leg1) { transformation: [-1.287501194815189f,0.017387408140817386f,-0.3461446650829432f,-0.5829115324161407f,0.05120856465790152f,1.326582089086847f,-0.12383626931328413f,-1.0819861219840368f,0.34277709088110864f,-0.13287368712389735f,-1.281649806700318f,0.1677467924780019f,0f,0f,0f,1f], start_interpolation: 0, interpolation_duration: 1 }
$data merge entity $(bone_left_leg2) { transformation: [-0.9656258961113918f,0.10146638264402037f,-0.2393140237265856f,0.767874102213812f,0.03840642349342614f,0.9662540690387698f,0.25471164225544124f,-2.458634592216331f,0.2570828181608315f,0.2367649620597556f,-0.936936912149013f,-0.8738407740205806f,0f,0f,0f,1f], start_interpolation: 0, interpolation_duration: 1 }
$data merge entity $(bone_left_leg1) { transformation: [-1.287501194815189f,0.13295415431531882f,-0.32006506210071833f,0.624120837723099f,0.05120856465790152f,1.2907850969053258f,0.3301958423277971f,-1.1299941513508194f,0.34277709088110864f,0.306553101819545f,-1.2515218094422795f,-0.1536067302230375f,0f,0f,0f,1f], start_interpolation: 0, interpolation_duration: 1 }
$data merge entity $(bone_tail3) { transformation: [-0.9836652665617931f,0.1288702449140179f,0.1256785715057165f,0.003468083185870774f,0.1287206427789321f,0.015521458111072028f,0.9915594185225033f,2.158468643355916f,0.12583179042871093f,0.9915399862405487f,-0.03185617999066609f,-1.8391066318686038f,0f,0f,0f,1f], start_interpolation: 0, interpolation_duration: 1 }
$data merge entity $(bone_tail2) { transformation: [-1.5164839526160976f,0.22446259489537487f,0.16318417834398935f,-0.35848797344626354f,0.19844432428418698f,0.2434138820575118f,1.5093394725151115f,0.18689231424425112f,0.19399067691092933f,1.5056899868916036f,-0.2683307506737028f,-1.6583973582994602f,0f,0f,0f,1f], start_interpolation: 0, interpolation_duration: 1 }
$data merge entity $(bone_tail1) { transformation: [-0.9836652665617931f,0.17987307267976735f,-0.006951336897000088f,-0.16536156484467723f,0.1287206427789321f,0.7298747879510488f,0.6713522101222206f,-0.6764330689295743f,0.12583179042871093f,0.6594910701731683f,-0.7411058553805618f,-0.7556084997791412f,0f,0f,0f,1f], start_interpolation: 0, interpolation_duration: 1 }
$data merge entity $(bone_body1) { transformation: [-1.287501194815189f,0.07290881512906827f,-0.3388255536462881f,0.5f,0.05120856465790152f,1.329208567164988f,0.09143328528853469f,-1.1875f,0.34277709088110864f,0.07527727033741592f,-1.2863183806178817f,-0.12499999999999994f,0f,0f,0f,1f], start_interpolation: 0, interpolation_duration: 1 }
data modify entity @s data merge value {"locators":{"hitbox_head":{"posx":2.679163236508934,"posy":-0.5629669430343066,"posz":2.4082863590242964,"roty":264.77795730124217,"rotx":7.815577247442843},"hitbox_neck":{"posx":1.8321662934467624,"posy":-1.2022635594719315,"posz":1.8668522120280637,"roty":299.8650267549658,"rotx":8.800548620041004},"hitbox_right_arm":{"posx":1.7684360509440693,"posy":-3.4702674901818824,"posz":2.415774225136265,"roty":299.8650267549658,"rotx":8.800548620041004},"hitbox_left_arm":{"posx":2.7329541111578637,"posy":-3.101081865692012,"posz":0.8508359240548955,"roty":299.8650267549658,"rotx":8.800548620041004},"hitbox_tail1":{"posx":-0.2719565114893076,"posy":0.7254684884769962,"posz":-2.5262851739993994,"roty":31.305693702474883,"rotx":78.24593136581055},"hitbox_tail2":{"posx":-0.0949799167918122,"posy":2.695848902504042,"posz":-3.1584219650540737,"roty":75.77660331743556,"rotx":82.55045475613817}},"cameras":{}}