# This file was generated by Animated Java via MC-Build. It is not recommended to edit this file directly.
$data merge entity $(bone_jaw) { transformation: [-0.2078115342868308f,0.5592295577833734f,-0.8025438728934178f,1.8283788409189456f,-0.2314599119779967f,0.7690420757369079f,0.5958192636138966f,-0.01941746772989466f,0.9503897491895057f,0.30957484950764447f,-0.030376589469982312f,3.110910724086862f,0f,0f,0f,1f], start_interpolation: 0, interpolation_duration: 1 }
$data merge entity $(bone_head) { transformation: [-0.23378797607268464f,0.07378414735833373f,-1.09796360679325f,1.5843869282982235f,-0.2603924009752463f,1.0868820256045997f,0.12848447350551212f,0.009134637493552478f,1.069188467838194f,0.28083511535462535f,-0.20878854907673883f,3.0645132687364756f,0f,0f,0f,1f], start_interpolation: 0, interpolation_duration: 1 }
$data merge entity $(bone_neck) { transformation: [-0.7323104033958672f,-0.06091632894047341f,-0.6782408672047113f,1.4641950248915823f,-0.2231604086882354f,0.962458775782946f,0.15450740083404552f,-0.7763603442540481f,0.6433668510828657f,0.26450388614689324f,-0.7184126872076446f,1.8780841558077574f,0f,0f,0f,1f], start_interpolation: 0, interpolation_duration: 1 }
$data merge entity $(bone_right_arm2) { transformation: [-0.7323104033958672f,-0.06091632894047341f,-0.6782408672047113f,0.6720056056750787f,-0.2231604086882354f,0.962458775782946f,0.15450740083404552f,-2.4957105340447403f,0.6433668510828657f,0.26450388614689324f,-0.7184126872076446f,2.5171916185619723f,0f,0f,0f,1f], start_interpolation: 0, interpolation_duration: 1 }
$data merge entity $(bone_right_arm1) { transformation: [-0.8314774371890574f,-0.06916541515116251f,-0.7700859846386826f,0.35460932879867685f,-0.2533800473647672f,1.0927917350035532f,0.1754302780303225f,-1.0565219250411437f,0.730489445500337f,0.300322120729285f,-0.8156977386003463f,2.1693921057111183f,0f,0f,0f,1f], start_interpolation: 0, interpolation_duration: 1 }
$data merge entity $(bone_left_arm2) { transformation: [-0.7323104033958672f,-0.06091632894047341f,-0.6782408672047113f,1.9535488116178463f,-0.2231604086882354f,0.962458775782946f,0.15450740083404552f,-2.105179818840328f,0.6433668510828657f,0.26450388614689324f,-0.7184126872076446f,1.391299629166957f,0f,0f,0f,1f], start_interpolation: 0, interpolation_duration: 1 }
$data merge entity $(bone_left_arm1) { transformation: [-0.8314774371890574f,-0.06916541515116251f,-0.7700859846386826f,1.1784585326190273f,-0.2533800473647672f,1.0927917350035532f,0.1754302780303225f,-0.8054664652668789f,0.730489445500337f,0.300322120729285f,-0.8156977386003463f,1.4456043982428943f,0f,0f,0f,1f], start_interpolation: 0, interpolation_duration: 1 }
$data merge entity $(bone_body2) { transformation: [-1.1594914720434564f,-0.09645085415574958f,-1.0738813730741263f,0.4930310488435892f,-0.35333731375637273f,1.5238930616563313f,0.24463671798723877f,-0.6144096290415418f,1.0186641808812043f,0.418797819732581f,-1.1374867547454375f,0.8288344250625874f,0f,0f,0f,1f], start_interpolation: 0, interpolation_duration: 1 }
$data merge entity $(bone_right_leg2) { transformation: [-0.9976279320794579f,0.06804264271877358f,-0.01042630839319323f,-1.094014364345753f,0.05554419708850307f,0.7062264515561469f,-0.7058038263513501f,-2.311476874311513f,-0.04066142280661332f,-0.7047087326649633f,-0.7083306084033665f,0.5587650789977929f,0f,0f,0f,1f], start_interpolation: 0, interpolation_duration: 1 }
$data merge entity $(bone_right_leg1) { transformation: [-1.3301705761059437f,0.09124356051268485f,-0.009931208623696466f,-0.619204299117039f,0.07405892945133742f,0.9817880146223873f,-0.8991025231252165f,-1.0630885910974677f,-0.05421523040881776f,-0.8975214118819543f,-0.9845271970763021f,-0.1628785978202008f,0f,0f,0f,1f], start_interpolation: 0, interpolation_duration: 1 }
$data merge entity $(bone_left_leg2) { transformation: [-0.9976279320794579f,0.028728989463776358f,0.06255521000887834f,1.0281268359769211f,0.05554419708850307f,0.872748622278986f,0.4849996747214636f,-1.6865284795796147f,-0.04066142280661332f,0.4873238014652293f,-0.8722741319223102f,-1.4676047517695314f,0f,0f,0f,1f], start_interpolation: 0, interpolation_duration: 1 }
$data merge entity $(bone_left_leg1) { transformation: [-1.3301705761059437f,-0.00435802832186811f,0.09167891703606214f,0.6278306159822833f,0.07405892945133742f,0.7357390510637449f,1.1094958771830203f,-1.1325188374580966f,-0.05421523040881776f,1.1119563094414922f,-0.7337517648787993f,-0.11205181931193416f,0f,0f,0f,1f], start_interpolation: 0, interpolation_duration: 1 }
$data merge entity $(bone_tail3) { transformation: [-0.998977909978172f,-0.0341253466827718f,0.029641121595244586f,0.12184017104042372f,0.0400781381537381f,-0.3654846670783493f,0.9299541391771737f,2.356444908737845f,-0.020901631940432826f,0.9301916032970892f,0.36647878920589366f,-1.0517537068743978f,0f,0f,0f,1f], start_interpolation: 0, interpolation_duration: 1 }
$data merge entity $(bone_tail2) { transformation: [-1.5400909445496818f,-0.04241251028845867f,0.05529170460576986f,-0.06960356837654752f,0.061787129653679565f,-0.2654695478526058f,1.5173807633165788f,0.425247549686547f,-0.0322233492415006f,1.518045852155025f,0.266898028523434f,-1.5852397001594505f,0f,0f,0f,1f], start_interpolation: 0, interpolation_duration: 1 }
$data merge entity $(bone_tail1) { transformation: [-0.998977909978172f,0.004533852220252495f,0.04497309817755888f,0.061488417022411146f,0.0400781381537381f,0.5489277862118176f,0.83490839519478f,-0.6259025952107541f,-0.020901631940432826f,0.8358574816968728f,-0.5485484409544784f,-0.8956350929775214f,0f,0f,0f,1f], start_interpolation: 0, interpolation_duration: 1 }
$data merge entity $(bone_body1) { transformation: [-1.3301705761059437f,0.06671198874349066f,0.06303591672727338f,0.5f,0.07405892945133742f,1.321049326463281f,0.1646867626654036f,-1.1875f,-0.05421523040881776f,0.16779739386110118f,-1.3216211715854582f,-0.12499999999999994f,0f,0f,0f,1f], start_interpolation: 0, interpolation_duration: 1 }
data modify entity @s data merge value {"locators":{"hitbox_head":{"posx":1.8483856260972742,"posy":-0.6303788415938674,"posz":2.966490579394111,"roty":280.7668041478871,"rotx":6.557970095634392},"hitbox_neck":{"posx":1.205663554946915,"posy":-1.2681760146210261,"posz":2.1903802099450607,"roty":316.6475390907638,"rotx":8.888228243002082},"hitbox_right_arm":{"posx":1.0262729680056661,"posy":-3.549370535787724,"posz":2.6521045042115805,"roty":316.6475390907638,"rotx":8.888228243002082},"hitbox_left_arm":{"posx":2.3993549743729172,"posy":-3.1309447694972823,"posz":1.445791658431207,"roty":316.6475390907638,"rotx":8.888228243002082},"hitbox_tail1":{"posx":0.10055889499741208,"posy":1.2260549298786936,"posz":-2.202113695306188,"roty":168.29592844159527,"rotx":79.81663536721489},"hitbox_tail2":{"posx":0.18330281945888677,"posy":3.3592427375653386,"posz":-2.0664858672735122,"roty":175.37593335157828,"rotx":68.42766725268082}},"cameras":{}}