# This file was generated by Animated Java via MC-Build. It is not recommended to edit this file directly.
$data merge entity $(bone_jaw) { transformation: [-0.19449049486771292f,0.55738194253626f,-0.8071547667830609f,1.8322592614841147f,-0.23414525474242054f,0.7727003621135786f,0.5900086016925105f,-0.01717604774867942f,0.9525489210994462f,0.3037425234043626f,-0.01977453888795322f,3.105432957025415f,0f,0f,0f,1f], start_interpolation: 0, interpolation_duration: 1 }
$data merge entity $(bone_head) { transformation: [-0.21880180672617702f,0.06633417025590616f,-1.1015219231725808f,1.5874766118902077f,-0.26341341158522313f,1.0873639558138504f,0.11780493280796343f,0.009002826208645787f,1.071617536236877f,0.2808280709852834f,-0.19595012267485362f,3.061888485319892f,0f,0f,0f,1f], start_interpolation: 0, interpolation_duration: 1 }
$data merge entity $(bone_neck) { transformation: [-0.7274343570148146f,-0.0660605304309846f,-0.6829899432302208f,1.4664537751059818f,-0.22940570694411f,0.9614938959850974f,0.15133575124494564f,-0.7749212869169468f,0.6466933414346526f,0.26676861566266724f,-0.7145783566842113f,1.87450524565506f,0f,0f,0f,1f], start_interpolation: 0, interpolation_duration: 1 }
$data merge entity $(bone_right_arm2) { transformation: [-0.7274343570148146f,-0.0660605304309846f,-0.6829899432302208f,0.6892541610608185f,-0.22940570694411f,0.9614938959850974f,0.15133575124494564f,-2.500877062802103f,0.6466933414346526f,0.26676861566266724f,-0.7145783566842113f,2.514212146990913f,0f,0f,0f,1f], start_interpolation: 0, interpolation_duration: 1 }
$data merge entity $(bone_right_arm1) { transformation: [-0.8259410928605707f,-0.07500622726018043f,-0.7754781647093131f,0.360317365466504f,-0.26047106309279155f,1.0916961943997459f,0.171829134226032f,-1.0631837119207281f,0.7342663980872617f,0.30289353236698674f,-0.8113441758185315f,2.1709816656294394f,0f,0f,0f,1f], start_interpolation: 0, interpolation_duration: 1 }
$data merge entity $(bone_left_arm2) { transformation: [-0.7274343570148146f,-0.0660605304309846f,-0.6829899432302208f,1.9622642858367443f,-0.22940570694411f,0.9614938959850974f,0.15133575124494564f,-2.09941707564991f,0.6466933414346526f,0.26676861566266724f,-0.7145783566842113f,1.3824987994802709f,0f,0f,0f,1f], start_interpolation: 0, interpolation_duration: 1 }
$data merge entity $(bone_left_arm1) { transformation: [-0.8259410928605707f,-0.07500622726018043f,-0.7754781647093131f,1.1786810171081705f,-0.26047106309279155f,1.0916961943997459f,0.171829134226032f,-0.8051022916086044f,0.7342663980872617f,0.30289353236698674f,-0.8113441758185315f,1.4434516565154552f,0f,0f,0f,1f], start_interpolation: 0, interpolation_duration: 1 }
$data merge entity $(bone_body2) { transformation: [-1.1517710652734565f,-0.10459583984905896f,-1.0814007434478496f,0.488784514864476f,-0.36322570266150755f,1.5223653353097377f,0.23961493947116394f,-0.6174695130014061f,1.0239311239382f,0.42238364146588986f,-1.131415731416668f,0.8306258194425895f,0f,0f,0f,1f], start_interpolation: 0, interpolation_duration: 1 }
$data merge entity $(bone_right_leg2) { transformation: [-0.9978258048719701f,0.06553308419925852f,-0.007005569708299533f,-1.0897743073981299f,0.05078639506765339f,0.6968047843325033f,-0.7154605751593627f,-2.308842225294304f,-0.04200482362345048f,-0.7142608118934335f,-0.6986179838693648f,0.5741791906509405f,0f,0f,0f,1f], start_interpolation: 0, interpolation_duration: 1 }
$data merge entity $(bone_right_leg1) { transformation: [-1.3304344064959601f,0.08770171984381939f,-0.005520518631082327f,-0.6197423423103632f,0.06771519342353785f,0.969799376732826f,-0.9125138898921006f,-1.0684517274611347f,-0.056006431497933974f,-0.9108102738786141f,-0.9721448978448679f,-0.16418986658325563f,0f,0f,0f,1f], start_interpolation: 0, interpolation_duration: 1 }
$data merge entity $(bone_left_leg2) { transformation: [-0.9978258048719701f,0.023429696277193074f,0.0616012375197401f,1.0340823752235346f,0.05078639506765339f,0.8690526217077944f,0.4921059670221866f,-1.6572901564574887f,-0.04200482362345048f,0.49416453741154626f,-0.8683530415431244f,-1.476752477741683f,0f,0f,0f,1f], start_interpolation: 0, interpolation_duration: 1 }
$data merge entity $(bone_left_leg1) { transformation: [-1.3304344064959601f,-0.011061647473199196f,0.08717630265558741f,0.6275399137795995f,0.06771519342353785f,0.7139746675794264f,1.124025179616648f,-1.1319347212957014f,-0.056006431497933974f,1.1260086996945464f,-0.7118605661369656f,-0.11168383705394253f,0f,0f,0f,1f], start_interpolation: 0, interpolation_duration: 1 }
$data merge entity $(bone_tail3) { transformation: [-0.9991620630599489f,-0.03320539053846585f,0.023928513973381374f,0.10387414519290095f,0.03473765584315461f,-0.3788266918710336f,0.9248154587768155f,2.36438168542376f,-0.021644098694768753f,0.9248717422244217f,0.37966273642070036f,-1.0132133766032756f,0f,0f,0f,1f], start_interpolation: 0, interpolation_duration: 1 }
$data merge entity $(bone_tail2) { transformation: [-1.540374847217421f,-0.04255887722361077f,0.04658522448676326f,-0.07627991884792751f,0.053553886091530015f,-0.2798886941257628f,1.5151007924544764f,0.43722824607310173f,-0.033367985487768495f,1.5154494950281756f,0.2811325606799171f,-1.564942825163441f,0f,0f,0f,1f], start_interpolation: 0, interpolation_duration: 1 }
$data merge entity $(bone_tail1) { transformation: [-0.9991620630599489f,0.00022739390891676758f,0.04092823027931372f,0.05990268012667077f,0.03473765584315461f,0.5335256950964664f,0.8450701911311007f,-0.6256228033113657f,-0.021644098694768753f,0.8457838263787283f,-0.5330865333394275f,-0.8945263899838876f,0f,0f,0f,1f], start_interpolation: 0, interpolation_duration: 1 }
$data merge entity $(bone_body1) { transformation: [-1.3304344064959601f,0.059982680972868116f,0.06421951239948057f,0.5f,0.06771519342353785f,1.3208229992054465f,0.16917161442546963f,-1.1875f,-0.056006431497933974f,0.1720652798533569f,-1.3209975764086892f,-0.12499999999999994f,0f,0f,0f,1f], start_interpolation: 0, interpolation_duration: 1 }
data modify entity @s data merge value {"locators":{"hitbox_head":{"posx":1.8566026070737545,"posy":-0.6278118528012608,"posz":2.960303479959972,"roty":280.0868502879846,"rotx":6.010775310667476},"hitbox_neck":{"posx":1.2128830384139713,"posy":-1.2691013202890316,"posz":2.1871359800844123,"roty":316.29480230958666,"rotx":8.70434322850735},"hitbox_right_arm":{"posx":1.0513450157934876,"posy":-3.5523766910936803,"posz":2.645151043510017,"roty":316.29480230958666,"rotx":8.70434322850735},"hitbox_left_arm":{"posx":2.415284435196265,"posy":-3.1222409905734736,"posz":1.4326010283200434,"roty":316.29480230958666,"rotx":8.70434322850735},"hitbox_tail1":{"posx":0.09009414968474416,"posy":1.2447011625998043,"posz":-2.1741130874019605,"roty":170.59126595352757,"rotx":79.3480267145691},"hitbox_tail2":{"posx":0.16091600938466438,"posy":3.38180041406645,"posz":-2.0135472490361854,"roty":176.39366278002407,"rotx":67.6405441876465}},"cameras":{}}