# This file was generated by Animated Java via MC-Build. It is not recommended to edit this file directly.
$data merge entity $(bone_jaw) { transformation: [-0.14524064957115906f,0.5510687300061398f,-0.8217228295000498f,1.8798447931508286f,-0.24121466085858478f,0.7857464405116786f,0.5695770523907233f,-0.0059046371666804445f,0.9595418912684456f,0.28093733470766585f,0.018803533400059746f,3.0719803127397416f,0f,0f,0f,1f], start_interpolation: 0, interpolation_duration: 1 }
$data merge entity $(bone_head) { transformation: [-0.16339573076755395f,0.046616020944707355f,-1.112094322329819f,1.6327127215219799f,-0.2713664934659079f,1.0884281602630488f,0.08549483124968635f,0.013094214222138745f,1.0794846276770014f,0.280670779629226f,-0.14683954532539248f,3.039349302667432f,0f,0f,0f,1f], start_interpolation: 0, interpolation_duration: 1 }
$data merge entity $(bone_neck) { transformation: [-0.7046138403591186f,-0.07908297746887319f,-0.7051703472559182f,1.4960943981167834f,-0.24822713429320292f,0.9584523218987031f,0.14054336144965607f,-0.7669563294707863f,0.6647575691746268f,0.2740712121359012f,-0.6949693122026317f,1.8511072890210853f,0f,0f,0f,1f], start_interpolation: 0, interpolation_duration: 1 }
$data merge entity $(bone_right_arm2) { transformation: [-0.7046138403591186f,-0.07908297746887319f,-0.7051703472559182f,0.7731515878449849f,-0.24822713429320292f,0.9584523218987031f,0.14054336144965607f,-2.5123957321251367f,0.6647575691746268f,0.2740712121359012f,-0.6949693122026317f,2.501478325228833f,0f,0f,0f,1f], start_interpolation: 0, interpolation_duration: 1 }
$data merge entity $(bone_right_arm1) { transformation: [-0.800030297907749f,-0.08979213066778309f,-0.8006621651134903f,0.4047423912908697f,-0.28184122539540746f,1.0882427404891524f,0.15957527497929697f,-1.0802325191698243f,0.7547768233336908f,0.31118502211263777f,-0.789079739896738f,2.1756686486508228f,0f,0f,0f,1f], start_interpolation: 0, interpolation_duration: 1 }
$data merge entity $(bone_left_arm2) { transformation: [-0.7046138403591186f,-0.07908297746887319f,-0.7051703472559182f,2.0062258084734426f,-0.24822713429320292f,0.9584523218987031f,0.14054336144965607f,-2.0779982471120313f,0.6647575691746268f,0.2740712121359012f,-0.6949693122026317f,1.3381525791732356f,0f,0f,0f,1f], start_interpolation: 0, interpolation_duration: 1 }
$data merge entity $(bone_left_arm1) { transformation: [-0.800030297907749f,-0.08979213066778309f,-0.8006621651134903f,1.197432961694878f,-0.28184122539540746f,1.0882427404891524f,0.15957527497929697f,-0.8009769930899711f,0.7547768233336908f,0.31118502211263777f,-0.789079739896738f,1.4278163833293676f,0f,0f,0f,1f], start_interpolation: 0, interpolation_duration: 1 }
$data merge entity $(bone_body2) { transformation: [-1.1156385805686044f,-0.1252147143257159f,-1.1165197164885372f,0.48735471002820535f,-0.393026295964238f,1.5175495096729468f,0.22252698896195547f,-0.6248285175055747f,1.0525328178598259f,0.4339460858818436f,-1.1003680776541669f,0.8349594519713084f,0f,0f,0f,1f], start_interpolation: 0, interpolation_duration: 1 }
$data merge entity $(bone_right_leg2) { transformation: [-0.9988877536348468f,0.047124962653075496f,-0.0015790925482261264f,-1.0641487834115275f,0.033741775436988884f,0.6910150555778377f,-0.7220524119169729f,-2.328666352253819f,-0.03293551622017541f,-0.7213025931325245f,-0.6918365565013216f,0.6007844589051857f,0f,0f,0f,1f], start_interpolation: 0, interpolation_duration: 1 }
$data merge entity $(bone_right_leg1) { transformation: [-1.3318503381797957f,0.0628653189069511f,0.0006372965313640223f,-0.6219385702264417f,0.044989033915985174f,0.9624704616197453f,-0.9216313661733517f,-1.087648700162023f,-0.04391402162690054f,-0.9205847815198662f,-0.9635211448205743f,-0.15354492177103216f,0f,0f,0f,1f], start_interpolation: 0, interpolation_duration: 1 }
$data merge entity $(bone_left_leg2) { transformation: [-0.9988877536348468f,0.01252775117329723f,0.04545669465402839f,1.0312018989351732f,0.033741775436988884f,0.8633186763391205f,0.503529895512102f,-1.615318478196953f,-0.03293551622017541f,0.5045036357991967f,-0.8627811618462133f,-1.4927158199646433f,0f,0f,0f,1f], start_interpolation: 0, interpolation_duration: 1 }
$data merge entity $(bone_left_leg1) { transformation: [-1.3318503381797957f,-0.014478001342186903f,0.06117877038055919f,0.6266711218171168f,0.044989033915985174f,0.6868235191403633f,1.1419401114597605f,-1.1298259194582592f,-0.04391402162690054f,1.1427342730532586f,-0.6855710887076333f,-0.11237552649581288f,0f,0f,0f,1f], start_interpolation: 0, interpolation_duration: 1 }
$data merge entity $(bone_tail3) { transformation: [-0.9996333392924591f,-0.024006957253200487f,0.012524095913492968f,0.04543395222691338f,0.021026369850359602f,-0.3967884221259802f,0.9176692431577353f,2.3870575174324635f,-0.017061030036995294f,0.917596106176469f,0.3971477145645669f,-0.9500286078574872f,0f,0f,0f,1f], start_interpolation: 0, interpolation_duration: 1 }
$data merge entity $(bone_tail2) { transformation: [-1.5411013980758743f,-0.031903582607366233f,0.026921243962924276f,-0.11056490676537961f,0.03241565351930438f,-0.28814807233113243f,1.514151916067169f,0.4604256610763521f,-0.026302421307034408f,1.5141627920866956f,0.2887132362825087f,-1.5108630719080725f,0f,0f,0f,1f], start_interpolation: 0, interpolation_duration: 1 }
$data merge entity $(bone_tail1) { transformation: [-0.9996333392924591f,-0.004347426737535048f,0.026726145546433218f,0.04345866241891494f,0.021026369850359602f,0.4972790005340311f,0.8673358561703712f,-0.6276866034835543f,-0.017061030036995294f,0.8675797920126059f,-0.4970052572613694f,-0.8864075571994241f,0f,0f,0f,1f], start_interpolation: 0, interpolation_duration: 1 }
$data merge entity $(bone_body1) { transformation: [-1.3318503381797957f,0.03861658907223516f,0.04961061898996706f,0.5f,0.044989033915985174f,1.3203584527224428f,0.18002033476660462f,-1.1875f,-0.04391402162690054f,0.18149405816885625f,-1.3201928811093209f,-0.12499999999999994f,0f,0f,0f,1f], start_interpolation: 0, interpolation_duration: 1 }
data modify entity @s data merge value {"locators":{"hitbox_head":{"posx":1.9157300216443143,"posy":-0.6153366612711345,"posz":2.9242098543526933,"roty":277.5217525600723,"rotx":4.358418082439417},"hitbox_neck":{"posx":1.2615898878950413,"posy":-1.2680574375106084,"posz":2.1675805330827647,"roty":314.5825659891051,"rotx":8.07928944278213},"hitbox_right_arm":{"posx":1.1607813739193724,"posy":-3.556633930641993,"posz":2.6164391172676615,"roty":314.5825659891051,"rotx":8.07928944278213},"hitbox_left_arm":{"posx":2.48193232459272,"posy":-3.0912080538422373,"posz":1.3700186750652361,"roty":314.5825659891051,"rotx":8.07928944278213},"hitbox_tail1":{"posx":0.04191534206025463,"posy":1.273207416657724,"posz":-2.1165996825831543,"roty":174.672823510868,"rotx":79.15890319508901},"hitbox_tail2":{"posx":0.08398788757307882,"posy":3.4240312707490386,"posz":-1.9309779077715339,"roty":178.19377001207056,"rotx":66.58768508170242}},"cameras":{}}