# This file was generated by Animated Java via MC-Build. It is not recommended to edit this file directly.
$data merge entity $(bone_jaw) { transformation: [-0.13119540997662738f,0.5486547207923806f,-0.8256910813090448f,1.898818632740939f,-0.24313799564940697f,0.7896440870022641f,0.5633348302155212f,-0.0013210983073934715f,0.9610783940307124f,0.2746638185393117f,0.029801129387162992f,3.0599452357185153f,0f,0f,0f,1f], start_interpolation: 0, interpolation_duration: 1 }
$data merge entity $(bone_head) { transformation: [-0.14759483622370578f,0.041395860339378206f,-1.1145075805336004f,1.65115028151125f,-0.2735302451055828f,1.088544978732164f,0.0766552952474431f,0.015713411747593886f,1.0812131932845515f,0.2810359621538775f,-0.13274719825166598f,3.0304458583292564f,0f,0f,0f,1f], start_interpolation: 0, interpolation_duration: 1 }
$data merge entity $(bone_neck) { transformation: [-0.6967700126851284f,-0.08267151304018933f,-0.7125145404512188f,1.5084557063424f,-0.25373066906100955f,0.9575201861782457f,0.13702496356149885f,-0.7634536686425696f,0.6709189943656523f,0.27626167666331036f,-0.688147650585656f,1.8423383635908175f,0f,0f,0f,1f], start_interpolation: 0, interpolation_duration: 1 }
$data merge entity $(bone_right_arm2) { transformation: [-0.6967700126851284f,-0.08267151304018933f,-0.7125145404512188f,0.8028337152302243f,-0.25373066906100955f,0.9575201861782457f,0.13702496356149885f,-2.514460786900467f,0.6709189943656523f,0.27626167666331036f,-0.688147650585656f,2.496753505124891f,0f,0f,0f,1f], start_interpolation: 0, interpolation_duration: 1 }
$data merge entity $(bone_right_arm1) { transformation: [-0.7911242852362395f,-0.09386661376438162f,-0.8090008844706545f,0.42221423676886544f,-0.28809003049635457f,1.0871843780565498f,0.15558042737711847f,-1.0842200460114235f,0.7617726081860009f,0.3136721120448003f,-0.7813343116024635f,2.176583260228581f,0f,0f,0f,1f], start_interpolation: 0, interpolation_duration: 1 }
$data merge entity $(bone_left_arm2) { transformation: [-0.6967700126851284f,-0.08267151304018933f,-0.7125145404512188f,2.0221812374291988f,-0.25373066906100955f,0.9575201861782457f,0.13702496356149885f,-2.0704321160437003f,0.6709189943656523f,0.27626167666331036f,-0.688147650585656f,1.3226452649849996f,0f,0f,0f,1f], start_interpolation: 0, interpolation_duration: 1 }
$data merge entity $(bone_left_arm1) { transformation: [-0.7911242852362395f,-0.09386661376438162f,-0.8090008844706545f,1.206080501039635f,-0.28809003049635457f,1.0871843780565498f,0.15558042737711847f,-0.7987730433177878f,0.7617726081860009f,0.3136721120448003f,-0.7813343116024635f,1.4217993915672222f,0f,0f,0f,1f], start_interpolation: 0, interpolation_duration: 1 }
$data merge entity $(bone_body2) { transformation: [-1.1032191867514534f,-0.1308965623136331f,-1.1281480223810965f,0.4893830240087849f,-0.40174022601326514f,1.516073628115556f,0.21695619230570654f,-0.6263252951590553f,1.0622884077456163f,0.4374143213835748f,-1.0895671134272886f,0.8358597610824801f,0f,0f,0f,1f], start_interpolation: 0, interpolation_duration: 1 }
$data merge entity $(bone_right_leg2) { transformation: [-0.9992452700257064f,0.038834061463568374f,-0.0008977758611442471f,-1.0529638543406188f,0.027708420091426374f,0.6963909231120671f,-0.7171275518784369f,-2.3435198828264663f,-0.02722377246617556f,-0.7166111901703509f,-0.6969413664974572f,0.6008472883546f,0f,0f,0f,1f], start_interpolation: 0, interpolation_duration: 1 }
$data merge entity $(bone_right_leg1) { transformation: [-1.3323270267009417f,0.05178168063337738f,0.0010626621233245f,-0.6226688150832731f,0.03694456012190183f,0.9693450369821326f,-0.9147584798914328f,-1.0944389036398348f,-0.036298363288234076f,-0.9140386395588911f,-0.9700482317873191f,-0.14703665091986073f,0f,0f,0f,1f], start_interpolation: 0, interpolation_duration: 1 }
$data merge entity $(bone_left_leg2) { transformation: [-0.9992452700257064f,0.010200516392010545f,0.03748119257160028f,1.0257418730428038f,0.027708420091426374f,0.8634201622603643f,0.503723998692065f,-1.617626921908638f,-0.02722377246617556f,0.5043823677207825f,-0.8630511533768364f,-1.4937749331453556f,0f,0f,0f,1f], start_interpolation: 0, interpolation_duration: 1 }
$data merge entity $(bone_left_leg1) { transformation: [-1.3323270267009417f,-0.011893454689638233f,0.05040850558736057f,0.62638777244886f,0.03694456012190183f,0.6912427937104809f,1.1395596857552073f,-1.1290744287541177f,-0.036298363288234076f,1.1400963659518668f,-0.6903915432156744f,-0.11300693533714128f,0f,0f,0f,1f], start_interpolation: 0, interpolation_duration: 1 }
$data merge entity $(bone_tail3) { transformation: [-0.9997528238836247f,-0.019732754976674365f,0.010242534732593756f,0.026214244925489516f,0.017176275827221865f,-0.39301928293029353f,0.9193697943665896f,2.3940512750242497f,-0.014116185229198783f,0.9193184767130422f,0.39326107319258846f,-0.9563680313295903f,0f,0f,0f,1f], start_interpolation: 0, interpolation_duration: 1 }
$data merge entity $(bone_tail2) { transformation: [-1.5412856034872546f,-0.026142520445798862f,0.02216682698945604f,-0.12433232707314723f,0.026480091900300373f,-0.27515993387696314f,1.5166812211644503f,0.4620772577878608f,-0.021762452228348123f,1.5166870773250087f,0.275540952055121f,-1.5000530287158982f,0f,0f,0f,1f], start_interpolation: 0, interpolation_duration: 1 }
$data merge entity $(bone_tail1) { transformation: [-0.9997528238836247f,-0.00384614019564258f,0.021897450589356715f,0.035749514168336494f,0.017176275827221865f,0.4917394116123791f,0.8705729875293734f,-0.62935952834146f,-0.014116185229198783f,0.8707339193305305f,-0.49155180300947765f,-0.8829664902235763f,0f,0f,0f,1f], start_interpolation: 0, interpolation_duration: 1 }
$data merge entity $(bone_body1) { transformation: [-1.3323270267009417f,0.031618425507130066f,0.041021297742215634f,0.5f,0.03694456012190183f,1.3203013068226261f,0.18225623846014774f,-1.1875f,-0.036298363288234076f,0.18325531956451663f,-1.3201809324678493f,-0.12499999999999994f,0f,0f,0f,1f], start_interpolation: 0, interpolation_duration: 1 }
data modify entity @s data merge value {"locators":{"hitbox_head":{"posx":1.9377380203598178,"posy":-0.610326936227898,"posz":2.9111889899803427,"roty":276.7924075426075,"rotx":3.9070493853456285},"hitbox_neck":{"posx":1.2801368349463091,"posy":-1.2665171934351038,"posz":2.160218188348109,"roty":314.0033434608364,"rotx":7.875730066068485},"hitbox_right_arm":{"posx":1.1982143727032024,"posy":-3.5563516216757756,"posz":2.606498090902262,"roty":314.0033434608364,"rotx":7.875730066068485},"hitbox_left_arm":{"posx":2.504658146487818,"posy":-3.0806066171863824,"posz":1.3485249764666638,"roty":314.0033434608364,"rotx":7.875730066068485},"hitbox_tail1":{"posx":0.023239965462316797,"posy":1.270149654633749,"posz":-2.1132599023984824,"roty":175.4005519626927,"rotx":79.67062055860319},"hitbox_tail2":{"posx":0.057874911619458604,"posy":3.4270345932014665,"posz":-1.9417641783446271,"roty":178.50806141654724,"rotx":66.83412337831797}},"cameras":{}}