# This file was generated by Animated Java via MC-Build. It is not recommended to edit this file directly.
$data merge entity $(bone_jaw) { transformation: [-0.18768584826828238f,0.5341774422089388f,-0.8242745189528371f,1.8647492151641683f,-0.2547583841798206f,0.783995499125884f,0.5660823465189874f,0.007698525112798157f,0.9486159328463244f,0.31623648996513964f,-0.011058678249498133f,3.090594039273841f,0f,0f,0f,1f], start_interpolation: 0, interpolation_duration: 1 }
$data merge entity $(bone_head) { transformation: [-0.21114657930181768f,0.033554525803039234f,-1.1044981737636665f,1.6193051765500202f,-0.2866031822022982f,1.0843370020903835f,0.0877318747614306f,0.02719449728200496f,1.067192924452115f,0.2978462014123603f,-0.1949664132705175f,3.0472681696581705f,0f,0f,0f,1f], start_interpolation: 0, interpolation_duration: 1 }
$data merge entity $(bone_neck) { transformation: [-0.7037350749106913f,-0.0992754090650189f,-0.7034922440904497f,1.5050653878134579f,-0.2655801168729767f,0.9551635230935362f,0.1308810363394153f,-0.7485358455426139f,0.658956861912963f,0.27893912831748163f,-0.69854764821829f,1.8538469506870041f,0f,0f,0f,1f], start_interpolation: 0, interpolation_duration: 1 }
$data merge entity $(bone_right_arm2) { transformation: [-0.7037350749106913f,-0.0992754090650189f,-0.7034922440904497f,0.8120428561091811f,-0.2655801168729767f,0.9551635230935362f,0.1308810363394153f,-2.5112962650035557f,0.658956861912963f,0.27893912831748163f,-0.69854764821829f,2.4899153229018776f,0f,0f,0f,1f], start_interpolation: 0, interpolation_duration: 1 }
$data merge entity $(bone_right_arm1) { transformation: [-0.799032532971514f,-0.11271895404257352f,-0.7987568188110313f,0.4180101748087507f,-0.30154409103285895f,1.0845085835124524f,0.14860451001037778f,-1.084669641937136f,0.7481906036303433f,0.31671213527714054f,-0.7931426422478499f,2.169847401320697f,0f,0f,0f,1f], start_interpolation: 0, interpolation_duration: 1 }
$data merge entity $(bone_left_arm2) { transformation: [-0.7037350749106913f,-0.0992754090650189f,-0.7034922440904497f,2.043579237202891f,-0.2655801168729767f,0.9551635230935362f,0.1308810363394153f,-2.0465310604758464f,0.658956861912963f,0.27893912831748163f,-0.69854764821829f,1.3367408145541924f,0f,0f,0f,1f], start_interpolation: 0, interpolation_duration: 1 }
$data merge entity $(bone_left_arm1) { transformation: [-0.799032532971514f,-0.11271895404257352f,-0.7987568188110313f,1.2097121340832784f,-0.30154409103285895f,1.0845085835124524f,0.14860451001037778f,-0.7858920104550372f,0.7481906036303433f,0.31671213527714054f,-0.7931426422478499f,1.4285209316686136f,0f,0f,0f,1f], start_interpolation: 0, interpolation_duration: 1 }
$data merge entity $(bone_body2) { transformation: [-1.114247201941928f,-0.1571860643529466f,-1.113862719809879f,0.4999999999999999f,-0.4205018517155465f,1.5123422448980992f,0.2072283075374076f,-0.6200920759980504f,1.0433483646955248f,0.44165361983601265f,-1.1060337763456258f,0.8322510108533696f,0f,0f,0f,1f], start_interpolation: 0, interpolation_duration: 1 }
$data merge entity $(bone_right_leg2) { transformation: [-1f,7.455177354798983e-17f,9.715776287805221e-17f,-1f,0f,0.7933533402912353f,-0.6087614290087207f,-2.4823083961892647f,-1.2246467991473532e-16f,-0.6087614290087207f,-0.7933533402912353f,0.45168900042807186f,0f,0f,0f,1f], start_interpolation: 0, interpolation_duration: 1 }
$data merge entity $(bone_right_leg1) { transformation: [-1.3333333333333333f,9.365713957915386e-17f,1.3375625720713663e-16f,-0.625f,0f,1.0922027257186557f,-0.7647685818013947f,-1.1255346961641368f,-1.6328623988631375e-16f,-0.7647685818013947f,-1.0922027257186557f,-0.11684211298624686f,0f,0f,0f,1f], start_interpolation: 0, interpolation_duration: 1 }
$data merge entity $(bone_left_leg2) { transformation: [-1f,-5.654789612090135e-17f,1.0862749776607362e-16f,1f,0f,0.8870108331782217f,0.46174861323503374f,-1.8101529966138568f,-1.2246467991473532e-16f,0.46174861323503374f,-0.8870108331782217f,-1.418902127996821f,0f,0f,0f,1f], start_interpolation: 0, interpolation_duration: 1 }
$data merge entity $(bone_left_leg1) { transformation: [-1.3333333333333333f,-1.2508451670270307e-16f,1.049583718312265e-16f,0.625f,0f,0.8570501462487192f,1.0213925908253039f,-1.1255346961641368f,-1.6328623988631375e-16f,1.0213925908253039f,-0.8570501462487192f,-0.11684211298624671f,0f,0f,0f,1f], start_interpolation: 0, interpolation_duration: 1 }
$data merge entity $(bone_tail3) { transformation: [-1f,-1.1970547367486946e-16f,-2.584951448081213e-17f,-0.06249999999999982f,0f,-0.21107730407501624f,0.97746937123596f,2.368643404545115f,-1.2246467991473532e-16f,0.97746937123596f,0.21107730407501624f,-1.4932179549634617f,0f,0f,0f,1f], start_interpolation: 0, interpolation_duration: 1 }
$data merge entity $(bone_tail2) { transformation: [-1.5416666666666665f,-1.886776997263546e-16f,6.786601536665024e-18f,-0.1874999999999998f,0f,0.05541680704502008f,1.5406703374207105f,0.36319605784520403f,-1.8879971486855027e-16f,1.5406703374207105f,-0.05541680704502008f,-1.608704705780549f,0f,0f,0f,1f], start_interpolation: 0, interpolation_duration: 1 }
$data merge entity $(bone_tail1) { transformation: [-1f,-9.903830350683877e-17f,7.203479898705808e-17f,1.1102230246251565e-16f,0f,0.5882087720084804f,0.8087091198522961f,-0.6476903419701661f,-1.2246467991473532e-16f,0.8087091198522961f,-0.5882087720084804f,-0.8734437407699485f,0f,0f,0f,1f], start_interpolation: 0, interpolation_duration: 1 }
$data merge entity $(bone_body1) { transformation: [-1.3333333333333333f,-2.1313131134290442e-17f,1.618893034683371e-16f,0.5f,0f,1.321926481831747f,0.17403492296006876f,-1.1875f,-1.6328623988631375e-16f,0.17403492296006876f,-1.321926481831747f,-0.12499999999999994f,0f,0f,0f,1f], start_interpolation: 0, interpolation_duration: 1 }
data modify entity @s data merge value {"locators":{"hitbox_head":{"posx":1.9074688215937945,"posy":-0.5995849135352722,"posz":2.935955394782003,"roty":280.0107452647183,"rotx":4.472688960431879},"hitbox_neck":{"posx":1.2783626592688004,"posy":-1.2558723546816053,"posz":2.166041664551716,"roty":314.7979349219082,"rotx":7.520506990015794},"hitbox_right_arm":{"posx":1.2190809450375066,"posy":-3.5484990635713607,"posz":2.601434822563101,"roty":314.7979349219082,"rotx":7.520506990015794},"hitbox_left_arm":{"posx":2.5385842104950527,"posy":-3.050536344434529,"posz":1.3658907064762955,"roty":314.7979349219082,"rotx":7.520506990015794},"hitbox_tail1":{"posx":-0.06249999999999972,"posy":1.0232922211055113,"posz":-2.3829329055052955,"roty":0,"rotx":87.94},"hitbox_tail2":{"posx":-0.062499999999999674,"posy":3.1955088874638014,"posz":-2.6574155211684625,"roty":180,"rotx":77.81450752024311}},"cameras":{}}