# This file was generated by Animated Java via MC-Build. It is not recommended to edit this file directly.
$data merge entity $(bone_jaw) { transformation: [-0.864809522397018f,0.3701441126217969f,-0.33926070486112087f,0.973553946475198f,-0.22044020621056284f,0.3271816843022284f,0.9188896892135645f,-0.3848867721080189f,0.4511214974452963f,0.8694512530030531f,-0.20135519162448728f,3.598658457113984f,0f,0f,0f,1f], start_interpolation: 0, interpolation_duration: 1 }
$data merge entity $(bone_head) { transformation: [-0.9729107126966453f,0.1613721139305054f,-0.5413213333739086f,0.8532603168365517f,-0.2479952319868832f,0.8466247708804859f,0.6981044780284225f,-0.2297524436572584f,0.5075116846259583f,0.7230563865821007f,-0.6965962616831627f,3.4438592878510588f,0f,0f,0f,1f], start_interpolation: 0, interpolation_duration: 1 }
$data merge entity $(bone_neck) { transformation: [-0.9475521462927556f,0.038101220795297736f,-0.3173219611528652f,1.0287297494512226f,-0.1234913844920597f,0.8721092110959757f,0.4734716484413708f,-0.709927073842089f,0.2947792530220314f,0.48782560500189276f,-0.8216637822688246f,2.110553132932112f,0f,0f,0f,1f], start_interpolation: 0, interpolation_duration: 1 }
$data merge entity $(bone_right_arm2) { transformation: [-0.9212930223937659f,-0.10697301700264567f,-0.3738662067129253f,-0.014174530640228722f,-0.1765871161281773f,0.9716614862173962f,0.15713353117439394f,-2.3789602820510387f,0.3464623461591371f,0.21078598111627894f,-0.9140750039568711f,2.455323074288188f,0f,0f,0f,1f], start_interpolation: 0, interpolation_duration: 1 }
$data merge entity $(bone_right_arm1) { transformation: [-1.046051452509588f,-0.12145894638842059f,-0.4244939222053006f,-0.12370556307328551f,-0.20049995477053462f,1.1032406458093351f,0.17841203018759308f,-0.9404418049182549f,0.3933791222015202f,0.23932991605910836f,-1.0378559940760306f,1.9952836261082247f,0f,0f,0f,1f], start_interpolation: 0, interpolation_duration: 1 }
$data merge entity $(bone_left_arm2) { transformation: [-0.9212930223937659f,-0.10697301700264567f,-0.3738662067129253f,1.5980882585488614f,-0.1765871161281773f,0.9716614862173962f,0.15713353117439394f,-2.0699328288267282f,0.3464623461591371f,0.21078598111627894f,-0.9140750039568711f,1.849013968509698f,0f,0f,0f,1f], start_interpolation: 0, interpolation_duration: 1 }
$data merge entity $(bone_left_arm1) { transformation: [-1.046051452509588f,-0.12145894638842059f,-0.4244939222053006f,0.912749087119701f,-0.20049995477053462f,1.1032406458093351f,0.17841203018759308f,-0.7417812992740555f,0.3933791222015202f,0.23932991605910836f,-1.0378559940760306f,1.6055134866791956f,0f,0f,0f,1f], start_interpolation: 0, interpolation_duration: 1 }
$data merge entity $(bone_body2) { transformation: [-1.4587139521234627f,-0.1693739435875223f,-0.5919548272954651f,0.4979828908640578f,-0.2795962672029474f,1.5384640198442108f,0.2487947576927904f,-0.5447764656674849f,0.5485653814186339f,0.333744470100775f,-1.4472854229317127f,0.7833961909243423f,0f,0f,0f,1f], start_interpolation: 0, interpolation_duration: 1 }
$data merge entity $(bone_right_leg2) { transformation: [-0.9999950753294339f,-0.0031371108953759342f,-0.00008861213225945177f,-0.9957591920597535f,-0.0031383621333220878f,0.9995963859076693f,0.028235013076778198f,-2.5411277462718997f,-1.2246407681653077e-16f,0.028235152125600807f,-0.9996013086148119f,-0.5367842642738548f,0f,0f,0f,1f], start_interpolation: 0, interpolation_duration: 1 }
$data merge entity $(bone_right_leg1) { transformation: [-1.3333267671059117f,-0.004173679805344137f,-0.0003004888646637341f,-0.6251903602736968f,-0.00418448284442945f,1.329884530224064f,0.09574656208878969f,-1.1286097018136445f,-1.6328543575537435e-16f,0.09574703361138792f,-1.3298910794995196f,-0.12186377190387729f,0f,0f,0f,1f], start_interpolation: 0, interpolation_duration: 1 }
$data merge entity $(bone_left_leg2) { transformation: [-0.9999950753294339f,-0.0030748854052387786f,-0.0006280100512886075f,1.0042588308246072f,-0.0031383621333220878f,0.9797691062459467f,0.20010659441692313f,-2.5437321157246044f,-1.2246407681653077e-16f,0.20010757988083183f,-0.9797739313097876f,-0.5052844120315324f,0f,0f,0f,1f], start_interpolation: 0, interpolation_duration: 1 }
$data merge entity $(bone_left_leg1) { transformation: [-1.3333267671059117f,-0.0041793316549295825f,-0.00020756587732076884f,0.6248034838880957f,-0.00418448284442945f,1.3316854128220097f,0.06613795550344893f,-1.1246867491469918f,-1.6328543575537435e-16f,0.06613828121269572f,-1.3316919709662622f,-0.12186377190387714f,0f,0f,0f,1f], start_interpolation: 0, interpolation_duration: 1 }
$data merge entity $(bone_tail3) { transformation: [-0.9999950753294339f,-0.0028816696005914805f,-0.0012430998322326761f,-0.06480083670253478f,-0.0031383621333220878f,0.9182036001268008f,0.3960963259073506f,-0.4552533226395047f,-1.2246407681653077e-16f,0.3960982765608745f,-0.9182081219993129f,-4.094335963318741f,0f,0f,0f,1f], start_interpolation: 0, interpolation_duration: 1 }
$data merge entity $(bone_tail2) { transformation: [-1.5416590744662104f,-0.004785051925982517f,-0.000715894659718994f,-0.18828952713672933f,-0.004838308288871551f,1.524689681401731f,0.22810979222975158f,-0.9370070663747069f,-1.8879878509215158e-16f,0.2281109156008635f,-1.524697190033105f,-2.1440936389569805f,0f,0f,0f,1f], start_interpolation: 0, interpolation_duration: 1 }
$data merge entity $(bone_tail1) { transformation: [-0.9999950753294339f,-0.003087070793229273f,0.0005650759218554218f,-0.0014967954147797613f,-0.0031383621333220878f,0.9836518092177101f,-0.1800535167827773f,-0.7113517274962373f,-1.2246407681653077e-16f,-0.18005440349139848f,-0.9836566534026783f,-0.9145228222036328f,0f,0f,0f,1f], start_interpolation: 0, interpolation_duration: 1 }
$data merge entity $(bone_body1) { transformation: [-1.3333267671059117f,-0.0041792112657818275f,-0.000209975882630932f,0.5f,-0.00418448284442945f,1.3316470525086475f,0.06690586989296199f,-1.1875f,-1.6328543575537435e-16f,0.0669061993839528f,-1.3316536104639871f,-0.12499999999999994f,0f,0f,0f,1f], start_interpolation: 0, interpolation_duration: 1 }
data modify entity @s data merge value {"locators":{"hitbox_head":{"posx":0.9139761794790233,"posy":-0.8940174491543125,"posz":3.2356602568841035,"roty":322.1494064699235,"rotx":38.355382598841246},"hitbox_neck":{"posx":0.5803309636507163,"posy":-1.157897676304281,"posz":2.177716130351021,"roty":338.88371781185106,"rotx":28.25988577572315},"hitbox_right_arm":{"posx":0.22215077581926923,"posy":-3.440225228613643,"posz":2.7232284917852905,"roty":337.7549267034266,"rotx":9.040555088145098},"hitbox_left_arm":{"posx":1.94957519280758,"posy":-3.1091243858733106,"posz":2.0736115927369085,"roty":337.7549267034266,"rotx":9.040555088145098},"hitbox_tail1":{"posx":-0.061281529942649515,"posy":-1.5766310601199405,"posz":-2.934999047507299,"roty":359.9730977797875,"rotx":8.508904115440808},"hitbox_tail2":{"posx":-0.061717889007389344,"posy":-1.4375913644830463,"posz":-5.130707019929503,"roty":359.9224311692751,"rotx":23.3343666567965}},"cameras":{}}