# This file was generated by Animated Java via MC-Build. It is not recommended to edit this file directly.
$data merge entity $(bone_jaw) { transformation: [-0.9971785106499929f,-0.06854178239003378f,-0.03061114118518206f,0.10204644857762607f,-0.03609648746254774f,0.08027669697328566f,0.9961188159631991f,-0.5041149695355913f,-0.06581839781343836f,0.9944132320066221f,-0.08252431471642441f,3.6007680228358643f,0f,0f,0f,1f], start_interpolation: 0, interpolation_duration: 1 }
$data merge entity $(bone_head) { transformation: [-1.121825824481242f,-0.0839975572834033f,0.008730973451044274f,0.10398666490008035f,-0.040608548395366206f,0.6385287002539165f,0.9253415827408091f,-0.29848350670430035f,-0.07404569754011815f,0.9224155838462754f,-0.6397591150998412f,3.458599330591455f,0f,0f,0f,1f], start_interpolation: 0, interpolation_duration: 1 }
$data merge entity $(bone_neck) { transformation: [-0.9994716280825644f,-0.03156428605602459f,-0.007756320246192452f,0.6309575226758573f,-0.029637815120941963f,0.7870601167238482f,0.6161639169713685f,-0.6192827906236812f,-0.013344083814369079f,0.616068233646579f,-0.7875797527353906f,2.1707903251516445f,0f,0f,0f,1f], start_interpolation: 0, interpolation_duration: 1 }
$data merge entity $(bone_right_arm2) { transformation: [-0.9903379233777949f,-0.10057613305107979f,-0.09547376068977376f,-0.568277600578351f,-0.11269460206243677f,0.9848985546155119f,0.13143349566326218f,-2.2146733211561918f,0.08081289615986868f,0.14092295262577786f,-0.9867167766068878f,2.2643407085856997f,0f,0f,0f,1f], start_interpolation: 0, interpolation_duration: 1 }
$data merge entity $(bone_right_arm1) { transformation: [-1.1244461838352044f,-0.11419581773508017f,-0.10840249911651394f,-0.4564413846265517f,-0.1279553294250584f,1.1182702338863624f,0.14923178153432892f,-0.7964163768103282f,0.09175630918151756f,0.16000626912718527f,-1.1203346734390704f,1.7456802699398388f,0f,0f,0f,1f], start_interpolation: 0, interpolation_duration: 1 }
$data merge entity $(bone_left_arm2) { transformation: [-0.9903379233777949f,-0.10057613305107979f,-0.09547376068977376f,1.1648137653327901f,-0.11269460206243677f,0.9848985546155119f,0.13143349566326218f,-2.0174577675469276f,0.08081289615986868f,0.14092295262577786f,-0.9867167766068878f,2.1229181403059294f,0f,0f,0f,1f], start_interpolation: 0, interpolation_duration: 1 }
$data merge entity $(bone_left_arm1) { transformation: [-1.1244461838352044f,-0.11419581773508017f,-0.10840249911651394f,0.6576887791734675f,-0.1279553294250584f,1.1182702338863624f,0.14923178153432892f,-0.6696349494900868f,0.09175630918151756f,0.16000626912718527f,-1.1203346734390704f,1.6547657617599865f,0f,0f,0f,1f], start_interpolation: 0, interpolation_duration: 1 }
$data merge entity $(bone_body2) { transformation: [-1.5680350453481755f,-0.159245543997543f,-0.15116678775880846f,0.4999999999999999f,-0.17843311993219158f,1.5594227114745607f,0.20810303480016515f,-0.4919033002712113f,0.1279537522531254f,0.2231280083241483f,-1.5623015629609058f,0.7435772742401321f,0f,0f,0f,1f], start_interpolation: 0, interpolation_duration: 1 }
$data merge entity $(bone_right_leg2) { transformation: [-1f,-9.060237704745981e-17f,8.239421763672803e-17f,-0.9999999999999999f,0f,0.6727998447723385f,0.7398245527652604f,-1.803298269512981f,-1.2246467991473532e-16f,0.7398245527652604f,-0.6727998447723385f,-1.4309453888331614f,0f,0f,0f,1f], start_interpolation: 0, interpolation_duration: 1 }
$data merge entity $(bone_right_leg1) { transformation: [-1.3333333333333333f,-1.2559206833173082e-16f,1.0435050794494801e-16f,-0.625f,0f,0.8520865609382305f,1.0255370643941821f,-1.1250026954688375f,-1.6328623988631375e-16f,1.0255370643941821f,-0.8520865609382305f,-0.12558045356328584f,0f,0f,0f,1f], start_interpolation: 0, interpolation_duration: 1 }
$data merge entity $(bone_left_leg2) { transformation: [-1f,2.5961738589619255e-17f,1.1968118463661215e-16f,0.9999999999999999f,0f,0.9772710361872408f,-0.21199368346608044f,-2.376645582277436f,-1.2246467991473532e-16f,-0.21199368346608044f,-0.9772710361872408f,0.6473701165907434f,0f,0f,0f,1f], start_interpolation: 0, interpolation_duration: 1 }
$data merge entity $(bone_left_leg1) { transformation: [-1.3333333333333333f,1.1335049023425594e-16f,1.1753323997858922e-16f,0.625f,0f,0.9597317370234459f,-0.925576993408834f,-1.1250026954688375f,-1.6328623988631375e-16f,-0.925576993408834f,-0.9597317370234459f,-0.1255804535632857f,0f,0f,0f,1f], start_interpolation: 0, interpolation_duration: 1 }
$data merge entity $(bone_tail3) { transformation: [-0.999963786548807f,-0.004808881189595447f,0.00702141386589803f,-0.046416130092834795f,-0.005888445473804148f,0.9866281559303667f,-0.16288096308453748f,-2.439344711683515f,-0.006144249415014457f,-0.162916409815429f,-0.9866207435544713f,-3.678004696921562f,0f,0f,0f,1f], start_interpolation: 0, interpolation_duration: 1 }
$data merge entity $(bone_tail2) { transformation: [-1.5416108375960773f,-0.003264333003309236f,0.012707503589411749f,-0.18749999999999978f,-0.009078020105448061f,1.3434370503409405f,-0.7561948111652909f,-1.6224622752218016f,-0.009472384514813954f,-0.7562422541833989f,-1.3434076216957855f,-1.8439982420113306f,0f,0f,0f,1f], start_interpolation: 0, interpolation_duration: 1 }
$data merge entity $(bone_tail1) { transformation: [-1f,8.473551743743182e-17f,8.841657034305995e-17f,1.1102230246251565e-16f,0f,0.7219760865305737f,-0.6919180084937795f,-0.7575647646045773f,-1.2246467991473532e-16f,-0.6919180084937795f,-0.7219760865305737f,-0.9415281338481134f,0f,0f,0f,1f], start_interpolation: 0, interpolation_duration: 1 }
$data merge entity $(bone_body1) { transformation: [-1.3333333333333333f,1.5164812764407456e-18f,1.6327919775877454e-16f,0.5f,0f,1.333275829998134f,-0.012383009350096525f,-1.1875f,-1.6328623988631375e-16f,-0.012383009350096525f,-1.333275829998134f,-0.12499999999999994f,0f,0f,0f,1f], start_interpolation: 0, interpolation_duration: 1 }
data modify entity @s data merge value {"locators":{"hitbox_head":{"posx":0.1482267040989032,"posy":-0.9102610020511455,"posz":3.123857093760147,"roty":0.7818831567539917,"rotx":55.33844635906541},"hitbox_neck":{"posx":0.1440278559363583,"posy":-1.0062697315770164,"posz":2.0315401647189164,"roty":359.4357523203103,"rotx":38.03654133083372},"hitbox_right_arm":{"posx":-0.4818607073934965,"posy":-3.2723320362322372,"posz":2.6218269502733573,"roty":354.47332045196754,"rotx":7.552436397864027},"hitbox_left_arm":{"posx":1.375022898939869,"posy":-3.061029657365168,"posz":2.4703027699736038,"roty":354.47332045196754,"rotx":7.552436397864027},"hitbox_tail1":{"posx":-0.05524961307910539,"posy":-2.612512200358231,"posz":-2.074415756312272,"roty":0.5419536095342039,"rotx":-29.373762225475154},"hitbox_tail2":{"posx":-0.03615492823192313,"posy":-3.825914708077174,"posz":-4.0191510772882015,"roty":0.4077459266144956,"rotx":-9.374157366710921}},"cameras":{}}