# This file was generated by Animated Java via MC-Build. It is not recommended to edit this file directly.
$data merge entity $(bone_jaw) { transformation: [-0.9970566109876796f,-0.07012151269920205f,-0.031001418395590973f,0.09786694959514794f,-0.036385869735090594f,0.0768616119253101f,0.9963776197285164f,-0.5088818548477447f,-0.0674846869251378f,0.9945729063618305f,-0.07918681052800047f,3.5999868581229046f,0f,0f,0f,1f], start_interpolation: 0, interpolation_duration: 1 }
$data merge entity $(bone_head) { transformation: [-1.1216886873611396f,-0.08574733881506184f,0.009321079989925209f,0.09993830070402021f,-0.04093410345197692f,0.6362309420031742f,0.926908618803567f,-0.3029021617802854f,-0.07592027279078002f,0.9238412105572518f,-0.6374782583394394f,3.4583250229363625f,0f,0f,0f,1f], start_interpolation: 0, interpolation_duration: 1 }
$data merge entity $(bone_neck) { transformation: [-0.9994356619473048f,-0.03289731388560373f,-0.0067914922561012475f,0.6290914402230443f,-0.03005669653016115f,0.7855354470739977f,0.6180862855491525f,-0.6203101190226409f,-0.014998420638401289f,0.6179416057600966f,-0.78608092410959f,2.1705705262964186f,0f,0f,0f,1f], start_interpolation: 0, interpolation_duration: 1 }
$data merge entity $(bone_right_arm2) { transformation: [-0.9903726941149985f,-0.10141977114359055f,-0.09421229629183916f,-0.5692152876114474f,-0.11342992386524606f,0.9846885078372211f,0.132371427828031f,-2.2165856370711152f,0.07934468553926004f,0.14178354119744946f,-0.9867126472900746f,2.260864249808457f,0f,0f,0f,1f], start_interpolation: 0, interpolation_duration: 1 }
$data merge entity $(bone_right_arm1) { transformation: [-1.1244856631097377f,-0.11515369848595175f,-0.10697021141469237f,-0.4576082240271123f,-0.12879022605533144f,1.1180317432735112f,0.15029672534641017f,-0.797729762695102f,0.09008927837270149f,0.16098339573460405f,-1.1203299849439388f,1.7437949883871642f,0f,0f,0f,1f], start_interpolation: 0, interpolation_duration: 1 }
$data merge entity $(bone_left_arm2) { transformation: [-0.9903726941149985f,-0.10141977114359055f,-0.09421229629183916f,1.1639369270898f,-0.11342992386524606f,0.9846885078372211f,0.132371427828031f,-2.018083270306935f,0.07934468553926004f,0.14178354119744946f,-0.9867126472900746f,2.1220110501147516f,0f,0f,0f,1f], start_interpolation: 0, interpolation_duration: 1 }
$data merge entity $(bone_left_arm1) { transformation: [-1.1244856631097377f,-0.11515369848595175f,-0.10697021141469237f,0.6565610568522608f,-0.12879022605533144f,1.1180317432735112f,0.15029672534641017f,-0.6701210983467002f,0.09008927837270149f,0.16098339573460405f,-1.1203299849439388f,1.6545322171554966f,0f,0f,0f,1f], start_interpolation: 0, interpolation_duration: 1 }
$data merge entity $(bone_body2) { transformation: [-1.5680900990154145f,-0.16058130431068504f,-0.14916946912874535f,0.4999999999999999f,-0.17959737945330628f,1.5590901374089334f,0.20958809406104909f,-0.49156922325967267f,0.12562908543716172f,0.22449060689596168f,-1.5622950248759515f,0.743309624492096f,0f,0f,0f,1f], start_interpolation: 0, interpolation_duration: 1 }
$data merge entity $(bone_right_leg2) { transformation: [-1f,-9.184443768314555e-17f,8.100738912769239e-17f,-0.9999999999999999f,0f,0.6614755306108903f,0.7499667475315432f,-1.782842156949354f,-1.2246467991473532e-16f,0.7499667475315432f,-0.6614755306108903f,-1.4413970483798542f,0f,0f,0f,1f], start_interpolation: 0, interpolation_duration: 1 }
$data merge entity $(bone_right_leg1) { transformation: [-1.3333333333333333f,-1.2720543971736076e-16f,1.0237759638965793e-16f,-0.625f,0f,0.8359765155221669f,1.0387112415263418f,-1.125002923384754f,-1.6328623988631375e-16f,1.0387112415263418f,-0.8359765155221669f,-0.12560449528375883f,0f,0f,0f,1f], start_interpolation: 0, interpolation_duration: 1 }
$data merge entity $(bone_left_leg2) { transformation: [-1f,2.667518909707748e-17f,1.1952419049403235e-16f,0.9999999999999999f,0f,0.9759890817274806f,-0.21781944896806005f,-2.366494864087869f,-1.2246467991473532e-16f,-0.21781944896806005f,-0.9759890817274806f,0.6635471131979149f,0f,0f,0f,1f], start_interpolation: 0, interpolation_duration: 1 }
$data merge entity $(bone_left_leg1) { transformation: [-1.3333333333333333f,1.148683762531314e-16f,1.1605021444693602e-16f,0.625f,0f,0.9476219145612816f,-0.9379714733513961f,-1.125002923384754f,-1.6328623988631375e-16f,-0.9379714733513961f,-0.9476219145612816f,-0.1256044952837587f,0f,0f,0f,1f], start_interpolation: 0, interpolation_duration: 1 }
$data merge entity $(bone_tail3) { transformation: [-0.9999330344095714f,-0.0063890866714268685f,0.009649158925611051f,-0.04015944153645762f,-0.00791349358722982f,0.985877778429244f,-0.16727935502823799f,-2.4637222460399926f,-0.008444129067676335f,-0.16734451162474195f,-0.9858623185381238f,-3.662183372679533f,0f,0f,0f,1f], start_interpolation: 0, interpolation_duration: 1 }
$data merge entity $(bone_tail2) { transformation: [-1.541563428048089f,-0.0041018255923753145f,0.01736327856552347f,-0.18717753451277397f,-0.012199969280312637f,1.3371147560808982f,-0.767275309736596f,-1.6319493120629214f,-0.013018032312667682f,-0.7673613328860398f,-1.3370576751723082f,-1.8353498508060206f,0f,0f,0f,1f], start_interpolation: 0, interpolation_duration: 1 }
$data merge entity $(bone_tail1) { transformation: [-0.9999999361016493f,0.0002474911888156468f,0.0002579628050281212f,1.1102230246251565e-16f,-0.000003457583799976051f,0.7148715363043108f,-0.6992558091070531f,-0.7578789023821426f,-0.0003574699182219739f,-0.6992557653176882f,-0.7148714897694771f,-0.9416934629845077f,0f,0f,0f,1f], start_interpolation: 0, interpolation_duration: 1 }
$data merge entity $(bone_body1) { transformation: [-1.3333333333333333f,1.5792921906236446e-18f,1.6327860231024589e-16f,0.5f,0f,1.3332709677919121f,-0.012895899386853493f,-1.1875f,-1.6328623988631375e-16f,-0.012895899386853493f,-1.3332709677919121f,-0.12499999999999994f,0f,0f,0f,1f], start_interpolation: 0, interpolation_duration: 1 }
data modify entity @s data merge value {"locators":{"hitbox_head":{"posx":0.14498652227074202,"posy":-0.9138384125608174,"posz":3.122157199943289,"roty":0.8377077677150737,"rotx":55.479024034837174},"hitbox_neck":{"posx":0.14255903848850598,"posy":-1.0071750456341146,"posz":2.0296033293308806,"roty":359.50499477925587,"rotx":38.17651918840015},"hitbox_right_arm":{"posx":-0.4825876617041246,"posy":-3.2745492290639295,"posz":2.6173960751022483,"roty":354.5458767728385,"rotx":7.606649631769873},"hitbox_left_arm":{"posx":1.3743611397614974,"posy":-3.0618681218165937,"posz":2.4686247897161357,"roty":354.5458767728385,"rotx":7.606649631769873},"hitbox_tail1":{"posx":-0.0524473388063372,"posy":-2.623611698881004,"posz":-2.0572388657102465,"roty":0.7440117810124889,"rotx":-29.847427193084037},"hitbox_tail2":{"posx":-0.026346113384553636,"posy":-3.851781467431759,"posz":-3.997091255349754,"roty":0.56076636579715,"rotx":-9.629672516761138}},"cameras":{}}