# This file was generated by Animated Java via MC-Build. It is not recommended to edit this file directly.
$data merge entity $(bone_jaw) { transformation: [-0.9970558619635889f,-0.06980521941895253f,-0.031730733775261165f,0.09955716432157657f,-0.036561451088107454f,0.06905037875474968f,0.9969429800586176f,-0.5186754601152211f,-0.0674008042858283f,0.9951679639818082f,-0.07139926502370997f,3.6004494194027394f,0f,0f,0f,1f], start_interpolation: 0, interpolation_duration: 1 }
$data merge entity $(bone_head) { transformation: [-1.1216878447090375f,-0.0858285534901301f,0.008650921210242789f,0.10147959125718609f,-0.04113163247412088f,0.6313102294992367f,0.9302583420424859f,-0.3119513841057798f,-0.07582590482155684f,0.9272032428412946f,-0.6325895815001851f,3.459873956847143f,0f,0f,0f,1f], start_interpolation: 0, interpolation_duration: 1 }
$data merge entity $(bone_neck) { transformation: [-0.9994236748966452f,-0.03314302368233912f,-0.00733880353168001f,0.630443113498504f,-0.030510092060922298f,0.7822520606593379f,0.622214470963713f,-0.6222898948678486f,-0.014881274761213745f,0.6220797807157946f,-0.7828124258633546f,2.170319731203242f,0f,0f,0f,1f], start_interpolation: 0, interpolation_duration: 1 }
$data merge entity $(bone_right_arm2) { transformation: [-0.9901817504192786f,-0.10236344954244399f,-0.09519362023993519f,-0.566060530815753f,-0.11461593053155436f,0.9843723940897412f,0.1336943462619757f,-2.2199898057768594f,0.08002055738995685f,0.14329240716731184f,-0.9864400622659228f,2.259322673986282f,0f,0f,0f,1f], start_interpolation: 0, interpolation_duration: 1 }
$data merge entity $(bone_right_arm1) { transformation: [-1.1242688624552224f,-0.11622516666798326f,-0.10808442298075974f,-0.45642637524914165f,-0.13013683779103566f,1.1176728224560601f,0.15179878898495155f,-0.800268697187855f,0.0908566745365135f,0.16269658730455197f,-1.120020487364433f,1.7442099914011955f,0f,0f,0f,1f], start_interpolation: 0, interpolation_duration: 1 }
$data merge entity $(bone_left_arm2) { transformation: [-0.9901817504192786f,-0.10236344954244399f,-0.09519362023993519f,1.1667575324179844f,-0.11461593053155436f,0.9843723940897412f,0.1336943462619757f,-2.0194119273466393f,0.08002055738995685f,0.14329240716731184f,-0.9864400622659228f,2.1192866985538577f,0f,0f,0f,1f], start_interpolation: 0, interpolation_duration: 1 }
$data merge entity $(bone_left_arm1) { transformation: [-1.1242688624552224f,-0.11622516666798326f,-0.10808442298075974f,0.6575280939725467f,-0.13013683779103566f,1.1176728224560601f,0.15179878898495155f,-0.6713257753398563f,0.0908566745365135f,0.16269658730455197f,-1.120020487364433f,1.6541868643374942f,0f,0f,0f,1f], start_interpolation: 0, interpolation_duration: 1 }
$data merge entity $(bone_body2) { transformation: [-1.5677877714971913f,-0.16207546177553633f,-0.15072323204656407f,0.4999999999999999f,-0.18147522334162774f,1.5585896239754238f,0.2116827149147949f,-0.49162754674686737f,0.12669921586743169f,0.2268796446815771f,-1.5618634319210447f,0.7433563662480207f,0f,0f,0f,1f], start_interpolation: 0, interpolation_duration: 1 }
$data merge entity $(bone_right_leg2) { transformation: [-1f,-9.334000077122785e-17f,7.927951868323719e-17f,-0.9999999999999998f,0f,0.6473663977110354f,0.7621789469111813f,-1.7576255755921606f,-1.2246467991473532e-16f,0.7621789469111813f,-0.6473663977110354f,-1.453700831645923f,0f,0f,0f,1f], start_interpolation: 0, interpolation_duration: 1 }
$data merge entity $(bone_right_leg1) { transformation: [-1.3333333333333333f,-1.2913500567784678e-16f,9.99327095839659e-17f,-0.625f,0f,0.816012499714554f,1.0544673433005796f,-1.1250028829234804f,-1.6328623988631375e-16f,1.0544673433005796f,-0.816012499714554f,-0.12560029752938692f,0f,0f,0f,1f], start_interpolation: 0, interpolation_duration: 1 }
$data merge entity $(bone_left_leg2) { transformation: [-1f,2.803109323062047e-17f,1.1921348765519293e-16f,0.9999999999999999f,0f,0.9734520005130787f,-0.22889124644049885f,-2.3541408304944946f,-1.2246467991473532e-16f,-0.22889124644049885f,-0.9734520005130787f,0.6826585755062973f,0f,0f,0f,1f], start_interpolation: 0, interpolation_duration: 1 }
$data merge entity $(bone_left_leg1) { transformation: [-1.3333333333333333f,1.1664953848824332e-16f,1.142597099011311e-16f,0.625f,0f,0.9330013354110195f,-0.9525157667456388f,-1.1250028829234804f,-1.6328623988631375e-16f,-0.9525157667456388f,-0.9330013354110195f,-0.12560029752938678f,0f,0f,0f,1f], start_interpolation: 0, interpolation_duration: 1 }
$data merge entity $(bone_tail3) { transformation: [-0.9998863263682501f,-0.007916439263815262f,0.012832160035922465f,-0.03231156161793916f,-0.00998926055539326f,0.985305253166079f,-0.17051033035240343f,-2.487097167179978f,-0.011293760018774347f,-0.17061913161398873f,-0.9852723293140464f,-3.645941696206685f,0f,0f,0f,1f], start_interpolation: 0, interpolation_duration: 1 }
$data merge entity $(bone_tail2) { transformation: [-1.5414914198177188f,-0.004513194962440903f,0.022802298364311805f,-0.18632981036413213f,-0.015400110022897942f,1.331088118118475f,-0.7776267546363169f,-1.6414218331004813f,-0.017411213362277116f,-0.7777661370785943f,-1.3309818919783263f,-1.8260810261600224f,0f,0f,0f,1f], start_interpolation: 0, interpolation_duration: 1 }
$data merge entity $(bone_tail1) { transformation: [-0.9999991409222878f,0.0009176142524443212f,0.0009360228470373698f,1.1102230246251565e-16f,-0.0000125897663181454f,0.707337147847579f,-0.7068763393383245f,-0.7578240483463909f,-0.0013107235346360988f,-0.706875743860925f,-0.7073365286374511f,-0.9416646047004642f,0f,0f,0f,1f], start_interpolation: 0, interpolation_duration: 1 }
$data merge entity $(bone_body1) { transformation: [-1.3333333333333333f,1.5683252221859397e-18f,1.6327870801855412e-16f,0.5f,0f,1.3332718309657539f,-0.012806347293585945f,-1.1875f,-1.6328623988631375e-16f,-0.012806347293585945f,-1.3332718309657539f,-0.12499999999999994f,0f,0f,0f,1f], start_interpolation: 0, interpolation_duration: 1 }
data modify entity @s data merge value {"locators":{"hitbox_head":{"posx":0.14675908730441314,"posy":-0.9210843843949351,"posz":3.1204803723520307,"roty":0.7834943748864305,"rotx":55.78122100357789},"hitbox_neck":{"posx":0.1440772603725186,"posy":-1.0086662725160256,"posz":2.0274507292871315,"roty":359.46287241082587,"rotx":38.47802782417488},"hitbox_right_arm":{"posx":-0.4779866305545464,"posy":-3.2783728686558105,"posz":2.6142515827888038,"roty":354.48790065553214,"rotx":7.683127040581132},"hitbox_left_arm":{"posx":1.378604151481601,"posy":-3.0634679989091462,"posz":2.4642130376826348,"roty":354.48790065553214,"rotx":7.683127040581132},"hitbox_tail1":{"posx":-0.04897981869417975,"posy":-2.634509056007592,"posz":-2.039842569677343,"roty":0.9814916878843576,"rotx":-30.291965323335642},"hitbox_tail2":{"posx":-0.014703145063975243,"posy":-3.8762223727836838,"posz":-3.9762197712024756,"roty":0.7461764871274568,"rotx":-9.817492057956272}},"cameras":{}}