# This file was generated by Animated Java via MC-Build. It is not recommended to edit this file directly.
$data merge entity $(bone_jaw) { transformation: [-0.9970956258460469f,-0.06902406349305515f,-0.03218682304276705f,0.10230373552324984f,-0.036617343209180364f,0.06391406836804203f,0.997283391038348f,-0.5249817815541207f,-0.06677936129509478f,0.9955655028794197f,-0.06625591582241741f,3.6010589066185124f,0f,0f,0f,1f], start_interpolation: 0, interpolation_duration: 1 }
$data merge entity $(bone_head) { transformation: [-1.121732579076803f,-0.08531366613976325f,0.007911978734616252f,0.10406195301983123f,-0.04119451111032791f,0.6281115489711065f,0.9324183043588851f,-0.3177777139188128f,-0.07512678145698162f,0.9294204970942433f,-0.6294112378159487f,3.4611897426594127f,0f,0f,0f,1f], start_interpolation: 0, interpolation_duration: 1 }
$data merge entity $(bone_neck) { transformation: [-0.9994258125292241f,-0.03289975682663599f,-0.00810254596088568f,0.6321475323195245f,-0.03074627527203034f,0.7801109129999039f,0.6248852934542093f,-0.6235531204136504f,-0.014237689672014317f,0.6247756152565533f,-0.7806745280676184f,2.170186442230392f,0f,0f,0f,1f], start_interpolation: 0, interpolation_duration: 1 }
$data merge entity $(bone_right_arm2) { transformation: [-0.9900147010138071f,-0.10284869729654852f,-0.09640040062647572f,-0.5632026040932077f,-0.11533538531408806f,0.9841845858122859f,0.13445612646491986f,-2.222115141037855f,0.08104715091224944f,0.14423191919232933f,-0.9862193025970971f,2.2592090101327176f,0f,0f,0f,1f], start_interpolation: 0, interpolation_duration: 1 }
$data merge entity $(bone_right_arm1) { transformation: [-1.1240791917760933f,-0.11677612505545612f,-0.10945462154464429f,-0.4550872006588149f,-0.13095371874203746f,1.1174595818076993f,0.15266372692371108f,-0.8018919773039448f,0.09202228593161654f,0.1637633249162906f,-1.1197698331571206f,1.7451603988770676f,0f,0f,0f,1f], start_interpolation: 0, interpolation_duration: 1 }
$data merge entity $(bone_left_arm2) { transformation: [-0.9900147010138071f,-0.10284869729654852f,-0.09640040062647572f,1.1693231226809546f,-0.11533538531408806f,0.9841845858122859f,0.13445612646491986f,-2.020278216738201f,0.08104715091224944f,0.14423191919232933f,-0.9862193025970971f,2.117376496036281f,0f,0f,0f,1f], start_interpolation: 0, interpolation_duration: 1 }
$data merge entity $(bone_left_arm1) { transformation: [-1.1240791917760933f,-0.11677612505545612f,-0.10945462154464429f,0.6586793379817181f,-0.13095371874203746f,1.1174595818076993f,0.15266372692371108f,-0.6721396688255956f,0.09202228593161654f,0.1637633249162906f,-1.1197698331571206f,1.653982354100787f,0f,0f,0f,1f], start_interpolation: 0, interpolation_duration: 1 }
$data merge entity $(bone_body2) { transformation: [-1.5675232766051947f,-0.16284377071953518f,-0.15263396765858656f,0.4999999999999999f,-0.18261436008063944f,1.5582922608694527f,0.2128888669027898f,-0.49178397523359596f,0.12832465561106163f,0.2283672053878548f,-1.5615138957787373f,0.7434816997975446f,0f,0f,0f,1f], start_interpolation: 0, interpolation_duration: 1 }
$data merge entity $(bone_right_leg2) { transformation: [-1f,-9.413812394025721e-17f,7.833014392701797e-17f,-0.9999999999999998f,0f,0.6396141645211866f,0.7686961171645558f,-1.7438723095400193f,-1.2246467991473532e-16f,0.7686961171645558f,-0.6396141645211866f,-1.4601537630292245f,0f,0f,0f,1f], start_interpolation: 0, interpolation_duration: 1 }
$data merge entity $(bone_right_leg1) { transformation: [-1.3333333333333333f,-1.3016042978604266e-16f,9.859340066213083e-17f,-0.625f,0f,0.8050762124293747f,1.0628405665753213f,-1.1250027758056906f,-1.6328623988631375e-16f,1.0628405665753213f,-0.8050762124293747f,-0.12558903990207157f,0f,0f,0f,1f], start_interpolation: 0, interpolation_duration: 1 }
$data merge entity $(bone_left_leg2) { transformation: [-1f,2.8892028928325734e-17f,1.1900776651556555e-16f,0.9999999999999999f,0f,0.9717721599274451f,-0.2359213199139662f,-2.3474268680475063f,-1.2246467991473532e-16f,-0.2359213199139662f,-0.9717721599274451f,0.6927885249827268f,0f,0f,0f,1f], start_interpolation: 0, interpolation_duration: 1 }
$data merge entity $(bone_left_leg1) { transformation: [-1.3333333333333333f,1.1758874979125578e-16f,1.1329290383223587e-16f,0.625f,0f,0.9251067647513944f,-0.9601850090420001f,-1.1250027758056906f,-1.6328623988631375e-16f,-0.9601850090420001f,-0.9251067647513944f,-0.12558903990207143f,0f,0f,0f,1f], start_interpolation: 0, interpolation_duration: 1 }
$data merge entity $(bone_tail3) { transformation: [-0.9998570187817486f,-0.008640469127617635f,0.014535621284572423f,-0.028044988127075177f,-0.011008933525214792f,0.9850881329613584f,-0.1716979140273473f,-2.4980698158180283f,-0.01283531750722319f,-0.17183338613889798f,-0.9850424062102754f,-3.6379391936929193f,0f,0f,0f,1f], start_interpolation: 0, interpolation_duration: 1 }
$data merge entity $(bone_tail2) { transformation: [-1.541446237288529f,-0.004579013819701736f,0.02566400772648894f,-0.18576405625000486f,-0.016972105851372803f,1.3282712864963095f,-0.7823959663773319f,-1.645992267728179f,-0.01978778115696908f,-0.7825666318039559f,-1.3281317787083504f,-1.8213848186213593f,0f,0f,0f,1f], start_interpolation: 0, interpolation_duration: 1 }
$data merge entity $(bone_tail1) { transformation: [-0.9999980889781369f,0.0013762978327049177f,0.0013884683467165636f,1.1102230246251565e-16f,-0.00001842520447137305f,0.7035462321212846f,-0.7106494909084614f,-0.7576769493667639f,-0.001954917027902276f,-0.7106481584245604f,-0.7035448622704844f,-0.9415871938405223f,0f,0f,0f,1f], start_interpolation: 0, interpolation_duration: 1 }
$data merge entity $(bone_body1) { transformation: [-1.3333333333333333f,1.538913772036124e-18f,1.632789878723317e-16f,0.5f,0f,1.3332741161452664f,-0.012566184577525338f,-1.1875f,-1.6328623988631375e-16f,-0.012566184577525338f,-1.3332741161452664f,-0.12499999999999994f,0f,0f,0f,1f], start_interpolation: 0, interpolation_duration: 1 }
data modify entity @s data merge value {"locators":{"hitbox_head":{"posx":0.14926066233786187,"posy":-0.9257336590024512,"posz":3.1196814770003742,"roty":0.7201954567720463,"rotx":55.97733169704528},"hitbox_neck":{"posx":0.14578485311001166,"posy":-1.0095785121064056,"posz":2.0263610576816298,"roty":359.40535395785304,"rotx":38.67376879340359},"hitbox_right_arm":{"posx":-0.4740296252967842,"posy":-3.280736251664731,"posz":2.613152189170952,"roty":354.4172201544584,"rotx":7.727171502862027},"hitbox_left_arm":{"posx":1.3822479391041038,"posy":-3.0644824042008163,"posz":2.4611887812104847,"roty":354.4172201544584,"rotx":7.727171502862027},"hitbox_tail1":{"posx":-0.047109540355213336,"posy":-2.639708491636434,"posz":-2.031347295182053,"roty":1.1070108969922785,"rotx":-30.497454748993313},"hitbox_tail2":{"posx":-0.008528085424505043,"posy":-3.8875780669701943,"posz":-3.9664942278788957,"roty":0.8454146800253,"rotx":-9.886554055434768}},"cameras":{}}