# This file was generated by Animated Java via MC-Build. It is not recommended to edit this file directly.
$data merge entity $(bone_jaw) { transformation: [-0.997340074769314f,-0.06461558202527688f,-0.03372835333475225f,0.11670711574035637f,-0.03671419863296653f,0.04559311624582835f,0.998285197410907f,-0.5472527161292275f,-0.0629669983235524f,0.9968681428907882f,-0.04784415127884123f,3.6039619295881287f,0f,0f,0f,1f], start_interpolation: 0, interpolation_duration: 1 }
$data merge entity $(bone_head) { transformation: [-1.1220075841154782f,-0.08188054448239404f,0.004422400096634587f,0.11768987131738629f,-0.04130347346208735f,0.6167487732327136f,0.9399680706257577f,-0.338370922656837f,-0.07083787311399645f,0.9373054609630787f,-0.6181144461840993f,3.46660316376944f,0f,0f,0f,1f], start_interpolation: 0, interpolation_duration: 1 }
$data merge entity $(bone_neck) { transformation: [-0.9994507734475679f,-0.030899272499522012f,-0.01197440662656915f,0.640516529687825f,-0.03148104021657096f,0.7724685482591099f,0.634272249162255f,-0.6280320326295236f,-0.010348698562659048f,0.6343008567781249f,-0.7730170292617077f,2.1697565164488744f,0f,0f,0f,1f], start_interpolation: 0, interpolation_duration: 1 }
$data merge entity $(bone_right_arm2) { transformation: [-0.9892780911500215f,-0.1042451013495121f,-0.10228302505890065f,-0.550710445254987f,-0.11779906137894545f,0.9835515174379776f,0.13692988601357578f,-2.229535401970212f,0.0863263546595661f,0.1475105806038379f,-0.9852859428110752f,2.2611499087648372f,0f,0f,0f,1f], start_interpolation: 0, interpolation_duration: 1 }
$data merge entity $(bone_right_arm1) { transformation: [-1.1232428326599202f,-0.11836162549059186f,-0.1161338513689601f,-0.4487023170198341f,-0.1337510176073443f,1.1167407854243703f,0.1554724747445808f,-0.8076725320176124f,0.098016381853049f,0.16748597172727425f,-1.1187100809000747f,1.7503964742936458f,0f,0f,0f,1f], start_interpolation: 0, interpolation_duration: 1 }
$data merge entity $(bone_left_arm2) { transformation: [-0.9892780911500215f,-0.1042451013495121f,-0.10228302505890065f,1.1805262142575508f,-0.11779906137894545f,0.9835515174379776f,0.13692988601357578f,-2.023387044557057f,0.0863263546595661f,0.1475105806038379f,-0.9852859428110752f,2.1100787881105965f,0f,0f,0f,1f], start_interpolation: 0, interpolation_duration: 1 }
$data merge entity $(bone_left_arm1) { transformation: [-1.1232428326599202f,-0.11836162549059186f,-0.1161338513689601f,0.6642355355239401f,-0.1337510176073443f,1.1167407854243703f,0.1554724747445808f,-0.6751485879662988f,0.098016381853049f,0.16748597172727425f,-1.1187100809000747f,1.6532793253016338f,0f,0f,0f,1f], start_interpolation: 0, interpolation_duration: 1 }
$data merge entity $(bone_body2) { transformation: [-1.5663569776542008f,-0.1650547438033942f,-0.16194812300992603f,0.4999999999999999f,-0.18651518051666366f,1.5572899026101314f,0.21680565285482833f,-0.49266729132488196f,0.13668339487764636f,0.23355841928941004f,-1.5600360761175358f,0.7441885623702136f,0f,0f,0f,1f], start_interpolation: 0, interpolation_duration: 1 }
$data merge entity $(bone_right_leg2) { transformation: [-1f,-9.653402741995508e-17f,7.535767629579581e-17f,-0.9999999999999998f,0f,0.615342124343629f,0.7882601537616054f,-1.7012230730973676f,-1.2246467991473532e-16f,0.7882601537616054f,-0.615342124343629f,-1.4790512729625667f,0f,0f,0f,1f], start_interpolation: 0, interpolation_duration: 1 }
$data merge entity $(bone_right_leg1) { transformation: [-1.3333333333333333f,-1.3322265384823348e-16f,9.441462089022317e-17f,-0.625f,0f,0.7709538860997169f,1.0878455236316975f,-1.1250022092472893f,-1.6328623988631375e-16f,1.0878455236316975f,-0.7709538860997169f,-0.12552550074252156f,0f,0f,0f,1f], start_interpolation: 0, interpolation_duration: 1 }
$data merge entity $(bone_left_leg2) { transformation: [-1f,3.1929183449208287e-17f,1.1822912107803802e-16f,0.9999999999999999f,0f,0.9654140374216773f,-0.26072156863055224f,-2.326668596040806f,-1.2246467991473532e-16f,-0.26072156863055224f,-0.9654140374216773f,0.7230382239420863f,0f,0f,0f,1f], start_interpolation: 0, interpolation_duration: 1 }
$data merge entity $(bone_left_leg1) { transformation: [-1.3333333333333333f,1.2037342577221515e-16f,1.1032966284763046e-16f,0.625f,0f,0.9009100658609999f,-0.9829236140250708f,-1.1250022092472893f,-1.6328623988631375e-16f,-0.9829236140250708f,-0.9009100658609999f,-0.1255255007425214f,0f,0f,0f,1f], start_interpolation: 0, interpolation_duration: 1 }
$data merge entity $(bone_tail3) { transformation: [-0.9997513783254401f,-0.010549480487496994f,0.01964408302330684f,-0.015064879778095952f,-0.01380187120557094f,0.984720048136277f,-0.17359704821716526f,-2.526553875781963f,-0.017512563707449674f,-0.17382501333217798f,-0.9846208279599111f,-3.615795909171534f,0f,0f,0f,1f], start_interpolation: 0, interpolation_duration: 1 }
$data merge entity $(bone_tail2) { transformation: [-1.5412833749183867f,-0.0043161503934272755f,0.034103374570263106f,-0.18375108051748426f,-0.021277884775255197f,1.3210338939445518f,-0.7944512658308852f,-1.6583059140844973f,-0.026998535715651577f,-0.7947244384103122f,-1.3207650272375233f,-1.8079044044931398f,0f,0f,0f,1f], start_interpolation: 0, interpolation_duration: 1 }
$data merge entity $(bone_tail1) { transformation: [-0.9999907986515119f,0.0030685623621960843f,0.0029977553837392834f,1.1102230246251565e-16f,-0.00003606891306970166f,0.6927667294305658f,-0.7211617414235939f,-0.7568469743838042f,-0.004289674969614159f,-0.721155213888873f,-0.6927602443627584f,-0.9411497849828891f,0f,0f,0f,1f], start_interpolation: 0, interpolation_duration: 1 }
$data merge entity $(bone_body1) { transformation: [-1.3333333333333333f,1.372912644860739e-18f,1.6328046805138814e-16f,0.5f,0f,1.3332862027244945f,-0.01121068250712462f,-1.1875f,-1.6328623988631375e-16f,-0.01121068250712462f,-1.3332862027244945f,-0.12499999999999994f,0f,0f,0f,1f], start_interpolation: 0, interpolation_duration: 1 }
data modify entity @s data merge value {"locators":{"hitbox_head":{"posx":0.1619506182252067,"posy":-0.9421113718488328,"posz":3.1175763649522015,"roty":0.4099249565033176,"rotx":56.67077110663253},"hitbox_neck":{"posx":0.15387517097968295,"posy":-1.012732289480257,"posz":2.0233464745334615,"roty":359.1125317199351,"rotx":39.36602942366136},"hitbox_right_arm":{"posx":-0.45715371207290095,"posy":-3.2889143037511617,"posz":2.6116776967327597,"roty":354.0733255565758,"rotx":7.870230687634348},"hitbox_left_arm":{"posx":1.3977427088333896,"posy":-3.0680410636656386,"posz":2.4498157817460733,"roty":354.0733255565758,"rotx":7.870230687634348},"hitbox_tail1":{"posx":-0.041474147754073626,"posy":-2.6535281390273564,"posz":-2.0080824437062903,"roty":1.4791013623776905,"rotx":-31.018829246727364},"hitbox_tail2":{"posx":0.009831110062353949,"posy":-3.9166472785829822,"posz":-3.9414997949005004,"roty":1.1429513974953807,"rotx":-9.997025319648767}},"cameras":{}}