# This file was generated by Animated Java via MC-Build. It is not recommended to edit this file directly.
$data merge entity $(bone_jaw) { transformation: [-0.9982163770688115f,-0.04702267348351562f,-0.03678223389190947f,0.17068068389888352f,-0.037169012698137216f,0.0073773284593189326f,0.9992817618268879f,-0.5945155438184555f,-0.04671754538352984f,0.9988665792803691f,-0.009111956434916801f,3.613221125605432f,0f,0f,0f,1f], start_interpolation: 0, interpolation_duration: 1 }
$data merge entity $(bone_head) { transformation: [-1.1229934242024129f,-0.06671376153382994f,-0.007748756038671617f,0.16895873811251205f,-0.04181513928540437f,0.5929350983071557f,0.9551463046685705f,-0.38226080944766205f,-0.05255723855647107f,0.95373069742852f,-0.5943572103186997f,3.48114174553461f,0f,0f,0f,1f], start_interpolation: 0, interpolation_duration: 1 }
$data merge entity $(bone_neck) { transformation: [-0.9994285137438188f,-0.021213116481517344f,-0.0263182371173087f,0.6698283635882203f,-0.03325835082190736f,0.7562914395590411f,0.6533889657396429f,-0.6383127539047297f,0.0060438411981324075f,0.653890864088844f,-0.7565647426656338f,2.1686519284253194f,0f,0f,0f,1f], start_interpolation: 0, interpolation_duration: 1 }
$data merge entity $(bone_right_arm2) { transformation: [-0.9867531637835126f,-0.10606550482875778f,-0.12275301401044719f,-0.5114718832958113f,-0.12319610532647725f,0.9822257535836315f,0.1416166961535776f,-2.2462100500339024f,0.10555052532136357f,0.15486341621728472f,-0.9822812270026828f,2.2753454699928506f,0f,0f,0f,1f], start_interpolation: 0, interpolation_duration: 1 }
$data merge entity $(bone_right_arm1) { transformation: [-1.1203759880458632f,-0.12042854194098537f,-0.13937581799102858f,-0.4267151918333906f,-0.13987891125610435f,1.1152354910480815f,0.16079395709104122f,-0.8211784869352771f,0.1198438256252982f,0.175834503830042f,-1.1152984764926293f,1.770300821050766f,0f,0f,0f,1f], start_interpolation: 0, interpolation_duration: 1 }
$data merge entity $(bone_left_arm2) { transformation: [-0.9867531637835126f,-0.10606550482875778f,-0.12275301401044719f,1.2153461533253358f,-0.12319610532647725f,0.9822257535836315f,0.1416166961535776f,-2.0306168657125667f,0.10555052532136357f,0.15486341621728472f,-0.9822812270026828f,2.090632050680464f,0f,0f,0f,1f], start_interpolation: 0, interpolation_duration: 1 }
$data merge entity $(bone_left_arm1) { transformation: [-1.1203759880458632f,-0.12042854194098537f,-0.13937581799102858f,0.683382117423061f,-0.13987891125610435f,1.1152354910480815f,0.16079395709104122f,-0.6825828684429901f,0.1198438256252982f,0.175834503830042f,-1.1152984764926293f,1.651556480064232f,0f,0f,0f,1f], start_interpolation: 0, interpolation_duration: 1 }
$data merge entity $(bone_body2) { transformation: [-1.5623591759905617f,-0.16793704931219983f,-0.19435893884987474f,0.4999999999999999f,-0.19506050010025566f,1.5551907765074167f,0.2242264355764979f,-0.49612786278293897f,0.167121665092159f,0.24520040901070084f,-1.5552786094209146f,0.7469437010953823f,0f,0f,0f,1f], start_interpolation: 0, interpolation_duration: 1 }
$data merge entity $(bone_right_leg2) { transformation: [-1f,-1.0030188798606524e-16f,7.026470730779e-17f,-0.9999999999999998f,0f,0.5737548765628673f,0.8190270701389113f,-1.6296573167072412f,-1.2246467991473532e-16f,0.8190270701389113f,-0.5737548765628673f,-1.507081721628035f,0f,0f,0f,1f], start_interpolation: 0, interpolation_duration: 1 }
$data merge entity $(bone_right_leg1) { transformation: [-1.3333333333333333f,-1.3797733777252214e-16f,8.731924414135829e-17f,-0.625f,0f,0.7130157381063125f,1.1266704642398717f,-1.125000614117593f,-1.6328623988631375e-16f,1.1266704642398717f,-0.7130157381063125f,-0.1252770637507561f,0f,0f,0f,1f], start_interpolation: 0, interpolation_duration: 1 }
$data merge entity $(bone_left_leg2) { transformation: [-1f,3.875999901229209e-17f,1.1616910218808483e-16f,0.9999999999999999f,0f,0.9485927066397126f,-0.31649941059967907f,-2.2934598278551723f,-1.2246467991473532e-16f,-0.31649941059967907f,-0.9485927066397126f,0.7684597911633511f,0f,0f,0f,1f], start_interpolation: 0, interpolation_duration: 1 }
$data merge entity $(bone_left_leg1) { transformation: [-1.3333333333333333f,1.244901071062458e-16f,1.0566271513114856e-16f,0.625f,0f,0.8628015457576426f,-1.0165388681285141f,-1.125000614117593f,-1.6328623988631375e-16f,-1.0165388681285141f,-0.8628015457576426f,-0.12527706375075592f,0f,0f,0f,1f], start_interpolation: 0, interpolation_duration: 1 }
$data merge entity $(bone_tail3) { transformation: [-0.9995629017970421f,-0.012186147572251942f,0.026935165832499754f,0.004114521302523516f,-0.016564385668431304f,0.9855048850719179f,-0.16883643749740024f,-2.5509261780992607f,-0.024487271765234117f,-0.16920880386886883f,-0.9852759787058458f,-3.5906366992623493f,0f,0f,0f,1f], start_interpolation: 0, interpolation_duration: 1 }
$data merge entity $(bone_tail2) { transformation: [-1.5409928069371064f,-0.002128592016886466f,0.04552745518074354f,-0.1796346031680446f,-0.02553676123883159f,1.315880473620913f,-0.8028340825349555f,-1.6715217579190644f,-0.03775121063806926f,-0.8032372995263218f,-1.3153405634496842f,-1.7896188273288607f,0f,0f,0f,1f], start_interpolation: 0, interpolation_duration: 1 }
$data merge entity $(bone_tail1) { transformation: [-0.9999575288012142f,0.006739990116877372f,0.006285946785746371f,1.1102230246251565e-16f,-0.00004085614047987311f,0.6787965616184399f,-0.7343263758477965f,-0.7536061275829788f,-0.009216231580457649f,-0.7342954449458391f,-0.6787674569447534f,-0.9394314627265832f,0f,0f,0f,1f], start_interpolation: 0, interpolation_duration: 1 }
$data merge entity $(bone_body1) { transformation: [-1.3333333333333333f,7.238511691159255e-19f,1.6328463545507203e-16f,0.5f,0f,1.3333202321580162f,-0.005910693349461239f,-1.1875f,-1.6328623988631375e-16f,-0.005910693349461239f,-1.3333202321580162f,-0.12499999999999994f,0f,0f,0f,1f], start_interpolation: 0, interpolation_duration: 1 }
data modify entity @s data merge value {"locators":{"hitbox_head":{"posx":0.20817437119760412,"posy":-0.9769876153595738,"posz":3.1163905831628487,"roty":359.25306556625014,"rotx":58.10512342030837},"hitbox_neck":{"posx":0.1813588050365435,"posy":-1.0202248398677791,"posz":2.021035367824273,"roty":358.0076839153911,"rotx":40.79760539317581},"hitbox_right_arm":{"posx":-0.4057019441982994,"posy":-3.306943908277227,"posz":2.6182195751094923,"roty":352.87682948426266,"rotx":8.141408295185537},"hitbox_left_arm":{"posx":1.4444602378957867,"posy":-3.075951210790082,"posz":2.4203123401319355,"roty":352.87682948426266,"rotx":8.141408295185537},"hitbox_tail1":{"posx":-0.03335092512486773,"posy":-2.6676298823322186,"posz":-1.9823646185053956,"roty":1.9823687861963037,"rotx":-31.383059559481268},"hitbox_tail2":{"posx":0.0352598707718853,"posy":-3.9393718358484406,"posz":-3.9227678822064975,"roty":1.5659440341457014,"rotx":-9.720173971404911}},"cameras":{}}