# This file was generated by Animated Java via MC-Build. It is not recommended to edit this file directly.
$data merge entity $(bone_jaw) { transformation: [-0.9983329068699468f,-0.04423179153593721f,-0.037080394794603753f,0.1789203904429338f,-0.03733247656768052f,0.0048864582140755175f,0.9992909529858889f,-0.5979938406465923f,-0.044019237316494604f,0.9990093448730317f,-0.006529594354218515f,3.61453100471856f,0f,0f,0f,1f], start_interpolation: 0, interpolation_duration: 1 }
$data merge entity $(bone_head) { transformation: [-1.1231245202286901f,-0.06421700929378996f,-0.009617056640992624f,0.17678326674493544f,-0.04199903613864058f,0.5913560860573555f,0.9561166562958471f,-0.3855234725808485f,-0.04952164198105643f,0.9548817493283068f,-0.5927676203835812f,3.4828048668555422f,0f,0f,0f,1f], start_interpolation: 0, interpolation_duration: 1 }
$data merge entity $(bone_neck) { transformation: [-0.9994001136602266f,-0.019583925896236726f,-0.02856365982182743f,0.6740832712345655f,-0.03350853172083793f,0.755214265586677f,0.654620952426891f,-0.639304840059425f,0.008751635152356926f,0.6551853805610036f,-0.7554174514672621f,2.168517903116147f,0f,0f,0f,1f], start_interpolation: 0, interpolation_duration: 1 }
$data merge entity $(bone_right_arm2) { transformation: [-0.9863821040599122f,-0.10605074448154149f,-0.12571230801019964f,-0.5061731189036853f,-0.12368092290903111f,0.9821198772161084f,0.14192806658792623f,-2.247774945042735f,0.10841297938305547f,0.15554351922187987f,-0.9818619248801544f,2.278091051801425f,0f,0f,0f,1f], start_interpolation: 0, interpolation_duration: 1 }
$data merge entity $(bone_right_arm1) { transformation: [-1.1199546806513585f,-0.12041178279675022f,-0.14273584971991415f,-0.4235475252739982f,-0.14042938121962906f,1.1151152772557895f,0.16114749227170788f,-0.8225167720083211f,0.12309390367451088f,0.17660670411650942f,-1.1148223938743418f,1.7733327913678312f,0f,0f,0f,1f], start_interpolation: 0, interpolation_duration: 1 }
$data merge entity $(bone_left_arm2) { transformation: [-0.9863821040599122f,-0.10605074448154149f,-0.12571230801019964f,1.2199955632011608f,-0.12368092290903111f,0.9821198772161084f,0.14192806658792623f,-2.0313333299519303f,0.10841297938305547f,0.15554351922187987f,-0.9818619248801544f,2.088368337881078f,0f,0f,0f,1f], start_interpolation: 0, interpolation_duration: 1 }
$data merge entity $(bone_left_arm1) { transformation: [-1.1199546806513585f,-0.12041178279675022f,-0.14273584971991415f,0.6861323417934029f,-0.14042938121962906f,1.1151152772557895f,0.16114749227170788f,-0.6833757337356611f,0.12309390367451088f,0.17660670411650942f,-1.1148223938743418f,1.651368189561894f,0f,0f,0f,1f], start_interpolation: 0, interpolation_duration: 1 }
$data merge entity $(bone_body2) { transformation: [-1.5617716647615278f,-0.1679136787624407f,-0.19904448768281613f,0.4999999999999999f,-0.19582812793929927f,1.5550231389255051f,0.22471943876421654f,-0.4966657366652879f,0.17165388402317117f,0.24627723876797647f,-1.554614714393578f,0.7473699161495575f,0f,0f,0f,1f], start_interpolation: 0, interpolation_duration: 1 }
$data merge entity $(bone_right_leg2) { transformation: [-1f,-1.0044645429971053e-16f,7.00578878159679e-17f,-0.9999999999999998f,0f,0.5720660672509407f,0.8202075436741864f,-1.6268694147227702f,-1.2246467991473532e-16f,0.8202075436741864f,-0.5720660672509407f,-1.5080581197256835f,0f,0f,0f,1f], start_interpolation: 0, interpolation_duration: 1 }
$data merge entity $(bone_right_leg1) { transformation: [-1.3333333333333333f,-1.38153155880088e-16f,8.704080454926248e-17f,-0.625f,0f,0.710742106294351f,1.1281061280385138f,-1.1250004551331998f,-1.6328623988631375e-16f,1.1281061280385138f,-0.710742106294351f,-0.1252385192714223f,0f,0f,0f,1f], start_interpolation: 0, interpolation_duration: 1 }
$data merge entity $(bone_left_leg2) { transformation: [-1f,3.938379424163616e-17f,1.1595910735147561e-16f,0.9999999999999999f,0f,0.9468779686699126f,-0.3215930851985788f,-2.2927606322391805f,-1.2246467991473532e-16f,-0.3215930851985788f,-0.9468779686699126f,0.769411506585286f,0f,0f,0f,1f], start_interpolation: 0, interpolation_duration: 1 }
$data merge entity $(bone_left_leg1) { transformation: [-1.3333333333333333f,1.2457267098855647e-16f,1.0556536259108699e-16f,0.625f,0f,0.8620066019409491f,-1.0172130533904862f,-1.1250004551331998f,-1.6328623988631375e-16f,-1.0172130533904862f,-0.8620066019409491f,-0.12523851927142213f,0f,0f,0f,1f], start_interpolation: 0, interpolation_duration: 1 }
$data merge entity $(bone_tail3) { transformation: [-0.9995659814198287f,-0.011940671234359022f,0.02693082172321982f,0.004237597913297586f,-0.01627994196431921f,0.9857949431980109f,-0.16716247621661057f,-2.547750961494576f,-0.024552235699693337f,-0.16752835681073064f,-0.9855614833111342f,-3.5918645378570613f,0f,0f,0f,1f], start_interpolation: 0, interpolation_duration: 1 }
$data merge entity $(bone_tail2) { transformation: [-1.5409975546889023f,-0.0017652762354089023f,0.045382059822655314f,-0.17936747755953547f,-0.025098243861658782f,1.3170003419994327f,-0.8010095432886856f,-1.670814155892563f,-0.037851363370360554f,-0.8014007075641378f,-1.3164574779755762f,-1.7896291855123263f,0f,0f,0f,1f], start_interpolation: 0, interpolation_duration: 1 }
$data merge entity $(bone_tail1) { transformation: [-0.9999545615164643f,0.006973899443005736f,0.0064992021798412f,1.1102230246251565e-16f,-0.00003638022958950417f,0.6789735645996547f,-0.7341627185109018f,-0.7531039364608878f,-0.009532763444799383f,-0.7341295957127716f,-0.6789424593584555f,-0.939163718168357f,0f,0f,0f,1f], start_interpolation: 0, interpolation_duration: 1 }
$data merge entity $(bone_body1) { transformation: [-1.3333333333333333f,6.231506395352746e-19f,1.6328505081449205e-16f,0.5f,0f,1.333323623825069f,-0.0050884111236736695f,-1.1875f,-1.6328623988631375e-16f,-0.0050884111236736695f,-1.333323623825069f,-0.12499999999999994f,0f,0f,0f,1f], start_interpolation: 0, interpolation_duration: 1 }
data modify entity @s data merge value {"locators":{"hitbox_head":{"posx":0.21513078764176113,"posy":-0.9796425915837812,"posz":3.1169726784463667,"roty":359.0705153255135,"rotx":58.198779994283555},"hitbox_neck":{"posx":0.18529764409326938,"posy":-1.0210920745682093,"posz":2.021626384415357,"roty":357.8345776012984,"rotx":40.890914807212845},"hitbox_right_arm":{"posx":-0.3989151019207885,"posy":-3.3085889132346207,"posz":2.6202543062310633,"roty":352.70385269423986,"rotx":8.159430544645726},"hitbox_left_arm":{"posx":1.4505513431915467,"posy":-3.076687182780187,"posz":2.416979969887834,"roty":352.70385269423986,"rotx":8.159430544645726},"hitbox_tail1":{"posx":-0.03332500125202517,"posy":-2.6666889907214317,"posz":-1.9837584168726357,"roty":1.9743677736628342,"rotx":-31.303664356769243},"hitbox_tail2":{"posx":0.03505831612770495,"posy":-3.935635717313809,"posz":-3.9263619039054904,"roty":1.5652382688298019,"rotx":-9.622880214800784}},"cameras":{}}