# This file was generated by Animated Java via MC-Build. It is not recommended to edit this file directly.
$data merge entity $(bone_jaw) { transformation: [-0.9985381267374246f,-0.0388276160759951f,-0.03760353283363616f,0.19456380650916297f,-0.03777883700387188f,0.003790882064572121f,0.9992789343760866f,-0.6006583215829342f,-0.03865706825860066f,0.999238732957759f,-0.005252202454424315f,3.6170139456428045f,0f,0f,0f,1f], start_interpolation: 0, interpolation_duration: 1 }
$data merge entity $(bone_head) { transformation: [-1.1233553925796027f,-0.05934215272435665f,-0.013272937593698447f,0.19161426482167443f,-0.04250119162935586f,0.5906016352973158f,0.9565606917986025f,-0.3880892789610225f,-0.04348920179092574f,0.9556637574451464f,-0.5919801280730737f,3.4854628060710104f,0f,0f,0f,1f], start_interpolation: 0, interpolation_duration: 1 }
$data merge entity $(bone_neck) { transformation: [-0.9993222162586572f,-0.01640592843370335f,-0.03295381016079858f,0.6819317011561641f,-0.03399538222596506f,0.7547082261917271f,0.6551792176998958f,-0.6406359637955846f,0.014121688255880935f,0.6558554252506914f,-0.7547544230344322f,2.168317603898734f,0f,0f,0f,1f], start_interpolation: 0, interpolation_duration: 1 }
$data merge entity $(bone_right_arm2) { transformation: [-0.9857051454914153f,-0.10574828570926216f,-0.13115893496556036f,-0.49680741288142516f,-0.12426504709108965f,0.9820163487936696f,0.1421340521247425f,-2.249799039710122f,0.1137697860734435f,0.15640073775881624f,-0.981119383666076f,2.2838848836588097f,0f,0f,0f,1f], start_interpolation: 0, interpolation_duration: 1 }
$data merge entity $(bone_right_arm1) { transformation: [-1.1191860506100444f,-0.12006836606572473f,-0.14892004074214663f,-0.4177409476975872f,-0.14109260555134137f,1.1149977293594788f,0.16138137168330136f,-0.8243525938667048f,0.12917611127088896f,0.1775800043303226f,-1.1139793002041902f,1.7790882175488778f,0f,0f,0f,1f], start_interpolation: 0, interpolation_duration: 1 }
$data merge entity $(bone_left_arm2) { transformation: [-0.9857051454914153f,-0.10574828570926216f,-0.13115893496556036f,1.2281765917285516f,-0.12426504709108965f,0.9820163487936696f,0.1421340521247425f,-2.032335207300715f,0.1137697860734435f,0.15640073775881624f,-0.981119383666076f,2.084787758030284f,0f,0f,0f,1f], start_interpolation: 0, interpolation_duration: 1 }
$data merge entity $(bone_left_arm1) { transformation: [-1.1191860506100444f,-0.12006836606572473f,-0.14892004074214663f,0.6911773409802551f,-0.14109260555134137f,1.1149977293594788f,0.16138137168330136f,-0.6845544158892289f,0.12917611127088896f,0.1775800043303226f,-1.1139793002041902f,1.651097208216254f,0f,0f,0f,1f], start_interpolation: 0, interpolation_duration: 1 }
$data merge entity $(bone_body2) { transformation: [-1.560699813694741f,-0.16743478570633177f,-0.2076683136954706f,0.4999999999999999f,-0.19675299122755863f,1.5548592189233104f,0.2250455825308423f,-0.4976942856658716f,0.18013549461628556f,0.24763450145145907f,-1.5534390241379539f,0.748183443768824f,0f,0f,0f,1f], start_interpolation: 0, interpolation_duration: 1 }
$data merge entity $(bone_right_leg2) { transformation: [-1f,-1.0031496518529512e-16f,7.024603609095393e-17f,-0.9999999999999998f,0f,0.5736024145072843f,0.8191338535742577f,-1.629754085181055f,-1.2246467991473532e-16f,0.8191338535742577f,-0.5736024145072843f,-1.5069340325008826f,0f,0f,0f,1f], start_interpolation: 0, interpolation_duration: 1 }
$data merge entity $(bone_right_leg1) { transformation: [-1.3333333333333333f,-1.3797119727534694e-16f,8.732894628139109e-17f,-0.625f,0f,0.7130949620918693f,1.126620323275314f,-1.1250002174434102f,-1.6328623988631375e-16f,1.126620323275314f,-0.7130949620918693f,-0.12516486472940302f,0f,0f,0f,1f], start_interpolation: 0, interpolation_duration: 1 }
$data merge entity $(bone_left_leg2) { transformation: [-1f,4.015300153541931e-17f,1.156950054856094e-16f,0.9999999999999999f,0f,0.9447214132773694f,-0.3278741394120769f,-2.295933675711874f,-1.2246467991473532e-16f,-0.3278741394120769f,-0.9447214132773694f,0.7653278844311149f,0f,0f,0f,1f], start_interpolation: 0, interpolation_duration: 1 }
$data merge entity $(bone_left_leg1) { transformation: [-1.3333333333333333f,1.241965775851831e-16f,1.060075763912108e-16f,0.625f,0f,0.8656175516485032f,-1.014142017695662f,-1.1250002174434102f,-1.6328623988631375e-16f,-1.014142017695662f,-0.8656175516485032f,-0.12516486472940289f,0f,0f,0f,1f], start_interpolation: 0, interpolation_duration: 1 }
$data merge entity $(bone_tail3) { transformation: [-0.9996072767981927f,-0.010985127847942883f,0.02578020826652446f,0.001602086238415651f,-0.015047541053064294f,0.9864940386430412f,-0.16310451627713596f,-2.5350917275470803f,-0.02364029780602121f,-0.1634283900915216f,-0.9862719187078867f,-3.5990822177214925f,0f,0f,0f,1f], start_interpolation: 0, interpolation_duration: 1 }
$data merge entity $(bone_tail2) { transformation: [-1.5410612183972137f,-0.0010861256529139892f,0.043188570180910976f,-0.17924514236799666f,-0.023198292456807452f,1.320944992981416f,-0.794545326495302f,-1.6668666376555208f,-0.03644545911761603f,-0.7948831718935204f,-1.320442570754712f,-1.7923556963054335f,0f,0f,0f,1f], start_interpolation: 0, interpolation_duration: 1 }
$data merge entity $(bone_tail1) { transformation: [-0.9999534184634872f,0.007045695736931636f,0.006596898875125679f,1.1102230246251565e-16f,-0.000025460362450497743f,0.6815477094940745f,-0.7317736802011608f,-0.7521447635861103f,-0.009651956017098036f,-0.7317397610181938f,-0.6815157825685921f,-0.9386512263414872f,0f,0f,0f,1f], start_interpolation: 0, interpolation_duration: 1 }
$data merge entity $(bone_body1) { transformation: [-1.3333333333333333f,4.3072226806532993e-19f,1.6328567179804413e-16f,0.5f,0f,1.333328694540581f,-0.003517114227263041f,-1.1875f,-1.6328623988631375e-16f,-0.003517114227263041f,-1.333328694540581f,-0.12499999999999994f,0f,0f,0f,1f], start_interpolation: 0, interpolation_duration: 1 }
data modify entity @s data merge value {"locators":{"hitbox_head":{"posx":0.2282690545556777,"posy":-0.981912601848032,"posz":3.118977420844005,"roty":358.7155719029132,"rotx":58.241719919650365},"hitbox_neck":{"posx":0.19254204245957401,"posy":-1.0225466419429519,"posz":2.0237769664369694,"roty":357.4999605709711,"rotx":40.933240586466965},"hitbox_right_arm":{"posx":-0.3870862312825963,"posy":-3.310648980009356,"posz":2.6251544493626215,"roty":352.3856757869028,"rotx":8.171353519281704},"hitbox_left_arm":{"posx":1.4611109165138074,"posy":-3.0776520167135626,"posz":2.4118361004749156,"roty":352.3856757869028,"rotx":8.171353519281704},"hitbox_tail1":{"posx":-0.03450607953207435,"posy":-2.6619318507222114,"posz":-1.991546748900475,"roty":1.873342323678628,"rotx":-31.022908396789095},"hitbox_tail2":{"posx":0.030521433688760695,"posy":-3.921611443671961,"posz":-3.9393604099995567,"roty":1.497316135341805,"rotx":-9.38713962948842}},"cameras":{}}