# This file was generated by Animated Java via MC-Build. It is not recommended to edit this file directly.
$data merge entity $(bone_jaw) { transformation: [-0.9986986699973006f,-0.03391797211631702f,-0.038085925394289115f,0.20827099457738033f,-0.038410797326675156f,0.008978402778175743f,0.9992216965880404f,-0.596386767323594f,-0.033549622864522705f,0.9993842901762414f,-0.010269535265955754f,3.6192246532480397f,0f,0f,0f,1f], start_interpolation: 0, interpolation_duration: 1 }
$data merge entity $(bone_head) { transformation: [-1.1235360037469633f,-0.05488301600180242f,-0.016724318785813763f,0.20455447929164394f,-0.043212146992509554f,0.5937263917084669f,0.9545924167628517f,-0.3842551191540714f,-0.03774332572258804f,0.9539925714298778f,-0.5950618581458642f,3.486988684771181f,0f,0f,0f,1f], start_interpolation: 0, interpolation_duration: 1 }
$data merge entity $(bone_neck) { transformation: [-0.9992214836243359f,-0.013528262744592873f,-0.03705958405991763f,0.6884280882212588f,-0.03445334999707982f,0.7568630253621115f,0.6526647895464337f,-0.6409052670962976f,0.01921960815312214f,0.6534335061403153f,-0.7567398890739243f,2.1682546205479714f,0f,0f,0f,1f], start_interpolation: 0, interpolation_duration: 1 }
$data merge entity $(bone_right_arm2) { transformation: [-0.9851733931941458f,-0.10503899004032534f,-0.13564732180784644f,-0.4897579063987528f,-0.12421896424865653f,0.9820863571440551f,0.1416899291852121f,-2.250022343055007f,0.11833441707011537f,0.15643911813490852f,-0.9805731834258208f,2.28994068359279f,0f,0f,0f,1f], start_interpolation: 0, interpolation_duration: 1 }
$data merge entity $(bone_right_arm1) { transformation: [-1.1185822901891862f,-0.11926301994161938f,-0.15401622996932562f,-0.4130124291964037f,-0.1410402823239954f,1.1150772180073125f,0.16087710709570954f,-0.824803746660896f,0.13435886938169347f,0.1776235820490107f,-1.1133591353480672f,1.7841434572051946f,0f,0f,0f,1f], start_interpolation: 0, interpolation_duration: 1 }
$data merge entity $(bone_left_arm2) { transformation: [-0.9851733931941458f,-0.10503899004032534f,-0.13564732180784644f,1.2342955316910023f,-0.12421896424865653f,0.9820863571440551f,0.1416899291852121f,-2.032639155619858f,0.11833441707011537f,0.15643911813490852f,-0.9805731834258208f,2.0828554537200885f,0f,0f,0f,1f], start_interpolation: 0, interpolation_duration: 1 }
$data merge entity $(bone_left_arm1) { transformation: [-1.1185822901891862f,-0.11926301994161938f,-0.15401622996932562f,0.6953076381470104f,-0.1410402823239954f,1.1150772180073125f,0.16087710709570954f,-0.6850574118811574f,0.13435886938169347f,0.1776235820490107f,-1.1133591353480672f,1.651017238001315f,0f,0f,0f,1f], start_interpolation: 0, interpolation_duration: 1 }
$data merge entity $(bone_body2) { transformation: [-1.5598578725573975f,-0.16631173423051512f,-0.2147749261957569f,0.4999999999999999f,-0.19668002672703952f,1.5549700654780874f,0.22434238787658584f,-0.4986063912140587f,0.1873628270276827f,0.24769527038027184f,-1.552574207090883f,0.7489032244899219f,0f,0f,0f,1f], start_interpolation: 0, interpolation_duration: 1 }
$data merge entity $(bone_right_leg2) { transformation: [-1f,-9.952195350407723e-17f,7.136510770222981e-17f,-0.9999999999999998f,0f,0.5827403276758409f,0.8126584217863331f,-1.6457477124110447f,-1.2246467991473532e-16f,0.8126584217863331f,-0.5827403276758409f,-1.5009209615047119f,0f,0f,0f,1f], start_interpolation: 0, interpolation_duration: 1 }
$data merge entity $(bone_right_leg1) { transformation: [-1.3333333333333333f,-1.3694894993585565e-16f,8.892345724091757e-17f,-0.625f,0f,0.7261151321575295f,1.1182730402856143f,-1.125000079370649f,-1.6328623988631375e-16f,1.1182730402856143f,-0.7261151321575295f,-0.125099605847363f,0f,0f,0f,1f], start_interpolation: 0, interpolation_duration: 1 }
$data merge entity $(bone_left_leg2) { transformation: [-1f,4.014135630409441e-17f,1.1569904641217367e-16f,0.9999999999999999f,0f,0.944754409946834f,-0.32777904888203196f,-2.3060624075634353f,-1.2246467991473532e-16f,-0.32777904888203196f,-0.944754409946834f,0.7519148050512464f,0f,0f,0f,1f], start_interpolation: 0, interpolation_duration: 1 }
$data merge entity $(bone_left_leg1) { transformation: [-1.3333333333333333f,1.2297348734411548e-16f,1.0742400824134921e-16f,0.625f,0f,0.8771835954345529f,-1.004154727956946f,-1.125000079370649f,-1.6328623988631375e-16f,-1.004154727956946f,-0.8771835954345529f,-0.12509960584736282f,0f,0f,0f,1f], start_interpolation: 0, interpolation_duration: 1 }
$data merge entity $(bone_tail3) { transformation: [-0.9996950930825481f,-0.009351210480154632f,0.02285335269126669f,-0.005521195654299288f,-0.012850279851326536f,0.987336281690903f,-0.15812000874185556f,-2.5130548958965235f,-0.02108533078749707f,-0.15836546883502622f,-0.987155401700383f,-3.613293903348641f,0f,0f,0f,1f], start_interpolation: 0, interpolation_duration: 1 }
$data merge entity $(bone_tail2) { transformation: [-1.541196601835595f,-0.0005219726049164843f,0.03806406633723638f,-0.1798000095184076f,-0.01981084810412841f,1.3273268522644157f,-0.7839305254079241f,-1.6591018731917098f,-0.03250655163072465f,-0.7841806334726381f,-1.3269288486194888f,-1.7991350403899875f,0f,0f,0f,1f], start_interpolation: 0, interpolation_duration: 1 }
$data merge entity $(bone_tail1) { transformation: [-0.9999600637962061f,0.006480669149790358f,0.006154001954704719f,1.1102230246251565e-16f,-0.000014242914551351034f,0.6874380556135505f,-0.7262430168279764f,-0.7512954316102608f,-0.00893703585239195f,-0.7262141010897764f,-0.687410509643649f,-0.9381962091131029f,0f,0f,0f,1f], start_interpolation: 0, interpolation_duration: 1 }
$data merge entity $(bone_body1) { transformation: [-1.3333333333333333f,2.6022822858523765e-19f,1.6328603252415636e-16f,0.5f,0f,1.3333316400928208f,-0.0021249247437417768f,-1.1875f,-1.6328623988631375e-16f,-0.0021249247437417768f,-1.3333316400928208f,-0.12499999999999994f,0f,0f,0f,1f], start_interpolation: 0, interpolation_duration: 1 }
data modify entity @s data merge value {"locators":{"hitbox_head":{"posx":0.23969068784426023,"posy":-0.9792676747595673,"posz":3.1222877723506555,"roty":358.3901157753151,"rotx":58.051773305773175},"hitbox_neck":{"posx":0.19852289294580283,"posy":-1.0235386752989335,"posz":2.027419345956155,"roty":357.19631180219505,"rotx":40.74281819958758},"hitbox_right_arm":{"posx":-0.37846859252913834,"posy":-3.3107173500572094,"posz":2.631184058237674,"roty":352.12398999626436,"rotx":8.145646980325315},"hitbox_left_arm":{"posx":1.468731519709885,"posy":-3.0778067920909784,"posz":2.4093070262312084,"roty":352.12398999626436,"rotx":8.145646980325315},"hitbox_tail1":{"posx":-0.03760967419517297,"posy":-2.6528128046965165,"posz":-2.006744633493282,"roty":1.643126865811638,"rotx":-30.56366601878036},"hitbox_tail2":{"posx":0.01960727898974118,"posy":-3.8978762705331276,"posz":-3.9607141389591343,"roty":1.3262013285996943,"rotx":-9.09779161947842}},"cameras":{}}