# This file was generated by Animated Java via MC-Build. It is not recommended to edit this file directly.
$data merge entity $(bone_jaw) { transformation: [-0.998903250666894f,-0.024927054847066168f,-0.039635057004671556f,0.22659356159394473f,-0.04202679598518653f,0.10416225134382057f,0.9936719648929451f,-0.4942611756320161f,-0.02064083879913122f,0.9942478902827193f,-0.10509561571269355f,3.6206908939210116f,0f,0f,0f,1f], start_interpolation: 0, interpolation_duration: 1 }
$data merge entity $(bone_head) { transformation: [-1.1237661570002557f,-0.04633774180348128f,-0.025048713847826445f,0.22102718073887218f,-0.04728014548333485f,0.6514926100892234f,0.915940482150563f,-0.2907188462652243f,-0.023220943649022625f,0.9159886422241736f,-0.6527255128247738f,3.4756407799599507f,0f,0f,0f,1f], start_interpolation: 0, interpolation_duration: 1 }
$data merge entity $(bone_neck) { transformation: [-0.9988881946113106f,-0.008468715851809333f,-0.04637516057090997f,0.6917894706732106f,-0.03481468507966734f,0.7957980503645283f,0.6045605021325982f,-0.627641524254966f,0.03178541125988393f,0.6055028851193338f,-0.7952081134792344f,2.1702946666888385f,0f,0f,0f,1f], start_interpolation: 0, interpolation_duration: 1 }
$data merge entity $(bone_right_arm2) { transformation: [-0.9856961122385255f,-0.09724471508811251f,-0.13764679329823848f,-0.4979446319721803f,-0.11550892866124154f,0.984550131403044f,0.13160063128184785f,-2.2264322334213955f,0.12272270253456928f,0.14561766425018802f,-0.9816998696857054f,2.3137817158802956f,0f,0f,0f,1f], start_interpolation: 0, interpolation_duration: 1 }
$data merge entity $(bone_right_arm1) { transformation: [-1.119175794104159f,-0.1104132702562944f,-0.15628646322404158f,-0.41218045584332774f,-0.13115076275078466f,1.1178746283638727f,0.14942155010126473f,-0.8076382117419918f,0.1393414018361255f,0.1653367229507343f,-1.1146383937056445f,1.791635395257692f,0f,0f,0f,1f], start_interpolation: 0, interpolation_duration: 1 }
$data merge entity $(bone_left_arm2) { transformation: [-0.9856961122385255f,-0.09724471508811251f,-0.13764679329823848f,1.2270235644452392f,-0.11550892866124154f,0.984550131403044f,0.13160063128184785f,-2.024291608264223f,0.12272270253456928f,0.14561766425018802f,-0.9816998696857054f,2.0990169864447994f,0f,0f,0f,1f], start_interpolation: 0, interpolation_duration: 1 }
$data merge entity $(bone_left_arm1) { transformation: [-1.119175794104159f,-0.1104132702562944f,-0.15628646322404158f,0.6967276704250134f,-0.13115076275078466f,1.1178746283638727f,0.14942155010126473f,-0.677690666998095f,0.1393414018361255f,0.1653367229507343f,-1.1146383937056445f,1.6535723549063015f,0f,0f,0f,1f], start_interpolation: 0, interpolation_duration: 1 }
$data merge entity $(bone_body2) { transformation: [-1.560685511044332f,-0.15397079888951148f,-0.21794075605554428f,0.4999999999999999f,-0.1828891370469658f,1.5588710413881532f,0.2083676661962591f,-0.5f,0.19431094567973473f,0.23056130172946437f,-1.5543581270023672f,0.75f,0f,0f,0f,1f], start_interpolation: 0, interpolation_duration: 1 }
$data merge entity $(bone_right_leg2) { transformation: [-1f,-8.792084142446479e-17f,8.524977108375538e-17f,-0.9999999999999999f,0f,0.6961172081869612f,0.7179281527186345f,-1.8476730345600842f,-1.2246467991473532e-16f,0.7179281527186345f,-0.6961172081869612f,-1.4063298502414274f,0f,0f,0f,1f], start_interpolation: 0, interpolation_duration: 1 }
$data merge entity $(bone_right_leg1) { transformation: [-1.3333333333333333f,-1.2193872789884856e-16f,1.0859715822534846e-16f,-0.625f,0f,0.8867630920274975f,0.995705275870129f,-1.125f,-1.6328623988631375e-16f,0.995705275870129f,-0.8867630920274975f,-0.12500000000000008f,0f,0f,0f,1f], start_interpolation: 0, interpolation_duration: 1 }
$data merge entity $(bone_left_leg2) { transformation: [-1f,3.082745557077674e-17f,1.1852116186424414e-16f,1f,0f,0.9677987314118912f,-0.25172527778817544f,-2.4112868941319654f,-1.2246467991473532e-16f,-0.25172527778817544f,-0.9677987314118912f,0.5888126686914025f,0f,0f,0f,1f], start_interpolation: 0, interpolation_duration: 1 }
$data merge entity $(bone_left_leg1) { transformation: [-1.3333333333333333f,1.077530063488073e-16f,1.2268531191224438e-16f,0.625f,0f,1.001801596980147f,-0.8798700688543761f,-1.125f,-1.6328623988631375e-16f,-0.8798700688543761f,-1.001801596980147f,-0.12499999999999993f,0f,0f,0f,1f], start_interpolation: 0, interpolation_duration: 1 }
$data merge entity $(bone_tail3) { transformation: [-0.9999245271692897f,0.004671526672400659f,-0.011362957529686777f,-0.09057314266667914f,0.006094238432137851f,0.9916795957662062f,-0.12858631186446873f,-2.3321686677066293f,0.010667718744167855f,-0.12864585566400188f,-0.9916332202973397f,-3.732281879416254f,0f,0f,0f,1f], start_interpolation: 0, interpolation_duration: 1 }
$data merge entity $(bone_tail2) { transformation: [-1.5415503127193215f,0.0008647901272732655f,-0.01892079818899243f,-0.19112298538719422f,0.009395284249545853f,1.3721454923563619f,-0.7027549982398549f,-1.5866072879050603f,0.016446066397258777f,-0.702817267186332f,-1.3720472028891366f,-1.8655175107619608f,0f,0f,0f,1f], start_interpolation: 0, interpolation_duration: 1 }
$data merge entity $(bone_tail1) { transformation: [-0.9999923854628843f,-0.0026118459345841924f,-0.00289953049032284f,1.1102230246251565e-16f,0f,0.7430050318318506f,-0.6692858303240483f,-0.75f,0.0039024372192664144f,-0.6692807340222522f,-0.7429993741924585f,-0.9375f,0f,0f,0f,1f], start_interpolation: 0, interpolation_duration: 1 }
data modify entity @s data merge value {"locators":{"hitbox_head":{"posx":0.2537283466985358,"posy":-0.9070870969121716,"posz":3.148070843397847,"roty":357.80232018780197,"rotx":54.50530850096989},"hitbox_neck":{"posx":0.2013180368833476,"posy":-1.0190431984480726,"posz":2.058524804583935,"roty":356.6623896599765,"rotx":37.19722257042472},"hitbox_right_arm":{"posx":-0.3934825272498564,"posy":-3.284001988506691,"posz":2.666684155381371,"roty":352.01843718464556,"rotx":7.562096471728162},"hitbox_left_arm":{"posx":1.4546976831973788,"posy":-3.067422747266863,"posz":2.4365790881290534,"roty":352.01843718464556,"rotx":7.562096471728162},"hitbox_tail1":{"posx":-0.07499078144804094,"posy":-2.568290049692108,"posz":-2.1367987604243543,"roty":359.20993011971774,"rotx":-27.11906385872264},"hitbox_tail2":{"posx":-0.10309618503465381,"posy":-3.7060779375735384,"posz":-4.121227880274505,"roty":359.34348607645825,"rotx":-7.387908323858717}},"cameras":{}}