# This file was generated by Animated Java via MC-Build. It is not recommended to edit this file directly.
$data merge entity $(bone_jaw) { transformation: [-0.9989270631739487f,-0.02429362070017659f,-0.039427686363080194f,0.22546060284295505f,-0.04243644849155502f,0.13926840942353874f,0.9893449640929401f,-0.4533514083014364f,-0.018543740132267374f,0.9899566304287847f,-0.14014991820187922f,3.618597233110569f,0f,0f,0f,1f], start_interpolation: 0, interpolation_duration: 1 }
$data merge entity $(bone_head) { transformation: [-1.1237929460706924f,-0.04530277213990272f,-0.025730783085510626f,0.2197426510461749f,-0.0477410045529994f,0.6729453905253122f,0.9002723464902194f,-0.25329088685916545f,-0.020861707648800795f,0.90039833418725f,-0.674145851390336f,3.4687870439127164f,0f,0f,0f,1f], start_interpolation: 0, interpolation_duration: 1 }
$data merge entity $(bone_neck) { transformation: [-0.9988539800099069f,-0.007769917558305861f,-0.04722663442916178f,0.6890535379831344f,-0.03398828487713261f,0.8098758471068586f,0.5856158371868533f,-0.6209769642573181f,0.033697523788543224f,0.5865498620356885f,-0.8092117993680241f,2.1712444666190063f,0f,0f,0f,1f], start_interpolation: 0, interpolation_duration: 1 }
$data merge entity $(bone_right_arm2) { transformation: [-0.9863005478200468f,-0.09393592206012749f,-0.135599675208273f,-0.5066518882064457f,-0.1113342985616373f,0.9856331729983376f,0.12701150439632292f,-2.21472396803899f,0.12172059535536162f,0.1403684110900405f,-0.9825888284701764f,2.321066099628853f,0f,0f,0f,1f], start_interpolation: 0, interpolation_duration: 1 }
$data merge entity $(bone_right_arm1) { transformation: [-1.1198620803373447f,-0.10665641150576974f,-0.15396213122605995f,-0.41494864142228605f,-0.12641081815852567f,1.1191043318418623f,0.14421097894999163f,-0.7989680509056885f,0.1382035926430668f,0.15937663342515013f,-1.1156477323255125f,1.7917321335627345f,0f,0f,0f,1f], start_interpolation: 0, interpolation_duration: 1 }
$data merge entity $(bone_left_arm2) { transformation: [-0.9863005478200468f,-0.09393592206012749f,-0.135599675208273f,1.2193740704786364f,-0.1113342985616373f,0.9856331729983376f,0.12701150439632292f,-2.019888945556125f,0.12172059535536162f,0.1403684110900405f,-0.9825888284701764f,2.10805505775697f,0f,0f,0f,1f], start_interpolation: 0, interpolation_duration: 1 }
$data merge entity $(bone_left_arm1) { transformation: [-1.1198620803373447f,-0.10665641150576974f,-0.15396213122605995f,0.6946394748752667f,-0.12641081815852567f,1.1191043318418623f,0.14421097894999163f,-0.6737169650238465f,0.1382035926430668f,0.15937663342515013f,-1.1156477323255125f,1.6547964637879526f,0f,0f,0f,1f], start_interpolation: 0, interpolation_duration: 1 }
$data merge entity $(bone_body2) { transformation: [-1.5616425340484077f,-0.14873187659520187f,-0.2146994857464323f,0.4999999999999999f,-0.17627930605592576f,1.560585857247368f,0.2011015486275113f,-0.5f,0.19272427597932257f,0.22224998422589748f,-1.5557656450777795f,0.75f,0f,0f,0f,1f], start_interpolation: 0, interpolation_duration: 1 }
$data merge entity $(bone_right_leg2) { transformation: [-1f,-8.323995716249061e-17f,8.982598375862801e-17f,-0.9999999999999999f,0f,0.733484820449197f,0.6797058320851818f,-1.9170221761565736f,-1.2246467991473532e-16f,0.6797058320851818f,-0.733484820449197f,-1.3646626042904602f,0f,0f,0f,1f], start_interpolation: 0, interpolation_duration: 1 }
$data merge entity $(bone_right_leg1) { transformation: [-1.3333333333333333f,-1.1578411057144177e-16f,1.1513659659461429e-16f,-0.625f,0f,0.9401616586494725f,0.9454490115195269f,-1.125f,-1.6328623988631375e-16f,0.9454490115195269f,-0.9401616586494725f,-0.12500000000000008f,0f,0f,0f,1f], start_interpolation: 0, interpolation_duration: 1 }
$data merge entity $(bone_left_leg2) { transformation: [-1f,2.724748984067743e-17f,1.1939502554127103e-16f,1f,0f,0.9749343698476858f,-0.22249263918093115f,-2.4434495319955443f,-1.2246467991473532e-16f,-0.22249263918093115f,-0.9749343698476858f,0.5274977636595625f,0f,0f,0f,1f], start_interpolation: 0, interpolation_duration: 1 }
$data merge entity $(bone_left_leg1) { transformation: [-1.3333333333333333f,1.0186088603978858e-16f,1.276195754239921e-16f,0.625f,0f,1.042092916201192f,-0.831757255322172f,-1.125f,-1.6328623988631375e-16f,-0.831757255322172f,-1.042092916201192f,-0.12499999999999993f,0f,0f,0f,1f], start_interpolation: 0, interpolation_duration: 1 }
$data merge entity $(bone_tail3) { transformation: [-0.9995982700986031f,0.010582574672500188f,-0.026292727686209015f,-0.1274674149529093f,0.013581849701568354f,0.9930802077787766f,-0.11665005047896826f,-2.27552438463279f,0.024876329603946645f,-0.1169602925413698f,-0.9928249887034838f,-3.767039645855572f,0f,0f,0f,1f], start_interpolation: 0, interpolation_duration: 1 }
$data merge entity $(bone_tail2) { transformation: [-1.5410473330686796f,0.0019035137882116196f,-0.0436532357137346f,-0.19601748243922634f,0.020938684956584543f,1.3840126036262381f,-0.6788275153432729f,-1.561511409632012f,0.03835100813941774f,-0.6791477017189197f,-1.3834824576176272f,-1.8865430067258555f,0f,0f,0f,1f], start_interpolation: 0, interpolation_duration: 1 }
$data merge entity $(bone_tail1) { transformation: [-0.9999598000512424f,-0.005821139407979928f,-0.006820015943694813f,1.1102230246251565e-16f,0f,0.7606099581938969f,-0.6492091277056096f,-0.75f,0.00896650887912282f,-0.6491830295319427f,-0.7605793817125529f,-0.9375f,0f,0f,0f,1f], start_interpolation: 0, interpolation_duration: 1 }
data modify entity @s data merge value {"locators":{"hitbox_head":{"posx":0.25205829753654047,"posy":-0.8772250889538442,"posz":3.1558284836393375,"roty":357.8141970377111,"rotx":53.15322606445133},"hitbox_neck":{"posx":0.1984435963661909,"posy":-1.014876529009313,"posz":2.069288505170898,"roty":356.6599338021433,"rotx":35.84650800715369},"hitbox_right_arm":{"posx":-0.4065599127809346,"posy":-3.2708212868955915,"posz":2.6795996399836106,"roty":352.1426707765509,"rotx":7.296932499810951},"hitbox_left_arm":{"posx":1.4427536143816533,"posy":-3.0620694770925216,"posz":2.4513735236923075,"roty":352.1426707765509,"rotx":7.296932499810951},"hitbox_tail1":{"posx":-0.09146071590566933,"posy":-2.539232948099743,"posz":-2.1762147619736543,"roty":358.1927370297577,"rotx":-26.12433530521073},"hitbox_tail2":{"posx":-0.15614670353405838,"posy":-3.644557810736854,"posz":-4.171993318040734,"roty":358.483005247642,"rotx":-6.698806595231268}},"cameras":{}}