# This file was generated by Animated Java via MC-Build. It is not recommended to edit this file directly.
$data merge entity $(bone_left_arm2) { transformation: [-1f,9.226928588003868e-17f,8.05231439389091e-17f,0.375f,0f,0.6575213685690637f,-0.7534358963276607f,-0.7893803421422659f,-1.2246467991473532e-16f,-0.7534358963276607f,-0.6575213685690637f,0.18835897408191524f,0f,0f,0f,1f], start_interpolation: 0, interpolation_duration: 1 }
$data merge entity $(bone_left_arm) { transformation: [-1f,9.226928588003868e-17f,8.05231439389091e-17f,0.25f,0f,0.6575213685690637f,-0.7534358963276607f,-0.625f,-1.2246467991473532e-16f,-0.7534358963276607f,-0.6575213685690637f,3.061616997868383e-17f,0f,0f,0f,1f], start_interpolation: 0, interpolation_duration: 1 }
$data merge entity $(item_display_weapon) { transformation: [-9.986190606235272e-17f,8.305776619352443e-18f,-1f,-0.375f,0.06782181299240925f,-0.9976974499728977f,7.299953625684183e-17f,-1.2833888889278835f,-0.9976974499728977f,-0.06782181299240925f,-3.8816491946529184e-17f,-0.08905234941486506f,0f,0f,0f,1f], start_interpolation: 0, interpolation_duration: 1 }
$data merge entity $(bone_right_arm2) { transformation: [-1f,-9.226928588003868e-17f,8.05231439389091e-17f,-0.375f,0f,0.6575213685690637f,0.7534358963276607f,-0.7893803421422659f,-1.2246467991473532e-16f,0.7534358963276607f,-0.6575213685690637f,-0.18835897408191524f,0f,0f,0f,1f], start_interpolation: 0, interpolation_duration: 1 }
$data merge entity $(bone_right_arm) { transformation: [-1f,-9.226928588003868e-17f,8.05231439389091e-17f,-0.25f,0f,0.6575213685690637f,0.7534358963276607f,-0.625f,-1.2246467991473532e-16f,0.7534358963276607f,-0.6575213685690637f,-3.061616997868383e-17f,0f,0f,0f,1f], start_interpolation: 0, interpolation_duration: 1 }
$data merge entity $(bone_right_leg) { transformation: [-1f,9.226928588003868e-17f,8.05231439389091e-17f,-0.125f,0f,0.6575213685690637f,-0.7534358963276607f,-1.25f,-1.2246467991473532e-16f,-0.7534358963276607f,-0.6575213685690637f,0.031249999999999986f,0f,0f,0f,1f], start_interpolation: 0, interpolation_duration: 1 }
$data merge entity $(bone_left_leg) { transformation: [-1f,-9.226928588003868e-17f,8.05231439389091e-17f,0.125f,0f,0.6575213685690637f,0.7534358963276607f,-1.25f,-1.2246467991473532e-16f,0.7534358963276607f,-0.6575213685690637f,0.031250000000000014f,0f,0f,0f,1f], start_interpolation: 0, interpolation_duration: 1 }