# This file was generated by Animated Java via MC-Build. It is not recommended to edit this file directly.
$data merge entity $(bone_left_arm2) { transformation: [-0.18938880348273496f,0.9818420082959181f,0.010869768204354927f,0.3568795291686999f,0.7498365450746732f,0.15176634744499892f,-0.6439814682533042f,-0.821826244379416f,-0.6339377231131269f,-0.11381233030143215f,-0.7649638662613432f,0.16721601528613061f,0f,0f,0f,1f], start_interpolation: 0, interpolation_duration: 1 }
$data merge entity $(bone_left_arm) { transformation: [-0.9974039824190633f,0.07118387453473199f,0.010869768204354927f,0.25f,0.04747694402051577f,0.7635665055074059f,-0.6439814682533042f,-0.625f,-0.0541408869623105f,-0.6417936176633671f,-0.7649638662613432f,3.061616997868383e-17f,0f,0f,0f,1f], start_interpolation: 0, interpolation_duration: 1 }
$data merge entity $(item_display_weapon) { transformation: [0.8129041690216645f,-0.11489024694688954f,-0.5709527503600272f,-0.3287465884974073f,-0.07593547664031441f,0.9510714793743439f,-0.2994943146507214f,-0.34828844791776636f,0.5774258527071725f,0.2868157462155445f,0.7644057249577707f,0.24348229437911167f,0f,0f,0f,1f], start_interpolation: 0, interpolation_duration: 1 }
$data merge entity $(bone_right_arm2) { transformation: [-0.5709527503600272f,-0.4935703776616919f,0.6560497230783771f,-0.1651174290660403f,-0.29949431465072135f,-0.6188146019937212f,-0.7262035829237192f,-0.8207061659453239f,0.7644057249577708f,-0.6111110951817575f,0.2054923769815747f,0.18060743551311123f,0f,0f,0f,1f], start_interpolation: 0, interpolation_duration: 1 }
$data merge entity $(bone_right_arm) { transformation: [-0.7163728001795193f,-0.6977166838255985f,0.0012001143130022718f,-0.25f,-0.5135067633675587f,0.5260712820975162f,-0.6779084083621102f,-0.625f,0.4723566609445965f,-0.48625141158014684f,-0.7351453935090569f,-3.061616997868383e-17f,0f,0f,0f,1f], start_interpolation: 0, interpolation_duration: 1 }