# This file was generated by Animated Java via MC-Build. It is not recommended to edit this file directly.
$data merge entity $(bone_left_arm2) { transformation: [-0.190873139271666f,0.981554532430415f,0.010869432822763498f,0.35726988154537553f,0.7496104102971677f,0.1529004717879146f,-0.6439764580333235f,-0.8217007692712995f,-0.6337599525677613f,-0.11476996816389948f,-0.7649680888304862f,0.16711367353188097f,0f,0f,0f,1f], start_interpolation: 0, interpolation_duration: 1 }
$data merge entity $(bone_left_arm) { transformation: [-0.9975104764276418f,0.06967571203231886f,0.010869432822763498f,0.25f,0.046322936040291945f,0.7636416090650522f,-0.6439764580333235f,-0.625f,-0.05316986941592213f,-0.6418697594195627f,-0.7649680888304862f,3.061616997868383e-17f,0f,0f,0f,1f], start_interpolation: 0, interpolation_duration: 1 }
$data merge entity $(item_display_weapon) { transformation: [0.8122275857776701f,-0.11412938958861718f,-0.5720671563146299f,-0.3286890919191363f,-0.07684307941540014f,0.9511951428359193f,-0.29886943870411625f,-0.34820397080393967f,0.5782572870684262f,0.2867094045849987f,0.7638168807212756f,0.24340484992310746f,0f,0f,0f,1f], start_interpolation: 0, interpolation_duration: 1 }
$data merge entity $(bone_right_arm2) { transformation: [-0.5720671563146299f,-0.49362996845937623f,0.6550332990809613f,-0.16551951568605983f,-0.2988694387041162f,-0.6182602731890994f,-0.726932798272871f,-0.8208021383455956f,0.7638168807212757f,-0.6116238131686301f,0.20615548474461004f,0.18069192120671682f,0f,0f,0f,1f], start_interpolation: 0, interpolation_duration: 1 }
$data merge entity $(bone_right_arm) { transformation: [-0.7174251813902516f,-0.6966345279508864f,0.001201488164865906f,-0.25f,-0.5127173207824214f,0.5268498929911716f,-0.6779012754265084f,-0.625f,0.47161643109295975f,-0.48695946928038747f,-0.7351519687801311f,-3.061616997868383e-17f,0f,0f,0f,1f], start_interpolation: 0, interpolation_duration: 1 }