# This file was generated by Animated Java via MC-Build. It is not recommended to edit this file directly.
$data merge entity $(bone_left_arm2) { transformation: [-0.19712722271561753f,0.9803176705454051f,0.010868435069403794f,0.35891315246127986f,0.7486300840310597f,0.1576777244230626f,-0.6439648534698252f,-0.8211646247970693f,-0.6330038351764355f,-0.11880656563168233f,-0.764977871977176f,0.16668042836269362f,0f,0f,0f,1f], start_interpolation: 0, interpolation_duration: 1 }
$data merge entity $(bone_left_arm) { transformation: [-0.9979344354943132f,0.06331460790203723f,0.010868435069403794f,0.25f,0.041454737233211955f,0.7639311305716714f,-0.6439648534698252f,-0.625f,-0.04907511809024928f,-0.6421841544056497f,-0.764977871977176f,3.061616997868383e-17f,0f,0f,0f,1f], start_interpolation: 0, interpolation_duration: 1 }
$data merge entity $(item_display_weapon) { transformation: [0.8093529481890442f,-0.11091394897158408f,-0.5767546282269705f,-0.3284436856243836f,-0.08065544306161554f,0.9517131572877136f,-0.29620392595302664f,-0.34784357879435085f,0.5817581153385285f,0.2862519208127351f,0.7613260359850982f,0.24307373840461408f,0f,0f,0f,1f], start_interpolation: 0, interpolation_duration: 1 }
$data merge entity $(bone_right_arm2) { transformation: [-0.5767546282269705f,-0.4938709525918119f,0.6507269634837834f,-0.16721837724818128f,-0.2962039259530266f,-0.6159308165341277f,-0.7299948379910755f,-0.8211990245489783f,0.7613260359850983f,-0.6137757827005387f,0.20895443403181935f,0.18104735761840038f,0f,0f,0f,1f], start_interpolation: 0, interpolation_duration: 1 }
$data merge entity $(bone_right_arm) { transformation: [-0.7218480611613792f,-0.6920505215879644f,0.0012050590790453131f,-0.25f,-0.5093632634805353f,0.5301144664556456f,-0.6778847381899853f,-0.625f,0.46849166739016446f,-0.4899435967785194f,-0.7351672119740591f,-3.061616997868383e-17f,0f,0f,0f,1f], start_interpolation: 0, interpolation_duration: 1 }