# This file was generated by Animated Java via MC-Build. It is not recommended to edit this file directly.
$data merge entity $(bone_left_arm2) { transformation: [-0.20805365222558983f,0.9780570264778934f,0.010868797211050591f,0.36177850120461147f,0.7468102132917144f,0.1660188444779635f,-0.6439815592091018f,-0.820198879881061f,-0.6316551140604955f,-0.1258657865959745f,-0.764963803487328f,0.16591553261111455f,0f,0f,0f,1f], start_interpolation: 0, interpolation_duration: 1 }
$data merge entity $(bone_left_arm) { transformation: [-0.9985787890576073f,0.05217538971035786f,0.010868797211050591f,0.25f,0.03292681674503813f,0.764332111151725f,-0.6439815592091018f,-0.625f,-0.04190735953602106f,-0.6427084506764476f,-0.764963803487328f,3.061616997868383e-17f,0f,0f,0f,1f], start_interpolation: 0, interpolation_duration: 1 }
$data merge entity $(item_display_weapon) { transformation: [0.8042376457186989f,-0.10525801945715452f,-0.5849124366508222f,-0.3280023332508371f,-0.08726982553252288f,0.9526061253674978f,-0.29141988172368455f,-0.3471966532572478f,0.587865449537875f,0.28541604589139774f,0.7569358585688432f,0.2424765400565726f,0f,0f,0f,1f], start_interpolation: 0, interpolation_duration: 1 }
$data merge entity $(bone_right_arm2) { transformation: [-0.5849124366508222f,-0.4942532336407768f,0.6431105523056158f,-0.1702047750273244f,-0.2914198817236845f,-0.6118851656201862f,-0.735303336474214f,-0.821863154369763f,0.7569358585688433f,-0.6175032673027677f,0.21386402428425128f,0.18166623385524058f,0f,0f,0f,1f], start_interpolation: 0, interpolation_duration: 1 }
$data merge entity $(bone_right_arm) { transformation: [-0.7295311856246548f,-0.6839464927030298f,0.0012017987811097153f,-0.25f,-0.5033951790833655f,0.5357550279373693f,-0.6779084331349295f,-0.625f,0.4630092254768927f,-0.4951603226825161f,-0.7351453679132003f,-3.061616997868383e-17f,0f,0f,0f,1f], start_interpolation: 0, interpolation_duration: 1 }