# This file was generated by Animated Java via MC-Build. It is not recommended to edit this file directly.
$data merge entity $(bone_left_arm2) { transformation: [-0.21938122967279383f,0.9755786249378329f,0.010873023115032875f,0.3647414955763361f,0.7447788485130902f,0.17465866146953618f,-0.6440487704989316f,-0.8191584829690404f,-0.6302192815796486f,-0.13319421360583622f,-0.7649071568413741f,0.1651116975991299f,0f,0f,0f,1f], start_interpolation: 0, interpolation_duration: 1 }
$data merge entity $(bone_left_arm) { transformation: [-0.9991166297803585f,0.04059233258483487f,0.010873023115032875f,0.25f,0.024055638486208557f,0.7646061126330572f,-0.6440487704989316f,-0.625f,-0.03445702182950128f,-0.6432182794817688f,-0.7649071568413741f,3.061616997868383e-17f,0f,0f,0f,1f], start_interpolation: 0, interpolation_duration: 1 }
$data merge entity $(item_display_weapon) { transformation: [0.7988090618807271f,-0.0993413120040243f,-0.593325700089379f,-0.3275270489276351f,-0.09406362529238821f,0.9535150452506012f,-0.2862884784227216f,-0.3465027602714533f,0.594185254827218f,0.2845001972056661f,0.752332054837391f,0.241832132025518f,0f,0f,0f,1f], start_interpolation: 0, interpolation_duration: 1 }
$data merge entity $(bone_right_arm2) { transformation: [-0.593325700089379f,-0.4945983891591126f,0.6350882198991408f,-0.17332555001153915f,-0.28628847842272154f,-0.6077239271528596f,-0.740749981767336f,-0.8225118590828777f,0.7523320548373911f,-0.6213244416624191f,0.21898040427634585f,0.18230494848081455f,0f,0f,0f,1f], start_interpolation: 0, interpolation_duration: 1 }
$data merge entity $(bone_right_arm) { transformation: [-0.7374361124018347f,-0.6754158561547607f,0.0011837991384070002f,-0.25f,-0.49706194330466713f,0.5415164646791775f,-0.6780039402537075f,-0.625f,0.45729356505843877f,-0.5005730113940389f,-0.735057314513669f,-3.061616997868383e-17f,0f,0f,0f,1f], start_interpolation: 0, interpolation_duration: 1 }