# This file was generated by Animated Java via MC-Build. It is not recommended to edit this file directly.
$data merge entity $(bone_left_arm2) { transformation: [-0.2200637478939554f,0.9754248896677984f,0.010873429975359892f,0.3649197774552826f,0.7446517267912117f,0.17517897342279615f,-0.6440544488297568f,-0.8190945165566976f,-0.6301315359904885f,-0.13363611744995696f,-0.7649023698898894f,0.16506290737852095f,0f,0f,0f,1f], start_interpolation: 0, interpolation_duration: 1 }
$data merge entity $(bone_left_arm) { transformation: [-0.9991447816268868f,0.039893280992313145f,0.010873429975359892f,0.25f,0.02352015421015945f,0.7646179891217106f,-0.6440544488297568f,-0.625f,-0.034007465264130274f,-0.6432478968820186f,-0.7649023698898894f,3.061616997868383e-17f,0f,0f,0f,1f], start_interpolation: 0, interpolation_duration: 1 }
$data merge entity $(item_display_weapon) { transformation: [0.7984778803028569f,-0.098983040265123f,-0.5938311480605657f,-0.3274978140094959f,-0.09447086983571718f,0.9535692450411972f,-0.2859736870134106f,-0.3464601964190026f,0.5945656645144751f,0.2844434085216849f,0.7520529355896609f,0.24179247832938064f,0f,0f,0f,1f], start_interpolation: 0, interpolation_duration: 1 }
$data merge entity $(bone_right_arm2) { transformation: [-0.5938311480605657f,-0.4946175447956811f,0.6346007027835401f,-0.17351439274061742f,-0.2859736870134105f,-0.6074742868141398f,-0.7410762721849944f,-0.8225496372034726f,0.752052935589661f,-0.6215532762683699f,0.21928955020937219f,0.1823433374788885f,0f,0f,0f,1f], start_interpolation: 0, interpolation_duration: 1 }
$data merge entity $(bone_right_arm) { transformation: [-0.7379104159567974f,-0.674897637015929f,0.0011821898247030072f,-0.25f,-0.4966755807264937f,0.5418607584506434f,-0.6780120101895641f,-0.625f,0.45694812127031065f,-0.5008992892803988f,-0.735049873454805f,-3.061616997868383e-17f,0f,0f,0f,1f], start_interpolation: 0, interpolation_duration: 1 }