# This file was generated by Animated Java via MC-Build. It is not recommended to edit this file directly.
$data merge entity $(bone_left_arm2) { transformation: [-0.19872967423594318f,0.9799940798525604f,0.010868304007957748f,0.35933382519264456f,0.7483717259699858f,0.15890143920980274f,-0.643964356455975f,-0.8210253055764113f,-0.6328082461115537f,-0.11984129534925289f,-0.7649782922294153f,0.16656888737822212f,0f,0f,0f,1f], start_interpolation: 0, interpolation_duration: 1 }
$data merge entity $(bone_left_arm) { transformation: [-0.9980366158592614f,0.06168300715905236f,0.010868304007957748f,0.25f,0.04020585153002615f,0.763998296540632f,-0.643964356455975f,-0.625f,-0.048025023757813895f,-0.6422630376339814f,-0.7649782922294153f,3.061616997868383e-17f,0f,0f,0f,1f], start_interpolation: 0, interpolation_duration: 1 }
$data merge entity $(item_display_weapon) { transformation: [0.8086101616976231f,-0.11008753433588331f,-0.5779535804744093f,-0.32837997393215557f,-0.08162919358572879f,0.9518450877607152f,-0.2955124424797377f,-0.34775007791186097f,0.5826545126864526f,0.2861322486013107f,0.7606852536736007f,0.24298764643572024f,0f,0f,0f,1f], start_interpolation: 0, interpolation_duration: 1 }
$data merge entity $(bone_right_arm2) { transformation: [-0.5779535804744093f,-0.49393008661973015f,0.64961737072575f,-0.16765489589457244f,-0.2955124424797376f,-0.6153355598674479f,-0.7307766725219644f,-0.8212987621070824f,0.7606852536736008f,-0.6143250103116756f,0.209672903707392f,0.18113828922978534f,0f,0f,0f,1f], start_interpolation: 0, interpolation_duration: 1 }
$data merge entity $(bone_right_arm) { transformation: [-0.7229783781586326f,-0.6908696055010266f,0.0012053671511610198f,-0.25f,-0.5084966211476872f,0.5309467378544861f,-0.6778840224131746f,-0.625f,0.46768948138321303f,-0.4907084162275349f,-0.7351678714735606f,-3.061616997868383e-17f,0f,0f,0f,1f], start_interpolation: 0, interpolation_duration: 1 }