# This file was generated by Animated Java via MC-Build. It is not recommended to edit this file directly.
$data merge entity $(bone_left_arm2) { transformation: [-0.18401029864723223f,0.9828641952464634f,0.010871232417644774f,0.3554639917853805f,0.7506349953218833f,0.1476559209249469f,-0.6440068577382713f,-0.8222752187993075f,-0.6345764837983461f,-0.11034356672832302f,-0.7649424707073071f,0.16758530509677308f,0f,0f,0f,1f], start_interpolation: 0, interpolation_duration: 1 }
$data merge entity $(bone_left_arm) { transformation: [-0.9969992797082865f,0.07664367271262111f,0.010871232417644774f,0.25f,0.05165396528384227f,0.7632738925553091f,-0.6440068577382713f,-0.625f,-0.05765677871346481f,-0.6415128310303598f,-0.7649424707073071f,3.061616997868383e-17f,0f,0f,0f,1f], start_interpolation: 0, interpolation_duration: 1 }
$data merge entity $(item_display_weapon) { transformation: [0.8153375564499723f,-0.11763997233541468f,-0.5669087280604445f,-0.32895257730244776f,-0.07263792504228267f,0.9506211149130768f,-0.30173370333287314f,-0.34859115241272365f,0.5744113516355154f,0.287193894068696f,0.7665319734505004f,0.24375925714653357f,0f,0f,0f,1f], start_interpolation: 0, interpolation_duration: 1 }
$data merge entity $(bone_right_arm2) { transformation: [-0.5669087280604445f,-0.49334669294487543f,0.6597147372988145f,-0.16366405297043524f,-0.3017337033328731f,-0.6208278673254346f,-0.7235534060628711f,-0.8203527343965884f,0.7665319734505005f,-0.6092469119433492f,0.20309341192065727f,0.1803008968759838f,0f,0f,0f,1f], start_interpolation: 0, interpolation_duration: 1 }
$data merge entity $(bone_right_arm) { transformation: [-0.7125510105025744f,-0.7016192933695463f,0.0011935675005822f,-0.25f,-0.5163461321627667f,0.52323787150497f,-0.6779445417019735f,-0.625f,0.4750344505741776f,-0.4836863622168466f,-0.7351120824562214f,-3.061616997868383e-17f,0f,0f,0f,1f], start_interpolation: 0, interpolation_duration: 1 }