# This file was generated by Animated Java via MC-Build. It is not recommended to edit this file directly.
$data merge entity $(bone_left_arm2) { transformation: [-0.17915112159327437f,0.983761484123837f,0.010872809496046631f,0.3541836651369435f,0.7513281691768129f,0.1439411946723092f,-0.6440395288161488f,-0.8226731915336025f,-0.6351463278908965f,-0.10721135588534401f,-0.7649149412424467f,0.1679168641547148f,0f,0f,0f,1f], start_interpolation: 0, interpolation_duration: 1 }
$data merge entity $(bone_left_arm) { transformation: [-0.9966083466434943f,0.08156951277397322f,0.010872809496046631f,0.25f,0.055421521904081956f,0.7629820051823689f,-0.6440395288161488f,-0.625f,-0.06082974856397211f,-0.641252582336873f,-0.7649149412424467f,3.061616997868383e-17f,0f,0f,0f,1f], start_interpolation: 0, interpolation_duration: 1 }
$data merge entity $(item_display_weapon) { transformation: [0.8175114703237134f,-0.12011456175753926f,-0.5632472706928587f,-0.3291355714688811f,-0.06964696468169235f,0.9502112257609956f,-0.3037234379306499f,-0.34886004830020917f,0.5716854871341299f,0.28752585708346384f,0.7684429616494851f,0.24400455802174242f,0f,0f,0f,1f], start_interpolation: 0, interpolation_duration: 1 }
$data merge entity $(bone_right_arm2) { transformation: [-0.5632472706928587f,-0.49313408322567653f,0.6630017255016892f,-0.16235583736831122f,-0.3037234379306498f,-0.6226529602796969f,-0.7211486423106661f,-0.8200258193810498f,0.7684429616494852f,-0.6075541679686693f,0.20093120134828651f,0.18002341661945045f,0f,0f,0f,1f], start_interpolation: 0, interpolation_duration: 1 }
$data merge entity $(bone_right_arm) { transformation: [-0.7090869029347886f,-0.7051201019941494f,0.0011856855022205693f,-0.25f,-0.518882840195819f,0.5206618574262897f,-0.6779910238135357f,-0.625f,0.4774477586466083f,-0.4813697871544978f,-0.7350692251605719f,-3.061616997868383e-17f,0f,0f,0f,1f], start_interpolation: 0, interpolation_duration: 1 }