# This file was generated by Animated Java via MC-Build. It is not recommended to edit this file directly.
$data merge entity $(bone_left_arm2) { transformation: [-0.1828458046053189f,0.9830814921558378f,0.01087159228837319f,0.35515729035592036f,0.7508035480022703f,0.14676579302120257f,-0.644013846362064f,-0.8223712534043993f,-0.6347136709142448f,-0.10959279985249312f,-0.7649365817994687f,0.16766494151902198f,0f,0f,0f,1f], start_interpolation: 0, interpolation_duration: 1 }
$data merge entity $(bone_left_arm) { transformation: [-0.9969077791690687f,0.077824728160853f,0.01087159228837319f,0.25f,0.05255738745855674f,0.763206319888319f,-0.644013846362064f,-0.625f,-0.0584174704666885f,-0.6414510308427436f,-0.7649365817994687f,3.061616997868383e-17f,0f,0f,0f,1f], start_interpolation: 0, interpolation_duration: 1 }
$data merge entity $(item_display_weapon) { transformation: [0.8158606498458285f,-0.11823383034511298f,-0.5660319437938688f,-0.32899669709749446f,-0.0719221619889921f,0.9505231437071042f,-0.3022134277162299f,-0.3486559890237013f,0.573758313794207f,0.2872742846811852f,0.7669907970197177f,0.24381846808040014f,0f,0f,0f,1f], start_interpolation: 0, interpolation_duration: 1 }
$data merge entity $(bone_right_arm2) { transformation: [-0.5660319437938688f,-0.4932966548065596f,0.6605045412119379f,-0.16335012401891152f,-0.30221342771622983f,-0.621264712130035f,-0.7229780090500623f,-0.8202750460156123f,0.7669907970197178f,-0.6088419892046235f,0.2025747996874619f,0.18023444564250884f,0f,0f,0f,1f], start_interpolation: 0, interpolation_duration: 1 }
$data merge entity $(bone_right_arm) { transformation: [-0.7117218187386688f,-0.7024604132936884f,0.001191841676573553f,-0.25f,-0.5169565130013338f,0.5226219275617823f,-0.6779544855645614f,-0.625f,0.4756133055296323f,-0.48313112980521933f,-0.7351029145747614f,-3.061616997868383e-17f,0f,0f,0f,1f], start_interpolation: 0, interpolation_duration: 1 }