# This file was generated by Animated Java via MC-Build. It is not recommended to edit this file directly.
$data merge entity $(bone_left_arm2) { transformation: [-0.9093307683518317f,-0.38566803779806647f,0.15613365540349286f,0.45717373311043574f,-0.37427800804350925f,0.9221290110806393f,0.09794927063753486f,-0.8087475017647212f,-0.181751276264158f,0.030630891995360086f,-0.9828673471185817f,0.05309203308165891f,0f,0f,0f,1f], start_interpolation: 0, interpolation_duration: 1 }
$data merge entity $(bone_left_arm) { transformation: [-0.9093307683518317f,-0.38566803779806647f,0.15613365540349286f,0.2470903776169402f,-0.37427800804350925f,0.9221290110806393f,0.09794927063753486f,-0.625f,-0.181751276264158f,0.030630891995360086f,-0.9828673471185817f,0.03803084654747919f,0f,0f,0f,1f], start_interpolation: 0, interpolation_duration: 1 }
$data merge entity $(item_display_weapon) { transformation: [-0.0018578449763832772f,0.3086938667260041f,-0.9511596317431642f,-0.16143038144054733f,-0.9182905900723879f,-0.37709460374514486f,-0.12059043084257501f,-0.9306376648050514f,-0.3959026908175156f,0.8732169011603248f,0.2841712563427384f,0.5588604609010173f,0f,0f,0f,1f], start_interpolation: 0, interpolation_duration: 1 }
$data merge entity $(bone_right_arm2) { transformation: [-0.9511596317431642f,-0.21696583169146f,-0.21959322125384767f,-0.3117438736619707f,-0.1205904308425751f,0.9159756547970276f,-0.38268335188293556f,-0.8690677175545788f,0.28417125634273843f,-0.33751211489010235f,-0.8974030696242353f,0.0818685892178887f,0f,0f,0f,1f], start_interpolation: 0, interpolation_duration: 1 }
$data merge entity $(bone_right_arm) { transformation: [-0.9511596317431642f,-0.21696583169146f,-0.21959322125384767f,-0.2470903776169402f,-0.1205904308425751f,0.9159756547970276f,-0.38268335188293556f,-0.625f,0.28417125634273843f,-0.33751211489010235f,-0.8974030696242353f,-0.03803084654747919f,0f,0f,0f,1f], start_interpolation: 0, interpolation_duration: 1 }