# This file was generated by Animated Java via MC-Build. It is not recommended to edit this file directly.
$data merge entity $(bone_left_arm2) { transformation: [-0.7358920617165555f,-0.6250685345124977f,0.2602925290225513f,0.4866828790297506f,-0.6024930415877023f,0.7799109080052058f,0.16953203358921418f,-0.7446660968028387f,-0.30897412244548306f,-0.03206715978838509f,-0.9505296886063842f,0.12181500512884995f,0f,0f,0f,1f], start_interpolation: 0, interpolation_duration: 1 }
$data merge entity $(bone_left_arm) { transformation: [-0.7358920617165555f,-0.6250685345124977f,0.2602925290225513f,0.23842923768705673f,-0.6024930415877023f,0.7799109080052058f,0.16953203358921418f,-0.625f,-0.30897412244548306f,-0.03206715978838509f,-0.9505296886063842f,0.0751764498760683f,0f,0f,0f,1f], start_interpolation: 0, interpolation_duration: 1 }
$data merge entity $(item_display_weapon) { transformation: [0.28403203585680237f,0.07140106650995297f,-0.9561525455220424f,-0.29806307754445843f,-0.9185586867279762f,0.3061861709776577f,-0.24999993547722438f,-0.49387026126249556f,0.2749104247634417f,0.9492902171640041f,0.15255275137834232f,0.5853385361480913f,0f,0f,0f,1f], start_interpolation: 0, interpolation_duration: 1 }
$data merge entity $(bone_right_arm2) { transformation: [-0.9561525455220424f,-0.25132915694170516f,0.15035280031542625f,-0.29511601664188575f,-0.24999993547722443f,0.4330127584993161f,-0.866025394107007f,-0.764503181559482f,0.1525527513783424f,-0.8656405754398213f,-0.4768585243016139f,0.16030278790617986f,0f,0f,0f,1f], start_interpolation: 0, interpolation_duration: 1 }
$data merge entity $(bone_right_arm) { transformation: [-0.9561525455220424f,-0.25132915694170516f,0.15035280031542625f,-0.23842923768705673f,-0.24999993547722443f,0.4330127584993161f,-0.866025394107007f,-0.625f,0.1525527513783424f,-0.8656405754398213f,-0.4768585243016139f,-0.0751764498760683f,0f,0f,0f,1f], start_interpolation: 0, interpolation_duration: 1 }