# This file was generated by Animated Java via MC-Build. It is not recommended to edit this file directly.
$data merge entity $(bone_jaw) { transformation: [-0.9924411955271931f,0.05303070812044785f,-0.11067166492286698f,0.9323540635673379f,0.022111512017600785f,0.9643256336087871f,0.2637937705885162f,0.24829091788645652f,0.12071269385135511f,0.25935268720654336f,-0.95820907383613f,3.342705055983741f,0f,0f,0f,1f], start_interpolation: 0, interpolation_duration: 1 }
$data merge entity $(bone_head) { transformation: [-1.1164963449680922f,0.04440380794902682f,-0.13072571863453827f,0.9033039038707738f,0.024875451019800883f,1.1124927494607433f,0.16542700605958352f,0.2850524747885862f,0.1358017805827745f,0.1612860323676602f,-1.1050654696232463f,3.0971349516230195f,0f,0f,0f,1f], start_interpolation: 0, interpolation_duration: 1 }
$data merge entity $(bone_neck) { transformation: [-0.9837398830227f,0.03947005151024606f,-0.17520832624125762f,1.2108801505814655f,0.013298500855677072f,0.988882443965105f,0.14810355124909175f,-0.6519502369622895f,0.17910609265314237f,0.14336536210458684f,-0.9733279922632168f,2.0644272143464613f,0f,0f,0f,1f], start_interpolation: 0, interpolation_duration: 1 }
$data merge entity $(bone_right_arm2) { transformation: [-0.9641287094787938f,0.03947005151024606f,-0.26248418350928115f,-0.12231923958986443f,-1.734723475976807e-18f,0.988882443965105f,0.1486994015374668f,-2.101349887950403f,0.2654351739290697f,0.14336536210458684f,-0.9534099545263124f,2.402077236947272f,0f,0f,0f,1f], start_interpolation: 0, interpolation_duration: 1 }
$data merge entity $(bone_right_arm1) { transformation: [-1.094687805554047f,0.04481495431892521f,-0.2980289166928296f,0.0503175485668258f,-1.9696339466819995e-18f,1.1227936082520462f,0.16883577882899875f,-0.7012108416891942f,0.30137952039863114f,0.1627794215562496f,-1.0825175525350836f,1.8518264391198682f,0f,0f,0f,1f], start_interpolation: 0, interpolation_duration: 1 }
$data merge entity $(bone_left_arm2) { transformation: [-0.9641287094787938f,0.03947005151024606f,-0.26248418350928115f,1.5649060019980245f,-1.734723475976807e-18f,0.988882443965105f,0.1486994015374668f,-2.101349887950403f,0.2654351739290697f,0.14336536210458684f,-0.9534099545263124f,1.9375656825714f,0f,0f,0f,1f], start_interpolation: 0, interpolation_duration: 1 }
$data merge entity $(bone_left_arm1) { transformation: [-1.094687805554047f,0.04481495431892521f,-0.2980289166928296f,1.1349623467304688f,-1.9696339466819995e-18f,1.1227936082520462f,0.16883577882899875f,-0.7012108416891942f,0.30137952039863114f,0.1627794215562496f,-1.0825175525350836f,1.5532118684496647f,0f,0f,0f,1f], start_interpolation: 0, interpolation_duration: 1 }
$data merge entity $(bone_body2) { transformation: [-1.5265371233414238f,0.062494248224556265f,-0.41559995722302856f,0.8310922585674835f,-2.746645503629945e-18f,1.5657305362780831f,0.23544071910098913f,-0.5f,0.42027235872102703f,0.22699515666559583f,-1.509565761333328f,0.6849400695833505f,0f,0f,0f,1f], start_interpolation: 0, interpolation_duration: 1 }
$data merge entity $(bone_right_leg2) { transformation: [-0.988882443965105f,-0.004438104860779744f,-0.14863315660661144f,-0.8678993806799439f,6.938893903907228e-18f,0.9995545043882467f,-0.029846151463235715f,-2.565616593589929f,0.1486994015374667f,-0.029514335201917208f,-0.9884419011757787f,0.6509439884288529f,0f,0f,0f,1f], start_interpolation: 0, interpolation_duration: 1 }
$data merge entity $(bone_right_leg1) { transformation: [-1.3185099252868067f,-0.08046611272938f,-0.1812030888262659f,-0.5413515180357362f,9.25185853854297e-18f,1.218586537354755f,-0.5411327274851575f,-1.125f,0.19826586871662225f,-0.5351166540650256f,-1.205038833242345f,0.3006900467296217f,0f,0f,0f,1f], start_interpolation: 0, interpolation_duration: 1 }
$data merge entity $(bone_left_leg2) { transformation: [-0.8801798190754208f,0.2054938087527044f,-0.42785018482719667f,0.5166726235389643f,3.469446951953614e-18f,0.9014196997901897f,0.43294633019597745f,-2.2854950902621547f,0.4746403755395862f,0.3810706225812628f,-0.7934114282723492f,-1.1460191262040882f,0f,0f,0f,1f], start_interpolation: 0, interpolation_duration: 1 }
$data merge entity $(bone_left_leg1) { transformation: [-1.173573092100561f,0.27399174500360585f,-0.5704669131029289f,0.615705724226193f,4.625929269271485e-18f,1.2018929330535861f,0.5772617735946366f,-1.125f,0.6328538340527816f,0.5080941634416837f,-1.0578819043631322f,-0.17229889408106902f,0f,0f,0f,1f], start_interpolation: 0, interpolation_duration: 1 }
$data merge entity $(bone_tail3) { transformation: [-0.48296625507930385f,0.5413669815332921f,-0.688233527053285f,-2.297708100547518f,-0.17499621937030835f,0.7104484870498395f,0.681644533796533f,0.8836494279042816f,0.8579743117720784f,0.44964957306120723f,-0.24838547015697665f,-1.824821202825486f,0f,0f,0f,1f], start_interpolation: 0, interpolation_duration: 1 }
$data merge entity $(bone_tail2) { transformation: [-0.6375661275299808f,0.7463168512491527f,-1.1888047365648762f,-0.9943273185959424f,-0.23400817354224962f,1.2309051885583477f,0.8982475731148231f,-0.37749215748237674f,1.38401073653818f,0.5519236228254765f,-0.39576597482016607f,-1.298392965695557f,0f,0f,0f,1f], start_interpolation: 0, interpolation_duration: 1 }
$data merge entity $(bone_tail1) { transformation: [-0.7541654273999556f,0.23023070059480927f,-0.6150027094397759f,-0.2466162613911861f,0f,0.9365269423246604f,0.35059561648717485f,-0.75f,0.6566844814023263f,0.2644070929526011f,-0.7062962417298511f,-0.6300387690328813f,0f,0f,0f,1f], start_interpolation: 0, interpolation_duration: 1 }
$data merge entity $(bone_body1) { transformation: [-1.2341943917460578f,0f,-0.5045215368647367f,0.5f,0f,1.3333333333333333f,0f,-1.1875f,0.5045215368647367f,0f,-1.2341943917460578f,-0.12499999999999994f,0f,0f,0f,1f], start_interpolation: 0, interpolation_duration: 1 }
data modify entity @s data merge value {"locators":{"head":{"posx":0.914947821297575,"posy":-0.37895099881726657,"posz":3.3144942307585543,"roty":353.25344626216963,"rotx":8.455789710179777},"neck":{"posx":0.7261099805339304,"posy":-1.0346448469275018,"posz":2.2218842489167145,"roty":349.7954967126422,"rotx":8.51704053783152},"right_arm":{"posx":-0.09080524368789453,"posy":-3.1645820326842413,"posz":2.752006550476408,"roty":344.6071875,"rotx":8.551562500000001},"left_arm":{"posx":1.7169360865848438,"posy":-3.1645820326842413,"posz":2.2543155993594026,"roty":344.6071875,"rotx":8.551562500000001},"tail1":{"posx":-1.8358484832774358,"posy":-0.5567673984831587,"posz":-1.8556036685335533,"roty":288.41315931161324,"rotx":35.63693994596672},"tail2":{"posx":-3.3953836227774365,"posy":0.334610838911917,"posz":-2.55470309443162,"roty":289.8446598157433,"rotx":42.97228675874884}},"cameras":{}}