# This file was generated by Animated Java via MC-Build. It is not recommended to edit this file directly.
$data merge entity $(bone_jaw) { transformation: [-0.9998306315595867f,0.0012887995025262504f,-0.018358845034474346f,0.13997925926074778f,0.0005284129178230432f,0.9991440541250776f,0.04136278383151275f,0.5673964720596095f,0.018396439192023894f,0.04134607723045153f,-0.9989755116731878f,3.285827516562843f,0f,0f,0f,1f], start_interpolation: 0, interpolation_duration: 1 }
$data merge entity $(bone_head) { transformation: [-1.1248094605045351f,0.0010698250359784342f,-0.02067687195609323f,0.1353843988260604f,0.0005944645325509236f,1.1247027284580047f,0.025853804575716274f,0.5731417619653243f,0.02069599409102688f,0.02583849983091477f,-1.124512804620326f,3.0359357822027704f,0f,0f,0f,1f], start_interpolation: 0, interpolation_duration: 1 }
$data merge entity $(bone_neck) { transformation: [-0.9996193490223556f,0.0009509555875363858f,-0.027572681109974125f,0.6117808796236268f,0.0003170656248679257f,0.9997357586293375f,0.02298504703524816f,-0.4705606636746416f,0.027587253025832738f,0.02296755540525757f,-0.9993555097507568f,2.1857627763992777f,0f,0f,0f,1f], start_interpolation: 0, interpolation_duration: 1 }
$data merge entity $(bone_right_arm2) { transformation: [-0.9991439424186922f,0.0009509555875363858f,-0.04135792561896043f,-0.7556544288056035f,-2.710505431213761e-20f,0.9997357586293375f,0.022987233801026238f,-1.9119909230420067f,0.0413688569824322f,0.02296755540525757f,-0.9988799272538584f,2.396919080215162f,0f,0f,0f,1f], start_interpolation: 0, interpolation_duration: 1 }
$data merge entity $(bone_right_arm1) { transformation: [-1.1344446846212233f,0.0010797308233486047f,-0.04695847804652798f,-0.470607391454156f,-3.077553041690624e-20f,1.1351166426103936f,0.026100088378248537f,-0.5840340166027957f,0.04697088969880322f,0.026077745199719532f,-1.1341449174028182f,1.7274062788905251f,0f,0f,0f,1f], start_interpolation: 0, interpolation_duration: 1 }
$data merge entity $(bone_left_arm2) { transformation: [-0.9991439424186922f,0.0009509555875363858f,-0.04135792561896043f,0.992847470427108f,-2.710505431213761e-20f,0.9997357586293375f,0.022987233801026238f,-1.9119909230420067f,0.0413688569824322f,0.02296755540525757f,-0.9988799272538584f,2.3245235804959057f,0f,0f,0f,1f], start_interpolation: 0, interpolation_duration: 1 }
$data merge entity $(bone_left_arm1) { transformation: [-1.1344446846212233f,0.0010797308233486047f,-0.04695847804652798f,0.6534295437668728f,-3.077553041690624e-20f,1.1351166426103936f,0.026100088378248537f,-0.5840340166027957f,0.04697088969880322f,0.026077745199719532f,-1.1341449174028182f,1.680866314785289f,0f,0f,0f,1f], start_interpolation: 0, interpolation_duration: 1 }
$data merge entity $(bone_body2) { transformation: [-1.5819779088295962f,0.0015056796802659443f,-0.06548338223002069f,0.5522694268221502f,-4.291633599421789e-20f,1.5829149511631178f,0.036396453518291544f,-0.5f,0.06550069022218433f,0.03636529605832449f,-1.5815598848186094f,0.7484374087590273f,0f,0f,0f,1f], start_interpolation: 0, interpolation_duration: 1 }
$data merge entity $(bone_right_leg2) { transformation: [-0.9997357586293375f,-0.00010569152072723107f,-0.022986990823626402f,-1.0029349161606391f,2.168404344971009e-19f,0.9999894298982719f,-0.004597835548290893f,-2.579624609590406f,0.022987233801026116f,-0.004596620609923531f,-0.9997251913206677f,-0.26850319265349293f,0f,0f,0f,1f], start_interpolation: 0, interpolation_duration: 1 }
$data merge entity $(bone_right_leg1) { transformation: [-1.3329810115057832f,-0.001971553162222894f,-0.03058616878468176f,-0.6229909541187493f,2.8912057932946783e-19f,1.3305719622217627f,-0.08576730803229082f,-1.125f,0.03064964506803482f,-0.08574464476125833f,-1.3302203700627002f,-0.057796451228664f,0f,0f,0f,1f], start_interpolation: 0, interpolation_duration: 1 }
$data merge entity $(bone_left_leg2) { transformation: [-0.9970757214219508f,0.005266335400777399f,-0.07623825458615124f,0.9672853565163027f,-1.0842021724855044e-19f,0.9976226654722601f,0.0689131143979368f,-2.5375472333670186f,0.07641993032512064f,0.06871159325375627f,-0.9947053388826432f,-0.5707428685496138f,0f,0f,0f,1f], start_interpolation: 0, interpolation_duration: 1 }
$data merge entity $(bone_left_leg1) { transformation: [-1.3294342952292677f,0.007021780534369864f,-0.10165100611486833f,0.624776772679861f,-1.4456028966473392e-19f,1.3301635539630134f,0.09188415253058241f,-1.125f,0.10189324043349418f,0.09161545767167502f,-1.3262737851768576f,-0.13246706097459282f,0f,0f,0f,1f], start_interpolation: 0, interpolation_duration: 1 }
$data merge entity $(bone_tail3) { transformation: [-0.9854457249273898f,0.007311952857878105f,-0.16983303143892708f,-0.49248711553806723f,-0.013388513447870174f,0.9926324322592336f,0.12042259810672633f,-0.31375605757396635f,0.16946229943556065f,0.12094374631423525f,-0.9780874906149706f,-3.7231325740638717f,0f,0f,0f,1f], start_interpolation: 0, interpolation_duration: 1 }
$data merge entity $(bone_tail2) { transformation: [-1.516965201898311f,0.02220747710750304f,-0.27396991678147314f,-0.2849785479032674f,-0.005858793637491908f,1.5336653309093187f,0.15675598366580382f,-0.6914071287892524f,0.27480604410718634f,0.15528551715610892f,-1.509007673073543f,-1.8844574769441818f,0f,0f,0f,1f], start_interpolation: 0, interpolation_duration: 1 }
$data merge entity $(bone_tail1) { transformation: [-0.9939177862524559f,0.006072958374523866f,-0.10995705228678496f,-0.043909456567001404f,0f,0.9984782887605659f,0.05514623172776247f,-0.75f,0.11012463017425966f,0.054810820559022616f,-0.992405330386042f,-0.8437923921807946f,0f,0f,0f,1f], start_interpolation: 0, interpolation_duration: 1 }
$data merge entity $(bone_body1) { transformation: [-1.3309522419185176f,0f,-0.07964865039565741f,0.5f,0f,1.3333333333333333f,0f,-1.1875f,0.07964865039565741f,0f,-1.3309522419185176f,-0.12499999999999994f,0f,0f,0f,1f], start_interpolation: 0, interpolation_duration: 1 }
data modify entity @s data merge value {"locators":{"head":{"posx":0.1405336271272094,"posy":-0.05887469956015512,"posz":3.333945728024575,"roty":358.9465980247244,"rotx":1.3168393832644658},"neck":{"posx":0.11506118190586956,"posy":-0.8481761712276152,"posz":2.315863008354067,"roty":358.41958386195006,"rotx":1.3170621744370845},"right_arm":{"posx":-0.798372917984828,"posy":-2.9232202985718576,"posz":2.875977041998236,"roty":357.62906250000003,"rotx":1.3171874999999995},"left_arm":{"posx":1.07502197405022,"posy":-2.9232202985718576,"posz":2.798410435156175,"roty":357.62906250000003,"rotx":1.3171874999999995},"tail1":{"posx":-0.29496078058257624,"posy":-1.3671348543289685,"posz":-2.655219207939992,"roty":349.709676309924,"rotx":5.835895051297591},"tail2":{"posx":-0.5976151338484288,"posy":-1.548848413479177,"posz":-4.4320454545722265,"roty":350.1494970185335,"rotx":6.916492535434287}},"cameras":{}}