# This file was generated by Animated Java via MC-Build. It is not recommended to edit this file directly.
$data merge entity $(bone_jaw) { transformation: [-0.9970102222053941f,0.022018279639034348f,-0.07406626883870548f,0.5924652665839385f,0.00908780518034442f,0.9853023779316944f,0.1705773602772434f,0.3845160790265769f,0.07673349082997732f,0.16939427205158286f,-0.9825566405969478f,3.347695824521966f,0f,0f,0f,1f], start_interpolation: 0, interpolation_duration: 1 }
$data merge entity $(bone_head) { transformation: [-1.1216364999810684f,0.018340204620075694f,-0.08497175298128114f,0.5735826548103204f,0.010223780827887474f,1.119876442545617f,0.10675779941979288f,0.40824003445319756f,0.08632517718372448f,0.10566641058476038f,-1.116694933031547f,3.0995413949594f,0f,0f,0f,1f], start_interpolation: 0, interpolation_duration: 1 }
$data merge entity $(bone_neck) { transformation: [-0.9933994477399964f,0.01630240410673395f,-0.11354192551745103f,0.9607082598339849f,0.005457989615598775f,0.9954457267072151f,0.09517360731684198f,-0.5748214890360837f,0.11457638316523029f,0.09392569829756478f,-0.9889642135184108f,2.138923725451914f,0f,0f,0f,1f], start_interpolation: 0, interpolation_duration: 1 }
$data merge entity $(bone_right_arm2) { transformation: [-0.985269249129806f,0.01630240410673395f,-0.17023142582827933f,-0.3855532712801261f,0f,0.9954457267072151f,0.09532998049063275f,-2.0236490925196993f,0.17101025325748226f,0.09392569829756478f,-0.9807820637022918f,2.422941269322382f,0f,0f,0f,1f], start_interpolation: 0, interpolation_duration: 1 }
$data merge entity $(bone_right_arm1) { transformation: [-1.1186911266161337f,0.01851002132952084f,-0.1932835980758588f,-0.17329383079391547f,0f,1.1302456688654836f,0.10823924868207259f,-0.6515872146291691f,0.19416789171943297f,0.10664480327536f,-1.1135963014953103f,1.818490375399647f,0f,0f,0f,1f], start_interpolation: 0, interpolation_duration: 1 }
$data merge entity $(bone_left_arm2) { transformation: [-0.985269249129806f,0.01630240410673395f,-0.17023142582827933f,1.3386679146970344f,0f,0.9954457267072151f,0.09532998049063275f,-2.0236490925196993f,0.17101025325748226f,0.09392569829756478f,-0.9807820637022918f,2.1236733261217884f,0f,0f,0f,1f], start_interpolation: 0, interpolation_duration: 1 }
$data merge entity $(bone_left_arm1) { transformation: [-1.1186911266161337f,0.01851002132952084f,-0.1932835980758588f,0.9351340744771164f,0f,1.1302456688654836f,0.10823924868207259f,-0.6515872146291691f,0.19416789171943297f,0.10664480327536f,-1.1135963014953103f,1.6261038404849795f,0f,0f,0f,1f], start_interpolation: 0, interpolation_duration: 1 }
$data merge entity $(bone_body2) { transformation: [-1.5600096444555263f,0.025812139835662093f,-0.2695330908947756f,0.7149816849491625f,0f,1.5761224006197574f,0.1509391357768352f,-0.5f,0.27076623432434693f,0.14871568897114426f,-1.5529049341952956f,0.7231791527362714f,0f,0f,0f,1f], start_interpolation: 0, interpolation_duration: 1 }
$data merge entity $(bone_right_leg2) { transformation: [-0.995445726707215f,-0.0018202146768576746f,-0.09531260146945178f,-0.956341387621305f,3.469446951953614e-18f,0.9998176961634591f,-0.019093832470012312f,-2.5939886119579407f,0.09532998049063263f,-0.019006873938737262f,-0.9952642531321682f,0.26512302061353216f,0f,0f,0f,1f], start_interpolation: 0, interpolation_duration: 1 }
$data merge entity $(bone_right_leg1) { transformation: [-1.3272609689429533f,-0.03357612465250445f,-0.12259176951047535f,-0.5905160535180631f,4.625929269271485e-18f,1.285972879460744f,-0.3522094988344589f,-1.125f,0.12710664065417682f,-0.350605440520452f,-1.28011620752057f,0.15140502350606616f,0f,0f,0f,1f], start_interpolation: 0, interpolation_duration: 1 }
$data merge entity $(bone_left_leg2) { transformation: [-0.9508287259627851f,0.08750271734179782f,-0.2970993240345527f,0.7591005276873082f,0f,0.959260059379529f,0.2825245803097186f,-2.4156474040112856f,0.3097171837079543f,0.2686324867490604f,-0.9120920201268232f,-0.9430435691603412f,0f,0f,0f,1f], start_interpolation: 0, interpolation_duration: 1 }
$data merge entity $(bone_left_leg1) { transformation: [-1.2677716346170467f,0.11667028978906376f,-0.39613243204607024f,0.6211684503908959f,0f,1.2790134125060386f,0.3766994404129581f,-1.125f,0.41295624494393907f,0.3581766489987471f,-1.216122693502431f,-0.15571166927845173f,0f,0f,0f,1f], start_interpolation: 0, interpolation_duration: 1 }
$data merge entity $(bone_tail3) { transformation: [-0.7666089454307359f,0.24221528446174362f,-0.5946784683832863f,-1.7931418803620813f,-0.08903203293365744f,0.8770843666847876f,0.47201304095209584f,0.4265151948106607f,0.6359119608068988f,0.41479485253587867f,-0.650815802214777f,-2.8589003929244496f,0f,0f,0f,1f], start_interpolation: 0, interpolation_duration: 1 }
$data merge entity $(bone_tail2) { transformation: [-1.1386057034612656f,0.35192260428621275f,-0.9779895928633374f,-0.7388158574113128f,-0.09893281062581999f,1.4073257673199548f,0.6215968104246403f,-0.5086637471873414f,1.0346620038148993f,0.521843632078442f,-1.0168037532542982f,-1.601823134450527f,0f,0f,0f,1f], start_interpolation: 0, interpolation_duration: 1 }
$data merge entity $(bone_tail1) { transformation: [-0.8968148383948527f,0.10048811972615493f,-0.43084252741427015f,-0.1689438172342943f,0f,0.9738621150847928f,0.22714000264720804f,-0.75f,0.44240608679675075f,0.2037025247670623f,-0.8733739953586379f,-0.7291640252315681f,0f,0f,0f,1f], start_interpolation: 0, interpolation_duration: 1 }
$data merge entity $(bone_body1) { transformation: [-1.2924634708362228f,0f,-0.32759113897015235f,0.5f,0f,1.3333333333333333f,0f,-1.1875f,0.32759113897015235f,0f,-1.2924634708362228f,-0.12499999999999994f,0f,0f,0f,1f], start_interpolation: 0, interpolation_duration: 1 }
data modify entity @s data merge value {"locators":{"head":{"posx":0.5869969169606343,"posy":-0.2435684890220876,"posz":3.3510308704766296,"roty":355.6486244301858,"rotx":5.445323747107804},"neck":{"posx":0.47208787511364286,"posy":-0.9572813426580953,"posz":2.2846103068627435,"roty":353.4506083125257,"rotx":5.4613120539764},"right_arm":{"posx":-0.3783192905433333,"posy":-3.066759809472231,"posz":2.8300947437045556,"roty":350.1534375,"rotx":5.4703125},"left_arm":{"posx":1.469060551575053,"posy":-3.066759809472231,"posz":2.509450518846777,"roty":350.1534375,"rotx":5.4703125},"tail1":{"posx":-1.253832561438694,"posy":-0.9080885582109944,"posz":-2.3930240349249208,"roty":316.11470543384326,"rotx":23.77824942579121},"tail2":{"posx":-2.445556079683718,"posy":-0.45915070092756904,"posz":-3.7694025256236023,"roty":317.5807078775308,"rotx":28.16504691463253}},"cameras":{}}