# This file was generated by Animated Java via MC-Build. It is not recommended to edit this file directly.
$data merge entity $(bone_jaw) { transformation: [-0.998977332379835f,0.007703342287505047f,-0.04455275422316803f,0.3462245989270296f,0.0031648671099207366f,0.9948758967060286f,0.10105411307587656f,0.4835735912405441f,0.0451029157310813f,0.10080976476005209f,-0.9938828493950269f,3.3239691752807534f,0f,0f,0f,1f], start_interpolation: 0, interpolation_duration: 1 }
$data merge entity $(bone_head) { transformation: [-1.1238494989273144f,0.006401276597987128f,-0.050461147616163396f,0.3350110105678822f,0.003560475498660829f,1.1232183514633327f,0.06318906511586374f,0.49761560571073604f,0.05074078019746646f,0.062964740878602f,-1.1220899316146826f,3.0746158571441575f,0f,0f,0f,1f], start_interpolation: 0, interpolation_duration: 1 }
$data merge entity $(bone_neck) { transformation: [-0.9977143462368628f,0.005690023642655225f,-0.06733280733858651f,0.7731146276033909f,0.0018995621926040456f,0.9984163124118512f,0.05622507246235585f,-0.5184686359474938f,0.06754609519894998f,0.055968658558757337f,-0.9961450869639963f,2.172008226667756f,0f,0f,0f,1f], start_interpolation: 0, interpolation_duration: 1 }
$data merge entity $(bone_right_arm2) { transformation: [-0.9948718862149958f,0.005690023642655225f,-0.1009829374199538f,-0.5840793241623038f,0f,0.9984163124118512f,0.056257151633554436f,-1.9642403009708214f,0.10114311651821037f,0.055968658558757337f,-0.993296319956999f,2.4168681251940187f,0f,0f,0f,1f], start_interpolation: 0, interpolation_duration: 1 }
$data merge entity $(bone_right_arm1) { transformation: [-1.1295941208066096f,0.006460547677598119f,-0.11465771019557253f,-0.33513947316535087f,0f,1.1336185213842893f,0.06387530758393159f,-0.615142099182198f,0.11483958021338467f,0.06354774773858905f,-1.1278051966178424f,1.7758285456700103f,0f,0f,0f,1f], start_interpolation: 0, interpolation_duration: 1 }
$data merge entity $(bone_left_arm2) { transformation: [-0.9948718862149958f,0.005690023642655225f,-0.1009829374199538f,1.1569464767139386f,0f,0.9984163124118512f,0.056257151633554436f,-1.9642403009708214f,0.10114311651821037f,0.055968658558757337f,-0.993296319956999f,2.2398676712871506f,0f,0f,0f,1f], start_interpolation: 0, interpolation_duration: 1 }
$data merge entity $(bone_left_arm1) { transformation: [-1.1295941208066096f,0.006460547677598119f,-0.11465771019557253f,0.7840913988265192f,0f,1.1336185213842893f,0.06387530758393159f,-0.615142099182198f,0.11483958021338467f,0.06354774773858905f,-1.1278051966178424f,1.6620425395870235f,0f,0f,0f,1f], start_interpolation: 0, interpolation_duration: 1 }
$data merge entity $(bone_body2) { transformation: [-1.5752138198404102f,0.009009204100870773f,-0.15988965091492688f,0.6275960285845413f,0f,1.5808258279854313f,0.08907382341979453f,-0.5f,0.16014326782049976f,0.08861704271803246f,-1.5727191732652486f,0.7406467255696476f,0f,0f,0f,1f], start_interpolation: 0, interpolation_duration: 1 }
$data merge entity $(bone_right_leg2) { transformation: [-0.9984163124118511f,-0.0006332944015818073f,-0.05625358698004643f,-0.9920503312227391f,8.673617379884035e-19f,0.9999366364381347f,-0.011257135905261229f,-2.593731424695217f,0.0562571516335543f,-0.011239308118849961f,-0.9983530491980723f,-0.022729119365077488f,0f,0f,0f,1f], start_interpolation: 0, interpolation_duration: 1 }
$data merge entity $(bone_right_leg1) { transformation: [-1.331221749882468f,-0.011772866312136948f,-0.0740798895546787f,-0.6129743614466898f,1.1564823173178713e-18f,1.3168083950857916f,-0.20926879463828163f,-1.125f,0.07500953551140573f,-0.20893737824562608f,-1.314722981974524f,0.03905203675155314f,0f,0f,0f,1f], start_interpolation: 0, interpolation_duration: 1 }
$data merge entity $(bone_left_leg2) { transformation: [-0.9827744470593313f,0.0310588744627963f,-0.18218049435746336f,0.8906256990587933f,0f,0.9857768926152087f,0.16805926926505188f,-2.4895357614890337f,0.1848090533692153f,0.16516435542515664f,-0.9687963405637776f,-0.7527040164468048f,0f,0f,0f,1f], start_interpolation: 0, interpolation_duration: 1 }
$data merge entity $(bone_left_leg1) { transformation: [-1.3103659294124417f,0.04141183261706173f,-0.24290732580995114f,0.6236638179385211f,0f,1.3143691901536116f,0.22407902568673582f,-1.125f,0.24641207115895372f,0.22021914056687553f,-1.2917284540850367f,-0.14322800408350583f,0f,0f,0f,1f], start_interpolation: 0, interpolation_duration: 1 }
$data merge entity $(bone_tail3) { transformation: [-0.9053912029893946f,0.026995299004772905f,-0.4237192742619338f,-1.1828559922419801f,-0.016998038253240453f,0.9948718862149959f,0.09970454711073953f,-0.2669261794197979f,0.4242379476720092f,0.09747401628464485f,-0.9002893867553824f,-3.5022095514151164f,0f,0f,0f,1f], start_interpolation: 0, interpolation_duration: 1 }
$data merge entity $(bone_tail2) { transformation: [-1.3958114379419833f,0.04161775263235822f,-0.6532338811538145f,-0.5066178719379235f,-0.026205308973745695f,1.5337608245814518f,0.15371117679572344f,-0.6425354386994013f,0.6540335026610141f,0.1502724417721608f,-1.3879461379145477f,-1.7794135858431441f,0f,0f,0f,1f], start_interpolation: 0, interpolation_duration: 1 }
$data merge entity $(bone_tail1) { transformation: [-0.9637236782900097f,0.026995299004772905f,-0.2655332855496966f,-0.10402329625511975f,8.673617379884035e-19f,0.9948718862149959f,0.1011431165182105f,-0.75f,0.26690198932037545f,0.09747401628464485f,-0.9587815936104359f,-0.7940708912971028f,0f,0f,0f,1f], start_interpolation: 0, interpolation_duration: 1 }
$data merge entity $(bone_body1) { transformation: [-1.3190807246775582f,0f,-0.19443204355739624f,0.5f,0f,1.3333333333333333f,0f,-1.1875f,0.19443204355739624f,0f,-1.3190807246775582f,-0.12499999999999994f,0f,0f,0f,1f], start_interpolation: 0, interpolation_duration: 1 }
data modify entity @s data merge value {"locators":{"head":{"posx":0.34547173124015695,"posy":-0.143947107634411,"posz":3.351327093215679,"roty":357.4251046703762,"rotx":3.219887219764298},"neck":{"posx":0.2805402965362871,"posy":-0.8989531060634305,"posz":2.3093111631781964,"roty":356.1330669574692,"rotx":3.223159085109431},"right_arm":{"posx":-0.6014573719834193,"posy":-2.9907851891994497,"posz":2.8638690713961488,"roty":354.195,"rotx":3.225000000000001},"left_arm":{"posx":1.2639274146696975,"posy":-2.9907851891994497,"posz":2.6742257279245045,"roty":354.195,"rotx":3.225000000000001},"tail1":{"posx":-0.7049974468729083,"posy":-1.3180177224403598,"posz":-2.524497794909954,"roty":334.7960794981045,"rotx":5.722157246120116},"tail2":{"posx":-1.4566294139580824,"posy":-1.516611722327189,"posz":-4.136556977838615,"roty":334.7960794981045,"rotx":5.722157246120116}},"cameras":{}}