# This file was generated by Animated Java via MC-Build. It is not recommended to edit this file directly.
$data merge entity $(bone_jaw) { transformation: [-0.16382768189040756f,0.9162087133081015f,0.3656803034136903f,1.4734177086875615f,0.8796643730456716f,-0.03209517060636663f,0.4745107910447493f,-2.194556114666888f,0.4464874930393693f,0.39941393776639966f,-0.8006980859708344f,3.787976015390925f,0f,0f,0f,1f], start_interpolation: 0, interpolation_duration: 1 }
$data merge entity $(bone_head) { transformation: [-0.1843061421267085f,1.0903527845860577f,-0.20685031090090134f,1.4274509729318057f,0.9896224196763805f,0.2563713785737919f,0.4696234477983815f,-2.0901953484894698f,0.5022984296692905f,-0.10502152823875398f,-1.001145227306289f,3.5654992982117495f,0f,0f,0f,1f], start_interpolation: 0, interpolation_duration: 1 }
$data merge entity $(bone_neck) { transformation: [-0.12049230809234959f,0.7804420913375427f,0.6135077389562912f,1.156952442833828f,0.9429799074542493f,-0.10317877195133672f,0.3164538436426227f,-2.194939109058668f,0.31027487463240355f,0.6166557249286644f,-0.7235089626843261f,2.167314120977827f,0f,0f,0f,1f], start_interpolation: 0, interpolation_duration: 1 }
$data merge entity $(bone_right_arm2) { transformation: [-0.4147460197960282f,0.9068416665012811f,0.07499287273156013f,-0.2937708322872996f,0.9068673327225585f,0.4187047321592251f,-0.04772827367655298f,-1.3903895441427365f,-0.0746818579309933f,0.04821347492818633f,-0.9960412044344973f,2.207780651940624f,0f,0f,0f,1f], start_interpolation: 0, interpolation_duration: 1 }
$data merge entity $(bone_right_arm1) { transformation: [-0.4709095433100736f,1.0296431421733294f,0.08514815758062556f,1.0776245861848384f,1.0296722840287382f,0.4754043313057868f,-0.054191477403586194f,-1.1570488128121834f,-0.08479502619248197f,0.05474238299137822f,-1.1309217842016686f,1.609620590338587f,0f,0f,0f,1f], start_interpolation: 0, interpolation_duration: 1 }
$data merge entity $(bone_right_leg2) { transformation: [-0.36307516631485587f,0.43832393325670693f,0.8222217177500298f,-0.8471890756583964f,0.9257732580393564f,0.06983160341357472f,0.37157424811723f,-1.3439285911827878f,0.10545282501969944f,0.8961002604056417f,-0.43114269679110356f,-0.8287669132087171f,0f,0f,0f,1f], start_interpolation: 0, interpolation_duration: 1 }
$data merge entity $(bone_right_leg1) { transformation: [-0.48410022175314116f,1.2255294002867458f,0.20372148170761642f,0.5624907741185998f,1.2343643440524752f,0.4497339434587021f,0.22773191258751138f,-1.2595988221688312f,0.14060376669293256f,0.271283701890976f,-1.297849572045183f,-0.27165048804180614f,0f,0f,0f,1f], start_interpolation: 0, interpolation_duration: 1 }
$data merge entity $(bone_left_leg2) { transformation: [0.3004611395399572f,0.8681087425802776f,-0.39510797850972323f,-0.8758881496646088f,0.9369534737900636f,-0.34614038556155025f,-0.04801063877969512f,-2.8817420450431226f,-0.1784412832813173f,-0.3557724617490664f,-0.9173792366747384f,0.18899153483181114f,0f,0f,0f,1f], start_interpolation: 0, interpolation_duration: 1 }
$data merge entity $(bone_left_leg1) { transformation: [-0.01942608120126619f,1.2246921886022273f,-0.5268106380129642f,0.5624907741185999f,1.3317803328277458f,-0.0064114728973563755f,-0.0640141850395935f,-2.499087871034127f,-0.06133147837904014f,-0.5271296936900358f,-1.223172315566318f,-0.10988863301100811f,0f,0f,0f,1f], start_interpolation: 0, interpolation_duration: 1 }
$data merge entity $(bone_tail3) { transformation: [0.17420674419875148f,0.9846623814997093f,-0.00959190987195064f,1.016582391608694f,0.9808555001555161f,-0.17437769069182318f,-0.08668857366261973f,-2.626548341207729f,-0.08703159248424303f,0.005693456622099854f,-0.9961892824465384f,-3.812454754380041f,0f,0f,0f,1f], start_interpolation: 0, interpolation_duration: 1 }
$data merge entity $(bone_tail2) { transformation: [0.26856873063974185f,1.5180211714787184f,-0.014787527719257234f,0.8717188691122498f,1.5121522294064207f,-0.26883227314989405f,-0.13364488439653874f,-2.3087045110661606f,-0.13417370507987464f,0.00877741229240394f,-1.5357918104384132f,-1.9565463219699557f,0f,0f,0f,1f], start_interpolation: 0, interpolation_duration: 1 }
$data merge entity $(bone_tail1) { transformation: [0.16042016562553366f,0.9846623814997093f,-0.0685956625450706f,0.9245492398631956f,0.8920534371646229f,-0.17437769069182318f,-0.4169329517221795f,-1.9772199295069226f,-0.42249974639454957f,0.005693456622099854f,-0.9063451598856992f,-0.9407421212920817f,0f,0f,0f,1f], start_interpolation: 0, interpolation_duration: 1 }
data modify entity @s data merge value {"locators":{"hitbox_head":{"posx":0.8791578456342461,"posy":-2.363074849863349,"posz":3.901940488151693,"roty":348.32617313744896,"rotx":24.673262403179347},"hitbox_neck":{"posx":0.7273520371665383,"posy":-1.72431384630512,"posz":2.1816442817813204,"roty":40.2966611006857,"rotx":18.448603335936127},"hitbox_right_arm":{"posx":-1.2640305613916125,"posy":-1.7285509311685252,"posz":2.652920163108999,"roty":4.305729027152523,"rotx":-2.735667952775731},"hitbox_left_arm":{"posx":-1.328395247180371,"posy":-2.589902309342151,"posz":2.689348296260362,"roty":4.305729027152523,"rotx":-2.735667952775732},"hitbox_tail1":{"posx":0.1048518019256579,"posy":-2.360126574959784,"posz":-2.6348175970579955,"roty":359.4483388046457,"rotx":-4.973131488402469},"hitbox_tail2":{"posx":-0.2811824334126467,"posy":-2.4464399448599345,"posz":-4.380283887572725,"roty":359.4483388046457,"rotx":-4.973131488402469}},"cameras":{}}