# This file was generated by Animated Java via MC-Build. It is not recommended to edit this file directly.
$data merge entity $(bone_jaw) { transformation: [-0.7539104269032473f,0.48678338513367814f,-0.4412040391523635f,1.2111535694813629f,-0.13666989884485461f,0.540668934594758f,0.8300593002393903f,-0.7160594922040615f,0.6426043938196349f,0.6860896727993845f,-0.34108731128808223f,3.6293698650440738f,0f,0f,0f,1f], start_interpolation: 0, interpolation_duration: 1 }
$data merge entity $(bone_head) { transformation: [-0.8481492302661532f,0.5096333720980242f,-0.53529590811338f,1.092198923233945f,-0.15375363620046145f,0.675300283737686f,0.8865406624283719f,-0.5190504561088677f,0.7229299430470892f,0.741531086892382f,-0.4394643837879639f,3.531711113091193f,0f,0f,0f,1f], start_interpolation: 0, interpolation_duration: 1 }
$data merge entity $(bone_neck) { transformation: [-0.8050319685872657f,0.3711172133924992f,-0.4628126440324397f,0.7243675950216902f,-0.08496070525526363f,0.6999865817433977f,0.7090842431909778f,-0.6441748989909264f,0.5871160090774563f,0.6101563728282937f,-0.5319811957033636f,2.1576272409134196f,0f,0f,0f,1f], start_interpolation: 0, interpolation_duration: 1 }
$data merge entity $(bone_right_arm2) { transformation: [-0.980713563644906f,-0.11035475335498887f,-0.1613156362379929f,-0.43272544761513276f,-0.1390231268085532f,0.9739988742649999f,0.17888198104584457f,-2.2793866410773327f,0.1373807711991813f,0.19785858925624764f,-0.970555769836152f,2.241751499449799f,0f,0f,0f,1f], start_interpolation: 0, interpolation_duration: 1 }
$data merge entity $(bone_right_arm1) { transformation: [-1.113518525388487f,-0.1252986262051436f,-0.1831604619785544f,-0.3819975726681426f,-0.15784917523054476f,1.1058945551550519f,0.20310558264580267f,-0.8345870295078294f,0.15598441729907042f,0.2246519398846978f,-1.101985197001464f,1.7912523150865256f,0f,0f,0f,1f], start_interpolation: 0, interpolation_duration: 1 }
$data merge entity $(bone_left_arm2) { transformation: [-0.979533754081586f,-0.12037811312679116f,-0.1613156362379929f,1.294982972216671f,-0.1489763206610587f,0.9725262426996032f,0.17888198104584457f,-2.0198556240698045f,0.13535021424854998f,0.19925314838322114f,-0.970555769836152f,2.0024237166136114f,0f,0f,0f,1f], start_interpolation: 0, interpolation_duration: 1 }
$data merge entity $(bone_left_arm1) { transformation: [-1.1121789499468007f,-0.1366793159460441f,-0.1831604619785544f,0.7199779006736418f,-0.16915019741724371f,1.104222504731841f,0.20310558264580267f,-0.6669886687641383f,0.15367888909470778f,0.22623534556011565f,-1.101985197001464f,1.6389833240569067f,0f,0f,0f,1f], start_interpolation: 0, interpolation_duration: 1 }
$data merge entity $(bone_body2) { transformation: [-1.5509284439625113f,-0.19059867911741935f,-0.25541642404348874f,0.4999999999999999f,-0.23587917438000963f,1.5398332176077052f,0.2832298033225873f,-0.44781494140625f,0.2143045058935375f,0.31548415160676685f,-1.5367133022405741f,0.75f,0f,0f,0f,1f], start_interpolation: 0, interpolation_duration: 1 }
$data merge entity $(bone_right_leg2) { transformation: [-0.994408479189788f,0.10345129456367483f,-0.02120391870746069f,-1.1526952553030312f,0.09598134014507649f,0.9691419897219335f,0.22704930323999384f,-2.4135140087780376f,0.04403815231600831f,0.22374457180211393f,-0.9736524060103178f,-0.603279445804529f,0f,0f,0f,1f], start_interpolation: 0, interpolation_duration: 1 }
$data merge entity $(bone_right_leg1) { transformation: [-1.3258779722530507f,0.1345670354223583f,-0.041437826313090904f,-0.625f,0.12797512019343532f,1.3153554526151945f,0.17674891701147813f,-1.07281494140625f,0.058717536421344405f,0.17178336366159663f,-1.3209165396282587f,-0.12500000000000008f,0f,0f,0f,1f], start_interpolation: 0, interpolation_duration: 1 }
$data merge entity $(bone_left_leg2) { transformation: [-0.967308218635604f,0.2535737788519956f,0.003892150913539439f,0.8032942051460743f,0.25358001744511255f,0.966894663860483f,0.02849357384850263f,-2.538348110658415f,0.003461923244522223f,0.02854903985851145f,-0.9995863981720671f,-0.478710624993135f,0f,0f,0f,1f], start_interpolation: 0, interpolation_duration: 1 }
$data merge entity $(bone_left_leg1) { transformation: [-1.3210654958213603f,0.1803796059957467f,0.005189534551385919f,0.625f,0.18045424220017894f,1.3205191007174695f,0.0379914317980035f,-1.07281494140625f,-1.620729836714935e-16f,0.03834423240752617f,-1.3327818642294227f,-0.12499999999999993f,0f,0f,0f,1f], start_interpolation: 0, interpolation_duration: 1 }
$data merge entity $(bone_tail3) { transformation: [-0.9897899702589482f,0.060299975075387445f,-0.12915002044404822f,-0.26963663250977876f,0.05979311601885111f,0.9981803008504564f,0.007801940197704445f,-0.4936844030194005f,0.12938546306114387f,7.601457580970943e-18f,-0.9915943736974575f,-3.8077797706974716f,0f,0f,0f,1f], start_interpolation: 0, interpolation_duration: 1 }
$data merge entity $(bone_tail2) { transformation: [-1.5259262041492117f,0.09296246157455564f,-0.19910628151790766f,-0.16251033578619206f,0.09218105386239545f,1.5388612971444535f,0.012027991138127685f,-0.6879977077972005f,0.19946925555259679f,1.1718913770663536e-17f,-1.5287079927835803f,-1.9323671371320958f,0f,0f,0f,1f], start_interpolation: 0, interpolation_duration: 1 }
$data merge entity $(bone_tail1) { transformation: [-0.9975455274514515f,0.060299975075387445f,-0.03559260692212775f,1.1102230246251565e-16f,0.060261628475974584f,0.9981803008504564f,0.0021501459289907524f,-0.69781494140625f,0.0356574928315081f,7.601457580970943e-18f,-0.9993640693986205f,-0.875f,0f,0f,0f,1f], start_interpolation: 0, interpolation_duration: 1 }
$data merge entity $(bone_body1) { transformation: [-1.3333333333333333f,0f,1.6328623988631375e-16f,0.5f,0f,1.3333333333333333f,0f,-1.13531494140625f,-1.6328623988631375e-16f,0f,-1.3333333333333333f,-0.12499999999999994f,0f,0f,0f,1f], start_interpolation: 0, interpolation_duration: 1 }
execute on vehicle unless entity @s[tag=aj.transforms_only] positioned ^0 ^-1.5728149414 ^0.0625 rotated ~0 ~0 run function animated_java:martellos/animations/die/zzz/frames/zzz/5
data modify entity @s data merge value {"locators":{"hitbox_head":{"posx":0.9577625798776483,"posy":-1.1404785755265743,"posz":3.241822838092082,"roty":309.38512863625436,"rotx":52.00236302359197},"hitbox_neck":{"posx":0.24053423620992515,"posy":-1.0377857501712047,"posz":2.2888742551044583,"roty":318.9774050800776,"rotx":45.16045560347258},"hitbox_right_arm":{"posx":-0.3030074738689541,"posy":-3.3515154512907896,"posz":2.5377570933115763,"roty":350.5631627613027,"rotx":10.30464514105394},"hitbox_left_arm":{"posx":1.5572397630925576,"posy":-3.072511837251014,"posz":2.279989064757932,"roty":350.5631627613027,"rotx":10.304645141053944},"hitbox_tail1":{"posx":-0.17280220986564726,"posy":-1.4387432390514774,"posz":-2.630261451931741,"roty":352.5792948534905,"rotx":0.447022780486432},"hitbox_tail2":{"posx":-0.42142723629600193,"posy":-1.7994074565244158,"posz":-4.365551605902292,"roty":352.5792948534905,"rotx":0.447022780486432}},"cameras":{}}