# This file was generated by Animated Java via MC-Build. It is not recommended to edit this file directly.
$data merge entity $(bone_jaw) { transformation: [-0.7677473856880145f,0.5231750426593127f,-0.36993489495807924f,1.2868180584487714f,-0.08972291218173328f,0.48387765303289054f,0.8705241041608274f,-0.7065961403074221f,0.6344397140775848f,0.7015342412411584f,-0.32455501470065773f,3.631962854202479f,0f,0f,0f,1f], start_interpolation: 0, interpolation_duration: 1 }
$data merge entity $(bone_head) { transformation: [-0.8637158088990163f,0.5126630393761247f,-0.5067510330680655f,1.174206717766979f,-0.10093827620444995f,0.6970617516010577f,0.8772350761635902f,-0.5116550122710688f,0.713744678337283f,0.7189621147963914f,-0.4891697165940556f,3.523258472737133f,0f,0f,0f,1f], start_interpolation: 0, interpolation_duration: 1 }
$data merge entity $(bone_neck) { transformation: [-0.7860353276839329f,0.46413318630478617f,-0.4083244408596901f,0.7423192629616119f,-0.016641451675222532f,0.6443986380971103f,0.7645086378221838f,-0.5668445711811129f,0.6179575436216902f,0.6077259090981363f,-0.49879624466498396f,2.1632989737192188f,0f,0f,0f,1f], start_interpolation: 0, interpolation_duration: 1 }
$data merge entity $(bone_right_arm2) { transformation: [-0.9852086219455017f,-0.06198451262978716f,-0.15975572427394627f,-0.4895954598795798f,-0.08561147974109141f,0.9856414780479851f,0.1455388308594105f,-2.1479257284833047f,0.14844071470046918f,0.1570630349427616f,-0.9763690681672492f,2.3212277024048493f,0f,0f,0f,1f], start_interpolation: 0, interpolation_duration: 1 }
$data merge entity $(bone_right_arm1) { transformation: [-1.1186222895006217f,-0.07037824871507083f,-0.18138931193604313f,-0.3729044987865442f,-0.09720470095603087f,1.1191137615336495f,0.16524721420495564f,-0.7274597549103885f,0.16854206148282436f,0.17833198759126057f,-1.1085857128148975f,1.8097314780583438f,0f,0f,0f,1f], start_interpolation: 0, interpolation_duration: 1 }
$data merge entity $(bone_left_arm2) { transformation: [-0.9838872512125262f,-0.08027443841700896f,-0.15975572427394627f,1.2566256856921245f,-0.10390536946286351f,0.983881152837507f,0.1455388308594105f,-1.9694977456225948f,0.14549759825593392f,0.1597932777934419f,-0.9763690681672492f,2.0621037378265297f,0f,0f,0f,1f], start_interpolation: 0, interpolation_duration: 1 }
$data merge entity $(bone_left_arm1) { transformation: [-1.1171219831475556f,-0.0911449352859789f,-0.18138931193604313f,0.7339686588275478f,-0.11797588824429292f,1.1171150589509193f,0.16524721420495564f,-0.610566214264667f,0.16520039801975828f,0.18143195082797048f,-1.1085857128148975f,1.6460466800204179f,0f,0f,0f,1f], start_interpolation: 0, interpolation_duration: 1 }
$data merge entity $(bone_body2) { transformation: [-1.5578214810864999f,-0.1271011941602642f,-0.2529465634337483f,0.5176875617188772f,-0.16451683498286723f,1.557811825326053f,0.23043648219406665f,-0.4191250738730544f,0.23037119723856206f,0.25300602317294973f,-1.5459176912648114f,0.7497813583667079f,0f,0f,0f,1f], start_interpolation: 0, interpolation_duration: 1 }
$data merge entity $(bone_right_leg2) { transformation: [-0.9805300010583352f,0.19634596835107976f,0.003029477977791479f,-1.2785620753588312f,0.1837675234459078f,0.912058623144458f,0.3665768204270333f,-2.2520740483893746f,0.06921281926853479f,0.3599962897865928f,-0.9303828550595656f,-0.7077628535929332f,0f,0f,0f,1f], start_interpolation: 0, interpolation_duration: 1 }
$data merge entity $(bone_right_leg1) { transformation: [-1.307373334744447f,0.2591856261563371f,-0.03708844255168304f,-0.6227362180391038f,0.2450233645945437f,1.277706703825644f,0.2919022226355172f,-1.0118739130497671f,0.09228375902471304f,0.2794032354335454f,-1.3004596562859276f,-0.12769081567482826f,0f,0f,0f,1f], start_interpolation: 0, interpolation_duration: 1 }
$data merge entity $(bone_left_leg2) { transformation: [-0.9022927353345037f,0.4309168026857836f,0.013361471686940997f,0.6397389831505434f,0.4310765795310198f,0.9013011128514625f,0.042770159603996556f,-2.518655140915909f,0.006387671126141624f,0.044351021812090434f,-0.9989955878390093f,-0.500335475161643f,0f,0f,0f,1f], start_interpolation: 0, interpolation_duration: 1 }
$data merge entity $(bone_left_leg1) { transformation: [-1.292016493320741f,0.32886741098542793f,0.017815295582587994f,0.6267440619705804f,0.3293342398533344f,1.2907612758584333f,0.057026879471995404f,-1.0477935602985347f,-0.0031807585855824095f,0.059660141751664605f,-1.331994117118679f,-0.12472285198813422f,0f,0f,0f,1f], start_interpolation: 0, interpolation_duration: 1 }
$data merge entity $(bone_tail3) { transformation: [-0.9700988656890387f,0.12655291524269247f,-0.20710516756569886f,-0.4119687294135502f,0.12378079524211041f,0.9919598546384065f,0.0263431492988633f,-0.41207612058551946f,0.2087738142537781f,-0.00008018308652845901f,-0.9779639502827298f,-3.7898862029017897f,0f,0f,0f,1f], start_interpolation: 0, interpolation_duration: 1 }
$data merge entity $(bone_tail2) { transformation: [-1.4955690846039345f,0.19510241099915088f,-0.3192871333304524f,-0.16863757004699959f,0.19082872599825354f,1.5292714425675433f,0.04061235516908091f,-0.6319893988603256f,0.3218596303079079f,-0.0001236155917313743f,-1.5076944233525416f,-1.930092035011225f,0f,0f,0f,1f], start_interpolation: 0, interpolation_duration: 1 }
$data merge entity $(bone_tail1) { transformation: [-0.9903835756158617f,0.12655291524269247f,-0.05589930942253715f,0.01455339316642884f,0.1263563699742848f,0.9919598546384065f,0.007050854747697444f,-0.6552754782765398f,0.056342177072441144f,-0.00008018308652845901f,-0.9984115146839054f,-0.8763225727936306f,0f,0f,0f,1f], start_interpolation: 0, interpolation_duration: 1 }
$data merge entity $(bone_body1) { transformation: [-1.332778965343663f,0.03831539135172274f,0.0031524753475883995f,0.5f,0.03831429039868535f,1.3327826277619659f,-0.0005099656185630473f,-1.10667578125f,-0.003165827932473638f,-0.0004191649451453255f,-1.3333295090156927f,-0.12499999999999994f,0f,0f,0f,1f], start_interpolation: 0, interpolation_duration: 1 }
data modify entity @s data merge value {"locators":{"hitbox_head":{"posx":1.0301580939658168,"posy":-1.1425879509837649,"posz":3.259715552459709,"roty":313.98864381512465,"rotx":51.23901941098788},"hitbox_neck":{"posx":0.2262922093628119,"posy":-0.9123783660329134,"posz":2.3067300602013856,"roty":320.69556733690615,"rotx":49.86329804999385},"hitbox_right_arm":{"posx":-0.40930862398441337,"posy":-3.211687339444813,"posz":2.6616267462144916,"roty":350.7074777935022,"rotx":8.36848292848223},"hitbox_left_arm":{"posx":1.4782709394468894,"posy":-3.019654228298378,"posz":2.3814013942257164,"roty":350.7074777935022,"rotx":8.36848292848223},"hitbox_tail1":{"posx":-0.284674700969307,"posy":-1.3733209741014258,"posz":-2.6284788402974275,"roty":348.0430277781355,"rotx":1.5095259003956543},"hitbox_tail2":{"posx":-0.6945660874252897,"posy":-1.6992054083178174,"posz":-4.339885684634757,"roty":348.0430277781355,"rotx":1.5095259003956543}},"cameras":{}}