# This file was generated by Animated Java via MC-Build. It is not recommended to edit this file directly.
$data merge entity $(bone_jaw) { transformation: [-0.9730710911467256f,0.2292072197193966f,0.024427484582432518f,0.8559189744523213f,0.22945108637443926f,0.9732900517293785f,0.007659906410228401f,1.0911513884451598f,-0.022019321881255105f,0.013058546363516499f,-0.9996722582080397f,3.299383883121675f,0f,0f,0f,1f], start_interpolation: 0, interpolation_duration: 1 }
$data merge entity $(bone_head) { transformation: [-1.0947049775400663f,0.24748350804127608f,-0.07744627425891071f,0.8387086912836745f,0.2581324721712442f,1.0078713554432435f,-0.4280046234420383f,0.9960392499024846f,-0.024771737116411993f,-0.43424905771294775f,-1.0375158393565143f,3.0688248077091163f,0f,0f,0f,1f], start_interpolation: 0, interpolation_duration: 1 }
$data merge entity $(bone_neck) { transformation: [-0.9042873043519424f,0.4243564194944687f,-0.04675575281964808f,0.8019845985808087f,0.4176600202673635f,0.9020340800972764f,0.10906248582040506f,-0.08258870060547424f,0.08845664846784021f,0.07909581263818583f,-0.9929346774913957f,2.1337977570853646f,0f,0f,0f,1f], start_interpolation: 0, interpolation_duration: 1 }
$data merge entity $(bone_right_arm2) { transformation: [-0.9320590486169217f,0.34984526812528877f,-0.09420306927942293f,-0.9717920523448337f,0.3620622297654359f,0.9089395988186427f,-0.20673593658743958f,-0.8819786571726281f,0.01329931083175798f,-0.2267974736846729f,-0.9738511355754792f,2.6676142893171355f,0f,0f,0f,1f], start_interpolation: 0, interpolation_duration: 1 }
$data merge entity $(bone_right_arm1) { transformation: [-1.0582753781171297f,0.3972201481839216f,-0.10695973491101143f,-0.2861162953672074f,0.41109149004617196f,1.0320251694920004f,-0.23473142800032198f,0.055729163071277066f,0.015100259173558539f,-0.2575096315794723f,-1.1057268101846585f,1.696263914762936f,0f,0f,0f,1f], start_interpolation: 0, interpolation_duration: 1 }
$data merge entity $(bone_left_arm2) { transformation: [-0.941798179039168f,0.3227103526335087f,-0.09420306927942293f,0.7089258592997197f,0.3355916267118725f,0.9190421712871469f,-0.20673593658743958f,-1.4907956937375553f,0.01986076633432305f,-0.2263172898807403f,-0.9738511355754792f,2.63427816183396f,0f,0f,0f,1f], start_interpolation: 0, interpolation_duration: 1 }
$data merge entity $(bone_left_arm1) { transformation: [-1.0693333491173884f,0.366410712885963f,-0.10695973491101143f,0.7734066560518567f,0.3810363261624385f,1.043495798648948f,-0.23473142800032198f,-0.32181141697957943f,0.022550245108762627f,-0.2569644228854238f,-1.1057268101846585f,1.6739205526368224f,0f,0f,0f,1f], start_interpolation: 0, interpolation_duration: 1 }
$data merge entity $(bone_body2) { transformation: [-1.4911804501453494f,0.5109580583363889f,-0.14915485969241965f,0.6463982894520439f,0.5313534089604648f,1.4551501045379829f,-0.3273318995967794f,-0.4372117451553653f,0.031446213362678166f,-0.35833570897783884f,-1.5419309646611756f,0.7480315803131596f,0f,0f,0f,1f], start_interpolation: 0, interpolation_duration: 1 }
$data merge entity $(bone_right_leg2) { transformation: [-0.8860058212821909f,0.42299758329929726f,0.1899124250201244f,-1.5441033831934667f,0.4552168185347859f,0.7156658321297115f,0.5297169667333259f,-1.699575137508051f,0.0881551630770323f,0.5557836460755585f,-0.8266397074770968f,-0.8785332691004699f,0f,0f,0f,1f], start_interpolation: 0, interpolation_duration: 1 }
$data merge entity $(bone_right_leg1) { transformation: [-1.181341095042921f,0.609869049573136f,0.10134464619963449f,-0.578088782594647f,0.6069557580463811f,1.1025497294604854f,0.44018925431992423f,-0.7847643738652423f,0.11754021743604307f,0.43614402921185086f,-1.2544881270246113f,-0.1473530189889371f,0f,0f,0f,1f], start_interpolation: 0, interpolation_duration: 1 }
$data merge entity $(bone_left_leg2) { transformation: [-0.6467067107694439f,0.7616257757003206f,0.0411899020956817f,0.18832651787687393f,0.7627205379806586f,0.6461209747075514f,0.02801904683350719f,-2.482708507515781f,-0.005273631411216957f,0.049536489902381436f,-0.9987583916943527f,-0.4933996908437959f,0f,0f,0f,1f], start_interpolation: 0, interpolation_duration: 1 }
$data merge entity $(bone_left_leg1) { transformation: [-1.1209997931533993f,0.719806258284971f,0.05491986946090893f,0.6362146038610643f,0.721430273128525f,1.1206785730755562f,0.037358729111342914f,-1.0803306087367703f,-0.025992355443772264f,0.06112498802374181f,-1.3316778555924702f,-0.12269766569477503f,0f,0f,0f,1f], start_interpolation: 0, interpolation_duration: 1 }
$data merge entity $(bone_tail3) { transformation: [-0.8793253889052335f,0.37721514898949626f,-0.2906812546407009f,-0.4238337539942439f,0.35804269927775567f,0.9261255990013084f,0.11872994722632671f,-0.1438643094745023f,0.3139940858050648f,0.0003259559784863711f,-0.9494248826695778f,-3.754922117601998f,0f,0f,0f,1f], start_interpolation: 0, interpolation_duration: 1 }
$data merge entity $(bone_tail2) { transformation: [-1.3556266412289015f,0.5815400213588067f,-0.44813360090441384f,-0.059449915591614444f,0.5519824947198733f,1.427776965127017f,0.18304200197392032f,-0.49537617292689073f,0.48407421561614156f,0.0005025154668331554f,-1.4636966941155989f,-1.9355623186168727f,0f,0f,0f,1f], start_interpolation: 0, interpolation_duration: 1 }
$data merge entity $(bone_tail1) { transformation: [-0.9233806208069676f,0.37721514898949626f,-0.07125279286435895f,0.13167875442763788f,0.37606998208008463f,0.9261255990013084f,0.029372494833646366f,-0.5735931964476506f,0.07706878548688771f,0.0003259559784863711f,-0.9970257248718691f,-0.8858560841263727f,0f,0f,0f,1f], start_interpolation: 0, interpolation_duration: 1 }
$data merge entity $(bone_body1) { transformation: [-1.2952569455527587f,0.31539765793052205f,0.024729337780390912f,0.5f,0.31527065052962977f,1.2954883146748244f,-0.009603188709224008f,-1.1115f,-0.02629904351377288f,-0.0034816218494140784f,-1.3330693966922111f,-0.12499999999999994f,0f,0f,0f,1f], start_interpolation: 0, interpolation_duration: 1 }
execute on vehicle unless entity @s[tag=aj.transforms_only] positioned ^-0.0926887742 ^-1.4170051609 ^0.0537431498 rotated ~1.0627535161 ~-0.4126702051 run function animated_java:martellos/animations/die/zzz/frames/zzz/10
data modify entity @s data merge value {"locators":{"hitbox_head":{"posx":0.7227307074437741,"posy":0.5550008922790266,"posz":3.598273128482008,"roty":355.73102376555505,"rotx":-22.361469898735272},"hitbox_neck":{"posx":0.19655175819686788,"posy":-0.22565428123582176,"posz":2.2724819862663894,"roty":357.30402211217705,"rotx":6.261274817462903},"hitbox_right_arm":{"posx":-1.3327894763689687,"posy":-1.6649213983372113,"posz":3.3821685377165327,"roty":354.4748257234785,"rotx":-11.931138033144332},"hitbox_left_arm":{"posx":0.49217942749587046,"posy":-2.3274443734004744,"posz":3.3462797216065447,"roty":354.4748257234785,"rotx":-11.931138033144332},"hitbox_tail1":{"posx":-0.4322889662860643,"posy":-1.153098870869492,"posz":-2.6277856531617054,"roty":342.97721301042304,"rotx":6.818809900326642},"hitbox_tail2":{"posx":-1.082436842778352,"posy":-1.2926185628489106,"posz":-4.289401431325399,"roty":342.97721301042304,"rotx":6.818809900326642}},"cameras":{}}