# This file was generated by Animated Java via MC-Build. It is not recommended to edit this file directly.
$data merge entity $(bone_jaw) { transformation: [-0.9905076155357471f,0.02411100251628649f,-0.13532672730598388f,0.18691649371011565f,-0.003704883579342325f,0.9794556009558102f,0.20162589018763508f,0.3790877280416595f,0.1374079233645281f,0.20021334948986885f,-0.9700689033685677f,3.457787277827866f,0f,0f,0f,1f], start_interpolation: 0, interpolation_duration: 1 }
$data merge entity $(bone_head) { transformation: [-1.1143210674777155f,0.025156390980015316f,-0.152580190615247f,0.1530097846845052f,-0.004167994026760115f,1.1047251659734043f,0.21257924520241192f,0.42632756030886215f,0.1545839137850941f,0.21112665312057327f,-1.0941454884707917f,3.214643835945468f,0f,0f,0f,1f], start_interpolation: 0, interpolation_duration: 1 }
$data merge entity $(bone_neck) { transformation: [-0.9928559768595906f,0.014520162615583494f,-0.11843214973901679f,0.5377839786722919f,-0.00478862991571907f,0.986919263242373f,0.16114414933425883f,-0.48895022059421417f,0.11922280921752418f,0.16056005953769648f,-0.9797991575029716f,2.1883505526067393f,0f,0f,0f,1f], start_interpolation: 0, interpolation_duration: 1 }
$data merge entity $(bone_right_arm2) { transformation: [-0.9992335429014852f,-0.02782494234463851f,-0.027533603543002598f,-0.7908610127345168f,-0.028900151562031722f,0.9988032998734343f,0.03945566374590794f,-1.9728226728545781f,0.026402802507258544f,0.04022114798779495f,-0.9988419050451911f,2.354077692295678f,0f,0f,0f,1f], start_interpolation: 0, interpolation_duration: 1 }
$data merge entity $(bone_right_arm1) { transformation: [-1.1345464185027279f,-0.031592903287141635f,-0.031262112356117526f,-0.534050119840955f,-0.03281371375272352f,1.1340579133979618f,0.044798618211499636f,-0.625736275582249f,0.0299781820134498f,0.04566776177780884f,-1.134101746353394f,1.7119132635275718f,0f,0f,0f,1f], start_interpolation: 0, interpolation_duration: 1 }
$data merge entity $(bone_left_arm2) { transformation: [-0.9992079525489824f,-0.02872922273238752f,-0.027533603543002598f,0.9589477692202804f,-0.029804042145818124f,0.9987767366484565f,0.03945566374590794f,-1.9209132006740464f,0.026366392143042136f,0.04024502566843169f,-0.9988419050451911f,2.307893788350701f,0f,0f,0f,1f], start_interpolation: 0, interpolation_duration: 1 }
$data merge entity $(bone_left_arm1) { transformation: [-1.1345173627899903f,-0.03261963831073166f,-0.031262112356117526f,0.5900588267766504f,-0.03384000618639766f,1.1340277530696015f,0.044798618211499636f,-0.5922067281682036f,0.02993684107907909f,0.04569487289436514f,-1.134101746353394f,1.6822510723666495f,0f,0f,0f,1f], start_interpolation: 0, interpolation_duration: 1 }
$data merge entity $(bone_body2) { transformation: [-1.5820792582025556f,-0.04548793599294691f,-0.04359487227642078f,0.4999999999999999f,-0.04718973339754537f,1.5813964996933896f,0.06247146759768758f,-0.49465625f,0.04174678755981672f,0.06372129064168351f,-1.5814996829882193f,0.75f,0f,0f,0f,1f], start_interpolation: 0, interpolation_duration: 1 }
$data merge entity $(bone_right_leg2) { transformation: [-0.9998080893557381f,0.01816655317734617f,-0.007332175971918423f,-1.0282282893029984f,0.01781221738649204f,0.9987918581718204f,0.04579900611867657f,-2.54186500193358f,0.008155327743559714f,0.04565961448957795f,-0.9989237659771932f,-0.47056723315341453f,0f,0f,0f,1f], start_interpolation: 0, interpolation_duration: 1 }
$data merge entity $(bone_right_leg1) { transformation: [-1.3330774524743174f,0.02401692743045864f,-0.01026989187683609f,-0.625f,0.023749623181989386f,1.3326932770857225f,0.03379885185932874f,-1.11965625f,0.010873770324746285f,0.03360943595324713f,-1.3328653137926603f,-0.12500000000000008f,0f,0f,0f,1f], start_interpolation: 0, interpolation_duration: 1 }
$data merge entity $(bone_left_leg2) { transformation: [-0.9988733732879436f,0.04745501720864155f,0.00007401413352161056f,0.9637803448783158f,0.04745502932044389f,0.9988690360794936f,0.0029443087166846106f,-2.565199728619579f,0.00006579179461083143f,0.0029445039227122484f,-0.9999956627746387f,-0.4417324254706744f,0f,0f,0f,1f], start_interpolation: 0, interpolation_duration: 1 }
$data merge entity $(bone_left_leg1) { transformation: [-1.3329122523777333f,0.033506648597933585f,0.0000986855113621474f,0.625f,0.03350679392444997f,1.3329064712369079f,0.00392574495557948f,-1.11965625f,-1.63234672341868e-16f,0.003926985139570883f,-1.3333275503661848f,-0.12499999999999993f,0f,0f,0f,1f], start_interpolation: 0, interpolation_duration: 1 }
$data merge entity $(bone_tail3) { transformation: [-0.999605725556339f,0.011169874929422187f,-0.02576096521961101f,-0.054103036391605436f,0.011166167534548138f,0.9999376150010865f,0.0002877647117654822f,-0.5565401902300195f,0.025762572417663294f,1.3679151579193148e-18f,-0.9996680898490381f,-3.8141444609974604f,0f,0f,0f,1f], start_interpolation: 0, interpolation_duration: 1 }
$data merge entity $(bone_tail2) { transformation: [-1.5410588268993557f,0.01722022384952587f,-0.039714821380233634f,-0.13284629384864383f,0.01721450828242838f,1.5415704897933415f,0.000443637263971785f,-0.743172280935465f,0.03971729914389757f,2.1088692017922767e-18f,-1.5411549718506004f,-1.9365464709783058f,0f,0f,0f,1f], start_interpolation: 0, interpolation_duration: 1 }
$data merge entity $(bone_tail1) { transformation: [-0.9999102676612167f,0.011169874929422187f,-0.007395303897404102f,1.1102230246251565e-16f,0.011169569443998483f,0.9999376150010865f,0.00008260977320968558f,-0.74465625f,0.0073957652822131984f,1.3679151579193148e-18f,-0.99997265095396f,-0.875f,0f,0f,0f,1f], start_interpolation: 0, interpolation_duration: 1 }
$data merge entity $(bone_body1) { transformation: [-1.3333333333333333f,0f,1.6328623988631375e-16f,0.5f,0f,1.3333333333333333f,0f,-1.18215625f,-1.6328623988631375e-16f,0f,-1.3333333333333333f,-0.12499999999999994f,0f,0f,0f,1f], start_interpolation: 0, interpolation_duration: 1 }
data modify entity @s data merge value {"locators":{"hitbox_head":{"posx":0.1814173981998431,"posy":-0.24645843334369916,"posz":3.4012805532314805,"roty":352.0612165378981,"rotx":10.89205806817353},"hitbox_neck":{"posx":0.05071494797902981,"posy":-0.881582277934746,"posz":2.3102268295767368,"roty":353.10787145310826,"rotx":9.2733129691991},"hitbox_right_arm":{"posx":-0.8117213650497198,"posy":-2.993160064073593,"posz":2.8149276719871823,"roty":358.42101149533266,"rotx":2.2612299642461524},"hitbox_left_arm":{"posx":1.0638942907584805,"posy":-2.937555016561343,"posz":2.765421815695925,"roty":358.42101149533266,"rotx":2.261229964246153},"hitbox_tail1":{"posx":-0.03398364793965067,"posy":-1.4943234248887596,"posz":-2.6270386043017275,"roty":358.52384205510486,"rotx":0.016487703704514512},"hitbox_tail2":{"posx":-0.08325404017250325,"posy":-1.8687964422685774,"posz":-4.376457761537544,"roty":358.52384205510486,"rotx":0.016487703704514512}},"cameras":{}}