# This file was generated by Animated Java via MC-Build. It is not recommended to edit this file directly.
$data merge entity $(bone_jaw) { transformation: [-0.9558926864949635f,0.10153958014199797f,-0.27560639609781973f,0.4408479283228888f,-0.02351469105505595f,0.9088744743330976f,0.4164063510686653f,0.0766978485480191f,0.29277334443221914f,0.40452058485362896f,-0.8663987911000633f,3.6194221064321233f,0f,0f,0f,1f], start_interpolation: 0, interpolation_duration: 1 }
$data merge entity $(bone_head) { transformation: [-1.0753792723068338f,0.1067658330292603f,-0.31270669578759036f,0.3713575514812021f,-0.026454027436937942f,1.033420767895461f,0.44380930692665904f,0.17532213897616555f,0.32937001248624653f,0.4315872720318844f,-0.9853287885243616f,3.4004601534267094f,0f,0f,0f,1f], start_interpolation: 0, interpolation_duration: 1 }
$data merge entity $(bone_neck) { transformation: [-0.9670150117303751f,0.06652564224122731f,-0.24587864082204247f,0.5844051667971761f,-0.020295437010180748f,0.9421000530311451f,0.33471717212488455f,-0.5435537465128671f,0.2539095554024474f,0.32866674459565576f,-0.909674726851431f,2.1851862440258136f,0f,0f,0f,1f], start_interpolation: 0, interpolation_duration: 1 }
$data merge entity $(bone_right_arm2) { transformation: [-0.9965038066737177f,-0.05676848391444207f,-0.061298470770855616f,-0.6922008439998408f,-0.061822288486605294f,0.9945488225767554f,0.0839681139330201f,-2.0767182117959813f,0.05619757940577742f,0.08746415691725055f,-0.9945812452101065f,2.322949818796263f,0f,0f,0f,1f], start_interpolation: 0, interpolation_duration: 1 }
$data merge entity $(bone_right_arm1) { transformation: [-1.1314470304941169f,-0.06445588277785609f,-0.06959930535440897f,-0.49744473820697255f,-0.07019405671916641f,1.1292273089673575f,0.09533879602811657f,-0.6943253386829742f,0.06380766828364311f,0.09930826149979488f,-1.1292641221656416f,1.736410175103901f,0f,0f,0f,1f], start_interpolation: 0, interpolation_duration: 1 }
$data merge entity $(bone_left_arm2) { transformation: [-0.9963514724617207f,-0.059382158974859746f,-0.061298470770855616f,1.0548922857662177f,-0.0644308181575704f,0.9943832387535891f,0.0839681139330201f,-1.964562116774504f,0.055967964005375896f,0.08761126458057225f,-0.9945812452101065f,2.2247410481661203f,0f,0f,0f,1f], start_interpolation: 0, interpolation_duration: 1 }
$data merge entity $(bone_left_arm1) { transformation: [-1.1312740676909119f,-0.06742349300270532f,-0.06959930535440897f,0.6234506683124633f,-0.07315582478307472f,1.1290393023348042f,0.09533879602811657f,-0.6218406682557076f,0.06354695913110388f,0.09947528999252474f,-1.1292641221656416f,1.6734462155978531f,0f,0f,0f,1f], start_interpolation: 0, interpolation_duration: 1 }
$data merge entity $(bone_body2) { transformation: [-1.5775564980643912f,-0.09402175171019461f,-0.09705591205385473f,0.4999999999999999f,-0.10201546208281981f,1.5744401280265163f,0.13294951372728184f,-0.48499853515625f,0.08861594300851185f,0.13871783558590609f,-1.5747536382493355f,0.75f,0f,0f,0f,1f], start_interpolation: 0, interpolation_duration: 1 }
$data merge entity $(bone_right_leg2) { transformation: [-0.9992315362693608f,0.03693294291359519f,-0.013126105763485397f,-1.056580515321454f,0.03563695181821741f,0.9954749993259487f,0.08808821363899111f,-2.515906704797036f,0.01632006709174739f,0.0875527466430586f,-0.9960261904013253f,-0.5016271064755742f,0f,0f,0f,1f], start_interpolation: 0, interpolation_duration: 1 }
$data merge entity $(bone_right_leg1) { transformation: [-1.3323087150258144f,0.048533968097727594f,-0.019383487424346556f,-0.625f,0.04751593575762321f,1.330836568453208f,0.06628756817492255f,-1.10999853515625f,0.021760089455663188f,0.0655458601755774f,-1.3315434715015888f,-0.12500000000000008f,0f,0f,0f,1f], start_interpolation: 0, interpolation_duration: 1 }
$data merge entity $(bone_left_leg2) { transformation: [-0.9954906032407883f,0.09485929618306663f,0.0004156764904015841f,0.9273878960765258f,0.09485948720136775f,0.9954564227637507f,0.008257606571536296f,-2.561904228241815f,0.00036952291537044736f,0.008259800605944924f,-0.9999658189892118f,-0.4493746579067746f,0f,0f,0f,1f], start_interpolation: 0, interpolation_duration: 1 }
$data merge entity $(bone_left_leg1) { transformation: [-1.331647219546156f,0.0670309874310317f,0.0005542353205354454f,0.625f,0.06703327869625399f,1.3316017024981786f,0.011010142095381727f,-1.10999853515625f,-1.6307975050106726e-16f,0.011024082989120944f,-1.3332877586522822f,-0.12499999999999993f,0f,0f,0f,1f], start_interpolation: 0, interpolation_duration: 1 }
$data merge entity $(bone_tail3) { transformation: [-0.9985096483445298f,0.022351988173810153f,-0.04978825953536881f,-0.1041855032087069f,0.02232425327339567f,0.9997501631031014f,0.0011131446929450416f,-0.5451223439422388f,0.04980070158811696f,2.7644341314757474e-18f,-0.9987591752376203f,-3.814543169446196f,0f,0f,0f,1f], start_interpolation: 0, interpolation_duration: 1 }
$data merge entity $(bone_tail2) { transformation: [-1.5393690411978167f,0.03445931510129065f,-0.07675690011702692f,-0.139837220405546f,0.03441655712981832f,1.5412815014506145f,0.0017160980682902722f,-0.7318721141641678f,0.07677608161501365f,4.261835952691777e-18f,-1.5397537284913312f,-1.9356446281771436f,0f,0f,0f,1f], start_interpolation: 0, interpolation_duration: 1 }
$data merge entity $(bone_tail1) { transformation: [-0.9996520584878121f,0.022351988173810153f,-0.014005377030183142f,1.1102230246251565e-16f,0.02234979479262186f,0.9997501631031014f,0.00031312625223960566f,-0.73499853515625f,0.014008876964532993f,2.7644341314757474e-18f,-0.9999018708684331f,-0.875f,0f,0f,0f,1f], start_interpolation: 0, interpolation_duration: 1 }
$data merge entity $(bone_body1) { transformation: [-1.3333333333333333f,0f,1.6328623988631375e-16f,0.5f,0f,1.3333333333333333f,0f,-1.17249853515625f,-1.6328623988631375e-16f,0f,-1.3333333333333333f,-0.12499999999999994f,0f,0f,0f,1f], start_interpolation: 0, interpolation_duration: 1 }
data modify entity @s data merge value {"locators":{"hitbox_head":{"posx":0.39890617085038815,"posy":-0.5220808728898292,"posz":3.4343918879990962,"roty":342.39249848881184,"rotx":23.234617018134674},"hitbox_neck":{"posx":0.10668537519428362,"posy":-0.9488286314202474,"posz":2.3026003333600955,"roty":344.874783150369,"rotx":19.555340250278697},"hitbox_right_arm":{"posx":-0.6670646126170783,"posy":-3.1171149843696595,"posz":2.736288633196927,"roty":356.47318229293626,"rotx":4.816690018224962},"hitbox_left_arm":{"posx":1.2071956471553629,"posy":-2.996902486359755,"posz":2.630922408440265,"roty":356.47318229293626,"rotx":4.816690018224962},"hitbox_tail1":{"posx":-0.06601693392340345,"posy":-1.4837099811742684,"posz":-2.628516648851522,"roty":357.1461612117465,"rotx":0.0637785060643714},"hitbox_tail2":{"posx":-0.16152838367547767,"posy":-1.8566682891252777,"posz":-4.3763452055173575,"roty":357.1461612117465,"rotx":0.0637785060643714}},"cameras":{}}