# This file was generated by Animated Java via MC-Build. It is not recommended to edit this file directly.
$data merge entity $(bone_jaw) { transformation: [-0.34542138675923906f,0.36788353429670734f,0.8633341014709703f,0.5977016910010389f,0.8432247749880579f,-0.2821089191095685f,0.45758773651090157f,-1.9327671021287296f,0.4118932439548668f,0.8860452939619929f,-0.21276205637317547f,3.6363033681353207f,0f,0f,0f,1f], start_interpolation: 0, interpolation_duration: 1 }
$data merge entity $(bone_head) { transformation: [-0.3885990601041439f,0.8709062630333217f,0.596773031809842f,0.7303179202921148f,0.9486278718615652f,0.008925145252973618f,0.6046904187347535f,-1.7983914535210066f,0.4633798994492252f,0.7120868084661786f,-0.7374526737322729f,3.4724249961948157f,0f,0f,0f,1f], start_interpolation: 0, interpolation_duration: 1 }
$data merge entity $(bone_neck) { transformation: [-0.1582014673675039f,0.34540665935898107f,0.925022451291447f,1.19400482008125f,0.9855708073103704f,-0.0018656809613481345f,0.1692533692785329f,-2.1516762086159513f,0.06018703764394407f,0.938451255476287f,-0.3401275666490843f,2.1688733705269074f,0f,0f,0f,1f], start_interpolation: 0, interpolation_duration: 1 }
$data merge entity $(bone_right_arm2) { transformation: [-0.20071015033701242f,0.9786952399495229f,0.04325578402756754f,-0.3267111450815168f,0.9780267382775806f,0.20272331831261786f,-0.04865136613125995f,-1.0476488998490727f,-0.05638381652398799f,0.03254049035381511f,-0.9978787409909696f,2.237025741183067f,0f,0f,0f,1f], start_interpolation: 0, interpolation_duration: 1 }
$data merge entity $(bone_right_arm1) { transformation: [-0.22788964986181615f,1.1112268870260207f,0.04911333811463397f,1.050286630851501f,1.1104678590860029f,0.23017543433411816f,-0.05523957196153473f,-1.120655714490747f,-0.06401912501161135f,0.03694701508922756f,-1.1330081538334966f,1.6113134430049039f,0f,0f,0f,1f], start_interpolation: 0, interpolation_duration: 1 }
$data merge entity $(bone_left_arm2) { transformation: [-0.03816870506839493f,0.9983346568669057f,0.04325578402756754f,-0.23489844426944773f,0.9980039343241495f,0.04026402422859603f,-0.04865136613125995f,-2.574685087666503f,-0.05031199684887051f,0.04131248299674953f,-0.9978787409909696f,2.315455938973213f,0f,0f,0f,1f], start_interpolation: 0, interpolation_duration: 1 }
$data merge entity $(bone_left_arm1) { transformation: [-0.04333738387974007f,1.1335258083176323f,0.04911333811463397f,1.0932264240534453f,1.1331503004305445f,0.04571644417621841f,-0.05523957196153473f,-2.243410140605415f,-0.05712507975548839f,0.046906881735892685f,-1.1330081538334966f,1.6679144394598833f,0f,0f,0f,1f], start_interpolation: 0, interpolation_duration: 1 }
$data merge entity $(bone_body2) { transformation: [-0.06043378302495865f,1.5806965400392674f,0.06848832471031527f,1.1937890935666968f,1.5801728960132368f,0.06375137169527706f,-0.07703132970782826f,-2.224129048943925f,-0.07966066167737831f,0.06541143141152009f,-1.579974673235702f,0.7318406501650916f,0f,0f,0f,1f], start_interpolation: 0, interpolation_duration: 1 }
$data merge entity $(bone_right_leg2) { transformation: [-0.021966889691820184f,0.9222365555942599f,0.38600154310948465f,-0.9738596105165478f,0.988143923670978f,-0.0386534101283485f,0.14858499250453894f,-0.9470945279705363f,0.15195078765637118f,0.38468902949146544f,-0.9104533534012177f,-0.02614728601795857f,0f,0f,0f,1f], start_interpolation: 0, interpolation_duration: 1 }
$data merge entity $(bone_right_leg1) { transformation: [-0.029289186255760245f,1.2551632722602812f,-0.44887089604374714f,0.49280499228375385f,1.317525231561304f,0.09549750499852985f,0.18106702768910043f,-1.257127836385246f,0.2026010502084949f,-0.43957156901430366f,-1.242379743857125f,-0.26585917676613025f,0f,0f,0f,1f], start_interpolation: 0, interpolation_duration: 1 }
$data merge entity $(bone_left_leg2) { transformation: [0.5535502903932912f,0.8226810831839656f,0.1295295772275985f,-0.8624007902336398f,0.8277842930150823f,-0.5264398000678936f,-0.1939956214505807f,-2.6107288697638076f,-0.09140700324933457f,0.21460888209888596f,-0.9724133830224894f,-0.599584240751149f,0f,0f,0f,1f], start_interpolation: 0, interpolation_duration: 1 }
$data merge entity $(bone_left_leg1) { transformation: [0.3183914948461015f,1.2831902570485458f,0.17270610297013134f,0.5701083206886653f,1.2772210768270802f,-0.28209692382940377f,-0.2586608286007742f,-2.4950225562064605f,-0.2123933960746343f,0.22720446201483852f,-1.2965511773633192f,-0.11048589059286419f,0f,0f,0f,1f], start_interpolation: 0, interpolation_duration: 1 }
$data merge entity $(bone_tail3) { transformation: [0.09639281682246277f,0.9936240824870136f,0.05847741074014586f,1.2021049371632495f,0.873648274859322f,-0.11261152401933561f,0.4733469514989754f,-1.073809428266646f,0.4769141607253468f,0.005461443022056502f,-0.87893290753035f,-3.7083052707024917f,0f,0f,0f,1f], start_interpolation: 0, interpolation_duration: 1 }
$data merge entity $(bone_tail2) { transformation: [0.14860559260129677f,1.531837127167479f,0.0901526748910582f,0.9182043786619688f,1.3468744237414545f,-0.17360943286314237f,0.7297432168942536f,-1.8310142672161842f,0.7352426644515763f,0.008419724659003773f,-1.3550215657759561f,-2.0017158195590525f,0f,0f,0f,1f], start_interpolation: 0, interpolation_duration: 1 }
$data merge entity $(bone_tail1) { transformation: [0.11264797817619272f,0.9936240824870136f,0.004649270335933866f,0.899183531658015f,0.9936109858258855f,-0.11261152401933561f,-0.007473520198306993f,-1.9472750252337188f,-0.006902308231883564f,0.005461443022056502f,-0.9999612646403804f,-0.9383941873496631f,0f,0f,0f,1f], start_interpolation: 0, interpolation_duration: 1 }
$data merge entity $(bone_body1) { transformation: [-0.08245688363190563f,1.330730407427717f,-0.011628536741760152f,0.5f,1.320421034475962f,0.0803608698807688f,-0.166757908607701f,-2.375f,-0.16573150525148372f,-0.0218286764840714f,-1.3228130460604812f,-0.12499999999999994f,0f,0f,0f,1f], start_interpolation: 0, interpolation_duration: 1 }
data modify entity @s data merge value {"locators":{"hitbox_head":{"posx":0.08071082088198,"posy":-1.97131942831009,"posz":3.2816691786392367,"roty":38.98102037731488,"rotx":32.51379091269066},"hitbox_neck":{"posx":0.8697487827264494,"posy":-1.6793478457600772,"posz":1.8895636143764074,"roty":69.8116988911475,"rotx":9.744411216944393},"hitbox_right_arm":{"posx":-1.3395786614408867,"posy":-1.1649198639537117,"posz":2.699900632791987,"roty":2.482088454750368,"rotx":-2.7886187749171545},"hitbox_left_arm":{"posx":-1.2524754490833625,"posy":-2.6529986747247283,"posz":2.7762273262750026,"roty":2.482088454750368,"rotx":-2.788618774917156},"hitbox_tail1":{"posx":0.2011404345777511,"posy":-1.5303356294035522,"posz":-2.669692545843379,"roty":3.8064090752402535,"rotx":28.251774668512105},"hitbox_tail2":{"posx":-0.06913312755962386,"posy":-0.6597491427730943,"posz":-4.209873175154763,"roty":3.8064090752402535,"rotx":28.251774668512105}},"cameras":{}}