# This file was generated by Animated Java via MC-Build. It is not recommended to edit this file directly.
$data merge entity $(bone_jaw) { transformation: [-0.43501321611134997f,0.22986460794804853f,0.8705893198410775f,0.3579613418796536f,0.7161660645309958f,-0.49771965650563577f,0.48926609482172134f,-2.18571370377375f,0.5457743762972436f,0.8363237444559386f,0.051893396849238826f,3.5293557336860144f,0f,0f,0f,1f], start_interpolation: 0, interpolation_duration: 1 }
$data merge entity $(bone_head) { transformation: [-0.4893898681252687f,0.7443372876975624f,0.6870840990150829f,0.5106466972163387f,0.8056868225973703f,-0.17650127203277638f,0.7650758425566484f,-2.0156968498722727f,0.613996173334399f,0.8248844180331255f,-0.4562887200193166f,3.4279582403483886f,0f,0f,0f,1f], start_interpolation: 0, interpolation_duration: 1 }
$data merge entity $(bone_neck) { transformation: [-0.14612035515919314f,0.2011668212289487f,0.9685973114998778f,1.156952442833828f,0.9721002731963548f,-0.15241109248393409f,0.17830288202781783f,-2.194939109058668f,0.18349359841619411f,0.9676273915740985f,-0.1732839589107502f,2.167314120977827f,0f,0f,0f,1f], start_interpolation: 0, interpolation_duration: 1 }
$data merge entity $(bone_right_arm2) { transformation: [-0.26106608948593646f,0.9624035359245047f,0.07499287273156013f,-0.31867080768337686f,0.9630754180098674f,0.2649674529389886f,-0.04772827367655298f,-1.1710443385138922f,-0.0658045298261463f,0.05976355848705582f,-0.9960412044344973f,2.1953953323023723f,0f,0f,0f,1f], start_interpolation: 0, interpolation_duration: 1 }
$data merge entity $(bone_right_arm1) { transformation: [-0.29641878910382363f,1.0927290147476145f,0.08514815758062556f,1.0776245861848384f,1.0934918808653702f,0.30084846219114325f,-0.054191477403586194f,-1.1570488128121834f,-0.07471555990677027f,0.06785654036551128f,-1.1309217842016686f,1.609620590338587f,0f,0f,0f,1f], start_interpolation: 0, interpolation_duration: 1 }
$data merge entity $(bone_right_leg2) { transformation: [-0.09686867830005418f,0.9439348927343905f,0.31560002763452866f,-0.8830403248231065f,0.9807570335238496f,0.03652499890297084f,0.19178520706414418f,-1.0949571279539216f,0.16950545819500706f,0.3281049264086911f,-0.9293089136064756f,0.16196276650471675f,0f,0f,0f,1f], start_interpolation: 0, interpolation_duration: 1 }
$data merge entity $(bone_right_leg1) { transformation: [-0.12915823773340557f,1.1715972085014652f,-0.6232623110977856f,0.5624907741185998f,1.307676044698466f,0.21900860800770072f,0.14069957184754509f,-1.2595988221688312f,0.22600727759334274f,-0.5976395137772277f,-1.1702672770887608f,-0.27165048804180614f,0f,0f,0f,1f], start_interpolation: 0, interpolation_duration: 1 }
$data merge entity $(bone_left_leg2) { transformation: [0.5279350443756703f,0.8272067282868409f,0.19238923461836316f,-0.8342872652909022f,0.847041686749187f,-0.49639956583649636f,-0.19002066189346403f,-2.6665317011296588f,-0.06168443749562108f,0.26328026837254354f,-0.9627453092363163f,-0.6805559374768295f,0f,0f,0f,1f], start_interpolation: 0, interpolation_duration: 1 }
$data merge entity $(bone_left_leg1) { transformation: [0.28423373558063425f,1.2771793039728112f,0.2565189794911509f,0.5624907741185999f,1.2876499642539443f,-0.235676919830815f,-0.2533608825246187f,-2.499087871034127f,-0.19734875447408343f,0.3017402736466629f,-1.2836604123150883f,-0.10988863301100811f,0f,0f,0f,1f], start_interpolation: 0, interpolation_duration: 1 }
$data merge entity $(bone_tail3) { transformation: [0.16687514126872335f,0.9846623814997093f,0.05091838259277784f,1.1781128686123168f,0.950817826869267f,-0.1743776906918232f,0.25600367399041735f,-1.7156569267237092f,0.2609562172743707f,0.005693456622099857f,-0.9653338475457822f,-3.8500141592606614f,0f,0f,0f,1f], start_interpolation: 0, interpolation_duration: 1 }
$data merge entity $(bone_tail2) { transformation: [0.25726584278928183f,1.5180211714787184f,0.07849917316386583f,0.9188760973782532f,1.4658441497567865f,-0.2688322731498941f,0.39467233073522673f,-2.0441157700923664f,0.40230750163132145f,0.008777412292403947f,-1.4882230149664142f,-2.0084611910696673f,0f,0f,0f,1f], start_interpolation: 0, interpolation_duration: 1 }
$data merge entity $(bone_tail1) { transformation: [0.172575947439414f,0.9846623814997093f,-0.02564248086105332f,0.9245492398631956f,0.968654572380918f,-0.1743776906918232f,-0.17692015259581997f,-1.9772199295069226f,-0.17867809538645182f,0.005693456622099857f,-0.9838911132746155f,-0.9407421212920817f,0f,0f,0f,1f], start_interpolation: 0, interpolation_duration: 1 }
data modify entity @s data merge value {"locators":{"hitbox_head":{"posx":-0.09373071234205232,"posy":-2.1301616550086884,"posz":3.0964359858909067,"roty":56.41208495200365,"rotx":42.84891136137359},"hitbox_neck":{"posx":0.8873800433558909,"posy":-1.6740226730324925,"posz":1.917861143209481,"roty":79.85697648737187,"rotx":10.270923065756367},"hitbox_right_arm":{"posx":-1.3348874105665327,"posy":-1.3519554409889876,"posz":2.629539592918431,"roty":4.305729027152523,"rotx":-2.735667952775732},"hitbox_left_arm":{"posx":-1.328395247180371,"posy":-2.589902309342151,"posz":2.689348296260362,"roty":4.305729027152523,"rotx":-2.735667952775732},"hitbox_tail1":{"posx":0.19452630662741555,"posy":-1.8561822045637455,"posz":-2.7090178308832638,"roty":3.0193774896417267,"rotx":14.833065681549773},"hitbox_tail2":{"posx":-0.08561491689761414,"posy":-1.3427841410710815,"posz":-4.40048711032167,"roty":3.0193774896417267,"rotx":14.833065681549773}},"cameras":{}}