# This file was generated by Animated Java via MC-Build. It is not recommended to edit this file directly.
$data merge entity $(bone_jaw) { transformation: [-0.41796374072849246f,0.2678120680517384f,0.868091589431724f,0.39921246821773543f,0.7192792217834326f,-0.4861397554699017f,0.49629178842923016f,-2.1989532086975694f,0.5549267632281445f,0.8318322152679082f,0.010557134820568581f,3.5569028160075176f,0f,0f,0f,1f], start_interpolation: 0, interpolation_duration: 1 }
$data merge entity $(bone_head) { transformation: [-0.47020920831955404f,0.7788326380775231f,0.6617764141133351f,0.5462738935762543f,0.8091891245063617f,-0.16126731864462707f,0.7647423178547138f,-2.029010471396522f,0.6242926086316626f,0.7956365840020043f,-0.49279424205797673f,3.4473929844390785f,0f,0f,0f,1f], start_interpolation: 0, interpolation_duration: 1 }
$data merge entity $(bone_neck) { transformation: [-0.14606331367268544f,0.22979219656820327f,0.9622167400307039f,1.156952442833828f,0.969824551376699f,-0.15866527666597888f,0.18510988500750836f,-2.194939109058668f,0.1952071923519707f,0.9602191814251936f,-0.1996829378719976f,2.167314120977827f,0f,0f,0f,1f], start_interpolation: 0, interpolation_duration: 1 }
$data merge entity $(bone_right_arm2) { transformation: [-0.2737654068024432f,0.9588683804765705f,0.07499287273156013f,-0.3179994528193717f,0.9594886312616275f,0.27767531105869797f,-0.04772827367655298f,-1.1888442731548357f,-0.06658880174610023f,0.0588884585525422f,-0.9960412044344973f,2.196298815991436f,0f,0f,0f,1f], start_interpolation: 0, interpolation_duration: 1 }
$data merge entity $(bone_right_arm1) { transformation: [-0.310837805640274f,1.0887151403327726f,0.08514815758062556f,1.0776245861848384f,1.0894193834116395f,0.3152771760978966f,-0.054191477403586194f,-1.1570488128121834f,-0.07560603531588463f,0.06686293731486562f,-1.1309217842016686f,1.609620590338587f,0f,0f,0f,1f], start_interpolation: 0, interpolation_duration: 1 }
$data merge entity $(bone_right_leg2) { transformation: [-0.11598041164700178f,0.9311431707735749f,0.34571800594693536f,-0.8966631593334689f,0.9790755200036229f,0.04858010505063448f,0.1976135104766501f,-1.1167025719808137f,0.167211453686127f,0.36140333273920217f,-0.9172938247045871f,0.12222507628474583f,0f,0f,0f,1f], start_interpolation: 0, interpolation_duration: 1 }
$data merge entity $(bone_right_leg1) { transformation: [-0.15464054886266904f,1.1841736415015998f,-0.5929560398529314f,0.5624907741185998f,1.305434026671497f,0.2368015251826582f,0.1324568513033058f,-1.2595988221688312f,0.22294860491483598f,-0.5651863429186745f,-1.1868597621970847f,-0.27165048804180614f,0f,0f,0f,1f], start_interpolation: 0, interpolation_duration: 1 }
$data merge entity $(bone_left_leg2) { transformation: [0.5166820691648575f,0.8395062631166623f,0.1681334993135477f,-0.8474060396774435f,0.8536227803508321f,-0.4899513371488819f,-0.17684975570279415f,-2.6758537763373247f,-0.06608924473495406f,0.23489768286196452f,-0.9697707411117553f,-0.6443344105882151f,0f,0f,0f,1f], start_interpolation: 0, interpolation_duration: 1 }
$data merge entity $(bone_left_leg1) { transformation: [0.2645257003368714f,1.2874580212051312f,0.22417799908473027f,0.5624907741185999f,1.2929550055795875f,-0.22459662717512757f,-0.2357996742703922f,-2.499087871034127f,-0.1899244196667558f,0.2641703550247499f,-1.2930276548156736f,-0.10988863301100811f,0f,0f,0f,1f], start_interpolation: 0, interpolation_duration: 1 }
$data merge entity $(bone_tail3) { transformation: [0.16825304926225954f,0.9846623814997093f,0.046161736029665904f,1.1651588843340677f,0.9577005280252703f,-0.1743776906918232f,0.22891509257605866f,-1.7890691386646826f,0.233453657144347f,0.005693456622099857f,-0.972351260871102f,-3.858120127318066f,0f,0f,0f,1f], start_interpolation: 0, interpolation_duration: 1 }
$data merge entity $(bone_tail2) { transformation: [0.2593901176126501f,1.5180211714787184f,0.0711660097124016f,0.915013063905031f,1.4764549807056249f,-0.2688322731498941f,0.3529107677214237f,-2.065876554236917f,0.35990772143086824f,0.008777412292403947f,-1.499041527176282f,-2.00684732915835f,0f,0f,0f,1f], start_interpolation: 0, interpolation_duration: 1 }
$data merge entity $(bone_tail1) { transformation: [0.17200780910217653f,0.9846623814997093f,-0.02921143726676391f,0.9245492398631956f,0.9647823363978508f,-0.1743776906918232f,-0.19694533343974174f,-1.9772199295069226f,-0.1990184840223978f,0.005693456622099857f,-0.9799791975185589f,-0.9407421212920817f,0f,0f,0f,1f], start_interpolation: 0, interpolation_duration: 1 }
data modify entity @s data merge value {"locators":{"hitbox_head":{"posx":-0.0702376870538517,"posy":-2.1518459382202604,"posz":3.1422599494540697,"roty":53.32665178563538,"rotx":42.8257467986305},"hitbox_neck":{"posx":0.8774716197805711,"posy":-1.673666090246515,"posz":1.9297958913533644,"roty":78.27616805782617,"rotx":10.667538998547933},"hitbox_right_arm":{"posx":-1.331474607586875,"posy":-1.3826874079214053,"posz":2.631269159547011,"roty":4.305729027152523,"rotx":-2.735667952775733},"hitbox_left_arm":{"posx":-1.328395247180371,"posy":-2.589902309342151,"posz":2.689348296260362,"roty":4.305729027152523,"rotx":-2.735667952775732},"hitbox_tail1":{"posx":0.187220840142862,"posy":-1.897426726075168,"posz":-2.708790620616851,"roty":2.7180386577597346,"rotx":13.2332071341186},"hitbox_tail2":{"posx":-0.10124451486761377,"posy":-1.4314336800576317,"posz":-4.412540373374567,"roty":2.7180386577597346,"rotx":13.2332071341186}},"cameras":{}}