# This file was generated by Animated Java via MC-Build. It is not recommended to edit this file directly.
$data merge entity $(bone_jaw) { transformation: [-0.29128460802000555f,0.5398974791188286f,0.7897239955653912f,0.7419924563718432f,0.7736345764319611f,-0.35264152751151956f,0.5264347017658336f,-2.2334982772319076f,0.5627102445127259f,0.7643001145593766f,-0.31496430846200957f,3.722637470098081f,0f,0f,0f,1f], start_interpolation: 0, interpolation_duration: 1 }
$data merge entity $(bone_head) { transformation: [-0.32769518402250625f,0.9896212226521515f,0.42295472812692f,0.8359823959556032f,0.8703388984859562f,-0.0163818997454762f,0.7126477637255177f,-2.075132107515126f,0.6330490250768166f,0.5347957264574859f,-0.7608334001685926f,3.553563381171727f,0f,0f,0f,1f], start_interpolation: 0, interpolation_duration: 1 }
$data merge entity $(bone_neck) { transformation: [-0.1391285425524371f,0.4413008451139988f,0.8865082135823138f,1.156952442833828f,0.9593453217354386f,-0.16192399350411574f,0.23116481997052832f,-2.194939109058668f,0.24556018063106733f,0.8826291318721298f,-0.40083165201751214f,2.167314120977827f,0f,0f,0f,1f], start_interpolation: 0, interpolation_duration: 1 }
$data merge entity $(bone_right_arm2) { transformation: [-0.3328499200571098f,0.9399930849519288f,0.07499287273156013f,-0.3116895378353626f,0.9403690519416263f,0.33679082238425523f,-0.04772827367655298f,-1.27240825030713f,-0.07012115849287293f,0.054634624555251726f,-0.9960412044344973f,2.2007781116295133f,0f,0f,0f,1f], start_interpolation: 0, interpolation_duration: 1 }
$data merge entity $(bone_right_arm1) { transformation: [-0.37792334673151f,1.0672838152058357f,0.08514815758062556f,1.0776245861848384f,1.0677106943920547f,0.3823979129154564f,-0.054191477403586194f,-1.1570488128121834f,-0.07961673203878279f,0.062033063297108726f,-1.1309217842016686f,1.609620590338587f,0f,0f,0f,1f], start_interpolation: 0, interpolation_duration: 1 }
$data merge entity $(bone_right_leg2) { transformation: [-0.21403167360180722f,0.8067120054270314f,0.5508231866898005f,-0.9533338662639936f,0.9657502416739694f,0.09007635392092662f,0.2433366416530439f,-1.2182489098136748f,0.14668644586968277f,0.584039374326945f,-0.7983615069840926f,-0.1991705297277866f,0f,0f,0f,1f], start_interpolation: 0, interpolation_duration: 1 }
$data merge entity $(bone_right_leg1) { transformation: [-0.2853755648024096f,1.2591396665644148f,-0.3330253216731989f,0.5624907741185998f,1.2876669888986259f,0.32395619587634206f,0.12142440706815649f,-1.2595988221688312f,0.19558192782624367f,-0.2956306158285385f,-1.2853513240629528f,-0.27165048804180614f,0f,0f,0f,1f], start_interpolation: 0, interpolation_duration: 1 }
$data merge entity $(bone_left_leg2) { transformation: [0.4497565360251703f,0.892895018444761f,-0.021390286093684912f,-0.9154149376297737f,0.8870287998298525f,-0.44934478007438794f,-0.10615637942352484f,-2.7316016393837668f,-0.10439811576389237f,0.028770725684799686f,-0.994119348352359f,-0.36760854824726547f,0f,0f,0f,1f], start_interpolation: 0, interpolation_duration: 1 }
$data merge entity $(bone_left_leg1) { transformation: [0.1563264211597752f,1.323830206509366f,-0.02852038145824655f,0.5624907741185999f,1.3162925116111683f,-0.15848567569702296f,-0.14154183923136643f,-2.499087871034127f,-0.1439230756394418f,-0.011560826527779126f,-1.325492464469812f,-0.10988863301100811f,0f,0f,0f,1f], start_interpolation: 0, interpolation_duration: 1 }
$data merge entity $(bone_tail3) { transformation: [0.17291809185417367f,0.9846623814997093f,0.023223435767182277f,1.10341179854596f,0.9797243264044658f,-0.1743776906918232f,0.09865427127247361f,-2.1381254830435474f,0.10119079879528337f,0.005693456622099854f,-0.9948507459869871f,-3.869994585282482f,0f,0f,0f,1f], start_interpolation: 0, interpolation_duration: 1 }
$data merge entity $(bone_tail2) { transformation: [0.2665820582751844f,1.5180211714787184f,0.03580279680773934f,0.8968584214330695f,1.510408336540218f,-0.2688322731498941f,0.15209200154506347f,-2.1679408838741603f,0.15600248147606183f,0.00877741229240394f,-1.533728233396605f,-1.9930681098241145f,0f,0f,0f,1f], start_interpolation: 0, interpolation_duration: 1 }
$data merge entity $(bone_tail1) { transformation: [0.16833392468579977f,0.9846623814997093f,-0.045865937897271586f,0.9245492398631956f,0.9409439873806824f,-0.1743776906918232f,-0.29020136733159807f,-1.9772199295069226f,-0.2937483658031441f,0.005693456622099854f,-0.9558658285238961f,-0.9407421212920817f,0f,0f,0f,1f], start_interpolation: 0, interpolation_duration: 1 }
data modify entity @s data merge value {"locators":{"hitbox_head":{"posx":0.16870540333581907,"posy":-2.2639887642469496,"posz":3.467797255408844,"roty":29.07011064379907,"rotx":39.30620535946593},"hitbox_neck":{"posx":0.8110868279420707,"posy":-1.6834405531232215,"posz":2.009212243343501,"roty":65.67005858195705,"rotx":13.365659261512754},"hitbox_right_arm":{"posx":-1.3099821791566408,"posy":-1.526561870106757,"posz":2.6397815168857055,"roty":4.305729027152523,"rotx":-2.735667952775732},"hitbox_left_arm":{"posx":-1.328395247180371,"posy":-2.589902309342151,"posz":2.689348296260362,"roty":4.305729027152523,"rotx":-2.735667952775732},"hitbox_tail1":{"posx":0.15271298591645366,"posy":-2.0917983451560254,"posz":-2.6939469400061533,"roty":1.3372490759371942,"rotx":5.661682704761325},"hitbox_tail2":{"posx":-0.17589439455336864,"posy":-1.853761736419763,"posz":-4.4370707917166685,"roty":1.3372490759371942,"rotx":5.661682704761325}},"cameras":{}}