# This file was generated by Animated Java via MC-Build. It is not recommended to edit this file directly.
$data merge entity $(bone_jaw) { transformation: [-0.22167411550301327f,0.7093078712225326f,0.6691359580367178f,1.0078422587163591f,0.8178567726315695f,-0.23843827017966546f,0.5236959907946613f,-2.2289879323781334f,0.5310093087476244f,0.6633472206435239f,-0.5272566537160837f,3.7876738714877094f,0f,0f,0f,1f], start_interpolation: 0, interpolation_duration: 1 }
$data merge entity $(bone_head) { transformation: [-0.24938337994088994f,1.0774695141233293f,0.20613678939989058f,1.053650434138557f,0.9200888692105157f,0.09032045998817463f,0.6410176965282932f,-2.086539555371846f,0.5973854723410774f,0.3106874001989163f,-0.9012374475095152f,3.5873988831522614f,0f,0f,0f,1f], start_interpolation: 0, interpolation_duration: 1 }
$data merge entity $(bone_neck) { transformation: [-0.13227238879373618f,0.579803790799186f,0.8039474978738929f,1.156952442833828f,0.9538275234134077f,-0.14620025589971092f,0.2623709983094631f,-2.194939109058668f,0.26966102933468894f,0.8015316895480509f,-0.5336945567535827f,2.167314120977827f,0f,0f,0f,1f], start_interpolation: 0, interpolation_duration: 1 }
$data merge entity $(bone_right_arm2) { transformation: [-0.36344641227610286f,0.9285918233772562f,0.07499287273156013f,-0.30628678583704017f,0.9288385655478104f,0.3673975109373252f,-0.04772827367655298f,-1.3161828060311018f,-0.07187227945957386f,0.05230960250241668f,-0.9960412044344973f,2.203282477771765f,0f,0f,0f,1f], start_interpolation: 0, interpolation_duration: 1 }
$data merge entity $(bone_right_arm1) { transformation: [-0.41266311393849175f,1.0543386327929263f,0.08514815758062556f,1.0776245861848384f,1.054618787965743f,0.41714925721008794f,-0.054191477403586194f,-1.1570488128121834f,-0.08160498396972447f,0.05939319450795227f,-1.1309217842016686f,1.609620590338587f,0f,0f,0f,1f], start_interpolation: 0, interpolation_duration: 1 }
$data merge entity $(bone_right_leg2) { transformation: [-0.2694802795291557f,0.6891844921205681f,0.6726106710166013f,-0.9467367817679186f,0.9540200243576329f,0.09586465860471342f,0.28399957808993925f,-1.27031009697716f,0.1312485126374767f,0.7182163344363008f,-0.6833294409575326f,-0.4353726708539907f,0f,0f,0f,1f], start_interpolation: 0, interpolation_duration: 1 }
$data merge entity $(bone_right_leg1) { transformation: [-0.3593070393722076f,1.2769928619663078f,-0.1340352928241463f,0.5624907741185998f,1.2720266991435105f,0.3729790955795292f,0.14357036151141905f,-1.2595988221688312f,0.1749980168499689f,-0.0891829721726754f,-1.3187872722129235f,-0.27165048804180614f,0f,0f,0f,1f], start_interpolation: 0, interpolation_duration: 1 }
$data merge entity $(bone_left_leg2) { transformation: [0.40136420817261503f,0.9018484341438169f,-0.15992552713783836f,-0.9288082071393468f,0.9062209101092067f,-0.4163554722551828f,-0.07356482042393153f,-2.7779467584853235f,-0.13293018648452748f,-0.11540157085373458f,-0.984384093210409f,-0.16422618345718726f,0f,0f,0f,1f], start_interpolation: 0, interpolation_duration: 1 }
$data merge entity $(bone_left_leg1) { transformation: [0.09161153861798327f,1.3129799501830162f,-0.21323403618378448f,0.5624907741185999f,1.3252947471022074f,-0.10840047912234477f,-0.0980864272319087f,-2.499087871034127f,-0.1139251380210714f,-0.20520907465613664f,-1.3125121242805453f,-0.10988863301100811f,0f,0f,0f,1f], start_interpolation: 0, interpolation_duration: 1 }
$data merge entity $(bone_tail3) { transformation: [0.174126380631404f,0.9846623814997093f,0.010954361119128252f,1.0707953999345958f,0.9842451402205346f,-0.17437769069182318f,0.029221994135363194f,-2.321929776361431f,0.030683994532455072f,0.005693456622099854f,-0.9995129198920966f,-3.8586179245131476f,0f,0f,0f,1f], start_interpolation: 0, interpolation_duration: 1 }
$data merge entity $(bone_tail2) { transformation: [0.2684448368067478f,1.5180211714787184f,0.016887973391989386f,0.8873975738839603f,1.5173779245066572f,-0.26883227314989405f,0.04505057429201825f,-2.2209945558329536f,0.04730449157086823f,0.00877741229240394f,-1.5409157515003153f,-1.9817632235155531f,0f,0f,0f,1f], start_interpolation: 0, interpolation_duration: 1 }
$data merge entity $(bone_tail1) { transformation: [0.16575103675157016f,0.9846623814997093f,-0.05446639583358256f,0.9245492398631956f,0.924766049670228f,-0.17437769069182318f,-0.3382309482680559f,-1.9772199295069226f,-0.3425410153442958f,0.005693456622099854f,-0.9394856238168795f,-0.9407421212920817f,0f,0f,0f,1f], start_interpolation: 0, interpolation_duration: 1 }
data modify entity @s data merge value {"locators":{"hitbox_head":{"posx":0.397796040347849,"posy":-2.3147780599564687,"posz":3.665138507349951,"roty":12.883439169702285,"rotx":34.735827696065165},"hitbox_neck":{"posx":0.7728963896530285,"posy":-1.6959966261782555,"posz":2.0682820716588504,"roty":56.422100834391685,"rotx":15.210795428279887},"hitbox_right_arm":{"posx":-1.295090446347333,"posy":-1.6016637697834124,"posz":2.644501460020374,"roty":4.305729027152523,"rotx":-2.735667952775731},"hitbox_left_arm":{"posx":-1.328395247180371,"posy":-2.589902309342151,"posz":2.689348296260362,"roty":4.305729027152523,"rotx":-2.735667952775732},"hitbox_tail1":{"posx":0.1346661134496535,"posy":-2.1931518093735907,"posz":-2.6770339477245013,"roty":0.6279193786298265,"rotx":1.6745353118430337},"hitbox_tail2":{"posx":-0.21541214765426298,"posy":-2.0766216856272712,"posz":-4.428316603768958,"roty":0.6279193786298265,"rotx":1.6745353118430337}},"cameras":{}}