# This file was generated by Animated Java via MC-Build. It is not recommended to edit this file directly.
$data merge entity $(bone_jaw) { transformation: [-1f,-4.9250499785612845e-17f,1.1212486832761912e-16f,-4.189239717663428e-16f,0f,0.9155690310519313f,0.4021608501316703f,0.4173811744434382f,-1.2246467991473532e-16f,0.4021608501316703f,-0.9155690310519313f,3.3828327729334022f,0f,0f,0f,1f], start_interpolation: 0, interpolation_duration: 1 }
$data merge entity $(bone_head) { transformation: [-1.125f,-1.8265465856810092e-17f,1.365566091639209e-16f,-3.885780586188048e-16f,0f,1.1150693347583722f,0.14914884740259166f,0.4505253627551252f,-1.3777276490407724e-16f,0.14914884740259166f,-1.1150693347583722f,3.1350395874315415f,0f,0f,0f,1f], start_interpolation: 0, interpolation_duration: 1 }
$data merge entity $(bone_neck) { transformation: [-1f,-1.6235969650497858e-17f,1.213836525901519e-16f,0.4999999999999997f,0f,0.9911727420074419f,0.13257675324674814f,-0.494877063614799f,-1.2246467991473532e-16f,0.13257675324674814f,-0.9911727420074419f,2.1888489342258253f,0f,0f,0f,1f], start_interpolation: 0, interpolation_duration: 1 }
$data merge entity $(bone_right_arm2) { transformation: [-1f,-4.8838781158933804e-18f,1.223672568997429e-16f,-0.8750000000000004f,0f,0.9992044807118243f,0.03987989124124382f,-1.9387109842457797f,-1.2246467991473532e-16f,0.03987989124124382f,-0.9992044807118243f,2.3188724307000044f,0f,0f,0f,1f], start_interpolation: 0, interpolation_duration: 1 }
$data merge entity $(bone_right_arm1) { transformation: [-1.1354166666666665f,-5.545236610753941e-18f,1.3893782293824972e-16f,-0.5625000000000003f,0f,1.134513420808217f,0.045280293180162245f,-0.5998376780831551f,-1.3904843865318904e-16f,0.045280293180162245f,-1.134513420808217f,1.6842617074647575f,0f,0f,0f,1f], start_interpolation: 0, interpolation_duration: 1 }
$data merge entity $(bone_left_arm2) { transformation: [-1f,-4.8838781158933804e-18f,1.223672568997429e-16f,0.8749999999999997f,0f,0.9992044807118243f,0.03987989124124382f,-1.9387109842457797f,-1.2246467991473532e-16f,0.03987989124124382f,-0.9992044807118243f,2.3188724307000044f,0f,0f,0f,1f], start_interpolation: 0, interpolation_duration: 1 }
$data merge entity $(bone_left_arm1) { transformation: [-1.1354166666666665f,-5.545236610753941e-18f,1.3893782293824972e-16f,0.5624999999999998f,0f,1.134513420808217f,0.045280293180162245f,-0.5998376780831551f,-1.3904843865318904e-16f,0.045280293180162245f,-1.134513420808217f,1.6842617074647577f,0f,0f,0f,1f], start_interpolation: 0, interpolation_duration: 1 }
$data merge entity $(bone_body2) { transformation: [-1.5833333333333335f,-7.732807016831186e-18f,1.9374815675792627e-16f,0.4999999999999999f,0f,1.5820737611270552f,0.06314316113196938f,-0.5f,-1.9390240986499761e-16f,0.06314316113196938f,-1.5820737611270552f,0.75f,0f,0f,0f,1f], start_interpolation: 0, interpolation_duration: 1 }
$data merge entity $(bone_tail3) { transformation: [-1f,1.6283432160742927e-18f,1.224538538592773e-16f,4.579669976578771e-16f,0f,0.9999115985485321f,-0.0132964314054306f,-0.6015748425256027f,-1.2246467991473532e-16f,-0.0132964314054306f,-0.9999115985485321f,-3.814733401624831f,0f,0f,0f,1f], start_interpolation: 0, interpolation_duration: 1 }
$data merge entity $(bone_tail2) { transformation: [-1.5416666666666665f,2.5103624581145343e-18f,1.8878302469971914e-16f,-0.12499999999999976f,0f,1.5415303810956535f,-0.020498665083372173f,-0.76412745836827f,-1.8879971486855027e-16f,-0.020498665083372173f,-1.5415303810956535f,-1.9374060734578153f,0f,0f,0f,1f], start_interpolation: 0, interpolation_duration: 1 }
$data merge entity $(bone_tail1) { transformation: [-1f,1.6283432160742927e-18f,1.224538538592773e-16f,1.1102230246251565e-16f,0f,0.9999115985485321f,-0.0132964314054306f,-0.75f,-1.2246467991473532e-16f,-0.0132964314054306f,-0.9999115985485321f,-0.875f,0f,0f,0f,1f], start_interpolation: 0, interpolation_duration: 1 }
data modify entity @s data merge value {"locators":{"head":{"posx":-4.1636296902166613e-16,"posy":-0.21038783638913472,"posz":3.3619205985296494,"roty":0,"rotx":7.618518518518521},"neck":{"posx":-2.7755575615628914e-16,"posy":-0.8831389360234332,"posz":2.263029244509225,"roty":0,"rotx":7.618518518518521},"right_arm":{"posx":-0.9375000000000004,"posy":-2.957855410578226,"posz":2.778594779814673,"roty":0,"rotx":2.2855555555555562},"left_arm":{"posx":0.9374999999999996,"posy":-2.957855410578226,"posz":2.778594779814673,"roty":0,"rotx":2.2855555555555562},"tail1":{"posx":3.191891195797325e-16,"posy":-1.5232024538709026,"posz":-2.6148729739058583,"roty":0,"rotx":-0.761851851851852},"tail2":{"posx":5.247100899826231e-16,"posy":-1.9214380582861057,"posz":-4.3597321095887525,"roty":0,"rotx":-0.761851851851852}},"cameras":{}}