# This file was generated by Animated Java via MC-Build. It is not recommended to edit this file directly.
$data merge entity $(bone_jaw) { transformation: [-1f,-9.213486441940394e-17f,8.067691482101076e-17f,-4.170537146482422e-16f,0f,0.6587770031096409f,0.7523382618037446f,-0.001854663127640141f,-1.2246467991473532e-16f,0.7523382618037446f,-0.6587770031096409f,3.5639128676487126f,0f,0f,0f,1f], start_interpolation: 0, interpolation_duration: 1 }
$data merge entity $(bone_head) { transformation: [-1.125f,-5.0609873311447006e-17f,1.2814045213246836e-16f,-3.885780586188048e-16f,0f,1.0463461973010075f,0.41326097734206774f,0.08998110961504158f,-1.3777276490407724e-16f,0.41326097734206774f,-1.0463461973010075f,3.331391490470711f,0f,0f,0f,1f], start_interpolation: 0, interpolation_duration: 1 }
$data merge entity $(bone_neck) { transformation: [-1f,-4.498655405461956e-17f,1.1390262411774966e-16f,0.4999999999999997f,0f,0.9300855087120067f,0.36734309097072687f,-0.5997684819777499f,-1.2246467991473532e-16f,0.36734309097072687f,-0.9300855087120067f,2.1853949804858086f,0f,0f,0f,1f], start_interpolation: 0, interpolation_duration: 1 }
$data merge entity $(bone_right_arm2) { transformation: [-1f,-1.3790244126461843e-17f,1.2168577153287545e-16f,-0.8750000000000004f,0f,0.9936397303908182f,0.11260588878412248f,-2.049239198561574f,-1.2246467991473532e-16f,0.11260588878412248f,-0.9936397303908182f,2.209831464806911f,0f,0f,0f,1f], start_interpolation: 0, interpolation_duration: 1 }
$data merge entity $(bone_right_arm1) { transformation: [-1.1354166666666665f,-1.565767301858688e-17f,1.38164053094619e-16f,-0.5625000000000003f,0f,1.128195110547908f,0.1278546028903057f,-0.667670503884541f,-1.3904843865318904e-16f,0.1278546028903057f,-1.128195110547908f,1.6744993791923843f,0f,0f,0f,1f], start_interpolation: 0, interpolation_duration: 1 }
$data merge entity $(bone_left_arm2) { transformation: [-1f,-1.3790244126461843e-17f,1.2168577153287545e-16f,0.8749999999999997f,0f,0.9936397303908182f,0.11260588878412248f,-2.049239198561574f,-1.2246467991473532e-16f,0.11260588878412248f,-0.9936397303908182f,2.2098314648069115f,0f,0f,0f,1f], start_interpolation: 0, interpolation_duration: 1 }
$data merge entity $(bone_left_arm1) { transformation: [-1.1354166666666665f,-1.565767301858688e-17f,1.38164053094619e-16f,0.5624999999999998f,0f,1.128195110547908f,0.1278546028903057f,-0.667670503884541f,-1.3904843865318904e-16f,0.1278546028903057f,-1.128195110547908f,1.6744993791923846f,0f,0f,0f,1f], start_interpolation: 0, interpolation_duration: 1 }
$data merge entity $(bone_body2) { transformation: [-1.5833333333333335f,-2.1834553200231253e-17f,1.9266913826038615e-16f,0.4999999999999999f,0f,1.573262906452129f,0.17829265724152726f,-0.5f,-1.9390240986499761e-16f,0.17829265724152726f,-1.573262906452129f,0.75f,0f,0f,0f,1f], start_interpolation: 0, interpolation_duration: 1 }
$data merge entity $(bone_tail3) { transformation: [-1f,4.605432210130852e-18f,1.2237805285579792e-16f,4.579669976578771e-16f,0f,0.9992926363830149f,-0.03760620787428125f,-0.6731008663088859f,-1.2246467991473532e-16f,-0.03760620787428125f,-0.9992926363830149f,-3.817473283351534f,0f,0f,0f,1f], start_interpolation: 0, interpolation_duration: 1 }
$data merge entity $(bone_tail2) { transformation: [-1.5416666666666665f,7.10004132395173e-18f,1.886661648193551e-16f,-0.12499999999999976f,0f,1.5405761477571478f,-0.05797623713951692f,-0.7899565958664239f,-1.8879971486855027e-16f,-0.05797623713951692f,-1.5405761477571478f,-1.9367484261569534f,0f,0f,0f,1f], start_interpolation: 0, interpolation_duration: 1 }
$data merge entity $(bone_tail1) { transformation: [-1f,4.605432210130852e-18f,1.2237805285579792e-16f,1.1102230246251565e-16f,0f,0.9992926363830149f,-0.03760620787428125f,-0.75f,-1.2246467991473532e-16f,-0.03760620787428125f,-0.9992926363830149f,-0.875f,0f,0f,0f,1f], start_interpolation: 0, interpolation_duration: 1 }
data modify entity @s data merge value {"locators":{"head":{"posx":-3.9605603237146433e-16,"posy":-0.6061170492583147,"posz":3.392453780086509,"roty":0,"rotx":21.55185185185185},"neck":{"posx":-2.7755575615628914e-16,"posy":-0.9944684341160932,"posz":2.1639020099607866,"roty":0,"rotx":21.55185185185185},"right_arm":{"posx":-0.9375000000000004,"posy":-3.0991818733444534,"posz":2.5940454412181975,"roty":0,"rotx":6.465555555555556},"left_arm":{"posx":0.9374999999999997,"posy":-3.0991818733444534,"posz":2.5940454412181984,"roty":0,"rotx":6.465555555555556},"tail1":{"posx":3.191891195797325e-16,"posy":-1.5652803410672536,"posz":-2.5955574577645653,"roty":0,"rotx":-2.155185185185185},"tail2":{"posx":5.207600226134667e-16,"posy":-2.0058259434908763,"posz":-4.330217243481986,"roty":0,"rotx":-2.155185185185185}},"cameras":{}}