# This file was generated by Animated Java via MC-Build. It is not recommended to edit this file directly.
$data merge entity $(bone_jaw) { transformation: [-1f,-9.960929329533924e-17f,7.124315065900482e-17f,-4.1639723292852534e-16f,0f,0.5817444728439832f,0.813371605304412f,-0.10151378931446145f,-1.2246467991473532e-16f,0.813371605304412f,-0.5817444728439832f,3.5926726025465006f,0f,0f,0f,1f], start_interpolation: 0, interpolation_duration: 1 }
$data merge entity $(bone_head) { transformation: [-1.125f,-5.75302437766709e-17f,1.2518628439374242e-16f,-3.885780586188048e-16f,0f,1.0222235870856968f,0.46977009058224534f,0.002879564148259739f,-1.3777276490407724e-16f,0.46977009058224534f,-1.0222235870856968f,3.3655118054163458f,0f,0f,0f,1f], start_interpolation: 0, interpolation_duration: 1 }
$data merge entity $(bone_neck) { transformation: [-1f,-5.113799446815191e-17f,1.1127669723888214e-16f,0.4999999999999997f,0f,0.9086431885206193f,0.41757341385088476f,-0.6232754249010544f,-1.2246467991473532e-16f,0.41757341385088476f,-0.9086431885206193f,2.183567462526778f,0f,0f,0f,1f], start_interpolation: 0, interpolation_duration: 1 }
$data merge entity $(bone_right_arm2) { transformation: [-1f,-1.578233194950386e-17f,1.214434676088189e-16f,-0.8750000000000004f,0f,0.9916611687008252f,0.12887252030946503f,-2.072951952466515f,-1.2246467991473532e-16f,0.12887252030946503f,-0.9916611687008252f,2.1842496837133263f,0f,0f,0f,1f], start_interpolation: 0, interpolation_duration: 1 }
$data merge entity $(bone_right_arm1) { transformation: [-1.1354166666666665f,-1.7919522734332506e-17f,1.3788893718084643e-16f,-0.5625000000000003f,0f,1.1259486186290617f,0.14632400743470506f,-0.6827968108339251f,-1.3904843865318904e-16f,0.14632400743470506f,-1.1259486186290617f,1.671627813137682f,0f,0f,0f,1f], start_interpolation: 0, interpolation_duration: 1 }
$data merge entity $(bone_left_arm2) { transformation: [-1f,-1.578233194950386e-17f,1.214434676088189e-16f,0.8749999999999997f,0f,0.9916611687008252f,0.12887252030946503f,-2.072951952466515f,-1.2246467991473532e-16f,0.12887252030946503f,-0.9916611687008252f,2.1842496837133263f,0f,0f,0f,1f], start_interpolation: 0, interpolation_duration: 1 }
$data merge entity $(bone_left_arm1) { transformation: [-1.1354166666666665f,-1.7919522734332506e-17f,1.3788893718084643e-16f,0.5624999999999998f,0f,1.1259486186290617f,0.14632400743470506f,-0.6827968108339251f,-1.3904843865318904e-16f,0.14632400743470506f,-1.1259486186290617f,1.671627813137682f,0f,0f,0f,1f], start_interpolation: 0, interpolation_duration: 1 }
$data merge entity $(bone_body2) { transformation: [-1.5833333333333335f,-2.4988692253381116e-17f,1.9228549038062994e-16f,0.4999999999999999f,0f,1.5701301837763066f,0.20404815715665298f,-0.5f,-1.9390240986499761e-16f,0.20404815715665298f,-1.5701301837763066f,0.75f,0f,0f,0f,1f], start_interpolation: 0, interpolation_duration: 1 }
$data merge entity $(bone_tail3) { transformation: [-1f,5.273817760804791e-18f,1.223510714004761e-16f,4.579669976578771e-16f,0f,0.9990723160805357f,-0.04306399007841794f,-0.6891744115902523f,-1.2246467991473532e-16f,-0.04306399007841794f,-0.9990723160805357f,-3.8178494266262772f,0f,0f,0f,1f], start_interpolation: 0, interpolation_duration: 1 }
$data merge entity $(bone_tail2) { transformation: [-1.5416666666666665f,8.130469047907385e-18f,1.886245684090673e-16f,-0.12499999999999976f,0f,1.5402364872908256f,-0.06639031803756099f,-0.7957554894583191f,-1.8879971486855027e-16f,-0.06639031803756099f,-1.5402364872908256f,-1.9365143358355692f,0f,0f,0f,1f], start_interpolation: 0, interpolation_duration: 1 }
$data merge entity $(bone_tail1) { transformation: [-1f,5.273817760804791e-18f,1.223510714004761e-16f,1.1102230246251565e-16f,0f,0.9990723160805357f,-0.04306399007841794f,-0.75f,-1.2246467991473532e-16f,-0.04306399007841794f,-0.9990723160805357f,-0.875f,0f,0f,0f,1f], start_interpolation: 0, interpolation_duration: 1 }
data modify entity @s data merge value {"locators":{"head":{"posx":-3.913907799633605e-16,"posy":-0.6955141205055289,"posz":3.388479418172236,"roty":0,"rotx":24.68148148148148},"neck":{"posx":-2.7755575615628914e-16,"posy":-1.0162132973276472,"posz":2.1405578308977735,"roty":0,"rotx":24.68148148148148},"right_arm":{"posx":-0.9375000000000004,"posy":-3.1290493813220728,"posz":2.551207747754274,"roty":0,"rotx":7.404444444444443},"left_arm":{"posx":0.9374999999999997,"posy":-3.1290493813220728,"posz":2.551207747754274,"roty":0,"rotx":7.404444444444443},"tail1":{"posx":3.191891195797325e-16,"posy":-1.574666219697633,"posz":-2.5910785605821243,"roty":0,"rotx":-2.4681481481481486},"tail2":{"posx":5.198675895095886e-16,"posy":-2.024680320865065,"posz":-4.323306117443655,"roty":0,"rotx":-2.4681481481481486}},"cameras":{}}