# This file was generated by Animated Java via MC-Build. It is not recommended to edit this file directly.
$data merge entity $(bone_jaw) { transformation: [-1f,-9.606321332448012e-17f,7.595694090992611e-17f,-4.167293658976467e-16f,0f,0.6202354912682602f,0.7844156649195757f,-0.05248178233297797f,-1.2246467991473532e-16f,0.7844156649195757f,-0.6202354912682602f,3.579149976344205f,0f,0f,0f,1f], start_interpolation: 0, interpolation_duration: 1 }
$data merge entity $(bone_head) { transformation: [-1.125f,-5.415984392316585e-17f,1.2668088275478845e-16f,-3.885780586188048e-16f,0f,1.0344279088712647f,0.44224868722046257f,0.045795703716013714f,-1.3777276490407724e-16f,0.44224868722046257f,-1.0344279088712647f,3.3492771077061465f,0f,0f,0f,1f], start_interpolation: 0, interpolation_duration: 1 }
$data merge entity $(bone_neck) { transformation: [-1f,-4.8142083487258534e-17f,1.126052291153675e-16f,0.4999999999999997f,0f,0.9194914745522353f,0.39310994419596673f,-0.6117621583365134f,-1.2246467991473532e-16f,0.39310994419596673f,-0.9194914745522353f,2.184510968924241f,0f,0f,0f,1f], start_interpolation: 0, interpolation_duration: 1 }
$data merge entity $(bone_right_arm2) { transformation: [-1f,-1.4806823137524186e-17f,1.2156626100687911e-16f,-0.8750000000000004f,0f,0.9926638528881819f,0.12090688635966937f,-2.061386488055713f,-1.2246467991473532e-16f,0.12090688635966937f,-0.9926638528881819f,2.19683179219875f,0f,0f,0f,1f], start_interpolation: 0, interpolation_duration: 1 }
$data merge entity $(bone_right_arm1) { transformation: [-1.1354166666666665f,-1.6811913770730583e-17f,1.3802835885156064e-16f,-0.5625000000000003f,0f,1.1270870829667898f,0.13727969388754124f,-0.6753916967677014f,-1.3904843865318904e-16f,0.13727969388754124f,-1.1270870829667898f,1.6730656816851912f,0f,0f,0f,1f], start_interpolation: 0, interpolation_duration: 1 }
$data merge entity $(bone_left_arm2) { transformation: [-1f,-1.4806823137524186e-17f,1.2156626100687911e-16f,0.8749999999999997f,0f,0.9926638528881819f,0.12090688635966937f,-2.061386488055713f,-1.2246467991473532e-16f,0.12090688635966937f,-0.9926638528881819f,2.19683179219875f,0f,0f,0f,1f], start_interpolation: 0, interpolation_duration: 1 }
$data merge entity $(bone_left_arm1) { transformation: [-1.1354166666666665f,-1.6811913770730583e-17f,1.3802835885156064e-16f,0.5624999999999998f,0f,1.1270870829667898f,0.13727969388754124f,-0.6753916967677014f,-1.3904843865318904e-16f,0.13727969388754124f,-1.1270870829667898f,1.6730656816851912f,0f,0f,0f,1f], start_interpolation: 0, interpolation_duration: 1 }
$data merge entity $(bone_body2) { transformation: [-1.5833333333333335f,-2.3444136634413296e-17f,1.9247991326089196e-16f,0.4999999999999999f,0f,1.571717767072955f,0.19143590340280986f,-0.5f,-1.9390240986499761e-16f,0.19143590340280986f,-1.571717767072955f,0.75f,0f,0f,0f,1f], start_interpolation: 0, interpolation_duration: 1 }
$data merge entity $(bone_tail3) { transformation: [-1f,4.946366813703697e-18f,1.2236474689208028e-16f,4.579669976578771e-16f,0f,0.9991839849438661f,-0.0403901501816487f,-0.6812990689816182f,-1.2246467991473532e-16f,-0.0403901501816487f,-0.9991839849438661f,-3.817676108931666f,0f,0f,0f,1f], start_interpolation: 0, interpolation_duration: 1 }
$data merge entity $(bone_tail2) { transformation: [-1.5416666666666665f,7.625648837793199e-18f,1.8864565145862375e-16f,-0.12499999999999976f,0f,1.5404086434551267f,-0.06226814819670841f,-0.7929145345680018f,-1.8879971486855027e-16f,-0.06226814819670841f,-1.5404086434551267f,-1.9366329840028578f,0f,0f,0f,1f], start_interpolation: 0, interpolation_duration: 1 }
$data merge entity $(bone_tail1) { transformation: [-1f,4.946366813703697e-18f,1.2236474689208028e-16f,1.1102230246251565e-16f,0f,0.9991839849438661f,-0.0403901501816487f,-0.75f,-1.2246467991473532e-16f,-0.0403901501816487f,-0.9991839849438661f,-0.875f,0f,0f,0f,1f], start_interpolation: 0, interpolation_duration: 1 }
data modify entity @s data merge value {"locators":{"head":{"posx":-3.9367839053782053e-16,"posy":-0.651733325440373,"posz":3.390924478381241,"roty":0,"rotx":23.14814814814815},"neck":{"posx":-2.7755575615628914e-16,"posy":-1.0057102043180974,"posz":2.1520311741697826,"roty":0,"rotx":23.14814814814815},"right_arm":{"posx":-0.9375000000000004,"posy":-3.1145037841237295,"posz":2.5722568322831716,"roty":0,"rotx":6.944444444444444},"left_arm":{"posx":0.9374999999999997,"posy":-3.1145037841237295,"posz":2.5722568322831716,"roty":0,"rotx":6.944444444444444},"tail1":{"posx":3.191891195797325e-16,"posy":-1.5700707515257848,"posz":-2.5932793610155294,"roty":0,"rotx":-2.3148148148148153},"tail2":{"posx":5.203050613416861e-16,"posy":-2.0154475086976196,"posz":-4.326705028349177,"roty":0,"rotx":-2.3148148148148153}},"cameras":{}}