# This file was generated by Animated Java via MC-Build. It is not recommended to edit this file directly.
$data merge entity $(bone_jaw) { transformation: [-0.8782215733702285f,0f,-0.47825397862131813f,0.9192625067451295f,0f,1f,0f,0.625f,0.47825397862131813f,0f,-0.8782215733702285f,3.254873861773685f,0f,0f,0f,1f], start_interpolation: 0, interpolation_duration: 1 }
$data merge entity $(bone_head) { transformation: [-0.9879992700415071f,0f,-0.5380357259489829f,0.7996990120898f,0f,1.125f,0f,0.625f,0.5380357259489829f,0f,-0.9879992700415071f,3.0353184684311283f,0f,0f,0f,1f], start_interpolation: 0, interpolation_duration: 1 }
$data merge entity $(bone_neck) { transformation: [-0.9396926207859084f,0f,-0.3420201433256686f,0.9916539560306485f,0f,1f,0f,-0.4375f,0.3420201433256686f,0f,-0.9396926207859084f,2.1008081423797433f,0f,0f,0f,1f], start_interpolation: 0, interpolation_duration: 1 }
$data merge entity $(bone_right_arm2) { transformation: [-0.9396926207859084f,-0.02555919731916945f,-0.34106378563680817f,-0.2034056701060944f,0f,0.9972037971811801f,-0.07473009358642425f,-1.8199530444596324f,0.3420201433256686f,-0.07022331749380321f,-0.9370650496308426f,2.8376398548914046f,0f,0f,0f,1f], start_interpolation: 0, interpolation_duration: 1 }
$data merge entity $(bone_right_arm1) { transformation: [-1.066942663184f,-0.029020338622806976f,-0.38724950660845925f,-0.17777952521721352f,0f,1.1322418113827981f,-0.08484979375958586f,-0.5625f,0.3883353710676862f,-0.07973272507108906f,-1.0639592751016858f,1.9943582342703121f,0f,0f,0f,1f], start_interpolation: 0, interpolation_duration: 1 }
$data merge entity $(bone_left_arm2) { transformation: [-0.9396926207859084f,-0.02555919731916945f,-0.34106378563680817f,1.4410564162692454f,0f,0.9972037971811801f,-0.07473009358642425f,-1.8199530444596324f,0.3420201433256686f,-0.07022331749380321f,-0.9370650496308426f,2.2391046040714846f,0f,0f,0f,1f], start_interpolation: 0, interpolation_duration: 1 }
$data merge entity $(bone_left_arm1) { transformation: [-1.066942663184f,-0.029020338622806976f,-0.38724950660845925f,0.8793746731669335f,0f,1.1322418113827981f,-0.08484979375958586f,-0.5625f,0.3883353710676862f,-0.07973272507108906f,-1.0639592751016858f,1.6095855730289348f,0f,0f,0f,1f], start_interpolation: 0, interpolation_duration: 1 }
$data merge entity $(bone_body2) { transformation: [-1.4878466495776885f,0f,-0.5415318935989754f,0.4999999999999999f,0f,1.5833333333333335f,0f,-0.5f,0.5415318935989754f,0f,-1.4878466495776885f,0.75f,0f,0f,0f,1f], start_interpolation: 0, interpolation_duration: 1 }
$data merge entity $(bone_right_leg2) { transformation: [-1f,-6.89868106003116e-17f,1.0118506702975153e-16f,-0.9999999999999998f,0f,0.8262387743159948f,0.5633200580636221f,-2.1366807199343607f,-1.2246467991473532e-16f,0.5633200580636221f,-0.8262387743159948f,-1.192972200440205f,0f,0f,0f,1f], start_interpolation: 0, interpolation_duration: 1 }
$data merge entity $(bone_right_leg1) { transformation: [-1.3333333333333333f,-9.198241413374878e-17f,1.3491342270633538e-16f,-0.625f,0f,1.101651699087993f,0.751093410751496f,-1.125f,-1.6328623988631375e-16f,0.751093410751496f,-1.101651699087993f,-0.12500000000000008f,0f,0f,0f,1f], start_interpolation: 0, interpolation_duration: 1 }
$data merge entity $(bone_left_leg2) { transformation: [-1f,6.89868106003116e-17f,1.0118506702975153e-16f,1f,0f,0.8262387743159948f,-0.5633200580636221f,-2.4887557562241245f,-1.2246467991473532e-16f,-0.5633200580636221f,-0.8262387743159948f,0.4265729664927084f,0f,0f,0f,1f], start_interpolation: 0, interpolation_duration: 1 }
$data merge entity $(bone_left_leg1) { transformation: [-1.3333333333333333f,9.198241413374878e-17f,1.3491342270633538e-16f,0.625f,0f,1.101651699087993f,-0.751093410751496f,-1.125f,-1.6328623988631375e-16f,-0.751093410751496f,-1.101651699087993f,-0.12499999999999993f,0f,0f,0f,1f], start_interpolation: 0, interpolation_duration: 1 }
$data merge entity $(bone_tail3) { transformation: [-0.8262387743159947f,0f,0.5633200580636222f,1.3532357277471094f,0f,1f,0f,-0.5625f,-0.5633200580636222f,0f,-0.8262387743159947f,-3.405923197533675f,0f,0f,0f,1f], start_interpolation: 0, interpolation_duration: 1 }
$data merge entity $(bone_tail2) { transformation: [-1.2737847770704918f,0f,0.8684517561814175f,0.19373077208831846f,0f,1.5416666666666665f,0f,-0.75f,-0.8684517561814175f,0f,-1.2737847770704918f,-1.9271405029491375f,0f,0f,0f,1f], start_interpolation: 0, interpolation_duration: 1 }
$data merge entity $(bone_tail1) { transformation: [-0.9555728057861407f,0f,0.2947551744109044f,1.1102230246251565e-16f,0f,1f,0f,-0.75f,-0.2947551744109044f,0f,-0.9555728057861407f,-0.875f,0f,0f,0f,1f], start_interpolation: 0, interpolation_duration: 1 }
data modify entity @s data merge value {"locators":{"head":{"posx":0.9491533804089619,"posy":0,"posz":3.3097627101093248,"roty":331.42857142857144,"rotx":0},"neck":{"posx":0.5645601635534029,"posy":-0.8125,"posz":2.389279791640816,"roty":340,"rotx":0},"right_arm":{"posx":-0.06604536876764014,"posy":-2.7797917948476005,"posz":3.3977719561584836,"roty":340,"rotx":-4.2857142857142865},"left_arm":{"posx":1.6958782952059384,"posy":-2.7797917948476005,"posz":2.756484187422855,"roty":340,"rotx":-4.2857142857142865},"tail1":{"posx":0.684293158796558,"posy":-1.5,"posz":-2.424764653033431,"roty":34.285714285714306,"rotx":0},"tail2":{"posx":1.670103260407897,"posy":-1.875,"posz":-3.870682508086422,"roty":34.285714285714306,"rotx":0}},"cameras":{}}