# This file was generated by Animated Java via MC-Build. It is not recommended to edit this file directly.
$data merge entity $(bone_jaw) { transformation: [-0.8467241992282842f,0f,-0.5320320765153365f,1.0321059756946422f,0f,1f,0f,0.625f,0.5320320765153365f,0f,-0.8467241992282842f,3.2317517141400107f,0f,0f,0f,1f], start_interpolation: 0, interpolation_duration: 1 }
$data merge entity $(bone_head) { transformation: [-0.9525647241318198f,0f,-0.5985360860797535f,0.8990979565658082f,0f,1.125f,0f,0.625f,0.5985360860797535f,0f,-0.9525647241318198f,3.02007066433294f,0f,0f,0f,1f], start_interpolation: 0, interpolation_duration: 1 }
$data merge entity $(bone_neck) { transformation: [-0.9238795325112867f,0f,-0.3826834323650896f,1.0501074340248162f,0f,1f,0f,-0.4375f,0.3826834323650896f,0f,-0.9238795325112867f,2.0780768279849746f,0f,0f,0f,1f], start_interpolation: 0, interpolation_duration: 1 }
$data merge entity $(bone_right_arm2) { transformation: [-0.9238795325112867f,-0.02383843408983586f,-0.38194022891922585f,-0.11769678723587046f,0f,0.9980579158045318f,-0.06229283024485208f,-1.8296246937001124f,0.3826834323650896f,-0.05755107088541888f,-0.92208528067268f,2.851796192230909f,0f,0f,0f,1f], start_interpolation: 0, interpolation_duration: 1 }
$data merge entity $(bone_right_arm1) { transformation: [-1.0489882192055233f,-0.027066555372834464f,-0.433661301585371f,-0.12285628545097071f,0f,1.133211591903062f,-0.07072831767384245f,-0.5625f,0.43450514716452876f,-0.06534444506781935f,-1.046950995763772f,2.022738208617239f,0f,0f,0f,1f], start_interpolation: 0, interpolation_duration: 1 }
$data merge entity $(bone_left_arm2) { transformation: [-0.9238795325112867f,-0.02383843408983586f,-0.38194022891922585f,1.4990923946588812f,0f,0.9980579158045318f,-0.06229283024485208f,-1.8296246937001124f,0.3826834323650896f,-0.05755107088541888f,-0.92208528067268f,2.182100185592003f,0f,0f,0f,1f], start_interpolation: 0, interpolation_duration: 1 }
$data merge entity $(bone_left_arm1) { transformation: [-1.0489882192055233f,-0.027066555372834464f,-0.433661301585371f,0.9165081886242268f,0f,1.133211591903062f,-0.07072831767384245f,-0.5625f,0.43450514716452876f,-0.06534444506781935f,-1.046950995763772f,1.5922193472065134f,0f,0f,0f,1f], start_interpolation: 0, interpolation_duration: 1 }
$data merge entity $(bone_body2) { transformation: [-1.4628092598095375f,0f,-0.6059154345780586f,0.4999999999999999f,0f,1.5833333333333335f,0f,-0.5f,0.6059154345780586f,0f,-1.4628092598095375f,0.75f,0f,0f,0f,1f], start_interpolation: 0, interpolation_duration: 1 }
$data merge entity $(bone_right_leg2) { transformation: [-1f,-7.635547901473156e-17f,9.574674224771027e-17f,-0.9999999999999998f,0f,0.7818314824680298f,0.6234898018587336f,-2.0540421929669384f,-1.2246467991473532e-16f,0.6234898018587336f,-0.7818314824680298f,-1.265588928443189f,0f,0f,0f,1f], start_interpolation: 0, interpolation_duration: 1 }
$data merge entity $(bone_right_leg1) { transformation: [-1.3333333333333333f,-1.0180730535297541e-16f,1.2766232299694703e-16f,-0.625f,0f,1.0424419766240396f,0.8313197358116448f,-1.125f,-1.6328623988631375e-16f,0.8313197358116448f,-1.0424419766240396f,-0.12500000000000008f,0f,0f,0f,1f], start_interpolation: 0, interpolation_duration: 1 }
$data merge entity $(bone_left_leg2) { transformation: [-1f,7.635547901473156e-17f,9.574674224771027e-17f,1f,0f,0.7818314824680298f,-0.6234898018587336f,-2.4437233191286474f,-1.2246467991473532e-16f,-0.6234898018587336f,-0.7818314824680298f,0.5269442519006703f,0f,0f,0f,1f], start_interpolation: 0, interpolation_duration: 1 }
$data merge entity $(bone_left_leg1) { transformation: [-1.3333333333333333f,1.0180730535297541e-16f,1.2766232299694703e-16f,0.625f,0f,1.0424419766240396f,-0.8313197358116448f,-1.125f,-1.6328623988631375e-16f,-0.8313197358116448f,-1.0424419766240396f,-0.12499999999999993f,0f,0f,0f,1f], start_interpolation: 0, interpolation_duration: 1 }
$data merge entity $(bone_tail3) { transformation: [-0.7818314824680298f,0f,0.6234898018587338f,1.499708400832449f,0f,1f,0f,-0.5625f,-0.6234898018587338f,0f,-0.7818314824680298f,-3.3071587255922505f,0f,0f,0f,1f], start_interpolation: 0, interpolation_duration: 1 }
$data merge entity $(bone_tail2) { transformation: [-1.205323535471546f,0f,0.9612134445322146f,0.23293608703881938f,0f,1.5416666666666665f,0f,-0.75f,-0.9612134445322146f,0f,-1.205323535471546f,-1.9191609211970364f,0f,0f,0f,1f], start_interpolation: 0, interpolation_duration: 1 }
$data merge entity $(bone_tail1) { transformation: [-0.9438833303083676f,0f,0.33027906195516726f,1.1102230246251565e-16f,0f,1f,0f,-0.75f,-0.33027906195516726f,0f,-0.9438833303083676f,-0.875f,0f,0f,0f,1f], start_interpolation: 0, interpolation_duration: 1 }
data modify entity @s data merge value {"locators":{"head":{"posx":1.0653579804768507,"posy":0,"posz":3.2846719765917785,"roty":327.8571428571429,"rotx":0},"neck":{"posx":0.636003096814809,"posy":-0.8125,"posz":2.38490348573143,"roty":337.5,"rotx":0},"right_arm":{"posx":0.039369290531622914,"posy":-2.7965361943822185,"posz":3.3943076179754863,"roty":337.5,"rotx":-3.571428571428571},"left_arm":{"posx":1.7716434139902855,"posy":-2.7965361943822185,"posz":2.6767761822909435,"roty":337.5,"rotx":-3.571428571428571},"tail1":{"posx":0.7593142611252026,"posy":-1.5,"posz":-2.3787338401614653,"roty":38.571428571428584,"rotx":0},"tail2":{"posx":1.850421414377987,"posy":-1.875,"posz":-3.746938934480517,"roty":38.571428571428584,"rotx":0}},"cameras":{}}