# This file was generated by Animated Java via MC-Build. It is not recommended to edit this file directly.
$data merge entity $(bone_jaw) { transformation: [-0.977243951792357f,0.11535134012107744f,-0.17801215412866928f,1.3672690162363352f,0.04023195656897916f,0.9247730260391265f,0.3783863633656327f,0.07442421429574955f,0.2082682125430796f,0.3626140077861146f,-0.9083696565833772f,3.272096109644992f,0f,0f,0f,1f], start_interpolation: 0, interpolation_duration: 1 }
$data merge entity $(bone_head) { transformation: [-1.0993994457664016f,0.09311441803862919f,-0.2197170084491789f,1.31844301435874f,0.045260951140101556f,1.0983844858796392f,0.23901457587522512f,0.12753856449024403f,0.23430173911096452f,0.22473590352288575f,-1.077135770790911f,3.0327326050247896f,0f,0f,0f,1f], start_interpolation: 0, interpolation_duration: 1 }
$data merge entity $(bone_neck) { transformation: [-0.9650174263598305f,0.08276837158989261f,-0.24877854305829253f,1.5108777664895316f,0.028481073914468694f,0.976341765226346f,0.21434921484199823f,-0.7499063609608592f,0.26063421734401615f,0.19976524757589845f,-0.9445441496353744f,1.9227227992246476f,0f,0f,0f,1f], start_interpolation: 0, interpolation_duration: 1 }
$data merge entity $(bone_right_arm2) { transformation: [-0.9243030283441898f,0.08281215274190534f,-0.37256685192326394f,0.190774917685394f,0.00028856700452096345f,0.9763275860788685f,0.21629692875880932f,-2.193536160460293f,0.38165930949322313f,0.19981639577287164f,-0.9024464413235256f,2.3294769886024875f,0f,0f,0f,1f], start_interpolation: 0, interpolation_duration: 1 }
$data merge entity $(bone_right_arm1) { transformation: [-1.0494690634324653f,0.09402629842570501f,-0.42301861312120587f,0.3321708538194601f,0.00032764378638317724f,1.1085386133603818f,0.24558713786156472f,-0.7634922423990095f,0.43334234098709706f,0.22687486603378132f,-1.0246527302527528f,1.8520355454278254f,0f,0f,0f,1f], start_interpolation: 0, interpolation_duration: 1 }
$data merge entity $(bone_left_arm2) { transformation: [-0.9243030283441898f,0.08281215274190534f,-0.37256685192326394f,1.8083052172877259f,0.00028856700452096345f,0.9763275860788685f,0.21629692875880932f,-2.1940411527182047f,0.38165930949322313f,0.19981639577287164f,-0.9024464413235256f,1.6615731969893472f,0f,0f,0f,1f], start_interpolation: 0, interpolation_duration: 1 }
$data merge entity $(bone_left_arm1) { transformation: [-1.0494690634324653f,0.09402629842570501f,-0.42301861312120587f,1.3720117607066735f,0.00032764378638317724f,1.1085386133603818f,0.24558713786156472f,-0.7638168802790956f,0.43334234098709706f,0.22687486603378132f,-1.0246527302527528f,1.4226688222479495f,0f,0f,0f,1f], start_interpolation: 0, interpolation_duration: 1 }
$data merge entity $(bone_body2) { transformation: [-1.4634797948783005f,0.13111924184135013f,-0.589897515545168f,0.9701371573034708f,0.00045689775715819215f,1.545852011291542f,0.34247013720144814f,-0.5f,0.6042939066976033f,0.3163759599737134f,-1.4288735320955823f,0.6129675150862752f,0f,0f,0f,1f], start_interpolation: 0, interpolation_duration: 1 }
$data merge entity $(bone_right_leg2) { transformation: [-0.9742046764722494f,-0.007625076872887049f,-0.22553737282828062f,-0.6949492000155496f,1.3877787807814457e-17f,0.999428982636881f,-0.03378917970903117f,-2.4979842902370866f,0.22566623216511655f,-0.032917576886699274f,-0.973648388686752f,1.0786446523476345f,0f,0f,0f,1f], start_interpolation: 0, interpolation_duration: 1 }
$data merge entity $(bone_right_leg1) { transformation: [-1.2989395686296659f,-0.16522236736933554f,-0.25146638770783736f,-0.44881537653949655f,1.850371707708594e-17f,1.1143288266710778f,-0.7321537023246122f,-1.125f,0.3008883095534887f,-0.7132675607011083f,-1.0855843540707986f,0.4794620593901768f,0f,0f,0f,1f], start_interpolation: 0, interpolation_duration: 1 }
$data merge entity $(bone_left_leg2) { transformation: [-0.6117959956118366f,0.3998164857175121f,-0.6825338361589264f,0.0648089236682603f,1.3877787807814457e-17f,0.8628576312503763f,0.5054470379703395f,-2.227904160239217f,0.7910155875539506f,0.3092304738241176f,-0.527892843582095f,-1.08436496587411f,0f,0f,0f,1f], start_interpolation: 0, interpolation_duration: 1 }
$data merge entity $(bone_left_leg1) { transformation: [-0.8157279941491155f,0.5140337410486661f,-0.9209424142707032f,0.6054239307266107f,1.850371707708594e-17f,1.1642531813039536f,0.649840216977528f,-1.125f,1.054687450071934f,0.39756964253437865f,-0.7122854342001006f,-0.19216245104335292f,0f,0f,0f,1f], start_interpolation: 0, interpolation_duration: 1 }
$data merge entity $(bone_tail3) { transformation: [0.032436118744956804f,-0.01795248797444765f,-0.9993125669060159f,-3.025791621392872f,-0.01900381021512392f,0.9996468438509148f,-0.01857532708224041f,-1.7352271219768673f,0.9992931268642202f,0.01959325788203614f,0.032083498055813786f,-0.6860241686173456f,0f,0f,0f,1f], start_interpolation: 0, interpolation_duration: 1 }
$data merge entity $(bone_tail2) { transformation: [0.14455709018239185f,-0.6355828150013763f,-1.3970947870721002f,-1.2377353455518199f,0.3599059216104846f,1.3781897902350968f,-0.5897429446738284f,-1.1564650879267213f,1.4920814610398516f,-0.27085697051723945f,0.27760678351675006f,-0.8697056695265442f,0f,0f,0f,1f], start_interpolation: 0, interpolation_duration: 1 }
$data merge entity $(bone_tail1) { transformation: [-0.498428636241681f,-0.3317185275544525f,-0.8009567485522324f,-0.32463055146125375f,0f,0.9238993598073192f,-0.38263556153032313f,-0.75f,0.8669307322815694f,-0.19071652111112875f,-0.4604978979333243f,-0.48883118472738346f,0f,0f,0f,1f], start_interpolation: 0, interpolation_duration: 1 }
data modify entity @s data merge value {"locators":{"head":{"posx":1.3277452844620512,"posy":-0.5490679765193403,"posz":3.2070837060651063,"roty":348.47082400421164,"rotx":12.266401205011844},"neck":{"posx":1.0284282318456932,"posy":-1.1285876378187543,"posz":2.0961959587601156,"roty":345.24428078236156,"rotx":12.377349980800352},"right_arm":{"posx":0.23647725163360878,"posy":-3.2779941754807833,"posz":2.604737520334705,"roty":337.567159866457,"rotx":12.491626385742789},"left_arm":{"posx":1.9695454297789643,"posy":-3.2785352386142605,"posz":1.889126315034912,"roty":337.567159866457,"rotx":12.491626385742789},"tail1":{"posx":-1.5632824965575511,"posy":-2.1191108332289206,"posz":-0.7351193718450001,"roty":258.761545364541,"rotx":-22.49085483668572},"tail2":{"posx":-3.5643422998110434,"posy":-3.0577122260149534,"posz":-0.6936933519311228,"roty":268.1611180732291,"rotx":-1.0643490585312851}},"cameras":{}}