# This file was generated by Animated Java via MC-Build. It is not recommended to edit this file directly.
$data merge entity $(bone_jaw) { transformation: [-0.7078838576921437f,0.18257993952736284f,-0.6823232442919366f,1.3499114963574814f,-0.0766176642116504f,0.9404648751357993f,0.33114279724396256f,0.11687308911134424f,0.7021610766409938f,0.2866886539749871f,-0.6517510553365989f,3.2088833744168035f,0f,0f,0f,1f], start_interpolation: 0, interpolation_duration: 1 }
$data merge entity $(bone_head) { transformation: [-0.7963693399036617f,0.08777348982992825f,-0.7897573608042422f,1.1744098606232054f,-0.08619487223810669f,1.1019760887327237f,0.2093899325688425f,0.16340418523775369f,0.7899312112211181f,0.20873311750750875f,-0.7733460850061463f,3.0370286888598823f,0f,0f,0f,1f], start_interpolation: 0, interpolation_duration: 1 }
$data merge entity $(bone_neck) { transformation: [-0.9784121882353726f,0.07802087984882511f,-0.19136962198866658f,1.4252309520357234f,0.03950796880506695f,0.9795343010957545f,0.19736178297165227f,-0.7367485454145513f,0.2028514488816084f,0.18554054889556335f,-0.9614707454739146f,1.9572711505199867f,0f,0f,0f,1f], start_interpolation: 0, interpolation_duration: 1 }
$data merge entity $(bone_right_arm2) { transformation: [-0.9461919948402693f,0.08210286281839405f,-0.31301729795207156f,0.06488483719492488f,0.016323405778714706f,0.978157492760973f,0.20722322693016493f,-2.159259613362123f,0.323193835529045f,0.19096345009606208f,-0.92686498768884f,2.3009399000509916f,0f,0f,0f,1f], start_interpolation: 0, interpolation_duration: 1 }
$data merge entity $(bone_right_arm1) { transformation: [-1.0743221608082223f,0.09322095882505156f,-0.3554050570497479f,0.25313045068960205f,0.018533866977915654f,1.110616319905688f,0.23528470557695808f,-0.738062999904706f,0.36695966742360314f,0.21682308396323713f,-1.0523779547717036f,1.8133616756631692f,0f,0f,0f,1f], start_interpolation: 0, interpolation_duration: 1 }
$data merge entity $(bone_left_arm2) { transformation: [-0.9461919948402693f,0.08210286281839405f,-0.31301729795207156f,1.7207208281653963f,0.016323405778714706f,0.978157492760973f,0.20722322693016493f,-2.187825573474874f,0.323193835529045f,0.19096345009606208f,-0.92686498768884f,1.735350687875163f,0f,0f,0f,1f], start_interpolation: 0, interpolation_duration: 1 }
$data merge entity $(bone_left_arm1) { transformation: [-1.0743221608082223f,0.09322095882505156f,-0.3554050570497479f,1.3175964448849051f,0.018533866977915654f,1.110616319905688f,0.23528470557695808f,-0.7564268314057601f,0.36695966742360314f,0.21682308396323713f,-1.0523779547717036f,1.4497686106929937f,0f,0f,0f,1f], start_interpolation: 0, interpolation_duration: 1 }
$data merge entity $(bone_body2) { transformation: [-1.4981373251637597f,0.12999619946245725f,-0.4956107217574467f,0.9701371573034708f,0.025845392482964955f,1.5487493635382072f,0.3281034426394278f,-0.5f,0.511723572920988f,0.30235879598543164f,-1.46753623050733f,0.6129675150862752f,0f,0f,0f,1f], start_interpolation: 0, interpolation_duration: 1 }
$data merge entity $(bone_right_leg2) { transformation: [-0.919855949769532f,0.06407592661261108f,-0.38698747693217095f,-0.924868261131667f,-2.168404344971009e-19f,0.9865678212177587f,0.16335217824579046f,-2.5576016812968607f,0.39225633414081695f,0.15026047306720347f,-0.9075002801983194f,0.3191075339882347f,0f,0f,0f,1f], start_interpolation: 0, interpolation_duration: 1 }
$data merge entity $(bone_right_leg1) { transformation: [-1.2264745996927093f,0.007921958504368422f,-0.522948445508581f,-0.44881537653949655f,-2.8912057932946783e-19f,1.3331803721003688f,0.020195871461758226f,-1.125f,0.5230084455210893f,0.018577292524878997f,-1.2263338973924829f,0.4794620593901768f,0f,0f,0f,1f], start_interpolation: 0, interpolation_duration: 1 }
$data merge entity $(bone_left_leg2) { transformation: [-0.514140169174653f,-0.6916105421008527f,-0.5072817210347953f,1.9570196270922533f,2.7755575615628914e-17f,0.5914399761921936f,-0.806349027755213f,-1.7070312831232457f,0.8577061772198329f,-0.41457642554388213f,-0.3040830494161071f,0.1808203354653308f,0f,0f,0f,1f], start_interpolation: 0, interpolation_duration: 1 }
$data merge entity $(bone_left_leg1) { transformation: [-0.685520225566204f,-1.1224375910133664f,-0.2190288848475227f,0.6054239307266107f,3.700743415417188e-17f,0.2553658708131059f,-1.308650468918894f,-1.125f,1.1436082362931104f,-0.6728297734804491f,-0.13129385202128274f,-0.19216245104335292f,0f,0f,0f,1f], start_interpolation: 0, interpolation_duration: 1 }
$data merge entity $(bone_tail3) { transformation: [0.22031354108614168f,0.014514542246239936f,-0.9753211120843571f,-2.980720158808302f,-0.027896105541416888f,0.9995740556078296f,0.008574068540515345f,-1.679221740633602f,0.975030128206153f,0.02531867727780107f,0.22062459897118364f,-0.2352383366840758f,0f,0f,0f,1f], start_interpolation: 0, interpolation_duration: 1 }
$data merge entity $(bone_tail2) { transformation: [0.43155675801988225f,-0.6531510261022527f,-1.3281146836098356f,-1.2583464767271448f,0.4003323873155855f,1.3833676360273535f,-0.5502400152382652f,-1.148835487865112f,1.4248609951095874f,-0.19085028636283632f,0.5568513481366917f,-0.7706761558068309f,0f,0f,0f,1f], start_interpolation: 0, interpolation_duration: 1 }
$data merge entity $(bone_tail1) { transformation: [-0.4074465431547164f,-0.3469704438176181f,-0.8447477881523437f,-0.3223848070044917f,1.3877787807814457e-17f,0.9250119449122606f,-0.3799380235902127f,-0.75f,0.9132290591474146f,-0.1548044343248673f,-0.3768929193313216f,-0.4853060720437125f,0f,0f,0f,1f], start_interpolation: 0, interpolation_duration: 1 }
data modify entity @s data merge value {"locators":{"head":{"posx":1.3450238553855347,"posy":-0.5069686231051047,"posz":3.1358842027463067,"roty":314.398464449637,"rotx":10.726693519674457},"neck":{"posx":0.930688230723311,"posy":-1.1089901467943823,"posz":2.109303012309194,"roty":348.74305254077615,"rotx":11.382725517155096},"right_arm":{"posx":0.0801536236750498,"posy":-3.2400085067270084,"posz":2.593608558519915,"roty":341.33934264678624,"rotx":11.959675688951549},"left_arm":{"posx":1.8542636140005548,"posy":-3.270614892562099,"posz":1.9876201169029555,"roty":341.33934264678624,"rotx":11.959675688951549},"tail1":{"posx":-1.567855776288804,"posy":-2.0996618354832335,"posz":-0.5450337392268929,"roty":247.2526915514856,"rotx":-20.91069916083414},"tail2":{"posx":-3.5483886210539426,"posy":-2.9863397750648386,"posz":-0.1443677636898989,"roty":257.25380225546695,"rotx":0.4912639599359242}},"cameras":{}}