# This file was generated by Animated Java via MC-Build. It is not recommended to edit this file directly.
$data merge entity $(bone_jaw) { transformation: [0.40766351550675933f,0.5329443815128143f,-0.7414720118376648f,3.4210018293095925f,-0.1983951105414754f,0.8443068993139824f,0.4977803128731035f,0.2988828102145682f,0.8913191562161704f,-0.05582245054396026f,0.4499266782236425f,1.4202460819339897f,0f,0f,0f,1f], start_interpolation: 0, interpolation_duration: 1 }
$data merge entity $(bone_head) { transformation: [0.45862145494510426f,0.06150144712670571f,-1.02543109620557f,3.1931282523750215f,-0.22319449935915983f,1.102121605792365f,-0.03372212184120334f,0.29138900536096746f,1.0027340507431917f,0.21718779442450256f,0.4614963547344338f,1.5228008274305305f,0f,0f,0f,1f], start_interpolation: 0, interpolation_duration: 1 }
$data merge entity $(bone_neck) { transformation: [-0.18805517744216227f,0.05466795300151619f,-0.9806358473724184f,2.432304515041902f,-0.17978323054756346f,0.9796636495932134f,0.08909053641991106f,-0.5872259462168623f,0.9655636904166802f,0.1930558172662245f,-0.17440244025985288f,0.6931951936656963f,0f,0f,0f,1f], start_interpolation: 0, interpolation_duration: 1 }
$data merge entity $(bone_right_arm2) { transformation: [-0.07911481996503417f,0.09041940094520176f,-0.9927563533891945f,2.379685564991726f,-0.1767546104976161f,0.9788258371537828f,0.10323656420102521f,-2.2566825323473396f,0.9810701569866125f,0.18364180475291356f,-0.061457583888048284f,1.7897048621689844f,0f,0f,0f,1f], start_interpolation: 0, interpolation_duration: 1 }
$data merge entity $(bone_right_arm1) { transformation: [-0.08982828516863253f,0.10266369482319782f,-1.1271921095773145f,1.8405644170163054f,-0.20069013066916824f,1.1113751692683573f,0.11721651560324736f,-0.8457626674142896f,1.1139234074118827f,0.2085099658132039f,-0.06977996503955482f,1.6818982179258337f,0f,0f,0f,1f], start_interpolation: 0, interpolation_duration: 1 }
$data merge entity $(bone_left_arm2) { transformation: [-0.07911481996503417f,0.09041940094520176f,-0.9927563533891945f,2.518136499930536f,-0.1767546104976161f,0.9788258371537828f,0.10323656420102521f,-1.9473619639765114f,0.9810701569866125f,0.18364180475291356f,-0.061457583888048284f,0.07283208744241232f,0f,0f,0f,1f], start_interpolation: 0, interpolation_duration: 1 }
$data merge entity $(bone_left_arm1) { transformation: [-0.08982828516863253f,0.10266369482319782f,-1.1271921095773145f,1.9295685894769687f,-0.20069013066916824f,1.1113751692683573f,0.11721651560324736f,-0.6469137306044715f,1.1139234074118827f,0.2085099658132039f,-0.06977996503955482f,0.5781942913158946f,0f,0f,0f,1f], start_interpolation: 0, interpolation_duration: 1 }
$data merge entity $(bone_body2) { transformation: [-0.12526513161130412f,0.14316405149656947f,-1.5718642261995581f,0.9995660444858594f,-0.2798614666212255f,1.5498075754934895f,0.16345789331828994f,-0.5f,1.55336108189547f,0.2907661908587798f,-0.09730784115607646f,0.5933723040295698f,0f,0f,0f,1f], start_interpolation: 0, interpolation_duration: 1 }
$data merge entity $(bone_right_leg2) { transformation: [-0.8209969188909368f,-0.05344942118245655f,-0.568425209281616f,-0.27728053922259677f,0f,0.9956082155929888f,-0.09361773893736547f,-2.3623910152727525f,0.5709326222695535f,-0.07685987522111315f,-0.8173912774243473f,1.3845565370889878f,0f,0f,0f,1f], start_interpolation: 0, interpolation_duration: 1 }
$data merge entity $(bone_right_leg1) { transformation: [-1.094662558521249f,-0.5383114622471195f,-0.5382494127845f,-0.42362153375230394f,0f,0.942754699573599f,-0.9428633804585216f,-1.125f,0.7612434963594047f,-0.7740879302915393f,-0.7739987036198755f,0.5172992000532477f,0f,0f,0f,1f], start_interpolation: 0, interpolation_duration: 1 }
$data merge entity $(bone_left_leg2) { transformation: [-0.8423312815407059f,0.2797415938914526f,-0.4606762993524434f,0.3190783280430488f,0f,0.8547502520422822f,0.5190395039239837f,-2.087870067581682f,0.5389601211017307f,0.43720321051054145f,-0.719982875200017f,-1.3353003933264551f,0f,0f,0f,1f], start_interpolation: 0, interpolation_duration: 1 }
$data merge entity $(bone_left_leg1) { transformation: [-1.1231083753876079f,0.4309768109348595f,-0.5750342105896002f,0.6026246148613671f,0f,1.0669327619530133f,0.7996450833020183f,-1.125f,0.7186134948023076f,0.6735660677955138f,-0.8987108406936467f,-0.19636657778369415f,0f,0f,0f,1f], start_interpolation: 0, interpolation_duration: 1 }
$data merge entity $(bone_tail3) { transformation: [-0.03137808638646025f,-0.18792772161423815f,0.9816815100344944f,2.14615924922251f,0.0330413016491628f,0.9814333074395478f,0.18893632640019029f,-1.5261591037898783f,-0.9989613045959556f,0.03836449526778092f,-0.024586122565291496f,-1.42636011429315f,0f,0f,0f,1f], start_interpolation: 0, interpolation_duration: 1 }
$data merge entity $(bone_tail2) { transformation: [-0.05917791720718673f,0.35702276372025127f,1.4985889467801647f,0.139656454261739f,-0.5174913477928189f,1.407942039904567f,-0.3558623727511095f,-1.2743304746856432f,-1.4510123328854592f,-0.5166914645763288f,0.06579704673750507f,-1.5671492785994818f,0f,0f,0f,1f], start_interpolation: 0, interpolation_duration: 1 }
$data merge entity $(bone_tail1) { transformation: [-0.8119721978629791f,0.2406311574996256f,0.5317873597011815f,-0.37854181799669195f,2.7755575615628914e-17f,0.911068876006977f,-0.4122541730187625f,-0.75f,-0.5836961109152292f,-0.3347389269442294f,-0.739762597655939f,-0.5125766019683728f,0f,0f,0f,1f], start_interpolation: 0, interpolation_duration: 1 }
$data merge entity $(bone_body1) { transformation: [-1.094662558521249f,0f,-0.7612434963594047f,0.5f,0f,1.3333333333333333f,0f,-1.1875f,0.7612434963594047f,0f,-1.094662558521249f,-0.12499999999999994f,0f,0f,0f,1f], start_interpolation: 0, interpolation_duration: 1 }
data modify entity @s data merge value {"locators":{"head":{"posx":3.443802752917288,"posy":-0.31153351956778996,"posz":1.273947509768464,"roty":245.76982172544135,"rotx":-1.717710859085634},"neck":{"posx":2.4403559248668043,"posy":-1.055627747140588,"posz":1.1253814124316839,"roty":280.0844027422278,"rotx":5.111288487497358},"right_arm":{"posx":2.780699664493307,"posy":-3.298173814757736,"posz":1.6981087341717582,"roty":273.54243238077214,"rotx":5.925576970355177},"left_arm":{"posx":2.929039951927746,"posy":-2.9667589200747058,"posz":-0.14139781017814038,"roty":273.54243238077214,"rotx":5.925576970355177},"tail1":{"posx":0.6390575793030838,"posy":-2.0760118753693475,"posz":-1.1687942885400457,"roty":92.51401388932256,"rotx":-13.345921454982202},"tail2":{"posx":2.945010233235601,"posy":-2.7080136362041776,"posz":-1.490543208275089,"roty":88.56533241842934,"rotx":10.890715936700786}},"cameras":{}}