# This file was generated by Animated Java via MC-Build. It is not recommended to edit this file directly.
$data merge entity $(bone_jaw) { transformation: [0.37910434578261554f,0.5369399596208646f,-0.7536414099365027f,3.4326111432670903f,-0.19982925763009712f,0.8427226830083591f,0.49988673450912535f,0.2940344341633807f,0.9035198740502277f,-0.03890962998457889f,0.4267761449410261f,1.411380799577158f,0f,0f,0f,1f], start_interpolation: 0, interpolation_duration: 1 }
$data merge entity $(bone_head) { transformation: [0.4264923890054425f,0.06524638374661833f,-1.0389764922886464f,3.2017274783140577f,-0.22480791483385926f,1.102068061080182f,-0.02307358175533705f,0.2889069715510836f,1.016459858306506f,0.2163651962653813f,0.4308369277308531f,1.507122339072903f,0f,0f,0f,1f], start_interpolation: 0, interpolation_duration: 1 }
$data merge entity $(bone_neck) { transformation: [-0.18222798236945614f,0.05799678555254962f,-0.9815443623734637f,2.4337150904207627f,-0.1790241090925245f,0.9796160542934952f,0.09111945200708627f,-0.5883884768337353f,0.9668212507000377f,0.19232461890256117f,-0.16813063420685592f,0.6827606658458425f,0f,0f,0f,1f], start_interpolation: 0, interpolation_duration: 1 }
$data merge entity $(bone_right_arm2) { transformation: [-0.07250782014781737f,0.09247470309912995f,-0.9930715207396393f,2.3872853621511974f,-0.1766899966343146f,0.9787522110702637f,0.10404208001782733f,-2.2578014156227644f,0.9815922071342956f,0.183009668082858f,-0.05462783431021684f,1.7796162717195565f,0f,0f,0f,1f], start_interpolation: 0, interpolation_duration: 1 }
$data merge entity $(bone_right_arm1) { transformation: [-0.08232658745950096f,0.10499731914380378f,-1.1275499558397988f,1.8485804332564961f,-0.200616767011878f,1.1112915729860284f,0.1181311116869081f,-0.8464445846325639f,1.114516151850398f,0.20779222730241168f,-0.06202535353972536f,1.675512260260566f,0f,0f,0f,1f], start_interpolation: 0, interpolation_duration: 1 }
$data merge entity $(bone_left_arm2) { transformation: [-0.07250782014781737f,0.09247470309912995f,-0.9930715207396393f,2.5141740474098775f,-0.1766899966343146f,0.9787522110702637f,0.10404208001782733f,-1.948593921512714f,0.9815922071342956f,0.183009668082858f,-0.05462783431021684f,0.061829909234538794f,0f,0f,0f,1f], start_interpolation: 0, interpolation_duration: 1 }
$data merge entity $(bone_left_arm1) { transformation: [-0.08232658745950096f,0.10499731914380378f,-1.1275499558397988f,1.9301517309227907f,-0.200616767011878f,1.1112915729860284f,0.1181311116869081f,-0.6476683384189599f,1.114516151850398f,0.20779222730241168f,-0.06202535353972536f,0.5712210272344833f,0f,0f,0f,1f], start_interpolation: 0, interpolation_duration: 1 }
$data merge entity $(bone_body2) { transformation: [-0.11480404856737751f,0.14641827990695577f,-1.5723632411710957f,1.0003951104138358f,-0.2797591613376648f,1.549691000861251f,0.16473329336155995f,-0.5f,1.5541876612959682f,0.28976530779785853f,-0.08649407099117667f,0.5927950497697272f,0f,0f,0f,1f], start_interpolation: 0, interpolation_duration: 1 }
$data merge entity $(bone_right_leg2) { transformation: [-0.8203371997368311f,-0.0563521088766884f,-0.5690969324755533f,-0.269537732892154f,0f,0.9951332568063811f,-0.09853832349865221f,-2.355582937121814f,0.5718801261872409f,-0.08083465236564635f,-0.8163448292535395f,1.394058857490339f,0f,0f,0f,1f], start_interpolation: 0, interpolation_duration: 1 }
$data merge entity $(bone_right_leg1) { transformation: [-1.0937829329824413f,-0.5437687667379666f,-0.5345392423521184f,-0.4228793497039349f,0f,0.9347050507174004f,-0.9508439650863645f,-1.125f,0.7625068349163212f,-0.7800126757056134f,-0.7667733238853849f,0.5183651419606461f,0f,0f,0f,1f], start_interpolation: 0, interpolation_duration: 1 }
$data merge entity $(bone_left_leg2) { transformation: [-0.8403412862003355f,0.2860847926992357f,-0.46041504546810935f,0.30917659077047643f,-1.734723475976807e-18f,0.849383869932711f,0.5277755597771951f,-2.0757451037305574f,0.5420576747055297f,0.44351159272827023f,-0.7137723337370728f,-1.3430921395998805f,0f,0f,0f,1f], start_interpolation: 0, interpolation_duration: 1 }
$data merge entity $(bone_left_leg1) { transformation: [-1.120455048267114f,0.43970379991994446f,-0.5736016308610694f,0.6025421499671039f,-2.3129646346357427e-18f,1.0581929887307209f,0.8111753055776056f,-1.125f,0.7227435662740396f,0.6816640996230353f,-0.8892432571981512f,-0.19648501577340505f,0f,0f,0f,1f], start_interpolation: 0, interpolation_duration: 1 }
$data merge entity $(bone_tail3) { transformation: [-0.021068835750357666f,-0.22196386229084245f,0.9748272400774695f,2.1642912693784546f,0.03503998713332302f,0.9742807055494055f,0.22259673424344942f,-1.4626939068007414f,-0.9991638021174613f,0.0388477879818688f,-0.012749349281229248f,-1.4016440535731762f,0f,0f,0f,1f], start_interpolation: 0, interpolation_duration: 1 }
$data merge entity $(bone_tail2) { transformation: [-0.028194126623164614f,0.3205136834006005f,1.5077175402203316f,0.15197370749917305f,-0.5162728524431912f,1.4189073078221521f,-0.3112884590699972f,-1.2701739982951095f,-1.4523785815569021f,-0.5105968484753719f,0.08138442893385756f,-1.563699321044617f,0f,0f,0f,1f], start_interpolation: 0, interpolation_duration: 1 }
$data merge entity $(bone_tail1) { transformation: [-0.8055917774804643f,0.2420676732432691f,0.5407634692048421f,-0.37923385769020346f,2.7755575615628914e-17f,0.9127256312946901f,-0.4085730313881588f,-0.75f,-0.592471001869177f,-0.32914307458656833f,-0.7352842636666683f,-0.5119136740362031f,0f,0f,0f,1f], start_interpolation: 0, interpolation_duration: 1 }
$data merge entity $(bone_body1) { transformation: [-1.0937829329824413f,0f,-0.7625068349163212f,0.5f,0f,1.3333333333333333f,0f,-1.1875f,0.7625068349163212f,0f,-1.0937829329824413f,-0.12499999999999994f,0f,0f,0f,1f], start_interpolation: 0, interpolation_duration: 1 }
data modify entity @s data merge value {"locators":{"head":{"posx":3.4540840685350047,"posy":-0.3169437341169795,"posz":1.2672425278891208,"roty":247.47746762037085,"rotx":-1.175210271815314},"neck":{"posx":2.4435453499505115,"posy":-1.0566464832409441,"posz":1.1150658883832578,"roty":279.7199732488748,"rotx":5.2280116061476765},"right_arm":{"posx":2.7868146806626486,"posy":-3.2996177914915865,"posz":1.6852700337377005,"roty":273.1486080793443,"rotx":5.971979508462335},"left_arm":{"posx":2.9227668434398058,"posy":-2.9683240478022466,"posz":-0.15521535463910427,"roty":273.1486080793443,"rotx":5.971979508462335},"tail1":{"posx":0.6706946667503665,"posy":-2.057411094460626,"posz":-1.16124737254094,"roty":93.08974542607923,"rotx":-11.64907294743973},"tail2":{"posx":3.003959161178762,"posy":-2.616226669822396,"posz":-1.4598032842700706,"roty":89.25069568220435,"rotx":12.861597622490057}},"cameras":{}}