# This file was generated by Animated Java via MC-Build. It is not recommended to edit this file directly.
$data merge entity $(bone_jaw) { transformation: [0.0776819892251347f,0.5241933745402555f,-0.8480488279799256f,3.266167387440529f,-0.20422100097262516f,0.8409487055551509f,0.501097852107605f,0.23894984431969388f,0.9758377382084407f,0.13426310257556093f,0.17237786393565535f,1.805641846097574f,0f,0f,0f,1f], start_interpolation: 0, interpolation_duration: 1 }
$data merge entity $(bone_head) { transformation: [0.08739223787827653f,0.06775178593310072f,-1.119552273125959f,3.0173779934125378f,-0.2297486260942033f,1.100215432859847f,0.04864740594158455f,0.24976037897337933f,1.0978174554844957f,0.2248570585947763f,0.09930326094168636f,1.8277092374179489f,0f,0f,0f,1f], start_interpolation: 0, interpolation_duration: 1 }
$data merge entity $(bone_neck) { transformation: [-0.3139270993055458f,0.06022380971831175f,-0.9475351545270596f,2.3404814321863685f,-0.17151934728059837f,0.9779692736531974f,0.11898408842645727f,-0.6068977287963471f,0.9338259419346002f,0.1998729409731345f,-0.29668150875426397f,0.907377540803854f,0f,0f,0f,1f], start_interpolation: 0, interpolation_duration: 1 }
$data merge entity $(bone_right_arm2) { transformation: [-0.19895855186714362f,0.08053267703102979f,-0.9766933923034112f,2.13427771119383f,-0.1781095846434276f,0.9770488474781882f,0.11684402209651053f,-2.2782143800740515f,0.9636869151841145f,0.19720557185779514f,-0.18004858214150193f,1.9827231487879626f,0f,0f,0f,1f], start_interpolation: 0, interpolation_duration: 1 }
$data merge entity $(bone_right_arm1) { transformation: [-0.22590085576581928f,0.09143814371231505f,-1.108953955844498f,1.630674690046944f,-0.20222859089722506f,1.1093575455741926f,0.1326666500887463f,-0.8598482573665072f,1.0941861849486298f,0.22391049304687152f,-0.20443016097316363f,1.8166199006340005f,0f,0f,0f,1f], start_interpolation: 0, interpolation_duration: 1 }
$data merge entity $(bone_left_arm2) { transformation: [-0.19895855186714362f,0.08053267703102979f,-0.9766933923034112f,2.4824551769613317f,-0.1781095846434276f,0.9770488474781882f,0.11684402209651053f,-1.966522606948053f,0.9636869151841145f,0.19720557185779514f,-0.18004858214150193f,0.2962710472157622f,0f,0f,0f,1f], start_interpolation: 0, interpolation_duration: 1 }
$data merge entity $(bone_left_arm1) { transformation: [-0.22590085576581928f,0.09143814371231505f,-1.108953955844498f,1.8545030608974806f,-0.20222859089722506f,1.1093575455741926f,0.1326666500887463f,-0.6594749746426511f,1.0941861849486298f,0.22391049304687152f,-0.20443016097316363f,0.7324721210518715f,0f,0f,0f,1f], start_interpolation: 0, interpolation_duration: 1 }
$data merge entity $(bone_body2) { transformation: [-0.31501770712297744f,0.12751007196579717f,-1.5464312044804012f,0.9314513884357756f,-0.2820068423520937f,1.5469940085071314f,0.18500303498614168f,-0.5f,1.5258376157081814f,0.312242155441509f,-0.28507692172404475f,0.6362323557343328f,0f,0f,0f,1f], start_interpolation: 0, interpolation_duration: 1 }
$data merge entity $(bone_right_leg2) { transformation: [-0.8699798351249516f,-0.04356337333182883f,-0.4911591585015125f,-0.43167539341585404f,0f,0.9960896527577094f,-0.0883481956183908f,-2.3863206406428352f,0.49308730106945786f,-0.07686114865767463f,-0.8665779118758223f,1.273253804855099f,0f,0f,0f,1f], start_interpolation: 0, interpolation_duration: 1 }
$data merge entity $(bone_right_leg1) { transformation: [-1.1599731134999354f,-0.45036731516284234f,-0.47896705019036206f,-0.4787273145155705f,0f,0.9713635884589396f,-0.9133622264983097f,-1.125f,0.6574497347592771f,-0.7946067192183581f,-0.8450667345338895f,0.4297232137031402f,0f,0f,0f,1f], start_interpolation: 0, interpolation_duration: 1 }
$data merge entity $(bone_left_leg2) { transformation: [-0.8748939572070847f,0.2545004612175467f,-0.4120559171794331f,0.3958974355081192f,0f,0.8508023029296654f,0.525485909734579f,-2.0823801176502315f,0.4843145296628295f,0.45974444702425066f,-0.7443617936110357f,-1.3454308337250924f,0f,0f,0f,1f], start_interpolation: 0, interpolation_duration: 1 }
$data merge entity $(bone_left_leg1) { transformation: [-1.166525276276113f,0.3898202987539646f,-0.5148171444950971f,0.6087474793906189f,0f,1.0629810029723927f,0.8048907783653529f,-1.125f,0.645752706217106f,0.7041940782035542f,-0.9299956561264726f,-0.18663591263368218f,0f,0f,0f,1f], start_interpolation: 0, interpolation_duration: 1 }
$data merge entity $(bone_tail3) { transformation: [-0.06338435307264f,-0.32143207761603254f,0.9448088924565664f,2.262837542508354f,0.048387943182281186f,0.9446092915382502f,0.32461037151359373f,-1.2183819932967659f,-0.9968154446737626f,0.0662925774053607f,-0.044320011741909464f,-1.5590819843915136f,0f,0f,0f,1f], start_interpolation: 0, interpolation_duration: 1 }
$data merge entity $(bone_tail2) { transformation: [-0.043359892352989884f,0.15024525530641059f,1.5337152258826143f,0.24061743327375162f,-0.46002252954134787f,1.463104651838516f,-0.15633349351301865f,-1.229719829176411f,-1.4707941063114942f,-0.46204680730150793f,0.0036818219628740505f,-1.6269428948436884f,0f,0f,0f,1f], start_interpolation: 0, interpolation_duration: 1 }
$data merge entity $(bone_tail1) { transformation: [-0.7823675497732883f,0.23596334821950235f,0.576387296319743f,-0.3382866298569398f,0f,0.9254520913065384f,-0.37886465485230275f,-0.75f,-0.6228170012626031f,-0.29641141171249863f,-0.7240436851080618f,-0.590013930663148f,0f,0f,0f,1f], start_interpolation: 0, interpolation_duration: 1 }
$data merge entity $(bone_body1) { transformation: [-1.1599731134999354f,0f,-0.6574497347592771f,0.5f,0f,1.3333333333333333f,0f,-1.1875f,0.6574497347592771f,0f,-1.1599731134999354f,-0.12499999999999994f,0f,0f,0f,1f], start_interpolation: 0, interpolation_duration: 1 }
data modify entity @s data merge value {"locators":{"head":{"posx":3.2907248548735817,"posy":-0.37498358537697585,"posz":1.6752044101592714,"roty":264.9311820959325,"rotx":2.4783648245330454},"neck":{"posx":2.279375848205111,"posy":-1.0742688911099025,"posz":1.3364233475005118,"roty":287.38579268505043,"rotx":6.833475074376281},"right_arm":{"posx":2.5296568208228094,"posy":-3.3248170876407093,"posz":1.9357723001999256,"roty":280.44492927550755,"rotx":6.709996872941169},"left_arm":{"posx":2.902704105573704,"posy":-2.990861616434282,"posz":0.12885933422971088,"roty":280.44492927550755,"rotx":6.709996872941169},"tail1":{"posx":0.8549949010739333,"posy":-1.9739176342421962,"posz":-1.2812678972018223,"roty":90.13754343088199,"rotx":-5.820111695531361},"tail2":{"posx":3.2161721463862154,"posy":-2.2755883544643227,"posz":-1.6710209988408735,"roty":87.3142827883634,"rotx":18.941971142483798}},"cameras":{}}