# This file was generated by Animated Java via MC-Build. It is not recommended to edit this file directly.
$data merge entity $(bone_jaw) { transformation: [-0.3882193573454152f,0.4162974695142543f,-0.8221813349002405f,2.717415291985116f,-0.1787177966742004f,0.8412097843202803f,0.5103195547064082f,0.16309471989031726f,0.9040717226715099f,0.34505436620894414f,-0.252174155348862f,2.5496030381700616f,0f,0f,0f,1f], start_interpolation: 0, interpolation_duration: 1 }
$data merge entity $(bone_head) { transformation: [-0.4367467770135921f,0.07041814306247846f,-1.034368666335109f,2.4875555883550917f,-0.20105752125847545f,1.0953412938673481f,0.15946260719805563f,0.19853085482321853f,1.0170806880054486f,0.24676655988329535f,-0.4126477178050628f,2.457903545324492f,0f,0f,0f,1f], start_interpolation: 0, interpolation_duration: 1 }
$data merge entity $(bone_neck) { transformation: [-0.5991344608322057f,0.0625939049444253f,-0.7981979083580152f,2.072080994226855f,-0.13911472348762127f,0.973636705659865f,0.18077239584839289f,-0.6195232115697582f,0.7884700321206028f,0.21934805322959586f,-0.574631568913614f,1.3637230729654335f,0f,0f,0f,1f], start_interpolation: 0, interpolation_duration: 1 }
$data merge entity $(bone_right_arm2) { transformation: [-0.47151588668813504f,0.029109951999907374f,-0.8813769791044379f,1.5471592776128846f,-0.17449858791887238f,0.9766129578315534f,0.12560801491076892f,-2.2868913996368354f,0.8644206218126804f,0.2130252128037136f,-0.4554088792446972f,2.331466849410911f,0f,0f,0f,1f], start_interpolation: 0, interpolation_duration: 1 }
$data merge entity $(bone_right_arm1) { transformation: [-0.5353669963438199f,0.0330519246665615f,-1.000730111691497f,1.1267681310685043f,-0.19812860503288632f,1.1088626292045762f,0.1426174335966022f,-0.8642005735071199f,0.9814775810164807f,0.24187237703754977f,-0.5170788316424165f,2.0278373924185935f,0f,0f,0f,1f], start_interpolation: 0, interpolation_duration: 1 }
$data merge entity $(bone_left_arm2) { transformation: [-0.47151588668813504f,0.029109951999907374f,-0.8813769791044379f,2.372312079317121f,-0.17449858791887238f,0.9766129578315534f,0.12560801491076892f,-1.9815188707788085f,0.8644206218126804f,0.2130252128037136f,-0.4554088792446972f,0.8187307612387209f,0f,0f,0f,1f], start_interpolation: 0, interpolation_duration: 1 }
$data merge entity $(bone_left_arm1) { transformation: [-0.5353669963438199f,0.0330519246665615f,-1.000730111691497f,1.6572235035926561f,-0.19812860503288632f,1.1088626292045762f,0.1426174335966022f,-0.6678896620983884f,0.9814775810164807f,0.24187237703754977f,-0.5170788316424165f,1.0553641928793283f,0f,0f,0f,1f], start_interpolation: 0, interpolation_duration: 1 }
$data merge entity $(bone_body2) { transformation: [-0.7465668205895473f,0.04609075733318668f,-1.3955135502486935f,0.8032822147642313f,-0.27628943087154795f,1.5463038498999597f,0.1988793569420508f,-0.5f,1.3686659845367442f,0.33728992027254656f,-0.721064058804104f,0.6957587332509492f,0f,0f,0f,1f], start_interpolation: 0, interpolation_duration: 1 }
$data merge entity $(bone_right_leg2) { transformation: [-0.9380099808582275f,-0.0017240875930671917f,-0.34660395746776884f,-0.7261151224561564f,0f,0.9999876287505469f,-0.0049741678558584135f,-2.5003791534635846f,0.34660824544483576f,-0.004665819095259316f,-0.9379983765027649f,0.8844733234227226f,0f,0f,0f,1f], start_interpolation: 0, interpolation_duration: 1 }
$data merge entity $(bone_right_leg1) { transformation: [-1.2506799744776367f,-0.25200617277051574f,-0.3873890397313178f,-0.5552612284655059f,0f,1.117656734432685f,-0.7270634097209429f,-1.125f,0.462144327259781f,-0.6819927350350592f,-1.0483731720712721f,0.2649342761254403f,0f,0f,0f,1f], start_interpolation: 0, interpolation_duration: 1 }
$data merge entity $(bone_left_leg2) { transformation: [-0.9380099808582275f,0.13923531995761346f,-0.3174126674955625f,0.6369826579600162f,0f,0.9157677916409526f,0.4017080429777986f,-2.241447625334201f,0.34660824544483576f,0.3768061537042009f,-0.8589993287077112f,-1.1968409169759444f,0f,0f,0f,1f], start_interpolation: 0, interpolation_duration: 1 }
$data merge entity $(bone_left_leg1) { transformation: [-1.2506799744776367f,0.21955865738815075f,-0.40665879454932263f,0.6172512476072785f,0f,1.1732519346947972f,0.6334490315034773f,-1.125f,0.462144327259781f,0.5941815139152394f,-1.100522024804945f,-0.16832603068060442f,0f,0f,0f,1f], start_interpolation: 0, interpolation_duration: 1 }
$data merge entity $(bone_tail3) { transformation: [-0.34674056365657446f,-0.2627484004482814f,0.9004078295844558f,2.181291851762694f,0.10817991596032184f,0.9423540316568205f,0.3166480456326139f,-1.0870866608510223f,-0.9317017158393228f,0.20720076515786756f,-0.2983282682215274f,-2.307877984900131f,0f,0f,0f,1f], start_interpolation: 0, interpolation_duration: 1 }
$data merge entity $(bone_tail2) { transformation: [-0.47360251771325124f,0.01643836590115997f,1.4670264300459208f,0.24533564183484607f,-0.3129043055254146f,1.5049689584606907f,-0.11787892417439541f,-1.1431817317353428f,-1.4333623623879754f,-0.333967551279094f,-0.45899250962659316f,-1.7904109364185052f,0f,0f,0f,1f], start_interpolation: 0, interpolation_duration: 1 }
$data merge entity $(bone_tail1) { transformation: [-0.834054362727326f,0.17521113714527342f,0.5231198499729999f,-0.24923775687126348f,0f,0.9482266957813255f,-0.3175942905778214f,-0.75f,-0.5516822636405068f,-0.26489090363372203f,-0.7908726124709317f,-0.7100769468014589f,0f,0f,0f,1f], start_interpolation: 0, interpolation_duration: 1 }
$data merge entity $(bone_body1) { transformation: [-1.2506799744776367f,0f,-0.462144327259781f,0.5f,0f,1.3333333333333333f,0f,-1.1875f,0.462144327259781f,0f,-1.2506799744776367f,-0.12499999999999994f,0f,0f,0f,1f], start_interpolation: 0, interpolation_duration: 1 }
data modify entity @s data merge value {"locators":{"head":{"posx":2.735759027302356,"posy":-0.45428725488032373,"posz":2.4354353781129565,"roty":291.74887531507204,"rotx":8.148807836098614},"neck":{"posx":1.8488157880013447,"posy":-1.0767908874170673,"posz":1.7475315151788382,"roty":305.75053417275734,"rotx":10.414752901922032},"right_arm":{"posx":1.9292680722471878,"posy":-3.3372145266687028,"posz":2.4001723650928386,"roty":297.3254702655718,"rotx":7.215869220625795},"left_arm":{"posx":2.813360359787441,"posy":-3.010029674320817,"posz":0.7793836991940635,"roty":297.3254702655718,"rotx":7.215869220625795},"tail1":{"posx":0.929953292177456,"posy":-1.9025258015892268,"posz":-1.7164075147604287,"roty":72.62652349972257,"rotx":-4.385230267965699},"tail2":{"posx":3.03262853149232,"posy":-2.145811801732254,"posz":-2.7476386400444417,"roty":71.66863868839143,"rotx":18.46033350849516}},"cameras":{}}