# This file was generated by Animated Java via MC-Build. It is not recommended to edit this file directly.
$data merge entity $(bone_jaw) { transformation: [-0.6398469882623388f,0.35756866208477567f,-0.6802503094497776f,2.2748477206821134f,-0.13366586035163786f,0.8198914921521101f,0.5566968464730538f,0.09629185001656596f,0.7567887878318963f,0.4471270434579975f,-0.476810379103097f,2.9458326496328464f,0f,0f,0f,1f], start_interpolation: 0, interpolation_duration: 1 }
$data merge entity $(bone_head) { transformation: [-0.7198278617951311f,0.1069114792114248f,-0.8579293589779258f,2.084196752020352f,-0.1503740928955926f,1.08386752235715f,0.2612351931980082f,0.1543441151716789f,0.8513873863108833f,0.28182641748458936f,-0.6792189550053243f,2.7948951040761076f,0f,0f,0f,1f], start_interpolation: 0, interpolation_duration: 1 }
$data merge entity $(bone_neck) { transformation: [-0.7730614064987436f,0.09503242596571093f,-0.6271721452657603f,1.8601781346527257f,-0.08712136258836185f,0.9634377976508f,0.25337221283819455f,-0.6198829406070822f,0.6283199264410857f,0.25051237109741276f,-0.7365172244857691f,1.6161455016698762f,0f,0f,0f,1f], start_interpolation: 0, interpolation_duration: 1 }
$data merge entity $(bone_right_arm2) { transformation: [-0.6305865149393789f,-0.0051059282084158705f,-0.776102168966006f,1.1459806050918036f,-0.16292970660019795f,0.9785664119496148f,0.12594319398534476f,-2.274214853232178f,0.7588244578845504f,0.20586817845696131f,-0.617902690732959f,2.4794503792416807f,0f,0f,0f,1f], start_interpolation: 0, interpolation_duration: 1 }
$data merge entity $(bone_right_arm1) { transformation: [-0.7159784388374197f,-0.005797355986638852f,-0.8811993376801526f,0.8027671190726845f,-0.18499310436897473f,1.1110806135677918f,0.1429980015041935f,-0.852344958370822f,0.8615819365564166f,0.23374616095634146f,-0.7015770134363805f,2.0877116204986113f,0f,0f,0f,1f], start_interpolation: 0, interpolation_duration: 1 }
$data merge entity $(bone_left_arm2) { transformation: [-0.6305865149393789f,-0.0051059282084158705f,-0.776102168966006f,2.2495070062357168f,-0.16292970660019795f,0.9785664119496148f,0.12594319398534476f,-1.9890878666818312f,0.7588244578845504f,0.20586817845696131f,-0.617902690732959f,1.1515075779437178f,0f,0f,0f,1f], start_interpolation: 0, interpolation_duration: 1 }
$data merge entity $(bone_left_arm1) { transformation: [-0.7159784388374197f,-0.005797355986638852f,-0.8811993376801526f,1.5121769483794858f,-0.18499310436897473f,1.1110806135677918f,0.1429980015041935f,-0.6690490384455993f,0.8615819365564166f,0.23374616095634146f,-0.7015770134363805f,1.2340341053784922f,0f,0f,0f,1f], start_interpolation: 0, interpolation_duration: 1 }
$data merge entity $(bone_body2) { transformation: [-0.9984286486540167f,-0.008084386329991795f,-1.2288284341961764f,0.7448503872771179f,-0.25797203545031344f,1.5493968189202236f,0.19941005714346255f,-0.5f,1.201472058317205f,0.3259579492235221f,-0.9783459269938518f,0.7150436225876877f,0f,0f,0f,1f], start_interpolation: 0, interpolation_duration: 1 }
$data merge entity $(bone_right_leg2) { transformation: [-0.9600498543859287f,0.023438301484630483f,-0.2788456976843513f,-0.8627899927686794f,0f,0.9964860100370732f,0.0837593684335915f,-2.569916581042169f,0.2798290140309919f,0.08041316946812688f,-0.9566762488337073f,0.5598956193749165f,0f,0f,0f,1f], start_interpolation: 0, interpolation_duration: 1 }
$data merge entity $(bone_right_leg1) { transformation: [-1.2800664725145716f,-0.146298842023017f,-0.3432262410489669f,-0.5800560861841697f,0f,1.2265570181759406f,-0.5228151288372618f,-1.125f,0.37310535204132256f,-0.5019285883109738f,-1.1775558866958509f,0.18980764078486595f,0f,0f,0f,1f], start_interpolation: 0, interpolation_duration: 1 }
$data merge entity $(bone_left_leg2) { transformation: [-0.9600498543859287f,0.0729777608813138f,-0.2701453747712644f,0.7657580267785604f,0f,0.9653944416976894f,0.26079411791527557f,-2.381087586856508f,0.2798290140309919f,0.250375354929267f,-0.9268267931768517f,-1.0000309396517133f,0f,0f,0f,1f], start_interpolation: 0, interpolation_duration: 1 }
$data merge entity $(bone_left_leg1) { transformation: [-1.2800664725145716f,0.12209636407983322f,-0.3525621670008908f,0.6200062317982411f,0f,1.2599199844296471f,0.43632489112194306f,-1.125f,0.37310535204132256f,0.4188936481865776f,-1.2095859975896042f,-0.15997862675387392f,0f,0f,0f,1f], start_interpolation: 0, interpolation_duration: 1 }
$data merge entity $(bone_tail3) { transformation: [-0.6496323290552398f,-0.11672707043761826f,0.7512340700962089f,1.7153489145629528f,0.17528248350030498f,0.9385236799033289f,0.2974043598178734f,-1.039179714009236f,-0.7397661035923652f,0.3248816604361734f,-0.5892351132510731f,-3.0552303010474553f,0f,0f,0f,1f], start_interpolation: 0, interpolation_duration: 1 }
$data merge entity $(bone_tail2) { transformation: [-0.9690376182713959f,-0.022248888091650473f,1.1988357654260635f,0.10398218336575527f,-0.1940156659658616f,1.5239983225892895f,-0.1285423868456058f,-1.0756212112509753f,-1.1832413645769126f,-0.23166832074072483f,-0.9607318946670028f,-1.8924608876608073f,0f,0f,0f,1f], start_interpolation: 0, interpolation_duration: 1 }
$data merge entity $(bone_tail1) { transformation: [-0.9161333049548518f,0.1077081302572555f,0.38613304213572097f,-0.20383348431345494f,0f,0.9632285406410125f,-0.2686834168581778f,-0.75f,-0.4008737551305902f,-0.24614982667284457f,-0.8824457463642896f,-0.7529378667560622f,0f,0f,0f,1f], start_interpolation: 0, interpolation_duration: 1 }
$data merge entity $(bone_body1) { transformation: [-1.2800664725145716f,0f,-0.37310535204132256f,0.5f,0f,1.3333333333333333f,0f,-1.1875f,0.37310535204132256f,0f,-1.2800664725145716f,-0.12499999999999994f,0f,0f,0f,1f], start_interpolation: 0, interpolation_duration: 1 }
data modify entity @s data merge value {"locators":{"head":{"posx":2.263115196618984,"posy":-0.5203698398039622,"posz":2.826996804086148,"roty":308.3685067554932,"rotx":13.427163348537174},"neck":{"posx":1.5164067898244324,"posy":-1.0564043226250874,"posz":1.9284279787896104,"roty":319.58435519139056,"rotx":14.67715250439857},"right_arm":{"posx":1.4997259605995112,"posy":-3.325935968836977,"posz":2.629960074768983,"roty":308.5254544341565,"rotx":7.235227295029345},"left_arm":{"posx":2.6820756761108466,"posy":-3.020442768961606,"posz":1.2071642162354517,"roty":308.5254544341565,"rotx":7.235227295029345},"tail1":{"posx":0.7279925339061323,"posy":-1.8586177569715732,"posz":-2.1122533848213956,"roty":51.291753195592435,"rotx":-4.782808610288778},"tail2":{"posx":2.2911223589414442,"posy":-2.1037020914848013,"posz":-3.813082231573661,"roty":51.890915811690604,"rotx":17.301769465806743}},"cameras":{}}