# This file was generated by Animated Java via MC-Build. It is not recommended to edit this file directly.
$data merge entity $(bone_jaw) { transformation: [-0.9112262609289893f,0.2273707892947544f,-0.343466483909062f,1.4291127824966527f,-0.03313302447275669f,0.7906844410674578f,0.6113266862677676f,0.03008324187130927f,0.4105714360286907f,0.5684370139508177f,-0.7129589448825344f,3.3688079978061367f,0f,0f,0f,1f], start_interpolation: 0, interpolation_duration: 1 }
$data merge entity $(bone_head) { transformation: [-1.0251295435451129f,0.12815362268191868f,-0.44532130865756786f,1.3301524916838599f,-0.03727465253185128f,1.0548153190717011f,0.38935875864078795f,0.11660741045815104f,0.461892865532277f,0.36954876761418914f,-0.9569293020517327f,3.1561570417946405f,0f,0f,0f,1f], start_interpolation: 0, interpolation_duration: 1 }
$data merge entity $(bone_neck) { transformation: [-0.9537944669069398f,0.1139143312728166f,-0.2780281281244284f,1.460117894058864f,0.010682297007820411f,0.9376136169526231f,0.34751488289806587f,-0.6025923637032425f,0.30026988431799695f,0.3284877934348348f,-0.8955075466661184f,1.9294039374449088f,0f,0f,0f,1f], start_interpolation: 0, interpolation_duration: 1 }
$data merge entity $(bone_right_arm2) { transformation: [-0.8309517995941541f,-0.0439215273671663f,-0.5546079752266208f,0.4846853605621951f,-0.12829318486835317f,0.9851391021974735f,0.11420073571518932f,-2.2165455902526947f,0.5413501320472466f,0.16604773035272483f,-0.8242379424517763f,2.5896113708375386f,0f,0f,0f,1f], start_interpolation: 0, interpolation_duration: 1 }
$data merge entity $(bone_right_arm1) { transformation: [-0.9434765224558623f,-0.04986923419813673f,-0.6297111385385589f,0.3054178102976607f,-0.14566622031927598f,1.118543355620048f,0.12966541867662118f,-0.8049458925429573f,0.6146579624286445f,0.1885333605046563f,-0.9358534971587875f,2.071713515225129f,0f,0f,0f,1f], start_interpolation: 0, interpolation_duration: 1 }
$data merge entity $(bone_left_arm2) { transformation: [-0.8309517995941541f,-0.0439215273671663f,-0.5546079752266208f,1.938851009851965f,-0.12829318486835317f,0.9851391021974735f,0.11420073571518932f,-1.9920325167330764f,0.5413501320472466f,0.16604773035272483f,-0.8242379424517763f,1.6422486397548572f,0f,0f,0f,1f], start_interpolation: 0, interpolation_duration: 1 }
$data merge entity $(bone_left_arm1) { transformation: [-0.9434765224558623f,-0.04986923419813673f,-0.6297111385385589f,1.2402385848410842f,-0.14566622031927598f,1.118543355620048f,0.12966541867662118f,-0.66061605956606f,0.6146579624286445f,0.1885333605046563f,-0.9358534971587875f,1.462694616671977f,0f,0f,0f,1f], start_interpolation: 0, interpolation_duration: 1 }
$data merge entity $(bone_body2) { transformation: [-1.315673682690744f,-0.06954241833134665f,-0.8781292941088162f,0.6656140251310445f,-0.20313087604155922f,1.5598035784793332f,0.1808178315490498f,-0.5f,0.8571377090748071f,0.26290890639181436f,-1.3050434088819793f,0.734183912023435f,0f,0f,0f,1f], start_interpolation: 0, interpolation_duration: 1 }
$data merge entity $(bone_right_leg2) { transformation: [-0.9819244708839258f,0.043842571775078984f,-0.18412539851815515f,-1.0018706872036869f,0f,0.9728024155919489f,0.23163648291767222f,-2.5880833074083913f,0.1892731715783365f,0.22744953092634881f,-0.9552184972047293f,0.008544653585414896f,0f,0f,0f,1f], start_interpolation: 0, interpolation_duration: 1 }
$data merge entity $(bone_right_leg1) { transformation: [-1.3092326278452342f,-0.02764786634678921f,-0.25084517027383624f,-0.6046650297444165f,0f,1.3253075868177984f,-0.14607387891392887f,-1.125f,0.2523642287711153f,-0.14343351626252224f,-1.3013519509445193f,0.08793231802562862f,0f,0f,0f,1f], start_interpolation: 0, interpolation_duration: 1 }
$data merge entity $(bone_left_leg2) { transformation: [-0.9819244708839258f,0.002199835064907696f,-0.1892603873107355f,0.9154183666593587f,0f,0.9999324559973587f,0.011622540302798412f,-2.5408957698558234f,0.1892731715783365f,0.01141245673715243f,-0.9818581477748708f,-0.6115483013498826f,0f,0f,0f,1f], start_interpolation: 0, interpolation_duration: 1 }
$data merge entity $(bone_left_leg1) { transformation: [-1.3092326278452342f,0.015308921957163319f,-0.2518994658028264f,0.6227405588604907f,0f,1.3308778190921269f,0.08088268310560459f,-1.125f,0.2523642287711153f,0.07942068581214304f,-1.3068214983231896f,-0.148659146447292f,0f,0f,0f,1f], start_interpolation: 0, interpolation_duration: 1 }
$data merge entity $(bone_tail3) { transformation: [-0.9478190960822901f,0.18114281252457315f,0.262347560637483f,0.38751079327466104f,0.25544386185579215f,0.9238718126622535f,0.28497246745670135f,-0.9217391547429767f,-0.1907548021464976f,0.3371174205508357f,-0.9219351659521409f,-3.829559234883119f,0f,0f,0f,1f], start_interpolation: 0, interpolation_duration: 1 }
$data merge entity $(bone_tail2) { transformation: [-1.4987726217244415f,-0.013554139729590672f,0.36087813008901726f,-0.18772397985026806f,-0.04080485768279644f,1.5370705444838262f,-0.11173726317030949f,-0.9709970047547463f,-0.3588198755223038f,-0.1181801069871534f,-1.494663129388617f,-1.9582923373281778f,0f,0f,0f,1f], start_interpolation: 0, interpolation_duration: 1 }
$data merge entity $(bone_tail1) { transformation: [-0.9952848063589228f,0.018353381570329792f,0.09524341245469631f,-0.13956977036736318f,0f,0.9819349837902133f,-0.18921862384266921f,-0.75f,-0.096995640268424f,-0.18832642139075292f,-0.9773049701986944f,-0.8013198782683602f,0f,0f,0f,1f], start_interpolation: 0, interpolation_duration: 1 }
$data merge entity $(bone_body1) { transformation: [-1.3092326278452342f,0f,-0.2523642287711153f,0.5f,0f,1.3333333333333333f,0f,-1.1875f,0.2523642287711153f,0f,-1.3092326278452342f,-0.12499999999999994f,0f,0f,0f,1f], start_interpolation: 0, interpolation_duration: 1 }
data modify entity @s data merge value {"locators":{"head":{"posx":1.3826563981543405,"posy":-0.5775563108707906,"posz":3.216665865912239,"roty":335.0443844927721,"rotx":20.24875522221699},"neck":{"posx":0.9752563023936414,"posy":-0.9922956819188242,"posz":2.068294400399109,"roty":342.75200487601376,"rotx":20.3353893760017},"right_arm":{"posx":0.7539763880680371,"posy":-3.266803384362035,"posz":2.8695169949636545,"roty":326.06443001219003,"rotx":6.557526867405859},"left_arm":{"posx":2.3120110123070763,"posy":-3.0262536627338728,"posz":1.8544854973750677,"roty":326.06443001219003,"rotx":6.557526867405859},"tail1":{"posx":0.10132416952202222,"posy":-1.7652813309701676,"posz":-2.5382447719924075,"roty":13.573961544385611,"rotx":-4.156340756885},"tail2":{"posx":0.297331354694743,"posy":-1.9740238959177898,"posz":-4.79061438020417,"roty":15.884330099625629,"rotx":16.557202841569058}},"cameras":{}}