# This file was generated by Animated Java via MC-Build. It is not recommended to edit this file directly.
$data merge entity $(bone_jaw) { transformation: [-0.8314164396781254f,0.16533917507787427f,-0.5304805943835441f,1.3551058376281524f,-0.040111582915498274f,0.934353093895757f,0.35408382742429745f,0.10086131653948321f,0.5542001125486744f,0.31566953149139154f,-0.7702045066987355f,3.239911357188395f,0f,0f,0f,1f], start_interpolation: 0, interpolation_duration: 1 }
$data merge entity $(bone_head) { transformation: [-0.9353434946378911f,0.08992604832378981f,-0.6186039547816073f,1.2176382921211286f,-0.04512553077993556f,1.1006802493409877f,0.22823600763790525f,0.1515804293479066f,0.6234751266172587f,0.21457235270073416f,-0.9115165779875128f,3.0373521176356144f,0f,0f,0f,1f], start_interpolation: 0, interpolation_duration: 1 }
$data merge entity $(bone_neck) { transformation: [-0.9748516642826114f,0.07993426517670205f,-0.208025829877166f,1.451112980736991f,0.03679767168466735f,0.9783824438586558f,0.20350362381970388f,-0.7410030587407395f,0.2197957324517707f,0.19073098017843038f,-0.9567191485468267f,1.94746827677585f,0f,0f,0f,1f], start_interpolation: 0, interpolation_duration: 1 }
$data merge entity $(bone_right_arm2) { transformation: [-0.9400317695598788f,0.08227767233783322f,-0.3310145870694995f,0.10236037868205364f,0.011562376680856195f,0.9775989325730617f,0.2101586031489084f,-2.169807994468759f,0.34089086767411814f,0.19372844826374508f,-0.9199253799464979f,2.310194584188597f,0f,0f,0f,1f], start_interpolation: 0, interpolation_duration: 1 }
$data merge entity $(bone_right_arm1) { transformation: [-1.0673277383544455f,0.09341944046691479f,-0.3758394790684942f,0.27653722300264094f,0.013128115189722137f,1.109982121358997f,0.2386175806586564f,-0.7458385985145083f,0.3870531726716549f,0.2199625089661272f,-1.0444986084809194f,1.8254860776733834f,0f,0f,0f,1f], start_interpolation: 0, interpolation_duration: 1 }
$data merge entity $(bone_left_arm2) { transformation: [-0.9400317695598788f,0.08227767233783322f,-0.3310145870694995f,1.7474159754118412f,0.011562376680856195f,0.9775989325730617f,0.2101586031489084f,-2.190042153660257f,0.34089086767411814f,0.19372844826374508f,-0.9199253799464979f,1.7136355657588904f,0f,0f,0f,1f], start_interpolation: 0, interpolation_duration: 1 }
$data merge entity $(bone_left_arm1) { transformation: [-1.0673277383544455f,0.09341944046691479f,-0.3758394790684942f,1.3340729637575044f,0.013128115189722137f,1.109982121358997f,0.2386175806586564f,-0.7588462722804715f,0.3870531726716549f,0.2199625089661272f,-1.0444986084809194f,1.4419838515400005f,0f,0f,0f,1f], start_interpolation: 0, interpolation_duration: 1 }
$data merge entity $(bone_body2) { transformation: [-1.4883836351364748f,0.13027298120156927f,-0.5241064295267076f,0.9701371573034708f,0.018307096411355646f,1.5478649765740147f,0.33275112165243836f,-0.5f,0.5397438738173538f,0.30673670975092976f,-1.4565485182486217f,0.6129675150862752f,0f,0f,0f,1f], start_interpolation: 0, interpolation_duration: 1 }
$data merge entity $(bone_right_leg2) { transformation: [-0.9423057091016587f,0.03182848526605894f,-0.33323699992661177f,-0.812878931084914f,3.469446951953614e-18f,0.9954696015636205f,0.09508034687971337f,-2.595728058544507f,0.3347535669629532f,0.08959475368811995f,-0.938036688790553f,0.574878022738358f,0f,0f,0f,1f], start_interpolation: 0, interpolation_duration: 1 }
$data merge entity $(bone_right_leg1) { transformation: [-1.2564076121355447f,-0.08531724879359104f,-0.43810804261497954f,-0.44881537653949655f,4.625929269271485e-18f,1.3087479443153012f,-0.25486583927284334f,-1.125f,0.4463380892839376f,-0.24016153540178603f,-1.2332406597033678f,0.4794620593901768f,0f,0f,0f,1f], start_interpolation: 0, interpolation_duration: 1 }
$data merge entity $(bone_left_leg2) { transformation: [-0.6327841205281183f,-0.6025099452647341f,-0.4863805327771077f,1.7846488889452619f,2.7755575615628914e-17f,0.6281322235786322f,-0.7781066184670088f,-1.9522327965089696f,0.7743282616613293f,-0.49237351224375436f,-0.3974720966725761f,0.2872141214903603f,0f,0f,0f,1f], start_interpolation: 0, interpolation_duration: 1 }
$data merge entity $(bone_left_leg1) { transformation: [-0.8437121607041577f,-0.9575801556110367f,-0.38596348692284643f,0.6054239307266107f,3.700743415417188e-17f,0.49844943809071074f,-1.2366591832210005f,-1.125f,1.0324376822151056f,-0.7825382936475221f,-0.3154108893099651f,-0.19216245104335292f,0f,0f,0f,1f], start_interpolation: 0, interpolation_duration: 1 }
$data merge entity $(bone_tail3) { transformation: [0.164620917079266f,0.004241313239806865f,-0.986347791056473f,-3.0025789822279316f,-0.02500372550877006f,0.9996873500970488f,0.00012556521249917907f,-1.6964687685598792f,0.9860399420767214f,0.024641698763322895f,0.16467549699756207f,-0.3689803911096642f,0f,0f,0f,1f], start_interpolation: 0, interpolation_duration: 1 }
$data merge entity $(bone_tail2) { transformation: [0.34692058167354467f,-0.6490125031346264f,-1.354682616666106f,-1.2532016454089772f,0.388641628631717f,1.381782521709673f,-0.5624685398342328f,-1.1511176236678258f,1.4509789473375854f,-0.2149324186429168f,0.47455269560980234f,-0.8005047962006754f,0f,0f,0f,1f], start_interpolation: 0, interpolation_duration: 1 }
$data merge entity $(bone_tail1) { transformation: [-0.43523109937232757f,-0.3427942345784379f,-0.8325058575643407f,-0.3230585303415203f,0f,0.9246789959380295f,-0.3807476256932375f,-0.75f,0.9003187714021936f,-0.16571320771387127f,-0.4024490559686087f,-0.4863636058488137f,0f,0f,0f,1f], start_interpolation: 0, interpolation_duration: 1 }
data modify entity @s data merge value {"locators":{"head":{"posx":1.3395138082694698,"posy":-0.5233074890742825,"posz":3.1713443044650713,"roty":325.8370841337264,"rotx":11.705216691841759},"neck":{"posx":0.9597150278890677,"posy":-1.1149355923228648,"posz":2.1054319190031774,"roty":347.73274409622945,"rotx":11.74191662018865},"right_arm":{"posx":0.12683801428147776,"posy":-3.251763580073721,"posz":2.5977345051277334,"roty":340.2098661256332,"rotx":12.131646953318418},"left_arm":{"posx":1.88939758220625,"posy":-3.2734430363503266,"posz":1.9585641282387618,"roty":340.2098661256332,"rotx":12.131646953318418},"tail1":{"posx":-1.5697097498302774,"posy":-2.1056781962065854,"posz":-0.6019651699541487,"roty":250.69436448079048,"rotx":-21.3980107158322},"tail2":{"posx":-3.5629663383244443,"posy":-3.008487785130225,"posz":-0.30869265367539683,"roty":260.52161597054817,"rotx":0.007194356748769819}},"cameras":{}}