# This file was generated by Animated Java via MC-Build. It is not recommended to edit this file directly.
$data merge entity $(bone_jaw) { transformation: [-0.8962375744434551f,0.006439081435194678f,0.4435276185154464f,-0.49546980547073927f,0.155503618400049f,0.9409990002712273f,0.3005653109609334f,0.43445653738519696f,-0.4154236811018413f,0.33834807479697826f,-0.8443599620191463f,3.228153795682368f,0f,0f,0f,1f], start_interpolation: 0, interpolation_duration: 1 }
$data merge entity $(bone_head) { transformation: [-1.008267271248887f,0.044310295029244794f,0.49705000501231744f,-0.3850142488013354f,0.17494157070005512f,1.080828027632783f,0.25851735246289603f,0.4919048379325072f,-0.46735164123957146f,0.30898603922806755f,-0.9755691010855305f,3.0113606621078053f,0f,0f,0f,1f], start_interpolation: 0, interpolation_duration: 1 }
$data merge entity $(bone_neck) { transformation: [-0.9208840709746531f,0.03938692891488426f,0.38784171727111066f,0.34870056999670407f,0.14158868935264501f,0.9607360245624739f,0.23861880511664124f,-0.40579375368417275f,-0.3632150476956461f,0.2746542570916156f,-0.8903032450737796f,2.1777766511733407f,0f,0f,0f,1f], start_interpolation: 0, interpolation_duration: 1 }
$data merge entity $(bone_right_arm2) { transformation: [-0.9941773984154401f,0.01895309542247488f,0.10607582502066121f,-1.0654276446857078f,0.016701649841541953f,0.9996168414421502f,-0.022073178243960247f,-1.815639473804401f,-0.10645353621405865f,-0.020173013635192933f,-0.9941130188003758f,2.2467979370046702f,0f,0f,0f,1f], start_interpolation: 0, interpolation_duration: 1 }
$data merge entity $(bone_right_arm1) { transformation: [-1.1288055877841974f,0.021519660427601686f,0.12044025965887573f,-0.65694414023718f,0.018963331590917423f,1.134981622054108f,-0.025062254464496527f,-0.5240369450297834f,-0.12086911924304573f,-0.022904775898291974f,-1.1287324900962599f,1.5701348862501145f,0f,0f,0f,1f], start_interpolation: 0, interpolation_duration: 1 }
$data merge entity $(bone_left_arm2) { transformation: [-0.9941773984154401f,0.01895309542247488f,0.10607582502066121f,0.6743828025413124f,0.016701649841541953f,0.9996168414421502f,-0.022073178243960247f,-1.8448673610270996f,-0.10645353621405865f,-0.020173013635192933f,-0.9941130188003758f,2.433091625379273f,0f,0f,0f,1f], start_interpolation: 0, interpolation_duration: 1 }
$data merge entity $(bone_left_arm1) { transformation: [-1.1288055877841974f,0.021519660427601686f,0.12044025965887573f,0.4615054329801903f,0.018963331590917423f,1.134981622054108f,-0.025062254464496527f,-0.5428263011015181f,-0.12086911924304573f,-0.022904775898291974f,-1.1287324900962599f,1.6898951144909307f,0f,0f,0f,1f], start_interpolation: 0, interpolation_duration: 1 }
$data merge entity $(bone_body2) { transformation: [-1.5741142141577802f,0.030009067752251897f,0.16795338961604692f,0.4999999999999999f,0.026444278915774763f,1.582726665616738f,-0.03494919888627039f,-0.5f,-0.1685514323389262f,-0.031940604922388816f,-1.574012279767262f,0.75f,0f,0f,0f,1f], start_interpolation: 0, interpolation_duration: 1 }
$data merge entity $(bone_right_leg2) { transformation: [-1f,-4.003886594305799e-17f,1.1573455422047647e-16f,-0.9999999999999999f,0f,0.9450443532049843f,0.32694215157329126f,-2.3484361535384353f,-1.2246467991473532e-16f,0.32694215157329126f,-0.9450443532049843f,-0.9418638064053754f,0f,0f,0f,1f], start_interpolation: 0, interpolation_duration: 1 }
$data merge entity $(bone_right_leg1) { transformation: [-1.3333333333333333f,-5.975303396457027e-17f,1.5196042599387417e-16f,-0.625f,0f,1.2408510445597454f,0.4879205498775048f,-1.125f,-1.6328623988631375e-16f,0.4879205498775048f,-1.2408510445597454f,-0.12500000000000008f,0f,0f,0f,1f], start_interpolation: 0, interpolation_duration: 1 }
$data merge entity $(bone_left_leg2) { transformation: [-1f,4.3457775148715566e-17f,1.1449462697324384e-16f,1f,0f,0.934919578877432f,-0.35485966385550965f,-2.5785203644012498f,-1.2246467991473532e-16f,-0.35485966385550965f,-0.934919578877432f,0.10158563562339797f,0f,0f,0f,1f], start_interpolation: 0, interpolation_duration: 1 }
$data merge entity $(bone_left_leg1) { transformation: [-1.3333333333333333f,5.884940513876704e-17f,1.5231265098810426e-16f,0.625f,0f,1.2437271799032201f,-0.480541860557185f,-1.125f,-1.6328623988631375e-16f,-0.480541860557185f,-1.2437271799032201f,-0.12499999999999993f,0f,0f,0f,1f], start_interpolation: 0, interpolation_duration: 1 }
$data merge entity $(bone_tail3) { transformation: [-0.5914993329890631f,0.26730371518570084f,-0.7607083954587427f,-1.9646591742992772f,0.1529513834130651f,0.9635168508196718f,0.21963868625215424f,-0.5179587580624849f,0.7916655944182006f,0.01356473495739563f,-0.6108040476126634f,-3.041174640113023f,0f,0f,0f,1f], start_interpolation: 0, interpolation_duration: 1 }
$data merge entity $(bone_tail2) { transformation: [-0.9644761517598146f,0.0018537190710653862f,-1.2027129447724816f,-0.5803264087948867f,-0.015552126013144945f,1.5415167194603627f,0.014847427782071161f,-0.7247591868680058f,1.2026138179707402f,0.021421448617638502f,-0.9643636437962974f,-1.7733960210328548f,0f,0f,0f,1f], start_interpolation: 0, interpolation_duration: 1 }
$data merge entity $(bone_tail1) { transformation: [-0.8976505257024991f,0.010469485230437423f,-0.44058361701842297f,1.1102230246251565e-16f,8.673617379884035e-19f,0.9997177849978023f,0.023756059418347478f,-0.75f,0.44070799142519157f,0.021324639225499417f,-0.8973971952574152f,-0.875f,0f,0f,0f,1f], start_interpolation: 0, interpolation_duration: 1 }
data modify entity @s data merge value {"locators":{"head":{"posx":-0.5477005252098929,"posy":-0.18036555310317676,"posz":3.1106931683937487,"roty":26.998728046125848,"rotx":13.28489700569165},"neck":{"posx":-0.17499177849259284,"posy":-0.7251027688583581,"posz":2.004461686550384,"roty":23.539327346962295,"rotx":13.805035458649543},"right_arm":{"posx":-1.1995547400194784,"posy":-2.803175873009475,"posz":2.7573741140266725,"roty":6.090642524056761,"rotx":-1.2648026752898502},"left_arm":{"posx":0.664527882009472,"posy":-2.8344914664623664,"posz":2.9569744944280325,"roty":6.090642524056761,"rotx":-1.2648026752898502},"tail1":{"posx":-1.0393724108690945,"posy":-1.4668041061610577,"posz":-2.311380552159034,"roty":308.72346231498557,"rotx":0.5518106592271605},"tail2":{"posx":-2.7433937729260522,"posy":-1.6590278637464673,"posz":-3.402555631526728,"roty":308.7624130750831,"rotx":12.68781219330145}},"cameras":{}}