# This file was generated by Animated Java via MC-Build. It is not recommended to edit this file directly.
$data merge entity $(bone_jaw) { transformation: [-1f,-1.1829179713786698e-16f,3.169619151431765e-17f,-5.075244089598998e-16f,0f,0.25881904510252074f,0.9659258262890682f,-0.5252320348833877f,-1.2246467991473532e-16f,0.9659258262890682f,-0.25881904510252074f,3.5162049169426544f,0f,0f,0f,1f], start_interpolation: 0, interpolation_duration: 1 }
$data merge entity $(bone_head) { transformation: [-1.125f,-1.3307827178010035e-16f,3.5658215453607356e-17f,-4.996003610813204e-16f,0f,0.29117142574033583f,1.0866665545752017f,-0.28375057831112066f,-1.3777276490407724e-16f,1.0866665545752017f,-0.29117142574033583f,3.4515001556670244f,0f,0f,0f,1f], start_interpolation: 0, interpolation_duration: 1 }
$data merge entity $(bone_neck) { transformation: [-1f,-7.024285468436541e-17f,1.0031719290535246e-16f,0.4999999999999997f,0f,0.8191520442889917f,0.573576436351046f,-0.6880687708329494f,-1.2246467991473532e-16f,0.573576436351046f,-0.8191520442889917f,2.1765141560592323f,0f,0f,0f,1f], start_interpolation: 0, interpolation_duration: 1 }
$data merge entity $(bone_right_arm2) { transformation: [-0.999768798765451f,-0.01626530204492395f,-0.014063746459400048f,-0.6417338341676755f,-0.01637884363822633f,0.9998338832253342f,0.007996213830510579f,-1.6292758838270327f,0.013931349402029405f,0.008224713000227368f,-0.999869127236111f,2.8739289262916072f,0f,0f,0f,1f], start_interpolation: 0, interpolation_duration: 1 }
$data merge entity $(bone_right_arm1) { transformation: [-1.118167136232611f,-0.11308807102948515f,-0.16150650322706983f,-0.5625000000000003f,-0.03423700174133324f,1.0273189046247433f,-0.48230146470524604f,-0.7243456511260102f,0.194167685533843f,-0.4701042047630417f,-1.0151216446825388f,1.662404257344762f,0f,0f,0f,1f], start_interpolation: 0, interpolation_duration: 1 }
$data merge entity $(bone_left_arm2) { transformation: [-0.999768798765451f,0.01626530204492395f,0.014063746459400284f,0.6417338341676746f,0.01637884363822633f,0.9998338832253342f,0.007996213830510579f,-1.6292758838270327f,-0.013931349402029627f,0.008224713000227368f,-0.999869127236111f,2.8739289262916072f,0f,0f,0f,1f], start_interpolation: 0, interpolation_duration: 1 }
$data merge entity $(bone_left_arm1) { transformation: [-1.118167136232611f,0.11308807102948527f,0.16150650322707008f,0.5624999999999998f,0.03423700174133324f,1.0273189046247433f,-0.48230146470524604f,-0.7243456511260102f,-0.19416768553384325f,-0.4701042047630417f,-1.0151216446825388f,1.662404257344762f,0f,0f,0f,1f], start_interpolation: 0, interpolation_duration: 1 }
$data merge entity $(bone_body2) { transformation: [-1.5833333333333335f,-3.367080011828305e-17f,1.9095659656280048e-16f,0.4999999999999999f,0f,1.5592789422693296f,0.27494294797263974f,-0.5f,-1.9390240986499761e-16f,0.27494294797263974f,-1.5592789422693296f,0.75f,0f,0f,0f,1f], start_interpolation: 0, interpolation_duration: 1 }
$data merge entity $(bone_right_leg2) { transformation: [-1f,1.0605752387249068e-16f,6.123233995736767e-17f,-1.0000000000000002f,0f,0.5000000000000001f,-0.8660254037844386f,-2.1143829386826374f,-1.2246467991473532e-16f,-0.8660254037844386f,-0.5000000000000001f,0.9636615179401303f,0f,0f,0f,1f], start_interpolation: 0, interpolation_duration: 1 }
$data merge entity $(bone_right_leg1) { transformation: [-1.3333333333333333f,1.4141003182998756e-16f,8.164311994315689e-17f,-0.625f,0f,0.6666666666666667f,-1.1547005383792515f,-1.125f,-1.6328623988631375e-16f,-1.1547005383792515f,-0.6666666666666667f,-0.12500000000000008f,0f,0f,0f,1f], start_interpolation: 0, interpolation_duration: 1 }
$data merge entity $(bone_left_leg2) { transformation: [-1f,-1.0605752387249068e-16f,6.123233995736767e-17f,1.0000000000000002f,0f,0.5000000000000001f,0.8660254037844386f,-1.573117061317363f,-1.2246467991473532e-16f,0.8660254037844386f,-0.5000000000000001f,-1.5261615179401304f,0f,0f,0f,1f], start_interpolation: 0, interpolation_duration: 1 }
$data merge entity $(bone_left_leg1) { transformation: [-1.3333333333333333f,-1.4141003182998756e-16f,8.164311994315689e-17f,0.625f,0f,0.6666666666666667f,1.1547005383792515f,-1.125f,-1.6328623988631375e-16f,1.1547005383792515f,-0.6666666666666667f,-0.12499999999999993f,0f,0f,0f,1f], start_interpolation: 0, interpolation_duration: 1 }
$data merge entity $(bone_tail3) { transformation: [-0.9397213472604564f,0.007574426065399534f,-0.34185730586426333f,-0.8296992330983136f,-0.007574446136477735f,0.9990482189027167f,0.042956769816120705f,-0.4811877097834546f,0.34185730541955417f,0.04295677335519251f,-0.9387695661631731f,-3.6945229200964f,0f,0f,0f,1f], start_interpolation: 0, interpolation_duration: 1 }
$data merge entity $(bone_tail2) { transformation: [-1.4487370770265369f,0.011677240184157615f,-0.527030013207406f,-0.30760215789763923f,-0.01167727112706984f,1.5401993374750214f,0.06622502013318608f,-0.75f,0.5270300125218126f,0.06622502558925511f,-1.4472697478348917f,-1.8996522153671047f,0f,0f,0f,1f], start_interpolation: 0, interpolation_duration: 1 }
$data merge entity $(bone_tail1) { transformation: [-0.984807753012208f,0f,-0.17364817766693022f,1.1102230246251565e-16f,0f,1f,0f,-0.75f,0.17364817766693022f,0f,-0.984807753012208f,-0.875f,0f,0f,0f,1f], start_interpolation: 0, interpolation_duration: 1 }
data modify entity @s data merge value {"locators":{"head":{"posx":-4.3557304771837784e-16,"posy":-0.7473643022155299,"posz":2.9286774658308943,"roty":0,"rotx":75.00000000000006},"neck":{"posx":-2.7755575615628914e-16,"posy":-1.0669478419852019,"posz":2.063816997963714,"roty":0,"rotx":35.00000000000001},"right_arm":{"posx":-0.6809222088158922,"posy":-2.6341315516950115,"posz":3.3665094862470624,"roty":359.1941543537637,"rotx":0.4581541870142023},"left_arm":{"posx":0.6809222088158912,"posy":-2.6341315516950115,"posz":3.3665094862470624,"roty":0.8058456462363495,"rotx":0.45815418701420224},"tail1":{"posx":-0.4308447068208129,"posy":-1.4688065791613947,"posz":-2.620006035298125,"roty":339.99067016019296,"rotx":2.461999189547464},"tail2":{"posx":-1.0319354018577986,"posy":-1.7682753140717025,"posz":-4.278961566091875,"roty":339.99067016019296,"rotx":2.461999189547464}},"cameras":{}}