# This file was generated by Animated Java via MC-Build. It is not recommended to edit this file directly.
$data merge entity $(bone_jaw) { transformation: [-1f,-1.172625084691281e-16f,3.531433043604593e-17f,-5.084289436903319e-16f,0f,0.28836339147444906f,0.957521046482715f,-0.4402617787964165f,-1.2246467991473532e-16f,0.957521046482715f,-0.28836339147444906f,3.5156748982896575f,0f,0f,0f,1f], start_interpolation: 0, interpolation_duration: 1 }
$data merge entity $(bone_head) { transformation: [-1.125f,-1.319203220277691e-16f,3.972862174055167e-17f,-4.996003610813204e-16f,0f,0.3244088154087552f,1.0772111772930544f,-0.2008815171757377f,-1.3777276490407724e-16f,1.0772111772930544f,-0.3244088154087552f,3.443584050421045f,0f,0f,0f,1f], start_interpolation: 0, interpolation_duration: 1 }
$data merge entity $(bone_neck) { transformation: [-1f,-6.712867895030111e-17f,1.024272341177188e-16f,0.4999999999999997f,0f,0.8363818383311222f,0.5481472617005876f,-0.6441675702708277f,-1.2246467991473532e-16f,0.5481472617005876f,-0.8363818383311222f,2.181617341220134f,0f,0f,0f,1f], start_interpolation: 0, interpolation_duration: 1 }
$data merge entity $(bone_right_arm2) { transformation: [-0.9998290366459655f,-0.010992746699848267f,-0.014867985727505292f,-0.6454725329728777f,-0.011106733331795154f,0.9999093915766337f,0.007605860342054849f,-1.6001548683319409f,0.01478302926658527f,0.007769694771316948f,-0.9998605372194984f,2.880879392678535f,0f,0f,0f,1f], start_interpolation: 0, interpolation_duration: 1 }
$data merge entity $(bone_right_arm1) { transformation: [-1.118167136232611f,-0.10807437777634703f,-0.1649035817138634f,-0.5625000000000003f,-0.028257385099115653f,1.0276818364010256f,-0.4819155219156365f,-0.696217175734962f,0.1951276058920564f,-0.470490147552651f,-1.014758712906257f,1.6688641466215748f,0f,0f,0f,1f], start_interpolation: 0, interpolation_duration: 1 }
$data merge entity $(bone_left_arm2) { transformation: [-0.9998290366459656f,0.010992746699848274f,0.014867985727505528f,0.6454725329728768f,0.011106733331795154f,0.9999093915766337f,0.007605860342054849f,-1.6001548683319409f,-0.014783029266585535f,0.007769694771316893f,-0.9998605372194983f,2.880879392678535f,0f,0f,0f,1f], start_interpolation: 0, interpolation_duration: 1 }
$data merge entity $(bone_left_arm1) { transformation: [-1.118167136232611f,0.10807437777634715f,0.16490358171386368f,0.5624999999999998f,0.028257385099115653f,1.0276818364010256f,-0.4819155219156365f,-0.696217175734962f,-0.19512760589205666f,-0.47049014755265095f,-1.0147587129062567f,1.668864146621575f,0f,0f,0f,1f], start_interpolation: 0, interpolation_duration: 1 }
$data merge entity $(bone_body2) { transformation: [-1.5833333333333335f,-2.779007264497168e-17f,1.919006420360305e-16f,0.4999999999999999f,0f,1.5669876585611395f,0.2269231640038598f,-0.5f,-1.9390240986499761e-16f,0.2269231640038598f,-1.5669876585611395f,0.75f,0f,0f,0f,1f], start_interpolation: 0, interpolation_duration: 1 }
$data merge entity $(bone_right_leg2) { transformation: [-1f,3.7355464850130376e-17f,1.166283287732841e-16f,-1f,0f,0.9523425762798327f,-0.30503051880867776f,-2.589314490529971f,-1.2246467991473532e-16f,-0.30503051880867776f,-0.9523425762798327f,0.015874315700026426f,0f,0f,0f,1f], start_interpolation: 0, interpolation_duration: 1 }
$data merge entity $(bone_right_leg1) { transformation: [-1.3333333333333333f,4.98072864668405e-17f,1.555044383643788e-16f,-0.625f,0f,1.2697901017064435f,-0.40670735841157035f,-1.125f,-1.6328623988631375e-16f,-0.40670735841157035f,-1.2697901017064435f,-0.12500000000000008f,0f,0f,0f,1f], start_interpolation: 0, interpolation_duration: 1 }
$data merge entity $(bone_left_leg2) { transformation: [-1f,-3.7355464850130376e-17f,1.166283287732841e-16f,1f,0f,0.9523425762798327f,0.30503051880867776f,-2.398670416274548f,-1.2246467991473532e-16f,0.30503051880867776f,-0.9523425762798327f,-0.8610884258749218f,0f,0f,0f,1f], start_interpolation: 0, interpolation_duration: 1 }
$data merge entity $(bone_left_leg1) { transformation: [-1.3333333333333333f,-4.98072864668405e-17f,1.555044383643788e-16f,0.625f,0f,1.2697901017064435f,0.40670735841157035f,-1.125f,-1.6328623988631375e-16f,0.40670735841157035f,-1.2697901017064435f,-0.12499999999999993f,0f,0f,0f,1f], start_interpolation: 0, interpolation_duration: 1 }
$data merge entity $(bone_tail3) { transformation: [-0.9745390062190915f,0.004928238985663867f,-0.22416386376489333f,-0.5416771467150517f,-0.004952060614527043f,0.9990414717447201f,0.0434926985804931f,-0.48051190663262455f,0.22416333878039807f,0.04349540429337057f,-0.9735804781075782f,-3.7619333948125755f,0f,0f,0f,1f], start_interpolation: 0, interpolation_duration: 1 }
$data merge entity $(bone_tail2) { transformation: [-1.5024143012544326f,0.007597701769565128f,-0.3455859566375439f,-0.24411132274307512f,-0.007634426780729191f,1.5401889356064433f,0.06705124364492686f,-0.75f,0.345585147286447f,0.06705541495227962f,-1.5009365704158495f,-1.9166049693183238f,0f,0f,0f,1f], start_interpolation: 0, interpolation_duration: 1 }
$data merge entity $(bone_tail1) { transformation: [-0.9936113105200084f,0f,-0.1128563848734816f,1.1102230246251565e-16f,0f,1f,0f,-0.75f,0.1128563848734816f,0f,-0.9936113105200084f,-0.875f,0f,0f,0f,1f], start_interpolation: 0, interpolation_duration: 1 }
data modify entity @s data merge value {"locators":{"head":{"posx":-4.3734702154937975e-16,"posy":-0.6803339638731167,"posz":2.9352469562051136,"roty":0,"rotx":73.24000000000001},"neck":{"posx":-2.7755575615628914e-16,"posy":-1.026329167357572,"posz":2.080609847873804,"roty":0,"rotx":33.24000000000001},"right_arm":{"posx":-0.6895351081996496,"posy":-2.6045613609128395,"posz":3.373963905846129,"roty":359.1480711355856,"rotx":0.43578789889167424},"left_arm":{"posx":0.6895351081996486,"posy":-2.6045613609128395,"posz":3.373963905846129,"roty":0.8519288644144467,"rotx":0.4357878988916727},"tail1":{"posx":-0.28010278254330073,"posy":-1.4687608659576352,"posz":-2.6465835185848614,"roty":347.0338019236839,"rotx":2.492734372123917},"tail2":{"posx":-0.674237633751488,"posy":-1.7672891953460423,"posz":-4.366660131883137,"roty":347.0338019236839,"rotx":2.492734372123917}},"cameras":{}}